Data/DataNotYetUploadedToEDI/Raw_CTD/RawDownloads/052418_bvr50.cnv
* Sea-Bird SBE19plus  Data File:
* FileName = C:\DATA\052818_fcr_0001.hex
* Software version 2.6.3.104
* Temperature SN = 7809
* Conductivity SN = 7809
* System UpLoad Time = May 28 2018 10:10:30
* <ApplicationData>
* <Seaterm232>
# nquan = 17
# nvalues = 1345                        
# units = specified
# name 0 = depFM: Depth [fresh water, m]
# name 1 = tv290C: Temperature [ITS-90, deg C]
# name 2 = sbeox0Mg/L: Oxygen, SBE 43 [mg/l]
# name 3 = sbeox0PS: Oxygen, SBE 43 [% saturation]
# name 4 = c0uS/cm: Conductivity [uS/cm]
# name 5 = specc: Specific Conductance [uS/cm]
# name 6 = ph: pH
# name 7 = orp: Oxidation Reduction Potential [mV]
# name 8 = flECO-AFL: Fluorescence, WET Labs ECO-AFL/FL [mg/m^3]
# name 9 = turbWETntu0: Turbidity, WET Labs ECO [NTU]
# name 10 = sal00: Salinity, Practical [PSU]
# name 11 = dz/dtM: Descent Rate [m/s]
# name 12 = prdM: Pressure, Strain Gauge [db]
# name 13 = prdE: Pressure, Strain Gauge [psi]
# name 14 = scan: Scan Count
# name 15 = par/sat/log: PAR/Logarithmic, Satlantic
# name 16 = flag:  0.000e+00
# span 0 =     -0.587,     11.412       
# span 1 =     7.2345,    26.1560       
# span 2 =     0.0702,    10.4458       
# span 3 =      0.583,    117.742       
# span 4 =   0.082724,  51.827582       
# span 5 =      0.553,     80.537       
# span 6 =     -2.461,      7.503       
# span 7 = -1240.7455,  1240.2295       
# span 8 =    -2.0784,     6.6842       
# span 9 =    -0.3049,   855.1757       
# span 10 =     0.0122,     0.0370      
# span 11 =     -0.043,      0.227      
# span 12 =     -0.575,     11.191      
# span 13 =     -0.834,     16.231      
# span 14 =          1,       1345      
# span 15 = 1.2114e-01, 3.3819e+03      
# span 16 = 0.0000e+00, 0.0000e+00      
# interval = seconds: 0.25
# start_time = May 24 2018 15:28:41 [Instrument's time stamp, header]
# bad_flag = -9.990e-29
*END*
[from data line 596]
      4.126    13.5325     7.5564     71.994  22.540159     29.145      6.939   369.5505     3.3805     1.8839     0.0175      0.031      4.044      5.866        597 4.3152e+01 0.0000e+00
      4.132    13.4745     7.4920     71.350  22.478438     29.109      6.937   369.3991     3.3603     1.9645     0.0175      0.031      4.054      5.880        598 4.2965e+01 0.0000e+00
      4.144    13.4395     7.4326     70.753  22.483750     29.169      6.935   369.6263     3.3563     2.0047     0.0174      0.032      4.067      5.899        599 4.2124e+01 0.0000e+00
      4.167    13.3978     7.3807     70.225  22.474290     29.212      6.933   369.5884     3.3684     1.9913     0.0174      0.038      4.086      5.925        600 4.1402e+01 0.0000e+00
      4.184    13.3489     7.3463     69.878  22.430947     29.166      6.930   369.4370     3.3603     1.9107     0.0174      0.046      4.103      5.950        601 4.1054e+01 0.0000e+00
      4.197    13.3119     7.3067     69.506  22.419144     29.197      6.925   369.5884     3.7323     1.8705     0.0174      0.051      4.117      5.970        602 4.0602e+01 0.0000e+00
      4.211    13.2874     7.2860     69.350  22.429713     29.236      6.922   369.5505     3.7525     1.9376     0.0174      0.055      4.128      5.987        603 4.0336e+01 0.0000e+00
      4.220    13.2610     7.2771     69.296  22.417806     29.263      6.919   370.0805     3.7727     1.9779     0.0174      0.056      4.137      6.001        604 4.0114e+01 0.0000e+00
      4.226    13.2238     7.2640     69.184  22.433974     29.282      6.917   370.2698     3.7647     1.9107     0.0174      0.054      4.144      6.011        605 3.9737e+01 0.0000e+00
      4.233    13.1924     7.2716     69.251  22.409603     29.301      6.913   369.8534     3.7040     1.9376     0.0174      0.051      4.151      6.020        606 3.9568e+01 0.0000e+00
      4.240    13.1704     7.2692     69.211  22.388865     29.258      6.914   370.0805     3.6959     1.8973     0.0174      0.045      4.158      6.030        607 3.9415e+01 0.0000e+00
      4.246    13.1513     7.2731     69.239  22.400513     29.355      6.911   369.8155     3.6959     1.9645     0.0174      0.037      4.164      6.039        608 3.9244e+01 0.0000e+00
      4.252    13.1310     7.2722     69.245  22.306198     29.189      6.906   369.9670     3.7000     1.9645     0.0173      0.032      4.170      6.048        609 3.9119e+01 0.0000e+00
      4.258    13.1104     7.2828     69.286  22.358049     29.313      6.904   369.9291     3.5342     1.8705     0.0173      0.028      4.176      6.057        610 3.8823e+01 0.0000e+00
      4.266    13.0970     7.2839     69.174  22.365632     29.329      6.903   370.0048     3.5503     1.9913     0.0173      0.026      4.183      6.068        611 3.8597e+01 0.0000e+00
      4.274    13.1014     7.2850     69.089  22.296767     29.235      6.903   370.1563     3.5544     2.0182     0.0173      0.026      4.191      6.079        612 3.8451e+01 0.0000e+00
      4.282    13.1259     7.2807     68.988  22.354836     29.355      6.899   370.5727     3.5625     1.9645     0.0173      0.027      4.199      6.092        613 3.8178e+01 0.0000e+00
      4.292    13.1473     7.2660     68.820  22.382287     29.352      6.894   370.7998     3.6878     1.9913     0.0173      0.028      4.209      6.105        614 3.7921e+01 0.0000e+00
      4.302    13.1544     7.2463     68.631  22.351522     29.332      6.895   370.7241     3.6878     1.9645     0.0173      0.030      4.219      6.119        615 3.7741e+01 0.0000e+00
      4.313    13.1516     7.2099     68.285  22.304198     29.207      6.889   371.1784     3.7081     1.8973     0.0173      0.033      4.229      6.133        616 3.7476e+01 0.0000e+00
      4.322    13.1395     7.1740     67.919  22.352257     29.310      6.885   370.9891     3.6959     1.9510     0.0173      0.035      4.239      6.147        617 3.7255e+01 0.0000e+00
      4.331    13.1356     7.1380     67.517  22.291713     29.203      6.880   370.9134     3.7000     1.8705     0.0173      0.036      4.249      6.163        618 3.6957e+01 0.0000e+00
      4.346    13.1423     7.1053     67.138  22.290628     29.212      6.874   371.5191     3.6919     1.8570     0.0173      0.039      4.263      6.183        619 3.6405e+01 0.0000e+00
      4.365    13.1046     7.0741     66.780  22.353610     29.326      6.867   371.5191     3.7081     1.8436     0.0173      0.043      4.281      6.208        620 3.5922e+01 0.0000e+00
      4.383    13.0263     7.0437     66.442  22.242974     29.136      6.863   371.5948     3.6959     1.9645     0.0173      0.048      4.296      6.231        621 3.5657e+01 0.0000e+00
      4.393    12.9636     7.0204     66.179  22.220839     29.165      6.854   371.1405     3.6878     1.9376     0.0173      0.051      4.307      6.247        622 3.5361e+01 0.0000e+00
      4.400    12.9248     6.9921     65.872  22.232970     29.226      6.852   371.2920     4.0073     2.1390     0.0173      0.052      4.315      6.259        623 3.5159e+01 0.0000e+00
      4.408    12.9067     6.9717     65.642  22.227897     29.274      6.848   371.3677     4.0235     2.1927     0.0173      0.051      4.323      6.270        624 3.5012e+01 0.0000e+00
      4.417    12.9048     6.9431     65.336  22.256812     29.341      6.843   371.3298     4.0032     2.1390     0.0173      0.049      4.332      6.283        625 3.4713e+01 0.0000e+00
      4.428    12.9038     6.9135     65.020  22.226638     29.318      6.843   371.2920     4.0275     2.2196     0.0172      0.046      4.343      6.299        626 3.4383e+01 0.0000e+00
      4.440    12.8862     6.8778     64.647  22.235814     29.320      6.841   371.2163     4.0275     2.1390     0.0172      0.042      4.354      6.315        627 3.4082e+01 0.0000e+00
      4.451    12.8463     6.8335     64.193  22.215755     29.320      6.840   371.4434     4.0073     2.1659     0.0172      0.039      4.365      6.331        628 3.3798e+01 0.0000e+00
      4.464    12.7997     6.8200     64.024  22.133046     29.186      6.838   371.4055     4.0558     2.1524     0.0172      0.039      4.378      6.349        629 3.3437e+01 0.0000e+00
      4.476    12.7586     6.7828     63.631  22.160915     29.291      6.838   371.4813     4.0194     2.2867     0.0172      0.041      4.389      6.365        630 3.3136e+01 0.0000e+00
      4.486    12.7240     6.7527     63.309  22.181083     29.327      6.832   371.4434     3.7687     2.1659     0.0172      0.043      4.399      6.380        631 3.2926e+01 0.0000e+00
      4.495    12.6950     6.7126     62.901  22.137599     29.322      6.829   371.8598     3.7727     2.1122     0.0172      0.044      4.409      6.395        632 3.2601e+01 0.0000e+00
      4.507    12.6676     6.6751     62.517  22.126125     29.312      6.831   371.4055     3.7364     2.1524     0.0172      0.044      4.420      6.410        633 3.2213e+01 0.0000e+00
      4.518    12.6416     6.6187     61.986  22.106454     29.335      6.828   371.8598     3.7606     2.1927     0.0172      0.044      4.431      6.426        634 3.2031e+01 0.0000e+00
      4.528    12.6168     6.5603     61.450  22.132448     29.356      6.827   371.7841     3.9264     2.1256     0.0172      0.043      4.442      6.442        635 3.1663e+01 0.0000e+00
      4.542    12.5912     6.5145     60.984  22.153063     29.451      6.823   371.8598     3.9305     2.0987     0.0172      0.043      4.454      6.461        636 3.1214e+01 0.0000e+00
      4.557    12.5655     6.4672     60.487  22.080808     29.321      6.819   372.0113     3.9426     2.1390     0.0171      0.044      4.469      6.482        637 3.0863e+01 0.0000e+00
      4.572    12.5393     6.4387     60.172  22.103821     29.416      6.819   371.8220     3.9668     2.1793     0.0172      0.046      4.485      6.505        638 3.0368e+01 0.0000e+00
      4.591    12.5104     6.4159     59.911  22.124432     29.436      6.814   371.8220     3.9305     2.1390     0.0171      0.051      4.503      6.531        639 2.9903e+01 0.0000e+00
      4.613    12.4800     6.4033     59.748  22.084804     29.419      6.812   372.0113     3.9628     2.1659     0.0171      0.056      4.521      6.557        640 2.9492e+01 0.0000e+00
      4.627    12.4529     6.3906     59.595  22.064229     29.405      6.805   372.0113     4.1043     2.5150     0.0171      0.060      4.536      6.578        641 2.9272e+01 0.0000e+00
      4.636    12.4292     6.3787     59.452  22.120408     29.503      6.802   371.8598     4.0639     2.8776     0.0171      0.062      4.546      6.593        642 2.9056e+01 0.0000e+00
      4.646    12.4072     6.3608     59.252  22.103816     29.524      6.798   372.2384     4.1771     2.9178     0.0171      0.061      4.556      6.608        643 2.8786e+01 0.0000e+00
      4.656    12.4054     6.3355     58.981  22.025608     29.394      6.792   372.0870     3.8011     2.5821     0.0171      0.058      4.566      6.623        644 2.8540e+01 0.0000e+00
      4.667    12.4109     6.3140     58.751  22.039910     29.486      6.789   372.3520     3.8374     2.6224     0.0171      0.054      4.578      6.640        645 2.8180e+01 0.0000e+00
      4.682    12.3860     6.2706     58.317  22.026744     29.413      6.788   372.5413     3.9062     2.8776     0.0171      0.050      4.591      6.659        646 2.7804e+01 0.0000e+00
      4.696    12.3459     6.2389     57.987  22.012354     29.444      6.784   372.1248     3.8213     2.8507     0.0171      0.048      4.605      6.679        647 2.7514e+01 0.0000e+00
      4.709    12.3100     6.2122     57.696  21.968902     29.353      6.784   372.6548     3.9749     2.8373     0.0170      0.046      4.618      6.698        648 2.7238e+01 0.0000e+00
      4.722    12.2745     6.1798     57.357  21.991910     29.459      6.780   372.5034     3.8819     2.4881     0.0171      0.047      4.631      6.716        649 2.6917e+01 0.0000e+00
      4.736    12.2422     6.1638     57.183  22.013373     29.488      6.775   372.5413     3.9062     2.5419     0.0171      0.050      4.644      6.735        650 2.6650e+01 0.0000e+00
      4.747    12.2158     6.1395     56.940  21.942203     29.441      6.772   372.3141     3.9790     2.8238     0.0170      0.051      4.655      6.751        651 2.6505e+01 0.0000e+00
      4.756    12.1925     6.1232     56.778  21.961934     29.467      6.770   372.5791     3.7687     2.5419     0.0170      0.051      4.665      6.766        652 2.6354e+01 0.0000e+00
      4.767    12.1674     6.1008     56.558  21.988829     29.562      6.766   372.3520     3.6676     2.4881     0.0170      0.049      4.676      6.782        653 2.5963e+01 0.0000e+00
      4.781    12.1419     6.0916     56.467  21.908741     29.431      6.764   372.6170     3.6595     2.6761     0.0170      0.048      4.689      6.800        654 2.5703e+01 0.0000e+00
      4.794    12.1189     6.0785     56.333  21.913413     29.488      6.757   373.1091     3.6919     2.5821     0.0170      0.047      4.701      6.817        655 2.5618e+01 0.0000e+00
      4.804    12.0961     6.0631     56.172  21.953383     29.546      6.757   372.9198     4.0235     2.9044     0.0170      0.046      4.713      6.834        656 2.5399e+01 0.0000e+00
      4.819    12.0690     6.0505     56.030  21.947924     29.564      6.751   372.6548     4.0598     2.7164     0.0170      0.046      4.728      6.857        657 2.4967e+01 0.0000e+00
      4.842    12.0363     6.0342     55.850  21.949851     29.583      6.746   372.9956     3.9628     2.5553     0.0170      0.050      4.746      6.883        658 2.4517e+01 0.0000e+00
      4.855    12.0078     6.0271     55.757  21.891714     29.528      6.734   372.9198     3.9466     2.8776     0.0170      0.053      4.758      6.901        659 2.4456e+01 0.0000e+00
      4.857    11.9880     6.0200     55.664  21.901729     29.555      6.724   373.6770     4.0558     2.8507     0.0170      0.053      4.764      6.909        660 2.4461e+01 0.0000e+00
      4.861    11.9750     6.0167     55.602  21.878119     29.578      6.718   373.8663     3.5706     2.5553     0.0170      0.050      4.767      6.914        661 2.4426e+01 0.0000e+00
      4.864    11.9651     5.9961     55.380  21.832187     29.480      6.713   373.9420     3.5625     2.5821     0.0169      0.044      4.772      6.922        662 2.4213e+01 0.0000e+00
      4.877    11.9569     5.9932     55.321  21.840342     29.566      6.709   373.7906     3.5625     2.5419     0.0169      0.040      4.781      6.935        663 2.3989e+01 0.0000e+00
      4.885    11.9514     5.9796     55.166  21.838337     29.498      6.708   373.7906     3.5544     2.8910     0.0169      0.036      4.790      6.948        664 2.3924e+01 0.0000e+00
      4.892    11.9420     5.9702     55.049  21.864324     29.619      6.704   373.6770     3.5301     2.8507     0.0170      0.031      4.799      6.959        665 2.3751e+01 0.0000e+00
      4.902    11.9279     5.9466     54.787  21.837643     29.509      6.701   373.6391     3.4169     2.5553     0.0169      0.028      4.807      6.972        666 2.3612e+01 0.0000e+00
      4.911    11.9085     5.9210     54.512  21.871543     29.631      6.701   373.7906     3.4290     2.5687     0.0170      0.029      4.816      6.985        667 2.3441e+01 0.0000e+00
      4.921    11.8851     5.8969     54.269  21.822140     29.528      6.700   373.3741     3.4937     2.9178     0.0169      0.032      4.826      7.000        668 2.3247e+01 0.0000e+00
      4.932    11.8639     5.8729     54.032  21.810213     29.544      6.698   373.9420     3.4654     2.6224     0.0169      0.035      4.837      7.016        669 2.3077e+01 0.0000e+00
      4.944    11.8422     5.8425     53.738  21.916030     29.714      6.699   373.9420     3.4493     2.8776     0.0170      0.038      4.849      7.032        670 2.2846e+01 0.0000e+00
      4.956    11.8175     5.8141     53.456  21.897931     29.693      6.693   373.9420     3.3724     2.5956     0.0170      0.039      4.859      7.048        671 2.2633e+01 0.0000e+00
      4.964    11.7919     5.7849     53.157  21.892022     29.711      6.690   373.9041     3.3603     2.5687     0.0169      0.040      4.868      7.061        672 2.2464e+01 0.0000e+00
      4.972    11.7668     5.7476     52.784  21.893751     29.731      6.691   374.3206     3.6555     2.9447     0.0169      0.041      4.876      7.072        673 2.2359e+01 0.0000e+00
      4.980    11.7438     5.7214     52.515  21.895785     29.751      6.686   374.1313     3.6514     2.5419     0.0169      0.040      4.885      7.084        674 2.2215e+01 0.0000e+00
      4.990    11.7189     5.6941     52.245  21.889498     29.772      6.686   373.8663     3.5503     2.5419     0.0169      0.039      4.897      7.101        675 2.1871e+01 0.0000e+00
      5.009    11.6846     5.6665     51.979  21.812666     29.676      6.687   374.1313     3.5665     2.8776     0.0169      0.040      4.913      7.125        676 2.1496e+01 0.0000e+00
      5.029    11.6534     5.6385     51.705  21.813575     29.696      6.683   374.2827     3.5382     2.5016     0.0169      0.044      4.930      7.149        677 2.1311e+01 0.0000e+00
      5.041    11.6354     5.6257     51.567  21.858737     29.800      6.677   374.1313     3.6676     2.7567     0.0169      0.047      4.942      7.167        678 2.1198e+01 0.0000e+00
      5.046    11.6231     5.6047     51.354  21.815751     29.750      6.672   374.1313     3.7081     2.5687     0.0169      0.048      4.948      7.177        679 2.1161e+01 0.0000e+00
      5.049    11.6114     5.5858     51.158  21.807802     29.764      6.671   374.2070     3.5503     2.5419     0.0169      0.047      4.953      7.184        680 2.1108e+01 0.0000e+00
