Data/DataNotYetUploadedToEDI/Raw_CTD/RawDownloads/052418_bvr50.cnv
* Sea-Bird SBE19plus  Data File:
* FileName = C:\DATA\052818_fcr_0001.hex
* Software version 2.6.3.104
* Temperature SN = 7809
* Conductivity SN = 7809
* System UpLoad Time = May 28 2018 10:10:30
* <ApplicationData>
* <Seaterm232>
# nquan = 17
# nvalues = 1345                        
# units = specified
# name 0 = depFM: Depth [fresh water, m]
# name 1 = tv290C: Temperature [ITS-90, deg C]
# name 2 = sbeox0Mg/L: Oxygen, SBE 43 [mg/l]
# name 3 = sbeox0PS: Oxygen, SBE 43 [% saturation]
# name 4 = c0uS/cm: Conductivity [uS/cm]
# name 5 = specc: Specific Conductance [uS/cm]
# name 6 = ph: pH
# name 7 = orp: Oxidation Reduction Potential [mV]
# name 8 = flECO-AFL: Fluorescence, WET Labs ECO-AFL/FL [mg/m^3]
# name 9 = turbWETntu0: Turbidity, WET Labs ECO [NTU]
# name 10 = sal00: Salinity, Practical [PSU]
# name 11 = dz/dtM: Descent Rate [m/s]
# name 12 = prdM: Pressure, Strain Gauge [db]
# name 13 = prdE: Pressure, Strain Gauge [psi]
# name 14 = scan: Scan Count
# name 15 = par/sat/log: PAR/Logarithmic, Satlantic
# name 16 = flag:  0.000e+00
# span 0 =     -0.587,     11.412       
# span 1 =     7.2345,    26.1560       
# span 2 =     0.0702,    10.4458       
# span 3 =      0.583,    117.742       
# span 4 =   0.082724,  51.827582       
# span 5 =      0.553,     80.537       
# span 6 =     -2.461,      7.503       
# span 7 = -1240.7455,  1240.2295       
# span 8 =    -2.0784,     6.6842       
# span 9 =    -0.3049,   855.1757       
# span 10 =     0.0122,     0.0370      
# span 11 =     -0.043,      0.227      
# span 12 =     -0.575,     11.191      
# span 13 =     -0.834,     16.231      
# span 14 =          1,       1345      
# span 15 = 1.2114e-01, 3.3819e+03      
# span 16 = 0.0000e+00, 0.0000e+00      
# interval = seconds: 0.25
# start_time = May 24 2018 15:28:41 [Instrument's time stamp, header]
# bad_flag = -9.990e-29
*END*
[from data line 511]
      3.233    16.1335     9.1254     91.929  23.548342     28.516      6.955   364.6291     2.7174     1.7362     0.0183      0.047      3.169      4.597        512 7.3491e+01 0.0000e+00
      3.254    16.0591     9.1351     91.990  23.531437     28.555      6.953   364.8562     2.8225     1.7630     0.0182      0.053      3.188      4.622        513 7.3106e+01 0.0000e+00
      3.262    16.0158     9.1368     91.998  23.498044     28.546      6.950   364.9320     2.8427     1.8033     0.0182      0.056      3.199      4.639        514 7.2816e+01 0.0000e+00
      3.272    15.9808     9.1421     92.059  23.530641     28.666      6.950   365.1212     2.8427     1.6959     0.0182      0.058      3.208      4.653        515 7.1890e+01 0.0000e+00
      3.281    15.9293     9.1424     92.019  23.490894     28.628      6.950   364.9698     2.8144     1.7899     0.0182      0.057      3.217      4.666        516 7.1374e+01 0.0000e+00
      3.290    15.8730     9.1413     91.929  23.488242     28.651      6.952   364.9320     2.8427     1.7496     0.0182      0.055      3.227      4.680        517 7.1150e+01 0.0000e+00
      3.302    15.8163     9.1375     91.762  23.533954     28.757      6.956   365.3484     2.6607     1.5885     0.0182      0.052      3.237      4.695        518 7.0121e+01 0.0000e+00
      3.311    15.7712     9.1450     91.710  23.493305     28.727      6.958   364.6291     2.6607     1.4676     0.0182      0.046      3.248      4.711        519 6.9467e+01 0.0000e+00
      3.325    15.7547     9.1528     91.649  23.479565     28.768      6.961   365.1212     2.6527     1.4945     0.0182      0.042      3.261      4.728        520 6.9052e+01 0.0000e+00
      3.338    15.7477     9.1604     91.568  23.491789     28.799      6.963   365.1970     2.6567     1.5616     0.0182      0.041      3.272      4.745        521 6.8433e+01 0.0000e+00
      3.347    15.7297     9.1659     91.507  23.537387     28.880      6.964   365.8405     2.8063     1.5079     0.0182      0.042      3.282      4.760        522 6.7721e+01 0.0000e+00
      3.357    15.7099     9.1649     91.421  23.541388     28.884      6.965   365.1970     2.8063     1.4945     0.0182      0.043      3.291      4.774        523 6.6942e+01 0.0000e+00
      3.365    15.7064     9.1749     91.434  23.486814     28.829      6.966   365.3105     2.7821     1.4676     0.0182      0.043      3.300      4.786        524 6.6476e+01 0.0000e+00
      3.373    15.7075     9.1695     91.270  23.486746     28.842      6.970   365.3105     2.7699     1.5213     0.0182      0.042      3.308      4.798        525 6.6124e+01 0.0000e+00
      3.382    15.6884     9.1571     91.084  23.482196     28.846      6.972   365.2348     2.7376     1.5213     0.0182      0.040      3.317      4.811        526 6.5788e+01 0.0000e+00
      3.392    15.6460     9.1465     90.937  23.433198     28.775      6.974   365.0834     2.7012     1.5616     0.0181      0.038      3.327      4.825        527 6.5209e+01 0.0000e+00
      3.403    15.5825     9.1154     90.562  23.429162     28.790      6.974   365.3484     2.7376     1.4945     0.0181      0.037      3.338      4.841        528 6.4747e+01 0.0000e+00
      3.417    15.5164     9.0997     90.351  23.427943     28.818      6.978   365.6134     2.7052     1.4408     0.0181      0.037      3.352      4.861        529 6.4248e+01 0.0000e+00
      3.435    15.4458     9.0848     90.136  23.375447     28.796      6.977   365.4241     2.7821     1.5348     0.0181      0.041      3.368      4.885        530 6.3497e+01 0.0000e+00
      3.451    15.3669     9.0628     89.845  23.375948     28.842      6.979   365.7270     2.7942     1.5885     0.0181      0.045      3.383      4.907        531 6.2982e+01 0.0000e+00
      3.463    15.3070     9.0450     89.603  23.368060     28.893      6.979   365.8405     2.7457     1.4945     0.0181      0.050      3.397      4.926        532 6.2477e+01 0.0000e+00
      3.477    15.2681     9.0257     89.379  23.296366     28.846      6.977   365.5377     2.7780     1.5348     0.0180      0.053      3.410      4.945        533 6.2142e+01 0.0000e+00
      3.490    15.2233     9.0056     89.226  23.287350     28.889      6.979   365.9920     2.6648     1.5213     0.0180      0.055      3.423      4.965        534 6.1657e+01 0.0000e+00
      3.506    15.1691     8.9888     89.026  23.320018     28.951      6.981   365.4998     2.6607     1.5750     0.0180      0.057      3.437      4.985        535 6.0747e+01 0.0000e+00
      3.519    15.1362     8.9796     88.841  23.285367     28.948      6.980   366.0677     2.6607     1.5482     0.0180      0.057      3.449      5.003        536 6.0602e+01 0.0000e+00
      3.526    15.1139     8.9518     88.501  23.241566     28.919      6.979   366.3327     2.6446     1.5213     0.0180      0.054      3.458      5.017        537 6.0470e+01 0.0000e+00
      3.537    15.0816     8.9329     88.262  23.285621     29.012      6.976   366.3705     2.6769     1.5079     0.0180      0.051      3.467      5.029        538 5.9991e+01 0.0000e+00
      3.543    15.0526     8.9222     88.079  23.230552     28.957      6.975   366.3705     2.7376     1.6825     0.0180      0.047      3.474      5.040        539 5.9863e+01 0.0000e+00
      3.549    15.0183     8.9271     88.052  23.191544     28.912      6.976   366.5598     2.7093     1.5885     0.0180      0.043      3.481      5.050        540 5.9577e+01 0.0000e+00
      3.559    14.9816     8.9140     87.898  23.215612     29.002      6.974   366.5598     2.7214     1.6959     0.0180      0.039      3.490      5.063        541 5.9096e+01 0.0000e+00
      3.569    14.9463     8.9086     87.863  23.141327     28.887      6.975   366.4084     2.7052     1.7093     0.0179      0.036      3.501      5.078        542 5.8670e+01 0.0000e+00
      3.583    14.9329     8.9022     87.784  23.165439     28.984      6.977   366.5598     2.8265     1.6959     0.0180      0.035      3.512      5.094        543 5.8353e+01 0.0000e+00
      3.592    14.9518     8.8891     87.606  23.185618     29.009      6.976   366.4084     2.8872     1.7093     0.0179      0.035      3.522      5.108        544 5.8110e+01 0.0000e+00
      3.598    14.9366     8.8783     87.436  23.175507     29.021      6.979   366.8248     2.8427     1.7228     0.0179      0.036      3.530      5.119        545 5.7723e+01 0.0000e+00
      3.608    14.8882     8.8684     87.229  23.178026     29.004      6.978   366.6355     2.8872     1.7228     0.0179      0.037      3.538      5.131        546 5.7354e+01 0.0000e+00
      3.616    14.8541     8.8489     86.922  23.123202     28.947      6.980   366.4462     2.8023     1.6825     0.0179      0.037      3.546      5.143        547 5.7069e+01 0.0000e+00
      3.624    14.8257     8.8290     86.649  23.125179     28.982      6.985   367.0520     2.7901     1.7362     0.0179      0.037      3.554      5.155        548 5.6746e+01 0.0000e+00
      3.633    14.7866     8.8050     86.312  23.116297     29.007      6.989   366.7870     2.7982     1.8033     0.0179      0.036      3.563      5.168        549 5.6312e+01 0.0000e+00
      3.644    14.7468     8.7772     86.000  23.074986     28.957      6.991   366.7491     2.7821     1.7362     0.0179      0.035      3.573      5.183        550 5.5963e+01 0.0000e+00
      3.654    14.7342     8.7521     85.737  23.058038     28.986      6.993   367.2791     2.6244     1.7765     0.0179      0.034      3.582      5.196        551 5.5984e+01 0.0000e+00
      3.660    14.7425     8.7352     85.491  23.078119     29.015      6.995   366.9384     2.6850     1.7496     0.0179      0.035      3.591      5.208        552 5.5538e+01 0.0000e+00
      3.672    14.7349     8.7238     85.245  23.109287     29.095      6.995   366.7870     2.6648     1.7899     0.0179      0.036      3.602      5.225        553 5.4979e+01 0.0000e+00
      3.688    14.7089     8.6993     84.915  23.078535     29.017      6.994   366.7491     2.6648     1.7362     0.0179      0.038      3.617      5.246        554 5.4699e+01 0.0000e+00
      3.705    14.6754     8.6755     84.616  23.057109     29.023      6.995   367.0520     2.8063     1.7496     0.0179      0.042      3.633      5.269        555 5.4178e+01 0.0000e+00
      3.721    14.6176     8.6511     84.306  23.017393     28.972      6.995   367.0520     2.7740     1.7496     0.0178      0.046      3.648      5.290        556 5.3734e+01 0.0000e+00
      3.733    14.5590     8.6358     84.042  23.009406     28.996      6.992   366.9005     2.7942     1.8167     0.0178      0.050      3.661      5.309        557 5.3507e+01 0.0000e+00
      3.743    14.5138     8.6063     83.656  23.007780     29.038      6.991   367.2034     2.7982     1.7228     0.0178      0.052      3.672      5.325        558 5.3272e+01 0.0000e+00
      3.756    14.4643     8.5775     83.298  22.900875     28.942      6.992   367.6198     2.7659     1.7228     0.0178      0.053      3.682      5.340        559 5.3237e+01 0.0000e+00
      3.765    14.4406     8.5321     82.787  22.905345     28.972      6.987   367.3170     2.8710     1.6825     0.0178      0.053      3.692      5.355        560 5.3268e+01 0.0000e+00
      3.774    14.4321     8.4927     82.324  22.942950     29.082      6.988   367.4684     2.8670     1.7899     0.0178      0.050      3.701      5.367        561 5.2964e+01 0.0000e+00
      3.783    14.3870     8.4505     81.843  22.913367     29.027      6.986   367.4305     2.8670     1.6556     0.0178      0.046      3.709      5.380        562 5.2818e+01 0.0000e+00
      3.792    14.3184     8.4080     81.363  22.882887     29.034      6.986   367.0520     2.8508     1.7496     0.0178      0.042      3.719      5.394        563 5.2679e+01 0.0000e+00
      3.802    14.2670     8.3688     80.923  22.832689     28.959      6.989   367.1277     2.9115     1.6556     0.0177      0.039      3.729      5.409        564 5.2274e+01 0.0000e+00
      3.816    14.2328     8.3160     80.443  22.827652     29.048      6.985   367.6198     2.9155     1.7630     0.0177      0.039      3.742      5.427        565 5.1918e+01 0.0000e+00
      3.829    14.1911     8.2876     80.152  22.770615     28.977      6.987   367.5441     2.9276     1.7630     0.0177      0.040      3.753      5.444        566 5.1701e+01 0.0000e+00
      3.838    14.1313     8.2517     79.726  22.755487     29.004      6.987   367.6955     2.9357     1.7496     0.0177      0.041      3.763      5.459        567 5.1492e+01 0.0000e+00
      3.847    14.0762     8.2084     79.272  22.757570     29.033      6.988   367.3927     2.9964     1.6959     0.0177      0.042      3.771      5.470        568 5.1345e+01 0.0000e+00
      3.852    14.0343     8.1876     79.004  22.708757     29.008      6.985   367.6577     3.0247     1.7093     0.0176      0.041      3.778      5.480        569 5.1314e+01 0.0000e+00
      3.859    13.9945     8.1614     78.708  22.697694     29.048      6.987   367.4684     2.9883     1.6690     0.0176      0.039      3.786      5.490        570 5.0953e+01 0.0000e+00
      3.870    13.9507     8.1403     78.471  22.712076     29.079      6.986   367.6198     2.9721     1.7630     0.0176      0.038      3.796      5.505        571 5.0524e+01 0.0000e+00
      3.883    13.9112     8.1231     78.294  22.720512     29.144      6.987   367.8848     3.0449     1.7899     0.0176      0.037      3.809      5.524        572 5.0206e+01 0.0000e+00
      3.898    13.8714     8.1106     78.172  22.657569     29.070      6.987   368.0363     3.0409     1.8167     0.0176      0.037      3.824      5.547        573 4.9537e+01 0.0000e+00
      3.919    13.8409     8.1037     78.089  22.642221     29.100      6.985   368.4905     3.0287     1.7496     0.0176      0.041      3.840      5.570        574 4.8866e+01 0.0000e+00
      3.929    13.8546     8.0949     77.958  22.650705     29.128      6.981   368.6041     3.0651     1.6959     0.0176      0.046      3.851      5.587        575 4.8650e+01 0.0000e+00
      3.935    13.8451     8.0858     77.846  22.647023     29.154      6.977   368.3770     3.0489     1.7228     0.0176      0.048      3.861      5.600        576 4.8316e+01 0.0000e+00
      3.949    13.8041     8.0707     77.711  22.646810     29.141      6.978   368.7177     3.1298     1.9107     0.0176      0.050      3.872      5.615        577 4.7919e+01 0.0000e+00
      3.958    13.7786     8.0550     77.583  22.650971     29.148      6.975   368.1120     3.1096     1.8570     0.0176      0.050      3.883      5.631        578 4.7666e+01 0.0000e+00
      3.970    13.7446     8.0338     77.401  22.641850     29.182      6.974   368.1498     3.1055     1.8570     0.0176      0.049      3.894      5.648        579 4.7265e+01 0.0000e+00
      3.983    13.7164     8.0198     77.275  22.628531     29.161      6.975   368.1877     3.1096     1.9107     0.0175      0.047      3.905      5.664        580 4.7115e+01 0.0000e+00
      3.992    13.6994     7.9974     77.061  22.637915     29.226      6.974   368.2634     3.0368     1.9242     0.0176      0.044      3.915      5.678        581 4.6925e+01 0.0000e+00
      4.001    13.6913     7.9796     76.895  22.600541     29.173      6.971   368.5663     3.0772     1.9242     0.0175      0.041      3.924      5.691        582 4.6634e+01 0.0000e+00
      4.010    13.6913     7.9741     76.839  22.586132     29.188      6.972   368.7177     3.0570     1.9376     0.0175      0.041      3.932      5.703        583 4.6503e+01 0.0000e+00
      4.017    13.6802     7.9781     76.853  22.596572     29.192      6.971   368.7555     3.0368     1.9376     0.0175      0.040      3.939      5.713        584 4.6237e+01 0.0000e+00
      4.024    13.6557     7.9647     76.710  22.587550     29.193      6.967   368.9070     3.1136     1.9376     0.0175      0.038      3.946      5.723        585 4.6024e+01 0.0000e+00
      4.030    13.6405     7.9616     76.600  22.597361     29.200      6.967   368.9448     3.1298     2.0316     0.0175      0.035      3.952      5.733        586 4.5915e+01 0.0000e+00
      4.038    13.6463     7.9595     76.446  22.614005     29.256      6.966   369.0205     3.1177     1.9779     0.0175      0.032      3.960      5.744        587 4.5589e+01 0.0000e+00
      4.048    13.6602     7.9416     76.176  22.596482     29.231      6.963   369.0963     3.1379     1.9645     0.0175      0.031      3.970      5.757        588 4.5251e+01 0.0000e+00
      4.058    13.6729     7.9317     76.023  22.589534     29.227      6.957   369.3234     3.1783     1.6422     0.0175      0.031      3.979      5.770        589 4.5067e+01 0.0000e+00
      4.065    13.6782     7.9033     75.682  22.593014     29.216      6.954   369.2477     3.1824     1.6825     0.0175      0.031      3.988      5.783        590 4.4745e+01 0.0000e+00
      4.077    13.6793     7.8661     75.241  22.592148     29.206      6.952   369.3234     3.1702     1.7496     0.0175      0.033      3.998      5.798        591 4.4429e+01 0.0000e+00
      4.086    13.6834     7.8212     74.752  22.590607     29.203      6.950   369.5127     3.1783     1.6422     0.0175      0.034      4.006      5.810        592 4.4327e+01 0.0000e+00
      4.090    13.6795     7.7746     74.265  22.594929     29.202      6.946   369.3991     3.3643     1.9913     0.0175      0.035      4.011      5.818        593 4.4257e+01 0.0000e+00
      4.095    13.6677     7.7306     73.805  22.586768     29.199      6.946   369.5505     3.3563     1.9107     0.0175      0.034      4.016      5.826        594 4.4117e+01 0.0000e+00
      4.102    13.6570     7.6716     73.177  22.571123     29.165      6.944   369.3991     3.3724     1.9242     0.0175      0.032      4.024      5.836        595 4.3788e+01 0.0000e+00
