Data/DataNotYetUploadedToEDI/Raw_CTD/RawDownloads/052418_fcr50.cnv
* Sea-Bird SBE19plus  Data File:
* FileName = C:\DATA\052818_fcr_0002.hex
* Software version 2.6.3.104
* Temperature SN = 7809
* Conductivity SN = 7809
* System UpLoad Time = May 28 2018 10:10:54
* <ApplicationData>
* <Seaterm232>
# nquan = 17
# nvalues = 646                         
# units = specified
# name 0 = depFM: Depth [fresh water, m]
# name 1 = tv290C: Temperature [ITS-90, deg C]
# name 2 = sbeox0Mg/L: Oxygen, SBE 43 [mg/l]
# name 3 = sbeox0PS: Oxygen, SBE 43 [% saturation]
# name 4 = c0uS/cm: Conductivity [uS/cm]
# name 5 = specc: Specific Conductance [uS/cm]
# name 6 = ph: pH
# name 7 = orp: Oxidation Reduction Potential [mV]
# name 8 = flECO-AFL: Fluorescence, WET Labs ECO-AFL/FL [mg/m^3]
# name 9 = turbWETntu0: Turbidity, WET Labs ECO [NTU]
# name 10 = sal00: Salinity, Practical [PSU]
# name 11 = dz/dtM: Descent Rate [m/s]
# name 12 = prdM: Pressure, Strain Gauge [db]
# name 13 = prdE: Pressure, Strain Gauge [psi]
# name 14 = scan: Scan Count
# name 15 = par/sat/log: PAR/Logarithmic, Satlantic
# name 16 = flag:  0.000e+00
# span 0 =     -0.498,      9.879       
# span 1 =    21.6985,    28.0627       
# span 2 =     7.4992,    13.3340       
# span 3 =     85.675,    159.194       
# span 4 = 136.609596, 163.695531       
# span 5 =    129.090,    174.020       
# span 6 =     -2.403,      8.028       
# span 7 = -1240.7455,  1240.2295       
# span 8 =    -0.8289,     3.1217       
# span 9 =    -0.9628,   442.7366       
# span 10 =     0.0653,     0.0849      
# span 11 =     -0.005,      0.273      
# span 12 =     -0.488,      9.687      
# span 13 =     -0.708,     14.050      
# span 14 =          1,        646      
# span 15 = -6.074e+01, 2.8863e+03      
# span 16 = 0.0000e+00, 0.0000e+00      
# interval = seconds: 0.25
# start_time = May 24 2018 17:15:59 [Instrument's time stamp, header]
# bad_flag = -9.990e-29
*END*
     -0.496    28.0627     7.5109     96.080 137.544151    129.586      5.695   792.8703    -0.2102    -0.2646     0.0655 -4.211e-16     -0.486     -0.705          1 1.7026e+03 0.0000e+00
     -0.496    28.0618     7.5169     96.156 137.580056    129.615      6.587   751.1516    -0.1658    -0.2512     0.0655     -0.000     -0.486     -0.705          2 1.8303e+03 0.0000e+00
     -0.496    28.0610     7.5128     96.102 137.562820    129.617      7.182  -812.5800    -0.1860    -0.1437     0.0655     -0.000     -0.486     -0.705          3 1.5956e+03 0.0000e+00
     -0.496    28.0604     7.5146     96.124 137.505989    129.540      2.184  -465.2776    -0.1860    -0.2646     0.0655     -0.000     -0.486     -0.705          4 3.2464e+02 0.0000e+00
     -0.495    28.0596     7.5141     96.116 137.561361    129.622     -2.398  -346.2544    -0.1698    -0.1840     0.0655      0.000     -0.486     -0.705          5 1.6982e+02 0.0000e+00
     -0.497    28.0588     7.5178     96.162 137.583331    129.623     -2.398   -51.1192    -0.1860    -0.2914     0.0655     -0.000     -0.487     -0.706          6 1.8966e+02 0.0000e+00
     -0.497    28.0580     7.5146     96.119 137.568070    129.625     -2.398  -321.1172    -0.1698    -0.1303     0.0655     -0.000     -0.487     -0.706          7 3.0376e+02 0.0000e+00
     -0.496    28.0571     7.5171     96.151 137.580356    129.627     -2.398  -321.2307    -0.1860    -0.3586     0.0655     -0.000     -0.487     -0.706          8 1.0816e+03 0.0000e+00
     -0.497    28.0563     7.5196     96.181 137.538236    129.603     -2.398  -765.2206    -0.1658    -0.3720     0.0655     -0.000     -0.487     -0.706          9 1.8332e+03 0.0000e+00
     -0.496    28.0553     7.5170     96.146 137.501260    129.552     -2.398  -763.1763    -0.2021    -0.2109     0.0655     -0.000     -0.487     -0.706         10 1.4402e+03 0.0000e+00
     -0.497    28.0545     7.5157     96.128 137.536952    129.607     -2.398 -1240.7455    -0.1941    -0.3049     0.0655     -0.001     -0.487     -0.706         11 4.8818e+02 0.0000e+00
     -0.496    28.0538     7.5180     96.156 137.583241    129.635     -1.998 -1240.7455    -0.1900    -0.2646     0.0655     -0.000     -0.487     -0.706         12 1.4721e+03 0.0000e+00
     -0.496    28.0531     7.5176     96.149 137.562884    129.638     -1.650 -1240.7455    -0.1698    -0.2646     0.0655     -0.000     -0.487     -0.706         13 1.9465e+03 0.0000e+00
     -0.497    28.0522     7.5173     96.144 137.502672    129.560      1.658 -1079.2843    -0.1819    -0.1706     0.0655      0.000     -0.487     -0.706         14 1.5703e+03 0.0000e+00
     -0.497    28.0515     7.5170     96.139 137.538946    129.615      5.599  -798.9514    -0.1738    -0.3049     0.0655      0.000     -0.487     -0.706         15 1.8949e+03 0.0000e+00
     -0.496    28.0505     7.5142     96.102 137.577359    129.643      8.028  -823.0286    -0.1536    -0.1034     0.0655      0.000     -0.487     -0.706         16 1.5001e+03 0.0000e+00
     -0.496    28.0494     7.5158     96.120 137.544293    129.619      5.364 -1240.7455    -0.1577    -0.0229     0.0655      0.000     -0.487     -0.706         17 4.0620e+02 0.0000e+00
     -0.497    28.0489     7.5161     96.123 137.580098    129.647     -0.952   846.7033    -0.1738    -0.0900     0.0655     -0.000     -0.487     -0.707         18 -3.344e+01 0.0000e+00
     -0.497    28.0480     7.5179     96.144 137.562609    129.650     -2.399   846.8169    -0.1860    -0.1169     0.0655     -0.000     -0.487     -0.707         19 4.2358e+02 0.0000e+00
     -0.496    28.0470     7.5188     96.155 137.506446    129.572     -2.399  -750.8727    -0.1738    -0.0632     0.0655     -0.000     -0.487     -0.706         20 1.5482e+03 0.0000e+00
     -0.496    28.0464     7.5175     96.137 137.530765    129.627      0.120    -5.3498    -0.1779    -0.2646     0.0655     -0.000     -0.487     -0.706         21 1.9419e+03 0.0000e+00
     -0.496    28.0457     7.5177     96.138 137.502538    129.576      0.699   672.7114    -0.1698    -0.3183     0.0655     -0.000     -0.487     -0.706         22 1.6112e+03 0.0000e+00
     -0.497    28.0446     7.5160     96.115 137.481962    129.578      1.362   -50.9300    -0.2102    -0.3452     0.0655     -0.000     -0.487     -0.707         23 1.9352e+03 0.0000e+00
     -0.497    28.0439     7.5156     96.108 137.496760    129.580     -1.503   844.8483    -0.2021    -0.2243     0.0655     -0.000     -0.487     -0.707         24 1.4805e+03 0.0000e+00
     -0.496    28.0432     7.5162     96.115 137.543736    129.635     -2.399   846.7412    -0.1900    -0.0900     0.0655     -0.000     -0.487     -0.707         25 4.7389e+02 0.0000e+00
     -0.497    28.0422     7.5172     96.126 137.572537    129.663     -2.399   846.7412    -0.1698    -0.1169     0.0655      0.000     -0.487     -0.707         26 1.4282e+03 0.0000e+00
     -0.496    28.0412     7.5157     96.105 137.490726    129.586     -2.399   847.7255    -0.1779    -0.0766     0.0655      0.000     -0.487     -0.706         27 1.8283e+03 0.0000e+00
     -0.496    28.0406     7.5178     96.132 137.496515    129.588     -2.399  1240.2295    -0.1819    -0.0229     0.0655      0.000     -0.487     -0.706         28 1.6074e+03 0.0000e+00
     -0.496    28.0398     7.5174     96.124 137.535529    129.644     -2.399   844.8862    -0.1860     0.0040     0.0655      0.000     -0.487     -0.706         29 1.6315e+03 0.0000e+00
     -0.496    28.0388     7.5196     96.151 137.501789    129.592     -2.399   846.7412    -0.1698     0.0308     0.0655      0.000     -0.487     -0.706         30 1.7403e+03 0.0000e+00
     -0.496    28.0381     7.5199     96.153 137.478891    129.594     -2.399   847.7255    -0.1698    -0.0363     0.0655      0.000     -0.487     -0.706         31 1.5250e+03 0.0000e+00
     -0.497    28.0374     7.5225     96.186 137.504414    129.597     -2.399   847.0819    -0.1779    -0.1303     0.0655      0.000     -0.487     -0.707         32 3.5276e+02 0.0000e+00
     -0.497    28.0366     7.5202     96.154 137.529642    129.651     -2.399   847.6119    -0.1577    -0.2243     0.0655     -0.000     -0.487     -0.707         33 2.7429e+01 0.0000e+00
     -0.496    28.0356     7.5213     96.168 137.507111    129.600     -2.399   849.1262    -0.1941    -0.2914     0.0655      0.000     -0.487     -0.706         34 3.5387e+02 0.0000e+00
     -0.496    28.0347     7.5167     96.107 137.472841    129.602     -2.399   808.6947    -0.1658    -0.3183     0.0655     -0.000     -0.487     -0.706         35 1.5717e+03 0.0000e+00
     -0.496    28.0340     7.5220     96.173 137.512677    129.605     -2.399   844.4319    -0.1819    -0.3183     0.0655     -0.000     -0.487     -0.706         36 1.7796e+03 0.0000e+00
     -0.496    28.0333     7.5205     96.152 137.517150    129.659     -2.399   776.1753    -0.1981    -0.3452     0.0655     -0.000     -0.487     -0.706         37 1.7835e+03 0.0000e+00
     -0.497    28.0325     7.5205     96.152 137.467275    129.555     -2.399   796.5425    -0.1900    -0.3317     0.0655     -0.000     -0.487     -0.707         38 1.6130e+03 0.0000e+00
     -0.497    28.0317     7.5210     96.157 137.455520    129.610     -2.399   729.9516    -0.1819    -0.3720     0.0655     -0.000     -0.487     -0.707         39 3.5254e+02 0.0000e+00
     -0.496    28.0307     7.5185     96.123 137.472167    129.559     -2.399   477.7087    -0.1698    -0.2243     0.0655     -0.000     -0.487     -0.706         40 9.6171e+02 0.0000e+00
     -0.496    28.0299     7.5164     96.096 137.506172    129.667     -2.399   459.3479    -0.2021    -0.2243     0.0655      0.000     -0.487     -0.706         41 1.7760e+03 0.0000e+00
     -0.497    28.0293     7.5215     96.159 137.472817    129.563     -2.399   599.5333    -0.1415    -0.2646     0.0655     -0.000     -0.487     -0.707         42 1.7347e+03 0.0000e+00
     -0.497    28.0282     7.5177     96.109 137.513680    129.671     -2.399   769.5881    -0.1577    -0.1974     0.0655     -0.000     -0.487     -0.707         43 1.7888e+03 0.0000e+00
     -0.497    28.0275     7.5212     96.153 137.514933    129.620     -2.399   844.0155    -0.1860    -0.3183     0.0655     -0.000     -0.487     -0.707         44 1.7676e+03 0.0000e+00
     -0.497    28.0268     7.5238     96.185 137.471259    129.623     -2.399   595.8991    -0.1779    -0.1974     0.0655     -0.000     -0.487     -0.707         45 1.7863e+03 0.0000e+00
     -0.497    28.0258     7.5221     96.160 137.508421    129.624     -2.399   412.0642    -0.1779    -0.2512     0.0655     -0.000     -0.488     -0.707         46 1.7861e+03 0.0000e+00
     -0.497    28.0250     7.5234     96.176 137.468688    129.626     -2.399   215.3958    -0.1577    -0.2646     0.0655     -0.000     -0.488     -0.707         47 1.7942e+03 0.0000e+00
     -0.497    28.0242     7.5214     96.148 137.461095    129.575     -2.399   213.1244    -0.1698    -0.3586     0.0655     -0.000     -0.488     -0.707         48 1.7870e+03 0.0000e+00
     -0.497    28.0232     7.5209     96.142 137.517872    129.683     -2.399  -377.1080    -0.1536    -0.1706     0.0655     -0.000     -0.487     -0.707         49 1.7844e+03 0.0000e+00
     -0.497    28.0225     7.5220     96.153 137.517257    129.632     -2.399   417.8185    -0.2021    -0.2914     0.0655      0.000     -0.487     -0.707         50 1.7785e+03 0.0000e+00
     -0.496    28.0218     7.5243     96.182 137.461860    129.635     -2.399   572.0868    -0.1698    -0.1974     0.0655      0.000     -0.487     -0.707         51 1.7817e+03 0.0000e+00
     -0.497    28.0209     7.5240     96.177 137.467586    129.583     -2.399   327.5290    -0.1698    -0.3049     0.0655      0.000     -0.487     -0.707         52 1.7833e+03 0.0000e+00
     -0.497    28.0201     7.5239     96.173 137.510134    129.691     -2.399  -542.4307    -0.1536    -0.0766     0.0656      0.000     -0.487     -0.707         53 1.7935e+03 0.0000e+00
     -0.496    28.0194     7.5239     96.172 137.468526    129.587     -0.784  -810.1193    -0.1941    -0.0900     0.0655      0.000     -0.487     -0.707         54 1.7821e+03 0.0000e+00
     -0.497    28.0184     7.5256     96.192 137.459755    129.642     -0.102   -30.1463    -0.1617    -0.1169     0.0655      0.000     -0.487     -0.707         55 1.8035e+03 0.0000e+00
     -0.497    28.0174     7.5263     96.201 137.461439    129.591     -2.399   419.9764    -0.1819    -0.0900     0.0655     -0.000     -0.487     -0.707         56 1.7656e+03 0.0000e+00
     -0.497    28.0167     7.5213     96.135 137.526045    129.699     -2.400  -355.8701    -0.1577    -0.0900     0.0656     -0.000     -0.487     -0.707         57 1.8220e+03 0.0000e+00
     -0.497    28.0158     7.5235     96.162 137.498582    129.649     -0.709 -1045.6671    -0.1658    -0.1169     0.0655     -0.000     -0.487     -0.707         58 1.7325e+03 0.0000e+00
     -0.497    28.0151     7.5224     96.146 137.495618    129.650      2.384 -1014.6620    -0.1698    -0.0497     0.0655     -0.000     -0.487     -0.707         59 1.8709e+03 0.0000e+00
     -0.497    28.0140     7.5235     96.159 137.529735    129.706      2.038  -594.5601    -0.1455    -0.0229     0.0656     -0.000     -0.487     -0.707         60 1.5975e+03 0.0000e+00
     -0.497    28.0134     7.5281     96.216 137.456125    129.601     -1.765   143.5049    -0.1981    -0.0229     0.0655     -0.000     -0.487     -0.707         61 3.3911e+02 0.0000e+00
     -0.496    28.0127     7.5244     96.167 137.467997    129.657     -2.400 -1131.1866    -0.1617    -0.0632     0.0655      0.000     -0.487     -0.707         62 8.2055e+01 0.0000e+00
     -0.497    28.0116     7.5229     96.147 137.455348    129.606      0.609  -922.7446    -0.1496    -0.1034     0.0655      0.000     -0.487     -0.707         63 2.3724e+02 0.0000e+00
     -0.497    28.0108     7.5236     96.155 137.471869    129.660      2.995  -815.9872    -0.1577    -0.0363     0.0655      0.000     -0.487     -0.707         64 1.2327e+02 0.0000e+00
     -0.497    28.0100     7.5250     96.170 137.507051    129.663      4.075  -969.2712    -0.1415    -0.0229     0.0655     -0.000     -0.487     -0.707         65 2.0543e+02 0.0000e+00
     -0.497    28.0093     7.5229     96.142 137.471180    129.665      5.376  -639.9131    -0.1860    -0.2914     0.0655     -0.000     -0.487     -0.707         66 2.6534e+02 0.0000e+00
     -0.497    28.0086     7.5283     96.210 137.456899    129.614      5.622   -27.1556    -0.1617    -0.3586     0.0655     -0.000     -0.487     -0.707         67 1.9002e+02 0.0000e+00
     -0.497    28.0076     7.5258     96.177 137.465211    129.669      5.249  -435.3703    -0.1779    -0.2377     0.0655     -0.000     -0.487     -0.707         68 1.5298e+02 0.0000e+00
     -0.497    28.0066     7.5269     96.189 137.460837    129.618      5.370  -340.4622    -0.1981    -0.2914     0.0655     -0.000     -0.488     -0.707         69 1.5838e+02 0.0000e+00
     -0.497    28.0058     7.5277     96.198 137.462344    129.673      5.689   -76.0293    -0.1779    -0.0229     0.0655     -0.000     -0.488     -0.707         70 1.7086e+02 0.0000e+00
     -0.497    28.0049     7.5262     96.178 137.463338    129.622      5.637  -155.6810    -0.1779    -0.0229     0.0655     -0.000     -0.487     -0.707         71 1.2511e+02 0.0000e+00
     -0.496    28.0040     7.5251     96.162 137.459603    129.677      5.427  -328.6129    -0.1779    -0.1169     0.0655      0.000     -0.487     -0.706         72 2.2017e+02 0.0000e+00
     -0.496    28.0032     7.5257     96.167 137.466993    129.627      5.185  -712.7504    -0.1698    -0.0900     0.0655      0.000     -0.487     -0.706         73 1.7983e+03 0.0000e+00
     -0.497    28.0023     7.5242     96.147 137.454141    129.681      2.339  -295.0714    -0.1617    -0.0497     0.0655      0.000     -0.487     -0.707         74 1.6947e+03 0.0000e+00
     -0.498    28.0014     7.5261     96.171 137.415985    129.578     -0.224  -704.1568    -0.1738    -0.0497     0.0655      0.000     -0.487     -0.707         75 4.1949e+02 0.0000e+00
     -0.497    28.0006     7.5281     96.193 137.454865    129.686      2.274  -885.7202    -0.1738    -0.0229     0.0655      0.000     -0.487     -0.706         76 1.3971e+03 0.0000e+00
     -0.497    27.9998     7.5249     96.152 137.465370    129.635      1.480     0.2531    -0.1698    -0.0497     0.0655      0.000     -0.487     -0.706         77 7.3888e+02 0.0000e+00
     -0.497    27.9990     7.5299     96.215 137.462528    129.690     -1.081 -1240.7455    -0.1617    -0.3049     0.0655     -0.000     -0.488     -0.707         78 2.1618e+02 0.0000e+00
     -0.497    27.9982     7.5259     96.162 137.458405    129.639      1.911 -1187.4425    -0.1860    -0.2914     0.0655     -0.000     -0.488     -0.707         79 1.1594e+03 0.0000e+00
     -0.497    27.9972     7.5305     96.219 137.470504    129.694     -0.096  -614.7759    -0.1496    -0.2780     0.0655     -0.000     -0.488     -0.707         80 1.8291e+03 0.0000e+00
     -0.498    27.9963     7.5302     96.213 137.507086    129.696      1.777 -1116.2330    -0.1900    -0.2243     0.0655     -0.000     -0.488     -0.707         81 1.3774e+03 0.0000e+00
     -0.497    27.9956     7.5313     96.227 137.472493    129.699      0.716  -120.5494    -0.1860    -0.2512     0.0656     -0.000     -0.488     -0.707         82 1.0990e+03 0.0000e+00
     -0.497    27.9945     7.5280     96.182 137.453942    129.647     -2.296  -690.0739    -0.1779    -0.2914     0.0655     -0.000     -0.488     -0.707         83 1.9188e+03 0.0000e+00
     -0.497    27.9937     7.5301     96.208 137.470560    129.702     -2.400  -407.5831    -0.1981    -0.3049     0.0656     -0.000     -0.488     -0.707         84 5.1953e+02 0.0000e+00
     -0.497    27.9928     7.5292     96.194 137.511428    129.705     -2.400    91.9812    -0.1779    -0.2243     0.0656     -0.000     -0.488     -0.707         85 -6.074e+01 0.0000e+00
