Data/DataNotYetUploadedToEDI/Raw_CTD/RawDownloads/052418_bvr50.cnv
* Sea-Bird SBE19plus  Data File:
* FileName = C:\DATA\052818_fcr_0001.hex
* Software version 2.6.3.104
* Temperature SN = 7809
* Conductivity SN = 7809
* System UpLoad Time = May 28 2018 10:10:30
* <ApplicationData>
* <Seaterm232>
# nquan = 17
# nvalues = 1345                        
# units = specified
# name 0 = depFM: Depth [fresh water, m]
# name 1 = tv290C: Temperature [ITS-90, deg C]
# name 2 = sbeox0Mg/L: Oxygen, SBE 43 [mg/l]
# name 3 = sbeox0PS: Oxygen, SBE 43 [% saturation]
# name 4 = c0uS/cm: Conductivity [uS/cm]
# name 5 = specc: Specific Conductance [uS/cm]
# name 6 = ph: pH
# name 7 = orp: Oxidation Reduction Potential [mV]
# name 8 = flECO-AFL: Fluorescence, WET Labs ECO-AFL/FL [mg/m^3]
# name 9 = turbWETntu0: Turbidity, WET Labs ECO [NTU]
# name 10 = sal00: Salinity, Practical [PSU]
# name 11 = dz/dtM: Descent Rate [m/s]
# name 12 = prdM: Pressure, Strain Gauge [db]
# name 13 = prdE: Pressure, Strain Gauge [psi]
# name 14 = scan: Scan Count
# name 15 = par/sat/log: PAR/Logarithmic, Satlantic
# name 16 = flag:  0.000e+00
# span 0 =     -0.587,     11.412       
# span 1 =     7.2345,    26.1560       
# span 2 =     0.0702,    10.4458       
# span 3 =      0.583,    117.742       
# span 4 =   0.082724,  51.827582       
# span 5 =      0.553,     80.537       
# span 6 =     -2.461,      7.503       
# span 7 = -1240.7455,  1240.2295       
# span 8 =    -2.0784,     6.6842       
# span 9 =    -0.3049,   855.1757       
# span 10 =     0.0122,     0.0370      
# span 11 =     -0.043,      0.227      
# span 12 =     -0.575,     11.191      
# span 13 =     -0.834,     16.231      
# span 14 =          1,       1345      
# span 15 = 1.2114e-01, 3.3819e+03      
# span 16 = 0.0000e+00, 0.0000e+00      
# interval = seconds: 0.25
# start_time = May 24 2018 15:28:41 [Instrument's time stamp, header]
# bad_flag = -9.990e-29
*END*
[from data line 86]
      0.050    24.6087     7.2687     87.355  27.523283     27.736      7.396   287.5139     1.0312     1.2931     0.0206     -0.007      0.048      0.069         87 1.3390e+03 0.0000e+00
      0.049    24.6163     7.2770     87.452  27.495051     27.727      7.401   288.5739     1.0392     1.3065     0.0206     -0.003      0.048      0.070         88 1.4519e+03 0.0000e+00
      0.049    24.6206     7.2471     87.091  27.401992     27.609      7.406   289.1417     0.9462     1.4273     0.0206      0.001      0.048      0.070         89 1.6160e+03 0.0000e+00
      0.049    24.6238     7.1900     86.404  27.312985     27.520      7.407   290.4667     0.9584     1.5348     0.0205      0.005      0.049      0.070         90 1.5459e+03 0.0000e+00
      0.052    24.6278     7.1363     85.755  27.220422     27.433      7.416   292.3217     0.9382     1.4676     0.0205      0.008      0.051      0.074         91 1.4591e+03 0.0000e+00
      0.056    24.6317     7.0912     85.210  27.102145     27.291      7.424   292.7003     0.9786     1.5885     0.0205      0.008      0.056      0.080         92 1.7284e+03 0.0000e+00
      0.062    24.6346     7.0705     84.957  27.074785     27.288      7.429   295.6532     1.0352     1.3602     0.0205      0.008      0.060      0.087         93 1.1916e+03 0.0000e+00
      0.065    24.6332     7.0631     84.864  27.046952     27.230      7.432   295.1232     1.0271     1.2662     0.0204      0.008      0.062      0.090         94 6.2736e+02 0.0000e+00
      0.063    24.6276     7.0707     84.960  27.077492     27.285      7.426   296.4860     1.0473     1.2393     0.0205      0.009      0.061      0.088         95 1.4854e+03 0.0000e+00
      0.058    24.6219     7.0869     85.152  27.096069     27.286      7.427   297.3189     1.0473     1.3333     0.0205      0.008      0.057      0.083         96 1.9312e+03 0.0000e+00
      0.056    24.6177     7.0937     85.226  27.053479     27.260      7.429   297.3946     1.0837     1.3199     0.0204      0.006      0.055      0.080         97 1.7819e+03 0.0000e+00
      0.055    24.6154     7.0841     85.103  26.982270     27.179      7.426   299.2875     1.0999     1.3199     0.0204      0.003      0.054      0.078         98 1.5218e+03 0.0000e+00
      0.054    24.6147     7.0575     84.773  26.977173     27.182      7.430   301.8618     1.1080     1.1856     0.0204     -0.001      0.053      0.077         99 1.3611e+03 0.0000e+00
      0.053    24.6137     7.0186     84.291  26.970889     27.183      7.435   303.1111     1.1039     1.3468     0.0204     -0.004      0.053      0.076        100 1.4359e+03 0.0000e+00
      0.055    24.6120     6.9731     83.734  26.930803     27.127      7.440   302.5054     1.1282     1.2528     0.0204     -0.006      0.055      0.080        101 1.4920e+03 0.0000e+00
      0.062    24.6104     6.9410     83.341  26.967769     27.184      7.445   302.2025     1.1039     1.3199     0.0204     -0.003      0.060      0.087        102 1.7277e+03 0.0000e+00
      0.066    24.6069     6.9087     82.946  26.984175     27.185      7.445   302.6946     1.0716     1.4005     0.0204      0.002      0.064      0.093        103 1.7424e+03 0.0000e+00
      0.068    24.6051     6.9017     82.856  26.940032     27.157      7.447   304.8525     1.0797     1.3199     0.0204      0.006      0.067      0.097        104 1.3142e+03 0.0000e+00
      0.070    24.6072     6.9190     83.059  26.874480     27.075      7.451   303.7168     1.1080     1.3333     0.0204      0.009      0.069      0.099        105 1.5430e+03 0.0000e+00
      0.071    24.6059     6.9477     83.398  26.858238     27.076      7.448   301.6725     1.1120     1.1722     0.0204      0.010      0.070      0.101        106 1.6806e+03 0.0000e+00
      0.074    24.6012     6.9875     83.867  26.871310     27.074      7.450   301.2561     1.1080     1.2259     0.0204      0.011      0.073      0.105        107 1.4281e+03 0.0000e+00
      0.077    24.5961     7.0132     84.167  26.858215     27.075      7.447   302.8082     1.1080     1.2662     0.0204      0.012      0.075      0.109        108 1.7534e+03 0.0000e+00
      0.078    24.5892     7.0083     84.100  26.815246     27.022      7.445   304.6254     1.1161     1.3333     0.0203      0.010      0.076      0.111        109 1.5105e+03 0.0000e+00
      0.077    24.5805     7.0315     84.372  26.806204     27.024      7.445   305.3446     1.0797     1.4676     0.0203      0.008      0.075      0.110        110 1.2910e+03 0.0000e+00
      0.076    24.5731     7.0176     84.201  26.780534     27.000      7.450   306.1396     1.1080     1.4542     0.0203      0.006      0.074      0.108        111 1.4457e+03 0.0000e+00
      0.074    24.5681     6.9861     83.821  26.758260     26.977      7.455   307.6918     1.0635     1.4408     0.0203      0.004      0.073      0.106        112 1.5046e+03 0.0000e+00
      0.073    24.5639     6.9401     83.268  26.744993     26.981      7.458   308.7139     1.1120     1.4676     0.0203      0.002      0.072      0.105        113 1.6539e+03 0.0000e+00
      0.073    24.5600     6.8853     82.609  26.708113     26.927      7.462   308.9032     1.1161     1.5213     0.0203     -0.000      0.072      0.105        114 1.4421e+03 0.0000e+00
      0.074    24.5565     6.8342     81.992  26.685579     26.929      7.462   309.3954     1.0878     1.4676     0.0203     -0.002      0.073      0.106        115 1.3915e+03 0.0000e+00
      0.075    24.5530     6.7848     81.396  26.713748     26.931      7.463   311.1368     1.0676     1.4676     0.0203     -0.002      0.074      0.106        116 1.4429e+03 0.0000e+00
      0.075    24.5481     6.7354     80.804  26.761994     27.018      7.466   311.2504     1.0756     1.5885     0.0203     -0.001      0.074      0.106        117 1.4488e+03 0.0000e+00
      0.074    24.5422     6.6887     80.244  26.714475     26.935      7.470   311.5911     1.1161     1.4676     0.0203     -0.001      0.073      0.105        118 1.5300e+03 0.0000e+00
      0.073    24.5367     6.6523     79.806  26.743241     26.994      7.469   312.0832     1.1039     1.4139     0.0203     -0.000      0.072      0.105        119 1.4834e+03 0.0000e+00
      0.074    24.5327     6.6105     79.304  26.755839     26.997      7.474   312.6890     1.0878     1.4810     0.0203     -0.000      0.072      0.105        120 1.4867e+03 0.0000e+00
      0.074    24.5302     6.5786     78.921  26.698797     26.944      7.470   313.2568     1.0837     1.4408     0.0203      0.000      0.073      0.105        121 1.5055e+03 0.0000e+00
      0.074    24.5288     6.5345     78.394  26.695652     26.946      7.468   314.3925     1.0676     1.3333     0.0203     -0.000      0.073      0.106        122 1.5546e+03 0.0000e+00
      0.075    24.5281     6.4972     77.950  26.700467     26.948      7.468   313.7111     1.0999     1.2662     0.0203     -0.000      0.073      0.106        123 1.5782e+03 0.0000e+00
      0.075    24.5267     6.4465     77.346  26.722452     26.977      7.469   314.0140     1.0676     1.2662     0.0203     -0.000      0.074      0.107        124 1.5070e+03 0.0000e+00
      0.076    24.5243     6.4083     76.894  26.757227     27.005      7.473   314.5061     1.0959     1.2662     0.0203      0.001      0.075      0.109        125 1.5265e+03 0.0000e+00
      0.078    24.5227     6.3573     76.282  26.746124     27.006      7.470   314.6575     1.0999     1.2662     0.0203      0.002      0.077      0.112        126 1.3314e+03 0.0000e+00
      0.080    24.5229     6.3160     75.853  26.706624     26.951      7.469   315.7175     1.1161     1.3736     0.0203      0.003      0.079      0.114        127 1.2582e+03 0.0000e+00
      0.081    24.5232     6.2496     75.154  26.747096     27.008      7.470   316.4747     1.0918     1.2796     0.0203      0.004      0.080      0.117        128 1.4272e+03 0.0000e+00
      0.086    24.5223     6.2181     74.843  26.755049     27.008      7.458   316.3990     1.0878     1.2393     0.0203      0.005      0.085      0.123        129 1.5143e+03 0.0000e+00
      0.093    24.5220     6.2212     74.908  26.756017     27.008      7.447   316.5882     1.1039     1.3333     0.0203      0.008      0.092      0.133        130 1.3975e+03 0.0000e+00
      0.102    24.5212     6.2661     75.460  26.775536     27.036      7.448   315.9068     1.0999     1.2931     0.0203      0.012      0.101      0.146        131 5.0311e+02 0.0000e+00
      0.113    24.5227     6.3293     76.216  26.760402     27.008      7.447   315.9068     1.1080     1.3602     0.0203      0.018      0.111      0.160        132 1.5526e+02 0.0000e+00
      0.122    24.5245     6.4040     77.116  26.804494     27.065      7.439   317.3454     1.0837     1.2796     0.0203      0.023      0.121      0.175        133 2.5292e+02 0.0000e+00
      0.134    24.5293     6.4547     77.730  26.750308     27.008      7.437   316.1340     1.1080     1.2796     0.0203      0.028      0.134      0.193        134 2.0550e+02 0.0000e+00
      0.153    24.5310     6.4798     78.031  26.709257     26.950      7.433   318.2161     1.0352     1.4945     0.0203      0.036      0.145      0.210        135 2.2950e+02 0.0000e+00
      0.154    24.5348     6.4934     78.193  26.855580     27.118      7.422   318.4811     1.0352     1.5213     0.0204      0.039      0.145      0.210        136 3.0243e+02 0.0000e+00
      0.138    24.5802     6.4513     77.685  26.983238     27.228      7.416   317.7240     0.9988     1.4273     0.0204      0.034      0.130      0.188        137 5.2677e+02 0.0000e+00
      0.104    24.6511     6.3903     76.950  27.054353     27.313      7.424   316.8911     1.0029     1.5885     0.0204      0.017      0.104      0.150        138 2.9110e+02 0.0000e+00
      0.076    24.6992     6.3167     76.063  27.033881     27.258      7.428   317.1561     1.1039     1.3065     0.0204     -0.005      0.081      0.118        139 3.2509e+02 0.0000e+00
      0.071    24.7203     6.2430     75.178  26.979055     27.163      7.433   317.7618     1.1039     1.2662     0.0204     -0.025      0.073      0.106        140 2.5720e+02 0.0000e+00
      0.076    24.7274     6.1682     74.279  26.915044     27.080      7.438   317.9133     1.0797     1.3333     0.0204     -0.038      0.076      0.111        141 8.2259e+02 0.0000e+00
      0.086    24.7248     6.1063     73.533  26.817073     26.957      7.441   318.7461     1.0797     1.2662     0.0203     -0.043      0.085      0.123        142 1.5925e+03 0.0000e+00
      0.097    24.7242     6.0485     72.838  26.804519     26.953      7.443   319.5411     1.1080     1.3736     0.0204     -0.038      0.093      0.135        143 1.3561e+03 0.0000e+00
      0.101    24.7273     5.9924     72.162  26.871374     27.011      7.445   320.0711     1.0999     1.3065     0.0204     -0.024      0.098      0.142        144 1.1935e+03 0.0000e+00
      0.101    24.7263     5.9480     71.630  26.941389     27.095      7.441   320.0333     1.1080     1.3333     0.0204     -0.006      0.099      0.143        145 8.5344e+02 0.0000e+00
      0.101    24.7245     5.8973     71.021  26.984194     27.122      7.436   320.2983     1.0635     1.2796     0.0204      0.009      0.100      0.144        146 8.9790e+02 0.0000e+00
      0.103    24.7239     5.8487     70.436  27.025620     27.178      7.428   321.0554     1.1161     1.3065     0.0204      0.017      0.101      0.147        147 6.9598e+02 0.0000e+00
      0.104    24.7239     5.8006     69.858  27.038059     27.179      7.433   320.9040     1.0433     1.3602     0.0204      0.016      0.102      0.149        148 2.7805e+02 0.0000e+00
      0.106    24.7237     5.7683     69.466  26.968712     27.123      7.434   320.8661     1.0231     1.3871     0.0204      0.012      0.104      0.151        149 3.6065e+02 0.0000e+00
      0.107    24.7249     5.7263     68.957  26.993340     27.123      7.440   320.3740     1.0190     1.2393     0.0204      0.008      0.105      0.152        150 7.4382e+02 0.0000e+00
      0.109    24.7259     5.6946     68.574  27.037056     27.208      7.449   320.4118     1.0554     1.2125     0.0204      0.005      0.108      0.156        151 1.2258e+03 0.0000e+00
      0.114    24.7260     5.6628     68.194  26.943955     27.067      7.456   320.5633     1.0352     1.5616     0.0204      0.006      0.111      0.161        152 1.3574e+03 0.0000e+00
      0.117    24.7262     5.6268     67.762  26.960977     27.122      7.461   321.5097     1.0271     1.5348     0.0204      0.008      0.115      0.166        153 1.4172e+03 0.0000e+00
      0.120    24.7268     5.5997     67.439  26.986226     27.122      7.466   322.4183     1.0352     1.4542     0.0204      0.009      0.117      0.170        154 1.4130e+03 0.0000e+00
      0.121    24.7282     5.5740     67.133  26.971823     27.122      7.464   322.1533     1.0150     1.5616     0.0204      0.010      0.119      0.173        155 1.5259e+03 0.0000e+00
      0.124    24.7295     5.5479     66.820  26.978902     27.122      7.468   322.3804     1.0352     1.5885     0.0204      0.010      0.122      0.177        156 1.1939e+03 0.0000e+00
      0.127    24.7303     5.5215     66.505  26.977416     27.121      7.467   323.2511     1.0352     1.5348     0.0204      0.011      0.125      0.182        157 6.0807e+02 0.0000e+00
      0.132    24.7301     5.4892     66.118  26.944027     27.092      7.466   323.0618     1.0312     1.5616     0.0204      0.012      0.130      0.188        158 8.4055e+02 0.0000e+00
      0.137    24.7284     5.4726     65.921  26.872229     27.008      7.466   323.0997     1.0190     1.5348     0.0204      0.012      0.135      0.195        159 1.3770e+03 0.0000e+00
      0.143    24.7258     5.4421     65.556  26.859253     27.008      7.465   323.2890     1.0797     1.5348     0.0204      0.013      0.140      0.203        160 1.4015e+03 0.0000e+00
      0.149    24.7255     5.4241     65.343  26.871240     27.009      7.465   324.1976     1.1161     1.5213     0.0204      0.016      0.145      0.210        161 9.8183e+02 0.0000e+00
      0.150    24.7272     5.3985     65.041  26.916600     27.066      7.465   325.5983     1.0878     1.4676     0.0204      0.017      0.146      0.211        162 6.8176e+02 0.0000e+00
      0.144    24.7288     5.3895     64.939  26.980673     27.123      7.464   324.0083     1.0716     1.5616     0.0204      0.015      0.142      0.205        163 9.5232e+02 0.0000e+00
      0.138    24.7312     5.3752     64.775  27.028662     27.178      7.458   324.1976     1.1767     1.5079     0.0204      0.010      0.138      0.199        164 1.3297e+03 0.0000e+00
      0.138    24.7338     5.3603     64.603  27.064394     27.205      7.451   324.1218     1.1323     1.4945     0.0205      0.005      0.137      0.199        165 1.2708e+03 0.0000e+00
      0.144    24.7353     5.3487     64.470  27.025142     27.176      7.447   324.9547     1.1606     1.5348     0.0204      0.002      0.142      0.205        166 9.4549e+02 0.0000e+00
      0.151    24.7371     5.3338     64.295  26.988575     27.118      7.445   325.6740     1.1606     1.4676     0.0204      0.002      0.147      0.213        167 5.8018e+02 0.0000e+00
      0.154    24.7393     5.3184     64.111  27.020965     27.173      7.441   326.5447     1.1525     1.4676     0.0204      0.002      0.149      0.217        168 7.0035e+02 0.0000e+00
      0.153    24.7413     5.3028     63.924  26.984832     27.116      7.435   327.0368     1.2333     1.3199     0.0204      0.003      0.149      0.216        169 7.9976e+02 0.0000e+00
      0.149    24.7435     5.2806     63.657  27.033540     27.171      7.427   327.6047     1.2374     1.4005     0.0204      0.004      0.146      0.212        170 6.1079e+02 0.0000e+00
