Data/DataNotYetUploadedToEDI/Raw_CTD/RawDownloads/052418_fcr50.cnv
* Sea-Bird SBE19plus  Data File:
* FileName = C:\DATA\052818_fcr_0002.hex
* Software version 2.6.3.104
* Temperature SN = 7809
* Conductivity SN = 7809
* System UpLoad Time = May 28 2018 10:10:54
* <ApplicationData>
* <Seaterm232>
# nquan = 17
# nvalues = 646                         
# units = specified
# name 0 = depFM: Depth [fresh water, m]
# name 1 = tv290C: Temperature [ITS-90, deg C]
# name 2 = sbeox0Mg/L: Oxygen, SBE 43 [mg/l]
# name 3 = sbeox0PS: Oxygen, SBE 43 [% saturation]
# name 4 = c0uS/cm: Conductivity [uS/cm]
# name 5 = specc: Specific Conductance [uS/cm]
# name 6 = ph: pH
# name 7 = orp: Oxidation Reduction Potential [mV]
# name 8 = flECO-AFL: Fluorescence, WET Labs ECO-AFL/FL [mg/m^3]
# name 9 = turbWETntu0: Turbidity, WET Labs ECO [NTU]
# name 10 = sal00: Salinity, Practical [PSU]
# name 11 = dz/dtM: Descent Rate [m/s]
# name 12 = prdM: Pressure, Strain Gauge [db]
# name 13 = prdE: Pressure, Strain Gauge [psi]
# name 14 = scan: Scan Count
# name 15 = par/sat/log: PAR/Logarithmic, Satlantic
# name 16 = flag:  0.000e+00
# span 0 =     -0.498,      9.879       
# span 1 =    21.6985,    28.0627       
# span 2 =     7.4992,    13.3340       
# span 3 =     85.675,    159.194       
# span 4 = 136.609596, 163.695531       
# span 5 =    129.090,    174.020       
# span 6 =     -2.403,      8.028       
# span 7 = -1240.7455,  1240.2295       
# span 8 =    -0.8289,     3.1217       
# span 9 =    -0.9628,   442.7366       
# span 10 =     0.0653,     0.0849      
# span 11 =     -0.005,      0.273      
# span 12 =     -0.488,      9.687      
# span 13 =     -0.708,     14.050      
# span 14 =          1,        646      
# span 15 = -6.074e+01, 2.8863e+03      
# span 16 = 0.0000e+00, 0.0000e+00      
# interval = seconds: 0.25
# start_time = May 24 2018 17:15:59 [Instrument's time stamp, header]
# bad_flag = -9.990e-29
*END*
[from data line 511]
      6.171    24.8566    13.0298    156.690 162.846000    163.123      6.432   335.7062     1.1039     1.4139     0.0804      0.108      6.055      8.782        512 3.3710e+00 0.0000e+00
      6.184    24.8345    13.0520    156.891 162.904494    163.307      6.437   336.5012     1.1646     1.7093     0.0805      0.099      6.075      8.809        513 3.2740e+00 0.0000e+00
      6.228    24.8118    13.0746    157.095 162.919404    163.350      6.434   337.6747     1.0999     1.4139     0.0805      0.094      6.112      8.864        514 3.1723e+00 0.0000e+00
      6.283    24.7897    13.0974    157.303 162.917030    163.450      6.430   337.8640     1.0918     1.4273     0.0805      0.097      6.159      8.932        515 3.0715e+00 0.0000e+00
      6.328    24.7677    13.1164    157.465 162.937345    163.526      6.429   336.9554     1.1727     1.4676     0.0806      0.100      6.202      8.994        516 2.9920e+00 0.0000e+00
      6.362    24.7454    13.1327    157.594 162.953864    163.626      6.425   337.1069     1.0716     1.3602     0.0806      0.110      6.237      9.044        517 2.9615e+00 0.0000e+00
      6.389    24.7229    13.1580    157.832 162.986058    163.727      6.426   336.5012     1.2010     1.3871     0.0806      0.125      6.263      9.083        518 2.9278e+00 0.0000e+00
      6.406    24.7000    13.1718    157.929 162.957021    163.772      6.428   336.0847     1.2172     1.3871     0.0807      0.135      6.283      9.112        519 2.9019e+00 0.0000e+00
      6.424    24.6777    13.1814    157.975 163.049741    163.931      6.433   336.2740     1.2293     1.4676     0.0807      0.136      6.303      9.142        520 2.8548e+00 0.0000e+00
      6.452    24.6553    13.1978    158.106 163.079635    164.064      6.432   336.8419     1.2010     1.4005     0.0808      0.129      6.330      9.182        521 2.8174e+00 0.0000e+00
      6.489    24.6327    13.2066    158.143 163.039250    164.052      6.431   337.3719     1.1929     1.3871     0.0808      0.117      6.365      9.232        522 2.7499e+00 0.0000e+00
      6.532    24.6100    13.2276    158.328 163.070206    164.211      6.429   337.9776     1.2212     1.3871     0.0808      0.111      6.401      9.284        523 2.6879e+00 0.0000e+00
      6.560    24.5867    13.2485    158.507 163.041162    164.201      6.429   337.4476     1.1970     1.5885     0.0808      0.110      6.430      9.324        524 2.6660e+00 0.0000e+00
      6.576    24.5642    13.2698    158.694 163.075447    164.361      6.427   337.3340     1.1889     1.3602     0.0809      0.110      6.450      9.353        525 2.6195e+00 0.0000e+00
      6.593    24.5416    13.2846    158.803 163.057437    164.381      6.428   337.2205     1.1970     1.3871     0.0809      0.110      6.470      9.383        526 2.6050e+00 0.0000e+00
      6.623    24.5187    13.3068    159.000 163.063629    164.484      6.429   337.5990     1.0676     1.5616     0.0810      0.111      6.496      9.422        527 2.5709e+00 0.0000e+00
      6.656    24.4960    13.3288    159.194 163.097640    164.588      6.429   337.4097     1.0878     1.3602     0.0810      0.111      6.522      9.460        528 2.5061e+00 0.0000e+00
      6.672    24.4725    13.3340    159.185 163.074852    164.636      6.429   337.5990     1.1606     1.6959     0.0810      0.104      6.542      9.488        529 2.5056e+00 0.0000e+00
      6.684    24.4494    13.2982    158.690 163.151726    164.796      6.428   337.7505     1.0554     1.3333     0.0811      0.094      6.557      9.509        530 2.5057e+00 0.0000e+00
      6.702    24.4267    13.1695    157.085 163.151246    164.875      6.430   338.1669     1.0756     1.4542     0.0811      0.086      6.573      9.534        531 2.4778e+00 0.0000e+00
      6.720    24.4037    12.9308    154.171 163.135193    164.923      6.429   338.2426     1.1929     1.7630     0.0811      0.082      6.595      9.565        532 2.4161e+00 0.0000e+00
      6.754    24.3808    12.5689    149.791 163.171759    165.056      6.431   339.1512     1.0716     1.4139     0.0812      0.083      6.625      9.608        533 2.3498e+00 0.0000e+00
      6.792    24.3571    12.0915    144.037 163.135639    165.076      6.428   338.9240     1.1808     1.7899     0.0812      0.088      6.656      9.653        534 2.3168e+00 0.0000e+00
      6.813    24.3338    11.6066    138.200 163.180196    165.209      6.425   339.1133     1.2455     1.6825     0.0813      0.089      6.678      9.687        535 2.3098e+00 0.0000e+00
      6.825    24.3109    11.0643    131.686 163.235742    165.346      6.423   338.0155     1.1444     1.6690     0.0813      0.089      6.697      9.713        536 2.3222e+00 0.0000e+00
      6.850    24.2877    10.5870    125.950 163.245637    165.424      6.423   338.9997     1.2819     1.7630     0.0814      0.093      6.719      9.746        537 2.2604e+00 0.0000e+00
      6.879    24.2644    10.1413    120.594 163.287315    165.558      6.424   337.9776     1.1323     1.7362     0.0814      0.098      6.747      9.786        538 2.1825e+00 0.0000e+00
      6.911    24.2405     9.7708    116.136 163.243618    165.579      6.422   338.3183     1.2293     1.7362     0.0814      0.101      6.776      9.828        539 2.2081e+00 0.0000e+00
      6.939    24.2172     9.5030    112.903 163.300071    165.714      6.423   338.0155     1.2900     1.8302     0.0815      0.102      6.803      9.866        540 2.1892e+00 0.0000e+00
      6.959    24.1939     9.2972    110.409 163.336494    165.852      6.422   338.1669     1.2212     1.7362     0.0815      0.099      6.823      9.896        541 2.1391e+00 0.0000e+00
      6.973    24.1707     9.1574    108.701 163.258034    165.816      6.424   338.0533     1.2455     1.7362     0.0815      0.095      6.843      9.925        542 2.1283e+00 0.0000e+00
      7.003    24.1474     9.0408    107.270 163.338078    166.009      6.419   339.9840     1.1848     1.7899     0.0816      0.097      6.872      9.967        543 2.0501e+00 0.0000e+00
      7.046    24.1233     8.9773    106.470 163.386162    166.116      6.418   339.4540     1.1889     1.5482     0.0817      0.103      6.910     10.022        544 2.0042e+00 0.0000e+00
      7.089    24.0997     8.9058    105.575 163.407166    166.223      6.413   341.3090     1.2010     1.7362     0.0817      0.110      6.950     10.080        545 1.9413e+00 0.0000e+00
      7.127    24.0765     8.8457    104.814 163.401529    166.305      6.407   340.5140     1.1606     1.7630     0.0817      0.117      6.982     10.126        546 1.8979e+00 0.0000e+00
      7.141    24.0530     8.8073    104.313 163.333542    166.299      6.408   340.3247     1.2616     1.4273     0.0817      0.119      7.001     10.154        547 1.9176e+00 0.0000e+00
      7.149    24.0292     8.7482    103.567 163.402295    166.463      6.407   340.3247     1.2536     1.6019     0.0818      0.116      7.013     10.171        548 1.9079e+00 0.0000e+00
      7.162    24.0050     8.7036    102.994 163.435401    166.572      6.408   340.5140     1.1727     1.4542     0.0818      0.111      7.028     10.193        549 1.8842e+00 0.0000e+00
      7.187    23.9813     8.6528    102.347 163.411776    166.624      6.411   339.6055     1.2495     1.7765     0.0819      0.104      7.055     10.232        550 1.8044e+00 0.0000e+00
      7.234    23.9580     8.6277    102.002 163.461597    166.764      6.408   339.4540     1.1686     1.7093     0.0819      0.099      7.093     10.288        551 1.7540e+00 0.0000e+00
      7.276    23.9345     8.6218    101.887 163.433147    166.816      6.403   340.2112     1.0756     1.4408     0.0819      0.098      7.133     10.347        552 1.7431e+00 0.0000e+00
      7.315    23.9108     8.6195    101.815 163.417392    166.866      6.403   340.2490     1.1525     1.4676     0.0820      0.103      7.168     10.396        553 1.7155e+00 0.0000e+00
      7.336    23.8873     8.6134    101.697 163.481258    167.033      6.402   339.0376     0.9948     1.2393     0.0820      0.110      7.188     10.425        554 1.7096e+00 0.0000e+00
      7.336    23.8635     8.5965    101.453 163.473101    167.085      6.403   339.7569     1.0029     1.0245     0.0821      0.114      7.193     10.432        555 1.7085e+00 0.0000e+00
      7.332    23.8392     8.5739    101.138 163.427597    167.137      6.405   338.6590     1.0029     1.1051     0.0821      0.107      7.192     10.430        556 1.7176e+00 0.0000e+00
      7.329    23.8155     8.5581    100.907 163.478251    167.247      6.406   340.2112     0.9826     1.0111     0.0821      0.089      7.197     10.439        557 1.6893e+00 0.0000e+00
      7.358    23.7917     8.5354    100.595 163.499653    167.387      6.406   342.2933     0.9786     1.0111     0.0822      0.072      7.222     10.474        558 1.6371e+00 0.0000e+00
      7.406    23.7681     8.5109    100.261 163.460709    167.382      6.401   341.6119     0.9826     1.0111     0.0822      0.063      7.258     10.527        559 1.6335e+00 0.0000e+00
      7.437    23.7443     8.4839     99.898 163.496928    167.550      6.398   341.3847     1.0392     1.0111     0.0823      0.062      7.291     10.575        560 1.5925e+00 0.0000e+00
      7.462    23.7198     8.4636     99.612 163.514324    167.603      6.399   341.2712     1.0473     1.0782     0.0823      0.069      7.319     10.614        561 1.5697e+00 0.0000e+00
      7.487    23.6960     8.4504     99.412 163.558495    167.771      6.401   340.3247     1.0473     1.0782     0.0823      0.083      7.350     10.659        562 1.5657e+00 0.0000e+00
      7.535    23.6723     8.4349     99.185 163.591241    167.856      6.398   341.0819     1.0554     1.1319     0.0824      0.105      7.399     10.729        563 1.4889e+00 0.0000e+00
      7.612    23.6484     8.4184     98.946 163.593012    167.966      6.385   343.0883     0.9826     1.1856     0.0824      0.134      7.459     10.817        564 1.4177e+00 0.0000e+00
      7.668    23.6244     8.3955     98.632 163.586194    168.019      6.379   340.4762     1.0029     1.1722     0.0825      0.158      7.510     10.892        565 1.3719e+00 0.0000e+00
      7.692    23.5997     8.3683     98.267 163.599783    168.131      6.381   340.4383     1.0514     1.2125     0.0825      0.166      7.540     10.937        566 1.3444e+00 0.0000e+00
      7.709    23.5758     8.3369     97.854 163.635849    168.243      6.387   339.8326     0.9948     1.0916     0.0825      0.164      7.565     10.973        567 1.3303e+00 0.0000e+00
      7.746    23.5522     8.3011     97.390 163.630905    168.329      6.387   342.1798     1.0554     1.0916     0.0826      0.165      7.600     11.023        568 1.3090e+00 0.0000e+00
      7.795    23.5282     8.2736     97.023 163.695531    168.469      6.385   340.5519     1.1080     1.3468     0.0826      0.166      7.643     11.085        569 1.2750e+00 0.0000e+00
      7.840    23.5043     8.2532     96.740 163.674862    168.551      6.379   342.7098     1.0352     1.2662     0.0827      0.163      7.687     11.149        570 1.2122e+00 0.0000e+00
      7.881    23.4797     8.2332     96.460 163.626838    168.548      6.382   341.5740     1.0959     1.1722     0.0827      0.155      7.730     11.211        571 1.1858e+00 0.0000e+00
      7.928    23.4556     8.2240     96.309 163.606124    168.659      6.377   343.0126     0.9665     1.2796     0.0827      0.150      7.770     11.271        572 1.1466e+00 0.0000e+00
      7.962    23.4316     8.2120     96.124 163.611158    168.688      6.375   341.4605     0.9341     1.1856     0.0827      0.152      7.805     11.321        573 1.1091e+00 0.0000e+00
      7.986    23.4077     8.1976     95.912 163.650475    168.887      6.381   342.8612     0.9584     1.2528     0.0828      0.156      7.833     11.361        574 1.1034e+00 0.0000e+00
      8.016    23.3836     8.1769     95.626 163.616943    168.854      6.380   341.2712     0.9260     1.2931     0.0828      0.155      7.860     11.400        575 1.0769e+00 0.0000e+00
      8.042    23.3589     8.1680     95.477 163.652945    169.054      6.382   342.3312     1.0271     1.2662     0.0829      0.145      7.888     11.440        576 1.0791e+00 0.0000e+00
      8.073    23.3349     8.1641     95.388 163.665420    169.080      6.384   341.2712     1.0473     1.2259     0.0829      0.134      7.917     11.482        577 1.0585e+00 0.0000e+00
      8.105    23.3110     8.1603     95.299 163.601475    169.167      6.386   339.8705     1.0635     1.2931     0.0829      0.125      7.944     11.522        578 1.0283e+00 0.0000e+00
      8.121    23.2870     8.1629     95.287 163.583351    169.164      6.387   339.9840     1.0554     1.3333     0.0829      0.116      7.971     11.561        579 9.9215e-01 0.0000e+00
      8.160    23.2627     8.1615     95.227 163.658185    169.393      6.387   340.9305     1.0473     1.2931     0.0830      0.111      8.008     11.615        580 9.4003e-01 0.0000e+00
      8.219    23.2381     8.1746     95.335 163.627785    169.390      6.381   341.3469     1.0473     1.2796     0.0830      0.119      8.053     11.679        581 9.2875e-01 0.0000e+00
      8.251    23.2138     8.1829     95.388 163.621241    169.504      6.379   341.9526     1.0797     1.3871     0.0831      0.128      8.084     11.725        582 9.5785e-01 0.0000e+00
      8.259    23.1898     8.1936     95.467 163.636541    169.591      6.380   343.0883     1.0918     1.3602     0.0831      0.127      8.102     11.751        583 9.3882e-01 0.0000e+00
      8.279    23.1658     8.1912     95.396 163.549110    169.588      6.381   341.9526     0.9948     1.3468     0.0831      0.124      8.122     11.780        584 8.9001e-01 0.0000e+00
      8.310    23.1415     8.1810     95.234 163.521184    169.644      6.384   342.6340     1.0271     1.5079     0.0831      0.120      8.143     11.810        585 8.7992e-01 0.0000e+00
      8.317    23.1166     8.1633     94.983 163.492276    169.699      6.383   342.8612     0.9867     1.2259     0.0831      0.111      8.155     11.829        586 8.7961e-01 0.0000e+00
      8.321    23.0924     8.1443     94.718 163.525449    169.814      6.387   342.4448     1.0271     1.3871     0.0832      0.097      8.167     11.846        587 8.8731e-01 0.0000e+00
      8.348    23.0682     8.1194     94.386 163.509803    169.902      6.386   340.4762     1.0756     1.4542     0.0832      0.081      8.193     11.882        588 8.5011e-01 0.0000e+00
      8.392    23.0441     8.1032     94.154 163.452114    169.900      6.386   342.6719     1.0150     1.2393     0.0832      0.075      8.235     11.944        589 8.1893e-01 0.0000e+00
      8.454    23.0200     8.0957     94.023 163.507763    170.073      6.381   341.7255     1.0999     1.5213     0.0833      0.089      8.286     12.018        590 8.2684e-01 0.0000e+00
      8.500    22.9952     8.0999     94.027 163.500298    170.130      6.374   342.2176     1.0312     1.1856     0.0833      0.110      8.328     12.079        591 8.1173e-01 0.0000e+00
      8.522    22.9711     8.1155     94.165 163.521152    170.243      6.374   340.5140     1.0109     1.4676     0.0834      0.123      8.355     12.118        592 7.9263e-01 0.0000e+00
      8.539    22.9466     8.1333     94.328 163.511712    170.332      6.377   341.4983     1.1161     1.4810     0.0834      0.130      8.379     12.152        593 7.8019e-01 0.0000e+00
      8.571    22.9223     8.1485     94.460 163.452412    170.330      6.378   341.2712     1.0392     1.4408     0.0834      0.139      8.413     12.201        594 7.3493e-01 0.0000e+00
      8.624    22.8982     8.1595     94.545 163.505471    170.505      6.371   342.7855     1.1161     1.4005     0.0835      0.147      8.459     12.268        595 7.1253e-01 0.0000e+00
