Data/DataNotYetUploadedToEDI/Raw_CTD/RawDownloads/052818_fcr10.cnv
* Sea-Bird SBE19plus  Data File:
* FileName = C:\DATA\052818_fcr_0001.hex
* Software version 2.6.3.104
* Temperature SN = 7809
* Conductivity SN = 7809
* System UpLoad Time = May 28 2018 15:47:14
* <ApplicationData>
* <Seaterm232>
# nquan = 17
# nvalues = 420                         
# units = specified
# name 0 = depFM: Depth [fresh water, m]
# name 1 = tv290C: Temperature [ITS-90, deg C]
# name 2 = sbeox0Mg/L: Oxygen, SBE 43 [mg/l]
# name 3 = sbeox0PS: Oxygen, SBE 43 [% saturation]
# name 4 = c0uS/cm: Conductivity [uS/cm]
# name 5 = specc: Specific Conductance [uS/cm]
# name 6 = ph: pH
# name 7 = orp: Oxidation Reduction Potential [mV]
# name 8 = flECO-AFL: Fluorescence, WET Labs ECO-AFL/FL [mg/m^3]
# name 9 = turbWETntu0: Turbidity, WET Labs ECO [NTU]
# name 10 = sal00: Salinity, Practical [PSU]
# name 11 = dz/dtM: Descent Rate [m/s]
# name 12 = prdM: Pressure, Strain Gauge [db]
# name 13 = prdE: Pressure, Strain Gauge [psi]
# name 14 = scan: Scan Count
# name 15 = par/sat/log: PAR/Logarithmic, Satlantic
# name 16 = flag:  0.000e+00
# span 0 =     -0.555,      2.656       
# span 1 =    16.1404,    24.9422       
# span 2 =    -0.8172,    10.0543       
# span 3 =     -8.334,    105.407       
# span 4 =   1.389406, 145.795439       
# span 5 =      1.627,    176.480       
# span 6 =      5.515,      7.320       
# span 7 =   176.8950,  1240.2295       
# span 8 =    -0.1698,     5.6975       
# span 9 =    -0.2109,    22.5763       
# span 10 =     0.0119,     0.0848      
# span 11 =     -0.142,      0.188      
# span 12 =     -0.544,      2.603      
# span 13 =     -0.789,      3.775      
# span 14 =          1,        420      
# span 15 = 1.9897e+01, 9.6690e+02      
# span 16 = 0.0000e+00, 0.0000e+00      
# interval = seconds: 0.25
# start_time = May 28 2018 15:33:33 [Instrument's time stamp, header]
# bad_flag = -9.990e-29
*END*
[from data line 341]
      0.748    22.0752     8.3999     93.734  30.470479     32.174      7.097   281.8353     2.7133     1.7093     0.0217      0.082      0.734      1.065        342 2.5858e+02 0.0000e+00
      0.775    21.9916     8.3582     93.001  31.401226     33.409      7.094   282.2896     2.6850     1.6422     0.0222      0.086      0.760      1.103        343 2.5012e+02 0.0000e+00
      0.803    21.9179     8.3065     92.213  31.787762     33.695      7.087   282.1003     2.6729     1.7496     0.0223      0.092      0.787      1.142        344 2.4010e+02 0.0000e+00
      0.830    21.8128     8.2383     91.328  31.798211     33.874      7.082   282.3653     2.6527     1.9510     0.0224      0.097      0.814      1.181        345 2.3277e+02 0.0000e+00
      0.857    21.6528     8.1352     90.081  32.070260     34.135      7.077   282.2896     2.6324     1.8839     0.0224      0.100      0.841      1.221        346 2.2196e+02 0.0000e+00
      0.888    21.4779     8.0147     88.583  32.042291     34.271      7.069   282.8196     2.6203     1.9242     0.0225      0.103      0.871      1.264        347 2.1595e+02 0.0000e+00
      0.921    21.3168     7.8635     86.743  31.566199     33.790      7.057   283.8796     2.6122     1.9107     0.0222      0.108      0.901      1.306        348 2.0866e+02 0.0000e+00
      0.947    21.1649     7.7160     85.002  31.180199     33.558      7.050   283.8039     2.4950     2.0450     0.0221      0.111      0.927      1.344        349 2.0390e+02 0.0000e+00
      0.969    21.0304     7.5976     83.579  31.218039     33.672      7.043   283.9932     2.4909     1.9645     0.0221      0.110      0.952      1.380        350 2.0054e+02 0.0000e+00
      0.998    20.8875     7.5006     82.374  31.430223     34.058      7.038   283.9932     2.5071     1.8839     0.0222      0.110      0.977      1.418        351 1.9427e+02 0.0000e+00
      1.024    20.7281     7.4310     81.466  31.360983     34.064      7.028   284.4853     2.4788     1.9645     0.0221      0.109      1.002      1.454        352 1.9200e+02 0.0000e+00
      1.044    20.5819     7.3980     80.974  30.978100     33.745      7.018   284.8639     2.2928     2.2464     0.0220      0.106      1.024      1.485        353 1.8901e+02 0.0000e+00
      1.066    20.4659     7.3880     80.786  30.839319     33.710      7.011   286.2267     2.3130     2.1793     0.0219      0.102      1.045      1.516        354 1.8444e+02 0.0000e+00
      1.089    20.3943     7.4111     80.934  30.881426     33.879      7.000   287.0974     2.3049     2.1927     0.0219      0.097      1.067      1.548        355 1.8133e+02 0.0000e+00
      1.109    20.3345     7.4604     81.344  30.896108     33.966      6.987   287.5139     2.2968     2.1524     0.0219      0.093      1.088      1.578        356 1.7720e+02 0.0000e+00
      1.131    20.2419     7.5108     81.769  31.028654     34.173      6.974   287.6653     2.1553     2.3270     0.0220      0.090      1.108      1.608        357 1.7298e+02 0.0000e+00
      1.150    20.1448     7.5686     82.250  31.131630     34.341      6.964   288.2710     2.1634     2.3002     0.0220      0.088      1.128      1.638        358 1.6992e+02 0.0000e+00
      1.172    20.0753     7.6258     82.715  31.212761     34.473      6.954   288.3846     2.1917     2.3002     0.0221      0.084      1.149      1.668        359 1.6567e+02 0.0000e+00
      1.195    20.0041     7.6685     83.018  31.342848     34.734      6.944   288.1953     2.1512     2.4210     0.0221      0.084      1.173      1.701        360 1.6108e+02 0.0000e+00
      1.222    19.9209     7.6645     82.802  31.384902     34.787      6.932   288.7253     2.1755     2.2464     0.0221      0.086      1.200      1.740        361 1.5560e+02 0.0000e+00
      1.253    19.8317     7.6867     82.887  31.486630     34.997      6.917   289.7475     2.1634     2.8641     0.0222      0.089      1.228      1.781        362 1.5073e+02 0.0000e+00
      1.281    19.7531     7.6766     82.661  31.453499     35.000      6.902   290.0503     2.1634     2.9984     0.0222      0.093      1.255      1.821        363 1.4790e+02 0.0000e+00
      1.305    19.7018     7.6811     82.585  31.307562     34.913      6.893   290.3532     2.1715     2.9178     0.0221      0.098      1.281      1.859        364 1.4404e+02 0.0000e+00
      1.334    19.6383     7.7350     83.027  31.253156     34.914      6.882   290.8832     2.1472     2.9178     0.0221      0.102      1.307      1.896        365 1.3996e+02 0.0000e+00
      1.359    19.5598     7.8270     83.911  31.432282     35.139      6.868   290.4667     2.1472     3.7772     0.0222      0.105      1.332      1.932        366 1.3692e+02 0.0000e+00
      1.383    19.4828     7.9560     85.191  31.470144     35.284      6.861   290.3910     2.1634     3.8041     0.0222      0.105      1.358      1.969        367 1.3243e+02 0.0000e+00
      1.412    19.3934     8.0616     86.205  31.057808     34.814      6.851   290.4667     2.1755     3.8846     0.0220      0.106      1.385      2.008        368 1.2819e+02 0.0000e+00
      1.439    19.2993     8.1299     86.839  30.818692     34.653      6.842   291.1482     2.1796     3.7907     0.0219      0.105      1.412      2.047        369 1.2431e+02 0.0000e+00
      1.467    19.2031     8.1601     87.055  30.848553     34.724      6.839   290.9589     2.2685     4.0189     0.0219      0.104      1.438      2.085        370 1.1998e+02 0.0000e+00
      1.492    19.0998     8.1976     87.322  30.753823     34.734      6.831   291.4889     2.3130     3.9786     0.0219      0.104      1.463      2.122        371 1.1672e+02 0.0000e+00
      1.516    19.0080     8.2620     87.858  30.343603     34.304      6.826   291.9432     2.3211     3.9249     0.0217      0.104      1.488      2.157        372 1.1310e+02 0.0000e+00
      1.541    18.9373     8.3718     88.906  30.084122     34.099      6.819   292.3975     2.2968     4.0055     0.0215      0.103      1.513      2.194        373 1.0913e+02 0.0000e+00
      1.570    18.8625     8.5058     90.188  30.513421     34.647      6.813   292.8518     2.1755     4.6366     0.0217      0.103      1.541      2.234        374 1.0451e+02 0.0000e+00
      1.602    18.7819     8.6723     91.859  31.054724     35.370      6.809   293.0410     2.1836     4.5560     0.0220      0.105      1.569      2.275        375 1.0071e+02 0.0000e+00
      1.626    18.7204     8.8988     94.199  31.100623     35.430      6.811   293.4953     2.1796     4.6769     0.0220      0.104      1.594      2.312        376 9.8226e+01 0.0000e+00
      1.649    18.6605     9.1680     96.932  31.019705     35.433      6.811   293.4196     2.1512     4.6635     0.0220      0.104      1.618      2.347        377 9.5187e+01 0.0000e+00
      1.674    18.5952     9.4398     99.669  30.473476     34.875      6.808   293.9875     2.2079     5.9526     0.0217      0.103      1.643      2.384        378 9.1255e+01 0.0000e+00
      1.704    18.5388     9.6729    102.040  29.615917     33.866      6.803   294.4418     2.2159     5.8720     0.0213      0.104      1.672      2.426        379 8.6560e+01 0.0000e+00
      1.737    18.4806     9.8607    103.881  29.655610     34.015      6.796   294.4418     2.2443     5.8586     0.0213      0.106      1.704      2.473        380 8.1849e+01 0.0000e+00
      1.774    18.4040     9.9868    104.978  29.682845     34.121      6.788   295.1232     2.2362     5.9526     0.0214      0.110      1.739      2.523        381 7.6896e+01 0.0000e+00
      1.811    18.3233    10.0511    105.407  28.959422     33.269      6.787   295.6153     2.2362     5.9257     0.0210      0.115      1.772      2.571        382 7.3290e+01 0.0000e+00
      1.836    18.2539    10.0543    105.255  28.510146     32.843      6.786   295.4639     2.2321     7.3893     0.0208      0.118      1.800      2.611        383 7.1066e+01 0.0000e+00
      1.859    18.1807     9.9801    104.291  28.403772     32.778      6.790   295.4260     2.2362     7.2953     0.0207      0.120      1.824      2.646        384 6.8189e+01 0.0000e+00
      1.886    18.1289     9.8138    102.379  28.469222     32.892      6.796   295.3503     2.2240     7.3759     0.0208      0.120      1.849      2.682        385 6.5473e+01 0.0000e+00
      1.910    18.0978     9.5460     99.417  28.576965     33.112      6.803   295.5018     2.2159     7.3625     0.0208      0.117      1.873      2.717        386 6.3233e+01 0.0000e+00
      1.934    18.0393     9.1992     95.658  28.417955     32.924      6.803   295.5018     2.1553     7.7653     0.0207      0.112      1.898      2.753        387 6.0618e+01 0.0000e+00
      1.962    17.9745     8.7585     90.864  28.222409     32.753      6.809   295.4639     2.1472     7.7788     0.0207      0.106      1.923      2.789        388 5.8308e+01 0.0000e+00
      1.987    17.9288     8.1624     84.450  28.197732     32.732      6.811   295.6153     2.1836     7.8996     0.0206      0.102      1.948      2.826        389 5.6240e+01 0.0000e+00
      2.011    17.8644     7.3835     76.195  28.270801     32.913      6.817   295.4260     2.1836     7.7922     0.0207      0.099      1.973      2.862        390 5.3873e+01 0.0000e+00
      2.040    17.7568     6.4614     66.551  28.487270     33.142      6.820   295.4260     1.9572     6.9731     0.0208      0.100      1.999      2.899        391 5.1512e+01 0.0000e+00
      2.065    17.6457     5.4185     55.738  28.728855     33.551      6.822   295.0475     1.9733     6.9462     0.0209      0.101      2.023      2.934        392 4.9820e+01 0.0000e+00
      2.083    17.5573     4.4209     45.435  28.918922     33.765      6.828   295.6532     1.9572     6.9999     0.0210      0.099      2.043      2.964        393 4.8222e+01 0.0000e+00
      2.103    17.4733     3.3512     34.420  28.814091     33.855      6.829   295.6910     1.9733     6.9059     0.0210      0.097      2.063      2.993        394 4.6477e+01 0.0000e+00
      2.124    17.3881     2.3889     24.524  29.304088     34.284      6.834   295.1989     1.8520     6.1808     0.0211      0.094      2.085      3.024        395 4.4673e+01 0.0000e+00
      2.150    17.3100     1.5252     15.651  31.096278     36.723      6.833   295.8046     1.8278     6.0600     0.0221      0.091      2.110      3.061        396 4.2200e+01 0.0000e+00
      2.182    17.2321     0.7422      7.612  32.513971     38.277      6.827   295.7668     1.8520     6.0465     0.0227      0.092      2.140      3.105        397 3.9685e+01 0.0000e+00
      2.216    17.1228     0.1756      1.800  32.639974     38.681      6.816   295.9182     1.8520     5.9928     0.0229      0.095      2.172      3.151        398 3.7583e+01 0.0000e+00
      2.248    16.9904    -0.2948     -3.020  32.125625     37.922      6.807   296.2589     1.9086     5.2409     0.0225      0.100      2.203      3.195        399 3.5734e+01 0.0000e+00
      2.276    16.8681    -0.5703     -5.839  33.272743     39.482      6.784   295.8803     1.8965     5.2140     0.0231      0.106      2.230      3.235        400 3.4260e+01 0.0000e+00
      2.299    16.7743    -0.7619     -7.794  36.876866     43.865      6.762   296.5996     1.9086     5.1603     0.0250      0.111      2.253      3.269        401 3.3163e+01 0.0000e+00
      2.320    16.7096    -0.8144     -8.318  40.512434     48.468      6.737   296.4103     1.9127     5.2677     0.0269      0.112      2.276      3.302        402 3.1880e+01 0.0000e+00
      2.345    16.6639    -0.8172     -8.334  50.968919     60.390      6.714   296.4103     1.8803     5.2677     0.0320      0.110      2.301      3.338        403 3.0408e+01 0.0000e+00
      2.375    16.6323    -0.7312     -7.449  70.138914     84.602      6.694   296.5996     1.9046     5.0663     0.0427      0.108      2.329      3.379        404 2.8907e+01 0.0000e+00
      2.406    16.6076    -0.6208     -6.321  88.289809    105.567      6.674   296.9782     1.9208     5.0260     0.0522      0.105      2.357      3.419        405 2.7727e+01 0.0000e+00
      2.430    16.5869    -0.4960     -5.049  99.585716    120.290      6.636   295.8803     1.9127     5.1066     0.0589      0.103      2.383      3.456        406 2.6828e+01 0.0000e+00
      2.454    16.5638    -0.3843     -3.910 106.308783    127.034      6.591   294.8203     1.8844     5.0932     0.0620      0.102      2.408      3.492        407 2.5639e+01 0.0000e+00
      2.482    16.5357    -0.2791     -2.837 115.690185    139.609      6.541   294.1389     1.6822     5.1200     0.0677      0.103      2.433      3.529        408 2.4534e+01 0.0000e+00
      2.508    16.5067 -9.990e-29 -9.990e-29 122.324129    146.979      6.503   293.9496     1.7145     5.0395     0.0711      0.104      2.458      3.565        409 2.3866e+01 0.0000e+00
      2.527    16.4766 -9.990e-29 -9.990e-29 123.809581    149.173      6.487   293.9118     1.7024     5.0797     0.0722      0.103      2.479      3.596        410 2.3210e+01 0.0000e+00
      2.550    16.4313 -9.990e-29 -9.990e-29 125.785071    151.340      6.484   287.9303     1.6984     4.9589     0.0732      0.100      2.501      3.628        411 2.2349e+01 0.0000e+00
      2.576    16.3630 -9.990e-29 -9.990e-29 131.275966    158.184      6.490   269.9860     1.6539     6.3688     0.0763      0.097      2.526      3.663        412 2.1540e+01 0.0000e+00
      2.602    16.2882 -9.990e-29 -9.990e-29 140.368391    169.406      6.505   241.6687     1.6498     6.4225     0.0815      0.095      2.548      3.696        413 2.0990e+01 0.0000e+00
      2.618    16.2345 -9.990e-29 -9.990e-29 145.795439    176.480      6.526   226.0716     1.6741     6.3420     0.0848      0.093      2.565      3.720        414 2.0783e+01 0.0000e+00
      2.627    16.2089 -9.990e-29 -9.990e-29 144.734040    175.168      6.552   214.8280     1.6539     6.3957     0.0842      0.087      2.575      3.735        415 2.0642e+01 0.0000e+00
      2.633    16.2007 -9.990e-29 -9.990e-29 142.374855    172.638      6.575   207.1808     1.8439     7.1208     0.0830      0.078      2.582      3.745        416 2.0441e+01 0.0000e+00
      2.640    16.1703 -9.990e-29 -9.990e-29 141.158015    171.242      6.601   199.3822     1.8358     7.2014     0.0823      0.068      2.589      3.755        417 2.0234e+01 0.0000e+00
      2.647    16.1404 -9.990e-29 -9.990e-29 142.342550    172.575      6.626   191.4700     1.8237     7.1611     0.0829      0.058      2.595      3.764        418 1.9976e+01 0.0000e+00
      2.653 -9.990e-29 -9.990e-29 -9.990e-29 143.584140    174.669      6.648   183.5200     1.8318     7.1476     0.0839      0.047      2.601      3.772        419 1.9897e+01 0.0000e+00
      2.656 -9.990e-29 -9.990e-29 -9.990e-29 143.041692    173.491      6.669   176.8950     1.7550     7.1208     0.0833      0.036      2.603      3.775        420 1.9953e+01 0.0000e+00
