Data/DataNotYetUploadedToEDI/Raw_CTD/RawDownloads/052818_fcr10.cnv
* Sea-Bird SBE19plus  Data File:
* FileName = C:\DATA\052818_fcr_0001.hex
* Software version 2.6.3.104
* Temperature SN = 7809
* Conductivity SN = 7809
* System UpLoad Time = May 28 2018 15:47:14
* <ApplicationData>
* <Seaterm232>
# nquan = 17
# nvalues = 420                         
# units = specified
# name 0 = depFM: Depth [fresh water, m]
# name 1 = tv290C: Temperature [ITS-90, deg C]
# name 2 = sbeox0Mg/L: Oxygen, SBE 43 [mg/l]
# name 3 = sbeox0PS: Oxygen, SBE 43 [% saturation]
# name 4 = c0uS/cm: Conductivity [uS/cm]
# name 5 = specc: Specific Conductance [uS/cm]
# name 6 = ph: pH
# name 7 = orp: Oxidation Reduction Potential [mV]
# name 8 = flECO-AFL: Fluorescence, WET Labs ECO-AFL/FL [mg/m^3]
# name 9 = turbWETntu0: Turbidity, WET Labs ECO [NTU]
# name 10 = sal00: Salinity, Practical [PSU]
# name 11 = dz/dtM: Descent Rate [m/s]
# name 12 = prdM: Pressure, Strain Gauge [db]
# name 13 = prdE: Pressure, Strain Gauge [psi]
# name 14 = scan: Scan Count
# name 15 = par/sat/log: PAR/Logarithmic, Satlantic
# name 16 = flag:  0.000e+00
# span 0 =     -0.555,      2.656       
# span 1 =    16.1404,    24.9422       
# span 2 =    -0.8172,    10.0543       
# span 3 =     -8.334,    105.407       
# span 4 =   1.389406, 145.795439       
# span 5 =      1.627,    176.480       
# span 6 =      5.515,      7.320       
# span 7 =   176.8950,  1240.2295       
# span 8 =    -0.1698,     5.6975       
# span 9 =    -0.2109,    22.5763       
# span 10 =     0.0119,     0.0848      
# span 11 =     -0.142,      0.188      
# span 12 =     -0.544,      2.603      
# span 13 =     -0.789,      3.775      
# span 14 =          1,        420      
# span 15 = 1.9897e+01, 9.6690e+02      
# span 16 = 0.0000e+00, 0.0000e+00      
# interval = seconds: 0.25
# start_time = May 28 2018 15:33:33 [Instrument's time stamp, header]
# bad_flag = -9.990e-29
*END*
[from data line 171]
     -0.159    24.1508     4.7656     56.578  30.723052     31.248      7.193   263.2095     4.5127     1.7630     0.0219      0.000     -0.156     -0.227        172 7.8893e+02 0.0000e+00
     -0.162    24.1517     5.1636     61.195  30.776966     31.305      7.188   263.0581     4.5046     1.8167     0.0219     -0.000     -0.158     -0.229        173 7.9196e+02 0.0000e+00
     -0.162    24.1535     5.7780     68.414  30.770889     31.305      7.187   263.2095     4.4642     1.7093     0.0219     -0.000     -0.158     -0.229        174 7.9405e+02 0.0000e+00
     -0.159    24.1545     6.4473     76.302  30.730613     31.247      7.184   263.3610     4.4966     1.7362     0.0219     -0.000     -0.156     -0.226        175 7.9325e+02 0.0000e+00
     -0.157    24.1538     7.1112     84.133  30.708486     31.246      7.181   263.7774     4.4885     1.7362     0.0219      0.000     -0.155     -0.225        176 7.9864e+02 0.0000e+00
     -0.160    24.1545     7.6332     90.304  30.679824     31.189      7.176   263.5881     4.5006     1.7899     0.0219      0.000     -0.156     -0.226        177 8.0075e+02 0.0000e+00
     -0.161    24.1556     8.0230     94.933  30.706982     31.246      7.171   263.6638     4.4804     1.7362     0.0219     -0.000     -0.157     -0.227        178 8.0222e+02 0.0000e+00
     -0.160    24.1570     8.2931     98.142  30.674688     31.189      7.171   263.7774     4.4804     1.7093     0.0219     -0.000     -0.157     -0.227        179 8.0404e+02 0.0000e+00
     -0.159    24.1554     8.4167     99.610  30.720012     31.245      7.177   263.6260     4.5006     1.7630     0.0219      0.001     -0.156     -0.227        180 8.0312e+02 0.0000e+00
     -0.159    24.0919     8.4075     99.510  30.650576     31.188      7.181   264.0045     4.6260     2.0182     0.0219      0.001     -0.156     -0.227        181 7.9910e+02 0.0000e+00
     -0.160    23.9641     8.3298     98.606  30.079146     30.591      7.185   264.2695     4.6260     1.9913     0.0216      0.000     -0.157     -0.228        182 7.9410e+02 0.0000e+00
     -0.162    23.8667     8.2292     97.428  29.622506     30.146      7.192   264.2695     4.6300     1.9510     0.0214     -0.001     -0.159     -0.230        183 7.9406e+02 0.0000e+00
     -0.163    23.8189     8.1405     96.389  29.588151     30.227      7.194   264.5724     4.6017     1.9510     0.0214     -0.002     -0.159     -0.231        184 7.9565e+02 0.0000e+00
     -0.163    23.7924     8.0730     95.603  29.617905     30.286      7.193   264.7617     4.7594     1.6959     0.0214     -0.002     -0.159     -0.231        185 7.9597e+02 0.0000e+00
     -0.160    23.7765     8.0145     94.918  29.644815     30.374      7.192   265.1024     4.7675     1.8436     0.0215     -0.001     -0.158     -0.228        186 7.9752e+02 0.0000e+00
     -0.159    23.7735     7.9517     94.178  29.613982     30.332      7.187   265.2160     4.7311     1.7765     0.0214     -0.001     -0.157     -0.227        187 7.9944e+02 0.0000e+00
     -0.160    23.7832     7.8978     93.543  29.626638     30.371      7.177   265.4052     4.7594     1.6556     0.0214     -0.001     -0.157     -0.227        188 7.9967e+02 0.0000e+00
     -0.160    23.7901     7.8648     93.157  29.658721     30.402      7.168   264.9510     4.3955     1.6959     0.0215      0.000     -0.157     -0.227        189 7.9595e+02 0.0000e+00
     -0.160    23.7932     7.8410     92.882  29.663004     30.395      7.150   265.2160     4.4238     1.7899     0.0215      0.001     -0.156     -0.226        190 7.9285e+02 0.0000e+00
     -0.158    23.7983     7.8415     92.902  29.710253     30.448      7.138   265.2917     4.4197     1.7496     0.0215      0.002     -0.155     -0.224        191 7.9104e+02 0.0000e+00
     -0.155    23.8060     7.8354     92.845  29.659215     30.389      7.137   265.0645     4.4278     1.6556     0.0215      0.003     -0.153     -0.222        192 7.9124e+02 0.0000e+00
     -0.155    23.8131     7.8294     92.785  29.667218     30.386      7.147   265.6324     4.4319     1.7496     0.0215      0.003     -0.153     -0.223        193 7.9369e+02 0.0000e+00
     -0.160    23.8196     7.8372     92.893  29.729941     30.467      7.160   265.5945     4.4885     1.7228     0.0215      0.002     -0.157     -0.227        194 7.9092e+02 0.0000e+00
     -0.164    23.8266     7.8546     93.109  29.670104     30.377      7.173   265.7838     4.5046     1.7899     0.0215     -0.000     -0.159     -0.231        195 7.9159e+02 0.0000e+00
     -0.163    23.8314     7.8732     93.336  29.652734     30.373      7.185   266.1245     4.4723     1.7899     0.0215     -0.002     -0.159     -0.231        196 7.9449e+02 0.0000e+00
     -0.160    23.8333     7.8805     93.435  29.721904     30.426      7.186   266.2002     4.4804     1.7228     0.0215     -0.002     -0.158     -0.228        197 7.9517e+02 0.0000e+00
     -0.159    23.8351     7.8799     93.445  29.761915     30.480      7.185   266.2002     4.6138     1.7093     0.0215     -0.002     -0.156     -0.226        198 7.9883e+02 0.0000e+00
     -0.159    23.8379     7.8781     93.441  29.721537     30.421      7.175   266.6167     4.6098     1.8973     0.0215     -0.002     -0.156     -0.226        199 8.0117e+02 0.0000e+00
     -0.160    23.8424     7.8848     93.529  29.772153     30.477      7.166   266.8060     4.6219     1.6959     0.0215     -0.002     -0.157     -0.227        200 7.9594e+02 0.0000e+00
     -0.162    23.8505     7.8894     93.587  29.787871     30.504      7.165   266.6545     4.6057     1.7362     0.0215     -0.001     -0.159     -0.230        201 7.9503e+02 0.0000e+00
     -0.165    23.8587     7.8978     93.696  29.731625     30.416      7.170   266.5031     4.4763     1.8705     0.0215     -0.000     -0.160     -0.233        202 7.9845e+02 0.0000e+00
     -0.164    23.8656     7.8923     93.643  29.753200     30.468      7.172   266.3895     4.4723     2.0316     0.0215     -0.001     -0.160     -0.232        203 7.9373e+02 0.0000e+00
     -0.160    23.8739     7.8869     93.589  29.731369     30.405      7.175   266.5788     4.4966     1.9376     0.0215     -0.001     -0.157     -0.228        204 7.9062e+02 0.0000e+00
     -0.157    23.8802     7.8900     93.636  29.758790     30.459      7.176   266.7302     4.4885     1.9913     0.0215     -0.001     -0.154     -0.224        205 7.8458e+02 0.0000e+00
     -0.155    23.8836     7.8920     93.673  29.778372     30.453      7.178   266.9195     4.5168     1.6959     0.0215      0.001     -0.153     -0.222        206 7.6518e+02 0.0000e+00
     -0.157    23.8904     7.8869     93.614  29.795945     30.478      7.186   266.7681     4.5491     1.6959     0.0215      0.002     -0.154     -0.223        207 7.5172e+02 0.0000e+00
     -0.159    23.9007     7.8852     93.592  29.766566     30.447      7.191   267.1088     4.5693     1.8167     0.0215      0.003     -0.155     -0.224        208 7.6172e+02 0.0000e+00
     -0.157    23.9102     7.8851     93.587  29.725983     30.386      7.197   267.2981     4.5613     1.7362     0.0215      0.004     -0.154     -0.222        209 7.6935e+02 0.0000e+00
     -0.154    23.9150     7.8947     93.689  29.757499     30.437      7.202   267.3360     4.8443     1.7630     0.0215      0.004     -0.151     -0.219        210 7.7122e+02 0.0000e+00
     -0.151    23.9172     7.9102     93.868  29.727341     30.374      7.200   267.6388     4.8443     1.7496     0.0215      0.004     -0.150     -0.217        211 7.7340e+02 0.0000e+00
     -0.154    23.9222     7.9245     94.041  29.763511     30.428      7.201   267.1088     4.8403     1.7228     0.0215      0.003     -0.151     -0.218        212 7.7376e+02 0.0000e+00
     -0.155    23.9291     7.9326     94.143  29.801433     30.455      7.205   267.7524     4.8524     1.7496     0.0215      0.002     -0.151     -0.219        213 7.7506e+02 0.0000e+00
     -0.154    23.9351     7.9395     94.229  29.769094     30.423      7.208   267.6388     4.1771     1.7362     0.0215      0.002     -0.152     -0.220        214 7.8328e+02 0.0000e+00
     -0.156    23.9418     7.9439     94.282  29.774103     30.419      7.209   268.1688     4.1529     1.7362     0.0215      0.002     -0.155     -0.224        215 7.7091e+02 0.0000e+00
     -0.163    23.9482     7.9383     94.214  29.765548     30.415      7.202   268.6988     4.1650     1.6959     0.0215     -0.001     -0.160     -0.233        216 7.8523e+02 0.0000e+00
     -0.173    23.9493     7.9326     94.145  29.779740     30.411      7.200   268.1310     4.1569     1.7228     0.0215     -0.007     -0.165     -0.240        217 7.6578e+02 0.0000e+00
     -0.169    23.9483     7.9188     93.979  29.756438     30.407      7.197   268.2445     4.1609     1.7765     0.0215     -0.009     -0.161     -0.234        218 8.1337e+02 0.0000e+00
     -0.149    23.9457     7.9075     93.840  29.675947     30.292      7.193   268.0553     4.3510     1.7630     0.0215     -0.005     -0.148     -0.214        219 7.5206e+02 0.0000e+00
     -0.135    23.9397     7.8966     93.710  29.731663     30.378      7.185   266.2002     4.3186     1.7496     0.0215      0.003     -0.137     -0.199        220 8.4944e+02 0.0000e+00
     -0.136    23.9367     7.8807     93.521  29.776049     30.408      7.184   267.2981     4.3631     1.7496     0.0215      0.009     -0.137     -0.199        221 6.8763e+02 0.0000e+00
     -0.147    23.9385     7.8693     93.387  29.768957     30.412      7.174   268.1310     4.3793     1.7630     0.0215      0.011     -0.144     -0.209        222 1.6866e+02 0.0000e+00
     -0.157    23.9420     7.8694     93.389  29.770139     30.414      7.175   267.7524     4.7351     1.9913     0.0215      0.010     -0.152     -0.220        223 7.7037e+02 0.0000e+00
     -0.161    23.9443     7.8820     93.538  29.774578     30.413      7.180   267.9795     4.7392     1.9376     0.0215      0.007     -0.155     -0.225        224 7.3397e+02 0.0000e+00
     -0.155    23.9446     7.9035     93.789  29.763432     30.411      7.186   268.5095     4.7230     1.8436     0.0215      0.004     -0.151     -0.220        225 2.7438e+02 0.0000e+00
     -0.148    23.9440     7.9210     93.995  29.754359     30.381      7.186   267.7903     4.7351     1.9376     0.0215     -0.000     -0.146     -0.211        226 8.4098e+02 0.0000e+00
     -0.144    23.9430     7.9443     94.272  29.756220     30.409      7.187   268.7745     4.2054     1.7899     0.0215     -0.004     -0.143     -0.206        227 9.6690e+02 0.0000e+00
     -0.145    23.9414     7.9606     94.468  29.731467     30.353      7.188   268.9260     4.1892     1.7630     0.0215     -0.004     -0.143     -0.206        228 8.9785e+02 0.0000e+00
     -0.147    23.9391     7.9672     94.547  29.755514     30.410      7.190   269.2288     4.1731     1.7630     0.0215      0.000     -0.145     -0.210        229 9.4078e+02 0.0000e+00
     -0.152    23.9384     7.9582     94.439  29.726294     30.354      7.188   269.1153     4.1448     1.6959     0.0215      0.004     -0.148     -0.215        230 9.1173e+02 0.0000e+00
     -0.154    23.9389     7.9551     94.404  29.708533     30.356      7.185   269.4560     4.4278     1.7765     0.0215      0.004     -0.150     -0.217        231 9.2760e+02 0.0000e+00
     -0.152    23.9395     7.9594     94.459  29.777620     30.413      7.186   269.3045     4.4197     1.7899     0.0215      0.002     -0.149     -0.216        232 9.1551e+02 0.0000e+00
     -0.150    23.9399     7.9536     94.396  29.788564     30.441      7.184   269.3803     4.4197     1.7228     0.0215     -0.001     -0.147     -0.214        233 8.9408e+02 0.0000e+00
     -0.149    23.9395     7.9406     94.244  29.724561     30.355      7.184   269.6074     4.4278     1.7496     0.0215     -0.003     -0.146     -0.212        234 8.9132e+02 0.0000e+00
     -0.149    23.9375     7.9358     94.185  29.709024     30.355      7.183   269.5695     4.6543     1.8167     0.0215     -0.003     -0.146     -0.212        235 8.9863e+02 0.0000e+00
     -0.150    23.9359     7.9320     94.137  29.718952     30.355      7.185   269.4560     4.6987     1.7630     0.0215     -0.001     -0.147     -0.213        236 8.9799e+02 0.0000e+00
     -0.151    23.9364     7.9310     94.120  29.712206     30.357      7.189   269.9103     4.6664     1.7630     0.0215      0.000     -0.147     -0.214        237 9.0186e+02 0.0000e+00
     -0.150    23.9374     7.9331     94.141  29.717421     30.358      7.191   269.7588     4.6866     1.6556     0.0215      0.001     -0.147     -0.213        238 9.0043e+02 0.0000e+00
     -0.149    23.9378     7.9358     94.167  29.742112     30.386      7.195   270.0617     4.6624     1.6959     0.0215      0.001     -0.146     -0.212        239 9.0496e+02 0.0000e+00
     -0.148    23.9377     7.9265     94.057  29.711128     30.357      7.197   270.4403     4.6502     1.7496     0.0215      0.001     -0.145     -0.210        240 9.1127e+02 0.0000e+00
     -0.147    23.9383     7.9143     93.913  29.667032     30.299      7.202   269.9481     4.6179     1.8167     0.0215      0.001     -0.145     -0.209        241 9.1437e+02 0.0000e+00
     -0.149    23.9407     7.9095     93.854  29.708040     30.356      7.200   270.3267     4.6219     1.6959     0.0215      0.001     -0.146     -0.211        242 9.0531e+02 0.0000e+00
     -0.150    23.9437     7.9060     93.811  29.719392     30.356      7.198   270.5917     4.6300     1.6959     0.0215      0.001     -0.147     -0.213        243 8.9641e+02 0.0000e+00
     -0.151    23.9450     7.9062     93.811  29.771501     30.412      7.192   270.3645     4.6664     1.8302     0.0215      0.000     -0.147     -0.214        244 8.8699e+02 0.0000e+00
     -0.150    23.9442     7.8979     93.712  29.791435     30.438      7.192   270.8567     4.7068     1.8705     0.0215     -0.000     -0.147     -0.214        245 8.5084e+02 0.0000e+00
     -0.150    23.9421     7.8999     93.737  29.724232     30.352      7.195   270.9703     4.6987     1.7362     0.0215     -0.001     -0.147     -0.214        246 8.5551e+02 0.0000e+00
     -0.150    23.9398     7.9042     93.792  29.706889     30.352      7.197   271.2353     4.6704     1.6690     0.0215     -0.001     -0.147     -0.214        247 9.0904e+02 0.0000e+00
     -0.151    23.9372     7.9041     93.792  29.724071     30.354      7.198   271.2731     4.7149     1.5885     0.0215     -0.002     -0.148     -0.214        248 9.1633e+02 0.0000e+00
     -0.151    23.9341     7.9108     93.869  29.762147     30.412      7.191   271.3110     4.7432     1.7899     0.0215     -0.001     -0.148     -0.214        249 9.1111e+02 0.0000e+00
     -0.150    23.9338     7.9163     93.932  29.718804     30.357      7.184   271.3110     4.7594     1.7630     0.0215     -0.000     -0.147     -0.213        250 9.1301e+02 0.0000e+00
     -0.148    23.9346     7.9207     93.980  29.718715     30.359      7.184   271.6517     4.7190     1.5885     0.0215      0.001     -0.146     -0.212        251 9.1229e+02 0.0000e+00
     -0.150    23.9340     7.9224     93.999  29.732610     30.387      7.183   271.7653     4.8969     1.7228     0.0215      0.001     -0.147     -0.214        252 9.1433e+02 0.0000e+00
     -0.153    23.9325     7.9240     94.018  29.731161     30.358      7.182   271.7653     4.9131     1.7630     0.0215     -0.000     -0.149     -0.217        253 9.1215e+02 0.0000e+00
     -0.154    23.9310     7.9290     94.076  29.750168     30.416      7.184   272.1060     4.9171     1.7362     0.0215     -0.001     -0.151     -0.219        254 9.1436e+02 0.0000e+00
     -0.154    23.9309     7.9436     94.250  29.738605     30.360      7.185   271.7653     4.9292     1.7630     0.0215     -0.002     -0.151     -0.219        255 9.1688e+02 0.0000e+00
