Data/DataNotYetUploadedToEDI/Raw_CTD/RawDownloads/052818_fcr50.cnv
* Sea-Bird SBE19plus  Data File:
* FileName = C:\DATA\052818_fcr_0003.hex
* Software version 2.6.3.104
* Temperature SN = 7809
* Conductivity SN = 7809
* System UpLoad Time = May 28 2018 10:11:29
* <ApplicationData>
* <Seaterm232>
# nquan = 17
# nvalues = 1166                        
# units = specified
# name 0 = depFM: Depth [fresh water, m]
# name 1 = tv290C: Temperature [ITS-90, deg C]
# name 2 = sbeox0Mg/L: Oxygen, SBE 43 [mg/l]
# name 3 = sbeox0PS: Oxygen, SBE 43 [% saturation]
# name 4 = c0uS/cm: Conductivity [uS/cm]
# name 5 = specc: Specific Conductance [uS/cm]
# name 6 = ph: pH
# name 7 = orp: Oxidation Reduction Potential [mV]
# name 8 = flECO-AFL: Fluorescence, WET Labs ECO-AFL/FL [mg/m^3]
# name 9 = turbWETntu0: Turbidity, WET Labs ECO [NTU]
# name 10 = sal00: Salinity, Practical [PSU]
# name 11 = dz/dtM: Descent Rate [m/s]
# name 12 = prdM: Pressure, Strain Gauge [db]
# name 13 = prdE: Pressure, Strain Gauge [psi]
# name 14 = scan: Scan Count
# name 15 = par/sat/log: PAR/Logarithmic, Satlantic
# name 16 = flag:  0.000e+00
# span 0 =     -0.569,      9.649       
# span 1 =     9.7309,    23.8305       
# span 2 =     4.4178,    10.2694       
# span 3 =     38.898,    113.805       
# span 4 =   0.186624,  31.710310       
# span 5 =      0.407,     44.749       
# span 6 =      5.303,      7.255       
# span 7 = -1240.7455,   379.9991       
# span 8 =    -0.2062,     5.4185       
# span 9 =    -0.3452,     3.9115       
# span 10 =     0.0114,     0.0224      
# span 11 =     -0.074,      0.242      
# span 12 =     -0.557,      9.461      
# span 13 =     -0.808,     13.722      
# span 14 =          1,       1166      
# span 15 = 1.2330e-01, 1.2948e+03      
# span 16 = 0.0000e+00, 0.0000e+00      
# interval = seconds: 0.25
# start_time = May 28 2018 13:58:43 [Instrument's time stamp, header]
# bad_flag = -9.990e-29
*END*
[from data line 511]
      0.001    23.2711     7.8264     91.463  29.708222     30.755      7.177   325.1440     3.0409     1.6690     0.0215      0.049     -0.002     -0.002        512 8.4893e+02 0.0000e+00
      0.009    23.2507     7.8417     91.642  29.722851     30.762      7.180   324.9926     3.1177     1.6959     0.0215      0.049      0.008      0.013        513 6.5317e+02 0.0000e+00
      0.018    23.2266     7.8475     91.710  29.704525     30.776      7.185   324.9547     3.1136     1.7093     0.0215      0.048      0.018      0.027        514 6.0620e+02 0.0000e+00
      0.029    23.1965     7.8604     91.839  29.671740     30.731      7.189   324.2733     3.0934     1.6959     0.0214      0.047      0.030      0.044        515 6.2864e+02 0.0000e+00
      0.044    23.1723     7.8721     91.942  29.704361     30.804      7.191   324.3111     3.1096     1.6153     0.0215      0.046      0.043      0.063        516 5.7014e+02 0.0000e+00
      0.059    23.1542     7.8818     92.039  29.693586     30.795      7.192   324.5383     3.4493     2.0182     0.0215      0.046      0.057      0.082        517 5.1682e+02 0.0000e+00
      0.070    23.1390     7.8856     92.092  29.655511     30.781      7.194   323.9326     3.4452     1.9645     0.0214      0.047      0.067      0.098        518 4.9188e+02 0.0000e+00
      0.076    23.1277     7.8891     92.116  29.662807     30.793      7.195   322.8726     3.4331     1.9376     0.0214      0.046      0.075      0.109        519 4.9286e+02 0.0000e+00
      0.084    23.1240     7.8968     92.173  29.654865     30.802      7.192   322.9104     3.4048     1.9242     0.0214      0.044      0.082      0.118        520 4.8719e+02 0.0000e+00
      0.088    23.1250     7.9032     92.219  29.665401     30.810      7.194   322.6076     3.4857     1.9510     0.0214      0.041      0.087      0.127        521 4.8328e+02 0.0000e+00
      0.095    23.1231     7.9099     92.282  29.708998     30.870      7.192   322.6454     3.5018     1.9510     0.0215      0.038      0.094      0.137        522 4.8755e+02 0.0000e+00
      0.106    23.1239     7.9105     92.280  29.719209     30.869      7.189   322.4940     3.4978     2.0316     0.0215      0.035      0.104      0.150        523 4.9229e+02 0.0000e+00
      0.117    23.1232     7.9094     92.249  29.682344     30.842      7.185   322.4940     3.4937     1.9645     0.0215      0.032      0.114      0.165        524 4.9017e+02 0.0000e+00
      0.127    23.1109     7.9120     92.232  29.665928     30.812      7.180   322.4561     3.5423     1.8973     0.0214      0.032      0.124      0.180        525 4.8170e+02 0.0000e+00
      0.136    23.0914     7.9236     92.237  29.650690     30.812      7.177   321.6611     3.5867     1.9376     0.0214      0.033      0.134      0.194        526 4.7369e+02 0.0000e+00
      0.146    23.0833     7.9266     92.109  29.612361     30.762      7.177   321.7368     3.5827     1.9913     0.0214      0.035      0.143      0.208        527 4.6784e+02 0.0000e+00
      0.156    23.0863     7.9235     91.967  29.595036     30.775      7.175   322.4561     3.5908     1.9107     0.0214      0.037      0.153      0.222        528 4.5567e+02 0.0000e+00
      0.166    23.0777     7.9269     91.911  29.612960     30.780      7.175   322.3804     3.5544     1.8705     0.0214      0.039      0.163      0.237        529 4.4836e+02 0.0000e+00
      0.178    23.0589     7.9215     91.722  29.619708     30.807      7.176   322.8726     3.6110     1.6959     0.0214      0.040      0.175      0.254        530 4.4274e+02 0.0000e+00
      0.193    23.0429     7.9266     91.665  29.616288     30.783      7.177   322.4940     3.6029     1.7630     0.0214      0.041      0.189      0.274        531 4.3967e+02 0.0000e+00
      0.208    23.0340     7.9374     91.680  29.646868     30.854      7.177   322.2668     3.6434     1.6959     0.0214      0.043      0.204      0.295        532 4.4389e+02 0.0000e+00
      0.223    23.0283     7.9647     91.862  29.670606     30.864      7.175   322.4940     3.6393     1.8033     0.0214      0.047      0.220      0.318        533 4.4547e+02 0.0000e+00
      0.241    23.0190     7.9929     92.063  29.646051     30.870      7.172   322.2290     3.6070     1.8839     0.0214      0.051      0.236      0.343        534 4.4189e+02 0.0000e+00
      0.259    22.9902     8.0368     92.451  29.618131     30.815      7.169   322.0018     3.6393     1.9913     0.0214      0.056      0.253      0.367        535 4.3541e+02 0.0000e+00
      0.274    22.9163     8.0884     92.945  29.586759     30.821      7.165   322.2290     3.6474     1.9510     0.0214      0.059      0.269      0.391        536 4.2236e+02 0.0000e+00
      0.291    22.8254     8.1528     93.600  29.655450     30.868      7.166   324.2354     3.6312     1.9376     0.0214      0.062      0.284      0.412        537 4.1559e+02 0.0000e+00
      0.304    22.7634     8.2264     94.349  29.740205     31.062      7.163   323.7811     3.6838     1.9510     0.0215      0.063      0.298      0.432        538 4.1086e+02 0.0000e+00
      0.316    22.7085     8.2974     95.084  29.688854     31.005      7.164   323.8947     3.7040     1.8705     0.0214      0.062      0.310      0.449        539 4.0014e+02 0.0000e+00
      0.329    22.6372     8.3756     95.892  29.689739     31.103      7.165   324.3111     3.7000     1.8973     0.0215      0.060      0.323      0.468        540 3.9225e+02 0.0000e+00
      0.343    22.5711     8.4633     96.797  29.739133     31.138      7.166   324.1218     3.7202     2.0316     0.0215      0.058      0.337      0.488        541 3.8218e+02 0.0000e+00
      0.360    22.5069     8.5522     97.714  29.805306     31.303      7.164   324.6518     3.8011     1.8570     0.0215      0.056      0.353      0.512        542 3.6916e+02 0.0000e+00
      0.378    22.4320     8.6335     98.530  29.814960     31.317      7.161   327.1883     3.8334     1.8705     0.0215      0.056      0.370      0.537        543 3.5913e+02 0.0000e+00
      0.395    22.3608     8.7181     99.399  29.875392     31.447      7.157   327.5290     3.8294     1.8436     0.0215      0.058      0.386      0.560        544 3.5167e+02 0.0000e+00
      0.408    22.2951     8.7781    100.061  30.026623     31.645      7.152   327.6804     3.8374     2.0182     0.0216      0.059      0.399      0.579        545 3.4776e+02 0.0000e+00
      0.419    22.2395     8.8165    100.489  30.012232     31.692      7.155   328.3619     3.7121     1.8839     0.0216      0.059      0.412      0.598        546 3.4176e+02 0.0000e+00
      0.434    22.1909     8.8447    100.782  29.952630     31.647      7.155   327.9833     3.6676     1.8705     0.0215      0.059      0.427      0.619        547 3.3379e+02 0.0000e+00
      0.452    22.1396     8.8707    100.978  29.922924     31.685      7.155   328.0969     3.6757     1.9376     0.0215      0.060      0.444      0.644        548 3.2532e+02 0.0000e+00
      0.473    22.0947     8.9007    101.180  29.871325     31.628      7.147   329.6111     3.6838     1.9779     0.0215      0.061      0.463      0.670        549 3.1962e+02 0.0000e+00
      0.489    22.0478     8.9157    101.261  29.809318     31.634      7.140   330.1790     3.9668     2.0182     0.0215      0.062      0.479      0.695        550 3.1625e+02 0.0000e+00
      0.504    21.9947     8.9252    101.290  29.792566     31.604      7.138   330.1790     3.9871     1.8167     0.0215      0.062      0.495      0.719        551 3.0925e+02 0.0000e+00
      0.524    21.9416     8.9388    101.358  29.862543     31.755      7.134   330.4440     3.9224     1.8302     0.0215      0.064      0.513      0.745        552 3.0365e+02 0.0000e+00
      0.543    21.8814     8.9259    101.240  29.900149     31.790      7.128   331.1633     3.9507     1.9913     0.0215      0.067      0.531      0.771        553 2.9829e+02 0.0000e+00
      0.558    21.8336     8.9437    101.537  29.864385     31.826      7.124   331.1254     3.9668     2.0450     0.0215      0.069      0.547      0.794        554 2.9147e+02 0.0000e+00
      0.573    21.8197     8.9868    102.064  29.847776     31.807      7.123   331.6176     3.9951     1.9913     0.0215      0.069      0.561      0.814        555 2.8600e+02 0.0000e+00
      0.585    21.8163     9.0675    103.050  29.891194     31.931      7.121   331.7311     4.0113     1.9376     0.0215      0.066      0.574      0.832        556 2.8377e+02 0.0000e+00
      0.596    21.8000     9.1738    104.176  29.899317     31.909      7.116   332.0340     3.9992     1.9645     0.0215      0.062      0.584      0.847        557 2.8033e+02 0.0000e+00
      0.606    21.7489     9.2837    105.250  29.867324     31.912      7.111   332.3369     3.9992     1.9376     0.0215      0.059      0.595      0.863        558 2.7475e+02 0.0000e+00
      0.618    21.6791     9.3493    105.829  29.901364     31.922      7.112   332.5262     4.0275     1.9645     0.0215      0.055      0.607      0.881        559 2.6999e+02 0.0000e+00
      0.635    21.6322     9.3737    105.996  30.005212     32.107      7.116   332.4126     3.9992     1.8839     0.0216      0.052      0.622      0.902        560 2.6352e+02 0.0000e+00
      0.649    21.5919     9.3785    105.957  30.034603     32.155      7.112   332.7912     4.0032     1.9510     0.0216      0.050      0.635      0.922        561 2.5928e+02 0.0000e+00
      0.660    21.5494     9.3754    105.786  30.072361     32.247      7.110   332.4504     4.0194     1.9645     0.0216      0.049      0.646      0.938        562 2.5719e+02 0.0000e+00
      0.669    21.5651     9.3893    105.765  30.136143     32.335      7.112   332.9426     3.9102     1.9913     0.0216      0.049      0.655      0.951        563 2.5325e+02 0.0000e+00
      0.677    21.6077     9.4026    105.758  30.014545     32.245      7.109   333.4347     3.9102     1.9510     0.0216      0.047      0.664      0.963        564 2.4984e+02 0.0000e+00
      0.685    21.6341     9.4295    105.937  29.897553     32.085      7.109   333.1319     3.8738     1.8973     0.0215      0.045      0.673      0.976        565 2.4679e+02 0.0000e+00
      0.697    21.6611     9.4786    106.358  29.925937     32.112      7.110   333.6619     3.8941     1.9107     0.0215      0.044      0.685      0.993        566 2.4263e+02 0.0000e+00
      0.713    21.6258     9.5519    107.035  29.949558     32.099      7.109   333.6619     3.9021     2.0450     0.0215      0.043      0.699      1.013        567 2.3758e+02 0.0000e+00
      0.727    21.5385     9.6345    107.813  29.957096     32.104      7.104   332.7154     3.9264     2.1927     0.0215      0.043      0.713      1.033        568 2.3421e+02 0.0000e+00
      0.739    21.4604     9.7264    108.697  29.946202     32.103      7.100   332.9804     3.8698     2.1793     0.0215      0.044      0.724      1.050        569 2.3203e+02 0.0000e+00
      0.748    21.4056     9.8285    109.699  29.933477     32.161      7.099   333.0183     3.8981     2.1122     0.0215      0.045      0.733      1.064        570 2.2851e+02 0.0000e+00
      0.757    21.3606     9.9411    110.814  29.943311     32.217      7.100   333.3212     3.8819     2.2464     0.0215      0.046      0.742      1.077        571 2.2602e+02 0.0000e+00
      0.766    21.2941    10.0490    111.871  30.022945     32.344      7.098   333.6997     4.0356     2.1390     0.0216      0.046      0.752      1.091        572 2.2329e+02 0.0000e+00
      0.777    21.2090    10.1550    112.925  30.012296     32.376      7.100   334.3433     4.0154     2.1927     0.0216      0.045      0.763      1.106        573 2.1905e+02 0.0000e+00
      0.790    21.1328    10.1925    113.250  29.897284     32.271      7.102   334.1162     3.9992     2.1390     0.0215      0.043      0.776      1.125        574 2.1478e+02 0.0000e+00
      0.806    21.0727    10.2323    113.587  29.839956     32.301      7.100   332.7154     4.0032     2.1122     0.0215      0.043      0.791      1.146        575 2.1033e+02 0.0000e+00
      0.821    21.0099    10.2649    113.805  29.787177     32.264      7.102   332.6776     4.1367     2.2062     0.0214      0.045      0.806      1.168        576 2.0643e+02 0.0000e+00
      0.837    20.9409    10.2694    113.700  29.755449     32.305      7.101   333.3969     4.1852     2.1390     0.0214      0.048      0.822      1.192        577 2.0166e+02 0.0000e+00
      0.856    20.8708    10.2417    113.284  29.671920     32.228      7.100   334.4190     4.1448     2.3136     0.0214      0.053      0.840      1.218        578 1.9664e+02 0.0000e+00
      0.875    20.8032    10.1773    112.470  29.535362     32.155      7.095   334.4190     4.1367     2.1927     0.0213      0.058      0.858      1.244        579 1.9267e+02 0.0000e+00
      0.893    20.7389    10.0694    111.190  29.480681     32.113      7.092   334.4947     4.2095     2.3404     0.0213      0.063      0.876      1.270        580 1.8851e+02 0.0000e+00
      0.912    20.6736     9.9308    109.558  29.473153     32.191      7.084   334.5326     4.1852     2.2464     0.0213      0.067      0.893      1.296        581 1.8521e+02 0.0000e+00
      0.928    20.6074     9.7797    107.767  29.426161     32.144      7.082   334.4569     4.2135     2.3404     0.0213      0.068      0.910      1.320        582 1.8218e+02 0.0000e+00
      0.943    20.5512     9.6327    106.029  29.450241     32.251      7.080   334.3812     4.2095     2.2733     0.0213      0.069      0.926      1.343        583 1.7856e+02 0.0000e+00
      0.961    20.5089     9.5006    104.481  29.472862     32.298      7.084   335.4033     4.0598     2.3136     0.0213      0.069      0.941      1.366        584 1.7539e+02 0.0000e+00
      0.976    20.4630     9.3875    103.155  29.457335     32.339      7.080   335.2140     4.0922     2.3404     0.0213      0.068      0.956      1.387        585 1.7266e+02 0.0000e+00
      0.989    20.3980     9.3289    102.433  29.410287     32.306      7.082   335.4790     4.0720     2.2867     0.0213      0.066      0.970      1.407        586 1.7014e+02 0.0000e+00
      1.003    20.3310     9.3400    102.481  29.412834     32.339      7.081   335.4790     4.0598     2.2733     0.0213      0.063      0.984      1.427        587 1.6781e+02 0.0000e+00
      1.017    20.2804     9.4126    103.204  29.424538     32.416      7.087   336.3876     4.1326     2.4613     0.0213      0.061      0.997      1.447        588 1.6508e+02 0.0000e+00
      1.031    20.2361     9.5265    104.381  29.366098     32.373      7.089   335.7440     4.1367     2.4881     0.0212      0.058      1.011      1.466        589 1.6255e+02 0.0000e+00
      1.043    20.1951     9.6513    105.683  29.396640     32.469      7.089   335.8576     4.1488     2.5419     0.0213      0.057      1.023      1.484        590 1.6048e+02 0.0000e+00
      1.057    20.1485     9.7362    106.558  29.356902     32.440      7.093   335.8197     4.1609     2.5150     0.0212      0.055      1.036      1.503        591 1.5769e+02 0.0000e+00
      1.070    20.0907     9.7590    106.775  29.237676     32.345      7.095   335.8197     4.1407     2.5150     0.0212      0.053      1.050      1.522        592 1.5484e+02 0.0000e+00
      1.084    20.0352     9.7107    106.173  29.189245     32.317      7.095   336.1983     4.1488     2.5016     0.0212      0.053      1.063      1.541        593 1.5282e+02 0.0000e+00
      1.097    19.9894     9.6124    105.011  29.150354     32.328      7.092   337.0312     4.1448     2.4479     0.0211      0.053      1.076      1.560        594 1.5040e+02 0.0000e+00
      1.109    19.9493     9.4978    103.658  29.078556     32.275      7.092   336.7662     4.1488     2.5016     0.0211      0.052      1.089      1.579        595 1.4796e+02 0.0000e+00
