Data/DataNotYetUploadedToEDI/Raw_CTD/RawDownloads/052818_fcr20.cnv
* Sea-Bird SBE19plus  Data File:
* FileName = C:\DATA\052818_fcr_0002.hex
* Software version 2.6.3.104
* Temperature SN = 7809
* Conductivity SN = 7809
* System UpLoad Time = May 28 2018 15:47:31
* <ApplicationData>
* <Seaterm232>
# nquan = 17
# nvalues = 493                         
# units = specified
# name 0 = depFM: Depth [fresh water, m]
# name 1 = tv290C: Temperature [ITS-90, deg C]
# name 2 = sbeox0Mg/L: Oxygen, SBE 43 [mg/l]
# name 3 = sbeox0PS: Oxygen, SBE 43 [% saturation]
# name 4 = c0uS/cm: Conductivity [uS/cm]
# name 5 = specc: Specific Conductance [uS/cm]
# name 6 = ph: pH
# name 7 = orp: Oxidation Reduction Potential [mV]
# name 8 = flECO-AFL: Fluorescence, WET Labs ECO-AFL/FL [mg/m^3]
# name 9 = turbWETntu0: Turbidity, WET Labs ECO [NTU]
# name 10 = sal00: Salinity, Practical [PSU]
# name 11 = dz/dtM: Descent Rate [m/s]
# name 12 = prdM: Pressure, Strain Gauge [db]
# name 13 = prdE: Pressure, Strain Gauge [psi]
# name 14 = scan: Scan Count
# name 15 = par/sat/log: PAR/Logarithmic, Satlantic
# name 16 = flag:  0.000e+00
# span 0 =     -0.553,      3.615       
# span 1 =    12.8118,    23.9918       
# span 2 =     0.0785,     9.5944       
# span 3 =      0.763,    101.587       
# span 4 =   0.501054,  74.415184       
# span 5 =      0.525,     96.080       
# span 6 =      5.595,      7.404       
# span 7 =   233.7187,   436.4822       
# span 8 =    -0.1941,     9.5915       
# span 9 =     0.1248,    21.8378       
# span 10 =     0.0113,     0.0469      
# span 11 =     -0.080,      0.211      
# span 12 =     -0.542,      3.544      
# span 13 =     -0.786,      5.140      
# span 14 =          1,        493      
# span 15 = 3.6961e+00, 8.8895e+02      
# span 16 = 0.0000e+00, 0.0000e+00      
# interval = seconds: 0.25
# start_time = May 28 2018 15:47:49 [Instrument's time stamp, header]
# bad_flag = -9.990e-29
*END*
[from data line 256]
     -0.069    23.5146     7.6517     89.596  29.403703     30.340      7.113   288.1575     2.1998     1.7362     0.0213      0.005     -0.070     -0.101        257 8.5250e+02 0.0000e+00
     -0.071    23.5294     7.6605     89.724  29.500491     30.410      7.113   288.3089     2.2240     1.7228     0.0214      0.003     -0.071     -0.103        258 8.6072e+02 0.0000e+00
     -0.077    23.5339     7.6670     89.857  29.529627     30.448      7.119   288.0439     2.2362     1.7630     0.0214     -0.002     -0.075     -0.108        259 8.6467e+02 0.0000e+00
     -0.079    23.5220     7.6660     89.886  29.486028     30.353      7.121   288.1196     2.1957     1.5885     0.0214     -0.003     -0.077     -0.111        260 8.6225e+02 0.0000e+00
     -0.078    23.4808     7.6748     90.017  29.436148     30.350      7.124   288.6875     2.1310     1.7362     0.0214     -0.002     -0.077     -0.111        261 8.6036e+02 0.0000e+00
     -0.077    23.4266     7.6879     90.191  29.265564     30.127      7.125   288.1953     2.1391     1.6959     0.0213     -0.001     -0.076     -0.110        262 8.5669e+02 0.0000e+00
     -0.076    23.3831     7.6984     90.329  29.223943     30.153      7.126   288.2710     2.1472     1.6690     0.0213     -0.002     -0.075     -0.108        263 8.5553e+02 0.0000e+00
     -0.075    23.3305     7.7059     90.429  29.221122     30.158      7.124   288.5360     2.1512     1.7362     0.0213     -0.003     -0.074     -0.107        264 8.5509e+02 0.0000e+00
     -0.076    23.2632     7.6994     90.352  29.120853     30.099      7.123   288.6117     2.0178     1.7093     0.0212     -0.002     -0.076     -0.110        265 8.5487e+02 0.0000e+00
     -0.081    23.2297     7.6893     90.198  28.992966     29.985      7.124   288.3846     2.0259     1.8302     0.0212     -0.002     -0.079     -0.114        266 8.5443e+02 0.0000e+00
     -0.083    23.2270     7.6784     90.025  28.935572     29.972      7.126   288.4603     2.0421     1.7362     0.0211     -0.001     -0.079     -0.114        267 8.5366e+02 0.0000e+00
     -0.076    23.2418     7.6704     89.888  28.984762     30.049      7.125   288.7632     2.0057     1.6959     0.0212     -0.001     -0.075     -0.108        268 8.5442e+02 0.0000e+00
     -0.071    23.2740     7.6642     89.783  29.080003     30.138      7.123   288.6875     2.1189     1.6690     0.0212      0.001     -0.071     -0.102        269 8.5445e+02 0.0000e+00
     -0.069    23.2990     7.6655     89.755  29.172826     30.245      7.118   288.7253     2.1472     1.7630     0.0212      0.003     -0.069     -0.100        270 8.5560e+02 0.0000e+00
     -0.072    23.3146     7.6701     89.758  29.165723     30.195      7.106   288.6117     2.1391     1.6959     0.0212      0.003     -0.071     -0.102        271 8.5517e+02 0.0000e+00
     -0.075    23.3273     7.6797     89.833  29.177779     30.209      7.098   288.6117     2.1351     1.6959     0.0212      0.003     -0.073     -0.106        272 8.5518e+02 0.0000e+00
     -0.076    23.3357     7.6927     89.979  29.187461     30.199      7.096   289.0660     2.2159     1.7362     0.0212      0.003     -0.074     -0.107        273 8.5599e+02 0.0000e+00
     -0.074    23.3427     7.6963     90.029  29.183315     30.191      7.100   289.0282     2.2119     1.7093     0.0212      0.003     -0.073     -0.105        274 8.5594e+02 0.0000e+00
     -0.072    23.3415     7.7029     90.112  29.182934     30.185      7.106   288.8389     2.2483     1.8167     0.0212      0.002     -0.071     -0.103        275 8.5582e+02 0.0000e+00
     -0.072    23.3222     7.7113     90.216  29.187931     30.181      7.105   289.1796     2.2079     1.7630     0.0212     -0.000     -0.071     -0.103        276 8.5497e+02 0.0000e+00
     -0.073    23.2948     7.7098     90.208  29.147446     30.153      7.110   289.2553     2.2240     1.6690     0.0212     -0.001     -0.072     -0.104        277 8.5484e+02 0.0000e+00
     -0.074    23.2704     7.7123     90.265  29.085077     30.079      7.110   288.9903     2.1998     1.6690     0.0212     -0.001     -0.073     -0.106        278 8.5537e+02 0.0000e+00
     -0.076    23.2503     7.7193     90.362  29.058017     30.095      7.113   289.4067     2.2362     1.8167     0.0212     -0.000     -0.073     -0.107        279 8.5629e+02 0.0000e+00
     -0.075    23.2254     7.7294     90.477  29.003243     30.024      7.113   289.3310     2.2240     1.7630     0.0212      0.000     -0.073     -0.106        280 8.5490e+02 0.0000e+00
     -0.074    23.1952     7.7343     90.532  28.975363     30.036      7.110   289.2175     2.2038     1.6153     0.0212     -0.000     -0.073     -0.106        281 8.5315e+02 0.0000e+00
     -0.075    23.1739     7.7319     90.514  28.944480     29.994      7.109   289.1039     2.2079     1.7362     0.0211     -0.001     -0.073     -0.106        282 8.5331e+02 0.0000e+00
     -0.075    23.1696     7.7228     90.425  28.923093     30.013      7.109   289.4067     2.2079     1.6959     0.0211     -0.001     -0.074     -0.107        283 8.5350e+02 0.0000e+00
     -0.076    23.1739     7.7119     90.296  28.942692     30.026      7.108   289.2932     2.2240     1.7899     0.0211     -0.001     -0.074     -0.107        284 8.5391e+02 0.0000e+00
     -0.074    23.1780     7.7080     90.251  28.979393     30.087      7.115   289.3689     2.2240     1.7362     0.0212     -0.001     -0.073     -0.106        285 8.5597e+02 0.0000e+00
     -0.073    23.1808     7.6975     90.139  28.996015     30.084      7.116   289.5960     2.2079     1.6153     0.0212      0.000     -0.072     -0.104        286 8.5707e+02 0.0000e+00
     -0.072    23.1872     7.6865     90.016  28.981301     30.081      7.120   290.0125     2.1957     1.7899     0.0212      0.001     -0.072     -0.104        287 8.5807e+02 0.0000e+00
     -0.074    23.2022     7.6801     89.944  28.997702     30.080      7.116   289.6717     2.2079     1.6959     0.0212      0.001     -0.072     -0.105        288 8.6025e+02 0.0000e+00
     -0.075    23.2115     7.6849     90.007  29.064548     30.163      7.103   289.7475     2.2200     1.6422     0.0212      0.001     -0.073     -0.106        289 8.6069e+02 0.0000e+00
     -0.075    23.2102     7.6924     90.114  29.105648     30.182      7.100   289.8232     2.2119     1.6825     0.0212      0.000     -0.074     -0.107        290 8.6011e+02 0.0000e+00
     -0.075    23.2082     7.6993     90.226  29.065142     30.147      7.098   289.8232     2.2079     1.6422     0.0212     -0.000     -0.074     -0.107        291 8.5801e+02 0.0000e+00
     -0.075    23.2144     7.6953     90.220  28.996362     30.061      7.106   290.0125     2.2079     1.7362     0.0212     -0.000     -0.073     -0.106        292 8.5756e+02 0.0000e+00
     -0.072    23.2244     7.6893     90.172  29.072650     30.150      7.110   290.0882     2.2159     1.7630     0.0212     -0.000     -0.072     -0.104        293 8.5908e+02 0.0000e+00
     -0.073    23.2244     7.6881     90.176  29.118444     30.204      7.107   290.0503     2.1876     1.7630     0.0212     -0.000     -0.072     -0.104        294 8.5829e+02 0.0000e+00
     -0.074    23.2242     7.6829     90.143  28.998669     30.052      7.094   290.0882     2.2159     1.6690     0.0212      0.000     -0.073     -0.106        295 8.5617e+02 0.0000e+00
     -0.077    23.2301     7.6709     90.022  29.043815     30.111      7.084   290.0882     2.1998     1.7362     0.0212     -0.000     -0.075     -0.109        296 8.5618e+02 0.0000e+00
     -0.078    23.2340     7.6708     90.042  29.062257     30.140      7.085   290.2396     2.1998     1.7362     0.0212     -0.001     -0.076     -0.110        297 8.5908e+02 0.0000e+00
     -0.077    23.2352     7.6797     90.160  29.005365     30.049      7.087   290.3910     2.2887     1.6825     0.0212     -0.001     -0.077     -0.111        298 8.6288e+02 0.0000e+00
     -0.080    23.2401     7.6983     90.384  29.055318     30.133      7.081   290.6939     2.2645     1.6959     0.0212     -0.003     -0.078     -0.113        299 8.7056e+02 0.0000e+00
     -0.082    23.2513     7.7248     90.700  29.089036     30.133      7.082   290.8453     2.2564     1.7496     0.0212     -0.004     -0.081     -0.118        300 8.7835e+02 0.0000e+00
     -0.086    23.2696     7.7421     90.909  29.111644     30.188      7.077   290.6939     2.2685     1.7899     0.0212     -0.006     -0.086     -0.124        301 8.8015e+02 0.0000e+00
     -0.093    23.2923     7.7538     91.056  29.145773     30.180      7.085   290.4667     2.2523     1.6690     0.0212     -0.009     -0.090     -0.130        302 8.7640e+02 0.0000e+00
     -0.094    23.3063     7.7644     91.198  29.194801     30.256      7.101   290.4667     2.1998     1.6422     0.0213     -0.010     -0.090     -0.130        303 8.6710e+02 0.0000e+00
     -0.087    23.3175     7.7608     91.178  29.198864     30.212      7.105   291.1103     2.1917     1.6959     0.0212     -0.008     -0.086     -0.123        304 8.5822e+02 0.0000e+00
     -0.080    23.3328     7.7513     91.103  29.229653     30.262      7.098   291.3753     2.2038     1.7630     0.0213     -0.005     -0.081     -0.116        305 8.5296e+02 0.0000e+00
     -0.078    23.3454     7.7401     91.005  29.245425     30.255      7.088   291.4889     2.1998     1.7630     0.0213     -0.001     -0.081     -0.117        306 8.5046e+02 0.0000e+00
     -0.090    23.3570     7.7343     90.937  29.238530     30.245      7.084   291.0725     2.1229     1.6690     0.0213     -0.001     -0.090     -0.130        307 8.5460e+02 0.0000e+00
     -0.106    23.3653     7.7343     90.936  29.238228     30.237      7.092   291.0725     2.1351     1.6959     0.0213     -0.004     -0.100     -0.145        308 8.5154e+02 0.0000e+00
     -0.107    23.3686     7.7475     91.097  29.216146     30.201      7.100   291.3375     2.1553     1.6959     0.0213     -0.007     -0.104     -0.150        309 8.5074e+02 0.0000e+00
     -0.106    23.3713     7.7552     91.198  29.236358     30.225      7.105   291.1482     2.1432     1.7228     0.0213     -0.009     -0.101     -0.146        310 8.4891e+02 0.0000e+00
     -0.096    23.3745     7.7567     91.224  29.242721     30.223      7.109   291.2617     2.2119     4.2203     0.0213     -0.009     -0.092     -0.133        311 8.5518e+02 0.0000e+00
     -0.078    23.3804     7.7615     91.296  29.237876     30.221      7.110   291.1482     2.1876     4.2875     0.0213     -0.006     -0.079     -0.114        312 8.4158e+02 0.0000e+00
     -0.067    23.3907     7.7619     91.312  29.242387     30.219      7.106   290.9967     2.1796     4.1532     0.0213      0.003     -0.066     -0.095        313 8.6074e+02 0.0000e+00
     -0.054    23.4042     7.7618     91.304  29.237104     30.216      7.105   291.2996     2.1998     4.1935     0.0213      0.015     -0.051     -0.073        314 8.2937e+02 0.0000e+00
     -0.032    23.4254     7.7709     91.371  29.303744     30.267      7.104   290.6939     2.0704     2.4210     0.0213      0.032     -0.032     -0.046        315 8.7418e+02 0.0000e+00
     -0.011    23.4438     7.7861     91.432  29.366990     30.345      7.107   290.3153     2.0906     2.5016     0.0213      0.048     -0.011     -0.015        316 7.9365e+02 0.0000e+00
      0.011    23.4454     7.8241     91.631  29.365930     30.303      7.109   290.2396     2.0663     2.3673     0.0213      0.059      0.011      0.016        317 4.9597e+02 0.0000e+00
      0.033    23.4438     7.8446     91.624  29.334705     30.291      7.108   290.3153     2.0785     2.4747     0.0213      0.068      0.032      0.047        318 5.5754e+02 0.0000e+00
      0.054    23.4477     7.8387     91.372  29.316898     30.233      7.101   290.2775     2.0704     1.7228     0.0213      0.074      0.053      0.077        319 5.8983e+02 0.0000e+00
      0.074    23.4531     7.8292     91.138  29.388090     30.349      7.098   289.8989     2.1027     1.6690     0.0213      0.078      0.074      0.108        320 5.1047e+02 0.0000e+00
      0.098    23.4591     7.8206     90.963  29.364703     30.289      7.103   289.3310     2.0987     1.6556     0.0213      0.083      0.098      0.142        321 5.0543e+02 0.0000e+00
      0.128    23.4676     7.8071     90.759  29.375651     30.314      7.101   288.5739     2.0785     1.7362     0.0213      0.087      0.125      0.181        322 4.8436e+02 0.0000e+00
      0.155    23.4747     7.8011     90.646  29.404112     30.340      7.106   289.2932     2.0704     1.9510     0.0213      0.090      0.150      0.217        323 4.8801e+02 0.0000e+00
      0.175    23.4691     7.8023     90.624  29.358930     30.276      7.105   288.5739     2.0946     1.8839     0.0213      0.092      0.170      0.247        324 4.6563e+02 0.0000e+00
      0.190    23.4471     7.8101     90.692  29.224336     30.157      7.111   288.8389     2.0704     1.9645     0.0213      0.091      0.187      0.272        325 4.5958e+02 0.0000e+00
      0.209    23.3761     7.8243     90.838  29.008287     29.900      7.114   288.4603     2.0744     1.9107     0.0212      0.090      0.205      0.298        326 4.4655e+02 0.0000e+00
      0.229    23.2371     7.8413     91.020  28.797648     29.741      7.117   288.8010     2.0704     1.9645     0.0211      0.087      0.225      0.326        327 4.3220e+02 0.0000e+00
      0.252    23.0939     7.8567     91.186  28.478455     29.408      7.118   288.6875     2.1472     1.6422     0.0209      0.085      0.249      0.361        328 4.1456e+02 0.0000e+00
      0.283    22.9888     7.8700     91.321  28.278936     29.321      7.119   288.6496     2.1634     1.6825     0.0209      0.084      0.277      0.402        329 3.9954e+02 0.0000e+00
      0.312    22.9174     7.8672     91.249  28.245513     29.350      7.117   288.8389     2.1391     1.7093     0.0208      0.086      0.304      0.442        330 3.8867e+02 0.0000e+00
      0.336    22.8744     7.8757     91.221  28.342219     29.531      7.113   289.4825     2.1270     1.6422     0.0209      0.089      0.329      0.477        331 3.7658e+02 0.0000e+00
      0.357    22.8460     7.8825     91.126  28.455101     29.691      7.111   289.7475     1.9572     1.7496     0.0209      0.093      0.351      0.510        332 3.6318e+02 0.0000e+00
      0.381    22.8215     7.8822     90.993  28.460828     29.718      7.113   290.5046     1.9652     1.6959     0.0209      0.097      0.375      0.545        333 3.4980e+02 0.0000e+00
      0.410    22.8008     7.8697     90.734  28.453699     29.735      7.109   290.9210     1.9612     1.6690     0.0209      0.100      0.403      0.585        334 3.3947e+02 0.0000e+00
      0.444    22.7874     7.8663     90.552  28.404690     29.693      7.107   291.7539     1.9410     1.6422     0.0209      0.103      0.434      0.630        335 3.3019e+02 0.0000e+00
      0.474    22.7766     7.8947     90.642  28.403238     29.705      7.099   292.3596     1.9572     1.8705     0.0209      0.105      0.462      0.671        336 3.2066e+02 0.0000e+00
      0.496    22.7680     7.9536     91.025  28.455514     29.772      7.101   292.5110     1.9693     1.9645     0.0209      0.105      0.487      0.706        337 3.1247e+02 0.0000e+00
      0.520    22.7599     8.0170     91.575  28.398936     29.720      7.102   293.3060     1.9572     1.8436     0.0209      0.105      0.511      0.741        338 3.0355e+02 0.0000e+00
      0.547    22.7495     8.0715     92.091  28.473654     29.784      7.102   293.4196     1.9208     1.9779     0.0209      0.106      0.537      0.779        339 2.9510e+02 0.0000e+00
      0.574    22.7247     8.1409     92.718  28.421828     29.789      7.104   293.6468     1.8803     2.1793     0.0209      0.107      0.565      0.820        340 2.8521e+02 0.0000e+00
