Data/DataNotYetUploadedToEDI/Raw_CTD/RawDownloads/052818_fcr50.cnv
* Sea-Bird SBE19plus  Data File:
* FileName = C:\DATA\052818_fcr_0003.hex
* Software version 2.6.3.104
* Temperature SN = 7809
* Conductivity SN = 7809
* System UpLoad Time = May 28 2018 10:11:29
* <ApplicationData>
* <Seaterm232>
# nquan = 17
# nvalues = 1166                        
# units = specified
# name 0 = depFM: Depth [fresh water, m]
# name 1 = tv290C: Temperature [ITS-90, deg C]
# name 2 = sbeox0Mg/L: Oxygen, SBE 43 [mg/l]
# name 3 = sbeox0PS: Oxygen, SBE 43 [% saturation]
# name 4 = c0uS/cm: Conductivity [uS/cm]
# name 5 = specc: Specific Conductance [uS/cm]
# name 6 = ph: pH
# name 7 = orp: Oxidation Reduction Potential [mV]
# name 8 = flECO-AFL: Fluorescence, WET Labs ECO-AFL/FL [mg/m^3]
# name 9 = turbWETntu0: Turbidity, WET Labs ECO [NTU]
# name 10 = sal00: Salinity, Practical [PSU]
# name 11 = dz/dtM: Descent Rate [m/s]
# name 12 = prdM: Pressure, Strain Gauge [db]
# name 13 = prdE: Pressure, Strain Gauge [psi]
# name 14 = scan: Scan Count
# name 15 = par/sat/log: PAR/Logarithmic, Satlantic
# name 16 = flag:  0.000e+00
# span 0 =     -0.569,      9.649       
# span 1 =     9.7309,    23.8305       
# span 2 =     4.4178,    10.2694       
# span 3 =     38.898,    113.805       
# span 4 =   0.186624,  31.710310       
# span 5 =      0.407,     44.749       
# span 6 =      5.303,      7.255       
# span 7 = -1240.7455,   379.9991       
# span 8 =    -0.2062,     5.4185       
# span 9 =    -0.3452,     3.9115       
# span 10 =     0.0114,     0.0224      
# span 11 =     -0.074,      0.242      
# span 12 =     -0.557,      9.461      
# span 13 =     -0.808,     13.722      
# span 14 =          1,       1166      
# span 15 = 1.2330e-01, 1.2948e+03      
# span 16 = 0.0000e+00, 0.0000e+00      
# interval = seconds: 0.25
# start_time = May 28 2018 13:58:43 [Instrument's time stamp, header]
# bad_flag = -9.990e-29
*END*
[from data line 681]
      2.418    16.4288     6.8372     69.266  28.535286     34.393      6.728   347.1391     3.6231     3.3475     0.0208      0.058      2.372      3.440        682 3.4765e+01 0.0000e+00
      2.435    16.3949     6.8831     69.665  28.572393     34.500      6.723   347.2526     3.6434     3.4012     0.0208      0.057      2.387      3.462        683 3.4203e+01 0.0000e+00
      2.448    16.3604     6.9367     70.161  28.540733     34.409      6.721   347.1769     3.6231     3.4012     0.0208      0.057      2.400      3.481        684 3.3867e+01 0.0000e+00
      2.459    16.3322     6.9846     70.653  28.574694     34.540      6.716   346.7226     3.5625     3.4684     0.0208      0.057      2.412      3.499        685 3.3446e+01 0.0000e+00
      2.473    16.2916     7.0311     71.127  28.530142     34.467      6.717   346.7983     3.5584     3.4415     0.0208      0.058      2.425      3.518        686 3.2846e+01 0.0000e+00
      2.488    16.2506     7.0508     71.254  28.388653     34.355      6.715   346.8362     3.5625     3.4550     0.0207      0.057      2.440      3.539        687 3.2320e+01 0.0000e+00
      2.504    16.2154     7.0395     71.060  28.246770     34.187      6.712   346.6090     3.5423     3.2401     0.0206      0.056      2.455      3.560        688 3.1734e+01 0.0000e+00
      2.518    16.1710     7.0004     70.613  28.173065     34.153      6.711   347.1012     3.6312     3.6295     0.0206      0.056      2.469      3.580        689 3.1235e+01 0.0000e+00
      2.530    16.1102     6.9432     69.989  28.183915     34.182      6.711   347.3283     3.6150     3.6967     0.0206      0.055      2.480      3.597        690 3.0884e+01 0.0000e+00
      2.540    16.0472     6.8829     69.309  28.173989     34.218      6.708   347.6312     3.6393     3.5758     0.0206      0.053      2.490      3.612        691 3.0552e+01 0.0000e+00
      2.550    15.9933     6.8278     68.678  28.185437     34.270      6.708   347.8205     3.6272     3.5892     0.0206      0.052      2.501      3.628        692 3.0154e+01 0.0000e+00
      2.563    15.9476     6.7778     68.086  28.228985     34.390      6.707   347.8962     3.5018     3.5758     0.0206      0.051      2.513      3.646        693 2.9811e+01 0.0000e+00
      2.576    15.9177     6.7499     67.729  28.356999     34.572      6.708   347.8205     3.4978     3.5490     0.0207      0.049      2.527      3.666        694 2.9346e+01 0.0000e+00
      2.593    15.9216     6.7492     67.650  28.381922     34.678      6.710   348.0476     3.4937     3.6429     0.0207      0.049      2.543      3.688        695 2.8788e+01 0.0000e+00
      2.610    15.9217     6.7632     67.705  28.316577     34.568      6.705   347.3283     3.4937     3.5758     0.0206      0.050      2.558      3.711        696 2.8365e+01 0.0000e+00
      2.624    15.8769     6.7769     67.796  28.497625     34.837      6.703   347.7448     3.5220     3.5892     0.0208      0.052      2.573      3.733        697 2.7854e+01 0.0000e+00
      2.640    15.8233     6.7850     67.848  28.601336     34.938      6.704   347.6691     3.1177     3.3878     0.0208      0.055      2.589      3.755        698 2.7370e+01 0.0000e+00
      2.657    15.7898     6.7955     67.881  28.513645     34.876      6.701   347.6312     3.1298     3.2938     0.0208      0.059      2.606      3.779        699 2.6883e+01 0.0000e+00
      2.674    15.7568     6.7991     67.809  28.458529     34.852      6.701   347.7448     3.1217     3.3475     0.0207      0.061      2.623      3.804        700 2.6498e+01 0.0000e+00
      2.691    15.7094     6.7907     67.622  28.403111     34.813      6.700   347.8205     3.1258     3.3610     0.0207      0.063      2.640      3.829        701 2.6001e+01 0.0000e+00
      2.711    15.6553     6.7659     67.296  28.404736     34.840      6.697   348.2369     2.9681     3.2267     0.0207      0.065      2.659      3.856        702 2.5373e+01 0.0000e+00
      2.732    15.5957     6.7334     66.906  28.456520     34.951      6.694   348.4641     2.9883     3.2401     0.0207      0.067      2.678      3.884        703 2.4925e+01 0.0000e+00
      2.749    15.5424     6.6905     66.413  28.457279     34.996      6.691   347.8962     2.9923     3.1998     0.0207      0.069      2.696      3.910        704 2.4503e+01 0.0000e+00
      2.766    15.4915     6.6427     65.872  28.522407     35.117      6.690   348.1233     2.9802     3.0924     0.0207      0.071      2.712      3.934        705 2.4078e+01 0.0000e+00
      2.782    15.4348     6.5947     65.319  28.553379     35.232      6.689   348.0476     2.8670     2.9581     0.0208      0.071      2.728      3.957        706 2.3738e+01 0.0000e+00
      2.798    15.4021     6.5417     64.715  28.537349     35.206      6.689   348.1233     2.8144     3.0118     0.0207      0.070      2.744      3.979        707 2.3434e+01 0.0000e+00
      2.813    15.3814     6.4908     64.139  28.572027     35.361      6.687   348.3505     2.8589     2.8776     0.0208      0.069      2.759      4.001        708 2.3075e+01 0.0000e+00
      2.828    15.3320     6.4381     63.553  28.539890     35.285      6.688   348.2369     2.8629     2.9447     0.0207      0.066      2.773      4.022        709 2.2711e+01 0.0000e+00
      2.842    15.2587     6.3871     62.996  28.577355     35.406      6.687   348.0476     2.7780     2.9178     0.0208      0.063      2.787      4.043        710 2.2374e+01 0.0000e+00
      2.857    15.1882     6.3479     62.556  28.673657     35.519      6.687   348.3883     2.7861     2.9715     0.0208      0.061      2.801      4.063        711 2.2087e+01 0.0000e+00
      2.871    15.1331     6.3142     62.168  28.716549     35.688      6.686   348.9183     2.8104     2.9178     0.0209      0.060      2.816      4.084        712 2.1676e+01 0.0000e+00
      2.887    15.0863     6.2869     61.839  28.672245     35.647      6.685   348.3126     2.7901     2.8776     0.0208      0.059      2.830      4.104        713 2.1294e+01 0.0000e+00
      2.900    15.0402     6.2672     61.581  28.699169     35.765      6.685   349.1076     2.9236     2.8776     0.0208      0.058      2.843      4.124        714 2.1131e+01 0.0000e+00
      2.912    14.9929     6.2475     61.323  28.712716     35.807      6.681   349.0319     2.9276     2.8641     0.0208      0.057      2.856      4.144        715 2.0853e+01 0.0000e+00
      2.927    14.9393     6.2181     60.996  28.655408     35.779      6.683   348.6912     2.9438     2.9447     0.0208      0.056      2.871      4.164        716 2.0494e+01 0.0000e+00
      2.943    14.8829     6.1827     60.646  28.651911     35.821      6.681   349.3726     2.8993     2.9715     0.0208      0.056      2.886      4.185        717 2.0233e+01 0.0000e+00
      2.957    14.8299     6.1473     60.251  28.657789     35.869      6.679   349.3348     2.9115     2.9178     0.0208      0.056      2.900      4.206        718 1.9960e+01 0.0000e+00
      2.971    14.7836     6.1081     59.797  28.677762     35.955      6.677   350.1676     2.6931     2.9178     0.0208      0.056      2.912      4.224        719 1.9721e+01 0.0000e+00
      2.981    14.7439     6.0603     59.278  28.716023     36.038      6.676   350.0541     2.7376     2.9313     0.0208      0.055      2.924      4.241        720 1.9488e+01 0.0000e+00
      2.993    14.7044     6.0293     58.889  28.699141     36.080      6.677   350.0541     2.7133     3.0253     0.0208      0.053      2.936      4.259        721 1.9208e+01 0.0000e+00
      3.008    14.6631     6.0094     58.551  28.669141     36.045      6.675   349.6755     2.7052     2.8910     0.0208      0.053      2.950      4.279        722 1.8932e+01 0.0000e+00
      3.024    14.6180     5.9909     58.232  28.694076     36.152      6.672   349.7133     2.5839     2.9715     0.0208      0.053      2.966      4.302        723 1.8633e+01 0.0000e+00
      3.041    14.5702     5.9889     58.093  28.727421     36.189      6.669   349.4483     2.6041     2.8641     0.0208      0.054      2.981      4.324        724 1.8346e+01 0.0000e+00
      3.055    14.5221     5.9823     57.922  28.716606     36.265      6.668   350.4705     2.6163     2.8776     0.0209      0.054      2.996      4.345        725 1.8148e+01 0.0000e+00
      3.069    14.4946     5.9694     57.695  28.677906     36.204      6.668   350.1676     2.5920     2.9313     0.0208      0.056      3.010      4.364        726 1.8010e+01 0.0000e+00
      3.082    14.4891     5.9639     57.539  28.686657     36.318      6.666   350.3948     2.5920     2.6761     0.0208      0.057      3.023      4.384        727 1.7755e+01 0.0000e+00
      3.096    14.4550     5.9458     57.256  28.676087     36.274      6.663   350.3948     2.5799     2.7164     0.0208      0.058      3.038      4.406        728 1.7497e+01 0.0000e+00
      3.115    14.4014     5.9274     56.967  28.631775     36.276      6.661   350.3569     2.6082     2.6761     0.0208      0.059      3.055      4.430        729 1.7236e+01 0.0000e+00
      3.132    14.3614     5.9067     56.662  28.623214     36.238      6.658   350.6219     2.6041     2.7970     0.0208      0.059      3.072      4.455        730 1.6940e+01 0.0000e+00
      3.151    14.2939     5.8846     56.346  28.627455     36.359      6.658   350.9626     2.4707     2.7433     0.0208      0.061      3.090      4.481        731 1.6661e+01 0.0000e+00
      3.169    14.1837     5.8625     56.038  28.596865     36.289      6.656   350.5841     2.4545     2.6224     0.0208      0.063      3.107      4.506        732 1.6363e+01 0.0000e+00
      3.185    14.0740     5.8296     55.629  28.572357     36.386      6.653   350.3948     2.4667     2.7164     0.0208      0.065      3.123      4.529        733 1.6125e+01 0.0000e+00
      3.200    13.9807     5.8115     55.355  28.539390     36.383      6.652   350.3948     2.4667     2.7433     0.0207      0.066      3.138      4.551        734 1.5906e+01 0.0000e+00
      3.215    13.8971     5.7699     54.852  28.637931     36.663      6.650   351.0383     2.3211     2.4344     0.0208      0.067      3.153      4.574        735 1.5705e+01 0.0000e+00
      3.232    13.8164     5.7330     54.398  28.598009     36.680      6.647   351.0005     2.3453     2.5419     0.0208      0.066      3.169      4.597        736 1.5447e+01 0.0000e+00
      3.247    13.7351     5.6839     53.839  28.470516     36.579      6.645   351.2655     2.3453     2.5016     0.0207      0.065      3.186      4.622        737 1.5155e+01 0.0000e+00
      3.269    13.6501     5.6452     53.393  28.500143     36.727      6.644   351.2276     2.3332     2.4613     0.0207      0.065      3.206      4.650        738 1.4862e+01 0.0000e+00
      3.289    13.5615     5.6007     52.901  28.472226     36.732      6.640   352.0605     2.3413     2.4344     0.0207      0.066      3.225      4.677        739 1.4669e+01 0.0000e+00
      3.305    13.4764     5.5655     52.497  28.445994     36.812      6.637   351.6819     2.3413     2.2464     0.0207      0.067      3.241      4.701        740 1.4486e+01 0.0000e+00
      3.321    13.3942     5.5398     52.172  28.414229     36.825      6.634   351.4548     2.3251     2.2464     0.0207      0.069      3.256      4.723        741 1.4219e+01 0.0000e+00
      3.336    13.3158     5.5263     51.953  28.393199     36.906      6.631   351.9848     2.3130     2.3404     0.0207      0.069      3.271      4.744        742 1.4051e+01 0.0000e+00
      3.349    13.2399     5.5119     51.727  28.412902     36.986      6.633   351.9469     2.3656     2.2464     0.0207      0.067      3.286      4.765        743 1.3872e+01 0.0000e+00
      3.365    13.1581     5.4856     51.423  28.389741     37.061      6.633   352.0984     2.2806     2.3404     0.0207      0.066      3.301      4.787        744 1.3638e+01 0.0000e+00
      3.383    13.0708     5.4751     51.245  28.362758     37.061      6.630   351.1519     2.2766     2.3136     0.0206      0.064      3.318      4.812        745 1.3395e+01 0.0000e+00
      3.401    12.9851     5.4563     50.914  28.327919     37.141      6.626   351.3033     2.2766     2.2599     0.0207      0.062      3.334      4.835        746 1.3204e+01 0.0000e+00
      3.414    12.9085     5.4328     50.563  28.255239     37.080      6.624   351.5305     2.2726     2.3404     0.0206      0.061      3.347      4.855        747 1.3069e+01 0.0000e+00
      3.425    12.8419     5.4050     50.257  28.275352     37.237      6.622   351.7955     2.0946     2.2062     0.0206      0.060      3.358      4.870        748 1.2975e+01 0.0000e+00
      3.434    12.7828     5.3782     49.910  28.302922     37.312      6.619   352.0984     2.0704     2.1256     0.0206      0.058      3.368      4.885        749 1.2866e+01 0.0000e+00
      3.445    12.7217     5.3527     49.513  28.280253     37.377      6.619   352.0984     2.0623     2.0853     0.0206      0.055      3.379      4.901        750 1.2706e+01 0.0000e+00
      3.458    12.6515     5.2939     48.872  28.244292     37.363      6.617   352.3255     2.0744     2.1390     0.0206      0.052      3.392      4.920        751 1.2576e+01 0.0000e+00
      3.473    12.5720     5.2434     48.332  28.229108     37.422      6.615   352.0605     2.1027     2.1793     0.0206      0.050      3.406      4.941        752 1.2411e+01 0.0000e+00
      3.488    12.4956     5.1835     47.655  28.239880     37.493      6.614   352.3634     2.1027     2.3002     0.0206      0.049      3.421      4.962        753 1.2238e+01 0.0000e+00
      3.505    12.4449     5.1371     47.096  28.230913     37.571      6.612   352.2119     2.0704     2.0987     0.0206      0.050      3.437      4.986        754 1.2090e+01 0.0000e+00
      3.523    12.3756     5.0751     46.443  28.240295     37.650      6.610   352.6284     2.0663     2.1659     0.0206      0.053      3.456      5.012        755 1.1932e+01 0.0000e+00
      3.544    12.2433     5.0291     45.953  28.287528     37.774      6.605   353.0826     1.9491     2.2196     0.0206      0.058      3.476      5.042        756 1.1711e+01 0.0000e+00
      3.566    12.1308     4.9768     45.424  28.350046     37.917      6.602   353.1584     1.9248     2.2062     0.0207      0.065      3.498      5.074        757 1.1435e+01 0.0000e+00
      3.592    12.0847     4.9431     45.052  28.340415     38.054      6.595   353.7641     1.9572     2.1659     0.0207      0.071      3.521      5.106        758 1.1293e+01 0.0000e+00
      3.611    11.9978     4.9039     44.602  28.299559     38.096      6.592   353.6505     1.9288     2.1122     0.0206      0.076      3.540      5.134        759 1.1146e+01 0.0000e+00
      3.627    11.8608     4.8753     44.244  28.341633     38.215      6.592   354.3698     1.9652     2.1659     0.0207      0.078      3.557      5.158        760 1.0968e+01 0.0000e+00
      3.643    11.7717     4.8474     43.955  28.406675     38.380      6.586   354.2184     1.7024     2.2464     0.0207      0.079      3.573      5.182        761 1.0888e+01 0.0000e+00
      3.660    11.7030     4.8317     43.801  28.455839     38.603      6.583   353.5748     1.6943     2.0853     0.0207      0.078      3.589      5.207        762 1.0732e+01 0.0000e+00
      3.678    11.5898     4.8178     43.596  28.458386     38.694      6.581   354.3698     1.6741     2.1122     0.0207      0.076      3.607      5.232        763 1.0601e+01 0.0000e+00
      3.695    11.4700     4.8198     43.539  28.522136     38.841      6.579   354.4834     1.7064     2.1793     0.0208      0.072      3.624      5.256        764 1.0471e+01 0.0000e+00
      3.713    11.3871     4.8509     43.754  28.613725     39.114      6.570   355.9598     1.6296     2.1524     0.0208      0.069      3.641      5.281        765 1.0282e+01 0.0000e+00
