Data/DataNotYetUploadedToEDI/Raw_CTD/RawDownloads/052818_fcr10.cnv
* Sea-Bird SBE19plus  Data File:
* FileName = C:\DATA\052818_fcr_0001.hex
* Software version 2.6.3.104
* Temperature SN = 7809
* Conductivity SN = 7809
* System UpLoad Time = May 28 2018 15:47:14
* <ApplicationData>
* <Seaterm232>
# nquan = 17
# nvalues = 420                         
# units = specified
# name 0 = depFM: Depth [fresh water, m]
# name 1 = tv290C: Temperature [ITS-90, deg C]
# name 2 = sbeox0Mg/L: Oxygen, SBE 43 [mg/l]
# name 3 = sbeox0PS: Oxygen, SBE 43 [% saturation]
# name 4 = c0uS/cm: Conductivity [uS/cm]
# name 5 = specc: Specific Conductance [uS/cm]
# name 6 = ph: pH
# name 7 = orp: Oxidation Reduction Potential [mV]
# name 8 = flECO-AFL: Fluorescence, WET Labs ECO-AFL/FL [mg/m^3]
# name 9 = turbWETntu0: Turbidity, WET Labs ECO [NTU]
# name 10 = sal00: Salinity, Practical [PSU]
# name 11 = dz/dtM: Descent Rate [m/s]
# name 12 = prdM: Pressure, Strain Gauge [db]
# name 13 = prdE: Pressure, Strain Gauge [psi]
# name 14 = scan: Scan Count
# name 15 = par/sat/log: PAR/Logarithmic, Satlantic
# name 16 = flag:  0.000e+00
# span 0 =     -0.555,      2.656       
# span 1 =    16.1404,    24.9422       
# span 2 =    -0.8172,    10.0543       
# span 3 =     -8.334,    105.407       
# span 4 =   1.389406, 145.795439       
# span 5 =      1.627,    176.480       
# span 6 =      5.515,      7.320       
# span 7 =   176.8950,  1240.2295       
# span 8 =    -0.1698,     5.6975       
# span 9 =    -0.2109,    22.5763       
# span 10 =     0.0119,     0.0848      
# span 11 =     -0.142,      0.188      
# span 12 =     -0.544,      2.603      
# span 13 =     -0.789,      3.775      
# span 14 =          1,        420      
# span 15 = 1.9897e+01, 9.6690e+02      
# span 16 = 0.0000e+00, 0.0000e+00      
# interval = seconds: 0.25
# start_time = May 28 2018 15:33:33 [Instrument's time stamp, header]
# bad_flag = -9.990e-29
*END*
[from data line 86]
     -0.158    23.9788     5.4002     64.173  30.839177     31.476      7.263   247.2716     5.6530     1.9913     0.0219      0.001     -0.155     -0.226         87 7.4506e+02 0.0000e+00
     -0.159    23.9828     5.3786     63.919  30.825062     31.474      7.255   247.7638     5.4145     1.7496     0.0219      0.001     -0.156     -0.226         88 7.4587e+02 0.0000e+00
     -0.159    23.9867     5.3573     63.669  30.784095     31.415      7.254   247.3852     5.4185     1.7496     0.0219      0.000     -0.156     -0.226         89 7.4987e+02 0.0000e+00
     -0.159    23.9901     5.3387     63.451  30.771555     31.412      7.258   247.0445     5.4226     1.8167     0.0219      0.000     -0.156     -0.226         90 7.5165e+02 0.0000e+00
     -0.159    23.9926     5.3192     63.221  30.781364     31.410      7.258   247.1959     5.4347     1.7765     0.0219      0.000     -0.156     -0.226         91 7.5387e+02 0.0000e+00
     -0.158    23.9944     5.3036     63.039  30.771887     31.408      7.259   247.9531     5.4104     1.7362     0.0219      0.000     -0.155     -0.225         92 7.5319e+02 0.0000e+00
     -0.158    23.9962     5.2870     62.845  30.783348     31.406      7.261   248.2559     5.4873     1.9107     0.0219      0.000     -0.155     -0.225         93 7.5285e+02 0.0000e+00
     -0.158    23.9990     5.2687     62.630  30.826400     31.462      7.265   248.3695     5.4711     2.0047     0.0219      0.000     -0.155     -0.224         94 7.5673e+02 0.0000e+00
     -0.157    24.0029     5.2546     62.462  30.836912     31.461      7.268   249.0509     5.4873     2.0719     0.0219      0.001     -0.154     -0.224         95 7.5847e+02 0.0000e+00
     -0.157    24.0076     5.2450     62.352  30.829568     31.459      7.268   249.3159     5.4792     2.0047     0.0219      0.001     -0.154     -0.223         96 7.6099e+02 0.0000e+00
     -0.156    24.0118     5.2332     62.220  30.835537     31.456      7.270   249.5809     5.2042     1.7362     0.0219      0.001     -0.153     -0.222         97 7.5727e+02 0.0000e+00
     -0.155    24.0147     5.2226     62.097  30.770179     31.396      7.269   249.5431     5.2244     1.7228     0.0219      0.002     -0.152     -0.220         98 7.5229e+02 0.0000e+00
     -0.154    24.0172     5.2185     62.050  30.732999     31.337      7.272   249.8838     5.2406     1.8167     0.0219      0.002     -0.152     -0.220         99 7.5374e+02 0.0000e+00
     -0.155    24.0194     5.2133     61.991  30.822505     31.449      7.274   249.8081     5.2446     1.7630     0.0219      0.002     -0.152     -0.220        100 7.4869e+02 0.0000e+00
     -0.154    24.0207     5.2024     61.864  30.836694     31.447      7.276   250.3759     5.0991     1.7228     0.0219      0.002     -0.153     -0.221        101 7.5564e+02 0.0000e+00
     -0.158    24.0231     5.1899     61.717  30.774641     31.389      7.271   250.4516     5.1072     1.6690     0.0219      0.001     -0.154     -0.224        102 7.6781e+02 0.0000e+00
     -0.159    24.0268     5.1715     61.496  30.781125     31.388      7.268   250.7545     5.1112     1.8167     0.0219     -0.000     -0.155     -0.225        103 7.7109e+02 0.0000e+00
     -0.158    24.0287     5.1617     61.380  30.769322     31.386      7.264   251.0952     5.0991     1.7630     0.0219     -0.001     -0.155     -0.225        104 7.7026e+02 0.0000e+00
     -0.157    24.0285     5.1486     61.228  30.730026     31.327      7.264   251.0195     5.0910     1.6422     0.0219     -0.002     -0.155     -0.225        105 7.6690e+02 0.0000e+00
     -0.160    24.0325     5.1350     61.068  30.770727     31.383      7.263   251.1709     5.0869     1.7362     0.0219     -0.003     -0.157     -0.228        106 7.7048e+02 0.0000e+00
     -0.163    24.0388     5.1181     60.866  30.777972     31.383      7.266   251.6631     5.1072     1.7228     0.0219     -0.004     -0.159     -0.231        107 7.7539e+02 0.0000e+00
     -0.162    24.0413     5.1140     60.816  30.721008     31.323      7.268   252.0795     5.1355     1.7093     0.0219     -0.004     -0.159     -0.231        108 7.7575e+02 0.0000e+00
     -0.161    24.0429     5.1039     60.698  30.723012     31.319      7.269   252.3823     5.1718     1.7630     0.0219     -0.003     -0.159     -0.231        109 7.7433e+02 0.0000e+00
     -0.162    24.0451     5.0953     60.600  30.775474     31.375      7.271   252.4202     5.1880     1.6690     0.0219     -0.002     -0.159     -0.231        110 7.7645e+02 0.0000e+00
     -0.161    24.0478     5.0849     60.480  30.774321     31.374      7.274   252.1552     5.1840     1.7362     0.0219     -0.002     -0.158     -0.229        111 7.8208e+02 0.0000e+00
     -0.159    24.0492     5.0708     60.316  30.724448     31.315      7.275   252.8745     5.1759     1.7093     0.0219     -0.001     -0.157     -0.227        112 7.7970e+02 0.0000e+00
     -0.158    24.0479     5.0556     60.137  30.778239     31.371      7.268   252.9502     5.1435     1.6959     0.0219      0.000     -0.157     -0.227        113 7.7475e+02 0.0000e+00
     -0.162    24.0484     5.0462     60.026  30.825981     31.427      7.258   253.3288     5.1840     1.7362     0.0219      0.001     -0.159     -0.230        114 7.7586e+02 0.0000e+00
     -0.164    24.0514     5.0319     59.859  30.783637     31.371      7.249   253.1774     5.1840     1.6690     0.0219      0.000     -0.160     -0.231        115 7.7955e+02 0.0000e+00
     -0.161    24.0528     5.0174     59.686  30.771634     31.370      7.243   253.1395     5.1597     1.7362     0.0219     -0.000     -0.158     -0.229        116 7.7985e+02 0.0000e+00
     -0.159    24.0515     5.0057     59.550  30.722315     31.311      7.232   253.4802     5.1840     1.7093     0.0219      0.000     -0.157     -0.228        117 7.8089e+02 0.0000e+00
     -0.160    24.0508     4.9897     59.368  30.726411     31.311      7.228   253.7074     5.4711     1.9242     0.0219      0.000     -0.158     -0.228        118 7.8693e+02 0.0000e+00
     -0.162    24.0531     4.9840     59.308  30.825838     31.425      7.230   254.0859     5.4953     2.0047     0.0219     -0.000     -0.158     -0.229        119 7.8372e+02 0.0000e+00
     -0.161    24.0566     4.9788     59.251  30.776482     31.369      7.234   254.1238     5.4549     1.9779     0.0219     -0.001     -0.158     -0.229        120 7.8144e+02 0.0000e+00
     -0.161    24.0600     4.9750     59.208  30.728531     31.310      7.239   254.1995     5.4832     1.9645     0.0219     -0.000     -0.158     -0.230        121 7.8489e+02 0.0000e+00
     -0.162    24.0630     4.9718     59.171  30.766910     31.365      7.243   254.6538     5.6166     2.0719     0.0219      0.000     -0.158     -0.230        122 7.8285e+02 0.0000e+00
     -0.161    24.0640     4.9695     59.143  30.728719     31.306      7.245   254.8809     5.5964     1.9645     0.0219      0.000     -0.158     -0.230        123 7.8000e+02 0.0000e+00
     -0.161    24.0655     4.9621     59.057  30.716756     31.304      7.252   255.3352     5.6086     2.0182     0.0219     -0.001     -0.158     -0.229        124 7.8211e+02 0.0000e+00
     -0.161    24.0677     4.9522     58.941  30.722497     31.303      7.255   255.2974     5.6086     1.9376     0.0219     -0.001     -0.157     -0.228        125 7.8437e+02 0.0000e+00
     -0.158    24.0680     4.9421     58.822  30.721575     31.302      7.254   255.3352     5.4306     2.0450     0.0219      0.001     -0.157     -0.227        126 7.8388e+02 0.0000e+00
     -0.159    24.0710     4.9279     58.655  30.777202     31.358      7.248   255.7138     5.4428     1.9779     0.0219      0.001     -0.157     -0.228        127 7.8111e+02 0.0000e+00
     -0.164    24.0778     4.9163     58.520  30.771871     31.358      7.248   255.6381     5.4104     1.9376     0.0219      0.000     -0.160     -0.231        128 7.8223e+02 0.0000e+00
     -0.164    24.0842     4.9035     58.372  30.728209     31.299      7.249   255.4109     5.4226     2.0182     0.0219     -0.001     -0.160     -0.232        129 7.7743e+02 0.0000e+00
     -0.160    24.0890     4.8946     58.267  30.772235     31.351      7.246   255.8652     5.4306     2.0719     0.0219     -0.000     -0.158     -0.230        130 7.6880e+02 0.0000e+00
     -0.161    24.0917     4.8865     58.174  30.776380     31.347      7.241   255.7895     5.4266     1.9913     0.0219     -0.001     -0.158     -0.229        131 7.8012e+02 0.0000e+00
     -0.162    24.0923     4.8816     58.119  30.723049     31.287      7.240   256.1302     5.4266     1.9645     0.0219     -0.001     -0.158     -0.229        132 7.9013e+02 0.0000e+00
     -0.160    24.0925     4.8721     58.008  30.720000     31.286      7.240   256.0545     5.4266     1.8973     0.0219     -0.001     -0.158     -0.228        133 7.9057e+02 0.0000e+00
     -0.160    24.0941     4.8678     57.958  30.720872     31.285      7.243   256.8874     5.4064     1.9645     0.0219     -0.000     -0.158     -0.228        134 7.9064e+02 0.0000e+00
     -0.163    24.0959     4.8565     57.825  30.721963     31.285      7.238   257.0388     5.6166     1.8167     0.0219      0.000     -0.158     -0.229        135 7.9058e+02 0.0000e+00
     -0.162    24.0968     4.8546     57.804  30.718643     31.284      7.234   257.1902     5.6207     1.7630     0.0219      0.001     -0.158     -0.229        136 7.9082e+02 0.0000e+00
     -0.159    24.0986     4.8442     57.683  30.725004     31.283      7.230   257.1145     5.6288     1.7496     0.0219      0.001     -0.158     -0.228        137 7.8726e+02 0.0000e+00
     -0.160    24.1014     4.8356     57.580  30.773346     31.339      7.222   257.7581     5.6005     1.7093     0.0219      0.000     -0.158     -0.229        138 7.8755e+02 0.0000e+00
     -0.163    24.1045     4.8244     57.448  30.777084     31.338      7.219   257.3416     5.6692     1.9376     0.0219     -0.000     -0.159     -0.231        139 7.8936e+02 0.0000e+00
     -0.163    24.1067     4.8204     57.403  30.779652     31.336      7.222   257.2281     5.6854     1.9107     0.0219     -0.001     -0.159     -0.231        140 7.9046e+02 0.0000e+00
     -0.160    24.1091     4.8159     57.352  30.770148     31.334      7.218   257.7959     5.6975     1.9645     0.0219     -0.001     -0.157     -0.228        141 7.9054e+02 0.0000e+00
     -0.158    24.1122     4.8086     57.268  30.729611     31.276      7.224   257.9095     5.6530     1.9645     0.0219      0.000     -0.156     -0.227        142 7.9127e+02 0.0000e+00
     -0.160    24.1142     4.8109     57.297  30.770798     31.331      7.224   258.5531     5.5803     1.8167     0.0219      0.001     -0.157     -0.228        143 7.9176e+02 0.0000e+00
     -0.160    24.1150     4.7988     57.154  30.778191     31.330      7.231   258.1745     5.6126     1.6959     0.0219      0.001     -0.157     -0.228        144 7.8958e+02 0.0000e+00
     -0.160    24.1165     4.7869     57.014  30.720410     31.271      7.229   258.9695     5.6166     1.7496     0.0219      0.000     -0.157     -0.228        145 7.8760e+02 0.0000e+00
     -0.161    24.1187     4.7841     56.982  30.724101     31.271      7.231   258.8181     5.6166     1.6959     0.0219      0.001     -0.157     -0.228        146 7.9020e+02 0.0000e+00
     -0.161    24.1204     4.7753     56.879  30.714295     31.270      7.233   258.7424     5.3457     1.5750     0.0219      0.001     -0.157     -0.228        147 7.9182e+02 0.0000e+00
     -0.159    24.1210     4.7634     56.738  30.732614     31.268      7.237   258.8938     5.3457     1.7765     0.0219      0.001     -0.156     -0.227        148 7.8544e+02 0.0000e+00
     -0.158    24.1217     4.7564     56.655  30.760605     31.324      7.238   258.9695     5.3579     1.8436     0.0219      0.000     -0.156     -0.226        149 7.8558e+02 0.0000e+00
     -0.160    24.1240     4.7463     56.535  30.738761     31.267      7.242   259.3481     5.3862     1.8167     0.0219      0.000     -0.157     -0.228        150 7.8960e+02 0.0000e+00
     -0.162    24.1270     4.7342     56.392  30.759797     31.323      7.242   259.9538     5.0263     1.7899     0.0219     -0.000     -0.158     -0.229        151 7.9336e+02 0.0000e+00
     -0.161    24.1291     4.7307     56.353  30.734426     31.265      7.242   260.1052     5.0303     1.7228     0.0219     -0.000     -0.157     -0.228        152 7.9626e+02 0.0000e+00
     -0.159    24.1306     4.7237     56.271  30.711033     31.263      7.241   260.2567     5.0505     1.7362     0.0219      0.000     -0.156     -0.226        153 7.9734e+02 0.0000e+00
     -0.158    24.1321     4.7184     56.210  30.729605     31.262      7.239   260.2945     5.0465     1.7630     0.0219      0.001     -0.156     -0.226        154 7.9862e+02 0.0000e+00
     -0.159    24.1336     4.7118     56.132  30.711313     31.261      7.236   260.2945     5.0465     1.7228     0.0219      0.001     -0.156     -0.227        155 7.9874e+02 0.0000e+00
     -0.160    24.1349     4.7075     56.081  30.733797     31.260      7.237   260.3702     4.6785     1.6690     0.0219     -0.000     -0.157     -0.228        156 7.9923e+02 0.0000e+00
     -0.160    24.1363     4.6973     55.961  30.760925     31.316      7.235   260.1052     4.7109     1.6825     0.0219     -0.000     -0.157     -0.228        157 7.9762e+02 0.0000e+00
     -0.160    24.1373     4.6894     55.868  30.736853     31.258      7.234   260.9381     4.6704     1.7630     0.0219      0.001     -0.156     -0.227        158 7.9560e+02 0.0000e+00
     -0.159    24.1376     4.6849     55.816  30.704450     31.257      7.232   260.6731     4.6947     1.8167     0.0219      0.001     -0.156     -0.226        159 7.9605e+02 0.0000e+00
     -0.159    24.1378     4.6781     55.736  30.682647     31.200      7.225   260.7488     4.7432     1.6959     0.0219      0.000     -0.156     -0.226        160 7.9594e+02 0.0000e+00
     -0.160    24.1387     4.6699     55.639  30.704687     31.256      7.230   261.2409     4.7594     1.7630     0.0219     -0.000     -0.156     -0.227        161 7.9720e+02 0.0000e+00
     -0.161    24.1410     4.6632     55.558  30.736323     31.256      7.231   261.2409     4.7513     1.7496     0.0219     -0.001     -0.156     -0.227        162 7.9907e+02 0.0000e+00
     -0.160    24.1428     4.6574     55.490  30.761880     31.313      7.229   261.7709     4.7675     1.7630     0.0219     -0.000     -0.156     -0.227        163 7.9691e+02 0.0000e+00
     -0.159    24.1440     4.6497     55.401  30.732184     31.254      7.225   261.9224     4.5289     1.7630     0.0219      0.000     -0.156     -0.226        164 7.9547e+02 0.0000e+00
     -0.159    24.1450     4.6416     55.305  30.713975     31.253      7.216   261.8845     4.4723     1.8033     0.0219      0.000     -0.156     -0.226        165 7.9701e+02 0.0000e+00
     -0.160    24.1458     4.6372     55.253  30.725237     31.252      7.209   262.1874     4.4763     1.6690     0.0219     -0.000     -0.157     -0.227        166 7.9831e+02 0.0000e+00
     -0.161    24.1470     4.6387     55.271  30.718168     31.252      7.203   262.1495     4.4885     1.7899     0.0219     -0.001     -0.157     -0.228        167 7.9754e+02 0.0000e+00
     -0.160    24.1481     4.6283     55.148  30.722772     31.251      7.197   262.3388     4.4683     1.6959     0.0219     -0.000     -0.157     -0.228        168 7.9872e+02 0.0000e+00
     -0.160    24.1492     4.6258     55.119  30.719507     31.250      7.195   262.6795     4.4966     1.8705     0.0219     -0.000     -0.157     -0.227        169 7.9740e+02 0.0000e+00
     -0.159    24.1507     4.6203     55.053  30.722230     31.250      7.193   262.7931     4.4683     1.7496     0.0219      0.000     -0.156     -0.226        170 7.9734e+02 0.0000e+00
