Data/DataNotYetUploadedToEDI/Raw_CTD/RawDownloads/052818_fcr50.cnv
* Sea-Bird SBE19plus  Data File:
* FileName = C:\DATA\052818_fcr_0003.hex
* Software version 2.6.3.104
* Temperature SN = 7809
* Conductivity SN = 7809
* System UpLoad Time = May 28 2018 10:11:29
* <ApplicationData>
* <Seaterm232>
# nquan = 17
# nvalues = 1166                        
# units = specified
# name 0 = depFM: Depth [fresh water, m]
# name 1 = tv290C: Temperature [ITS-90, deg C]
# name 2 = sbeox0Mg/L: Oxygen, SBE 43 [mg/l]
# name 3 = sbeox0PS: Oxygen, SBE 43 [% saturation]
# name 4 = c0uS/cm: Conductivity [uS/cm]
# name 5 = specc: Specific Conductance [uS/cm]
# name 6 = ph: pH
# name 7 = orp: Oxidation Reduction Potential [mV]
# name 8 = flECO-AFL: Fluorescence, WET Labs ECO-AFL/FL [mg/m^3]
# name 9 = turbWETntu0: Turbidity, WET Labs ECO [NTU]
# name 10 = sal00: Salinity, Practical [PSU]
# name 11 = dz/dtM: Descent Rate [m/s]
# name 12 = prdM: Pressure, Strain Gauge [db]
# name 13 = prdE: Pressure, Strain Gauge [psi]
# name 14 = scan: Scan Count
# name 15 = par/sat/log: PAR/Logarithmic, Satlantic
# name 16 = flag:  0.000e+00
# span 0 =     -0.569,      9.649       
# span 1 =     9.7309,    23.8305       
# span 2 =     4.4178,    10.2694       
# span 3 =     38.898,    113.805       
# span 4 =   0.186624,  31.710310       
# span 5 =      0.407,     44.749       
# span 6 =      5.303,      7.255       
# span 7 = -1240.7455,   379.9991       
# span 8 =    -0.2062,     5.4185       
# span 9 =    -0.3452,     3.9115       
# span 10 =     0.0114,     0.0224      
# span 11 =     -0.074,      0.242      
# span 12 =     -0.557,      9.461      
# span 13 =     -0.808,     13.722      
# span 14 =          1,       1166      
# span 15 = 1.2330e-01, 1.2948e+03      
# span 16 = 0.0000e+00, 0.0000e+00      
# interval = seconds: 0.25
# start_time = May 28 2018 13:58:43 [Instrument's time stamp, header]
# bad_flag = -9.990e-29
*END*
[from data line 766]
      3.746    11.2733     4.9595     44.626  28.643811     39.370      6.564   355.8462     1.6013     2.1659     0.0208      0.067      3.673      5.327        767 1.0085e+01 0.0000e+00
      3.761    11.2123     5.0351     45.271  28.721526     39.517      6.559   356.2248     1.6215     2.0853     0.0209      0.067      3.689      5.351        768 9.9078e+00 0.0000e+00
      3.780    11.1217     5.1395     46.181  28.811085     39.725      6.556   355.0134     1.7388     1.9645     0.0210      0.067      3.707      5.377        769 9.7321e+00 0.0000e+00
      3.800    11.0276     5.2560     47.205  28.828868     39.793      6.550   355.3541     1.7752     1.9645     0.0210      0.067      3.727      5.405        770 9.6145e+00 0.0000e+00
      3.820    10.9930     5.4007     48.458  28.818017     39.892      6.545   357.0577     1.7711     1.9645     0.0210      0.068      3.746      5.433        771 9.4599e+00 0.0000e+00
      3.840    10.9766     5.5677     49.916  28.824624     39.998      6.537   357.2469     1.7469     1.9376     0.0210      0.070      3.766      5.462        772 9.3348e+00 0.0000e+00
      3.861    10.9044     5.7339     51.393  28.761381     39.960      6.530   357.3605     1.7509     1.9242     0.0209      0.073      3.785      5.490        773 9.2163e+00 0.0000e+00
      3.878    10.8267     5.9062     52.930  28.718844     39.895      6.521   357.1334     1.7671     1.9510     0.0209      0.074      3.804      5.516        774 9.0834e+00 0.0000e+00
      3.897    10.7634     6.0862     54.514  28.699679     39.981      6.516   356.7548     1.7671     1.8839     0.0209      0.076      3.822      5.543        775 8.9495e+00 0.0000e+00
      3.916    10.7046     6.2567     55.994  28.607362     39.908      6.512   357.1334     1.7469     1.9107     0.0208      0.076      3.839      5.569        776 8.7909e+00 0.0000e+00
      3.932    10.6605     6.4189     57.381  28.596569     39.981      6.508   357.2469     1.8278     2.0047     0.0208      0.075      3.855      5.592        777 8.6864e+00 0.0000e+00
      3.946    10.6260     6.5797     58.748  28.624191     40.085      6.502   357.8148     1.8035     2.0182     0.0208      0.072      3.870      5.613        778 8.6040e+00 0.0000e+00
      3.961    10.6011     6.7244     59.995  28.602658     40.096      6.500   358.3069     1.8399     1.9242     0.0208      0.069      3.884      5.633        779 8.4692e+00 0.0000e+00
      3.974    10.5772     6.8397     61.007  28.593734     40.134      6.494   358.6098     1.7995     1.8839     0.0208      0.066      3.897      5.652        780 8.3932e+00 0.0000e+00
      3.985    10.5381     6.9553     62.003  28.516715     40.046      6.493   358.6855     1.8278     1.8839     0.0208      0.062      3.908      5.668        781 8.3199e+00 0.0000e+00
      3.995    10.5030     7.0675     62.954  28.461329     39.992      6.490   358.5341     1.8399     1.9376     0.0208      0.057      3.917      5.682        782 8.2083e+00 0.0000e+00
      4.003    10.4925     7.1688     63.810  28.455132     40.038      6.487   358.4205     1.8318     1.9913     0.0208      0.052      3.927      5.695        783 8.1804e+00 0.0000e+00
      4.013    10.4858     7.2631     64.606  28.465142     40.077      6.484   356.9819     1.8278     1.9913     0.0208      0.047      3.937      5.710        784 8.1007e+00 0.0000e+00
      4.027    10.4634     7.3675     65.498  28.448884     40.089      6.484   357.8148     1.8439     1.8705     0.0208      0.045      3.950      5.729        785 7.9655e+00 0.0000e+00
      4.044    10.4272     7.4560     66.255  28.356777     39.938      6.483   357.5119     1.8116     1.9242     0.0207      0.045      3.965      5.750        786 7.8596e+00 0.0000e+00
      4.058    10.3794     7.5313     66.899  28.342582     39.964      6.481   357.3984     1.8237     1.9779     0.0207      0.046      3.980      5.772        787 7.7929e+00 0.0000e+00
      4.075    10.3282     7.6070     67.548  28.347964     40.004      6.478   357.9662     1.8358     2.0450     0.0207      0.049      3.994      5.793        788 7.7105e+00 0.0000e+00
      4.086    10.2973     7.6660     68.052  28.290796     39.980      6.475   358.6477     1.8197     1.9510     0.0207      0.051      4.007      5.811        789 7.6107e+00 0.0000e+00
      4.096    10.2840     7.7147     68.465  28.295151     40.038      6.474   358.7612     1.8237     2.1927     0.0207      0.053      4.018      5.827        790 7.5542e+00 0.0000e+00
      4.109    10.2605     7.7638     68.888  28.283266     40.074      6.475   356.8305     1.8075     2.2062     0.0207      0.054      4.030      5.845        791 7.4881e+00 0.0000e+00
      4.122    10.2273     7.8027     69.221  28.305599     40.087      6.473   357.3984     1.8075     2.3270     0.0207      0.053      4.046      5.867        792 7.3627e+00 0.0000e+00
      4.145    10.1960     7.8335     69.482  28.326664     40.194      6.469   357.6634     1.8197     2.0719     0.0207      0.054      4.066      5.896        793 7.1873e+00 0.0000e+00
      4.169    10.1680     7.8559     69.670  28.257060     40.073      6.465   357.3227     1.6660     2.0584     0.0206      0.058      4.087      5.927        794 7.0880e+00 0.0000e+00
      4.186    10.1442     7.8785     69.865  28.273638     40.188      6.464   358.6098     1.7105     2.1927     0.0207      0.062      4.105      5.954        795 7.0058e+00 0.0000e+00
      4.204    10.1247     7.8949     70.000  28.306047     40.220      6.460   358.7991     1.7267     2.1390     0.0207      0.066      4.123      5.980        796 6.8773e+00 0.0000e+00
      4.223    10.1090     7.9095     70.119  28.335332     40.327      6.458   357.4741     1.6862     2.1256     0.0207      0.070      4.141      6.006        797 6.7836e+00 0.0000e+00
      4.243    10.0946     7.8946     69.980  28.296498     40.270      6.454   357.4362     1.5690     2.1122     0.0207      0.074      4.161      6.034        798 6.6791e+00 0.0000e+00
      4.263    10.0818     7.9051     70.068  28.235789     40.208      6.451   357.7012     1.5568     2.0450     0.0206      0.076      4.180      6.062        799 6.5487e+00 0.0000e+00
      4.281    10.0704     7.9029     70.046  28.232999     40.225      6.452   357.7012     1.5649     2.1927     0.0206      0.077      4.196      6.086        800 6.4675e+00 0.0000e+00
      4.294    10.0617     7.8875     69.910  28.240679     40.239      6.447   358.1177     1.5487     2.1256     0.0206      0.074      4.210      6.105        801 6.4149e+00 0.0000e+00
      4.302    10.0548     7.8719     69.771  28.226237     40.253      6.445   358.1934     1.5407     2.1122     0.0206      0.068      4.220      6.120        802 6.3377e+00 0.0000e+00
      4.313    10.0471     7.8480     69.554  28.191680     40.183      6.442   358.4205     1.4032     1.9913     0.0206      0.064      4.231      6.137        803 6.2768e+00 0.0000e+00
      4.329    10.0408     7.8136     69.233  28.224392     40.271      6.442   358.5341     1.4396     1.9510     0.0206      0.060      4.246      6.158        804 6.1696e+00 0.0000e+00
      4.346    10.0367     7.7766     68.888  28.244827     40.279      6.443   358.1934     1.4436     2.0182     0.0206      0.057      4.262      6.181        805 6.0284e+00 0.0000e+00
      4.364    10.0308     7.7320     68.476  28.225547     40.287      6.442   358.2312     1.4436     2.0182     0.0206      0.055      4.279      6.206        806 5.9042e+00 0.0000e+00
      4.380    10.0244     7.6800     68.004  28.248387     40.291      6.440   357.8905     1.3061     1.9779     0.0206      0.055      4.295      6.229        807 5.8295e+00 0.0000e+00
      4.394    10.0203     7.6306     67.559  28.394297     40.538      6.438   358.0419     1.2940     1.9107     0.0207      0.057      4.308      6.249        808 5.7639e+00 0.0000e+00
      4.405    10.0169     7.5793     67.099  28.459048     40.625      6.435   358.2691     1.3021     1.9779     0.0208      0.058      4.320      6.266        809 5.7206e+00 0.0000e+00
      4.417    10.0159     7.5308     66.664  28.464295     40.629      6.438   358.6098     1.2900     1.9242     0.0208      0.059      4.333      6.284        810 5.6605e+00 0.0000e+00
      4.432    10.0160     7.4866     66.269  28.506364     40.713      6.438   360.5027     1.2091     1.6959     0.0208      0.058      4.347      6.305        811 5.5224e+00 0.0000e+00
      4.449    10.0154     7.4409     65.860  28.465993     40.635      6.435   359.8212     1.2333     1.7630     0.0208      0.057      4.363      6.329        812 5.4402e+00 0.0000e+00
      4.467    10.0118     7.4165     65.638  28.455239     40.634      6.438   360.1619     1.2333     1.7630     0.0208      0.057      4.381      6.354        813 5.3526e+00 0.0000e+00
      4.486    10.0028     7.3595     65.127  28.519747     40.715      6.436   359.2534     1.2536     1.8839     0.0208      0.058      4.400      6.381        814 5.2460e+00 0.0000e+00
      4.507     9.9915     7.3289     64.853  28.593256     40.838      6.434   359.6698     1.3466     1.6556     0.0209      0.061      4.420      6.410        815 5.1880e+00 0.0000e+00
      4.528     9.9813     7.3006     64.600  28.660248     40.929      6.434   359.6698     1.3466     1.7899     0.0209      0.066      4.441      6.440        816 5.0746e+00 0.0000e+00
      4.550     9.9745     7.2818     64.431  28.673571     40.982      6.431   361.8277     1.3668     1.6690     0.0209      0.072      4.461      6.470        817 4.9505e+00 0.0000e+00
      4.567     9.9698     7.2751     64.369  28.665626     40.955      6.429   360.9948     1.3668     1.7765     0.0209      0.075      4.478      6.495        818 4.9296e+00 0.0000e+00
      4.581     9.9656     7.2753     64.368  28.699787     41.042      6.426   361.0327     1.4274     1.9913     0.0209      0.076      4.494      6.517        819 4.8374e+00 0.0000e+00
      4.599     9.9620     7.2936     64.528  28.720007     41.048      6.426   361.4869     1.4355     1.9376     0.0209      0.075      4.509      6.538        820 4.7521e+00 0.0000e+00
      4.611     9.9595     7.3132     64.699  28.699763     41.052      6.424   361.5248     1.4315     2.0182     0.0209      0.072      4.522      6.558        821 4.7427e+00 0.0000e+00
      4.623     9.9571     7.3423     64.954  28.665687     40.977      6.422   360.7677     1.4355     1.9913     0.0209      0.068      4.534      6.577        822 4.6900e+00 0.0000e+00
      4.638     9.9528     7.3605     65.114  28.703121     41.060      6.423   360.6162     1.4355     1.9510     0.0209      0.063      4.549      6.599        823 4.5823e+00 0.0000e+00
      4.657     9.9487     7.3883     65.358  28.623529     40.943      6.420   363.0012     1.3506     1.6422     0.0209      0.060      4.568      6.625        824 4.4566e+00 0.0000e+00
      4.679     9.9466     7.4174     65.616  28.527544     40.788      6.419   362.6984     1.3506     1.7362     0.0208      0.060      4.589      6.655        825 4.3891e+00 0.0000e+00
      4.700     9.9451     7.4550     65.951  28.585382     40.912      6.418   363.0391     1.3668     1.7630     0.0209      0.063      4.609      6.684        826 4.3085e+00 0.0000e+00
      4.720     9.9433     7.4942     66.299  28.610852     40.915      6.417   363.0012     1.3789     1.7093     0.0209      0.067      4.629      6.713        827 4.2197e+00 0.0000e+00
      4.739     9.9414     7.5377     66.683  28.584796     40.917      6.412   362.8120     1.3749     1.6288     0.0209      0.071      4.649      6.741        828 4.1626e+00 0.0000e+00
      4.760     9.9397     7.5716     66.979  28.528862     40.799      6.411   362.9255     1.3344     1.6019     0.0208      0.075      4.669      6.771        829 4.0871e+00 0.0000e+00
      4.782     9.9385     7.6426     67.602  28.502568     40.801      6.409   362.9255     1.3830     1.6825     0.0208      0.079      4.689      6.801        830 4.0246e+00 0.0000e+00
      4.802     9.9369     7.6966     68.075  28.469276     40.723      6.409   363.4934     1.3587     1.8705     0.0208      0.081      4.708      6.829        831 3.9860e+00 0.0000e+00
      4.820     9.9353     7.7370     68.430  28.451698     40.725      6.408   363.8720     1.3708     2.0047     0.0208      0.080      4.727      6.855        832 3.9063e+00 0.0000e+00
      4.838     9.9342     7.7758     68.771  28.405848     40.646      6.406   363.7962     1.3506     1.9913     0.0207      0.079      4.744      6.880        833 3.8044e+00 0.0000e+00
      4.854     9.9333     7.8184     69.146  28.348444     40.568      6.405   364.4398     1.3425     1.9376     0.0207      0.077      4.760      6.904        834 3.7647e+00 0.0000e+00
      4.870     9.9337     7.8465     69.392  28.345246     40.570      6.406   364.4020     1.3749     1.9107     0.0207      0.074      4.776      6.927        835 3.7114e+00 0.0000e+00
      4.886     9.9353     7.8883     69.759  28.350533     40.571      6.406   364.8562     1.4760     1.8436     0.0207      0.072      4.792      6.951        836 3.6447e+00 0.0000e+00
      4.904     9.9359     7.9219     70.054  28.341865     40.570      6.402   363.0012     1.5043     1.9376     0.0207      0.069      4.809      6.976        837 3.6102e+00 0.0000e+00
      4.924     9.9355     7.9393     70.208  28.296736     40.488      6.404   363.5691     1.4962     1.8705     0.0207      0.068      4.828      7.002        838 3.5385e+00 0.0000e+00
      4.942     9.9331     7.9640     70.433  28.288102     40.488      6.402   363.6827     1.4881     1.9645     0.0207      0.068      4.846      7.028        839 3.4711e+00 0.0000e+00
      4.958     9.9295     7.9909     70.671  28.234015     40.408      6.403   364.5534     1.5771     1.7362     0.0206      0.068      4.863      7.052        840 3.4369e+00 0.0000e+00
      4.975     9.9269     8.0140     70.871  28.186154     40.331      6.402   364.4398     1.5568     1.6422     0.0206      0.068      4.879      7.077        841 3.4026e+00 0.0000e+00
      4.994     9.9252     8.0161     70.890  28.169776     40.335      6.403   364.5534     1.5326     1.7228     0.0206      0.069      4.899      7.106        842 3.3252e+00 0.0000e+00
      5.019     9.9242     8.0271     70.983  28.254400     40.418      6.402   363.2284     1.5609     1.6556     0.0206      0.072      4.923      7.142        843 3.2504e+00 0.0000e+00
      5.050     9.9229     8.0304     71.008  28.318028     40.580      6.399   363.2284     1.5528     1.6959     0.0207      0.077      4.951      7.182        844 3.1930e+00 0.0000e+00
      5.079     9.9214     8.0317     71.020  28.209186     40.341      6.396   363.7205     1.5649     1.7630     0.0206      0.083      4.980      7.223        845 3.1196e+00 0.0000e+00
      5.105     9.9200     8.0332     71.033  28.211963     40.423      6.394   363.7962     1.5487     1.6959     0.0206      0.089      5.005      7.260        846 3.0439e+00 0.0000e+00
      5.127     9.9185     8.0263     70.969  28.195980     40.344      6.387   364.3641     1.5568     1.7362     0.0206      0.094      5.026      7.290        847 3.0157e+00 0.0000e+00
      5.143     9.9191     8.0068     70.799  28.169781     40.346      6.387   364.4020     1.5407     1.7765     0.0206      0.097      5.043      7.314        848 3.0304e+00 0.0000e+00
      5.157     9.9224     8.0032     70.770  28.185270     40.348      6.389   364.5155     1.6256     1.7496     0.0206      0.095      5.059      7.337        849 2.9729e+00 0.0000e+00
      5.175     9.9227     7.9991     70.735  28.176704     40.347      6.388   363.7205     1.6054     1.7630     0.0206      0.090      5.077      7.363        850 2.9052e+00 0.0000e+00
      5.197     9.9207     7.9890     70.644  28.180442     40.343      6.386   363.5691     1.7226     2.1390     0.0206      0.084      5.097      7.393        851 2.8545e+00 0.0000e+00
