Data/DataNotYetUploadedToEDI/Raw_CTD/RawDownloads/052818_fcr20.cnv
* Sea-Bird SBE19plus  Data File:
* FileName = C:\DATA\052818_fcr_0002.hex
* Software version 2.6.3.104
* Temperature SN = 7809
* Conductivity SN = 7809
* System UpLoad Time = May 28 2018 15:47:31
* <ApplicationData>
* <Seaterm232>
# nquan = 17
# nvalues = 493                         
# units = specified
# name 0 = depFM: Depth [fresh water, m]
# name 1 = tv290C: Temperature [ITS-90, deg C]
# name 2 = sbeox0Mg/L: Oxygen, SBE 43 [mg/l]
# name 3 = sbeox0PS: Oxygen, SBE 43 [% saturation]
# name 4 = c0uS/cm: Conductivity [uS/cm]
# name 5 = specc: Specific Conductance [uS/cm]
# name 6 = ph: pH
# name 7 = orp: Oxidation Reduction Potential [mV]
# name 8 = flECO-AFL: Fluorescence, WET Labs ECO-AFL/FL [mg/m^3]
# name 9 = turbWETntu0: Turbidity, WET Labs ECO [NTU]
# name 10 = sal00: Salinity, Practical [PSU]
# name 11 = dz/dtM: Descent Rate [m/s]
# name 12 = prdM: Pressure, Strain Gauge [db]
# name 13 = prdE: Pressure, Strain Gauge [psi]
# name 14 = scan: Scan Count
# name 15 = par/sat/log: PAR/Logarithmic, Satlantic
# name 16 = flag:  0.000e+00
# span 0 =     -0.553,      3.615       
# span 1 =    12.8118,    23.9918       
# span 2 =     0.0785,     9.5944       
# span 3 =      0.763,    101.587       
# span 4 =   0.501054,  74.415184       
# span 5 =      0.525,     96.080       
# span 6 =      5.595,      7.404       
# span 7 =   233.7187,   436.4822       
# span 8 =    -0.1941,     9.5915       
# span 9 =     0.1248,    21.8378       
# span 10 =     0.0113,     0.0469      
# span 11 =     -0.080,      0.211      
# span 12 =     -0.542,      3.544      
# span 13 =     -0.786,      5.140      
# span 14 =          1,        493      
# span 15 = 3.6961e+00, 8.8895e+02      
# span 16 = 0.0000e+00, 0.0000e+00      
# interval = seconds: 0.25
# start_time = May 28 2018 15:47:49 [Instrument's time stamp, header]
# bad_flag = -9.990e-29
*END*
[from data line 171]
     -0.084    23.7364     4.8756     57.693  29.663618     30.424      7.178   281.8731     2.2685     1.7630     0.0215     -0.001     -0.080     -0.116        172 8.5941e+02 0.0000e+00
     -0.082    23.7360     5.2600     62.248  29.709789     30.482      7.183   282.1381     2.2847     1.6959     0.0215     -0.001     -0.079     -0.115        173 8.5894e+02 0.0000e+00
     -0.077    23.7359     5.8453     69.168  29.689317     30.453      7.185   282.4031     2.2766     1.7228     0.0215     -0.000     -0.076     -0.110        174 8.6291e+02 0.0000e+00
     -0.075    23.7356     6.5097     77.027  29.659444     30.425      7.186   282.1381     2.2928     1.7630     0.0215     -0.001     -0.075     -0.108        175 8.6103e+02 0.0000e+00
     -0.078    23.7353     7.0656     83.618  29.598719     30.368      7.186   282.6682     2.2523     1.7362     0.0214     -0.001     -0.076     -0.110        176 8.5868e+02 0.0000e+00
     -0.080    23.7350     7.4908     88.665  29.616643     30.368      7.188   282.4410     2.2604     1.8167     0.0214     -0.001     -0.078     -0.113        177 8.6145e+02 0.0000e+00
     -0.079    23.7348     7.7761     92.056  29.696437     30.483      7.187   282.3653     2.2645     1.7899     0.0215     -0.000     -0.078     -0.113        178 8.6455e+02 0.0000e+00
     -0.079    23.7342     7.9242     93.815  29.677311     30.425      7.190   282.6303     2.2604     1.7899     0.0215      0.001     -0.078     -0.113        179 8.6359e+02 0.0000e+00
     -0.081    23.7347     7.9494     94.116  29.640445     30.426      7.189   282.4410     2.2685     1.7496     0.0215      0.001     -0.078     -0.114        180 8.6007e+02 0.0000e+00
     -0.081    23.7548     7.8817     93.310  29.712667     30.455      7.185   282.5924     2.3373     1.7899     0.0215     -0.001     -0.078     -0.114        181 8.5503e+02 0.0000e+00
     -0.078    23.7834     7.7937     92.262  29.854275     30.655      7.168   282.9332     2.3777     1.7228     0.0215     -0.002     -0.075     -0.110        182 8.5263e+02 0.0000e+00
     -0.071    23.7903     7.7131     91.300  29.790357     30.528      7.159   283.0089     2.3575     1.8167     0.0215      0.001     -0.072     -0.105        183 8.6149e+02 0.0000e+00
     -0.071    23.7853     7.6745     90.838  29.703257     30.452      7.149   283.4253     2.3453     1.5616     0.0215      0.004     -0.072     -0.105        184 8.6501e+02 0.0000e+00
     -0.079    23.7844     7.6549     90.604  29.725466     30.449      7.145   283.0846     2.2159     1.5482     0.0215      0.003     -0.076     -0.111        185 8.6054e+02 0.0000e+00
     -0.083    23.7912     7.6492     90.528  29.762713     30.508      7.148   282.9332     2.1796     1.4810     0.0215      0.001     -0.079     -0.116        186 8.6627e+02 0.0000e+00
     -0.081    23.8010     7.6424     90.431  29.745852     30.481      7.155   283.2739     2.2240     1.4810     0.0215     -0.000     -0.079     -0.115        187 8.7347e+02 0.0000e+00
     -0.078    23.8085     7.6484     90.482  29.716801     30.447      7.161   283.0846     2.1836     1.4676     0.0215     -0.001     -0.077     -0.113        188 8.7564e+02 0.0000e+00
     -0.079    23.8123     7.6597     90.599  29.769215     30.499      7.165   283.6524     2.3211     1.7093     0.0215     -0.002     -0.077     -0.113        189 8.7604e+02 0.0000e+00
     -0.080    23.8130     7.6669     90.672  29.769567     30.494      7.167   283.6524     2.3332     1.7630     0.0215     -0.003     -0.078     -0.113        190 8.7558e+02 0.0000e+00
     -0.080    23.8111     7.6806     90.831  29.716359     30.435      7.172   283.5767     2.3494     1.8167     0.0215     -0.004     -0.078     -0.112        191 8.7461e+02 0.0000e+00
     -0.078    23.8073     7.6852     90.894  29.716832     30.434      7.170   283.6146     2.3453     1.7496     0.0215     -0.001     -0.077     -0.111        192 8.7342e+02 0.0000e+00
     -0.078    23.8030     7.6694     90.726  29.768979     30.492      7.173   283.6524     2.4060     1.7093     0.0215      0.001     -0.077     -0.111        193 8.7020e+02 0.0000e+00
     -0.078    23.8000     7.6424     90.428  29.799713     30.524      7.176   283.6524     2.3979     1.7362     0.0215      0.002     -0.076     -0.110        194 8.6496e+02 0.0000e+00
     -0.075    23.7985     7.6126     90.087  29.767535     30.498      7.176   283.8796     2.4060     1.6959     0.0215      0.002     -0.075     -0.108        195 8.6253e+02 0.0000e+00
     -0.075    23.7931     7.5859     89.763  29.720076     30.442      7.172   283.8796     2.4181     1.7228     0.0215      0.002     -0.075     -0.108        196 8.5866e+02 0.0000e+00
     -0.079    23.7836     7.5760     89.618  29.769826     30.500      7.169   283.9553     2.4060     1.6422     0.0215      0.002     -0.075     -0.110        197 8.5685e+02 0.0000e+00
     -0.078    23.7724     7.5676     89.463  29.764922     30.504      7.160   284.4853     2.2038     1.7496     0.0215      0.001     -0.075     -0.109        198 8.5823e+02 0.0000e+00
     -0.075    23.7622     7.5779     89.520  29.726182     30.452      7.155   284.1446     2.2159     1.7496     0.0215      0.002     -0.073     -0.106        199 8.6130e+02 0.0000e+00
     -0.072    23.7555     7.5946     89.659  29.729092     30.488      7.157   284.0310     2.2159     1.7630     0.0215      0.002     -0.070     -0.102        200 8.6735e+02 0.0000e+00
     -0.069    23.7532     7.6056     89.742  29.731655     30.466      7.150   284.5232     2.2038     1.7630     0.0215      0.003     -0.069     -0.100        201 8.7288e+02 0.0000e+00
     -0.072    23.7581     7.6074     89.701  29.752647     30.527      7.137   284.7882     2.2443     1.6153     0.0215      0.003     -0.071     -0.104        202 8.7911e+02 0.0000e+00
     -0.079    23.7695     7.6171     89.754  29.732621     30.471      7.125   284.4474     2.2604     1.8033     0.0215      0.001     -0.076     -0.110        203 8.8139e+02 0.0000e+00
     -0.083    23.7823     7.6150     89.700  29.756578     30.526      7.123   284.6367     2.2847     1.7362     0.0215     -0.001     -0.080     -0.115        204 8.8200e+02 0.0000e+00
     -0.081    23.7886     7.6090     89.644  29.782128     30.518      7.134   284.6746     2.2928     1.6556     0.0215     -0.002     -0.079     -0.115        205 8.7978e+02 0.0000e+00
     -0.078    23.7845     7.6113     89.720  29.789767     30.539      7.143   285.0153     2.2038     1.6690     0.0215     -0.003     -0.077     -0.111        206 8.7442e+02 0.0000e+00
     -0.076    23.7671     7.6196     89.869  29.776716     30.506      7.148   285.2046     2.1998     1.6422     0.0215     -0.004     -0.076     -0.110        207 8.6987e+02 0.0000e+00
     -0.078    23.7347     7.6218     89.932  29.709420     30.452      7.144   284.9396     2.2159     1.7630     0.0215     -0.004     -0.078     -0.112        208 8.6932e+02 0.0000e+00
     -0.082    23.6959     7.6244     89.964  29.665975     30.405      7.147   284.9017     2.2402     1.7899     0.0215     -0.004     -0.080     -0.116        209 8.7248e+02 0.0000e+00
     -0.082    23.6622     7.6217     89.904  29.652895     30.426      7.149   284.8639     2.1917     1.6690     0.0215     -0.002     -0.080     -0.116        210 8.7134e+02 0.0000e+00
     -0.079    23.6329     7.6130     89.776  29.607113     30.392      7.152   285.0532     2.1876     1.6690     0.0214      0.000     -0.078     -0.113        211 8.7253e+02 0.0000e+00
     -0.078    23.5966     7.6053     89.679  29.604368     30.414      7.151   285.0532     2.2119     1.7630     0.0214      0.001     -0.077     -0.111        212 8.7504e+02 0.0000e+00
     -0.078    23.5609     7.6048     89.676  29.567377     30.403      7.153   285.0532     2.2079     1.7630     0.0214      0.000     -0.077     -0.111        213 8.7347e+02 0.0000e+00
     -0.078    23.5436     7.5925     89.524  29.475268     30.311      7.154   285.0910     2.4586     1.7630     0.0214     -0.000     -0.076     -0.110        214 8.7449e+02 0.0000e+00
     -0.076    23.5520     7.5783     89.356  29.452171     30.333      7.153   285.2046     2.4626     1.6825     0.0214      0.001     -0.075     -0.109        215 8.7681e+02 0.0000e+00
     -0.076    23.5801     7.5473     89.001  29.477537     30.344      7.154   285.2046     2.4788     1.6959     0.0214      0.002     -0.075     -0.109        216 8.7644e+02 0.0000e+00
     -0.076    23.6109     7.5065     88.541  29.591951     30.483      7.156   284.8260     2.4626     1.7496     0.0214      0.003     -0.075     -0.108        217 8.7757e+02 0.0000e+00
     -0.075    23.6325     7.4747     88.175  29.665570     30.522      7.158   285.3939     2.4303     1.6959     0.0215      0.003     -0.074     -0.107        218 8.7925e+02 0.0000e+00
     -0.074    23.6335     7.4494     87.841  29.682401     30.532      7.160   285.6589     2.3373     1.6019     0.0215      0.002     -0.073     -0.106        219 8.7779e+02 0.0000e+00
     -0.074    23.6173     7.4444     87.716  29.659941     30.489      7.158   285.6210     2.3332     1.7362     0.0215      0.002     -0.074     -0.107        220 8.7554e+02 0.0000e+00
     -0.077    23.6021     7.4504     87.720  29.604565     30.431      7.160   285.4317     2.3090     1.7362     0.0214      0.001     -0.075     -0.109        221 8.7456e+02 0.0000e+00
     -0.078    23.5986     7.4599     87.787  29.603068     30.442      7.158   285.6967     2.3332     1.7496     0.0214      0.000     -0.075     -0.109        222 8.7073e+02 0.0000e+00
     -0.076    23.6000     7.4706     87.890  29.602510     30.451      7.156   285.7724     2.2847     1.6959     0.0214     -0.000     -0.075     -0.108        223 8.6683e+02 0.0000e+00
     -0.075    23.5965     7.4892     88.100  29.605265     30.454      7.155   285.7724     2.2362     1.7630     0.0214     -0.000     -0.075     -0.108        224 8.6778e+02 0.0000e+00
     -0.077    23.5956     7.4919     88.133  29.599642     30.452      7.152   285.9239     2.2766     1.7362     0.0214     -0.001     -0.076     -0.110        225 8.6655e+02 0.0000e+00
     -0.079    23.6021     7.4800     87.984  29.550210     30.397      7.154   285.9617     2.2726     1.7362     0.0214     -0.002     -0.078     -0.112        226 8.6457e+02 0.0000e+00
     -0.080    23.6142     7.4697     87.852  29.548187     30.398      7.153   286.1510     2.3413     1.8167     0.0214     -0.002     -0.078     -0.112        227 8.6505e+02 0.0000e+00
     -0.078    23.6192     7.4534     87.666  29.602160     30.451      7.152   286.0753     2.3251     1.6690     0.0214     -0.002     -0.077     -0.111        228 8.6495e+02 0.0000e+00
     -0.077    23.5987     7.4515     87.667  29.601636     30.444      7.149   286.1132     2.3453     1.6959     0.0214     -0.001     -0.076     -0.110        229 8.6669e+02 0.0000e+00
     -0.077    23.5586     7.4646     87.835  29.548837     30.383      7.149   286.1132     2.3373     1.7630     0.0214     -0.001     -0.076     -0.110        230 8.6768e+02 0.0000e+00
     -0.077    23.5182     7.4729     87.948  29.460324     30.310      7.146   286.2267     2.2766     1.7362     0.0214     -0.001     -0.076     -0.110        231 8.6812e+02 0.0000e+00
     -0.077    23.4912     7.4853     88.101  29.385656     30.248      7.145   286.2267     2.2968     1.8302     0.0213      0.000     -0.075     -0.109        232 8.7035e+02 0.0000e+00
     -0.076    23.4770     7.5028     88.292  29.404583     30.303      7.146   286.4917     2.2604     1.6959     0.0213      0.001     -0.075     -0.109        233 8.6850e+02 0.0000e+00
     -0.077    23.4726     7.5218     88.514  29.407137     30.319      7.145   286.5296     2.2685     1.6019     0.0213      0.002     -0.075     -0.109        234 8.6321e+02 0.0000e+00
     -0.077    23.4725     7.5351     88.687  29.412137     30.328      7.146   286.5296     2.4141     1.7093     0.0213      0.001     -0.074     -0.108        235 8.5977e+02 0.0000e+00
     -0.075    23.4676     7.5489     88.868  29.398366     30.331      7.145   286.4160     2.4020     1.6153     0.0213      0.001     -0.072     -0.105        236 8.5331e+02 0.0000e+00
     -0.071    23.4608     7.5663     89.078  29.424276     30.331      7.143   286.7567     2.4020     1.7093     0.0213      0.002     -0.070     -0.101        237 8.4424e+02 0.0000e+00
     -0.070    23.4646     7.5851     89.286  29.468841     30.420      7.146   286.9839     2.3656     1.7228     0.0214      0.003     -0.069     -0.100        238 8.4241e+02 0.0000e+00
     -0.070    23.4775     7.6058     89.522  29.431855     30.338      7.143   287.2867     2.2564     1.7093     0.0213      0.004     -0.070     -0.101        239 8.4522e+02 0.0000e+00
     -0.073    23.4871     7.6134     89.618  29.440655     30.394      7.145   287.3624     2.2766     1.7362     0.0214      0.003     -0.072     -0.104        240 8.4756e+02 0.0000e+00
     -0.075    23.4961     7.6252     89.741  29.428239     30.328      7.145   286.8324     2.2726     1.7630     0.0213      0.002     -0.073     -0.105        241 8.5257e+02 0.0000e+00
     -0.073    23.4995     7.6318     89.773  29.447305     30.380      7.144   286.9082     2.2685     1.6959     0.0214      0.001     -0.073     -0.105        242 8.5924e+02 0.0000e+00
     -0.072    23.4914     7.6339     89.750  29.416923     30.316      7.143   287.4760     2.2766     1.7228     0.0213      0.001     -0.073     -0.106        243 8.6158e+02 0.0000e+00
     -0.078    23.4899     7.6347     89.763  29.406747     30.314      7.135   287.2867     2.2685     1.7093     0.0213     -0.002     -0.077     -0.112        244 8.6074e+02 0.0000e+00
     -0.087    23.5000     7.6448     89.908  29.430321     30.348      7.124   287.1732     2.3049     1.6690     0.0214     -0.006     -0.081     -0.118        245 8.6425e+02 0.0000e+00
     -0.084    23.5111     7.6579     90.107  29.476535     30.378      7.117   287.0217     2.2685     1.7630     0.0214     -0.007     -0.079     -0.114        246 8.6478e+02 0.0000e+00
     -0.070    23.5142     7.6650     90.241  29.527126     30.458      7.113   287.6275     2.2443     1.6422     0.0214     -0.004     -0.072     -0.104        247 8.6327e+02 0.0000e+00
     -0.068    23.5062     7.6650     90.266  29.485952     30.364      7.105   287.9682     2.2159     1.8033     0.0214      0.000     -0.072     -0.103        248 8.6452e+02 0.0000e+00
     -0.082    23.5022     7.6633     90.254  29.438825     30.362      7.107   287.3246     2.2281     1.8033     0.0214     -0.001     -0.078     -0.113        249 8.6044e+02 0.0000e+00
     -0.086    23.5052     7.6633     90.235  29.437529     30.310      7.108   287.5517     2.2038     1.6422     0.0213     -0.003     -0.080     -0.116        250 8.5485e+02 0.0000e+00
     -0.074    23.4964     7.6519     90.029  29.517216     30.457      7.111   287.5139     2.2079     1.6422     0.0214     -0.000     -0.073     -0.106        251 8.4717e+02 0.0000e+00
     -0.065    23.4687     7.6514     89.931  29.428605     30.310      7.101   287.9303     2.1310     1.7362     0.0213      0.005     -0.068     -0.099        252 8.4230e+02 0.0000e+00
     -0.070    23.4424     7.6535     89.882  29.280965     30.201      7.098   287.7789     2.1472     1.7899     0.0213      0.006     -0.070     -0.102        253 8.4232e+02 0.0000e+00
     -0.079    23.4426     7.6505     89.761  29.256224     30.160      7.101   287.8546     2.1553     1.7228     0.0213      0.002     -0.075     -0.109        254 8.4151e+02 0.0000e+00
     -0.079    23.4592     7.6500     89.635  29.340809     30.293      7.109   288.0439     2.1229     1.7228     0.0213     -0.002     -0.076     -0.110        255 8.4429e+02 0.0000e+00
