Data/DataNotYetUploadedToEDI/Raw_CTD/RawDownloads/052818_fcr20.cnv
* Sea-Bird SBE19plus  Data File:
* FileName = C:\DATA\052818_fcr_0002.hex
* Software version 2.6.3.104
* Temperature SN = 7809
* Conductivity SN = 7809
* System UpLoad Time = May 28 2018 15:47:31
* <ApplicationData>
* <Seaterm232>
# nquan = 17
# nvalues = 493                         
# units = specified
# name 0 = depFM: Depth [fresh water, m]
# name 1 = tv290C: Temperature [ITS-90, deg C]
# name 2 = sbeox0Mg/L: Oxygen, SBE 43 [mg/l]
# name 3 = sbeox0PS: Oxygen, SBE 43 [% saturation]
# name 4 = c0uS/cm: Conductivity [uS/cm]
# name 5 = specc: Specific Conductance [uS/cm]
# name 6 = ph: pH
# name 7 = orp: Oxidation Reduction Potential [mV]
# name 8 = flECO-AFL: Fluorescence, WET Labs ECO-AFL/FL [mg/m^3]
# name 9 = turbWETntu0: Turbidity, WET Labs ECO [NTU]
# name 10 = sal00: Salinity, Practical [PSU]
# name 11 = dz/dtM: Descent Rate [m/s]
# name 12 = prdM: Pressure, Strain Gauge [db]
# name 13 = prdE: Pressure, Strain Gauge [psi]
# name 14 = scan: Scan Count
# name 15 = par/sat/log: PAR/Logarithmic, Satlantic
# name 16 = flag:  0.000e+00
# span 0 =     -0.553,      3.615       
# span 1 =    12.8118,    23.9918       
# span 2 =     0.0785,     9.5944       
# span 3 =      0.763,    101.587       
# span 4 =   0.501054,  74.415184       
# span 5 =      0.525,     96.080       
# span 6 =      5.595,      7.404       
# span 7 =   233.7187,   436.4822       
# span 8 =    -0.1941,     9.5915       
# span 9 =     0.1248,    21.8378       
# span 10 =     0.0113,     0.0469      
# span 11 =     -0.080,      0.211      
# span 12 =     -0.542,      3.544      
# span 13 =     -0.786,      5.140      
# span 14 =          1,        493      
# span 15 = 3.6961e+00, 8.8895e+02      
# span 16 = 0.0000e+00, 0.0000e+00      
# interval = seconds: 0.25
# start_time = May 28 2018 15:47:49 [Instrument's time stamp, header]
# bad_flag = -9.990e-29
*END*
     -0.552    23.5112     7.9572     94.484   0.501054      0.525      5.595   426.4879    -0.1617     0.1920     0.0113 -2.105e-16     -0.542     -0.786          1 4.9642e+02 0.0000e+00
     -0.553    23.5121     7.9607     94.566   0.523296      0.525      5.597   433.1886    -0.1698     0.1248     0.0113     -0.000     -0.542     -0.786          2 5.1333e+02 0.0000e+00
     -0.552    23.5113     7.9826     94.817   0.931106      0.956      5.600   434.7029    -0.1819     0.2054     0.0113     -0.000     -0.542     -0.786          3 5.7140e+02 0.0000e+00
     -0.553    23.5136     8.0145     95.158   2.865490      2.883      5.603   436.4822    -0.1698     0.2322     0.0116     -0.000     -0.542     -0.786          4 6.2942e+02 0.0000e+00
     -0.553    23.5106     8.0091     95.046   3.741620      4.062      5.612   435.3464    -0.1577     0.2322     0.0118     -0.000     -0.542     -0.786          5 6.1298e+02 0.0000e+00
     -0.552    23.5207     7.9610     94.425   3.482709      3.314      5.618   425.1250    -0.1738     0.1517     0.0117     -0.000     -0.540     -0.784          6 6.7166e+02 0.0000e+00
     -0.553    23.6149     7.8937     93.584   3.128464      3.573      5.625   428.9486    -0.1779     0.2322     0.0117     -0.000     -0.524     -0.760          7 8.3430e+02 0.0000e+00
     -0.495    23.7494     7.8042     92.486  11.527241     10.935      5.929   375.3806    -0.1698     0.2188     0.0140      0.015     -0.473     -0.686          8 8.4258e+02 0.0000e+00
     -0.398    23.8532     7.6785     90.967  26.774090     28.662      6.666   301.5968    -0.1617     0.2725     0.0207      0.052     -0.391     -0.568          9 8.0725e+02 0.0000e+00
     -0.306    23.9262     7.5333     89.227  30.319824     30.473      7.113   300.6503    -0.1536     0.1517     0.0215      0.103     -0.310     -0.450         10 8.0737e+02 0.0000e+00
     -0.245    23.9699     7.3733     87.319  29.401110     30.466      7.316   271.9545    -0.1941     0.1517     0.0215      0.153     -0.252     -0.366         11 7.7764e+02 0.0000e+00
     -0.220    23.9918     7.2167     85.454  30.111327     30.534      7.372   297.5082    -0.1698     0.2860     0.0216      0.190     -0.221     -0.320         12 7.6759e+02 0.0000e+00
     -0.209    23.9877     7.0731     83.745  29.732436     30.508      7.376   269.4938     1.2333    21.8378     0.0216      0.208     -0.199     -0.288         13 7.2570e+02 0.0000e+00
     -0.178    23.9660     6.9560     82.351  29.872613     30.379      7.400   265.5188     1.2374    21.8378     0.0215      0.211     -0.164     -0.238         14 7.4006e+02 0.0000e+00
     -0.113    23.9390     6.8441     81.019  29.788624     30.468      7.397   263.3988     1.2253    21.7975     0.0215      0.207     -0.106     -0.154         15 6.9899e+02 0.0000e+00
     -0.031    23.9108     6.7401     79.783  29.807311     30.396      7.404   262.5281     1.2333    21.7975     0.0215      0.196     -0.038     -0.055         16 4.8993e+02 0.0000e+00
      0.025    23.8865     6.6544     78.768  29.701120     30.356      7.390   260.9381     1.9572     1.7765     0.0215      0.184      0.018      0.026         17 4.0552e+02 0.0000e+00
      0.060    23.8650     6.5991     78.118  29.772543     30.430      7.377   260.9002     1.9572     1.6825     0.0215      0.180      0.058      0.085         18 4.0979e+02 0.0000e+00
      0.097    23.8478     6.5682     77.766  29.718437     30.388      7.368   261.0895     1.9531     1.7630     0.0215      0.185      0.090      0.131         19 4.1458e+02 0.0000e+00
      0.118    23.8363     6.5589     77.671  29.709164     30.402      7.368   261.3167     1.9531     1.6556     0.0215      0.189      0.111      0.161         20 4.0789e+02 0.0000e+00
      0.125    23.8284     6.5625     77.723  29.695144     30.384      7.367   261.8845     2.0057     1.7496     0.0215      0.179      0.119      0.173         21 3.9787e+02 0.0000e+00
      0.124    23.8216     6.5712     77.812  29.706244     30.420      7.366   262.3009     2.0057     1.6959     0.0215      0.150      0.118      0.172         22 3.9653e+02 0.0000e+00
      0.114    23.8158     6.5809     77.914  29.665706     30.367      7.361   262.4524     2.0178     1.8839     0.0215      0.107      0.111      0.161         23 4.0207e+02 0.0000e+00
      0.102    23.8111     6.6083     78.237  29.656648     30.371      7.359   263.3231     1.9895     1.8167     0.0215      0.062      0.100      0.144         24 4.1212e+02 0.0000e+00
      0.089    23.8064     6.6455     78.682  29.658221     30.375      7.354   263.2474     2.0178     1.7630     0.0215      0.028      0.085      0.123         25 4.2465e+02 0.0000e+00
      0.068    23.8032     6.6939     79.256  29.663750     30.378      7.349   263.9288     2.0299     1.7362     0.0215     -0.002      0.067      0.097         26 4.8810e+02 0.0000e+00
      0.047    23.8022     6.7465     79.880  29.709068     30.438      7.345   263.7017     1.9652     1.7093     0.0215     -0.029      0.048      0.070         27 5.4905e+02 0.0000e+00
      0.032    23.8063     6.7965     80.468  29.690775     30.412      7.330   264.1181     2.0340     1.7362     0.0215     -0.047      0.037      0.054         28 5.5262e+02 0.0000e+00
      0.034    23.8152     6.8495     81.088  29.716167     30.441      7.331   263.9667     1.9976     1.6690     0.0215     -0.053      0.038      0.055         29 5.1621e+02 0.0000e+00
      0.049    23.8261     6.9038     81.727  29.825714     30.553      7.332   264.5724     2.0016     1.8033     0.0215     -0.047      0.048      0.070         30 5.0568e+02 0.0000e+00
      0.066    23.8312     6.9602     82.394  29.821287     30.547      7.316   265.0645     2.0340     1.6959     0.0215     -0.033      0.056      0.081         31 6.0978e+02 0.0000e+00
      0.055    23.8226     7.0068     82.945  29.662374     30.369      7.307   264.7617     1.9895     1.6959     0.0215     -0.020      0.042      0.061         32 7.4210e+02 0.0000e+00
      0.005    23.8133     7.0230     83.136  29.667683     30.365      7.310   264.4210     2.0016     1.7093     0.0215     -0.021      0.002      0.004         33 6.9526e+02 0.0000e+00
     -0.051    23.8127     7.0150     83.041  29.785029     30.514      7.306   265.3295     2.0623     1.7228     0.0215     -0.034     -0.044     -0.062         34 7.0339e+02 0.0000e+00
     -0.086    23.8157     6.9684     82.489  29.842481     30.548      7.311   265.7838     2.0704     1.7630     0.0215     -0.054     -0.074     -0.106         35 6.8734e+02 0.0000e+00
     -0.087    23.8169     6.9033     81.717  30.011278     30.749      7.306   265.9352     2.0785     1.7765     0.0216     -0.072     -0.079     -0.114         36 6.9113e+02 0.0000e+00
     -0.066    23.8165     6.8216     80.750  29.871461     30.604      7.300   266.0110     2.0461     1.7228     0.0216     -0.080     -0.069     -0.100         37 6.5783e+02 0.0000e+00
     -0.061    23.8141     6.7328     79.698  29.631040     30.317      7.295   266.8438     1.9774     1.6422     0.0214     -0.079     -0.063     -0.092         38 6.9853e+02 0.0000e+00
     -0.067    23.8094     6.6405     78.603  29.687841     30.432      7.285   266.1245     2.0219     1.7630     0.0215     -0.069     -0.065     -0.094         39 5.7099e+02 0.0000e+00
     -0.070    23.8072     6.5526     77.563  29.652527     30.348      7.279   266.3517     2.0057     1.7362     0.0214     -0.047     -0.064     -0.092         40 3.0161e+02 0.0000e+00
     -0.056    23.8065     6.4807     76.712  29.645339     30.379      7.280   266.7681     2.0097     1.7496     0.0215     -0.016     -0.057     -0.082         41 5.3800e+02 0.0000e+00
     -0.048    23.8060     6.4254     76.055  29.726436     30.438      7.272   267.2224     2.0623     1.6422     0.0215      0.009     -0.052     -0.075         42 6.4072e+02 0.0000e+00
     -0.055    23.8059     6.3855     75.582  29.818448     30.553      7.266   266.9574     2.0623     1.7630     0.0215      0.017     -0.054     -0.078         43 7.3866e+02 0.0000e+00
     -0.060    23.8056     6.3427     75.075  29.886624     30.610      7.268   267.2602     2.0542     1.7765     0.0216      0.012     -0.058     -0.084         44 8.2120e+02 0.0000e+00
     -0.062    23.8051     6.3106     74.694  29.878787     30.610      7.269   267.5252     2.0704     1.6825     0.0216      0.004     -0.062     -0.090         45 7.8851e+02 0.0000e+00
     -0.069    23.8045     6.2810     74.343  29.887501     30.610      7.268   267.8281     2.1351     1.6422     0.0216      0.000     -0.067     -0.098         46 8.3229e+02 0.0000e+00
     -0.077    23.8041     6.2413     73.872  29.905429     30.639      7.270   267.9795     2.1391     1.7496     0.0216     -0.004     -0.073     -0.106         47 8.3643e+02 0.0000e+00
     -0.079    23.8037     6.2041     73.431  29.886125     30.611      7.269   268.3960     2.1472     1.8705     0.0216     -0.010     -0.076     -0.111         48 8.6487e+02 0.0000e+00
     -0.079    23.8029     6.1601     72.909  29.881875     30.611      7.269   268.7745     2.1674     1.7362     0.0216     -0.015     -0.076     -0.111         49 8.6724e+02 0.0000e+00
     -0.077    23.8025     6.1187     72.419  29.881068     30.612      7.270   268.8503     2.1149     1.7496     0.0216     -0.016     -0.076     -0.111         50 8.7820e+02 0.0000e+00
     -0.078    23.8022     6.0708     71.851  29.827831     30.555      7.265   269.1153     2.1472     1.6690     0.0215     -0.012     -0.077     -0.111         51 8.7633e+02 0.0000e+00
     -0.079    23.8015     6.0279     71.342  29.829530     30.555      7.264   269.1153     2.1553     1.7228     0.0215     -0.009     -0.078     -0.113         52 8.7765e+02 0.0000e+00
     -0.079    23.8007     5.9894     70.886  29.908603     30.641      7.265   269.4560     2.1472     1.7496     0.0216     -0.007     -0.078     -0.113         53 8.7776e+02 0.0000e+00
     -0.079    23.8001     5.9422     70.326  29.877673     30.613      7.268   269.3803     2.1472     1.7093     0.0216     -0.003     -0.078     -0.113         54 8.7942e+02 0.0000e+00
     -0.080    23.7995     5.9042     69.876  29.838371     30.556      7.269   269.5317     2.1998     1.6825     0.0215     -0.001     -0.078     -0.113         55 8.7883e+02 0.0000e+00
     -0.079    23.7987     5.8653     69.415  29.868566     30.614      7.269   269.8724     2.1836     1.6690     0.0216     -0.001     -0.078     -0.113         56 8.7688e+02 0.0000e+00
     -0.079    23.7980     5.8422     69.141  29.840097     30.557      7.273   270.0617     2.2200     1.6959     0.0215     -0.001     -0.078     -0.113         57 8.7678e+02 0.0000e+00
     -0.080    23.7973     5.8053     68.704  29.873800     30.615      7.273   270.2131     2.2079     1.7228     0.0216     -0.001     -0.078     -0.113         58 8.7853e+02 0.0000e+00
     -0.081    23.7968     5.7777     68.376  29.915571     30.644      7.273   270.4024     2.3494     1.7899     0.0216     -0.001     -0.078     -0.113         59 8.8119e+02 0.0000e+00
     -0.078    23.7965     5.7401     67.930  29.877063     30.616      7.273   270.7810     2.3292     1.6556     0.0216      0.000     -0.076     -0.111         60 8.8507e+02 0.0000e+00
     -0.075    23.7960     5.7071     67.539  29.832774     30.559      7.271   270.7431     2.3413     1.6825     0.0215      0.001     -0.075     -0.109         61 8.8573e+02 0.0000e+00
     -0.078    23.7953     5.6764     67.175  29.822441     30.559      7.267   271.0838     2.3373     1.7496     0.0215      0.001     -0.076     -0.110         62 8.8772e+02 0.0000e+00
     -0.078    23.7949     5.6491     66.851  29.830627     30.559      7.264   271.1974     2.2523     1.6153     0.0215      0.002     -0.076     -0.111         63 8.8895e+02 0.0000e+00
     -0.078    23.7940     5.6210     66.518  29.822587     30.560      7.262   271.3867     2.2645     1.7093     0.0215      0.001     -0.076     -0.111         64 8.8564e+02 0.0000e+00
     -0.077    23.7933     5.5860     66.103  29.832444     30.560      7.259   271.3488     2.2685     1.8167     0.0215      0.001     -0.076     -0.110         65 8.8548e+02 0.0000e+00
     -0.077    23.7928     5.5626     65.825  29.848009     30.589      7.259   271.4245     2.2564     1.7093     0.0215      0.001     -0.075     -0.109         66 8.8729e+02 0.0000e+00
     -0.075    23.7923     5.5296     65.434  29.832867     30.561      7.253   271.6517     2.2604     1.8167     0.0215      0.001     -0.075     -0.108         67 8.8788e+02 0.0000e+00
     -0.078    23.7918     5.5060     65.154  29.821640     30.561      7.247   271.6517     2.2726     1.6019     0.0215      0.000     -0.077     -0.111         68 8.8740e+02 0.0000e+00
     -0.081    23.7911     5.4862     64.918  29.832333     30.562      7.237   271.6138     2.2523     1.6690     0.0215     -0.001     -0.078     -0.114         69 8.8503e+02 0.0000e+00
     -0.081    23.7906     5.4592     64.598  29.878858     30.619      7.224   271.7653     2.2523     1.7899     0.0216     -0.001     -0.078     -0.114         70 8.8573e+02 0.0000e+00
     -0.078    23.7900     5.4348     64.308  29.882337     30.620      7.217   272.1438     2.2766     1.7362     0.0216     -0.001     -0.077     -0.111         71 8.8714e+02 0.0000e+00
     -0.077    23.7896     5.4161     64.087  29.857653     30.591      7.206   272.4467     2.2766     1.8033     0.0215     -0.001     -0.076     -0.110         72 8.8654e+02 0.0000e+00
     -0.078    23.7889     5.3923     63.805  29.820629     30.563      7.198   272.8631     2.2402     1.7228     0.0215     -0.001     -0.077     -0.111         73 8.8812e+02 0.0000e+00
     -0.080    23.7883     5.3667     63.501  29.780166     30.506      7.196   272.7117     2.2685     1.6959     0.0215     -0.001     -0.077     -0.112         74 8.8560e+02 0.0000e+00
     -0.079    23.7874     5.3528     63.335  29.819059     30.564      7.199   272.4467     2.2847     1.7630     0.0215     -0.001     -0.077     -0.112         75 8.8070e+02 0.0000e+00
     -0.076    23.7868     5.3273     63.033  29.831526     30.564      7.201   272.9388     2.3292     1.7362     0.0215      0.001     -0.075     -0.109         76 8.7933e+02 0.0000e+00
     -0.075    23.7865     5.3042     62.759  29.823951     30.565      7.201   273.3174     2.3292     1.6959     0.0215      0.002     -0.074     -0.107         77 8.7874e+02 0.0000e+00
     -0.076    23.7859     5.2867     62.550  29.828487     30.565      7.204   273.0146     2.3049     1.7362     0.0215      0.002     -0.074     -0.108         78 8.7939e+02 0.0000e+00
     -0.076    23.7851     5.2621     62.259  29.855530     30.594      7.207   273.6203     2.3211     1.6422     0.0215      0.001     -0.074     -0.108         79 8.8057e+02 0.0000e+00
     -0.076    23.7841     5.2452     62.058  29.879244     30.623      7.211   273.2796     2.3211     1.6959     0.0216      0.002     -0.074     -0.108         80 8.8277e+02 0.0000e+00
     -0.076    23.7834     5.2222     61.785  29.828626     30.566      7.213   273.7338     2.3332     1.6825     0.0215      0.002     -0.074     -0.107         81 8.8601e+02 0.0000e+00
     -0.075    23.7829     5.2037     61.566  29.829576     30.567      7.213   273.7717     2.3615     1.6690     0.0215      0.002     -0.073     -0.106         82 8.8550e+02 0.0000e+00
     -0.075    23.7823     5.1875     61.374  29.818764     30.567      7.209   273.5446     2.3211     1.7765     0.0215      0.001     -0.073     -0.106         83 8.8442e+02 0.0000e+00
     -0.076    23.7816     5.1682     61.145  29.782783     30.510      7.209   273.8853     2.2443     1.7228     0.0215      0.000     -0.074     -0.107         84 8.8429e+02 0.0000e+00
     -0.077    23.7810     5.1496     60.925  29.785405     30.539      7.207   274.0746     2.2200     1.7362     0.0215     -0.000     -0.075     -0.109         85 8.8179e+02 0.0000e+00
