Data/DataNotYetUploadedToEDI/Raw_CTD/RawDownloads/052818_fcr10.cnv
* Sea-Bird SBE19plus  Data File:
* FileName = C:\DATA\052818_fcr_0001.hex
* Software version 2.6.3.104
* Temperature SN = 7809
* Conductivity SN = 7809
* System UpLoad Time = May 28 2018 15:47:14
* <ApplicationData>
* <Seaterm232>
# nquan = 17
# nvalues = 420                         
# units = specified
# name 0 = depFM: Depth [fresh water, m]
# name 1 = tv290C: Temperature [ITS-90, deg C]
# name 2 = sbeox0Mg/L: Oxygen, SBE 43 [mg/l]
# name 3 = sbeox0PS: Oxygen, SBE 43 [% saturation]
# name 4 = c0uS/cm: Conductivity [uS/cm]
# name 5 = specc: Specific Conductance [uS/cm]
# name 6 = ph: pH
# name 7 = orp: Oxidation Reduction Potential [mV]
# name 8 = flECO-AFL: Fluorescence, WET Labs ECO-AFL/FL [mg/m^3]
# name 9 = turbWETntu0: Turbidity, WET Labs ECO [NTU]
# name 10 = sal00: Salinity, Practical [PSU]
# name 11 = dz/dtM: Descent Rate [m/s]
# name 12 = prdM: Pressure, Strain Gauge [db]
# name 13 = prdE: Pressure, Strain Gauge [psi]
# name 14 = scan: Scan Count
# name 15 = par/sat/log: PAR/Logarithmic, Satlantic
# name 16 = flag:  0.000e+00
# span 0 =     -0.555,      2.656       
# span 1 =    16.1404,    24.9422       
# span 2 =    -0.8172,    10.0543       
# span 3 =     -8.334,    105.407       
# span 4 =   1.389406, 145.795439       
# span 5 =      1.627,    176.480       
# span 6 =      5.515,      7.320       
# span 7 =   176.8950,  1240.2295       
# span 8 =    -0.1698,     5.6975       
# span 9 =    -0.2109,    22.5763       
# span 10 =     0.0119,     0.0848      
# span 11 =     -0.142,      0.188      
# span 12 =     -0.544,      2.603      
# span 13 =     -0.789,      3.775      
# span 14 =          1,        420      
# span 15 = 1.9897e+01, 9.6690e+02      
# span 16 = 0.0000e+00, 0.0000e+00      
# interval = seconds: 0.25
# start_time = May 28 2018 15:33:33 [Instrument's time stamp, header]
# bad_flag = -9.990e-29
*END*
[from data line 256]
     -0.155    23.9341     7.9736     94.609  29.741525     30.361      7.187   272.3331     4.6745     1.7630     0.0215     -0.003     -0.153     -0.222        257 9.2306e+02 0.0000e+00
     -0.162    23.9344     7.9757     94.637  29.773265     30.446      7.188   271.8031     4.6987     1.6825     0.0215     -0.005     -0.158     -0.230        258 9.2273e+02 0.0000e+00
     -0.169    23.9330     7.9823     94.718  29.735700     30.359      7.188   272.1438     4.6987     1.7765     0.0215     -0.008     -0.163     -0.237        259 9.2234e+02 0.0000e+00
     -0.169    23.9318     7.9797     94.689  29.699325     30.359      7.186   272.2953     4.7068     1.8167     0.0215     -0.009     -0.165     -0.239        260 9.1930e+02 0.0000e+00
     -0.167    23.9298     7.9686     94.559  29.729585     30.359      7.188   272.8253     4.7311     1.7362     0.0215     -0.009     -0.163     -0.237        261 9.1757e+02 0.0000e+00
     -0.164    23.9284     7.9614     94.474  29.757340     30.417      7.181   272.9388     4.7675     1.7899     0.0215     -0.008     -0.161     -0.234        262 9.1664e+02 0.0000e+00
     -0.163    23.9286     7.9615     94.472  29.783380     30.418      7.176   273.0146     4.7351     1.8436     0.0215     -0.006     -0.161     -0.233        263 9.1836e+02 0.0000e+00
     -0.165    23.9278     7.9652     94.512  29.756477     30.419      7.162   272.9388     4.7473     1.6825     0.0215     -0.005     -0.162     -0.235        264 9.1713e+02 0.0000e+00
     -0.168    23.9285     7.9624     94.478  29.761172     30.391      7.152   272.9767     4.6300     1.6690     0.0215     -0.003     -0.164     -0.239        265 9.1458e+02 0.0000e+00
     -0.170    23.9297     7.9699     94.569  29.807190     30.477      7.154   273.0146     4.6098     1.6959     0.0215     -0.001     -0.165     -0.240        266 9.2007e+02 0.0000e+00
     -0.168    23.9299     7.9754     94.636  29.728860     30.362      7.157   273.2038     4.6138     1.7899     0.0215     -0.000     -0.164     -0.239        267 9.2451e+02 0.0000e+00
     -0.166    23.9319     7.9809     94.700  29.710405     30.361      7.163   273.3174     4.6219     1.7899     0.0215     -0.001     -0.163     -0.237        268 9.2219e+02 0.0000e+00
     -0.165    23.9339     7.9942     94.856  29.770857     30.418      7.167   273.2796     4.8322     1.6556     0.0215     -0.001     -0.162     -0.236        269 9.1975e+02 0.0000e+00
     -0.166    23.9349     7.9943     94.853  29.772224     30.417      7.173   273.3174     4.8443     1.7093     0.0215     -0.001     -0.163     -0.237        270 9.1883e+02 0.0000e+00
     -0.167    23.9357     7.9992     94.907  29.738351     30.387      7.181   273.2417     4.8281     1.7093     0.0215     -0.001     -0.163     -0.237        271 9.1760e+02 0.0000e+00
     -0.167    23.9357     8.0043     94.963  29.724062     30.358      7.188   273.4310     4.8281     1.8705     0.0215      0.000     -0.163     -0.237        272 9.1514e+02 0.0000e+00
     -0.166    23.9339     8.0074     94.996  29.760358     30.415      7.192   273.7338     4.8281     1.7630     0.0215      0.001     -0.164     -0.237        273 9.1134e+02 0.0000e+00
     -0.168    23.9322     8.0130     95.063  29.782131     30.415      7.191   273.9988     4.7917     1.8033     0.0215      0.001     -0.164     -0.237        274 9.0969e+02 0.0000e+00
     -0.165    23.9316     8.0208     95.149  29.815563     30.473      7.190   273.9610     4.8120     1.7630     0.0215      0.000     -0.161     -0.233        275 9.1214e+02 0.0000e+00
     -0.159    23.9322     8.0248     95.187  29.778050     30.417      7.189   273.4688     4.8281     1.8302     0.0215      0.001     -0.156     -0.227        276 9.1187e+02 0.0000e+00
     -0.154    23.9332     8.0205     95.127  29.739868     30.389      7.186   274.2260     4.8645     1.7630     0.0215      0.004     -0.154     -0.223        277 9.0814e+02 0.0000e+00
     -0.160    23.9328     8.0216     95.133  29.774134     30.417      7.187   273.4310     4.8524     1.7496     0.0215      0.005     -0.157     -0.228        278 9.0942e+02 0.0000e+00
     -0.167    23.9314     8.0272     95.195  29.765055     30.416      7.190   274.0746     4.8362     1.7362     0.0215      0.004     -0.162     -0.235        279 9.1237e+02 0.0000e+00
     -0.166    23.9294     8.0341     95.273  29.780815     30.417      7.189   274.2260     4.8443     1.7630     0.0215      0.002     -0.162     -0.236        280 9.1203e+02 0.0000e+00
     -0.164    23.9269     8.0398     95.336  29.754521     30.417      7.188   273.9610     4.8726     1.8302     0.0215      0.001     -0.161     -0.234        281 9.0985e+02 0.0000e+00
     -0.163    23.9242     8.0414     95.352  29.738478     30.362      7.189   274.4910     4.9414     1.7496     0.0215     -0.000     -0.160     -0.232        282 9.0836e+02 0.0000e+00
     -0.162    23.9226     8.0465     95.410  29.800781     30.477      7.187   274.4531     4.9171     1.6690     0.0215     -0.002     -0.159     -0.231        283 9.1010e+02 0.0000e+00
     -0.162    23.9220     8.0491     95.439  29.765936     30.393      7.188   274.2638     4.9373     1.7630     0.0215     -0.003     -0.158     -0.230        284 9.1231e+02 0.0000e+00
     -0.160    23.9188     8.0532     95.481  29.752194     30.423      7.191   274.3396     4.9171     1.6288     0.0215     -0.001     -0.156     -0.226        285 9.1192e+02 0.0000e+00
     -0.154    23.9138     8.0520     95.459  29.728935     30.366      7.193   274.6046     4.9333     1.9913     0.0215      0.004     -0.151     -0.220        286 9.1269e+02 0.0000e+00
     -0.150    23.9088     8.0531     95.468  29.705935     30.368      7.187   274.8696     4.9292     1.9242     0.0215      0.007     -0.145     -0.211        287 9.1324e+02 0.0000e+00
     -0.141    23.9046     8.0539     95.475  29.721520     30.371      7.185   272.3710     4.8928     1.8973     0.0215      0.011     -0.136     -0.198        288 9.1250e+02 0.0000e+00
     -0.126    23.9024     8.0541     95.471  29.709541     30.374      7.178   271.4624     4.9171     1.9913     0.0215      0.016     -0.126     -0.183        289 9.1446e+02 0.0000e+00
     -0.120    23.9000     8.0571     95.472  29.750494     30.406      7.173   271.3867     4.9899     1.7765     0.0215      0.022     -0.119     -0.173        290 9.1861e+02 0.0000e+00
     -0.119    23.8974     8.0526     95.342  29.759503     30.435      7.178   270.8188     5.0101     1.8033     0.0215      0.025     -0.116     -0.167        291 9.1832e+02 0.0000e+00
     -0.114    23.8957     8.0442     95.169  29.668683     30.323      7.180   270.7053     5.0141     1.7362     0.0215      0.027     -0.112     -0.162        292 9.1652e+02 0.0000e+00
     -0.110    23.8949     8.0333     94.984  29.655976     30.324      7.183   270.5538     5.0141     1.7228     0.0215      0.026     -0.105     -0.154        293 9.1579e+02 0.0000e+00
     -0.099    23.8932     8.0291     94.911  29.716018     30.382      7.183   269.9481     5.1072     1.7362     0.0215      0.026     -0.095     -0.139        294 9.1458e+02 0.0000e+00
     -0.083    23.8894     8.0158     94.746  29.712558     30.383      7.182   270.1374     5.0910     1.7630     0.0215      0.028     -0.083     -0.121        295 9.1378e+02 0.0000e+00
     -0.075    23.8855     8.0062     94.617  29.660281     30.327      7.179   269.8724     5.1233     1.7228     0.0215      0.029     -0.073     -0.106        296 9.1720e+02 0.0000e+00
     -0.065    23.8829     7.9985     94.511  29.692129     30.358      7.180   269.8724     5.1112     1.6959     0.0215      0.031     -0.063     -0.093        297 9.1498e+02 0.0000e+00
     -0.057    23.8816     8.0015     94.531  29.702576     30.389      7.180   269.7210     5.1072     1.7630     0.0215      0.034     -0.053     -0.078        298 9.1992e+02 0.0000e+00
     -0.043    23.8784     8.0068     94.558  29.676933     30.334      7.183   269.4560     5.1759     1.7496     0.0215      0.039     -0.037     -0.053        299 9.1063e+02 0.0000e+00
     -0.009    23.8581     8.0096     94.533  29.694395     30.391      7.180   269.6453     5.1799     1.8705     0.0215      0.047     -0.012     -0.017        300 9.2000e+02 0.0000e+00
      0.014    23.8168     8.0097     94.481  29.621547     30.279      7.177   269.4560     5.1597     1.7362     0.0214      0.057      0.013      0.018        301 8.5059e+02 0.0000e+00
      0.033    23.7745     8.0028     94.378  29.589700     30.291      7.176   269.4560     5.1840     1.7362     0.0214      0.064      0.033      0.047        302 7.0726e+02 0.0000e+00
      0.055    23.7438     7.9983     94.327  29.585791     30.289      7.175   269.8345     5.0910     1.9645     0.0214      0.071      0.050      0.072        303 6.5098e+02 0.0000e+00
      0.061    23.7300     8.0090     94.447  29.537476     30.286      7.171   269.7588     5.0788     2.0047     0.0214      0.074      0.060      0.087        304 5.9742e+02 0.0000e+00
      0.069    23.7255     8.0183     94.550  29.560895     30.306      7.173   269.7588     5.1314     2.0450     0.0214      0.074      0.069      0.101        305 6.1246e+02 0.0000e+00
      0.084    23.7174     8.0261     94.631  29.586309     30.371      7.175   269.3803     5.1072     1.8973     0.0214      0.070      0.082      0.119        306 5.9286e+02 0.0000e+00
      0.098    23.7089     8.0294     94.656  29.565154     30.317      7.177   269.3424     4.8403     1.6422     0.0214      0.064      0.096      0.139        307 5.4828e+02 0.0000e+00
      0.113    23.6998     8.0337     94.695  29.587225     30.379      7.178   269.2288     4.8524     1.8033     0.0214      0.056      0.110      0.160        308 5.7304e+02 0.0000e+00
      0.127    23.6800     8.0397     94.753  29.588494     30.356      7.177   269.3424     4.8443     1.7765     0.0214      0.052      0.125      0.181        309 5.4339e+02 0.0000e+00
      0.144    23.6476     8.0416     94.761  29.533931     30.333      7.180   269.6074     4.8605     1.8033     0.0214      0.052      0.140      0.202        310 5.6101e+02 0.0000e+00
      0.157    23.6175     8.0422     94.737  29.477239     30.259      7.177   269.6453     4.6826     1.7362     0.0214      0.053      0.153      0.221        311 5.5481e+02 0.0000e+00
      0.167    23.6058     8.0402     94.674  29.451510     30.279      7.179   269.5317     4.6866     1.6959     0.0214      0.055      0.164      0.237        312 5.2850e+02 0.0000e+00
      0.178    23.6060     8.0421     94.657  29.477015     30.298      7.183   269.3803     4.6785     1.7630     0.0214      0.055      0.175      0.253        313 5.3564e+02 0.0000e+00
      0.188    23.6030     8.0472     94.676  29.534458     30.392      7.184   269.8345     4.7311     1.8570     0.0214      0.052      0.186      0.269        314 5.1416e+02 0.0000e+00
      0.200    23.5989     8.0469     94.617  29.557923     30.391      7.185   269.6831     4.5370     1.9242     0.0214      0.050      0.198      0.287        315 5.1047e+02 0.0000e+00
      0.218    23.5930     8.0439     94.527  29.566410     30.422      7.190   269.7588     4.5330     1.9913     0.0214      0.049      0.213      0.309        316 4.8978e+02 0.0000e+00
      0.234    23.5849     8.0435     94.462  29.553546     30.396      7.188   270.5160     4.5653     1.9779     0.0214      0.050      0.227      0.330        317 4.8467e+02 0.0000e+00
      0.242    23.5780     8.0510     94.478  29.544285     30.399      7.188   270.2510     4.5613     2.0047     0.0214      0.049      0.239      0.347        318 4.6840e+02 0.0000e+00
      0.257    23.5712     8.0532     94.388  29.548289     30.405      7.184   270.8567     4.5613     1.9913     0.0214      0.050      0.254      0.369        319 4.5135e+02 0.0000e+00
      0.280    23.5625     8.0574     94.235  29.548567     30.409      7.178   271.0838     4.4561     1.6556     0.0214      0.054      0.273      0.397        320 4.5519e+02 0.0000e+00
      0.299    23.5458     8.0541     94.006  29.543942     30.413      7.174   271.2353     4.4966     1.8033     0.0214      0.059      0.293      0.424        321 4.3701e+02 0.0000e+00
      0.315    23.5234     8.0395     93.624  29.583694     30.447      7.172   271.4624     4.4885     1.7496     0.0214      0.062      0.309      0.448        322 4.3736e+02 0.0000e+00
      0.328    23.5018     8.0212     93.169  29.588046     30.487      7.173   271.7653     4.5168     1.7899     0.0214      0.063      0.324      0.470        323 4.3035e+02 0.0000e+00
      0.347    23.4779     7.9898     92.570  29.568183     30.443      7.174   271.9924     4.1367     1.7362     0.0214      0.065      0.342      0.495        324 4.1417e+02 0.0000e+00
      0.369    23.4471     7.9468     91.880  29.519476     30.457      7.174   272.5981     4.1609     1.6959     0.0214      0.068      0.361      0.524        325 4.0457e+02 0.0000e+00
      0.387    23.4164     7.9139     91.303  29.500427     30.385      7.173   273.4310     4.1690     1.7630     0.0214      0.071      0.379      0.550        326 3.9457e+02 0.0000e+00
      0.405    23.3824     7.8795     90.750  29.502954     30.491      7.175   274.3396     4.1852     1.8839     0.0214      0.071      0.398      0.578        327 3.8623e+02 0.0000e+00
      0.427    23.3431     7.8558     90.346  29.516342     30.424      7.177   274.9453     3.8860     1.6825     0.0214      0.071      0.419      0.608        328 3.7875e+02 0.0000e+00
      0.451    23.2745     7.8430     90.092  29.483779     30.531      7.175   275.4753     3.9062     1.7362     0.0214      0.074      0.442      0.641        329 3.6615e+02 0.0000e+00
      0.474    23.1659     7.8331     89.897  29.484195     30.412      7.169   276.2703     3.8900     1.6690     0.0213      0.078      0.465      0.674        330 3.5356e+02 0.0000e+00
      0.497    23.0558     7.8536     90.080  29.960583     31.090      7.164   276.8760     3.9102     1.7765     0.0216      0.082      0.489      0.708        331 3.4095e+02 0.0000e+00
      0.523    22.9390     7.9058     90.562  29.958326     31.076      7.158   277.5196     3.4493     1.9645     0.0216      0.086      0.514      0.745        332 3.3005e+02 0.0000e+00
      0.551    22.8014     7.9861     91.333  29.279502     30.477      7.150   277.6710     3.4452     2.0450     0.0213      0.089      0.541      0.784        333 3.1818e+02 0.0000e+00
      0.581    22.6712     8.0739     92.209  28.789288     29.999      7.142   278.3903     3.4573     1.9510     0.0211      0.095      0.567      0.822        334 3.0577e+02 0.0000e+00
      0.601    22.5577     8.1620     93.027  28.433747     29.763      7.124   278.7689     3.4654     1.9107     0.0209      0.098      0.588      0.852        335 3.0008e+02 0.0000e+00
      0.615    22.4487     8.2576     93.825  28.654689     29.992      7.107   278.8824     3.1379     1.9913     0.0210      0.096      0.604      0.876        336 2.9508e+02 0.0000e+00
      0.632    22.3567     8.3325     94.351  29.285234     30.855      7.104   279.2610     3.1298     1.9645     0.0213      0.093      0.622      0.901        337 2.8954e+02 0.0000e+00
      0.653    22.2828     8.3907     94.719  29.724473     31.252      7.103   279.7531     3.1136     1.9779     0.0214      0.089      0.642      0.931        338 2.8485e+02 0.0000e+00
      0.679    22.2187     8.4252     94.822  30.124232     31.871      7.103   280.7374     3.1217     1.8570     0.0216      0.086      0.665      0.964        339 2.7778e+02 0.0000e+00
      0.700    22.1743     8.4337     94.673  30.418508     32.100      7.103   280.9267     3.1298     1.9779     0.0217      0.083      0.687      0.996        340 2.7304e+02 0.0000e+00
