Data/DataNotYetUploadedToEDI/Raw_CTD/RawDownloads/052818_fcr20.cnv
* Sea-Bird SBE19plus  Data File:
* FileName = C:\DATA\052818_fcr_0002.hex
* Software version 2.6.3.104
* Temperature SN = 7809
* Conductivity SN = 7809
* System UpLoad Time = May 28 2018 15:47:31
* <ApplicationData>
* <Seaterm232>
# nquan = 17
# nvalues = 493                         
# units = specified
# name 0 = depFM: Depth [fresh water, m]
# name 1 = tv290C: Temperature [ITS-90, deg C]
# name 2 = sbeox0Mg/L: Oxygen, SBE 43 [mg/l]
# name 3 = sbeox0PS: Oxygen, SBE 43 [% saturation]
# name 4 = c0uS/cm: Conductivity [uS/cm]
# name 5 = specc: Specific Conductance [uS/cm]
# name 6 = ph: pH
# name 7 = orp: Oxidation Reduction Potential [mV]
# name 8 = flECO-AFL: Fluorescence, WET Labs ECO-AFL/FL [mg/m^3]
# name 9 = turbWETntu0: Turbidity, WET Labs ECO [NTU]
# name 10 = sal00: Salinity, Practical [PSU]
# name 11 = dz/dtM: Descent Rate [m/s]
# name 12 = prdM: Pressure, Strain Gauge [db]
# name 13 = prdE: Pressure, Strain Gauge [psi]
# name 14 = scan: Scan Count
# name 15 = par/sat/log: PAR/Logarithmic, Satlantic
# name 16 = flag:  0.000e+00
# span 0 =     -0.553,      3.615       
# span 1 =    12.8118,    23.9918       
# span 2 =     0.0785,     9.5944       
# span 3 =      0.763,    101.587       
# span 4 =   0.501054,  74.415184       
# span 5 =      0.525,     96.080       
# span 6 =      5.595,      7.404       
# span 7 =   233.7187,   436.4822       
# span 8 =    -0.1941,     9.5915       
# span 9 =     0.1248,    21.8378       
# span 10 =     0.0113,     0.0469      
# span 11 =     -0.080,      0.211      
# span 12 =     -0.542,      3.544      
# span 13 =     -0.786,      5.140      
# span 14 =          1,        493      
# span 15 = 3.6961e+00, 8.8895e+02      
# span 16 = 0.0000e+00, 0.0000e+00      
# interval = seconds: 0.25
# start_time = May 28 2018 15:47:49 [Instrument's time stamp, header]
# bad_flag = -9.990e-29
*END*
[from data line 426]
      2.424    16.0242     4.6449     46.742  28.321662     34.423      6.782   313.4461     2.6567     4.5158     0.0207      0.097      2.377      3.447        427 2.4296e+01 0.0000e+00
      2.452    15.9568     4.5888     46.145  28.427120     34.546      6.761   314.1275     2.6607     4.3681     0.0207      0.103      2.402      3.483        428 2.3770e+01 0.0000e+00
      2.468    15.9021     4.5312     45.466  28.487593     34.750      6.746   314.2411     2.9115     4.7306     0.0208      0.103      2.419      3.508        429 2.3584e+01 0.0000e+00
      2.479    15.8598     4.4776     44.813  28.542914     34.807      6.733   314.5818     2.9236     4.6098     0.0208      0.099      2.431      3.526        430 2.3208e+01 0.0000e+00
      2.491    15.8360     4.4076     44.023  28.654783     35.058      6.723   314.5061     2.8872     4.5829     0.0208      0.092      2.443      3.544        431 2.2805e+01 0.0000e+00
      2.506    15.8279     4.3011     42.869  28.674528     35.061      6.715   314.9982     2.9115     4.6769     0.0208      0.082      2.457      3.564        432 2.2316e+01 0.0000e+00
      2.522    15.8319     4.1449     41.241  28.696248     35.149      6.708   314.8468     2.8427     4.3681     0.0209      0.073      2.474      3.588        433 2.1822e+01 0.0000e+00
      2.541    15.8099     3.9085     38.832  28.776003     35.226      6.694   315.6040     2.8427     4.3278     0.0209      0.066      2.492      3.614        434 2.1323e+01 0.0000e+00
      2.560    15.7592     3.6188     35.909  28.871763     35.358      6.686   315.7175     2.8589     4.4486     0.0209      0.062      2.511      3.642        435 2.0914e+01 0.0000e+00
      2.580    15.7120     3.3199     32.903  28.992162     35.513      6.680   315.7554     2.8872     4.2741     0.0210      0.061      2.530      3.670        436 2.0358e+01 0.0000e+00
      2.600    15.6794     3.0369     30.061  29.130210     35.731      6.675   315.5661     2.4505     4.6098     0.0211      0.066      2.550      3.699        437 1.9849e+01 0.0000e+00
      2.621    15.6414     2.7363     27.057  29.204016     35.873      6.666   315.5661     2.4505     4.5695     0.0211      0.071      2.573      3.731        438 1.9408e+01 0.0000e+00
      2.649    15.5423     2.4869     24.566  29.641563     36.385      6.661   316.0582     2.4707     4.6903     0.0213      0.077      2.598      3.768        439 1.8596e+01 0.0000e+00
      2.677    15.4231     2.2476     22.184  30.631563     37.721      6.648   316.3990     2.4667     4.7038     0.0219      0.083      2.622      3.803        440 1.8269e+01 0.0000e+00
      2.693    15.3260     2.0269     19.991  31.026011     38.264      6.632   316.5882     2.2806     4.6098     0.0221      0.086      2.643      3.833        441 1.7923e+01 0.0000e+00
      2.717    15.2305     1.8112     17.849  30.603610     37.859      6.617   317.0425     2.2685     4.5292     0.0218      0.088      2.663      3.862        442 1.7510e+01 0.0000e+00
      2.734    15.1494     1.5780     15.538  30.445646     37.706      6.604   317.3454     2.2887     4.6366     0.0217      0.088      2.683      3.891        443 1.7257e+01 0.0000e+00
      2.756    15.0819     1.3179     12.971  30.629608     38.111      6.593   317.7240     2.2806     4.6366     0.0219      0.088      2.705      3.924        444 1.6590e+01 0.0000e+00
      2.786    15.0238     1.0980     10.804  30.878784     38.394      6.579   317.3833     2.1472     4.8246     0.0220      0.089      2.730      3.960        445 1.6145e+01 0.0000e+00
      2.807    14.9667     0.8947      8.801  31.203045     38.983      6.566   317.8375     2.1472     4.8515     0.0222      0.089      2.755      3.996        446 1.5753e+01 0.0000e+00
      2.834    14.9092     0.7127      7.010  31.679053     39.493      6.556   318.2540     2.1189     4.8380     0.0224      0.089      2.782      4.036        447 1.5089e+01 0.0000e+00
      2.870    14.8600     0.5457      5.366  32.332469     40.528      6.540   318.8218     2.1472     4.7843     0.0228      0.093      2.815      4.083        448 1.4402e+01 0.0000e+00
      2.909    14.8143     0.4092      4.023  32.791833     41.007      6.525   319.6168     2.1310     4.8380     0.0230      0.103      2.849      4.132        449 1.3820e+01 0.0000e+00
      2.937    14.7764     0.2828      2.778  33.034919     41.513      6.515   320.1847     2.2685     4.8246     0.0232      0.110      2.878      4.175        450 1.3349e+01 0.0000e+00
      2.961    14.7420     0.2128      2.087  33.038233     41.421      6.503   320.2225     2.2604     4.7575     0.0231      0.115      2.903      4.211        451 1.3013e+01 0.0000e+00
      2.984    14.7036     0.1512      1.480  33.440143     42.057      6.494   320.4497     2.3009     4.7440     0.0234      0.116      2.929      4.249        452 1.2419e+01 0.0000e+00
      3.018    14.6677     0.1156      1.130  33.987889     42.761      6.483   320.7525     2.2766     4.9186     0.0237      0.116      2.961      4.294        453 1.1708e+01 0.0000e+00
      3.055    14.6452     0.0852      0.830  33.987654     42.803      6.465   321.6233     2.3858     5.4826     0.0237      0.119      2.992      4.340        454 1.1315e+01 0.0000e+00
      3.079    14.6347     0.0785      0.763  34.063228     42.912      6.451   321.7368     2.3817     5.3752     0.0237      0.118      3.017      4.376        455 1.0998e+01 0.0000e+00
      3.097    14.6220     0.0887      0.860  34.042138     42.972      6.442   321.6611     2.3979     5.5094     0.0237      0.112      3.036      4.404        456 1.0758e+01 0.0000e+00
      3.114    14.6142     0.1009      0.977  34.429107     43.335      6.438   321.6233     2.3939     5.4423     0.0239      0.105      3.053      4.429        457 1.0584e+01 0.0000e+00
      3.131    14.6062     0.1099      1.065  34.145136     43.279      6.432   321.3204     2.1310     5.8720     0.0239      0.099      3.071      4.455        458 1.0258e+01 0.0000e+00
      3.151    14.5907     0.1148      1.112  35.581834     44.487      6.428   321.6611     2.1351     5.8586     0.0244      0.094      3.092      4.485        459 9.8724e+00 0.0000e+00
      3.178    14.5501     0.1215      1.177  39.878381     50.775      6.424   322.0775     2.1229     5.8720     0.0271      0.089      3.116      4.519        460 9.5904e+00 0.0000e+00
      3.201    14.4710     0.1195      1.155  45.231859     56.589      6.419   321.7747     2.1432     5.8317     0.0296      0.084      3.140      4.554        461 9.2581e+00 0.0000e+00
      3.225    14.3948     0.1340      1.291  50.548705     64.525      6.412   322.0775     2.2685     6.9462     0.0331      0.082      3.165      4.591        462 8.7815e+00 0.0000e+00
      3.258    14.3050     0.1472      1.416  54.984725     68.985      6.406   321.5097     2.2766     6.9462     0.0350      0.087      3.195      4.635        463 8.2267e+00 0.0000e+00
      3.293    14.1696     0.1641      1.576  61.915720     79.091      6.384   321.5097     2.2685     6.8522     0.0395      0.095      3.225      4.677        464 7.8447e+00 0.0000e+00
      3.314    14.0416     0.1755      1.681  65.409690     83.083      6.367   321.3961     2.2928     6.8925     0.0413      0.101      3.246      4.708        465 7.6840e+00 0.0000e+00
      3.324    13.9631     0.1935      1.850  64.415247     82.262      6.355   321.0933     2.3696     7.7519     0.0408      0.101      3.260      4.728        466 7.5576e+00 0.0000e+00
      3.334    13.9362     0.2076      1.979  63.628492     81.498      6.355   320.6768     2.4100     7.8056     0.0404      0.096      3.270      4.743        467 7.4348e+00 0.0000e+00
      3.344    13.9403     0.2181      2.074  63.003021     80.759      6.356   320.9418     2.4141     7.7788     0.0401      0.086      3.281      4.759        468 7.2975e+00 0.0000e+00
      3.359    13.9347     0.2321      2.206  61.807974     79.563      6.359   319.3518     2.3817     7.7519     0.0395      0.076      3.295      4.780        469 7.0544e+00 0.0000e+00
      3.379    13.8921     0.2377      2.259  61.017410     78.001      6.362   313.2190     4.5208     9.0007     0.0388      0.068      3.315      4.809        470 6.7349e+00 0.0000e+00
      3.404    13.8027     0.2384      2.268  61.373499     79.204      6.363   306.4804     4.5249     8.9873     0.0394      0.062      3.337      4.840        471 6.4585e+00 0.0000e+00
      3.425    13.6926     0.2385      2.268  63.235767     80.723      6.367   301.0289     4.5087     9.0544     0.0400      0.061      3.360      4.873        472 6.1111e+00 0.0000e+00
      3.450    13.5940     0.2493      2.368  66.689221     86.543      6.378   293.2303     4.4885     8.9604     0.0426      0.067      3.384      4.908        473 5.7914e+00 0.0000e+00
      3.476    13.5084     0.2398      2.277  70.263807     90.112      6.387   286.9839     4.5168     9.1350     0.0442      0.076      3.408      4.943        474 5.5456e+00 0.0000e+00
      3.498    13.4182     0.2320      2.203  73.581507     96.080      6.401   281.5324     9.5188     9.9004     0.0469      0.084      3.431      4.976        475 5.2981e+00 0.0000e+00
      3.521    13.3200     0.2218      2.106  74.415184     95.959      6.411   276.3081     9.5188     9.7929     0.0468      0.089      3.454      5.009        476 5.0413e+00 0.0000e+00
      3.546    13.1895     0.2162      2.053  72.435198     95.024      6.423   272.1060     9.4905     9.9675     0.0463      0.093      3.475      5.041        477 4.8192e+00 0.0000e+00
      3.564    13.0716     0.2140      2.028  67.399852     87.300      6.435   267.9795     9.4864     9.8869     0.0428      0.092      3.491      5.065        478 4.7310e+00 0.0000e+00
      3.572    13.0469     0.2096      1.982  65.975525     86.608      6.449   264.3452     9.5835     9.3901     0.0424      0.087      3.501      5.078        479 4.7010e+00 0.0000e+00
      3.576    13.0686     0.2009      1.898  67.523311     88.615      6.463   260.9381     9.5754     9.3230     0.0433      0.078      3.506      5.086        480 4.6793e+00 0.0000e+00
      3.580    13.0789     0.1982      1.876  66.869875     87.927      6.475   257.8338     9.5915     9.2693     0.0430      0.066      3.510      5.092        481 4.6188e+00 0.0000e+00
      3.583    13.0684 -9.990e-29 -9.990e-29  66.372863     87.108      6.486   255.4109     9.5471     9.2021     0.0426      0.053      3.514      5.097        482 4.5664e+00 0.0000e+00
      3.587    13.0400 -9.990e-29 -9.990e-29  66.418947     87.227      6.498   252.7988     7.2139     8.5844     0.0427      0.040      3.517      5.101        483 4.4863e+00 0.0000e+00
      3.589    13.0122 -9.990e-29 -9.990e-29  66.782810     87.696      6.509   251.1331     7.2179     8.5710     0.0429      0.028      3.519      5.104        484 4.4040e+00 0.0000e+00
      3.591    12.9993 -9.990e-29 -9.990e-29  66.662662     87.648      6.518   250.4516     7.2301     8.6247     0.0428      0.019      3.522      5.108        485 4.3853e+00 0.0000e+00
      3.593    13.0113 -9.990e-29 -9.990e-29  66.687308     87.644      6.531   249.0509     7.2341     8.6650     0.0428      0.013      3.524      5.110        486 4.3881e+00 0.0000e+00
      3.594    12.9957 -9.990e-29 -9.990e-29  66.841276     88.036      6.538   247.8395     7.4120     9.0410     0.0430      0.011      3.525      5.112        487 4.3499e+00 0.0000e+00
      3.596    12.9325 -9.990e-29 -9.990e-29  64.718590     85.180      6.549   245.0002     7.3959     8.9604     0.0417      0.010      3.527      5.115        488 4.2120e+00 0.0000e+00
      3.600    12.8278 -9.990e-29 -9.990e-29  61.725351     81.077      6.561   242.3880     7.3918     9.0141     0.0399      0.009      3.530      5.120        489 4.1020e+00 0.0000e+00
      3.604    12.8118 -9.990e-29 -9.990e-29  60.676206     80.050      6.567   239.7759     7.4039     9.0813     0.0394      0.009      3.534      5.126        490 4.0053e+00 0.0000e+00
      3.608    12.8674 -9.990e-29 -9.990e-29  61.064634     80.582      6.576   237.2773     7.1007     8.8127     0.0396      0.010      3.538      5.132        491 3.8161e+00 0.0000e+00
      3.613 -9.990e-29 -9.990e-29 -9.990e-29  62.905099     83.250      6.581   236.0659     7.1168     8.7724     0.0408      0.011      3.542      5.138        492 3.6987e+00 0.0000e+00
      3.615 -9.990e-29 -9.990e-29 -9.990e-29  64.266038     84.870      6.592   233.7187     7.1088     8.9604     0.0415      0.013      3.544      5.140        493 3.6961e+00 0.0000e+00
