Data/DataNotYetUploadedToEDI/Raw_CTD/RawDownloads/052818_fcr50.cnv
* Sea-Bird SBE19plus  Data File:
* FileName = C:\DATA\052818_fcr_0003.hex
* Software version 2.6.3.104
* Temperature SN = 7809
* Conductivity SN = 7809
* System UpLoad Time = May 28 2018 10:11:29
* <ApplicationData>
* <Seaterm232>
# nquan = 17
# nvalues = 1166                        
# units = specified
# name 0 = depFM: Depth [fresh water, m]
# name 1 = tv290C: Temperature [ITS-90, deg C]
# name 2 = sbeox0Mg/L: Oxygen, SBE 43 [mg/l]
# name 3 = sbeox0PS: Oxygen, SBE 43 [% saturation]
# name 4 = c0uS/cm: Conductivity [uS/cm]
# name 5 = specc: Specific Conductance [uS/cm]
# name 6 = ph: pH
# name 7 = orp: Oxidation Reduction Potential [mV]
# name 8 = flECO-AFL: Fluorescence, WET Labs ECO-AFL/FL [mg/m^3]
# name 9 = turbWETntu0: Turbidity, WET Labs ECO [NTU]
# name 10 = sal00: Salinity, Practical [PSU]
# name 11 = dz/dtM: Descent Rate [m/s]
# name 12 = prdM: Pressure, Strain Gauge [db]
# name 13 = prdE: Pressure, Strain Gauge [psi]
# name 14 = scan: Scan Count
# name 15 = par/sat/log: PAR/Logarithmic, Satlantic
# name 16 = flag:  0.000e+00
# span 0 =     -0.569,      9.649       
# span 1 =     9.7309,    23.8305       
# span 2 =     4.4178,    10.2694       
# span 3 =     38.898,    113.805       
# span 4 =   0.186624,  31.710310       
# span 5 =      0.407,     44.749       
# span 6 =      5.303,      7.255       
# span 7 = -1240.7455,   379.9991       
# span 8 =    -0.2062,     5.4185       
# span 9 =    -0.3452,     3.9115       
# span 10 =     0.0114,     0.0224      
# span 11 =     -0.074,      0.242      
# span 12 =     -0.557,      9.461      
# span 13 =     -0.808,     13.722      
# span 14 =          1,       1166      
# span 15 = 1.2330e-01, 1.2948e+03      
# span 16 = 0.0000e+00, 0.0000e+00      
# interval = seconds: 0.25
# start_time = May 28 2018 13:58:43 [Instrument's time stamp, header]
# bad_flag = -9.990e-29
*END*
[from data line 341]
     -0.114    23.3376     7.7464     90.895  29.720130     30.737      7.189   325.6740     3.0489     1.8033     0.0215      0.000     -0.112     -0.162        342 8.3617e+02 0.0000e+00
     -0.113    23.3413     7.7357     90.775  29.705403     30.736      7.190   325.4090     3.0328     1.8302     0.0215      0.001     -0.112     -0.162        343 8.4078e+02 0.0000e+00
     -0.114    23.3422     7.7333     90.741  29.731758     30.733      7.190   325.7497     3.0368     1.6422     0.0215      0.001     -0.112     -0.162        344 8.4394e+02 0.0000e+00
     -0.114    23.3392     7.7423     90.836  29.776280     30.818      7.188   325.3333     2.8508     1.7899     0.0215      0.001     -0.112     -0.162        345 8.4621e+02 0.0000e+00
     -0.114    23.3335     7.7509     90.936  29.679645     30.673      7.192   325.6361     2.8306     1.6690     0.0214      0.001     -0.112     -0.162        346 8.5043e+02 0.0000e+00
     -0.114    23.3291     7.7603     91.055  29.703772     30.732      7.192   325.7876     2.8831     1.7362     0.0215      0.001     -0.111     -0.162        347 8.5753e+02 0.0000e+00
     -0.114    23.3276     7.7673     91.150  29.775904     30.794      7.191   325.5604     2.8629     1.7630     0.0215      0.001     -0.111     -0.162        348 8.6661e+02 0.0000e+00
     -0.114    23.3275     7.7612     91.082  29.767774     30.797      7.193   325.8254     2.9600     1.7228     0.0215      0.000     -0.112     -0.162        349 8.7941e+02 0.0000e+00
     -0.115    23.3289     7.7494     90.939  29.773190     30.798      7.189   326.3554     2.9964     1.8167     0.0215     -0.000     -0.112     -0.163        350 8.9512e+02 0.0000e+00
     -0.115    23.3321     7.7430     90.855  29.739516     30.769      7.188   325.2576     2.9640     1.7899     0.0215     -0.000     -0.112     -0.163        351 9.1334e+02 0.0000e+00
     -0.114    23.3374     7.7429     90.848  29.720734     30.739      7.187   325.3333     2.9842     1.7362     0.0215      0.000     -0.111     -0.162        352 9.2871e+02 0.0000e+00
     -0.113    23.3405     7.7457     90.889  29.766915     30.795      7.187   325.3333     3.0247     1.6690     0.0215      0.000     -0.111     -0.161        353 9.4280e+02 0.0000e+00
     -0.112    23.3371     7.7419     90.851  29.770991     30.791      7.186   325.2197     3.0166     1.7362     0.0215      0.000     -0.111     -0.161        354 9.5800e+02 0.0000e+00
     -0.113    23.3314     7.7480     90.931  29.715659     30.732      7.185   326.2040     3.0368     1.8033     0.0215      0.001     -0.111     -0.161        355 9.6981e+02 0.0000e+00
     -0.114    23.3304     7.7521     90.988  29.717175     30.734      7.183   326.0147     3.0489     1.7496     0.0215      0.000     -0.112     -0.162        356 9.8185e+02 0.0000e+00
     -0.115    23.3359     7.7474     90.940  29.769104     30.795      7.186   326.2040     3.0489     1.7630     0.0215     -0.000     -0.113     -0.164        357 9.9141e+02 0.0000e+00
     -0.116    23.3427     7.7441     90.909  29.739984     30.767      7.185   324.6518     3.0651     1.7496     0.0215     -0.001     -0.113     -0.164        358 9.9124e+02 0.0000e+00
     -0.116    23.3448     7.7428     90.900  29.723766     30.735      7.185   324.9547     2.9964     1.7228     0.0215     -0.001     -0.113     -0.164        359 9.8092e+02 0.0000e+00
     -0.115    23.3428     7.7449     90.929  29.759636     30.788      7.186   324.9168     3.0489     1.7093     0.0215     -0.002     -0.113     -0.164        360 9.6623e+02 0.0000e+00
     -0.115    23.3373     7.7545     91.049  29.724991     30.729      7.182   325.5604     2.9923     1.7899     0.0215     -0.002     -0.113     -0.164        361 9.5275e+02 0.0000e+00
     -0.116    23.3345     7.7777     91.324  29.707582     30.730      7.185   325.5604     2.9762     1.7630     0.0215     -0.001     -0.113     -0.164        362 9.3988e+02 0.0000e+00
     -0.116    23.3384     7.8031     91.625  29.722004     30.734      7.186   325.5604     2.9721     1.7093     0.0215     -0.001     -0.114     -0.165        363 9.2741e+02 0.0000e+00
     -0.117    23.3427     7.8172     91.794  29.736695     30.765      7.182   324.6897     2.9640     1.6288     0.0215     -0.001     -0.114     -0.166        364 9.1758e+02 0.0000e+00
     -0.117    23.3472     7.8356     92.016  29.778248     30.791      7.185   324.8790     2.9762     1.6690     0.0215     -0.001     -0.114     -0.166        365 9.1389e+02 0.0000e+00
     -0.116    23.3525     7.8498     92.185  29.818537     30.846      7.179   325.1440     3.0570     1.8167     0.0215     -0.000     -0.114     -0.165        366 9.1481e+02 0.0000e+00
     -0.116    23.3569     7.8416     92.090  29.775502     30.785      7.179   324.9926     3.0045     1.6690     0.0215     -0.000     -0.113     -0.164        367 9.2174e+02 0.0000e+00
     -0.115    23.3612     7.8207     91.844  29.772504     30.782      7.176   325.4090     3.0287     1.7630     0.0215     -0.000     -0.113     -0.164        368 9.3616e+02 0.0000e+00
     -0.116    23.3647     7.8002     91.596  29.762967     30.779      7.176   325.7876     3.0409     1.7362     0.0215      0.000     -0.113     -0.164        369 9.5390e+02 0.0000e+00
     -0.116    23.3681     7.7891     91.459  29.728069     30.718      7.174   325.4847     2.8953     1.7496     0.0215      0.000     -0.113     -0.164        370 9.6676e+02 0.0000e+00
     -0.116    23.3718     7.7766     91.306  29.786284     30.803      7.170   325.3333     2.9398     1.6959     0.0215      0.000     -0.113     -0.164        371 9.6950e+02 0.0000e+00
     -0.115    23.3734     7.7529     91.022  29.779467     30.772      7.170   324.8411     2.9115     1.6825     0.0215      0.001     -0.113     -0.164        372 9.6447e+02 0.0000e+00
     -0.116    23.3748     7.7480     90.957  29.766198     30.769      7.166   324.7654     2.8953     1.7362     0.0215      0.000     -0.113     -0.164        373 9.4800e+02 0.0000e+00
     -0.115    23.3772     7.7417     90.878  29.773145     30.769      7.163   325.0683     2.9195     1.6959     0.0215      0.000     -0.113     -0.164        374 9.2620e+02 0.0000e+00
     -0.115    23.3798     7.7592     91.082  29.770822     30.768      7.153   324.9926     2.9115     1.6825     0.0215      0.000     -0.113     -0.163        375 9.1490e+02 0.0000e+00
     -0.114    23.3813     7.7754     91.273  29.828387     30.824      7.148   325.1818     2.8953     1.6690     0.0215      0.001     -0.112     -0.162        376 9.0903e+02 0.0000e+00
     -0.114    23.3823     7.7836     91.375  29.849751     30.851      7.144   325.9768     2.9236     1.6959     0.0215      0.001     -0.112     -0.162        377 9.0046e+02 0.0000e+00
     -0.113    23.3820     7.8071     91.664  29.773884     30.763      7.142   325.5604     2.9276     1.7630     0.0215      0.001     -0.112     -0.162        378 8.9282e+02 0.0000e+00
     -0.115    23.3782     7.8098     91.703  29.833856     30.821      7.146   325.5983     2.9357     1.7899     0.0215      0.001     -0.112     -0.163        379 8.8378e+02 0.0000e+00
     -0.115    23.3734     7.8216     91.840  29.864067     30.878      7.147   325.7497     2.9276     1.6959     0.0215      0.001     -0.113     -0.164        380 8.7342e+02 0.0000e+00
     -0.117    23.3698     7.8032     91.617  29.736287     30.708      7.151   324.8790     2.9195     1.7630     0.0215     -0.000     -0.114     -0.166        381 8.6935e+02 0.0000e+00
     -0.118    23.3671     7.7986     91.554  29.755680     30.768      7.151   325.0683     3.1096     1.9107     0.0215     -0.001     -0.114     -0.166        382 8.6766e+02 0.0000e+00
     -0.116    23.3632     7.8032     91.601  29.750985     30.742      7.152   326.5826     3.1096     1.9645     0.0215     -0.001     -0.114     -0.165        383 8.6490e+02 0.0000e+00
     -0.115    23.3598     7.8080     91.659  29.712483     30.715      7.151   325.9390     3.1379     2.0047     0.0215     -0.001     -0.114     -0.164        384 8.6718e+02 0.0000e+00
     -0.117    23.3586     7.8062     91.643  29.773948     30.775      7.154   326.3933     3.0934     1.8973     0.0215     -0.001     -0.115     -0.166        385 8.6642e+02 0.0000e+00
     -0.120    23.3592     7.8017     91.593  29.763443     30.777      7.154   326.0526     3.0772     1.9376     0.0215     -0.002     -0.115     -0.168        386 8.6224e+02 0.0000e+00
     -0.118    23.3628     7.7890     91.444  29.725557     30.720      7.156   325.4090     3.0409     1.7765     0.0215     -0.002     -0.113     -0.165        387 8.5566e+02 0.0000e+00
     -0.110    23.3697     7.7776     91.317  29.761797     30.778      7.160   325.1440     3.0692     1.7899     0.0215      0.001     -0.108     -0.157        388 8.4188e+02 0.0000e+00
     -0.103    23.3746     7.7811     91.373  29.836939     30.833      7.158   325.4090     3.0611     1.7093     0.0215      0.004     -0.101     -0.147        389 8.3110e+02 0.0000e+00
     -0.097    23.3738     7.7844     91.426  29.839588     30.857      7.159   326.5068     3.0247     1.6288     0.0215      0.008     -0.096     -0.138        390 8.1808e+02 0.0000e+00
     -0.092    23.3697     7.7827     91.416  29.788149     30.768      7.164   326.1283     2.9802     1.7899     0.0215      0.012     -0.092     -0.133        391 8.0618e+02 0.0000e+00
     -0.091    23.3640     7.7986     91.603  29.812005     30.826      7.163   326.6204     2.9923     1.7496     0.0215      0.015     -0.092     -0.133        392 7.9891e+02 0.0000e+00
     -0.098    23.3601     7.8006     91.609  29.780250     30.771      7.159   326.0147     2.9883     1.6422     0.0215      0.015     -0.097     -0.140        393 7.8877e+02 0.0000e+00
     -0.107    23.3610     7.7846     91.414  29.768370     30.774      7.155   326.0147     2.9923     1.7228     0.0215      0.011     -0.105     -0.151        394 7.9033e+02 0.0000e+00
     -0.116    23.3641     7.7918     91.494  29.826791     30.835      7.151   326.0147     2.9357     1.6959     0.0215      0.002     -0.111     -0.160        395 7.9217e+02 0.0000e+00
     -0.116    23.3656     7.8115     91.713  29.855795     30.863      7.154   325.9768     2.9115     1.6690     0.0215     -0.005     -0.112     -0.162        396 7.8614e+02 0.0000e+00
     -0.110    23.3660     7.8120     91.713  29.821223     30.832      7.155   326.3554     2.9276     1.6690     0.0215     -0.010     -0.109     -0.158        397 7.8330e+02 0.0000e+00
     -0.107    23.3698     7.8225     91.839  29.721566     30.716      7.151   326.4690     2.8993     1.6825     0.0215     -0.010     -0.107     -0.154        398 7.7884e+02 0.0000e+00
     -0.108    23.3784     7.8366     92.006  29.772270     30.773      7.151   326.2797     3.0934     1.7765     0.0215     -0.010     -0.107     -0.155        399 7.7366e+02 0.0000e+00
     -0.112    23.3865     7.8466     92.117  29.817422     30.829      7.154   326.1283     3.0934     1.7630     0.0215     -0.007     -0.109     -0.158        400 7.7003e+02 0.0000e+00
     -0.114    23.3925     7.8495     92.146  29.724674     30.708      7.159   325.8633     3.1177     1.7630     0.0215     -0.004     -0.110     -0.160        401 7.6819e+02 0.0000e+00
     -0.111    23.3920     7.8588     92.255  29.798743     30.789      7.162   326.1661     3.1015     1.7362     0.0215     -0.000     -0.109     -0.158        402 7.6705e+02 0.0000e+00
     -0.108    23.3831     7.8495     92.149  29.814189     30.814      7.169   326.1283     2.9802     1.7362     0.0215      0.002     -0.106     -0.155        403 7.6685e+02 0.0000e+00
     -0.106    23.3786     7.8353     91.989  29.735098     30.699      7.169   326.4690     2.9842     1.6825     0.0215      0.002     -0.104     -0.151        404 7.6952e+02 0.0000e+00
     -0.104    23.3759     7.8268     91.895  29.867520     30.878      7.173   326.3554     2.9640     1.7362     0.0215      0.002     -0.102     -0.148        405 7.6958e+02 0.0000e+00
     -0.103    23.3689     7.8167     91.779  29.886590     30.881      7.159   326.4690     3.0045     1.7899     0.0215      0.003     -0.102     -0.147        406 7.6890e+02 0.0000e+00
     -0.104    23.3653     7.8172     91.790  29.770666     30.767      7.148   326.7718     2.9842     1.7630     0.0215      0.004     -0.102     -0.148        407 7.6895e+02 0.0000e+00
     -0.105    23.3668     7.8141     91.757  29.774592     30.771      7.141   326.3554     2.9681     1.7362     0.0215      0.005     -0.102     -0.148        408 7.6776e+02 0.0000e+00
     -0.104    23.3673     7.8191     91.816  29.792759     30.803      7.140   325.2197     2.9964     1.7362     0.0215      0.004     -0.101     -0.147        409 7.6755e+02 0.0000e+00
     -0.102    23.3641     7.8229     91.863  29.777708     30.773      7.142   325.7118     2.9802     1.7228     0.0215      0.003     -0.101     -0.147        410 7.6549e+02 0.0000e+00
     -0.103    23.3615     7.8241     91.879  29.763672     30.772      7.145   326.1283     2.9964     1.7496     0.0215      0.002     -0.101     -0.147        411 7.6501e+02 0.0000e+00
     -0.104    23.3613     7.8179     91.806  29.780577     30.774      7.144   326.2040     2.8953     1.9645     0.0215      0.001     -0.102     -0.148        412 7.6814e+02 0.0000e+00
     -0.106    23.3627     7.8121     91.735  29.815971     30.834      7.149   326.4690     2.9236     1.9779     0.0215     -0.000     -0.104     -0.150        413 7.7010e+02 0.0000e+00
     -0.107    23.3669     7.8160     91.783  29.778925     30.776      7.154   326.7718     2.9195     2.0047     0.0215     -0.001     -0.104     -0.151        414 7.7090e+02 0.0000e+00
     -0.106    23.3702     7.8165     91.804  29.797031     30.804      7.158   325.1440     2.8831     1.9913     0.0215     -0.001     -0.104     -0.151        415 7.7121e+02 0.0000e+00
     -0.106    23.3717     7.8129     91.774  29.823087     30.830      7.161   325.1818     2.9964     1.7362     0.0215     -0.002     -0.104     -0.151        416 7.7060e+02 0.0000e+00
     -0.106    23.3743     7.8164     91.825  29.776146     30.770      7.162   325.4468     2.9802     1.6959     0.0215     -0.002     -0.104     -0.151        417 7.6794e+02 0.0000e+00
     -0.106    23.3760     7.8291     91.978  29.766498     30.770      7.166   325.8254     2.9762     1.8167     0.0215     -0.002     -0.105     -0.152        418 7.6619e+02 0.0000e+00
     -0.109    23.3767     7.8443     92.160  29.775794     30.768      7.166   326.3176     2.9964     1.7899     0.0215     -0.002     -0.106     -0.154        419 7.6481e+02 0.0000e+00
     -0.109    23.3781     7.8582     92.320  29.764578     30.767      7.173   326.3554     2.9762     1.6422     0.0215     -0.002     -0.107     -0.155        420 7.6136e+02 0.0000e+00
     -0.108    23.3789     7.8652     92.396  29.839755     30.824      7.177   326.0904     2.9478     1.7765     0.0215     -0.001     -0.106     -0.154        421 7.6184e+02 0.0000e+00
     -0.108    23.3785     7.8633     92.368  29.889783     30.910      7.179   324.8411     2.9923     1.7093     0.0216     -0.001     -0.106     -0.154        422 7.6316e+02 0.0000e+00
     -0.107    23.3773     7.8617     92.348  29.791268     30.765      7.182   325.4468     2.9964     1.7362     0.0215     -0.001     -0.105     -0.153        423 7.6519e+02 0.0000e+00
     -0.107    23.3793     7.8568     92.291  29.754810     30.765      7.181   325.2954     2.9640     1.9107     0.0215     -0.001     -0.105     -0.153        424 7.6548e+02 0.0000e+00
     -0.108    23.3868     7.8540     92.260  29.786907     30.766      7.181   325.9011     2.9842     2.0182     0.0215     -0.001     -0.106     -0.154        425 7.6280e+02 0.0000e+00
