Data/DataNotYetUploadedToEDI/Raw_CTD/RawDownloads/053018_fcr50.cnv
* Sea-Bird SBE19plus  Data File:
* FileName = C:\DATA\053018_ccr50_0002.hex
* Software version 2.6.3.104
* Temperature SN = 7809
* Conductivity SN = 7809
* System UpLoad Time = May 30 2018 14:41:33
* <ApplicationData>
* <Seaterm232>
# nquan = 17
# nvalues = 623                         
# units = specified
# name 0 = depFM: Depth [fresh water, m]
# name 1 = tv290C: Temperature [ITS-90, deg C]
# name 2 = sbeox0Mg/L: Oxygen, SBE 43 [mg/l]
# name 3 = sbeox0PS: Oxygen, SBE 43 [% saturation]
# name 4 = c0uS/cm: Conductivity [uS/cm]
# name 5 = specc: Specific Conductance [uS/cm]
# name 6 = ph: pH
# name 7 = orp: Oxidation Reduction Potential [mV]
# name 8 = flECO-AFL: Fluorescence, WET Labs ECO-AFL/FL [mg/m^3]
# name 9 = turbWETntu0: Turbidity, WET Labs ECO [NTU]
# name 10 = sal00: Salinity, Practical [PSU]
# name 11 = dz/dtM: Descent Rate [m/s]
# name 12 = prdM: Pressure, Strain Gauge [db]
# name 13 = prdE: Pressure, Strain Gauge [psi]
# name 14 = scan: Scan Count
# name 15 = par/sat/log: PAR/Logarithmic, Satlantic
# name 16 = flag:  0.000e+00
# span 0 =     -0.576,      9.725       
# span 1 =     9.9632,    23.2280       
# span 2 =     3.9160,    10.6818       
# span 3 =     35.384,    121.761       
# span 4 =   1.304903,  33.325684       
# span 5 =      1.367,     40.924       
# span 6 =      5.851,      7.542       
# span 7 =   145.6249,   468.0930       
# span 8 =    -0.2062,     5.0627       
# span 9 =    -0.3183,     5.4960       
# span 10 =     0.0112,     0.0228      
# span 11 =     -0.001,      0.175      
# span 12 =     -0.565,      9.537      
# span 13 =     -0.819,     13.832      
# span 14 =          1,        623      
# span 15 = 2.1784e-01, 8.4103e+02      
# span 16 = 0.0000e+00, 0.0000e+00      
# interval = seconds: 0.25
# start_time = May 30 2018 16:00:50 [Instrument's time stamp, header]
# bad_flag = -9.990e-29
*END*
[from data line 341]
      2.283    16.7719     6.7565     68.068  28.113002     33.486      6.865   271.3867     3.6595     2.9044     0.0206      0.112      2.242      3.251        342 6.3251e+01 0.0000e+00
      2.311    16.6705     6.6899     67.282  27.998652     33.416      6.854   271.4624     3.6312     2.9447     0.0205      0.115      2.267      3.289        343 6.1054e+01 0.0000e+00
      2.343    16.5640     6.6154     66.402  28.027014     33.560      6.844   271.6517     3.6312     2.9447     0.0205      0.114      2.296      3.331        344 5.9820e+01 0.0000e+00
      2.369    16.4674     6.5435     65.540  27.988803     33.573      6.841   271.5381     3.5059     2.8776     0.0205      0.111      2.325      3.371        345 5.8648e+01 0.0000e+00
      2.398    16.3713     6.4863     64.762  27.927655     33.594      6.832   272.1817     3.4937     3.0118     0.0205      0.108      2.356      3.416        346 5.6501e+01 0.0000e+00
      2.440    16.2658     6.4299     64.013  28.043858     33.805      6.822   272.4467     3.5099     2.9178     0.0205      0.109      2.392      3.469        347 5.4386e+01 0.0000e+00
      2.479    16.1482     6.3645     63.264  28.170351     34.053      6.815   272.2195     3.5099     2.9715     0.0206      0.115      2.429      3.523        348 5.2664e+01 0.0000e+00
      2.513    16.0174     6.2986     62.552  28.185341     34.140      6.808   273.2796     3.4654     2.8507     0.0206      0.124      2.461      3.570        349 5.1557e+01 0.0000e+00
      2.538    15.9122     6.2649     62.160  28.232778     34.305      6.802   272.6360     3.4290     2.9313     0.0206      0.129      2.486      3.606        350 5.0789e+01 0.0000e+00
      2.554    15.8244     6.2105     61.510  28.289248     34.484      6.799   273.0146     3.4250     2.8776     0.0206      0.126      2.506      3.634        351 4.9791e+01 0.0000e+00
      2.574    15.7324     6.1670     60.971  28.292998     34.573      6.795   273.0903     3.4412     2.9850     0.0206      0.120      2.527      3.664        352 4.8849e+01 0.0000e+00
      2.601    15.6484     6.1294     60.465  28.346745     34.713      6.790   273.5067     3.0732     2.9178     0.0207      0.114      2.552      3.701        353 4.7864e+01 0.0000e+00
      2.632    15.5599     6.0863     59.891  28.459582     34.932      6.783   272.1438     3.1177     2.8238     0.0207      0.108      2.583      3.746        354 4.6206e+01 0.0000e+00
      2.670    15.4555     6.0214     59.109  28.508386     35.069      6.774   272.6738     3.1258     2.9178     0.0207      0.104      2.619      3.799        355 4.4686e+01 0.0000e+00
      2.712    15.3117     5.9453     58.224  28.523229     35.149      6.766   273.3174     3.1298     2.9581     0.0207      0.107      2.658      3.855        356 4.3293e+01 0.0000e+00
      2.749    15.1775     5.8503     57.141  28.589389     35.340      6.759   274.0746     3.1136     2.9447     0.0208      0.115      2.690      3.901        357 4.2435e+01 0.0000e+00
      2.767    15.1032     5.7546     56.049  28.603984     35.469      6.748   274.4531     3.0247     3.0924     0.0208      0.121      2.710      3.931        358 4.2421e+01 0.0000e+00
      2.774    15.0629     5.6617     54.993  28.594061     35.588      6.745   274.6803     3.0570     3.1461     0.0208      0.120      2.724      3.951        359 4.1992e+01 0.0000e+00
      2.793    15.0160     5.5761     54.017  28.661083     35.722      6.741   274.5667     3.0570     3.1730     0.0208      0.114      2.742      3.977        360 4.0925e+01 0.0000e+00
      2.823    14.9378     5.4945     53.112  28.728149     35.864      6.742   272.9010     3.0489     3.1595     0.0209      0.107      2.767      4.014        361 4.0116e+01 0.0000e+00
      2.849    14.8527     5.4182     52.261  28.777455     35.937      6.740   273.5824     2.8508     2.8641     0.0209      0.099      2.794      4.053        362 3.9277e+01 0.0000e+00
      2.875    14.7525     5.3480     51.467  28.807283     36.082      6.739   274.1503     2.8589     2.8776     0.0209      0.092      2.822      4.093        363 3.8295e+01 0.0000e+00
      2.911    14.6370     5.2929     50.850  28.780005     36.086      6.731   274.9831     2.8468     2.9178     0.0209      0.091      2.852      4.138        364 3.7688e+01 0.0000e+00
      2.938    14.5266     5.2414     50.280  28.752142     36.179      6.726   274.9831     2.8872     2.9581     0.0209      0.095      2.880      4.178        365 3.7059e+01 0.0000e+00
      2.962    14.4165     5.1804     49.652  28.723404     36.213      6.720   274.9453     2.7618     2.6359     0.0208      0.102      2.909      4.220        366 3.6104e+01 0.0000e+00
      3.003    14.2953     5.1422     49.238  28.726865     36.350      6.714   274.9074     2.7942     2.6761     0.0209      0.112      2.948      4.276        367 3.4654e+01 0.0000e+00
      3.055    14.1674     5.0847     48.587  28.718229     36.415      6.699   275.4374     2.7942     2.7433     0.0208      0.123      2.993      4.341        368 3.3856e+01 0.0000e+00
      3.096    14.0414     5.0420     48.102  28.704548     36.528      6.693   275.4374     2.7821     2.7433     0.0208      0.132      3.034      4.401        369 3.3041e+01 0.0000e+00
      3.133    13.9216     5.0087     47.714  28.714292     36.648      6.683   275.3996     2.6244     2.5150     0.0208      0.140      3.071      4.454        370 3.2689e+01 0.0000e+00
      3.166    13.8222     4.9729     47.271  28.646856     36.694      6.675   276.3081     2.6244     2.4479     0.0208      0.146      3.103      4.501        371 3.2984e+01 0.0000e+00
      3.194    13.7235     4.9380     46.851  28.610628     36.736      6.669   276.6488     2.5677     2.5150     0.0208      0.147      3.134      4.546        372 3.2163e+01 0.0000e+00
      3.230    13.6229     4.8947     46.390  28.640831     36.901      6.665   276.3460     2.6041     2.4210     0.0208      0.148      3.164      4.589        373 3.2492e+01 0.0000e+00
      3.254    13.5429     4.8538     45.945  28.638960     36.959      6.660   276.9896     2.3494     2.1122     0.0208      0.144      3.190      4.626        374 3.2705e+01 0.0000e+00
      3.275    13.4773     4.8125     45.431  28.642643     37.093      6.659   276.8381     2.3453     2.1927     0.0208      0.132      3.210      4.655        375 3.2630e+01 0.0000e+00
      3.291    13.4385     4.7818     44.997  28.606637     37.096      6.653   276.4596     2.3292     2.1122     0.0208      0.117      3.226      4.677        376 3.2949e+01 0.0000e+00
      3.298    13.3923     4.7439     44.530  28.594855     37.160      6.648   276.6867     2.3453     2.1390     0.0208      0.102      3.242      4.701        377 3.2011e+01 0.0000e+00
      3.331    13.3030     4.7232     44.216  28.509087     37.088      6.646   277.2546     2.3292     2.1927     0.0207      0.093      3.265      4.735        378 3.1744e+01 0.0000e+00
      3.355    13.2285     4.7059     43.902  28.476205     37.058      6.641   276.9138     2.1391     1.8973     0.0207      0.088      3.289      4.770        379 3.1495e+01 0.0000e+00
      3.372    13.1618     4.6971     43.661  28.546853     37.294      6.639   278.1253     2.1310     2.0182     0.0208      0.083      3.314      4.806        380 3.0784e+01 0.0000e+00
      3.415    13.0670     4.6836     43.358  28.539790     37.292      6.636   278.2010     2.1351     1.9107     0.0207      0.084      3.347      4.854        381 3.0521e+01 0.0000e+00
      3.449    12.9829     4.6739     43.115  28.573970     37.466      6.634   278.0117     2.1472     2.0182     0.0208      0.093      3.379      4.900        382 3.0468e+01 0.0000e+00
      3.470    12.9342     4.6656     42.904  28.533996     37.451      6.632   278.1253     2.1068     1.6825     0.0207      0.100      3.405      4.938        383 3.0209e+01 0.0000e+00
      3.497    12.8763     4.6477     42.633  28.500625     37.533      6.629   277.7846     2.0704     1.6825     0.0207      0.107      3.432      4.978        384 2.9323e+01 0.0000e+00
      3.534    12.7570     4.6275     42.358  28.467287     37.508      6.630   278.0496     2.0623     1.6556     0.0207      0.114      3.466      5.027        385 2.8483e+01 0.0000e+00
      3.572    12.6160     4.5767     41.805  28.456914     37.563      6.622   278.6931     2.0785     1.7765     0.0207      0.118      3.501      5.078        386 2.7900e+01 0.0000e+00
      3.603    12.5051     4.5088     41.106  28.513562     37.758      6.616   280.0560     1.8075     1.9376     0.0207      0.123      3.533      5.123        387 2.7522e+01 0.0000e+00
      3.631    12.3838     4.3959     39.996  28.515427     37.900      6.614   280.0181     1.8399     1.9779     0.0207      0.125      3.563      5.167        388 2.7127e+01 0.0000e+00
      3.665    12.2339     4.2834     38.891  28.454645     37.937      6.607   280.2453     1.8156     2.0182     0.0207      0.124      3.593      5.211        389 2.6672e+01 0.0000e+00
      3.693    12.0707     4.1569     37.668  28.470660     38.058      6.602   280.0181     1.8358     1.9242     0.0207      0.124      3.624      5.256        390 2.6640e+01 0.0000e+00
      3.728    11.8948     4.0445     36.595  28.495547     38.290      6.596   279.8667     1.8278     1.6959     0.0208      0.127      3.657      5.304        391 2.6931e+01 0.0000e+00
      3.766    11.7368     3.9581     35.782  28.542324     38.455      6.590   280.1696     1.8035     1.6556     0.0208      0.128      3.689      5.351        392 2.7267e+01 0.0000e+00
      3.791    11.6019     3.9160     35.384  28.916540     39.210      6.590   280.2074     1.8116     1.6959     0.0210      0.126      3.717      5.391        393 2.7573e+01 0.0000e+00
      3.814    11.4918     3.9421     35.628  29.215870     39.756      6.587   281.3810     1.8278     1.6959     0.0212      0.122      3.742      5.427        394 2.7981e+01 0.0000e+00
      3.843    11.3991     4.0229     36.360  29.296550     40.020      6.584   281.7596     1.7671     1.9645     0.0212      0.120      3.768      5.465        395 2.8194e+01 0.0000e+00
      3.869    11.3087     4.1397     37.401  29.349883     40.216      6.580   281.6081     1.7671     1.9645     0.0213      0.117      3.794      5.503        396 2.7971e+01 0.0000e+00
      3.895    11.2253     4.2763     38.545  29.297790     40.241      6.576   281.5324     1.7388     1.9645     0.0212      0.113      3.821      5.542        397 2.7735e+01 0.0000e+00
      3.925    11.1373     4.4132     39.692  29.242819     40.265      6.571   281.6081     1.7388     1.9376     0.0212      0.110      3.852      5.587        398 2.7348e+01 0.0000e+00
      3.964    11.0470     4.5456     40.829  29.181134     40.280      6.565   281.8731     1.7671     1.9107     0.0212      0.110      3.888      5.639        399 2.6795e+01 0.0000e+00
      4.004    10.9614     4.6884     42.069  29.107743     40.262      6.551   282.5167     1.5932     1.9913     0.0211      0.114      3.923      5.691        400 2.6410e+01 0.0000e+00
      4.032    10.8988     4.8154     43.167  29.126640     40.402      6.540   283.1603     1.5851     1.9645     0.0211      0.120      3.951      5.731        401 2.6217e+01 0.0000e+00
      4.052    10.8589     4.9577     44.413  29.068705     40.420      6.533   282.7817     1.5407     1.9913     0.0211      0.121      3.971      5.760        402 2.6303e+01 0.0000e+00
      4.064    10.8412     5.1403     46.010  29.001977     40.376      6.525   283.0846     1.5568     1.9376     0.0211      0.117      3.983      5.777        403 2.6182e+01 0.0000e+00
      4.068    10.8461     5.3366     47.713  29.061459     40.535      6.518   283.1603     1.4840     2.0316     0.0211      0.106      3.988      5.784        404 2.6029e+01 0.0000e+00
      4.068    10.8534     5.5623     49.667  29.083646     40.559      6.513   283.5010     1.5043     1.9645     0.0211      0.089      3.993      5.790        405 2.5992e+01 0.0000e+00
      4.075    10.8295     5.7870     51.623  29.092972     40.587      6.508   282.5167     1.4921     1.9913     0.0211      0.070      4.008      5.813        406 2.5158e+01 0.0000e+00
      4.121    10.7364     6.0205     53.687  28.931256     40.350      6.500   284.0310     1.5204     1.9779     0.0210      0.061      4.043      5.865        407 2.4221e+01 0.0000e+00
      4.174    10.6400     6.2441     55.666  28.721562     40.058      6.484   284.9774     1.4355     1.9376     0.0209      0.065      4.087      5.928        408 2.3607e+01 0.0000e+00
      4.207    10.5847     6.4567     57.519  28.701662     40.169      6.479   284.4853     1.4274     1.9645     0.0209      0.078      4.123      5.980        409 2.2981e+01 0.0000e+00
      4.235    10.5391     6.6431     59.156  28.718858     40.275      6.478   284.4853     1.4436     1.8839     0.0209      0.093      4.151      6.020        410 2.2605e+01 0.0000e+00
      4.256    10.4999     6.8168     60.673  28.700196     40.339      6.476   284.8639     1.4234     1.9645     0.0209      0.108      4.173      6.052        411 2.2536e+01 0.0000e+00
      4.273    10.4689     6.9790     62.048  28.665614     40.311      6.474   284.6367     1.6215     1.9510     0.0209      0.117      4.195      6.083        412 2.2484e+01 0.0000e+00
      4.302    10.4337     7.1140     63.176  28.613669     40.317      6.472   283.7660     1.5973     1.9779     0.0209      0.122      4.223      6.124        413 2.2235e+01 0.0000e+00
      4.341    10.3851     7.2333     64.189  28.616612     40.312      6.472   284.3717     1.6377     1.8973     0.0208      0.121      4.258      6.176        414 2.1922e+01 0.0000e+00
      4.384    10.3311     7.3180     64.912  28.632317     40.431      6.465   284.5232     1.6337     2.0047     0.0209      0.117      4.295      6.231        415 2.1656e+01 0.0000e+00
      4.417    10.2895     7.3973     65.601  28.623790     40.407      6.465   284.8639     1.6054     1.8570     0.0208      0.115      4.325      6.273        416 2.1517e+01 0.0000e+00
      4.428    10.2746     7.4624     66.175  28.627243     40.549      6.459   285.3560     1.6256     1.9645     0.0209      0.115      4.341      6.296        417 2.1485e+01 0.0000e+00
      4.435    10.2612     7.5342     66.805  28.628039     40.518      6.457   285.6967     1.6296     1.9779     0.0208      0.110      4.354      6.315        418 2.1254e+01 0.0000e+00
      4.458    10.2325     7.6057     67.431  28.652463     40.654      6.460   284.2960     1.6256     1.9645     0.0209      0.106      4.375      6.346        419 2.0811e+01 0.0000e+00
      4.493    10.2140     7.6806     68.092  28.626504     40.548      6.459   284.6746     1.5973     1.8705     0.0208      0.103      4.405      6.388        420 2.0497e+01 0.0000e+00
      4.521    10.1928     7.7536     68.737  28.630702     40.663      6.457   285.1289     1.4396     2.1256     0.0209      0.098      4.435      6.432        421 2.0193e+01 0.0000e+00
      4.552    10.1465     7.8030     69.173  28.617598     40.604      6.458   285.0532     1.4355     2.1390     0.0208      0.094      4.467      6.479        422 1.9525e+01 0.0000e+00
      4.591    10.0985     7.8556     69.638  28.583523     40.628      6.455   286.1132     1.4436     2.1659     0.0208      0.097      4.505      6.534        423 1.8648e+01 0.0000e+00
      4.639    10.0673     7.8779     69.832  28.524876     40.563      6.449   286.4539     1.4072     2.0719     0.0208      0.110      4.549      6.596        424 1.7862e+01 0.0000e+00
      4.684    10.0488     7.8982     70.012  28.512708     40.619      6.442   287.1353     1.4962     2.0584     0.0208      0.128      4.589      6.655        425 1.7271e+01 0.0000e+00
