Data/DataNotYetUploadedToEDI/Raw_CTD/RawDownloads/053018_fcr50.cnv
* Sea-Bird SBE19plus  Data File:
* FileName = C:\DATA\053018_ccr50_0002.hex
* Software version 2.6.3.104
* Temperature SN = 7809
* Conductivity SN = 7809
* System UpLoad Time = May 30 2018 14:41:33
* <ApplicationData>
* <Seaterm232>
# nquan = 17
# nvalues = 623                         
# units = specified
# name 0 = depFM: Depth [fresh water, m]
# name 1 = tv290C: Temperature [ITS-90, deg C]
# name 2 = sbeox0Mg/L: Oxygen, SBE 43 [mg/l]
# name 3 = sbeox0PS: Oxygen, SBE 43 [% saturation]
# name 4 = c0uS/cm: Conductivity [uS/cm]
# name 5 = specc: Specific Conductance [uS/cm]
# name 6 = ph: pH
# name 7 = orp: Oxidation Reduction Potential [mV]
# name 8 = flECO-AFL: Fluorescence, WET Labs ECO-AFL/FL [mg/m^3]
# name 9 = turbWETntu0: Turbidity, WET Labs ECO [NTU]
# name 10 = sal00: Salinity, Practical [PSU]
# name 11 = dz/dtM: Descent Rate [m/s]
# name 12 = prdM: Pressure, Strain Gauge [db]
# name 13 = prdE: Pressure, Strain Gauge [psi]
# name 14 = scan: Scan Count
# name 15 = par/sat/log: PAR/Logarithmic, Satlantic
# name 16 = flag:  0.000e+00
# span 0 =     -0.576,      9.725       
# span 1 =     9.9632,    23.2280       
# span 2 =     3.9160,    10.6818       
# span 3 =     35.384,    121.761       
# span 4 =   1.304903,  33.325684       
# span 5 =      1.367,     40.924       
# span 6 =      5.851,      7.542       
# span 7 =   145.6249,   468.0930       
# span 8 =    -0.2062,     5.0627       
# span 9 =    -0.3183,     5.4960       
# span 10 =     0.0112,     0.0228      
# span 11 =     -0.001,      0.175      
# span 12 =     -0.565,      9.537      
# span 13 =     -0.819,     13.832      
# span 14 =          1,        623      
# span 15 = 2.1784e-01, 8.4103e+02      
# span 16 = 0.0000e+00, 0.0000e+00      
# interval = seconds: 0.25
# start_time = May 30 2018 16:00:50 [Instrument's time stamp, header]
# bad_flag = -9.990e-29
*END*
[from data line 86]
     -0.069    22.4664     7.8499     90.840  31.512500     33.176      7.288   205.5529     3.0975     1.4139     0.0222      0.002     -0.067     -0.098         87 5.3255e+02 0.0000e+00
     -0.069    22.4587     7.9145     91.610  31.548937     33.237      7.285   205.2122     3.0894     1.4810     0.0222      0.001     -0.067     -0.098         88 5.3398e+02 0.0000e+00
     -0.068    22.4533     7.9539     92.080  31.570444     33.240      7.279   202.9029     3.1136     1.7093     0.0222      0.001     -0.067     -0.097         89 5.3804e+02 0.0000e+00
     -0.068    22.4543     7.9830     92.429  31.574692     33.275      7.283   200.7451     3.1339     1.7630     0.0222      0.001     -0.067     -0.097         90 5.4451e+02 0.0000e+00
     -0.068    22.4614     8.0034     92.673  31.573306     33.249      7.292   200.3286     3.1096     1.7630     0.0222      0.001     -0.067     -0.097         91 5.5108e+02 0.0000e+00
     -0.068    22.4779     8.0143     92.801  31.601824     33.308      7.294   200.3286     3.1015     1.6959     0.0223      0.001     -0.067     -0.097         92 5.5650e+02 0.0000e+00
     -0.068    22.5057     8.0258     92.935  31.628157     33.302      7.297   201.6158     3.0934     1.7496     0.0223      0.001     -0.067     -0.097         93 5.6177e+02 0.0000e+00
     -0.068    22.5370     8.0356     93.043  31.599834     33.291      7.302   203.6601     3.1096     1.8705     0.0223      0.001     -0.066     -0.096         94 5.6713e+02 0.0000e+00
     -0.068    22.5648     8.0438     93.131  31.696368     33.330      7.309   207.0672     3.1339     1.7496     0.0223      0.001     -0.066     -0.096         95 5.6999e+02 0.0000e+00
     -0.068    22.5876     8.0574     93.284  31.893492     33.573      7.306   208.6572     3.1177     1.7630     0.0224      0.000     -0.066     -0.096         96 5.7167e+02 0.0000e+00
     -0.068    22.6057     8.0665     93.391  32.006857     33.612      7.307   210.9665     3.0328     1.6959     0.0224      0.000     -0.066     -0.096         97 5.7452e+02 0.0000e+00
     -0.067    22.6185     8.0634     93.363  32.177980     33.831      7.310   211.3072     3.0611     1.6690     0.0225      0.000     -0.066     -0.095         98 5.7664e+02 0.0000e+00
     -0.067    22.6266     8.0661     93.397  32.332885     33.935      7.308   212.3294     3.0530     1.8167     0.0226      0.000     -0.066     -0.095         99 5.7993e+02 0.0000e+00
     -0.067    22.6333     8.0566     93.279  32.377479     34.014      7.307   213.3515     3.0772     1.7899     0.0226      0.001     -0.065     -0.095        100 5.8323e+02 0.0000e+00
     -0.067    22.6374     8.0479     93.169  32.419010     34.008      7.309   213.3515     3.1379     1.7630     0.0226      0.001     -0.065     -0.095        101 5.8633e+02 0.0000e+00
     -0.066    22.6391     8.0331     92.985  32.488769     34.121      7.303   210.9665     3.1541     1.6422     0.0226      0.001     -0.065     -0.094        102 5.9011e+02 0.0000e+00
     -0.066    22.6391     8.0207     92.836  32.468580     34.059      7.301   210.9665     3.1783     1.8167     0.0226      0.001     -0.065     -0.094        103 5.9292e+02 0.0000e+00
     -0.065    22.6361     8.0071     92.681  32.444131     34.058      7.298   210.5122     3.1905     1.7765     0.0226      0.001     -0.064     -0.093        104 5.9497e+02 0.0000e+00
     -0.064    22.6318     7.9894     92.483  32.519195     34.117      7.293   210.5879     3.1015     1.6959     0.0226      0.001     -0.063     -0.092        105 5.9674e+02 0.0000e+00
     -0.065    22.6297     7.9761     92.338  32.553086     34.178      7.289   211.2694     3.1177     1.6690     0.0227      0.001     -0.063     -0.091        106 5.9910e+02 0.0000e+00
     -0.063    22.6311     7.9642     92.199  32.520570     34.122      7.289   211.3829     3.1136     1.6690     0.0226      0.002     -0.062     -0.090        107 6.0003e+02 0.0000e+00
     -0.061    22.6350     7.9598     92.096  32.500356     34.124      7.289   210.1337     3.0934     1.8033     0.0226      0.002     -0.060     -0.087        108 6.0043e+02 0.0000e+00
     -0.060    22.6365     7.9591     92.025  32.459629     34.064      7.291   209.9065     3.1177     1.7496     0.0226      0.003     -0.059     -0.085        109 6.0082e+02 0.0000e+00
     -0.060    22.6325     7.9526     91.925  32.452639     34.061      7.291   210.0579     3.2349     1.7228     0.0226      0.003     -0.058     -0.084        110 6.0274e+02 0.0000e+00
     -0.056    22.6263     7.9433     91.817  32.509053     34.118      7.290   211.4587     3.2269     1.6959     0.0226      0.004     -0.054     -0.079        111 6.0500e+02 0.0000e+00
     -0.049    22.6201     7.9299     91.666  32.567344     34.180      7.294   213.6922     3.2471     1.8033     0.0227      0.007     -0.047     -0.069        112 6.0847e+02 0.0000e+00
     -0.039    22.6166     7.9219     91.577  32.617326     34.243      7.295   213.2380     3.2228     1.7899     0.0227      0.011     -0.038     -0.055        113 6.1303e+02 0.0000e+00
     -0.028    22.6181     7.9112     91.454  32.624774     34.248      7.296   212.5944     3.2956     1.8705     0.0227      0.016     -0.029     -0.041        114 6.1452e+02 0.0000e+00
     -0.021    22.6217     7.9056     91.380  32.617386     34.250      7.296   211.1179     3.3158     1.7362     0.0227      0.021     -0.022     -0.031        115 6.1734e+02 0.0000e+00
     -0.016    22.6277     7.9023     91.326  32.567216     34.191      7.285   211.6101     3.3118     1.7362     0.0227      0.025     -0.017     -0.025        116 6.1991e+02 0.0000e+00
     -0.016    22.6254     7.8796     91.054  32.568594     34.188      7.256   211.3072     3.2956     1.7362     0.0227      0.026     -0.016     -0.023        117 6.2031e+02 0.0000e+00
     -0.015    22.5965     7.8764     91.014  32.615667     34.243      7.225   211.4208     3.3037     1.6959     0.0227      0.025     -0.016     -0.023        118 6.2156e+02 0.0000e+00
     -0.016    22.5614     7.8434     90.617  32.627247     34.243      7.195   212.2537     3.2956     1.6153     0.0227      0.021     -0.016     -0.023        119 6.2266e+02 0.0000e+00
     -0.016    22.5471     7.7941     90.033  32.613494     34.265      7.174   213.1622     3.2835     1.7362     0.0227      0.015     -0.016     -0.022        120 6.2699e+02 0.0000e+00
     -0.015    22.5465     7.7300     89.286  32.514180     34.173      7.164   213.0865     3.2835     1.6690     0.0226      0.009     -0.016     -0.022        121 6.2553e+02 0.0000e+00
     -0.016    22.5486     7.6509     88.374  32.395012     34.065      7.158   212.7837     3.1783     1.7362     0.0226      0.004     -0.016     -0.022        122 6.3025e+02 0.0000e+00
     -0.015    22.5505     7.5627     87.356  32.405961     34.066      7.159   213.1622     3.1905     1.7496     0.0226      0.002     -0.015     -0.021        123 6.2647e+02 0.0000e+00
     -0.014    22.5508     7.4741     86.332  32.441250     34.123      7.163   213.4651     3.1500     1.6959     0.0226      0.001     -0.012     -0.019        124 6.3780e+02 0.0000e+00
     -0.010    22.5456     7.3867     85.322  32.410404     34.063      7.176   212.5944     3.1622     1.6690     0.0226      0.002     -0.007     -0.011        125 6.2622e+02 0.0000e+00
      0.001    22.5365     7.2981     84.301  32.503654     34.180      7.194   213.9194     3.2956     1.7496     0.0226      0.006      0.004      0.006        126 5.2612e+02 0.0000e+00
      0.024    22.5318     7.2240     83.450  32.621736     34.301      7.211   214.4494     3.3118     1.7228     0.0227      0.014      0.023      0.033        127 4.4017e+02 0.0000e+00
      0.046    22.5290     7.1663     82.787  32.619298     34.308      7.207   213.8058     3.3118     1.7093     0.0227      0.026      0.041      0.059        128 4.3137e+02 0.0000e+00
      0.055    22.5207     7.1154     82.202  32.625306     34.311      7.177   215.0551     3.2916     1.7765     0.0227      0.036      0.051      0.073        129 4.5538e+02 0.0000e+00
      0.055    22.5120     7.0807     81.803  32.614261     34.313      7.150   215.0551     3.3037     1.8167     0.0227      0.042      0.053      0.077        130 4.5036e+02 0.0000e+00
      0.053    22.5085     7.0532     81.488  32.573737     34.261      7.138   215.1308     3.3037     1.7899     0.0227      0.043      0.053      0.077        131 4.4188e+02 0.0000e+00
      0.055    22.5089     7.0292     81.213  32.616432     34.326      7.140   217.1372     3.3118     1.7362     0.0227      0.040      0.055      0.080        132 4.3638e+02 0.0000e+00
      0.061    22.5094     7.0010     80.890  32.620439     34.328      7.157   217.3265     3.3239     1.7362     0.0227      0.034      0.059      0.085        133 4.4099e+02 0.0000e+00
      0.064    22.5094     6.9803     80.654  32.568754     34.269      7.160   218.0458     3.2956     1.6153     0.0227      0.025      0.063      0.090        134 4.4971e+02 0.0000e+00
      0.066    22.5095     6.9501     80.307  32.562141     34.269      7.168   218.2730     3.3077     1.5482     0.0227      0.016      0.065      0.094        135 4.3066e+02 0.0000e+00
      0.068    22.5106     6.9156     79.912  32.569363     34.269      7.170   217.8565     3.3118     1.6153     0.0227      0.010      0.066      0.097        136 4.2739e+02 0.0000e+00
      0.071    22.5135     6.8831     79.539  32.619073     34.327      7.179   216.8344     3.3077     1.4810     0.0227      0.009      0.070      0.103        137 4.5316e+02 0.0000e+00
      0.079    22.5162     6.8394     79.036  32.618891     34.327      7.188   218.4623     3.3158     1.5079     0.0227      0.012      0.076      0.112        138 4.3677e+02 0.0000e+00
      0.085    22.5179     6.8030     78.619  32.628895     34.325      7.193   219.0301     3.3360     1.5079     0.0227      0.014      0.084      0.123        139 4.0131e+02 0.0000e+00
      0.096    22.5189     6.7673     78.211  32.665928     34.381      7.201   219.7873     3.3563     1.5885     0.0227      0.018      0.092      0.133        140 4.0269e+02 0.0000e+00
      0.100    22.5203     6.7250     77.725  32.632110     34.321      7.182   219.5223     3.3886     1.5750     0.0227      0.020      0.096      0.140        141 3.9372e+02 0.0000e+00
      0.099    22.5219     6.6910     77.336  32.611673     34.321      7.169   219.4087     3.3886     1.5213     0.0227      0.020      0.098      0.142        142 3.8491e+02 0.0000e+00
      0.101    22.5238     6.6569     76.945  32.632054     34.320      7.169   219.4844     3.4210     1.7362     0.0227      0.020      0.099      0.144        143 3.8346e+02 0.0000e+00
      0.103    22.5257     6.6178     76.496  32.666053     34.377      7.175   219.1437     3.4331     1.6556     0.0227      0.019      0.101      0.146        144 3.7942e+02 0.0000e+00
      0.104    22.5273     6.5847     76.118  32.628668     34.317      7.185   219.9008     3.4250     1.7496     0.0227      0.016      0.101      0.147        145 3.7718e+02 0.0000e+00
      0.103    22.5291     6.5531     75.756  32.619270     34.316      7.193   220.3173     3.4290     1.8167     0.0227      0.011      0.101      0.147        146 3.7481e+02 0.0000e+00
      0.103    22.5310     6.5208     75.388  32.618441     34.315      7.199   221.4530     3.3482     1.6422     0.0227      0.007      0.101      0.147        147 3.7239e+02 0.0000e+00
      0.104    22.5328     6.4883     75.016  32.570394     34.255      7.201   221.5287     3.3643     1.6019     0.0227      0.004      0.102      0.148        148 3.6393e+02 0.0000e+00
      0.104    22.5350     6.4597     74.689  32.619755     34.312      7.205   221.9830     3.3643     1.7093     0.0227      0.002      0.102      0.148        149 3.6256e+02 0.0000e+00
      0.104    22.5376     6.4257     74.300  32.616316     34.311      7.206   221.3015     3.3522     1.8167     0.0227      0.002      0.102      0.149        150 3.6645e+02 0.0000e+00
      0.106    22.5403     6.4026     74.036  32.574672     34.250      7.208   222.0208     3.3603     1.7630     0.0227      0.001      0.103      0.150        151 3.6198e+02 0.0000e+00
      0.106    22.5427     6.3713     73.678  32.612274     34.307      7.211   223.0051     3.2956     1.7899     0.0227      0.001      0.104      0.150        152 3.5932e+02 0.0000e+00
      0.106    22.5449     6.3454     73.382  32.628829     34.305      7.208   223.6866     3.2835     1.7362     0.0227      0.001      0.104      0.150        153 3.5854e+02 0.0000e+00
      0.106    22.5473     6.3255     73.154  32.613375     34.303      7.208   224.1030     3.3037     1.6959     0.0227      0.001      0.104      0.151        154 3.5591e+02 0.0000e+00
      0.106    22.5499     6.2949     72.802  32.631503     34.302      7.208   224.7844     3.3279     1.7630     0.0227      0.001      0.104      0.151        155 3.5715e+02 0.0000e+00
      0.106    22.5526     6.2724     72.545  32.665575     34.359      7.208   224.5573     3.3158     1.7630     0.0227      0.001      0.104      0.152        156 3.5923e+02 0.0000e+00
      0.108    22.5557     6.2512     72.303  32.630282     34.298      7.209   225.2008     3.2956     1.6959     0.0227      0.001      0.105      0.153        157 3.5926e+02 0.0000e+00
      0.108    22.5585     6.2302     72.061  32.616118     34.296      7.209   225.5794     3.2996     1.5616     0.0227      0.002      0.106      0.154        158 3.5586e+02 0.0000e+00
      0.109    22.5613     6.2113     71.845  32.623891     34.294      7.211   225.7308     3.3118     1.7630     0.0227      0.002      0.107      0.155        159 3.5506e+02 0.0000e+00
      0.110    22.5641     6.1977     71.689  32.620607     34.292      7.213   225.9958     3.2875     1.7228     0.0227      0.002      0.108      0.156        160 3.5655e+02 0.0000e+00
      0.111    22.5664     6.1764     71.446  32.679512     34.349      7.216   226.4123     3.2835     1.7362     0.0227      0.003      0.109      0.158        161 3.5409e+02 0.0000e+00
      0.112    22.5687     6.1504     71.148  32.728505     34.406      7.212   226.6394     3.2996     1.6959     0.0227      0.003      0.110      0.159        162 3.5444e+02 0.0000e+00
      0.112    22.5713     6.1280     70.891  32.678250     34.345      7.206   227.1694     3.2916     1.7362     0.0227      0.003      0.110      0.159        163 3.5261e+02 0.0000e+00
      0.111    22.5731     6.1051     70.629  32.623437     34.285      7.203   227.3587     3.2188     1.7093     0.0227      0.003      0.110      0.159        164 3.5409e+02 0.0000e+00
      0.112    22.5749     6.0877     70.429  32.618796     34.283      7.204   227.5858     3.2390     1.7496     0.0227      0.002      0.110      0.160        165 3.5694e+02 0.0000e+00
      0.113    22.5769     6.0590     70.099  32.624718     34.282      7.203   227.8887     3.2390     1.7093     0.0227      0.002      0.111      0.161        166 3.5709e+02 0.0000e+00
      0.115    22.5785     6.0373     69.851  32.675372     34.339      7.203   227.7373     3.2673     1.6959     0.0227      0.002      0.113      0.164        167 3.5578e+02 0.0000e+00
      0.118    22.5798     6.0184     69.635  32.674370     34.337      7.206   228.1916     3.2390     1.4005     0.0227      0.003      0.116      0.168        168 3.5096e+02 0.0000e+00
      0.120    22.5813     6.0026     69.454  32.685272     34.336      7.206   229.3273     3.2673     1.5885     0.0227      0.004      0.118      0.171        169 3.5156e+02 0.0000e+00
      0.121    22.5831     5.9786     69.178  32.721112     34.394      7.209   229.4030     3.2552     1.5348     0.0227      0.005      0.118      0.171        170 3.5403e+02 0.0000e+00
