Data/DataNotYetUploadedToEDI/Raw_CTD/RawDownloads/053018_fcr50.cnv
* Sea-Bird SBE19plus  Data File:
* FileName = C:\DATA\053018_ccr50_0002.hex
* Software version 2.6.3.104
* Temperature SN = 7809
* Conductivity SN = 7809
* System UpLoad Time = May 30 2018 14:41:33
* <ApplicationData>
* <Seaterm232>
# nquan = 17
# nvalues = 623                         
# units = specified
# name 0 = depFM: Depth [fresh water, m]
# name 1 = tv290C: Temperature [ITS-90, deg C]
# name 2 = sbeox0Mg/L: Oxygen, SBE 43 [mg/l]
# name 3 = sbeox0PS: Oxygen, SBE 43 [% saturation]
# name 4 = c0uS/cm: Conductivity [uS/cm]
# name 5 = specc: Specific Conductance [uS/cm]
# name 6 = ph: pH
# name 7 = orp: Oxidation Reduction Potential [mV]
# name 8 = flECO-AFL: Fluorescence, WET Labs ECO-AFL/FL [mg/m^3]
# name 9 = turbWETntu0: Turbidity, WET Labs ECO [NTU]
# name 10 = sal00: Salinity, Practical [PSU]
# name 11 = dz/dtM: Descent Rate [m/s]
# name 12 = prdM: Pressure, Strain Gauge [db]
# name 13 = prdE: Pressure, Strain Gauge [psi]
# name 14 = scan: Scan Count
# name 15 = par/sat/log: PAR/Logarithmic, Satlantic
# name 16 = flag:  0.000e+00
# span 0 =     -0.576,      9.725       
# span 1 =     9.9632,    23.2280       
# span 2 =     3.9160,    10.6818       
# span 3 =     35.384,    121.761       
# span 4 =   1.304903,  33.325684       
# span 5 =      1.367,     40.924       
# span 6 =      5.851,      7.542       
# span 7 =   145.6249,   468.0930       
# span 8 =    -0.2062,     5.0627       
# span 9 =    -0.3183,     5.4960       
# span 10 =     0.0112,     0.0228      
# span 11 =     -0.001,      0.175      
# span 12 =     -0.565,      9.537      
# span 13 =     -0.819,     13.832      
# span 14 =          1,        623      
# span 15 = 2.1784e-01, 8.4103e+02      
# span 16 = 0.0000e+00, 0.0000e+00      
# interval = seconds: 0.25
# start_time = May 30 2018 16:00:50 [Instrument's time stamp, header]
# bad_flag = -9.990e-29
*END*
[from data line 256]
      0.755    20.4730     9.3758    103.436  28.942513     31.761      7.145   252.9881     4.6583     1.9913     0.0210      0.059      0.744      1.079        257 2.1334e+02 0.0000e+00
      0.785    20.4362     9.4759    104.495  28.925745     31.787      7.142   253.3666     4.6462     2.0182     0.0210      0.066      0.770      1.116        258 2.0792e+02 0.0000e+00
      0.814    20.3984     9.5747    105.517  28.939793     31.810      7.133   253.6695     4.6583     1.9376     0.0210      0.074      0.796      1.155        259 2.0394e+02 0.0000e+00
      0.838    20.3721     9.6665    106.431  28.925045     31.835      7.119   254.0102     4.6664     1.9376     0.0210      0.080      0.820      1.189        260 2.0117e+02 0.0000e+00
      0.856    20.3469     9.7347    107.103  28.884815     31.801      7.104   253.2531     4.8403     2.0182     0.0210      0.083      0.838      1.216        261 1.9912e+02 0.0000e+00
      0.869    20.3174     9.7858    107.598  28.930575     31.881      7.097   255.5245     4.8645     1.9376     0.0210      0.084      0.853      1.237        262 1.9669e+02 0.0000e+00
      0.885    20.2896     9.8234    107.942  28.986703     31.960      7.096   255.4109     4.8160     1.9107     0.0211      0.085      0.867      1.258        263 1.9488e+02 0.0000e+00
      0.899    20.2593     9.8439    108.100  28.933570     31.919      7.097   255.2974     4.8201     1.9510     0.0210      0.082      0.882      1.279        264 1.9323e+02 0.0000e+00
      0.914    20.2259     9.8511    108.119  28.937414     31.939      7.098   255.3352     4.8241     2.0719     0.0210      0.075      0.898      1.303        265 1.9003e+02 0.0000e+00
      0.935    20.1862     9.8528    108.092  28.981931     32.022      7.094   255.0702     4.8484     1.9510     0.0211      0.069      0.917      1.331        266 1.8730e+02 0.0000e+00
      0.955    20.1496     9.8648    108.207  28.937478     31.984      7.088   255.3352     4.8160     1.9376     0.0210      0.065      0.938      1.361        267 1.8452e+02 0.0000e+00
      0.980    20.1268     9.8767    108.337  28.933450     32.012      7.083   255.4488     4.8362     1.9779     0.0210      0.067      0.962      1.396        268 1.7994e+02 0.0000e+00
      1.010    20.0947     9.8847    108.435  28.927660     32.038      7.076   256.6981     4.9575     1.9107     0.0210      0.074      0.988      1.434        269 1.7638e+02 0.0000e+00
      1.033    20.0494     9.8902    108.534  28.885401     31.992      7.072   257.3416     4.9535     1.9913     0.0210      0.081      1.010      1.464        270 1.7485e+02 0.0000e+00
      1.045    20.0115     9.8943    108.613  28.867460     32.015      7.064   257.2659     4.9575     1.9645     0.0210      0.084      1.025      1.486        271 1.7353e+02 0.0000e+00
      1.057    19.9801     9.8943    108.588  28.831408     31.986      7.062   257.0766     4.9414     1.8839     0.0210      0.083      1.038      1.506        272 1.7156e+02 0.0000e+00
      1.074    19.9483     9.8902    108.468  28.811691     32.012      7.067   257.1524     5.0020     1.9510     0.0210      0.081      1.053      1.528        273 1.6954e+02 0.0000e+00
      1.091    19.9168     9.8808    108.291  28.773420     31.972      7.070   257.0388     5.0627     1.9913     0.0210      0.076      1.068      1.550        274 1.6811e+02 0.0000e+00
      1.105    19.8885     9.8725    108.156  28.760456     31.995      7.076   257.7959     5.0263     1.9376     0.0210      0.071      1.081      1.569        275 1.6698e+02 0.0000e+00
      1.114    19.8679     9.8620    108.028  28.768541     32.017      7.075   258.2881     5.0465     1.9376     0.0210      0.063      1.091      1.582        276 1.6662e+02 0.0000e+00
      1.117    19.8600     9.8550    107.891  28.763369     32.038      7.067   258.9695     4.9939     1.8436     0.0210      0.054      1.096      1.588        277 1.6660e+02 0.0000e+00
      1.120    19.8595     9.8374    107.644  28.766901     32.052      7.059   259.5374     4.8160     1.9376     0.0210      0.046      1.098      1.592        278 1.6677e+02 0.0000e+00
      1.123    19.8649     9.8196    107.393  28.764153     32.058      7.053   258.9695     4.8645     1.9913     0.0210      0.040      1.101      1.597        279 1.6674e+02 0.0000e+00
      1.126    19.8826     9.8040    107.056  28.766794     32.058      7.053   259.1209     4.8079     2.0450     0.0210      0.032      1.104      1.601        280 1.6656e+02 0.0000e+00
      1.129    19.8978     9.7728    106.517  28.763617     32.055      7.053   259.1209     4.7998     1.9107     0.0210      0.024      1.109      1.606        281 1.6661e+02 0.0000e+00
      1.134    19.8859     9.7240    105.858  28.768104     32.042      7.057   258.8559     5.0061     2.0316     0.0210      0.018      1.114      1.615        282 1.6553e+02 0.0000e+00
      1.144    19.8521     9.6668    105.135  28.761204     32.031      7.064   258.9695     5.0505     2.0182     0.0210      0.016      1.124      1.631        283 1.6368e+02 0.0000e+00
      1.161    19.8170     9.6235    104.532  28.712905     31.977      7.071   258.9695     5.0222     1.9913     0.0209      0.020      1.138      1.651        284 1.6205e+02 0.0000e+00
      1.176    19.7983     9.6011    104.198  28.709623     32.001      7.077   259.4617     5.0101     1.9645     0.0209      0.027      1.153      1.673        285 1.6036e+02 0.0000e+00
      1.191    19.7898     9.5902    104.056  28.765299     32.089      7.079   259.7267     4.7675     2.1659     0.0210      0.035      1.173      1.701        286 1.5746e+02 0.0000e+00
      1.222    19.7634     9.6078    104.234  28.762222     32.103      7.079   260.1052     4.8039     2.1659     0.0210      0.047      1.198      1.738        287 1.5334e+02 0.0000e+00
      1.252    19.7382     9.6293    104.381  28.743109     32.076      7.067   258.9695     4.7877     2.1524     0.0209      0.061      1.224      1.774        288 1.5124e+02 0.0000e+00
      1.266    19.7097     9.6534    104.576  28.759444     32.127      7.057   259.4617     4.7917     2.2464     0.0209      0.071      1.246      1.806        289 1.5005e+02 0.0000e+00
      1.293    19.6340     9.6684    104.628  28.712254     32.083      7.054   259.5752     4.8767     2.1524     0.0209      0.081      1.271      1.844        290 1.4577e+02 0.0000e+00
      1.332    19.5418     9.6558    104.337  28.594309     31.977      7.049   260.5217     4.8726     2.0719     0.0209      0.091      1.300      1.885        291 1.4347e+02 0.0000e+00
      1.349    19.4818     9.6046    103.660  28.520815     31.939      7.034   260.9759     4.9009     2.1793     0.0208      0.096      1.322      1.918        292 1.4291e+02 0.0000e+00
      1.363    19.4321     9.5175    102.673  28.507263     32.005      7.031   261.1652     4.9171     2.1256     0.0208      0.097      1.343      1.948        293 1.3985e+02 0.0000e+00
      1.399    19.3717     9.4039    101.447  28.522263     32.048      7.028   261.8467     4.9009     2.2196     0.0208      0.099      1.369      1.985        294 1.3669e+02 0.0000e+00
      1.424    19.3269     9.2679    100.001  28.502175     32.083      7.017   259.9159     4.8039     2.0853     0.0208      0.098      1.390      2.016        295 1.3630e+02 0.0000e+00
      1.428    19.3170     9.1150     98.374  28.472990     32.065      7.016   260.5974     4.8201     2.0987     0.0208      0.093      1.401      2.032        296 1.3704e+02 0.0000e+00
      1.434    19.3068     8.9916     97.042  28.499310     32.160      7.024   260.5217     4.8241     2.2062     0.0208      0.086      1.409      2.044        297 1.3510e+02 0.0000e+00
      1.449    19.2706     8.9128     96.129  28.469435     32.105      7.032   261.1274     4.8322     2.0987     0.0208      0.075      1.422      2.062        298 1.3348e+02 0.0000e+00
      1.465    19.2353     8.8415     95.200  28.510174     32.173      7.035   261.8845     4.7837     2.3539     0.0208      0.066      1.437      2.084        299 1.3240e+02 0.0000e+00
      1.482    19.1845     8.8077     94.678  28.507911     32.202      7.039   261.8845     4.7837     2.3673     0.0208      0.062      1.453      2.108        300 1.3011e+02 0.0000e+00
      1.500    19.1109     8.7908     94.355  28.472263     32.162      7.042   262.1874     4.7756     2.2330     0.0208      0.059      1.470      2.132        301 1.2849e+02 0.0000e+00
      1.514    19.0528     8.7869     94.200  28.495259     32.264      7.041   261.0895     4.8201     2.3673     0.0208      0.054      1.485      2.154        302 1.2746e+02 0.0000e+00
      1.531    19.0291     8.7914     94.194  28.479314     32.254      7.042   261.3545     4.7068     2.1659     0.0208      0.055      1.500      2.176        303 1.2596e+02 0.0000e+00
      1.546    19.0293     8.8159     94.462  28.492132     32.361      7.044   261.6574     4.6987     2.2464     0.0208      0.060      1.513      2.194        304 1.2469e+02 0.0000e+00
      1.551    19.0397     8.8395     94.746  28.420033     32.251      7.033   262.2252     4.7149     2.3002     0.0208      0.060      1.520      2.205        305 1.2485e+02 0.0000e+00
      1.553    19.0501     8.8713     95.124  28.450457     32.314      7.029   262.1874     4.7270     2.4210     0.0208      0.054      1.524      2.210        306 1.2498e+02 0.0000e+00
      1.556    19.0505     8.9104     95.572  28.513567     32.370      7.028   261.8088     4.5815     2.3136     0.0208      0.046      1.529      2.218        307 1.2348e+02 0.0000e+00
      1.570    19.0164     8.9499     95.955  28.460084     32.298      7.031   262.3388     4.5774     2.1659     0.0208      0.041      1.542      2.237        308 1.2163e+02 0.0000e+00
      1.592    18.9364     8.9946     96.209  28.339127     32.172      7.037   262.6795     4.5653     2.1927     0.0207      0.039      1.560      2.262        309 1.2043e+02 0.0000e+00
      1.609    18.8524     9.0173     96.108  28.189734     32.005      7.030   262.2252     4.5855     2.3807     0.0207      0.040      1.577      2.287        310 1.1838e+02 0.0000e+00
      1.623    18.7795     9.0174     95.850  28.171652     32.065      7.030   262.3767     4.5330     2.5016     0.0207      0.043      1.594      2.311        311 1.1696e+02 0.0000e+00
      1.646    18.7201     8.9889     95.463  28.183774     32.126      7.023   263.1717     4.5168     2.4076     0.0207      0.050      1.610      2.335        312 1.1670e+02 0.0000e+00
      1.655    18.6925     8.9397     94.899  28.115386     32.116      7.007   263.2852     4.5249     2.5150     0.0206      0.057      1.620      2.348        313 1.1547e+02 0.0000e+00
      1.653    18.6941     8.8709     94.047  28.049255     32.064      7.002   263.0960     4.5410     2.5956     0.0206      0.057      1.622      2.351        314 1.1572e+02 0.0000e+00
      1.654    18.7105     8.7901     93.069  28.117857     32.180      6.995   263.8152     4.6462     2.3270     0.0206      0.052      1.622      2.352        315 1.1678e+02 0.0000e+00
      1.655    18.7294     8.6846     91.845  28.178259     32.242      6.990   263.8531     4.6826     2.2464     0.0206      0.042      1.623      2.353        316 1.1690e+02 0.0000e+00
      1.656    18.7448     8.5738     90.631  28.181620     32.230      6.992   264.0802     4.6462     2.2867     0.0206      0.030      1.626      2.358        317 1.1692e+02 0.0000e+00
      1.660    18.7216     8.4344     89.184  28.172965     32.216      6.989   264.0802     4.6462     2.2464     0.0206      0.021      1.640      2.378        318 1.1326e+02 0.0000e+00
      1.701    18.6071     8.2796     87.521  28.040786     32.045      6.986   264.6481     4.6704     2.2867     0.0206      0.023      1.677      2.432        319 1.0577e+02 0.0000e+00
      1.772    18.4340     8.1382     85.843  27.990346     31.997      6.978   265.2160     4.5087     2.3539     0.0206      0.043      1.731      2.510        320 1.0071e+02 0.0000e+00
      1.819    18.3026     7.9970     84.115  27.998573     32.114      6.972   267.2602     4.4763     2.2733     0.0206      0.073      1.773      2.572        321 1.0032e+02 0.0000e+00
      1.833    18.2586     7.8528     82.490  28.000941     32.211      6.963   266.6167     4.4561     2.1659     0.0205      0.098      1.796      2.605        322 9.8771e+01 0.0000e+00
      1.845    18.2344     7.7067     80.908  28.017103     32.374      6.965   266.3138     4.4480     2.1659     0.0206      0.114      1.815      2.632        323 9.4720e+01 0.0000e+00
      1.877    18.1743     7.5715     79.454  28.067448     32.406      6.959   266.8438     4.1609     2.5284     0.0206      0.126      1.837      2.665        324 9.3114e+01 0.0000e+00
      1.897    18.1083     7.4495     78.062  28.205139     32.648      6.950   266.1245     4.1448     2.5150     0.0207      0.128      1.857      2.693        325 9.2258e+01 0.0000e+00
      1.904    18.0533     7.3349     76.665  28.260828     32.696      6.948   266.2760     4.1529     2.4210     0.0207      0.118      1.872      2.715        326 9.0655e+01 0.0000e+00
      1.927    18.0307     7.2409     75.513  28.264991     32.810      6.948   266.3895     4.1245     2.4344     0.0207      0.098      1.892      2.744        327 8.8148e+01 0.0000e+00
      1.956    18.0436     7.1736     74.632  28.318573     32.853      6.941   268.0174     4.3267     2.4881     0.0207      0.082      1.916      2.779        328 8.5665e+01 0.0000e+00
      1.978    18.0283     7.1172     73.861  28.372053     33.000      6.940   268.2445     4.3591     2.5150     0.0207      0.078      1.941      2.815        329 8.3904e+01 0.0000e+00
      2.006    17.9244     7.1003     73.456  28.376331     32.924      6.941   268.5095     4.3389     2.5284     0.0207      0.084      1.968      2.854        330 8.1165e+01 0.0000e+00
      2.037    17.7914     7.0896     73.160  28.372545     33.000      6.935   267.9038     4.3267     2.4210     0.0207      0.089      1.993      2.891        331 7.9680e+01 0.0000e+00
      2.054    17.7237     7.0981     73.099  28.317480     32.949      6.924   268.0931     4.2742     2.4479     0.0207      0.090      2.012      2.918        332 7.8818e+01 0.0000e+00
      2.064    17.6971     7.1047     73.015  28.326302     33.121      6.919   267.7524     4.2822     2.6090     0.0207      0.091      2.024      2.935        333 7.7715e+01 0.0000e+00
      2.074    17.6747     7.1151     72.955  28.361611     33.170      6.913   267.9038     4.2661     2.5150     0.0207      0.088      2.034      2.951        334 7.6914e+01 0.0000e+00
      2.085    17.6038     7.1062     72.718  28.273568     33.127      6.913   269.0395     4.2822     2.3404     0.0207      0.079      2.048      2.971        335 7.5366e+01 0.0000e+00
      2.108    17.4848     7.0857     72.361  28.198701     33.012      6.912   269.1910     4.2620     2.5687     0.0206      0.072      2.069      3.002        336 7.3472e+01 0.0000e+00
      2.138    17.3718     7.0547     71.884  28.217615     33.131      6.908   269.6453     4.0315     2.7164     0.0206      0.069      2.097      3.042        337 7.1625e+01 0.0000e+00
      2.169    17.2603     7.0065     71.217  28.190762     33.162      6.898   269.3424     4.0315     2.7970     0.0206      0.071      2.129      3.088        338 6.9460e+01 0.0000e+00
      2.208    17.1355     6.9563     70.509  28.172865     33.247      6.892   270.2888     3.9951     2.7030     0.0206      0.079      2.164      3.138        339 6.7145e+01 0.0000e+00
      2.242    16.9910     6.8935     69.716  28.180638     33.338      6.884   270.7431     3.9951     2.6090     0.0206      0.093      2.195      3.184        340 6.5351e+01 0.0000e+00
