Data/DataNotYetUploadedToEDI/Raw_CTD/RawDownloads/053018_fcr50.cnv
* Sea-Bird SBE19plus  Data File:
* FileName = C:\DATA\053018_ccr50_0002.hex
* Software version 2.6.3.104
* Temperature SN = 7809
* Conductivity SN = 7809
* System UpLoad Time = May 30 2018 14:41:33
* <ApplicationData>
* <Seaterm232>
# nquan = 17
# nvalues = 623                         
# units = specified
# name 0 = depFM: Depth [fresh water, m]
# name 1 = tv290C: Temperature [ITS-90, deg C]
# name 2 = sbeox0Mg/L: Oxygen, SBE 43 [mg/l]
# name 3 = sbeox0PS: Oxygen, SBE 43 [% saturation]
# name 4 = c0uS/cm: Conductivity [uS/cm]
# name 5 = specc: Specific Conductance [uS/cm]
# name 6 = ph: pH
# name 7 = orp: Oxidation Reduction Potential [mV]
# name 8 = flECO-AFL: Fluorescence, WET Labs ECO-AFL/FL [mg/m^3]
# name 9 = turbWETntu0: Turbidity, WET Labs ECO [NTU]
# name 10 = sal00: Salinity, Practical [PSU]
# name 11 = dz/dtM: Descent Rate [m/s]
# name 12 = prdM: Pressure, Strain Gauge [db]
# name 13 = prdE: Pressure, Strain Gauge [psi]
# name 14 = scan: Scan Count
# name 15 = par/sat/log: PAR/Logarithmic, Satlantic
# name 16 = flag:  0.000e+00
# span 0 =     -0.576,      9.725       
# span 1 =     9.9632,    23.2280       
# span 2 =     3.9160,    10.6818       
# span 3 =     35.384,    121.761       
# span 4 =   1.304903,  33.325684       
# span 5 =      1.367,     40.924       
# span 6 =      5.851,      7.542       
# span 7 =   145.6249,   468.0930       
# span 8 =    -0.2062,     5.0627       
# span 9 =    -0.3183,     5.4960       
# span 10 =     0.0112,     0.0228      
# span 11 =     -0.001,      0.175      
# span 12 =     -0.565,      9.537      
# span 13 =     -0.819,     13.832      
# span 14 =          1,        623      
# span 15 = 2.1784e-01, 8.4103e+02      
# span 16 = 0.0000e+00, 0.0000e+00      
# interval = seconds: 0.25
# start_time = May 30 2018 16:00:50 [Instrument's time stamp, header]
# bad_flag = -9.990e-29
*END*
[from data line 511]
      7.015     9.9846     7.7631     68.752  28.523584     40.751      6.332   298.6439     1.7954     1.7362     0.0208      0.154      6.880      9.978        512 1.9947e+00 0.0000e+00
      7.046     9.9843     7.7691     68.806  28.506268     40.750      6.333   298.5682     1.7995     1.7362     0.0208      0.154      6.912     10.025        513 1.9862e+00 0.0000e+00
      7.085     9.9843     7.7721     68.833  28.466257     40.671      6.329   298.9089     1.7995     1.7362     0.0208      0.152      6.946     10.075        514 1.9641e+00 0.0000e+00
      7.118     9.9848     7.7744     68.854  28.454783     40.671      6.328   298.6818     1.8358     1.6556     0.0208      0.148      6.974     10.115        515 1.9861e+00 0.0000e+00
      7.129     9.9852     7.7743     68.853  28.461251     40.671      6.329   298.4546     1.8156     1.7362     0.0208      0.137      6.989     10.136        516 2.0065e+00 0.0000e+00
      7.129     9.9854     7.7825     68.923  28.517505     40.750      6.334   298.3411     1.9005     2.1256     0.0208      0.120      7.001     10.153        517 1.9374e+00 0.0000e+00
      7.161     9.9854     7.7796     68.899  28.562668     40.830      6.331   299.4768     1.8803     2.0450     0.0208      0.105      7.027     10.191        518 1.8690e+00 0.0000e+00
      7.205     9.9848     7.7765     68.873  28.464345     40.670      6.328   299.3632     1.9288     2.4210     0.0208      0.100      7.063     10.244        519 1.8255e+00 0.0000e+00
      7.239     9.9830     7.7717     68.829  28.461975     40.670      6.328   299.2496     1.9531     2.4613     0.0208      0.100      7.099     10.297        520 1.7892e+00 0.0000e+00
      7.276     9.9820     7.7663     68.778  28.506319     40.750      6.329   299.4011     1.9935     2.0316     0.0208      0.103      7.136     10.350        521 1.7308e+00 0.0000e+00
      7.318     9.9821     7.7689     68.800  28.468457     40.673      6.327   299.2875     1.9895     2.0987     0.0208      0.111      7.173     10.404        522 1.7076e+00 0.0000e+00
      7.349     9.9821     7.7650     68.765  28.509096     40.754      6.328   299.4011     2.1108     2.4747     0.0208      0.122      7.206     10.452        523 1.6807e+00 0.0000e+00
      7.378     9.9824     7.7534     68.663  28.515043     40.754      6.330   299.6282     2.1149     2.4344     0.0208      0.134      7.239     10.500        524 1.6157e+00 0.0000e+00
      7.422     9.9829     7.7587     68.711  28.461056     40.674      6.327   300.1203     1.9895     2.0719     0.0208      0.143      7.278     10.556        525 1.5953e+00 0.0000e+00
      7.464     9.9824     7.7649     68.767  28.516985     40.753      6.323   300.3853     1.9127     2.2196     0.0208      0.145      7.318     10.613        526 1.5228e+00 0.0000e+00
      7.499     9.9814     7.7721     68.829  28.504738     40.753      6.324   300.1582     1.9127     2.3673     0.0208      0.144      7.354     10.666        527 1.4341e+00 0.0000e+00
      7.535     9.9819     7.7814     68.910  28.476296     40.673      6.322   300.2718     2.0178     2.4210     0.0208      0.145      7.387     10.714        528 1.4326e+00 0.0000e+00
      7.564     9.9831     7.7851     68.941  28.493083     40.755      6.324   300.1203     2.0097     2.2599     0.0208      0.143      7.417     10.757        529 1.4268e+00 0.0000e+00
      7.590     9.9822     7.7964     69.041  28.483847     40.674      6.326   300.1961     2.0461     2.0719     0.0208      0.139      7.444     10.796        530 1.3754e+00 0.0000e+00
      7.618     9.9805     7.7987     69.060  28.547087     40.832      6.326   300.1961     2.0259     2.0987     0.0208      0.135      7.470     10.835        531 1.3691e+00 0.0000e+00
      7.645     9.9796     7.8058     69.121  28.532978     40.753      6.326   300.0446     2.0421     2.2464     0.0208      0.129      7.497     10.873        532 1.3698e+00 0.0000e+00
      7.670     9.9795     7.7998     69.069  28.501408     40.755      6.328   300.0825     2.1512     2.4344     0.0208      0.120      7.524     10.913        533 1.3645e+00 0.0000e+00
      7.701     9.9798     7.8088     69.148  28.527080     40.756      6.327   300.2718     2.0785     2.1524     0.0208      0.113      7.554     10.958        534 1.3017e+00 0.0000e+00
      7.741     9.9804     7.8114     69.169  28.501031     40.757      6.326   300.4989     2.0623     2.1390     0.0208      0.113      7.589     11.008        535 1.2038e+00 0.0000e+00
      7.775     9.9808     7.8104     69.158  28.474528     40.676      6.327   300.7261     2.1796     2.4344     0.0208      0.115      7.622     11.055        536 1.1894e+00 0.0000e+00
      7.800     9.9805     7.8088     69.143  28.500764     40.756      6.325   300.1582     2.0704     2.5016     0.0208      0.118      7.650     11.096        537 1.1540e+00 0.0000e+00
      7.831     9.9796     7.8100     69.153  28.527677     40.755      6.327   300.4232     2.0340     2.5150     0.0208      0.120      7.680     11.139        538 1.0951e+00 0.0000e+00
      7.865     9.9782     7.8076     69.130  28.500332     40.756      6.324   300.6503     1.9208     2.1927     0.0208      0.123      7.712     11.184        539 1.0699e+00 0.0000e+00
      7.896     9.9779     7.8006     69.067  28.475498     40.677      6.325   300.3853     1.9329     2.1927     0.0208      0.124      7.741     11.227        540 1.0097e+00 0.0000e+00
      7.918     9.9775     7.7787     68.874  28.499286     40.758      6.322   300.5368     2.0340     2.4210     0.0208      0.123      7.766     11.265        541 9.3738e-01 0.0000e+00
      7.946     9.9764     7.7707     68.804  28.530026     40.759      6.325   300.8018     2.1553     2.1659     0.0208      0.119      7.794     11.304        542 8.7054e-01 0.0000e+00
      7.978     9.9765     7.7600     68.707  28.585487     40.879      6.322   300.7261     2.0704     2.1256     0.0209      0.115      7.823     11.346        543 7.9786e-01 0.0000e+00
      8.006     9.9763     7.7708     68.804  28.519213     40.760      6.323   300.8396     2.0744     2.0450     0.0208      0.114      7.851     11.387        544 7.9362e-01 0.0000e+00
      8.032     9.9751     7.7643     68.746  28.464259     40.680      6.325   300.8775     2.0502     2.0987     0.0208      0.113      7.879     11.428        545 7.5265e-01 0.0000e+00
      8.066     9.9738     7.7632     68.737  28.505633     40.760      6.324   301.1046     2.0623     1.9913     0.0208      0.113      7.910     11.473        546 7.0280e-01 0.0000e+00
      8.101     9.9733     7.7618     68.725  28.467725     40.682      6.321   301.2182     2.0785     2.1390     0.0208      0.114      7.938     11.514        547 6.9638e-01 0.0000e+00
      8.117     9.9730     7.7625     68.732  28.452138     40.683      6.321   301.3696     2.0461     2.0853     0.0208      0.113      7.955     11.539        548 6.7318e-01 0.0000e+00
      8.118     9.9721     7.7635     68.740  28.465734     40.684      6.321   301.0289     2.1149     2.5419     0.0208      0.106      7.964     11.551        549 6.9425e-01 0.0000e+00
      8.128     9.9718     7.7548     68.662  28.510103     40.764      6.323   301.1803     2.1472     2.2464     0.0208      0.094      7.978     11.570        550 6.4365e-01 0.0000e+00
      8.159     9.9721     7.7517     68.634  28.515517     40.765      6.322   301.6725     2.1149     2.3270     0.0208      0.086      8.002     11.605        551 6.1316e-01 0.0000e+00
      8.189     9.9722     7.7542     68.656  28.518294     40.766      6.322   301.2182     2.0259     2.0450     0.0208      0.082      8.029     11.644        552 6.4610e-01 0.0000e+00
      8.210     9.9714     7.7626     68.729  28.506648     40.765      6.321   301.0289     2.0623     2.0316     0.0208      0.079      8.053     11.679        553 6.5792e-01 0.0000e+00
      8.235     9.9712     7.7636     68.737  28.470714     40.685      6.324   301.2182     2.1068     2.3941     0.0208      0.078      8.074     11.710        554 6.3676e-01 0.0000e+00
      8.254     9.9718     7.7731     68.822  28.503715     40.766      6.324   300.8396     2.2402     2.6761     0.0208      0.079      8.094     11.740        555 6.4307e-01 0.0000e+00
      8.273     9.9721     7.7834     68.915  28.524876     40.766      6.327   300.9911     2.1310     2.3136     0.0208      0.085      8.114     11.769        556 6.6260e-01 0.0000e+00
      8.296     9.9721     7.7850     68.931  28.562975     40.846      6.328   301.6725     2.1068     2.3807     0.0208      0.090      8.138     11.804        557 6.3560e-01 0.0000e+00
      8.327     9.9722     7.7923     68.997  28.515599     40.765      6.330   301.7482     2.1229     2.3673     0.0208      0.092      8.167     11.845        558 6.5151e-01 0.0000e+00
      8.361     9.9720     7.7915     68.992  28.465240     40.685      6.325   302.3918     2.0866     2.3136     0.0208      0.093      8.199     11.891        559 6.2087e-01 0.0000e+00
      8.393     9.9717     7.7899     68.979  28.507051     40.765      6.325   301.6725     2.0259     1.8570     0.0208      0.098      8.227     11.932        560 6.1483e-01 0.0000e+00
      8.411     9.9712     7.7918     68.995  28.522863     40.765      6.323   301.6346     1.9491     1.6153     0.0208      0.101      8.247     11.961        561 6.3151e-01 0.0000e+00
      8.425     9.9708     7.7964     69.033  28.504861     40.766      6.321   301.4832     1.9410     1.7496     0.0208      0.101      8.264     11.986        562 6.2363e-01 0.0000e+00
      8.444     9.9706     7.7955     69.023  28.470157     40.686      6.321   301.4832     2.0016     1.6959     0.0208      0.099      8.282     12.012        563 6.1891e-01 0.0000e+00
      8.465     9.9703     7.7997     69.060  28.506754     40.767      6.326   302.7325     2.0259     1.7362     0.0208      0.095      8.304     12.043        564 5.9940e-01 0.0000e+00
      8.493     9.9704     7.7959     69.027  28.518616     40.767      6.326   302.2782     2.0299     1.7630     0.0208      0.092      8.331     12.083        565 5.9305e-01 0.0000e+00
      8.528     9.9716     7.7894     68.970  28.514693     40.768      6.325   302.5811     2.0178     1.8167     0.0208      0.090      8.363     12.129        566 5.6511e-01 0.0000e+00
      8.562     9.9728     7.7841     68.923  28.511636     40.767      6.319   302.7325     2.0057     1.7362     0.0208      0.092      8.391     12.169        567 5.6953e-01 0.0000e+00
      8.577     9.9735     7.7782     68.870  28.463122     40.686      6.320   302.0889     2.0259     1.6959     0.0208      0.094      8.408     12.194        568 5.5292e-01 0.0000e+00
      8.580     9.9749     7.7724     68.818  28.515770     40.764      6.323   302.1268     2.0097     1.7496     0.0208      0.094      8.419     12.210        569 5.3105e-01 0.0000e+00
      8.598     9.9753     7.7710     68.804  28.564712     40.844      6.321   303.3382     2.0178     1.7228     0.0208      0.091      8.436     12.236        570 5.4489e-01 0.0000e+00
      8.630     9.9745     7.7684     68.781  28.461512     40.682      6.323   303.2246     1.9895     1.7630     0.0208      0.089      8.462     12.273        571 5.4688e-01 0.0000e+00
      8.657     9.9734     7.7722     68.812  28.466308     40.682      6.321   303.3004     2.0704     1.8570     0.0208      0.087      8.488     12.311        572 5.3710e-01 0.0000e+00
      8.679     9.9721     7.7754     68.839  28.499447     40.762      6.319   303.7168     2.1027     1.7496     0.0208      0.084      8.515     12.349        573 4.9841e-01 0.0000e+00
      8.713     9.9719     7.7796     68.875  28.479570     40.684      6.321   304.0196     2.0866     1.6690     0.0208      0.085      8.545     12.393        574 4.8261e-01 0.0000e+00
      8.748     9.9720     7.7783     68.863  28.491044     40.765      6.319   303.5275     2.0785     1.7899     0.0208      0.092      8.576     12.438        575 4.8580e-01 0.0000e+00
      8.772     9.9722     7.7768     68.851  28.485167     40.686      6.315   303.4139     2.1472     1.7093     0.0208      0.102      8.602     12.476        576 4.7905e-01 0.0000e+00
      8.795     9.9727     7.7756     68.840  28.546183     40.845      6.315   304.0196     2.1472     1.6959     0.0208      0.109      8.627     12.513        577 4.7458e-01 0.0000e+00
      8.826     9.9723     7.7676     68.767  28.533707     40.765      6.316   304.3982     2.1229     1.7899     0.0208      0.112      8.656     12.554        578 4.6278e-01 0.0000e+00
      8.859     9.9712     7.7628     68.723  28.500693     40.764      6.317   304.4361     2.1108     1.6959     0.0208      0.112      8.686     12.598        579 4.4660e-01 0.0000e+00
      8.886     9.9709     7.7637     68.730  28.468673     40.685      6.315   304.7011     2.1512     1.7630     0.0208      0.113      8.716     12.640        580 4.6097e-01 0.0000e+00
      8.916     9.9706     7.7607     68.704  28.454962     40.686      6.314   304.6254     2.1472     1.8033     0.0208      0.114      8.746     12.684        581 4.6582e-01 0.0000e+00
      8.952     9.9695     7.7573     68.676  28.517757     40.767      6.311   304.7011     2.1229     1.6959     0.0208      0.115      8.778     12.732        582 4.4787e-01 0.0000e+00
      8.988     9.9684     7.7602     68.702  28.509120     40.767      6.311   304.1332     2.1351     1.7362     0.0208      0.118      8.808     12.774        583 4.2254e-01 0.0000e+00
      9.003     9.9673     7.7620     68.718  28.465711     40.689      6.311   304.5118     2.1149     1.9107     0.0208      0.118      8.828     12.802        584 4.1909e-01 0.0000e+00
      9.013     9.9671     7.7673     68.764  28.512481     40.770      6.310   304.8525     2.1391     1.9376     0.0208      0.113      8.843     12.825        585 4.1656e-01 0.0000e+00
      9.036     9.9678     7.7660     68.751  28.510213     40.771      6.312   304.7768     2.1310     1.9376     0.0208      0.105      8.863     12.856        586 3.9796e-01 0.0000e+00
      9.066     9.9676     7.7754     68.835  28.468535     40.691      6.311   304.8146     2.1553     1.9242     0.0208      0.099      8.891     12.897        587 4.0028e-01 0.0000e+00
      9.098     9.9665     7.7679     68.769  28.505054     40.770      6.311   305.1554     2.1957     2.0450     0.0208      0.097      8.922     12.942        588 3.7656e-01 0.0000e+00
      9.131     9.9654     7.7620     68.717  28.524064     40.771      6.311   305.5718     2.1432     1.9645     0.0208      0.097      8.955     12.988        589 3.3658e-01 0.0000e+00
      9.164     9.9649     7.7554     68.658  28.504173     40.772      6.312   303.9818     2.1229     1.9107     0.0208      0.100      8.986     13.033        590 3.3517e-01 0.0000e+00
      9.195     9.9658     7.7552     68.656  28.470509     40.693      6.310   304.5875     2.0987     1.7228     0.0208      0.105      9.016     13.076        591 3.3170e-01 0.0000e+00
      9.221     9.9665     7.7489     68.600  28.506661     40.774      6.311   304.7011     2.0704     1.6690     0.0208      0.114      9.042     13.114        592 3.1627e-01 0.0000e+00
      9.244     9.9668     7.7398     68.519  28.518482     40.773      6.313   305.6096     2.1351     1.5885     0.0208      0.118      9.067     13.150        593 3.1033e-01 0.0000e+00
      9.271     9.9666     7.7364     68.489  28.455800     40.692      6.313   305.1175     2.1351     1.6690     0.0208      0.117      9.094     13.189        594 3.0379e-01 0.0000e+00
      9.304     9.9658     7.7436     68.553  28.466072     40.691      6.310   305.7989     2.1310     1.7496     0.0208      0.115      9.124     13.233        595 2.9005e-01 0.0000e+00
