Data/DataNotYetUploadedToEDI/Raw_CTD/RawDownloads/053118_fcr50.cnv
* Sea-Bird SBE19plus  Data File:
* FileName = C:\DATA\060418_fcr50_0002.hex
* Software version 2.6.3.104 SB_Terminal.dll
* Temperature SN = 7809
* Conductivity SN = 7809
* System UpLoad Time = Jun 04 2018 16:27:39
* <ApplicationData>
* <Seaterm232>
# nquan = 15
# nvalues = 584                         
# units = specified
# name 0 = depFM: Depth [fresh water, m]
# name 1 = dz/dtM: Descent Rate [m/s]
# name 2 = sbeox0Mg/L: Oxygen, SBE 43 [mg/l]
# name 3 = sbeox0PS: Oxygen, SBE 43 [% saturation]
# name 4 = specc: Specific Conductance [uS/cm]
# name 5 = c0uS/cm: Conductivity [uS/cm]
# name 6 = flECO-AFL: Fluorescence, WET Labs ECO-AFL/FL [mg/m^3]
# name 7 = ph: pH
# name 8 = orp: Oxidation Reduction Potential [mV]
# name 9 = par/sat/log: PAR/Logarithmic, Satlantic
# name 10 = turbWETntu0: Turbidity, WET Labs ECO [NTU]
# name 11 = prdM: Pressure, Strain Gauge [db]
# name 12 = prdE: Pressure, Strain Gauge [psi]
# name 13 = tv290C: Temperature [ITS-90, deg C]
# name 14 = flag:  0.000e+00
# span 0 =     -0.593,      9.751       
# span 1 =     -0.078,      0.233       
# span 2 =     4.2458,    10.7452       
# span 3 =     38.425,    121.101       
# span 4 =      0.443,     55.330       
# span 5 =   0.443440,  38.762448       
# span 6 =    -0.1799,     3.8933       
# span 7 =      6.003,      7.539       
# span 8 = -1240.7455,   282.8323       
# span 9 = 1.2681e-01, 3.9680e+02       
# span 10 =    -0.3068,    34.7170      
# span 11 =     -0.582,      9.563      
# span 12 =     -0.844,     13.870      
# span 13 =     9.9873,    25.1085      
# span 14 = 0.0000e+00, 0.0000e+00      
# interval = seconds: 0.25
# start_time = May 31 2018 17:04:23 [Instrument's time stamp, header]
# bad_flag = -9.990e-29
*END*
[from data line 290]
      0.879      0.119    10.5010    117.473     32.593  29.893743     3.7484      7.098   238.6609 1.0150e+02     2.3064      0.865      1.254    21.1714 0.0000e+00
      0.910      0.119    10.4464    116.638     32.609  29.844700     3.7555      7.099   238.9961 9.8520e+01     2.3228      0.893      1.296    21.1087 0.0000e+00
      0.939      0.120    10.4378    116.344     32.653  29.828632     3.7520      7.099   239.8991 9.5740e+01     2.3012      0.921      1.336    21.0436 0.0000e+00
      0.964      0.128    10.4708    116.526     32.568  29.699388     3.7255      7.098   241.2338 9.3470e+01     2.2277      0.948      1.374    20.9598 0.0000e+00
      0.989      0.144    10.5266    116.942     32.400  29.488530     3.7016      7.095   242.3134 9.1077e+01     2.1668      0.968      1.403    20.8529 0.0000e+00
      1.019      0.166    10.5877    117.367     32.283  29.311205     3.6936      7.093   242.7148 8.7415e+01     2.1147      0.993      1.439    20.7514 0.0000e+00
      1.066      0.187    10.6368    117.604     32.262  29.206338     3.6833      7.090   242.7318 8.2462e+01     2.0550      1.040      1.507    20.6678 0.0000e+00
      1.126      0.206    10.6553    117.478     32.327  29.173019     3.6591      7.085   242.8628 7.7182e+01     1.9941      1.104      1.601    20.5936 0.0000e+00
      1.192      0.219    10.6287    116.863     32.343  29.098738     3.6312      7.078   243.2656 7.2363e+01     1.9278      1.169      1.696    20.5089 0.0000e+00
      1.255      0.225    10.5417    115.600     32.267  28.943106     3.6132      7.068   243.8167 6.8419e+01     1.8944      1.234      1.789    20.4009 0.0000e+00
      1.311      0.227    10.3873    113.612     32.218  28.815208     3.6151      7.056   244.3641 6.5233e+01     1.9258      1.287      1.867    20.2632 0.0000e+00
      1.361      0.226    10.1750    110.998     32.250  28.758753     3.6175      7.043   245.0658 6.2228e+01     2.0638      1.333      1.933    20.1139 0.0000e+00
      1.414      0.224     9.9281    107.989     32.368  28.768418     3.5965      7.030   245.5896 5.9123e+01     2.2511      1.384      2.007    19.9783 0.0000e+00
      1.473      0.218     9.6831    104.974     32.530  28.804938     3.5726      7.017   245.4493 5.5948e+01     2.3289      1.441      2.091    19.8442 0.0000e+00
      1.536      0.206     9.4624    102.234     32.670  28.819162     3.5669      7.008   245.1761 5.2878e+01     2.3020      1.506      2.184    19.7125 0.0000e+00
      1.598      0.187     9.2680     99.838     32.772  28.813253     3.6009      7.001   245.1254 5.0202e+01     2.2914      1.569      2.277    19.5896 0.0000e+00
      1.651      0.166     9.0901     97.710     32.760  28.733365     3.6619      6.993   245.1805 4.8324e+01     2.3232      1.624      2.358    19.4436 0.0000e+00
      1.687      0.146     8.9189     95.712     32.613  28.551659     3.6889      6.984   245.4122 4.7469e+01     2.3197      1.662      2.411    19.2716 0.0000e+00
      1.705      0.130     8.7531     93.767     32.499  28.394214     3.6884      6.975   246.0334 4.6906e+01     2.2797      1.673      2.426    19.0944 0.0000e+00
      1.722      0.120     8.5981     91.916     32.455  28.290159     3.7018      6.965   246.6689 4.5706e+01     2.2973      1.681      2.438    18.9385 0.0000e+00
      1.752      0.117     8.4606     90.263     32.404  28.182453     3.7132      6.953   246.8157 4.4008e+01     2.3199      1.715      2.488    18.8384 0.0000e+00
      1.792      0.122     8.3418     88.838     32.384  28.107856     3.7070      6.940   246.8616 4.2449e+01     2.2783      1.760      2.552    18.7749 0.0000e+00
      1.827      0.127     8.2451     87.662     32.420  28.086635     3.7002      6.929   246.9654 4.1179e+01     2.2520      1.795      2.602    18.6889 0.0000e+00
      1.858      0.123     8.1758     86.794     32.510  28.116302     3.7140      6.921   246.9526 3.9936e+01     2.3072      1.821      2.641    18.5762 0.0000e+00
      1.892      0.111     8.1357     86.277     32.587  28.148992     3.7454      6.915   247.3954 3.8573e+01     2.4268      1.852      2.686    18.4754 0.0000e+00
      1.927      0.099     8.1230     86.092     32.626  28.164353     3.7582      6.908   248.2751 3.7539e+01     2.5072      1.895      2.749    18.3920 0.0000e+00
      1.950      0.089     8.1300     86.118     32.659  28.175006     3.7494      6.903   248.5541 3.7162e+01     2.5162      1.918      2.784    18.3125 0.0000e+00
      1.961      0.080     8.1426     86.167     32.667  28.150779     3.7488      6.897   248.3601 3.6880e+01     2.5368      1.920      2.786    18.2296 0.0000e+00
      1.973      0.071     8.1557     86.187     32.689  28.125377     3.7598      6.890   248.1674 3.6236e+01     2.5729      1.931      2.800    18.1738 0.0000e+00
      1.993      0.066     8.1692     86.205     32.738  28.121818     3.7731      6.883   247.9446 3.5464e+01     2.5555      1.954      2.834    18.1587 0.0000e+00
      2.015      0.070     8.1692     86.118     32.759  28.107686     3.7809      6.874   247.9893 3.4877e+01     2.5100      1.977      2.869    18.1410 0.0000e+00
      2.032      0.084     8.1494     85.876     32.817  28.144967     3.7803      6.862   249.0515 3.4515e+01     2.4804      1.996      2.895    18.0919 0.0000e+00
      2.045      0.102     8.1203     85.528     32.964  28.255068     3.7748      6.850   250.7215 3.4116e+01     2.4410      2.004      2.905    18.0159 0.0000e+00
      2.062      0.121     8.0925     85.086     33.152  28.359394     3.7703      6.840   251.5745 3.3195e+01     2.4313      2.015      2.922    17.9393 0.0000e+00
      2.097      0.141     8.0674     84.558     33.381  28.453796     3.7709      6.831   251.7942 3.1690e+01     2.4851      2.051      2.974    17.8808 0.0000e+00
      2.147      0.161     8.0354     83.903     33.589  28.507336     3.7731      6.821   251.5714 3.0060e+01     2.5416      2.105      3.052    17.8745 0.0000e+00
      2.199      0.179     7.9755     82.936     33.736  28.498584     3.7974      6.811   251.1181 2.8632e+01     2.5952      2.159      3.132    17.8839 0.0000e+00
      2.247      0.189     7.8673     81.471     33.869  28.474801     3.8528      6.801   251.2174 2.7312e+01     2.6765      2.202      3.194    17.7947 0.0000e+00
      2.295      0.189     7.7005     79.426     34.023  28.473610     3.8911      6.792   252.1700 2.5930e+01     2.7305      2.250      3.263    17.6232 0.0000e+00
      2.345      0.179     7.4785     76.846     34.183  28.484022     3.8933      6.786   253.4297 2.4606e+01     2.7295      2.301      3.338    17.4386 0.0000e+00
      2.393      0.163     7.2259     74.006     34.298  28.473533     3.8157      6.782   253.7997 2.3428e+01     2.6643      2.346      3.404    17.2353 0.0000e+00
      2.439      0.146     6.9716     71.241     34.385  28.473659     3.6607      6.777   253.3738 2.2420e+01     2.5829      2.394      3.471    17.0281 0.0000e+00
      2.478      0.131     6.7368     68.753     34.450  28.485454     3.5717      6.770   252.8406 2.1786e+01     2.5699      2.437      3.533    16.8384 0.0000e+00
      2.502      0.121     6.5410     66.668     34.507  28.489097     3.5661      6.761   252.8601 2.1526e+01     2.5675      2.458      3.565    16.6539 0.0000e+00
      2.517      0.121     6.3948     65.045     34.622  28.517655     3.5566      6.749   254.2973 2.1203e+01     2.5239      2.465      3.574    16.4848 0.0000e+00
      2.538      0.134     6.3001     63.914     34.798  28.576663     3.5306      6.735   256.3659 2.0543e+01     2.4995      2.484      3.602    16.3772 0.0000e+00
      2.572      0.157     6.2591     63.309     34.983  28.630943     3.5082      6.724   257.2220 1.9736e+01     2.5168      2.522      3.657    16.3416 0.0000e+00
      2.614      0.182     6.2573     63.079     35.161  28.665815     3.4972      6.719   256.7321 1.8857e+01     2.5500      2.559      3.712    16.2944 0.0000e+00
      2.669      0.199     6.2710     62.992     35.324  28.680659     3.4990      6.717   256.0355 1.7709e+01     2.5645      2.608      3.784    16.1887 0.0000e+00
      2.739      0.204     6.2902     62.973     35.465  28.683271     3.4940      6.716   255.7694 1.6464e+01     2.5410      2.688      3.899    16.0612 0.0000e+00
      2.806      0.199     6.3111     62.999     35.601  28.697261     3.4729      6.713   255.6648 1.5596e+01     2.5400      2.761      4.005    15.9255 0.0000e+00
      2.854      0.184     6.3243     62.971     35.737  28.722693     3.4551      6.709   255.7172 1.5094e+01     2.5531      2.804      4.066    15.7657 0.0000e+00
      2.891      0.161     6.3228     62.808     35.852  28.736654     3.4348      6.707   256.2312 1.4639e+01     2.5462      2.834      4.109    15.5900 0.0000e+00
      2.926      0.136     6.3084     62.547     35.934  28.738972     3.3387      6.707   256.7167 1.4195e+01     2.4875      2.870      4.163    15.4255 0.0000e+00
      2.960      0.118     6.2791     62.173     36.005  28.750647     3.1657      6.706   256.7695 1.3884e+01     2.3619      2.908      4.217    15.2941 0.0000e+00
      2.985      0.108     6.2321     61.641     36.050  28.750757     3.0708      6.706   256.4398 1.3666e+01     2.3089      2.929      4.249    15.1837 0.0000e+00
      3.005      0.104     6.1756     61.033     36.070  28.740257     3.0554      6.705   255.9996 1.3431e+01     2.3363      2.945      4.271    15.0648 0.0000e+00
      3.028      0.105     6.1173     60.435     36.097  28.750658     2.9064      6.702   256.0070 1.3170e+01     2.2652      2.968      4.304    14.9730 0.0000e+00
      3.055      0.110     6.0630     59.878     36.111  28.749513     2.6289      6.698   256.4435 1.2904e+01     2.0893      2.995      4.345    14.9211 0.0000e+00
      3.083      0.116     6.0165     59.341     36.136  28.726398     2.4746      6.693   256.8025 1.2601e+01     1.9801      3.022      4.383    14.8709 0.0000e+00
      3.115      0.121     5.9761     58.807     36.232  28.725128     2.4663      6.688   257.1642 1.2229e+01     1.9519      3.051      4.425    14.8254 0.0000e+00
      3.153      0.125     5.9433     58.323     36.360  28.734053     2.4826      6.682   257.5475 1.1873e+01     1.8094      3.092      4.484    14.8157 0.0000e+00
      3.188      0.129     5.9195     57.883     36.477  28.707207     2.4870      6.675   257.7372 1.1614e+01     1.5695      3.132      4.541    14.8248 0.0000e+00
      3.216      0.133     5.8972     57.389     36.615  28.654403     2.4733      6.668   257.9951 1.1380e+01     1.4624      3.153      4.572    14.7650 0.0000e+00
      3.244      0.138     5.8603     56.722     36.782  28.603433     2.4548      6.662   258.4289 1.1105e+01     1.4914      3.177      4.607    14.6357 0.0000e+00
      3.279      0.145     5.8010     55.852     36.921  28.535231     2.4015      6.653   259.0235 1.0819e+01     1.5835      3.215      4.663    14.5222 0.0000e+00
      3.319      0.153     5.7207     54.814     37.040  28.464595     2.3169      6.645   259.5924 1.0519e+01     1.6910      3.255      4.721    14.3747 0.0000e+00
      3.359      0.158     5.6202     53.612     37.212  28.447706     2.2678      6.640   259.7152 1.0167e+01     1.7239      3.292      4.774    14.1356 0.0000e+00
      3.404      0.156     5.5044     52.294     37.404  28.457858     2.2588      6.638   259.8200 9.8011e+00     1.7062      3.336      4.839    13.8740 0.0000e+00
      3.452      0.151     5.3829     50.956     37.565  28.460191     2.2628      6.633   260.4299 9.4936e+00     1.6907      3.388      4.914    13.6325 0.0000e+00
      3.493      0.147     5.2655     49.689     37.724  28.475771     2.2423      6.625   260.4636 9.2763e+00     1.6578      3.431      4.976    13.4154 0.0000e+00
      3.523      0.145     5.1636     48.580     37.918  28.519123     2.1858      6.616   259.6246 9.1306e+00     1.5838      3.458      5.015    13.2173 0.0000e+00
      3.547      0.139     5.0816     47.655     38.090  28.539733     2.1493      6.611   259.3202 8.9503e+00     1.5292      3.474      5.039    13.0291 0.0000e+00
      3.581      0.130     5.0161     46.897     38.218  28.534330     2.1409      6.608   259.5375 8.6728e+00     1.5165      3.504      5.083    12.8686 0.0000e+00
      3.626      0.122     4.9671     46.335     38.382  28.580688     2.0758      6.606   259.9285 8.3992e+00     1.4911      3.558      5.160    12.7388 0.0000e+00
      3.668      0.117     4.9321     45.940     38.551  28.655645     1.9318      6.604   260.6051 8.2355e+00     1.4656      3.606      5.231    12.6093 0.0000e+00
      3.692      0.112     4.9017     45.585     38.741  28.742052     1.8325      6.602   260.9225 8.1550e+00     1.4828      3.624      5.257    12.4596 0.0000e+00
      3.706      0.104     4.8674     45.161     39.012  28.863346     1.8222      6.600   260.0659 8.0667e+00     1.5158      3.631      5.267    12.3131 0.0000e+00
      3.726      0.096     4.8285     44.680     39.294  28.979051     1.8252      6.597   258.7662 7.9399e+00     1.5298      3.651      5.295    12.2128 0.0000e+00
      3.755      0.092     4.7857     44.169     39.528  29.061385     1.8137      6.593   258.5436 7.7914e+00     1.5302      3.683      5.341    12.1658 0.0000e+00
      3.784      0.092     4.7367     43.605     39.696  29.096695     1.8118      6.588   259.1808 7.6635e+00     1.5196      3.714      5.387    12.1104 0.0000e+00
      3.809      0.091     4.6801     42.975     39.804  29.088367     1.8218      6.584   259.8463 7.5782e+00     1.5237      3.736      5.419    11.9957 0.0000e+00
      3.830      0.086     4.6126     42.254     39.916  29.087600     1.8414      6.581   260.2225 7.4815e+00     1.5192      3.755      5.445    11.8681 0.0000e+00
      3.851      0.081     4.5340     41.440     40.025  29.087332     1.8739      6.577   259.7724 7.3746e+00     1.4947      3.778      5.478    11.7592 0.0000e+00
      3.870      0.076     4.4541     40.621     40.039  29.021541     1.8935      6.573   258.7916 7.3016e+00     1.5024      3.797      5.506    11.6473 0.0000e+00
      3.887      0.073     4.3848     39.911     40.002  28.927071     1.8948      6.569   258.7751 7.2294e+00     1.5206      3.811      5.528    11.5337 0.0000e+00
      3.905      0.070     4.3273     39.320     40.043  28.897592     1.8800      6.564   259.3998 7.1458e+00     1.5325      3.830      5.555    11.4314 0.0000e+00
      3.923      0.069     4.2809     38.840     40.145  28.919059     1.8528      6.559   259.7198 7.0734e+00     1.5543      3.846      5.579    11.3341 0.0000e+00
      3.941      0.071     4.2524     38.530     40.228  28.932561     1.8420      6.552   260.3208 7.0069e+00     1.5406      3.864      5.605    11.2347 0.0000e+00
      3.958      0.074     4.2458     38.425     40.286  28.933784     1.8417      6.545   261.2458 6.9584e+00     1.4883      3.883      5.632    11.1502 0.0000e+00
      3.973      0.078     4.2613     38.530     40.331  28.933795     1.8297      6.539   261.0959 6.8947e+00     1.4713      3.894      5.649    11.0788 0.0000e+00
      3.993      0.083     4.3031     38.885     40.358  28.932662     1.7895      6.531   259.7990 6.7797e+00     1.5182      3.914      5.676    11.0123 0.0000e+00
      4.018      0.087     4.3753     39.523     40.357  28.920066     1.7316      6.522   259.0730 6.6837e+00     1.5672      3.942      5.718    10.9569 0.0000e+00
      4.042      0.087     4.4776     40.439     40.351  28.908500     1.7000      6.517   259.1160 6.6190e+00     1.5449      3.964      5.749    10.9048 0.0000e+00
      4.067      0.084     4.6112     41.646     40.366  28.919816     1.6832      6.513   259.6305 6.5358e+00     1.4931      3.986      5.781    10.8609 0.0000e+00
