Data/DataNotYetUploadedToEDI/Raw_CTD/RawDownloads/053118_fcr50.cnv
* Sea-Bird SBE19plus  Data File:
* FileName = C:\DATA\060418_fcr50_0002.hex
* Software version 2.6.3.104 SB_Terminal.dll
* Temperature SN = 7809
* Conductivity SN = 7809
* System UpLoad Time = Jun 04 2018 16:27:39
* <ApplicationData>
* <Seaterm232>
# nquan = 15
# nvalues = 584                         
# units = specified
# name 0 = depFM: Depth [fresh water, m]
# name 1 = dz/dtM: Descent Rate [m/s]
# name 2 = sbeox0Mg/L: Oxygen, SBE 43 [mg/l]
# name 3 = sbeox0PS: Oxygen, SBE 43 [% saturation]
# name 4 = specc: Specific Conductance [uS/cm]
# name 5 = c0uS/cm: Conductivity [uS/cm]
# name 6 = flECO-AFL: Fluorescence, WET Labs ECO-AFL/FL [mg/m^3]
# name 7 = ph: pH
# name 8 = orp: Oxidation Reduction Potential [mV]
# name 9 = par/sat/log: PAR/Logarithmic, Satlantic
# name 10 = turbWETntu0: Turbidity, WET Labs ECO [NTU]
# name 11 = prdM: Pressure, Strain Gauge [db]
# name 12 = prdE: Pressure, Strain Gauge [psi]
# name 13 = tv290C: Temperature [ITS-90, deg C]
# name 14 = flag:  0.000e+00
# span 0 =     -0.593,      9.751       
# span 1 =     -0.078,      0.233       
# span 2 =     4.2458,    10.7452       
# span 3 =     38.425,    121.101       
# span 4 =      0.443,     55.330       
# span 5 =   0.443440,  38.762448       
# span 6 =    -0.1799,     3.8933       
# span 7 =      6.003,      7.539       
# span 8 = -1240.7455,   282.8323       
# span 9 = 1.2681e-01, 3.9680e+02       
# span 10 =    -0.3068,    34.7170      
# span 11 =     -0.582,      9.563      
# span 12 =     -0.844,     13.870      
# span 13 =     9.9873,    25.1085      
# span 14 = 0.0000e+00, 0.0000e+00      
# interval = seconds: 0.25
# start_time = May 31 2018 17:04:23 [Instrument's time stamp, header]
# bad_flag = -9.990e-29
*END*
[from data line 386]
      4.113      0.076     4.9499     44.704     40.345  28.903203     1.6044      6.506   260.2925 6.4392e+00     1.5081      4.038      5.857    10.8257 0.0000e+00
      4.124      0.075     5.1273     46.280     40.298  28.851246     1.5797      6.503   259.4036 6.3976e+00     1.4972      4.043      5.864    10.8145 0.0000e+00
      4.136      0.075     5.2899     47.700     40.288  28.809684     1.5701      6.498   259.6224 6.3269e+00     1.4808      4.053      5.878    10.8186 0.0000e+00
      4.157      0.079     5.4260     48.863     40.314  28.781656     1.5707      6.492   260.3564 6.2291e+00     1.4924      4.076      5.911    10.8273 0.0000e+00
      4.182      0.088     5.5376     49.793     40.365  28.766323     1.5776      6.486   260.8783 6.1206e+00     1.5164      4.101      5.948    10.8238 0.0000e+00
      4.205      0.098     5.6398     50.625     40.427  28.751246     1.5706      6.480   261.5448 6.0382e+00     1.5269      4.126      5.983    10.8033 0.0000e+00
      4.227      0.103     5.7507     51.512     40.494  28.726309     1.5601      6.475   261.8758 5.9546e+00     1.5265      4.142      6.008    10.7584 0.0000e+00
      4.256      0.103     5.8862     52.611     40.590  28.718740     1.5605      6.472   261.5248 5.8263e+00     1.5727      4.170      6.048    10.6944 0.0000e+00
      4.291      0.101     6.0559     54.027     40.686  28.723155     1.5666      6.471   261.0864 5.7008e+00     1.6887      4.212      6.108    10.6332 0.0000e+00
      4.320      0.099     6.2634     55.801     40.746  28.716128     1.5701      6.470   261.1359 5.6299e+00     1.7699      4.240      6.150    10.5650 0.0000e+00
      4.340      0.095     6.5107     57.943     40.771  28.697223     1.5651      6.469   261.5212 5.5784e+00     1.7613      4.256      6.173    10.4691 0.0000e+00
      4.358      0.088     6.7919     60.399     40.792  28.685045     1.5525      6.466   262.0453 5.5118e+00     1.7364      4.272      6.196    10.3668 0.0000e+00
      4.380      0.082     7.0884     63.002     40.834  28.695864     1.5372      6.464   262.4829 5.4295e+00     1.7441      4.295      6.229    10.2889 0.0000e+00
      4.403      0.080     7.3769     65.542     40.861  28.701014     1.5271      6.463   262.7679 5.3421e+00     1.7624      4.319      6.264    10.2316 0.0000e+00
      4.425      0.081     7.6372     67.834     40.851  28.683791     1.5224      6.460   262.8237 5.2806e+00     1.7744      4.341      6.296    10.1864 0.0000e+00
      4.442      0.083     7.8506     69.714     40.854  28.678122     1.5166      6.458   262.5553 5.2363e+00     1.7682      4.358      6.320    10.1545 0.0000e+00
      4.459      0.085     8.0082     71.104     40.887  28.695967     1.5126      6.456   262.3618 5.1620e+00     1.7480      4.371      6.339    10.1323 0.0000e+00
      4.481      0.088     8.1164     72.059     40.909  28.709027     1.5110      6.453   262.4642 5.0599e+00     1.7431      4.393      6.371    10.1168 0.0000e+00
      4.507      0.093     8.1826     72.643     40.911  28.709027     1.5158      6.450   262.7601 4.9719e+00     1.7402      4.422      6.414    10.1048 0.0000e+00
      4.532      0.096     8.2114     72.894     40.895  28.695957     1.5156      6.449   263.1002 4.8801e+00     1.7126      4.445      6.447    10.0947 0.0000e+00
      4.557      0.095     8.2172     72.940     40.873  28.678009     1.4717      6.448   263.5648 4.7606e+00     1.6843      4.467      6.479    10.0885 0.0000e+00
      4.584      0.090     8.2119     72.889     40.882  28.682533     1.4081      6.446   263.8169 4.6589e+00     1.7037      4.497      6.521    10.0861 0.0000e+00
      4.611      0.081     8.1980     72.763     40.891  28.687153     1.3803      6.446   263.4820 4.5852e+00     1.7640      4.524      6.561    10.0846 0.0000e+00
      4.631      0.073     8.1810     72.610     40.869  28.670354     1.3734      6.446   263.3866 4.5219e+00     1.8022      4.544      6.590    10.0819 0.0000e+00
      4.646      0.069     8.1609     72.430     40.870  28.669927     1.3800      6.446   263.9539 4.4809e+00     1.7694      4.556      6.609    10.0791 0.0000e+00
      4.658      0.071     8.1342     72.191     40.888  28.681984     1.4144      6.441   264.6634 4.4582e+00     1.7341      4.568      6.625    10.0770 0.0000e+00
      4.669      0.081     8.1035     71.916     40.900  28.689129     1.4402      6.435   265.5980 4.4315e+00     1.7717      4.578      6.639    10.0746 0.0000e+00
      4.684      0.096     8.0730     71.643     40.907  28.692812     1.4443      6.429   266.4782 4.3663e+00     1.7970      4.589      6.655    10.0728 0.0000e+00
      4.710      0.112     8.0442     71.385     40.866  28.663011     1.4724      6.425   266.6159 4.2474e+00     1.8259      4.614      6.693    10.0727 0.0000e+00
      4.749      0.125     8.0174     71.144     40.844  28.646313     1.5239      6.421   266.4883 4.0987e+00     1.9070      4.655      6.753    10.0721 0.0000e+00
      4.792      0.133     7.9924     70.921     40.895  28.681424     1.5515      6.419   266.3981 3.9377e+00     1.9543      4.699      6.817    10.0698 0.0000e+00
      4.832      0.133     7.9698     70.720     40.931  28.706520     1.5583      6.417   266.1280 3.7995e+00     1.9708      4.742      6.877    10.0681 0.0000e+00
      4.866      0.123     7.9506     70.551     40.915  28.695732     1.5139      6.415   265.9753 3.7047e+00     1.8922      4.775      6.926    10.0667 0.0000e+00
      4.894      0.106     7.9357     70.420     40.889  28.678002     1.4193      6.415   266.6169 3.6292e+00     1.7371      4.799      6.961    10.0650 0.0000e+00
      4.921      0.090     7.9234     70.312     40.895  28.682648     1.3700      6.415   267.6051 3.5729e+00     1.7124      4.827      7.000    10.0644 0.0000e+00
      4.942      0.079     7.9113     70.204     40.903  28.688413     1.3682      6.415   267.8565 3.5498e+00     1.7469      4.852      7.037    10.0644 0.0000e+00
      4.954      0.074     7.9043     70.143     40.896  28.684201     1.3692      6.415   267.8495 3.5436e+00     1.7262      4.860      7.049    10.0650 0.0000e+00
      4.964      0.078     7.9051     70.152     40.910  28.695216     1.3831      6.412   267.8652 3.5109e+00     1.7065      4.863      7.054    10.0662 0.0000e+00
      4.980      0.087     7.9076     70.175     40.910  28.694592     1.4166      6.407   267.6153 3.4509e+00     1.7215      4.881      7.080    10.0662 0.0000e+00
      5.003      0.100     7.9101     70.196     40.885  28.676648     1.4343      6.403   268.1843 3.3930e+00     1.7565      4.906      7.115    10.0660 0.0000e+00
      5.033      0.114     7.9112     70.204     40.875  28.668775     1.4322      6.400   269.5828 3.3226e+00     1.7625      4.933      7.154    10.0671 0.0000e+00
      5.071      0.127     7.9104     70.194     40.868  28.662897     1.4458      6.396   270.3276 3.2209e+00     1.7640      4.972      7.211    10.0683 0.0000e+00
      5.110      0.140     7.9105     70.192     40.879  28.669083     1.4700      6.391   270.7363 3.1272e+00     1.7747      5.014      7.273    10.0685 0.0000e+00
      5.143      0.154     7.9075     70.162     40.897  28.680060     1.4865      6.383   271.0836 3.0592e+00     1.7695      5.044      7.316    10.0677 0.0000e+00
      5.175      0.169     7.8984     70.078     40.883  28.668609     1.4982      6.373   270.9132 2.9776e+00     1.7628      5.071      7.356    10.0667 0.0000e+00
      5.216      0.184     7.8909     70.008     40.870  28.657631     1.5007      6.366   270.7408 2.8724e+00     1.7541      5.110      7.412    10.0656 0.0000e+00
      5.268      0.197     7.8893     69.990     40.896  28.674339     1.4983      6.363   271.3221 2.7464e+00     1.7251      5.162      7.487    10.0636 0.0000e+00
      5.329      0.206     7.8888     69.983     40.906  28.680104     1.4964      6.362   272.4350 2.6070e+00     1.6872      5.225      7.579    10.0612 0.0000e+00
      5.392      0.211     7.8870     69.964     40.885  28.663827     1.4876      6.360   273.0115 2.4796e+00     1.6922      5.290      7.672    10.0591 0.0000e+00
      5.448      0.210     7.8829     69.924     40.894  28.668038     1.4929      6.358   272.7857 2.3884e+00     1.7242      5.346      7.754    10.0572 0.0000e+00
      5.498      0.205     7.8772     69.871     40.895  28.667527     1.5048      6.356   272.2003 2.3282e+00     1.7085      5.392      7.821    10.0557 0.0000e+00
      5.543      0.198     7.8736     69.837     40.883  28.657638     1.5031      6.356   271.8705 2.2561e+00     1.6850      5.435      7.883    10.0534 0.0000e+00
      5.591      0.189     7.8706     69.810     40.908  28.675476     1.4997      6.356   272.3253 2.1602e+00     1.6843      5.482      7.951    10.0508 0.0000e+00
      5.643      0.178     7.8659     69.769     40.932  28.692699     1.4818      6.357   273.2258 2.0672e+00     1.6388      5.533      8.025    10.0492 0.0000e+00
      5.694      0.163     7.8585     69.705     40.907  28.675372     1.4533      6.359   273.4657 1.9938e+00     1.5623      5.587      8.101    10.0478 0.0000e+00
      5.739      0.143     7.8492     69.622     40.880  28.656479     1.4393      6.361   272.9886 1.9417e+00     1.5227      5.634      8.170    10.0465 0.0000e+00
      5.772      0.121     7.8402     69.542     40.878  28.654775     1.4414      6.364   272.7056 1.9017e+00     1.5263      5.663      8.215    10.0460 0.0000e+00
      5.797      0.104     7.8326     69.474     40.878  28.654775     1.4422      6.366   272.7116 1.8797e+00     1.5445      5.686      8.247    10.0469 0.0000e+00
      5.814      0.095     7.8276     69.428     40.882  28.656479     1.4305      6.364   272.8029 1.8887e+00     1.5905      5.706      8.274    10.0473 0.0000e+00
      5.827      0.100     7.8259     69.409     40.911  28.675373     1.4286      6.356   273.7236 1.8998e+00     1.6546      5.713      8.286    10.0470 0.0000e+00
      5.843      0.116     7.8276     69.421     40.938  28.692702     1.4378      6.347   275.2398 1.8806e+00     1.6793      5.724      8.302    10.0474 0.0000e+00
      5.872      0.138     7.8297     69.439     40.914  28.675487     1.4404      6.340   275.9063 1.8342e+00     1.7054      5.754      8.345    10.0472 0.0000e+00
      5.915      0.160     7.8326     69.464     40.889  28.657739     1.4692      6.336   275.8457 1.7746e+00     1.8174      5.798      8.410    10.0456 0.0000e+00
      5.970      0.177     7.8388     69.518     40.905  28.668621     1.5282      6.335   275.4536 1.7110e+00     1.9351      5.852      8.488    10.0433 0.0000e+00
      6.026      0.185     7.8471     69.592     40.922  28.680053     1.5565      6.335   274.7787 1.6517e+00     1.9383      5.912      8.574    10.0416 0.0000e+00
      6.078      0.182     7.8553     69.664     40.906  28.668963     1.5536      6.336   274.1384 1.6034e+00     1.9178      5.964      8.648    10.0411 0.0000e+00
      6.124      0.169     7.8602     69.707     40.895  28.661529     1.5583      6.337   274.0783 1.5602e+00     1.9616      6.007      8.712    10.0408 0.0000e+00
      6.164      0.149     7.8617     69.721     40.884  28.653674     1.5677      6.338   274.8261 1.5235e+00     1.9791      6.046      8.769    10.0404 0.0000e+00
      6.201      0.126     7.8624     69.727     40.862  28.637491     1.5751      6.341   275.3502 1.5069e+00     1.9470      6.082      8.820    10.0398 0.0000e+00
      6.234      0.107     7.8628     69.729     40.890  28.656371     1.5739      6.345   275.2529 1.5060e+00     1.9392      6.117      8.872    10.0401 0.0000e+00
      6.256      0.092     7.8638     69.737     40.940  28.691441     1.5625      6.349   274.8545 1.5105e+00     1.9154      6.142      8.907    10.0407 0.0000e+00
      6.268      0.080     7.8654     69.752     40.924  28.680503     1.5569      6.352   274.4051 1.5222e+00     1.8115      6.147      8.914    10.0402 0.0000e+00
      6.281      0.071     7.8648     69.748     40.881  28.651119     1.5520      6.354   274.2929 1.5321e+00     1.7209      6.155      8.928    10.0396 0.0000e+00
      6.301      0.068     7.8642     69.744     40.883  28.653674     1.5486      6.355   274.6165 1.5277e+00     1.7059      6.180      8.964    10.0389 0.0000e+00
      6.322      0.073     7.8676     69.776     40.873  28.647902     1.5526      6.355   275.2211 1.5199e+00     1.7206      6.202      8.996    10.0380 0.0000e+00
      6.338      0.086     7.8728     69.824     40.868  28.644832     1.5544      6.353   275.6656 1.5136e+00     1.7463      6.217      9.017    10.0385 0.0000e+00
      6.353      0.100     7.8768     69.859     40.918  28.680055     1.5621      6.349   275.7758 1.5023e+00     1.7419      6.228      9.032    10.0399 0.0000e+00
      6.375      0.112     7.8788     69.876     40.937  28.692764     1.5717      6.346   275.7785 1.4800e+00     1.6979      6.245      9.059    10.0410 0.0000e+00
      6.411      0.118     7.8790     69.876     40.908  28.671481     1.5693      6.345   275.6986 1.4376e+00     1.6717      6.284      9.114    10.0419 0.0000e+00
      6.455      0.118     7.8775     69.861     40.917  28.676737     1.5789      6.344   275.2400 1.3946e+00     1.7306      6.331      9.183    10.0427 0.0000e+00
      6.495      0.111     7.8752     69.839     40.941  28.692817     1.6144      6.345   274.6210 1.3793e+00     1.8612      6.373      9.242    10.0432 0.0000e+00
      6.525      0.099     7.8708     69.798     40.918  28.675387     1.6396      6.346   274.5812 1.3906e+00     1.9387      6.404      9.288    10.0424 0.0000e+00
      6.542      0.085     7.8653     69.747     40.893  28.656497     1.6362      6.346   275.2755 1.4066e+00     1.9338      6.419      9.310    10.0409 0.0000e+00
      6.551      0.076     7.8627     69.723     40.891  28.654934     1.6107      6.346   276.3905 1.4215e+00     1.8629      6.423      9.316    10.0402 0.0000e+00
      6.563      0.081     7.8615     69.712     40.894  28.656486     1.5605      6.341   277.2213 1.4514e+00     1.7539      6.433      9.331    10.0395 0.0000e+00
      6.579      0.096     7.8590     69.687     40.922  28.675261     1.5155      6.336   276.8028 1.4737e+00     1.7147      6.451      9.357    10.0373 0.0000e+00
      6.601      0.115     7.8552     69.650     40.947  28.691435     1.5080      6.332   275.8909 1.4578e+00     1.7242      6.469      9.383    10.0359 0.0000e+00
      6.635      0.129     7.8519     69.620     40.906  28.661530     1.5615      6.331   275.8329 1.4172e+00     1.8696      6.499      9.427    10.0363 0.0000e+00
      6.683      0.134     7.8531     69.631     40.862  28.631195     1.6578      6.331   276.0139 1.3809e+00     2.2210      6.553      9.504    10.0357 0.0000e+00
      6.733      0.133     7.8551     69.651     40.876  28.642174     1.6800      6.332   276.1013 1.3670e+00     2.3723      6.610      9.586    10.0337 0.0000e+00
      6.769      0.128     7.8556     69.656     40.911  28.667272     1.6366      6.332   276.5458 1.3672e+00     2.2328      6.644      9.636    10.0319 0.0000e+00
      6.789      0.120     7.8560     69.660     40.930  28.680636     1.6467      6.331   277.0863 1.3623e+00     2.2443      6.659      9.658    10.0312 0.0000e+00
      6.808      0.115     7.8564     69.662     40.926  28.676749     1.6923      6.330   276.8714 1.3513e+00     2.4198      6.672      9.677    10.0316 0.0000e+00
      6.833      0.117     7.8588     69.681     40.938  28.683781     1.7103      6.327   276.1839 1.3316e+00     2.4932      6.698      9.715    10.0331 0.0000e+00
      6.865      0.127     7.8626     69.713     40.965  28.702151     1.6907      6.323   276.3457 1.3004e+00     2.4293      6.732      9.764    10.0341 0.0000e+00
