Data/DataNotYetUploadedToEDI/Raw_CTD/RawDownloads/053118_bvr50.cnv
* Sea-Bird SBE19plus  Data File:
* FileName = C:\DATA\060418_fcr50_0001.hex
* Software version 2.6.3.104 SB_Terminal.dll
* Temperature SN = 7809
* Conductivity SN = 7809
* System UpLoad Time = Jun 04 2018 16:27:19
* <ApplicationData>
* <Seaterm232>
# nquan = 15
# nvalues = 1137                        
# units = specified
# name 0 = depFM: Depth [fresh water, m]
# name 1 = dz/dtM: Descent Rate [m/s]
# name 2 = sbeox0Mg/L: Oxygen, SBE 43 [mg/l]
# name 3 = sbeox0PS: Oxygen, SBE 43 [% saturation]
# name 4 = specc: Specific Conductance [uS/cm]
# name 5 = c0uS/cm: Conductivity [uS/cm]
# name 6 = flECO-AFL: Fluorescence, WET Labs ECO-AFL/FL [mg/m^3]
# name 7 = ph: pH
# name 8 = orp: Oxidation Reduction Potential [mV]
# name 9 = par/sat/log: PAR/Logarithmic, Satlantic
# name 10 = turbWETntu0: Turbidity, WET Labs ECO [NTU]
# name 11 = prdM: Pressure, Strain Gauge [db]
# name 12 = prdE: Pressure, Strain Gauge [psi]
# name 13 = tv290C: Temperature [ITS-90, deg C]
# name 14 = flag:  0.000e+00
# span 0 =     -0.662,     11.181       
# span 1 =     -3.857,      2.803       
# span 2 =    -0.0203,    11.0309       
# span 3 =     -0.172,    125.185       
# span 4 =      0.422,    100.585       
# span 5 =   0.426145,  64.891412       
# span 6 =    -0.2025,     9.8606       
# span 7 =     -2.492,      7.874       
# span 8 = -1240.7455,   457.6793       
# span 9 = 1.2536e-01, 1.0947e+03       
# span 10 =    -0.3073,    25.9940      
# span 11 =     -0.650,     10.965      
# span 12 =     -0.942,     15.904      
# span 13 =     7.2483,    27.3165      
# span 14 = 0.0000e+00, 0.0000e+00      
# interval = seconds: 0.25
# start_time = May 31 2018 15:54:59 [Instrument's time stamp, header]
# bad_flag = -9.990e-29
*END*
[from data line 97]
     -0.662 4.1665e-21     7.8975     99.611      0.512   0.534957    -0.1990     -2.423 -1240.7455 9.7598e+02    -0.0617     -0.649     -0.941    27.2678 0.0000e+00
     -0.662 3.7877e-22     7.8974     99.614      0.501   0.524476    -0.1986     -2.423 -1240.7455 9.6955e+02    -0.0724     -0.649     -0.941    27.2694 0.0000e+00
     -0.662 3.4434e-23     7.8966     99.607      0.500   0.523323    -0.1842     -2.423 -1240.7455 9.6338e+02    -0.0758     -0.649     -0.941    27.2715 0.0000e+00
     -0.662 3.1304e-24     7.8951     99.592      0.499   0.521027    -0.1808     -2.423 -1240.7455 9.5770e+02    -0.0421     -0.648     -0.941    27.2742 0.0000e+00
     -0.662 2.8458e-25     7.8944     99.583      0.475   0.496712    -0.1858     -2.423 -1240.7455 9.4601e+02     0.0004     -0.649     -0.941    27.2773 0.0000e+00
     -0.662 2.5871e-26     7.8941     99.578      0.462   0.482973    -0.1892     -2.423 -1240.7455 9.0026e+02     0.0407     -0.649     -0.941    27.2801 0.0000e+00
     -0.662 2.3519e-27     7.8943     99.578      0.461   0.481734    -0.1945     -2.423 -1240.7455 8.3722e+02     0.0488     -0.649     -0.942    27.2823 0.0000e+00
     -0.662 2.1381e-28     7.8955     99.586      0.461   0.481725    -0.1945     -2.423 -1240.7455 8.1127e+02    -0.0551     -0.650     -0.942    27.2839 0.0000e+00
     -0.662 1.9437e-29     7.8970     99.589      0.462   0.482868    -0.1891     -2.423 -1240.7455 8.0947e+02    -0.1777     -0.649     -0.942    27.2841 0.0000e+00
     -0.662 1.7670e-30     7.8997     99.597      0.474   0.495549    -0.1841     -2.423 -1240.7455 8.1295e+02    -0.1820     -0.649     -0.941    27.2836 0.0000e+00
     -0.662 1.6064e-31     7.9044     99.624      0.487   0.508231    -0.1802     -2.424 -1240.7455 8.2944e+02    -0.1368     -0.649     -0.942    27.2821 0.0000e+00
     -0.662 1.4604e-32     7.9076     99.633      0.488   0.509383    -0.1783     -2.425 -1240.7455 8.4630e+02    -0.1193     -0.649     -0.942    27.2786 0.0000e+00
     -0.662 1.3276e-33     7.9081     99.612      0.488   0.509488    -0.1799     -2.425 -1240.7455 8.4858e+02    -0.0931     -0.649     -0.941    27.2711 0.0000e+00
     -0.662 1.2069e-34     7.9089     99.600      0.488   0.509498    -0.1818     -2.425 -1240.7455 8.3735e+02    -0.0344     -0.649     -0.941    27.2552 0.0000e+00
     -0.662 1.0972e-35     7.9103     99.597      0.488   0.509499    -0.1822     -2.426 -1240.7455 8.2790e+02     0.0115     -0.649     -0.942    27.2353 0.0000e+00
     -0.662 9.9745e-37     7.9117     99.595      0.488   0.509498    -0.1857     -2.426 -1240.7455 8.3227e+02    -0.0266     -0.649     -0.941    27.2172 0.0000e+00
     -0.662 9.0675e-38     7.9130     99.594      0.488   0.509489    -0.1869     -2.426 -1240.7455 8.5119e+02    -0.0683     -0.649     -0.941    27.2015 0.0000e+00
     -0.662 8.2430e-39     7.9125     99.575      0.488   0.509385    -0.1784     -2.427 -1240.7455 8.7649e+02    -0.0348     -0.649     -0.941    27.1894 0.0000e+00
     -0.662 7.4940e-40     7.9124     99.566      0.487   0.508242    -0.1651     -2.427 -1240.7455 8.9394e+02    -0.0182     -0.649     -0.941    27.1789 0.0000e+00
     -0.662 6.8125e-41     7.9143     99.583      0.475   0.495664    -0.1640     -2.427 -1240.7455 8.9927e+02    -0.0506     -0.649     -0.942    27.1672 0.0000e+00
     -0.662 6.1935e-42     7.9153     99.588      0.464   0.484125    -0.1748     -2.427 -1240.7455 8.9910e+02    -0.0606     -0.649     -0.941    27.1573 0.0000e+00
     -0.662 5.6300e-43     7.9151     99.578      0.476   0.495550    -0.1753     -2.427 -1240.7455 8.9678e+02    -0.0475     -0.649     -0.942    27.1500 0.0000e+00
     -0.662 5.1185e-44     7.9156     99.576      0.487   0.506974    -0.1711     -2.427 -1240.7455 8.9287e+02    -0.0440     -0.649     -0.942    27.1453 0.0000e+00
     -0.662 4.6531e-45     7.9180     99.594      0.475   0.495435    -0.1699     -2.428 -1240.7455 8.8990e+02    -0.0193     -0.650     -0.942    27.1426 0.0000e+00
     -0.662 4.2301e-46     7.9218     99.628      0.463   0.482856    -0.1696     -2.428 -1240.7455 8.8954e+02    -0.0231     -0.649     -0.942    27.1393 0.0000e+00
     -0.662 3.8455e-47     7.9242     99.645      0.462   0.481703    -0.1679     -2.428 -1240.7455 8.8984e+02    -0.1203     -0.649     -0.941    27.1347 0.0000e+00
     -0.662 3.4960e-48     7.9242     99.636      0.462   0.481495    -0.1674     -2.428 -1240.7455 8.8824e+02    -0.2175     -0.649     -0.942    27.1299 0.0000e+00
     -0.662 3.1781e-49     7.9238     99.628      0.461   0.480342    -0.1734     -2.428 -1240.7455 8.8386e+02    -0.2521     -0.649     -0.941    27.1238 0.0000e+00
     -0.662 2.8892e-50     7.9243     99.633      0.448   0.467763    -0.1755     -2.428 -1240.7455 8.7708e+02    -0.2037     -0.648     -0.941    27.1152 0.0000e+00
     -0.662 2.6263e-51     7.9243     99.630      0.437   0.456225    -0.1742     -2.428 -1240.7455 8.6451e+02    -0.0900     -0.649     -0.942    27.1071 0.0000e+00
     -0.662 2.3622e-52     7.9238     99.624      0.449   0.467660    -0.1763     -2.428 -1240.7455 8.4927e+02    -0.0370     -0.649     -0.942    27.1021 0.0000e+00
     -0.662 -6.408e-54     7.9233     99.621      0.460   0.479199    -0.1823     -2.428 -1240.7455 8.3844e+02    -0.0517     -0.649     -0.941    27.1006 0.0000e+00
     -0.662 -3.073e-52     7.9227     99.618      0.450   0.468918    -0.1827     -2.428 -1240.7455 8.1149e+02    -0.0536     -0.649     -0.941    27.0998 0.0000e+00
     -0.662 -3.402e-51     7.9222     99.618      0.451   0.470175    -0.1816     -2.428 -1240.7455 7.6954e+02    -0.0606     -0.649     -0.942    27.0980 0.0000e+00
     -0.662 -3.742e-50     7.9215     99.618      0.474   0.494396    -0.1863     -2.428 -1240.7455 7.4499e+02    -0.0747     -0.649     -0.941    27.0976 0.0000e+00
     -0.662 -4.116e-49     7.9208     99.619      0.488   0.508127    -0.1845     -2.428 -1240.7455 7.2470e+02    -0.0413     -0.649     -0.942    27.0998 0.0000e+00
     -0.662 -4.528e-48     7.9200     99.621      0.489   0.509375    -0.1785     -2.428 -1240.7455 6.9882e+02     0.0081     -0.649     -0.941    27.1030 0.0000e+00
     -0.662 -4.981e-47     7.9200     99.633      0.489   0.509489    -0.1784     -2.427 -1240.7455 6.8831e+02     0.0039     -0.649     -0.941    27.1065 0.0000e+00
     -0.662 -5.479e-46     7.9194     99.636      0.489   0.509499    -0.1830     -2.427 -1240.7455 6.8571e+02    -0.0008     -0.649     -0.941    27.1107 0.0000e+00
     -0.662 -6.027e-45     7.9166     99.611      0.489   0.509500    -0.1883     -2.427 -1240.7455 6.7677e+02     0.0114     -0.649     -0.941    27.1166 0.0000e+00
     -0.662 -6.629e-44     7.9150     99.603      0.488   0.509499    -0.1870     -2.427 -1240.7455 6.7022e+02    -0.0010     -0.649     -0.942    27.1235 0.0000e+00
     -0.662 -7.292e-43     7.9151     99.617      0.488   0.509499    -0.1860     -2.427 -1240.7455 6.7097e+02     0.0030     -0.649     -0.941    27.1304 0.0000e+00
     -0.662 -8.021e-42     7.9145     99.619      0.488   0.509498    -0.1943     -2.426 -1240.7455 6.7206e+02    -0.0018     -0.649     -0.942    27.1369 0.0000e+00
     -0.662 -8.824e-41     7.9140     99.623      0.488   0.509488    -0.1866     -2.426 -1240.7455 6.7346e+02    -0.0284     -0.649     -0.941    27.1424 0.0000e+00
     -0.662 -9.706e-40     7.9143     99.634      0.488   0.509375    -0.1661     -2.426 -1240.7455 6.7579e+02    -0.0438     -0.649     -0.941    27.1490 0.0000e+00
     -0.662 -1.068e-38     7.9143     99.641      0.487   0.508137    -0.1676     -2.426 -1240.7455 6.7410e+02    -0.0663     -0.648     -0.941    27.1565 0.0000e+00
     -0.662 -1.174e-37     7.9138     99.640      0.474   0.494521    -0.1764     -2.426 -1240.7455 6.6089e+02    -0.0562     -0.649     -0.941    27.1623 0.0000e+00
     -0.662 -1.292e-36     7.9125     99.629      0.452   0.471558    -0.1721     -2.426 -1240.7455 6.2932e+02    -0.0133     -0.648     -0.941    27.1670 0.0000e+00
     -0.662 -1.421e-35     7.9117     99.624      0.464   0.484135    -0.1703     -2.426 -1240.7455 6.1183e+02    -0.0051     -0.649     -0.942    27.1716 0.0000e+00
     -0.662 -1.563e-34     7.9115     99.626      0.498   0.519771    -0.1737     -2.426 -1240.7455 6.3438e+02    -0.0180     -0.649     -0.941    27.1759 0.0000e+00
     -0.662 -1.719e-33     7.9110     99.624      0.500   0.521961    -0.1757     -2.425 -1240.7455 6.6183e+02    -0.0167     -0.649     -0.941    27.1790 0.0000e+00
     -0.662 -1.891e-32     7.9107     99.625      0.489   0.510622    -0.1849     -2.425 -1240.7455 6.7640e+02    -0.0205     -0.649     -0.941    27.1812 0.0000e+00
     -0.662 -2.081e-31     7.9107     99.632      0.488   0.509487    -0.1929     -2.425 -1240.7455 6.8847e+02    -0.0335     -0.649     -0.941    27.1839 0.0000e+00
     -0.662 -2.289e-30     7.9100     99.629      0.487   0.508240    -0.1900     -2.425 -1240.7455 6.9199e+02    -0.0201     -0.649     -0.941    27.1863 0.0000e+00
     -0.662 -2.517e-29     7.9080     99.610      0.474   0.495550    -0.1782     -2.425 -1240.7455 6.7960e+02    -0.0113     -0.649     -0.942    27.1886 0.0000e+00
     -0.662 -2.769e-28     7.9053     99.581      0.462   0.482867    -0.1606     -2.425 -1240.7455 6.6135e+02    -0.0197     -0.649     -0.941    27.1917 0.0000e+00
     -0.662 -3.046e-27     7.9043     99.574      0.461   0.481714    -0.1610     -2.425 -1240.7455 6.5530e+02    -0.0294     -0.649     -0.941    27.1953 0.0000e+00
     -0.662 -3.351e-26     7.9058     99.597      0.461   0.481609    -0.1821     -2.425 -1240.7455 6.5119e+02    -0.0683     -0.649     -0.942    27.1987 0.0000e+00
     -0.662 -3.686e-25     7.9073     99.621      0.461   0.481601    -0.1863     -2.425 -1240.7455 6.4482e+02    -0.1232     -0.649     -0.941    27.2021 0.0000e+00
     -0.662 -4.054e-24     7.9088     99.646      0.461   0.481620    -0.1753     -2.425 -1240.7455 6.5324e+02    -0.2047     -0.649     -0.941    27.2051 0.0000e+00
     -0.662 -4.460e-23     7.9106     99.674      0.461   0.481828    -0.1772     -2.425 -1240.7455 6.6144e+02    -0.2903     -0.649     -0.941    27.2080 0.0000e+00
     -0.662 -4.906e-22     7.9115     99.690      0.463   0.484114    -0.1823     -2.424 -1240.7455 6.4934e+02    -0.3046     -0.649     -0.941    27.2106 0.0000e+00
     -0.662 -5.396e-21     7.9108     99.686      0.488   0.509259    -0.1819     -2.424 -1240.7455 6.2923e+02    -0.2861     -0.649     -0.941    27.2133 0.0000e+00
     -0.662 -5.936e-20     7.9097     99.677      0.510   0.532223    -0.1809     -2.424 -1240.7455 6.2040e+02    -0.2791     -0.649     -0.941    27.2163 0.0000e+00
     -0.662 -6.530e-19     7.9098     99.684      0.486   0.508126    -0.1795     -2.424 -1240.7455 6.0661e+02    -0.2511     -0.649     -0.942    27.2194 0.0000e+00
     -0.662 -7.183e-18     7.9088     99.677      0.451   0.471547    -0.1745     -2.424 -1240.7455 5.7651e+02    -0.2229     -0.649     -0.941    27.2224 0.0000e+00
     -0.662 -7.901e-17     7.9064     99.652      0.450   0.470413    -0.1667     -2.424 -1240.7455 5.5182e+02    -0.1825     -0.648     -0.941    27.2250 0.0000e+00
     -0.662 -8.691e-16     7.9054     99.645      0.473   0.494417    -0.1674     -2.424 -1240.7455 5.4539e+02    -0.0979     -0.649     -0.941    27.2278 0.0000e+00
     -0.661 -9.560e-15     7.9048     99.645      0.487   0.508128    -0.1737     -2.424 -1240.7455 5.5552e+02    -0.0241     -0.648     -0.941    27.2310 0.0000e+00
     -0.661 -1.052e-13     7.9049     99.655      0.488   0.509373    -0.1787     -2.424 -1240.7455 5.7363e+02     0.0084     -0.648     -0.940    27.2344 0.0000e+00
     -0.662 -1.157e-12     7.9052     99.669      0.487   0.509476    -0.1821     -2.423 -1240.7455 5.8917e+02     0.0200     -0.649     -0.941    27.2375 0.0000e+00
     -0.662 -1.272e-11     7.9038     99.663      0.487   0.509373    -0.1867     -2.423 -1240.7455 5.9913e+02    -0.0060     -0.649     -0.941    27.2406 0.0000e+00
     -0.662 -1.400e-10     7.9021     99.653      0.486   0.508127    -0.1972     -2.423 -1240.7455 6.0758e+02    -0.0613     -0.649     -0.942    27.2442 0.0000e+00
     -0.662 -1.540e-09     7.9017     99.661      0.473   0.494405    -0.1903     -2.423 -1240.7455 6.1164e+02    -0.0688     -0.649     -0.942    27.2487 0.0000e+00
     -0.662 -1.694e-08     7.9019     99.677      0.450   0.470290    -0.1678     -2.423 -1240.7455 6.1030e+02    -0.0354     -0.649     -0.941    27.2548 0.0000e+00
     -0.662 -1.863e-07     7.9008     99.677      0.450   0.470186    -0.1639     -2.422 -1240.7455 6.0404e+02    -0.0242     -0.649     -0.942    27.2612 0.0000e+00
     -0.662 -1.863e-07     7.8995     99.673      0.471   0.493148    -0.1708     -2.422 -1240.7455 5.8521e+02    -0.0243     -0.649     -0.942    27.2677 0.0000e+00
     -0.662 -1.693e-08     7.8982     99.666      0.473   0.494280    -0.1773     -2.422 -1240.7455 5.4060e+02    -0.0073     -0.649     -0.942    27.2751 0.0000e+00
     -0.662 -1.539e-09     7.8974     99.666      0.463   0.483885    -0.1874     -2.422 -1240.7455 4.5474e+02    -0.0009     -0.649     -0.942    27.2831 0.0000e+00
     -0.662 -1.400e-10     7.8983     99.683      0.473   0.494279    -0.1917     -2.422 -1240.7455 3.5011e+02    -0.0086     -0.650     -0.942    27.2911 0.0000e+00
     -0.662 -1.272e-11     7.8984     99.678      0.472   0.493137    -0.1838     -2.422 -1240.7455 2.8101e+02    -0.0087     -0.649     -0.942    27.2981 0.0000e+00
     -0.662 -1.157e-12     7.9006     99.668      0.450   0.470070    -0.1745     -2.423 -1240.7455 2.5656e+02    -0.0326     -0.649     -0.941    27.3036 0.0000e+00
     -0.662 -1.052e-13     7.9075     99.678      0.449   0.469021    -0.1807     -2.424 -1240.7455 2.4703e+02    -0.0538     -0.648     -0.941    27.3089 0.0000e+00
     -0.662 -9.560e-15     7.9150     99.678      0.460   0.480447    -0.1852     -2.425 -1240.7455 2.3513e+02    -0.0506     -0.649     -0.941    27.3138 0.0000e+00
     -0.662 -8.690e-16     7.9211     99.658      0.461   0.481401    -0.1727     -2.427 -1240.7455 2.2054e+02    -0.0546     -0.649     -0.941    27.3165 0.0000e+00
     -0.662 -7.900e-17     7.9277     99.648      0.461   0.480561    -0.1591     -2.429 -1240.7455 2.1154e+02    -0.0421     -0.649     -0.942    27.2976 0.0000e+00
     -0.662 -7.180e-18     7.9342     99.641      0.451   0.470279    -0.1495     -2.430 -1240.7455 2.0803e+02    -0.0217     -0.649     -0.941    27.2471 0.0000e+00
     -0.662 -6.530e-19     7.9395     99.617      0.465   0.483906    -0.1575     -2.432 -1240.7455 2.0716e+02     0.0399     -0.649     -0.941    27.1899 0.0000e+00
     -0.662 -5.935e-20     7.9460     99.607      0.499   0.518502    -0.1729     -2.434 -1240.7455 2.1694e+02     0.1538     -0.648     -0.940    27.1365 0.0000e+00
     -0.662 -5.395e-21     7.9541     99.619      0.490   0.508117    -0.1796     -2.435 -1240.7455 2.3367e+02     0.1948     -0.649     -0.941    27.0840 0.0000e+00
     -0.662 -4.905e-22     7.9619     99.631      0.468   0.485154    -0.1934     -2.437 -1240.7455 2.5076e+02     0.1700     -0.649     -0.941    27.0343 0.0000e+00
     -0.662 -4.459e-23     7.9701     99.651      0.478   0.494500    -0.2015     -2.438 -1240.7455 2.6586e+02     0.1588     -0.649     -0.941    26.9856 0.0000e+00
     -0.662 -4.054e-24     7.9791     99.685      0.478   0.494301    -0.1856     -2.439 -1240.7455 2.7747e+02     0.1206     -0.648     -0.940    26.9340 0.0000e+00
     -0.662 -3.686e-25     7.9861     99.697      0.467   0.482753    -0.1661     -2.441 -1240.7455 3.0394e+02     0.0440     -0.649     -0.941    26.8817 0.0000e+00
     -0.662 -3.351e-26     7.9926     99.709      0.466   0.481695    -0.1683     -2.442 -1240.7455 3.4910e+02    -0.0042     -0.649     -0.941    26.8343 0.0000e+00
