Data/DataNotYetUploadedToEDI/Raw_CTD/RawDownloads/053118_bvr50.cnv
* Sea-Bird SBE19plus  Data File:
* FileName = C:\DATA\060418_fcr50_0001.hex
* Software version 2.6.3.104 SB_Terminal.dll
* Temperature SN = 7809
* Conductivity SN = 7809
* System UpLoad Time = Jun 04 2018 16:27:19
* <ApplicationData>
* <Seaterm232>
# nquan = 15
# nvalues = 1137                        
# units = specified
# name 0 = depFM: Depth [fresh water, m]
# name 1 = dz/dtM: Descent Rate [m/s]
# name 2 = sbeox0Mg/L: Oxygen, SBE 43 [mg/l]
# name 3 = sbeox0PS: Oxygen, SBE 43 [% saturation]
# name 4 = specc: Specific Conductance [uS/cm]
# name 5 = c0uS/cm: Conductivity [uS/cm]
# name 6 = flECO-AFL: Fluorescence, WET Labs ECO-AFL/FL [mg/m^3]
# name 7 = ph: pH
# name 8 = orp: Oxidation Reduction Potential [mV]
# name 9 = par/sat/log: PAR/Logarithmic, Satlantic
# name 10 = turbWETntu0: Turbidity, WET Labs ECO [NTU]
# name 11 = prdM: Pressure, Strain Gauge [db]
# name 12 = prdE: Pressure, Strain Gauge [psi]
# name 13 = tv290C: Temperature [ITS-90, deg C]
# name 14 = flag:  0.000e+00
# span 0 =     -0.662,     11.181       
# span 1 =     -3.857,      2.803       
# span 2 =    -0.0203,    11.0309       
# span 3 =     -0.172,    125.185       
# span 4 =      0.422,    100.585       
# span 5 =   0.426145,  64.891412       
# span 6 =    -0.2025,     9.8606       
# span 7 =     -2.492,      7.874       
# span 8 = -1240.7455,   457.6793       
# span 9 = 1.2536e-01, 1.0947e+03       
# span 10 =    -0.3073,    25.9940      
# span 11 =     -0.650,     10.965      
# span 12 =     -0.942,     15.904      
# span 13 =     7.2483,    27.3165      
# span 14 = 0.0000e+00, 0.0000e+00      
# interval = seconds: 0.25
# start_time = May 31 2018 15:54:59 [Instrument's time stamp, header]
# bad_flag = -9.990e-29
*END*
[from data line 675]
      2.166      0.043     8.9169     97.136     27.375  24.372595     7.0007      7.347   271.4783 3.5356e+01     1.6983      2.123      3.078    19.7467 0.0000e+00
      2.183      0.051     8.7491     94.960     27.467  24.354437     6.9516      7.335   271.5003 3.4772e+01     1.6957      2.140      3.104    19.8168 0.0000e+00
      2.200      0.058     8.6295     93.335     27.586  24.364258     6.7141      7.323   271.9519 3.4229e+01     1.6612      2.159      3.131    19.7906 0.0000e+00
      2.214      0.064     8.5561     92.285     27.671  24.364243     6.2803      7.311   272.4653 3.3735e+01     1.6472      2.172      3.151    19.6864 0.0000e+00
      2.227      0.067     8.5227     91.725     27.728  24.354150     6.0441      7.299   272.8042 3.3118e+01     1.6789      2.182      3.164    19.5235 0.0000e+00
      2.244      0.069     8.5118     91.467     27.793  24.369123     6.0356      7.286   272.9520 3.2265e+01     1.7084      2.199      3.188    19.3258 0.0000e+00
      2.265      0.071     8.4997     91.285     27.794  24.354768     6.1044      7.274   272.8755 3.1326e+01     1.6997      2.221      3.222    19.1388 0.0000e+00
      2.286      0.074     8.4787     91.035     27.748  24.307540     6.7019      7.262   272.7400 3.0537e+01     1.7868      2.244      3.254    19.0124 0.0000e+00
      2.305      0.075     8.4487     90.629     27.776  24.305980     7.7827      7.251   272.8619 2.9911e+01     1.9978      2.262      3.280    18.9070 0.0000e+00
      2.323      0.074     8.4048     90.024     27.856  24.335879     8.3735      7.241   272.9732 2.9281e+01     2.1456      2.277      3.303    18.8111 0.0000e+00
      2.341      0.072     8.3489     89.287     27.923  24.351547     8.4145      7.232   272.9668 2.8632e+01     2.1405      2.297      3.332    18.8023 0.0000e+00
      2.360      0.070     8.2894     88.526     27.986  24.368389     8.2869      7.224   273.1282 2.7977e+01     1.9961      2.315      3.357    18.8159 0.0000e+00
      2.378      0.070     8.2372     87.851     28.080  24.412489     8.0537      7.217   273.2901 2.7341e+01     1.8041      2.332      3.383    18.7581 0.0000e+00
      2.396      0.073     8.2058     87.376     28.163  24.440305     7.9285      7.208   273.3752 2.6836e+01     1.7108      2.351      3.410    18.6762 0.0000e+00
      2.413      0.080     8.2001     87.147     28.163  24.387205     7.9222      7.195   273.4693 2.6386e+01     1.7225      2.365      3.432    18.5975 0.0000e+00
      2.429      0.089     8.2181     87.163     28.101  24.278296     7.9225      7.180   273.5675 2.5876e+01     1.7321      2.381      3.455    18.5273 0.0000e+00
      2.449      0.096     8.2496     87.310     28.081  24.202710     7.9127      7.166   273.6166 2.5206e+01     1.7045      2.399      3.479    18.4723 0.0000e+00
      2.477      0.100     8.2713     87.350     28.115  24.171588     7.9054      7.158   273.7183 2.4303e+01     1.6944      2.425      3.516    18.3941 0.0000e+00
      2.515      0.101     8.2692     87.159     28.158  24.155868     7.8621      7.153   274.0233 2.3473e+01     1.7012      2.469      3.581    18.2906 0.0000e+00
      2.548      0.099     8.2478     86.781     28.195  24.139554     7.3063      7.149   274.2926 2.2989e+01     1.6345      2.504      3.632    18.1970 0.0000e+00
      2.569      0.094     8.2198     86.322     28.210  24.101246     6.2758      7.144   274.4792 2.2668e+01     1.4971      2.519      3.654    18.0932 0.0000e+00
      2.585      0.085     8.1982     85.901     28.250  24.073549     5.7051      7.139   274.6442 2.2313e+01     1.4438      2.534      3.675    17.9763 0.0000e+00
      2.603      0.078     8.1917     85.620     28.312  24.058541     5.6446      7.134   274.7397 2.1926e+01     1.4789      2.553      3.702    17.8845 0.0000e+00
      2.623      0.076     8.2024     85.528     28.376  24.046672     5.6639      7.130   274.8599 2.1580e+01     1.4331      2.573      3.731    17.8085 0.0000e+00
      2.642      0.080     8.2252     85.613     28.446  24.056937     5.7172      7.125   275.1511 2.1316e+01     1.3172      2.593      3.760    17.7188 0.0000e+00
      2.661      0.087     8.2549     85.856     28.469  24.055617     5.7566      7.117   275.6793 2.1061e+01     1.2674      2.608      3.783    17.6073 0.0000e+00
      2.681      0.094     8.2947     86.249     28.447  24.030680     5.7724      7.108   276.0835 2.0730e+01     1.2583      2.627      3.810    17.4814 0.0000e+00
      2.705      0.099     8.3502     86.746     28.452  24.009380     5.7708      7.101   276.2533 2.0271e+01     1.2385      2.652      3.845    17.3593 0.0000e+00
      2.735      0.100     8.4154     87.262     28.487  23.988505     5.7651      7.097   276.4414 1.9671e+01     1.1813      2.680      3.886    17.2599 0.0000e+00
      2.769      0.099     8.4750     87.702     28.530  23.968670     5.7669      7.095   276.6373 1.9151e+01     1.0856      2.718      3.942    17.2299 0.0000e+00
      2.797      0.095     8.5207     88.045     28.567  23.959954     5.7739      7.095   276.8139 1.8859e+01     1.0275      2.748      3.985    17.2523 0.0000e+00
      2.817      0.090     8.5561     88.346     28.575  23.946553     5.7768      7.094   276.8564 1.8602e+01     1.0270      2.760      4.004    17.2096 0.0000e+00
      2.835      0.087     8.5881     88.633     28.576  23.933593     5.6549      7.093   276.8075 1.8354e+01     1.0498      2.781      4.033    17.1012 0.0000e+00
      2.853      0.087     8.6190     88.879     28.599  23.930204     5.4117      7.091   276.9108 1.8170e+01     1.0587      2.800      4.060    16.9938 0.0000e+00
      2.872      0.090     8.6438     89.035     28.605  23.905546     5.2719      7.090   277.0718 1.7918e+01     1.0739      2.813      4.080    16.9137 0.0000e+00
      2.897      0.095     8.6614     89.103     28.551  23.825886     5.2513      7.086   277.2062 1.7554e+01     1.0805      2.838      4.117    16.8946 0.0000e+00
      2.927      0.097     8.6775     89.128     28.486  23.728834     5.2367      7.081   277.4168 1.7221e+01     0.9861      2.872      4.166    16.8824 0.0000e+00
      2.954      0.097     8.6958     89.129     28.501  23.684339     5.2145      7.077   277.6396 1.6966e+01     0.8485      2.899      4.204    16.8384 0.0000e+00
      2.979      0.095     8.7122     89.099     28.555  23.668742     5.2037      7.076   277.8349 1.6665e+01     0.7893      2.920      4.234    16.7824 0.0000e+00
      3.005      0.090     8.7216     89.023     28.616  23.667139     5.2067      7.075   278.0583 1.6361e+01     0.7893      2.949      4.278    16.7249 0.0000e+00
      3.027      0.085     8.7254     88.914     28.668  23.664899     5.1956      7.073   278.2749 1.6156e+01     0.7875      2.972      4.309    16.6581 0.0000e+00
      3.044      0.081     8.7299     88.824     28.691  23.641596     5.1702      7.071   278.3884 1.5941e+01     0.7679      2.983      4.326    16.5478 0.0000e+00
      3.063      0.079     8.7339     88.734     28.736  23.639284     5.1573      7.069   278.4842 1.5684e+01     0.7649      3.002      4.354    16.4321 0.0000e+00
      3.084      0.078     8.7294     88.567     28.778  23.636884     5.1501      7.068   278.6596 1.5438e+01     0.7826      3.024      4.386    16.3443 0.0000e+00
      3.104      0.080     8.7176     88.343     28.788  23.612534     5.1293      7.064   278.8740 1.5207e+01     0.7983      3.045      4.417    16.2671 0.0000e+00
      3.124      0.084     8.7058     88.129     28.806  23.598781     5.0979      7.059   279.1838 1.4988e+01     0.8022      3.065      4.445    16.1968 0.0000e+00
      3.144      0.089     8.6998     87.979     28.839  23.597533     5.0746      7.053   279.4803 1.4776e+01     0.7995      3.081      4.469    16.1263 0.0000e+00
      3.165      0.093     8.7013     87.906     28.872  23.597412     5.0678      7.050   279.6195 1.4556e+01     0.8261      3.103      4.500    16.0588 0.0000e+00
      3.190      0.095     8.7055     87.859     28.906  23.597291     5.0804      7.050   279.7487 1.4278e+01     0.8799      3.127      4.535    16.0057 0.0000e+00
      3.219      0.093     8.7109     87.820     28.939  23.596035     5.1713      7.050   279.9230 1.3983e+01     0.9001      3.157      4.579    15.9580 0.0000e+00
      3.249      0.089     8.7179     87.802     28.955  23.582186     5.3211      7.051   280.0060 1.3765e+01     0.8574      3.190      4.626    15.9080 0.0000e+00
      3.273      0.084     8.7244     87.797     28.951  23.556786     5.3944      7.052   279.9788 1.3628e+01     0.8209      3.213      4.660    15.8626 0.0000e+00
      3.289      0.078     8.7274     87.774     28.954  23.542832     5.4052      7.053   279.9379 1.3522e+01     0.8260      3.226      4.678    15.8154 0.0000e+00
      3.303      0.073     8.7250     87.717     28.964  23.540419     5.5160      7.053   279.9420 1.3393e+01     0.8270      3.237      4.694    15.7631 0.0000e+00
      3.319      0.072     8.7217     87.662     28.956  23.527598     5.7144      7.054   279.9420 1.3261e+01     0.8029      3.254      4.720    15.7146 0.0000e+00
      3.338      0.075     8.7196     87.614     28.951  23.514786     5.8183      7.054   280.0249 1.3134e+01     0.7774      3.273      4.747    15.6763 0.0000e+00
      3.358      0.080     8.7172     87.541     28.967  23.512468     5.8262      7.052   280.1695 1.2991e+01     0.7643      3.292      4.775    15.6474 0.0000e+00
      3.379      0.085     8.7180     87.466     28.983  23.499555     5.8459      7.050   280.2274 1.2837e+01     0.7970      3.314      4.806    15.6312 0.0000e+00
      3.401      0.088     8.7239     87.422     29.005  23.485593     5.8822      7.049   280.3811 1.2672e+01     0.8670      3.333      4.836    15.6243 0.0000e+00
      3.427      0.090     8.7312     87.399     29.023  23.470591     5.8974      7.049   280.6506 1.2503e+01     0.8775      3.359      4.872    15.6114 0.0000e+00
      3.452      0.091     8.7336     87.331     29.026  23.445094     5.9103      7.048   280.8194 1.2349e+01     0.8634      3.388      4.914    15.5894 0.0000e+00
      3.474      0.091     8.7263     87.156     29.049  23.431227     6.0741      7.045   280.9591 1.2222e+01     0.8189      3.407      4.942    15.5420 0.0000e+00
      3.494      0.090     8.7091     86.878     29.089  23.429856     6.3623      7.042   281.1351 1.2093e+01     0.7055      3.425      4.967    15.4769 0.0000e+00
      3.518      0.087     8.6844     86.532     29.126  23.428471     6.5094      7.041   281.2262 1.1959e+01     0.6221      3.451      5.004    15.4292 0.0000e+00
      3.541      0.085     8.6548     86.147     29.143  23.414443     6.5287      7.039   281.2868 1.1847e+01     0.6034      3.474      5.039    15.3858 0.0000e+00
      3.563      0.084     8.6199     85.726     29.138  23.387178     6.6509      7.037   281.4375 1.1740e+01     0.6925      3.494      5.068    15.3276 0.0000e+00
      3.584      0.083     8.5806     85.272     29.120  23.352724     6.8658      7.034   281.5855 1.1618e+01     0.8147      3.515      5.098    15.2682 0.0000e+00
      3.604      0.082     8.5431     84.832     29.100  23.315265     6.9665      7.031   281.6986 1.1496e+01     0.8303      3.534      5.126    15.2148 0.0000e+00
      3.624      0.080     8.5109     84.442     29.128  23.315152     6.9595      7.029   281.9457 1.1380e+01     0.8197      3.552      5.152    15.1644 0.0000e+00
      3.645      0.080     8.4810     84.082     29.199  23.351331     6.9647      7.027   282.2505 1.1252e+01     0.8387      3.573      5.182    15.1250 0.0000e+00
      3.666      0.080     8.4510     83.729     29.247  23.371766     7.0204      7.022   282.4580 1.1138e+01     0.8472      3.598      5.217    15.0951 0.0000e+00
      3.686      0.079     8.4214     83.384     29.268  23.371752     7.1085      7.018   282.6481 1.1043e+01     0.8617      3.615      5.243    15.0582 0.0000e+00
      3.705      0.077     8.3917     83.043     29.261  23.351149     7.1476      7.015   282.8277 1.0929e+01     0.8608      3.631      5.266    15.0167 0.0000e+00
      3.727      0.074     8.3617     82.708     29.229  23.313089     7.1354      7.014   282.9093 1.0828e+01     0.8061      3.654      5.300    14.9812 0.0000e+00
      3.748      0.070     8.3322     82.385     29.216  23.292470     7.0259      7.013   282.9468 1.0754e+01     0.7497      3.677      5.332    14.9514 0.0000e+00
      3.764      0.068     8.3001     82.048     29.223  23.292294     6.8337      7.010   283.0226 1.0686e+01     0.6979      3.692      5.355    14.9226 0.0000e+00
      3.778      0.065     8.2645     81.690     29.249  23.310947     6.7324      7.008   283.0510 1.0632e+01     0.6365      3.705      5.373    14.8971 0.0000e+00
      3.793      0.062     8.2286     81.335     29.270  23.327547     6.7105      7.008   283.1178 1.0557e+01     0.6183      3.719      5.392    14.8760 0.0000e+00
      3.810      0.063     8.1952     80.987     29.246  23.302552     6.6426      7.007   283.4007 1.0456e+01     0.6307      3.736      5.419    14.8567 0.0000e+00
      3.826      0.068     8.1682     80.666     29.219  23.262659     6.5374      7.002   283.7174 1.0371e+01     0.6339      3.753      5.443    14.8453 0.0000e+00
      3.841      0.076     8.1482     80.372     29.213  23.226098     6.4864      6.997   283.8499 1.0297e+01     0.6267      3.766      5.460    14.8420 0.0000e+00
      3.857      0.082     8.1363     80.113     29.213  23.177879     6.4752      6.994   283.8848 1.0217e+01     0.6038      3.780      5.483    14.8488 0.0000e+00
      3.879      0.087     8.1330     79.904     29.220  23.123976     6.3742      6.991   283.9673 1.0091e+01     0.6013      3.801      5.513    14.8433 0.0000e+00
      3.907      0.090     8.1281     79.688     29.238  23.082166     6.1944      6.987   284.0719 9.9229e+00     0.6278      3.833      5.559    14.8084 0.0000e+00
      3.936      0.091     8.1116     79.385     29.262  23.053205     6.0929      6.985   284.2038 9.7865e+00     0.6189      3.863      5.603    14.7596 0.0000e+00
      3.960      0.088     8.0804     78.951     29.285  23.027692     6.0754      6.982   284.5297 9.6952e+00     0.5851      3.884      5.633    14.6759 0.0000e+00
      3.980      0.083     8.0351     78.383     29.340  23.027572     6.0647      6.977   284.9152 9.6227e+00     0.5853      3.904      5.663    14.5613 0.0000e+00
      3.999      0.077     7.9791     77.719     29.423  23.051699     5.9552      6.972   285.0785 9.5462e+00     0.5912      3.922      5.689    14.4612 0.0000e+00
      4.017      0.072     7.9125     76.962     29.488  23.065428     5.7340      6.968   285.1282 9.4469e+00     0.5954      3.939      5.713    14.3851 0.0000e+00
      4.035      0.070     7.8381     76.143     29.533  23.066555     5.5967      6.965   285.1717 9.3445e+00     0.6058      3.957      5.739    14.3124 0.0000e+00
      4.053      0.070     7.7627     75.328     29.569  23.065286     5.5636      6.963   285.2602 9.2711e+00     0.5946      3.974      5.764    14.2378 0.0000e+00
      4.070      0.073     7.6838     74.475     29.589  23.050050     5.4346      6.959   285.5103 9.2008e+00     0.6421      3.992      5.790    14.1682 0.0000e+00
      4.086      0.079     7.5945     73.514     29.583  23.009274     5.1956      6.951   285.8727 9.1041e+00     0.7531      4.006      5.811    14.1028 0.0000e+00
      4.105      0.086     7.4884     72.377     29.564  22.953130     5.0533      6.941   286.2003 8.9840e+00     0.8385      4.024      5.837    14.0452 0.0000e+00
      4.127      0.091     7.3612     71.020     29.530  22.879045     5.0282      6.934   286.4600 8.8374e+00     0.8813      4.045      5.868    14.0000 0.0000e+00
      4.154      0.094     7.2160     69.490     29.508  22.811780     5.0760      6.929   286.6035 8.6728e+00     0.8734      4.071      5.905    13.9490 0.0000e+00
