Data/DataNotYetUploadedToEDI/Raw_CTD/RawDownloads/053118_fcr50.cnv
* Sea-Bird SBE19plus  Data File:
* FileName = C:\DATA\060418_fcr50_0002.hex
* Software version 2.6.3.104 SB_Terminal.dll
* Temperature SN = 7809
* Conductivity SN = 7809
* System UpLoad Time = Jun 04 2018 16:27:39
* <ApplicationData>
* <Seaterm232>
# nquan = 15
# nvalues = 584                         
# units = specified
# name 0 = depFM: Depth [fresh water, m]
# name 1 = dz/dtM: Descent Rate [m/s]
# name 2 = sbeox0Mg/L: Oxygen, SBE 43 [mg/l]
# name 3 = sbeox0PS: Oxygen, SBE 43 [% saturation]
# name 4 = specc: Specific Conductance [uS/cm]
# name 5 = c0uS/cm: Conductivity [uS/cm]
# name 6 = flECO-AFL: Fluorescence, WET Labs ECO-AFL/FL [mg/m^3]
# name 7 = ph: pH
# name 8 = orp: Oxidation Reduction Potential [mV]
# name 9 = par/sat/log: PAR/Logarithmic, Satlantic
# name 10 = turbWETntu0: Turbidity, WET Labs ECO [NTU]
# name 11 = prdM: Pressure, Strain Gauge [db]
# name 12 = prdE: Pressure, Strain Gauge [psi]
# name 13 = tv290C: Temperature [ITS-90, deg C]
# name 14 = flag:  0.000e+00
# span 0 =     -0.593,      9.751       
# span 1 =     -0.078,      0.233       
# span 2 =     4.2458,    10.7452       
# span 3 =     38.425,    121.101       
# span 4 =      0.443,     55.330       
# span 5 =   0.443440,  38.762448       
# span 6 =    -0.1799,     3.8933       
# span 7 =      6.003,      7.539       
# span 8 = -1240.7455,   282.8323       
# span 9 = 1.2681e-01, 3.9680e+02       
# span 10 =    -0.3068,    34.7170      
# span 11 =     -0.582,      9.563      
# span 12 =     -0.844,     13.870      
# span 13 =     9.9873,    25.1085      
# span 14 = 0.0000e+00, 0.0000e+00      
# interval = seconds: 0.25
# start_time = May 31 2018 17:04:23 [Instrument's time stamp, header]
# bad_flag = -9.990e-29
*END*
[from data line 482]
      6.939      0.161     7.8672     69.752     40.956  28.695224     1.6953      6.314   277.5556 1.2312e+00     2.3795      6.805      9.869    10.0328 0.0000e+00
      6.980      0.172     7.8697     69.774     40.921  28.670458     1.7513      6.311   277.9021 1.1796e+00     2.3988      6.844      9.926    10.0311 0.0000e+00
      7.026      0.174     7.8753     69.824     40.910  28.662917     1.7832      6.311   277.1665 1.1316e+00     2.3678      6.886      9.986    10.0302 0.0000e+00
      7.081      0.169     7.8799     69.865     40.916  28.667545     1.7680      6.312   275.7165 1.0851e+00     2.3418      6.944     10.071    10.0297 0.0000e+00
      7.136      0.159     7.8808     69.873     40.909  28.662907     1.7054      6.313   275.1700 1.0346e+00     2.3282      7.004     10.158    10.0293 0.0000e+00
      7.177      0.148     7.8795     69.863     40.919  28.670340     1.6787      6.314   275.2904 1.0108e+00     2.4171      7.045     10.218    10.0290 0.0000e+00
      7.202      0.136     7.8784     69.854     40.953  28.693912     1.7123      6.316   275.6228 1.0157e+00     2.4096      7.063     10.244    10.0288 0.0000e+00
      7.223      0.123     7.8770     69.841     40.953  28.693912     1.7165      6.317   276.2642 1.0030e+00     2.2370      7.078     10.266    10.0291 0.0000e+00
      7.253      0.111     7.8722     69.797     40.921  28.670339     1.7290      6.318   276.6789 9.6302e-01     2.2221      7.112     10.317    10.0300 0.0000e+00
      7.288      0.100     7.8649     69.730     40.911  28.662895     1.8094      6.321   276.0760 9.2861e-01     2.3827      7.148     10.369    10.0307 0.0000e+00
      7.320      0.087     7.8599     69.685     40.918  28.667419     1.8609      6.324   274.6532 8.9926e-01     2.4693      7.179     10.414    10.0310 0.0000e+00
      7.346      0.072     7.8593     69.680     40.909  28.661534     1.8367      6.326   273.8448 8.7142e-01     2.3844      7.209     10.456    10.0305 0.0000e+00
      7.360      0.057     7.8595     69.681     40.901  28.655230     1.7374      6.329   274.1315 8.6523e-01     2.1802      7.221     10.474    10.0290 0.0000e+00
      7.363      0.047     7.8593     69.677     40.901  28.654709     1.6345      6.330   274.8495 8.6543e-01     2.0752      7.221     10.474    10.0277 0.0000e+00
      7.364      0.048     7.8616     69.697     40.902  28.655230     1.6313      6.329   275.5574 8.5908e-01     2.1535      7.220     10.472    10.0280 0.0000e+00
      7.369      0.062     7.8670     69.744     40.912  28.661534     1.6618      6.325   276.0655 8.5611e-01     2.2419      7.224     10.477    10.0285 0.0000e+00
      7.384      0.089     7.8737     69.802     40.921  28.667421     1.6538      6.318   276.0021 8.4695e-01     2.2585      7.239     10.498    10.0278 0.0000e+00
      7.408      0.124     7.8792     69.850     40.916  28.662907     1.6354      6.311   275.5657 8.2223e-01     2.2624      7.262     10.533    10.0266 0.0000e+00
      7.443      0.155     7.8829     69.883     40.927  28.670456     1.6510      6.306   275.4349 7.8498e-01     2.3495      7.293     10.578    10.0258 0.0000e+00
      7.493      0.177     7.8848     69.900     40.963  28.695184     1.6959      6.305   275.6258 7.4139e-01     2.4573      7.342     10.649    10.0253 0.0000e+00
      7.555      0.188     7.8843     69.895     40.981  28.707885     1.7364      6.304   275.7224 7.0376e-01     2.4069      7.410     10.748    10.0248 0.0000e+00
      7.616      0.189     7.8808     69.863     40.966  28.697012     1.7739      6.303   275.6572 6.8111e-01     2.3199      7.476     10.842    10.0242 0.0000e+00
      7.664      0.184     7.8753     69.812     40.958  28.690723     1.7901      6.303   275.6973 6.6455e-01     2.3814      7.520     10.906    10.0237 0.0000e+00
      7.702      0.175     7.8697     69.761     40.965  28.695353     1.7851      6.303   275.6912 6.3566e-01     2.4489      7.552     10.954    10.0236 0.0000e+00
      7.739      0.167     7.8639     69.708     40.958  28.689485     1.7784      6.303   275.3249 6.0549e-01     2.3727      7.589     11.007    10.0239 0.0000e+00
      7.779      0.161     7.8591     69.664     40.950  28.683278     1.7174      6.304   274.8822 5.9031e-01     2.2238      7.627     11.063    10.0233 0.0000e+00
      7.821      0.155     7.8567     69.643     40.952  28.683808     1.6366      6.306   274.8131 5.7833e-01     2.2350      7.667     11.120    10.0222 0.0000e+00
      7.866      0.145     7.8559     69.635     40.969  28.695884     1.6283      6.308   275.0910 5.6270e-01     2.3861      7.714     11.188    10.0215 0.0000e+00
      7.909      0.132     7.8540     69.617     40.978  28.702282     1.6547      6.310   275.3172 5.4138e-01     2.4634      7.761     11.257    10.0205 0.0000e+00
      7.943      0.117     7.8510     69.590     40.973  28.697662     1.6426      6.312   275.3110 5.2762e-01     2.4064      7.795     11.306    10.0195 0.0000e+00
      7.965      0.100     7.8485     69.567     40.982  28.703530     1.5926      6.314   275.1022 5.2618e-01     2.2775      7.813     11.332    10.0190 0.0000e+00
      7.981      0.083     7.8453     69.539     40.990  28.709723     1.5740      6.316   274.7713 5.1483e-01     2.2783      7.825     11.348    10.0189 0.0000e+00
      8.000      0.070     7.8414     69.507     40.987  28.709041     1.6109      6.318   274.4934 4.9352e-01     2.4163      7.845     11.378    10.0187 0.0000e+00
      8.020      0.064     7.8408     69.505     40.966  28.695290     1.6242      6.318   274.4951 4.8273e-01     2.4199      7.868     11.411    10.0179 0.0000e+00
      8.035      0.066     7.8433     69.531     40.927  28.670456     1.5972      6.318   274.7925 4.8787e-01     2.3221      7.881     11.430    10.0176 0.0000e+00
      8.045      0.071     7.8458     69.557     40.914  28.662795     1.5885      6.317   275.5940 4.8240e-01     2.2706      7.888     11.441    10.0179 0.0000e+00
      8.058      0.080     7.8497     69.593     40.918  28.666164     1.6104      6.315   276.6142 4.6974e-01     2.2554      7.899     11.456    10.0186 0.0000e+00
      8.078      0.091     7.8552     69.641     40.892  28.647691     1.6598      6.314   276.8028 4.6792e-01     2.2919      7.920     11.487    10.0206 0.0000e+00
      8.106      0.102     7.8596     69.678     40.868  28.629947     1.6986      6.312   276.4982 4.6499e-01     2.2536      7.947     11.527    10.0238 0.0000e+00
      8.138      0.113     7.8622     69.698     40.887  28.642126     1.7023      6.311   276.2865 4.5504e-01     2.2500      7.979     11.572    10.0265 0.0000e+00
      8.173      0.123     7.8637     69.708     40.926  28.667943     1.7233      6.307   276.1360 4.2882e-01     2.3700      8.016     11.627    10.0267 0.0000e+00
      8.204      0.131     7.8664     69.730     40.957  28.688083     1.7781      6.303   276.8304 4.0630e-01     2.3924      8.047     11.672    10.0260 0.0000e+00
      8.232      0.137     7.8714     69.771     40.969  28.695123     1.8132      6.301   278.0570 4.1222e-01     2.2465      8.071     11.705    10.0251 0.0000e+00
      8.266      0.139     7.8767     69.816     40.962  28.689559     1.7992      6.301   278.3191 4.1018e-01     2.0405      8.102     11.751    10.0235 0.0000e+00
      8.308      0.135     7.8792     69.837     40.956  28.684312     1.7925      6.303   277.8486 3.7998e-01     2.0073      8.147     11.816    10.0213 0.0000e+00
      8.350      0.126     7.8782     69.827     40.972  28.695186     1.8052      6.305   277.1859 3.5177e-01     2.0889      8.191     11.881    10.0196 0.0000e+00
      8.386      0.111     7.8767     69.813     40.972  28.694022     1.7685      6.307   276.2432 3.4537e-01     2.0809      8.226     11.932    10.0183 0.0000e+00
      8.414      0.093     7.8743     69.789     40.938  28.670239     1.7077      6.308   275.6568 3.5404e-01     2.0939      8.255     11.973    10.0170 0.0000e+00
      8.432      0.078     7.8687     69.737     40.927  28.661642     1.6863      6.310   276.6353 3.5936e-01     2.1549      8.273     11.999    10.0161 0.0000e+00
      8.440      0.069     7.8608     69.667     40.917  28.653580     1.7210      6.312   278.6097 3.5151e-01     2.2381      8.278     12.006    10.0155 0.0000e+00
      8.447      0.069     7.8522     69.588     40.894  28.636263     1.7771      6.312   279.4812 3.4268e-01     2.3063      8.281     12.010    10.0147 0.0000e+00
      8.461      0.076     7.8438     69.513     40.904  28.642764     1.7763      6.311   279.1705 3.3546e-01     2.2478      8.293     12.029    10.0138 0.0000e+00
      8.484      0.091     7.8372     69.453     40.942  28.668684     1.7301      6.308   278.4667 3.2098e-01     2.2021      8.317     12.064    10.0129 0.0000e+00
      8.513      0.108     7.8340     69.424     40.981  28.695636     1.7150      6.304   277.8550 3.1418e-01     2.3022      8.348     12.108    10.0120 0.0000e+00
      8.543      0.119     7.8349     69.431     41.009  28.714630     1.7314      6.303   278.3131 3.0995e-01     2.4211      8.377     12.150    10.0105 0.0000e+00
      8.577      0.121     7.8388     69.466     40.999  28.707826     1.7263      6.304   279.7906 2.9754e-01     2.3884      8.409     12.195    10.0091 0.0000e+00
      8.617      0.117     7.8447     69.518     40.955  28.676872     1.6908      6.305   280.6619 2.9779e-01     2.2420      8.452     12.258    10.0088 0.0000e+00
      8.653      0.112     7.8485     69.552     40.928  28.657883     1.6595      6.305   280.6745 3.0416e-01     2.2389      8.492     12.316    10.0087 0.0000e+00
      8.675      0.112     7.8510     69.574     40.943  28.668748     1.6971      6.303   280.8891 2.9994e-01     2.3813      8.511     12.344    10.0080 0.0000e+00
      8.691      0.118     7.8558     69.616     40.961  28.681231     1.7689      6.298   280.8471 2.9212e-01     2.3762      8.520     12.357    10.0078 0.0000e+00
      8.712      0.131     7.8587     69.641     40.962  28.681808     1.7749      6.292   280.0818 2.8473e-01     2.2388      8.539     12.384    10.0079 0.0000e+00
      8.744      0.147     7.8591     69.643     40.954  28.675719     1.7600      6.290   279.9810 2.7444e-01     2.1548      8.570     12.430    10.0081 0.0000e+00
      8.789      0.161     7.8602     69.651     40.949  28.671112     1.7911      6.290   280.9192 2.6134e-01     2.2145      8.614     12.494    10.0081 0.0000e+00
      8.845      0.166     7.8622     69.666     40.977  28.689609     1.8389      6.292   281.5306 2.4502e-01     2.3807      8.674     12.581    10.0082 0.0000e+00
      8.903      0.160     7.8657     69.697     41.006  28.708857     1.8321      6.294   281.6095 2.3150e-01     2.3938      8.736     12.670    10.0077 0.0000e+00
      8.949      0.147     7.8707     69.742     41.012  28.713326     1.7820      6.294   281.3564 2.2514e-01     2.2512      8.782     12.739    10.0069 0.0000e+00
      8.978      0.135     7.8734     69.768     41.054  28.743631     1.7658      6.293   280.9657 2.2117e-01     2.1832      8.810     12.779    10.0059 0.0000e+00
      8.995      0.130     7.8742     69.774     41.164  28.821261     1.7933      6.289   281.2737 2.2309e-01     2.2737      8.821     12.793    10.0039 0.0000e+00
      9.013      0.139     7.8759     69.788     41.264  28.889907     1.8289      6.283   282.1545 2.2459e-01     2.4595      8.833     12.810    10.0022 0.0000e+00
      9.046      0.163     7.8750     69.778     41.334  28.938594     1.8198      6.277   282.7530 2.1734e-01     2.4762      8.866     12.859    10.0037 0.0000e+00
      9.091      0.194     7.8701     69.733     41.374  28.965402     1.7754      6.272   282.8323 2.0205e-01     2.2927      8.912     12.926    10.0057 0.0000e+00
      9.147      0.220     7.8623     69.666     41.274  28.896515     1.7785      6.272   282.5110 1.8176e-01     2.2249      8.963     13.000    10.0051 0.0000e+00
      9.219      0.233     7.8485     69.546     41.141  28.804226     1.8121      6.273   281.9652 1.7506e-01     2.2664      9.037     13.108    10.0043 0.0000e+00
      9.298      0.233     7.8255     69.342     41.137  28.802101     1.7957      6.275   281.3965 1.8138e-01     2.2148      9.124     13.234    10.0032 0.0000e+00
      9.365      0.224     7.7951     69.072     41.237  28.870813     1.7636      6.276   280.7112 1.8235e-01     2.1498      9.190     13.330    10.0021 0.0000e+00
      9.415      0.212     7.7605     68.763     41.423  28.999983     1.8189      6.276   280.0458 1.7614e-01     2.2132      9.237     13.396    10.0035 0.0000e+00
      9.453      0.197     7.7262     68.456     41.649  29.157316     1.9318      6.276   279.7183 1.6638e-01     2.3402      9.272     13.447    10.0053 0.0000e+00
      9.492      0.182     7.6966     68.189     41.783  29.249006     1.9612      6.276   279.5894 1.5514e-01     2.3429      9.306     13.496    10.0049 0.0000e+00
      9.540      0.167     7.6727     67.972     41.836  29.283033     1.9260      6.277   279.5207 1.4702e-01     2.2463      9.353     13.564    10.0039 0.0000e+00
      9.594      0.152     7.6558     67.817     41.885  29.314718     2.0574      6.280   279.3180 1.5177e-01     2.3321      9.411     13.649    10.0028 0.0000e+00
      9.642      0.133     7.6448     67.716     41.979  29.378079     2.3459      6.283   278.3438 1.5362e-01     2.5865      9.461     13.722    10.0012 0.0000e+00
      9.674      0.108     7.6337     67.616     42.304  29.604585     2.5017      6.285   276.6893 1.4320e-01     2.6970      9.493     13.769     9.9985 0.0000e+00
      9.692      0.083     7.6150     67.451     44.169  30.910292     2.4895      6.287   275.6611 1.4172e-01     2.6000      9.508     13.790     9.9946 0.0000e+00
      9.701      0.060     7.5858     67.199     47.382  33.161412     2.3915      6.289   275.8060 1.4155e-01     2.4828      9.514     13.799     9.9914 0.0000e+00
      9.707      0.043     7.5473     66.868     48.238  33.767198     2.2910      6.291   276.2901 1.3692e-01     2.5312      9.520     13.806     9.9888 0.0000e+00
      9.716      0.033     7.5019     66.478     46.353  32.455205     2.2850      6.292   276.2658 1.3671e-01     2.6052      9.527     13.817     9.9873 0.0000e+00
      9.726      0.028     7.4521     66.050     46.738  32.732683     2.3092      6.293   275.1681 1.3343e-01     2.5835      9.538     13.835     9.9873 0.0000e+00
      9.736      0.024     7.3894     65.505     51.907  36.359472     2.2902      6.294   273.7728 1.3494e-01     2.5444      9.549     13.851     9.9901 0.0000e+00
      9.741      0.020     7.3024     64.743     55.330  38.762448     2.2760      6.296   273.5063 1.4078e-01     2.4676      9.554     13.857     9.9975 0.0000e+00
      9.743      0.015     7.1882     63.737     51.462  36.057663     2.3394      6.297   273.8385 1.4288e-01     2.4484      9.554     13.857    10.0073 0.0000e+00
      9.744      0.010     7.0557     62.567     46.014  32.244127     2.4132      6.298   274.1755 1.4731e-01     2.4339      9.555     13.859    10.0155 0.0000e+00
      9.746      0.006     6.9165     61.337     43.632  30.577937     2.4056      6.299   274.5695 1.4971e-01     2.2924      9.557     13.862    10.0215 0.0000e+00
      9.748      0.004     6.7667     60.013     42.911  30.075647     2.3292      6.301   274.0428 1.5407e-01     2.2014      9.559     13.865    10.0263 0.0000e+00
      9.750      0.003     6.6018     58.559     42.770  29.981476     2.2535      6.303   272.7115 1.5269e-01     2.3418      9.561     13.867    10.0322 0.0000e+00
      9.750      0.001     6.4400     57.134     42.621  29.883893     2.2444      6.305   272.0670 1.4124e-01     2.5866      9.561     13.867    10.0365 0.0000e+00
      9.749      0.000     6.3142     56.027     42.381  29.721383     2.2642      6.306   272.1002 1.4472e-01     2.6277      9.560     13.866    10.0378 0.0000e+00
