Data/DataNotYetUploadedToEDI/Raw_CTD/RawDownloads/053118_fcr50.cnv
* Sea-Bird SBE19plus  Data File:
* FileName = C:\DATA\060418_fcr50_0002.hex
* Software version 2.6.3.104 SB_Terminal.dll
* Temperature SN = 7809
* Conductivity SN = 7809
* System UpLoad Time = Jun 04 2018 16:27:39
* <ApplicationData>
* <Seaterm232>
# nquan = 15
# nvalues = 584                         
# units = specified
# name 0 = depFM: Depth [fresh water, m]
# name 1 = dz/dtM: Descent Rate [m/s]
# name 2 = sbeox0Mg/L: Oxygen, SBE 43 [mg/l]
# name 3 = sbeox0PS: Oxygen, SBE 43 [% saturation]
# name 4 = specc: Specific Conductance [uS/cm]
# name 5 = c0uS/cm: Conductivity [uS/cm]
# name 6 = flECO-AFL: Fluorescence, WET Labs ECO-AFL/FL [mg/m^3]
# name 7 = ph: pH
# name 8 = orp: Oxidation Reduction Potential [mV]
# name 9 = par/sat/log: PAR/Logarithmic, Satlantic
# name 10 = turbWETntu0: Turbidity, WET Labs ECO [NTU]
# name 11 = prdM: Pressure, Strain Gauge [db]
# name 12 = prdE: Pressure, Strain Gauge [psi]
# name 13 = tv290C: Temperature [ITS-90, deg C]
# name 14 = flag:  0.000e+00
# span 0 =     -0.593,      9.751       
# span 1 =     -0.078,      0.233       
# span 2 =     4.2458,    10.7452       
# span 3 =     38.425,    121.101       
# span 4 =      0.443,     55.330       
# span 5 =   0.443440,  38.762448       
# span 6 =    -0.1799,     3.8933       
# span 7 =      6.003,      7.539       
# span 8 = -1240.7455,   282.8323       
# span 9 = 1.2681e-01, 3.9680e+02       
# span 10 =    -0.3068,    34.7170      
# span 11 =     -0.582,      9.563      
# span 12 =     -0.844,     13.870      
# span 13 =     9.9873,    25.1085      
# span 14 = 0.0000e+00, 0.0000e+00      
# interval = seconds: 0.25
# start_time = May 31 2018 17:04:23 [Instrument's time stamp, header]
# bad_flag = -9.990e-29
*END*
     -0.593 6.0975e-19     7.9392     96.274      0.454   0.455084    -0.1778      6.053 -1240.7455 3.1428e+02    -0.3068     -0.581     -0.843    25.1085 0.0000e+00
     -0.593 7.1778e-18     7.9406     96.289      0.467   0.467662    -0.1799      6.052 -1240.7455 3.1412e+02    -0.2741     -0.581     -0.843    25.1079 0.0000e+00
     -0.593 7.8998e-17     7.9414     96.297      0.479   0.480335    -0.1732      6.048 -1240.7455 3.2608e+02    -0.2361     -0.581     -0.843    25.1072 0.0000e+00
     -0.593 8.6899e-16     7.9409     96.289      0.480   0.481486    -0.1696      6.043 -1240.7455 3.3963e+02    -0.2126     -0.581     -0.843    25.1066 0.0000e+00
     -0.593 9.5589e-15     7.9410     96.287      0.480   0.481581    -0.1735      6.040 -1240.7455 3.4993e+02    -0.2042     -0.582     -0.844    25.1061 0.0000e+00
     -0.593 1.0515e-13     7.9426     96.303      0.480   0.481486    -0.1741      6.038 -1240.7455 3.5828e+02    -0.1967     -0.581     -0.843    25.1052 0.0000e+00
     -0.593 1.1566e-12     7.9434     96.310      0.479   0.480334    -0.1776      6.038 -1240.7455 3.6434e+02    -0.1830     -0.581     -0.843    25.1041 0.0000e+00
     -0.593 1.2723e-11     7.9431     96.305      0.466   0.467652    -0.1786      6.040 -1240.7455 3.6606e+02    -0.1910     -0.581     -0.843    25.1029 0.0000e+00
     -0.593 1.3995e-10     7.9432     96.305      0.454   0.454980    -0.1772      6.041 -1240.7455 3.5937e+02    -0.2319     -0.581     -0.843    25.1017 0.0000e+00
     -0.592 1.5395e-09     7.9436     96.308      0.453   0.453931    -0.1794      6.041 -1240.7455 3.5460e+02    -0.2507     -0.581     -0.842    25.1002 0.0000e+00
     -0.592 1.6934e-08     7.9449     96.321      0.454   0.454970    -0.1776      6.042 -1240.7455 3.5071e+02    -0.2349     -0.581     -0.842    25.0988 0.0000e+00
     -0.592 1.8627e-07     7.9462     96.335      0.467   0.467547    -0.1733      6.044 -1240.7455 3.2750e+02    -0.2235     -0.580     -0.842    25.0978 0.0000e+00
     -0.592 1.8627e-07     7.9455     96.324      0.478   0.479170    -0.1737      6.045 -1240.7455 2.8271e+02    -0.2355     -0.581     -0.842    25.0967 0.0000e+00
     -0.592 1.6935e-08     7.9450     96.317      0.468   0.468680    -0.1725      6.046 -1240.7455 2.3699e+02    -0.2580     -0.580     -0.842    25.0955 0.0000e+00
     -0.592 1.5487e-09     7.9460     96.327      0.467   0.467546    -0.1681      6.047 -1240.7455 2.1269e+02    -0.2515     -0.581     -0.842    25.0942 0.0000e+00
     -0.592 2.4209e-10     7.9464     96.329      0.465   0.465459    -0.1664      6.047 -1240.7455 2.0672e+02    -0.2482     -0.581     -0.842    25.0929 0.0000e+00
     -0.592 1.1363e-09     7.9459     96.320      0.443   0.443440    -0.1708      6.049 -1240.7455 2.0450e+02    -0.2788     -0.580     -0.841    25.0917 0.0000e+00
     -0.592 1.2360e-08     7.9455     96.314      0.454   0.454961    -0.1749      6.050 -1240.7455 2.0526e+02    -0.2555     -0.580     -0.841    25.0906 0.0000e+00
     -0.592 1.3595e-07     7.9458     96.315      0.477   0.477934    -0.1699      6.050 -1240.7455 2.1285e+02    -0.2106     -0.580     -0.842    25.0896 0.0000e+00
     -0.592      0.000     7.9462     96.318      0.467   0.467554    -0.1661      6.050 -1240.7455 2.2380e+02    -0.2241     -0.580     -0.842    25.0884 0.0000e+00
     -0.592      0.000     7.9459     96.313      0.456   0.456289    -0.1658      6.049 -1240.7453 2.2955e+02    -0.2352     -0.581     -0.843    25.0869 0.0000e+00
     -0.592      0.000     7.9453     96.304      0.468   0.468544    -0.1659      6.047 -1240.7431 2.3140e+02    -0.2230     -0.580     -0.842    25.0859 0.0000e+00
     -0.592      0.002     7.9467     96.311      0.488   0.488914    -0.1677      6.036 -1240.7188 2.3817e+02    -0.1985     -0.580     -0.842    25.0847 0.0000e+00
     -0.591      0.007     7.9536     96.326      0.449   0.448938    -0.1688      6.003 -1240.4519 2.5164e+02    -0.2150     -0.579     -0.841    25.0837 0.0000e+00
     -0.591      0.016     7.9749     96.332      0.688   0.682701    -0.1708      6.191 -1237.5156 2.6522e+02    -0.2388     -0.580     -0.840    25.0821 0.0000e+00
     -0.590      0.029     8.0121     96.338      4.643   4.583533    -0.1628      6.688 -1205.2168 2.7371e+02    -0.2118     -0.580     -0.841    25.0819 0.0000e+00
     -0.585      0.047     8.0490     96.333     14.521  14.310894    -0.1552      7.101  -849.9303 2.8056e+02    -0.1928     -0.577     -0.837    25.0792 0.0000e+00
     -0.571      0.070     8.0764     96.324     24.936  24.523154    -0.1616      7.337  -208.6006 2.8927e+02    -0.1930     -0.563     -0.817    25.0796 0.0000e+00
     -0.550      0.094     8.0969     96.323     30.578  30.006954    -0.1668      7.492   129.0545 2.9863e+02    -0.1230     -0.542     -0.786    24.9517 0.0000e+00
     -0.522      0.116     8.1119     96.317     32.137  31.475788    -0.1632      7.539   157.0690 3.0850e+02     0.0744     -0.515     -0.747    24.6394 0.0000e+00
     -0.487      0.131     8.1242     96.314     32.267  31.550896    -0.1550      7.530   162.8151 3.1769e+02     0.3014     -0.479     -0.696    24.3651 0.0000e+00
     -0.446      0.139     8.1367     96.323     32.317  31.550092    -0.1228      7.502   162.4796 3.2518e+02     1.1266     -0.438     -0.636    24.1908 0.0000e+00
     -0.403      0.139     8.1510     96.335     32.419  31.593025     0.2903      7.460   163.4235 3.3187e+02     9.8687     -0.392     -0.570    24.0595 0.0000e+00
     -0.365      0.132     8.1673     96.359     32.514  31.625347     1.0722      7.415   162.5260 3.3733e+02    25.9221     -0.356     -0.516    23.9603 0.0000e+00
     -0.332      0.120     8.1832     96.398     32.567  31.623256     1.5100      7.380   158.4258 3.4237e+02    34.6407     -0.326     -0.473    23.8812 0.0000e+00
     -0.303      0.105     8.1982     96.463     32.617  31.631178     1.5675      7.354   154.0286 3.4727e+02    34.7170     -0.294     -0.426    23.8136 0.0000e+00
     -0.281      0.093     8.2140     96.571     32.673  31.657566     1.7033      7.339   150.0564 3.5104e+02    26.4480     -0.273     -0.396    23.7254 0.0000e+00
     -0.262      0.087     8.2287     96.686     32.726  31.688235     1.9397      7.336   148.5989 3.5468e+02    11.1085     -0.259     -0.376    23.6223 0.0000e+00
     -0.244      0.087     8.2420     96.787     32.808  31.747922     2.0630      7.323   149.3988 3.5862e+02     2.7543     -0.238     -0.346    23.5370 0.0000e+00
     -0.226      0.087     8.2560     96.883     32.895  31.807614     2.0725      7.298   150.6934 3.6262e+02     2.0376     -0.222     -0.322    23.4773 0.0000e+00
     -0.204      0.087     8.2700     96.976     32.953  31.838348     2.0742      7.280   152.6363 3.6810e+02     2.0461     -0.204     -0.295    23.4372 0.0000e+00
     -0.174      0.087     8.2834     97.087     32.998  31.865442     2.0651      7.273   155.5101 3.7512e+02     2.1249     -0.171     -0.248    23.4082 0.0000e+00
     -0.145      0.084     8.2962     97.224     33.020  31.881147     2.0638      7.267   158.1659 3.8106e+02     2.1354     -0.137     -0.199    23.3832 0.0000e+00
     -0.125      0.079     8.3075     97.357     33.040  31.901213     2.0761      7.259   159.1938 3.8553e+02     2.1129     -0.121     -0.176    23.3449 0.0000e+00
     -0.110      0.069     8.3094     97.380     33.057  31.917518     2.0846      7.254   161.6577 3.8878e+02     2.1280     -0.109     -0.158    23.2960 0.0000e+00
     -0.095      0.057     8.2865     97.112     33.026  31.887768     2.1023      7.259   166.1889 3.8888e+02     2.0740     -0.094     -0.137    23.2709 0.0000e+00
     -0.079      0.044     8.2357     96.515     32.996  31.859057     2.1247      7.269   168.4664 3.8750e+02     1.8870     -0.078     -0.112    23.2690 0.0000e+00
     -0.066      0.034     8.1666     95.683     33.035  31.887928     2.1352      7.279   168.8882 3.8758e+02     1.7585     -0.062     -0.089    23.2715 0.0000e+00
     -0.059      0.024     8.0866     94.691     33.089  31.919275     2.1467      7.284   169.8267 3.8699e+02     1.7420     -0.055     -0.079    23.2702 0.0000e+00
     -0.058      0.014     8.0033     93.637     33.120  31.920497     2.1537      7.289   170.6928 3.8550e+02     1.7173     -0.057     -0.082    23.2717 0.0000e+00
     -0.059      0.004     7.9257     92.650     33.133  31.902659     2.1471      7.294   170.4980 3.8527e+02     1.7042     -0.060     -0.087    23.2754 0.0000e+00
     -0.059     -0.002     7.8505     91.701     33.151  31.894079     2.1392      7.300   170.4830 3.8517e+02     1.7359     -0.058     -0.084    23.2658 0.0000e+00
     -0.059     -0.005     7.7695     90.701     33.225  31.943747     2.1403      7.305   172.1469 3.8468e+02     1.7653     -0.057     -0.083    23.2331 0.0000e+00
     -0.061     -0.005     7.6936     89.772     33.296  31.995072     2.1432      7.306   173.3217 3.8399e+02     1.7542     -0.059     -0.087    23.1834 0.0000e+00
     -0.064     -0.004     7.6381     89.090     33.321  32.006540     2.1376      7.302   173.1585 3.8348e+02     1.7235     -0.064     -0.093    23.1348 0.0000e+00
     -0.067     -0.003     7.6071     88.709     33.343  32.018880     2.1361      7.299   173.4424 3.8358e+02     1.6993     -0.067     -0.096    23.0952 0.0000e+00
     -0.067     -0.002     7.5979     88.592     33.345  32.017240     2.1438      7.298   174.0876 3.8383e+02     1.7065     -0.066     -0.095    23.0645 0.0000e+00
     -0.066      0.000     7.5980     88.586     33.316  31.986700     2.1760      7.296   175.4532 3.8392e+02     1.7496     -0.064     -0.094    23.0394 0.0000e+00
     -0.065      0.001     7.5935     88.527     33.298  31.967177     2.2406      7.291   177.6502 3.8353e+02     1.7617     -0.064     -0.093    23.0185 0.0000e+00
     -0.065      0.002     7.5764     88.320     33.306  31.971721     2.2807      7.286   178.7975 3.8319e+02     1.7302     -0.064     -0.093    23.0071 0.0000e+00
     -0.065      0.002     7.5387     87.874     33.316  31.978120     2.2751      7.282   178.6557 3.8309e+02     1.7055     -0.064     -0.093    23.0039 0.0000e+00
     -0.064      0.001     7.4736     87.110     33.321  31.981035     2.2646      7.280   178.4312 3.8284e+02     1.7067     -0.063     -0.091    23.0001 0.0000e+00
     -0.064      0.001     7.3801     86.016     33.349  32.006968     2.2641      7.280   178.9219 3.8271e+02     1.7142     -0.062     -0.091    22.9954 0.0000e+00
     -0.064      0.000     7.2611     84.629     33.382  32.037626     2.2697      7.281   180.5453 3.8250e+02     1.7047     -0.062     -0.090    22.9916 0.0000e+00
     -0.064     -0.000     7.1291     83.092     33.377  32.034162     2.2765      7.281   182.9159 3.8215e+02     1.6834     -0.063     -0.091    22.9870 0.0000e+00
     -0.064     -0.001     7.0124     81.737     33.369  32.028597     2.2726      7.279   185.0426 3.8209e+02     1.6701     -0.063     -0.092    22.9834 0.0000e+00
     -0.064     -0.001     6.9394     80.892     33.372  32.033860     2.2506      7.273   186.0406 3.8226e+02     1.6965     -0.063     -0.092    22.9817 0.0000e+00
     -0.064      0.000     6.9304     80.793     33.370  32.034287     2.2218      7.265   186.0350 3.8234e+02     1.7281     -0.063     -0.092    22.9809 0.0000e+00
     -0.065      0.000     6.9947     81.546     33.368  32.033766     2.2095      7.258   185.9212 3.8229e+02     1.7163     -0.064     -0.093    22.9819 0.0000e+00
     -0.065      0.001     7.1182     82.989     33.360  32.027566     2.2127      7.254   185.9547 3.8233e+02     1.7067     -0.064     -0.093    22.9855 0.0000e+00
     -0.065      0.001     7.2769     84.840     33.354  32.022834     2.2331      7.253   186.4397 3.8256e+02     1.7341     -0.063     -0.092    22.9898 0.0000e+00
     -0.064      0.002     7.4480     86.836     33.373  32.040060     2.2717      7.252   187.6554 3.8281e+02     1.7725     -0.063     -0.091    22.9935 0.0000e+00
     -0.064      0.003     7.6136     88.765     33.378  32.045314     2.2934      7.250   188.6947 3.8281e+02     1.7751     -0.062     -0.091    22.9964 0.0000e+00
     -0.063      0.003     7.7587     90.454     33.356  32.022844     2.2840      7.248   189.1962 3.8284e+02     1.7346     -0.061     -0.090    22.9979 0.0000e+00
     -0.062      0.002     7.8704     91.750     33.357  32.022420     2.2686      7.246   189.5893 3.8301e+02     1.7096     -0.060     -0.088    22.9984 0.0000e+00
     -0.061      0.002     7.9441     92.604     33.378  32.040175     2.2726      7.240   189.6622 3.8311e+02     1.7169     -0.060     -0.087    22.9987 0.0000e+00
     -0.061      0.002     7.9829     93.052     33.387  32.046991     2.2861      7.229   189.5622 3.8315e+02     1.7319     -0.059     -0.085    22.9984 0.0000e+00
     -0.061      0.002     7.9959     93.202     33.382  32.041313     2.2855      7.213   190.1003 3.8334e+02     1.7381     -0.060     -0.086    22.9966 0.0000e+00
     -0.060      0.002     7.9961     93.202     33.376  32.035028     2.3110      7.194   191.0062 3.8368e+02     1.7309     -0.059     -0.087    22.9932 0.0000e+00
     -0.059      0.002     7.9877     93.104     33.376  32.034518     2.3730      7.180   191.7393 3.8383e+02     1.7373     -0.058     -0.084    22.9897 0.0000e+00
     -0.059      0.003     7.9704     92.905     33.376  32.035153     2.4014      7.173   192.5118 3.8385e+02     1.7536     -0.057     -0.083    22.9872 0.0000e+00
     -0.058      0.003     7.9504     92.672     33.384  32.042707     2.3967      7.168   192.9470 3.8391e+02     1.7751     -0.057     -0.082    22.9858 0.0000e+00
     -0.058      0.002     7.9282     92.411     33.405  32.062338     2.3528      7.164   192.7850 3.8391e+02     1.7838     -0.057     -0.082    22.9853 0.0000e+00
     -0.057      0.000     7.9063     92.155     33.425  32.081979     2.2659      7.168   192.5316 3.8445e+02     1.7369     -0.058     -0.084    22.9852 0.0000e+00
     -0.055     -0.002     7.9011     92.095     33.433  32.089647     2.2198      7.176   192.6367 3.8547e+02     1.6965     -0.054     -0.077    22.9860 0.0000e+00
     -0.054     -0.002     7.9143     92.249     33.435  32.091542     2.2182      7.186   193.5397 3.8652e+02     1.7223     -0.050     -0.073    22.9871 0.0000e+00
     -0.059     -0.002     7.9325     92.457     33.451  32.104889     2.2189      7.195   194.5012 3.8762e+02     1.7433     -0.059     -0.084    22.9857 0.0000e+00
     -0.063     -0.001     7.9415     92.560     33.471  32.124000     2.2653      7.201   194.1097 3.8872e+02     1.7072     -0.065     -0.094    22.9840 0.0000e+00
     -0.062      0.002     7.9303     92.433     33.478  32.132084     2.3556      7.206   193.0227 3.9021e+02     1.6818     -0.062     -0.090    22.9858 0.0000e+00
     -0.059      0.005     7.8992     92.074     33.484  32.139118     2.4006      7.206   192.8013 3.9081e+02     1.7113     -0.057     -0.082    22.9863 0.0000e+00
     -0.057      0.008     7.8534     91.540     33.491  32.145537     2.3961      7.205   193.3254 3.9065e+02     1.7280     -0.056     -0.081    22.9825 0.0000e+00
     -0.055      0.010     7.7962     90.873     33.491  32.146192     2.3935      7.201   194.1119 3.9223e+02     1.7010     -0.056     -0.081    22.9797 0.0000e+00
     -0.051      0.010     7.7288     90.092     33.491  32.147037     2.4064      7.192   195.0824 3.9456e+02     1.6902     -0.049     -0.071    22.9835 0.0000e+00
     -0.047      0.010     7.6552     89.236     33.499  32.155756     2.4227      7.181   195.2511 3.9552e+02     1.7194     -0.044     -0.064    22.9874 0.0000e+00
     -0.047      0.009     7.5808     88.366     33.534  32.188100     2.4254      7.171   194.5168 3.9595e+02     1.7485     -0.046     -0.069    22.9852 0.0000e+00
     -0.046      0.008     7.5071     87.504     33.569  32.220550     2.4114      7.164   194.3783 3.9675e+02     1.7367     -0.047     -0.068    22.9846 0.0000e+00
