Data/DataNotYetUploadedToEDI/Raw_CTD/RawDownloads/053118_bvr50.cnv
* Sea-Bird SBE19plus  Data File:
* FileName = C:\DATA\060418_fcr50_0001.hex
* Software version 2.6.3.104 SB_Terminal.dll
* Temperature SN = 7809
* Conductivity SN = 7809
* System UpLoad Time = Jun 04 2018 16:27:19
* <ApplicationData>
* <Seaterm232>
# nquan = 15
# nvalues = 1137                        
# units = specified
# name 0 = depFM: Depth [fresh water, m]
# name 1 = dz/dtM: Descent Rate [m/s]
# name 2 = sbeox0Mg/L: Oxygen, SBE 43 [mg/l]
# name 3 = sbeox0PS: Oxygen, SBE 43 [% saturation]
# name 4 = specc: Specific Conductance [uS/cm]
# name 5 = c0uS/cm: Conductivity [uS/cm]
# name 6 = flECO-AFL: Fluorescence, WET Labs ECO-AFL/FL [mg/m^3]
# name 7 = ph: pH
# name 8 = orp: Oxidation Reduction Potential [mV]
# name 9 = par/sat/log: PAR/Logarithmic, Satlantic
# name 10 = turbWETntu0: Turbidity, WET Labs ECO [NTU]
# name 11 = prdM: Pressure, Strain Gauge [db]
# name 12 = prdE: Pressure, Strain Gauge [psi]
# name 13 = tv290C: Temperature [ITS-90, deg C]
# name 14 = flag:  0.000e+00
# span 0 =     -0.662,     11.181       
# span 1 =     -3.857,      2.803       
# span 2 =    -0.0203,    11.0309       
# span 3 =     -0.172,    125.185       
# span 4 =      0.422,    100.585       
# span 5 =   0.426145,  64.891412       
# span 6 =    -0.2025,     9.8606       
# span 7 =     -2.492,      7.874       
# span 8 = -1240.7455,   457.6793       
# span 9 = 1.2536e-01, 1.0947e+03       
# span 10 =    -0.3073,    25.9940      
# span 11 =     -0.650,     10.965      
# span 12 =     -0.942,     15.904      
# span 13 =     7.2483,    27.3165      
# span 14 = 0.0000e+00, 0.0000e+00      
# interval = seconds: 0.25
# start_time = May 31 2018 15:54:59 [Instrument's time stamp, header]
# bad_flag = -9.990e-29
*END*
[from data line 386]
      0.066      0.017     8.3561     99.034     26.657  26.057578     3.2392      7.721   221.3160 2.4563e+02     1.4843      0.065      0.094    23.8260 0.0000e+00
      0.072      0.012     8.3415     98.877     26.690  26.094764     3.2585      7.717   220.7992 2.4075e+02     1.4955      0.073      0.106    23.8357 0.0000e+00
      0.074      0.007     8.2988     98.381     26.705  26.112148     3.2801      7.712   221.1366 2.3924e+02     1.4854      0.075      0.109    23.8526 0.0000e+00
      0.073      0.002     8.2208     97.466     26.731  26.140773     3.2891      7.705   222.1259 2.3958e+02     1.4544      0.071      0.104    23.8618 0.0000e+00
      0.070     -0.002     8.1127     96.197     26.775  26.186906     3.2941      7.692   223.2104 2.4003e+02     1.4564      0.068      0.099    23.8684 0.0000e+00
      0.068     -0.004     7.9924     94.786     26.810  26.225499     3.3224      7.679   224.0955 2.4110e+02     1.4782      0.067      0.097    23.8802 0.0000e+00
      0.068     -0.003     7.8745     93.406     26.805  26.226455     3.3551      7.672   224.6542 2.4280e+02     1.4741      0.066      0.096    23.8850 0.0000e+00
      0.067     -0.002     7.7662     92.137     26.771  26.198477     3.3587      7.670   225.2341 2.4443e+02     1.4367      0.066      0.095    23.8877 0.0000e+00
      0.067      0.000     7.6728     91.042     26.774  26.204684     3.3575      7.665   225.6004 2.4504e+02     1.4240      0.065      0.094    23.8951 0.0000e+00
      0.067      0.001     7.5986     90.174     26.804  26.238015     3.3684      7.655   225.3837 2.4409e+02     1.4416      0.066      0.095    23.9034 0.0000e+00
      0.067      0.001     7.5387     89.478     26.846  26.284029     3.4164      7.646   225.5389 2.4325e+02     1.4671      0.066      0.096    23.9144 0.0000e+00
      0.068      0.001     7.4822     88.820     26.874  26.316594     3.5060      7.641   226.5299 2.4264e+02     1.4879      0.067      0.097    23.9260 0.0000e+00
      0.069      0.000     7.4231     88.130     26.868  26.314298     3.5507      7.639   227.9010 2.4083e+02     1.4796      0.067      0.098    23.9324 0.0000e+00
      0.069      0.000     7.3583     87.374     26.869  26.319766     3.5442      7.639   234.8902 2.3938e+02     1.4885      0.068      0.098    23.9394 0.0000e+00
      0.068      0.001     7.2867     86.537     26.864  26.319217     3.5466      7.642   243.4951 2.3938e+02     1.5038      0.067      0.097    23.9486 0.0000e+00
      0.067      0.002     7.2102     85.641     26.849  26.307673     3.5515      7.647   241.4290 2.3930e+02     1.4818      0.066      0.095    23.9560 0.0000e+00
      0.067      0.003     7.1347     84.753     26.845  26.307182     3.5487      7.650   240.5394 2.3771e+02     1.4667      0.064      0.093    23.9631 0.0000e+00
      0.069      0.004     7.0640     83.920     26.848  26.313287     3.5490      7.654   243.8378 2.3503e+02     1.4435      0.066      0.096    23.9704 0.0000e+00
      0.072      0.004     6.9985     83.152     26.850  26.317990     3.5649      7.654   237.8593 2.3213e+02     1.4140      0.070      0.103    23.9793 0.0000e+00
      0.074      0.003     6.9409     82.478     26.828  26.300561     3.5937      7.653   231.4065 2.2980e+02     1.4463      0.073      0.106    23.9879 0.0000e+00
      0.074      0.001     6.8920     81.905     26.817  26.293034     3.6117      7.654   231.4661 2.2928e+02     1.4677      0.074      0.107    23.9929 0.0000e+00
      0.073     -0.001     6.8504     81.419     26.812  26.290480     3.6186      7.655   233.0740 2.2980e+02     1.4283      0.072      0.104    23.9967 0.0000e+00
      0.071     -0.003     6.8138     80.995     26.787  26.269692     3.6584      7.654   236.3928 2.3060e+02     1.4283      0.070      0.101    24.0030 0.0000e+00
      0.070     -0.003     6.7812     80.619     26.809  26.295657     3.7159      7.655   244.8343 2.3202e+02     1.4677      0.069      0.100    24.0118 0.0000e+00
      0.069     -0.002     6.7507     80.268     26.861  26.350456     3.7341      7.658   249.7032 2.3245e+02     1.4772      0.067      0.098    24.0156 0.0000e+00
      0.069      0.000     6.7185     79.888     26.871  26.360837     3.7414      7.659   243.4666 2.3146e+02     1.4527      0.067      0.097    24.0200 0.0000e+00
      0.069      0.000     6.6813     79.442     26.869  26.357679     3.7576      7.661   244.0236 2.2913e+02     1.4454      0.067      0.097    24.0287 0.0000e+00
      0.070      0.001     6.6381     78.928     26.888  26.375768     3.7645      7.663   256.0077 2.2535e+02     1.4794      0.069      0.100    24.0351 0.0000e+00
      0.071      0.001     6.5906     78.368     26.899  26.389069     3.7604      7.663   262.5766 2.2272e+02     1.4985      0.070      0.102    24.0463 0.0000e+00
      0.071      0.001     6.5383     77.754     26.899  26.391517     3.7548      7.662   263.2191 2.2164e+02     1.4937      0.069      0.101    24.0485 0.0000e+00
      0.071      0.001     6.4814     77.087     26.910  26.405374     3.7515      7.662   263.6902 2.2021e+02     1.4820      0.069      0.100    24.0407 0.0000e+00
      0.071      0.001     6.4229     76.397     26.931  26.429626     3.7664      7.665   263.4547 2.1870e+02     1.4487      0.069      0.101    24.0407 0.0000e+00
      0.071      0.001     6.3659     75.726     26.929  26.430781     3.8062      7.668   257.1878 2.1791e+02     1.4273      0.069      0.100    24.0450 0.0000e+00
      0.071      0.001     6.3124     75.101     26.914  26.419341     3.8284      7.670   245.0485 2.1801e+02     1.4368      0.070      0.101    24.0517 0.0000e+00
      0.072      0.001     6.2612     74.506     26.907  26.418301     3.8239      7.671   238.3389 2.1885e+02     1.4412      0.070      0.102    24.0581 0.0000e+00
      0.072      0.000     6.2131     73.948     26.901  26.418215     3.8155      7.671   237.7520 2.1955e+02     1.4492      0.071      0.103    24.0625 0.0000e+00
      0.072      0.000     6.1699     73.447     26.896  26.418309     3.8182      7.670   236.9202 2.1973e+02     1.4722      0.071      0.104    24.0674 0.0000e+00
      0.072     -0.001     6.1319     73.006     26.893  26.419453     3.8299      7.669   236.0261 2.2013e+02     1.4755      0.071      0.103    24.0738 0.0000e+00
      0.071     -0.003     6.0987     72.619     26.903  26.432038     3.8285      7.664   236.2333 2.2106e+02     1.4586      0.070      0.101    24.0848 0.0000e+00
      0.071     -0.004     6.0697     72.282     26.911  26.443496     3.7734      7.658   237.0160 2.2203e+02     1.4514      0.069      0.101    24.0970 0.0000e+00
      0.070     -0.004     6.0449     71.997     26.893  26.431016     3.6787      7.654   237.5740 2.2364e+02     1.4490      0.070      0.101    24.1065 0.0000e+00
      0.068     -0.003     6.0227     71.739     26.868  26.408128     3.6293      7.654   237.9043 2.2715e+02     1.4291      0.068      0.098    24.1137 0.0000e+00
      0.066     -0.002     6.0030     71.504     26.882  26.420732     3.6175      7.661   244.1923 2.3046e+02     1.4246      0.064      0.093    24.1187 0.0000e+00
      0.065     -0.001     5.9872     71.315     26.918  26.456423     3.5916      7.670   251.3955 2.3045e+02     1.4563      0.063      0.091    24.1254 0.0000e+00
      0.066     -0.001     5.9735     71.150     26.921  26.458711     3.5638      7.676   253.1553 2.2786e+02     1.4764      0.065      0.095    24.1354 0.0000e+00
      0.068     -0.001     5.9585     70.970     26.911  26.448398     3.5569      7.681   259.7905 2.2551e+02     1.4842      0.067      0.097    24.1401 0.0000e+00
      0.068     -0.001     5.9425     70.785     26.919  26.458711     3.5635      7.683   266.3176 2.2520e+02     1.4896      0.067      0.097    24.1375 0.0000e+00
      0.067     -0.002     5.9255     70.590     26.914  26.456422     3.5981      7.683   267.3728 2.2627e+02     1.4807      0.066      0.096    24.1369 0.0000e+00
      0.065     -0.003     5.9060     70.367     26.874  26.420731     3.6628      7.682   268.3325 2.2772e+02     1.4688      0.064      0.093    24.1350 0.0000e+00
      0.063     -0.003     5.8849     70.122     26.858  26.408136     3.6931      7.680   268.3714 2.2947e+02     1.4680      0.062      0.090    24.1333 0.0000e+00
      0.062     -0.002     5.8634     69.872     26.879  26.431128     3.6890      7.679   263.0253 2.3020e+02     1.4714      0.061      0.089    24.1386 0.0000e+00
      0.062     -0.000     5.8398     69.598     26.889  26.444763     3.6863      7.679   257.6393 2.2932e+02     1.4779      0.061      0.089    24.1455 0.0000e+00
      0.063      0.001     5.8137     69.295     26.887  26.446013     3.6692      7.681   261.4120 2.2752e+02     1.4862      0.062      0.090    24.1516 0.0000e+00
      0.064      0.002     5.7886     69.001     26.885  26.446240     3.6472      7.682   266.1375 2.2575e+02     1.4798      0.063      0.091    24.1574 0.0000e+00
      0.065      0.002     5.7650     68.726     26.884  26.447511     3.6414      7.685   264.2698 2.2520e+02     1.4613      0.064      0.092    24.1611 0.0000e+00
      0.066      0.002     5.7415     68.453     26.895  26.461383     3.6361      7.685   259.6510 2.2542e+02     1.4156      0.064      0.093    24.1663 0.0000e+00
      0.066      0.002     5.7184     68.187     26.917  26.486989     3.6020      7.685   260.1960 2.2528e+02     1.3854      0.065      0.094    24.1744 0.0000e+00
      0.066      0.001     5.6972     67.942     26.929  26.503140     3.5500      7.686   265.1796 2.2511e+02     1.4320      0.065      0.094    24.1790 0.0000e+00
      0.067      0.000     5.6777     67.719     26.953  26.529681     3.5217      7.689   267.5098 2.2536e+02     1.4907      0.066      0.095    24.1812 0.0000e+00
      0.067 6.1272e-08     5.6616     67.534     26.975  26.553924     3.5092      7.693   268.0644 2.2571e+02     1.4842      0.066      0.096    24.1872 0.0000e+00
      0.066 6.7399e-07     5.6518     67.423     26.961  26.542294     3.4541      7.693   263.7116 2.2566e+02     1.4460      0.065      0.094    24.1953 0.0000e+00
      0.066      0.000     5.6483     67.386     26.932  26.516059     3.3603      7.691   253.5982 2.2509e+02     1.4248      0.064      0.093    24.2025 0.0000e+00
      0.066      0.000     5.6485     67.397     26.902  26.490690     3.3131      7.690   247.0522 2.2419e+02     1.4417      0.065      0.094    24.2095 0.0000e+00
      0.066      0.001     5.6511     67.438     26.896  26.489535     3.3148      7.692   245.1364 2.2301e+02     1.4981      0.066      0.095    24.2155 0.0000e+00
      0.066      0.002     5.6555     67.497     26.906  26.502110     3.3439      7.693   244.2869 2.2139e+02     1.5266      0.065      0.094    24.2189 0.0000e+00
      0.066      0.003     5.6601     67.553     26.920  26.515752     3.3985      7.693   249.9452 2.1946e+02     1.4816      0.065      0.094    24.2219 0.0000e+00
      0.067      0.003     5.6640     67.596     26.933  26.527494     3.4326      7.693   259.5173 2.1775e+02     1.4423      0.066      0.096    24.2298 0.0000e+00
      0.069      0.004     5.6655     67.615     26.922  26.517094     3.4432      7.694   260.4753 2.1712e+02     1.4470      0.068      0.099    24.2395 0.0000e+00
      0.071      0.004     5.6629     67.587     26.920  26.516990     3.4909      7.694   259.7216 2.1774e+02     1.4471      0.070      0.101    24.2455 0.0000e+00
      0.072      0.004     5.6563     67.514     26.927  26.526234     3.5775      7.695   265.2021 2.1856e+02     1.4436      0.070      0.102    24.2445 0.0000e+00
      0.073      0.004     5.6480     67.422     26.900  26.501887     3.6259      7.697   268.7492 2.1870e+02     1.4355      0.071      0.103    24.2402 0.0000e+00
      0.074      0.003     5.6402     67.337     26.870  26.476585     3.6353      7.697   269.0539 2.1826e+02     1.4405      0.072      0.105    24.2412 0.0000e+00
      0.075      0.002     5.6325     67.251     26.865  26.474287     3.6443      7.695   269.3167 2.1765e+02     1.4738      0.074      0.107    24.2446 0.0000e+00
      0.076      0.001     5.6238     67.147     26.865  26.474097     3.7076      7.689   269.3466 2.1694e+02     1.5014      0.075      0.109    24.2491 0.0000e+00
      0.076      0.000     5.6151     67.036     26.869  26.474297     3.8220      7.677   269.1565 2.1714e+02     1.4999      0.076      0.110    24.2559 0.0000e+00
      0.075     -0.001     5.6041     66.897     26.874  26.476701     3.8795      7.662   269.0834 2.1889e+02     1.4863      0.074      0.107    24.2619 0.0000e+00
      0.074     -0.001     5.5905     66.734     26.901  26.503148     3.8785      7.648   269.3234 2.2001e+02     1.4897      0.072      0.104    24.2672 0.0000e+00
      0.074     -0.001     5.5770     66.573     26.939  26.540099     3.8655      7.641   269.1332 2.1953e+02     1.4802      0.072      0.105    24.2688 0.0000e+00
      0.074      0.000     5.5645     66.421     26.942  26.542513     3.8407      7.637   266.4387 2.1873e+02     1.4634      0.071      0.103    24.2599 0.0000e+00
      0.074      0.002     5.5536     66.290     26.932  26.532333     3.8185      7.632   259.8033 2.1787e+02     1.4689      0.072      0.104    24.2523 0.0000e+00
      0.075      0.003     5.5448     66.187     26.944  26.543999     3.8076      7.626   252.8322 2.1686e+02     1.4860      0.073      0.107    24.2537 0.0000e+00
      0.076      0.003     5.5393     66.125     26.955  26.556585     3.8010      7.622   254.5971 2.1569e+02     1.5175      0.074      0.108    24.2540 0.0000e+00
      0.077      0.003     5.5314     66.037     26.953  26.557521     3.7855      7.621   263.5898 2.1482e+02     1.5450      0.075      0.108    24.2519 0.0000e+00
      0.078      0.002     5.5199     65.906     26.948  26.555325     3.7660      7.618   263.8213 2.1436e+02     1.5435      0.076      0.110    24.2501 0.0000e+00
      0.078     -0.001     5.5144     65.848     26.919  26.530032     3.7590      7.609   254.3848 2.1411e+02     1.5297      0.076      0.111    24.2513 0.0000e+00
      0.078     -0.004     5.5140     65.850     26.891  26.505684     3.7560      7.600   248.3541 2.1424e+02     1.5616      0.076      0.111    24.2558 0.0000e+00
      0.077     -0.008     5.5132     65.847     26.898  26.514919     3.7478      7.600   246.7440 2.1463e+02     1.6546      0.077      0.111    24.2609 0.0000e+00
      0.075     -0.010     5.5116     65.832     26.896  26.514709     3.7423      7.606   245.9300 2.1508e+02     1.7072      0.075      0.109    24.2654 0.0000e+00
      0.071     -0.008     5.5111     65.825     26.885  26.503146     3.7452      7.616   245.7390 2.1478e+02     1.6794      0.070      0.103    24.2712 0.0000e+00
      0.064     -0.002     5.5149     65.866     26.885  26.502095     3.7552      7.626   245.5530 2.2037e+02     1.6539      0.064      0.093    24.2772 0.0000e+00
      0.059      0.007     5.5253     65.985     26.888  26.502000     3.7616      7.633   245.4888 2.3179e+02     1.6436      0.055      0.080    24.2838 0.0000e+00
      0.060      0.017     5.5431     66.193     26.890  26.501992     3.7584      7.635   245.6506 2.3796e+02     1.6463      0.055      0.081    24.2869 0.0000e+00
      0.070      0.024     5.5659     66.458     26.893  26.502002     3.7533      7.637   245.7890 2.4131e+02     1.6866      0.069      0.100    24.2845 0.0000e+00
      0.084      0.028     5.5939     66.781     26.898  26.502117     3.7548      7.639   246.0426 2.4392e+02     1.7030      0.083      0.121    24.2844 0.0000e+00
      0.097      0.028     5.6292     67.195     26.902  26.503376     3.7592      7.641   246.3079 2.4411e+02     1.6614      0.095      0.138    24.2768 0.0000e+00
