Data/DataNotYetUploadedToEDI/Raw_CTD/RawDownloads/053118_bvr50.cnv
* Sea-Bird SBE19plus  Data File:
* FileName = C:\DATA\060418_fcr50_0001.hex
* Software version 2.6.3.104 SB_Terminal.dll
* Temperature SN = 7809
* Conductivity SN = 7809
* System UpLoad Time = Jun 04 2018 16:27:19
* <ApplicationData>
* <Seaterm232>
# nquan = 15
# nvalues = 1137                        
# units = specified
# name 0 = depFM: Depth [fresh water, m]
# name 1 = dz/dtM: Descent Rate [m/s]
# name 2 = sbeox0Mg/L: Oxygen, SBE 43 [mg/l]
# name 3 = sbeox0PS: Oxygen, SBE 43 [% saturation]
# name 4 = specc: Specific Conductance [uS/cm]
# name 5 = c0uS/cm: Conductivity [uS/cm]
# name 6 = flECO-AFL: Fluorescence, WET Labs ECO-AFL/FL [mg/m^3]
# name 7 = ph: pH
# name 8 = orp: Oxidation Reduction Potential [mV]
# name 9 = par/sat/log: PAR/Logarithmic, Satlantic
# name 10 = turbWETntu0: Turbidity, WET Labs ECO [NTU]
# name 11 = prdM: Pressure, Strain Gauge [db]
# name 12 = prdE: Pressure, Strain Gauge [psi]
# name 13 = tv290C: Temperature [ITS-90, deg C]
# name 14 = flag:  0.000e+00
# span 0 =     -0.662,     11.181       
# span 1 =     -3.857,      2.803       
# span 2 =    -0.0203,    11.0309       
# span 3 =     -0.172,    125.185       
# span 4 =      0.422,    100.585       
# span 5 =   0.426145,  64.891412       
# span 6 =    -0.2025,     9.8606       
# span 7 =     -2.492,      7.874       
# span 8 = -1240.7455,   457.6793       
# span 9 = 1.2536e-01, 1.0947e+03       
# span 10 =    -0.3073,    25.9940      
# span 11 =     -0.650,     10.965      
# span 12 =     -0.942,     15.904      
# span 13 =     7.2483,    27.3165      
# span 14 = 0.0000e+00, 0.0000e+00      
# interval = seconds: 0.25
# start_time = May 31 2018 15:54:59 [Instrument's time stamp, header]
# bad_flag = -9.990e-29
*END*
[from data line 1061]
     10.847      0.104     0.0969      0.804     85.366  55.079222     0.8864      6.693    88.0136 1.2550e-01     1.6291     10.642     15.435     7.2639 0.0000e+00
     10.873      0.097     0.0949      0.787     85.810  55.364544     0.9093      6.696    87.4085 1.2550e-01     1.7049     10.665     15.467     7.2619 0.0000e+00
     10.892      0.089     0.0935      0.775     86.564  55.848999     0.9091      6.700    86.6190 1.2545e-01     1.6494     10.682     15.493     7.2604 0.0000e+00
     10.907      0.085     0.0911      0.755     87.556  56.485536     0.8656      6.704    85.6951 1.2544e-01     1.5064     10.695     15.513     7.2594 0.0000e+00
     10.922      0.086     0.0883      0.733     88.488  57.083352     0.8333      6.709    84.6693 1.2547e-01     1.4714     10.710     15.534     7.2587 0.0000e+00
     10.942      0.088     0.0891      0.739     88.913  57.353888     0.8496      6.713    83.6803 1.2547e-01     1.5311     10.727     15.558     7.2584 0.0000e+00
     10.970      0.088     0.0926      0.768     89.094  57.467254     0.8976      6.716    82.8564 1.2551e-01     1.6482     10.753     15.597     7.2573 0.0000e+00
     11.003      0.083     0.0946      0.785     89.344  57.627323     0.9257      6.721    82.1077 1.2551e-01     1.6982     10.793     15.654     7.2554 0.0000e+00
     11.029      0.074     0.0946      0.785     89.750  57.890190     0.9052      6.727    81.3386 1.2542e-01     1.6164     10.822     15.695     7.2531 0.0000e+00
     11.044      0.062     0.0941      0.781     90.271  58.228937     0.8614      6.731    80.6983 1.2540e-01     1.4834     10.832     15.711     7.2508 0.0000e+00
     11.052      0.047     0.0926      0.767     90.557  58.416095     0.8642      6.736    80.2173 1.2543e-01     1.4937     10.839     15.721     7.2490 0.0000e+00
     11.059      0.034     0.0907      0.751     90.487  58.372412     0.9121      6.739    79.7386 1.2545e-01     1.6793     10.845     15.729     7.2483 0.0000e+00
     11.065      0.026     0.0904      0.749     90.430  58.336727     0.9345      6.742    79.2129 1.2549e-01     1.7749     10.851     15.739     7.2488 0.0000e+00
     11.071      0.022     0.0900      0.746     90.770  58.557006     0.9050      6.747    78.6798 1.2553e-01     1.6727     10.858     15.748     7.2502 0.0000e+00
     11.076      0.020     0.0893      0.741     91.456  59.000667     0.8502      6.751    78.1963 1.2556e-01     1.5117     10.863     15.756     7.2524 0.0000e+00
     11.080      0.018     0.0898      0.745     92.826  59.885106     0.8411      6.754    77.7549 1.2554e-01     1.5071     10.866     15.760     7.2532 0.0000e+00
     11.085      0.017     0.0909      0.754     94.528  60.982421     0.9048      6.757    77.3003 1.2547e-01     1.6784     10.871     15.767     7.2530 0.0000e+00
     11.089      0.016     0.0929      0.770     94.567  61.010429     0.9683      6.759    76.8293 1.2547e-01     1.8432     10.875     15.773     7.2539 0.0000e+00
     11.093      0.016     0.0955      0.792     93.533  60.350965     0.9573      6.761    76.3628 1.2549e-01     1.8202     10.879     15.778     7.2550 0.0000e+00
     11.097      0.016     0.0969      0.804     94.568  61.023048     0.8727      6.765    75.7035 1.2549e-01     1.5845     10.883     15.784     7.2554 0.0000e+00
     11.101      0.016     0.0947      0.786     97.290  62.775813     0.7713      6.769    74.6216 1.2552e-01     1.3428     10.886     15.789     7.2534 0.0000e+00
     11.105      0.016     0.0905      0.751     99.671  64.305829     0.7143      6.772    73.2636 1.2555e-01     1.2488     10.891     15.796     7.2543 0.0000e+00
     11.109      0.016     0.0881      0.731    100.585  64.891412     0.7081      6.775    72.0173 1.2553e-01     1.2416     10.894     15.801     7.2611 0.0000e+00
     11.114      0.016     0.0868      0.720     99.310  64.066797     0.7232      6.779    71.1686 1.2550e-01     1.2551     10.899     15.807     7.2642 0.0000e+00
     11.119      0.015     0.0861      0.714     97.634  62.987309     0.7319      6.783    70.4872 1.2546e-01     1.2286     10.905     15.816     7.2608 0.0000e+00
     11.123      0.014     0.0878      0.728     96.911  62.526775     0.7223      6.785    69.8011 1.2543e-01     1.1343     10.908     15.821     7.2570 0.0000e+00
     11.125      0.014     0.0895      0.743     96.765  62.442403     0.7166      6.788    69.2405 1.2546e-01     1.0612     10.910     15.824     7.2549 0.0000e+00
     11.128      0.013     0.0890      0.738     96.501  62.285248     0.7191      6.792    68.8714 1.2553e-01     1.0162     10.912     15.827     7.2535 0.0000e+00
     11.132      0.012     0.0885      0.734     95.881  61.898795     0.7161      6.797    68.7789 1.2557e-01     0.9871     10.917     15.833     7.2546 0.0000e+00
     11.135      0.012     0.0897      0.744     95.478  61.649974     0.7162      6.799    68.6391 1.2556e-01     0.9834     10.920     15.838     7.2574 0.0000e+00
     11.138      0.012     0.0894      0.742     95.332  61.566688     0.7200      6.800    68.0413 1.2551e-01     0.9724     10.922     15.843     7.2625 0.0000e+00
     11.141      0.011     0.0868      0.721     95.153  61.464261     0.7080      6.803    67.2292 1.2546e-01     0.9764     10.925     15.846     7.2703 0.0000e+00
     11.144      0.010     0.0849      0.705     95.768  61.874479     0.6987      6.806    66.7356 1.2545e-01     1.0622     10.928     15.851     7.2779 0.0000e+00
     11.146      0.009     0.0855      0.710     97.443  62.964299     0.7180      6.807    66.2888 1.2545e-01     1.2160     10.930     15.853     7.2832 0.0000e+00
     11.148      0.007     0.0868      0.720     97.886  63.255031     0.7296      6.810    65.6133 1.2546e-01     1.3104     10.932     15.856     7.2879 0.0000e+00
     11.151      0.006     0.0882      0.732     96.657  62.463839     0.7191      6.813    65.1929 1.2547e-01     1.3179     10.935     15.860     7.2965 0.0000e+00
     11.153      0.004     0.0904      0.750     95.226  61.540274     0.7113      6.815    64.7340 1.2547e-01     1.3069     10.937     15.863     7.3039 0.0000e+00
     11.153      0.002     0.0884      0.734     93.790  60.611834     0.7088      6.818    63.9363 1.2549e-01     1.2997     10.937     15.863     7.3069 0.0000e+00
     11.153      0.001     0.0859      0.714     92.772  59.952043     0.7071      6.821    63.2921 1.2552e-01     1.2922     10.937     15.862     7.3093 0.0000e+00
     11.153      0.001     0.0874      0.726     92.139  59.541538     0.7088      6.824    62.9671 1.2555e-01     1.2777     10.937     15.863     7.3104 0.0000e+00
     11.152      0.001     0.0872      0.724     91.522  59.146483     0.7025      6.827    62.8466 1.2555e-01     1.2158     10.936     15.862     7.3109 0.0000e+00
     11.152      0.002     0.0851      0.707     91.562  59.182255     0.6767      6.831    62.6947 1.2552e-01     1.0928     10.935     15.860     7.3114 0.0000e+00
     11.153      0.004     0.0855      0.710     92.268  59.656136     0.6637      6.835    62.5067 1.2547e-01     1.0103     10.937     15.862     7.3099 0.0000e+00
     11.154      0.006     0.0887      0.737     93.230  60.296924     0.6830      6.837    62.3813 1.2540e-01     1.0423     10.938     15.864     7.3078 0.0000e+00
     11.155      0.008     0.0923      0.768     93.927  60.760576     0.7169      6.839    62.1252 1.2545e-01     1.1443     10.940     15.867     7.3094 0.0000e+00
     11.158      0.009     0.0923      0.767     95.073  61.509571     0.7522      6.840    61.7329 1.2559e-01     1.2061     10.942     15.870     7.3146 0.0000e+00
     11.161      0.009     0.0889      0.739     96.273  62.292257     0.7792      6.841    61.3382 1.2564e-01     1.2406     10.944     15.873     7.3251 0.0000e+00
     11.164      0.010     0.0885      0.736     95.357  61.700362     0.7766      6.843    60.9666 1.2557e-01     1.2561     10.949     15.879     7.3382 0.0000e+00
     11.166      0.010     0.0902      0.750     93.740  60.650468     0.7394      6.844    60.5950 1.2551e-01     1.1795     10.951     15.883     7.3435 0.0000e+00
     11.168      0.009     0.0907      0.754     94.065  60.856610     0.7059      6.845    60.1148 1.2548e-01     1.0782     10.952     15.885     7.3469 0.0000e+00
     11.170      0.008     0.0882      0.733     95.100  61.521016     0.7014      6.847    59.7212 1.2541e-01     1.0387     10.954     15.888     7.3514 0.0000e+00
     11.173      0.007     0.0843      0.702     94.481  61.114531     0.7139      6.848    59.7929 1.2537e-01     1.0673     10.957     15.891     7.3512 0.0000e+00
     11.175      0.006     0.0838      0.698     92.784  60.012910     0.7189      6.850    59.9497 1.2542e-01     1.0888     10.959     15.894     7.3487 0.0000e+00
     11.176      0.005     0.0852      0.709     92.024  59.522861     0.7155      6.851    59.7235 1.2546e-01     1.1151     10.960     15.896     7.3465 0.0000e+00
     11.177      0.003     0.0859      0.715     93.277  60.340883     0.7098      6.852    59.2094 1.2547e-01     1.2022     10.961     15.897     7.3442 0.0000e+00
     11.177      0.002     0.0863      0.717     92.907  60.108869     0.7049      6.853    58.5517 1.2549e-01     1.2562     10.961     15.898     7.3404 0.0000e+00
     11.177      0.002     0.0861      0.715     89.820  58.116226     0.7121      6.855    58.0530 1.2550e-01     1.2806     10.961     15.898     7.3372 0.0000e+00
     11.178      0.001     0.0853      0.709     88.943  57.553779     0.7324      6.858    58.0833 1.2550e-01     1.3137     10.962     15.899     7.3378 0.0000e+00
     11.178      0.001     0.0861      0.716     89.938  58.206164     0.7568      6.863    58.4024 1.2552e-01     1.2904     10.962     15.899     7.3425 0.0000e+00
     11.178      0.001     0.0883      0.734     90.473  58.563614     0.7679      6.867    58.4692 1.2551e-01     1.2426     10.962     15.899     7.3489 0.0000e+00
     11.178      0.001     0.0883      0.734     90.459  58.568636     0.7756      6.869    58.1165 1.2549e-01     1.2542     10.963     15.901     7.3498 0.0000e+00
     11.178      0.001     0.0883      0.734     89.378  57.885192     0.7765      6.872    57.4074 1.2548e-01     1.2788     10.962     15.900     7.3509 0.0000e+00
     11.178      0.001     0.0905      0.753     89.032  57.677346     0.7500      6.874    56.7784 1.2548e-01     1.2660     10.962     15.899     7.3575 0.0000e+00
     11.179      0.001     0.0895      0.745     92.599  59.998638     0.7226      6.876    56.6207 1.2552e-01     1.2519     10.963     15.900     7.3631 0.0000e+00
     11.179      0.001     0.0858      0.714     97.504  63.180952     0.7121      6.878    56.4463 1.2553e-01     1.2295     10.963     15.901     7.3701 0.0000e+00
     11.179      0.001     0.0842      0.700     97.536  63.206447     0.7054      6.879    55.7023 1.2555e-01     1.2098     10.963     15.900     7.3811 0.0000e+00
     11.179      0.000     0.0842      0.700     92.463  59.926661     0.7057      6.879    54.7668 1.2555e-01     1.2270     10.963     15.901     7.3912 0.0000e+00
     11.179      0.000     0.0843      0.701     86.532  56.090775     0.7162      6.879    54.3413 1.2545e-01     1.2540     10.963     15.901     7.3965 0.0000e+00
     11.180      0.000     0.0845      0.702     82.559  53.522425     0.7227      6.879    54.4287 1.2536e-01     1.2624     10.963     15.901     7.3974 0.0000e+00
     11.180      0.001     0.0850      0.707     80.815  52.400945     0.7191      6.879    54.7051 1.2537e-01     1.2674     10.963     15.901     7.3985 0.0000e+00
     11.180      0.001     0.0860      0.716     80.769  52.385990     0.7273      6.879    54.7583 1.2542e-01     1.2824     10.963     15.901     7.4044 0.0000e+00
     11.180      0.001     0.0865      0.721     81.151  52.642407     0.7394      6.879    54.6417 1.2545e-01     1.2912     10.963     15.901     7.4092 0.0000e+00
     11.180 -9.990e-29 -9.990e-29 -9.990e-29 -9.990e-29 -9.990e-29 -9.990e-29 -9.990e-29 -9.990e-29 1.2543e-01 -9.990e-29     10.964     15.902     7.4129 0.0000e+00
     11.181 -9.990e-29 -9.990e-29 -9.990e-29 -9.990e-29 -9.990e-29 -9.990e-29 -9.990e-29 -9.990e-29 1.2538e-01 -9.990e-29     10.965     15.903     7.4163 0.0000e+00
     11.181 -9.990e-29 -9.990e-29 -9.990e-29 -9.990e-29 -9.990e-29 -9.990e-29 -9.990e-29 -9.990e-29 1.2543e-01 -9.990e-29     10.965     15.903     7.4281 0.0000e+00
     11.181 -9.990e-29 -9.990e-29 -9.990e-29 -9.990e-29 -9.990e-29 -9.990e-29 -9.990e-29 -9.990e-29 1.2548e-01 -9.990e-29     10.965     15.904     7.4397 0.0000e+00
