Data/DataNotYetUploadedToEDI/Raw_CTD/RawDownloads/060418_fcr50.cnv
* Sea-Bird SBE19plus  Data File:
* FileName = C:\DATA\060418_fcr50_0007.hex
* Software version 2.6.3.104 SB_Terminal.dll
* Temperature SN = 7809
* Conductivity SN = 7809
* System UpLoad Time = Jun 04 2018 16:29:52
* <ApplicationData>
* <Seaterm232>
# nquan = 15
# nvalues = 395                         
# units = specified
# name 0 = depFM: Depth [fresh water, m]
# name 1 = dz/dtM: Descent Rate [m/s]
# name 2 = sbeox0Mg/L: Oxygen, SBE 43 [mg/l]
# name 3 = sbeox0PS: Oxygen, SBE 43 [% saturation]
# name 4 = specc: Specific Conductance [uS/cm]
# name 5 = c0uS/cm: Conductivity [uS/cm]
# name 6 = flECO-AFL: Fluorescence, WET Labs ECO-AFL/FL [mg/m^3]
# name 7 = ph: pH
# name 8 = orp: Oxidation Reduction Potential [mV]
# name 9 = par/sat/log: PAR/Logarithmic, Satlantic
# name 10 = turbWETntu0: Turbidity, WET Labs ECO [NTU]
# name 11 = prdM: Pressure, Strain Gauge [db]
# name 12 = prdE: Pressure, Strain Gauge [psi]
# name 13 = tv290C: Temperature [ITS-90, deg C]
# name 14 = flag:  0.000e+00
# span 0 =     -0.624,      9.575       
# span 1 =     -0.135,      0.256       
# span 2 =     4.3032,     9.3257       
# span 3 =     39.389,    100.279       
# span 4 =      0.723,     41.440       
# span 5 =   0.636587,  30.967768       
# span 6 =    -1.1339,     2.6556       
# span 7 =      5.991,      7.709       
# span 8 = -1240.7455,   344.3536       
# span 9 = 2.9112e-01, 2.6245e+03       
# span 10 =    -0.6717,    26.0111      
# span 11 =     -0.612,      9.390      
# span 12 =     -0.887,     13.620      
# span 13 =    10.1291,    23.7385      
# span 14 = 0.0000e+00, 0.0000e+00      
# interval = seconds: 0.25
# start_time = Jun 04 2018 15:25:14 [Instrument's time stamp, header]
# bad_flag = -9.990e-29
*END*
[from data line 290]
      5.855      0.100     7.6909     68.396     41.375  29.094723     1.0999      6.453   335.0424 5.4566e+00     1.7560      5.743      8.330    10.1617 0.0000e+00
      5.878      0.098     7.6947     68.427     41.368  29.088932     1.0915      6.451   335.2807 5.3444e+00     1.7471      5.764      8.359    10.1605 0.0000e+00
      5.901      0.100     7.7019     68.490     41.377  29.094598     1.0885      6.446   335.7813 5.2236e+00     1.7156      5.786      8.391    10.1599 0.0000e+00
      5.926      0.106     7.7107     68.567     41.385  29.099728     1.0915      6.441   336.1052 5.0961e+00     1.7115      5.812      8.430    10.1588 0.0000e+00
      5.951      0.111     7.7193     68.643     41.368  29.087449     1.0914      6.436   336.0995 4.9638e+00     1.6969      5.835      8.463    10.1572 0.0000e+00
      5.979      0.116     7.7272     68.713     41.348  29.073145     1.0876      6.432   336.1418 4.8111e+00     1.6614      5.861      8.499    10.1563 0.0000e+00
      6.014      0.120     7.7351     68.783     41.321  29.053788     1.0920      6.428   336.3585 4.6491e+00     1.6482      5.897      8.554    10.1557 0.0000e+00
      6.051      0.125     7.7458     68.877     41.307  29.043911     1.1255      6.425   336.4833 4.5130e+00     1.7205      5.937      8.612    10.1550 0.0000e+00
      6.081      0.130     7.7556     68.963     41.360  29.080735     1.1895      6.421   336.4461 4.3999e+00     1.8639      5.963      8.649    10.1540 0.0000e+00
      6.109      0.134     7.7597     68.998     41.414  29.117998     1.2225      6.417   336.5104 4.2830e+00     1.9481      5.988      8.686    10.1546 0.0000e+00
      6.141      0.135     7.7602     69.002     41.407  29.113433     1.2124      6.414   336.6581 4.1485e+00     1.9443      6.021      8.732    10.1544 0.0000e+00
      6.180      0.134     7.7598     69.000     41.372  29.089041     1.2138      6.412   336.7696 3.9842e+00     1.9100      6.059      8.788    10.1532 0.0000e+00
      6.221      0.133     7.7596     69.000     41.354  29.077084     1.2304      6.412   336.9128 3.8199e+00     1.8996      6.103      8.852    10.1531 0.0000e+00
      6.257      0.131     7.7586     68.994     41.379  29.095870     1.2384      6.410   336.9263 3.6913e+00     1.9104      6.137      8.901    10.1525 0.0000e+00
      6.288      0.131     7.7549     68.963     41.419  29.125671     1.2373      6.408   336.7605 3.5985e+00     1.8878      6.167      8.944    10.1517 0.0000e+00
      6.315      0.131     7.7514     68.933     41.410  29.119889     1.2349      6.406   336.7158 3.5254e+00     1.8392      6.193      8.984    10.1522 0.0000e+00
      6.342      0.133     7.7504     68.928     41.365  29.089458     1.2379      6.403   336.9015 3.4300e+00     1.7803      6.216      9.016    10.1534 0.0000e+00
      6.377      0.136     7.7494     68.920     41.344  29.075253     1.2458      6.401   337.1987 3.3085e+00     1.7256      6.250      9.066    10.1559 0.0000e+00
      6.418      0.138     7.7469     68.898     41.344  29.075149     1.2468      6.400   337.4703 3.1859e+00     1.6976      6.295      9.130    10.1574 0.0000e+00
      6.459      0.141     7.7433     68.868     41.361  29.088200     1.2231      6.397   337.6908 3.0781e+00     1.6852      6.337      9.189    10.1574 0.0000e+00
      6.495      0.145     7.7388     68.830     41.385  29.106043     1.1884      6.393   337.8849 2.9881e+00     1.6976      6.372      9.241    10.1593 0.0000e+00
      6.527      0.148     7.7354     68.802     41.375  29.100373     1.1768      6.389   337.9249 2.9153e+00     1.7254      6.402      9.286    10.1605 0.0000e+00
      6.559      0.148     7.7339     68.787     41.352  29.083150     1.1749      6.388   337.8290 2.8454e+00     1.7164      6.429      9.325    10.1599 0.0000e+00
      6.598      0.146     7.7317     68.763     41.362  29.088307     1.1747      6.388   337.7589 2.7452e+00     1.6807      6.465      9.377    10.1612 0.0000e+00
      6.644      0.142     7.7275     68.719     41.382  29.099229     1.2016      6.388   337.7653 2.6340e+00     1.6602      6.517      9.452    10.1640 0.0000e+00
      6.688      0.136     7.7215     68.661     41.370  29.088195     1.2332      6.389   337.8212 2.5535e+00     1.6508      6.563      9.519    10.1649 0.0000e+00
      6.721      0.128     7.7142     68.594     41.363  29.081901     1.2357      6.389   337.9177 2.4856e+00     1.6583      6.593      9.563    10.1638 0.0000e+00
      6.747      0.120     7.7056     68.514     41.372  29.086633     1.2232      6.388   338.0726 2.4190e+00     1.6899      6.618      9.598    10.1612 0.0000e+00
      6.769      0.113     7.6975     68.441     41.366  29.081903     1.2007      6.387   338.2316 2.3713e+00     1.6972      6.637      9.626    10.1564 0.0000e+00
      6.794      0.113     7.6928     68.398     41.376  29.088206     1.1757      6.385   338.3771 2.3213e+00     1.6858      6.660      9.659    10.1533 0.0000e+00
      6.824      0.119     7.6904     68.375     41.393  29.099345     1.1685      6.384   338.5404 2.2585e+00     1.7048      6.692      9.705    10.1517 0.0000e+00
      6.855      0.126     7.6894     68.364     41.381  29.089569     1.1691      6.382   338.6583 2.1947e+00     1.7133      6.722      9.750    10.1501 0.0000e+00
      6.889      0.132     7.6920     68.388     41.391  29.097017     1.1826      6.380   338.7695 2.1234e+00     1.7880      6.753      9.795    10.1493 0.0000e+00
      6.926      0.136     7.6967     68.432     41.431  29.125891     1.2127      6.379   339.0236 2.0529e+00     1.9674      6.792      9.851    10.1485 0.0000e+00
      6.965      0.139     7.6991     68.453     41.424  29.121159     1.2296      6.377   339.3231 1.9875e+00     2.0810      6.831      9.908    10.1477 0.0000e+00
      7.000      0.141     7.7008     68.467     41.399  29.103306     1.2313      6.374   339.6369 1.9278e+00     2.0943      6.865      9.957    10.1465 0.0000e+00
      7.033      0.142     7.7035     68.491     41.395  29.100544     1.2241      6.371   339.8929 1.8839e+00     1.9756      6.896     10.001    10.1464 0.0000e+00
      7.068      0.141     7.7073     68.528     41.375  29.087758     1.2158      6.369   339.9228 1.8363e+00     1.7749      6.930     10.051    10.1485 0.0000e+00
      7.107      0.139     7.7128     68.580     41.355  29.075720     1.2232      6.367   339.9114 1.7723e+00     1.7132      6.969     10.108    10.1487 0.0000e+00
      7.146      0.138     7.7192     68.640     41.362  29.082007     1.2303      6.365   340.0139 1.7120e+00     1.7479      7.009     10.166    10.1471 0.0000e+00
      7.181      0.138     7.7265     68.706     41.387  29.100271     1.2286      6.362   340.2162 1.6653e+00     1.7364      7.043     10.215    10.1464 0.0000e+00
      7.213      0.139     7.7337     68.768     41.396  29.106034     1.2293      6.360   340.4637 1.6324e+00     1.7269      7.073     10.258    10.1486 0.0000e+00
      7.244      0.141     7.7388     68.811     41.373  29.088185     1.2299      6.357   340.5974 1.6120e+00     1.7244      7.104     10.303    10.1524 0.0000e+00
      7.279      0.142     7.7407     68.824     41.357  29.074964     1.2267      6.356   340.5419 1.5733e+00     1.7059      7.137     10.351    10.1540 0.0000e+00
      7.318      0.143     7.7413     68.827     41.356  29.073180     1.1995      6.355   340.5676 1.5062e+00     1.6863      7.175     10.407    10.1540 0.0000e+00
      7.359      0.145     7.7409     68.822     41.347  29.066617     1.1587      6.353   340.8229 1.4495e+00     1.6717      7.218     10.469    10.1533 0.0000e+00
      7.398      0.148     7.7372     68.789     41.337  29.059117     1.1473      6.350   340.9611 1.4103e+00     1.6818      7.258     10.526    10.1509 0.0000e+00
      7.433      0.149     7.7314     68.738     41.318  29.045995     1.1536      6.348   340.7760 1.3774e+00     1.6860      7.291     10.573    10.1483 0.0000e+00
      7.465      0.147     7.7261     68.690     41.303  29.034973     1.1613      6.348   340.5640 1.3522e+00     1.6917      7.319     10.616    10.1472 0.0000e+00
      7.504      0.144     7.7210     68.641     41.331  29.052860     1.1762      6.348   340.6342 1.3185e+00     1.6899      7.355     10.669    10.1467 0.0000e+00
      7.548      0.141     7.7153     68.588     41.359  29.071753     1.1960      6.348   340.7643 1.2737e+00     1.6953      7.404     10.739    10.1466 0.0000e+00
      7.587      0.139     7.7120     68.557     41.362  29.072889     1.2165      6.348   340.8468 1.2417e+00     1.7259      7.444     10.797    10.1476 0.0000e+00
      7.619      0.138     7.7097     68.534     41.355  29.066590     1.2306      6.346   341.1151 1.2113e+00     1.7240      7.470     10.833    10.1463 0.0000e+00
      7.649      0.139     7.7052     68.494     41.345  29.059098     1.2287      6.343   341.3416 1.1720e+00     1.7028      7.501     10.879    10.1438 0.0000e+00
      7.680      0.142     7.7021     68.469     41.324  29.045808     1.2211      6.340   341.3481 1.1527e+00     1.6834      7.532     10.924    10.1428 0.0000e+00
      7.714      0.142     7.7035     68.486     41.302  29.032908     1.2215      6.340   341.2791 1.1254e+00     1.6721      7.560     10.965    10.1424 0.0000e+00
      7.756      0.138     7.7088     68.536     41.296  29.030137     1.2249      6.341   341.1964 1.0603e+00     1.6886      7.605     11.029    10.1400 0.0000e+00
      7.802      0.131     7.7138     68.582     41.270  29.012297     1.2064      6.342   341.2087 1.0101e+00     1.7006      7.655     11.103    10.1386 0.0000e+00
      7.841      0.126     7.7168     68.610     41.262  29.007722     1.1641      6.342   341.6000 1.0054e+00     1.6943      7.696     11.163    10.1414 0.0000e+00
      7.866      0.124     7.7198     68.638     41.305  29.038317     1.1446      6.338   342.2271 1.0083e+00     1.7036      7.718     11.193    10.1450 0.0000e+00
      7.881      0.126     7.7234     68.668     41.344  29.064702     1.1549      6.335   342.5096 9.8336e-01     1.7211      7.726     11.206    10.1465 0.0000e+00
      7.903      0.131     7.7260     68.687     41.358  29.072729     1.1962      6.332   342.5216 9.4698e-01     1.7238      7.744     11.231    10.1470 0.0000e+00
      7.939      0.143     7.7282     68.702     41.360  29.071864     1.2573      6.329   342.6301 9.1246e-01     1.7055      7.782     11.286    10.1479 0.0000e+00
      7.988      0.158     7.7312     68.727     41.337  29.054236     1.2875      6.325   342.7881 8.7343e-01     1.6825      7.835     11.363    10.1491 0.0000e+00
      8.038      0.172     7.7331     68.742     41.332  29.050101     1.2953      6.323   342.7981 8.4144e-01     1.6898      7.884     11.435    10.1483 0.0000e+00
      8.083      0.181     7.7347     68.756     41.382  29.085369     1.2876      6.321   342.8371 8.1995e-01     1.7335      7.927     11.497    10.1450 0.0000e+00
      8.126      0.183     7.7367     68.771     41.404  29.099634     1.2582      6.320   343.1738 7.9474e-01     1.7534      7.968     11.556    10.1420 0.0000e+00
      8.172      0.184     7.7372     68.774     41.400  29.095565     1.2340      6.319   343.5997 7.6332e-01     1.7163      8.012     11.620    10.1404 0.0000e+00
      8.221      0.187     7.7391     68.790     41.406  29.099673     1.2250      6.317   343.7704 7.3434e-01     1.6815      8.063     11.694    10.1402 0.0000e+00
      8.269      0.191     7.7396     68.795     41.387  29.085797     1.2225      6.314   343.6026 7.0671e-01     1.6688      8.111     11.764    10.1400 0.0000e+00
      8.317      0.193     7.7341     68.747     41.342  29.054807     1.2043      6.314   343.3776 6.8706e-01     1.6547      8.153     11.825    10.1383 0.0000e+00
      8.367      0.190     7.7248     68.666     41.323  29.042489     1.1797      6.314   343.2011 6.7879e-01     1.6634      8.203     11.898    10.1373 0.0000e+00
      8.420      0.184     7.7155     68.584     41.353  29.063873     1.1725      6.315   343.1038 6.6267e-01     1.6824      8.261     11.981    10.1366 0.0000e+00
      8.469      0.177     7.7073     68.510     41.347  29.059338     1.1635      6.315   343.2332 6.3670e-01     1.7014      8.309     12.051    10.1365 0.0000e+00
      8.512      0.171     7.7019     68.460     41.337  29.051165     1.1537      6.315   343.3890 6.1049e-01     1.7407      8.349     12.110    10.1374 0.0000e+00
      8.551      0.165     7.7010     68.449     41.397  29.092050     1.1553      6.314   343.6110 5.8714e-01     1.7599      8.386     12.162    10.1382 0.0000e+00
      8.589      0.164     7.7017     68.452     41.424  29.109146     1.1556      6.312   344.0252 5.6468e-01     1.7501      8.420     12.213    10.1392 0.0000e+00
      8.629      0.170     7.7038     68.469     41.366  29.067356     1.1564      6.309   344.3536 5.4009e-01     1.7445      8.461     12.273    10.1387 0.0000e+00
      8.670      0.182     7.7086     68.511     41.316  29.031299     1.1656      6.305   344.3116 5.2124e-01     1.7534      8.502     12.333    10.1370 0.0000e+00
      8.715      0.194     7.7143     68.564     41.347  29.054206     1.1741      6.304   343.9470 5.0990e-01     1.7659      8.544     12.392    10.1352 0.0000e+00
      8.767      0.204     7.7185     68.604     41.396  29.090307     1.1677      6.304   343.6451 4.9546e-01     1.7430      8.595     12.465    10.1332 0.0000e+00
      8.827      0.209     7.7198     68.616     41.390  29.086771     1.1522      6.303   343.7586 4.6876e-01     1.6908      8.656     12.555    10.1311 0.0000e+00
      8.889      0.210     7.7202     68.618     41.375  29.074956     1.1526      6.302   344.1147 4.4546e-01     1.6834      8.719     12.645    10.1311 0.0000e+00
      8.944      0.203     7.7203     68.617     41.375  29.074459     1.1640      6.303   344.1650 4.3643e-01     1.7154      8.775     12.726    10.1325 0.0000e+00
      8.993      0.185     7.7175     68.590     41.385  29.080764     1.1704      6.304   343.6793 4.2923e-01     1.7413      8.820     12.792    10.1344 0.0000e+00
      9.040      0.159     7.7135     68.553     41.396  29.087682     1.1659      6.306   342.9738 4.2364e-01     1.7523      8.864     12.856    10.1353 0.0000e+00
      9.085      0.131     7.7110     68.531     41.406  29.094594     1.1092      6.308   342.6898 4.1544e-01     1.7271      8.913     12.928    10.1341 0.0000e+00
      9.119      0.109     7.7104     68.528     41.414  29.100831     1.0178      6.311   342.7412 4.0051e-01     1.7102      8.949     12.980    10.1328 0.0000e+00
      9.135      0.099     7.7104     68.530     41.409  29.099596     0.9795      6.311   342.9068 3.9164e-01     1.7015      8.963     13.000    10.1318 0.0000e+00
      9.140      0.101     7.7094     68.523     41.379  29.079652     0.9775      6.307   343.3152 3.9300e-01     1.6831      8.961     12.995    10.1307 0.0000e+00
      9.151      0.115     7.7060     68.493     41.338  29.050211     0.9652      6.304   343.5487 3.8580e-01     1.7009      8.966     13.004    10.1306 0.0000e+00
      9.181      0.135     7.7000     68.439     41.355  29.061138     1.0062      6.304   343.4934 3.6604e-01     1.7031      8.997     13.050    10.1320 0.0000e+00
      9.229      0.158     7.6943     68.385     41.390  29.084764     1.1052      6.305   343.2495 3.4984e-01     1.6794      9.046     13.120    10.1342 0.0000e+00
      9.285      0.178     7.6890     68.336     41.387  29.081852     1.1606      6.306   342.9223 3.3526e-01     1.6894      9.106     13.207    10.1354 0.0000e+00
      9.340      0.188     7.6845     68.296     41.398  29.089437     1.1616      6.306   342.8919 3.2674e-01     1.7321      9.163     13.289    10.1355 0.0000e+00
