Data/DataNotYetUploadedToEDI/Raw_CTD/RawDownloads/060418_fcr10.cnv
* Sea-Bird SBE19plus  Data File:
* FileName = C:\DATA\060418_fcr50_0003.hex
* Software version 2.6.3.104 SB_Terminal.dll
* Temperature SN = 7809
* Conductivity SN = 7809
* System UpLoad Time = Jun 04 2018 16:28:04
* <ApplicationData>
* <Seaterm232>
# nquan = 15
# nvalues = 511                         
# units = specified
# name 0 = depFM: Depth [fresh water, m]
# name 1 = dz/dtM: Descent Rate [m/s]
# name 2 = sbeox0Mg/L: Oxygen, SBE 43 [mg/l]
# name 3 = sbeox0PS: Oxygen, SBE 43 [% saturation]
# name 4 = specc: Specific Conductance [uS/cm]
# name 5 = c0uS/cm: Conductivity [uS/cm]
# name 6 = flECO-AFL: Fluorescence, WET Labs ECO-AFL/FL [mg/m^3]
# name 7 = ph: pH
# name 8 = orp: Oxidation Reduction Potential [mV]
# name 9 = par/sat/log: PAR/Logarithmic, Satlantic
# name 10 = turbWETntu0: Turbidity, WET Labs ECO [NTU]
# name 11 = prdM: Pressure, Strain Gauge [db]
# name 12 = prdE: Pressure, Strain Gauge [psi]
# name 13 = tv290C: Temperature [ITS-90, deg C]
# name 14 = flag:  0.000e+00
# span 0 =     -0.613,      2.759       
# span 1 =     -0.145,      0.178       
# span 2 =    -1.3479,    12.1908       
# span 3 =    -13.715,    128.628       
# span 4 =      0.634,    182.405       
# span 5 =   0.637825, 149.637330       
# span 6 =    -0.2399,     5.8648       
# span 7 =      4.099,     10.509       
# span 8 = -1236.7935,   415.9239       
# span 9 = 4.4093e+00, 1.8283e+03       
# span 10 =    -0.6196,    34.0473      
# span 11 =     -0.602,      2.707      
# span 12 =     -0.872,      3.926      
# span 13 =    15.9303,    25.3104      
# span 14 = 0.0000e+00, 0.0000e+00      
# interval = seconds: 0.25
# start_time = Jun 04 2018 14:22:00 [Instrument's time stamp, header]
# bad_flag = -9.990e-29
*END*
[from data line 290]
      0.235     -0.004     7.9019     92.053     31.559  30.272814     1.0641      7.057   287.0649 7.7347e+01     1.2450      0.231      0.334    22.9446 0.0000e+00
      0.235     -0.003     7.9126     92.178     31.561  30.275112     1.0722      7.057   286.9374 7.6863e+01     1.2655      0.231      0.335    22.9494 0.0000e+00
      0.234     -0.002     7.9231     92.302     31.574  30.287917     1.0671      7.058   286.7318 7.6602e+01     1.2802      0.229      0.333    22.9533 0.0000e+00
      0.232     -0.001     7.9318     92.403     31.588  30.300617     1.0571      7.059   286.7296 7.6155e+01     1.2699      0.228      0.330    22.9553 0.0000e+00
      0.231      0.000     7.9383     92.476     31.590  30.301667     1.0527      7.058   286.8250 7.6210e+01     1.2627      0.226      0.328    22.9563 0.0000e+00
      0.232      0.001     7.9427     92.523     31.590  30.300607     1.0599      7.055   286.8526 7.7415e+01     1.2843      0.227      0.329    22.9565 0.0000e+00
      0.233      0.003     7.9464     92.565     31.578  30.287792     1.0618      7.049   286.8055 7.9256e+01     1.2873      0.229      0.331    22.9568 0.0000e+00
      0.235      0.003     7.9487     92.593     31.563  30.273727     1.0763      7.043   286.8575 8.1581e+01     1.2676      0.230      0.334    22.9575 0.0000e+00
      0.236      0.003     7.9475     92.584     31.543  30.257562     1.1245      7.040   287.0515 8.5085e+01     1.2602      0.232      0.336    22.9557 0.0000e+00
      0.236      0.002     7.9435     92.552     31.498  30.219364     1.1675      7.042   287.0857 8.8485e+01     1.2902      0.232      0.337    22.9532 0.0000e+00
      0.236      0.002     7.9386     92.522     31.460  30.192910     1.1821      7.045   287.0129 8.9952e+01     1.3242      0.232      0.336    22.9521 0.0000e+00
      0.236      0.002     7.9333     92.497     31.445  30.191751     1.1535      7.046   287.1183 8.9739e+01     1.2752      0.231      0.335    22.9518 0.0000e+00
      0.236      0.002     7.9290     92.474     31.449  30.205367     1.0888      7.043   287.2416 8.8846e+01     1.2166      0.231      0.335    22.9543 0.0000e+00
      0.237      0.002     7.9322     92.514     31.475  30.230539     1.0429      7.040   287.2128 8.8722e+01     1.2564      0.233      0.337    22.9608 0.0000e+00
      0.239      0.001     7.9449     92.640     31.495  30.242094     1.0390      7.040   287.1998 8.9460e+01     1.3290      0.235      0.341    22.9776 0.0000e+00
      0.240     -0.001     7.9614     92.800     31.482  30.218050     1.0696      7.045   287.2572 9.1476e+01     1.3319      0.236      0.343    23.0034 0.0000e+00
      0.239     -0.002     7.9801     92.993     31.466  30.193823     1.1002      7.052   287.2177 9.7984e+01     1.2915      0.235      0.341    23.0229 0.0000e+00
      0.238     -0.004     7.9986     93.195     31.481  30.203176     1.1056      7.057   287.1534 1.0896e+02     1.2674      0.233      0.338    23.0240 0.0000e+00
      0.236     -0.004     8.0110     93.338     31.482  30.204122     1.1078      7.061   287.2534 1.2071e+02     1.2852      0.231      0.335    23.0066 0.0000e+00
      0.234     -0.003     8.0164     93.407     31.481  30.205257     1.1168      7.065   287.3952 1.3490e+02     1.3232      0.229      0.332    22.9849 0.0000e+00
      0.233     -0.002     8.0148     93.395     31.491  30.216907     1.1230      7.065   287.4912 1.8781e+02     1.2999      0.228      0.330    22.9696 0.0000e+00
      0.233      0.000     8.0089     93.330     31.491  30.217976     1.1183      7.063   287.6391 2.5060e+02     1.2476      0.229      0.331    22.9624 0.0000e+00
      0.234      0.000     8.0053     93.287     31.492  30.218178     1.1063      7.060   287.8066 2.2456e+02     1.2404      0.229      0.331    22.9630 0.0000e+00
      0.235     -0.000     8.0060     93.287     31.496  30.219350     1.0698      7.058   287.9675 1.5081e+02     1.2735      0.231      0.334    22.9674 0.0000e+00
      0.236     -0.001     8.0074     93.290     31.514  30.232148     1.0078      7.057   288.0362 1.1557e+02     1.2814      0.232      0.337    22.9716 0.0000e+00
      0.235     -0.002     8.0087     93.286     31.535  30.245901     0.9718      7.058   287.9491 1.1008e+02     1.2453      0.232      0.336    22.9744 0.0000e+00
      0.234     -0.003     8.0114     93.300     31.555  30.258612     0.9668      7.059   287.9461 1.1023e+02     1.2325      0.229      0.332    22.9739 0.0000e+00
      0.232     -0.003     8.0143     93.322     31.560  30.258813     0.9658      7.058   288.0864 1.0974e+02     1.2495      0.226      0.327    22.9694 0.0000e+00
      0.231     -0.002     8.0162     93.339     31.551  30.248327     0.9586      7.058   288.2688 1.1157e+02     1.2677      0.226      0.328    22.9618 0.0000e+00
      0.231     -0.001     8.0160     93.336     31.562  30.258833     0.9446      7.059   288.3452 1.1819e+02     1.2690      0.227      0.329    22.9500 0.0000e+00
      0.231      0.000     8.0118     93.290     31.561  30.258842     0.9250      7.060   288.2362 1.4623e+02     1.2651      0.226      0.328    22.9380 0.0000e+00
      0.232      0.000     8.0041     93.208     31.547  30.248432     0.9139      7.061   288.2404 1.7228e+02     1.2825      0.227      0.331    22.9309 0.0000e+00
      0.233      0.001     7.9967     93.128     31.557  30.259978     0.9396      7.062   288.3969 1.5475e+02     1.2960      0.229      0.332    22.9292 0.0000e+00
      0.233      0.001     7.9920     93.078     31.567  30.271438     0.9779      7.059   288.4078 1.2959e+02     1.3058      0.229      0.332    22.9293 0.0000e+00
      0.232      0.001     7.9909     93.070     31.554  30.259988     0.9821      7.054   288.3722 1.1985e+02     1.3093      0.226      0.330    22.9309 0.0000e+00
      0.231     -0.000     7.9916     93.082     31.540  30.248551     0.9725      7.050   288.4817 1.1159e+02     1.2777      0.225      0.326    22.9360 0.0000e+00
      0.234     -0.002     7.9915     93.084     31.551  30.260158     1.0185      7.050   288.5281 1.0688e+02     1.2590      0.230      0.333    22.9401 0.0000e+00
      0.236     -0.004     7.9925     93.094     31.566  30.273328     1.0966      7.052   288.5029 1.0406e+02     1.2664      0.234      0.339    22.9422 0.0000e+00
      0.234     -0.004     7.9957     93.124     31.576  30.280771     1.1257      7.053   288.6927 1.0077e+02     1.2755      0.231      0.335    22.9446 0.0000e+00
      0.229     -0.004     7.9969     93.131     31.585  30.286639     1.1230      7.050   288.9300 9.9126e+01     1.2780      0.223      0.324    22.9475 0.0000e+00
      0.226     -0.004     7.9950     93.105     31.580  30.280771     1.1180      7.044   288.9632 1.0012e+02     1.2654      0.220      0.319    22.9493 0.0000e+00
      0.226     -0.003     7.9913     93.059     31.574  30.273330     1.1120      7.038   288.9217 1.0293e+02     1.2754      0.221      0.320    22.9481 0.0000e+00
      0.228     -0.002     7.9870     93.006     31.561  30.260171     1.1065      7.034   288.9439 1.0710e+02     1.2769      0.224      0.326    22.9442 0.0000e+00
      0.229      0.000     7.9849     92.980     31.549  30.248678     1.0969      7.032   289.0602 1.1553e+02     1.2532      0.227      0.330    22.9397 0.0000e+00
      0.227      0.000     7.9852     92.984     31.562  30.261373     1.1240      7.033   289.1228 1.8282e+02     1.2636      0.222      0.321    22.9372 0.0000e+00
      0.227     -0.001     7.9872     93.009     31.588  30.286659     1.1950      7.035   289.0996 2.4426e+02     1.2801      0.222      0.320    22.9361 0.0000e+00
      0.228     -0.002     7.9937     93.084     31.603  30.300393     1.2385      7.038   289.1238 1.8290e+02     1.2703      0.224      0.325    22.9345 0.0000e+00
      0.228     -0.002     8.0058     93.223     31.603  30.300413     1.2370      7.043   289.2424 1.1464e+02     1.2673      0.224      0.324    22.9340 0.0000e+00
      0.227     -0.003     8.0207     93.395     31.590  30.286894     1.2313      7.047   289.3296 1.0569e+02     1.2733      0.223      0.324    22.9344 0.0000e+00
      0.226     -0.005     8.0372     93.585     31.566  30.263950     1.2526      7.051   289.3176 1.0314e+02     1.2829      0.221      0.321    22.9346 0.0000e+00
      0.225     -0.007     8.0513     93.750     31.579  30.277015     1.2924      7.055   289.3553 1.0370e+02     1.2920      0.221      0.320    22.9347 0.0000e+00
      0.223     -0.008     8.0593     93.847     31.622  30.317857     1.3180      7.058   289.3559 1.0189e+02     1.2911      0.219      0.317    22.9336 0.0000e+00
      0.220     -0.008     8.0637     93.898     31.617  30.313229     1.3235      7.060   289.3249 9.6268e+01     1.2724      0.216      0.313    22.9316 0.0000e+00
      0.216     -0.008     8.0653     93.913     31.588  30.284562     1.3118      7.062   289.4100 9.4348e+01     1.2497      0.212      0.308    22.9307 0.0000e+00
      0.214     -0.007     8.0638     93.891     31.594  30.288779     1.2968      7.062   289.5240 9.5743e+01     1.2602      0.209      0.304    22.9319 0.0000e+00
      0.213     -0.005     8.0608     93.850     31.609  30.300709     1.2978      7.062   289.6719 9.4524e+01     1.2775      0.208      0.302    22.9341 0.0000e+00
      0.213     -0.003     8.0593     93.826     31.613  30.301784     1.3049      7.062   289.8214 9.3426e+01     1.3058      0.208      0.302    22.9345 0.0000e+00
      0.212     -0.001     8.0610     93.839     31.615  30.301779     1.2999      7.062   289.7824 9.5006e+01     1.3278      0.208      0.302    22.9320 0.0000e+00
      0.212     -0.000     8.0646     93.877     31.615  30.300652     1.2936      7.062   289.6308 9.5448e+01     1.2998      0.207      0.301    22.9293 0.0000e+00
      0.213      0.001     8.0696     93.934     31.602  30.288151     1.3016      7.060   289.5368 9.3602e+01     1.2713      0.208      0.302    22.9261 0.0000e+00
      0.214      0.004     8.0736     93.983     31.590  30.277646     1.3143      7.056   289.6796 9.1942e+01     1.2578      0.210      0.304    22.9212 0.0000e+00
      0.214      0.008     8.0739     93.988     31.614  30.300644     1.3273      7.051   289.9800 9.1212e+01     1.2593      0.210      0.304    22.9173 0.0000e+00
      0.214      0.009     8.0696     93.939     31.626  30.312189     1.3581      7.045   290.0719 9.1116e+01     1.2901      0.208      0.302    22.9152 0.0000e+00
      0.218      0.008     8.0610     93.840     31.602  30.290231     1.3833      7.040   290.0161 9.0956e+01     1.3249      0.212      0.308    22.9152 0.0000e+00
      0.224      0.001     8.0515     93.730     31.601  30.289171     1.3749      7.040   289.9926 9.0034e+01     1.3443      0.222      0.321    22.9167 0.0000e+00
      0.229     -0.010     8.0450     93.656     31.612  30.299374     1.3487      7.041   289.9605 8.9401e+01     1.3408      0.225      0.326    22.9174 0.0000e+00
      0.229     -0.025     8.0428     93.632     31.597  30.286580     1.3138      7.040   289.9725 8.9797e+01     1.2829      0.227      0.329    22.9176 0.0000e+00
      0.222     -0.037     8.0464     93.681     31.569  30.261490     1.2932      7.033   290.1382 9.0771e+01     1.2244      0.222      0.322    22.9186 0.0000e+00
      0.203     -0.045     8.0554     93.792     31.554  30.250046     1.3018      7.018   290.3291 9.2065e+01     1.2435      0.200      0.289    22.9196 0.0000e+00
      0.180     -0.047     8.0660     93.919     31.579  30.275228     1.3175      7.005   290.4727 9.4137e+01     1.2696      0.174      0.253    22.9194 0.0000e+00
      0.162     -0.043     8.0763     94.037     31.618  30.311938     1.3351      6.999   290.4983 9.6604e+01     1.2656      0.154      0.223    22.9201 0.0000e+00
      0.153     -0.033     8.0846     94.127     31.621  30.312874     1.3591      6.998   290.3798 9.8294e+01     1.2563      0.147      0.214    22.9247 0.0000e+00
      0.152     -0.023     8.0904     94.188     31.596  30.286547     1.3771      7.003   290.3314 1.0141e+02     1.2479      0.149      0.217    22.9294 0.0000e+00
      0.152     -0.015     8.0933     94.217     31.558  30.247638     1.3871      7.009   290.4293 1.0462e+02     1.2563      0.150      0.217    22.9313 0.0000e+00
      0.151     -0.010     8.0937     94.218     31.534  30.223454     1.3982      7.015   290.5318 1.0396e+02     1.2654      0.149      0.216    22.9301 0.0000e+00
      0.148     -0.009     8.0923     94.198     31.561  30.248160     1.4188      7.023   290.6239 1.0300e+02     1.2976      0.145      0.210    22.9262 0.0000e+00
      0.144     -0.009     8.0886     94.152     31.608  30.292330     1.4429      7.030   290.7683 1.0438e+02     1.3405      0.140      0.204    22.9219 0.0000e+00
      0.140     -0.009     8.0858     94.116     31.631  30.312979     1.4507      7.038   290.8148 1.0728e+02     1.3264      0.137      0.199    22.9187 0.0000e+00
      0.138     -0.007     8.0859     94.117     31.625  30.307299     1.4216      7.045   290.8424 1.0983e+02     1.2792      0.135      0.196    22.9162 0.0000e+00
      0.136     -0.004     8.0859     94.121     31.602  30.287165     1.3765      7.050   291.0156 1.0930e+02     1.2585      0.133      0.193    22.9146 0.0000e+00
      0.135     -0.001     8.0833     94.098     31.571  30.260056     1.3643      7.054   291.2739 1.0677e+02     1.2591      0.132      0.192    22.9133 0.0000e+00
      0.136      0.001     8.0796     94.063     31.540  30.233553     1.3761      7.056   291.3843 1.0643e+02     1.2569      0.133      0.193    22.9109 0.0000e+00
      0.137      0.001     8.0757     94.024     31.525  30.220742     1.3815      7.059   291.3181 1.0952e+02     1.2623      0.135      0.195    22.9103 0.0000e+00
      0.139      0.001     8.0676     93.934     31.535  30.232172     1.3741      7.061   291.2475 1.1183e+02     1.2625      0.138      0.200    22.9136 0.0000e+00
      0.140      0.001     8.0570     93.818     31.546  30.244748     1.3696      7.064   291.2197 1.1137e+02     1.2601      0.138      0.201    22.9175 0.0000e+00
      0.138      0.001     8.0511     93.755     31.545  30.245787     1.3816      7.066   291.3265 1.1022e+02     1.2942      0.135      0.196    22.9227 0.0000e+00
      0.136      0.003     8.0513     93.760     31.543  30.244734     1.4000      7.066   291.4195 1.1017e+02     1.3692      0.133      0.193    22.9264 0.0000e+00
      0.136      0.007     8.0562     93.825     31.527  30.232021     1.4174      7.063   291.3983 1.1453e+02     1.4341      0.133      0.193    22.9277 0.0000e+00
      0.138      0.014     8.0677     93.974     31.508  30.219088     1.4267      7.056   291.4137 1.1818e+02     1.4685      0.135      0.196    22.9325 0.0000e+00
      0.142      0.025     8.0829     94.171     31.497  30.215373     1.4299      7.047   291.5199 1.1438e+02     1.5100      0.138      0.201    22.9370 0.0000e+00
      0.148      0.039     8.0939     94.318     31.460  30.187120     1.4373      7.039   291.6497 1.1117e+02     1.5399      0.143      0.208    22.9361 0.0000e+00
      0.158      0.054     8.0996     94.401     31.396  30.131510     1.4699      7.035   291.7792 1.1177e+02     1.5244      0.155      0.226    22.9387 0.0000e+00
      0.172      0.070     8.1026     94.437     31.311  30.051042     1.5209      7.036   292.1383 1.0757e+02     1.4758      0.165      0.240    22.9498 0.0000e+00
      0.193      0.085     8.1040     94.420     31.179  29.912745     1.5491      7.037   292.8081 9.7633e+01     1.4703      0.187      0.270    22.9607 0.0000e+00
      0.221      0.097     8.1036     94.343     31.014  29.729441     1.5624      7.037   293.4253 8.9328e+01     1.5194      0.219      0.318    22.9711 0.0000e+00
