Data/DataNotYetUploadedToEDI/Raw_CTD/RawDownloads/060418_fcr20.cnv
* Sea-Bird SBE19plus  Data File:
* FileName = C:\DATA\060418_fcr50_0004.hex
* Software version 2.6.3.104 SB_Terminal.dll
* Temperature SN = 7809
* Conductivity SN = 7809
* System UpLoad Time = Jun 04 2018 16:28:26
* <ApplicationData>
* <Seaterm232>
# nquan = 15
# nvalues = 381                         
# units = specified
# name 0 = depFM: Depth [fresh water, m]
# name 1 = dz/dtM: Descent Rate [m/s]
# name 2 = sbeox0Mg/L: Oxygen, SBE 43 [mg/l]
# name 3 = sbeox0PS: Oxygen, SBE 43 [% saturation]
# name 4 = specc: Specific Conductance [uS/cm]
# name 5 = c0uS/cm: Conductivity [uS/cm]
# name 6 = flECO-AFL: Fluorescence, WET Labs ECO-AFL/FL [mg/m^3]
# name 7 = ph: pH
# name 8 = orp: Oxidation Reduction Potential [mV]
# name 9 = par/sat/log: PAR/Logarithmic, Satlantic
# name 10 = turbWETntu0: Turbidity, WET Labs ECO [NTU]
# name 11 = prdM: Pressure, Strain Gauge [db]
# name 12 = prdE: Pressure, Strain Gauge [psi]
# name 13 = tv290C: Temperature [ITS-90, deg C]
# name 14 = flag:  0.000e+00
# span 0 =     -0.618,      3.762       
# span 1 =     -0.053,      0.205       
# span 2 =    -0.1404,    10.0796       
# span 3 =     -1.353,    110.852       
# span 4 =      0.484,    200.016       
# span 5 =   0.441361, 147.484610       
# span 6 =    -0.7378,     3.9368       
# span 7 =      5.439,      7.519       
# span 8 = -1240.7455,  1227.4868       
# span 9 = 4.4451e+00, 1.5611e+03       
# span 10 =    -1.3365,    19.0225      
# span 11 =     -0.606,      3.690      
# span 12 =     -0.880,      5.352      
# span 13 =    11.5298,    23.3876      
# span 14 = 0.0000e+00, 0.0000e+00      
# interval = seconds: 0.25
# start_time = Jun 04 2018 14:38:52 [Instrument's time stamp, header]
# bad_flag = -9.990e-29
*END*
     -0.617 8.6917e-20     8.6760     96.520      0.544   0.495675    -0.1782      5.451 -1240.7455 1.5611e+03    -0.6564     -0.605     -0.877    20.5736 0.0000e+00
     -0.617 1.4905e-20     8.6766     96.528      0.531   0.484145    -0.1779      5.446 -1240.7455 6.5008e+02    -0.6647     -0.604     -0.877    20.5737 0.0000e+00
     -0.617 7.8392e-20     8.6766     96.532      0.544   0.495675    -0.1872      5.449 -1240.7455 1.4305e+02    -0.6473     -0.605     -0.878    20.5741 0.0000e+00
     -0.617 8.5454e-19     8.6768     96.537      0.558   0.508252    -0.1899      5.454 -1240.7455 7.3510e+01    -0.6601     -0.605     -0.877    20.5747 0.0000e+00
     -0.617 9.3992e-18     8.6783     96.557      0.559   0.509395    -0.1829      5.451 -1240.7455 5.0996e+01    -0.6973     -0.605     -0.878    20.5757 0.0000e+00
     -0.617 1.0339e-16     8.6789     96.567      0.559   0.509499    -0.1754      5.448 -1240.7455 4.8494e+01    -0.7012     -0.605     -0.877    20.5771 0.0000e+00
     -0.617 1.1373e-15     8.6779     96.559      0.559   0.509509    -0.1728      5.444 -1240.7455 5.4862e+01    -0.6458     -0.605     -0.878    20.5785 0.0000e+00
     -0.617 1.2510e-14     8.6769     96.549      0.559   0.509510    -0.1973      5.439 -1240.7455 6.3245e+01    -0.3640     -0.605     -0.877    20.5803 0.0000e+00
     -0.617 1.3761e-13     8.6774     96.555      0.559   0.509510    -0.2243      5.446 -1240.7455 6.6361e+01     0.1427     -0.605     -0.878    20.5824 0.0000e+00
     -0.617 1.5138e-12     8.6783     96.566      0.559   0.509510    -0.2230      5.459 -1240.7455 6.6408e+01     0.4154     -0.605     -0.878    20.5844 0.0000e+00
     -0.617 1.6651e-11     8.6782     96.566      0.559   0.509509    -0.2280      5.470 -1240.7455 7.5828e+01     0.3998     -0.605     -0.877    20.5858 0.0000e+00
     -0.617 1.8316e-10     8.6777     96.561      0.559   0.509499    -0.2294      5.478 -1240.7455 9.9837e+01     0.2593     -0.605     -0.878    20.5861 0.0000e+00
     -0.617 2.0148e-09     8.6777     96.561      0.559   0.509385    -0.2024      5.483 -1240.7455 1.6590e+02    -0.0017     -0.605     -0.878    20.5861 0.0000e+00
     -0.617 2.2163e-08     8.6782     96.567      0.557   0.508139    -0.1779      5.488 -1240.7455 2.1900e+02    -0.1917     -0.605     -0.878    20.5864 0.0000e+00
     -0.617 2.4379e-07     8.6794     96.580      0.542   0.494427    -0.1710      5.492 -1240.7455 1.7698e+02    -0.2374     -0.605     -0.878    20.5870 0.0000e+00
     -0.617 4.4695e-07     8.6805     96.591      0.516   0.470424    -0.1752      5.491 -1240.7455 1.2166e+02    -0.2494     -0.604     -0.877    20.5874 0.0000e+00
     -0.617 2.4379e-07     8.6805     96.590      0.518   0.471567    -0.1735      5.490 -1240.7455 1.0017e+02    -0.2450     -0.605     -0.878    20.5876 0.0000e+00
     -0.617 2.2146e-08     8.6799     96.584      0.558   0.508241    -0.1685      5.493 -1240.7455 8.4292e+01    -0.2150     -0.605     -0.878    20.5881 0.0000e+00
     -0.617 1.8315e-09     8.6804     96.591      0.585   0.533378    -0.1702      5.497 -1240.7455 8.0525e+01    -0.2226     -0.605     -0.877    20.5876 0.0000e+00
     -0.617 -1.166e-12     8.6808     96.597      0.573   0.521848    -0.1662      5.500 -1240.7455 8.1434e+01    -0.2147     -0.605     -0.878    20.5862 0.0000e+00
     -0.617 -1.283e-11     8.6792     96.580      0.544   0.495653    -0.1667      5.501 -1240.7455 7.8425e+01    -0.1192     -0.606     -0.879    20.5860 0.0000e+00
     -0.617 -1.411e-10     8.6767     96.554      0.516   0.470308    -0.1667      5.501 -1240.7455 7.3294e+01    -0.0442     -0.605     -0.878    20.5867 0.0000e+00
     -0.617 -1.552e-09     8.6759     96.547      0.515   0.469052    -0.1656      5.499 -1240.7455 6.7429e+01    -0.0405     -0.606     -0.879    20.5876 0.0000e+00
     -0.617 -1.707e-08     8.6757     96.545      0.527   0.480458    -0.1716      5.501 -1240.7455 6.1843e+01    -0.0450     -0.605     -0.878    20.5885 0.0000e+00
     -0.618 -1.878e-07     8.6751     96.537      0.528   0.481400    -0.1662      5.506 -1240.7455 5.7937e+01    -0.0677     -0.606     -0.879    20.5894 0.0000e+00
     -0.618 -1.878e-07     8.6749     96.533      0.527   0.480446    -0.1652      5.512 -1240.7455 5.4452e+01    -0.1308     -0.606     -0.879    20.5901 0.0000e+00
     -0.618 -1.707e-08     8.6754     96.537      0.515   0.468926    -0.1782      5.516 -1240.7455 5.0988e+01    -0.1978     -0.606     -0.879    20.5907 0.0000e+00
     -0.618 -1.552e-09     8.6755     96.538      0.515   0.468927    -0.1843      5.517 -1240.7455 4.9164e+01    -0.2383     -0.606     -0.879    20.5911 0.0000e+00
     -0.618 -1.411e-10     8.6763     96.548      0.527   0.480457    -0.1838      5.518 -1240.7455 5.1867e+01    -0.2839     -0.606     -0.878    20.5904 0.0000e+00
     -0.617 -1.283e-11     8.6773     96.559      0.528   0.481513    -0.1815      5.518 -1240.7455 6.5463e+01    -0.3837     -0.605     -0.878    20.5894 0.0000e+00
     -0.617 -1.166e-12     8.6773     96.559      0.528   0.481703    -0.1839      5.517 -1240.7455 8.7037e+01    -0.4676     -0.605     -0.878    20.5887 0.0000e+00
     -0.618 -1.060e-13     8.6773     96.560      0.529   0.482751    -0.1949      5.517 -1240.7455 1.0311e+02    -0.4745     -0.606     -0.879    20.5883 0.0000e+00
     -0.618 -9.640e-15     8.6780     96.569      0.542   0.494177    -0.1951      5.518 -1240.7455 1.0994e+02    -0.4364     -0.606     -0.878    20.5881 0.0000e+00
     -0.618 -8.760e-16     8.6787     96.576      0.541   0.493035    -0.1861      5.520 -1240.7455 1.0958e+02    -0.4038     -0.606     -0.878    20.5880 0.0000e+00
     -0.618 -7.965e-17     8.6789     96.578      0.515   0.468936    -0.1880      5.521 -1240.7455 1.0444e+02    -0.4163     -0.606     -0.879    20.5886 0.0000e+00
     -0.618 -7.240e-18     8.6799     96.588      0.501   0.456453    -0.1902      5.521 -1240.7455 9.8249e+01    -0.4351     -0.606     -0.878    20.5893 0.0000e+00
     -0.618 -6.585e-19     8.6809     96.595      0.515   0.468927    -0.1850      5.521 -1240.7455 9.1276e+01    -0.3870     -0.606     -0.879    20.5900 0.0000e+00
     -0.618 -5.985e-20     8.6794     96.574      0.541   0.492930    -0.1803      5.521 -1240.7455 8.4387e+01    -0.2918     -0.606     -0.879    20.5901 0.0000e+00
     -0.618 -5.440e-21     8.6770     96.544      0.541   0.493033    -0.1795      5.523 -1240.7455 7.9402e+01    -0.2298     -0.606     -0.879    20.5898 0.0000e+00
     -0.618 -4.900e-22     8.6768     96.541      0.516   0.470173    -0.1844      5.524 -1240.7455 7.5641e+01    -0.2177     -0.606     -0.878    20.5899 0.0000e+00
     -0.618 6.1479e-24     8.6786     96.563      0.516   0.470175    -0.1842      5.524 -1240.7455 7.0721e+01    -0.2377     -0.606     -0.879    20.5874 0.0000e+00
     -0.618 5.5810e-22     8.6805     96.586      0.541   0.493054    -0.1769      5.526 -1240.7455 6.4229e+01    -0.2886     -0.606     -0.878    20.5838 0.0000e+00
     -0.618 6.1837e-21     8.6811     96.594      0.541   0.493159    -0.1698      5.529 -1240.7455 5.6977e+01    -0.3138     -0.606     -0.878    20.5822 0.0000e+00
     -0.618 6.8025e-20     8.6808     96.590      0.517   0.471442    -0.1632      5.532 -1240.7455 4.9631e+01    -0.2680     -0.606     -0.879    20.5822 0.0000e+00
     -0.617 7.4827e-19     8.6806     96.588      0.531   0.484124    -0.1701      5.535 -1240.7455 4.5701e+01    -0.2233     -0.605     -0.878    20.5832 0.0000e+00
     -0.617 8.2310e-18     8.6814     96.599      0.570   0.519667    -0.1881      5.537 -1240.7455 4.5187e+01    -0.2304     -0.605     -0.878    20.5843 0.0000e+00
     -0.618 9.0541e-17     8.6828     96.616      0.571   0.520714    -0.1973      5.536 -1240.7455 4.3444e+01    -0.2322     -0.606     -0.879    20.5849 0.0000e+00
     -0.618 9.9595e-16     8.6831     96.621      0.545   0.496786    -0.1894      5.535 -1240.7455 4.2026e+01    -0.1837     -0.606     -0.879    20.5845 0.0000e+00
     -0.618 1.0955e-14     8.6820     96.611      0.531   0.484008    -0.1764      5.537 -1240.7455 4.3946e+01    -0.1631     -0.606     -0.879    20.5846 0.0000e+00
     -0.618 1.2051e-13     8.6803     96.592      0.541   0.493043    -0.1772      5.542 -1240.7455 4.6190e+01    -0.2581     -0.606     -0.879    20.5857 0.0000e+00
     -0.618 1.3256e-12     8.6793     96.581      0.526   0.479200    -0.1805      5.548 -1240.7455 4.7630e+01    -0.3866     -0.606     -0.879    20.5869 0.0000e+00
     -0.618 1.4582e-11     8.6793     96.579      0.486   0.443458    -0.1701      5.551 -1240.7455 5.0498e+01    -0.4345     -0.606     -0.880    20.5881 0.0000e+00
     -0.618 1.6040e-10     8.6785     96.569      0.484   0.441361    -0.1627      5.552 -1240.7455 5.5873e+01    -0.4397     -0.606     -0.879    20.5892 0.0000e+00
     -0.618 1.7644e-09     8.6766     96.549      0.498   0.453845    -0.1644      5.555 -1240.7455 6.1201e+01    -0.3886     -0.606     -0.879    20.5898 0.0000e+00
     -0.618 1.9408e-08     8.6752     96.534      0.513   0.467571    -0.1639      5.557 -1240.7452 5.6550e+01    -0.2741     -0.606     -0.879    20.5889 0.0000e+00
     -0.618 2.1349e-07     8.6757     96.542      0.527   0.480504    -0.1745      5.560 -1240.7417 4.4710e+01    -0.2156     -0.605     -0.878    20.5877 0.0000e+00
     -0.618      0.000     8.6777     96.566      0.530   0.483393    -0.1914      5.563 -1240.7032 4.1534e+01    -0.2308     -0.606     -0.879    20.5872 0.0000e+00
     -0.617      0.000     8.6799     96.592      0.551   0.502499    -0.1928      5.564 -1240.2799 4.7238e+01    -0.2446     -0.605     -0.878    20.5878 0.0000e+00
     -0.617      0.000     8.6818     96.615      0.641   0.584689    -0.1922      5.571 -1235.6244 5.3545e+01    -0.2291     -0.605     -0.878    20.5883 0.0000e+00
     -0.617      0.003     8.6802     96.611      1.478   1.350327    -0.1842      5.639 -1184.4133 5.9771e+01    -0.2572     -0.606     -0.879    20.5895 0.0000e+00
     -0.617      0.014     8.6635     96.592      5.800   5.320707    -0.1693      5.805  -621.0910 6.9923e+01    -0.3102     -0.605     -0.878    20.5898 0.0000e+00
     -0.617      0.035     8.6092     96.599     12.577  11.609346    -0.1865      6.005   459.1321 8.3350e+01    -0.3198     -0.605     -0.878    20.5916 0.0000e+00
     -0.616      0.060     8.5210     96.623     16.398  15.281675    -0.3368      6.190  1121.5649 9.5258e+01    -0.5566     -0.605     -0.878    20.5899 0.0000e+00
     -0.606      0.079     8.4404     96.643     16.968  15.972090    -0.5899      6.377  1227.4868 1.0309e+02    -1.0379     -0.605     -0.878    20.5921 0.0000e+00
     -0.572      0.086     8.3877     96.662     16.902  16.022826    -0.7288      6.566  1217.5663 1.0884e+02    -1.3170     -0.570     -0.827    20.5869 0.0000e+00
     -0.521      0.086     8.3542     96.673     19.481  18.560617    -0.7378      6.770  1001.6161 1.1899e+02    -1.3365     -0.502     -0.728    20.8973 0.0000e+00
     -0.485      0.083     8.3337     96.678     25.519  24.376003    -0.5617      7.020   595.5275 1.3295e+02    -1.0908     -0.463     -0.671    21.6019 0.0000e+00
     -0.476      0.080     8.3218     96.690     30.067  28.760746    -0.2354      7.273   357.1931 1.4119e+02    -0.6653     -0.463     -0.670    22.1299 0.0000e+00
     -0.481      0.081     8.3120     96.702     31.247  29.929851    -0.0744      7.448   322.1957 1.4375e+02    -0.4338     -0.475     -0.688    22.4230 0.0000e+00
     -0.477      0.092     8.2989     96.704     31.268  30.002819    -0.0392      7.519   318.3862 1.6057e+02     0.0297     -0.476     -0.691    22.6403 0.0000e+00
     -0.453      0.117     8.2829     96.714     31.221  30.024094     0.1993      7.515   314.2298 3.6655e+02     4.9987     -0.450     -0.654    22.7527 0.0000e+00
     -0.411      0.152     8.2721     96.784     31.189  30.060169     0.6047      7.473   306.0124 5.5709e+02    14.0529     -0.406     -0.590    22.8222 0.0000e+00
     -0.359      0.183     8.2751     96.969     31.134  30.058071     0.8185      7.423   300.5091 3.6482e+02    18.9559     -0.353     -0.513    22.8789 0.0000e+00
     -0.302      0.202     8.2928     97.273     31.039  29.998805     0.8363      7.380   297.6787 1.4143e+02    19.0225     -0.296     -0.430    22.9588 0.0000e+00
     -0.243      0.205     8.3226     97.683     30.932  29.915165     0.8658      7.350   296.2261 9.2915e+01    14.5531     -0.238     -0.345    23.0781 0.0000e+00
     -0.185      0.197     8.3631     98.198     30.874  29.872370     0.9268      7.332   295.7666 6.8995e+01     6.2679     -0.180     -0.261    23.1952 0.0000e+00
     -0.132      0.183     8.4099     98.768     30.856  29.862414     0.9673      7.319   295.5639 6.0214e+01     1.7344     -0.125     -0.182    23.2775 0.0000e+00
     -0.089      0.166     8.4578     99.333     30.851  29.858301     0.9779      7.306   295.4964 5.3173e+01     1.3049     -0.081     -0.118    23.3264 0.0000e+00
     -0.054      0.147     8.5019     99.850     30.880  29.886147     0.9724      7.293   295.2080 4.4333e+01     1.2882     -0.053     -0.077    23.3542 0.0000e+00
     -0.022      0.127     8.5396    100.290     30.941  29.945080     0.9754      7.282   294.6583 3.9809e+01     1.3190     -0.023     -0.033    23.3772 0.0000e+00
      0.012      0.108     8.5734    100.678     31.001  29.999317     1.0048      7.275   294.1847 3.8059e+01     1.3105      0.013      0.019    23.3876 0.0000e+00
      0.041      0.093     8.6066    101.047     31.043  30.033887     1.0241      7.275   293.9553 3.4462e+01     1.2771      0.043      0.062    23.3864 0.0000e+00
      0.062      0.081     8.6223    101.208     31.063  30.045538     1.0253      7.275   294.1215 3.1751e+01     1.2817      0.064      0.093    23.3837 0.0000e+00
      0.075      0.072     8.5764    100.650     31.037  30.013164     1.0282      7.269   294.3017 3.0505e+01     1.3058      0.075      0.109    23.3855 0.0000e+00
      0.086      0.062     8.4462     99.104     30.987  29.959968     1.0318      7.260   294.1554 2.9595e+01     1.3233      0.083      0.120    23.3824 0.0000e+00
      0.101      0.052     8.2527     96.816     30.942  29.910372     1.0326      7.255   294.0731 2.9337e+01     1.3103      0.096      0.139    23.3673 0.0000e+00
      0.120      0.042     8.0292     94.173     30.896  29.858025     1.0290      7.255   294.1670 2.9645e+01     1.2705      0.118      0.172    23.3555 0.0000e+00
      0.137      0.032     7.8024     91.489     30.881  29.835069     1.0247      7.260   294.1724 2.9958e+01     1.2695      0.139      0.201    23.3462 0.0000e+00
      0.143      0.022     7.5920     89.004     30.876  29.823307     1.0263      7.265   293.9657 3.0292e+01     1.2989      0.144      0.208    23.3360 0.0000e+00
      0.140      0.015     7.4138     86.906     30.834  29.779309     1.0297      7.269   293.6469 3.0757e+01     1.3205      0.139      0.202    23.3280 0.0000e+00
      0.135      0.015     7.2768     85.299     30.801  29.747604     1.0290      7.272   293.3294 3.1002e+01     1.3469      0.130      0.190    23.3152 0.0000e+00
      0.133      0.023     7.1812     84.181     30.811  29.757484     1.0277      7.271   293.0524 3.0706e+01     1.4048      0.127      0.184    23.2991 0.0000e+00
      0.139      0.038     7.1141     83.397     30.824  29.771764     1.0319      7.261   293.0504 3.0111e+01     1.4716      0.134      0.194    23.2874 0.0000e+00
      0.152      0.058     7.0609     82.775     30.846  29.793264     1.0336      7.247   293.3914 3.0307e+01     1.4829      0.147      0.213    23.2834 0.0000e+00
      0.170      0.078     7.0142     82.227     30.881  29.826925     1.0302      7.237   293.9061 3.1171e+01     1.4800      0.165      0.239    23.2834 0.0000e+00
      0.195      0.095     6.9670     81.674     30.916  29.861239     1.0452      7.234   294.5409 3.1655e+01     1.4984      0.187      0.273    23.2848 0.0000e+00
