Data/DataNotYetUploadedToEDI/Raw_CTD/RawDownloads/060418_fcr20.cnv
* Sea-Bird SBE19plus  Data File:
* FileName = C:\DATA\060418_fcr50_0004.hex
* Software version 2.6.3.104 SB_Terminal.dll
* Temperature SN = 7809
* Conductivity SN = 7809
* System UpLoad Time = Jun 04 2018 16:28:26
* <ApplicationData>
* <Seaterm232>
# nquan = 15
# nvalues = 381                         
# units = specified
# name 0 = depFM: Depth [fresh water, m]
# name 1 = dz/dtM: Descent Rate [m/s]
# name 2 = sbeox0Mg/L: Oxygen, SBE 43 [mg/l]
# name 3 = sbeox0PS: Oxygen, SBE 43 [% saturation]
# name 4 = specc: Specific Conductance [uS/cm]
# name 5 = c0uS/cm: Conductivity [uS/cm]
# name 6 = flECO-AFL: Fluorescence, WET Labs ECO-AFL/FL [mg/m^3]
# name 7 = ph: pH
# name 8 = orp: Oxidation Reduction Potential [mV]
# name 9 = par/sat/log: PAR/Logarithmic, Satlantic
# name 10 = turbWETntu0: Turbidity, WET Labs ECO [NTU]
# name 11 = prdM: Pressure, Strain Gauge [db]
# name 12 = prdE: Pressure, Strain Gauge [psi]
# name 13 = tv290C: Temperature [ITS-90, deg C]
# name 14 = flag:  0.000e+00
# span 0 =     -0.618,      3.762       
# span 1 =     -0.053,      0.205       
# span 2 =    -0.1404,    10.0796       
# span 3 =     -1.353,    110.852       
# span 4 =      0.484,    200.016       
# span 5 =   0.441361, 147.484610       
# span 6 =    -0.7378,     3.9368       
# span 7 =      5.439,      7.519       
# span 8 = -1240.7455,  1227.4868       
# span 9 = 4.4451e+00, 1.5611e+03       
# span 10 =    -1.3365,    19.0225      
# span 11 =     -0.606,      3.690      
# span 12 =     -0.880,      5.352      
# span 13 =    11.5298,    23.3876      
# span 14 = 0.0000e+00, 0.0000e+00      
# interval = seconds: 0.25
# start_time = Jun 04 2018 14:38:52 [Instrument's time stamp, header]
# bad_flag = -9.990e-29
*END*
[from data line 193]
      0.585      0.002     9.2014    107.016     32.964  31.563254     1.3962      6.989   301.7565 9.4035e+01     1.7082      0.573      0.831    22.7176 0.0000e+00
      0.587      0.002     9.1069    106.000     32.767  31.401424     1.3819      6.987   301.9424 9.5745e+01     1.6733      0.576      0.835    22.7284 0.0000e+00
      0.588      0.002     9.0008    104.837     32.533  31.201124     1.3768      6.984   302.0013 9.6375e+01     1.6768      0.577      0.837    22.7658 0.0000e+00
      0.588      0.001     8.8883    103.598     32.281  30.983213     1.3706      6.980   301.9523 9.5403e+01     1.7208      0.577      0.837    22.8231 0.0000e+00
      0.588     -0.001     8.7705    102.300     32.196  30.925970     1.3622      6.976   301.7804 9.4697e+01     1.7776      0.576      0.836    22.8743 0.0000e+00
      0.589     -0.003     8.6486    100.943     32.268  31.017109     1.3583      6.976   301.6439 9.5052e+01     1.7841      0.578      0.838    22.9119 0.0000e+00
      0.589     -0.005     8.5286     99.578     32.309  31.069075     1.3599      6.980   301.6778 9.5956e+01     1.7381      0.579      0.840    22.9480 0.0000e+00
      0.587     -0.005     8.4181     98.302     32.214  30.982743     1.3445      6.985   301.6748 9.9005e+01     1.7091      0.577      0.836    22.9811 0.0000e+00
      0.582     -0.005     8.3213     97.185     32.019  30.798878     1.3194      6.988   301.6924 1.0482e+02     1.7089      0.571      0.828    23.0237 0.0000e+00
      0.579     -0.005     8.2438     96.302     31.961  30.751188     1.3041      6.984   301.8049 1.1220e+02     1.7050      0.567      0.823    23.0642 0.0000e+00
      0.579     -0.005     8.1898     95.696     32.121  30.914200     1.2975      6.978   301.7442 1.2044e+02     1.6930      0.568      0.822    23.0782 0.0000e+00
      0.580     -0.007     8.1538     95.295     32.326  31.118672     1.2949      6.976   301.4743 1.2592e+02     1.6236      0.568      0.824    23.0822 0.0000e+00
      0.581     -0.013     8.1295     95.017     32.465  31.254717     1.2643      6.984   301.3814 1.2482e+02     1.5373      0.571      0.828    23.0878 0.0000e+00
      0.580     -0.024     8.1140     94.827     32.504  31.288955     1.2120      6.996   301.6536 1.2055e+02     1.5052      0.570      0.827    23.1006 0.0000e+00
      0.577     -0.038     8.1066     94.727     32.631  31.405628     1.1862      7.005   301.8406 1.1915e+02     1.4797      0.566      0.821    23.1176 0.0000e+00
      0.567     -0.048     8.1078     94.717     32.960  31.712757     1.1728      7.008   301.8348 1.2245e+02     1.4717      0.562      0.815    23.1287 0.0000e+00
      0.545     -0.053     8.1193     94.799     33.296  32.017474     1.1606      7.007   301.8420 1.2647e+02     1.5011      0.537      0.779    23.1332 0.0000e+00
      0.520     -0.051     8.1419     94.987     33.549  32.231957     1.1674      7.004   301.8420 1.2638e+02     1.5292      0.505      0.732    23.1261 0.0000e+00
      0.502     -0.043     8.1788     95.337     33.755  32.400686     1.1807      7.000   302.0066 1.2190e+02     1.5375      0.490      0.710    23.1178 0.0000e+00
      0.494     -0.032     8.2341     95.911     33.921  32.533248     1.1842      6.994   302.1967 1.1646e+02     1.5402      0.482      0.700    23.1105 0.0000e+00
      0.493     -0.018     8.3070     96.696     34.044  32.627980     1.1820      6.989   302.1620 1.1256e+02     1.5307      0.481      0.699    23.0812 0.0000e+00
      0.495     -0.006     8.3920     97.636     34.093  32.656881     1.1818      6.988   302.1897 1.0858e+02     1.5155      0.484      0.703    23.0317 0.0000e+00
      0.497      0.004     8.4846     98.679     34.076  32.628607     1.1818      6.988   302.4458 1.0434e+02     1.5080      0.487      0.708    22.9862 0.0000e+00
      0.497      0.018     8.5863     99.838     34.126  32.667180     1.1724      6.985   302.7631 1.0065e+02     1.5017      0.488      0.707    22.9487 0.0000e+00
      0.497      0.037     8.6971    101.089     34.284  32.805685     1.1601      6.983   303.1011 9.8289e+01     1.5614      0.486      0.705    22.9117 0.0000e+00
      0.499      0.055     8.8049    102.276     34.414  32.905959     1.1624      6.984   303.4347 9.6664e+01     1.6800      0.486      0.705    22.8843 0.0000e+00
      0.513      0.069     8.8933    103.232     34.461  32.926854     1.1720      6.986   303.6997 9.2915e+01     1.7451      0.493      0.715    22.8673 0.0000e+00
      0.547      0.078     8.9584    103.946     34.481  32.931254     1.1756      6.982   304.0681 8.9767e+01     1.7696      0.533      0.774    22.8593 0.0000e+00
      0.586      0.081     9.0088    104.516     34.516  32.959143     1.1877      6.975   304.4467 8.9041e+01     1.9152      0.584      0.847    22.8458 0.0000e+00
      0.609      0.079     9.0519    105.003     34.574  33.009990     1.2176      6.970   304.4915 8.6081e+01     2.1625      0.600      0.871    22.8044 0.0000e+00
      0.621      0.071     9.0896    105.409     34.615  33.037928     1.2426      6.969   304.2665 8.1802e+01     2.2882      0.608      0.882    22.7608 0.0000e+00
      0.630      0.061     9.1208    105.724     34.637  33.042867     1.2504      6.967   304.2200 7.9038e+01     2.3062      0.618      0.898    22.7406 0.0000e+00
      0.640      0.059     9.1451    105.955     34.683  33.069678     1.2476      6.965   304.4462 7.6667e+01     2.3185      0.624      0.907    22.7386 0.0000e+00
      0.653      0.065     9.1635    106.119     34.741  33.108020     1.2735      6.964   304.5921 7.4733e+01     2.3458      0.640      0.929    22.7372 0.0000e+00
      0.669      0.075     9.1773    106.227     34.778  33.125346     1.3338      6.962   304.6072 7.2870e+01     2.4218      0.655      0.952    22.7204 0.0000e+00
      0.690      0.083     9.1857    106.279     34.823  33.152119     1.3697      6.961   304.5436 7.0976e+01     2.4748      0.673      0.975    22.6925 0.0000e+00
      0.718      0.088     9.1909    106.302     34.863  33.177651     1.3766      6.961   304.4250 6.9812e+01     2.4674      0.705      1.021    22.6682 0.0000e+00
      0.746      0.090     9.1986    106.356     34.878  33.179974     1.4173      6.962   304.3776 6.9222e+01     2.3938      0.735      1.066    22.6457 0.0000e+00
      0.769      0.089     9.2099    106.452     34.891  33.180187     1.5035      6.965   304.4006 6.8862e+01     2.2565      0.755      1.097    22.6174 0.0000e+00
      0.789      0.088     9.2247    106.588     34.903  33.180207     1.5647      6.968   304.5316 6.8363e+01     2.1500      0.775      1.124    22.5944 0.0000e+00
      0.809      0.086     9.2439    106.767     34.918  33.180201     1.5778      6.968   304.6702 6.7408e+01     2.1121      0.793      1.150    22.5778 0.0000e+00
      0.830      0.085     9.2638    106.932     34.942  33.180101     1.5893      6.967   304.6993 6.6387e+01     2.0428      0.814      1.182    22.5616 0.0000e+00
      0.851      0.087     9.2754    106.981     34.971  33.178951     1.6110      6.966   304.7980 6.5147e+01     1.9225      0.835      1.211    22.5430 0.0000e+00
      0.875      0.092     9.2729    106.860     34.991  33.166254     1.6204      6.966   305.0032 6.3605e+01     1.8782      0.856      1.243    22.5272 0.0000e+00
      0.899      0.099     9.2546    106.547     35.014  33.153568     1.6379      6.965   305.2883 6.2423e+01     1.9045      0.882      1.279    22.5115 0.0000e+00
      0.922      0.108     9.2222    106.034     35.064  33.152546     1.7771      6.962   305.5768 6.1303e+01     1.9660      0.904      1.311    22.4771 0.0000e+00
      0.948      0.114     9.1799    105.352     35.138  33.153827     2.0079      6.957   305.7383 6.0010e+01     2.0730      0.927      1.344    22.4320 0.0000e+00
      0.979      0.115     9.1309    104.583     35.231  33.168972     2.1209      6.952   305.8643 5.8817e+01     2.1295      0.957      1.389    22.3869 0.0000e+00
      1.017      0.112     9.0810    103.848     35.335  33.208529     2.1326      6.950   305.9833 5.7581e+01     2.1299      0.997      1.447    22.3439 0.0000e+00
      1.053      0.105     9.0366    103.222     35.425  33.250938     2.1856      6.949   306.0577 5.6406e+01     2.1394      1.037      1.504    22.2821 0.0000e+00
      1.080      0.096     9.0021    102.737     35.512  33.300585     2.2752      6.948   306.0753 5.5581e+01     2.1215      1.063      1.541    22.1747 0.0000e+00
      1.096      0.087     8.9805    102.410     35.610  33.364151     2.3237      6.947   306.0235 5.5082e+01     2.0964      1.075      1.559    22.0579 0.0000e+00
      1.111      0.081     8.9713    102.203     35.671  33.384323     2.3317      6.946   306.1209 5.4809e+01     2.1104      1.087      1.578    21.9790 0.0000e+00
      1.128      0.081     8.9691    102.049     35.688  33.353896     2.3450      6.942   306.4783 5.4644e+01     2.1994      1.105      1.605    21.9237 0.0000e+00
      1.147      0.088     8.9684    101.883     35.707  33.313761     2.3555      6.932   306.9031 5.4279e+01     2.3180      1.124      1.630    21.8762 0.0000e+00
      1.169      0.097     8.9653    101.644     35.750  33.280069     2.3573      6.921   307.2993 5.3689e+01     2.3244      1.144      1.659    21.8488 0.0000e+00
      1.197      0.103     8.9585    101.367     35.810  33.264004     2.3480      6.913   307.5689 5.3038e+01     2.2762      1.172      1.700    21.7944 0.0000e+00
      1.229      0.106     8.9517    101.132     35.854  33.246447     2.3352      6.913   307.6680 5.2253e+01     2.2848      1.205      1.748    21.7259 0.0000e+00
      1.261      0.107     8.9463    100.926     35.855  33.194744     2.2940      6.916   307.8954 5.1553e+01     2.3063      1.239      1.798    21.6585 0.0000e+00
      1.288      0.109     8.9431    100.709     35.737  33.019878     2.1999      6.919   308.3386 5.0960e+01     2.2920      1.265      1.835    21.5393 0.0000e+00
      1.311      0.113     8.9408    100.414     35.379  32.592893     2.1341      6.920   308.7252 5.0245e+01     2.2641      1.285      1.863    21.4275 0.0000e+00
      1.334      0.119     8.9335     99.945     34.781  31.906274     2.1328      6.918   308.9565 4.9528e+01     2.2746      1.307      1.895    21.3576 0.0000e+00
      1.362      0.125     8.9145     99.270     34.114  31.132498     2.1016      6.913   309.1558 4.8801e+01     2.5109      1.332      1.933    21.2904 0.0000e+00
      1.398      0.130     8.8780     98.394     33.645  30.540617     2.0136      6.907   309.3280 4.7979e+01     2.9233      1.368      1.983    21.2086 0.0000e+00
      1.441      0.130     8.8306     97.450     33.585  30.338357     1.9608      6.903   309.4042 4.7199e+01     3.1110      1.414      2.051    21.0808 0.0000e+00
      1.482      0.126     8.8022     96.840     33.628  30.274465     1.9595      6.905   309.4750 4.6441e+01     3.1018      1.455      2.112    20.8732 0.0000e+00
      1.515      0.121     8.8341     97.024     33.268  29.894962     1.9881      6.908   309.6682 4.5656e+01     3.2397      1.490      2.160    20.6219 0.0000e+00
      1.539      0.119     8.9505     98.140     32.743  29.369522     2.0411      6.908   309.9331 4.5002e+01     3.4956      1.513      2.194    20.3738 0.0000e+00
      1.556      0.120     9.1354     99.905     32.428  29.001682     2.0665      6.909   310.0961 4.4424e+01     3.5720      1.524      2.212    20.1395 0.0000e+00
      1.579      0.125     9.3513    101.922     32.268  28.749461     2.0570      6.910   310.1768 4.3740e+01     3.4925      1.544      2.239    19.9755 0.0000e+00
      1.616      0.131     9.5679    103.897     32.097  28.478851     1.9901      6.911   310.2202 4.2935e+01     3.3885      1.580      2.291    19.9249 0.0000e+00
      1.662      0.138     9.7684    105.604     31.876  28.142612     1.8738      6.911   310.2764 4.2220e+01     3.2295      1.631      2.366    19.8687 0.0000e+00
      1.706      0.146     9.9333    106.809     31.748  27.858837     1.8175      6.910   310.6839 4.1744e+01     3.1269      1.677      2.433    19.7239 0.0000e+00
      1.741      0.155    10.0383    107.336     31.639  27.587488     1.8142      6.908   311.2759 4.1396e+01     3.0939      1.708      2.477    19.5434 0.0000e+00
      1.771      0.163    10.0796    107.214     31.540  27.337933     1.7790      6.905   311.3251 4.1100e+01     2.8612      1.737      2.518    19.3688 0.0000e+00
      1.804      0.166    10.0705    106.602     31.616  27.254172     1.7230      6.904   311.0210 4.0675e+01     2.4805      1.766      2.561    19.1641 0.0000e+00
      1.848      0.162    10.0297    105.778     31.771  27.273027     1.6978      6.906   310.8682 3.9726e+01     2.3045      1.802      2.614    18.8701 0.0000e+00
      1.909      0.152     9.9789    105.035     31.887  27.311763     1.6957      6.910   310.7686 3.8896e+01     2.2901      1.872      2.715    18.5806 0.0000e+00
      1.967      0.136     9.9359    104.513     31.945  27.341478     1.6875      6.913   310.7638 3.8724e+01     2.3063      1.944      2.818    18.3337 0.0000e+00
      1.998      0.116     9.9129    104.224     32.004  27.378288     1.6815      6.915   310.8960 3.8438e+01     2.2866      1.966      2.851    18.0781 0.0000e+00
      2.009      0.096     9.9149    104.078     32.134  27.439339     1.6875      6.916   311.0759 3.8205e+01     2.1746      1.970      2.858    17.8813 0.0000e+00
      2.017      0.081     9.9325    103.921     32.336  27.508099     1.6957      6.917   311.3039 3.8115e+01     2.1112      1.976      2.867    17.8003 0.0000e+00
      2.028      0.077     9.9437    103.637     32.556  27.574555     1.6894      6.917   311.5887 3.7793e+01     2.1298      1.985      2.880    17.7828 0.0000e+00
      2.048      0.085     9.9263    103.096     32.725  27.607719     1.6842      6.914   311.9383 3.7419e+01     2.1858      2.006      2.910    17.7904 0.0000e+00
      2.075      0.095     9.8540    102.054     32.888  27.654950     1.6976      6.909   312.2614 3.7107e+01     2.2708      2.034      2.949    17.7322 0.0000e+00
      2.108      0.102     9.7029    100.279     33.022  27.701015     1.7042      6.903   312.4833 3.6929e+01     2.3027      2.067      2.998    17.5357 0.0000e+00
      2.140      0.105     9.4633     97.659     33.101  27.720125     1.6997      6.893   312.7279 3.6774e+01     2.2665      2.101      3.046    17.3352 0.0000e+00
      2.166      0.102     9.1529     94.346     33.192  27.758956     1.7533      6.881   313.0681 3.6636e+01     2.2597      2.126      3.082    17.1695 0.0000e+00
      2.190      0.095     8.8143     90.751     33.272  27.789480     1.8741      6.870   313.3276 3.6625e+01     2.2827      2.147      3.113    17.0231 0.0000e+00
      2.213      0.087     8.4767     87.186     33.365  27.835150     1.9480      6.860   313.5423 3.6674e+01     2.2691      2.171      3.147    16.9300 0.0000e+00
      2.234      0.079     8.1566     83.829     33.508  27.930105     1.9572      6.849   313.8581 3.6589e+01     2.2480      2.193      3.180    16.8614 0.0000e+00
      2.254      0.074     7.8697     80.804     33.687  28.048568     2.0212      6.838   314.1336 3.6416e+01     2.3022      2.211      3.207    16.8158 0.0000e+00
      2.271      0.071     7.6187     78.120     33.908  28.187944     2.1430      6.829   314.3785 3.6367e+01     2.4056      2.226      3.228    16.7567 0.0000e+00
      2.287      0.070     7.4026     75.779     34.162  28.345239     2.2079      6.820   314.6673 3.6349e+01     2.4609      2.242      3.253    16.6992 0.0000e+00
      2.304      0.071     7.2189     73.765     34.407  28.489839     2.2088      6.809   314.9592 3.6250e+01     2.4820      2.261      3.279    16.6789 0.0000e+00
      2.320      0.072     7.0513     71.922     34.614  28.602694     2.2001      6.797   315.2406 3.6207e+01     2.4779      2.275      3.299    16.6366 0.0000e+00
