Data/DataNotYetUploadedToEDI/Raw_CTD/RawDownloads/060418_fcr45.cnv
* Sea-Bird SBE19plus  Data File:
* FileName = C:\DATA\060418_fcr50_0006.hex
* Software version 2.6.3.104 SB_Terminal.dll
* Temperature SN = 7809
* Conductivity SN = 7809
* System UpLoad Time = Jun 04 2018 16:29:33
* <ApplicationData>
* <Seaterm232>
# nquan = 15
# nvalues = 524                         
# units = specified
# name 0 = depFM: Depth [fresh water, m]
# name 1 = dz/dtM: Descent Rate [m/s]
# name 2 = sbeox0Mg/L: Oxygen, SBE 43 [mg/l]
# name 3 = sbeox0PS: Oxygen, SBE 43 [% saturation]
# name 4 = specc: Specific Conductance [uS/cm]
# name 5 = c0uS/cm: Conductivity [uS/cm]
# name 6 = flECO-AFL: Fluorescence, WET Labs ECO-AFL/FL [mg/m^3]
# name 7 = ph: pH
# name 8 = orp: Oxidation Reduction Potential [mV]
# name 9 = par/sat/log: PAR/Logarithmic, Satlantic
# name 10 = turbWETntu0: Turbidity, WET Labs ECO [NTU]
# name 11 = prdM: Pressure, Strain Gauge [db]
# name 12 = prdE: Pressure, Strain Gauge [psi]
# name 13 = tv290C: Temperature [ITS-90, deg C]
# name 14 = flag:  0.000e+00
# span 0 =     -0.624,      7.339       
# span 1 =     -0.004,      0.208       
# span 2 =     2.5280,     9.7944       
# span 3 =     22.958,    107.080       
# span 4 =      0.340,     41.943       
# span 5 =   0.302570,  31.754203       
# span 6 =    -0.9608,     2.8507       
# span 7 =      5.841,      7.677       
# span 8 = -1240.7415,  1213.1263       
# span 9 = 2.3517e+00, 2.4399e+03       
# span 10 =    -5.6164,    24.8040      
# span 11 =     -0.613,      7.199      
# span 12 =     -0.889,     10.441      
# span 13 =    10.0429,    23.9091      
# span 14 = 0.0000e+00, 0.0000e+00      
# interval = seconds: 0.25
# start_time = Jun 04 2018 15:14:09 [Instrument's time stamp, header]
# bad_flag = -9.990e-29
*END*
[from data line 193]
      0.427      0.001     8.2641     97.138     31.884  30.886014     1.1462      7.220   286.9592 7.8518e+02     1.0988      0.419      0.608    23.4126 0.0000e+00
      0.425      0.000     8.2154     96.571     31.870  30.874668     1.1621      7.220   286.9778 7.0762e+02     1.0922      0.417      0.605    23.4229 0.0000e+00
      0.424     -0.001     8.1743     96.095     31.855  30.863236     1.1560      7.220   287.0277 7.6854e+02     1.0603      0.414      0.601    23.4277 0.0000e+00
      0.424     -0.001     8.1431     95.736     31.865  30.874807     1.1364      7.219   287.1321 7.5394e+02     1.0478      0.416      0.602    23.4290 0.0000e+00
      0.424     -0.001     8.1224     95.500     31.876  30.887559     1.1088      7.217   287.2069 8.0146e+02     1.0640      0.417      0.605    23.4289 0.0000e+00
      0.424      0.000     8.1084     95.336     31.878  30.890412     1.0881      7.216   287.4164 1.0975e+03     1.0730      0.416      0.604    23.4315 0.0000e+00
      0.424 -2.017e-08     8.0989     95.223     31.898  30.909305     1.0801      7.216   287.5999 1.2131e+03     1.0648      0.416      0.603    23.4363 0.0000e+00
      0.424 -2.219e-07     8.0929     95.149     31.916  30.925470     1.0482      7.216   287.5338 9.7131e+02     1.0566      0.415      0.603    23.4416 0.0000e+00
      0.424 -2.249e-07     8.0883     95.093     31.886  30.895336     0.9872      7.216   287.3907 1.0409e+03     1.0656      0.415      0.603    23.4456 0.0000e+00
      0.424 -5.737e-08     8.0857     95.055     31.855  30.862501     0.9589      7.217   287.4182 1.3551e+03     1.0824      0.416      0.604    23.4459 0.0000e+00
      0.424 -4.113e-07     8.0830     95.010     31.842  30.845993     0.9632      7.218   287.6078 1.2761e+03     1.0765      0.416      0.603    23.4444 0.0000e+00
      0.424     -0.000     8.0779     94.938     31.822  30.822744     0.9835      7.218   287.7907 1.0549e+03     1.0553      0.416      0.604    23.4426 0.0000e+00
      0.424     -0.000     8.0736     94.881     31.838  30.835421     1.0110      7.217   287.8228 9.2998e+02     1.0698      0.416      0.602    23.4416 0.0000e+00
      0.424     -0.001     8.0711     94.848     31.878  30.872254     1.0208      7.216   287.7383 9.4148e+02     1.0997      0.415      0.603    23.4386 0.0000e+00
      0.424     -0.001     8.0666     94.794     31.893  30.887036     1.0286      7.218   287.8008 1.0149e+03     1.0812      0.416      0.604    23.4299 0.0000e+00
      0.424     -0.001     8.0611     94.735     31.891  30.887140     1.0410      7.220   287.8913 9.6148e+02     1.0594      0.416      0.603    23.4222 0.0000e+00
      0.423     -0.000     8.0597     94.729     31.874  30.873510     1.0422      7.220   287.8849 9.1859e+02     1.0502      0.415      0.603    23.4180 0.0000e+00
      0.422 3.7255e-08     8.0635     94.784     31.844  30.849265     1.0334      7.219   287.8955 1.0272e+03     1.0309      0.413      0.601    23.4157 0.0000e+00
      0.422 4.0981e-07     8.0695     94.861     31.841  30.848015     1.0261      7.219   287.9337 1.1380e+03     1.0700      0.414      0.600    23.4169 0.0000e+00
      0.423      0.000     8.0749     94.925     31.851  30.858406     1.0189      7.217   288.0889 1.0404e+03     1.1255      0.415      0.602    23.4186 0.0000e+00
      0.424      0.000     8.0788     94.971     31.841  30.847891     0.9915      7.213   288.2230 9.2694e+02     1.1227      0.416      0.604    23.4243 0.0000e+00
      0.424      0.001     8.0831     95.022     31.841  30.847891     0.9616      7.212   288.2640 9.4198e+02     1.1273      0.417      0.605    23.4332 0.0000e+00
      0.424      0.001     8.0898     95.098     31.852  30.858406     0.9621      7.213   288.3265 1.0054e+03     1.1205      0.416      0.603    23.4366 0.0000e+00
      0.423      0.001     8.0980     95.186     31.845  30.848015     0.9699      7.213   288.3773 1.0995e+03     1.0708      0.416      0.603    23.4352 0.0000e+00
      0.423      0.001     8.1048     95.256     31.850  30.849265     0.9636      7.212   288.4475 1.1285e+03     1.0449      0.414      0.602    23.4348 0.0000e+00
      0.424      0.001     8.1092     95.301     31.877  30.873513     0.9501      7.212   288.4871 1.0138e+03     1.0516      0.415      0.602    23.4362 0.0000e+00
      0.425      0.001     8.1125     95.338     31.892  30.887160     0.9444      7.212   288.3403 8.6712e+02     1.0597      0.417      0.605    23.4347 0.0000e+00
      0.426      0.000     8.1149     95.365     31.892  30.887265     0.9498      7.212   288.2212 9.2210e+02     1.0819      0.418      0.607    23.4302 0.0000e+00
      0.426     -0.001     8.1147     95.361     31.880  30.874771     0.9506      7.212   288.4228 1.0997e+03     1.1068      0.419      0.607    23.4235 0.0000e+00
      0.425     -0.003     8.1119     95.326     31.869  30.863111     0.9446      7.211   288.7990 1.0282e+03     1.0867      0.417      0.604    23.4186 0.0000e+00
      0.423     -0.003     8.1091     95.292     31.880  30.873306     0.9424      7.210   289.1564 8.0168e+02     1.0522      0.415      0.602    23.4191 0.0000e+00
      0.422     -0.002     8.1056     95.249     31.879  30.871015     0.9519      7.207   289.3024 8.1373e+02     1.0560      0.414      0.601    23.4186 0.0000e+00
      0.421     -0.001     8.0964     95.139     31.842  30.835410     0.9570      7.203   289.1881 9.6879e+02     1.0716      0.413      0.599    23.4171 0.0000e+00
      0.421      0.000     8.0819     94.968     31.830  30.823853     0.9490      7.203   289.1511 9.3494e+02     1.0567      0.412      0.598    23.4167 0.0000e+00
      0.422 2.7587e-08     8.0661     94.780     31.867  30.858293     0.9470      7.203   289.1991 8.5693e+02     1.0600      0.415      0.602    23.4152 0.0000e+00
      0.423 3.0346e-07     8.0531     94.621     31.882  30.870775     0.9511      7.202   289.1663 8.6364e+02     1.0814      0.415      0.603    23.4138 0.0000e+00
      0.423      0.000     8.0467     94.539     31.861  30.847758     0.9528      7.201   289.1853 8.0280e+02     1.0406      0.414      0.601    23.4133 0.0000e+00
      0.423      0.000     8.0459     94.524     31.849  30.834016     0.9684      7.201   289.1705 7.5370e+02     0.9941      0.415      0.601    23.4141 0.0000e+00
      0.422      0.001     8.0468     94.528     31.848  30.831631     1.0021      7.202   289.0726 7.3459e+02     1.0069      0.414      0.600    23.4135 0.0000e+00
      0.422      0.003     8.0474     94.530     31.837  30.818923     1.0294      7.204   289.1201 8.0697e+02     1.0426      0.414      0.600    23.4088 0.0000e+00
      0.422      0.005     8.0486     94.541     31.827  30.807375     1.0412      7.206   289.1434 9.0310e+02     1.0593      0.413      0.599    23.4039 0.0000e+00
      0.422      0.007     8.0503     94.559     31.839  30.819015     1.0436      7.207   289.0101 7.5918e+02     1.0566      0.413      0.599    23.4010 0.0000e+00
      0.427      0.007     8.0514     94.570     31.854  30.832652     1.0396      7.209   289.0565 5.9818e+02     1.0716      0.418      0.606    23.3983 0.0000e+00
      0.432      0.007     8.0526     94.581     31.868  30.845239     1.0298      7.211   289.3605 6.0306e+02     1.0877      0.424      0.615    23.3946 0.0000e+00
      0.434      0.006     8.0528     94.579     31.869  30.844189     1.0256      7.211   289.6742 6.9652e+02     1.0986      0.427      0.619    23.3923 0.0000e+00
      0.433      0.004     8.0523     94.569     31.845  30.819960     1.0162      7.209   289.8379 8.4642e+02     1.1118      0.425      0.616    23.3920 0.0000e+00
      0.432      0.001     8.0528     94.573     31.832  30.806314     0.9813      7.205   289.8771 1.4065e+03     1.0940      0.423      0.613    23.3917 0.0000e+00
      0.433     -0.001     8.0541     94.585     31.832  30.806199     0.9527      7.202   289.8906 1.9598e+03     1.0674      0.424      0.615    23.3903 0.0000e+00
      0.433     -0.002     8.0555     94.598     31.846  30.818577     0.9551      7.202   289.8289 1.5642e+03     1.0639      0.425      0.616    23.3875 0.0000e+00
      0.433     -0.001     8.0565     94.606     31.859  30.828959     0.9549      7.202   289.7338 9.4204e+02     1.0832      0.425      0.617    23.3849 0.0000e+00
      0.431      0.001     8.0585     94.624     31.836  30.804713     0.9232      7.201   289.7726 7.0134e+02     1.0868      0.423      0.613    23.3833 0.0000e+00
      0.428      0.003     8.0629     94.668     31.813  30.779433     0.8935      7.200   289.8677 5.8680e+02     1.0466      0.418      0.606    23.3822 0.0000e+00
      0.429      0.005     8.0658     94.693     31.815  30.777333     0.8899      7.200   289.8522 5.3720e+02     1.0248      0.419      0.608    23.3805 0.0000e+00
      0.433      0.007     8.0630     94.648     31.821  30.779320     0.9074      7.201   289.7567 5.4814e+02     1.0370      0.426      0.618    23.3772 0.0000e+00
      0.437      0.009     8.0545     94.538     31.849  30.803444     0.9390      7.201   289.8309 7.2314e+02     1.0409      0.430      0.623    23.3751 0.0000e+00
      0.440      0.012     8.0425     94.392     31.863  30.814979     0.9600      7.201   290.0618 8.5300e+02     1.0413      0.432      0.625    23.3723 0.0000e+00
      0.441      0.016     8.0319     94.262     31.841  30.791782     0.9587      7.202   290.1396 7.3766e+02     1.0423      0.433      0.628    23.3649 0.0000e+00
      0.443      0.022     8.0252     94.171     31.831  30.776991     0.9516      7.203   289.9967 6.7886e+02     1.0520      0.435      0.631    23.3580 0.0000e+00
      0.447      0.032     8.0206     94.102     31.821  30.763155     0.9560      7.200   289.9691 7.0160e+02     1.0671      0.437      0.633    23.3525 0.0000e+00
      0.455      0.042     8.0169     94.047     31.814  30.751496     0.9657      7.192   290.1500 6.2274e+02     1.0724      0.444      0.644    23.3498 0.0000e+00
      0.468      0.052     8.0139     94.004     31.829  30.763033     0.9680      7.184   290.2041 5.9043e+02     1.0855      0.458      0.665    23.3480 0.0000e+00
      0.486      0.059     8.0107     93.959     31.844  30.775618     0.9658      7.179   290.2797 5.5813e+02     1.1040      0.476      0.691    23.3402 0.0000e+00
      0.507      0.064     8.0065     93.904     31.847  30.776650     0.9668      7.175   290.4621 6.4502e+02     1.1125      0.498      0.722    23.3316 0.0000e+00
      0.527      0.066     8.0017     93.844     31.848  30.775505     0.9703      7.175   290.5163 9.6414e+02     1.0965      0.518      0.752    23.3250 0.0000e+00
      0.542      0.069     7.9970     93.784     31.835  30.761774     0.9713      7.178   290.5908 1.0095e+03     1.0640      0.532      0.771    23.3193 0.0000e+00
      0.555      0.074     7.9920     93.720     31.812  30.737632     0.9604      7.181   290.6747 7.4210e+02     1.0549      0.544      0.788    23.3158 0.0000e+00
      0.570      0.081     7.9871     93.660     31.813  30.737632     0.9769      7.183   290.7562 5.6850e+02     1.0782      0.559      0.811    23.3137 0.0000e+00
      0.589      0.090     7.9837     93.619     31.839  30.761775     1.0429      7.184   290.8876 5.4923e+02     1.1015      0.573      0.830    23.3108 0.0000e+00
      0.615      0.098     7.9817     93.595     31.854  30.775506     1.0967      7.184   290.8868 5.3717e+02     1.0925      0.600      0.869    23.3077 0.0000e+00
      0.649      0.103     7.9798     93.571     31.855  30.776650     1.1120      7.185   290.8330 4.9291e+02     1.0917      0.638      0.926    23.3058 0.0000e+00
      0.682      0.106     7.9770     93.538     31.854  30.775602     1.1364      7.185   290.9247 5.0216e+02     1.1222      0.671      0.974    23.3043 0.0000e+00
      0.708      0.106     7.9739     93.501     31.841  30.762836     1.1885      7.184   291.1352 4.7940e+02     1.1255      0.698      1.011    23.3033 0.0000e+00
      0.730      0.107     7.9722     93.478     31.828  30.749307     1.2187      7.181   291.3136 4.4157e+02     1.1020      0.716      1.038    23.3023 0.0000e+00
      0.752      0.110     7.9710     93.455     31.820  30.739031     1.2162      7.177   291.4473 4.4930e+02     1.0815      0.735      1.066    23.3021 0.0000e+00
      0.778      0.118     7.9703     93.405     31.864  30.765605     1.2047      7.172   291.5478 3.9943e+02     1.0601      0.762      1.104    23.3015 0.0000e+00
      0.810      0.128     7.9730     93.327     32.090  30.943575     1.1984      7.170   291.7543 3.3587e+02     1.0573      0.793      1.149    23.3021 0.0000e+00
      0.847      0.140     7.9794     93.215     32.402  31.176092     1.2053      7.168   291.9646 3.1590e+02     1.0773      0.828      1.201    23.2994 0.0000e+00
      0.887      0.149     7.9859     93.031     32.621  31.290579     1.2147      7.166   291.9388 3.2086e+02     1.0890      0.871      1.263    23.2997 0.0000e+00
      0.926      0.153     7.9928     92.810     32.827  31.375081     1.2195      7.163   291.9591 3.3225e+02     1.0770      0.908      1.317    23.2874 0.0000e+00
      0.967      0.152     8.0112     92.724     33.073  31.499034     1.2356      7.160   292.2096 3.1436e+02     1.0544      0.946      1.372    23.2243 0.0000e+00
      1.010      0.147     8.0549     92.974     33.328  31.645959     1.2726      7.156   292.4721 2.9336e+02     1.0595      0.993      1.439    23.1182 0.0000e+00
      1.050      0.139     8.1358     93.700     33.523  31.754203     1.2991      7.151   292.8109 2.9575e+02     1.0776      1.033      1.498    22.9645 0.0000e+00
      1.083      0.129     8.2565     94.915     33.563  31.728029     1.3073      7.148   293.3804 2.9555e+02     1.0906      1.063      1.542    22.7845 0.0000e+00
      1.112      0.119     8.4082     96.515     33.532  31.646951     1.3636      7.146   293.7657 3.0014e+02     1.1549      1.089      1.581    22.6055 0.0000e+00
      1.140      0.110     8.5789     98.367     33.522  31.599458     1.4740      7.144   293.8561 3.0742e+02     1.2451      1.118      1.622    22.4580 0.0000e+00
      1.167      0.104     8.7593    100.320     33.496  31.534801     1.5395      7.143   293.9561 2.9389e+02     1.2959      1.146      1.661    22.3559 0.0000e+00
      1.191      0.104     8.9462    102.220     33.410  31.373214     1.5570      7.140   294.2872 2.8191e+02     1.3112      1.168      1.693    22.2519 0.0000e+00
      1.214      0.109     9.1277    103.868     33.275  31.106311     1.6408      7.135   294.7617 2.7801e+02     1.3087      1.189      1.725    22.1749 0.0000e+00
      1.239      0.116     9.2829    105.091     33.119  30.784335     1.7799      7.128   295.1338 2.7836e+02     1.3262      1.213      1.760    22.1225 0.0000e+00
      1.269      0.125     9.4049    105.855     32.919  30.401326     1.8516      7.122   295.5165 2.7666e+02     1.3400      1.244      1.805    22.0887 0.0000e+00
      1.303      0.134     9.4997    106.272     32.741  30.031465     1.8643      7.118   295.8609 2.7497e+02     1.3226      1.276      1.851    21.9894 0.0000e+00
      1.341      0.140     9.5776    106.540     32.699  29.804891     1.8877      7.114   296.2009 3.0109e+02     1.4216      1.313      1.906    21.7462 0.0000e+00
      1.381      0.145     9.6456    106.784     32.682  29.630245     1.9223      7.109   296.7876 3.2216e+02     1.6208      1.356      1.968    21.4801 0.0000e+00
      1.420      0.149     9.7024    106.984     32.552  29.380203     1.9435      7.104   297.3622 2.9493e+02     1.7171      1.393      2.021    21.1784 0.0000e+00
      1.455      0.150     9.7478    107.080     32.412  29.131094     1.9413      7.099   297.7272 2.7146e+02     1.7320      1.427      2.070    20.8427 0.0000e+00
      1.491      0.149     9.7794    107.013     32.370  28.967731     1.9049      7.096   298.0178 2.7324e+02     1.6780      1.462      2.119    20.5551 0.0000e+00
