Data/DataNotYetUploadedToEDI/Raw_CTD/RawDownloads/060418_fcr50.cnv
* Sea-Bird SBE19plus  Data File:
* FileName = C:\DATA\060418_fcr50_0007.hex
* Software version 2.6.3.104 SB_Terminal.dll
* Temperature SN = 7809
* Conductivity SN = 7809
* System UpLoad Time = Jun 04 2018 16:29:52
* <ApplicationData>
* <Seaterm232>
# nquan = 15
# nvalues = 395                         
# units = specified
# name 0 = depFM: Depth [fresh water, m]
# name 1 = dz/dtM: Descent Rate [m/s]
# name 2 = sbeox0Mg/L: Oxygen, SBE 43 [mg/l]
# name 3 = sbeox0PS: Oxygen, SBE 43 [% saturation]
# name 4 = specc: Specific Conductance [uS/cm]
# name 5 = c0uS/cm: Conductivity [uS/cm]
# name 6 = flECO-AFL: Fluorescence, WET Labs ECO-AFL/FL [mg/m^3]
# name 7 = ph: pH
# name 8 = orp: Oxidation Reduction Potential [mV]
# name 9 = par/sat/log: PAR/Logarithmic, Satlantic
# name 10 = turbWETntu0: Turbidity, WET Labs ECO [NTU]
# name 11 = prdM: Pressure, Strain Gauge [db]
# name 12 = prdE: Pressure, Strain Gauge [psi]
# name 13 = tv290C: Temperature [ITS-90, deg C]
# name 14 = flag:  0.000e+00
# span 0 =     -0.624,      9.575       
# span 1 =     -0.135,      0.256       
# span 2 =     4.3032,     9.3257       
# span 3 =     39.389,    100.279       
# span 4 =      0.723,     41.440       
# span 5 =   0.636587,  30.967768       
# span 6 =    -1.1339,     2.6556       
# span 7 =      5.991,      7.709       
# span 8 = -1240.7455,   344.3536       
# span 9 = 2.9112e-01, 2.6245e+03       
# span 10 =    -0.6717,    26.0111      
# span 11 =     -0.612,      9.390      
# span 12 =     -0.887,     13.620      
# span 13 =    10.1291,    23.7385      
# span 14 = 0.0000e+00, 0.0000e+00      
# interval = seconds: 0.25
# start_time = Jun 04 2018 15:25:14 [Instrument's time stamp, header]
# bad_flag = -9.990e-29
*END*
[from data line 97]
      0.618 1.6626e-08     5.7092     66.875     31.458  30.356892     1.1662      7.293   300.4559 7.8795e+02     1.0700      0.605      0.878    23.2047 0.0000e+00
      0.618 1.8289e-07     5.7027     66.799     31.464  30.363311     1.1648      7.292   300.6910 7.7666e+02     1.0590      0.606      0.879    23.2104 0.0000e+00
      0.618      0.000     5.7017     66.782     31.459  30.356719     1.1744      7.292   300.9515 7.8419e+02     1.0570      0.606      0.879    23.2241 0.0000e+00
      0.618      0.000     5.7039     66.806     31.443  30.340684     1.1724      7.292   300.9376 7.6966e+02     1.0450      0.606      0.879    23.2380 0.0000e+00
      0.618      0.001     5.7080     66.862     31.459  30.359949     1.1580      7.291   300.7815 7.3954e+02     1.0360      0.606      0.879    23.2476 0.0000e+00
      0.618      0.001     5.7125     66.927     31.494  30.399145     1.1570      7.291   300.7855 8.4938e+02     1.0709      0.605      0.878    23.2478 0.0000e+00
      0.618      0.000     5.7172     66.995     31.523  30.433573     1.1701      7.290   300.8996 1.0897e+03     1.1003      0.605      0.878    23.2404 0.0000e+00
      0.619 -3.387e-09     5.7237     67.083     31.543  30.458707     1.1966      7.289   301.2147 1.0665e+03     1.0865      0.607      0.880    23.2380 0.0000e+00
      0.619 -3.726e-08     5.7326     67.198     31.528  30.449015     1.2200      7.290   301.6692 8.1737e+02     1.0566      0.608      0.881    23.2457 0.0000e+00
      0.619 -4.098e-07     5.7428     67.326     31.518  30.443409     1.2235      7.290   301.7502 7.6091e+02     1.0438      0.607      0.880    23.2568 0.0000e+00
      0.619      0.000     5.7543     67.460     31.530  30.454433     1.2208      7.289   301.5915 8.5269e+02     1.0533      0.607      0.880    23.2671 0.0000e+00
      0.619      0.000     5.7672     67.603     31.535  30.455294     1.2511      7.286   301.4712 8.3258e+02     1.0805      0.606      0.879    23.2772 0.0000e+00
      0.619     -0.001     5.7777     67.719     31.537  30.453811     1.3137      7.284   301.3287 7.5219e+02     1.0985      0.607      0.880    23.2847 0.0000e+00
      0.619     -0.001     5.7841     67.789     31.520  30.436501     1.3536      7.284   301.3307 1.0431e+03     1.0872      0.607      0.881    23.2925 0.0000e+00
      0.618     -0.001     5.7891     67.848     31.520  30.436515     1.3660      7.283   301.5816 1.3082e+03     1.0957      0.606      0.879    23.2924 0.0000e+00
      0.618     -0.001     5.7945     67.909     31.540  30.453978     1.3711      7.282   301.9527 9.6115e+02     1.1101      0.606      0.878    23.2829 0.0000e+00
      0.617     -0.001     5.7991     67.959     31.545  30.457128     1.3689      7.281   302.1181 6.0515e+02     1.0790      0.605      0.877    23.2761 0.0000e+00
      0.617     -0.001     5.8046     68.020     31.564  30.474594     1.3588      7.279   302.0323 5.2436e+02     1.0240      0.605      0.878    23.2724 0.0000e+00
      0.617     -0.001     5.8169     68.165     31.565  30.474645     1.3490      7.277   301.8614 5.2171e+02     0.9950      0.606      0.879    23.2767 0.0000e+00
      0.616      0.000     5.8441     68.486     31.546  30.457744     1.3337      7.276   301.7730 5.4220e+02     1.0034      0.604      0.877    23.2752 0.0000e+00
      0.616      0.001     5.8931     69.060     31.549  30.460760     1.3118      7.274   302.0822 5.3655e+02     1.0330      0.604      0.876    23.2685 0.0000e+00
      0.616      0.001     5.9587     69.816     31.542  30.447616     1.2963      7.272   302.5032 5.7293e+02     1.0482      0.604      0.876    23.2681 0.0000e+00
      0.617      0.001     6.0258     70.579     31.531  30.425825     1.2839      7.271   302.6463 6.1311e+02     1.0344      0.605      0.877    23.2658 0.0000e+00
      0.618      0.001     6.0837     71.238     31.566  30.451290     1.2992      7.270   302.6080 7.0569e+02     1.0494      0.606      0.879    23.2698 0.0000e+00
      0.618      0.000     6.1279     71.753     31.619  30.501469     1.3337      7.270   302.4708 8.5909e+02     1.0774      0.607      0.881    23.2739 0.0000e+00
      0.618     -0.000     6.1563     72.096     31.638  30.524493     1.3434      7.270   302.4498 9.9051e+02     1.0672      0.606      0.879    23.2639 0.0000e+00
      0.618     -0.001     6.1691     72.261     31.647  30.539153     1.3425      7.270   302.4399 9.8359e+02     1.0485      0.605      0.877    23.2415 0.0000e+00
      0.618     -0.002     6.1680     72.264     31.652  30.551727     1.3502      7.270   302.3514 7.6682e+02     1.0645      0.606      0.878    23.2230 0.0000e+00
      0.617     -0.001     6.1565     72.145     31.642  30.549519     1.3629      7.270   302.4979 7.2345e+02     1.1083      0.605      0.877    23.2222 0.0000e+00
      0.616      0.001     6.1431     71.999     31.598  30.512466     1.3684      7.269   302.8342 8.2697e+02     1.1206      0.604      0.876    23.2330 0.0000e+00
      0.614      0.002     6.1363     71.914     31.506  30.421265     1.3614      7.263   302.9762 7.8959e+02     1.0919      0.602      0.873    23.2453 0.0000e+00
      0.614      0.000     6.1351     71.893     31.421  30.335886     1.3511      7.254   302.8392 7.3314e+02     1.0655      0.600      0.871    23.2565 0.0000e+00
      0.617     -0.007     6.1346     71.884     31.391  30.305726     1.3451      7.250   302.7256 7.3141e+02     1.0451      0.604      0.876    23.2689 0.0000e+00
      0.622     -0.022     6.1302     71.806     31.409  30.310619     1.3541      7.252   302.3772 7.6433e+02     1.0289      0.612      0.887    23.2825 0.0000e+00
      0.622     -0.045     6.1161     71.584     31.459  30.331529     1.3674      7.254   301.8102 7.3143e+02     1.0221      0.615      0.892    23.2751 0.0000e+00
      0.611     -0.075     6.0905     71.240     31.519  30.367991     1.3683      7.254   301.7211 7.2147e+02     1.0244      0.604      0.875    23.2581 0.0000e+00
      0.587     -0.105     6.0568     70.829     31.594  30.433928     1.3276      7.254   301.9878 7.7703e+02     1.0569      0.579      0.839    23.2741 0.0000e+00
      0.551     -0.127     6.0202     70.406     31.654  30.493703     1.2525      7.249   302.1091 7.1153e+02     1.0789      0.544      0.790    23.2592 0.0000e+00
      0.505     -0.135     5.9906     70.082     31.604  30.455659     1.2133      7.236   302.1553 7.7258e+02     1.0760      0.498      0.723    23.1943 0.0000e+00
      0.455     -0.129     5.9786     69.981     31.480  30.354997     1.2125      7.214   302.1164 1.1603e+03     1.0832      0.443      0.643    23.1612 0.0000e+00
      0.413     -0.111     5.9893     70.146     31.396  30.292723     1.1870      7.193   301.6387 1.7639e+03     1.0756      0.396      0.575    23.1533 0.0000e+00
      0.390     -0.086     6.0272     70.589     31.377  30.274286     1.1357      7.180   301.1973 1.9335e+03     1.0752      0.376      0.546    23.1572 0.0000e+00
      0.382     -0.058     6.0967     71.352     31.386  30.259088     1.1067      7.177   301.2541 1.2452e+03     1.0772      0.374      0.542    23.1742 0.0000e+00
      0.377     -0.033     6.1922     72.405     31.392  30.235943     1.0941      7.182   301.4654 7.0606e+02     1.0391      0.371      0.538    23.2036 0.0000e+00
      0.373     -0.016     6.2996     73.612     31.428  30.248416     1.0844      7.190   301.6870 6.2046e+02     1.0119      0.365      0.529    23.2513 0.0000e+00
      0.370     -0.005     6.4036     74.802     31.475  30.282865     1.0896      7.200   301.5247 6.3075e+02     1.0536      0.362      0.525    23.2543 0.0000e+00
      0.370      0.003     6.4884     75.786     31.466  30.271413     1.0935      7.210   300.8794 6.8530e+02     1.1155      0.363      0.526    23.2010 0.0000e+00
      0.371      0.012     6.5441     76.431     31.434  30.236956     1.0857      7.218   300.5957 5.4768e+02     1.1200      0.364      0.527    23.1484 0.0000e+00
      0.375      0.023     6.5706     76.728     31.449  30.247272     1.0961      7.219   300.8477 4.1671e+02     1.1077      0.367      0.530    23.1110 0.0000e+00
      0.381      0.037     6.5670     76.682     31.474  30.269126     1.1363      7.210   301.1736 4.7112e+02     1.1192      0.373      0.541    23.0953 0.0000e+00
      0.390      0.051     6.5342     76.300     31.451  30.247171     1.1672      7.199   301.4385 5.2557e+02     1.1064      0.382      0.555    23.0963 0.0000e+00
      0.403      0.065     6.4786     75.650     31.439  30.235832     1.1658      7.194   301.3828 4.6047e+02     1.0751      0.392      0.569    23.0935 0.0000e+00
      0.423      0.078     6.4084     74.833     31.463  30.259037     1.1573      7.195   301.0170 4.1419e+02     1.0466      0.412      0.597    23.0797 0.0000e+00
      0.451      0.091     6.3350     73.974     31.479  30.273714     1.1828      7.203   300.8874 4.5538e+02     1.0351      0.443      0.642    23.0782 0.0000e+00
      0.477      0.103     6.2643     73.140     31.496  30.286283     1.2451      7.215   301.0199 6.3131e+02     1.0587      0.470      0.681    23.0822 0.0000e+00
      0.501      0.114     6.1956     72.331     31.498  30.283993     1.2945      7.226   301.2430 8.3504e+02     1.0878      0.489      0.709    23.0775 0.0000e+00
      0.529      0.124     6.1321     71.587     31.459  30.246015     1.3020      7.235   301.5190 8.5004e+02     1.1127      0.516      0.748    23.0832 0.0000e+00
      0.562      0.129     6.0760     70.933     31.419  30.208124     1.3092      7.239   301.6043 8.7492e+02     1.1148      0.551      0.799    23.0827 0.0000e+00
      0.599      0.131     6.0227     70.316     31.414  30.206886     1.3445      7.240   301.5858 8.0777e+02     1.0829      0.586      0.850    23.0733 0.0000e+00
      0.639      0.131     5.9708     69.713     31.438  30.231047     1.3706      7.240   301.6393 6.6942e+02     1.0630      0.628      0.909    23.0669 0.0000e+00
      0.676      0.128     5.9239     69.164     31.456  30.246244     1.3768      7.238   301.6499 6.5854e+02     1.0575      0.667      0.967    23.0659 0.0000e+00
      0.706      0.122     5.8829     68.679     31.476  30.263618     1.4006      7.234   301.5419 6.5310e+02     1.0175      0.693      1.006    23.0664 0.0000e+00
      0.732      0.117     5.8461     68.246     31.530  30.314098     1.4468      7.233   301.6236 6.5654e+02     1.0056      0.716      1.038    23.0732 0.0000e+00
      0.759      0.121     5.8128     67.871     31.560  30.348538     1.4764      7.233   301.9501 5.8449e+02     1.0660      0.745      1.079    23.0774 0.0000e+00
      0.787      0.131     5.7877     67.620     31.486  30.299003     1.4823      7.234   302.3051 4.9129e+02     1.1074      0.774      1.122    23.0722 0.0000e+00
      0.813      0.141     5.7849     67.635     31.382  30.223253     1.4911      7.236   302.7327 4.9097e+02     1.1097      0.794      1.151    23.0689 0.0000e+00
      0.850      0.146     5.8235     68.088     31.352  30.194749     1.5096      7.238   302.9042 4.8845e+02     1.0928      0.825      1.196    23.0640 0.0000e+00
      0.904      0.146     5.9192     69.160     31.390  30.208389     1.5306      7.239   302.8299 5.0898e+02     1.0867      0.888      1.288    23.0638 0.0000e+00
      0.954      0.142     6.0739     70.911     31.472  30.261124     1.5519      7.239   302.7804 5.1357e+02     1.0966      0.944      1.370    23.1035 0.0000e+00
      0.988      0.138     6.2692     73.156     31.554  30.324285     1.5844      7.235   302.8223 4.9707e+02     1.0906      0.972      1.410    23.1671 0.0000e+00
      1.012      0.134     6.4759     75.570     31.567  30.336985     1.6290      7.226   303.5946 5.9937e+02     1.0742      0.993      1.440    23.1643 0.0000e+00
      1.034      0.133     6.6610     77.771     31.499  30.287670     1.6587      7.215   304.8047 6.5568e+02     1.0513      1.012      1.467    23.1104 0.0000e+00
      1.063      0.138     6.7990     79.431     31.424  30.236082     1.6683      7.204   305.4077 5.2224e+02     1.0581      1.037      1.502    23.0669 0.0000e+00
      1.103      0.147     6.8812     80.409     31.401  30.221311     1.6711      7.197   305.6373 3.7745e+02     1.0954      1.079      1.564    23.0341 0.0000e+00
      1.151      0.154     6.9077     80.679     31.432  30.236101     1.6555      7.191   305.7748 3.7576e+02     1.1059      1.130      1.638    23.0354 0.0000e+00
      1.198      0.158     6.8807     80.302     31.512  30.287866     1.6264      7.184   305.9503 4.4349e+02     1.0938      1.178      1.707    23.0699 0.0000e+00
      1.239      0.160     6.8112     79.458     31.579  30.339126     1.6144      7.178   306.5554 4.2914e+02     1.1013      1.217      1.765    23.1128 0.0000e+00
      1.274      0.161     6.7173     78.378     31.581  30.347807     1.6201      7.173   307.4988 3.7443e+02     1.1046      1.250      1.814    23.1352 0.0000e+00
      1.308      0.163     6.6177     77.266     31.540  30.329330     1.6491      7.171   308.4944 3.7440e+02     1.1339      1.283      1.859    23.0983 0.0000e+00
      1.345      0.166     6.5338     76.330     31.496  30.306274     1.6986      7.168   309.2148 3.7125e+02     1.2428      1.314      1.905    23.0422 0.0000e+00
      1.393      0.170     6.4938     75.734     31.373  30.132581     1.7323      7.165   309.4987 3.7455e+02     1.3221      1.364      1.978    23.0187 0.0000e+00
      1.446      0.174     6.5333     75.561     31.262  29.753261     1.7439      7.162   309.4311 4.4958e+02     1.3291      1.422      2.062    23.0304 0.0000e+00
      1.493      0.176     6.6770     76.063     31.480  29.466315     1.7378      7.159   309.4302 4.6628e+02     1.3586      1.466      2.127    23.0766 0.0000e+00
      1.535      0.172     6.9268     77.720     31.932  29.393085     1.7225      7.157   309.7458 3.7669e+02     1.4349      1.505      2.184    23.1214 0.0000e+00
      1.576      0.165     7.2595     80.602     32.289  29.375168     1.7154      7.153   310.1496 3.0729e+02     1.4882      1.545      2.241    23.1528 0.0000e+00
      1.618      0.160     7.6293     84.157     32.458  29.312715     1.7252      7.147   310.5275 2.9811e+02     1.4846      1.588      2.304    22.7610 0.0000e+00
      1.658      0.159     8.0004     87.872     32.501  29.209215     1.7680      7.140   310.9581 2.8674e+02     1.4826      1.627      2.360    21.7763 0.0000e+00
      1.697      0.160     8.3546     91.461     32.472  29.076116     1.8277      7.134   311.3130 2.6402e+02     1.4946      1.664      2.413    20.9134 0.0000e+00
      1.736      0.160     8.6765     94.698     32.397  28.909824     1.8595      7.129   311.5484 2.5493e+02     1.5074      1.701      2.467    20.4203 0.0000e+00
      1.777      0.158     8.9509     97.370     32.307  28.722506     1.8680      7.125   311.8256 2.4701e+02     1.5459      1.740      2.524    20.1123 0.0000e+00
      1.821      0.157     9.1567     99.242     32.291  28.589168     1.8751      7.120   311.9122 2.3749e+02     1.5935      1.787      2.592    19.9173 0.0000e+00
      1.864      0.158     9.2765    100.159     32.406  28.567511     1.8803      7.113   311.9069 2.1074e+02     1.6257      1.832      2.657    19.7591 0.0000e+00
      1.902      0.160     9.3209    100.279     32.561  28.587490     1.8765      7.106   312.2777 1.8506e+02     1.6607      1.866      2.706    19.6204 0.0000e+00
      1.937      0.162     9.3257    100.019     32.663  28.576566     1.8662      7.100   312.7814 1.8226e+02     1.7108      1.897      2.752    19.4551 0.0000e+00
      1.975      0.162     9.3137     99.615     32.749  28.562307     1.8662      7.094   313.1790 1.8346e+02     1.7135      1.933      2.804    19.2645 0.0000e+00
