Data/DataNotYetUploadedToEDI/Raw_CTD/RawDownloads/060418_fcr20.cnv
* Sea-Bird SBE19plus  Data File:
* FileName = C:\DATA\060418_fcr50_0004.hex
* Software version 2.6.3.104 SB_Terminal.dll
* Temperature SN = 7809
* Conductivity SN = 7809
* System UpLoad Time = Jun 04 2018 16:28:26
* <ApplicationData>
* <Seaterm232>
# nquan = 15
# nvalues = 381                         
# units = specified
# name 0 = depFM: Depth [fresh water, m]
# name 1 = dz/dtM: Descent Rate [m/s]
# name 2 = sbeox0Mg/L: Oxygen, SBE 43 [mg/l]
# name 3 = sbeox0PS: Oxygen, SBE 43 [% saturation]
# name 4 = specc: Specific Conductance [uS/cm]
# name 5 = c0uS/cm: Conductivity [uS/cm]
# name 6 = flECO-AFL: Fluorescence, WET Labs ECO-AFL/FL [mg/m^3]
# name 7 = ph: pH
# name 8 = orp: Oxidation Reduction Potential [mV]
# name 9 = par/sat/log: PAR/Logarithmic, Satlantic
# name 10 = turbWETntu0: Turbidity, WET Labs ECO [NTU]
# name 11 = prdM: Pressure, Strain Gauge [db]
# name 12 = prdE: Pressure, Strain Gauge [psi]
# name 13 = tv290C: Temperature [ITS-90, deg C]
# name 14 = flag:  0.000e+00
# span 0 =     -0.618,      3.762       
# span 1 =     -0.053,      0.205       
# span 2 =    -0.1404,    10.0796       
# span 3 =     -1.353,    110.852       
# span 4 =      0.484,    200.016       
# span 5 =   0.441361, 147.484610       
# span 6 =    -0.7378,     3.9368       
# span 7 =      5.439,      7.519       
# span 8 = -1240.7455,  1227.4868       
# span 9 = 4.4451e+00, 1.5611e+03       
# span 10 =    -1.3365,    19.0225      
# span 11 =     -0.606,      3.690      
# span 12 =     -0.880,      5.352      
# span 13 =    11.5298,    23.3876      
# span 14 = 0.0000e+00, 0.0000e+00      
# interval = seconds: 0.25
# start_time = Jun 04 2018 14:38:52 [Instrument's time stamp, header]
# bad_flag = -9.990e-29
*END*
[from data line 290]
      2.360      0.075     6.6787     67.927     34.924  28.764328     2.2466      6.772   315.5353 3.6200e+01     2.5113      2.314      3.356    16.4872 0.0000e+00
      2.381      0.076     6.4440     65.477     35.033  28.821853     2.2648      6.759   315.7324 3.6110e+01     2.5168      2.336      3.388    16.3978 0.0000e+00
      2.400      0.076     6.1653     62.599     35.135  28.881158     2.2673      6.746   315.9785 3.6047e+01     2.4773      2.354      3.414    16.3079 0.0000e+00
      2.418      0.076     5.8527     59.388     35.272  28.973333     2.3135      6.733   316.3604 3.6122e+01     2.4603      2.370      3.438    16.2329 0.0000e+00
      2.437      0.075     5.5307     56.087     35.465  29.110782     2.4098      6.718   316.6500 3.6321e+01     2.4643      2.389      3.465    16.1719 0.0000e+00
      2.456      0.075     5.2173     52.869     35.693  29.272959     2.4666      6.705   316.7262 3.6436e+01     2.4643      2.409      3.493    16.1281 0.0000e+00
      2.474      0.076     4.9244     49.856     35.975  29.473588     2.4677      6.693   316.8514 3.6560e+01     2.4608      2.425      3.518    16.0941 0.0000e+00
      2.494      0.078     4.6632     47.159     36.292  29.694918     2.4690      6.682   317.0454 3.6799e+01     2.4826      2.446      3.547    16.0667 0.0000e+00
      2.514      0.082     4.4343     44.789     36.614  29.916868     2.4725      6.668   317.1800 3.6982e+01     2.5149      2.467      3.578    16.0424 0.0000e+00
      2.534      0.089     4.2310     42.683     36.921  30.124936     2.4648      6.647   317.2737 3.7250e+01     2.5157      2.485      3.604    16.0045 0.0000e+00
      2.555      0.095     4.0445     40.738     37.210  30.305430     2.4675      6.624   317.4040 3.7572e+01     2.4926      2.506      3.634    15.9649 0.0000e+00
      2.578      0.100     3.8606     38.814     37.622  30.574981     2.4687      6.604   317.6374 3.7486e+01     2.5097      2.527      3.664    15.9098 0.0000e+00
      2.608      0.102     3.6661     36.795     38.105  30.907185     2.4606      6.588   317.7724 3.7059e+01     2.6007      2.554      3.704    15.8459 0.0000e+00
      2.642      0.100     3.4576     34.655     38.384  31.083095     2.4702      6.574   317.8317 3.6865e+01     2.6774      2.594      3.761    15.8014 0.0000e+00
      2.672      0.096     3.2346     32.388     38.465  31.114106     2.4845      6.560   318.0099 3.6680e+01     2.7049      2.624      3.805    15.7263 0.0000e+00
      2.693      0.090     2.9998     30.023     38.612  31.218595     2.4958      6.545   318.2065 3.6158e+01     2.8109      2.640      3.830    15.6247 0.0000e+00
      2.711      0.083     2.7609     27.627     38.917  31.457297     2.5149      6.533   318.4017 3.5765e+01     3.0131      2.659      3.856    15.5493 0.0000e+00
      2.729      0.077     2.5209     25.218     39.801  32.158433     2.5316      6.523   318.5624 3.5481e+01     3.1358      2.675      3.880    15.4814 0.0000e+00
      2.748      0.074     2.2869     22.861     43.437  35.059541     2.5414      6.512   318.6875 3.4720e+01     3.1647      2.694      3.907    15.4269 0.0000e+00
      2.767      0.075     2.0688     20.643     50.128  40.362289     2.5409      6.502   318.7104 3.3667e+01     3.1797      2.715      3.937    15.4206 0.0000e+00
      2.785      0.079     1.8693     18.599     57.983  46.528705     2.4983      6.491   318.7530 3.2989e+01     3.1643      2.731      3.961    15.4150 0.0000e+00
      2.802      0.084     1.6914     16.775     65.722  52.549840     2.4309      6.477   318.8585 3.2559e+01     3.1314      2.747      3.984    15.3967 0.0000e+00
      2.823      0.089     1.5316     15.139     70.085  55.825313     2.3973      6.462   318.6091 3.1852e+01     3.1170      2.767      4.013    15.3877 0.0000e+00
      2.849      0.092     1.3701     13.496     70.180  55.679973     2.3944      6.447   318.1466 3.0905e+01     3.1430      2.792      4.050    15.2878 0.0000e+00
      2.878      0.092     1.1858     11.646     67.932  53.717458     2.3873      6.429   317.8269 3.0073e+01     3.2324      2.823      4.093    15.1277 0.0000e+00
      2.905      0.089     0.9760      9.564     64.148  50.598643     2.3575      6.412   317.6685 2.9438e+01     3.3129      2.851      4.135    14.9952 0.0000e+00
      2.927      0.082     0.7543      7.379     60.147  47.342143     2.3285      6.399   317.7801 2.8860e+01     3.3225      2.871      4.165    14.8307 0.0000e+00
      2.946      0.074     0.5335      5.211     57.112  44.855328     2.3215      6.388   317.7996 2.8386e+01     3.3489      2.889      4.189    14.6502 0.0000e+00
      2.962      0.067     0.3273      3.191     56.378  44.174063     2.2823      6.378   316.9577 2.8039e+01     3.4794      2.907      4.215    14.5176 0.0000e+00
      2.977      0.064     0.1473      1.435     58.398  45.651078     2.2036      6.372   313.7954 2.7627e+01     3.6790      2.919      4.235    14.4271 0.0000e+00
      2.990      0.068     0.0016      0.018     61.495  47.968961     2.1597      6.368   307.2695 2.7261e+01     3.7800      2.931      4.251    14.3487 0.0000e+00
      3.005      0.076    -0.0947     -0.916     63.207  49.190870     2.1373      6.366   298.6253 2.7016e+01     3.7849      2.947      4.274    14.2675 0.0000e+00
      3.021      0.084    -0.1371     -1.324     63.862  49.555701     2.0623      6.369   289.8979 2.6518e+01     3.8906      2.961      4.294    14.1731 0.0000e+00
      3.043      0.089    -0.1404     -1.353     65.905  50.981250     1.9509      6.376   282.6245 2.5672e+01     4.0807      2.979      4.321    14.0814 0.0000e+00
      3.077      0.092    -0.1200     -1.154     68.787  53.077020     1.8929      6.385   276.7611 2.4841e+01     4.1919      3.017      4.376    14.0044 0.0000e+00
      3.110      0.093    -0.0833     -0.800     71.238  54.869369     1.8942      6.391   272.0041 2.4217e+01     4.2279      3.055      4.432    13.9197 0.0000e+00
      3.131      0.093    -0.0380     -0.364     72.566  55.803099     1.9758      6.394   268.7301 2.3731e+01     4.4853      3.072      4.456    13.8020 0.0000e+00
      3.146      0.090     0.0086      0.082     72.419  55.591966     2.1263      6.397   266.4285 2.3260e+01     4.9843      3.083      4.472    13.6680 0.0000e+00
      3.165      0.087     0.0523      0.500     72.001  55.177893     2.2061      6.400   264.3951 2.2596e+01     5.2572      3.101      4.499    13.5674 0.0000e+00
      3.189      0.089     0.0880      0.841     71.359  54.611702     2.2145      6.403   262.5566 2.1897e+01     5.2818      3.128      4.537    13.5074 0.0000e+00
      3.213      0.097     0.1145      1.092     68.926  52.688235     2.2104      6.403   260.9780 2.1394e+01     5.3728      3.152      4.571    13.4517 0.0000e+00
      3.238      0.105     0.1368      1.303     65.659  50.104485     2.1926      6.405   259.3318 2.0829e+01     5.5642      3.173      4.603    13.3768 0.0000e+00
      3.264      0.110     0.1573      1.495     64.125  48.801508     2.1836      6.411   257.5374 2.0061e+01     5.7040      3.199      4.639    13.3085 0.0000e+00
      3.295      0.108     0.1752      1.661     64.076  48.631109     2.1928      6.420   255.8009 1.9121e+01     5.7207      3.228      4.681    13.2571 0.0000e+00
      3.330      0.103     0.1891      1.790     63.750  48.298322     2.2128      6.430   253.9963 1.8172e+01     5.7050      3.267      4.738    13.2224 0.0000e+00
      3.362      0.094     0.1994      1.885     62.104  47.002404     2.3140      6.440   251.9796 1.7484e+01     5.6973      3.302      4.789    13.1700 0.0000e+00
      3.384      0.083     0.2081      1.965     59.681  45.102203     2.4883      6.450   249.7428 1.7002e+01     5.6885      3.321      4.817    13.0490 0.0000e+00
      3.398      0.073     0.2147      2.022     56.949  42.928493     2.5738      6.459   247.3431 1.6575e+01     5.6905      3.332      4.835    12.9263 0.0000e+00
      3.409      0.069     0.2197      2.063     53.215  39.975634     2.5945      6.469   245.0762 1.6162e+01     5.6905      3.342      4.849    12.8645 0.0000e+00
      3.421      0.072     0.2248      2.103     49.708  37.166656     2.7756      6.478   243.3281 1.5757e+01     5.5666      3.355      4.865    12.8447 0.0000e+00
      3.436      0.081     0.2317      2.158     48.221  35.840609     3.0817      6.487   242.1243 1.5284e+01     5.3523      3.368      4.884    12.8009 0.0000e+00
      3.458      0.091     0.2427      2.249     48.319  35.695299     3.2352      6.494   241.0180 1.4619e+01     5.2666      3.387      4.912    12.6915 0.0000e+00
      3.488      0.095     0.2616      2.414     48.944  35.981234     3.2533      6.500   239.7609 1.3847e+01     5.2624      3.419      4.959    12.5626 0.0000e+00
      3.524      0.093     0.2935      2.703     49.443  36.248415     3.4290      6.505   238.4534 1.3178e+01     5.1485      3.458      5.015    12.3953 0.0000e+00
      3.554      0.085     0.3479      3.201     49.324  36.130520     3.7606      6.510   237.1684 1.2707e+01     4.9278      3.490      5.062    12.1612 0.0000e+00
      3.574      0.073     0.4357      4.006     48.928  35.826270     3.9356      6.515   236.0124 1.2442e+01     4.7906      3.507      5.089    11.9198 0.0000e+00
      3.584      0.059     0.5572      5.120     49.037  35.873068     3.9368      6.518   234.9729 1.2308e+01     4.8019      3.516      5.099    11.7253 0.0000e+00
      3.592      0.046     0.7054      6.478     49.597  36.251640     3.8484      6.519   233.8923 1.2164e+01     4.8817      3.522      5.108    11.6247 0.0000e+00
      3.601      0.038     0.8697      7.987     50.327  36.782540     3.6849      6.518   232.7557 1.1970e+01     4.9612      3.531      5.122    11.6195 0.0000e+00
      3.611      0.034     1.0353      9.512     51.842  37.908747     3.5874      6.516   231.7264 1.1810e+01     5.0011      3.542      5.138    11.6226 0.0000e+00
      3.620      0.032     1.1894     10.934     56.869  41.609562     3.5698      6.513   230.9113 1.1702e+01     5.0281      3.551      5.151    11.5744 0.0000e+00
      3.627      0.029     1.3212     12.149     69.622  50.964122     3.5816      6.508   230.2139 1.1588e+01     5.0737      3.557      5.159    11.5298 0.0000e+00
      3.634      0.026     1.4210     13.072     89.806  65.768447     3.6107      6.502   229.4890 1.1456e+01     5.1555      3.565      5.169    11.5328 0.0000e+00
      3.641      0.022     1.4878     13.695    112.276  82.276946     3.6283      6.494   228.6852 1.1312e+01     5.2230      3.571      5.179    11.5586 0.0000e+00
      3.646      0.020     1.5214     14.015    127.043  93.169351     3.6381      6.486   227.7230 1.1181e+01     5.2496      3.576      5.186    11.5830 0.0000e+00
      3.650      0.020     1.5239     14.047    124.165  91.124864     3.6734      6.478   226.2865 1.1077e+01     5.2635      3.581      5.193    11.5957 0.0000e+00
      3.654      0.020     1.5009     13.842    109.171  80.171184     3.7250      6.470   224.7390 1.0997e+01     5.2694      3.584      5.198    11.6079 0.0000e+00
      3.659      0.021     1.4494     13.372     95.881  70.449517     3.7467      6.460   224.0687 1.0910e+01     5.2601      3.587      5.203    11.6306 0.0000e+00
      3.664      0.023     1.3614     12.563     94.316  69.319347     3.7522      6.451   223.9471 1.0731e+01     5.2423      3.592      5.210    11.6650 0.0000e+00
      3.670      0.025     1.2345     11.392    105.910  77.831735     3.7543      6.442   223.3554 1.0400e+01     5.2376      3.599      5.219    11.6971 0.0000e+00
      3.678      0.027     1.0752      9.920    125.960  92.538356     3.6807      6.431   222.3345 9.9637e+00     5.2339      3.607      5.232    11.7181 0.0000e+00
      3.687      0.027     0.8986      8.290    150.025 110.206654     3.5427      6.436   221.3256 9.5040e+00     5.2581      3.616      5.245    11.7394 0.0000e+00
      3.694      0.026     0.7265      6.704    170.622 125.370503     3.4632      6.491   220.1918 9.0824e+00     5.3172      3.623      5.254    11.7520 0.0000e+00
      3.700      0.024     0.5769      5.325    183.216 134.690991     3.4548      6.596   218.9502 8.7371e+00     5.3373      3.630      5.264    11.7457 0.0000e+00
      3.705      0.022     0.4552      4.204    189.396 139.302743     3.4420      6.722   218.0145 8.4531e+00     5.3485      3.634      5.271    11.7297 0.0000e+00
      3.710      0.020     0.3627      3.351    191.771 141.105663     3.3999      6.840   217.4815 8.1834e+00     5.4230      3.638      5.276    11.7205 0.0000e+00
      3.715      0.017     0.2973      2.748    191.616 141.037593     3.3687      6.938   217.1528 7.8509e+00     5.4744      3.643      5.283    11.7317 0.0000e+00
      3.721      0.015     0.2519      2.330    190.073 139.948918     3.3687      7.016   216.8791 7.4383e+00     5.4821      3.649      5.292    11.7547 0.0000e+00
      3.726      0.013     0.2164      2.001    187.936 138.414695     3.3900      7.082   216.6676 7.1326e+00     5.6689      3.655      5.301    11.7743 0.0000e+00
      3.728      0.012     0.1834      1.697    187.522 138.130268     3.4147      7.141   217.3481 7.1297e+00     6.0237      3.657      5.304    11.7883 0.0000e+00
      3.728      0.012     0.1519      1.406    190.939 140.659674     3.4197      7.191   212.6317 7.2276e+00     6.2327      3.655      5.301    11.7986 0.0000e+00
      3.729      0.013     0.1196      1.106    195.406 143.967410     3.4218      7.231   195.9503 7.0799e+00     6.2717      3.655      5.302    11.8120 0.0000e+00
      3.733      0.014     0.0886      0.819    198.306 146.131196     3.4225      7.266   176.0322 6.7135e+00     6.4037      3.660      5.309    11.8257 0.0000e+00
      3.738      0.016     0.0638      0.591    199.631 147.151088     3.4005      7.294   159.0249 6.2347e+00     6.6393      3.665      5.317    11.8279 0.0000e+00
      3.744      0.017     0.0461      0.427    200.016 147.484610     3.3761      7.317   143.7244 5.6395e+00     6.7394      3.671      5.323    11.8298 0.0000e+00
      3.749      0.016     0.0360      0.333    199.956 147.481090     3.3671      7.335   132.3983 5.0980e+00     6.7293      3.678      5.333    11.8352 0.0000e+00
      3.754      0.016     0.0331      0.306    199.861 147.427968     3.3648      7.342   128.0814 4.7774e+00     6.7310      3.682      5.342    11.8398 0.0000e+00
      3.757 -9.990e-29 -9.990e-29 -9.990e-29 -9.990e-29 -9.990e-29 -9.990e-29 -9.990e-29 -9.990e-29 4.5845e+00 -9.990e-29      3.684      5.344    11.8524 0.0000e+00
      3.759 -9.990e-29 -9.990e-29 -9.990e-29 -9.990e-29 -9.990e-29 -9.990e-29 -9.990e-29 -9.990e-29 4.4451e+00 -9.990e-29      3.686      5.347    11.8665 0.0000e+00
      3.761 -9.990e-29 -9.990e-29 -9.990e-29 -9.990e-29 -9.990e-29 -9.990e-29 -9.990e-29 -9.990e-29 4.4912e+00 -9.990e-29      3.688      5.350    11.8775 0.0000e+00
      3.762 -9.990e-29 -9.990e-29 -9.990e-29 -9.990e-29 -9.990e-29 -9.990e-29 -9.990e-29 -9.990e-29 4.5848e+00 -9.990e-29      3.690      5.352    11.8836 0.0000e+00
