Data/DataNotYetUploadedToEDI/Raw_CTD/RawDownloads/060418_fcr45.cnv
* Sea-Bird SBE19plus  Data File:
* FileName = C:\DATA\060418_fcr50_0006.hex
* Software version 2.6.3.104 SB_Terminal.dll
* Temperature SN = 7809
* Conductivity SN = 7809
* System UpLoad Time = Jun 04 2018 16:29:33
* <ApplicationData>
* <Seaterm232>
# nquan = 15
# nvalues = 524                         
# units = specified
# name 0 = depFM: Depth [fresh water, m]
# name 1 = dz/dtM: Descent Rate [m/s]
# name 2 = sbeox0Mg/L: Oxygen, SBE 43 [mg/l]
# name 3 = sbeox0PS: Oxygen, SBE 43 [% saturation]
# name 4 = specc: Specific Conductance [uS/cm]
# name 5 = c0uS/cm: Conductivity [uS/cm]
# name 6 = flECO-AFL: Fluorescence, WET Labs ECO-AFL/FL [mg/m^3]
# name 7 = ph: pH
# name 8 = orp: Oxidation Reduction Potential [mV]
# name 9 = par/sat/log: PAR/Logarithmic, Satlantic
# name 10 = turbWETntu0: Turbidity, WET Labs ECO [NTU]
# name 11 = prdM: Pressure, Strain Gauge [db]
# name 12 = prdE: Pressure, Strain Gauge [psi]
# name 13 = tv290C: Temperature [ITS-90, deg C]
# name 14 = flag:  0.000e+00
# span 0 =     -0.624,      7.339       
# span 1 =     -0.004,      0.208       
# span 2 =     2.5280,     9.7944       
# span 3 =     22.958,    107.080       
# span 4 =      0.340,     41.943       
# span 5 =   0.302570,  31.754203       
# span 6 =    -0.9608,     2.8507       
# span 7 =      5.841,      7.677       
# span 8 = -1240.7415,  1213.1263       
# span 9 = 2.3517e+00, 2.4399e+03       
# span 10 =    -5.6164,    24.8040      
# span 11 =     -0.613,      7.199      
# span 12 =     -0.889,     10.441      
# span 13 =    10.0429,    23.9091      
# span 14 = 0.0000e+00, 0.0000e+00      
# interval = seconds: 0.25
# start_time = Jun 04 2018 15:14:09 [Instrument's time stamp, header]
# bad_flag = -9.990e-29
*END*
     -0.623 8.6275e-20     8.6449     94.235      0.475   0.423284    -0.2569      5.909  -183.6532 2.2230e+03     1.2971     -0.611     -0.887    19.5492 0.0000e+00
     -0.623 7.8435e-21     8.6445     94.231      0.463   0.411754    -0.2622      5.909  -228.4941 2.2748e+03     1.2774     -0.611     -0.886    19.5494 0.0000e+00
     -0.623 7.1305e-22     8.6454     94.241      0.448   0.399279    -0.2624      5.910  -270.2760 2.3010e+03     0.8712     -0.611     -0.886    19.5498 0.0000e+00
     -0.623 6.4820e-23     8.6479     94.269      0.448   0.399279    -0.2589      5.911  -312.4123 2.3045e+03     0.1090     -0.611     -0.886    19.5500 0.0000e+00
     -0.623 5.8930e-24     8.6492     94.283      0.462   0.411753    -0.2571      5.911  -357.9250 2.2766e+03    -0.3395     -0.611     -0.887    19.5500 0.0000e+00
     -0.623 5.3570e-25     8.6502     94.295      0.475   0.423274    -0.2588      5.910  -402.0708 2.2101e+03    -0.4313     -0.611     -0.887    19.5502 0.0000e+00
     -0.623 4.8701e-26     8.6512     94.306      0.463   0.411753    -0.2520      5.909  -440.4146 2.1424e+03    -0.4526     -0.611     -0.887    19.5503 0.0000e+00
     -0.623 4.4274e-27     8.6508     94.302      0.448   0.399278    -0.2015      5.909  -477.2070 2.0949e+03    -0.2311     -0.611     -0.887    19.5505 0.0000e+00
     -0.623 4.0251e-28     8.6507     94.301      0.448   0.399264    -0.1178      5.910  -516.1038 2.0962e+03     0.1724     -0.611     -0.887    19.5509 0.0000e+00
     -0.623 3.6850e-29     8.6500     94.295      0.462   0.411581    -0.0672      5.911  -555.8010 2.1539e+03     0.3974     -0.612     -0.887    19.5511 0.0000e+00
     -0.623 6.1833e-30     8.6485     94.278      0.473   0.421386    -0.0573      5.911  -595.6462 2.1785e+03     0.4148     -0.611     -0.887    19.5511 0.0000e+00
     -0.623 3.1728e-29     8.6477     94.269      0.439   0.390988    -0.1088      5.912  -635.9873 2.1035e+03     0.1989     -0.611     -0.887    19.5514 0.0000e+00
     -0.624 3.4571e-28     8.6482     94.275      0.406   0.361102    -0.2125      5.915  -676.4320 1.9585e+03    -0.1976     -0.612     -0.887    19.5517 0.0000e+00
     -0.624 3.8025e-27     8.6487     94.281      0.424   0.377096    -0.2627      5.918  -717.5310 1.8004e+03    -0.4130     -0.612     -0.888    19.5519 0.0000e+00
     -0.624 4.1828e-26     8.6480     94.274      0.443   0.394127    -0.2479      5.920  -759.7590 1.6828e+03    -0.5436     -0.612     -0.888    19.5521 0.0000e+00
     -0.624 4.6011e-25     8.6471     94.265      0.423   0.376795    -0.2077      5.923  -800.5176 1.6369e+03    -1.8681     -0.611     -0.887    19.5522 0.0000e+00
     -0.624 5.0612e-24     8.6478     94.275      0.402   0.357770    -0.1535      5.927  -838.9093 1.5543e+03    -4.3120     -0.612     -0.888    19.5524 0.0000e+00
     -0.624 5.5673e-23     8.6485     94.284      0.398   0.354325    -0.1256      5.928  -876.8673 1.1752e+03    -5.6164     -0.613     -0.889    19.5527 0.0000e+00
     -0.624 6.1240e-22     8.6482     94.282      0.376   0.335146    -0.1094      5.928  -914.6197 7.4784e+02    -5.5849     -0.612     -0.888    19.5529 0.0000e+00
     -0.624 6.7364e-21     8.6484     94.286      0.355   0.316109    -0.0029      5.927  -951.8153 9.2676e+02    -4.2362     -0.612     -0.888    19.5532 0.0000e+00
     -0.624 7.4101e-20     8.6487     94.290      0.353   0.314391     0.1689      5.928  -988.3752 1.4448e+03    -1.7607     -0.613     -0.888    19.5542 0.0000e+00
     -0.624 8.1511e-19     8.6482     94.287      0.353   0.314381     0.2586      5.932 -1025.4110 1.7255e+03    -0.4039     -0.612     -0.888    19.5554 0.0000e+00
     -0.624 8.9662e-18     8.6480     94.285      0.355   0.315978     0.2728      5.935 -1063.5430 1.8999e+03    -0.2532     -0.613     -0.888    19.5563 0.0000e+00
     -0.624 9.8628e-17     8.6480     94.287      0.374   0.333699     0.2854      5.935 -1101.2245 2.0013e+03    -0.2125     -0.612     -0.888    19.5567 0.0000e+00
     -0.624 1.0849e-15     8.6484     94.292      0.379   0.338418     0.4195      5.935 -1139.0094 1.9415e+03    -0.0948     -0.612     -0.888    19.5573 0.0000e+00
     -0.624 1.1934e-14     8.6480     94.289      0.347   0.309621     0.6721      5.937 -1177.6169 1.9155e+03     0.1324     -0.612     -0.888    19.5581 0.0000e+00
     -0.624 1.3127e-13     8.6472     94.281      0.340   0.302570     0.8033      5.940 -1208.6375 1.9685e+03     0.2456     -0.612     -0.887    19.5588 0.0000e+00
     -0.624 1.4440e-12     8.6476     94.286      0.356   0.316577     0.7929      5.940 -1226.2760 1.5729e+03     0.2047     -0.612     -0.888    19.5595 0.0000e+00
     -0.624 1.5884e-11     8.6482     94.293      0.396   0.352156     0.5553      5.940 -1236.0980 7.5864e+02     0.0349     -0.612     -0.888    19.5602 0.0000e+00
     -0.624 1.7473e-10     8.6483     94.294      0.466   0.415689     0.0996      5.939 -1240.3230 4.5892e+02    -0.2504     -0.612     -0.887    19.5609 0.0000e+00
     -0.624 1.9220e-09     8.6485     94.296      0.505   0.450639    -0.1586      5.938 -1240.7070 5.9577e+02    -0.4372     -0.612     -0.888    19.5614 0.0000e+00
     -0.624 2.1142e-08     8.6481     94.291      0.513   0.457674    -0.1865      5.937 -1240.7415 5.4435e+02    -0.4842     -0.612     -0.887    19.5621 0.0000e+00
     -0.624 2.3256e-07     8.6477     94.287      0.562   0.500739    -0.2012      5.938 -1240.7396 4.4655e+02    -0.4830     -0.612     -0.887    19.5615 0.0000e+00
     -0.624      0.000     8.6475     94.284      0.663   0.590865    -0.2259      5.937 -1240.6837 7.3230e+02    -0.4538     -0.612     -0.887    19.5623 0.0000e+00
     -0.624      0.000     8.6456     94.264      0.740   0.659619    -0.2458      5.922 -1240.0657 1.1418e+03    -0.4357     -0.612     -0.887    19.5607 0.0000e+00
     -0.624      0.000     8.6433     94.251      0.782   0.697914    -0.2669      5.872 -1233.2678 1.0895e+03    -0.4473     -0.612     -0.887    19.5629 0.0000e+00
     -0.624      0.003     8.6331     94.263      1.030   0.927068    -0.3799      5.841 -1158.4906 1.2214e+03    -0.4104     -0.612     -0.887    19.5589 0.0000e+00
     -0.624      0.012     8.5788     94.293      4.030   3.683948    -0.5735      5.954  -880.8279 1.4221e+03    -0.2950     -0.612     -0.888    19.5650 0.0000e+00
     -0.624      0.027     8.4638     94.338     12.326  11.387169    -0.6875      6.184  -157.4026 8.7328e+02    -0.2429     -0.611     -0.886    19.5547 0.0000e+00
     -0.623      0.042     8.3334     94.376     19.778  18.442864    -0.7115      6.407   758.2429 6.3989e+02    -0.2375     -0.613     -0.889    19.5710 0.0000e+00
     -0.612      0.051     8.2303     94.387     19.976  18.817901    -0.7162      6.582  1194.3279 1.2987e+03    -0.1694     -0.609     -0.883    19.5437 0.0000e+00
     -0.585      0.055     8.1586     94.395     18.064  17.195804    -0.7716      6.727  1213.1263 1.7225e+03     0.4581     -0.576     -0.836    19.7727 0.0000e+00
     -0.555      0.056     8.1130     94.415     21.086  20.220254    -0.8849      6.901   985.5320 1.2598e+03     1.6741     -0.540     -0.782    20.6618 0.0000e+00
     -0.538      0.057     8.0859     94.432     27.342  26.311650    -0.9560      7.106   560.6194 5.9061e+02     2.3868     -0.519     -0.754    21.5827 0.0000e+00
     -0.537      0.056     8.0676     94.435     30.811  29.712789    -0.9608      7.271   325.7972 4.4200e+02     2.4838     -0.525     -0.762    22.1975 0.0000e+00
     -0.537      0.053     8.0516     94.416     31.293  30.235288    -0.8967      7.388   299.3636 1.0648e+03     2.6032     -0.534     -0.775    22.6567 0.0000e+00
     -0.523      0.053     8.0381     94.392     31.421  30.406573    -0.8055      7.489   293.2389 2.0653e+03     2.7924     -0.517     -0.751    22.9472 0.0000e+00
     -0.498      0.066     8.0292     94.389     31.561  30.577258    -0.7684      7.586   293.3874 2.3954e+03     2.9397     -0.487     -0.707    23.1078 0.0000e+00
     -0.478      0.088     8.0221     94.394     31.732  30.774935    -0.7418      7.660   294.7060 1.7874e+03     3.4685     -0.463     -0.671    23.2137 0.0000e+00
     -0.466      0.111     8.0117     94.401     31.870  30.955010    -0.4373      7.677   293.2645 1.3892e+03     9.0641     -0.459     -0.666    23.3106 0.0000e+00
     -0.446      0.131     7.9980     94.427     31.888  31.039915     0.1276      7.640   286.7995 1.9227e+03    19.2943     -0.449     -0.652    23.3853 0.0000e+00
     -0.403      0.151     7.9888     94.503     31.820  31.039534     0.4365      7.589   277.1095 2.4030e+03    24.8040     -0.399     -0.579    23.4430 0.0000e+00
     -0.349      0.172     7.9920     94.668     31.747  31.014002     0.4670      7.552   271.7796 2.4310e+03    24.7463     -0.339     -0.493    23.4751 0.0000e+00
     -0.299      0.192     8.0070     94.916     31.691  30.985309     0.5605      7.524   270.7097 2.4332e+03    18.7799     -0.293     -0.425    23.5411 0.0000e+00
     -0.251      0.204     8.0345     95.275     31.640  30.946668     0.7305      7.500   270.1963 2.4399e+03     7.7505     -0.246     -0.357    23.6671 0.0000e+00
     -0.201      0.208     8.0791     95.817     31.551  30.864344     0.8324      7.479   269.9593 2.4327e+03     1.7130     -0.200     -0.290    23.7839 0.0000e+00
     -0.145      0.206     8.1389     96.521     31.439  30.752030     0.8545      7.460   269.9958 2.3390e+03     1.1413     -0.144     -0.209    23.8514 0.0000e+00
     -0.085      0.196     8.2030     97.263     31.359  30.668296     0.8794      7.441   270.2934 2.1601e+03     1.0818     -0.082     -0.119    23.8876 0.0000e+00
     -0.029      0.177     8.2615     97.928     31.314  30.613989     0.9219      7.426   270.8047 1.8516e+03     1.0854     -0.028     -0.039    23.9014 0.0000e+00
      0.020      0.151     8.3144     98.499     31.323  30.603450     0.9453      7.418   271.3594 1.9876e+03     1.0625      0.023      0.034    23.9091 0.0000e+00
      0.057      0.119     8.3699     99.090     31.412  30.667853     0.9602      7.413   271.7529 2.2928e+03     1.0490      0.062      0.091    23.9056 0.0000e+00
      0.079      0.087     8.4244     99.696     31.517  30.757582     0.9722      7.408   272.1202 1.7863e+03     1.0750      0.080      0.117    23.8910 0.0000e+00
      0.090      0.060     8.4451     99.913     31.570  30.799246     0.9625      7.401   272.7897 1.5121e+03     1.0723      0.088      0.127    23.8859 0.0000e+00
      0.096      0.040     8.4001     99.337     31.576  30.790553     0.9531      7.393   276.4916 1.6442e+03     1.0767      0.096      0.138    23.8506 0.0000e+00
      0.099      0.027     8.2858     97.939     31.580  30.779476     0.9507      7.386   280.2268 1.5489e+03     1.0976      0.097      0.140    23.7997 0.0000e+00
      0.103      0.018     8.1213     95.963     31.605  30.792303     0.9428      7.384   279.6637 1.5322e+03     1.0809      0.099      0.143    23.7878 0.0000e+00
      0.112      0.011     7.9348     93.734     31.641  30.818616     0.9034      7.385   278.5454 1.4617e+03     1.0589      0.111      0.159    23.7810 0.0000e+00
      0.118      0.006     7.7391     91.399     31.675  30.843582     0.8512      7.387   276.7717 1.3521e+03     1.0749      0.119      0.172    23.7509 0.0000e+00
      0.118      0.002     7.5437     89.074     31.678  30.840129     0.8350      7.389   274.9957 1.2002e+03     1.0916      0.118      0.170    23.7233 0.0000e+00
      0.113     -0.001     7.3778     87.109     31.616  30.776854     0.8278      7.388   274.9682 1.0174e+03     1.0775      0.111      0.161    23.7078 0.0000e+00
      0.108     -0.004     7.2623     85.742     31.552  30.713586     0.8191      7.383   275.0628 1.1840e+03     1.0566      0.105      0.151    23.6955 0.0000e+00
      0.107     -0.004     7.1913     84.899     31.551  30.710227     0.8307      7.379   275.1928 1.4578e+03     1.0526      0.104      0.150    23.6801 0.0000e+00
      0.108     -0.001     7.1456     84.354     31.580  30.736243     0.8402      7.378   275.3359 1.5019e+03     1.0598      0.106      0.154    23.6681 0.0000e+00
      0.110      0.003     7.1076     83.899     31.621  30.774107     0.8408      7.380   275.5882 1.5217e+03     1.0525      0.108      0.156    23.6666 0.0000e+00
      0.110      0.005     7.0705     83.454     31.638  30.786997     0.8569      7.381   275.9210 1.5084e+03     1.0564      0.108      0.156    23.6657 0.0000e+00
      0.111      0.007     7.0348     83.020     31.620  30.765077     0.8788      7.381   276.0039 1.4199e+03     1.0751      0.109      0.158    23.6617 0.0000e+00
      0.114      0.009     6.9949     82.535     31.625  30.763102     0.8947      7.376   275.9882 1.3794e+03     1.0653      0.112      0.162    23.6578 0.0000e+00
      0.116      0.013     6.9448     81.930     31.630  30.763103     0.9107      7.371   276.0762 1.3783e+03     1.0293      0.114      0.165    23.6546 0.0000e+00
      0.119      0.018     6.8863     81.227     31.638  30.765082     0.9256      7.367   276.1212 1.3534e+03     1.0062      0.116      0.168    23.6516 0.0000e+00
      0.123      0.025     6.8259     80.499     31.667  30.787022     0.9367      7.362   276.1886 1.1033e+03     1.0298      0.119      0.173    23.6426 0.0000e+00
      0.128      0.034     6.7765     79.902     31.660  30.774339     0.9436      7.351   276.2023 8.7538e+02     1.0704      0.125      0.181    23.6315 0.0000e+00
      0.137      0.045     6.7516     79.592     31.630  30.738736     0.9635      7.336   276.0284 1.0163e+03     1.0709      0.134      0.195    23.6246 0.0000e+00
      0.149      0.055     6.7545     79.610     31.636  30.737581     0.9754      7.328   275.9787 1.1845e+03     1.0359      0.144      0.210    23.6153 0.0000e+00
      0.166      0.064     6.7834     79.936     31.666  30.760369     0.9773      7.328   276.1172 1.3402e+03     1.0134      0.161      0.234    23.6042 0.0000e+00
      0.188      0.073     6.8354     80.531     31.674  30.760225     1.0040      7.328   276.3268 1.5188e+03     1.0428      0.185      0.269    23.5953 0.0000e+00
      0.208      0.081     6.9032     81.307     31.658  30.735824     1.0323      7.328   276.7057 1.4182e+03     1.0857      0.206      0.298    23.5852 0.0000e+00
      0.227      0.088     6.9764     82.152     31.649  30.719348     1.0430      7.327   277.2577 1.1737e+03     1.0752      0.219      0.319    23.5728 0.0000e+00
      0.249      0.094     7.0426     82.922     31.620  30.688015     1.0415      7.326   277.8383 1.0099e+03     1.0377      0.242      0.351    23.5654 0.0000e+00
      0.275      0.097     7.0905     83.478     31.544  30.611009     1.0325      7.324   278.3044 7.9080e+02     1.0284      0.271      0.393    23.5537 0.0000e+00
      0.302      0.097     7.1147     83.758     31.484  30.550336     1.0265      7.320   278.6775 5.5241e+02     1.0552      0.295      0.428    23.5355 0.0000e+00
      0.330      0.091     7.1128     83.736     31.524  30.589479     1.0239      7.313   278.9083 4.4150e+02     1.0871      0.323      0.469    23.5232 0.0000e+00
      0.358      0.079     7.0850     83.409     31.641  30.703246     0.9920      7.306   279.0299 5.5909e+02     1.1083      0.354      0.513    23.5206 0.0000e+00
      0.380      0.064     7.0403     82.876     31.726  30.782772     0.9261      7.302   279.2877 8.1626e+02     1.0980      0.375      0.543    23.5152 0.0000e+00
      0.394      0.049     6.9949     82.330     31.737  30.788942     0.8890      7.302   279.6158 1.0393e+03     1.0535      0.390      0.564    23.5085 0.0000e+00
      0.400      0.034     6.9570     81.875     31.729  30.777843     0.8922      7.300   279.8138 1.1507e+03     1.0595      0.395      0.572    23.5132 0.0000e+00
      0.401      0.021     6.9221     81.461     31.729  30.775585     0.9097      7.296   279.9601 1.0886e+03     1.1088      0.393      0.569    23.5142 0.0000e+00
