Data/DataNotYetUploadedToEDI/Raw_CTD/RawDownloads/060418_fcr50.cnv
* Sea-Bird SBE19plus  Data File:
* FileName = C:\DATA\060418_fcr50_0007.hex
* Software version 2.6.3.104 SB_Terminal.dll
* Temperature SN = 7809
* Conductivity SN = 7809
* System UpLoad Time = Jun 04 2018 16:29:52
* <ApplicationData>
* <Seaterm232>
# nquan = 15
# nvalues = 395                         
# units = specified
# name 0 = depFM: Depth [fresh water, m]
# name 1 = dz/dtM: Descent Rate [m/s]
# name 2 = sbeox0Mg/L: Oxygen, SBE 43 [mg/l]
# name 3 = sbeox0PS: Oxygen, SBE 43 [% saturation]
# name 4 = specc: Specific Conductance [uS/cm]
# name 5 = c0uS/cm: Conductivity [uS/cm]
# name 6 = flECO-AFL: Fluorescence, WET Labs ECO-AFL/FL [mg/m^3]
# name 7 = ph: pH
# name 8 = orp: Oxidation Reduction Potential [mV]
# name 9 = par/sat/log: PAR/Logarithmic, Satlantic
# name 10 = turbWETntu0: Turbidity, WET Labs ECO [NTU]
# name 11 = prdM: Pressure, Strain Gauge [db]
# name 12 = prdE: Pressure, Strain Gauge [psi]
# name 13 = tv290C: Temperature [ITS-90, deg C]
# name 14 = flag:  0.000e+00
# span 0 =     -0.624,      9.575       
# span 1 =     -0.135,      0.256       
# span 2 =     4.3032,     9.3257       
# span 3 =     39.389,    100.279       
# span 4 =      0.723,     41.440       
# span 5 =   0.636587,  30.967768       
# span 6 =    -1.1339,     2.6556       
# span 7 =      5.991,      7.709       
# span 8 = -1240.7455,   344.3536       
# span 9 = 2.9112e-01, 2.6245e+03       
# span 10 =    -0.6717,    26.0111      
# span 11 =     -0.612,      9.390      
# span 12 =     -0.887,     13.620      
# span 13 =    10.1291,    23.7385      
# span 14 = 0.0000e+00, 0.0000e+00      
# interval = seconds: 0.25
# start_time = Jun 04 2018 15:25:14 [Instrument's time stamp, header]
# bad_flag = -9.990e-29
*END*
[from data line 193]
      2.069      0.167     9.2330     98.212     33.057  28.653878     1.9695      7.078   313.7500 1.7432e+02     1.6466      2.031      2.947    18.8835 0.0000e+00
      2.113      0.172     9.1846     97.461     33.130  28.639431     2.0015      7.066   313.5221 1.7243e+02     1.6701      2.075      3.009    18.7330 0.0000e+00
      2.151      0.178     9.1514     96.889     33.195  28.621197     2.0041      7.057   313.6404 1.6151e+02     1.7038      2.109      3.060    18.6074 0.0000e+00
      2.190      0.182     9.1269     96.384     33.294  28.623819     2.0566      7.051   314.0620 1.5033e+02     1.7785      2.144      3.111    18.4676 0.0000e+00
      2.237      0.185     9.0962     95.759     33.394  28.607533     2.1486      7.046   314.4890 1.4116e+02     1.8711      2.188      3.173    18.3277 0.0000e+00
      2.294      0.188     9.0440     94.867     33.465  28.551157     2.1986      7.038   314.9323 1.3179e+02     1.9089      2.250      3.262    18.2142 0.0000e+00
      2.350      0.192     8.9617     93.660     33.561  28.513527     2.2016      7.028   315.4650 1.2610e+02     1.9294      2.310      3.350    18.1103 0.0000e+00
      2.396      0.194     8.8542     92.189     33.805  28.596912     2.2299      7.017   315.3370 1.1668e+02     1.9669      2.351      3.410    17.9942 0.0000e+00
      2.440      0.192     8.7230     90.453     34.125  28.733697     2.2926      7.007   314.6748 1.0643e+02     1.9659      2.390      3.467    17.8391 0.0000e+00
      2.487      0.187     8.5697     88.478     34.414  28.833686     2.3260      6.997   314.8583 1.0039e+02     1.9168      2.437      3.533    17.6516 0.0000e+00
      2.539      0.185     8.4000     86.351     34.685  28.916663     2.3305      6.986   315.6625 9.5384e+01     1.8921      2.489      3.610    17.4774 0.0000e+00
      2.589      0.185     8.2167     84.108     34.924  28.974766     2.3657      6.974   316.4826 9.0862e+01     1.9421      2.542      3.687    17.3016 0.0000e+00
      2.634      0.187     8.0247     81.787     35.164  29.028006     2.4300      6.962   317.2027 8.8046e+01     2.0029      2.583      3.747    17.1036 0.0000e+00
      2.677      0.188     7.8222     79.339     35.468  29.115695     2.4641      6.951   317.3996 8.6955e+01     2.0469      2.623      3.805    16.8881 0.0000e+00
      2.723      0.188     7.6109     76.767     35.811  29.209265     2.4660      6.941   317.4867 8.4273e+01     2.1076      2.669      3.871    16.6787 0.0000e+00
      2.774      0.190     7.3971     74.189     36.120  29.270077     2.4795      6.930   318.0846 7.8893e+01     2.0963      2.718      3.943    16.4798 0.0000e+00
      2.826      0.193     7.1769     71.634     36.331  29.279203     2.5085      6.918   318.6913 7.5606e+01     2.0021      2.774      4.022    16.2794 0.0000e+00
      2.876      0.193     6.9516     69.111     36.468  29.255911     2.5231      6.907   318.8861 7.3694e+01     1.9454      2.823      4.094    16.0608 0.0000e+00
      2.922      0.190     6.7248     66.614     36.606  29.242314     2.5183      6.898   318.9771 6.9651e+01     1.9290      2.863      4.153    15.7825 0.0000e+00
      2.972      0.183     6.4971     64.131     36.756  29.241659     2.5142      6.891   319.1890 6.5296e+01     1.9265      2.913      4.225    15.4957 0.0000e+00
      3.023      0.176     6.2671     61.649     36.910  29.247858     2.5378      6.883   319.8131 6.2579e+01     1.8840      2.969      4.306    15.2755 0.0000e+00
      3.067      0.171     6.0386     59.195     37.067  29.253626     2.5833      6.872   320.5869 6.0818e+01     1.7814      3.010      4.364    15.1067 0.0000e+00
      3.105      0.169     5.8191     56.835     37.218  29.247753     2.6044      6.860   320.8005 5.8843e+01     1.7229      3.046      4.418    14.9376 0.0000e+00
      3.142      0.167     5.6074     54.553     37.379  29.240209     2.6003      6.849   320.5898 5.6737e+01     1.6962      3.080      4.469    14.7713 0.0000e+00
      3.182      0.165     5.4067     52.391     37.534  29.225756     2.5794      6.841   320.3622 5.4807e+01     1.6718      3.116      4.519    14.6190 0.0000e+00
      3.229      0.163     5.2251     50.445     37.663  29.199850     2.5444      6.836   320.2855 5.2726e+01     1.7031      3.167      4.592    14.4607 0.0000e+00
      3.277      0.161     5.0611     48.695     37.789  29.180853     2.5274      6.830   320.7808 5.0256e+01     1.7687      3.216      4.664    14.2947 0.0000e+00
      3.320      0.158     4.9154     47.135     37.945  29.186442     2.5293      6.821   321.5323 4.8295e+01     1.7940      3.258      4.726    14.1120 0.0000e+00
      3.357      0.154     4.7956     45.827     38.121  29.203787     2.5581      6.810   321.8009 4.7130e+01     1.7652      3.294      4.778    13.9225 0.0000e+00
      3.389      0.149     4.6949     44.702     38.280  29.199929     2.6187      6.801   322.0494 4.5991e+01     1.7553      3.322      4.819    13.7569 0.0000e+00
      3.424      0.145     4.6036     43.654     38.469  29.203167     2.6556      6.794   322.3004 4.4742e+01     1.7362      3.356      4.867    13.6074 0.0000e+00
      3.464      0.142     4.5236     42.684     38.746  29.242777     2.6459      6.788   322.1682 4.3237e+01     1.6867      3.396      4.927    13.4584 0.0000e+00
      3.505      0.142     4.4563     41.812     39.080  29.297636     2.5657      6.780   321.9988 4.2067e+01     1.6450      3.439      4.988    13.3041 0.0000e+00
      3.540      0.143     4.3984     41.030     39.431  29.358197     2.4396      6.770   322.4901 4.1520e+01     1.5676      3.473      5.038    13.1407 0.0000e+00
      3.572      0.144     4.3504     40.360     39.748  29.403249     2.3808      6.760   323.5480 4.0638e+01     1.5141      3.502      5.080    12.9702 0.0000e+00
      3.606      0.145     4.3188     39.878     39.962  29.397622     2.3781      6.750   324.2069 3.9531e+01     1.5166      3.535      5.127    12.7488 0.0000e+00
      3.643      0.147     4.3042     39.592     40.082  29.353484     2.2876      6.740   324.4342 3.8436e+01     1.5070      3.570      5.179    12.4827 0.0000e+00
      3.683      0.150     4.3032     39.456     40.183  29.313969     2.1132      6.731   324.4035 3.7264e+01     1.4894      3.611      5.239    12.2215 0.0000e+00
      3.724      0.150     4.3111     39.407     40.312  29.300751     2.0252      6.722   324.3519 3.6186e+01     1.4869      3.654      5.300    11.9720 0.0000e+00
      3.764      0.147     4.3226     39.389     40.491  29.320569     2.0220      6.714   325.1004 3.4998e+01     1.5070      3.692      5.355    11.7631 0.0000e+00
      3.803      0.145     4.3396     39.421     40.701  29.362958     2.0100      6.705   326.3994 3.3826e+01     1.5192      3.730      5.409    11.6063 0.0000e+00
      3.839      0.144     4.3686     39.570     40.849  29.368618     1.9644      6.695   327.2375 3.3073e+01     1.5428      3.767      5.464    11.4706 0.0000e+00
      3.870      0.146     4.4156     39.890     40.918  29.325387     1.9027      6.685   327.6628 3.2586e+01     1.6391      3.795      5.504    11.3420 0.0000e+00
      3.901      0.149     4.4883     40.446     40.983  29.284683     1.8790      6.675   327.9278 3.1832e+01     1.7386      3.821      5.541    11.2050 0.0000e+00
      3.941      0.153     4.5989     41.345     41.061  29.257406     1.8715      6.665   328.0323 3.0713e+01     1.7386      3.863      5.603    11.0633 0.0000e+00
      3.986      0.158     4.7567     42.669     41.159  29.249521     1.7838      6.655   328.3243 2.9688e+01     1.6386      3.912      5.674    10.9423 0.0000e+00
      4.030      0.167     4.9577     44.388     41.258  29.252763     1.6277      6.642   328.7908 2.8865e+01     1.5362      3.954      5.734    10.8303 0.0000e+00
      4.071      0.174     5.1904     46.403     41.305  29.233025     1.5464      6.632   329.1128 2.7960e+01     1.5079      3.993      5.791    10.7235 0.0000e+00
      4.111      0.177     5.4528     48.691     41.320  29.201328     1.5449      6.625   329.2068 2.6921e+01     1.5102      4.030      5.845    10.6235 0.0000e+00
      4.156      0.176     5.7455     51.256     41.347  29.187002     1.4990      6.621   329.3238 2.5782e+01     1.5332      4.072      5.906    10.5237 0.0000e+00
      4.210      0.172     6.0607     54.033     41.379  29.186787     1.4059      6.617   329.5817 2.4662e+01     1.6332      4.130      5.989    10.4417 0.0000e+00
      4.262      0.167     6.3869     56.917     41.417  29.198692     1.3564      6.613   329.6576 2.3792e+01     1.7427      4.184      6.068    10.3815 0.0000e+00
      4.303      0.160     6.7158     59.831     41.440  29.203930     1.3509      6.609   329.1226 2.3185e+01     1.7588      4.222      6.124    10.3292 0.0000e+00
      4.335      0.151     7.0352     62.662     41.427  29.186602     1.3014      6.605   328.3620 2.2626e+01     1.7060      4.251      6.166    10.2875 0.0000e+00
      4.368      0.142     7.3227     65.212     41.426  29.179675     1.2089      6.600   328.2914 2.1942e+01     1.6535      4.282      6.210    10.2612 0.0000e+00
      4.404      0.137     7.5642     67.352     41.438  29.183678     1.1699      6.595   328.8714 2.1247e+01     1.6427      4.319      6.264    10.2455 0.0000e+00
      4.440      0.137     7.7549     69.042     41.427  29.171490     1.1779      6.589   329.5234 2.0658e+01     1.6669      4.356      6.318    10.2332 0.0000e+00
      4.475      0.139     7.8943     70.276     41.414  29.159309     1.1872      6.583   329.8077 2.0115e+01     1.7018      4.390      6.367    10.2231 0.0000e+00
      4.509      0.139     7.9899     71.122     41.424  29.163405     1.2084      6.579   329.5564 1.9508e+01     1.7294      4.422      6.412    10.2159 0.0000e+00
      4.545      0.139     8.0460     71.617     41.419  29.157519     1.2229      6.574   329.0660 1.8821e+01     1.7255      4.456      6.462    10.2107 0.0000e+00
      4.583      0.139     8.0649     71.782     41.413  29.151632     1.2250      6.569   328.9543 1.8169e+01     1.7165      4.495      6.520    10.2055 0.0000e+00
      4.618      0.139     8.0584     71.724     41.420  29.155726     1.2247      6.565   329.2383 1.7598e+01     1.7118      4.529      6.571    10.2016 0.0000e+00
      4.651      0.139     8.0397     71.554     41.404  29.143516     1.2197      6.561   329.4882 1.7013e+01     1.6996      4.559      6.611    10.1984 0.0000e+00
      4.687      0.138     8.0132     71.315     41.389  29.131015     1.2189      6.557   329.9117 1.6393e+01     1.7208      4.596      6.666    10.1953 0.0000e+00
      4.724      0.138     7.9821     71.038     41.390  29.131582     1.2246      6.552   330.5726 1.5809e+01     1.7547      4.633      6.720    10.1935 0.0000e+00
      4.759      0.139     7.9520     70.772     41.415  29.150371     1.2333      6.546   330.7676 1.5247e+01     1.7741      4.665      6.767    10.1926 0.0000e+00
      4.794      0.139     7.9253     70.537     41.438  29.167672     1.2235      6.540   330.3769 1.4757e+01     1.7717      4.702      6.820    10.1926 0.0000e+00
      4.827      0.137     7.9033     70.340     41.415  29.150247     1.1885      6.536   330.1501 1.4307e+01     1.7264      4.734      6.865    10.1890 0.0000e+00
      4.862      0.135     7.8851     70.171     41.390  29.130212     1.1689      6.533   330.1773 1.3810e+01     1.6843      4.767      6.913    10.1875 0.0000e+00
      4.899      0.135     7.8665     70.001     41.373  29.115942     1.1694      6.531   330.4474 1.3360e+01     1.6891      4.807      6.972    10.1912 0.0000e+00
      4.934      0.135     7.8471     69.827     41.358  29.104709     1.1768      6.526   331.0921 1.2994e+01     1.7545      4.840      7.020    10.1933 0.0000e+00
      4.965      0.139     7.8272     69.652     41.381  29.121403     1.1935      6.519   331.6066 1.2634e+01     1.8338      4.868      7.062    10.1920 0.0000e+00
      4.997      0.146     7.8070     69.472     41.390  29.127269     1.2065      6.511   331.7640 1.2259e+01     1.8544      4.902      7.109    10.1873 0.0000e+00
      5.032      0.153     7.7878     69.300     41.369  29.112136     1.2149      6.505   331.7896 1.1853e+01     1.8514      4.931      7.152    10.1829 0.0000e+00
      5.072      0.158     7.7725     69.162     41.394  29.128939     1.2124      6.501   331.8306 1.1366e+01     1.8272      4.970      7.209    10.1840 0.0000e+00
      5.121      0.162     7.7611     69.057     41.412  29.139918     1.1844      6.498   331.8289 1.0856e+01     1.7447      5.023      7.284    10.1856 0.0000e+00
      5.169      0.163     7.7504     68.959     41.382  29.117868     1.1618      6.494   331.7693 1.0441e+01     1.6782      5.072      7.356    10.1840 0.0000e+00
      5.211      0.162     7.7419     68.882     41.381  29.116344     1.1593      6.491   331.7981 1.0116e+01     1.6950      5.112      7.414    10.1842 0.0000e+00
      5.247      0.157     7.7363     68.831     41.389  29.121496     1.1736      6.487   332.1778 9.8100e+00     1.7336      5.144      7.461    10.1835 0.0000e+00
      5.284      0.150     7.7314     68.786     41.384  29.116651     1.2060      6.486   332.6600 9.4860e+00     1.7180      5.179      7.512    10.1798 0.0000e+00
      5.324      0.142     7.7271     68.746     41.391  29.121269     1.2193      6.485   332.7242 9.1573e+00     1.6898      5.223      7.575    10.1788 0.0000e+00
      5.362      0.132     7.7269     68.744     41.381  29.113819     1.2157      6.484   332.5245 8.8640e+00     1.6988      5.261      7.630    10.1789 0.0000e+00
      5.397      0.123     7.7312     68.783     41.347  29.090084     1.2258      6.484   332.3963 8.5916e+00     1.7037      5.293      7.677    10.1776 0.0000e+00
      5.428      0.116     7.7355     68.822     41.344  29.088314     1.2310      6.483   332.6364 8.3594e+00     1.6876      5.326      7.725    10.1758 0.0000e+00
      5.452      0.113     7.7397     68.858     41.351  29.092411     1.2243      6.480   333.2767 8.1890e+00     1.6874      5.348      7.757    10.1752 0.0000e+00
      5.472      0.115     7.7426     68.880     41.331  29.076124     1.2268      6.474   333.9435 8.0072e+00     1.7023      5.364      7.780    10.1746 0.0000e+00
      5.496      0.120     7.7422     68.873     41.341  29.081897     1.2343      6.469   334.1596 7.7809e+00     1.7148      5.387      7.814    10.1755 0.0000e+00
      5.529      0.126     7.7411     68.858     41.367  29.098700     1.2326      6.467   334.0826 7.5061e+00     1.7148      5.419      7.859    10.1779 0.0000e+00
      5.570      0.133     7.7392     68.837     41.357  29.088774     1.2238      6.465   334.1308 7.2052e+00     1.7027      5.462      7.921    10.1754 0.0000e+00
      5.610      0.138     7.7359     68.805     41.360  29.088879     1.2199      6.464   334.1398 6.9431e+00     1.6916      5.503      7.982    10.1723 0.0000e+00
      5.645      0.138     7.7303     68.754     41.377  29.099970     1.2229      6.462   334.1058 6.7303e+00     1.7021      5.537      8.030    10.1717 0.0000e+00
      5.679      0.134     7.7196     68.658     41.371  29.095868     1.2143      6.460   334.3213 6.5318e+00     1.7383      5.569      8.078    10.1687 0.0000e+00
      5.711      0.128     7.7070     68.546     41.381  29.102786     1.1890      6.459   334.6805 6.3231e+00     1.7637      5.600      8.124    10.1646 0.0000e+00
      5.744      0.121     7.6978     68.463     41.406  29.120114     1.1649      6.458   334.8358 6.1099e+00     1.7338      5.632      8.169    10.1627 0.0000e+00
      5.775      0.115     7.6925     68.415     41.400  29.114862     1.1524      6.456   334.8223 5.9210e+00     1.6825      5.664      8.216    10.1621 0.0000e+00
      5.804      0.109     7.6895     68.387     41.384  29.102787     1.1394      6.455   334.8614 5.7542e+00     1.6923      5.692      8.256    10.1620 0.0000e+00
