Data/DataNotYetUploadedToEDI/Raw_CTD/RawDownloads/060418_fcr30.cnv
* Sea-Bird SBE19plus  Data File:
* FileName = C:\DATA\060418_fcr50_0005.hex
* Software version 2.6.3.104 SB_Terminal.dll
* Temperature SN = 7809
* Conductivity SN = 7809
* System UpLoad Time = Jun 04 2018 16:28:41
* <ApplicationData>
* <Seaterm232>
# nquan = 15
# nvalues = 311                         
# units = specified
# name 0 = depFM: Depth [fresh water, m]
# name 1 = dz/dtM: Descent Rate [m/s]
# name 2 = sbeox0Mg/L: Oxygen, SBE 43 [mg/l]
# name 3 = sbeox0PS: Oxygen, SBE 43 [% saturation]
# name 4 = specc: Specific Conductance [uS/cm]
# name 5 = c0uS/cm: Conductivity [uS/cm]
# name 6 = flECO-AFL: Fluorescence, WET Labs ECO-AFL/FL [mg/m^3]
# name 7 = ph: pH
# name 8 = orp: Oxidation Reduction Potential [mV]
# name 9 = par/sat/log: PAR/Logarithmic, Satlantic
# name 10 = turbWETntu0: Turbidity, WET Labs ECO [NTU]
# name 11 = prdM: Pressure, Strain Gauge [db]
# name 12 = prdE: Pressure, Strain Gauge [psi]
# name 13 = tv290C: Temperature [ITS-90, deg C]
# name 14 = flag:  0.000e+00
# span 0 =     -0.625,      5.437       
# span 1 =     -0.046,      0.198       
# span 2 =     0.6204,    10.3721       
# span 3 =      5.639,    112.086       
# span 4 =      0.474,     44.926       
# span 5 =   0.426164,  33.093318       
# span 6 =    -0.4478,     2.5909       
# span 7 =      5.820,      7.493       
# span 8 = -1240.7455,   509.0908       
# span 9 = 3.0550e+00, 2.0944e+03       
# span 10 =    -0.6745,     5.2936      
# span 11 =     -0.613,      5.333      
# span 12 =     -0.889,      7.734      
# span 13 =    10.0800,    23.4358      
# span 14 = 0.0000e+00, 0.0000e+00      
# interval = seconds: 0.25
# start_time = Jun 04 2018 14:58:54 [Instrument's time stamp, header]
# bad_flag = -9.990e-29
*END*
[from data line 97]
      0.474      0.001     6.7542     79.236     31.582  30.529087     1.3624      7.258   279.5252 8.3666e+01     1.0647      0.465      0.675    23.3117 0.0000e+00
      0.475      0.001     6.7451     79.135     31.590  30.538343     1.3568      7.257   279.5736 8.3653e+01     1.0743      0.466      0.675    23.3150 0.0000e+00
      0.475      0.001     6.7446     79.134     31.588  30.538230     1.3514      7.255   279.7108 8.3210e+01     1.1713      0.466      0.676    23.3189 0.0000e+00
      0.475      0.001     6.7534     79.241     31.575  30.527724     1.3527      7.253   279.8935 8.2757e+01     1.2906      0.466      0.675    23.3233 0.0000e+00
      0.475      0.001     6.7692     79.430     31.585  30.538333     1.3544      7.252   280.1471 8.2273e+01     1.2961      0.465      0.676    23.3271 0.0000e+00
      0.476      0.001     6.7877     79.650     31.585  30.539487     1.3539      7.253   280.3678 8.1819e+01     1.2376      0.466      0.677    23.3304 0.0000e+00
      0.476      0.001     6.8029     79.830     31.586  30.541672     1.3549      7.253   280.4109 8.1314e+01     1.1939      0.467      0.677    23.3339 0.0000e+00
      0.476      0.001     6.8102     79.916     31.610  30.564753     1.3586      7.253   280.4106 8.0675e+01     1.1339      0.468      0.679    23.3363 0.0000e+00
      0.476      0.001     6.8082     79.890     31.611  30.564538     1.3617      7.253   280.6229 8.0616e+01     1.0618      0.467      0.678    23.3378 0.0000e+00
      0.476      0.001     6.7983     79.768     31.586  30.539077     1.3648      7.253   280.8259 8.0556e+01     1.0229      0.467      0.677    23.3398 0.0000e+00
      0.476      0.001     6.7798     79.542     31.561  30.510917     1.3683      7.252   280.8011 8.0049e+01     1.0299      0.467      0.678    23.3415 0.0000e+00
      0.477      0.000     6.7521     79.200     31.535  30.478073     1.3668      7.251   280.6673 7.9731e+01     1.0867      0.468      0.679    23.3418 0.0000e+00
      0.478     -0.001     6.7171     78.767     31.526  30.459486     1.3656      7.248   280.4978 7.9170e+01     1.1604      0.469      0.681    23.3398 0.0000e+00
      0.479     -0.003     6.6748     78.248     31.554  30.476690     1.3725      7.246   280.4733 7.7910e+01     1.1580      0.471      0.682    23.3372 0.0000e+00
      0.477     -0.004     6.6278     77.681     31.580  30.495560     1.3761      7.247   280.6293 7.6484e+01     1.0882      0.469      0.680    23.3320 0.0000e+00
      0.474     -0.004     6.5801     77.116     31.585  30.497106     1.3725      7.248   280.8345 7.5499e+01     1.1101      0.465      0.675    23.3202 0.0000e+00
      0.472     -0.004     6.5316     76.546     31.584  30.495372     1.3651      7.249   280.9759 7.5419e+01     1.2692      0.463      0.671    23.3036 0.0000e+00
      0.471     -0.004     6.4860     76.009     31.563  30.474603     1.3613      7.247   280.8755 7.6226e+01     1.3643      0.461      0.669    23.2855 0.0000e+00
      0.472     -0.003     6.4505     75.588     31.526  30.436502     1.3624      7.243   280.7404 7.7349e+01     1.3139      0.462      0.670    23.2742 0.0000e+00
      0.472     -0.002     6.4225     75.252     31.508  30.415722     1.3609      7.239   280.8045 7.8514e+01     1.2696      0.464      0.672    23.2716 0.0000e+00
      0.472     -0.002     6.3961     74.935     31.510  30.413875     1.3610      7.237   280.8756 7.9500e+01     1.2863      0.464      0.672    23.2717 0.0000e+00
      0.471     -0.003     6.3700     74.620     31.515  30.414161     1.3542      7.237   280.9122 8.0561e+01     1.3029      0.462      0.670    23.2711 0.0000e+00
      0.470     -0.003     6.3425     74.290     31.523  30.419175     1.3522      7.238   281.0744 8.1538e+01     1.2874      0.461      0.668    23.2672 0.0000e+00
      0.468     -0.002     6.3129     73.936     31.517  30.410986     1.3650      7.239   281.3746 8.1970e+01     1.2206      0.459      0.666    23.2613 0.0000e+00
      0.468     -0.001     6.2830     73.580     31.487  30.378656     1.3617      7.239   281.6160 8.1880e+01     1.1357      0.458      0.664    23.2549 0.0000e+00
      0.468     -0.001     6.2519     73.206     31.458  30.345797     1.3577      7.240   281.6700 8.1495e+01     1.0850      0.458      0.664    23.2479 0.0000e+00
      0.469     -0.001     6.2172     72.788     31.448  30.331212     1.3721      7.241   281.5984 8.1554e+01     1.0356      0.460      0.668    23.2428 0.0000e+00
      0.469     -0.002     6.1790     72.328     31.453  30.329308     1.3790      7.242   281.6098 8.1989e+01     1.0269      0.461      0.669    23.2391 0.0000e+00
      0.469     -0.003     6.1388     71.845     31.452  30.322777     1.3859      7.240   281.7226 8.1999e+01     1.0713      0.460      0.667    23.2344 0.0000e+00
      0.468     -0.006     6.0975     71.352     31.449  30.315734     1.4103      7.236   281.7573 8.2114e+01     1.0835      0.459      0.666    23.2271 0.0000e+00
      0.465     -0.011     6.0548     70.849     31.441  30.307649     1.4345      7.232   281.7709 8.3016e+01     1.0825      0.457      0.662    23.2177 0.0000e+00
      0.463     -0.014     6.0100     70.328     31.420  30.288535     1.4398      7.229   281.8876 8.3801e+01     1.0900      0.454      0.658    23.2081 0.0000e+00
      0.459     -0.013     5.9651     69.801     31.407  30.275146     1.4284      7.223   282.1360 8.3616e+01     1.0823      0.452      0.656    23.1990 0.0000e+00
      0.453     -0.009     5.9255     69.323     31.412  30.272775     1.4161      7.210   282.2782 8.3099e+01     1.0816      0.446      0.646    23.1908 0.0000e+00
      0.445     -0.009     5.8972     68.976     31.407  30.259852     1.4105      7.199   282.1449 8.3328e+01     1.1116      0.434      0.630    23.1901 0.0000e+00
      0.444     -0.014     5.8821     68.776     31.404  30.245893     1.4157      7.194   281.9004 8.3632e+01     1.1407      0.429      0.622    23.1948 0.0000e+00
      0.451     -0.023     5.8766     68.664     31.413  30.230999     1.4246      7.196   281.7313 8.3352e+01     1.1272      0.444      0.644    23.1975 0.0000e+00
      0.456     -0.033     5.8804     68.649     31.418  30.206747     1.4252      7.200   281.7349 8.3530e+01     1.1009      0.455      0.659    23.1807 0.0000e+00
      0.443     -0.040     5.9033     68.873     31.439  30.206636     1.4235      7.204   281.7724 8.3882e+01     1.0978      0.440      0.638    23.1654 0.0000e+00
      0.418     -0.045     5.9578     69.486     31.474  30.229633     1.4235      7.207   281.7548 8.2558e+01     1.0897      0.409      0.593    23.1623 0.0000e+00
      0.393     -0.046     6.0498     70.547     31.481  30.230769     1.4065      7.210   281.8658 8.0436e+01     1.1243      0.379      0.550    23.1170 0.0000e+00
      0.381     -0.040     6.1653     71.888     31.473  30.220369     1.3647      7.212   281.9968 7.9996e+01     1.2114      0.369      0.535    23.0592 0.0000e+00
      0.378     -0.027     6.2758     73.173     31.486  30.230885     1.3412      7.213   282.0482 7.9941e+01     1.2584      0.370      0.536    23.0300 0.0000e+00
      0.378     -0.013     6.3646     74.208     31.486  30.230895     1.3512      7.214   282.2287 7.9583e+01     1.2958      0.371      0.537    23.0145 0.0000e+00
      0.378     -0.002     6.4241     74.904     31.474  30.220494     1.3395      7.215   282.4583 8.0313e+01     1.2669      0.371      0.538    23.0076 0.0000e+00
      0.378      0.007     6.4475     75.185     31.482  30.232143     1.3007      7.215   282.5866 8.1478e+01     1.1225      0.371      0.538    23.0036 0.0000e+00
      0.378      0.016     6.4356     75.061     31.489  30.244747     1.2953      7.213   282.6614 8.2388e+01     1.0147      0.369      0.537    23.0014 0.0000e+00
      0.380      0.026     6.3942     74.599     31.481  30.245881     1.3104      7.207   282.8465 8.2074e+01     1.0321      0.370      0.536    23.0003 0.0000e+00
      0.386      0.038     6.3337     73.921     31.468  30.245869     1.2998      7.197   283.1042 8.0437e+01     1.1486      0.375      0.545    23.0014 0.0000e+00
      0.399      0.049     6.2684     73.193     31.450  30.244618     1.2775      7.187   283.1967 7.8541e+01     1.2333      0.389      0.565    23.0062 0.0000e+00
      0.417      0.059     6.2079     72.523     31.418  30.230772     1.2705      7.177   283.1903 7.6654e+01     1.2323      0.409      0.593    23.0186 0.0000e+00
      0.435      0.065     6.1555     71.937     31.379  30.205493     1.2802      7.167   283.1992 7.4959e+01     1.2586      0.427      0.619    23.0322 0.0000e+00
      0.455      0.066     6.1115     71.431     31.363  30.193011     1.2927      7.162   283.2172 7.3256e+01     1.3068      0.446      0.648    23.0514 0.0000e+00
      0.474      0.062     6.0713     70.958     31.379  30.206868     1.3118      7.165   283.2369 7.1871e+01     1.3270      0.465      0.675    23.0795 0.0000e+00
      0.491      0.058     6.0288     70.461     31.420  30.246021     1.3363      7.172   283.2645 7.1079e+01     1.3198      0.483      0.701    23.1063 0.0000e+00
      0.503      0.057     5.9843     69.949     31.456  30.285371     1.3501      7.180   283.4649 7.0409e+01     1.3118      0.496      0.719    23.1302 0.0000e+00
      0.511      0.059     5.9420     69.474     31.463  30.301629     1.3594      7.184   283.6811 6.9920e+01     1.3513      0.502      0.726    23.1330 0.0000e+00
      0.521      0.064     5.9074     69.090     31.468  30.315597     1.3659      7.184   283.7271 6.9624e+01     1.3400      0.509      0.738    23.1258 0.0000e+00
      0.536      0.070     5.8850     68.850     31.468  30.327258     1.3650      7.182   283.7631 6.9352e+01     1.2668      0.522      0.758    23.1247 0.0000e+00
      0.561      0.078     5.8766     68.778     31.443  30.315628     1.3662      7.180   283.7727 6.8936e+01     1.2597      0.550      0.797    23.1295 0.0000e+00
      0.588      0.086     5.8805     68.846     31.418  30.302001     1.3620      7.178   283.7570 6.8509e+01     1.2850      0.579      0.841    23.1497 0.0000e+00
      0.610      0.091     5.8923     69.001     31.397  30.289519     1.3698      7.173   283.7458 6.8405e+01     1.2368      0.597      0.867    23.1642 0.0000e+00
      0.631      0.092     5.9094     69.216     31.392  30.291733     1.4052      7.172   283.8094 6.8461e+01     1.1348      0.618      0.897    23.1791 0.0000e+00
      0.655      0.092     5.9283     69.454     31.422  30.328781     1.4218      7.173   284.0101 6.8380e+01     1.0898      0.641      0.931    23.2030 0.0000e+00
      0.680      0.094     5.9444     69.660     31.442  30.356438     1.4234      7.175   284.1932 6.8225e+01     1.1199      0.667      0.969    23.2190 0.0000e+00
      0.703      0.099     5.9589     69.845     31.451  30.372125     1.4613      7.179   284.3018 6.8040e+01     1.1932      0.691      1.001    23.2322 0.0000e+00
      0.725      0.105     5.9782     70.083     31.465  30.391447     1.5214      7.184   284.4630 6.7484e+01     1.2747      0.708      1.027    23.2409 0.0000e+00
      0.751      0.110     6.0079     70.432     31.473  30.399551     1.5534      7.188   284.5933 6.6774e+01     1.2811      0.735      1.065    23.2548 0.0000e+00
      0.781      0.114     6.0464     70.871     31.486  30.406602     1.5549      7.188   284.6724 6.6051e+01     1.2397      0.765      1.109    23.2695 0.0000e+00
      0.815      0.118     6.0867     71.332     31.498  30.413186     1.5667      7.187   284.8174 6.5221e+01     1.2013      0.799      1.159    23.2781 0.0000e+00
      0.848      0.120     6.1216     71.739     31.502  30.415643     1.6035      7.186   284.9700 6.4587e+01     1.1535      0.834      1.210    23.2927 0.0000e+00
      0.878      0.120     6.1476     72.045     31.523  30.436308     1.6236      7.184   285.1412 6.4155e+01     1.1195      0.862      1.251    23.2949 0.0000e+00
      0.906      0.119     6.1688     72.295     31.560  30.472529     1.6161      7.180   285.3380 6.3870e+01     1.0946      0.888      1.289    23.2786 0.0000e+00
      0.935      0.118     6.1902     72.549     31.559  30.472554     1.6145      7.175   285.5431 6.3712e+01     1.0656      0.917      1.330    23.2694 0.0000e+00
      0.965      0.118     6.2126     72.810     31.521  30.436619     1.6131      7.169   285.8136 6.3539e+01     1.1049      0.947      1.373    23.2705 0.0000e+00
      0.996      0.117     6.2357     73.074     31.506  30.419065     1.6084      7.163   286.2866 6.3344e+01     1.2035      0.977      1.415    23.2713 0.0000e+00
      1.027      0.117     6.2587     73.328     31.546  30.450830     1.6134      7.155   286.8740 6.3185e+01     1.2503      1.007      1.461    23.2716 0.0000e+00
      1.059      0.118     6.2797     73.551     31.611  30.503147     1.6179      7.147   287.4946 6.2950e+01     1.2748      1.039      1.507    23.2746 0.0000e+00
      1.088      0.123     6.2985     73.734     31.671  30.543564     1.6352      7.139   288.2836 6.2678e+01     1.2856      1.069      1.550    23.2754 0.0000e+00
      1.114      0.133     6.3262     73.945     31.805  30.621960     1.6667      7.133   289.1003 6.2413e+01     1.2898      1.092      1.585    23.2724 0.0000e+00
      1.142      0.144     6.3864     74.273     31.917  30.561874     1.6761      7.127   289.7122 6.1818e+01     1.3256      1.115      1.618    23.2590 0.0000e+00
      1.179      0.155     6.4932     74.707     31.978  30.261372     1.6754      7.121   290.1750 6.0878e+01     1.3212      1.151      1.670    23.2418 0.0000e+00
      1.227      0.165     6.6582     75.522     32.104  29.909360     1.7140      7.116   290.6526 5.9804e+01     1.3591      1.202      1.744    23.2249 0.0000e+00
      1.279      0.174     6.9177     77.470     32.161  29.543799     1.7848      7.111   291.0124 5.8722e+01     1.4788      1.256      1.822    23.1896 0.0000e+00
      1.326      0.176     7.3066     81.056     32.200  29.270023     1.8233      7.110   291.1707 5.7808e+01     1.5173      1.303      1.890    23.0058 0.0000e+00
      1.369      0.169     7.8222     86.198     32.297  29.138874     1.8221      7.109   291.2755 5.7124e+01     1.4883      1.342      1.946    22.3923 0.0000e+00
      1.414      0.156     8.4139     92.289     32.355  29.037334     1.8151      7.108   291.4190 5.6798e+01     1.5853      1.386      2.010    21.5245 0.0000e+00
      1.457      0.143     9.0006     98.405     32.356  28.931149     1.8211      7.107   291.6148 5.6690e+01     1.8054      1.433      2.079    20.8572 0.0000e+00
      1.491      0.133     9.5203    103.830     32.309  28.807389     1.8307      7.106   291.7500 5.6485e+01     1.9223      1.465      2.123    20.4025 0.0000e+00
      1.517      0.126     9.9362    108.111     32.256  28.683872     1.8204      7.103   291.9361 5.6227e+01     1.8999      1.488      2.158    20.0687 0.0000e+00
      1.542      0.124    10.2205    110.902     32.239  28.580642     1.8069      7.098   292.1438 5.5858e+01     1.8706      1.512      2.192    19.8456 0.0000e+00
      1.571      0.124    10.3614    112.086     32.274  28.511637     1.8058      7.091   292.1104 5.5448e+01     1.9034      1.539      2.231    19.6875 0.0000e+00
      1.604      0.127    10.3721    111.855     32.357  28.484403     1.8075      7.085   292.1340 5.5043e+01     1.9603      1.572      2.281    19.5735 0.0000e+00
      1.640      0.132    10.2811    110.560     32.412  28.441738     1.8095      7.081   292.4296 5.4366e+01     1.9486      1.606      2.329    19.4664 0.0000e+00
      1.679      0.136    10.1220    108.560     32.435  28.376656     1.8106      7.079   292.7589 5.3675e+01     1.8840      1.649      2.391    19.3287 0.0000e+00
