Data/DataNotYetUploadedToEDI/Raw_CTD/RawDownloads/060418_fcr10.cnv
* Sea-Bird SBE19plus  Data File:
* FileName = C:\DATA\060418_fcr50_0003.hex
* Software version 2.6.3.104 SB_Terminal.dll
* Temperature SN = 7809
* Conductivity SN = 7809
* System UpLoad Time = Jun 04 2018 16:28:04
* <ApplicationData>
* <Seaterm232>
# nquan = 15
# nvalues = 511                         
# units = specified
# name 0 = depFM: Depth [fresh water, m]
# name 1 = dz/dtM: Descent Rate [m/s]
# name 2 = sbeox0Mg/L: Oxygen, SBE 43 [mg/l]
# name 3 = sbeox0PS: Oxygen, SBE 43 [% saturation]
# name 4 = specc: Specific Conductance [uS/cm]
# name 5 = c0uS/cm: Conductivity [uS/cm]
# name 6 = flECO-AFL: Fluorescence, WET Labs ECO-AFL/FL [mg/m^3]
# name 7 = ph: pH
# name 8 = orp: Oxidation Reduction Potential [mV]
# name 9 = par/sat/log: PAR/Logarithmic, Satlantic
# name 10 = turbWETntu0: Turbidity, WET Labs ECO [NTU]
# name 11 = prdM: Pressure, Strain Gauge [db]
# name 12 = prdE: Pressure, Strain Gauge [psi]
# name 13 = tv290C: Temperature [ITS-90, deg C]
# name 14 = flag:  0.000e+00
# span 0 =     -0.613,      2.759       
# span 1 =     -0.145,      0.178       
# span 2 =    -1.3479,    12.1908       
# span 3 =    -13.715,    128.628       
# span 4 =      0.634,    182.405       
# span 5 =   0.637825, 149.637330       
# span 6 =    -0.2399,     5.8648       
# span 7 =      4.099,     10.509       
# span 8 = -1236.7935,   415.9239       
# span 9 = 4.4093e+00, 1.8283e+03       
# span 10 =    -0.6196,    34.0473      
# span 11 =     -0.602,      2.707      
# span 12 =     -0.872,      3.926      
# span 13 =    15.9303,    25.3104      
# span 14 = 0.0000e+00, 0.0000e+00      
# interval = seconds: 0.25
# start_time = Jun 04 2018 14:22:00 [Instrument's time stamp, header]
# bad_flag = -9.990e-29
*END*
[from data line 482]
      2.719      0.019     0.0360      0.366    167.688 137.885201     2.7946      6.711   164.0244 1.8533e+01     8.8991      2.667      3.870    15.9983 0.0000e+00
      2.722      0.016     0.0704      0.716    167.771 138.013472     2.6219      6.725   162.5056 1.7815e+01     7.7778      2.669      3.872    16.0373 0.0000e+00
      2.725      0.014     0.1013      1.030    167.146 137.549524     2.6107      6.736   162.0723 1.6891e+01     7.6558      2.672      3.876    16.0674 0.0000e+00
      2.729      0.012     0.1314      1.337    167.422 137.830113     2.6681      6.746   163.0014 1.5866e+01     7.5150      2.676      3.881    16.0879 0.0000e+00
      2.732      0.011     0.1608      1.635    167.828 138.214201     2.7830      6.756   164.7058 1.4917e+01     7.2955      2.679      3.886    16.1113 0.0000e+00
      2.735      0.011     0.1900      1.933    167.127 137.660801     2.8515      6.765   165.8159 1.4083e+01     7.1682      2.682      3.890    16.1294 0.0000e+00
      2.737      0.011     0.2189      2.227    166.269 136.948776     2.8800      6.773   164.9797 1.3287e+01     7.1668      2.684      3.893    16.1418 0.0000e+00
      2.739      0.010     0.2450      2.492    166.448 137.074790     3.0355      6.780   163.1141 1.2447e+01     7.5840      2.686      3.896    16.1581 0.0000e+00
      2.742      0.010     0.2672      2.717    167.725 138.099140     3.3165      6.787   161.8438 1.1421e+01     8.3671      2.688      3.899    16.1768 0.0000e+00
      2.745      0.009     0.2852      2.899    168.924 139.055085     3.4746      6.793   161.6663 1.0278e+01     8.7919      2.692      3.904    16.1846 0.0000e+00
      2.748      0.009     0.3004      3.054    167.854 138.162168     3.5416      6.799   162.6877 9.2248e+00     8.9666      2.696      3.909    16.1801 0.0000e+00
      2.750      0.008     0.3120      3.173    163.842 134.899952     4.1454      6.805   164.4713 8.2879e+00    10.3575      2.696      3.910    16.1729 0.0000e+00
      2.751      0.007     0.3188      3.244    158.491 130.573786     5.2420      6.810   165.4217 7.4792e+00    12.8525      2.697      3.913    16.1659 0.0000e+00
      2.753      0.005     0.3231      3.290    153.359 126.449593     5.8373      6.817   163.7682 6.8131e+00    14.1999      2.700      3.916    16.1541 0.0000e+00
      2.754      0.003     0.3262      3.325    149.704 123.579732     5.8648      6.824   159.8797 6.2095e+00    14.3500      2.701      3.917    16.1442 0.0000e+00
      2.755      0.002     0.3286      3.354    146.999 121.525343     5.4287      6.830   155.5750 5.6220e+00    14.5768      2.701      3.918    16.1593 0.0000e+00
      2.755      0.001     0.3314      3.387    144.548 119.664579     4.5992      6.834   151.8149 5.1177e+00    14.9575      2.702      3.919    16.1892 0.0000e+00
      2.755      0.001     0.3381      3.458    142.931 118.432715     4.1515      6.839   148.8323 4.7772e+00    15.1687      2.702      3.919    16.2172 0.0000e+00
      2.755      0.000     0.3541      3.623    141.885 117.602510     4.1235      6.843   146.0126 4.6064e+00    15.0555      2.702      3.919    16.2653 0.0000e+00
      2.755 4.2859e-07     0.3798      3.886    142.200 117.854511     4.2601      6.848   142.6736 4.5373e+00    13.5282      2.702      3.919    16.3342 0.0000e+00
      2.755      0.000     0.4153      4.248    144.911 120.076027     4.5445      6.852   139.4347 4.4954e+00    10.7406      2.702      3.918    16.3971 0.0000e+00
      2.755      0.000     0.4602      4.706    148.044 122.647429     4.7135      6.855   136.7928 4.4531e+00     9.2134      2.702      3.919    16.4358 0.0000e+00
      2.755      0.001     0.5115      5.230    149.929 124.194240     4.7221      6.857   134.1328 4.4166e+00     9.1004      2.702      3.919    16.4442 0.0000e+00
      2.755      0.001     0.5639      5.765    151.528 125.508505     4.5936      6.860   131.1063 4.4093e+00     9.6191      2.702      3.919    16.4374 0.0000e+00
      2.756      0.001     0.5895      6.026    152.474 126.287421     4.4743      6.862   129.5395 4.4655e+00    10.1138      2.702      3.919    16.4272 0.0000e+00
      2.756 -9.990e-29 -9.990e-29 -9.990e-29 -9.990e-29 -9.990e-29 -9.990e-29 -9.990e-29 -9.990e-29 4.6375e+00 -9.990e-29      2.702      3.919    16.4170 0.0000e+00
      2.757 -9.990e-29 -9.990e-29 -9.990e-29 -9.990e-29 -9.990e-29 -9.990e-29 -9.990e-29 -9.990e-29 5.1031e+00 -9.990e-29      2.703      3.921    16.4137 0.0000e+00
      2.759 -9.990e-29 -9.990e-29 -9.990e-29 -9.990e-29 -9.990e-29 -9.990e-29 -9.990e-29 -9.990e-29 6.0227e+00 -9.990e-29      2.705      3.924    16.4103 0.0000e+00
      2.759 -9.990e-29 -9.990e-29 -9.990e-29 -9.990e-29 -9.990e-29 -9.990e-29 -9.990e-29 -9.990e-29 6.5993e+00 -9.990e-29      2.707      3.926    16.4068 0.0000e+00
