Data/DataNotYetUploadedToEDI/Raw_CTD/RawDownloads/060418_fcr50.cnv
* Sea-Bird SBE19plus  Data File:
* FileName = C:\DATA\060418_fcr50_0007.hex
* Software version 2.6.3.104 SB_Terminal.dll
* Temperature SN = 7809
* Conductivity SN = 7809
* System UpLoad Time = Jun 04 2018 16:29:52
* <ApplicationData>
* <Seaterm232>
# nquan = 15
# nvalues = 395                         
# units = specified
# name 0 = depFM: Depth [fresh water, m]
# name 1 = dz/dtM: Descent Rate [m/s]
# name 2 = sbeox0Mg/L: Oxygen, SBE 43 [mg/l]
# name 3 = sbeox0PS: Oxygen, SBE 43 [% saturation]
# name 4 = specc: Specific Conductance [uS/cm]
# name 5 = c0uS/cm: Conductivity [uS/cm]
# name 6 = flECO-AFL: Fluorescence, WET Labs ECO-AFL/FL [mg/m^3]
# name 7 = ph: pH
# name 8 = orp: Oxidation Reduction Potential [mV]
# name 9 = par/sat/log: PAR/Logarithmic, Satlantic
# name 10 = turbWETntu0: Turbidity, WET Labs ECO [NTU]
# name 11 = prdM: Pressure, Strain Gauge [db]
# name 12 = prdE: Pressure, Strain Gauge [psi]
# name 13 = tv290C: Temperature [ITS-90, deg C]
# name 14 = flag:  0.000e+00
# span 0 =     -0.624,      9.575       
# span 1 =     -0.135,      0.256       
# span 2 =     4.3032,     9.3257       
# span 3 =     39.389,    100.279       
# span 4 =      0.723,     41.440       
# span 5 =   0.636587,  30.967768       
# span 6 =    -1.1339,     2.6556       
# span 7 =      5.991,      7.709       
# span 8 = -1240.7455,   344.3536       
# span 9 = 2.9112e-01, 2.6245e+03       
# span 10 =    -0.6717,    26.0111      
# span 11 =     -0.612,      9.390      
# span 12 =     -0.887,     13.620      
# span 13 =    10.1291,    23.7385      
# span 14 = 0.0000e+00, 0.0000e+00      
# interval = seconds: 0.25
# start_time = Jun 04 2018 15:25:14 [Instrument's time stamp, header]
# bad_flag = -9.990e-29
*END*
     -0.623 -4.850e-20     8.5324     91.994      0.788   0.693462    -0.7603      6.003 -1240.7455 2.3787e+03    -0.6137     -0.611     -0.886    19.0051 0.0000e+00
     -0.622 -6.298e-20     8.5329     91.999      0.786   0.692147    -0.7630      6.004 -1240.7455 2.3766e+03    -0.6382     -0.610     -0.885    19.0048 0.0000e+00
     -0.622 -6.500e-19     8.5332     92.001      0.798   0.702414    -0.6442      6.004 -1240.7455 2.3688e+03    -0.6717     -0.610     -0.885    19.0046 0.0000e+00
     -0.623 -7.146e-18     8.5333     92.003      0.785   0.690769    -0.4277      6.004 -1240.7455 2.3538e+03    -0.6531     -0.611     -0.886    19.0044 0.0000e+00
     -0.623 -7.860e-17     8.5351     92.021      0.770   0.678181    -0.3142      6.004 -1240.7455 2.3349e+03    -0.6269     -0.611     -0.886    19.0041 0.0000e+00
     -0.623 -8.646e-16     8.5371     92.043      0.769   0.677037    -0.3094      6.004 -1240.7455 2.3200e+03    -0.6284     -0.611     -0.886    19.0041 0.0000e+00
     -0.623 -9.511e-15     8.5373     92.044      0.769   0.676933    -0.3057      6.002 -1240.7455 2.3235e+03    -0.5803     -0.611     -0.886    19.0039 0.0000e+00
     -0.623 -1.046e-13     8.5366     92.036      0.769   0.676933    -0.2688      6.000 -1240.7455 2.3348e+03    -0.1981     -0.611     -0.886    19.0035 0.0000e+00
     -0.623 -1.151e-12     8.5356     92.025      0.769   0.677035    -0.2221      5.996 -1240.7455 2.2863e+03     0.4532     -0.611     -0.886    19.0035 0.0000e+00
     -0.623 -1.266e-11     8.5353     92.021      0.770   0.678168    -0.2101      5.991 -1240.7455 1.8009e+03     0.7940     -0.610     -0.885    19.0031 0.0000e+00
     -0.623 -1.393e-10     8.5357     92.026      0.785   0.690633    -0.2062      5.992 -1240.7455 1.0142e+03     0.8403     -0.611     -0.886    19.0031 0.0000e+00
     -0.623 -1.532e-09     8.5353     92.022      0.797   0.700914    -0.1930      5.995 -1240.7455 6.5488e+02     1.0429     -0.611     -0.887    19.0029 0.0000e+00
     -0.623 -1.685e-08     8.5346     92.013      0.768   0.675654    -0.1884      5.998 -1240.7455 9.5956e+02     1.3523     -0.611     -0.887    19.0026 0.0000e+00
     -0.624 -1.853e-07     8.5351     92.019      0.726   0.638866    -0.1971      6.004 -1240.7455 1.6771e+03     1.4678     -0.612     -0.887    19.0023 0.0000e+00
     -0.624 -1.758e-07     8.5357     92.025      0.723   0.636587    -0.2237      6.017 -1240.7452 2.1676e+03     1.4635     -0.612     -0.887    19.0021 0.0000e+00
     -0.624 9.8612e-08     8.5356     92.024      0.736   0.648101    -0.4557      6.032 -1240.7425 2.2916e+03     1.1479     -0.611     -0.887    19.0022 0.0000e+00
     -0.624      0.000     8.5367     92.036      0.740   0.651260    -0.8887      6.038 -1240.7126 2.3452e+03     0.4889     -0.612     -0.887    19.0026 0.0000e+00
     -0.624      0.000     8.5382     92.051      0.766   0.674773    -1.1303      6.035 -1240.3835 2.3628e+03     0.1799     -0.612     -0.887    19.0024 0.0000e+00
     -0.624      0.000     8.5385     92.057      0.915   0.805569    -1.1339      6.040 -1236.7632 2.0981e+03     0.2188     -0.611     -0.887    19.0031 0.0000e+00
     -0.624      0.002     8.5371     92.073      2.241   1.979054    -0.9513      6.152 -1196.9397 1.8065e+03     0.1663     -0.612     -0.887    19.0017 0.0000e+00
     -0.624      0.009     8.5090     92.095      7.363   6.555485    -0.6308      6.435  -758.8813 1.7992e+03     0.0327     -0.612     -0.887    19.0030 0.0000e+00
     -0.623      0.025     8.4139     92.126     16.168  14.590554    -0.4576      6.785    -1.6341 1.4424e+03    -0.0224     -0.611     -0.887    18.9997 0.0000e+00
     -0.622      0.052     8.2658     92.166     24.835  22.805154    -0.4380      7.127   340.1811 1.2607e+03     0.0490     -0.611     -0.887    19.0037 0.0000e+00
     -0.617      0.088     8.1259     92.191     30.415  28.385293    -0.4304      7.422   325.1771 1.8865e+03     0.6521     -0.611     -0.887    18.9959 0.0000e+00
     -0.595      0.128     8.0203     92.198     32.266  30.508923    -0.3201      7.605   326.3055 2.4340e+03     7.2700     -0.592     -0.860    19.0144 0.0000e+00
     -0.553      0.159     7.9424     92.204     32.263  30.830653    -0.1148      7.689   331.0237 2.5470e+03    19.4257     -0.547     -0.794    19.6158 0.0000e+00
     -0.493      0.176     7.8872     92.214     32.129  30.942109     0.0024      7.709   333.0961 2.2678e+03    26.0111     -0.488     -0.708    20.7605 0.0000e+00
     -0.425      0.175     7.8521     92.241     31.989  30.967768     0.0402      7.686   331.5736 1.5265e+03    26.0101     -0.414     -0.600    21.6698 0.0000e+00
     -0.365      0.157     7.8474     92.454     31.870  30.950597     0.2219      7.642   329.4801 1.2470e+03    19.5354     -0.346     -0.503    22.3113 0.0000e+00
     -0.330      0.127     7.9018     93.245     31.788  30.925162     0.5453      7.595   327.3142 1.9130e+03     7.6018     -0.317     -0.459    22.8279 0.0000e+00
     -0.314      0.096     8.0036     94.531     31.745  30.914336     0.7244      7.555   325.7771 2.5065e+03     1.1091     -0.307     -0.445    23.1871 0.0000e+00
     -0.305      0.071     8.0794     95.476     31.695  30.883255     0.7522      7.516   323.8875 2.6245e+03     0.5436     -0.298     -0.431    23.4336 0.0000e+00
     -0.297      0.058     8.0908     95.636     31.604  30.803410     0.7996      7.472   317.3720 2.5884e+03     0.5501     -0.292     -0.423    23.5760 0.0000e+00
     -0.288      0.057     8.0488     95.146     31.506  30.711030     0.8650      7.437   307.3986 2.0524e+03     0.6694     -0.286     -0.414    23.6500 0.0000e+00
     -0.272      0.064     7.9581     94.076     31.449  30.655386     0.8991      7.420   300.0946 1.1780e+03     0.7957     -0.268     -0.389    23.6907 0.0000e+00
     -0.251      0.076     7.8199     92.434     31.435  30.638676     0.9001      7.414   296.8588 1.1241e+03     0.8869     -0.244     -0.355    23.7180 0.0000e+00
     -0.230      0.091     7.6466     90.334     31.452  30.636005     0.8949      7.410   295.4630 1.8303e+03     0.9784     -0.225     -0.327    23.7313 0.0000e+00
     -0.208      0.107     7.4582     87.999     31.482  30.623067     0.9006      7.404   294.6609 2.3314e+03     1.0475     -0.207     -0.301    23.7327 0.0000e+00
     -0.182      0.124     7.2733     85.691     31.518  30.609193     0.9041      7.394   293.9578 2.4502e+03     1.0513     -0.181     -0.261    23.7307 0.0000e+00
     -0.149      0.141     7.1090     83.651     31.547  30.595192     0.9008      7.383   293.5016 2.3966e+03     1.0544     -0.147     -0.214    23.7385 0.0000e+00
     -0.109      0.155     6.9703     81.942     31.565  30.580730     0.9159      7.373   293.4468 2.0491e+03     1.0858     -0.110     -0.159    23.7139 0.0000e+00
     -0.062      0.164     6.8477     80.444     31.569  30.561308     0.9396      7.366   293.4666 1.4219e+03     1.0945     -0.062     -0.090    23.6308 0.0000e+00
     -0.013      0.166     6.7396     79.120     31.516  30.487336     0.9487      7.361   293.3966 1.1310e+03     1.0685     -0.011     -0.018    23.5465 0.0000e+00
      0.034      0.162     6.6513     78.029     31.434  30.384872     0.9526      7.358   293.4617 1.1875e+03     1.0451      0.036      0.051    23.4796 0.0000e+00
      0.075      0.154     6.5794     77.141     31.406  30.338474     0.9588      7.360   293.7374 9.2402e+02     1.0261      0.078      0.112    23.4295 0.0000e+00
      0.110      0.144     6.5217     76.437     31.451  30.370851     0.9778      7.361   294.4076 4.2899e+02     1.0214      0.108      0.155    23.4003 0.0000e+00
      0.142      0.145     6.4835     75.996     31.605  30.522308     1.0074      7.358   295.7144 2.3494e+02     1.0494      0.140      0.203    23.3634 0.0000e+00
      0.174      0.169     6.4682     75.871     31.773  30.709092     1.0135      7.349   296.3730 2.4413e+02     1.0598      0.173      0.249    23.3231 0.0000e+00
      0.203      0.207     6.4782     76.092     31.742  30.724082     1.0153      7.338   295.8321 1.9988e+02     1.0556      0.201      0.292    23.2919 0.0000e+00
      0.237      0.240     6.5337     76.834     31.614  30.640119     1.0653      7.330   295.6267 3.6916e+02     1.0601      0.220      0.320    23.2684 0.0000e+00
      0.308      0.256     6.6547     78.269     31.550  30.583044     1.1314      7.327   295.9542 6.2472e+02     1.0821      0.273      0.396    23.2702 0.0000e+00
      0.426      0.251     6.8223     80.188     31.530  30.542054     1.1539      7.325   296.4365 5.2062e+02     1.1089      0.427      0.620    23.3014 0.0000e+00
      0.531      0.227     6.9945     82.144     31.541  30.525511     1.1530      7.324   297.0708 3.5357e+02     1.1103      0.547      0.794    23.3913 0.0000e+00
      0.582      0.184     7.1407     83.809     31.547  30.509993     1.1569      7.322   297.4285 3.2082e+02     1.0986      0.577      0.837    23.4825 0.0000e+00
      0.601      0.127     7.2423     84.974     31.529  30.481412     1.1548      7.322   297.1478 3.6056e+02     1.0888      0.593      0.861    23.4775 0.0000e+00
      0.607      0.069     7.2893     85.517     31.483  30.433947     1.1459      7.322   296.5163 6.8606e+02     1.0832      0.596      0.866    23.4289 0.0000e+00
      0.608      0.029     7.2803     85.410     31.428  30.380628     1.1418      7.323   296.3327 1.0044e+03     1.0622      0.595      0.863    23.3805 0.0000e+00
      0.609      0.010     7.2190     84.685     31.394  30.344788     1.1327      7.325   296.6485 9.3643e+02     1.0481      0.597      0.865    23.3439 0.0000e+00
      0.612      0.004     7.1166     83.473     31.239  30.191122     1.1093      7.327   297.1515 8.8503e+02     1.0657      0.601      0.871    23.3286 0.0000e+00
      0.613      0.001     6.9919     81.998     30.897  29.856247     1.0882      7.327   297.5095 9.0564e+02     1.0616      0.602      0.874    23.3276 0.0000e+00
      0.611      0.001     6.8602     80.448     30.500  29.471057     1.0799      7.327   297.5354 9.0165e+02     1.0286      0.599      0.868    23.3288 0.0000e+00
      0.610      0.001     6.7339     78.976     30.168  29.153495     1.1097      7.325   297.4644 9.2703e+02     1.0018      0.598      0.867    23.3247 0.0000e+00
      0.610      0.000     6.6233     77.696     30.201  29.191749     1.1730      7.323   297.4249 9.6632e+02     1.0118      0.599      0.868    23.3176 0.0000e+00
      0.611     -0.001     6.5294     76.607     30.700  29.679571     1.2120      7.322   297.4879 1.0412e+03     1.0592      0.599      0.868    23.3074 0.0000e+00
      0.612     -0.001     6.4496     75.677     31.197  30.162007     1.2134      7.321   297.7967 7.7965e+02     1.0858      0.601      0.872    23.3025 0.0000e+00
      0.613      0.000     6.3816     74.883     31.364  30.325587     1.1985      7.320   298.3198 4.1637e+02     1.0899      0.602      0.874    23.3085 0.0000e+00
      0.611      0.000     6.3205     74.172     31.359  30.323809     1.1791      7.320   298.9080 3.0297e+02     1.1088      0.599      0.869    23.3249 0.0000e+00
      0.609      0.001     6.2640     73.510     31.366  30.331033     1.1629      7.319   299.4018 2.7814e+02     1.1310      0.596      0.864    23.3362 0.0000e+00
      0.610      0.001     6.2120     72.899     31.385  30.349421     1.1582      7.318   299.5587 2.8582e+02     1.1150      0.597      0.866    23.3351 0.0000e+00
      0.612      0.002     6.1629     72.324     31.392  30.355616     1.1590      7.318   299.6006 2.9914e+02     1.0674      0.600      0.872    23.3375 0.0000e+00
      0.614      0.003     6.1176     71.792     31.379  30.342443     1.1732      7.318   299.7353 3.2579e+02     1.0439      0.602      0.873    23.3450 0.0000e+00
      0.614      0.003     6.0800     71.347     31.354  30.317153     1.2014      7.318   299.7249 3.7564e+02     1.0745      0.602      0.873    23.3439 0.0000e+00
      0.614      0.002     6.0517     71.007     31.344  30.303866     1.2152      7.318   299.7329 4.0054e+02     1.1020      0.603      0.875    23.3426 0.0000e+00
      0.615      0.001     6.0315     70.757     31.355  30.308793     1.2205      7.317   299.9184 4.5280e+02     1.0705      0.602      0.874    23.3451 0.0000e+00
      0.616      0.001     6.0171     70.578     31.365  30.313213     1.2278      7.315   300.0753 5.7036e+02     1.0299      0.603      0.875    23.3438 0.0000e+00
      0.616      0.001     6.0076     70.459     31.348  30.293793     1.2306      7.314   300.1670 6.4331e+02     1.0391      0.605      0.877    23.3433 0.0000e+00
      0.616      0.000     6.0037     70.406     31.321  30.264495     1.2262      7.314   300.2527 6.8142e+02     1.0905      0.604      0.876    23.3378 0.0000e+00
      0.616     -0.001     6.0031     70.386     31.340  30.276500     1.2202      7.314   300.3368 8.0025e+02     1.1019      0.603      0.875    23.3251 0.0000e+00
      0.616     -0.001     5.9979     70.315     31.382  30.311921     1.2137      7.313   300.4096 8.7828e+02     1.0845      0.604      0.876    23.3151 0.0000e+00
      0.616     -0.001     5.9884     70.203     31.382  30.311727     1.2123      7.312   300.3590 7.4954e+02     1.0945      0.605      0.877    23.3125 0.0000e+00
      0.615      0.000     5.9806     70.116     31.340  30.274156     1.2218      7.310   300.2408 6.2852e+02     1.1002      0.604      0.874    23.3099 0.0000e+00
      0.613      0.001     5.9731     70.026     31.305  30.238685     1.2270      7.309   300.3570 7.4489e+02     1.0924      0.601      0.871    23.2976 0.0000e+00
      0.612      0.002     5.9630     69.892     31.338  30.263879     1.2387      7.308   300.6460 9.3109e+02     1.0915      0.600      0.870    23.2861 0.0000e+00
      0.614      0.003     5.9500     69.727     31.408  30.324743     1.2619      7.307   300.8096 8.7405e+02     1.1197      0.603      0.873    23.2868 0.0000e+00
      0.618      0.004     5.9338     69.538     31.423  30.339524     1.2785      7.306   300.8726 6.9719e+02     1.1592      0.607      0.879    23.2961 0.0000e+00
      0.620      0.004     5.9165     69.340     31.397  30.315589     1.2921      7.305   300.8049 5.9585e+02     1.1727      0.609      0.883    23.2961 0.0000e+00
      0.620      0.003     5.9030     69.169     31.376  30.289366     1.2976      7.305   300.6794 5.3078e+02     1.1603      0.608      0.882    23.2796 0.0000e+00
      0.620      0.002     5.8914     69.007     31.375  30.276480     1.2904      7.304   300.7327 5.4916e+02     1.1309      0.607      0.881    23.2643 0.0000e+00
      0.621      0.001     5.8776     68.823     31.397  30.286770     1.2874      7.303   300.7599 5.9199e+02     1.0929      0.609      0.883    23.2685 0.0000e+00
      0.621      0.000     5.8612     68.620     31.402  30.286766     1.2886      7.303   300.7503 6.4955e+02     1.0661      0.610      0.884    23.2797 0.0000e+00
      0.621     -0.001     5.8422     68.396     31.392  30.276416     1.2780      7.303   300.8752 7.2528e+02     1.0511      0.609      0.883    23.2677 0.0000e+00
      0.620     -0.002     5.8227     68.165     31.406  30.288640     1.2418      7.302   300.9788 6.7992e+02     1.0644      0.609      0.883    23.2414 0.0000e+00
      0.619     -0.002     5.8028     67.925     31.429  30.307554     1.1906      7.301   300.8849 6.4029e+02     1.0744      0.608      0.881    23.2231 0.0000e+00
      0.619     -0.002     5.7810     67.667     31.438  30.314588     1.1648      7.300   300.6000 9.6042e+02     1.0502      0.607      0.880    23.2146 0.0000e+00
      0.618     -0.002     5.7586     67.412     31.430  30.310178     1.1688      7.299   300.4599 1.4372e+03     1.0463      0.606      0.878    23.2181 0.0000e+00
      0.618     -0.001     5.7385     67.192     31.430  30.317748     1.1748      7.296   300.4815 1.3718e+03     1.0579      0.605      0.877    23.2179 0.0000e+00
