Data/DataNotYetUploadedToEDI/Raw_CTD/RawDownloads/060418_fcr10.cnv
* Sea-Bird SBE19plus  Data File:
* FileName = C:\DATA\060418_fcr50_0003.hex
* Software version 2.6.3.104 SB_Terminal.dll
* Temperature SN = 7809
* Conductivity SN = 7809
* System UpLoad Time = Jun 04 2018 16:28:04
* <ApplicationData>
* <Seaterm232>
# nquan = 15
# nvalues = 511                         
# units = specified
# name 0 = depFM: Depth [fresh water, m]
# name 1 = dz/dtM: Descent Rate [m/s]
# name 2 = sbeox0Mg/L: Oxygen, SBE 43 [mg/l]
# name 3 = sbeox0PS: Oxygen, SBE 43 [% saturation]
# name 4 = specc: Specific Conductance [uS/cm]
# name 5 = c0uS/cm: Conductivity [uS/cm]
# name 6 = flECO-AFL: Fluorescence, WET Labs ECO-AFL/FL [mg/m^3]
# name 7 = ph: pH
# name 8 = orp: Oxidation Reduction Potential [mV]
# name 9 = par/sat/log: PAR/Logarithmic, Satlantic
# name 10 = turbWETntu0: Turbidity, WET Labs ECO [NTU]
# name 11 = prdM: Pressure, Strain Gauge [db]
# name 12 = prdE: Pressure, Strain Gauge [psi]
# name 13 = tv290C: Temperature [ITS-90, deg C]
# name 14 = flag:  0.000e+00
# span 0 =     -0.613,      2.759       
# span 1 =     -0.145,      0.178       
# span 2 =    -1.3479,    12.1908       
# span 3 =    -13.715,    128.628       
# span 4 =      0.634,    182.405       
# span 5 =   0.637825, 149.637330       
# span 6 =    -0.2399,     5.8648       
# span 7 =      4.099,     10.509       
# span 8 = -1236.7935,   415.9239       
# span 9 = 4.4093e+00, 1.8283e+03       
# span 10 =    -0.6196,    34.0473      
# span 11 =     -0.602,      2.707      
# span 12 =     -0.872,      3.926      
# span 13 =    15.9303,    25.3104      
# span 14 = 0.0000e+00, 0.0000e+00      
# interval = seconds: 0.25
# start_time = Jun 04 2018 14:22:00 [Instrument's time stamp, header]
# bad_flag = -9.990e-29
*END*
[from data line 386]
      0.279      0.107     8.0989     94.084     30.730  29.385628     1.5363      7.036   294.2445 8.0804e+01     1.6503      0.271      0.395    22.9879 0.0000e+00
      0.311      0.104     8.0962     93.966     30.578  29.211081     1.5082      7.037   294.6668 7.8066e+01     1.6699      0.307      0.446    22.9723 0.0000e+00
      0.339      0.099     8.0928     93.859     30.408  29.026374     1.4971      7.038   294.9837 7.5873e+01     1.6668      0.335      0.486    22.9291 0.0000e+00
      0.361      0.094     8.0861     93.717     30.264  28.866861     1.5038      7.040   295.2373 7.3865e+01     1.6440      0.355      0.515    22.8661 0.0000e+00
      0.380      0.090     8.0749     93.520     30.158  28.742921     1.5061      7.042   295.4961 7.1722e+01     1.5765      0.373      0.540    22.8035 0.0000e+00
      0.400      0.087     8.0589     93.269     30.105  28.670808     1.4976      7.044   295.6183 6.9859e+01     1.5221      0.392      0.567    22.7560 0.0000e+00
      0.423      0.087     8.0385     92.979     30.081  28.629914     1.4930      7.047   295.6816 6.7710e+01     1.5045      0.415      0.602    22.7224 0.0000e+00
      0.447      0.090     8.0187     92.708     30.029  28.565954     1.4965      7.052   295.8307 6.5442e+01     1.5171      0.439      0.637    22.6882 0.0000e+00
      0.471      0.096     8.0032     92.489     30.008  28.532448     1.5029      7.059   295.9584 6.3675e+01     1.5221      0.463      0.670    22.6479 0.0000e+00
      0.492      0.101     7.9896     92.288     30.302  28.796277     1.5062      7.064   296.1079 6.2482e+01     1.5026      0.481      0.698    22.6104 0.0000e+00
      0.516      0.106     7.9766     92.079     30.965  29.406321     1.5087      7.066   296.1752 6.1504e+01     1.4963      0.500      0.727    22.5799 0.0000e+00
      0.546      0.107     7.9637     91.849     31.490  29.875728     1.5062      7.067   295.9979 6.0656e+01     1.5681      0.536      0.777    22.5565 0.0000e+00
      0.579      0.107     7.9498     91.601     31.817  30.153635     1.5022      7.070   295.8572 5.9870e+01     1.6986      0.569      0.825    22.5362 0.0000e+00
      0.610      0.106     7.9413     91.429     32.391  30.670763     1.5064      7.072   295.9363 5.9000e+01     1.7614      0.600      0.869    22.5125 0.0000e+00
      0.637      0.105     7.9468     91.438     33.214  31.428778     1.5026      7.074   296.0940 5.8336e+01     1.7478      0.628      0.912    22.4838 0.0000e+00
      0.658      0.106     7.9710     91.672     34.054  32.205823     1.4930      7.073   296.3007 5.7783e+01     1.7182      0.645      0.936    22.4341 0.0000e+00
      0.679      0.111     8.0144     92.131     34.658  32.762263     1.4819      7.067   296.6292 5.7123e+01     1.7081      0.664      0.962    22.3750 0.0000e+00
      0.704      0.116     8.0784     92.826     34.872  32.948649     1.4606      7.058   296.9685 5.6174e+01     1.7179      0.688      0.998    22.3357 0.0000e+00
      0.736      0.120     8.1720     93.855     34.877  32.935077     1.4464      7.049   297.3918 5.4922e+01     1.7140      0.720      1.044    22.3071 0.0000e+00
      0.776      0.123     8.3036     95.324     34.941  32.979218     1.4389      7.042   298.2202 5.3785e+01     1.6913      0.761      1.104    22.2801 0.0000e+00
      0.815      0.124     8.4650     97.125     35.091  33.101245     1.4341      7.034   299.0686 5.2984e+01     1.6878      0.803      1.165    22.2602 0.0000e+00
      0.846      0.123     8.6342     98.966     35.171  33.140193     1.4437      7.025   299.5622 5.2568e+01     1.7328      0.835      1.210    22.2393 0.0000e+00
      0.870      0.122     8.7885    100.592     35.150  33.068994     1.4456      7.015   300.0586 5.2438e+01     1.7468      0.852      1.237    22.2083 0.0000e+00
      0.896      0.121     8.9149    101.882     35.140  33.002481     1.4377      7.003   300.5962 5.2267e+01     1.7359      0.875      1.269    22.1857 0.0000e+00
      0.927      0.123     9.0071    102.762     35.172  32.971049     1.4952      6.993   300.9860 5.2027e+01     1.8448      0.909      1.318    22.1725 0.0000e+00
      0.961      0.127     9.0591    103.180     35.208  32.942926     1.6174      6.986   301.3298 5.1942e+01     2.0263      0.942      1.366    22.1174 0.0000e+00
      0.996      0.127     9.0719    103.184     35.233  32.916409     1.6931      6.980   301.5691 5.1931e+01     2.0984      0.975      1.415    22.0322 0.0000e+00
      1.034      0.124     9.0419    102.731     35.263  32.904422     1.7126      6.975   301.6429 5.1793e+01     2.1065      1.016      1.473    21.9580 0.0000e+00
      1.068      0.118     8.9610    101.692     35.332  32.924963     1.8062      6.971   301.7923 5.1559e+01     2.3072      1.051      1.524    21.8688 0.0000e+00
      1.096      0.113     8.8392    100.162     35.374  32.910656     1.9799      6.967   302.0849 5.1570e+01     2.6632      1.076      1.560    21.7689 0.0000e+00
      1.118      0.110     8.6893     98.305     35.313  32.794875     2.0757      6.962   302.4277 5.2078e+01     2.8708      1.097      1.590    21.7007 0.0000e+00
      1.141      0.112     8.5275     96.321     35.239  32.668229     2.0825      6.954   302.7531 5.2505e+01     2.9255      1.117      1.619    21.6523 0.0000e+00
      1.169      0.117     8.3818     94.512     35.217  32.586054     2.0247      6.946   302.9216 5.2456e+01     2.9585      1.146      1.661    21.5971 0.0000e+00
      1.199      0.123     8.2665     93.023     35.272  32.563377     1.9101      6.942   303.0019 5.2499e+01     3.0256      1.174      1.702    21.5164 0.0000e+00
      1.234      0.125     8.1784     91.828     35.452  32.647995     1.8463      6.940   303.1228 5.2822e+01     3.0961      1.206      1.748    21.4261 0.0000e+00
      1.274      0.122     8.1215     90.994     35.613  32.719876     1.8416      6.937   303.2652 5.2769e+01     3.1082      1.251      1.815    21.3514 0.0000e+00
      1.311      0.117     8.1179     90.757     35.644  32.670218     1.8347      6.934   303.3466 5.2046e+01     3.1112      1.290      1.871    21.2651 0.0000e+00
      1.337      0.111     8.1838     91.262     35.619  32.555587     1.7804      6.931   303.3331 5.1237e+01     3.1324      1.312      1.903    21.1620 0.0000e+00
      1.357      0.103     8.3007     92.331     35.634  32.476990     1.6901      6.927   303.3595 5.0827e+01     3.1506      1.330      1.929    21.0370 0.0000e+00
      1.378      0.097     8.4252     93.552     35.709  32.481938     1.6443      6.923   303.4926 5.0634e+01     3.1476      1.351      1.959    20.9307 0.0000e+00
      1.403      0.093     8.5179     94.507     35.747  32.488300     1.6404      6.920   303.7384 5.0275e+01     3.1278      1.375      1.995    20.8364 0.0000e+00
      1.429      0.093     8.5630     94.975     35.693  32.426848     1.6517      6.917   304.0944 4.9800e+01     3.0942      1.402      2.035    20.6972 0.0000e+00
      1.454      0.095     8.5707     94.996     35.732  32.437550     1.6796      6.913   304.4421 4.9523e+01     3.0769      1.426      2.069    20.5489 0.0000e+00
      1.476      0.096     8.5557     94.687     35.922  32.554153     1.6927      6.910   304.7588 4.9432e+01     3.1024      1.448      2.100    20.4549 0.0000e+00
      1.499      0.096     8.5214     94.087     35.959  32.502839     1.6912      6.908   305.0840 4.9386e+01     3.1271      1.470      2.132    20.4294 0.0000e+00
      1.524      0.096     8.4705     93.281     35.725  32.198075     1.6613      6.905   305.2767 4.9360e+01     3.1621      1.494      2.167    20.4254 0.0000e+00
      1.550      0.097     8.4095     92.414     35.144  31.600176     1.5972      6.901   305.3679 4.9257e+01     3.2202      1.520      2.204    20.4016 0.0000e+00
      1.576      0.099     8.3407     91.535     34.021  30.544940     1.5596      6.898   305.6704 4.9124e+01     3.2494      1.546      2.242    20.3244 0.0000e+00
      1.601      0.102     8.2724     90.658     32.595  29.219418     1.5562      6.898   306.1817 4.8874e+01     3.2715      1.571      2.278    20.1972 0.0000e+00
      1.625      0.107     8.2277     89.916     31.569  28.210739     1.5657      6.904   306.4728 4.8245e+01     3.3042      1.591      2.309    20.0458 0.0000e+00
      1.651      0.110     8.2436     89.704     31.272  27.810751     1.5734      6.914   306.4369 4.7264e+01     3.3097      1.618      2.347    19.9333 0.0000e+00
      1.680      0.111     8.3700     90.703     31.203  27.621516     1.5664      6.926   306.3506 4.6104e+01     3.3073      1.647      2.389    19.8814 0.0000e+00
      1.713      0.111     8.6499     93.423     31.049  27.382982     1.5638      6.939   306.2901 4.5024e+01     3.3362      1.679      2.435    19.8433 0.0000e+00
      1.745      0.108     9.0874     97.824     30.969  27.212427     1.5503      6.952   306.0496 4.4121e+01     3.4152      1.715      2.487    19.7144 0.0000e+00
      1.772      0.103     9.6413    103.445     30.937  27.083144     1.5144      6.963   305.6790 4.3445e+01     3.4990      1.740      2.524    19.4488 0.0000e+00
      1.796      0.099    10.2570    109.728     30.902  26.962630     1.4976      6.972   305.5947 4.3038e+01     3.5256      1.760      2.553    19.2320 0.0000e+00
      1.818      0.098    10.8742    116.017     30.923  26.898114     1.5027      6.980   305.8050 4.2637e+01     3.5227      1.785      2.588    19.0999 0.0000e+00
      1.839      0.102    11.4172    121.479     30.992  26.874443     1.5029      6.985   305.9845 4.2152e+01     3.5257      1.803      2.615    18.9314 0.0000e+00
      1.861      0.109    11.8297    125.507     31.084  26.866793     1.5272      6.992   306.1302 4.1788e+01     3.5918      1.823      2.643    18.7576 0.0000e+00
      1.889      0.115    12.0894    127.896     31.189  26.869008     1.5855      6.999   306.1903 4.1338e+01     3.7120      1.849      2.682    18.6177 0.0000e+00
      1.926      0.118    12.1908    128.628     31.321  26.901114     1.6285      7.005   306.1083 4.0550e+01     3.7584      1.888      2.737    18.4890 0.0000e+00
      1.965      0.118    12.1454    127.848     31.522  27.000898     1.6435      7.011   306.1715 3.9780e+01     3.7550      1.932      2.801    18.3574 0.0000e+00
      1.997      0.115    11.9780    125.814     31.743  27.122954     1.6557      7.016   306.3521 3.9327e+01     3.6410      1.962      2.845    18.2128 0.0000e+00
      2.022      0.110    11.7129    122.775     31.873  27.170379     1.6748      7.017   306.5719 3.8996e+01     3.3565      1.984      2.877    18.0652 0.0000e+00
      2.044      0.106    11.3713    118.958     32.047  27.256740     1.6813      7.014   306.9362 3.8519e+01     3.1536      2.004      2.906    17.9349 0.0000e+00
      2.068      0.105    10.9712    114.552     32.442  27.532087     1.6798      7.008   307.3149 3.7919e+01     3.1108      2.027      2.940    17.8221 0.0000e+00
      2.094      0.107    10.5247    109.692     32.788  27.769110     1.7033      6.999   307.5369 3.7316e+01     3.0825      2.053      2.978    17.7187 0.0000e+00
      2.123      0.109    10.0463    104.550     32.848  27.773069     1.7353      6.989   307.5551 3.6768e+01     2.9951      2.081      3.016    17.6167 0.0000e+00
      2.156      0.109     9.5557     99.322     32.891  27.770401     1.7451      6.978   307.5354 3.6261e+01     2.9079      2.115      3.067    17.5216 0.0000e+00
      2.188      0.109     9.0502     93.951     33.351  28.117801     1.7568      6.963   307.7290 3.5789e+01     2.8831      2.148      3.116    17.4293 0.0000e+00
      2.213      0.109     8.5228     88.356     34.893  29.369903     1.8495      6.945   308.1755 3.5562e+01     2.9092      2.171      3.150    17.3353 0.0000e+00
      2.236      0.111     7.9940     82.754     40.721  34.209585     2.0023      6.920   308.6310 3.5499e+01     2.9483      2.191      3.177    17.2650 0.0000e+00
      2.261      0.116     7.4782     77.289     58.949  49.411518     2.0784      6.885   308.9353 3.5176e+01     2.9289      2.216      3.214    17.2137 0.0000e+00
      2.289      0.125     6.9593     71.792     87.737  73.385221     2.0807      6.838   309.1004 3.4669e+01     2.8878      2.243      3.254    17.1536 0.0000e+00
      2.321      0.132     6.3974     65.861    109.880  91.714235     2.1037      6.786   308.9932 3.4248e+01     3.0009      2.273      3.297    17.0872 0.0000e+00
      2.359      0.135     5.7369     58.955    119.670  99.688365     2.1635      6.735   308.5856 3.3855e+01     3.2590      2.311      3.352    17.0177 0.0000e+00
      2.403      0.132     4.9018     50.307    127.940 106.418094     2.2061      6.680   307.6139 3.3607e+01     3.3841      2.358      3.420    16.9399 0.0000e+00
      2.443      0.127     3.8847     39.833    140.338 116.604093     2.2060      6.620   304.2129 3.3661e+01     3.4142      2.400      3.482    16.8443 0.0000e+00
      2.472      0.119     2.7718     28.400    152.403 126.496736     2.1159      6.564   289.2328 3.3878e+01     4.0203      2.427      3.519    16.7349 0.0000e+00
      2.495      0.112     1.6581     16.976    161.223 133.664714     1.9436      6.520   261.7442 3.4195e+01     5.0963      2.447      3.548    16.6389 0.0000e+00
      2.516      0.106     0.6383      6.533    167.035 138.304896     1.8411      6.492   238.5730 3.4521e+01     5.6517      2.466      3.577    16.5809 0.0000e+00
      2.541      0.101    -0.2086     -2.121    169.290 139.958323     1.8233      6.482   225.3742 3.4611e+01     5.6998      2.491      3.612    16.5452 0.0000e+00
      2.571      0.096    -0.8317     -8.473    169.525 139.929879     1.8111      6.484   215.8157 3.4430e+01     5.7994      2.521      3.656    16.5006 0.0000e+00
      2.603      0.088    -1.2073    -12.291    170.606 140.642452     1.7301      6.492   207.8376 3.4255e+01     7.1312      2.554      3.705    16.4520 0.0000e+00
      2.629      0.078    -1.3479    -13.715    173.013 142.507378     1.5890      6.501   200.7542 3.4133e+01     9.5954      2.582      3.745    16.4018 0.0000e+00
      2.645      0.065    -1.3139    -13.360    177.409 146.003592     1.5108      6.510   193.5818 3.3979e+01    10.9655      2.596      3.766    16.3356 0.0000e+00
      2.655      0.051    -1.1814    -11.998    182.106 149.637330     1.5003      6.521   186.4206 3.3764e+01    11.0623      2.604      3.776    16.2608 0.0000e+00
      2.664      0.039    -1.0073    -10.213    182.405 149.586174     1.5454      6.536   180.4191 3.3279e+01     9.9419      2.612      3.788    16.2072 0.0000e+00
      2.671      0.031    -0.8191     -8.295    180.631 147.942716     1.6332      6.554   176.2558 3.2375e+01     7.7948      2.620      3.800    16.1782 0.0000e+00
      2.678      0.026    -0.6334     -6.412    178.686 146.312116     1.6890      6.574   173.4226 3.1028e+01     6.6474      2.626      3.809    16.1601 0.0000e+00
      2.683      0.024    -0.4679     -4.737    175.730 143.921515     1.7421      6.596   170.9430 2.9335e+01     6.6897      2.630      3.817    16.0960 0.0000e+00
      2.689      0.024    -0.3286     -3.328    173.564 142.222100     2.1473      6.620   168.0432 2.7400e+01     8.0929      2.637      3.824    15.9803 0.0000e+00
      2.694      0.024    -0.2173     -2.203    171.661 140.773066     2.8757      6.642   165.8942 2.5304e+01    10.6732      2.642      3.832    15.9303 0.0000e+00
      2.700      0.023    -0.1286     -1.304    169.798 139.364142     3.2697      6.662   166.0383 2.3038e+01    12.1011      2.647      3.839    15.9353 0.0000e+00
      2.707      0.022    -0.0581     -0.589    168.428 138.340874     3.2905      6.681   166.4298 2.0841e+01    12.1424      2.655      3.850    15.9398 0.0000e+00
