Data/DataNotYetUploadedToEDI/Raw_CTD/RawDownloads/060418_fcr30.cnv
* Sea-Bird SBE19plus  Data File:
* FileName = C:\DATA\060418_fcr50_0005.hex
* Software version 2.6.3.104 SB_Terminal.dll
* Temperature SN = 7809
* Conductivity SN = 7809
* System UpLoad Time = Jun 04 2018 16:28:41
* <ApplicationData>
* <Seaterm232>
# nquan = 15
# nvalues = 311                         
# units = specified
# name 0 = depFM: Depth [fresh water, m]
# name 1 = dz/dtM: Descent Rate [m/s]
# name 2 = sbeox0Mg/L: Oxygen, SBE 43 [mg/l]
# name 3 = sbeox0PS: Oxygen, SBE 43 [% saturation]
# name 4 = specc: Specific Conductance [uS/cm]
# name 5 = c0uS/cm: Conductivity [uS/cm]
# name 6 = flECO-AFL: Fluorescence, WET Labs ECO-AFL/FL [mg/m^3]
# name 7 = ph: pH
# name 8 = orp: Oxidation Reduction Potential [mV]
# name 9 = par/sat/log: PAR/Logarithmic, Satlantic
# name 10 = turbWETntu0: Turbidity, WET Labs ECO [NTU]
# name 11 = prdM: Pressure, Strain Gauge [db]
# name 12 = prdE: Pressure, Strain Gauge [psi]
# name 13 = tv290C: Temperature [ITS-90, deg C]
# name 14 = flag:  0.000e+00
# span 0 =     -0.625,      5.437       
# span 1 =     -0.046,      0.198       
# span 2 =     0.6204,    10.3721       
# span 3 =      5.639,    112.086       
# span 4 =      0.474,     44.926       
# span 5 =   0.426164,  33.093318       
# span 6 =    -0.4478,     2.5909       
# span 7 =      5.820,      7.493       
# span 8 = -1240.7455,   509.0908       
# span 9 = 3.0550e+00, 2.0944e+03       
# span 10 =    -0.6745,     5.2936      
# span 11 =     -0.613,      5.333      
# span 12 =     -0.889,      7.734      
# span 13 =    10.0800,    23.4358      
# span 14 = 0.0000e+00, 0.0000e+00      
# interval = seconds: 0.25
# start_time = Jun 04 2018 14:58:54 [Instrument's time stamp, header]
# bad_flag = -9.990e-29
*END*
[from data line 290]
      4.919      0.142     7.8907     70.130     41.041  28.838843     1.2264      6.417   313.5180 4.4427e+00     2.1665      4.826      6.999    10.1445 0.0000e+00
      4.958      0.145     7.8226     69.518     41.044  28.837490     1.2215      6.414   313.9362 4.2904e+00     2.1660      4.864      7.056    10.1407 0.0000e+00
      4.993      0.149     7.7641     68.991     41.063  28.847895     1.1640      6.410   314.3358 4.1463e+00     2.0753      4.895      7.100    10.1377 0.0000e+00
      5.027      0.152     7.7151     68.551     41.052  28.837635     1.0732      6.406   314.3909 4.0006e+00     1.8634      4.929      7.148    10.1356 0.0000e+00
      5.064      0.153     7.6820     68.254     41.059  28.840435     1.0340      6.404   314.1731 3.8552e+00     1.7400      4.964      7.199    10.1325 0.0000e+00
      5.104      0.152     7.6627     68.080     41.119  28.881747     1.0301      6.404   314.1120 3.7142e+00     1.7438      5.003      7.256    10.1278 0.0000e+00
      5.150      0.150     7.6500     67.965     41.226  28.956112     1.0256      6.403   314.2536 3.5766e+00     1.7258      5.050      7.325    10.1228 0.0000e+00
      5.194      0.149     7.6428     67.896     41.350  29.041040     0.9895      6.401   314.2501 3.4671e+00     1.7056      5.097      7.393    10.1206 0.0000e+00
      5.228      0.145     7.6348     67.818     41.416  29.083043     0.9241      6.397   314.0697 3.4085e+00     1.7129      5.130      7.441    10.1194 0.0000e+00
      5.257      0.136     7.6209     67.683     41.424  29.082939     0.8969      6.395   313.7936 3.3508e+00     1.7217      5.153      7.473    10.1176 0.0000e+00
      5.290      0.125     7.6014     67.502     41.459  29.103286     0.9089      6.396   313.4933 3.2719e+00     1.7212      5.184      7.518    10.1167 0.0000e+00
      5.329      0.113     7.5718     67.236     41.512  29.138539     0.9024      6.398   313.1915 3.2061e+00     1.6456      5.230      7.586    10.1148 0.0000e+00
      5.361      0.101     7.5256     66.826     41.497  29.128150     0.8648      6.401   312.8979 3.1638e+00     1.5094      5.263      7.634    10.1094 0.0000e+00
      5.382      0.087     7.4645     66.281     41.466  29.104686     0.8398      6.404   312.6972 3.1328e+00     1.4473      5.278      7.653    10.1011 0.0000e+00
      5.400      0.069     7.3925     65.635     41.476  29.108851     0.8398      6.405   312.4855 3.1083e+00     1.4745      5.297      7.682    10.0950 0.0000e+00
      5.416      0.052     7.3151     64.940     41.491  29.114998     0.8278      6.406   312.2305 3.0881e+00     1.4416      5.314      7.708    10.0931 0.0000e+00
      5.427      0.044     7.2761     64.590     41.494  29.115507     0.8139      6.407   312.1098 3.0768e+00     1.3859      5.323      7.720    10.0946 0.0000e+00
      5.433 -9.990e-29 -9.990e-29 -9.990e-29 -9.990e-29 -9.990e-29 -9.990e-29 -9.990e-29 -9.990e-29 3.0727e+00 -9.990e-29      5.329      7.729    10.0945 0.0000e+00
      5.436 -9.990e-29 -9.990e-29 -9.990e-29 -9.990e-29 -9.990e-29 -9.990e-29 -9.990e-29 -9.990e-29 3.0625e+00 -9.990e-29      5.331      7.732    10.0888 0.0000e+00
      5.437 -9.990e-29 -9.990e-29 -9.990e-29 -9.990e-29 -9.990e-29 -9.990e-29 -9.990e-29 -9.990e-29 3.0551e+00 -9.990e-29      5.332      7.734    10.0824 0.0000e+00
      5.437 -9.990e-29 -9.990e-29 -9.990e-29 -9.990e-29 -9.990e-29 -9.990e-29 -9.990e-29 -9.990e-29 3.0550e+00 -9.990e-29      5.333      7.734    10.0800 0.0000e+00
