Data/DataNotYetUploadedToEDI/Raw_CTD/RawDownloads/060418_fcr45.cnv
* Sea-Bird SBE19plus  Data File:
* FileName = C:\DATA\060418_fcr50_0006.hex
* Software version 2.6.3.104 SB_Terminal.dll
* Temperature SN = 7809
* Conductivity SN = 7809
* System UpLoad Time = Jun 04 2018 16:29:33
* <ApplicationData>
* <Seaterm232>
# nquan = 15
# nvalues = 524                         
# units = specified
# name 0 = depFM: Depth [fresh water, m]
# name 1 = dz/dtM: Descent Rate [m/s]
# name 2 = sbeox0Mg/L: Oxygen, SBE 43 [mg/l]
# name 3 = sbeox0PS: Oxygen, SBE 43 [% saturation]
# name 4 = specc: Specific Conductance [uS/cm]
# name 5 = c0uS/cm: Conductivity [uS/cm]
# name 6 = flECO-AFL: Fluorescence, WET Labs ECO-AFL/FL [mg/m^3]
# name 7 = ph: pH
# name 8 = orp: Oxidation Reduction Potential [mV]
# name 9 = par/sat/log: PAR/Logarithmic, Satlantic
# name 10 = turbWETntu0: Turbidity, WET Labs ECO [NTU]
# name 11 = prdM: Pressure, Strain Gauge [db]
# name 12 = prdE: Pressure, Strain Gauge [psi]
# name 13 = tv290C: Temperature [ITS-90, deg C]
# name 14 = flag:  0.000e+00
# span 0 =     -0.624,      7.339       
# span 1 =     -0.004,      0.208       
# span 2 =     2.5280,     9.7944       
# span 3 =     22.958,    107.080       
# span 4 =      0.340,     41.943       
# span 5 =   0.302570,  31.754203       
# span 6 =    -0.9608,     2.8507       
# span 7 =      5.841,      7.677       
# span 8 = -1240.7415,  1213.1263       
# span 9 = 2.3517e+00, 2.4399e+03       
# span 10 =    -5.6164,    24.8040      
# span 11 =     -0.613,      7.199      
# span 12 =     -0.889,     10.441      
# span 13 =    10.0429,    23.9091      
# span 14 = 0.0000e+00, 0.0000e+00      
# interval = seconds: 0.25
# start_time = Jun 04 2018 15:14:09 [Instrument's time stamp, header]
# bad_flag = -9.990e-29
*END*
[from data line 290]
      1.574      0.138     9.7912    106.518     32.375  28.782428     1.8129      7.095   298.3156 2.9441e+02     1.5113      1.545      2.241    20.1196 0.0000e+00
      1.613      0.132     9.7688    106.079     32.379  28.726695     1.8117      7.093   298.4496 3.0222e+02     1.5307      1.584      2.298    19.9437 0.0000e+00
      1.643      0.126     9.7316    105.501     32.409  28.699448     1.7658      7.090   298.6235 2.6934e+02     1.5440      1.613      2.340    19.7305 0.0000e+00
      1.668      0.121     9.6821    104.793     32.404  28.643418     1.6712      7.086   298.7833 2.4635e+02     1.6110      1.636      2.372    19.5474 0.0000e+00
      1.693      0.118     9.6240    103.993     32.367  28.557187     1.6147      7.082   298.9189 2.3542e+02     1.6689      1.657      2.405    19.4372 0.0000e+00
      1.723      0.117     9.5640    103.171     32.343  28.482276     1.6071      7.080   299.0590 2.4699e+02     1.6649      1.688      2.449    19.3537 0.0000e+00
      1.756      0.118     9.5050    102.346     32.285  28.372603     1.6154      7.075   299.2724 2.6025e+02     1.6843      1.722      2.498    19.2726 0.0000e+00
      1.790      0.119     9.4445    101.484     32.217  28.247064     1.6510      7.067   299.6064 2.3759e+02     1.7204      1.756      2.546    19.1938 0.0000e+00
      1.820      0.122     9.3788    100.556     32.284  28.234314     1.7070      7.062   300.0008 2.1563e+02     1.7356      1.787      2.592    19.1082 0.0000e+00
      1.848      0.125     9.3115     99.605     32.494  28.345339     1.7403      7.058   300.3411 2.1154e+02     1.7452      1.811      2.628    19.0308 0.0000e+00
      1.876      0.130     9.2540     98.750     32.699  28.446364     1.7411      7.054   300.6240 2.0752e+02     1.7453      1.838      2.665    18.9412 0.0000e+00
      1.908      0.135     9.2191     98.121     32.789  28.439699     1.7541      7.051   300.8398 2.0985e+02     1.7372      1.870      2.712    18.8355 0.0000e+00
      1.946      0.138     9.2023     97.673     32.836  28.391655     1.7864      7.049   300.8849 2.1227e+02     1.7075      1.907      2.766    18.7255 0.0000e+00
      1.987      0.138     9.1750     97.116     32.916  28.373359     1.8005      7.047   300.9109 2.0760e+02     1.6913      1.947      2.825    18.6130 0.0000e+00
      2.027      0.134     9.1116     96.196     32.981  28.345362     1.7962      7.044   300.9825 2.0543e+02     1.7243      1.989      2.885    18.4961 0.0000e+00
      2.062      0.128     9.0080     94.876     33.026  28.307038     1.7803      7.040   300.9766 2.0245e+02     1.7404      2.025      2.937    18.3657 0.0000e+00
      2.091      0.120     8.8655     93.164     33.092  28.290893     1.7557      7.035   301.0974 1.9905e+02     1.7036      2.053      2.977    18.2296 0.0000e+00
      2.116      0.115     8.6921     91.144     33.157  28.277057     1.7468      7.029   301.4966 1.9053e+02     1.6757      2.074      3.009    18.0917 0.0000e+00
      2.141      0.114     8.5049     89.018     33.214  28.266664     1.7471      7.023   301.9313 1.7988e+02     1.7079      2.099      3.044    17.9639 0.0000e+00
      2.169      0.116     8.3182     86.923     33.305  28.292163     1.7404      7.017   302.2235 1.7662e+02     1.7888      2.127      3.085    17.8497 0.0000e+00
      2.198      0.119     8.1497     85.001     33.423  28.331302     1.7393      7.012   302.4495 1.7521e+02     1.8602      2.154      3.123    17.7435 0.0000e+00
      2.232      0.120     8.0146     83.431     33.529  28.358803     1.7430      7.007   302.6846 1.6731e+02     1.8686      2.186      3.171    17.6294 0.0000e+00
      2.269      0.118     7.9109     82.216     33.605  28.370596     1.7485      7.001   302.9149 1.5947e+02     1.8597      2.228      3.230    17.5394 0.0000e+00
      2.300      0.115     7.8291     81.216     33.647  28.346829     1.8140      6.994   303.2543 1.5557e+02     1.9058      2.259      3.275    17.4822 0.0000e+00
      2.326      0.114     7.7609     80.325     33.710  28.325359     1.9387      6.985   303.7770 1.5131e+02     1.9678      2.280      3.307    17.3800 0.0000e+00
      2.351      0.115     7.6921     79.428     33.847  28.364913     2.0065      6.976   304.1589 1.5339e+02     1.9686      2.306      3.345    17.2752 0.0000e+00
      2.376      0.115     7.6119     78.418     34.032  28.443974     1.9988      6.968   304.3434 1.5571e+02     1.9465      2.329      3.379    17.2130 0.0000e+00
      2.404      0.115     7.5200     77.279     34.219  28.519180     1.9843      6.963   304.5455 1.4809e+02     1.9443      2.352      3.412    17.1312 0.0000e+00
      2.440      0.114     7.4181     76.050     34.381  28.575610     1.9863      6.959   304.7105 1.3672e+02     1.9419      2.391      3.468    17.0067 0.0000e+00
      2.478      0.110     7.3095     74.787     34.511  28.618156     1.9962      6.955   304.8757 1.3103e+02     1.9482      2.435      3.532    16.8941 0.0000e+00
      2.507      0.104     7.2007     73.555     34.616  28.652518     2.0028      6.951   304.9934 1.2999e+02     1.9291      2.461      3.569    16.7944 0.0000e+00
      2.527      0.096     7.1014     72.421     34.706  28.673504     2.0015      6.947   305.0154 1.2878e+02     1.8934      2.478      3.595    16.6647 0.0000e+00
      2.546      0.088     7.0121     71.361     34.800  28.681329     1.9995      6.943   305.1416 1.2631e+02     1.9129      2.497      3.622    16.5470 0.0000e+00
      2.565      0.082     6.9224     70.303     34.885  28.683545     1.9971      6.940   305.3148 1.2473e+02     1.9519      2.514      3.646    16.4514 0.0000e+00
      2.586      0.082     6.8284     69.263     34.954  28.700208     1.9897      6.935   305.4752 1.2245e+02     1.9682      2.534      3.676    16.3823 0.0000e+00
      2.609      0.087     6.7325     68.252     35.044  28.755742     1.9930      6.926   305.7896 1.1839e+02     1.9571      2.560      3.712    16.3181 0.0000e+00
      2.630      0.095     6.6376     67.215     35.200  28.846972     2.0742      6.915   306.0194 1.1775e+02     1.9702      2.580      3.742    16.2068 0.0000e+00
      2.650      0.101     6.5497     66.173     35.376  28.914195     2.2272      6.904   305.9300 1.1799e+02     2.0659      2.596      3.766    16.0884 0.0000e+00
      2.675      0.103     6.4696     65.184     35.511  28.933406     2.3163      6.897   305.8280 1.1434e+02     2.1379      2.620      3.799    16.0344 0.0000e+00
      2.710      0.101     6.3936     64.283     35.621  28.952134     2.3247      6.891   306.0763 1.1004e+02     2.1385      2.657      3.854    16.0366 0.0000e+00
      2.745      0.099     6.3284     63.557     35.741  29.013541     2.3659      6.885   306.6092 1.0774e+02     2.1038      2.697      3.912    15.9996 0.0000e+00
      2.770      0.097     6.2794     63.026     35.880  29.104305     2.4554      6.880   307.1082 1.0650e+02     2.0242      2.719      3.944    15.8705 0.0000e+00
      2.785      0.094     6.2404     62.566     35.994  29.160490     2.5064      6.874   307.5498 1.0531e+02     1.9697      2.730      3.961    15.7211 0.0000e+00
      2.802      0.094     6.2053     62.105     36.097  29.184802     2.5146      6.865   307.8187 1.0325e+02     1.9636      2.745      3.981    15.6158 0.0000e+00
      2.825      0.098     6.1706     61.620     36.219  29.207684     2.5357      6.856   307.9503 1.0107e+02     1.9506      2.769      4.015    15.5742 0.0000e+00
      2.853      0.106     6.1240     60.996     36.376  29.246554     2.5695      6.847   308.2809 9.8621e+01     1.9343      2.797      4.057    15.5682 0.0000e+00
      2.883      0.115     6.0544     60.144     36.601  29.337141     2.5832      6.840   308.6325 9.6256e+01     1.9183      2.825      4.098    15.5144 0.0000e+00
      2.915      0.120     5.9590     59.044     36.806  29.413802     2.5818      6.833   308.8453 9.4460e+01     1.9101      2.857      4.146    15.4291 0.0000e+00
      2.947      0.122     5.8383     57.699     36.914  29.411308     2.5886      6.826   308.9617 9.1641e+01     1.8951      2.890      4.193    15.3262 0.0000e+00
      2.980      0.120     5.6957     56.149     36.970  29.370383     2.6556      6.818   308.9217 8.9548e+01     1.8300      2.922      4.238    15.1951 0.0000e+00
      3.012      0.115     5.5353     54.444     37.059  29.363410     2.7775      6.812   309.0494 8.8208e+01     1.7632      2.956      4.287    15.0729 0.0000e+00
      3.041      0.112     5.3627     52.634     37.185  29.390420     2.8397      6.804   309.4734 8.6356e+01     1.7282      2.984      4.327    14.9557 0.0000e+00
      3.067      0.112     5.1855     50.782     37.268  29.379347     2.8377      6.794   309.6602 8.5020e+01     1.7122      3.009      4.364    14.8320 0.0000e+00
      3.091      0.113     5.0132     48.970     37.348  29.356445     2.8269      6.785   309.5879 8.3703e+01     1.6919      3.031      4.396    14.7151 0.0000e+00
      3.116      0.113     4.8546     47.301     37.472  29.367422     2.8099      6.778   309.5451 8.1725e+01     1.6047      3.052      4.425    14.6098 0.0000e+00
      3.149      0.112     4.7107     45.801     37.587  29.384961     2.7893      6.773   309.4868 7.9331e+01     1.5120      3.086      4.476    14.5176 0.0000e+00
      3.185      0.112     4.5801     44.453     37.655  29.377906     2.7790      6.767   309.6576 7.7422e+01     1.4869      3.127      4.536    14.4216 0.0000e+00
      3.215      0.112     4.4666     43.282     37.685  29.345562     2.8048      6.760   310.1472 7.6196e+01     1.4844      3.155      4.576    14.2973 0.0000e+00
      3.238      0.111     4.3697     42.271     37.716  29.311355     2.8442      6.754   310.5882 7.5093e+01     1.4821      3.176      4.606    14.1739 0.0000e+00
      3.262      0.110     4.2835     41.361     37.758  29.281768     2.8507      6.746   310.8606 7.3554e+01     1.4591      3.198      4.638    14.0790 0.0000e+00
      3.290      0.110     4.2057     40.533     37.790  29.241760     2.8289      6.737   311.1178 7.2251e+01     1.4196      3.226      4.679    14.0037 0.0000e+00
      3.320      0.113     4.1340     39.765     37.833  29.208575     2.6903      6.729   311.3740 7.1235e+01     1.4016      3.255      4.722    13.9352 0.0000e+00
      3.350      0.114     4.0682     39.057     37.905  29.197970     2.4524      6.722   311.6350 6.9553e+01     1.4237      3.284      4.763    13.8576 0.0000e+00
      3.382      0.111     4.0137     38.468     37.954  29.176963     2.3333      6.717   311.8649 6.8321e+01     1.4737      3.317      4.810    13.7719 0.0000e+00
      3.413      0.104     3.9707     38.009     37.967  29.145025     2.3253      6.713   311.9174 6.7296e+01     1.4877      3.349      4.855    13.6868 0.0000e+00
      3.440      0.096     3.9372     37.651     37.990  29.129280     2.3098      6.708   311.9250 6.6217e+01     1.4707      3.376      4.896    13.6000 0.0000e+00
      3.461      0.088     3.9165     37.410     38.021  29.113565     2.1921      6.704   312.0435 6.5683e+01     1.4816      3.395      4.924    13.5096 0.0000e+00
      3.480      0.081     3.9057     37.255     38.041  29.081981     1.9860      6.700   312.2311 6.4745e+01     1.4973      3.413      4.950    13.4233 0.0000e+00
      3.497      0.076     3.9010     37.156     38.084  29.064857     1.8770      6.696   312.4726 6.4126e+01     1.4778      3.429      4.974    13.3743 0.0000e+00
      3.515      0.076     3.9055     37.148     38.188  29.096973     1.8667      6.692   312.7252 6.4061e+01     1.4594      3.445      4.997    13.3413 0.0000e+00
      3.534      0.080     3.9193     37.222     38.330  29.152732     1.8335      6.688   312.8777 6.3527e+01     1.5186      3.467      5.028    13.2871 0.0000e+00
      3.554      0.086     3.9378     37.323     38.440  29.167433     1.7795      6.683   313.0262 6.2693e+01     1.6448      3.485      5.054    13.2240 0.0000e+00
      3.576      0.092     3.9570     37.418     38.520  29.147641     1.7558      6.678   313.2295 6.1694e+01     1.7342      3.504      5.082    13.1506 0.0000e+00
      3.601      0.099     3.9755     37.495     38.664  29.167354     1.7484      6.673   313.3566 6.0769e+01     1.7444      3.531      5.121    13.0951 0.0000e+00
      3.627      0.104     3.9905     37.531     38.941  29.278677     1.7368      6.666   313.4449 5.9605e+01     1.7071      3.557      5.159    13.0373 0.0000e+00
      3.655      0.106     3.9946     37.464     39.250  29.413947     1.7344      6.660   313.5228 5.8273e+01     1.6799      3.583      5.198    12.9393 0.0000e+00
      3.685      0.105     3.9809     37.243     39.440  29.469201     1.7465      6.655   313.6098 5.7337e+01     1.6904      3.614      5.242    12.8348 0.0000e+00
      3.714      0.100     3.9526     36.907     39.576  29.502117     1.7644      6.651   313.7225 5.6420e+01     1.7116      3.643      5.285    12.7222 0.0000e+00
      3.741      0.095     3.9155     36.509     39.888  29.684847     1.7663      6.649   313.9384 5.5467e+01     1.6623      3.670      5.324    12.5908 0.0000e+00
      3.764      0.092     3.8689     36.023     40.502  30.090872     1.7508      6.645   314.3278 5.4867e+01     1.5520      3.695      5.359    12.4619 0.0000e+00
      3.782      0.091     3.8086     35.394     41.112  30.473877     1.7339      6.638   314.6446 5.4379e+01     1.5063      3.710      5.380    12.3486 0.0000e+00
      3.800      0.092     3.7340     34.621     41.353  30.568726     1.7269      6.630   314.7577 5.3798e+01     1.5063      3.724      5.400    12.2581 0.0000e+00
      3.822      0.095     3.6504     33.771     41.248  30.411990     1.7226      6.623   314.8347 5.2901e+01     1.5213      3.746      5.432    12.2079 0.0000e+00
      3.851      0.099     3.5528     32.813     40.996  30.166402     1.7098      6.614   315.0597 5.1731e+01     1.5971      3.775      5.476    12.1579 0.0000e+00
      3.882      0.102     3.4258     31.606     40.926  30.076075     1.6998      6.605   315.4134 5.0854e+01     1.6909      3.809      5.525    12.0662 0.0000e+00
      3.910      0.103     3.2651     30.091     41.162  30.208916     1.6939      6.598   315.7554 5.0092e+01     1.7398      3.836      5.563    11.9568 0.0000e+00
      3.934      0.102     3.0801     28.337     41.386  30.311870     1.6837      6.590   316.1834 4.9240e+01     1.7296      3.859      5.596    11.8521 0.0000e+00
      3.958      0.102     2.8881     26.516     41.392  30.241191     1.6870      6.581   316.7173 4.8358e+01     1.6288      3.882      5.629    11.7772 0.0000e+00
      3.982      0.104     2.7164     24.881     41.340  30.116349     1.7160      6.571   317.0484 4.7568e+01     1.4975      3.905      5.663    11.7434 0.0000e+00
      4.008      0.107     2.5940     23.689     41.425  30.072462     1.7405      6.562   317.0894 4.6803e+01     1.4855      3.930      5.701    11.7056 0.0000e+00
      4.035      0.107     2.5309     23.039     41.608  30.091492     1.7431      6.554   317.0407 4.5736e+01     1.5441      3.955      5.737    11.6224 0.0000e+00
      4.066      0.102     2.5280     22.958     41.726  30.092285     1.7294      6.549   316.9761 4.4462e+01     1.6271      3.986      5.780    11.5288 0.0000e+00
      4.101      0.091     2.5953     23.541     41.770  30.081950     1.7036      6.544   316.8245 4.3422e+01     1.7863      4.025      5.838    11.4350 0.0000e+00
      4.129      0.077     2.7393     24.838     41.805  30.093505     1.6791      6.540   316.6703 4.2798e+01     1.8822      4.054      5.881    11.3026 0.0000e+00
      4.144      0.061     2.9544     26.790     41.818  30.104968     1.6727      6.536   316.5735 4.2559e+01     1.8714      4.065      5.896    11.1429 0.0000e+00
