Data/DataNotYetUploadedToEDI/Raw_CTD/RawDownloads/060418_fcr30.cnv
* Sea-Bird SBE19plus  Data File:
* FileName = C:\DATA\060418_fcr50_0005.hex
* Software version 2.6.3.104 SB_Terminal.dll
* Temperature SN = 7809
* Conductivity SN = 7809
* System UpLoad Time = Jun 04 2018 16:28:41
* <ApplicationData>
* <Seaterm232>
# nquan = 15
# nvalues = 311                         
# units = specified
# name 0 = depFM: Depth [fresh water, m]
# name 1 = dz/dtM: Descent Rate [m/s]
# name 2 = sbeox0Mg/L: Oxygen, SBE 43 [mg/l]
# name 3 = sbeox0PS: Oxygen, SBE 43 [% saturation]
# name 4 = specc: Specific Conductance [uS/cm]
# name 5 = c0uS/cm: Conductivity [uS/cm]
# name 6 = flECO-AFL: Fluorescence, WET Labs ECO-AFL/FL [mg/m^3]
# name 7 = ph: pH
# name 8 = orp: Oxidation Reduction Potential [mV]
# name 9 = par/sat/log: PAR/Logarithmic, Satlantic
# name 10 = turbWETntu0: Turbidity, WET Labs ECO [NTU]
# name 11 = prdM: Pressure, Strain Gauge [db]
# name 12 = prdE: Pressure, Strain Gauge [psi]
# name 13 = tv290C: Temperature [ITS-90, deg C]
# name 14 = flag:  0.000e+00
# span 0 =     -0.625,      5.437       
# span 1 =     -0.046,      0.198       
# span 2 =     0.6204,    10.3721       
# span 3 =      5.639,    112.086       
# span 4 =      0.474,     44.926       
# span 5 =   0.426164,  33.093318       
# span 6 =    -0.4478,     2.5909       
# span 7 =      5.820,      7.493       
# span 8 = -1240.7455,   509.0908       
# span 9 = 3.0550e+00, 2.0944e+03       
# span 10 =    -0.6745,     5.2936      
# span 11 =     -0.613,      5.333      
# span 12 =     -0.889,      7.734      
# span 13 =    10.0800,    23.4358      
# span 14 = 0.0000e+00, 0.0000e+00      
# interval = seconds: 0.25
# start_time = Jun 04 2018 14:58:54 [Instrument's time stamp, header]
# bad_flag = -9.990e-29
*END*
[from data line 193]
      1.744      0.140     9.7253    103.762     32.524  28.287459     1.7706      7.072   293.0703 5.2341e+01     1.8847      1.708      2.477    19.0055 0.0000e+00
      1.778      0.139     9.5273    101.420     32.522  28.214248     1.7610      7.067   293.3008 5.1526e+01     1.9255      1.742      2.526    18.8673 0.0000e+00
      1.817      0.137     9.3441     99.248     32.452  28.082113     1.7510      7.060   293.3974 5.0810e+01     1.9174      1.783      2.586    18.7415 0.0000e+00
      1.856      0.136     9.1795     97.252     32.331  27.896215     1.7328      7.053   293.5501 5.0212e+01     1.9088      1.821      2.642    18.6070 0.0000e+00
      1.891      0.134     9.0347     95.487     32.243  27.744435     1.7061      7.045   293.9430 4.9545e+01     1.9132      1.855      2.690    18.4726 0.0000e+00
      1.924      0.131     8.9135     94.017     32.273  27.707325     1.6940      7.039   294.2762 4.8895e+01     1.9092      1.887      2.737    18.3706 0.0000e+00
      1.955      0.130     8.8237     92.872     32.492  27.828434     1.6975      7.034   294.5677 4.8418e+01     1.8915      1.919      2.784    18.2746 0.0000e+00
      1.985      0.132     8.7714     92.085     32.790  28.002196     1.7114      7.028   294.8854 4.7922e+01     1.8206      1.946      2.823    18.1331 0.0000e+00
      2.016      0.136     8.7575     91.679     33.003  28.093698     1.7431      7.022   295.1922 4.7350e+01     1.7538      1.975      2.864    18.0073 0.0000e+00
      2.051      0.138     8.7690     91.538     33.204  28.172667     1.7590      7.017   295.4387 4.6609e+01     1.7550      2.009      2.913    17.9279 0.0000e+00
      2.092      0.140     8.7750     91.349     33.409  28.258384     1.7565      7.011   295.6281 4.5755e+01     1.7750      2.052      2.976    17.8295 0.0000e+00
      2.133      0.140     8.7387     90.733     33.564  28.304495     1.7671      7.005   295.7607 4.4978e+01     1.8421      2.094      3.038    17.7007 0.0000e+00
      2.169      0.138     8.6386     89.466     33.715  28.349088     1.7961      6.997   295.9243 4.4337e+01     1.9570      2.128      3.085    17.5589 0.0000e+00
      2.201      0.135     8.4750     87.548     33.894  28.416448     1.8135      6.989   296.4019 4.3842e+01     2.0042      2.158      3.130    17.4177 0.0000e+00
      2.232      0.134     8.2600     85.104     34.076  28.483832     1.8115      6.980   296.9747 4.3416e+01     1.9850      2.189      3.174    17.2858 0.0000e+00
      2.263      0.135     8.0085     82.282     34.240  28.528706     1.8545      6.970   297.2575 4.3024e+01     2.0614      2.218      3.218    17.1601 0.0000e+00
      2.296      0.138     7.7411     79.301     34.415  28.577895     1.9465      6.960   297.2400 4.2536e+01     2.2260      2.249      3.263    17.0386 0.0000e+00
      2.335      0.139     7.4876     76.476     34.600  28.633942     1.9964      6.954   297.1932 4.1975e+01     2.2962      2.289      3.319    16.9166 0.0000e+00
      2.375      0.138     7.2649     73.974     34.800  28.698245     1.9989      6.949   297.3801 4.1420e+01     2.2993      2.330      3.380    16.7953 0.0000e+00
      2.412      0.135     7.0742     71.814     35.025  28.783735     2.0044      6.942   297.8650 4.0931e+01     2.2941      2.366      3.432    16.6581 0.0000e+00
      2.446      0.133     6.9132     69.985     35.285  28.905445     2.0345      6.932   298.5824 4.0606e+01     2.2342      2.401      3.483    16.5141 0.0000e+00
      2.476      0.134     6.7713     68.373     35.616  29.090183     2.0962      6.919   299.1714 4.0306e+01     2.1853      2.430      3.525    16.3780 0.0000e+00
      2.503      0.135     6.6319     66.777     35.915  29.239206     2.1437      6.908   299.3933 3.9940e+01     2.1911      2.454      3.559    16.2280 0.0000e+00
      2.533      0.135     6.4847     65.102     36.125  29.310095     2.1590      6.898   299.3725 3.9349e+01     2.1826      2.479      3.595    16.0834 0.0000e+00
      2.576      0.134     6.3290     63.383     36.308  29.375637     2.2083      6.891   299.3498 3.8598e+01     2.1121      2.522      3.658    15.9490 0.0000e+00
      2.622      0.131     6.1545     61.514     36.495  29.460036     2.2884      6.884   299.7218 3.8048e+01     2.0101      2.579      3.740    15.8420 0.0000e+00
      2.657      0.128     5.9505     59.364     36.710  29.568425     2.3282      6.875   300.4280 3.7615e+01     1.9561      2.610      3.786    15.7127 0.0000e+00
      2.682      0.126     5.7227     56.971     36.927  29.670010     2.3412      6.864   300.9201 3.7205e+01     1.9181      2.628      3.813    15.5474 0.0000e+00
      2.705      0.126     5.4722     54.329     37.127  29.735634     2.3987      6.852   301.1115 3.6883e+01     1.8252      2.654      3.848    15.4433 0.0000e+00
      2.730      0.126     5.2082     51.546     37.331  29.790228     2.4916      6.841   301.2798 3.6471e+01     1.7178      2.674      3.878    15.3576 0.0000e+00
      2.765      0.130     4.9541     48.886     37.578  29.885431     2.5353      6.831   301.4921 3.5896e+01     1.6868      2.707      3.926    15.2711 0.0000e+00
      2.808      0.133     4.7126     46.386     37.830  29.997525     2.5319      6.822   301.7852 3.5310e+01     1.7256      2.756      3.997    15.1868 0.0000e+00
      2.849      0.134     4.4789     43.995     38.005  30.065850     2.5427      6.813   302.2426 3.4778e+01     1.7289      2.797      4.057    15.0500 0.0000e+00
      2.882      0.133     4.2617     41.784     38.180  30.139895     2.5742      6.802   302.7197 3.4316e+01     1.6962      2.828      4.101    14.8901 0.0000e+00
      2.911      0.130     4.0643     39.762     38.428  30.257657     2.5909      6.791   303.0807 3.3956e+01     1.6967      2.856      4.142    14.7567 0.0000e+00
      2.939      0.126     3.8726     37.790     38.657  30.346492     2.5887      6.779   303.3374 3.3591e+01     1.7350      2.880      4.177    14.6358 0.0000e+00
      2.970      0.124     3.6761     35.777     38.830  30.388294     2.5744      6.766   303.5013 3.3170e+01     1.7621      2.910      4.220    14.5471 0.0000e+00
      3.005      0.124     3.4783     33.767     39.017  30.445439     2.5381      6.755   303.5990 3.2753e+01     1.7500      2.948      4.276    14.4777 0.0000e+00
      3.040      0.123     3.2779     31.753     39.224  30.529254     2.5080      6.744   303.6581 3.2329e+01     1.7104      2.983      4.326    14.3719 0.0000e+00
      3.072      0.120     3.0734     29.715     39.372  30.576019     2.5043      6.733   303.6992 3.1929e+01     1.7109      3.014      4.371    14.2481 0.0000e+00
      3.101      0.115     2.8670     27.670     39.441  30.566231     2.5121      6.724   303.8382 3.1604e+01     1.7569      3.041      4.411    14.1258 0.0000e+00
      3.129      0.109     2.6570     25.602     39.478  30.537845     2.4917      6.715   304.1346 3.1332e+01     1.7167      3.069      4.449    14.0041 0.0000e+00
      3.156      0.103     2.4485     23.557     39.484  30.486775     2.4324      6.705   304.4437 3.1076e+01     1.5902      3.096      4.490    13.9093 0.0000e+00
      3.181      0.100     2.2579     21.689     39.436  30.393244     2.3928      6.695   304.7366 3.0806e+01     1.5092      3.120      4.525    13.8270 0.0000e+00
      3.205      0.098     2.0881     20.020     39.396  30.296007     2.3897      6.685   305.0086 3.0547e+01     1.5010      3.144      4.560    13.7406 0.0000e+00
      3.228      0.098     1.9355     18.515     39.459  30.263625     2.3856      6.675   305.0645 3.0326e+01     1.5829      3.167      4.593    13.6745 0.0000e+00
      3.252      0.100     1.8113     17.289     39.717  30.382663     2.3804      6.665   305.0684 3.0106e+01     1.7054      3.188      4.622    13.6019 0.0000e+00
      3.277      0.104     1.7230     16.410     40.178  30.655566     2.3907      6.655   305.3144 2.9858e+01     1.7310      3.212      4.661    13.5365 0.0000e+00
      3.304      0.110     1.6703     15.865     40.618  30.895847     2.3899      6.643   305.6294 2.9576e+01     1.7092      3.240      4.700    13.4592 0.0000e+00
      3.332      0.116     1.6553     15.677     40.892  31.001462     2.3340      6.632   305.8664 2.9262e+01     1.7780      3.267      4.738    13.3391 0.0000e+00
      3.361      0.121     1.6754     15.826     40.905  30.916280     2.2484      6.622   306.0281 2.8889e+01     1.8906      3.295      4.779    13.2463 0.0000e+00
      3.395      0.124     1.7213     16.221     40.635  30.627915     2.2008      6.612   306.0371 2.8445e+01     1.9115      3.329      4.827    13.1586 0.0000e+00
      3.430      0.125     1.7727     16.670     40.400  30.372670     2.1896      6.603   305.9742 2.8013e+01     1.8787      3.365      4.882    13.0314 0.0000e+00
      3.464      0.124     1.8069     16.959     40.406  30.306866     2.1777      6.593   306.0421 2.7622e+01     1.8905      3.397      4.928    12.8996 0.0000e+00
      3.496      0.121     1.8136     16.994     40.615  30.403774     2.1575      6.583   306.2560 2.7248e+01     1.9321      3.429      4.973    12.7819 0.0000e+00
      3.526      0.118     1.7947     16.795     40.929  30.591697     2.1380      6.574   306.6674 2.6916e+01     1.9541      3.459      5.016    12.6800 0.0000e+00
      3.553      0.120     1.7667     16.513     41.438  30.927767     2.1079      6.563   307.3168 2.6571e+01     1.9732      3.483      5.053    12.5848 0.0000e+00
      3.579      0.127     1.7490     16.323     42.427  31.609200     1.9411      6.550   307.7403 2.6183e+01     2.1335      3.509      5.090    12.4954 0.0000e+00
      3.608      0.134     1.7480     16.282     43.528  32.352628     1.6556      6.539   307.6588 2.5715e+01     2.3965      3.537      5.130    12.4196 0.0000e+00
      3.642      0.136     1.7633     16.387     44.077  32.675992     1.5051      6.532   307.3639 2.4950e+01     2.4982      3.567      5.173    12.3670 0.0000e+00
      3.687      0.134     1.7886     16.593     44.235  32.724292     1.4908      6.528   307.1862 2.3943e+01     2.4772      3.612      5.240    12.3208 0.0000e+00
      3.734      0.129     1.8056     16.733     44.494  32.873024     1.4734      6.524   307.3164 2.3143e+01     2.5097      3.669      5.322    12.2600 0.0000e+00
      3.767      0.123     1.7900     16.573     44.819  33.076904     1.4050      6.518   307.5606 2.2661e+01     2.6463      3.700      5.366    12.1676 0.0000e+00
      3.786      0.115     1.7220     15.920     44.926  33.093318     1.2979      6.510   307.7301 2.2232e+01     2.8171      3.712      5.384    12.0542 0.0000e+00
      3.806      0.110     1.5934     14.697     44.847  32.944398     1.2352      6.498   307.9901 2.1674e+01     2.8657      3.730      5.411    11.9740 0.0000e+00
      3.832      0.111     1.4144     13.015     44.700  32.737087     1.2169      6.485   308.2950 2.0946e+01     2.8681      3.756      5.447    11.9332 0.0000e+00
      3.862      0.117     1.2058     11.066     44.509  32.492098     1.1873      6.473   308.5765 2.0109e+01     2.9061      3.787      5.493    11.9117 0.0000e+00
      3.895      0.125     0.9916      9.075     44.264  32.205167     1.1336      6.463   308.8130 1.9188e+01     2.9294      3.818      5.538    11.8432 0.0000e+00
      3.931      0.129     0.8058      7.354     44.032  31.935305     1.0918      6.454   309.0035 1.8236e+01     2.9363      3.853      5.589    11.7248 0.0000e+00
      3.968      0.128     0.6759      6.154     43.922  31.769644     1.0960      6.448   309.3316 1.7398e+01     2.9288      3.893      5.646    11.6192 0.0000e+00
      4.003      0.124     0.6204      5.639     43.774  31.599362     1.2665      6.444   309.5960 1.6693e+01     3.0823      3.926      5.695    11.5011 0.0000e+00
      4.034      0.119     0.6538      5.934     43.478  31.337143     1.5732      6.440   309.8771 1.6056e+01     3.4185      3.956      5.738    11.3702 0.0000e+00
      4.061      0.114     0.7787      7.056     43.104  31.012557     1.7345      6.436   310.4943 1.5499e+01     3.6062      3.984      5.777    11.2557 0.0000e+00
      4.086      0.114     0.9869      8.924     42.627  30.596241     1.7465      6.432   311.0355 1.5012e+01     3.6429      4.007      5.811    11.1533 0.0000e+00
      4.110      0.118     1.2661     11.419     42.168  30.177480     1.7923      6.429   311.1715 1.4512e+01     4.0454      4.030      5.845    11.0823 0.0000e+00
      4.138      0.124     1.5990     14.385     41.892  29.886760     1.8835      6.426   311.1075 1.3879e+01     4.8106      4.055      5.881    11.0405 0.0000e+00
      4.173      0.129     1.9680     17.667     41.724  29.684865     1.9399      6.426   311.0355 1.3137e+01     5.2343      4.089      5.932    10.9796 0.0000e+00
      4.212      0.134     2.3678     21.217     41.489  29.450969     1.9399      6.426   311.1614 1.2448e+01     5.2624      4.132      5.992    10.8932 0.0000e+00
      4.250      0.138     2.8032     25.082     41.145  29.154347     1.8202      6.425   311.4241 1.1871e+01     5.2423      4.169      6.047    10.7814 0.0000e+00
      4.284      0.140     3.2719     29.238     40.932  28.956092     1.6038      6.425   311.4589 1.1394e+01     5.2349      4.204      6.097    10.6616 0.0000e+00
      4.315      0.138     3.7584     33.544     40.907  28.895460     1.4926      6.426   311.3242 1.0909e+01     5.2644      4.230      6.136    10.5644 0.0000e+00
      4.350      0.134     4.2509     37.905     40.912  28.865725     1.4875      6.428   311.1719 1.0291e+01     5.2936      4.261      6.181    10.4834 0.0000e+00
      4.390      0.130     4.7441     42.278     40.921  28.850551     1.4869      6.431   310.9941 9.6984e+00     5.2529      4.307      6.247    10.4232 0.0000e+00
      4.425      0.128     5.2334     46.622     40.924  28.838972     1.4749      6.434   310.8957 9.2573e+00     4.8634      4.344      6.301    10.3685 0.0000e+00
      4.454      0.125     5.7177     50.924     40.955  28.852719     1.4534      6.436   310.9282 8.8223e+00     4.1854      4.366      6.333    10.3100 0.0000e+00
      4.482      0.123     6.1928     55.140     41.022  28.889753     1.4379      6.437   311.3021 8.3714e+00     3.8305      4.394      6.374    10.2709 0.0000e+00
      4.513      0.125     6.6427     59.124     41.062  28.905709     1.4262      6.435   311.9737 7.9492e+00     3.7767      4.425      6.417    10.2456 0.0000e+00
      4.543      0.133     7.0392     62.632     41.097  28.918620     1.4029      6.430   312.2512 7.5560e+00     3.5346      4.457      6.463    10.2286 0.0000e+00
      4.573      0.142     7.3692     65.551     41.112  28.918849     1.3766      6.427   312.1629 7.1966e+00     3.1312      4.485      6.504    10.2240 0.0000e+00
      4.608      0.148     7.6349     67.898     41.108  28.908461     1.3664      6.427   312.2823 6.7211e+00     2.9279      4.513      6.545    10.2125 0.0000e+00
      4.654      0.151     7.8339     69.657     41.133  28.920008     1.3617      6.428   312.4053 6.1685e+00     2.8769      4.564      6.619    10.1939 0.0000e+00
      4.702      0.151     7.9709     70.869     41.153  28.931458     1.3747      6.428   312.3591 5.7656e+00     2.6981      4.616      6.695    10.1802 0.0000e+00
      4.742      0.150     8.0523     71.590     41.139  28.919893     1.4043      6.427   312.4974 5.4786e+00     2.4449      4.651      6.746    10.1683 0.0000e+00
      4.777      0.147     8.0776     71.811     41.124  28.907182     1.4164      6.426   312.7873 5.2343e+00     2.3172      4.685      6.795    10.1578 0.0000e+00
      4.809      0.144     8.0600     71.650     41.124  28.904769     1.4203      6.424   312.9390 5.0428e+00     2.3137      4.717      6.842    10.1500 0.0000e+00
      4.840      0.141     8.0184     71.275     41.108  28.890714     1.3778      6.422   313.0403 4.8505e+00     2.2817      4.744      6.882    10.1473 0.0000e+00
