Data/DataNotYetUploadedToEDI/Raw_CTD/RawDownloads/060418_fcr20.cnv
* Sea-Bird SBE19plus  Data File:
* FileName = C:\DATA\060418_fcr50_0004.hex
* Software version 2.6.3.104 SB_Terminal.dll
* Temperature SN = 7809
* Conductivity SN = 7809
* System UpLoad Time = Jun 04 2018 16:28:26
* <ApplicationData>
* <Seaterm232>
# nquan = 15
# nvalues = 381                         
# units = specified
# name 0 = depFM: Depth [fresh water, m]
# name 1 = dz/dtM: Descent Rate [m/s]
# name 2 = sbeox0Mg/L: Oxygen, SBE 43 [mg/l]
# name 3 = sbeox0PS: Oxygen, SBE 43 [% saturation]
# name 4 = specc: Specific Conductance [uS/cm]
# name 5 = c0uS/cm: Conductivity [uS/cm]
# name 6 = flECO-AFL: Fluorescence, WET Labs ECO-AFL/FL [mg/m^3]
# name 7 = ph: pH
# name 8 = orp: Oxidation Reduction Potential [mV]
# name 9 = par/sat/log: PAR/Logarithmic, Satlantic
# name 10 = turbWETntu0: Turbidity, WET Labs ECO [NTU]
# name 11 = prdM: Pressure, Strain Gauge [db]
# name 12 = prdE: Pressure, Strain Gauge [psi]
# name 13 = tv290C: Temperature [ITS-90, deg C]
# name 14 = flag:  0.000e+00
# span 0 =     -0.618,      3.762       
# span 1 =     -0.053,      0.205       
# span 2 =    -0.1404,    10.0796       
# span 3 =     -1.353,    110.852       
# span 4 =      0.484,    200.016       
# span 5 =   0.441361, 147.484610       
# span 6 =    -0.7378,     3.9368       
# span 7 =      5.439,      7.519       
# span 8 = -1240.7455,  1227.4868       
# span 9 = 4.4451e+00, 1.5611e+03       
# span 10 =    -1.3365,    19.0225      
# span 11 =     -0.606,      3.690      
# span 12 =     -0.880,      5.352      
# span 13 =    11.5298,    23.3876      
# span 14 = 0.0000e+00, 0.0000e+00      
# interval = seconds: 0.25
# start_time = Jun 04 2018 14:38:52 [Instrument's time stamp, header]
# bad_flag = -9.990e-29
*END*
[from data line 97]
      0.258      0.137     6.8855     80.699     30.928  29.864770     1.1031      7.218   296.3304 3.3362e+01     1.4851      0.254      0.369    23.2894 0.0000e+00
      0.286      0.158     6.8760     80.538     30.885  29.802565     1.1116      7.198   296.9750 3.4978e+01     1.4860      0.281      0.409    23.2876 0.0000e+00
      0.318      0.172     6.9122     80.893     30.883  29.773523     1.1063      7.169   297.2466 3.6961e+01     1.4708      0.301      0.437    23.2883 0.0000e+00
      0.375      0.176     7.0012     81.870     30.903  29.767594     1.0944      7.143   297.3771 3.9994e+01     1.5158      0.357      0.519    23.2921 0.0000e+00
      0.446      0.168     7.1124     83.121     30.952  29.794343     1.0874      7.128   297.5196 4.3674e+01     1.6328      0.451      0.655    23.2844 0.0000e+00
      0.499      0.149     7.2040     84.158     31.082  29.906404     1.0954      7.119   297.5934 4.7030e+01     1.7262      0.495      0.717    23.2476 0.0000e+00
      0.532      0.119     7.2565     84.748     31.299  30.106438     1.1084      7.113   297.5809 5.1235e+01     1.7593      0.524      0.760    23.1958 0.0000e+00
      0.553      0.082     7.2650     84.823     31.584  30.371300     1.1346      7.108   297.3686 5.7714e+01     1.6978      0.550      0.798    23.1530 0.0000e+00
      0.562      0.047     7.2265     84.342     31.935  30.695625     1.1723      7.103   296.9201 6.6798e+01     1.5925      0.553      0.801    23.1215 0.0000e+00
      0.562      0.025     7.1471     83.379     32.312  31.043013     1.1873      7.101   296.6317 7.7741e+01     1.5542      0.552      0.801    23.1010 0.0000e+00
      0.561      0.013     7.0500     82.211     32.629  31.332661     1.1785      7.102   296.6345 8.6881e+01     1.5400      0.550      0.797    23.0902 0.0000e+00
      0.561      0.008     6.9675     81.216     32.849  31.530373     1.1678      7.103   296.8677 9.0226e+01     1.5425      0.549      0.796    23.0770 0.0000e+00
      0.563      0.008     6.9211     80.651     32.991  31.655275     1.1682      7.101   297.1287 8.7227e+01     1.6151      0.552      0.800    23.0556 0.0000e+00
      0.567      0.009     6.9145     80.554     33.112  31.763165     1.1746      7.100   297.2087 8.0497e+01     1.6861      0.556      0.807    23.0309 0.0000e+00
      0.571      0.009     6.9384     80.817     33.242  31.882202     1.1803      7.102   297.1474 7.3956e+01     1.7290      0.560      0.813    23.0072 0.0000e+00
      0.574      0.008     6.9759     81.244     33.319  31.951347     1.1998      7.106   296.9896 6.9277e+01     1.7988      0.564      0.818    22.9859 0.0000e+00
      0.576      0.005     7.0140     81.683     33.335  31.964083     1.2273      7.107   296.8494 6.5887e+01     1.8581      0.565      0.820    22.9695 0.0000e+00
      0.576      0.003     7.0434     82.023     33.345  31.972684     1.2363      7.105   296.8294 6.3377e+01     1.8975      0.565      0.819    22.9575 0.0000e+00
      0.576      0.001     7.0553     82.161     33.365  31.991824     1.2363      7.104   296.9200 6.1576e+01     1.9385      0.564      0.819    22.9476 0.0000e+00
      0.575      0.001     7.0493     82.091     33.379  32.004974     1.2358      7.104   296.9981 6.0731e+01     1.8664      0.563      0.817    22.9408 0.0000e+00
      0.575      0.002     7.0324     81.894     33.379  32.004661     1.2297      7.104   297.0001 6.1152e+01     1.7264      0.563      0.816    22.9377 0.0000e+00
      0.575      0.003     7.0099     81.629     33.363  31.988043     1.2272      7.105   297.0295 6.2840e+01     1.6801      0.563      0.817    22.9367 0.0000e+00
      0.577      0.004     6.9850     81.337     33.304  31.931062     1.2333      7.106   297.0953 6.5747e+01     1.7041      0.565      0.821    22.9364 0.0000e+00
      0.579      0.004     6.9594     81.040     33.258  31.887297     1.2392      7.107   297.0209 6.9473e+01     1.7413      0.568      0.825    22.9372 0.0000e+00
      0.580      0.004     6.9337     80.744     33.273  31.903457     1.2335      7.106   296.9046 7.5009e+01     1.6733      0.569      0.825    22.9371 0.0000e+00
      0.580      0.004     6.9074     80.444     33.304  31.935926     1.2293      7.104   297.0660 8.2362e+01     1.5226      0.568      0.825    22.9350 0.0000e+00
      0.581      0.004     6.8787     80.117     33.329  31.962325     1.2348      7.103   297.4235 8.8084e+01     1.4747      0.569      0.826    22.9328 0.0000e+00
      0.583      0.003     6.8449     79.732     33.331  31.968605     1.2358      7.100   297.6132 9.2547e+01     1.4917      0.571      0.828    22.9335 0.0000e+00
      0.584      0.003     6.8033     79.255     33.306  31.948357     1.2136      7.095   297.6396 9.6329e+01     1.4842      0.571      0.829    22.9366 0.0000e+00
      0.585      0.002     6.7529     78.671     33.262  31.908048     1.1768      7.088   297.7423 9.7137e+01     1.4747      0.574      0.832    22.9400 0.0000e+00
      0.585      0.001     6.6964     78.008     33.217  31.862295     1.1673      7.081   297.8221 9.6408e+01     1.4997      0.575      0.834    22.9439 0.0000e+00
      0.584      0.000     6.6394     77.328     33.201  31.839731     1.1821      7.075   297.8300 9.4932e+01     1.5420      0.573      0.832    22.9507 0.0000e+00
      0.584     -0.001     6.5904     76.738     33.196  31.825755     1.1990      7.072   297.9238 9.3204e+01     1.5275      0.572      0.830    22.9575 0.0000e+00
      0.584     -0.002     6.5557     76.315     33.200  31.820320     1.2165      7.071   298.0966 9.2246e+01     1.4772      0.573      0.831    22.9601 0.0000e+00
      0.584     -0.002     6.5378     76.087     33.226  31.837509     1.2278      7.070   298.2836 9.2720e+01     1.4535      0.574      0.832    22.9579 0.0000e+00
      0.583     -0.001     6.5412     76.107     33.241  31.843040     1.2345      7.067   298.4646 9.5561e+01     1.4540      0.573      0.830    22.9463 0.0000e+00
      0.582      0.000     6.5658     76.377     33.229  31.823676     1.2521      7.063   298.5636 9.9931e+01     1.5440      0.571      0.828    22.9304 0.0000e+00
      0.582      0.000     6.6006     76.767     33.205  31.793892     1.2753      7.058   298.5348 1.0608e+02     1.6870      0.571      0.828    22.9175 0.0000e+00
      0.583      0.001     6.6347     77.151     33.152  31.736960     1.2848      7.055   298.5465 1.1264e+02     1.7181      0.572      0.829    22.9045 0.0000e+00
      0.584      0.002     6.6597     77.432     33.059  31.643395     1.2937      7.053   298.7048 1.1713e+02     1.7062      0.573      0.831    22.8909 0.0000e+00
      0.585      0.002     6.6689     77.532     32.966  31.551734     1.3000      7.050   298.9868 1.2381e+02     1.7271      0.574      0.832    22.8796 0.0000e+00
      0.586      0.002     6.6603     77.427     32.866  31.454311     1.2966      7.048   299.2883 1.3428e+02     1.7271      0.574      0.833    22.8698 0.0000e+00
      0.586      0.002     6.6336     77.114     32.763  31.354577     1.2983      7.045   299.5108 1.3853e+02     1.7361      0.574      0.833    22.8603 0.0000e+00
      0.586      0.001     6.5929     76.637     32.706  31.298490     1.3028      7.043   299.6987 1.3489e+02     1.7446      0.574      0.833    22.8529 0.0000e+00
      0.586      0.000     6.5456     76.086     32.693  31.284238     1.3042      7.043   299.9246 1.3110e+02     1.7379      0.574      0.832    22.8482 0.0000e+00
      0.587     -0.001     6.4961     75.506     32.721  31.309272     1.3060      7.042   300.1775 1.2594e+02     1.7775      0.575      0.835    22.8456 0.0000e+00
      0.587     -0.001     6.4454     74.910     32.763  31.347134     1.3062      7.041   300.2618 1.1990e+02     1.8571      0.576      0.836    22.8439 0.0000e+00
      0.586     -0.001     6.3969     74.339     32.781  31.360978     1.2972      7.038   300.2555 1.1656e+02     1.9062      0.574      0.833    22.8423 0.0000e+00
      0.584     -0.001     6.3544     73.837     32.773  31.349630     1.2900      7.035   300.3593 1.1581e+02     1.9146      0.573      0.831    22.8401 0.0000e+00
      0.584     -0.001     6.3185     73.413     32.764  31.336950     1.2930      7.030   300.3988 1.1698e+02     1.9274      0.572      0.830    22.8377 0.0000e+00
      0.584     -0.001     6.2874     73.044     32.765  31.334662     1.2969      7.027   300.3889 1.1523e+02     1.9387      0.573      0.831    22.8335 0.0000e+00
      0.584     -0.001     6.2586     72.703     32.755  31.321959     1.3004      7.025   300.4970 1.1315e+02     1.9302      0.573      0.832    22.8279 0.0000e+00
      0.584      0.000     6.2311     72.377     32.745  31.310383     1.2983      7.022   300.5885 1.1760e+02     1.9161      0.573      0.831    22.8222 0.0000e+00
      0.584 -1.877e-08     6.2023     72.037     32.760  31.321710     1.3265      7.019   300.6347 1.2013e+02     1.9202      0.573      0.831    22.8165 0.0000e+00
      0.583 -2.065e-07     6.1720     71.680     32.774  31.331893     1.3929      7.019   300.7968 1.1393e+02     1.9494      0.572      0.830    22.8116 0.0000e+00
      0.583 -2.065e-07     6.1405     71.309     32.750  31.306479     1.4305      7.016   301.0000 1.0738e+02     1.9641      0.572      0.829    22.8072 0.0000e+00
      0.584 -1.877e-08     6.1064     70.908     32.713  31.268468     1.4318      7.011   301.1128 1.0489e+02     1.9758      0.573      0.831    22.8026 0.0000e+00
      0.584 -1.703e-09     6.0695     70.477     32.698  31.253352     1.4446      7.008   301.2134 1.0314e+02     1.9993      0.573      0.831    22.7981 0.0000e+00
      0.584 -1.271e-10     6.0309     70.027     32.697  31.250730     1.4844      7.006   301.3562 1.0108e+02     2.0031      0.573      0.831    22.7940 0.0000e+00
      0.584 2.9354e-10     5.9928     69.584     32.683  31.236750     1.5086      7.005   301.5492 1.0010e+02     1.9926      0.573      0.831    22.7898 0.0000e+00
      0.584 3.3828e-09     5.9548     69.141     32.657  31.211335     1.4987      7.003   301.6541 1.0107e+02     1.9639      0.572      0.831    22.7864 0.0000e+00
      0.584 3.7225e-08     5.9172     68.705     32.642  31.197478     1.4569      7.001   301.5919 1.0406e+02     1.9300      0.571      0.829    22.7845 0.0000e+00
      0.584 4.0947e-07     5.8812     68.285     32.642  31.196218     1.3988      6.998   301.5713 1.0751e+02     1.9491      0.572      0.830    22.7833 0.0000e+00
      0.584      0.000     5.8454     67.867     32.643  31.196103     1.3749      6.997   301.6634 1.0877e+02     1.9815      0.572      0.830    22.7825 0.0000e+00
      0.584      0.000     5.8095     67.446     32.645  31.196083     1.3790      6.997   301.7594 1.0902e+02     1.9865      0.573      0.831    22.7818 0.0000e+00
      0.584      0.001     5.7740     67.027     32.648  31.195978     1.3745      6.998   301.8711 1.0799e+02     1.9786      0.573      0.832    22.7816 0.0000e+00
      0.584      0.001     5.7412     66.638     32.652  31.194833     1.3291      6.998   301.9821 1.0446e+02     1.9163      0.573      0.831    22.7809 0.0000e+00
      0.584      0.001     5.7133     66.306     32.643  31.182237     1.2621      6.998   302.0681 1.0177e+02     1.8128      0.573      0.831    22.7789 0.0000e+00
      0.584      0.000     5.6885     66.011     32.635  31.170691     1.2365      6.999   302.1367 9.9140e+01     1.7343      0.572      0.830    22.7754 0.0000e+00
      0.585     -0.001     5.6646     65.727     32.651  31.182239     1.2307      6.999   302.2096 9.4080e+01     1.6997      0.574      0.832    22.7702 0.0000e+00
      0.585     -0.001     5.6429     65.469     32.667  31.194835     1.2375      6.999   302.3470 8.8721e+01     1.6992      0.575      0.834    22.7636 0.0000e+00
      0.584      0.000     5.6220     65.222     32.671  31.195969     1.2734      7.000   302.4215 8.5336e+01     1.7292      0.573      0.832    22.7570 0.0000e+00
      0.583 3.9150e-07     5.6015     64.979     32.674  31.195950     1.2965      7.000   302.5078 8.4398e+01     1.7565      0.571      0.829    22.7514 0.0000e+00
      0.583      0.000     5.5863     64.798     32.675  31.194596     1.2955      7.001   302.6165 8.4401e+01     1.7245      0.571      0.828    22.7468 0.0000e+00
      0.584      0.000     5.5734     64.644     32.661  31.179598     1.2897      7.001   302.5306 8.4314e+01     1.6167      0.573      0.831    22.7423 0.0000e+00
      0.585      0.001     5.5585     64.466     32.624  31.141628     1.2907      7.001   302.3300 8.5131e+01     1.5210      0.574      0.832    22.7376 0.0000e+00
      0.585      0.001     5.5431     64.284     32.600  31.116540     1.2984      7.002   302.1702 8.6578e+01     1.5139      0.573      0.832    22.7335 0.0000e+00
      0.585      0.001     5.5271     64.096     32.616  31.130300     1.3094      7.004   302.1472 8.8153e+01     1.5307      0.574      0.833    22.7298 0.0000e+00
      0.585      0.001     5.5096     63.890     32.671  31.180975     1.3131      7.007   302.2240 8.9300e+01     1.5101      0.574      0.832    22.7258 0.0000e+00
      0.585      0.001     5.4915     63.677     32.981  31.475210     1.3067      7.009   302.3244 8.8519e+01     1.4787      0.573      0.832    22.7222 0.0000e+00
      0.585      0.001     5.4773     63.512     33.553  32.020470     1.3057      7.009   302.5005 8.6290e+01     1.4870      0.573      0.831    22.7196 0.0000e+00
      0.586      0.001     5.4996     63.776     33.921  32.375316     1.3105      7.009   302.6326 8.3705e+01     1.5186      0.574      0.832    22.7177 0.0000e+00
      0.586      0.001     5.6469     65.503     34.003  32.463097     1.3085      7.009   302.5444 8.1018e+01     1.5561      0.575      0.834    22.7152 0.0000e+00
      0.586      0.001     6.0128     69.770     34.040  32.510224     1.2996      7.008   302.4673 7.8569e+01     1.6341      0.575      0.834    22.7124 0.0000e+00
      0.586      0.001     6.5839     76.413     34.088  32.564067     1.2951      7.007   302.5604 7.6768e+01     1.7001      0.575      0.834    22.7092 0.0000e+00
      0.586      0.002     7.2474     84.118     34.130  32.606017     1.3001      7.004   302.6377 7.5901e+01     1.7126      0.574      0.833    22.7106 0.0000e+00
      0.586      0.002     7.9021     91.711     34.165  32.636376     1.3049      7.000   302.7128 7.6335e+01     1.6941      0.574      0.833    22.7288 0.0000e+00
      0.587      0.001     8.4869     98.487     34.211  32.677073     1.2977      6.994   302.6085 7.7862e+01     1.6593      0.575      0.835    22.7507 0.0000e+00
      0.589      0.000     8.9619    103.985     34.258  32.716998     1.2963      6.989   302.0653 8.0210e+01     1.6881      0.577      0.838    22.7627 0.0000e+00
      0.589      0.000     9.3042    107.938     34.286  32.738016     1.3064      6.985   301.5648 8.2886e+01     1.7371      0.578      0.839    22.7645 0.0000e+00
      0.588     -0.001     9.5006    110.199     34.295  32.740658     1.3093      6.983   301.4618 8.5172e+01     1.7342      0.578      0.838    22.7573 0.0000e+00
      0.586     -0.002     9.5580    110.852     34.242  32.685418     1.3315      6.984   301.3363 8.6989e+01     1.7439      0.574      0.833    22.7532 0.0000e+00
      0.585     -0.002     9.5227    110.443     34.063  32.514703     1.3830      6.986   301.1655 8.8580e+01     1.7326      0.573      0.832    22.7471 0.0000e+00
      0.585     -0.001     9.4502    109.633     33.724  32.200863     1.4168      6.988   301.2900 9.0209e+01     1.6887      0.575      0.834    22.7362 0.0000e+00
      0.585      0.000     9.3681    108.753     33.359  31.875848     1.4275      6.991   301.4650 9.1484e+01     1.7014      0.575      0.834    22.7271 0.0000e+00
