Data/DataNotYetUploadedToEDI/Raw_CTD/RawDownloads/060418_fcr30.cnv
* Sea-Bird SBE19plus  Data File:
* FileName = C:\DATA\060418_fcr50_0005.hex
* Software version 2.6.3.104 SB_Terminal.dll
* Temperature SN = 7809
* Conductivity SN = 7809
* System UpLoad Time = Jun 04 2018 16:28:41
* <ApplicationData>
* <Seaterm232>
# nquan = 15
# nvalues = 311                         
# units = specified
# name 0 = depFM: Depth [fresh water, m]
# name 1 = dz/dtM: Descent Rate [m/s]
# name 2 = sbeox0Mg/L: Oxygen, SBE 43 [mg/l]
# name 3 = sbeox0PS: Oxygen, SBE 43 [% saturation]
# name 4 = specc: Specific Conductance [uS/cm]
# name 5 = c0uS/cm: Conductivity [uS/cm]
# name 6 = flECO-AFL: Fluorescence, WET Labs ECO-AFL/FL [mg/m^3]
# name 7 = ph: pH
# name 8 = orp: Oxidation Reduction Potential [mV]
# name 9 = par/sat/log: PAR/Logarithmic, Satlantic
# name 10 = turbWETntu0: Turbidity, WET Labs ECO [NTU]
# name 11 = prdM: Pressure, Strain Gauge [db]
# name 12 = prdE: Pressure, Strain Gauge [psi]
# name 13 = tv290C: Temperature [ITS-90, deg C]
# name 14 = flag:  0.000e+00
# span 0 =     -0.625,      5.437       
# span 1 =     -0.046,      0.198       
# span 2 =     0.6204,    10.3721       
# span 3 =      5.639,    112.086       
# span 4 =      0.474,     44.926       
# span 5 =   0.426164,  33.093318       
# span 6 =    -0.4478,     2.5909       
# span 7 =      5.820,      7.493       
# span 8 = -1240.7455,   509.0908       
# span 9 = 3.0550e+00, 2.0944e+03       
# span 10 =    -0.6745,     5.2936      
# span 11 =     -0.613,      5.333      
# span 12 =     -0.889,      7.734      
# span 13 =    10.0800,    23.4358      
# span 14 = 0.0000e+00, 0.0000e+00      
# interval = seconds: 0.25
# start_time = Jun 04 2018 14:58:54 [Instrument's time stamp, header]
# bad_flag = -9.990e-29
*END*
     -0.624 4.3139e-20     8.5411     93.782      0.550   0.494293    -0.1927      5.820 -1240.7455 2.0489e+03    -0.0218     -0.612     -0.887    19.9117 0.0000e+00
     -0.624 3.9217e-21     8.5405     93.777      0.549   0.493035    -0.1953      5.822 -1240.7455 2.0799e+03    -0.0346     -0.612     -0.887    19.9123 0.0000e+00
     -0.624 3.5608e-22     8.5405     93.779      0.522   0.468813    -0.1817      5.826 -1240.7455 2.0944e+03    -0.1851     -0.612     -0.888    19.9130 0.0000e+00
     -0.624 2.7577e-23     8.5401     93.775      0.506   0.455082    -0.1658      5.830 -1240.7455 2.0489e+03    -0.4673     -0.612     -0.887    19.9137 0.0000e+00
     -0.624 -5.022e-23     8.5399     93.774      0.505   0.453834    -0.1693      5.832 -1240.7455 1.5630e+03    -0.6087     -0.612     -0.888    19.9143 0.0000e+00
     -0.624 -5.846e-22     8.5405     93.783      0.505   0.453721    -0.1859      5.832 -1240.7455 6.7248e+02    -0.6435     -0.612     -0.887    19.9150 0.0000e+00
     -0.624 -6.434e-21     8.5409     93.788      0.505   0.453720    -0.1926      5.835 -1240.7455 1.7833e+02    -0.6745     -0.612     -0.888    19.9158 0.0000e+00
     -0.624 -7.077e-20     8.5409     93.790      0.505   0.453823    -0.1855      5.838 -1240.7455 1.2267e+02    -0.5265     -0.612     -0.888    19.9164 0.0000e+00
     -0.625 -7.785e-19     8.5420     93.804      0.506   0.454967    -0.1835      5.838 -1240.7455 1.2043e+02    -0.2274     -0.613     -0.888    19.9170 0.0000e+00
     -0.625 -8.563e-18     8.5432     93.819      0.520   0.467544    -0.1870      5.834 -1240.7455 2.3421e+02    -0.0181     -0.613     -0.888    19.9177 0.0000e+00
     -0.625 -9.420e-17     8.5431     93.819      0.533   0.479074    -0.1813      5.832 -1240.7455 3.4928e+02     0.0818     -0.613     -0.888    19.9186 0.0000e+00
     -0.625 -1.036e-15     8.5425     93.813      0.521   0.467544    -0.1791      5.834 -1240.7455 2.4993e+02     0.0960     -0.613     -0.888    19.9195 0.0000e+00
     -0.625 -1.140e-14     8.5421     93.810      0.506   0.454967    -0.1881      5.836 -1240.7455 1.2465e+02     0.0318     -0.613     -0.888    19.9203 0.0000e+00
     -0.625 -1.254e-13     8.5417     93.807      0.505   0.453823    -0.1976      5.836 -1240.7455 1.0616e+02     0.0072     -0.612     -0.888    19.9211 0.0000e+00
     -0.625 -1.379e-12     8.5412     93.803      0.505   0.453709    -0.1932      5.836 -1240.7455 1.0908e+02     0.0127     -0.613     -0.888    19.9219 0.0000e+00
     -0.625 -1.517e-11     8.5405     93.797      0.505   0.453595    -0.1811      5.836 -1240.7455 1.1608e+02    -0.0252     -0.613     -0.888    19.9226 0.0000e+00
     -0.625 -1.669e-10     8.5393     93.785      0.504   0.452441    -0.1803      5.834 -1240.7455 1.2125e+02    -0.0547     -0.613     -0.889    19.9234 0.0000e+00
     -0.625 -1.836e-09     8.5393     93.786      0.490   0.439760    -0.1748      5.834 -1240.7455 1.2325e+02    -0.0385     -0.612     -0.888    19.9240 0.0000e+00
     -0.625 -2.019e-08     8.5404     93.798      0.475   0.427098    -0.1595      5.838 -1240.7455 1.2440e+02    -0.0121     -0.613     -0.889    19.9245 0.0000e+00
     -0.625 -2.221e-07     8.5399     93.793      0.474   0.426164    -0.1614      5.843 -1240.7455 1.2605e+02    -0.1016     -0.612     -0.888    19.9252 0.0000e+00
     -0.625 -4.072e-07     8.5398     93.793      0.477   0.428460    -0.1791      5.847 -1240.7455 1.2815e+02    -0.2963     -0.613     -0.889    19.9256 0.0000e+00
     -0.625 -2.220e-07     8.5404     93.799      0.506   0.454867    -0.1805      5.847 -1240.7455 1.2771e+02    -0.3825     -0.612     -0.888    19.9262 0.0000e+00
     -0.625 -1.961e-08     8.5405     93.801      0.547   0.491801    -0.1687      5.848 -1240.7455 1.2142e+02    -0.4110     -0.613     -0.889    19.9265 0.0000e+00
     -0.625 4.4944e-09     8.5412     93.810      0.551   0.494558    -0.1657      5.852 -1240.7455 1.1177e+02    -0.4586     -0.613     -0.889    19.9269 0.0000e+00
     -0.625 6.9461e-08     8.5416     93.815      0.543   0.488204    -0.1802      5.855 -1240.7452 1.0274e+02    -0.3475     -0.613     -0.888    19.9274 0.0000e+00
     -0.625 7.6590e-07     8.5413     93.812      0.603   0.541795    -0.2160      5.858 -1240.7421 9.5324e+01    -0.1047     -0.613     -0.889    19.9277 0.0000e+00
     -0.625      0.000     8.5403     93.803      0.707   0.635226    -0.2489      5.862 -1240.7079 8.9104e+01     0.0050     -0.613     -0.888    19.9280 0.0000e+00
     -0.625      0.000     8.5382     93.796      0.812   0.730099    -0.2659      5.865 -1240.3321 8.4508e+01    -0.0281     -0.613     -0.889    19.9285 0.0000e+00
     -0.625      0.001     8.5230     93.792      1.162   1.054764    -0.3116      5.873 -1236.1985 8.2346e+01    -0.0782     -0.613     -0.888    19.9282 0.0000e+00
     -0.625      0.006     8.4661     93.790      4.959   4.560726    -0.3966      5.926 -1190.7282 8.2191e+01    -0.1430     -0.612     -0.888    19.9293 0.0000e+00
     -0.625      0.018     8.3639     93.799     12.378  11.466353    -0.4478      6.099 -1032.6474 8.4282e+01    -0.2011     -0.613     -0.888    19.9286 0.0000e+00
     -0.625      0.037     8.2559     93.814     19.907  18.641064    -0.4434      6.376  -402.6707 8.9148e+01    -0.2320     -0.613     -0.888    19.9300 0.0000e+00
     -0.620      0.060     8.1761     93.841     26.982  25.505506    -0.3709      6.674   394.0538 9.4520e+01    -0.2725     -0.612     -0.888    19.9297 0.0000e+00
     -0.604      0.085     8.1249     93.866     30.986  29.460156    -0.2525      6.944   509.0908 9.7108e+01    -0.3542     -0.599     -0.868    20.2245 0.0000e+00
     -0.574      0.103     8.0909     93.874     31.564  30.143972    -0.1965      7.149   322.0301 9.6698e+01    -0.4265     -0.564     -0.818    20.9867 0.0000e+00
     -0.534      0.112     8.0668     93.879     31.602  30.280985    -0.1995      7.286   299.5614 9.5661e+01    -0.4453     -0.526     -0.762    21.7416 0.0000e+00
     -0.491      0.112     8.0474     93.877     31.597  30.354847    -0.1970      7.373   296.2743 9.5416e+01    -0.1841     -0.478     -0.694    22.2404 0.0000e+00
     -0.456      0.104     8.0323     93.877     31.581  30.402094    -0.1849      7.424   297.6013 9.6964e+01     0.3511     -0.439     -0.636    22.5618 0.0000e+00
     -0.437      0.095     8.0201     93.880     31.534  30.407789    -0.1734      7.461   298.5703 9.9357e+01     0.6551     -0.427     -0.619    22.7616 0.0000e+00
     -0.427      0.092     8.0098     93.884     31.439  30.360271    -0.1676      7.487   296.8913 9.9702e+01     0.7441     -0.420     -0.610    22.9136 0.0000e+00
     -0.414      0.096     8.0051     93.932     31.310  30.272158    -0.1418      7.493   294.6803 9.9848e+01     1.7322     -0.409     -0.592    23.0377 0.0000e+00
     -0.394      0.103     8.0078     94.037     31.175  30.168040     0.2305      7.478   293.6914 1.0321e+02     3.7213     -0.391     -0.567    23.1349 0.0000e+00
     -0.360      0.108     8.0168     94.183     31.108  30.117507     0.9336      7.456   289.6674 1.0892e+02     4.9879     -0.356     -0.518    23.2124 0.0000e+00
     -0.316      0.108     8.0321     94.357     31.163  30.169231     1.3288      7.433   281.1309 1.1366e+02     5.2061     -0.308     -0.447    23.2836 0.0000e+00
     -0.276      0.107     8.0519     94.552     31.297  30.285391     1.3691      7.408   273.9346 1.1866e+02     5.1389     -0.264     -0.384    23.3442 0.0000e+00
     -0.251      0.109     8.0708     94.748     31.403  30.378866     1.3478      7.387   270.6283 1.2694e+02     4.1754     -0.238     -0.345    23.3853 0.0000e+00
     -0.243      0.118     8.0876     94.952     31.433  30.410342     1.3093      7.373   269.1176 1.3567e+02     2.4065     -0.238     -0.343    23.4117 0.0000e+00
     -0.234      0.132     8.1058     95.196     31.424  30.411947     1.2899      7.362   268.2309 1.3817e+02     1.4212     -0.240     -0.349    23.4094 0.0000e+00
     -0.201      0.152     8.1298     95.511     31.398  30.398290     1.2888      7.352   267.5636 1.2923e+02     1.2952     -0.207     -0.301    23.3725 0.0000e+00
     -0.144      0.174     8.1635     95.933     31.362  30.372243     1.2953      7.342   267.0724 1.0377e+02     1.2800     -0.143     -0.206    23.3542 0.0000e+00
     -0.080      0.191     8.2097     96.494     31.333  30.351051     1.2954      7.334   267.0243 7.3335e+01     1.2988     -0.075     -0.109    23.3638 0.0000e+00
     -0.021      0.198     8.2676     97.184     31.311  30.332579     1.2904      7.329   267.2400 6.1142e+01     1.3083     -0.017     -0.025    23.3838 0.0000e+00
      0.029      0.191     8.3338     97.967     31.316  30.339417     1.2898      7.324   267.5296 5.8932e+01     1.3038      0.030      0.044    23.4045 0.0000e+00
      0.074      0.175     8.3954     98.691     31.348  30.370225     1.2882      7.319   267.9446 5.3277e+01     1.2750      0.073      0.105    23.4172 0.0000e+00
      0.115      0.153     8.4193     98.964     31.369  30.387555     1.2892      7.317   268.3006 4.9870e+01     1.2657      0.114      0.165    23.4283 0.0000e+00
      0.153      0.130     8.3751     98.427     31.411  30.421932     1.2919      7.317   268.5638 4.9510e+01     1.2832      0.150      0.218    23.4332 0.0000e+00
      0.188      0.110     8.2576     97.017     31.469  30.468333     1.2929      7.314   269.2340 4.9437e+01     1.3030      0.187      0.271    23.4351 0.0000e+00
      0.214      0.100     8.0870     94.990     31.448  30.440530     1.3107      7.305   270.4685 4.9550e+01     1.3216      0.215      0.312    23.4358 0.0000e+00
      0.228      0.100     7.8954     92.731     31.347  30.339774     1.3425      7.290   271.4443 5.0047e+01     1.2944      0.226      0.328    23.4330 0.0000e+00
      0.237      0.106     7.7116     90.569     31.273  30.266187     1.3550      7.272   271.7393 5.0621e+01     1.2484      0.230      0.334    23.4230 0.0000e+00
      0.257      0.114     7.5561     88.720     31.264  30.249357     1.3522      7.257   271.9707 5.1936e+01     1.2535      0.240      0.348    23.4045 0.0000e+00
      0.298      0.121     7.4362     87.278     31.292  30.263274     1.3542      7.247   272.4350 5.6682e+01     1.2954      0.289      0.418    23.3866 0.0000e+00
      0.349      0.121     7.3511     86.255     31.347  30.307432     1.3708      7.242   272.8792 6.3805e+01     1.2668      0.349      0.505    23.3855 0.0000e+00
      0.389      0.112     7.2934     85.568     31.383  30.338708     1.3968      7.245   273.1253 6.9640e+01     1.1520      0.383      0.556    23.3924 0.0000e+00
      0.417      0.092     7.2494     85.051     31.368  30.323906     1.4103      7.253   273.1733 7.7555e+01     1.0980      0.413      0.599    23.3754 0.0000e+00
      0.434      0.066     7.2050     84.527     31.364  30.318985     1.4147      7.261   273.2880 9.8805e+01     1.1020      0.430      0.624    23.3468 0.0000e+00
      0.441      0.041     7.1500     83.876     31.391  30.342706     1.4133      7.266   273.6522 1.6236e+02     1.0782      0.432      0.627    23.3317 0.0000e+00
      0.443      0.023     7.0804     83.054     31.408  30.356695     1.4033      7.271   274.0487 2.1171e+02     1.0848      0.435      0.630    23.3297 0.0000e+00
      0.444      0.012     7.0026     82.135     31.415  30.361100     1.4033      7.275   274.2962 1.8235e+02     1.1209      0.437      0.633    23.3302 0.0000e+00
      0.444      0.007     6.9240     81.207     31.454  30.395967     1.4139      7.277   274.5801 1.5038e+02     1.1476      0.436      0.632    23.3280 0.0000e+00
      0.446      0.006     6.8488     80.321     31.523  30.460733     1.4020      7.277   274.9858 1.4295e+02     1.1939      0.437      0.634    23.3245 0.0000e+00
      0.448      0.006     6.7837     79.557     31.573  30.509125     1.3705      7.276   275.3299 1.3237e+02     1.2542      0.440      0.638    23.3208 0.0000e+00
      0.450      0.006     6.7307     78.938     31.600  30.536531     1.3644      7.274   275.5574 1.3137e+02     1.2975      0.441      0.639    23.3162 0.0000e+00
      0.452      0.006     6.6873     78.435     31.599  30.538077     1.3735      7.272   275.6713 1.2855e+02     1.3201      0.442      0.642    23.3115 0.0000e+00
      0.454      0.006     6.6549     78.063     31.585  30.527816     1.3613      7.272   275.7605 1.0952e+02     1.3443      0.445      0.646    23.3092 0.0000e+00
      0.455      0.005     6.6365     77.854     31.595  30.539488     1.3457      7.272   275.9470 9.3901e+01     1.3462      0.446      0.648    23.3076 0.0000e+00
      0.455      0.004     6.6372     77.869     31.605  30.552198     1.3497      7.272   276.1201 9.0552e+01     1.3126      0.446      0.648    23.3106 0.0000e+00
      0.456      0.004     6.6666     78.216     31.606  30.554480     1.3632      7.271   276.3044 8.9697e+01     1.2736      0.448      0.649    23.3159 0.0000e+00
      0.457      0.004     6.7255     78.904     31.619  30.567076     1.3812      7.269   276.6269 9.0222e+01     1.1798      0.449      0.651    23.3203 0.0000e+00
      0.458      0.004     6.8007     79.779     31.634  30.577487     1.4012      7.265   276.9214 9.0819e+01     1.0631      0.449      0.650    23.3252 0.0000e+00
      0.459      0.003     6.8809     80.706     31.615  30.553346     1.4122      7.262   277.1123 9.0401e+01     1.0523      0.449      0.652    23.3296 0.0000e+00
      0.461      0.002     6.9589     81.606     31.596  30.529206     1.4130      7.261   277.3003 8.9729e+01     1.0802      0.452      0.656    23.3326 0.0000e+00
      0.461      0.001     7.0227     82.346     31.611  30.539617     1.4111      7.263   277.4733 8.8168e+01     1.0656      0.452      0.655    23.3313 0.0000e+00
      0.461      0.001     7.0637     82.822     31.626  30.552214     1.4074      7.265   277.6553 8.4940e+01     1.0583      0.454      0.657    23.3256 0.0000e+00
      0.461      0.002     7.0786     82.995     31.628  30.554494     1.4057      7.265   277.8665 8.2550e+01     1.0529      0.454      0.658    23.3167 0.0000e+00
      0.460      0.003     7.0655     82.840     31.642  30.567194     1.4172      7.264   278.0482 8.7015e+01     1.0611      0.450      0.653    23.3048 0.0000e+00
      0.460      0.004     7.0320     82.445     31.655  30.578750     1.4280      7.263   278.2178 1.0917e+02     1.0966      0.450      0.652    23.2988 0.0000e+00
      0.462      0.005     6.9900     81.955     31.642  30.567203     1.4077      7.263   278.3676 1.2646e+02     1.1159      0.453      0.658    23.2977 0.0000e+00
      0.466      0.007     6.9503     81.494     31.627  30.554598     1.3637      7.263   278.4833 1.1150e+02     1.1119      0.458      0.663    23.2967 0.0000e+00
      0.468      0.007     6.9202     81.144     31.624  30.553348     1.3375      7.263   278.5846 9.4753e+01     1.0791      0.460      0.666    23.2959 0.0000e+00
      0.470      0.006     6.8993     80.902     31.622  30.552100     1.3485      7.263   278.6456 9.2054e+01     1.0547      0.460      0.667    23.2939 0.0000e+00
      0.471      0.005     6.8833     80.718     31.608  30.539503     1.3679      7.263   278.7045 8.9340e+01     1.0917      0.462      0.668    23.2944 0.0000e+00
      0.473      0.004     6.8674     80.537     31.594  30.528058     1.3606      7.262   278.7808 8.6548e+01     1.1296      0.464      0.673    23.2979 0.0000e+00
      0.474      0.003     6.8475     80.309     31.604  30.540740     1.3520      7.260   278.8790 8.4671e+01     1.1154      0.465      0.675    23.3008 0.0000e+00
      0.474      0.002     6.8225     80.021     31.628  30.565829     1.3559      7.259   279.1176 8.3485e+01     1.0729      0.465      0.674    23.3028 0.0000e+00
      0.474      0.002     6.7950     79.704     31.637  30.577374     1.3524      7.259   279.4298 8.2990e+01     1.0426      0.464      0.673    23.3054 0.0000e+00
