Data/DataNotYetUploadedToEDI/Raw_CTD/RawDownloads/060418_fcr45.cnv
* Sea-Bird SBE19plus  Data File:
* FileName = C:\DATA\060418_fcr50_0006.hex
* Software version 2.6.3.104 SB_Terminal.dll
* Temperature SN = 7809
* Conductivity SN = 7809
* System UpLoad Time = Jun 04 2018 16:29:33
* <ApplicationData>
* <Seaterm232>
# nquan = 15
# nvalues = 524                         
# units = specified
# name 0 = depFM: Depth [fresh water, m]
# name 1 = dz/dtM: Descent Rate [m/s]
# name 2 = sbeox0Mg/L: Oxygen, SBE 43 [mg/l]
# name 3 = sbeox0PS: Oxygen, SBE 43 [% saturation]
# name 4 = specc: Specific Conductance [uS/cm]
# name 5 = c0uS/cm: Conductivity [uS/cm]
# name 6 = flECO-AFL: Fluorescence, WET Labs ECO-AFL/FL [mg/m^3]
# name 7 = ph: pH
# name 8 = orp: Oxidation Reduction Potential [mV]
# name 9 = par/sat/log: PAR/Logarithmic, Satlantic
# name 10 = turbWETntu0: Turbidity, WET Labs ECO [NTU]
# name 11 = prdM: Pressure, Strain Gauge [db]
# name 12 = prdE: Pressure, Strain Gauge [psi]
# name 13 = tv290C: Temperature [ITS-90, deg C]
# name 14 = flag:  0.000e+00
# span 0 =     -0.624,      7.339       
# span 1 =     -0.004,      0.208       
# span 2 =     2.5280,     9.7944       
# span 3 =     22.958,    107.080       
# span 4 =      0.340,     41.943       
# span 5 =   0.302570,  31.754203       
# span 6 =    -0.9608,     2.8507       
# span 7 =      5.841,      7.677       
# span 8 = -1240.7415,  1213.1263       
# span 9 = 2.3517e+00, 2.4399e+03       
# span 10 =    -5.6164,    24.8040      
# span 11 =     -0.613,      7.199      
# span 12 =     -0.889,     10.441      
# span 13 =    10.0429,    23.9091      
# span 14 = 0.0000e+00, 0.0000e+00      
# interval = seconds: 0.25
# start_time = Jun 04 2018 15:14:09 [Instrument's time stamp, header]
# bad_flag = -9.990e-29
*END*
[from data line 97]
      0.408      0.004     6.8547     80.667     31.689  30.736226     0.9495      7.288   280.1504 1.6170e+03     1.0730      0.402      0.582    23.5013 0.0000e+00
      0.410      0.000     6.8324     80.402     31.675  30.722360     0.9473      7.284   280.2035 1.3640e+03     1.0899      0.403      0.583    23.4927 0.0000e+00
      0.409     -0.003     6.8242     80.304     31.674  30.720996     0.9364      7.285   280.3933 1.0435e+03     1.0908      0.401      0.581    23.4913 0.0000e+00
      0.405     -0.003     6.8293     80.361     31.674  30.719728     0.9189      7.288   280.5516 9.9916e+02     1.0535      0.399      0.577    23.4917 0.0000e+00
      0.400     -0.003     6.8427     80.511     31.664  30.707027     0.9009      7.291   280.5691 9.8970e+02     1.0360      0.393      0.570    23.4918 0.0000e+00
      0.398     -0.001     6.8593     80.696     31.656  30.694439     0.8937      7.294   280.6914 9.3201e+02     1.0628      0.389      0.565    23.4909 0.0000e+00
      0.399      0.001     6.8763     80.883     31.661  30.694535     0.8965      7.298   280.8250 8.7980e+02     1.0718      0.391      0.567    23.4891 0.0000e+00
      0.403      0.003     6.8908     81.040     31.681  30.708181     0.8979      7.300   280.8089 1.0615e+03     1.0533      0.396      0.575    23.4878 0.0000e+00
      0.406      0.004     6.9004     81.140     31.712  30.732409     0.8916      7.302   280.8404 1.2350e+03     1.0531      0.399      0.579    23.4837 0.0000e+00
      0.407      0.004     6.9025     81.150     31.719  30.733441     0.8847      7.305   281.0330 1.0899e+03     1.0685      0.399      0.579    23.4756 0.0000e+00
      0.406      0.004     6.8970     81.070     31.713  30.720647     0.8886      7.308   281.2450 9.5857e+02     1.1180      0.398      0.577    23.4664 0.0000e+00
      0.406      0.004     6.8845     80.903     31.705  30.704721     0.9286      7.310   281.3393 8.4456e+02     1.1626      0.397      0.575    23.4579 0.0000e+00
      0.406      0.003     6.8619     80.610     31.678  30.667879     0.9926      7.310   281.3126 7.9613e+02     1.1509      0.397      0.576    23.4500 0.0000e+00
      0.409      0.002     6.8273     80.178     31.678  30.656220     1.0271      7.310   281.3530 8.8254e+02     1.1283      0.400      0.581    23.4404 0.0000e+00
      0.413      0.001     6.7842     79.658     31.719  30.690754     1.0334      7.310   281.5688 9.8192e+02     1.1030      0.405      0.588    23.4299 0.0000e+00
      0.413      0.001     6.7412     79.152     31.734  30.704380     1.0323      7.310   281.8572 1.1997e+03     1.0893      0.407      0.589    23.4195 0.0000e+00
      0.410      0.001     6.7082     78.765     31.723  30.693959     1.0323      7.307   282.0859 1.2735e+03     1.0851      0.402      0.583    23.4001 0.0000e+00
      0.407      0.001     6.6872     78.519     31.721  30.691763     1.0250      7.302   282.2691 1.0803e+03     1.0825      0.397      0.576    23.3768 0.0000e+00
      0.407      0.001     6.6719     78.338     31.707  30.677830     1.0073      7.299   282.4384 9.4682e+02     1.1190      0.398      0.577    23.3694 0.0000e+00
      0.410      0.002     6.6548     78.132     31.683  30.652515     0.9751      7.298   282.4119 9.6237e+02     1.1295      0.403      0.585    23.3723 0.0000e+00
      0.413      0.003     6.6346     77.888     31.673  30.639699     0.9306      7.297   282.2934 9.8272e+02     1.0867      0.406      0.588    23.3731 0.0000e+00
      0.414      0.003     6.6129     77.626     31.687  30.649871     0.9097      7.297   282.2955 8.4291e+02     1.0592      0.407      0.590    23.3738 0.0000e+00
      0.413      0.002     6.5907     77.362     31.687  30.648488     0.9059      7.298   282.3511 7.1280e+02     1.0416      0.406      0.588    23.3733 0.0000e+00
      0.412      0.002     6.5704     77.118     31.663  30.622981     0.9031      7.298   282.4491 9.0231e+02     1.0269      0.403      0.585    23.3690 0.0000e+00
      0.411      0.002     6.5545     76.922     31.639  30.595488     0.9026      7.298   282.6211 1.1433e+03     1.0336      0.402      0.583    23.3630 0.0000e+00
      0.413      0.002     6.5448     76.794     31.619  30.570085     0.9005      7.297   282.7960 1.2096e+03     1.0613      0.404      0.587    23.3580 0.0000e+00
      0.415      0.003     6.5398     76.719     31.626  30.569857     0.8951      7.294   282.9290 1.1685e+03     1.0871      0.407      0.592    23.3566 0.0000e+00
      0.417      0.003     6.5378     76.681     31.656  30.592722     0.8935      7.293   283.0248 9.5284e+02     1.0720      0.409      0.594    23.3542 0.0000e+00
      0.417      0.002     6.5348     76.635     31.661  30.592503     0.9274      7.293   283.0930 8.1243e+02     1.0612      0.409      0.593    23.3465 0.0000e+00
      0.416      0.001     6.5237     76.497     31.638  30.567204     0.9926      7.293   283.1520 8.0876e+02     1.0782      0.408      0.592    23.3367 0.0000e+00
      0.416      0.001     6.5039     76.259     31.614  30.540855     1.0291      7.292   283.1359 8.1412e+02     1.0648      0.408      0.591    23.3250 0.0000e+00
      0.416      0.001     6.4789     75.962     31.603  30.527945     1.0289      7.291   283.1568 9.0884e+02     1.0212      0.408      0.591    23.3143 0.0000e+00
      0.416      0.002     6.4469     75.583     31.615  30.538119     1.0541      7.290   283.3182 9.4052e+02     1.0088      0.408      0.592    23.3069 0.0000e+00
      0.416      0.004     6.4111     75.159     31.615  30.536848     1.1136      7.289   283.3672 8.6357e+02     1.0366      0.409      0.594    23.3014 0.0000e+00
      0.416      0.005     6.3798     74.783     31.593  30.512574     1.1506      7.287   283.3184 7.9491e+02     1.0521      0.408      0.592    23.2977 0.0000e+00
      0.418      0.004     6.3530     74.462     31.582  30.498652     1.1524      7.285   283.3301 7.7732e+02     1.0438      0.409      0.593    23.2945 0.0000e+00
      0.423      0.002     6.3275     74.160     31.581  30.495517     1.1346      7.283   283.3366 8.6879e+02     1.0585      0.415      0.603    23.2926 0.0000e+00
      0.426      0.000     6.3012     73.845     31.562  30.474672     1.1111      7.282   283.3981 1.0086e+03     1.1070      0.420      0.610    23.2911 0.0000e+00
      0.424     -0.001     6.2733     73.505     31.529  30.437131     1.0977      7.281   283.6432 1.1490e+03     1.1115      0.416      0.604    23.2835 0.0000e+00
      0.419     -0.002     6.2437     73.145     31.521  30.422635     1.0922      7.280   283.9771 1.2259e+03     1.0526      0.410      0.595    23.2773 0.0000e+00
      0.417     -0.002     6.2132     72.775     31.531  30.426406     1.0712      7.279   284.2507 1.1288e+03     1.0351      0.407      0.591    23.2774 0.0000e+00
      0.417     -0.001     6.1840     72.420     31.529  30.419203     1.0368      7.279   284.3704 9.8256e+02     1.0837      0.408      0.592    23.2725 0.0000e+00
      0.419      0.001     6.1541     72.059     31.514  30.399049     1.0253      7.279   284.3066 9.9808e+02     1.0908      0.411      0.598    23.2619 0.0000e+00
      0.421      0.003     6.1231     71.685     31.492  30.373230     1.0244      7.279   284.2534 1.1338e+03     1.0597      0.413      0.600    23.2515 0.0000e+00
      0.421      0.003     6.0932     71.324     31.484  30.361040     1.0448      7.280   284.2427 1.0793e+03     1.0741      0.413      0.599    23.2426 0.0000e+00
      0.421      0.002     6.0617     70.946     31.508  30.378671     1.1060      7.280   284.1780 8.7554e+02     1.0813      0.413      0.599    23.2338 0.0000e+00
      0.421      0.001     6.0287     70.549     31.531  30.395876     1.1492      7.279   284.1586 7.8909e+02     1.0555      0.413      0.599    23.2256 0.0000e+00
      0.422      0.001     5.9998     70.200     31.518  30.378547     1.1535      7.279   284.0949 7.5297e+02     1.0669      0.413      0.600    23.2176 0.0000e+00
      0.422      0.001     5.9754     69.904     31.503  30.359657     1.1487      7.279   284.0102 6.6392e+02     1.0670      0.414      0.601    23.2101 0.0000e+00
      0.422      0.000     5.9512     69.611     31.507  30.357992     1.1472      7.280   284.0806 7.9349e+02     1.0263      0.414      0.601    23.2021 0.0000e+00
      0.422 -3.913e-07     5.9279     69.329     31.513  30.358409     1.1528      7.280   284.1711 1.0616e+03     1.0328      0.415      0.602    23.1943 0.0000e+00
      0.422      0.000     5.9066     69.069     31.525  30.364694     1.1615      7.279   284.3310 1.0268e+03     1.0844      0.415      0.602    23.1868 0.0000e+00
      0.421      0.000     5.8877     68.837     31.536  30.370466     1.1607      7.276   284.5508 8.3586e+02     1.1317      0.413      0.599    23.1786 0.0000e+00
      0.421     -0.001     5.8721     68.646     31.534  30.364683     1.1251      7.274   284.5918 7.5256e+02     1.1468      0.412      0.598    23.1712 0.0000e+00
      0.422     -0.001     5.8573     68.463     31.532  30.358271     1.0618      7.273   284.5686 8.0156e+02     1.1142      0.413      0.599    23.1637 0.0000e+00
      0.422     -0.001     5.8413     68.268     31.535  30.356446     1.0291      7.274   284.6141 8.9761e+02     1.0735      0.415      0.601    23.1552 0.0000e+00
      0.421     -0.001     5.8254     68.074     31.525  30.342601     1.0327      7.274   284.6261 1.0207e+03     1.0508      0.414      0.600    23.1469 0.0000e+00
      0.420     -0.001     5.8116     67.905     31.503  30.317882     1.0501      7.273   284.6277 9.9692e+02     1.0238      0.412      0.597    23.1395 0.0000e+00
      0.419     -0.001     5.7996     67.759     31.500  30.311583     1.0738      7.268   284.7193 7.8462e+02     1.0207      0.411      0.596    23.1331 0.0000e+00
      0.419     -0.001     5.7861     67.594     31.522  30.329942     1.0894      7.260   284.7008 8.0147e+02     1.0745      0.411      0.596    23.1266 0.0000e+00
      0.419      0.000     5.7700     67.399     31.546  30.349333     1.1015      7.250   284.6628 1.0462e+03     1.1252      0.412      0.597    23.1195 0.0000e+00
      0.419      0.002     5.7540     67.205     31.556  30.355517     1.1194      7.243   284.8622 1.2393e+03     1.1154      0.411      0.596    23.1130 0.0000e+00
      0.419      0.004     5.7403     67.041     31.544  30.341202     1.1397      7.240   285.0461 1.2928e+03     1.0780      0.411      0.596    23.1083 0.0000e+00
      0.420      0.004     5.7288     66.901     31.506  30.303266     1.1541      7.239   285.0796 1.1481e+03     1.0697      0.411      0.596    23.1034 0.0000e+00
      0.423      0.004     5.7184     66.774     31.483  30.277870     1.1566      7.236   285.0093 9.0835e+02     1.0752      0.414      0.601    23.0969 0.0000e+00
      0.426      0.003     5.7092     66.661     31.497  30.288159     1.1411      7.233   284.8845 7.7573e+02     1.0835      0.418      0.607    23.0910 0.0000e+00
      0.427      0.002     5.7002     66.549     31.513  30.300652     1.1140      7.231   284.7751 7.7146e+02     1.0790      0.419      0.608    23.0886 0.0000e+00
      0.426     -0.000     5.6915     66.441     31.518  30.301906     1.0952      7.230   284.8052 8.8591e+02     1.0510      0.418      0.606    23.0860 0.0000e+00
      0.424     -0.002     5.6835     66.341     31.523  30.303311     1.0982      7.229   284.9905 9.6656e+02     1.0502      0.415      0.602    23.0807 0.0000e+00
      0.423     -0.002     5.6760     66.249     31.540  30.317633     1.1041      7.230   285.2085 8.1553e+02     1.0701      0.414      0.601    23.0763 0.0000e+00
      0.423     -0.002     5.6696     66.171     31.573  30.348064     1.0841      7.232   285.4612 6.7269e+02     1.0775      0.415      0.602    23.0714 0.0000e+00
      0.423     -0.001     5.6633     66.096     31.580  30.353723     1.0494      7.235   285.5508 7.6409e+02     1.0790      0.414      0.601    23.0651 0.0000e+00
      0.423      0.000     5.6567     66.017     31.549  30.322549     1.0243      7.237   285.5185 8.5895e+02     1.0876      0.414      0.601    23.0596 0.0000e+00
      0.423 -3.695e-08     5.6515     65.952     31.515  30.288665     1.0201      7.239   285.5865 8.1220e+02     1.0896      0.414      0.601    23.0566 0.0000e+00
      0.423 -4.064e-07     5.6492     65.919     31.490  30.261557     1.0351      7.241   285.5989 7.5724e+02     1.0727      0.415      0.602    23.0550 0.0000e+00
      0.422      0.000     5.6462     65.879     31.480  30.248803     1.0586      7.241   285.5823 7.4355e+02     1.0366      0.414      0.601    23.0536 0.0000e+00
      0.422     -0.000     5.6395     65.794     31.497  30.261464     1.0838      7.241   285.5578 7.6702e+02     1.0193      0.414      0.600    23.0520 0.0000e+00
      0.422     -0.001     5.6315     65.693     31.528  30.287632     1.0999      7.240   285.5613 7.8260e+02     1.0465      0.414      0.601    23.0482 0.0000e+00
      0.422     -0.001     5.6244     65.603     31.556  30.311164     1.1252      7.240   285.7107 8.0481e+02     1.0596      0.414      0.600    23.0445 0.0000e+00
      0.422     -0.000     5.6169     65.514     31.669  30.418975     1.1696      7.240   285.7288 9.2232e+02     1.0563      0.413      0.600    23.0391 0.0000e+00
      0.422 -1.818e-08     5.6121     65.482     31.885  30.638566     1.1953      7.240   285.6943 9.5252e+02     1.0675      0.414      0.601    23.0331 0.0000e+00
      0.422 -2.000e-07     5.6397     65.891     32.015  30.807035     1.2062      7.239   285.8093 7.9420e+02     1.0725      0.413      0.599    23.0274 0.0000e+00
      0.422 -1.661e-07     5.7714     67.573     32.006  30.868327     1.2183      7.239   285.8284 8.4099e+02     1.0561      0.413      0.600    23.0221 0.0000e+00
      0.422 3.9102e-07     6.0784     71.299     31.944  30.871695     1.2219      7.240   285.8396 1.0947e+03     1.0523      0.414      0.600    23.0174 0.0000e+00
      0.422      0.000     6.5419     76.812     31.884  30.847855     1.2219      7.240   285.9453 1.0585e+03     1.0574      0.413      0.599    23.0188 0.0000e+00
      0.422      0.000     7.0656     82.989     31.856  30.834140     1.2180      7.239   285.9873 8.3773e+02     1.0563      0.414      0.600    23.0877 0.0000e+00
      0.422      0.001     7.5676     88.894     31.852  30.832902     1.2031      7.238   286.0897 7.3349e+02     1.0698      0.414      0.601    23.2262 0.0000e+00
      0.422      0.001     7.9979     93.945     31.853  30.832894     1.1884      7.237   286.3227 7.6116e+02     1.0669      0.413      0.599    23.3349 0.0000e+00
      0.422      0.001     8.3270     97.805     31.856  30.834038     1.1782      7.236   286.4823 8.6869e+02     1.0521      0.413      0.599    23.3818 0.0000e+00
      0.423      0.000     8.5412    100.323     31.869  30.846738     1.1630      7.234   286.4702 9.4010e+02     1.0438      0.414      0.601    23.3944 0.0000e+00
      0.423      0.000     8.6360    101.446     31.879  30.859430     1.1515      7.234   286.4347 9.3399e+02     1.0274      0.415      0.603    23.3964 0.0000e+00
      0.423      0.001     8.6303    101.391     31.876  30.860490     1.1314      7.231   286.4828 9.0426e+02     1.0365      0.416      0.604    23.3941 0.0000e+00
      0.422      0.002     8.5645    100.636     31.868  30.859554     1.0939      7.225   286.6213 1.0464e+03     1.0622      0.414      0.601    23.3886 0.0000e+00
      0.422      0.002     8.4770     99.625     31.850  30.848120     1.0747      7.220   286.7334 1.2867e+03     1.0644      0.413      0.599    23.3904 0.0000e+00
      0.423      0.001     8.3929     98.647     31.848  30.849265     1.0837      7.219   286.7199 1.2596e+03     1.0633      0.414      0.602    23.3954 0.0000e+00
