Data/DataNotYetUploadedToEDI/Raw_CTD/RawDownloads/060418_fcr10.cnv
* Sea-Bird SBE19plus  Data File:
* FileName = C:\DATA\060418_fcr50_0003.hex
* Software version 2.6.3.104 SB_Terminal.dll
* Temperature SN = 7809
* Conductivity SN = 7809
* System UpLoad Time = Jun 04 2018 16:28:04
* <ApplicationData>
* <Seaterm232>
# nquan = 15
# nvalues = 511                         
# units = specified
# name 0 = depFM: Depth [fresh water, m]
# name 1 = dz/dtM: Descent Rate [m/s]
# name 2 = sbeox0Mg/L: Oxygen, SBE 43 [mg/l]
# name 3 = sbeox0PS: Oxygen, SBE 43 [% saturation]
# name 4 = specc: Specific Conductance [uS/cm]
# name 5 = c0uS/cm: Conductivity [uS/cm]
# name 6 = flECO-AFL: Fluorescence, WET Labs ECO-AFL/FL [mg/m^3]
# name 7 = ph: pH
# name 8 = orp: Oxidation Reduction Potential [mV]
# name 9 = par/sat/log: PAR/Logarithmic, Satlantic
# name 10 = turbWETntu0: Turbidity, WET Labs ECO [NTU]
# name 11 = prdM: Pressure, Strain Gauge [db]
# name 12 = prdE: Pressure, Strain Gauge [psi]
# name 13 = tv290C: Temperature [ITS-90, deg C]
# name 14 = flag:  0.000e+00
# span 0 =     -0.613,      2.759       
# span 1 =     -0.145,      0.178       
# span 2 =    -1.3479,    12.1908       
# span 3 =    -13.715,    128.628       
# span 4 =      0.634,    182.405       
# span 5 =   0.637825, 149.637330       
# span 6 =    -0.2399,     5.8648       
# span 7 =      4.099,     10.509       
# span 8 = -1236.7935,   415.9239       
# span 9 = 4.4093e+00, 1.8283e+03       
# span 10 =    -0.6196,    34.0473      
# span 11 =     -0.602,      2.707      
# span 12 =     -0.872,      3.926      
# span 13 =    15.9303,    25.3104      
# span 14 = 0.0000e+00, 0.0000e+00      
# interval = seconds: 0.25
# start_time = Jun 04 2018 14:22:00 [Instrument's time stamp, header]
# bad_flag = -9.990e-29
*END*
     -0.612 -1.400e-10     8.0668     98.185      0.688   0.692023    -0.1669      9.993  -800.5948 1.5396e+02    -0.4193     -0.600     -0.870    25.3102 0.0000e+00
     -0.612 -1.540e-09     8.0674     98.192      0.712   0.716222    -0.1639      9.586  -636.2251 1.5123e+02    -0.4163     -0.600     -0.870    25.3104 0.0000e+00
     -0.612 -1.694e-08     8.0654     98.169      0.713   0.717355    -0.1622      9.441  -544.0707 1.5089e+02    -0.4194     -0.601     -0.871    25.3100 0.0000e+00
     -0.612 -1.863e-07     8.0651     98.165      0.702   0.705722    -0.1652      9.606  -360.3096 1.4255e+02    -0.3346     -0.600     -0.871    25.3095 0.0000e+00
     -0.612 -1.863e-07     8.0659     98.175      0.698   0.702386    -0.1630      9.821  -327.6391 1.3135e+02    -0.1235     -0.601     -0.872    25.3094 0.0000e+00
     -0.612 -1.693e-08     8.0660     98.177      0.673   0.677023    -0.1637      9.989  -351.5916 1.2644e+02    -0.0029     -0.600     -0.871    25.3091 0.0000e+00
     -0.612 -1.539e-09     8.0666     98.184      0.648   0.652698    -0.1642     10.082  -144.0065 1.2303e+02    -0.0062     -0.601     -0.871    25.3091 0.0000e+00
     -0.612 -1.400e-10     8.0666     98.185      0.657   0.661930    -0.1503     10.139   -84.1911 1.1805e+02    -0.1631     -0.600     -0.872    25.3092 0.0000e+00
     -0.612 -1.272e-11     8.0655     98.172      0.657   0.661824    -0.1241     10.178  -290.0966 1.1321e+02    -0.4661     -0.601     -0.871    25.3091 0.0000e+00
     -0.612 -1.157e-12     8.0652     98.168      0.647   0.651419    -0.1053     10.131  -533.6327 1.1129e+02    -0.6175     -0.601     -0.871    25.3095 0.0000e+00
     -0.612 -1.052e-13     8.0668     98.187      0.659   0.662938    -0.1063     10.023  -764.3839 1.1308e+02    -0.6196     -0.601     -0.871    25.3098 0.0000e+00
     -0.612 -9.560e-15     8.0688     98.211      0.670   0.674278    -0.1274      9.949  -917.1486 1.1758e+02    -0.5227     -0.601     -0.872    25.3099 0.0000e+00
     -0.612 -8.668e-16     8.0694     98.216      0.658   0.661712    -0.1494      9.934  -960.5339 1.2133e+02    -0.3005     -0.601     -0.871    25.3100 0.0000e+00
     -0.612 -5.487e-17     8.0687     98.205      0.634   0.637825    -0.1517      9.922  -973.6174 1.2040e+02    -0.1907     -0.600     -0.871    25.3101 0.0000e+00
     -0.613 2.5823e-16     8.0684     98.201      0.635   0.639107    -0.1551      9.887  -980.0950 1.1666e+02    -0.2330     -0.601     -0.871    25.3097 0.0000e+00
     -0.613 2.9188e-15     8.0682     98.199      0.673   0.677217    -0.1815      9.912  -961.4185 1.1410e+02    -0.3239     -0.601     -0.872    25.3091 0.0000e+00
     -0.613 3.2114e-14     8.0677     98.192      0.714   0.718139    -0.2128     10.017  -939.5833 1.1341e+02    -0.4044     -0.601     -0.871    25.3080 0.0000e+00
     -0.613 3.5326e-13     8.0685     98.202      0.749   0.753419    -0.2305     10.095  -937.3799 1.1236e+02    -0.4136     -0.601     -0.871    25.3070 0.0000e+00
     -0.613 3.8858e-12     8.0695     98.215      0.845   0.850142    -0.2399     10.102  -933.7451 1.0990e+02    -0.4042     -0.601     -0.871    25.3066 0.0000e+00
     -0.613 4.2744e-11     8.0693     98.211      1.057   1.063252    -0.2250     10.116  -846.5068 1.0899e+02    -0.3522     -0.601     -0.871    25.3064 0.0000e+00
     -0.613 4.7019e-10     8.0680     98.194      1.293   1.300912    -0.1887     10.271  -719.9234 1.1082e+02    -0.2728     -0.601     -0.871    25.3064 0.0000e+00
     -0.613 5.1721e-09     8.0675     98.184      1.432   1.440802    -0.1678     10.509  -656.9141 1.1177e+02    -0.2375     -0.600     -0.871    25.3068 0.0000e+00
     -0.613 5.6893e-08     8.0688     98.194      1.477   1.486396    -0.1653     10.393  -741.5763 1.1054e+02    -0.2004     -0.601     -0.871    25.3069 0.0000e+00
     -0.613 6.2582e-07     8.0705     98.209      1.525   1.535111    -0.1675      9.545  -917.5899 1.0869e+02    -0.1905     -0.601     -0.872    25.3070 0.0000e+00
     -0.612      0.000     8.0721     98.224      1.639   1.649322    -0.1676      8.214  -688.1317 1.0612e+02    -0.2099     -0.601     -0.871    25.3060 0.0000e+00
     -0.612      0.000     8.0731     98.234      1.715   1.725844    -0.1660      7.066  -129.4695 1.0332e+02    -0.2214     -0.601     -0.871    25.3040 0.0000e+00
     -0.612      0.001     8.0743     98.245      1.689   1.699362    -0.1662      6.356  -173.6406 1.0117e+02    -0.2369     -0.600     -0.871    25.3003 0.0000e+00
     -0.612      0.004     8.0778     98.265      1.700   1.709621    -0.1701      5.783  -821.6872 1.0016e+02    -0.2154     -0.600     -0.871    25.2981 0.0000e+00
     -0.612      0.011     8.0923     98.266      1.780   1.786473    -0.1766      4.874 -1202.6052 1.0085e+02    -0.1438     -0.601     -0.871    25.2934 0.0000e+00
     -0.612      0.019     8.1319     98.250      1.807   1.804177    -0.1892      4.099 -1236.7935 1.0361e+02    -0.0726     -0.600     -0.870    25.2947 0.0000e+00
     -0.610      0.025     8.1904     98.255      1.879   1.860249    -0.2033      4.333 -1235.0540 1.0765e+02    -0.0262     -0.602     -0.872    25.2895 0.0000e+00
     -0.600      0.030     8.2443     98.276      2.250   2.210749    -0.1910      4.975 -1181.5736 1.1070e+02     0.0204     -0.592     -0.859    25.2961 0.0000e+00
     -0.583      0.034     8.2817     98.290      5.016   4.900543    -0.1687      5.433  -590.1666 1.1193e+02     0.0329     -0.569     -0.826    25.2671 0.0000e+00
     -0.569      0.042     8.3053     98.293     12.367  12.054686    -0.1641      5.941   277.0141 1.1155e+02     0.0038     -0.555     -0.805    24.9593 0.0000e+00
     -0.564      0.058     8.3231     98.304     21.987  21.398718    -0.1631      6.507   415.9239 1.1051e+02     0.0646     -0.552     -0.800    24.4910 0.0000e+00
     -0.563      0.081     8.3377     98.324     29.020  28.206723    -0.1471      7.011   215.9092 1.1214e+02     0.8595     -0.554     -0.803    24.1444 0.0000e+00
     -0.552      0.106     8.3477     98.342     31.416  30.506998     0.0018      7.345   203.3947 1.1612e+02     9.5544     -0.551     -0.799    23.9142 0.0000e+00
     -0.519      0.130     8.3553     98.352     31.482  30.544465     0.2683      7.510   207.8265 1.1925e+02    25.4798     -0.517     -0.751    23.7855 0.0000e+00
     -0.464      0.151     8.3623     98.346     31.402  30.437879     0.4102      7.590   213.2237 1.2192e+02    34.0473     -0.456     -0.661    23.6819 0.0000e+00
     -0.406      0.164     8.3707     98.361     31.352  30.361330     0.4303      7.608   215.3946 1.2370e+02    34.0099     -0.393     -0.569    23.5866 0.0000e+00
     -0.360      0.169     8.3817     98.426     31.330  30.317436     0.5846      7.581   213.3383 1.2301e+02    25.7902     -0.349     -0.507    23.5471 0.0000e+00
     -0.324      0.165     8.3856     98.428     31.315  30.288161     0.8788      7.545   210.3873 1.1445e+02    10.6543     -0.319     -0.462    23.5096 0.0000e+00
     -0.290      0.160     8.3521     98.011     31.296  30.261370     1.0376      7.515   209.7414 9.3910e+01     2.3726     -0.287     -0.415    23.4569 0.0000e+00
     -0.253      0.158     8.2825     97.175     31.288  30.247512     1.0440      7.491   211.2082 7.3859e+01     1.5860     -0.249     -0.362    23.4099 0.0000e+00
     -0.213      0.161     8.2130     96.332     31.298  30.247607     1.0474      7.471   213.7536 6.3644e+01     1.5099     -0.209     -0.304    23.3736 0.0000e+00
     -0.168      0.168     8.1304     95.322     31.328  30.262503     1.0791      7.450   216.2540 5.7945e+01     1.4819     -0.167     -0.241    23.3506 0.0000e+00
     -0.123      0.175     8.0140     93.910     31.385  30.300598     1.1331      7.426   218.3826 5.4536e+01     1.4008     -0.119     -0.172    23.3413 0.0000e+00
     -0.079      0.178     7.8803     92.297     31.430  30.327147     1.1676      7.397   220.8194 5.1396e+01     1.3227     -0.077     -0.112    23.3337 0.0000e+00
     -0.035      0.174     7.7411     90.630     31.446  30.329459     1.1745      7.367   223.5196 4.5634e+01     1.2697     -0.038     -0.054    23.3186 0.0000e+00
      0.015      0.163     7.5997     88.950     31.454  30.328532     1.2065      7.346   226.1650 4.0275e+01     1.2481      0.014      0.020    23.2955 0.0000e+00
      0.065      0.147     7.4576     87.270     31.448  30.315925     1.2701      7.338   228.2838 3.7316e+01     1.2754      0.068      0.098    23.2659 0.0000e+00
      0.106      0.131     7.3196     85.628     31.447  30.304028     1.3001      7.337   229.7785 3.6131e+01     1.2945      0.110      0.160    23.2381 0.0000e+00
      0.132      0.115     7.1966     84.145     31.473  30.311682     1.2933      7.338   230.9874 3.6831e+01     1.2956      0.133      0.194    23.2165 0.0000e+00
      0.147      0.101     7.1073     83.051     31.528  30.344942     1.2798      7.338   232.4042 3.8272e+01     1.2889      0.142      0.207    23.2025 0.0000e+00
      0.165      0.092     7.0710     82.589     31.589  30.388602     1.2560      7.336   234.2608 3.9308e+01     1.2747      0.159      0.231    23.1968 0.0000e+00
      0.188      0.091     7.0885     82.769     31.607  30.395021     1.2358      7.333   235.9686 4.0410e+01     1.2769      0.185      0.268    23.1833 0.0000e+00
      0.214      0.096     7.1430     83.380     31.579  30.359033     1.2292      7.327   237.5661 4.1527e+01     1.2846      0.209      0.302    23.1506 0.0000e+00
      0.240      0.103     7.2125     84.166     31.564  30.334496     1.2496      7.315   239.7244 4.2036e+01     1.3378      0.236      0.341    23.1141 0.0000e+00
      0.267      0.107     7.2770     84.899     31.591  30.352349     1.2894      7.294   241.7594 4.1794e+01     1.4622      0.262      0.379    23.0907 0.0000e+00
      0.294      0.098     7.3161     85.343     31.629  30.384360     1.3060      7.273   242.4678 4.1084e+01     1.5369      0.286      0.415    23.0781 0.0000e+00
      0.325      0.073     7.3137     85.306     31.653  30.404008     1.3033      7.266   242.2670 4.0086e+01     1.5398      0.318      0.461    23.0632 0.0000e+00
      0.357      0.029     7.2640     84.714     31.653  30.399391     1.2934      7.266   242.5155 3.8831e+01     1.4967      0.353      0.512    23.0448 0.0000e+00
      0.377     -0.025     7.1750     83.670     31.648  30.392033     1.2870      7.266   243.4070 3.7817e+01     1.4124      0.380      0.551    23.0314 0.0000e+00
      0.369     -0.080     7.0707     82.464     31.695  30.442062     1.3005      7.266   244.3554 3.7396e+01     1.3446      0.377      0.546    23.0266 0.0000e+00
      0.324     -0.122     6.9794     81.429     31.805  30.559747     1.3093      7.265   244.9487 3.7130e+01     1.3186      0.327      0.474    23.0225 0.0000e+00
      0.257     -0.145     6.9265     80.853     31.905  30.671864     1.3012      7.259   245.5033 3.7135e+01     1.3721      0.249      0.362    23.0122 0.0000e+00
      0.193     -0.145     6.9298     80.927     31.937  30.718084     1.2757      7.249   246.3297 3.7842e+01     1.9308      0.181      0.262    23.0062 0.0000e+00
      0.150     -0.123     6.9848     81.593     31.947  30.737572     1.2406      7.241   246.9386 3.8003e+01     2.9463      0.138      0.201    23.0119 0.0000e+00
      0.131     -0.088     7.0631     82.526     31.984  30.780494     1.2255      7.240   247.4452 3.6886e+01     3.4881      0.123      0.179    23.0328 0.0000e+00
      0.128     -0.052     7.1361     83.393     32.056  30.856018     1.2215      7.242   248.1537 3.5800e+01     3.4766      0.125      0.180    23.0639 0.0000e+00
      0.128     -0.024     7.1916     84.055     32.151  30.952163     1.2208      7.243   248.7930 3.5400e+01     2.9301      0.127      0.184    23.0876 0.0000e+00
      0.126     -0.009     7.2177     84.375     32.251  31.053878     1.2351      7.244   249.4103 3.4973e+01     1.9152      0.125      0.181    23.1022 0.0000e+00
      0.123     -0.002     7.2026     84.210     32.328  31.133236     1.2468      7.247   250.2834 3.4359e+01     1.3682      0.120      0.174    23.1142 0.0000e+00
      0.122      0.001     7.1512     83.612     32.344  31.149583     1.2436      7.250   251.1754 3.4086e+01     1.3211      0.118      0.172    23.1227 0.0000e+00
      0.124      0.002     7.0682     82.639     32.319  31.124525     1.2507      7.251   251.7643 3.4468e+01     1.2847      0.122      0.176    23.1295 0.0000e+00
      0.128      0.003     6.9621     81.391     32.280  31.084285     1.2780      7.251   252.3265 3.5389e+01     1.2643      0.125      0.182    23.1391 0.0000e+00
      0.129      0.003     6.8542     80.125     32.241  31.044085     1.2975      7.252   252.9835 3.6383e+01     1.2874      0.127      0.185    23.1483 0.0000e+00
      0.129      0.002     6.7648     79.075     32.218  31.019514     1.3032      7.252   253.2550 3.7021e+01     1.3200      0.127      0.184    23.1505 0.0000e+00
      0.129      0.001     6.7091     78.420     32.176  30.977715     1.3007      7.252   253.1994 3.7185e+01     1.3227      0.126      0.183    23.1471 0.0000e+00
      0.129      0.003     6.6979     78.287     32.116  30.919743     1.2945      7.248   253.2576 3.7251e+01     1.2901      0.126      0.184    23.1426 0.0000e+00
      0.128      0.008     6.7302     78.663     32.086  30.890149     1.2926      7.244   253.4432 3.8043e+01     1.2606      0.127      0.183    23.1382 0.0000e+00
      0.127      0.017     6.7900     79.357     32.071  30.873924     1.2968      7.240   253.8090 4.1148e+01     1.2409      0.122      0.177    23.1348 0.0000e+00
      0.130      0.029     6.8586     80.156     32.049  30.850576     1.2984      7.236   254.3245 4.6760e+01     1.2354      0.123      0.180    23.1321 0.0000e+00
      0.139      0.040     6.9230     80.910     32.060  30.861881     1.2941      7.226   254.9439 5.3271e+01     1.2544      0.137      0.198    23.1308 0.0000e+00
      0.153      0.047     6.9743     81.512     32.081  30.883599     1.3005      7.213   255.5332 5.9997e+01     1.2882      0.149      0.216    23.1313 0.0000e+00
      0.171      0.050     7.0047     81.867     32.056  30.859132     1.3113      7.203   255.8567 6.8518e+01     1.3082      0.166      0.241    23.1281 0.0000e+00
      0.190      0.048     7.0090     81.920     32.014  30.820082     1.3135      7.203   256.1883 7.8934e+01     1.2829      0.189      0.275    23.1232 0.0000e+00
      0.205      0.044     6.9916     81.721     31.984  30.792492     1.3273      7.204   256.6175 8.9464e+01     1.2569      0.203      0.295    23.1251 0.0000e+00
      0.213      0.040     6.9632     81.391     31.970  30.779573     1.3593      7.204   257.1740 1.2077e+02     1.2688      0.211      0.306    23.1279 0.0000e+00
      0.215      0.038     6.9290     80.986     31.984  30.790903     1.3698      7.204   257.8406 3.4963e+02     1.3051      0.211      0.306    23.1267 0.0000e+00
      0.219      0.037     6.8862     80.477     31.999  30.802457     1.3622      7.201   258.3109 7.4063e+02     1.3290      0.211      0.305    23.1289 0.0000e+00
      0.231      0.034     6.8327     79.843     31.993  30.792254     1.3867      7.193   258.6444 9.1977e+02     1.3136      0.224      0.325    23.1331 0.0000e+00
      0.247      0.030     6.7688     79.091     31.998  30.794545     1.4176      7.185   258.9479 9.1670e+02     1.3016      0.243      0.353    23.1352 0.0000e+00
      0.262      0.025     6.6956     78.238     32.033  30.830159     1.4230      7.181   259.3137 9.4506e+02     1.3056      0.259      0.376    23.1310 0.0000e+00
      0.267      0.020     6.6182     77.342     32.042  30.841820     1.4331      7.184   259.9686 9.9164e+02     1.3018      0.265      0.385    23.1243 0.0000e+00
      0.264      0.016     6.5474     76.520     32.005  30.808525     1.4583      7.184   260.7580 1.0284e+03     1.3467      0.260      0.377    23.1185 0.0000e+00
