Data/DataNotYetUploadedToEDI/Raw_CTD/RawDownloads/060619_fcr50_b.cnv
* Sea-Bird SBE19plus  Data File:
* FileName = C:\DATA\060619_fcr50_2_0001.hex
* Software version 2.8.0.119
* Temperature SN = 7809
* Conductivity SN = 7809
* System UpLoad Time = Jun 06 2019 13:29:29
* <ApplicationData>
* <Seaterm232>
# nquan = 18
# nvalues = 693                         
# units = specified
# name 0 = depFM: Depth [fresh water, m]
# name 1 = tv290C: Temperature [ITS-90, deg C]
# name 2 = sbeox0Mg/L: Oxygen, SBE 43 [mg/l]
# name 3 = sbeox0PS: Oxygen, SBE 43 [% saturation]
# name 4 = c0uS/cm: Conductivity [uS/cm]
# name 5 = specc: Specific Conductance [uS/cm]
# name 6 = ph: pH
# name 7 = orp: Oxidation Reduction Potential [mV]
# name 8 = flECO-AFL: Fluorescence, WET Labs ECO-AFL/FL [mg/m^3]
# name 9 = turbWETntu0: Turbidity, WET Labs ECO [NTU]
# name 10 = sal00: Salinity, Practical [PSU]
# name 11 = dz/dtM: Descent Rate [m/s]
# name 12 = prdM: Pressure, Strain Gauge [db]
# name 13 = prdE: Pressure, Strain Gauge [psi]
# name 14 = scan: Scan Count
# name 15 = par/sat/log: PAR/Logarithmic, Satlantic
# name 16 = density00: Density [density, kg/m^3]
# name 17 = flag:  0.000e+00
# span 0 =     -0.634,      9.556       
# span 1 =     9.5274,    29.7528       
# span 2 =     4.3988,    13.5642       
# span 3 =     38.744,    141.054       
# span 4 =   5.457309,  58.139234       
# span 5 =      4.929,     56.475       
# span 6 =     -2.252,     16.073       
# span 7 = -1240.7455,   852.4955       
# span 8 =    -0.1598,     6.1193       
# span 9 =    -0.6287,   122.2422       
# span 10 =     0.0140,     0.0332      
# span 11 =     -0.110,      0.209      
# span 12 =     -0.621,      9.370      
# span 13 =     -0.901,     13.591      
# span 14 =          1,        693      
# span 15 = 1.2296e-01, 1.3021e+03      
# span 16 =   995.7307,   999.8013      
# span 17 = 0.0000e+00, 0.0000e+00      
# interval = seconds: 0.25
# start_time = Jun 06 2019 13:21:06 [Instrument's time stamp, header]
# bad_flag = -9.990e-29
*END*
[from data line 242]
     -0.187    24.4847     8.0772     96.764  34.533652     34.852      9.597   245.9466     0.8778    18.8813     0.0235      0.028     -0.184     -0.268        243 5.3170e+02   997.1820 0.0000e+00
     -0.187    24.4711     8.1018     97.062  34.417041     34.759      9.597   246.0980     0.9465    18.3622     0.0234      0.015     -0.183     -0.266        244 5.5557e+02   997.1890 0.0000e+00
     -0.186    24.4631     8.1304     97.413  34.307775     34.660      9.595   245.9845     0.9579    18.3045     0.0234      0.008     -0.183     -0.265        245 5.1868e+02   997.1942 0.0000e+00
     -0.185    24.4590     8.1460     97.599  34.254802     34.613      9.594   247.7259     0.9579    18.3910     0.0234      0.004     -0.182     -0.264        246 6.1523e+02   997.1976 0.0000e+00
     -0.185    24.4558     8.1336     97.452  34.245921     34.619      9.591   247.9152     0.9808    18.3478     0.0234      0.003     -0.182     -0.263        247 7.4991e+02   997.1996 0.0000e+00
     -0.184    24.4521     8.1157     97.244  34.229936     34.593      9.584   242.9180     0.9045    19.2562     0.0233      0.003     -0.181     -0.262        248 9.1822e+02   997.2006 0.0000e+00
     -0.184    24.4480     8.0855     96.881  34.185803     34.568      9.578   243.3723     0.8969    19.3139     0.0233      0.003     -0.181     -0.262        249 1.0694e+03   997.2014 0.0000e+00
     -0.184    24.4459     8.0162     96.045  34.152690     34.514      9.570   243.4859     0.9122    19.2995     0.0233      0.002     -0.180     -0.261        250 8.0166e+02   997.2023 0.0000e+00
     -0.182    24.4448     7.9335     95.061  34.122989     34.517      9.565   246.2116     0.8588    19.2562     0.0233      0.002     -0.179     -0.260        251 7.1462e+02   997.2034 0.0000e+00
     -0.183    24.4444     7.8369     93.909  34.074611     34.433      9.561   246.1738     0.9160    19.9051     0.0233      0.002     -0.179     -0.259        252 5.4782e+02   997.2039 0.0000e+00
     -0.182    24.4449     7.7247     92.566  34.035113     34.434      9.554   246.1738     0.9084    20.0205     0.0233      0.002     -0.179     -0.259        253 5.0397e+02   997.2042 0.0000e+00
     -0.181    24.4474     7.6157     91.267  34.112883     34.463      9.548   245.3030     0.8931    19.9916     0.0233      0.002     -0.179     -0.260        254 6.8628e+02   997.2043 0.0000e+00
     -0.186    24.4514     7.4997     89.878  34.007458     34.434      9.542   245.0380     0.8778    19.9195     0.0233      0.001     -0.181     -0.262        255 5.9234e+02   997.2041 0.0000e+00
     -0.184    24.4512     7.3922     88.589  34.136682     34.432      9.538   245.5302     0.9694    19.0399     0.0233      0.000     -0.181     -0.263        256 5.4113e+02   997.2036 0.0000e+00
     -0.185    24.4522     7.2924     87.394  34.515061     34.994      9.534   245.6059     0.9618    19.0399     0.0235     -0.000     -0.183     -0.265        257 5.8983e+02   997.2026 0.0000e+00
     -0.191    24.4558     7.2116     86.445  34.129196     34.430      9.531   246.2495     0.9961    19.0399     0.0233     -0.003     -0.187     -0.270        258 6.0817e+02   997.2026 0.0000e+00
     -0.194    24.4549     7.1302     85.497  33.935362     34.344      9.525   248.1045     0.9885    19.0976     0.0232     -0.005     -0.190     -0.275        259 5.4660e+02   997.2023 0.0000e+00
     -0.195    24.4525     7.0989     85.173  34.015502     34.370      9.519   248.0666     0.8855    19.9339     0.0233     -0.007     -0.191     -0.277        260 5.2534e+02   997.2013 0.0000e+00
     -0.196    24.4557     7.0881     85.126  33.940570     34.314      9.509   248.4831     0.9007    19.8763     0.0232     -0.008     -0.193     -0.280        261 5.2386e+02   997.2015 0.0000e+00
     -0.201    24.4589     7.1714     86.180  33.998983     34.372      9.499   248.5588     0.8969    20.1070     0.0233     -0.009     -0.198     -0.287        262 5.1929e+02   997.2021 0.0000e+00
     -0.208    24.4601     7.3318     88.143  34.002072     34.370      9.491   249.1266     0.8931    19.9628     0.0233     -0.011     -0.203     -0.294        263 5.2421e+02   997.2013 0.0000e+00
     -0.210    24.4632     7.5135     90.352  33.995987     34.368      9.479   249.3538     0.8931    19.9339     0.0233     -0.013     -0.206     -0.298        264 5.2743e+02   997.2004 0.0000e+00
     -0.210    24.4649     7.6698     92.244  33.976923     34.339      9.469   248.6723     0.9579    20.1791     0.0232     -0.013     -0.207     -0.301        265 5.3173e+02   997.2002 0.0000e+00
     -0.215    24.4644     7.7875     93.658  33.996165     34.365      9.460   248.9752     0.9541    20.1358     0.0233     -0.012     -0.212     -0.308        266 5.2779e+02   997.1994 0.0000e+00
     -0.224    24.4658     7.8557     94.477  34.060931     34.420      9.456   248.9373     0.9312    20.2512     0.0233     -0.014     -0.222     -0.321        267 5.2153e+02   997.1989 0.0000e+00
     -0.236    24.4772     7.8839     94.816  34.251893     34.618      9.454   248.8616     0.9503    20.1791     0.0234     -0.018     -0.237     -0.343        268 5.1568e+02   997.1990 0.0000e+00
     -0.264    24.4944     7.8738     94.699  34.351138     34.730      9.455   250.4138     0.9541    20.2512     0.0234     -0.027     -0.259     -0.376        269 5.1957e+02   997.1986 0.0000e+00
     -0.291    24.5279     7.8248     94.115  34.322627     34.665      9.454   250.6031     0.9618    20.3810     0.0234     -0.039     -0.283     -0.411        270 5.0926e+02   997.1956 0.0000e+00
     -0.312    24.5783     7.7574     93.318  34.554055     34.907      9.446   247.0823     0.9541    20.3377     0.0235     -0.052     -0.305     -0.442        271 5.1605e+02   997.1913 0.0000e+00
     -0.330    24.6136     7.6827     92.453  34.715016     35.054      9.436   247.1202     0.9732    20.3665     0.0236     -0.064     -0.321     -0.465        272 5.6770e+02   997.1828 0.0000e+00
     -0.339    24.6339     7.6240     91.785  34.685299     34.960      9.425   247.4988     0.9656    21.5490     0.0235     -0.071     -0.330     -0.479        273 5.1354e+02   997.1701 0.0000e+00
     -0.341    24.6495     7.5721     91.194  34.709545     34.993      9.420   247.6123     0.9389    21.4769     0.0236     -0.071     -0.334     -0.484        274 5.1416e+02   997.1612 0.0000e+00
     -0.340    24.6563     7.5256     90.675  34.684825     34.921      9.410   249.3159     0.9465    21.5201     0.0235     -0.063     -0.334     -0.484        275 4.9908e+02   997.1560 0.0000e+00
     -0.340    24.6558     7.5047     90.473  34.716050     34.967      9.402   249.2402     0.9885    21.5490     0.0236     -0.050     -0.334     -0.484        276 5.8013e+02   997.1521 0.0000e+00
     -0.340    24.6547     7.5066     90.546  34.729942     34.962      9.394   248.4452     0.9618    19.0688     0.0236     -0.034     -0.334     -0.484        277 6.4944e+02   997.1503 0.0000e+00
     -0.340    24.6552     7.5492     91.104  34.845326     35.075      9.387   247.9531     0.9541    19.0976     0.0236     -0.020     -0.334     -0.483        278 5.6210e+02   997.1504 0.0000e+00
     -0.339    24.6573     7.6866     92.798  35.076204     35.329      9.377   248.1802     0.9427    19.0832     0.0237     -0.009     -0.333     -0.483        279 6.7435e+02   997.1508 0.0000e+00
     -0.340    24.6604     7.8731     95.086  35.272322     35.497      9.368   248.4073     0.9770    18.9534     0.0238     -0.002     -0.333     -0.483        280 9.5055e+02   997.1508 0.0000e+00
     -0.340    24.6684     8.0580     97.350  35.460604     35.721      9.358   248.2938     0.9694    21.3038     0.0239      0.000     -0.333     -0.483        281 1.0302e+03   997.1503 0.0000e+00
     -0.339    24.6878     8.2214     99.352  35.582712     35.803      9.354   248.7859     0.9503    21.2173     0.0239      0.000     -0.334     -0.485        282 1.0675e+03   997.1496 0.0000e+00
     -0.344    24.7104     8.3355    100.752  35.772288     36.022      9.341   251.1331     0.9656    21.3038     0.0240     -0.001     -0.338     -0.490        283 1.2648e+03   997.1476 0.0000e+00
     -0.350    24.7307     8.4040    101.587  35.846975     36.064      9.335   250.4895     0.9541    21.3759     0.0240     -0.003     -0.342     -0.496        284 8.8652e+02   997.1427 0.0000e+00
     -0.351    24.7553     8.4366    101.981  36.052793     36.244      9.327   250.6409     0.9389    19.9484     0.0241     -0.005     -0.344     -0.498        285 8.0636e+02   997.1370 0.0000e+00
     -0.350    24.7845     8.4406    102.033  36.612600     36.819      9.320   250.1866     0.9694    20.0060     0.0243     -0.007     -0.344     -0.498        286 1.3021e+03   997.1320 0.0000e+00
     -0.350    24.8146     8.4162    101.738  37.224710     37.390      9.317   250.2245     0.9694    19.9916     0.0246     -0.007     -0.343     -0.497        287 1.1557e+03   997.1260 0.0000e+00
     -0.350    24.8405     8.3772    101.264  37.721100     37.901      9.311   250.9059     0.9694    20.0205     0.0248     -0.006     -0.343     -0.497        288 8.0828e+02   997.1187 0.0000e+00
     -0.350    24.8619     8.3571    101.015  38.010070     38.130      9.306   250.9816     0.9579    20.0060     0.0249     -0.005     -0.343     -0.497        289 9.7468e+02   997.1111 0.0000e+00
     -0.349    24.8826     8.3392    100.719  38.346899     38.474      9.303   251.2845     0.9427    20.6549     0.0250     -0.004     -0.343     -0.497        290 1.1034e+03   997.1047 0.0000e+00
     -0.349    24.8999     8.3516    100.686  38.635574     38.738      9.296   251.0573     0.9618    20.7414     0.0252     -0.001     -0.342     -0.496        291 1.1253e+03   997.0993 0.0000e+00
     -0.349    24.9145     8.3676    100.688  38.628838     38.722      9.293   251.8902     0.9694    20.6549     0.0252      0.001     -0.342     -0.496        292 9.9327e+02   997.0940 0.0000e+00
     -0.348    24.9259     8.3907    100.805  38.859111     38.905      9.288   252.0416     0.9694    20.5252     0.0252      0.001     -0.341     -0.494        293 8.0269e+02   997.0897 0.0000e+00
     -0.345    24.9298     8.4135    100.961  38.704647     38.837      9.283   249.5809     0.9427    20.7126     0.0252      0.002     -0.336     -0.487        294 8.7101e+02   997.0859 0.0000e+00
     -0.335    24.9302     8.4400    101.198  37.694851     37.682      9.278   249.6945     0.9808    20.8568     0.0247      0.005     -0.326     -0.473        295 6.8883e+02   997.0827 0.0000e+00
     -0.318    24.9320     8.4602    101.380  37.300270     37.371      9.270   249.3538     0.9656    20.7559     0.0246      0.012     -0.310     -0.450        296 5.4006e+02   997.0816 0.0000e+00
     -0.295    24.9319     8.4404    101.099  37.476765     37.511      9.250   251.0573     0.9694    20.9289     0.0247      0.022     -0.292     -0.423        297 5.5619e+02   997.0817 0.0000e+00
     -0.281    24.9309     8.4082    100.678  37.801205     37.845      9.235   250.8681     0.9351    19.0688     0.0248      0.033     -0.273     -0.396        298 5.2097e+02   997.0814 0.0000e+00
     -0.260    24.9271     8.3878    100.396  37.815231     37.901      9.220   249.6945     0.9694    19.0399     0.0248      0.045     -0.252     -0.366        299 5.4649e+02   997.0815 0.0000e+00
     -0.229    24.8832     8.3722    100.179  37.637125     37.622      9.207   248.7859     0.9465    19.0399     0.0247      0.059     -0.227     -0.329        300 5.1679e+02   997.0819 0.0000e+00
     -0.206    24.7873     8.3844    100.312  38.052495     38.156      9.198   248.4831     0.9541    19.0399     0.0249      0.072     -0.204     -0.296        301 5.7623e+02   997.0831 0.0000e+00
     -0.189    24.6842     8.4415    100.978  37.239055     37.349      9.196   248.6345     0.9007    18.6794     0.0246      0.080     -0.187     -0.271        302 6.8588e+02   997.0941 0.0000e+00
     -0.176    24.5986     8.5187    101.877  35.478516     35.572      9.184   248.2938     0.8893    18.7083     0.0238      0.082     -0.176     -0.255        303 5.4080e+02   997.1181 0.0000e+00
     -0.172    24.5355     8.5847    102.637  34.761133     34.999      9.167   247.9909     0.8816    18.8236     0.0236      0.077     -0.169     -0.245        304 4.9106e+02   997.1440 0.0000e+00
     -0.169    24.4924     8.6300    103.151  34.457333     34.722      9.160   251.7766     0.8893    18.7948     0.0234      0.068     -0.162     -0.236        305 5.2408e+02   997.1656 0.0000e+00
     -0.155    24.4599     8.6296    103.117  34.137976     34.456      9.154   250.0731     0.8969    19.2706     0.0233      0.060     -0.149     -0.216        306 5.0753e+02   997.1815 0.0000e+00
     -0.133    24.4369     8.6019    102.766  34.062233     34.401      9.150   249.7323     0.9045    19.3139     0.0233      0.054     -0.129     -0.186        307 5.3730e+02   997.1923 0.0000e+00
     -0.106    24.4180     8.5639    102.294  33.988624     34.367      9.150   247.4988     0.8893    19.2706     0.0233      0.052     -0.104     -0.150        308 5.3131e+02   997.2006 0.0000e+00
     -0.079    24.3976     8.5063    101.583  33.844397     34.214      9.149   247.0066     0.9007    19.2851     0.0232      0.056     -0.079     -0.114        309 5.5755e+02   997.2065 0.0000e+00
     -0.057    24.3822     8.4021    100.320  33.826901     34.227      9.144   246.7795     0.9045    19.4004     0.0232      0.064     -0.056     -0.081        310 7.0574e+02   997.2113 0.0000e+00
     -0.034    24.3747     8.2939     99.004  33.802991     34.213      9.135   250.1109     0.9045    19.8042     0.0232      0.075     -0.032     -0.047        311 7.4801e+02   997.2165 0.0000e+00
     -0.006    24.3659     8.1846     97.668  33.726009     34.139      9.131   248.2938     0.8816    19.8186     0.0231      0.086     -0.007     -0.011        312 6.7345e+02   997.2205 0.0000e+00
      0.018    24.3525     8.1050     96.686  33.656036     34.087      9.124   247.7259     0.9122    19.6311     0.0231      0.094      0.015      0.022        313 6.1150e+02   997.2224 0.0000e+00
      0.033    24.3374     8.0605     96.121  33.534512     33.952      9.121   246.4388     0.8969    19.6455     0.0231      0.095      0.031      0.045        314 4.2276e+02   997.2247 0.0000e+00
      0.043    24.3224     8.0334     95.756  33.521685     33.961      9.117   246.4388     0.9198    18.2468     0.0231      0.089      0.043      0.063        315 3.9884e+02   997.2281 0.0000e+00
      0.056    24.3079     7.9978     95.278  33.583113     34.028      9.111   247.0823     0.9122    18.1315     0.0231      0.082      0.058      0.084        316 4.6193e+02   997.2320 0.0000e+00
      0.077    24.2973     7.9635     94.834  33.517334     33.982      9.106   246.7416     0.9007    18.0882     0.0231      0.076      0.079      0.114        317 3.8093e+02   997.2359 0.0000e+00
      0.107    24.2876     7.9540     94.702  33.485032     33.935      9.100   246.6659     0.9045    18.1315     0.0230      0.075      0.104      0.151        318 3.5634e+02   997.2395 0.0000e+00
      0.133    24.2759     7.9430     94.524  33.504796     33.999      9.093   246.3252     1.0266    17.9296     0.0231      0.075      0.131      0.189        319 3.4969e+02   997.2423 0.0000e+00
      0.159    24.2655     7.9106     94.090  33.433482     33.892      9.087   246.2116     1.0190    17.9873     0.0230      0.078      0.157      0.228        320 3.2905e+02   997.2449 0.0000e+00
      0.188    24.2522     7.8493     93.330  33.455266     33.957      9.080   246.1738     0.9961    17.8719     0.0230      0.084      0.184      0.268        321 3.2518e+02   997.2479 0.0000e+00
