Data/DataNotYetUploadedToEDI/Raw_CTD/RawDownloads/060619_fcr50_c.cnv
* Sea-Bird SBE19plus  Data File:
* FileName = C:\DATA\060619_fcr50_3.hex
* Software version 2.8.0.119
* Temperature SN = 7809
* Conductivity SN = 7809
* System UpLoad Time = Jun 06 2019 16:26:59
* <ApplicationData>
* <Seaterm232>
# nquan = 18
# nvalues = 771                         
# units = specified
# name 0 = depFM: Depth [fresh water, m]
# name 1 = tv290C: Temperature [ITS-90, deg C]
# name 2 = sbeox0Mg/L: Oxygen, SBE 43 [mg/l]
# name 3 = sbeox0PS: Oxygen, SBE 43 [% saturation]
# name 4 = c0uS/cm: Conductivity [uS/cm]
# name 5 = specc: Specific Conductance [uS/cm]
# name 6 = ph: pH
# name 7 = orp: Oxidation Reduction Potential [mV]
# name 8 = flECO-AFL: Fluorescence, WET Labs ECO-AFL/FL [mg/m^3]
# name 9 = turbWETntu0: Turbidity, WET Labs ECO [NTU]
# name 10 = sal00: Salinity, Practical [PSU]
# name 11 = dz/dtM: Descent Rate [m/s]
# name 12 = prdM: Pressure, Strain Gauge [db]
# name 13 = prdE: Pressure, Strain Gauge [psi]
# name 14 = scan: Scan Count
# name 15 = par/sat/log: PAR/Logarithmic, Satlantic
# name 16 = density00: Density [density, kg/m^3]
# name 17 = flag:  0.000e+00
# span 0 =     -0.647,      9.534       
# span 1 =     9.5498,    32.1822       
# span 2 =     4.2701,    13.7960       
# span 3 =     37.609,    148.458       
# span 4 =  -0.314977,  37.281934       
# span 5 =      0.283,     35.624       
# span 6 =     -2.115,     10.748       
# span 7 = -1240.7455,  1240.2295       
# span 8 =    -1.2279,     6.6610       
# span 9 =    -2.0130,    22.0681       
# span 10 =     0.0142,     0.0245      
# span 11 =     -0.171,      0.163      
# span 12 =     -0.634,      9.349      
# span 13 =     -0.919,     13.559      
# span 14 =          1,        771      
# span 15 = 1.2292e-01, 2.2150e+03      
# span 16 =   994.9764,   999.7992      
# span 17 = 0.0000e+00, 0.0000e+00      
# interval = seconds: 0.25
# start_time = Jun 06 2019 15:56:07 [Instrument's time stamp, header]
# bad_flag = -9.990e-29
*END*
[from data line 724]
      8.862     9.5635     4.6963     41.185  24.209598     35.046      8.410   324.4626     1.6866     3.8126     0.0182      0.060      8.690     12.603        725 2.9389e-01   999.7948 0.0000e+00
      8.881     9.5636     4.6953     41.172  24.254259     35.049      8.405   324.7276     1.7323     3.8415     0.0182      0.064      8.710     12.633        726 3.5405e-01   999.7951 0.0000e+00
      8.904     9.5624     4.7030     41.238  24.284897     35.170      8.406   323.4404     1.7934     3.9712     0.0182      0.069      8.732     12.666        727 3.0377e-01   999.7953 0.0000e+00
      8.930     9.5606     4.6996     41.206  24.260324     35.049      8.405   324.6518     1.7705     3.8703     0.0182      0.075      8.757     12.701        728 2.6668e-01   999.7953 0.0000e+00
      8.953     9.5609     4.7074     41.273  24.255220     35.131      8.403   324.8411     1.7514     3.9568     0.0182      0.081      8.779     12.733        729 2.4408e-01   999.7955 0.0000e+00
      8.973     9.5611     4.7060     41.259  24.202395     34.971      8.402   324.5761     1.7629     4.0001     0.0181      0.086      8.799     12.761        730 2.4168e-01   999.7958 0.0000e+00
      8.989     9.5628     4.7028     41.229  24.207594     35.052      8.403   325.9768     1.8315     3.7261     0.0182      0.087      8.815     12.785        731 2.4679e-01   999.7959 0.0000e+00
      9.003     9.5675     4.6906     41.126  24.189516     34.971      8.401   325.5983     1.8086     3.6252     0.0181      0.083      8.828     12.805        732 2.5555e-01   999.7959 0.0000e+00
      9.015     9.5695     4.6882     41.111  24.165657     34.969      8.400   324.9926     1.8163     3.6108     0.0181      0.078      8.842     12.826        733 2.5110e-01   999.7958 0.0000e+00
      9.034     9.5699     4.6883     41.111  24.207666     35.004      8.400   319.8440     1.8048     3.6540     0.0181      0.074      8.862     12.854        734 2.2465e-01   999.7956 0.0000e+00
      9.062     9.5675     4.6820     41.052  24.226089     35.043      8.398   321.1311     2.0223     3.9857     0.0182      0.072      8.889     12.893        735 2.2428e-01   999.7955 0.0000e+00
      9.096     9.5632     4.6827     41.056  24.231584     35.042      8.396   321.3204     2.0299     3.8271     0.0182      0.074      8.918     12.934        736 2.2887e-01   999.7956 0.0000e+00
      9.121     9.5612     4.6814     41.043  24.230446     35.045      8.396   321.3961     1.9879     3.9424     0.0182      0.080      8.942     12.969        737 2.0961e-01   999.7959 0.0000e+00
      9.136     9.5595     4.6829     41.055  24.227506     35.049      8.396   322.2290     1.9879     3.9280     0.0182      0.084      8.960     12.995        738 2.1163e-01   999.7963 0.0000e+00
      9.152     9.5573     4.6890     41.107  24.176008     34.971      8.396   322.2290     2.0184     3.8992     0.0181      0.087      8.978     13.021        739 1.9970e-01   999.7966 0.0000e+00
      9.177     9.5555     4.6894     41.110  24.176063     34.972      8.394   322.0018     1.9917     3.8992     0.0181      0.090      8.999     13.051        740 1.5448e-01   999.7968 0.0000e+00
      9.200     9.5547     4.6856     41.076  24.197819     35.015      8.392   322.1154     1.9917     3.8271     0.0181      0.091      9.019     13.081        741 1.6863e-01   999.7971 0.0000e+00
      9.213     9.5581     4.6868     41.085  24.237788     35.057      8.391   323.2133     1.9803     3.9712     0.0182      0.086      9.034     13.103        742 1.6273e-01   999.7973 0.0000e+00
      9.224     9.5639     4.6890     41.105  24.274415     35.139      8.391   323.8947     2.0871     3.8703     0.0182      0.078      9.048     13.123        743 1.6531e-01   999.7975 0.0000e+00
      9.241     9.5640     4.6976     41.179  24.241092     35.055      8.389   324.4626     2.0795     3.9280     0.0182      0.071      9.063     13.144        744 1.9552e-01   999.7973 0.0000e+00
      9.259     9.5599     4.6940     41.147  24.220020     35.049      8.392   323.7054     2.0604     3.9568     0.0182      0.068      9.079     13.168        745 1.6517e-01   999.7969 0.0000e+00
      9.272     9.5576     4.6962     41.168  24.241401     35.049      8.389   324.1976     2.0719     3.9280     0.0182      0.067      9.094     13.190        746 1.2841e-01   999.7969 0.0000e+00
      9.287     9.5559     4.6994     41.198  24.273719     35.134      8.386   325.1440     2.0833     4.0145     0.0182      0.064      9.114     13.219        747 1.4007e-01   999.7974 0.0000e+00
      9.322     9.5542     4.7004     41.207  24.209420     35.015      8.385   323.4404     2.1863     4.0866     0.0181      0.065      9.144     13.262        748 1.3590e-01   999.7977 0.0000e+00
      9.363     9.5531     4.6968     41.176  24.173334     34.976      8.387   323.5540     2.1977     3.9424     0.0181      0.074      9.177     13.311        749 1.2367e-01   999.7980 0.0000e+00
      9.389     9.5524     4.6934     41.146  24.170538     34.978      8.386   326.2418     2.2016     3.9424     0.0181      0.085      9.206     13.353        750 1.3017e-01   999.7983 0.0000e+00
      9.413     9.5518     4.6921     41.135  24.183279     34.979      8.384   326.4311     2.1901     3.8703     0.0181      0.095      9.232     13.392        751 1.2420e-01   999.7985 0.0000e+00
      9.444     9.5510     4.6917     41.132  24.216714     35.060      8.384   326.5068     2.0604     3.9568     0.0182      0.104      9.261     13.432        752 1.2292e-01   999.7987 0.0000e+00
      9.474     9.5504     4.6907     41.123  24.188167     34.980      8.382   325.3711     2.0566     4.0578     0.0181      0.111      9.287     13.469        753 1.2368e-01   999.7989 0.0000e+00
      9.490     9.5498     4.6890     41.111  24.159572     34.981      8.379   325.6361     2.0528     4.0578     0.0181      0.113      9.304     13.494        754 1.2317e-01   999.7990 0.0000e+00
      9.498     9.5499     4.6948     41.168  24.193065     34.982      8.376   325.3711     2.0757     3.9424     0.0181      0.106      9.314     13.509        755 1.2359e-01   999.7991 0.0000e+00
      9.506     9.5516     4.6886     41.122  24.235339     35.103      8.374   318.4811     1.9841     3.9280     0.0182      0.092      9.322     13.520        756 1.2349e-01   999.7992 0.0000e+00
      9.513     9.5529     4.6945     41.182  24.255052     35.063      8.372   320.2604     2.0032     4.0578     0.0182      0.076      9.328     13.529        757 1.2347e-01   999.7992 0.0000e+00
      9.517     9.5531     4.6893     41.142  24.257386     35.142      8.372   319.8061     2.0108     3.8703     0.0182      0.063      9.332     13.535        758 1.2343e-01   999.7991 0.0000e+00
      9.519     9.5532     4.6851     41.111  24.202817     34.979      8.369   319.5411     2.0108     3.8847     0.0181      0.048      9.335     13.539        759 1.2345e-01   999.7990 0.0000e+00
      9.521     9.5533 -9.990e-29 -9.990e-29  24.263726     35.140      8.369   322.3804     1.8964     3.9568     0.0182      0.033      9.337     13.543        760 1.2337e-01   999.7990 0.0000e+00
      9.523     9.5539 -9.990e-29 -9.990e-29  24.240819     35.060      8.368   321.9261     1.8887     3.8703     0.0182      0.022      9.339     13.546        761 1.2350e-01   999.7990 0.0000e+00
      9.526     9.5542 -9.990e-29 -9.990e-29  24.231323     35.060      8.368   321.7368     1.8926     3.9712     0.0182      0.017      9.342     13.549        762 1.2343e-01   999.7990 0.0000e+00
      9.529     9.5541 -9.990e-29 -9.990e-29  24.245925     35.099      8.366   314.6954     1.8887     3.9424     0.0182      0.014      9.344     13.553        763 1.2345e-01   999.7990 0.0000e+00
      9.530     9.5568 -9.990e-29 -9.990e-29  24.252266     35.059      8.362   314.8090     1.8811     3.9568     0.0182      0.011      9.346     13.555        764 1.2344e-01   999.7990 0.0000e+00
      9.531     9.5629 -9.990e-29 -9.990e-29  24.312289     35.220      8.363   314.9604     1.9345     4.0289     0.0182      0.009      9.347     13.556        765 1.2341e-01   999.7990 0.0000e+00
      9.532     9.5722 -9.990e-29 -9.990e-29  24.260083     35.056      8.362   315.0740     1.9193     3.8415     0.0182      0.008      9.347     13.557        766 1.2341e-01   999.7987 0.0000e+00
      9.531     9.5795 -9.990e-29 -9.990e-29  24.257998     35.131      8.360   317.8754     1.9574     3.9136     0.0182      0.006      9.347     13.557        767 1.2350e-01   999.7982 0.0000e+00
      9.532     9.5864 -9.990e-29 -9.990e-29  24.255646     35.041      8.362   317.3454     1.9460     3.9712     0.0182      0.005      9.348     13.558        768 1.2353e-01   999.7975 0.0000e+00
      9.533     9.5916 -9.990e-29 -9.990e-29  24.263007     35.113      8.357   317.5347     1.9879     3.7405     0.0182      0.004      9.348     13.558        769 1.2341e-01   999.7969 0.0000e+00
      9.533 -9.990e-29 -9.990e-29 -9.990e-29  24.278452     35.067      8.356   315.7932     2.0032     3.6540     0.0182      0.003      9.349     13.559        770 1.2335e-01   999.7964 0.0000e+00
      9.534 -9.990e-29 -9.990e-29 -9.990e-29  24.266040     35.100      8.357   314.8847     1.9765     3.6829     0.0182      0.002      9.349     13.559        771 1.2335e-01   999.7959 0.0000e+00
