Data/DataNotYetUploadedToEDI/Raw_CTD/RawDownloads/060619_fcr50_c.cnv
* Sea-Bird SBE19plus  Data File:
* FileName = C:\DATA\060619_fcr50_3.hex
* Software version 2.8.0.119
* Temperature SN = 7809
* Conductivity SN = 7809
* System UpLoad Time = Jun 06 2019 16:26:59
* <ApplicationData>
* <Seaterm232>
# nquan = 18
# nvalues = 771                         
# units = specified
# name 0 = depFM: Depth [fresh water, m]
# name 1 = tv290C: Temperature [ITS-90, deg C]
# name 2 = sbeox0Mg/L: Oxygen, SBE 43 [mg/l]
# name 3 = sbeox0PS: Oxygen, SBE 43 [% saturation]
# name 4 = c0uS/cm: Conductivity [uS/cm]
# name 5 = specc: Specific Conductance [uS/cm]
# name 6 = ph: pH
# name 7 = orp: Oxidation Reduction Potential [mV]
# name 8 = flECO-AFL: Fluorescence, WET Labs ECO-AFL/FL [mg/m^3]
# name 9 = turbWETntu0: Turbidity, WET Labs ECO [NTU]
# name 10 = sal00: Salinity, Practical [PSU]
# name 11 = dz/dtM: Descent Rate [m/s]
# name 12 = prdM: Pressure, Strain Gauge [db]
# name 13 = prdE: Pressure, Strain Gauge [psi]
# name 14 = scan: Scan Count
# name 15 = par/sat/log: PAR/Logarithmic, Satlantic
# name 16 = density00: Density [density, kg/m^3]
# name 17 = flag:  0.000e+00
# span 0 =     -0.647,      9.534       
# span 1 =     9.5498,    32.1822       
# span 2 =     4.2701,    13.7960       
# span 3 =     37.609,    148.458       
# span 4 =  -0.314977,  37.281934       
# span 5 =      0.283,     35.624       
# span 6 =     -2.115,     10.748       
# span 7 = -1240.7455,  1240.2295       
# span 8 =    -1.2279,     6.6610       
# span 9 =    -2.0130,    22.0681       
# span 10 =     0.0142,     0.0245      
# span 11 =     -0.171,      0.163      
# span 12 =     -0.634,      9.349      
# span 13 =     -0.919,     13.559      
# span 14 =          1,        771      
# span 15 = 1.2292e-01, 2.2150e+03      
# span 16 =   994.9764,   999.7992      
# span 17 = 0.0000e+00, 0.0000e+00      
# interval = seconds: 0.25
# start_time = Jun 06 2019 15:56:07 [Instrument's time stamp, header]
# bad_flag = -9.990e-29
*END*
[from data line 403]
      0.975    23.1584     9.6865    112.624  32.721689     33.951      8.753   268.5095     1.4539     1.0873     0.0227      0.094      0.956      1.387        404 4.0192e+02   997.5197 0.0000e+00
      0.998    23.1468     9.7159    112.854  32.703937     33.957      8.752   269.4560     1.4424     0.9719     0.0227      0.090      0.978      1.419        405 3.6063e+02   997.5221 0.0000e+00
      1.018    23.1300     9.7716    113.330  32.646720     33.876      8.749   269.2288     1.4729     0.9719     0.0227      0.088      0.998      1.449        406 4.5970e+02   997.5240 0.0000e+00
      1.039    23.1023     9.8647    114.220  32.704014     33.971      8.745   266.0867     1.6217     1.2315     0.0227      0.086      1.021      1.481        407 7.2539e+02   997.5269 0.0000e+00
      1.066    23.0671     9.9655    115.210  32.721528     33.983      8.744   266.7302     1.6408     1.3757     0.0227      0.086      1.046      1.518        408 5.3593e+02   997.5310 0.0000e+00
      1.095    23.0317    10.0793    116.375  32.713819     34.002      8.743   266.3517     1.6599     1.3901     0.0227      0.088      1.074      1.558        409 4.1580e+02   997.5378 0.0000e+00
      1.125    22.9975    10.2162    117.822  32.772878     34.085      8.741   266.4652     1.6332     1.3324     0.0228      0.092      1.103      1.600        410 5.7633e+02   997.5463 0.0000e+00
      1.155    22.9628    10.3554    119.319  32.707305     34.052      8.739   268.6610     1.6866     1.2748     0.0227      0.098      1.132      1.642        411 4.8618e+02   997.5548 0.0000e+00
      1.184    22.9248    10.4689    120.511  32.588036     33.931      8.738   268.5095     1.7209     1.3613     0.0227      0.103      1.161      1.684        412 4.1047e+02   997.5630 0.0000e+00
      1.214    22.8876    10.5655    121.496  32.506514     33.897      8.734   263.9288     1.6980     1.2315     0.0226      0.108      1.190      1.725        413 4.4644e+02   997.5713 0.0000e+00
      1.242    22.8531    10.6374    122.202  32.482854     33.866      8.731   264.3831     1.6904     1.2603     0.0226      0.112      1.218      1.765        414 5.1541e+02   997.5805 0.0000e+00
      1.267    22.8008    10.6961    122.759  32.439723     33.893      8.731   264.3831     1.6827     1.2603     0.0226      0.114      1.244      1.803        415 4.7225e+02   997.5893 0.0000e+00
      1.295    22.7225    10.7415    123.216  32.323178     33.742      8.729   266.5410     1.6980     1.2459     0.0226      0.113      1.270      1.842        416 4.1784e+02   997.5975 0.0000e+00
      1.322    22.6355    10.7760    123.606  32.272367     33.778      8.725   266.6545     1.7018     1.3613     0.0226      0.111      1.297      1.881        417 4.3508e+02   997.6099 0.0000e+00
      1.350    22.5552    10.8142    124.028  32.117810     33.630      8.722   267.1088     1.6942     1.3324     0.0225      0.110      1.324      1.920        418 4.9717e+02   997.6284 0.0000e+00
      1.377    22.4868    10.8731    124.624  31.952617     33.544      8.724   267.0331     1.7094     1.2603     0.0224      0.108      1.351      1.959        419 5.1607e+02   997.6488 0.0000e+00
      1.403    22.4287    10.9085    124.891  31.944675     33.572      8.723   267.0331     1.8620     1.2027     0.0224      0.107      1.379      2.001        420 4.5036e+02   997.6676 0.0000e+00
      1.440    22.3803    10.9152    124.831  31.979588     33.679      8.721   267.4495     1.8620     1.3613     0.0224      0.109      1.412      2.048        421 4.2771e+02   997.6837 0.0000e+00
      1.476    22.3301    10.9013    124.554  31.998085     33.721      8.719   267.1088     1.8926     1.3613     0.0224      0.113      1.444      2.095        422 3.9977e+02   997.6973 0.0000e+00
      1.503    22.2761    10.8741    124.046  31.862427     33.637      8.717   267.5252     1.8811     1.2459     0.0224      0.116      1.473      2.136        423 4.3806e+02   997.7085 0.0000e+00
      1.527    22.2239    10.8444    123.488  31.704016     33.466      8.716   268.0553     2.0795     1.3469     0.0223      0.117      1.500      2.175        424 4.4852e+02   997.7202 0.0000e+00
      1.559    22.1750    10.8458    123.259  31.691573     33.534      8.714   271.2353     2.0451     1.2748     0.0223      0.118      1.528      2.216        425 4.0732e+02   997.7327 0.0000e+00
      1.588    22.1480    10.8881    123.419  31.581658     33.423      8.711   270.6295     2.0566     1.3469     0.0222      0.118      1.555      2.256        426 4.1232e+02   997.7448 0.0000e+00
      1.612    22.1451    10.9525    123.853  31.574177     33.458      8.709   270.6295     2.0680     1.3324     0.0222      0.117      1.580      2.291        427 3.7920e+02   997.7561 0.0000e+00
      1.632    22.1380    11.0831    125.074  31.760157     33.684      8.710   270.4403     1.8697     1.4334     0.0223      0.112      1.600      2.320        428 3.5765e+02   997.7625 0.0000e+00
      1.649    22.1049    11.2979    127.204  31.765008     33.686      8.707   270.9703     1.8849     1.5487     0.0223      0.104      1.620      2.349        429 3.6112e+02   997.7632 0.0000e+00
      1.672    22.0468    11.6037    130.175  31.686655     33.602      8.704   271.8031     1.8964     1.5487     0.0223      0.097      1.642      2.381        430 3.5110e+02   997.7649 0.0000e+00
      1.700    21.9913    11.9159    133.144  31.768788     33.715      8.703   271.2731     1.8811     1.4910     0.0223      0.095      1.669      2.421        431 3.0827e+02   997.7726 0.0000e+00
      1.734    21.9398    12.2211    135.996  31.662810     33.667      8.699   271.3110     1.8353     1.4334     0.0223      0.095      1.702      2.468        432 2.8565e+02   997.7860 0.0000e+00
      1.771    21.8593    12.5032    138.699  31.433408     33.411      8.697   271.3110     1.8124     1.4622     0.0222      0.098      1.735      2.516        433 2.8326e+02   997.7987 0.0000e+00
      1.800    21.7673    12.7721    141.531  31.313611     33.386      8.695   271.0838     1.7896     1.4910     0.0221      0.103      1.764      2.558        434 2.8816e+02   997.8104 0.0000e+00
      1.825    21.6634    13.0424    144.299  31.189748     33.236      8.694   272.4845     1.8315     1.5920     0.0221      0.108      1.790      2.597        435 3.0362e+02   997.8287 0.0000e+00
      1.854    21.5324    13.3202    146.696  30.935791     33.123      8.694   272.8631     1.8010     1.4045     0.0220      0.114      1.818      2.637        436 2.8999e+02   997.8494 0.0000e+00
      1.882    21.4075    13.5193    148.000  30.503882     32.627      8.693   270.4024     1.6026     1.5055     0.0217      0.117      1.846      2.678        437 2.9357e+02   997.8727 0.0000e+00
      1.912    21.3041    13.6295    148.378  30.216355     32.511      8.692   269.7967     1.5759     1.5776     0.0217      0.118      1.876      2.721        438 3.0342e+02   997.9019 0.0000e+00
      1.945    21.1817    13.6990    148.458  30.138252     32.417      8.692   270.0617     1.5759     1.4910     0.0216      0.117      1.906      2.765        439 2.9788e+02   997.9297 0.0000e+00
      1.974    21.0002    13.7495    148.425  30.038243     32.490      8.692   269.6831     1.5988     1.4910     0.0216      0.115      1.936      2.807        440 2.8211e+02   997.9526 0.0000e+00
      2.003    20.7942    13.7814    148.246  29.540981     31.939      8.694   270.1374     1.5836     1.2315     0.0213      0.114      1.966      2.851        441 2.8001e+02   997.9795 0.0000e+00
      2.037    20.5871    13.7859    147.817  29.127772     31.673      8.694   270.4024     1.5645     1.2171     0.0212      0.117      1.998      2.897        442 2.7636e+02   998.0190 0.0000e+00
      2.070    20.4299    13.7774    147.299  28.982442     31.631      8.697   270.1753     1.5912     1.3469     0.0211      0.120      2.029      2.942        443 2.8100e+02   998.0635 0.0000e+00
      2.098    20.3733    13.7707    146.806  28.951695     31.746      8.698   273.2038     1.5607     1.3036     0.0211      0.121      2.056      2.982        444 2.7992e+02   998.1078 0.0000e+00
      2.122    20.2894    13.7798    146.462  29.017996     31.949      8.700   272.4088     1.5797     1.2603     0.0211      0.120      2.081      3.019        445 2.5452e+02   998.1413 0.0000e+00
      2.149    20.0615    13.7960    146.180  28.840743     31.772      8.701   272.4845     1.5836     1.2171     0.0210      0.117      2.109      3.059        446 2.4866e+02   998.1533 0.0000e+00
      2.183    19.7607    13.7844    145.641  28.490974     31.458      8.701   270.8188     1.5683     1.2892     0.0208      0.116      2.139      3.101        447 2.5115e+02   998.1709 0.0000e+00
      2.208    19.4837    13.7565    145.003  28.209139     31.279      8.701   271.1595     1.5759     1.3180     0.0207      0.115      2.164      3.138        448 2.4951e+02   998.2184 0.0000e+00
      2.225    19.2556    13.7160    144.379  28.125133     31.427      8.702   271.7653     1.5378     1.3180     0.0207      0.110      2.184      3.168        449 2.3112e+02   998.2802 0.0000e+00
      2.251    19.0624    13.6996    143.990  28.092037     31.561      8.704   277.5196     1.5263     1.3036     0.0206      0.105      2.208      3.202        450 2.2034e+02   998.3364 0.0000e+00
      2.278    18.8872    13.6961    143.635  28.013449     31.660      8.703   276.8760     1.4920     1.1882     0.0206      0.102      2.234      3.241        451 2.1755e+02   998.3821 0.0000e+00
      2.306    18.7289    13.6708    143.374  27.897175     31.641      8.707   277.2546     1.5187     1.3324     0.0205      0.101      2.262      3.282        452 2.0571e+02   998.4203 0.0000e+00
      2.338    18.5855    13.6472    143.371  27.822098     31.703      8.706   277.2924     1.4195     1.0585     0.0205      0.103      2.291      3.323        453 2.0362e+02   998.4547 0.0000e+00
      2.364    18.4450    13.6244    143.388  27.781101     31.755      8.709   276.2703     1.3966     1.0296     0.0205      0.103      2.318      3.361        454 1.9610e+02   998.4855 0.0000e+00
      2.388    18.2969    13.6272    143.594  27.770524     31.858      8.709   276.9517     1.3890     1.0440     0.0205      0.102      2.343      3.398        455 1.8465e+02   998.5132 0.0000e+00
      2.417    18.1464    13.6701    143.593  27.716831     31.897      8.710   278.3903     1.3776     1.0873     0.0204      0.105      2.370      3.438        456 1.8319e+02   998.5401 0.0000e+00
      2.447    18.0062    13.6787    143.110  27.610999     31.877      8.705   279.2610     1.3852     1.0873     0.0204      0.109      2.398      3.478        457 1.8535e+02   998.5681 0.0000e+00
      2.471    17.8926    13.6513    142.345  27.606064     31.989      8.712   278.9960     1.4653     1.1306     0.0204      0.109      2.422      3.513        458 1.7633e+02   998.5964 0.0000e+00
      2.490    17.8254    13.5813    141.384  27.604539     32.093      8.709   279.2231     1.4729     0.9719     0.0204      0.106      2.443      3.543        459 1.6945e+02   998.6225 0.0000e+00
      2.513    17.7498    13.4756    140.072  27.553704     32.114      8.710   279.1474     1.4653     1.0008     0.0203      0.102      2.464      3.574        460 1.6905e+02   998.6435 0.0000e+00
      2.537    17.6482    13.3566    138.319  27.550880     32.164      8.710   279.4503     1.4386     1.0873     0.0203      0.098      2.483      3.602        461 1.6333e+02   998.6561 0.0000e+00
      2.546    17.6488    13.2332    136.546  27.548840     32.219      8.707   280.9646     1.5149     1.1161     0.0203      0.092      2.493      3.617        462 1.5908e+02   998.6699 0.0000e+00
      2.547    17.7261    13.1023    134.690  27.615519     32.365      8.706   282.4789     1.5035     1.1161     0.0203      0.081      2.497      3.623        463 1.5726e+02   998.6884 0.0000e+00
      2.549    17.8215    12.9707    132.819  27.645660     32.429      8.700   282.7060     1.5149     1.0873     0.0204      0.067      2.502      3.629        464 1.5708e+02   998.6883 0.0000e+00
      2.558    17.8658    12.8291    130.889  27.629819     32.301      8.702   280.9267     1.5302     1.0152     0.0203      0.054      2.513      3.646        465 1.5924e+02   998.6743 0.0000e+00
      2.583    17.7276    12.7003    129.134  27.575964     32.236      8.700   281.2296     1.7094     0.8422     0.0203      0.048      2.535      3.678        466 1.6218e+02   998.6571 0.0000e+00
      2.615    17.5269    12.5486    127.255  27.386811     31.898      8.701   281.2674     1.7094     0.7845     0.0202      0.050      2.563      3.717        467 1.5889e+02   998.6490 0.0000e+00
      2.639    17.3704    12.3995    125.524  27.272773     31.947      8.699   280.4724     1.6637     0.7701     0.0202      0.054      2.588      3.754        468 1.5754e+02   998.6743 0.0000e+00
      2.664    17.2896    12.2520    123.880  27.214353     31.961      8.699   281.3810     1.7094     0.7556     0.0201      0.063      2.612      3.789        469 1.5822e+02   998.7107 0.0000e+00
      2.689    17.2114    12.1276    122.373  27.192986     32.116      8.699   286.4539     1.7743     0.9575     0.0201      0.076      2.637      3.824        470 1.5575e+02   998.7388 0.0000e+00
      2.713    17.0400    12.0355    121.104  27.151313     32.077      8.695   286.8703     1.7476     1.0585     0.0201      0.088      2.663      3.861        471 1.5395e+02   998.7532 0.0000e+00
      2.743    16.8622    11.9614    119.964  27.058900     32.066      8.695   286.8324     1.7705     1.0152     0.0201      0.098      2.690      3.901        472 1.5211e+02   998.7670 0.0000e+00
      2.772    16.6857    11.9050    119.097  26.952572     32.036      8.693   287.4760     1.7476     1.1161     0.0200      0.103      2.717      3.941        473 1.5072e+02   998.7972 0.0000e+00
      2.796    16.5000    11.8587    118.500  26.868994     32.102      8.693   284.8639     2.2511     1.0873     0.0200      0.103      2.742      3.977        474 1.4907e+02   998.8281 0.0000e+00
      2.820    16.3258    11.8141    118.016  26.777901     32.106      8.694   285.0910     2.2550     0.9864     0.0199      0.102      2.768      4.014        475 1.4811e+02   998.8584 0.0000e+00
      2.850    16.1660    11.8018    117.713  26.651307     32.115      8.694   285.4696     2.2321     0.9719     0.0198      0.104      2.796      4.055        476 1.4738e+02   998.8901 0.0000e+00
      2.883    16.0403    11.8026    117.457  26.523049     32.081      8.696   290.7317     2.2359     1.0873     0.0197      0.106      2.824      4.097        477 1.4791e+02   998.9193 0.0000e+00
      2.906    15.9598    11.8174    117.337  26.404405     32.071      8.692   290.2396     2.2244     1.0729     0.0197      0.107      2.849      4.132        478 1.4659e+02   998.9457 0.0000e+00
      2.927    15.8986    11.8422    117.279  26.354705     32.101      8.691   290.7317     2.6670     1.0008     0.0197      0.106      2.870      4.162        479 1.4374e+02   998.9664 0.0000e+00
      2.946    15.8061    11.8732    117.268  26.229501     32.029      8.692   290.5046     2.6670     1.1017     0.0196      0.102      2.890      4.190        480 1.4227e+02   998.9795 0.0000e+00
      2.965    15.6723    11.8915    117.187  26.204807     32.006      8.690   289.5203     2.6822     0.9719     0.0196      0.097      2.910      4.220        481 1.4025e+02   998.9894 0.0000e+00
      2.990    15.5222    11.9073    117.101  26.148500     32.080      8.692   289.7475     2.6784     1.0296     0.0196      0.094      2.931      4.252        482 1.3769e+02   999.0044 0.0000e+00
