Data/DataNotYetUploadedToEDI/Raw_CTD/RawDownloads/060619_fcr50_c.cnv
* Sea-Bird SBE19plus  Data File:
* FileName = C:\DATA\060619_fcr50_3.hex
* Software version 2.8.0.119
* Temperature SN = 7809
* Conductivity SN = 7809
* System UpLoad Time = Jun 06 2019 16:26:59
* <ApplicationData>
* <Seaterm232>
# nquan = 18
# nvalues = 771                         
# units = specified
# name 0 = depFM: Depth [fresh water, m]
# name 1 = tv290C: Temperature [ITS-90, deg C]
# name 2 = sbeox0Mg/L: Oxygen, SBE 43 [mg/l]
# name 3 = sbeox0PS: Oxygen, SBE 43 [% saturation]
# name 4 = c0uS/cm: Conductivity [uS/cm]
# name 5 = specc: Specific Conductance [uS/cm]
# name 6 = ph: pH
# name 7 = orp: Oxidation Reduction Potential [mV]
# name 8 = flECO-AFL: Fluorescence, WET Labs ECO-AFL/FL [mg/m^3]
# name 9 = turbWETntu0: Turbidity, WET Labs ECO [NTU]
# name 10 = sal00: Salinity, Practical [PSU]
# name 11 = dz/dtM: Descent Rate [m/s]
# name 12 = prdM: Pressure, Strain Gauge [db]
# name 13 = prdE: Pressure, Strain Gauge [psi]
# name 14 = scan: Scan Count
# name 15 = par/sat/log: PAR/Logarithmic, Satlantic
# name 16 = density00: Density [density, kg/m^3]
# name 17 = flag:  0.000e+00
# span 0 =     -0.647,      9.534       
# span 1 =     9.5498,    32.1822       
# span 2 =     4.2701,    13.7960       
# span 3 =     37.609,    148.458       
# span 4 =  -0.314977,  37.281934       
# span 5 =      0.283,     35.624       
# span 6 =     -2.115,     10.748       
# span 7 = -1240.7455,  1240.2295       
# span 8 =    -1.2279,     6.6610       
# span 9 =    -2.0130,    22.0681       
# span 10 =     0.0142,     0.0245      
# span 11 =     -0.171,      0.163      
# span 12 =     -0.634,      9.349      
# span 13 =     -0.919,     13.559      
# span 14 =          1,        771      
# span 15 = 1.2292e-01, 2.2150e+03      
# span 16 =   994.9764,   999.7992      
# span 17 = 0.0000e+00, 0.0000e+00      
# interval = seconds: 0.25
# start_time = Jun 06 2019 15:56:07 [Instrument's time stamp, header]
# bad_flag = -9.990e-29
*END*
[from data line 81]
      0.003    25.7093     6.7368     82.676  35.092965     34.598     10.062   286.6053     0.8473     0.9287     0.0237      0.000      0.003      0.004         82 9.4488e+02   996.8817 0.0000e+00
      0.003    25.7132     6.6517     81.626  35.146660     34.651     10.053   284.2582     0.8740     1.0440     0.0237      0.000      0.003      0.004         83 9.5600e+02   996.8810 0.0000e+00
      0.003    25.7167     6.5764     80.696  35.191998     34.704     10.048   284.5610     0.9122     1.0008     0.0237      0.000      0.003      0.004         84 1.3085e+03   996.8802 0.0000e+00
      0.003    25.7194     6.5103     79.882  35.155072     34.646     10.042   284.5610     0.9045     1.0008     0.0237      0.000      0.003      0.004         85 1.1165e+03   996.8792 0.0000e+00
      0.003    25.7207     6.4567     79.224  35.192612     34.699     10.036   284.4096     0.9045     0.9864     0.0237      0.000      0.003      0.004         86 1.2057e+03   996.8782 0.0000e+00
      0.003    25.7217     6.4044     78.584  35.204542     34.697     10.028   284.3339     0.9084     1.0296     0.0237      0.000      0.003      0.005         87 1.1336e+03   996.8775 0.0000e+00
      0.003    25.7267     6.3571     78.009  35.199488     34.696     10.019   283.1603     0.9312     1.0008     0.0237      0.000      0.003      0.005         88 8.4287e+02   996.8772 0.0000e+00
      0.003    25.7364     6.3180     77.534  35.258166     34.751     10.010   283.7282     0.9351     0.9287     0.0237      0.000      0.003      0.005         89 1.1929e+03   996.8769 0.0000e+00
      0.004    25.7468     6.2747     77.009  35.250047     34.747     10.003   284.1824     0.9122     1.0585     0.0237      0.000      0.004      0.005         90 1.7344e+03   996.8756 0.0000e+00
      0.004    25.7546     6.2285     76.448  35.209588     34.685      9.993   284.0689     0.8969     1.0585     0.0237      0.000      0.004      0.005         91 1.9511e+03   996.8730 0.0000e+00
      0.004    25.7558     6.1816     75.881  35.249248     34.733      9.988   284.1446     0.8969     1.1017     0.0237      0.001      0.004      0.006         92 1.2738e+03   996.8703 0.0000e+00
      0.004    25.7519     6.1311     75.269  35.259954     34.728      9.976   283.1603     0.8549     0.9431     0.0237      0.001      0.004      0.006         93 1.1409e+03   996.8682 0.0000e+00
      0.003    25.7483     6.0776     74.621  35.255527     34.727      9.965   283.8417     0.8473     1.0008     0.0237      0.000      0.004      0.006         94 1.1253e+03   996.8679 0.0000e+00
      0.004    25.7462     6.0252     73.988  35.254755     34.730      9.957   283.5767     0.8473     1.0585     0.0237      0.000      0.004      0.006         95 3.8137e+02   996.8689 0.0000e+00
      0.004    25.7461     5.9794     73.437  35.260915     34.732      9.951   283.6146     0.8321     1.1017     0.0237      0.000      0.004      0.006         96 6.6250e+02   996.8699 0.0000e+00
      0.004    25.7476     5.9224     72.748  35.307129     34.789      9.942   283.5010     0.7710     1.0585     0.0238      0.000      0.004      0.006         97 1.1888e+03   996.8704 0.0000e+00
      0.004    25.7504     5.8708     72.125  35.315775     34.789      9.934   282.9710     0.7825     0.9864     0.0238      0.000      0.004      0.006         98 1.1553e+03   996.8705 0.0000e+00
      0.004    25.7544     5.8212     71.527  35.309421     34.788      9.928   283.0467     0.7863     1.0008     0.0238      0.000      0.004      0.006         99 1.2514e+03   996.8701 0.0000e+00
      0.004    25.7588     5.7839     71.078  35.374302     34.841      9.919   280.7374     0.7634     1.0585     0.0238     -0.000      0.004      0.006        100 1.3843e+03   996.8694 0.0000e+00
      0.004    25.7639     5.7558     70.744  35.412826     34.893      9.911   281.7596     0.7329     1.1161     0.0238      0.000      0.004      0.006        101 1.3800e+03   996.8684 0.0000e+00
      0.004    25.7698     5.7376     70.529  35.380006     34.835      9.906   281.4946     0.7214     1.1017     0.0238      0.000      0.004      0.006        102 1.3573e+03   996.8673 0.0000e+00
      0.004    25.7756     5.7191     70.313  35.415143     34.887      9.903   281.2674     0.6947     1.0008     0.0238      0.000      0.004      0.006        103 1.5428e+03   996.8659 0.0000e+00
      0.005    25.7821     5.7103     70.214  35.428362     34.883      9.901   282.9710     0.7176     1.0440     0.0238      0.000      0.004      0.006        104 1.4046e+03   996.8643 0.0000e+00
      0.004    25.7894     5.7116     70.241  35.482085     34.934      9.899   283.1982     0.7100     0.8133     0.0238      0.000      0.004      0.006        105 1.1469e+03   996.8628 0.0000e+00
      0.005    25.7977     5.7152     70.296  35.526081     34.984      9.897   277.8981     0.7252     0.7701     0.0239      0.000      0.004      0.006        106 1.1575e+03   996.8611 0.0000e+00
      0.003    25.8060     5.7250     70.427  35.492139     34.924      9.894   278.7310     0.7405     0.8133     0.0238      0.000      0.004      0.006        107 9.9203e+02   996.8592 0.0000e+00
      0.004    25.8140     5.7357     70.570  35.553955     35.001      9.893   278.3146     0.7100     0.7989     0.0239     -0.000      0.004      0.006        108 1.2214e+03   996.8570 0.0000e+00
      0.005    25.8226     5.7472     70.721  35.567681     34.995      9.889   280.4346     0.6985     1.0729     0.0239      0.000      0.005      0.007        109 1.8233e+03   996.8548 0.0000e+00
      0.005    25.8307     5.7610     70.903  35.563951     34.990      9.887   280.2831     0.7329     1.0296     0.0239      0.000      0.005      0.007        110 1.5954e+03   996.8527 0.0000e+00
      0.005    25.8385     5.7782     71.127  35.588223     35.011      9.884   276.5353     0.7367     1.0873     0.0239      0.000      0.005      0.007        111 1.8081e+03   996.8504 0.0000e+00
      0.005    25.8465     5.7919     71.308  35.626370     35.033      9.883   276.0431     0.7329     1.0440     0.0239      0.000      0.005      0.007        112 1.5922e+03   996.8483 0.0000e+00
      0.004    25.8545     5.8036     71.463  35.664641     35.083      9.877   276.1188     0.7100     1.0008     0.0239      0.000      0.004      0.006        113 1.2656e+03   996.8462 0.0000e+00
      0.004    25.8623     5.8167     71.635  35.629491     35.022      9.875   276.8760     0.6718     1.1306     0.0239      0.000      0.004      0.006        114 2.2150e+03   996.8442 0.0000e+00
      0.005    25.8704     5.8276     71.781  35.610844     35.017      9.869   276.8381     0.7024     1.1161     0.0239      0.000      0.005      0.007        115 1.5357e+03   996.8420 0.0000e+00
      0.005    25.8790     5.8389     71.931  35.628577     35.011      9.865   276.9896     0.7252     1.0585     0.0239      0.000      0.005      0.007        116 1.0454e+03   996.8399 0.0000e+00
      0.005    25.8873     5.8555     72.149  35.696318     35.088      9.858   278.6553     0.6833     1.0585     0.0239      0.000      0.005      0.007        117 1.4929e+03   996.8378 0.0000e+00
      0.005    25.8955     5.8653     72.280  35.674703     35.055      9.852   276.8381     0.7863     1.0440     0.0239      0.000      0.005      0.007        118 1.4073e+03   996.8355 0.0000e+00
      0.005    25.9042     5.8763     72.426  35.625840     34.994      9.846   277.1031     0.7939     1.1161     0.0239      0.000      0.005      0.007        119 1.3563e+03   996.8334 0.0000e+00
      0.005    25.9133     5.8832     72.521  35.668225     35.043      9.839   277.2546     0.7710     1.0873     0.0239      0.000      0.005      0.007        120 1.4509e+03   996.8312 0.0000e+00
      0.005    25.9224     5.8944     72.669  35.681218     35.037      9.834   276.1188     0.8092     1.0008     0.0239      0.000      0.005      0.007        121 1.4694e+03   996.8289 0.0000e+00
      0.005    25.9314     5.8928     72.659  35.728198     35.086      9.824   276.5731     0.7786     0.7989     0.0239      0.000      0.005      0.007        122 1.1180e+03   996.8265 0.0000e+00
      0.005    25.9402     5.8962     72.709  35.757920     35.107      9.819   280.1317     0.7519     0.8133     0.0239      0.000      0.005      0.007        123 1.1569e+03   996.8241 0.0000e+00
      0.006    25.9492     5.8934     72.683  35.733124     35.073      9.814   278.9203     0.7901     0.8566     0.0239      0.000      0.005      0.008        124 1.3835e+03   996.8217 0.0000e+00
      0.005    25.9580     5.8869     72.609  35.729417     35.067      9.807   279.0339     0.7825     0.9143     0.0239      0.000      0.005      0.008        125 1.4916e+03   996.8194 0.0000e+00
      0.005    25.9667     5.8780     72.504  35.732894     35.061      9.803   277.1788     0.7329     1.0585     0.0239      0.000      0.005      0.008        126 1.5546e+03   996.8170 0.0000e+00
      0.005    25.9758     5.8664     72.366  35.728792     35.055      9.796   277.4060     0.7291     1.0585     0.0239      0.000      0.005      0.008        127 1.2876e+03   996.8146 0.0000e+00
      0.006    25.9840     5.8500     72.168  35.764153     35.077      9.786   280.5860     0.7214     1.0152     0.0239      0.000      0.006      0.008        128 1.1514e+03   996.8123 0.0000e+00
      0.006    25.9920     5.8322     71.955  35.777787     35.098      9.779   280.7753     0.7329     1.0440     0.0240      0.000      0.006      0.008        129 1.1244e+03   996.8099 0.0000e+00
      0.006    25.9999     5.8146     71.740  35.741453     35.037      9.773   280.2074     0.7214     1.0729     0.0239      0.000      0.006      0.008        130 1.4466e+03   996.8077 0.0000e+00
      0.005    26.0071     5.7930     71.475  35.779730     35.086      9.765   280.2074     0.7252     0.9719     0.0240      0.000      0.006      0.008        131 1.1485e+03   996.8056 0.0000e+00
      0.006    26.0142     5.7712     71.210  35.789416     35.081      9.760   278.7689     0.7291     1.0296     0.0240      0.000      0.006      0.008        132 1.2468e+03   996.8035 0.0000e+00
      0.005    26.0207     5.7490     70.940  35.788662     35.076      9.753   279.0339     0.7405     1.0873     0.0240      0.000      0.006      0.008        133 2.0953e+03   996.8016 0.0000e+00
      0.006    26.0266     5.7251     70.650  35.780664     35.071      9.746   279.6396     0.7252     1.1017     0.0240      0.000      0.006      0.009        134 1.6351e+03   996.7997 0.0000e+00
      0.006    26.0317     5.7059     70.419  35.740101     35.012      9.739   279.8289     0.7214     1.1594     0.0239      0.000      0.006      0.009        135 1.3872e+03   996.7979 0.0000e+00
      0.006    26.0353     5.6854     70.169  35.779872     35.063      9.729   279.7153     0.7367     1.0296     0.0240      0.000      0.006      0.009        136 1.3157e+03   996.7964 0.0000e+00
      0.007    26.0386     5.6636     69.903  35.790432     35.059      9.723   280.0939     0.7519     0.8998     0.0240      0.000      0.007      0.010        137 1.3454e+03   996.7951 0.0000e+00
      0.007    26.0429     5.6414     69.633  35.726957     35.002      9.722   279.5260     0.7100     1.0585     0.0239      0.001      0.007      0.010        138 1.3473e+03   996.7941 0.0000e+00
      0.008    26.0470     5.6212     69.386  35.740331     35.000      9.714   279.7910     0.7062     1.0440     0.0239      0.001      0.007      0.011        139 1.2388e+03   996.7932 0.0000e+00
      0.007    26.0490     5.6020     69.152  35.773786     35.052      9.707   278.3524     0.7252     1.0008     0.0239      0.001      0.008      0.011        140 1.1587e+03   996.7921 0.0000e+00
      0.009    26.0505     5.5745     68.814  35.744588     34.994      9.702   278.3146     0.7291     1.0152     0.0239      0.001      0.009      0.012        141 1.3557e+03   996.7910 0.0000e+00
      0.010    26.0534     5.5554     68.580  35.776667     35.047      9.695   278.3903     0.7062     1.1017     0.0239      0.002      0.009      0.013        142 2.0441e+03   996.7905 0.0000e+00
      0.009    26.0568     5.5327     68.300  35.733865     34.992      9.691   278.8067     0.7024     0.8710     0.0239      0.002      0.009      0.013        143 1.6111e+03   996.7901 0.0000e+00
      0.010    26.0607     5.5090     68.008  35.738587     34.990      9.685   278.3146     0.7138     0.8133     0.0239      0.002      0.010      0.014        144 1.3169e+03   996.7893 0.0000e+00
      0.010    26.0643     5.4849     67.710  35.830054     35.097      9.678   278.0496     0.7405     0.7556     0.0240      0.002      0.010      0.014        145 1.0683e+03   996.7884 0.0000e+00
      0.010    26.0673     5.4616     67.421  35.797832     35.039      9.673   277.8603     0.7214     0.7989     0.0239      0.001      0.010      0.014        146 4.2288e+02   996.7873 0.0000e+00
      0.010    26.0700     5.4344     67.085  35.778684     35.037      9.665   277.7467     0.7138     1.1017     0.0239      0.001      0.010      0.014        147 3.0181e+02   996.7864 0.0000e+00
      0.010    26.0725     5.4146     66.839  35.794616     35.035      9.660   277.7467     0.6833     1.0729     0.0239      0.001      0.010      0.014        148 6.3800e+02   996.7856 0.0000e+00
      0.010    26.0747     5.3875     66.502  35.778004     35.033      9.655   277.6710     0.6680     1.0873     0.0239      0.000      0.010      0.014        149 9.7300e+02   996.7849 0.0000e+00
      0.010    26.0765     5.3636     66.205  35.799356     35.031      9.649   277.6331     0.6642     0.9719     0.0239      0.000      0.010      0.014        150 1.0989e+03   996.7842 0.0000e+00
      0.010    26.0781     5.3418     65.934  35.827310     35.084      9.641   277.9360     0.6718     0.9719     0.0240      0.000      0.010      0.014        151 1.0887e+03   996.7836 0.0000e+00
      0.010    26.0794     5.3190     65.650  35.802481     35.028      9.636   278.1253     0.7024     1.0296     0.0239      0.000      0.010      0.015        152 1.2844e+03   996.7831 0.0000e+00
      0.010    26.0800     5.2962     65.366  35.830253     35.082      9.626   278.1631     0.6871     1.0008     0.0240      0.000      0.010      0.015        153 1.8753e+03   996.7826 0.0000e+00
      0.010    26.0802     5.2762     65.116  35.792747     35.026      9.619   278.4281     0.6528     1.0008     0.0239      0.000      0.010      0.015        154 1.1154e+03   996.7824 0.0000e+00
      0.010    26.0798     5.2549     64.852  35.789890     35.026      9.612   278.0874     0.6909     1.1450     0.0239      0.000      0.010      0.015        155 2.6553e+02   996.7822 0.0000e+00
      0.011    26.0794     5.2351     64.606  35.833809     35.080      9.605   277.9360     0.7214     1.0440     0.0240      0.000      0.010      0.015        156 5.2664e+02   996.7821 0.0000e+00
      0.010    26.0786     5.2172     64.383  35.797357     35.026      9.597   277.6710     0.7100     1.1450     0.0239      0.000      0.010      0.015        157 9.1167e+02   996.7823 0.0000e+00
      0.010    26.0774     5.1949     64.106  35.775988     35.026      9.591   278.0117     0.7367     1.0873     0.0239      0.000      0.010      0.015        158 1.3068e+03   996.7823 0.0000e+00
      0.010    26.0759     5.1795     63.915  35.801135     35.027      9.583   278.0117     0.7405     1.0008     0.0239      0.000      0.010      0.015        159 1.2638e+03   996.7826 0.0000e+00
      0.011    26.0739     5.1592     63.664  35.825327     35.082      9.580   278.7689     0.7024     1.1017     0.0240      0.000      0.011      0.015        160 1.2719e+03   996.7829 0.0000e+00
