Data/DataNotYetUploadedToEDI/Raw_CTD/RawDownloads/060619_fcr50_c.cnv
* Sea-Bird SBE19plus  Data File:
* FileName = C:\DATA\060619_fcr50_3.hex
* Software version 2.8.0.119
* Temperature SN = 7809
* Conductivity SN = 7809
* System UpLoad Time = Jun 06 2019 16:26:59
* <ApplicationData>
* <Seaterm232>
# nquan = 18
# nvalues = 771                         
# units = specified
# name 0 = depFM: Depth [fresh water, m]
# name 1 = tv290C: Temperature [ITS-90, deg C]
# name 2 = sbeox0Mg/L: Oxygen, SBE 43 [mg/l]
# name 3 = sbeox0PS: Oxygen, SBE 43 [% saturation]
# name 4 = c0uS/cm: Conductivity [uS/cm]
# name 5 = specc: Specific Conductance [uS/cm]
# name 6 = ph: pH
# name 7 = orp: Oxidation Reduction Potential [mV]
# name 8 = flECO-AFL: Fluorescence, WET Labs ECO-AFL/FL [mg/m^3]
# name 9 = turbWETntu0: Turbidity, WET Labs ECO [NTU]
# name 10 = sal00: Salinity, Practical [PSU]
# name 11 = dz/dtM: Descent Rate [m/s]
# name 12 = prdM: Pressure, Strain Gauge [db]
# name 13 = prdE: Pressure, Strain Gauge [psi]
# name 14 = scan: Scan Count
# name 15 = par/sat/log: PAR/Logarithmic, Satlantic
# name 16 = density00: Density [density, kg/m^3]
# name 17 = flag:  0.000e+00
# span 0 =     -0.647,      9.534       
# span 1 =     9.5498,    32.1822       
# span 2 =     4.2701,    13.7960       
# span 3 =     37.609,    148.458       
# span 4 =  -0.314977,  37.281934       
# span 5 =      0.283,     35.624       
# span 6 =     -2.115,     10.748       
# span 7 = -1240.7455,  1240.2295       
# span 8 =    -1.2279,     6.6610       
# span 9 =    -2.0130,    22.0681       
# span 10 =     0.0142,     0.0245      
# span 11 =     -0.171,      0.163      
# span 12 =     -0.634,      9.349      
# span 13 =     -0.919,     13.559      
# span 14 =          1,        771      
# span 15 = 1.2292e-01, 2.2150e+03      
# span 16 =   994.9764,   999.7992      
# span 17 = 0.0000e+00, 0.0000e+00      
# interval = seconds: 0.25
# start_time = Jun 06 2019 15:56:07 [Instrument's time stamp, header]
# bad_flag = -9.990e-29
*END*
[from data line 161]
      0.011    26.0698     5.1226     63.210  35.766981     35.030      9.566   276.3838     0.6604     1.1161     0.0239      0.000      0.011      0.016        162 1.2116e+03   996.7838 0.0000e+00
      0.012    26.0676     5.1073     63.020  35.754294     34.977      9.561   276.5353     0.6871     1.0440     0.0239      0.000      0.011      0.016        163 1.2365e+03   996.7844 0.0000e+00
      0.011    26.0657     5.0923     62.833  35.820938     35.088      9.554   276.3081     0.7329     1.0873     0.0240      0.001      0.011      0.016        164 1.3154e+03   996.7850 0.0000e+00
      0.012    26.0639     5.0786     62.663  35.802577     35.034      9.550   277.2924     0.7329     1.1450     0.0239      0.001      0.012      0.017        165 1.8645e+03   996.7855 0.0000e+00
      0.012    26.0624     5.0628     62.467  35.777145     35.036      9.542   277.2546     0.7138     1.0873     0.0239      0.001      0.012      0.017        166 1.5050e+03   996.7860 0.0000e+00
      0.012    26.0612     5.0460     62.258  35.793324     35.037      9.540   277.0274     0.7176     1.0585     0.0239      0.001      0.012      0.017        167 1.6418e+03   996.7865 0.0000e+00
      0.012    26.0598     5.0316     62.080  35.782445     35.038      9.534   275.0210     0.7176     1.0440     0.0239      0.001      0.012      0.017        168 1.4967e+03   996.7869 0.0000e+00
      0.012    26.0586     5.0194     61.927  35.790684     35.039      9.530   274.8317     0.7481     1.0873     0.0239      0.000      0.012      0.017        169 1.1637e+03   996.7872 0.0000e+00
      0.012    26.0573     4.9949     61.624  35.783071     35.040      9.525   274.6046     0.7291     1.0585     0.0239      0.000      0.012      0.017        170 1.8541e+03   996.7876 0.0000e+00
      0.013    26.0562     5.0575     62.313  35.791920     35.041      9.521   274.5667     0.7443     1.0152     0.0239      0.000      0.012      0.018        171 1.6385e+03   996.7879 0.0000e+00
      0.012    26.0554     5.5735     68.433  35.779673     35.042      9.515   274.7181     0.6680     1.0008     0.0239      0.000      0.012      0.018        172 1.2935e+03   996.7883 0.0000e+00
      0.012    26.0543     6.6282     81.162  35.739046     34.988      9.512   274.5667     0.6871     1.1594     0.0239      0.000      0.012      0.017        173 1.5177e+03   996.7885 0.0000e+00
      0.012    26.0533     7.6809     93.911  35.783212     35.043      9.505   276.0431     0.6871     1.0729     0.0239      0.000      0.012      0.017        174 1.5209e+03   996.7888 0.0000e+00
      0.013    26.0522     8.6244    105.354  35.783976     35.044      9.500   274.9074     0.6795     1.1161     0.0239      0.000      0.012      0.018        175 1.2912e+03   996.7891 0.0000e+00
      0.012    26.0515     9.3839    114.577  35.797363     35.044      9.493   274.8696     0.7519     1.0873     0.0239      0.000      0.012      0.018        176 1.3146e+03   996.7893 0.0000e+00
      0.012    26.0502     9.9201    121.105  35.766553     35.045      9.487   274.7560     0.7367     1.0152     0.0239      0.000      0.012      0.018        177 1.3016e+03   996.7896 0.0000e+00
      0.012    26.0492    10.2436    125.025  35.763052     34.991      9.481   274.4153     0.6985     1.0729     0.0239      0.000      0.012      0.018        178 1.3873e+03   996.7898 0.0000e+00
      0.013    26.0480    10.3582    126.362  35.742453     35.046      9.476   277.3681     0.7329     1.0008     0.0239      0.000      0.012      0.018        179 1.4800e+03   996.7901 0.0000e+00
      0.013    26.0466    10.2281    124.737  35.792189     34.992      9.469   276.6110     0.7214     1.0008     0.0239      0.000      0.012      0.018        180 1.3257e+03   996.7904 0.0000e+00
      0.013    25.9686     9.9951    121.876  35.641891     34.993      9.463   276.3838     0.7481     0.9287     0.0239      0.000      0.012      0.018        181 1.3031e+03   996.7908 0.0000e+00
      0.013    25.7866     9.7834    119.294  34.921986     34.119      9.460   276.5731     0.7252     1.0585     0.0236      0.000      0.012      0.018        182 1.1136e+03   996.7909 0.0000e+00
      0.013    25.6337     9.6218    117.335  34.673091     34.059      9.455   274.6046     0.7329     1.0440     0.0235      0.000      0.013      0.018        183 1.1672e+03   996.8116 0.0000e+00
      0.013    25.5523     9.4948    115.802  34.707115     34.131      9.453   274.7181     0.7329     1.1306     0.0235      0.000      0.013      0.018        184 1.2542e+03   996.8598 0.0000e+00
      0.013    25.5033     9.4018    114.682  34.642662     34.232      9.448   278.2767     0.7443     1.0152     0.0235      0.000      0.013      0.018        185 1.2336e+03   996.9000 0.0000e+00
      0.013    25.4777     9.3301    113.816  34.634842     34.233      9.443   277.9360     0.7329     1.0585     0.0235      0.000      0.013      0.019        186 1.1589e+03   996.9212 0.0000e+00
      0.013    25.4683     9.2748    113.143  34.598362     34.265      9.440   278.0874     0.7100     1.0008     0.0235      0.000      0.013      0.019        187 1.3110e+03   996.9340 0.0000e+00
      0.013    25.4552     9.2339    112.646  34.628822     34.283      9.435   278.1631     0.7214     1.0873     0.0235      0.000      0.013      0.019        188 1.3569e+03   996.9408 0.0000e+00
      0.013    25.4299     9.1942    112.164  34.596949     34.289      9.430   276.6110     0.7519     1.0585     0.0235      0.000      0.013      0.019        189 1.2252e+03   996.9432 0.0000e+00
      0.013    25.4123     9.1669    111.832  34.549139     34.214      9.426   277.0274     0.7252     1.0152     0.0235      0.000      0.013      0.019        190 1.3642e+03   996.9466 0.0000e+00
      0.013    25.4046     9.1574    111.712  34.599433     34.315      9.422   277.6710     0.7252     1.0440     0.0235      0.000      0.013      0.019        191 1.4798e+03   996.9532 0.0000e+00
      0.013    25.4039     9.1548    111.674  34.623264     34.327      9.416   277.9360     0.7024     1.0729     0.0235     -0.000      0.013      0.019        192 1.2863e+03   996.9578 0.0000e+00
      0.014    25.4092     9.1521    111.625  34.608385     34.332      9.413   277.8603     0.7100     1.1017     0.0235      0.000      0.013      0.019        193 1.6092e+03   996.9598 0.0000e+00
      0.013    25.4166     9.1494    111.576  34.617953     34.333      9.405   278.2010     0.7405     1.0585     0.0235      0.000      0.013      0.019        194 2.1775e+03   996.9600 0.0000e+00
      0.013    25.4231     9.1437    111.500  34.611357     34.329      9.399   278.2010     0.7062     1.0152     0.0235      0.000      0.013      0.019        195 1.4049e+03   996.9585 0.0000e+00
      0.014    25.4270     9.1451    111.510  34.616591     34.324      9.397   278.2767     0.7100     1.0008     0.0235      0.000      0.013      0.019        196 1.0325e+03   996.9567 0.0000e+00
      0.013    25.4284     9.1479    111.541  34.611437     34.320      9.389   274.5667     0.7024     1.0152     0.0235      0.000      0.013      0.019        197 1.3725e+03   996.9549 0.0000e+00
      0.014    25.4288     9.1342    111.372  34.617768     34.317      9.385   275.6267     0.7405     1.0585     0.0235      0.000      0.013      0.019        198 1.4577e+03   996.9539 0.0000e+00
      0.012    25.4303     9.1213    111.216  34.608708     34.316      9.383   275.3617     0.7405     1.1017     0.0235     -0.000      0.013      0.019        199 1.2718e+03   996.9536 0.0000e+00
      0.013    25.4307     9.1145    111.128  34.533817     34.233      9.376   277.4817     0.7100     1.0008     0.0235     -0.000      0.013      0.019        200 1.4199e+03   996.9535 0.0000e+00
      0.014    25.4289     9.1163    111.142  34.533180     34.232      9.372   277.6331     0.6947     1.0873     0.0235      0.000      0.014      0.020        201 1.2852e+03   996.9531 0.0000e+00
      0.014    25.4251     9.1288    111.293  34.550236     34.259      9.367   273.2417     0.7672     1.0296     0.0235      0.000      0.014      0.020        202 1.0922e+03   996.9530 0.0000e+00
      0.014    25.4175     9.1385    111.412  34.482959     34.177      9.363   273.3553     0.8168     1.1161     0.0234      0.000      0.014      0.020        203 1.4583e+03   996.9534 0.0000e+00
      0.014    25.4103     9.1339    111.351  34.468749     34.180      9.358   273.9610     0.7825     1.0296     0.0234      0.000      0.014      0.020        204 1.2468e+03   996.9544 0.0000e+00
      0.014    25.4066     9.1308    111.307  34.479028     34.185      9.354   273.9231     0.7748     0.9719     0.0234      0.001      0.014      0.020        205 1.2632e+03   996.9564 0.0000e+00
      0.015    25.4036     9.1371    111.382  34.470169     34.190      9.350   273.7717     0.7367     1.0585     0.0234      0.001      0.014      0.020        206 1.3318e+03   996.9582 0.0000e+00
      0.014    25.4013     9.1387    111.395  34.479776     34.192      9.350   275.7781     0.7100     0.9719     0.0234      0.001      0.014      0.020        207 1.2491e+03   996.9592 0.0000e+00
      0.014    25.4007     9.1341    111.335  34.496707     34.222      9.347   273.5067     0.7405     1.1017     0.0234      0.000      0.014      0.020        208 1.4423e+03   996.9600 0.0000e+00
      0.014    25.4012     9.1169    111.127  34.478731     34.196      9.339   273.1281     0.7291     1.0585     0.0234     -0.000      0.014      0.020        209 1.3476e+03   996.9607 0.0000e+00
      0.014    25.3986     9.1095    111.032  34.472516     34.196      9.339   272.9767     0.7252     1.1017     0.0234     -0.000      0.014      0.020        210 1.3203e+03   996.9608 0.0000e+00
      0.014    25.3950     9.1121    111.054  34.474812     34.196      9.335   272.9010     0.7252     1.0873     0.0234      0.000      0.014      0.020        211 1.2722e+03   996.9606 0.0000e+00
      0.014    25.3946     9.1206    111.152  34.475874     34.198      9.332   272.6360     0.7024     1.1161     0.0234     -0.000      0.014      0.020        212 1.1076e+03   996.9613 0.0000e+00
      0.014    25.3947     9.1298    111.284  34.471194     34.200      9.327   273.0524     0.7329     0.9719     0.0234     -0.000      0.014      0.020        213 1.2698e+03   996.9623 0.0000e+00
      0.015    25.3924     9.1306    111.318  34.451006     34.173      9.322   275.5888     0.7176     0.9143     0.0234      0.000      0.014      0.021        214 1.3924e+03   996.9624 0.0000e+00
      0.015    25.3894     9.1254    111.258  34.471368     34.200      9.321   274.7560     0.7329     1.0585     0.0234      0.000      0.014      0.021        215 1.2249e+03   996.9623 0.0000e+00
      0.014    25.3877     9.1304    111.303  34.416223     34.146      9.314   274.9453     0.7024     1.0873     0.0234      0.000      0.014      0.020        216 1.2530e+03   996.9629 0.0000e+00
      0.014    25.3849     9.1416    111.422  34.371477     34.093      9.311   274.7560     0.7176     1.0585     0.0234      0.000      0.014      0.020        217 1.3242e+03   996.9637 0.0000e+00
      0.014    25.3834     9.1421    111.421  34.408528     34.150      9.307   273.1660     0.7252     1.0008     0.0234      0.000      0.014      0.020        218 1.3066e+03   996.9642 0.0000e+00
      0.015    25.3838     9.1502    111.528  34.429376     34.152      9.302   273.2417     0.6985     0.9864     0.0234      0.000      0.014      0.020        219 1.2964e+03   996.9649 0.0000e+00
      0.014    25.3817     9.1605    111.658  34.434428     34.180      9.297   278.2010     0.7214     0.9719     0.0234      0.000      0.014      0.020        220 1.1324e+03   996.9652 0.0000e+00
      0.014    25.3768     9.1540    111.588  34.431873     34.152      9.292   277.5953     0.7367     1.1017     0.0234     -0.000      0.014      0.020        221 1.0298e+03   996.9651 0.0000e+00
      0.015    25.3749     9.1428    111.459  34.462187     34.209      9.292   277.8224     0.7176     1.0008     0.0234      0.000      0.014      0.021        222 1.2353e+03   996.9657 0.0000e+00
      0.015    25.3837     9.1341    111.356  34.426336     34.157      9.287   275.6646     0.7596     1.0585     0.0234      0.000      0.014      0.021        223 1.2905e+03   996.9670 0.0000e+00
      0.015    25.3957     9.1299    111.290  34.417229     34.159      9.284   276.0053     0.7596     1.0440     0.0234      0.000      0.014      0.021        224 1.0604e+03   996.9675 0.0000e+00
      0.015    25.3969     9.1316    111.292  34.473521     34.208      9.279   276.1188     0.7863     1.0585     0.0234      0.000      0.014      0.021        225 1.2576e+03   996.9652 0.0000e+00
      0.015    25.3896     9.1380    111.352  34.445172     34.172      9.276   277.9360     0.7901     1.0873     0.0234      0.000      0.014      0.021        226 1.2499e+03   996.9621 0.0000e+00
      0.014    25.3810     9.1459    111.435  34.422873     34.143      9.275   278.5417     0.8740     1.0585     0.0234      0.000      0.014      0.020        227 1.2567e+03   996.9618 0.0000e+00
      0.014    25.3780     9.1507    111.492  34.412376     34.148      9.271   278.5796     0.8359     1.0585     0.0234     -0.000      0.014      0.020        228 1.4127e+03   996.9635 0.0000e+00
      0.015    25.3814     9.1512    111.526  34.369342     34.099      9.266   278.2010     0.8359     1.1017     0.0234      0.000      0.015      0.021        229 1.2638e+03   996.9658 0.0000e+00
      0.015    25.3844     9.1469    111.513  34.357906     34.101      9.262   278.7310     0.8473     1.0296     0.0234      0.000      0.015      0.021        230 1.2613e+03   996.9667 0.0000e+00
      0.015    25.3881     9.1380    111.431  34.367348     34.098      9.257   277.4817     0.7634     1.0585     0.0234      0.000      0.015      0.022        231 1.1712e+03   996.9658 0.0000e+00
      0.015    25.3927     9.1320    111.381  34.387222     34.125      9.252   275.3996     0.7825     0.9864     0.0234      0.000      0.015      0.022        232 1.1559e+03   996.9650 0.0000e+00
      0.015    25.3930     9.1354    111.415  34.422065     34.149      9.250   277.4438     0.7672     1.0873     0.0234      0.000      0.014      0.021        233 1.0844e+03   996.9640 0.0000e+00
      0.015    25.3865     9.1365    111.399  34.412879     34.147      9.249   277.4817     0.7672     1.0729     0.0234      0.000      0.014      0.021        234 1.0207e+03   996.9628 0.0000e+00
      0.015    25.3771     9.1430    111.452  34.369022     34.090      9.244   277.1410     0.8435     0.8422     0.0234      0.000      0.015      0.021        235 1.0683e+03   996.9627 0.0000e+00
      0.015    25.3683     9.1537    111.559  34.417383     34.151      9.242   278.9960     0.8397     0.8277     0.0234      0.000      0.015      0.021        236 1.4124e+03   996.9644 0.0000e+00
      0.015    25.3615     9.1584    111.604  34.441592     34.184      9.239   274.0367     0.8359     0.7701     0.0234     -0.000      0.015      0.021        237 1.4359e+03   996.9669 0.0000e+00
      0.015    25.3614     9.1581    111.598  34.427793     34.163      9.235   274.6803     0.8244     0.6835     0.0234     -0.000      0.015      0.021        238 1.2035e+03   996.9692 0.0000e+00
      0.015    25.3749     9.1584    111.598  34.404929     34.167      9.229   274.6046     0.8549     0.8998     0.0234      0.000      0.015      0.021        239 1.3974e+03   996.9709 0.0000e+00
      0.015    25.3934     9.1593    111.607  34.381153     34.112      9.228   274.3396     0.8435     0.8566     0.0234      0.000      0.015      0.021        240 1.4512e+03   996.9709 0.0000e+00
      0.015    25.4073     9.1527    111.524  34.398116     34.158      9.226   276.6110     0.8359     0.7701     0.0234      0.000      0.015      0.021        241 1.1530e+03   996.9675 0.0000e+00
