Data/DataNotYetUploadedToEDI/Raw_CTD/RawDownloads/060619_fcr50_b.cnv
* Sea-Bird SBE19plus  Data File:
* FileName = C:\DATA\060619_fcr50_2_0001.hex
* Software version 2.8.0.119
* Temperature SN = 7809
* Conductivity SN = 7809
* System UpLoad Time = Jun 06 2019 13:29:29
* <ApplicationData>
* <Seaterm232>
# nquan = 18
# nvalues = 693                         
# units = specified
# name 0 = depFM: Depth [fresh water, m]
# name 1 = tv290C: Temperature [ITS-90, deg C]
# name 2 = sbeox0Mg/L: Oxygen, SBE 43 [mg/l]
# name 3 = sbeox0PS: Oxygen, SBE 43 [% saturation]
# name 4 = c0uS/cm: Conductivity [uS/cm]
# name 5 = specc: Specific Conductance [uS/cm]
# name 6 = ph: pH
# name 7 = orp: Oxidation Reduction Potential [mV]
# name 8 = flECO-AFL: Fluorescence, WET Labs ECO-AFL/FL [mg/m^3]
# name 9 = turbWETntu0: Turbidity, WET Labs ECO [NTU]
# name 10 = sal00: Salinity, Practical [PSU]
# name 11 = dz/dtM: Descent Rate [m/s]
# name 12 = prdM: Pressure, Strain Gauge [db]
# name 13 = prdE: Pressure, Strain Gauge [psi]
# name 14 = scan: Scan Count
# name 15 = par/sat/log: PAR/Logarithmic, Satlantic
# name 16 = density00: Density [density, kg/m^3]
# name 17 = flag:  0.000e+00
# span 0 =     -0.634,      9.556       
# span 1 =     9.5274,    29.7528       
# span 2 =     4.3988,    13.5642       
# span 3 =     38.744,    141.054       
# span 4 =   5.457309,  58.139234       
# span 5 =      4.929,     56.475       
# span 6 =     -2.252,     16.073       
# span 7 = -1240.7455,   852.4955       
# span 8 =    -0.1598,     6.1193       
# span 9 =    -0.6287,   122.2422       
# span 10 =     0.0140,     0.0332      
# span 11 =     -0.110,      0.209      
# span 12 =     -0.621,      9.370      
# span 13 =     -0.901,     13.591      
# span 14 =          1,        693      
# span 15 = 1.2296e-01, 1.3021e+03      
# span 16 =   995.7307,   999.8013      
# span 17 = 0.0000e+00, 0.0000e+00      
# interval = seconds: 0.25
# start_time = Jun 06 2019 13:21:06 [Instrument's time stamp, header]
# bad_flag = -9.990e-29
*END*
[from data line 81]
     -0.172    24.6095     7.1628     86.090  35.535035     35.814     13.942   208.0894     1.0113     1.1450     0.0239      0.000     -0.168     -0.244         82 5.4579e+02   997.1640 0.0000e+00
     -0.172    24.6112     7.1075     85.429  35.559465     35.841     13.832   207.3322     1.0381     1.0585     0.0239      0.000     -0.168     -0.244         83 5.1360e+02   997.1638 0.0000e+00
     -0.172    24.6126     7.0465     84.699  35.483363     35.755     13.721   208.2408     1.0190     1.0873     0.0239      0.000     -0.168     -0.244         84 5.3633e+02   997.1632 0.0000e+00
     -0.172    24.6138     6.9947     84.081  35.481576     35.754     13.604   208.8465     1.0037     1.0729     0.0239      0.000     -0.168     -0.244         85 5.2507e+02   997.1628 0.0000e+00
     -0.172    24.6149     6.9359     83.378  35.561687     35.837     13.494   206.8779     1.0190     1.1161     0.0239      0.000     -0.168     -0.244         86 5.2422e+02   997.1624 0.0000e+00
     -0.171    24.6162     6.8791     82.695  35.620730     35.893     13.393   207.7108     1.0152     1.1161     0.0239      0.000     -0.168     -0.244         87 5.1641e+02   997.1621 0.0000e+00
     -0.172    24.6172     6.8246     82.039  35.645165     35.920     13.292   213.6544     1.1525     1.0296     0.0239      0.000     -0.168     -0.244         88 5.1235e+02   997.1619 0.0000e+00
     -0.171    24.6177     6.7783     81.481  35.620178     35.891     13.199   213.8058     1.1182     1.0152     0.0239      0.000     -0.168     -0.243         89 5.0672e+02   997.1616 0.0000e+00
     -0.171    24.6183     6.7317     80.920  35.622192     35.890     13.113   214.0708     1.1525     1.0296     0.0239      0.000     -0.168     -0.243         90 5.0017e+02   997.1613 0.0000e+00
     -0.171    24.6194     6.6748     80.233  35.672292     35.946     13.031   212.6701     1.1525     1.1306     0.0239      0.000     -0.168     -0.243         91 5.0181e+02   997.1611 0.0000e+00
     -0.172    24.6210     6.6446     79.869  35.617094     35.889     12.946   212.6701     1.1372     1.0152     0.0239      0.000     -0.168     -0.243         92 4.9687e+02   997.1610 0.0000e+00
     -0.171    24.6233     6.6028     79.367  35.631618     35.889     12.868   213.0487     1.0876     0.9575     0.0239      0.000     -0.168     -0.243         93 5.0780e+02   997.1607 0.0000e+00
     -0.171    24.6257     6.5703     78.980  35.683850     35.972     12.783   215.9637     1.0762     1.1306     0.0240      0.000     -0.167     -0.243         94 4.9841e+02   997.1603 0.0000e+00
     -0.171    24.6281     6.5371     78.589  35.640990     35.886     12.709   217.0615     1.0648     1.0440     0.0239      0.000     -0.167     -0.243         95 5.3364e+02   997.1597 0.0000e+00
     -0.171    24.6303     6.5014     78.176  35.655322     35.940     12.641   217.5537     1.1029     1.0729     0.0239      0.000     -0.168     -0.243         96 6.1335e+02   997.1591 0.0000e+00
     -0.171    24.6309     6.4553     77.649  35.636380     35.882     12.580   217.2887     1.0991     0.9864     0.0239      0.000     -0.168     -0.243         97 6.5633e+02   997.1585 0.0000e+00
     -0.171    24.6300     6.4050     77.078  35.664564     35.937     12.519   218.0080     1.0533     1.0729     0.0239      0.000     -0.168     -0.243         98 7.8360e+02   997.1580 0.0000e+00
     -0.171    24.6293     6.3351     76.268  35.679515     35.936     12.457   217.8565     1.0953     1.1161     0.0239 7.5774e-12     -0.168     -0.243         99 7.5170e+02   997.1578 0.0000e+00
     -0.171    24.6282     6.2635     75.429  35.647405     35.909     12.391   217.0615     1.0762     1.1161     0.0239      0.000     -0.167     -0.243        100 7.1654e+02   997.1580 0.0000e+00
     -0.171    24.6268     6.1937     74.603  35.674889     35.938     12.330   218.4623     1.0686     1.2459     0.0239      0.000     -0.167     -0.243        101 8.4598e+02   997.1582 0.0000e+00
     -0.171    24.6263     6.1272     73.815  35.734212     35.995     12.268   218.9165     1.0762     0.9864     0.0240      0.000     -0.167     -0.242        102 8.1641e+02   997.1585 0.0000e+00
     -0.169    24.6270     6.0648     73.075  35.721745     35.996     12.206   219.4465     1.0762     1.0440     0.0240      0.001     -0.167     -0.242        103 7.0904e+02   997.1589 0.0000e+00
     -0.171    24.6290     6.0012     72.315  35.690404     35.940     12.144   220.0144     1.0762     1.0585     0.0239      0.001     -0.167     -0.242        104 6.8327e+02   997.1590 0.0000e+00
     -0.170    24.6343     5.9432     71.614  35.743584     36.024     12.082   218.6894     1.0953     1.1161     0.0240      0.001     -0.167     -0.242        105 8.0752e+02   997.1589 0.0000e+00
     -0.170    24.6457     5.8970     71.051  35.744465     35.994     12.019   219.6737     1.0953     1.1738     0.0240      0.000     -0.167     -0.242        106 9.6705e+02   997.1583 0.0000e+00
     -0.170    24.6648     5.8622     70.631  35.778207     36.047     11.964   219.9765     1.0686     1.0152     0.0240      0.000     -0.167     -0.242        107 9.9656e+02   997.1570 0.0000e+00
     -0.170    24.6885     5.8235     70.173  35.968292     36.207     11.908   220.6958     1.0838     1.0008     0.0241      0.000     -0.167     -0.242        108 9.1608e+02   997.1542 0.0000e+00
     -0.170    24.7104     5.7853     69.729  36.130209     36.390     11.856   221.3394     1.0190     1.0008     0.0241      0.000     -0.167     -0.242        109 8.8674e+02   997.1494 0.0000e+00
     -0.170    24.7267     5.7437     69.247  36.110102     36.316     11.805   221.3773     1.0113     1.0729     0.0241     -0.000     -0.167     -0.242        110 8.9213e+02   997.1434 0.0000e+00
     -0.170    24.7378     5.7118     68.881  36.052572     36.272     11.748   221.1501     1.0190     0.9575     0.0241     -0.000     -0.167     -0.242        111 7.6170e+02   997.1378 0.0000e+00
     -0.170    24.7471     5.6817     68.532  36.053624     36.232     11.702   221.3773     1.0113     1.0585     0.0241      0.000     -0.167     -0.242        112 6.1273e+02   997.1337 0.0000e+00
     -0.170    24.7554     5.6551     68.222  36.019881     36.224     11.654   221.8315     1.0190     1.0729     0.0241      0.000     -0.167     -0.242        113 5.5017e+02   997.1308 0.0000e+00
     -0.171    24.7601     5.6264     67.886  35.916754     36.077     11.608   222.5130     1.0381     1.0873     0.0240     -0.000     -0.167     -0.242        114 5.3720e+02   997.1284 0.0000e+00
     -0.170    24.7587     5.6040     67.628  35.885622     36.071     11.567   222.7780     1.0381     1.0873     0.0240     -0.000     -0.167     -0.242        115 5.4084e+02   997.1263 0.0000e+00
     -0.170    24.7543     5.5885     67.454  35.910453     36.067     11.524   223.6866     1.0037     1.0008     0.0240      0.000     -0.167     -0.242        116 5.4178e+02   997.1251 0.0000e+00
     -0.170    24.7536     5.5731     67.279  35.945118     36.125     11.485   223.8001     1.0304     1.0296     0.0241      0.000     -0.167     -0.242        117 5.4444e+02   997.1256 0.0000e+00
     -0.171    24.7600     5.5616     67.153  35.961018     36.128     11.449   224.5194     1.0838     1.1882     0.0241     -0.000     -0.167     -0.242        118 5.4645e+02   997.1266 0.0000e+00
     -0.170    24.7727     5.5533     67.063  36.038837     36.213     11.416   224.9358     1.0876     1.1161     0.0241     -0.000     -0.167     -0.242        119 5.4838e+02   997.1268 0.0000e+00
     -0.170    24.7880     5.5511     67.047  36.144613     36.320     11.382   225.1630     1.0800     1.0729     0.0241      0.000     -0.167     -0.241        120 5.4991e+02   997.1253 0.0000e+00
     -0.169    24.8020     5.5471     67.009  36.214620     36.367     11.349   225.5037     1.0686     1.0729     0.0242      0.000     -0.166     -0.241        121 5.5129e+02   997.1220 0.0000e+00
     -0.169    24.8132     5.5470     67.020  36.218415     36.384     11.312   225.8444     1.0609     0.9719     0.0242      0.001     -0.166     -0.241        122 5.5357e+02   997.1181 0.0000e+00
     -0.170    24.8221     5.5473     67.034  36.110248     36.233     11.274   226.8287     1.0762     1.1738     0.0241      0.000     -0.167     -0.242        123 5.5517e+02   997.1145 0.0000e+00
     -0.170    24.8307     5.5501     67.079  36.141786     36.281     11.238   227.1316     1.0571     1.1306     0.0241      0.000     -0.167     -0.242        124 5.5500e+02   997.1117 0.0000e+00
     -0.170    24.8400     5.5548     67.147  36.208796     36.331     11.202   227.1694     1.0762     1.0585     0.0242      0.000     -0.167     -0.242        125 5.5517e+02   997.1095 0.0000e+00
     -0.170    24.8498     5.5597     67.217  36.204654     36.325     11.169   227.3966     1.0495     1.0440     0.0242      0.000     -0.167     -0.242        126 5.5559e+02   997.1073 0.0000e+00
     -0.170    24.8595     5.5659     67.302  36.265470     36.374     11.134   227.5101     1.0724     1.0296     0.0242     -0.000     -0.167     -0.242        127 5.5537e+02   997.1049 0.0000e+00
     -0.170    24.8688     5.5742     67.414  36.281277     36.395     11.098   227.6994     1.0724     1.0440     0.0242     -0.000     -0.167     -0.242        128 5.5468e+02   997.1024 0.0000e+00
     -0.170    24.8777     5.5821     67.519  36.214614     36.304     11.070   228.3430     1.0762     1.1161     0.0242     -0.000     -0.167     -0.242        129 5.5404e+02   997.0999 0.0000e+00
     -0.169    24.8864     5.5917     67.647  36.259525     36.353     11.041   228.3430     1.0686     1.1017     0.0242      0.000     -0.166     -0.241        130 5.5352e+02   997.0976 0.0000e+00
     -0.169    24.8954     5.5995     67.751  36.314283     36.402     11.013   228.9866     1.0762     1.0296     0.0242      0.000     -0.166     -0.241        131 5.5267e+02   997.0953 0.0000e+00
     -0.169    24.9045     5.6051     67.829  36.324269     36.396     10.990   229.4787     1.0991     1.1882     0.0242      0.001     -0.166     -0.241        132 5.5156e+02   997.0931 0.0000e+00
     -0.169    24.9135     5.6139     67.946  36.335996     36.417     10.967   228.3430     1.0762     1.0585     0.0242      0.001     -0.166     -0.241        133 5.5124e+02   997.0908 0.0000e+00
     -0.169    24.9222     5.6219     68.054  36.329320     36.383     10.947   229.3651     1.0457     1.1161     0.0242      0.000     -0.166     -0.241        134 5.5142e+02   997.0885 0.0000e+00
     -0.170    24.9307     5.6222     68.068  36.362208     36.432     10.925   229.4030     0.9961     1.0008     0.0242      0.000     -0.167     -0.241        135 5.5096e+02   997.0862 0.0000e+00
     -0.170    24.9392     5.6276     68.143  36.383965     36.426     10.900   229.8194     1.0190     1.0440     0.0242     -0.000     -0.167     -0.241        136 5.5030e+02   997.0839 0.0000e+00
     -0.169    24.9480     5.6346     68.238  36.361507     36.420     10.875   230.7659     1.0228     1.1161     0.0242     -0.000     -0.167     -0.241        137 5.5049e+02   997.0818 0.0000e+00
     -0.170    24.9568     5.6334     68.234  36.390153     36.413     10.850   230.7280     1.0190     1.0440     0.0242     -0.000     -0.167     -0.241        138 5.5073e+02   997.0796 0.0000e+00
     -0.170    24.9654     5.6342     68.255  36.437214     36.491     10.821   229.7816     1.0190     1.0440     0.0243     -0.000     -0.167     -0.241        139 5.5025e+02   997.0774 0.0000e+00
     -0.169    24.9739     5.6331     68.251  36.391839     36.401     10.797   229.8573     1.0190     1.0296     0.0242     -0.000     -0.167     -0.241        140 5.4920e+02   997.0751 0.0000e+00
     -0.169    24.9821     5.6330     68.261  36.357714     36.394     10.773   229.8951     1.0381     1.1306     0.0242      0.000     -0.167     -0.242        141 5.4901e+02   997.0729 0.0000e+00
     -0.171    24.9904     5.6321     68.259  36.390774     36.388     10.750   230.9551     1.0266     1.0296     0.0242     -0.000     -0.167     -0.242        142 5.4885e+02   997.0707 0.0000e+00
     -0.169    24.9990     5.6265     68.202  36.409962     36.438     10.731   230.9930     1.0609     1.0008     0.0242      0.000     -0.166     -0.241        143 5.4878e+02   997.0686 0.0000e+00
     -0.169    25.0074     5.6199     68.132  36.452369     36.432     10.714   231.5609     1.0762     1.0873     0.0242      0.000     -0.166     -0.241        144 5.4948e+02   997.0666 0.0000e+00
     -0.169    25.0156     5.6142     68.072  36.486166     36.510     10.689   231.0309     1.0953     1.0873     0.0243      0.000     -0.166     -0.241        145 5.4998e+02   997.0643 0.0000e+00
     -0.170    25.0237     5.6084     68.012  36.456800     36.420     10.677   231.1444     1.0686     1.0152     0.0242      0.000     -0.166     -0.241        146 5.5055e+02   997.0622 0.0000e+00
     -0.169    25.0318     5.5992     67.910  36.488910     36.497     10.659   231.4851     1.0838     1.0152     0.0243      0.000     -0.166     -0.241        147 5.5142e+02   997.0601 0.0000e+00
     -0.169    25.0403     5.5916     67.827  36.446202     36.408     10.646   231.9773     1.0876     1.1161     0.0242      0.000     -0.166     -0.241        148 5.5217e+02   997.0580 0.0000e+00
     -0.169    25.0486     5.5804     67.700  36.421044     36.402     10.630   232.2423     1.0648     1.0873     0.0242      0.000     -0.166     -0.241        149 5.5188e+02   997.0559 0.0000e+00
     -0.169    25.0567     5.5730     67.621  36.520214     36.479     10.614   232.9237     1.0495     1.0296     0.0243      0.000     -0.166     -0.241        150 5.5266e+02   997.0538 0.0000e+00
     -0.169    25.0646     5.5647     67.529  36.500587     36.473     10.599   232.7344     1.0876     1.1161     0.0243      0.000     -0.166     -0.241        151 5.5322e+02   997.0516 0.0000e+00
     -0.169    25.0723     5.5562     67.435  36.445466     36.384     10.584   233.1509     1.0876     1.0008     0.0242      0.000     -0.166     -0.241        152 5.5269e+02   997.0495 0.0000e+00
     -0.170    25.0804     5.5489     67.355  36.499904     36.462     10.566   233.1887     1.0762     1.0296     0.0243     -0.000     -0.167     -0.242        153 5.5269e+02   997.0474 0.0000e+00
     -0.170    25.0886     5.5385     67.239  36.521738     36.456     10.552   232.9994     1.0838     1.0296     0.0243     -0.000     -0.167     -0.242        154 5.5247e+02   997.0455 0.0000e+00
     -0.169    25.0964     5.5304     67.149  36.507193     36.450     10.534   233.4159     1.0991     1.0873     0.0243     -0.000     -0.167     -0.242        155 5.5271e+02   997.0434 0.0000e+00
     -0.170    25.1044     5.5186     67.015  36.518002     36.444     10.518   234.9302     1.0915     1.0296     0.0243     -0.000     -0.167     -0.242        156 5.5264e+02   997.0413 0.0000e+00
     -0.169    25.1121     5.5101     66.921  36.508284     36.439     10.499   234.5516     1.0991     1.1594     0.0243     -0.000     -0.166     -0.241        157 5.5282e+02   997.0393 0.0000e+00
     -0.169    25.1197     5.4997     66.802  36.519285     36.433     10.482   234.4002     1.0724     1.0296     0.0243     -0.000     -0.166     -0.241        158 5.5312e+02   997.0373 0.0000e+00
     -0.169    25.1274     5.4893     66.685  36.563576     36.483     10.468   234.8923     1.0800     0.9719     0.0243     -0.000     -0.166     -0.241        159 5.5301e+02   997.0353 0.0000e+00
     -0.169    25.1351     5.4837     66.626  36.571696     36.477     10.450   234.1730     1.0800     1.1017     0.0243      0.000     -0.166     -0.241        160 5.5245e+02   997.0333 0.0000e+00
