Data/DataNotYetUploadedToEDI/Raw_CTD/RawDownloads/060619_fcr50_b.cnv
* Sea-Bird SBE19plus  Data File:
* FileName = C:\DATA\060619_fcr50_2_0001.hex
* Software version 2.8.0.119
* Temperature SN = 7809
* Conductivity SN = 7809
* System UpLoad Time = Jun 06 2019 13:29:29
* <ApplicationData>
* <Seaterm232>
# nquan = 18
# nvalues = 693                         
# units = specified
# name 0 = depFM: Depth [fresh water, m]
# name 1 = tv290C: Temperature [ITS-90, deg C]
# name 2 = sbeox0Mg/L: Oxygen, SBE 43 [mg/l]
# name 3 = sbeox0PS: Oxygen, SBE 43 [% saturation]
# name 4 = c0uS/cm: Conductivity [uS/cm]
# name 5 = specc: Specific Conductance [uS/cm]
# name 6 = ph: pH
# name 7 = orp: Oxidation Reduction Potential [mV]
# name 8 = flECO-AFL: Fluorescence, WET Labs ECO-AFL/FL [mg/m^3]
# name 9 = turbWETntu0: Turbidity, WET Labs ECO [NTU]
# name 10 = sal00: Salinity, Practical [PSU]
# name 11 = dz/dtM: Descent Rate [m/s]
# name 12 = prdM: Pressure, Strain Gauge [db]
# name 13 = prdE: Pressure, Strain Gauge [psi]
# name 14 = scan: Scan Count
# name 15 = par/sat/log: PAR/Logarithmic, Satlantic
# name 16 = density00: Density [density, kg/m^3]
# name 17 = flag:  0.000e+00
# span 0 =     -0.634,      9.556       
# span 1 =     9.5274,    29.7528       
# span 2 =     4.3988,    13.5642       
# span 3 =     38.744,    141.054       
# span 4 =   5.457309,  58.139234       
# span 5 =      4.929,     56.475       
# span 6 =     -2.252,     16.073       
# span 7 = -1240.7455,   852.4955       
# span 8 =    -0.1598,     6.1193       
# span 9 =    -0.6287,   122.2422       
# span 10 =     0.0140,     0.0332      
# span 11 =     -0.110,      0.209      
# span 12 =     -0.621,      9.370      
# span 13 =     -0.901,     13.591      
# span 14 =          1,        693      
# span 15 = 1.2296e-01, 1.3021e+03      
# span 16 =   995.7307,   999.8013      
# span 17 = 0.0000e+00, 0.0000e+00      
# interval = seconds: 0.25
# start_time = Jun 06 2019 13:21:06 [Instrument's time stamp, header]
# bad_flag = -9.990e-29
*END*
[from data line 644]
      8.647     9.5508     4.5142     39.568  24.072105     34.860      8.551   314.3547     1.8887     5.8891     0.0181      0.093      8.481     12.300        645 3.6502e-01   999.7950 0.0000e+00
      8.684     9.5518     4.5122     39.548  24.109599     34.861      8.548   314.3547     1.8735     5.7449     0.0181      0.102      8.516     12.350        646 3.2750e-01   999.7953 0.0000e+00
      8.718     9.5517     4.5101     39.528  24.125101     34.941      8.547   318.6325     1.9269     5.6151     0.0181      0.111      8.548     12.397        647 3.0628e-01   999.7954 0.0000e+00
      8.747     9.5516     4.5024     39.460  24.052814     34.778      8.550   316.8532     1.9307     5.6007     0.0180      0.118      8.577     12.439        648 3.0371e-01   999.7954 0.0000e+00
      8.771     9.5510     4.4964     39.408  24.021854     34.779      8.548   317.1182     1.9383     5.6151     0.0180      0.120      8.602     12.476        649 2.7064e-01   999.7955 0.0000e+00
      8.797     9.5502     4.4878     39.334  24.045160     34.779      8.547   317.4211     1.9421     5.5718     0.0180      0.120      8.626     12.511        650 2.5694e-01   999.7956 0.0000e+00
      8.820     9.5495     4.4894     39.348  24.083046     34.860      8.545   317.5347     1.7743     5.2114     0.0181      0.118      8.648     12.543        651 2.6176e-01   999.7958 0.0000e+00
      8.840     9.5498     4.4912     39.361  24.093178     34.861      8.544   315.9068     1.7590     5.3844     0.0181      0.112      8.668     12.572        652 2.5301e-01   999.7960 0.0000e+00
      8.857     9.5490     4.4995     39.433  24.032551     34.781      8.543   316.5125     1.7667     5.3844     0.0180      0.102      8.687     12.599        653 2.5220e-01   999.7961 0.0000e+00
      8.876     9.5471     4.4919     39.367  24.040022     34.780      8.539   317.1561     1.7362     5.3123     0.0180      0.093      8.706     12.627        654 2.4387e-01   999.7961 0.0000e+00
      8.899     9.5462     4.4843     39.301  24.083880     34.862      8.540   320.7525     1.7133     5.3123     0.0181      0.087      8.727     12.658        655 2.5122e-01   999.7963 0.0000e+00
      8.923     9.5441     4.4827     39.287  24.096443     34.864      8.538   319.7304     1.5454     5.1681     0.0181      0.084      8.750     12.690        656 2.4133e-01   999.7966 0.0000e+00
      8.945     9.5421     4.4797     39.262  24.083624     34.865      8.538   319.8061     1.5721     5.1393     0.0181      0.083      8.771     12.721        657 2.1524e-01   999.7968 0.0000e+00
      8.964     9.5413     4.4793     39.259  24.040598     34.786      8.537   319.6547     1.5683     5.1104     0.0180      0.082      8.792     12.751        658 2.1306e-01   999.7970 0.0000e+00
      8.986     9.5417     4.4703     39.179  24.031518     34.788      8.536   319.6168     1.5607     5.0816     0.0180      0.082      8.814     12.784        659 2.0125e-01   999.7973 0.0000e+00
      9.012     9.5432     4.4604     39.092  24.035689     34.789      8.535   319.7683     1.6179     4.8509     0.0180      0.085      8.838     12.819        660 1.8986e-01   999.7975 0.0000e+00
      9.039     9.5428     4.4565     39.059  24.094643     34.869      8.534   320.1090     1.6522     4.8941     0.0181      0.088      8.863     12.856        661 1.8474e-01   999.7976 0.0000e+00
      9.063     9.5402     4.4574     39.068  24.135857     34.948      8.532   318.3297     1.6599     4.9230     0.0181      0.091      8.888     12.892        662 1.6860e-01   999.7976 0.0000e+00
      9.090     9.5396     4.4596     39.086  24.043635     34.787      8.532   318.0647     1.6179     4.8941     0.0180      0.093      8.914     12.929        663 1.9069e-01   999.7977 0.0000e+00
      9.117     9.5405     4.4537     39.032  24.031707     34.790      8.529   317.4211     1.6179     4.7355     0.0180      0.096      8.940     12.967        664 1.9057e-01   999.7980 0.0000e+00
      9.142     9.5402     4.4580     39.069  24.091467     34.871      8.529   318.4054     1.6522     4.9806     0.0181      0.098      8.966     13.005        665 1.5462e-01   999.7982 0.0000e+00
      9.171     9.5408     4.4575     39.065  24.087736     34.871      8.527   318.2540     1.6637     4.9662     0.0181      0.102      8.993     13.043        666 1.3216e-01   999.7983 0.0000e+00
      9.197     9.5423     4.4645     39.126  24.036351     34.790      8.528   318.1783     1.6255     4.8076     0.0180      0.103      9.018     13.079        667 1.2421e-01   999.7984 0.0000e+00
      9.217     9.5425     4.4654     39.134  24.036945     34.789      8.526   318.1404     1.5530     4.4038     0.0180      0.102      9.039     13.111        668 1.3334e-01   999.7985 0.0000e+00
      9.238     9.5419     4.4632     39.116  24.086997     34.869      8.525   318.0268     1.5569     4.2885     0.0181      0.100      9.062     13.143        669 1.2428e-01   999.7985 0.0000e+00
      9.268     9.5412     4.4635     39.118  24.092531     34.868      8.523   316.4747     1.5683     4.4327     0.0181      0.099      9.089     13.183        670 1.2379e-01   999.7986 0.0000e+00
      9.299     9.5425     4.4640     39.117  24.089291     34.869      8.520   316.7775     1.5759     4.4183     0.0181      0.100      9.118     13.224        671 1.3005e-01   999.7988 0.0000e+00
      9.326     9.5442     4.4600     39.079  24.091029     34.870      8.522   316.3990     1.6255     4.1587     0.0181      0.101      9.145     13.264        672 1.2443e-01   999.7990 0.0000e+00
      9.351     9.5423     4.4599     39.076  24.090369     34.868      8.517   316.8532     1.6522     4.0433     0.0181      0.102      9.170     13.300        673 1.2296e-01   999.7990 0.0000e+00
      9.375     9.5399     4.4653     39.122  24.090113     34.867      8.517   317.5347     1.6255     4.2452     0.0181      0.102      9.196     13.338        674 1.2380e-01   999.7990 0.0000e+00
      9.405     9.5392     4.4729     39.189  24.032113     34.788      8.517   317.9133     1.6255     4.0578     0.0180      0.104      9.224     13.379        675 1.2340e-01   999.7992 0.0000e+00
      9.439     9.5394     4.4767     39.224  24.044079     34.790      8.513   319.6925     1.6103     4.1875     0.0180      0.108      9.254     13.422        676 1.2375e-01   999.7996 0.0000e+00
      9.464     9.5394     4.4858     39.306  24.075222     34.872      8.515   318.9354     1.6255     3.8415     0.0181      0.110      9.278     13.458        677 1.2345e-01   999.7998 0.0000e+00
      9.481     9.5393     4.4923     39.365  24.052592     34.791      8.513   318.7461     1.6446     3.9568     0.0180      0.107      9.298     13.487        678 1.2353e-01   999.7998 0.0000e+00
      9.501     9.5412     4.4979     39.420  24.072241     34.871      8.512   317.7240     1.6332     3.9424     0.0181      0.102      9.317     13.512        679 1.2339e-01   999.7999 0.0000e+00
      9.519     9.5405     4.4899     39.359  24.050770     34.791      8.508   317.1940     1.6332     3.9568     0.0180      0.097      9.333     13.535        680 1.2349e-01   999.8000 0.0000e+00
      9.529     9.5352     4.4887     39.356  24.020078     34.789      8.506   315.9825     1.6904     3.9424     0.0180      0.090      9.343     13.550        681 1.2358e-01   999.7999 0.0000e+00
      9.532     9.5307 -9.990e-29 -9.990e-29  24.051199     34.790      8.501   315.5282     1.7018     4.0145     0.0180      0.078      9.348     13.557        682 1.2365e-01   999.8000 0.0000e+00
      9.536     9.5287 -9.990e-29 -9.990e-29  24.071275     34.876      8.499   317.8754     1.6980     4.0001     0.0181      0.063      9.351     13.563        683 1.2362e-01   999.8005 0.0000e+00
      9.541     9.5278 -9.990e-29 -9.990e-29  24.054332     34.800      8.501   316.7018     1.7209     4.0001     0.0180      0.049      9.356     13.570        684 1.2354e-01   999.8008 0.0000e+00
      9.545     9.5274 -9.990e-29 -9.990e-29  24.013050     34.802      8.499   316.2097     1.4615     3.9136     0.0180      0.038      9.361     13.577        685 1.2357e-01   999.8010 0.0000e+00
      9.550     9.5288 -9.990e-29 -9.990e-29  24.122651     34.883      8.498   316.0582     1.4996     3.8992     0.0181      0.030      9.365     13.582        686 1.2361e-01   999.8011 0.0000e+00
      9.553     9.5315 -9.990e-29 -9.990e-29  24.421443     35.409      8.496   315.6418     1.5263     3.9424     0.0183      0.022      9.367     13.586        687 1.2370e-01   999.8013 0.0000e+00
      9.553     9.5345 -9.990e-29 -9.990e-29  24.470515     35.408      8.495   314.6954     1.5225     3.9857     0.0183      0.017      9.369     13.588        688 1.2353e-01   999.8012 0.0000e+00
      9.554     9.5400 -9.990e-29 -9.990e-29  24.387380     35.324      8.492   314.9604     1.5683     3.6540     0.0183      0.014      9.369     13.588        689 1.2347e-01   999.8010 0.0000e+00
      9.554     9.5507 -9.990e-29 -9.990e-29  24.347192     35.240      8.491   314.8847     1.5759     3.7550     0.0182      0.012      9.370     13.589        690 1.2352e-01   999.8007 0.0000e+00
      9.555     9.5578 -9.990e-29 -9.990e-29  24.313199     35.194      8.491   317.7618     1.5492     3.7405     0.0182      0.009      9.370     13.590        691 1.2348e-01   999.8003 0.0000e+00
      9.555 -9.990e-29 -9.990e-29 -9.990e-29  24.340826     35.224      8.491   317.6104     1.5683     3.7261     0.0182      0.006      9.370     13.591        692 1.2358e-01   999.7994 0.0000e+00
      9.556 -9.990e-29 -9.990e-29 -9.990e-29  24.342424     35.216      8.488   317.6861     1.6255     3.8847     0.0182      0.004      9.370     13.591        693 1.2357e-01   999.7988 0.0000e+00
