Data/DataNotYetUploadedToEDI/Raw_CTD/RawDownloads/060619_fcr50_b.cnv
* Sea-Bird SBE19plus  Data File:
* FileName = C:\DATA\060619_fcr50_2_0001.hex
* Software version 2.8.0.119
* Temperature SN = 7809
* Conductivity SN = 7809
* System UpLoad Time = Jun 06 2019 13:29:29
* <ApplicationData>
* <Seaterm232>
# nquan = 18
# nvalues = 693                         
# units = specified
# name 0 = depFM: Depth [fresh water, m]
# name 1 = tv290C: Temperature [ITS-90, deg C]
# name 2 = sbeox0Mg/L: Oxygen, SBE 43 [mg/l]
# name 3 = sbeox0PS: Oxygen, SBE 43 [% saturation]
# name 4 = c0uS/cm: Conductivity [uS/cm]
# name 5 = specc: Specific Conductance [uS/cm]
# name 6 = ph: pH
# name 7 = orp: Oxidation Reduction Potential [mV]
# name 8 = flECO-AFL: Fluorescence, WET Labs ECO-AFL/FL [mg/m^3]
# name 9 = turbWETntu0: Turbidity, WET Labs ECO [NTU]
# name 10 = sal00: Salinity, Practical [PSU]
# name 11 = dz/dtM: Descent Rate [m/s]
# name 12 = prdM: Pressure, Strain Gauge [db]
# name 13 = prdE: Pressure, Strain Gauge [psi]
# name 14 = scan: Scan Count
# name 15 = par/sat/log: PAR/Logarithmic, Satlantic
# name 16 = density00: Density [density, kg/m^3]
# name 17 = flag:  0.000e+00
# span 0 =     -0.634,      9.556       
# span 1 =     9.5274,    29.7528       
# span 2 =     4.3988,    13.5642       
# span 3 =     38.744,    141.054       
# span 4 =   5.457309,  58.139234       
# span 5 =      4.929,     56.475       
# span 6 =     -2.252,     16.073       
# span 7 = -1240.7455,   852.4955       
# span 8 =    -0.1598,     6.1193       
# span 9 =    -0.6287,   122.2422       
# span 10 =     0.0140,     0.0332      
# span 11 =     -0.110,      0.209      
# span 12 =     -0.621,      9.370      
# span 13 =     -0.901,     13.591      
# span 14 =          1,        693      
# span 15 = 1.2296e-01, 1.3021e+03      
# span 16 =   995.7307,   999.8013      
# span 17 = 0.0000e+00, 0.0000e+00      
# interval = seconds: 0.25
# start_time = Jun 06 2019 13:21:06 [Instrument's time stamp, header]
# bad_flag = -9.990e-29
*END*
[from data line 161]
     -0.170    25.1498     5.4613     66.370  36.522839     36.410     10.417   236.1416     1.1029     1.0296     0.0243     -0.000     -0.167     -0.242        162 5.5225e+02   997.0294 0.0000e+00
     -0.169    25.1572     5.4527     66.275  36.554687     36.461     10.403   235.9902     1.0571     1.0873     0.0243     -0.000     -0.167     -0.242        163 5.5205e+02   997.0275 0.0000e+00
     -0.170    25.1643     5.4377     66.101  36.528807     36.400     10.388   236.5959     1.1220     1.3180     0.0243     -0.000     -0.167     -0.242        164 5.5319e+02   997.0256 0.0000e+00
     -0.169    25.1719     5.4321     66.040  36.555044     36.450     10.379   236.1794     1.1449     1.3613     0.0243     -0.000     -0.166     -0.241        165 5.5412e+02   997.0237 0.0000e+00
     -0.169    25.1793     5.4186     65.884  36.522033     36.389     10.362   236.5202     1.1296     1.2748     0.0243     -0.000     -0.166     -0.241        166 5.5418e+02   997.0218 0.0000e+00
     -0.169    25.1864     5.4117     65.808  36.510616     36.384     10.350   237.2016     1.1372     1.3180     0.0243      0.000     -0.166     -0.241        167 5.5501e+02   997.0198 0.0000e+00
     -0.169    25.1934     5.3995     65.667  36.569248     36.434     10.335   237.3530     1.1449     1.0585     0.0243      0.000     -0.166     -0.241        168 5.5448e+02   997.0179 0.0000e+00
     -0.170    25.2004     5.3907     65.568  36.567601     36.429     10.323   237.3152     1.1449     1.1161     0.0243      0.000     -0.167     -0.242        169 5.5282e+02   997.0162 0.0000e+00
     -0.170    25.2076     5.3757     65.391  36.571932     36.424     10.309   237.8830     1.1487     1.1450     0.0243     -0.000     -0.167     -0.242        170 5.5278e+02   997.0144 0.0000e+00
     -0.169    25.2146     5.4084     65.623  36.563854     36.419     10.295   237.7694     1.1716     1.0873     0.0243     -0.000     -0.166     -0.241        171 5.5327e+02   997.0125 0.0000e+00
     -0.169    25.2215     5.8316     70.346  36.577649     36.413     10.284   238.2616     1.1754     1.1161     0.0243      0.000     -0.166     -0.241        172 5.5309e+02   997.0107 0.0000e+00
     -0.169    25.2283     6.6226     79.560  36.584394     36.436     10.268   237.8452     1.1563     0.9287     0.0243      0.000     -0.166     -0.241        173 5.5300e+02   997.0088 0.0000e+00
     -0.170    25.2349     7.5254     90.212  36.585091     36.403     10.258   238.3373     1.1258     1.1017     0.0243     -0.000     -0.166     -0.241        174 5.5250e+02   997.0070 0.0000e+00
     -0.169    25.2417     8.3645    100.154  36.547145     36.398     10.245   238.7916     1.1449     1.0296     0.0243      0.000     -0.166     -0.241        175 5.5272e+02   997.0053 0.0000e+00
     -0.169    25.2481     9.0319    108.079  36.542710     36.338     10.233   238.9052     1.0533     1.0440     0.0243      0.000     -0.166     -0.241        176 5.5222e+02   997.0036 0.0000e+00
     -0.169    25.2549     9.5213    113.901  36.590607     36.444     10.221   239.1323     1.0800     1.0585     0.0243      0.000     -0.166     -0.241        177 5.5184e+02   997.0019 0.0000e+00
     -0.169    25.2608     9.8332    117.616  36.635709     36.412     10.210   238.3373     1.0876     1.0440     0.0243      0.000     -0.166     -0.241        178 5.5269e+02   997.0002 0.0000e+00
     -0.169    25.2680     9.9288    118.751  36.575482     36.435     10.201   239.0187     1.0686     1.1017     0.0243      0.000     -0.166     -0.241        179 5.5243e+02   996.9984 0.0000e+00
     -0.170    25.2713     9.8233    117.489  36.635919     36.375     10.187   239.1323     1.0838     1.0585     0.0243     -0.000     -0.166     -0.241        180 5.5203e+02   996.9969 0.0000e+00
     -0.170    25.1278     9.6171    115.028  36.412319     36.314     10.177   239.4352     1.1372     1.0585     0.0243     -0.000     -0.166     -0.241        181 5.5243e+02   996.9950 0.0000e+00
     -0.170    24.8245     9.3901    112.320  35.016471     34.756     10.166   240.0787     1.1143     1.0152     0.0236     -0.000     -0.166     -0.241        182 5.5245e+02   996.9938 0.0000e+00
     -0.170    24.5956     9.1963    110.008  33.987365     33.904     10.155   240.4195     1.1449     1.1017     0.0232     -0.000     -0.166     -0.241        183 5.5327e+02   997.0305 0.0000e+00
     -0.169    24.4824     9.0510    108.280  33.811266     33.924     10.148   239.5109     1.1296     0.9864     0.0232     -0.000     -0.166     -0.241        184 5.5455e+02   997.1081 0.0000e+00
     -0.169    24.4173     8.9528    107.112  33.665286     33.935     10.141   239.7002     1.0953     1.1738     0.0231     -0.000     -0.166     -0.241        185 5.5440e+02   997.1660 0.0000e+00
     -0.170    24.3853     8.8893    106.352  33.576526     33.930     10.132   239.6245     1.0838     1.0585     0.0231      0.000     -0.166     -0.241        186 5.5512e+02   997.1946 0.0000e+00
     -0.169    24.3682     8.8491    105.869  33.536592     33.916     10.120   239.8516     1.0609     1.0729     0.0231      0.000     -0.166     -0.241        187 5.5492e+02   997.2110 0.0000e+00
     -0.169    24.3609     8.7907    105.173  33.507603     33.939     10.113   240.5330     1.0915     1.0873     0.0231      0.000     -0.166     -0.241        188 5.5426e+02   997.2190 0.0000e+00
     -0.170    24.3571     8.6972    104.073  33.494097     33.894     10.102   240.7602     1.1906     1.0296     0.0230      0.000     -0.166     -0.241        189 5.5442e+02   997.2232 0.0000e+00
     -0.170    24.3572     8.5706    102.595  33.494148     33.955     10.091   240.2680     1.1334     1.0440     0.0231      0.000     -0.166     -0.241        190 5.5181e+02   997.2250 0.0000e+00
     -0.169    24.3598     8.4666    101.388  33.507544     33.901     10.080   240.0787     1.1525     1.0440     0.0230     -0.000     -0.166     -0.241        191 5.4906e+02   997.2260 0.0000e+00
     -0.169    24.3629     8.3860    100.445  33.536688     34.014     10.072   240.4952     1.1449     1.0873     0.0231     -0.000     -0.166     -0.241        192 5.5080e+02   997.2259 0.0000e+00
     -0.169    24.3659     8.2954     99.362  33.457880     33.843     10.061   240.6845     1.1525     1.1017     0.0230     -0.000     -0.166     -0.241        193 5.5317e+02   997.2253 0.0000e+00
     -0.170    24.3708     8.2081     98.311  33.487098     33.954     10.052   240.7980     1.1525     1.0873     0.0231      0.000     -0.166     -0.241        194 5.5315e+02   997.2246 0.0000e+00
     -0.169    24.3746     8.1218     97.268  33.500325     33.895     10.047   241.0630     1.1220     1.1017     0.0230      0.000     -0.166     -0.241        195 5.5360e+02   997.2238 0.0000e+00
     -0.169    24.3741     8.0736     96.687  33.500678     33.948     10.037   242.0473     1.1182     1.0152     0.0231      0.000     -0.166     -0.241        196 5.5450e+02   997.2226 0.0000e+00
     -0.169    24.3730     8.0334     96.196  33.486656     33.889     10.032   241.8959     1.0915     1.1017     0.0230      0.000     -0.166     -0.241        197 5.5569e+02   997.2216 0.0000e+00
     -0.169    24.3747     7.9854     95.614  33.458512     33.890     10.024   242.1609     1.0762     1.0585     0.0230      0.000     -0.166     -0.241        198 5.5707e+02   997.2217 0.0000e+00
     -0.170    24.3845     7.9377     95.047  33.476443     33.890     10.017   241.9716     1.0724     1.1306     0.0230     -0.000     -0.166     -0.241        199 5.5697e+02   997.2220 0.0000e+00
     -0.170    24.4037     7.8945     94.528  33.464343     33.889     10.009   242.1230     1.0686     1.1306     0.0230     -0.000     -0.166     -0.241        200 5.5847e+02   997.2216 0.0000e+00
     -0.170    24.4236     7.8405     93.877  33.532828     33.939     10.002   242.3123     1.0800     1.0296     0.0231     -0.000     -0.166     -0.241        201 5.5928e+02   997.2192 0.0000e+00
     -0.169    24.4354     7.8038     93.444  33.568989     33.982      9.994   244.0916     1.1182     1.1161     0.0231     -0.000     -0.166     -0.241        202 5.5866e+02   997.2143 0.0000e+00
     -0.170    24.4370     7.7618     92.946  33.537854     33.912      9.986   243.9023     1.0838     1.1738     0.0231     -0.000     -0.166     -0.241        203 5.5952e+02   997.2094 0.0000e+00
     -0.170    24.4338     7.7462     92.765  33.512307     33.904      9.982   244.0159     1.0724     1.0296     0.0231     -0.000     -0.166     -0.241        204 5.5871e+02   997.2064 0.0000e+00
     -0.169    24.4292     7.7524     92.841  33.482257     33.847      9.970   243.2966     1.0457     1.0873     0.0230     -0.000     -0.166     -0.241        205 5.5799e+02   997.2059 0.0000e+00
     -0.169    24.4260     7.7607     92.944  33.515991     33.905      9.963   243.7888     1.0953     1.1161     0.0231      0.000     -0.166     -0.241        206 5.5672e+02   997.2068 0.0000e+00
     -0.169    24.4213     7.7440     92.734  33.529587     33.909      9.956   244.8866     1.0953     1.0585     0.0231      0.000     -0.166     -0.241        207 5.5547e+02   997.2079 0.0000e+00
     -0.170    24.4176     7.7246     92.510  33.524598     33.910      9.950   245.3409     1.0876     1.0152     0.0231      0.000     -0.166     -0.241        208 5.5498e+02   997.2088 0.0000e+00
     -0.169    24.4195     7.7177     92.422  33.522201     33.914      9.941   245.2273     1.0915     1.0008     0.0231      0.000     -0.166     -0.241        209 5.5479e+02   997.2100 0.0000e+00
     -0.169    24.4180     7.7000     92.193  33.473311     33.860      9.935   245.3030     1.0915     1.0873     0.0230      0.000     -0.166     -0.241        210 5.5229e+02   997.2109 0.0000e+00
     -0.169    24.4162     7.6698     91.869  33.466922     33.858      9.926   245.5680     1.0915     1.2171     0.0230      0.000     -0.166     -0.241        211 5.4614e+02   997.2103 0.0000e+00
     -0.169    24.4189     7.6385     91.578  33.470893     33.859      9.918   245.2273     1.1105     1.0585     0.0230      0.000     -0.166     -0.241        212 5.4016e+02   997.2107 0.0000e+00
     -0.169    24.4231     7.6444     91.723  33.468370     33.861      9.911   245.7952     1.0800     1.1450     0.0230      0.000     -0.165     -0.239        213 5.4166e+02   997.2112 0.0000e+00
     -0.166    24.4258     7.6596     91.960  33.470062     33.859      9.900   245.9088     1.0876     0.9719     0.0230      0.001     -0.163     -0.236        214 5.4739e+02   997.2105 0.0000e+00
     -0.162    24.4279     7.6990     92.488  33.528044     33.913      9.866   245.7195     1.0724     1.0873     0.0231      0.003     -0.159     -0.231        215 5.5320e+02   997.2094 0.0000e+00
     -0.159    24.4282     7.8311     94.135  33.514730     33.910      9.851   245.7195     1.0762     1.0873     0.0231      0.005     -0.157     -0.228        216 5.7594e+02   997.2088 0.0000e+00
     -0.157    24.4240     8.0415     96.731  33.486631     33.853      9.828   245.9088     1.0953     1.0152     0.0230      0.006     -0.161     -0.233        217 5.6460e+02   997.2083 0.0000e+00
     -0.176    24.4276     8.2683     99.519  33.563012     33.965      9.821   246.0602     1.0762     1.0729     0.0231      0.002     -0.180     -0.260        218 5.4690e+02   997.2082 0.0000e+00
     -0.216    24.4250     8.4479    101.727  33.538196     33.913      9.828   244.7352     1.0533     1.0296     0.0231     -0.011     -0.214     -0.310        219 5.3254e+02   997.2091 0.0000e+00
     -0.262    24.4160     8.5529    103.027  33.517516     33.909      9.840   245.3030     1.0762     1.0440     0.0231     -0.034     -0.254     -0.369        220 5.4471e+02   997.2079 0.0000e+00
     -0.298    24.4377     8.5710    103.274  33.529487     33.911      9.851   245.4545     1.0876     1.0729     0.0231     -0.061     -0.289     -0.419        221 5.9314e+02   997.2084 0.0000e+00
     -0.324    24.4862     8.5373    102.902  33.582558     33.975      9.854   245.1516     1.0648     0.9864     0.0231     -0.085     -0.315     -0.456        222 5.4579e+02   997.2106 0.0000e+00
     -0.341    24.5296     8.4749    102.175  33.658881     34.044      9.856   246.4766     1.0113     1.0008     0.0231     -0.103     -0.331     -0.480        223 5.0072e+02   997.2050 0.0000e+00
     -0.347    24.5624     8.3892    101.156  33.582647     33.926      9.858   246.9309     1.0381     1.1017     0.0231     -0.110     -0.339     -0.491        224 4.9620e+02   997.1928 0.0000e+00
     -0.350    24.5944     8.3076    100.185  33.647782     33.952      9.855   242.6909     1.0266     1.1306     0.0231     -0.104     -0.343     -0.497        225 4.8570e+02   997.1820 0.0000e+00
     -0.354    24.6286     8.2470     99.461  34.259310     34.550      9.848   243.1830     1.0113     1.2027     0.0234     -0.087     -0.346     -0.501        226 4.8371e+02   997.1739 0.0000e+00
     -0.353    24.6658     8.2286     99.171  35.192096     35.484      9.842   243.4859     1.1563     2.7888     0.0237     -0.062     -0.346     -0.502        227 5.0782e+02   997.1661 0.0000e+00
     -0.352    24.6982     8.2472     99.256  35.894609     36.163      9.834   245.5302     1.1449     2.8753     0.0240     -0.039     -0.345     -0.501        228 5.1444e+02   997.1576 0.0000e+00
     -0.352    24.7228     8.2828     99.557  36.377949     36.614      9.821   246.0223     1.1525     2.8177     0.0242     -0.022     -0.345     -0.501        229 5.1507e+02   997.1484 0.0000e+00
     -0.353    24.7412     8.3191     99.896  36.783475     37.011      9.804   245.7195     1.1449     2.8465     0.0244     -0.010     -0.347     -0.503        230 4.9368e+02   997.1403 0.0000e+00
     -0.358    24.7569     8.3497    100.192  37.168000     37.358      9.785   243.6373     1.1411    16.0262     0.0245     -0.006     -0.349     -0.506        231 4.9664e+02   997.1342 0.0000e+00
     -0.357    24.7742     8.3655    100.328  37.558976     37.765      9.768   243.6752     1.1411    15.9541     0.0247     -0.004     -0.344     -0.500        232 6.9469e+02   997.1297 0.0000e+00
     -0.340    24.7877     8.3504    100.110  37.749052     37.922      9.756   244.0916     1.1258    15.8387     0.0248      0.001     -0.325     -0.472        233 7.6069e+02   997.1257 0.0000e+00
     -0.298    24.7952     8.2937     99.405  37.790889     37.965      9.744   244.8488     1.1639    16.0118     0.0248      0.016     -0.291     -0.423        234 6.1531e+02   997.1216 0.0000e+00
     -0.256    24.8025     8.2365     98.704  37.684721     37.843      9.734   244.5838     6.0392   122.1990     0.0248      0.037     -0.255     -0.370        235 5.4431e+02   997.1184 0.0000e+00
     -0.227    24.8050     8.2110     98.392  37.466264     37.612      9.731   246.0602     6.0392   122.2422     0.0247      0.060     -0.226     -0.328        236 5.3883e+02   997.1165 0.0000e+00
     -0.207    24.7682     8.2018     98.276  37.381120     37.523      9.718   245.1516     6.0239   122.1990     0.0246      0.080     -0.206     -0.299        237 5.3064e+02   997.1147 0.0000e+00
     -0.196    24.6938     8.1716     97.907  37.257231     37.408      9.703   245.4166     6.0125   122.1413     0.0246      0.093     -0.195     -0.282        238 5.2993e+02   997.1141 0.0000e+00
     -0.190    24.6243     8.1204     97.286  36.494302     36.678      9.684   245.7573     0.8893    19.5734     0.0243      0.097     -0.189     -0.273        239 5.3163e+02   997.1232 0.0000e+00
     -0.191    24.5723     8.0742     96.729  35.396769     35.582      9.658   246.4388     0.9122    19.5734     0.0238      0.089     -0.187     -0.271        240 5.3739e+02   997.1417 0.0000e+00
     -0.190    24.5335     8.0545     96.491  34.889258     35.154      9.635   246.5902     0.8855    19.4148     0.0236      0.071     -0.187     -0.271        241 5.3844e+02   997.1592 0.0000e+00
