Data/DataNotYetUploadedToEDI/Raw_CTD/RawDownloads/060718_fcr50.cnv
* Sea-Bird SBE19plus  Data File:
* FileName = C:\DATA\060718_fcr50_0001.hex
* Software version 2.6.3.104 SB_Terminal.dll
* Temperature SN = 7809
* Conductivity SN = 7809
* System UpLoad Time = Jun 07 2018 15:45:30
* <ApplicationData>
* <Seaterm232>
# nquan = 15
# nvalues = 1255                        
# units = specified
# name 0 = depFM: Depth [fresh water, m]
# name 1 = dz/dtM: Descent Rate [m/s]
# name 2 = sbeox0Mg/L: Oxygen, SBE 43 [mg/l]
# name 3 = sbeox0PS: Oxygen, SBE 43 [% saturation]
# name 4 = specc: Specific Conductance [uS/cm]
# name 5 = c0uS/cm: Conductivity [uS/cm]
# name 6 = flECO-AFL: Fluorescence, WET Labs ECO-AFL/FL [mg/m^3]
# name 7 = ph: pH
# name 8 = orp: Oxidation Reduction Potential [mV]
# name 9 = par/sat/log: PAR/Logarithmic, Satlantic
# name 10 = turbWETntu0: Turbidity, WET Labs ECO [NTU]
# name 11 = prdM: Pressure, Strain Gauge [db]
# name 12 = prdE: Pressure, Strain Gauge [psi]
# name 13 = tv290C: Temperature [ITS-90, deg C]
# name 14 = flag:  0.000e+00
# span 0 =     -0.552,      9.782       
# span 1 =     -0.358,      0.278       
# span 2 =     2.6281,    10.2422       
# span 3 =     23.721,    111.354       
# span 4 =      0.344,    180.822       
# span 5 =   0.318181, 127.668593       
# span 6 =    -1.1943,     2.5246       
# span 7 =     -2.616,      7.456       
# span 8 = -1240.7455,  1152.9109       
# span 9 = 1.6626e-01, 1.9273e+03       
# span 10 =    -0.6271,    56.4928      
# span 11 =     -0.542,      9.594      
# span 12 =     -0.786,     13.914      
# span 13 =    10.2480,    23.1232      
# span 14 = 0.0000e+00, 0.0000e+00      
# interval = seconds: 0.25
# start_time = Jun 07 2018 14:05:47 [Instrument's time stamp, header]
# bad_flag = -9.990e-29
*END*
[from data line 1061]
      2.929      0.153     6.2904     63.244     36.143  29.376030     1.6931      6.628   350.7287 9.5241e+01     1.5272      2.866      4.157    15.9255 0.0000e+00
      2.970      0.160     6.2253     62.409     36.302  29.406062     1.6990      6.624   351.0765 9.1296e+01     1.4667      2.908      4.219    15.8659 0.0000e+00
      3.020      0.162     6.1657     61.593     36.460  29.414056     1.7014      6.621   351.2546 8.7585e+01     1.3670      2.963      4.296    15.8177 0.0000e+00
      3.071      0.156     6.1104     60.840     36.592  29.409026     1.7034      6.621   351.3335 8.4492e+01     1.2982      3.014      4.370    15.7497 0.0000e+00
      3.119      0.139     6.0534     60.165     36.667  29.408616     1.7052      6.623   351.3416 8.1911e+01     1.2760      3.062      4.440    15.6444 0.0000e+00
      3.158      0.114     5.9967     59.589     36.676  29.409034     1.6952      6.624   351.3526 8.0419e+01     1.2815      3.104      4.502    15.5130 0.0000e+00
      3.180      0.093     5.9384     59.031     36.667  29.414077     1.6845      6.623   351.3807 7.9939e+01     1.3044      3.124      4.532    15.3358 0.0000e+00
      3.188      0.084     5.8795     58.442     36.660  29.406100     1.6856      6.618   351.5094 7.9529e+01     1.3085      3.128      4.536    15.1484 0.0000e+00
      3.192      0.087     5.8284     57.824     36.705  29.376087     1.6996      6.610   351.7049 7.8964e+01     1.3001      3.129      4.538    15.0671 0.0000e+00
      3.203      0.101     5.7847     57.105     36.910  29.368646     1.7343      6.604   351.7644 7.7734e+01     1.2947      3.133      4.545    15.0844 0.0000e+00
      3.233      0.122     5.7441     56.313     37.223  29.379426     1.7838      6.600   351.7989 7.5181e+01     1.3045      3.163      4.588    15.1102 0.0000e+00
      3.281      0.142     5.7034     55.547     37.508  29.379131     1.8102      6.596   351.9510 7.2245e+01     1.3269      3.217      4.668    15.1278 0.0000e+00
      3.331      0.155     5.6514     54.747     37.724  29.364811     1.8150      6.592   352.2268 6.9981e+01     1.3214      3.270      4.743    15.0797 0.0000e+00
      3.375      0.160     5.5689     53.722     37.869  29.333083     1.8598      6.589   352.1208 6.8061e+01     1.2989      3.309      4.800    14.8203 0.0000e+00
      3.416      0.157     5.4445     52.355     37.985  29.312864     1.9480      6.585   351.7027 6.6178e+01     1.2985      3.350      4.859    14.4442 0.0000e+00
      3.453      0.154     5.2834     50.668     38.103  29.310728     2.0083      6.578   351.9046 6.4668e+01     1.3173      3.390      4.916    14.1415 0.0000e+00
      3.485      0.156     5.0959     48.723     38.318  29.370656     2.0287      6.569   352.4960 6.3222e+01     1.3127      3.417      4.956    13.9020 0.0000e+00
      3.519      0.161     4.8933     46.598     38.709  29.529299     2.1203      6.560   353.0881 6.1310e+01     1.2424      3.447      5.000    13.7076 0.0000e+00
      3.560      0.166     4.6908     44.446     39.172  29.704596     2.2983      6.554   353.7295 5.9115e+01     1.1392      3.489      5.061    13.5745 0.0000e+00
      3.609      0.171     4.5007     42.425     39.673  29.902334     2.3972      6.548   353.7988 5.6816e+01     1.0718      3.538      5.130    13.4648 0.0000e+00
      3.660      0.176     4.3326     40.656     40.288  30.205264     2.4071      6.540   353.2383 5.4630e+01     1.0682      3.590      5.207    13.3420 0.0000e+00
      3.708      0.180     4.1959     39.216     40.884  30.509303     2.4171      6.530   352.9744 5.2966e+01     1.0957      3.642      5.282    13.1624 0.0000e+00
      3.748      0.182     4.0887     38.072     41.348  30.720449     2.4360      6.520   353.2750 5.1596e+01     1.0682      3.677      5.333    12.9145 0.0000e+00
      3.788      0.178     3.9982     37.101     41.696  30.852817     2.4524      6.510   353.8611 4.9881e+01     1.0402      3.709      5.381    12.6687 0.0000e+00
      3.837      0.168     3.9087     36.160     41.915  30.902943     2.4582      6.500   354.3823 4.7925e+01     1.0938      3.761      5.455    12.4775 0.0000e+00
      3.889      0.153     3.7982     35.060     42.083  30.945336     2.4702      6.491   354.7590 4.6113e+01     1.1373      3.814      5.532    12.3088 0.0000e+00
      3.936      0.141     3.6506     33.650     42.206  30.984239     2.4870      6.484   355.2318 4.4720e+01     1.1693      3.865      5.605    12.1410 0.0000e+00
      3.970      0.133     3.4716     31.964     42.103  30.865185     2.5046      6.476   355.7974 4.4049e+01     1.2362      3.902      5.658    11.9921 0.0000e+00
      3.987      0.130     3.2750     30.106     41.714  30.521966     2.5176      6.466   356.6070 4.3535e+01     1.2740      3.909      5.669    11.8449 0.0000e+00
      4.003      0.135     3.0723     28.173     41.312  30.136795     2.5246      6.454   357.1057 4.2457e+01     1.2905      3.918      5.683    11.7473 0.0000e+00
      4.034      0.147     2.8826     26.338     41.155  29.891475     2.5166      6.445   357.0082 4.0888e+01     1.3755      3.951      5.732    11.7027 0.0000e+00
      4.079      0.162     2.7297     24.831     41.217  29.778422     2.4849      6.439   357.1494 3.9114e+01     1.4777      3.998      5.799    11.6575 0.0000e+00
      4.133      0.176     2.6344     23.861     41.349  29.722310     2.4627      6.434   358.2114 3.7200e+01     1.4886      4.051      5.876    11.5965 0.0000e+00
      4.190      0.186     2.6281     23.721     41.426  29.657400     2.4498      6.429   359.6092 3.5336e+01     1.5070      4.111      5.963    11.4887 0.0000e+00
      4.240      0.191     2.7511     24.764     41.426  29.565026     2.3294      6.422   359.9399 3.3933e+01     1.7010      4.163      6.038    11.3280 0.0000e+00
      4.280      0.193     3.0249     27.169     41.434  29.494410     2.1010      6.417   359.5433 3.2778e+01     2.0020      4.196      6.086    11.1179 0.0000e+00
      4.320      0.189     3.4459     30.895     41.534  29.502062     1.9680      6.415   359.0297 3.1346e+01     2.1562      4.231      6.136    10.9201 0.0000e+00
      4.371      0.179     3.9922     35.745     41.645  29.530470     1.9524      6.416   358.3761 2.9619e+01     2.1616      4.284      6.214    10.7825 0.0000e+00
      4.429      0.167     4.6340     41.457     41.675  29.520302     1.9394      6.419   358.5235 2.7909e+01     2.1282      4.346      6.304    10.6748 0.0000e+00
      4.481      0.153     5.3251     47.619     41.678  29.506106     1.9119      6.421   359.4358 2.6590e+01     2.0270      4.401      6.382    10.5858 0.0000e+00
      4.517      0.137     6.0039     53.677     41.662  29.485818     1.8951      6.421   359.9423 2.5770e+01     1.9457      4.435      6.433    10.5079 0.0000e+00
      4.539      0.120     6.6222     59.194     41.644  29.465510     1.8929      6.420   360.0012 2.5162e+01     1.9384      4.451      6.457    10.4439 0.0000e+00
      4.557      0.109     7.1471     63.870     41.635  29.451074     1.8952      6.418   360.0622 2.4402e+01     1.9378      4.466      6.477    10.4078 0.0000e+00
      4.580      0.109     7.5601     67.541     41.632  29.438278     1.9130      6.413   360.4215 2.3443e+01     1.8771      4.489      6.511    10.3926 0.0000e+00
      4.608      0.122     7.8620     70.216     41.647  29.437788     1.9431      6.403   361.0755 2.2475e+01     1.7540      4.519      6.555    10.3839 0.0000e+00
      4.638      0.143     8.0716     72.065     41.673  29.445136     1.9558      6.392   361.5169 2.1499e+01     1.6700      4.546      6.594    10.3764 0.0000e+00
      4.673      0.164     8.2086     73.267     41.714  29.463601     1.9557      6.385   361.6287 2.0356e+01     1.6862      4.577      6.639    10.3671 0.0000e+00
      4.720      0.179     8.2821     73.907     41.736  29.470520     1.9693      6.380   361.6520 1.9055e+01     1.8285      4.624      6.707    10.3529 0.0000e+00
      4.777      0.189     8.3094     74.139     41.736  29.465278     1.9928      6.377   361.7133 1.7831e+01     1.9856      4.685      6.794    10.3396 0.0000e+00
      4.834      0.191     8.3094     74.132     41.738  29.463718     2.0097      6.375   361.7674 1.6817e+01     1.9988      4.744      6.880    10.3266 0.0000e+00
      4.886      0.184     8.2910     73.965     41.723  29.451652     2.0176      6.374   361.7044 1.5967e+01     1.9574      4.794      6.953    10.3127 0.0000e+00
      4.932      0.167     8.2634     73.716     41.718  29.446398     2.0041      6.374   361.3812 1.5259e+01     1.9131      4.838      7.016    10.3026 0.0000e+00
      4.973      0.145     8.2328     73.440     41.744  29.463707     1.9761      6.375   360.8715 1.4662e+01     1.8296      4.878      7.075    10.2964 0.0000e+00
      5.010      0.124     8.1979     73.128     41.754  29.470417     1.9640      6.375   360.7036 1.4200e+01     1.7717      4.917      7.132    10.2928 0.0000e+00
      5.037      0.107     8.1614     72.803     41.744  29.464016     1.9589      6.375   360.8999 1.3946e+01     1.7312      4.944      7.172    10.2911 0.0000e+00
      5.054      0.093     8.1272     72.499     41.724  29.449810     1.9415      6.376   361.0943 1.3752e+01     1.7057      4.956      7.187    10.2900 0.0000e+00
      5.071      0.080     8.0950     72.210     41.690  29.425667     1.9103      6.376   361.3326 1.3469e+01     1.7082      4.970      7.208    10.2882 0.0000e+00
      5.094      0.073     8.0658     71.948     41.692  29.426121     1.8852      6.376   361.8882 1.3168e+01     1.7003      4.996      7.247    10.2872 0.0000e+00
      5.116      0.076     8.0412     71.725     41.736  29.455302     1.8765      6.371   362.8220 1.2958e+01     1.7022      5.020      7.283    10.2881 0.0000e+00
      5.131      0.093     8.0193     71.525     41.747  29.460961     1.8421      6.361   363.6747 1.2860e+01     1.7311      5.035      7.302    10.2893 0.0000e+00
      5.140      0.120     7.9960     71.312     41.708  29.431036     1.7818      6.350   364.1106 1.2687e+01     1.7741      5.039      7.308    10.2888 0.0000e+00
      5.159      0.149     7.9725     71.097     41.683  29.411011     1.7533      6.343   364.2203 1.2204e+01     1.7956      5.050      7.324    10.2877 0.0000e+00
      5.203      0.177     7.9530     70.921     41.683  29.409347     1.7557      6.339   364.2271 1.1417e+01     1.7771      5.091      7.385    10.2854 0.0000e+00
      5.271      0.201     7.9368     70.775     41.686  29.410908     1.7552      6.336   364.3651 1.0546e+01     1.7345      5.168      7.496    10.2824 0.0000e+00
      5.345      0.217     7.9212     70.635     41.714  29.429891     1.7656      6.334   364.5977 9.8408e+00     1.7069      5.248      7.612    10.2797 0.0000e+00
      5.407      0.218     7.9067     70.505     41.741  29.448355     1.7986      6.333   364.7163 9.3403e+00     1.7183      5.307      7.697    10.2766 0.0000e+00
      5.457      0.201     7.8924     70.377     41.735  29.443634     1.8153      6.333   364.7668 8.8841e+00     1.7197      5.351      7.760    10.2743 0.0000e+00
      5.505      0.171     7.8794     70.259     41.725  29.436300     1.8021      6.334   364.8647 8.4089e+00     1.6929      5.397      7.828    10.2735 0.0000e+00
      5.552      0.138     7.8699     70.173     41.708  29.423193     1.7573      6.336   365.0387 8.0164e+00     1.6999      5.448      7.902    10.2731 0.0000e+00
      5.589      0.109     7.8644     70.123     41.692  29.412167     1.6875      6.338   365.1500 7.8184e+00     1.7433      5.489      7.960    10.2728 0.0000e+00
      5.608      0.084     7.8620     70.104     41.716  29.429996     1.6474      6.340   364.9203 7.7676e+00     1.7594      5.503      7.981    10.2727 0.0000e+00
      5.615      0.064     7.8607     70.097     41.739  29.448251     1.6405      6.342   364.5847 7.7246e+00     1.7419      5.504      7.984    10.2714 0.0000e+00
      5.622      0.054     7.8603     70.100     41.726  29.442374     1.6773      6.342   364.5333 7.6649e+00     1.7150      5.512      7.996    10.2704 0.0000e+00
      5.631      0.055     7.8620     70.118     41.696  29.422440     1.7618      6.342   364.8157 7.6174e+00     1.7095      5.522      8.007    10.2699 0.0000e+00
      5.642      0.067     7.8656     70.147     41.663  29.397747     1.8172      6.340   365.4185 7.5361e+00     1.7360      5.530      8.020    10.2707 0.0000e+00
      5.659      0.088     7.8688     70.169     41.668  29.397833     1.8223      6.335   366.4010 7.3729e+00     1.7607      5.546      8.044    10.2744 0.0000e+00
      5.684      0.118     7.8704     70.179     41.708  29.423471     1.7868      6.326   367.5745 7.1913e+00     1.8257      5.574      8.085    10.2792 0.0000e+00
      5.713      0.154     7.8713     70.183     41.753  29.453711     1.7282      6.316   367.8195 7.0072e+00     1.9411      5.602      8.124    10.2818 0.0000e+00
      5.749      0.192     7.8718     70.186     41.744  29.445943     1.7017      6.307   367.2125 6.7192e+00     1.9966      5.632      8.168    10.2786 0.0000e+00
      5.803      0.226     7.8723     70.188     41.670  29.393040     1.7052      6.301   367.0323 6.2925e+00     1.9781      5.683      8.243    10.2735 0.0000e+00
      5.875      0.253     7.8720     70.184     41.660  29.385612     1.7152      6.297   367.1029 5.7937e+00     1.9004      5.758      8.351    10.2709 0.0000e+00
      5.956      0.273     7.8701     70.168     41.709  29.419635     1.7397      6.294   367.2917 5.3343e+00     1.7904      5.843      8.474    10.2689 0.0000e+00
      6.034      0.278     7.8662     70.132     41.714  29.423382     1.7635      6.294   367.5944 4.9672e+00     1.7456      5.919      8.586    10.2672 0.0000e+00
      6.107      0.264     7.8609     70.085     41.724  29.430915     1.7635      6.295   367.4074 4.6572e+00     1.7556      5.989      8.687    10.2663 0.0000e+00
      6.178      0.234     7.8547     70.031     41.746  29.447203     1.7499      6.296   367.0109 4.3767e+00     1.7589      6.060      8.789    10.2662 0.0000e+00
      6.243      0.201     7.8463     69.958     41.721  29.429799     1.7271      6.296   366.9290 4.1460e+00     1.7549      6.128      8.887    10.2662 0.0000e+00
      6.292      0.173     7.8378     69.882     41.694  29.411003     1.6991      6.296   366.9340 4.0190e+00     1.7382      6.180      8.963    10.2655 0.0000e+00
      6.318      0.154     7.8326     69.834     41.694  29.410453     1.6961      6.297   366.8131 3.9765e+00     1.7097      6.200      8.992    10.2658 0.0000e+00
      6.333      0.142     7.8325     69.832     41.714  29.423153     1.7092      6.297   366.7582 3.9013e+00     1.6849      6.205      8.999    10.2667 0.0000e+00
      6.362      0.137     7.8360     69.862     41.735  29.437548     1.7200      6.296   366.7867 3.7424e+00     1.6825      6.233      9.038    10.2676 0.0000e+00
      6.407      0.136     7.8389     69.887     41.763  29.457491     1.7346      6.296   367.2430 3.5656e+00     1.7112      6.284      9.114    10.2679 0.0000e+00
      6.454      0.134     7.8397     69.895     41.786  29.473763     1.7478      6.297   368.0600 3.4376e+00     1.7263      6.333      9.185    10.2664 0.0000e+00
      6.494      0.124     7.8410     69.909     41.741  29.443763     1.7504      6.298   368.3187 3.3479e+00     1.7121      6.370      9.238    10.2654 0.0000e+00
      6.528      0.107     7.8451     69.949     41.695  29.412297     1.7111      6.298   368.0474 3.2885e+00     1.7539      6.405      9.290    10.2649 0.0000e+00
      6.552      0.090     7.8489     69.986     41.690  29.410840     1.6492      6.298   367.7056 3.2650e+00     1.8657      6.432      9.328    10.2644 0.0000e+00
