Data/DataNotYetUploadedToEDI/Raw_CTD/RawDownloads/060718_fcr50.cnv
* Sea-Bird SBE19plus  Data File:
* FileName = C:\DATA\060718_fcr50_0001.hex
* Software version 2.6.3.104 SB_Terminal.dll
* Temperature SN = 7809
* Conductivity SN = 7809
* System UpLoad Time = Jun 07 2018 15:45:30
* <ApplicationData>
* <Seaterm232>
# nquan = 15
# nvalues = 1255                        
# units = specified
# name 0 = depFM: Depth [fresh water, m]
# name 1 = dz/dtM: Descent Rate [m/s]
# name 2 = sbeox0Mg/L: Oxygen, SBE 43 [mg/l]
# name 3 = sbeox0PS: Oxygen, SBE 43 [% saturation]
# name 4 = specc: Specific Conductance [uS/cm]
# name 5 = c0uS/cm: Conductivity [uS/cm]
# name 6 = flECO-AFL: Fluorescence, WET Labs ECO-AFL/FL [mg/m^3]
# name 7 = ph: pH
# name 8 = orp: Oxidation Reduction Potential [mV]
# name 9 = par/sat/log: PAR/Logarithmic, Satlantic
# name 10 = turbWETntu0: Turbidity, WET Labs ECO [NTU]
# name 11 = prdM: Pressure, Strain Gauge [db]
# name 12 = prdE: Pressure, Strain Gauge [psi]
# name 13 = tv290C: Temperature [ITS-90, deg C]
# name 14 = flag:  0.000e+00
# span 0 =     -0.552,      9.782       
# span 1 =     -0.358,      0.278       
# span 2 =     2.6281,    10.2422       
# span 3 =     23.721,    111.354       
# span 4 =      0.344,    180.822       
# span 5 =   0.318181, 127.668593       
# span 6 =    -1.1943,     2.5246       
# span 7 =     -2.616,      7.456       
# span 8 = -1240.7455,  1152.9109       
# span 9 = 1.6626e-01, 1.9273e+03       
# span 10 =    -0.6271,    56.4928      
# span 11 =     -0.542,      9.594      
# span 12 =     -0.786,     13.914      
# span 13 =    10.2480,    23.1232      
# span 14 = 0.0000e+00, 0.0000e+00      
# interval = seconds: 0.25
# start_time = Jun 07 2018 14:05:47 [Instrument's time stamp, header]
# bad_flag = -9.990e-29
*END*
[from data line 386]
      2.257      0.009     7.7035     80.430     33.994  28.850515     1.6799      6.756   318.6093 1.6707e+02     1.5323      2.213      3.210    17.4503 0.0000e+00
      2.261      0.011     7.6968     80.363     34.007  28.862165     1.6948      6.754   318.1515 1.6615e+02     1.5300      2.218      3.217    17.4474 0.0000e+00
      2.263      0.014     7.6912     80.302     34.008  28.862165     1.6868      6.748   317.3638 1.6475e+02     1.4838      2.220      3.219    17.4399 0.0000e+00
      2.265      0.017     7.6872     80.244     34.003  28.850517     1.6834      6.737   316.8295 1.6393e+02     1.4929      2.221      3.220    17.4305 0.0000e+00
      2.268      0.018     7.6826     80.177     34.010  28.848323     1.6638      6.726   316.8530 1.6300e+02     1.5489      2.222      3.222    17.4273 0.0000e+00
      2.276      0.018     7.6740     80.081     33.997  28.835633     1.6068      6.719   317.1315 1.6181e+02     1.5807      2.231      3.236    17.4329 0.0000e+00
      2.286      0.018     7.6603     79.952     33.976  28.824078     1.5638      6.715   317.2716 1.6085e+02     1.5417      2.244      3.254    17.4343 0.0000e+00
      2.291      0.018     7.6443     79.811     33.978  28.835632     1.5566      6.710   317.6866 1.6008e+02     1.5057      2.248      3.260    17.4207 0.0000e+00
      2.291      0.018     7.6286     79.648     33.992  28.848333     1.5477      6.705   318.3641 1.5958e+02     1.5110      2.247      3.259    17.4043 0.0000e+00
      2.292      0.018     7.6157     79.461     34.020  28.850645     1.5289      6.704   318.4082 1.5914e+02     1.5139      2.246      3.258    17.4009 0.0000e+00
      2.296      0.019     7.6073     79.283     34.080  28.863558     1.5127      6.706   318.1338 1.5787e+02     1.5103      2.250      3.263    17.4101 0.0000e+00
      2.304      0.024     7.5999     79.111     34.143  28.877418     1.5077      6.711   318.5742 1.5588e+02     1.5279      2.260      3.277    17.4328 0.0000e+00
      2.312      0.029     7.5909     78.939     34.198  28.891163     1.5518      6.715   319.2592 1.5460e+02     1.5750      2.267      3.289    17.4458 0.0000e+00
      2.319      0.033     7.5769     78.749     34.234  28.902713     1.6328      6.717   319.3607 1.5370e+02     1.5910      2.273      3.297    17.4064 0.0000e+00
      2.327      0.033     7.5552     78.517     34.222  28.890032     1.6778      6.716   319.7146 1.5174e+02     1.5683      2.281      3.308    17.3423 0.0000e+00
      2.338      0.031     7.5294     78.263     34.184  28.864841     1.6829      6.714   320.4412 1.4922e+02     1.5457      2.293      3.325    17.2822 0.0000e+00
      2.349      0.028     7.5027     78.004     34.160  28.852151     1.6761      6.712   320.7467 1.4749e+02     1.5308      2.304      3.342    17.2297 0.0000e+00
      2.356      0.025     7.4773     77.759     34.165  28.863601     1.6782      6.709   320.9123 1.4650e+02     1.5406      2.312      3.353    17.2004 0.0000e+00
      2.360      0.020     7.4558     77.553     34.171  28.876291     1.6902      6.706   320.7232 1.4559e+02     1.5724      2.315      3.359    17.2008 0.0000e+00
      2.363      0.016     7.4387     77.384     34.168  28.878601     1.6923      6.705   320.1811 1.4464e+02     1.5801      2.317      3.361    17.2167 0.0000e+00
      2.365      0.014     7.4250     77.242     34.183  28.891529     1.6858      6.706   320.4662 1.4342e+02     1.6028      2.318      3.362    17.2264 0.0000e+00
      2.368      0.013     7.4150     77.133     34.203  28.905603     1.6844      6.708   321.3312 1.4235e+02     1.6943      2.323      3.369    17.2366 0.0000e+00
      2.372      0.013     7.4115     77.078     34.232  28.921760     1.6936      6.710   321.6912 1.4171e+02     1.7710      2.326      3.374    17.2512 0.0000e+00
      2.375      0.014     7.4133     77.066     34.292  28.959865     1.6963      6.714   321.7219 1.4081e+02     1.7674      2.328      3.377    17.2569 0.0000e+00
      2.379      0.014     7.4159     77.055     34.342  28.985297     1.6903      6.718   321.7027 1.4025e+02     1.7115      2.333      3.383    17.2550 0.0000e+00
      2.383      0.013     7.4171     77.023     34.352  28.975224     1.6763      6.722   321.6310 1.4038e+02     1.6448      2.338      3.391    17.2543 0.0000e+00
      2.387      0.012     7.4149     76.961     34.360  28.965061     1.6461      6.723   321.7155 1.3987e+02     1.5708      2.341      3.395    17.2438 0.0000e+00
      2.389      0.012     7.4088     76.867     34.405  28.989397     1.6279      6.722   321.8648 1.3867e+02     1.5183      2.342      3.397    17.2225 0.0000e+00
      2.392      0.011     7.3935     76.687     34.446  29.015440     1.6307      6.719   321.9728 1.3798e+02     1.4992      2.345      3.402    17.1994 0.0000e+00
      2.394      0.011     7.3603     76.343     34.458  29.025926     1.6157      6.716   322.1609 1.3757e+02     1.4925      2.348      3.406    17.1683 0.0000e+00
      2.397      0.011     7.3171     75.923     34.475  29.052675     1.5843      6.714   322.5043 1.3705e+02     1.5295      2.350      3.409    17.1426 0.0000e+00
      2.400      0.012     7.2767     75.535     34.498  29.084874     1.5733      6.714   322.8554 1.3670e+02     1.5497      2.353      3.414    17.1258 0.0000e+00
      2.402      0.014     7.2429     75.191     34.510  29.097749     1.5737      6.715   322.9645 1.3652e+02     1.4923      2.355      3.416    17.1075 0.0000e+00
      2.405      0.017     7.2163     74.896     34.500  29.081329     1.5797      6.715   322.4462 1.3629e+02     1.4456      2.357      3.419    17.1059 0.0000e+00
      2.410      0.019     7.2005     74.706     34.508  29.076842     1.5999      6.714   321.4935 1.3543e+02     1.4729      2.363      3.427    17.1294 0.0000e+00
      2.417      0.021     7.1954     74.623     34.560  29.106989     1.6169      6.714   321.1678 1.3418e+02     1.5181      2.370      3.437    17.1583 0.0000e+00
      2.423      0.021     7.1957     74.590     34.605  29.128300     1.6196      6.714   321.3482 1.3310e+02     1.5339      2.376      3.446    17.1606 0.0000e+00
      2.429      0.020     7.1981     74.573     34.645  29.143985     1.6143      6.715   321.6091 1.3215e+02     1.5413      2.384      3.457    17.1426 0.0000e+00
      2.434      0.017     7.1955     74.502     34.699  29.169606     1.6164      6.716   322.0856 1.3136e+02     1.5464      2.388      3.463    17.1270 0.0000e+00
      2.437      0.014     7.1821     74.321     34.739  29.184051     1.6267      6.716   322.2913 1.3063e+02     1.5352      2.390      3.467    17.1079 0.0000e+00
      2.440      0.012     7.1570     74.020     34.770  29.191603     1.6378      6.716   321.8585 1.2960e+02     1.4967      2.393      3.470    17.0839 0.0000e+00
      2.443      0.010     7.1196     73.588     34.801  29.197388     1.6589      6.715   321.1555 1.2830e+02     1.4474      2.397      3.475    17.0576 0.0000e+00
      2.445      0.009     7.0735     73.064     34.819  29.190474     1.6802      6.715   320.8463 1.2756e+02     1.4582      2.399      3.479    17.0279 0.0000e+00
      2.447      0.008     7.0256     72.533     34.816  29.171474     1.6831      6.714   320.9602 1.2694e+02     1.5060      2.400      3.481    17.0008 0.0000e+00
      2.449      0.007     6.9780     72.027     34.809  29.158150     1.6855      6.713   321.2413 1.2555e+02     1.5064      2.402      3.484    16.9769 0.0000e+00
      2.451      0.006     6.9322     71.557     34.805  29.156371     1.6902      6.711   321.5780 1.2421e+02     1.4939      2.403      3.486    16.9460 0.0000e+00
      2.452      0.006     6.8917     71.148     34.792  29.149972     1.6939      6.710   321.7612 1.2293e+02     1.5064      2.405      3.488    16.9110 0.0000e+00
      2.454      0.005     6.8607     70.837     34.780  29.144284     1.7025      6.710   321.7362 1.2136e+02     1.5350      2.406      3.490    16.8846 0.0000e+00
      2.455      0.005     6.8448     70.681     34.783  29.151105     1.7022      6.710   321.6189 1.2000e+02     1.5349      2.407      3.491    16.8741 0.0000e+00
      2.456      0.004     6.8432     70.666     34.803  29.168948     1.6911      6.710   321.6342 1.1880e+02     1.5054      2.409      3.493    16.8810 0.0000e+00
      2.457      0.004     6.8514     70.744     34.808  29.169517     1.6966      6.710   321.7492 1.1765e+02     1.5143      2.410      3.495    16.8888 0.0000e+00
      2.457      0.003     6.8675     70.896     34.803  29.157982     1.7321      6.710   321.7188 1.1664e+02     1.5500      2.410      3.495    16.8936 0.0000e+00
      2.458      0.003     6.8887     71.096     34.811  29.156480     1.7619      6.708   321.6966 1.1554e+02     1.5710      2.411      3.496    16.9024 0.0000e+00
      2.460      0.003     6.9114     71.313     34.814  29.151347     1.7624      6.706   322.1699 1.1452e+02     1.5554      2.412      3.498    16.9033 0.0000e+00
      2.460      0.003     6.9294     71.498     34.825  29.159412     1.7209      6.706   322.8807 1.1369e+02     1.5138      2.412      3.498    16.8986 0.0000e+00
      2.461      0.003     6.9381     71.610     34.849  29.190479     1.6554      6.706   323.1496 1.1281e+02     1.4952      2.413      3.501    16.8872 0.0000e+00
      2.462      0.003     6.9395     71.658     34.853  29.209480     1.6317      6.707   323.1836 1.1209e+02     1.5134      2.414      3.502    16.8737 0.0000e+00
      2.462      0.002     6.9380     71.670     34.826  29.198663     1.6456      6.707   323.2056 1.1164e+02     1.5506      2.415      3.502    16.8606 0.0000e+00
      2.463      0.002     6.9359     71.672     34.799  29.186710     1.6663      6.707   323.1583 1.1118e+02     1.5794      2.415      3.503    16.8529 0.0000e+00
      2.463      0.002     6.9342     71.682     34.789  29.191980     1.6888      6.706   323.5577 1.1063e+02     1.5567      2.415      3.503    16.8734 0.0000e+00
      2.464      0.001     6.9327     71.693     34.783  29.198897     1.6893      6.706   324.4209 1.1022e+02     1.5198      2.417      3.505    16.9029 0.0000e+00
      2.464      0.001     6.9317     71.700     34.782  29.206856     1.6809      6.706   324.9058 1.0992e+02     1.5304      2.416      3.505    16.9176 0.0000e+00
      2.464      0.001     6.9326     71.717     34.799  29.224709     1.6889      6.706   324.9459 1.0957e+02     1.5627      2.416      3.505    16.9317 0.0000e+00
      2.465      0.001     6.9361     71.752     34.800  29.224256     1.6944      6.706   324.9055 1.0925e+02     1.5740      2.417      3.506    16.9519 0.0000e+00
      2.465      0.002     6.9411     71.793     34.778  29.201373     1.6916      6.705   324.8481 1.0900e+02     1.5449      2.417      3.506    16.9711 0.0000e+00
      2.465      0.002     6.9477     71.845     34.788  29.202046     1.6912      6.704   324.8543 1.0875e+02     1.5164      2.417      3.506    16.9837 0.0000e+00
      2.466      0.003     6.9542     71.886     34.839  29.232383     1.6906      6.704   324.8948 1.0852e+02     1.5031      2.418      3.507    16.9885 0.0000e+00
      2.466      0.003     6.9578     71.872     34.889  29.250641     1.6751      6.704   324.9929 1.0829e+02     1.4758      2.419      3.508    16.9867 0.0000e+00
      2.467      0.003     6.9586     71.808     34.907  29.232268     1.6410      6.703   325.0948 1.0808e+02     1.4614      2.420      3.509    16.9789 0.0000e+00
      2.468      0.003     6.9555     71.713     34.903  29.200701     1.6183      6.702   325.1797 1.0801e+02     1.4819      2.421      3.511    16.9685 0.0000e+00
      2.469      0.004     6.9432     71.555     34.903  29.186441     1.6217      6.701   325.3309 1.0786e+02     1.5103      2.422      3.512    16.9563 0.0000e+00
      2.470      0.004     6.9243     71.353     34.908  29.186848     1.6447      6.701   325.3743 1.0762e+02     1.5298      2.422      3.513    16.9232 0.0000e+00
      2.471      0.005     6.9047     71.153     34.930  29.205623     1.6760      6.701   325.0165 1.0751e+02     1.5348      2.423      3.515    16.8637 0.0000e+00
      2.472      0.005     6.8852     70.957     34.948  29.222930     1.6874      6.701   324.5324 1.0741e+02     1.5094      2.424      3.516    16.8168 0.0000e+00
      2.474      0.005     6.8701     70.811     34.922  29.205610     1.6813      6.700   324.4256 1.0729e+02     1.4978      2.426      3.518    16.8004 0.0000e+00
      2.476      0.004     6.8606     70.728     34.892  29.186725     1.6854      6.700   324.4995 1.0724e+02     1.5163      2.428      3.521    16.7989 0.0000e+00
      2.477      0.003     6.8550     70.682     34.883  29.185106     1.6909      6.700   324.5653 1.0730e+02     1.5195      2.429      3.523    16.8014 0.0000e+00
      2.478      0.001     6.8540     70.676     34.882  29.186043     1.6836      6.700   324.7044 1.0751e+02     1.5367      2.430      3.525    16.8035 0.0000e+00
      2.478      0.000     6.8571     70.713     34.893  29.198053     1.6804      6.700   324.9778 1.0776e+02     1.5713      2.430      3.525    16.8090 0.0000e+00
      2.477     -0.001     6.8619     70.771     34.894  29.203308     1.6893      6.700   324.8588 1.0798e+02     1.5718      2.429      3.523    16.8218 0.0000e+00
      2.475     -0.001     6.8670     70.835     34.868  29.186093     1.6991      6.700   324.2126 1.0829e+02     1.5734      2.427      3.521    16.8319 0.0000e+00
      2.475     -0.001     6.8734     70.911     34.856  29.180415     1.6972      6.700   323.8761 1.0867e+02     1.5599      2.427      3.521    16.8327 0.0000e+00
      2.476      0.000     6.8786     70.973     34.872  29.198169     1.6942      6.700   323.8006 1.0911e+02     1.5310      2.428      3.521    16.8337 0.0000e+00
      2.476      0.002     6.8809     71.001     34.884  29.210246     1.7182      6.700   323.9021 1.0978e+02     1.5598      2.428      3.522    16.8418 0.0000e+00
      2.477      0.003     6.8808     70.997     34.872  29.199430     1.7481      6.700   324.2431 1.1098e+02     1.5716      2.429      3.523    16.8495 0.0000e+00
      2.477      0.004     6.8785     70.970     34.868  29.194405     1.7531      6.700   324.3093 1.1280e+02     1.5212      2.429      3.524    16.8545 0.0000e+00
      2.478      0.006     6.8765     70.935     34.898  29.212994     1.7502      6.699   324.1870 1.1482e+02     1.4698      2.430      3.525    16.8632 0.0000e+00
      2.480      0.008     6.8751     70.887     34.942  29.233666     1.7497      6.698   324.2273 1.1675e+02     1.4683      2.432      3.527    16.8645 0.0000e+00
      2.482      0.009     6.8719     70.807     34.992  29.253817     1.7570      6.698   324.3658 1.1863e+02     1.5033      2.433      3.529    16.8613 0.0000e+00
      2.485      0.011     6.8663     70.705     35.032  29.266105     1.7647      6.698   324.4849 1.2052e+02     1.5268      2.437      3.534    16.8621 0.0000e+00
      2.488      0.013     6.8593     70.598     35.039  29.255206     1.7595      6.698   324.5498 1.2212e+02     1.5392      2.440      3.539    16.8561 0.0000e+00
      2.492      0.015     6.8498     70.466     35.051  29.249030     1.7587      6.697   324.8053 1.2308e+02     1.5309      2.443      3.544    16.8325 0.0000e+00
      2.495      0.016     6.8370     70.299     35.078  29.254910     1.7640      6.696   325.2511 1.2361e+02     1.5182      2.446      3.549    16.7935 0.0000e+00
      2.499      0.016     6.8208     70.100     35.107  29.262777     1.7693      6.694   325.3797 1.2372e+02     1.5374      2.451      3.555    16.7636 0.0000e+00
      2.505      0.015     6.8016     69.878     35.142  29.280624     1.7761      6.693   325.2426 1.2361e+02     1.5496      2.457      3.563    16.7432 0.0000e+00
