Data/DataNotYetUploadedToEDI/Raw_CTD/RawDownloads/060718_bvr50.cnv
* Sea-Bird SBE19plus  Data File:
* FileName = C:\DATA\060718_fcr50_0002.hex
* Software version 2.6.3.104 SB_Terminal.dll
* Temperature SN = 7809
* Conductivity SN = 7809
* System UpLoad Time = Jun 07 2018 15:46:06
* <ApplicationData>
* <Seaterm232>
# nquan = 15
# nvalues = 1210                        
# units = specified
# name 0 = depFM: Depth [fresh water, m]
# name 1 = dz/dtM: Descent Rate [m/s]
# name 2 = sbeox0Mg/L: Oxygen, SBE 43 [mg/l]
# name 3 = sbeox0PS: Oxygen, SBE 43 [% saturation]
# name 4 = specc: Specific Conductance [uS/cm]
# name 5 = c0uS/cm: Conductivity [uS/cm]
# name 6 = flECO-AFL: Fluorescence, WET Labs ECO-AFL/FL [mg/m^3]
# name 7 = ph: pH
# name 8 = orp: Oxidation Reduction Potential [mV]
# name 9 = par/sat/log: PAR/Logarithmic, Satlantic
# name 10 = turbWETntu0: Turbidity, WET Labs ECO [NTU]
# name 11 = prdM: Pressure, Strain Gauge [db]
# name 12 = prdE: Pressure, Strain Gauge [psi]
# name 13 = tv290C: Temperature [ITS-90, deg C]
# name 14 = flag:  0.000e+00
# span 0 =     -0.628,     11.002       
# span 1 =     -0.066,      0.147       
# span 2 =     0.0801,     9.2416       
# span 3 =      0.665,    108.983       
# span 4 =      0.558,    112.257       
# span 5 =   0.538571,  72.579869       
# span 6 =    -0.8252,     7.2912       
# span 7 =     -2.571,      7.942       
# span 8 = -1240.7455,   512.4674       
# span 9 = 1.2537e-01, 3.3145e+03       
# span 10 =    -0.6210,   832.1069      
# span 11 =     -0.617,     10.790      
# span 12 =     -0.894,     15.650      
# span 13 =     7.2995,    24.5336      
# span 14 = 0.0000e+00, 0.0000e+00      
# interval = seconds: 0.25
# start_time = Jun 07 2018 15:49:23 [Instrument's time stamp, header]
# bad_flag = -9.990e-29
*END*
[from data line 579]
      3.207      0.044     8.9675     92.134     28.368  23.638233     4.9849      7.094   313.7975 5.0777e+01     0.5858      3.146      4.563    16.8867 0.0000e+00
      3.214      0.038     8.9522     91.983     28.382  23.651845     4.9806      7.095   313.9123 5.0080e+01     0.5868      3.152      4.571    16.7423 0.0000e+00
      3.220      0.034     8.9380     91.874     28.370  23.652968     4.9736      7.097   314.0490 4.9033e+01     0.6064      3.158      4.581    16.6720 0.0000e+00
      3.227      0.034     8.9330     91.842     28.362  23.651820     4.9743      7.098   314.1596 4.8043e+01     0.6089      3.165      4.590    16.6617 0.0000e+00
      3.233      0.038     8.9383     91.810     28.377  23.637983     5.0357      7.098   314.2175 4.7484e+01     0.6179      3.171      4.599    16.6596 0.0000e+00
      3.243      0.043     8.9453     91.696     28.412  23.612607     5.1557      7.098   314.3190 4.7256e+01     0.6534      3.178      4.611    16.6533 0.0000e+00
      3.257      0.047     8.9468     91.507     28.468  23.598868     5.2299      7.099   314.4404 4.7143e+01     0.7029      3.193      4.631    16.6796 0.0000e+00
      3.272      0.048     8.9403     91.263     28.532  23.598760     5.2434      7.099   314.4810 4.7023e+01     0.6979      3.209      4.655    16.7201 0.0000e+00
      3.286      0.047     8.9261     90.971     28.599  23.611235     5.2828      7.100   314.5514 4.6714e+01     0.6537      3.223      4.675    16.6674 0.0000e+00
      3.299      0.044     8.9052     90.645     28.654  23.622677     5.3660      7.101   314.6033 4.6106e+01     0.6560      3.236      4.693    16.5504 0.0000e+00
      3.309      0.038     8.8800     90.328     28.660  23.610096     5.4124      7.101   314.5921 4.5231e+01     0.6648      3.246      4.708    16.4381 0.0000e+00
      3.318      0.032     8.8525     90.032     28.637  23.586066     5.4029      7.100   314.5884 4.4231e+01     0.6379      3.254      4.720    16.3469 0.0000e+00
      3.325      0.027     8.8237     89.738     28.637  23.586075     5.3068      7.099   314.5583 4.3186e+01     0.5759      3.261      4.730    16.2714 0.0000e+00
      3.330      0.023     8.7969     89.465     28.667  23.610201     5.1418      7.099   314.6590 4.2090e+01     0.4940      3.267      4.737    16.2052 0.0000e+00
      3.334      0.022     8.7725     89.210     28.687  23.623834     5.0609      7.101   314.9451 4.1035e+01     0.4722      3.270      4.743    16.1753 0.0000e+00
      3.339      0.024     8.7518     88.952     28.705  23.623930     5.0551      7.103   315.1782 4.0123e+01     0.4644      3.275      4.749    16.1767 0.0000e+00
      3.344      0.027     8.7363     88.689     28.728  23.611351     5.0451      7.103   315.3266 3.9374e+01     0.4301      3.279      4.756    16.1762 0.0000e+00
      3.350      0.031     8.7181     88.379     28.759  23.598669     5.0681      7.103   315.5348 3.8751e+01     0.4855      3.284      4.762    16.1755 0.0000e+00
      3.359      0.034     8.6924     88.014     28.798  23.597519     5.1315      7.103   315.7159 3.8188e+01     0.6148      3.292      4.775    16.1798 0.0000e+00
      3.371      0.035     8.6630     87.634     28.828  23.597409     5.1770      7.102   315.8826 3.7698e+01     0.6817      3.306      4.795    16.1606 0.0000e+00
      3.382      0.035     8.6326     87.263     28.852  23.597296     5.1959      7.101   316.0880 3.7286e+01     0.6836      3.318      4.813    16.0949 0.0000e+00
      3.392      0.034     8.6031     86.920     28.868  23.596141     5.2957      7.101   316.1337 3.6926e+01     0.6377      3.327      4.826    16.0167 0.0000e+00
      3.400      0.031     8.5760     86.616     28.864  23.583426     5.4832      7.102   316.0908 3.6619e+01     0.5544      3.334      4.836    15.9646 0.0000e+00
      3.406      0.030     8.5509     86.336     28.858  23.570520     5.5969      7.103   316.2580 3.6331e+01     0.5004      3.340      4.844    15.9212 0.0000e+00
      3.412      0.030     8.5311     86.087     28.872  23.567060     5.6133      7.104   316.5200 3.6077e+01     0.4729      3.346      4.853    15.8857 0.0000e+00
      3.418      0.032     8.5200     85.876     28.880  23.541566     5.5983      7.103   316.6783 3.5879e+01     0.4973      3.351      4.860    15.8630 0.0000e+00
      3.425      0.037     8.5125     85.669     28.900  23.516177     5.5907      7.102   316.7949 3.5681e+01     0.6122      3.357      4.869    15.8467 0.0000e+00
      3.435      0.041     8.5028     85.447     28.945  23.513977     5.6047      7.100   316.8972 3.5406e+01     0.7024      3.368      4.883    15.8385 0.0000e+00
      3.449      0.042     8.4878     85.207     28.981  23.514915     5.6017      7.098   316.9689 3.5073e+01     0.7032      3.382      4.905    15.8207 0.0000e+00
      3.463      0.042     8.4680     84.953     29.019  23.527482     5.4990      7.097   316.9733 3.4767e+01     0.6823      3.397      4.926    15.7617 0.0000e+00
      3.474      0.040     8.4405     84.647     29.045  23.538929     5.3191      7.095   317.0365 3.4535e+01     0.6642      3.409      4.944    15.6779 0.0000e+00
      3.484      0.037     8.4005     84.230     29.036  23.526346     5.2278      7.093   317.1315 3.4362e+01     0.6670      3.417      4.955    15.6069 0.0000e+00
      3.492      0.032     8.3514     83.719     29.014  23.502307     5.2315      7.091   317.1749 3.4196e+01     0.6853      3.425      4.967    15.5579 0.0000e+00
      3.499      0.028     8.3024     83.193     29.028  23.502204     5.2815      7.091   317.3038 3.4040e+01     0.6717      3.431      4.977    15.5297 0.0000e+00
      3.505      0.024     8.2604     82.726     29.075  23.525093     5.3632      7.090   317.4848 3.3903e+01     0.6552      3.437      4.984    15.5151 0.0000e+00
      3.511      0.022     8.2222     82.300     29.092  23.525094     5.4021      7.090   317.6422 3.3765e+01     0.6688      3.443      4.993    15.5091 0.0000e+00
      3.516      0.021     8.1872     81.914     29.078  23.502200     5.4017      7.090   317.7450 3.3644e+01     0.6833      3.448      5.001    15.5020 0.0000e+00
      3.521      0.021     8.1593     81.593     29.096  23.502211     5.3958      7.090   317.8671 3.3555e+01     0.6778      3.454      5.009    15.4817 0.0000e+00
      3.526      0.021     8.1378     81.321     29.148  23.525213     5.3483      7.089   317.9997 3.3473e+01     0.6634      3.458      5.014    15.4516 0.0000e+00
      3.531      0.020     8.1210     81.093     29.174  23.526351     5.2689      7.089   318.0577 3.3365e+01     0.6626      3.461      5.020    15.4259 0.0000e+00
      3.537      0.019     8.1054     80.889     29.182  23.515945     5.2254      7.088   318.1377 3.3251e+01     0.6681      3.468      5.029    15.4102 0.0000e+00
      3.543      0.018     8.0885     80.690     29.207  23.526343     5.2184      7.086   318.2796 3.3174e+01     0.6681      3.474      5.039    15.3890 0.0000e+00
      3.548      0.018     8.0716     80.514     29.209  23.525095     5.2303      7.086   318.3968 3.3134e+01     0.6631      3.479      5.046    15.3522 0.0000e+00
      3.552      0.019     8.0574     80.379     29.176  23.500846     5.2591      7.086   318.4363 3.3140e+01     0.6690      3.483      5.052    15.3149 0.0000e+00
      3.554      0.021     8.0494     80.295     29.160  23.487099     5.2820      7.085   318.5848 3.3201e+01     0.6774      3.486      5.057    15.2858 0.0000e+00
      3.558      0.025     8.0474     80.256     29.167  23.485851     5.2950      7.083   318.9016 3.3249e+01     0.6434      3.488      5.059    15.2664 0.0000e+00
      3.563      0.031     8.0476     80.245     29.172  23.485737     5.3431      7.080   319.1695 3.3218e+01     0.6239      3.492      5.064    15.2623 0.0000e+00
      3.571      0.036     8.0477     80.232     29.178  23.485717     5.4216      7.078   319.2424 3.3119e+01     0.6553      3.501      5.077    15.2737 0.0000e+00
      3.584      0.040     8.0485     80.181     29.202  23.485613     5.4638      7.076   319.1813 3.2989e+01     0.6573      3.514      5.097    15.2757 0.0000e+00
      3.599      0.043     8.0463     80.065     29.241  23.484452     5.4765      7.073   319.2050 3.2898e+01     0.6477      3.531      5.121    15.2532 0.0000e+00
      3.611      0.043     8.0360     79.873     29.262  23.471636     5.4652      7.071   319.2709 3.2895e+01     0.6612      3.544      5.140    15.2468 0.0000e+00
      3.621      0.042     8.0171     79.613     29.276  23.457588     5.4277      7.070   319.2896 3.2926e+01     0.6376      3.552      5.151    15.2567 0.0000e+00
      3.629      0.039     7.9880     79.264     29.282  23.441545     5.4100      7.069   319.3448 3.2876e+01     0.6368      3.558      5.161    15.2179 0.0000e+00
      3.638      0.037     7.9475     78.804     29.261  23.404611     5.4166      7.068   319.4221 3.2676e+01     0.7124      3.568      5.174    15.1483 0.0000e+00
      3.648      0.036     7.8994     78.264     29.272  23.391905     5.4244      7.066   319.4498 3.2342e+01     0.7280      3.578      5.189    15.0983 0.0000e+00
      3.658      0.035     7.8476     77.688     29.328  23.414862     5.4217      7.064   319.5078 3.1950e+01     0.6725      3.587      5.203    15.0574 0.0000e+00
      3.668      0.033     7.7971     77.138     29.367  23.428227     5.4112      7.062   319.6068 3.1561e+01     0.6514      3.597      5.217    15.0231 0.0000e+00
      3.677      0.031     7.7513     76.648     29.381  23.426501     5.4083      7.060   319.6139 3.1185e+01     0.6567      3.605      5.229    14.9918 0.0000e+00
      3.684      0.029     7.7099     76.204     29.356  23.393979     5.4228      7.059   319.6801 3.0895e+01     0.6758      3.613      5.241    14.9529 0.0000e+00
      3.689      0.029     7.6734     75.795     29.325  23.352417     5.4765      7.059   319.8921 3.0700e+01     0.6995      3.618      5.248    14.9128 0.0000e+00
      3.694      0.030     7.6428     75.421     29.378  23.368357     5.5523      7.057   320.1977 3.0516e+01     0.6988      3.622      5.254    14.8818 0.0000e+00
      3.701      0.033     7.6135     75.051     29.450  23.396215     5.5944      7.055   320.5357 3.0325e+01     0.6975      3.629      5.263    14.8621 0.0000e+00
      3.710      0.037     7.5742     74.607     29.445  23.371787     5.6088      7.052   320.7101 3.0132e+01     0.7145      3.637      5.276    14.8453 0.0000e+00
      3.721      0.041     7.5218     74.071     29.398  23.326917     5.6166      7.050   320.6712 2.9915e+01     0.6897      3.650      5.293    14.8183 0.0000e+00
      3.733      0.042     7.4617     73.469     29.366  23.298083     5.6149      7.048   320.4957 2.9625e+01     0.6127      3.661      5.310    14.7723 0.0000e+00
      3.746      0.042     7.3949     72.778     29.355  23.277102     5.6072      7.045   320.3946 2.9260e+01     0.6067      3.673      5.327    14.7128 0.0000e+00
      3.758      0.040     7.3217     71.988     29.371  23.263668     5.6061      7.042   320.5675 2.8887e+01     0.6782      3.686      5.346    14.6734 0.0000e+00
      3.769      0.037     7.2478     71.170     29.413  23.262596     5.6476      7.041   320.8646 2.8560e+01     0.6840      3.697      5.362    14.6699 0.0000e+00
      3.777      0.034     7.1756     70.375     29.457  23.264101     5.7219      7.039   321.1486 2.8264e+01     0.6159      3.704      5.372    14.6711 0.0000e+00
      3.783      0.030     7.1016     69.578     29.515  23.281817     5.7695      7.036   321.3335 2.7988e+01     0.5868      3.709      5.380    14.6547 0.0000e+00
      3.789      0.028     7.0280     68.799     29.549  23.286322     5.7917      7.035   321.3791 2.7756e+01     0.6378      3.716      5.390    14.6056 0.0000e+00
      3.797      0.028     6.9603     68.092     29.532  23.255053     5.8618      7.035   321.6138 2.7563e+01     0.7131      3.724      5.401    14.5372 0.0000e+00
      3.804      0.032     6.8985     67.447     29.509  23.221152     5.9828      7.032   322.1059 2.7426e+01     0.7346      3.731      5.411    14.4809 0.0000e+00
      3.809      0.039     6.8422     66.847     29.500  23.193834     6.0503      7.025   322.5114 2.7309e+01     0.6835      3.735      5.418    14.4348 0.0000e+00
      3.816      0.046     6.7925     66.298     29.513  23.178665     6.0534      7.017   322.8171 2.7099e+01     0.6454      3.740      5.424    14.3952 0.0000e+00
      3.829      0.053     6.7472     65.787     29.532  23.164689     6.0565      7.010   323.1355 2.6769e+01     0.6706      3.752      5.442    14.3679 0.0000e+00
      3.848      0.058     6.7031     65.287     29.552  23.151785     6.1524      7.003   323.3491 2.6405e+01     0.6826      3.773      5.473    14.3458 0.0000e+00
      3.868      0.062     6.6598     64.799     29.585  23.149573     6.3305      6.993   323.5075 2.6108e+01     0.6386      3.795      5.504    14.3127 0.0000e+00
      3.885      0.063     6.6174     64.324     29.604  23.137919     6.4183      6.984   323.6733 2.5871e+01     0.5960      3.810      5.527    14.2665 0.0000e+00
      3.899      0.060     6.5708     63.820     29.630  23.137816     6.4139      6.976   323.8057 2.5636e+01     0.5955      3.824      5.545    14.2158 0.0000e+00
      3.914      0.054     6.5168     63.270     29.658  23.148310     6.3972      6.970   323.9033 2.5386e+01     0.6018      3.839      5.568    14.1676 0.0000e+00
      3.929      0.047     6.4558     62.674     29.647  23.137807     6.3723      6.967   323.9931 2.5130e+01     0.6111      3.854      5.590    14.1208 0.0000e+00
      3.941      0.041     6.3897     62.028     29.649  23.137798     6.3610      6.966   324.1167 2.4944e+01     0.6467      3.866      5.609    14.0732 0.0000e+00
      3.950      0.036     6.3233     61.357     29.678  23.148196     6.3618      6.966   324.2792 2.4824e+01     0.6656      3.874      5.620    14.0338 0.0000e+00
      3.955      0.033     6.2592     60.682     29.693  23.136541     6.3548      6.966   324.4962 2.4687e+01     0.6565      3.878      5.625    14.0151 0.0000e+00
      3.961      0.032     6.1987     60.033     29.712  23.123828     6.3498      6.966   324.6747 2.4544e+01     0.6591      3.885      5.635    14.0194 0.0000e+00
      3.968      0.033     6.1440     59.438     29.747  23.121427     6.3559      6.964   324.8032 2.4429e+01     0.6666      3.893      5.646    14.0248 0.0000e+00
      3.977      0.037     6.0966     58.917     29.767  23.107475     6.3650      6.961   324.9307 2.4263e+01     0.6560      3.899      5.654    14.0024 0.0000e+00
      3.988      0.042     6.0544     58.453     29.767  23.082066     6.3681      6.958   325.0127 2.4038e+01     0.6525      3.910      5.671    13.9574 0.0000e+00
      4.002      0.047     6.0111     57.985     29.779  23.068113     6.3565      6.953   325.1056 2.3856e+01     0.6554      3.925      5.693    13.9105 0.0000e+00
      4.013      0.052     5.9641     57.489     29.802  23.065711     6.3442      6.945   325.1931 2.3685e+01     0.6299      3.935      5.707    13.8596 0.0000e+00
      4.026      0.054     5.9094     56.916     29.813  23.053007     6.3391      6.935   325.2973 2.3464e+01     0.6179      3.945      5.722    13.8093 0.0000e+00
      4.042      0.051     5.8430     56.223     29.832  23.041457     6.2849      6.925   325.4184 2.3227e+01     0.6941      3.964      5.749    13.7665 0.0000e+00
      4.060      0.045     5.7647     55.429     29.872  23.052989     6.1847      6.919   325.4532 2.3030e+01     0.8183      3.983      5.778    13.7258 0.0000e+00
      4.073      0.036     5.6755     54.560     29.896  23.065456     6.1211      6.917   325.4599 2.2885e+01     0.8686      3.996      5.797    13.6966 0.0000e+00
