Data/DataNotYetUploadedToEDI/Raw_CTD/RawDownloads/060718_fcr50.cnv
* Sea-Bird SBE19plus  Data File:
* FileName = C:\DATA\060718_fcr50_0001.hex
* Software version 2.6.3.104 SB_Terminal.dll
* Temperature SN = 7809
* Conductivity SN = 7809
* System UpLoad Time = Jun 07 2018 15:45:30
* <ApplicationData>
* <Seaterm232>
# nquan = 15
# nvalues = 1255                        
# units = specified
# name 0 = depFM: Depth [fresh water, m]
# name 1 = dz/dtM: Descent Rate [m/s]
# name 2 = sbeox0Mg/L: Oxygen, SBE 43 [mg/l]
# name 3 = sbeox0PS: Oxygen, SBE 43 [% saturation]
# name 4 = specc: Specific Conductance [uS/cm]
# name 5 = c0uS/cm: Conductivity [uS/cm]
# name 6 = flECO-AFL: Fluorescence, WET Labs ECO-AFL/FL [mg/m^3]
# name 7 = ph: pH
# name 8 = orp: Oxidation Reduction Potential [mV]
# name 9 = par/sat/log: PAR/Logarithmic, Satlantic
# name 10 = turbWETntu0: Turbidity, WET Labs ECO [NTU]
# name 11 = prdM: Pressure, Strain Gauge [db]
# name 12 = prdE: Pressure, Strain Gauge [psi]
# name 13 = tv290C: Temperature [ITS-90, deg C]
# name 14 = flag:  0.000e+00
# span 0 =     -0.552,      9.782       
# span 1 =     -0.358,      0.278       
# span 2 =     2.6281,    10.2422       
# span 3 =     23.721,    111.354       
# span 4 =      0.344,    180.822       
# span 5 =   0.318181, 127.668593       
# span 6 =    -1.1943,     2.5246       
# span 7 =     -2.616,      7.456       
# span 8 = -1240.7455,  1152.9109       
# span 9 = 1.6626e-01, 1.9273e+03       
# span 10 =    -0.6271,    56.4928      
# span 11 =     -0.542,      9.594      
# span 12 =     -0.786,     13.914      
# span 13 =    10.2480,    23.1232      
# span 14 = 0.0000e+00, 0.0000e+00      
# interval = seconds: 0.25
# start_time = Jun 07 2018 14:05:47 [Instrument's time stamp, header]
# bad_flag = -9.990e-29
*END*
[from data line 290]
      2.065      0.014     8.5708     91.144     33.484  29.014515     1.4934      6.892   307.4358 1.9065e+02     1.4876      2.025      2.937    18.6032 0.0000e+00
      2.069      0.016     8.5311     90.507     33.560  29.002989     1.4874      6.891   308.3310 1.9014e+02     1.4743      2.027      2.940    18.5594 0.0000e+00
      2.074      0.017     8.4759     89.853     33.574  28.990657     1.4848      6.888   308.5840 1.8798e+02     1.5221      2.033      2.950    18.5719 0.0000e+00
      2.080      0.017     8.3997     89.100     33.553  28.992382     1.4893      6.884   308.3443 1.8738e+02     1.5767      2.041      2.960    18.4900 0.0000e+00
      2.085      0.017     8.3056     88.194     33.550  29.023882     1.4864      6.881   308.0130 1.8843e+02     1.5543      2.044      2.965    18.3088 0.0000e+00
      2.090      0.016     8.2099     87.249     33.553  29.054049     1.4770      6.878   308.1067 1.8935e+02     1.5258      2.049      2.972    18.1733 0.0000e+00
      2.093      0.014     8.1236     86.391     33.511  29.039650     1.4863      6.874   308.6164 1.8960e+02     1.5379      2.053      2.978    18.1420 0.0000e+00
      2.095      0.012     8.0519     85.673     33.492  29.040315     1.4978      6.870   309.3579 1.8945e+02     1.6092      2.055      2.980    18.1956 0.0000e+00
      2.097      0.010     8.0013     85.132     33.518  29.062119     1.4962      6.866   309.8454 1.8955e+02     1.7157      2.056      2.982    18.2585 0.0000e+00
      2.100      0.009     7.9713     84.757     33.528  29.049276     1.4946      6.864   309.9503 1.9017e+02     1.7282      2.059      2.987    18.2925 0.0000e+00
      2.104      0.008     7.9599     84.557     33.521  29.012003     1.4967      6.862   310.1101 1.9053e+02     1.6992      2.063      2.993    18.3227 0.0000e+00
      2.106      0.008     7.9642     84.519     33.536  28.992426     1.5126      6.860   310.3147 1.9025e+02     1.6691      2.065      2.995    18.3612 0.0000e+00
      2.106      0.007     7.9749     84.553     33.583  29.003038     1.5404      6.858   310.0151 1.8965e+02     1.5778      2.065      2.995    18.3635 0.0000e+00
      2.107      0.007     7.9835     84.561     33.633  29.013272     1.5566      6.856   309.4983 1.8925e+02     1.5112      2.067      2.997    18.3187 0.0000e+00
      2.109      0.006     7.9872     84.492     33.654  28.989121     1.5617      6.855   309.5725 1.8948e+02     1.5043      2.068      3.000    18.2699 0.0000e+00
      2.111      0.006     7.9842     84.350     33.676  28.964985     1.5642      6.855   309.7937 1.8978e+02     1.4952      2.071      3.004    18.2217 0.0000e+00
      2.113      0.006     7.9726     84.165     33.716  28.975399     1.5509      6.856   309.7637 1.8941e+02     1.4923      2.073      3.006    18.1747 0.0000e+00
      2.114      0.006     7.9546     83.978     33.729  28.987994     1.5201      6.857   310.0710 1.8920e+02     1.4996      2.074      3.007    18.1352 0.0000e+00
      2.115      0.005     7.9337     83.790     33.717  28.990263     1.4952      6.857   310.6696 1.8985e+02     1.4920      2.075      3.009    18.0696 0.0000e+00
      2.117      0.005     7.9133     83.603     33.718  29.002856     1.4891      6.856   310.2903 1.8998e+02     1.5230      2.076      3.011    17.9876 0.0000e+00
      2.118      0.005     7.8983     83.463     33.722  29.013264     1.4922      6.856   309.1851 1.8933e+02     1.5692      2.077      3.012    17.9494 0.0000e+00
      2.119      0.005     7.8891     83.391     33.683  28.989112     1.4956      6.856   308.8361 1.8920e+02     1.5317      2.078      3.014    17.9623 0.0000e+00
      2.121      0.004     7.8830     83.360     33.639  28.964853     1.4936      6.856   308.9956 1.8888e+02     1.4665      2.080      3.016    17.9892 0.0000e+00
      2.122      0.004     7.8765     83.328     33.633  28.973982     1.4868      6.854   309.3064 1.8812e+02     1.4518      2.081      3.018    18.0064 0.0000e+00
      2.123      0.004     7.8705     83.295     33.617  28.972502     1.5048      6.854   309.8408 1.8831e+02     1.4758      2.081      3.018    18.0107 0.0000e+00
      2.124      0.004     7.8703     83.290     33.589  28.946978     1.5458      6.852   310.0370 1.8984e+02     1.5124      2.083      3.020    18.0261 0.0000e+00
      2.124      0.005     7.8774     83.320     33.577  28.919383     1.5695      6.850   309.7857 1.9098e+02     1.4981      2.083      3.021    18.0492 0.0000e+00
      2.125      0.005     7.8901     83.390     33.576  28.892831     1.5704      6.849   309.6417 1.8972e+02     1.4554      2.084      3.022    18.0662 0.0000e+00
      2.126      0.006     7.9060     83.473     33.600  28.879919     1.5657      6.849   309.7584 1.8862e+02     1.4539      2.085      3.024    18.0960 0.0000e+00
      2.128      0.006     7.9223     83.544     33.658  28.890229     1.5679      6.848   309.8202 1.8906e+02     1.4795      2.088      3.027    18.0985 0.0000e+00
      2.130      0.006     7.9340     83.601     33.688  28.890431     1.5691      6.846   309.7867 1.8941e+02     1.5210      2.089      3.029    18.0588 0.0000e+00
      2.131      0.006     7.9375     83.631     33.681  28.882319     1.5621      6.844   309.9551 1.9018e+02     1.5287      2.091      3.032    18.0252 0.0000e+00
      2.133      0.006     7.9371     83.668     33.705  28.919147     1.5568      6.842   310.6519 1.9023e+02     1.4505      2.093      3.035    17.9814 0.0000e+00
      2.135      0.005     7.9348     83.716     33.714  28.954734     1.5607      6.841   311.5873 1.8891e+02     1.3686      2.093      3.036    17.9029 0.0000e+00
      2.136      0.005     7.9318     83.732     33.666  28.931631     1.5624      6.840   312.0583 1.8878e+02     1.3629      2.094      3.038    17.8590 0.0000e+00
      2.137      0.004     7.9323     83.720     33.630  28.893846     1.5503      6.838   311.8733 1.9002e+02     1.3517      2.095      3.039    17.8649 0.0000e+00
      2.138      0.004     7.9356     83.706     33.635  28.878868     1.5432      6.837   311.4151 1.9047e+02     1.3245      2.096      3.041    17.8832 0.0000e+00
      2.139      0.004     7.9357     83.649     33.660  28.877508     1.5591      6.835   311.3359 1.8996e+02     1.3690      2.097      3.042    17.9422 0.0000e+00
      2.140      0.004     7.9378     83.603     33.691  28.877378     1.5777      6.834   312.1204 1.8920e+02     1.4636      2.098      3.043    17.9843 0.0000e+00
      2.141      0.004     7.9480     83.648     33.719  28.877266     1.5749      6.831   313.4146 1.8894e+02     1.5221      2.099      3.045    17.9577 0.0000e+00
      2.141      0.005     7.9561     83.690     33.738  28.876122     1.5614      6.829   314.0782 1.8937e+02     1.5268      2.100      3.045    17.9261 0.0000e+00
      2.142      0.006     7.9589     83.686     33.738  28.863519     1.5528      6.828   313.8627 1.9012e+02     1.5200      2.101      3.047    17.8970 0.0000e+00
      2.144      0.007     7.9548     83.605     33.742  28.851871     1.5533      6.827   313.4772 1.9107e+02     1.5305      2.102      3.049    17.8513 0.0000e+00
      2.146      0.008     7.9428     83.445     33.770  28.862273     1.5586      6.826   313.2877 1.9124e+02     1.5328      2.105      3.053    17.8098 0.0000e+00
      2.149      0.009     7.9293     83.280     33.781  28.862274     1.5613      6.825   313.3788 1.9042e+02     1.5171      2.107      3.056    17.7892 0.0000e+00
      2.151      0.009     7.9175     83.138     33.776  28.851864     1.5763      6.823   313.6325 1.8848e+02     1.5240      2.110      3.060    17.7748 0.0000e+00
      2.154      0.010     7.9052     82.999     33.794  28.863401     1.6024      6.821   314.0321 1.8624e+02     1.5251      2.112      3.063    17.7477 0.0000e+00
      2.156      0.010     7.8914     82.851     33.809  28.874758     1.6204      6.819   314.6831 1.8595e+02     1.5301      2.114      3.066    17.7272 0.0000e+00
      2.158      0.009     7.8802     82.727     33.797  28.862173     1.6191      6.817   315.1366 1.8720e+02     1.5531      2.117      3.070    17.7155 0.0000e+00
      2.161      0.008     7.8743     82.655     33.775  28.838240     1.5861      6.816   315.2131 1.8690e+02     1.5293      2.119      3.073    17.7044 0.0000e+00
      2.163      0.007     7.8727     82.626     33.781  28.839385     1.5529      6.814   315.2646 1.8553e+02     1.4867      2.121      3.078    17.6985 0.0000e+00
      2.165      0.005     7.8724     82.616     33.826  28.876018     1.5492      6.813   314.9850 1.8622e+02     1.4951      2.123      3.080    17.6985 0.0000e+00
      2.166      0.004     7.8716     82.606     33.856  28.900149     1.5597      6.810   314.4126 1.8707e+02     1.5394      2.124      3.080    17.6966 0.0000e+00
      2.166      0.003     7.8709     82.594     33.831  28.877142     1.5694      6.808   314.1949 1.8570e+02     1.5641      2.124      3.081    17.6882 0.0000e+00
      2.166      0.002     7.8703     82.577     33.807  28.851856     1.5658      6.805   314.1590 1.8387e+02     1.5496      2.124      3.081    17.6805 0.0000e+00
      2.167      0.001     7.8683     82.543     33.808  28.848414     1.5610      6.801   314.4093 1.8346e+02     1.5481      2.125      3.082    17.6769 0.0000e+00
      2.168      0.001     7.8622     82.473     33.796  28.835516     1.5668      6.796   315.0703 1.8443e+02     1.5460      2.126      3.083    17.6780 0.0000e+00
      2.168      0.001     7.8499     82.340     33.784  28.822910     1.5616      6.791   315.4398 1.8561e+02     1.4931      2.126      3.083    17.6762 0.0000e+00
      2.168      0.001     7.8349     82.181     33.784  28.823004     1.5540      6.787   314.8328 1.8576e+02     1.4578      2.125      3.082    17.6676 0.0000e+00
      2.168      0.001     7.8210     82.050     33.793  28.836639     1.5660      6.783   313.6686 1.8459e+02     1.4858      2.126      3.083    17.6578 0.0000e+00
      2.167      0.001     7.8115     81.973     33.811  28.860779     1.5780      6.781   313.2363 1.8344e+02     1.5270      2.125      3.082    17.6564 0.0000e+00
      2.167      0.001     7.8080     81.946     33.807  28.860882     1.5705      6.779   313.4785 1.8369e+02     1.5282      2.125      3.083    17.6552 0.0000e+00
      2.168      0.001     7.8082     81.942     33.783  28.837887     1.5671      6.778   313.8433 1.8473e+02     1.5002      2.126      3.084    17.6478 0.0000e+00
      2.169      0.002     7.8127     81.963     33.794  28.836752     1.5917      6.776   314.2915 1.8483e+02     1.4937      2.127      3.085    17.6600 0.0000e+00
      2.169      0.002     7.8227     82.024     33.827  28.847156     1.6210      6.775   314.5092 1.8416e+02     1.5105      2.127      3.085    17.6797 0.0000e+00
      2.169      0.003     7.8350     82.103     33.838  28.836654     1.6280      6.775   314.3255 1.8389e+02     1.4890      2.127      3.085    17.6839 0.0000e+00
      2.170      0.003     7.8426     82.141     33.857  28.836750     1.6210      6.775   314.0487 1.8410e+02     1.4476      2.127      3.086    17.6815 0.0000e+00
      2.171      0.002     7.8449     82.143     33.881  28.848296     1.6190      6.774   314.0022 1.8439e+02     1.4685      2.129      3.087    17.6655 0.0000e+00
      2.172      0.002     7.8443     82.135     33.882  28.849241     1.6213      6.774   314.0217 1.8426e+02     1.5277      2.130      3.089    17.6362 0.0000e+00
      2.173      0.002     7.8393     82.091     33.877  28.848173     1.6215      6.774   313.8542 1.8381e+02     1.5522      2.131      3.090    17.6048 0.0000e+00
      2.173      0.002     7.8321     82.031     33.856  28.835386     1.6210      6.774   313.6974 1.8380e+02     1.5213      2.131      3.090    17.5761 0.0000e+00
      2.173      0.002     7.8260     81.983     33.832  28.821644     1.6155      6.774   314.2759 1.8357e+02     1.4895      2.131      3.090    17.5639 0.0000e+00
      2.173      0.002     7.8214     81.947     33.811  28.809039     1.6105      6.774   315.3433 1.8311e+02     1.5042      2.131      3.091    17.5665 0.0000e+00
      2.174      0.003     7.8201     81.942     33.809  28.809984     1.6150      6.774   315.7621 1.8401e+02     1.5460      2.132      3.092    17.5721 0.0000e+00
      2.175      0.004     7.8215     81.957     33.835  28.833077     1.6058      6.774   315.8986 1.8484e+02     1.5684      2.133      3.093    17.5815 0.0000e+00
      2.175      0.004     7.8225     81.968     33.836  28.834239     1.5729      6.775   316.2188 1.8393e+02     1.5302      2.133      3.094    17.5912 0.0000e+00
      2.176      0.005     7.8232     81.983     33.821  28.824037     1.5584      6.775   316.2780 1.8267e+02     1.4808      2.133      3.094    17.5990 0.0000e+00
      2.178      0.005     7.8245     82.008     33.830  28.836737     1.5677      6.775   316.6141 1.8122e+02     1.4895      2.136      3.099    17.6054 0.0000e+00
      2.180      0.005     7.8239     82.010     33.855  28.860792     1.5652      6.776   317.4439 1.8031e+02     1.5138      2.138      3.101    17.6049 0.0000e+00
      2.182      0.005     7.8185     81.958     33.853  28.860887     1.5566      6.776   317.7934 1.8055e+02     1.5000      2.139      3.102    17.6019 0.0000e+00
      2.182      0.006     7.8101     81.873     33.824  28.837890     1.5551      6.776   317.8284 1.8037e+02     1.4759      2.140      3.104    17.6070 0.0000e+00
      2.183      0.007     7.8037     81.801     33.825  28.836745     1.5565      6.776   318.0381 1.7977e+02     1.4965      2.140      3.104    17.6159 0.0000e+00
      2.184      0.009     7.8017     81.760     33.847  28.847044     1.5640      6.777   318.0059 1.7927e+02     1.5360      2.142      3.106    17.6212 0.0000e+00
      2.187      0.012     7.8012     81.725     33.847  28.835397     1.5729      6.777   317.6977 1.7861e+02     1.5257      2.143      3.109    17.6227 0.0000e+00
      2.190      0.016     7.8013     81.689     33.849  28.822906     1.5719      6.777   317.5803 1.7837e+02     1.4946      2.147      3.115    17.6266 0.0000e+00
      2.195      0.021     7.8019     81.653     33.870  28.823002     1.5701      6.777   317.8779 1.7836e+02     1.4946      2.153      3.122    17.6258 0.0000e+00
      2.200      0.026     7.8003     81.591     33.907  28.836537     1.5781      6.776   318.2848 1.7681e+02     1.5262      2.158      3.129    17.6122 0.0000e+00
      2.206      0.031     7.7953     81.497     33.954  28.859526     1.6233      6.775   318.5408 1.7479e+02     1.5709      2.163      3.137    17.5933 0.0000e+00
      2.215      0.032     7.7868     81.378     33.954  28.846931     1.7024      6.773   318.8223 1.7251e+02     1.6388      2.170      3.148    17.5727 0.0000e+00
      2.227      0.031     7.7752     81.237     33.921  28.811245     1.7441      6.770   319.1077 1.6949e+02     1.7070      2.184      3.167    17.5462 0.0000e+00
      2.239      0.029     7.7625     81.092     33.924  28.809052     1.7421      6.767   318.6367 1.6846e+02     1.7244      2.198      3.187    17.5172 0.0000e+00
      2.247      0.024     7.7497     80.952     33.941  28.820409     1.7146      6.765   317.5155 1.6861e+02     1.6959      2.205      3.200    17.4921 0.0000e+00
      2.250      0.019     7.7366     80.810     33.944  28.821545     1.6691      6.764   317.0804 1.6733e+02     1.6069      2.207      3.202    17.4728 0.0000e+00
      2.252      0.014     7.7256     80.689     33.949  28.822795     1.6417      6.763   317.2475 1.6605e+02     1.5016      2.208      3.201    17.4620 0.0000e+00
      2.253      0.010     7.7185     80.604     33.969  28.835513     1.6312      6.760   317.6435 1.6627e+02     1.4609      2.209      3.204    17.4563 0.0000e+00
