Data/DataNotYetUploadedToEDI/Raw_CTD/RawDownloads/060718_bvr50.cnv
* Sea-Bird SBE19plus  Data File:
* FileName = C:\DATA\060718_fcr50_0002.hex
* Software version 2.6.3.104 SB_Terminal.dll
* Temperature SN = 7809
* Conductivity SN = 7809
* System UpLoad Time = Jun 07 2018 15:46:06
* <ApplicationData>
* <Seaterm232>
# nquan = 15
# nvalues = 1210                        
# units = specified
# name 0 = depFM: Depth [fresh water, m]
# name 1 = dz/dtM: Descent Rate [m/s]
# name 2 = sbeox0Mg/L: Oxygen, SBE 43 [mg/l]
# name 3 = sbeox0PS: Oxygen, SBE 43 [% saturation]
# name 4 = specc: Specific Conductance [uS/cm]
# name 5 = c0uS/cm: Conductivity [uS/cm]
# name 6 = flECO-AFL: Fluorescence, WET Labs ECO-AFL/FL [mg/m^3]
# name 7 = ph: pH
# name 8 = orp: Oxidation Reduction Potential [mV]
# name 9 = par/sat/log: PAR/Logarithmic, Satlantic
# name 10 = turbWETntu0: Turbidity, WET Labs ECO [NTU]
# name 11 = prdM: Pressure, Strain Gauge [db]
# name 12 = prdE: Pressure, Strain Gauge [psi]
# name 13 = tv290C: Temperature [ITS-90, deg C]
# name 14 = flag:  0.000e+00
# span 0 =     -0.628,     11.002       
# span 1 =     -0.066,      0.147       
# span 2 =     0.0801,     9.2416       
# span 3 =      0.665,    108.983       
# span 4 =      0.558,    112.257       
# span 5 =   0.538571,  72.579869       
# span 6 =    -0.8252,     7.2912       
# span 7 =     -2.571,      7.942       
# span 8 = -1240.7455,   512.4674       
# span 9 = 1.2537e-01, 3.3145e+03       
# span 10 =    -0.6210,   832.1069      
# span 11 =     -0.617,     10.790      
# span 12 =     -0.894,     15.650      
# span 13 =     7.2995,    24.5336      
# span 14 = 0.0000e+00, 0.0000e+00      
# interval = seconds: 0.25
# start_time = Jun 07 2018 15:49:23 [Instrument's time stamp, header]
# bad_flag = -9.990e-29
*END*
[from data line 290]
     -0.108     -0.004     8.5221    101.635     26.857  26.432018     1.5271      7.603   274.2423 1.0779e+03     1.0884     -0.105     -0.153    24.2136 0.0000e+00
     -0.113      0.000     8.5231    101.647     26.844  26.419328     1.5354      7.606   274.2945 9.2235e+02     1.1169     -0.113     -0.163    24.1988 0.0000e+00
     -0.113      0.003     8.5215    101.618     26.844  26.417021     1.5230      7.610   274.1948 7.6029e+02     1.1000     -0.113     -0.165    24.1940 0.0000e+00
     -0.108      0.006     8.5190    101.575     26.835  26.404126     1.5255      7.615   274.0702 6.6025e+02     1.0680     -0.106     -0.154    24.2002 0.0000e+00
     -0.102      0.010     8.5137    101.501     26.824  26.390386     1.5558      7.619   274.0777 6.4590e+02     1.0655     -0.099     -0.142    24.2059 0.0000e+00
     -0.099      0.011     8.5077    101.421     26.813  26.377877     1.5761      7.622   274.1998 6.5964e+02     1.0694     -0.096     -0.139    24.2052 0.0000e+00
     -0.098      0.008     8.5035    101.364     26.817  26.379863     1.5778      7.624   274.2560 7.1774e+02     1.0853     -0.096     -0.139    24.1999 0.0000e+00
     -0.096      0.001     8.5014    101.344     26.851  26.414390     1.5772      7.626   274.2415 8.1224e+02     1.1049     -0.096     -0.139    24.1917 0.0000e+00
     -0.092     -0.007     8.5024    101.378     26.845  26.414387     1.5782      7.627   274.1955 8.4223e+02     1.1229     -0.090     -0.131    24.1847 0.0000e+00
     -0.092     -0.012     8.5077    101.470     26.801  26.379838     1.5803      7.628   274.1300 7.9227e+02     1.1507     -0.086     -0.126    24.1824 0.0000e+00
     -0.098     -0.012     8.5153    101.580     26.794  26.377633     1.5847      7.630   274.1387 8.1686e+02     1.1352     -0.094     -0.137    24.1771 0.0000e+00
     -0.109     -0.011     8.5218    101.661     26.803  26.387736     1.5851      7.631   274.2144 9.2606e+02     1.0878     -0.109     -0.158    24.1749 0.0000e+00
     -0.117     -0.008     8.5251    101.692     26.792  26.375011     1.5760      7.631   274.3567 9.8042e+02     1.0663     -0.119     -0.173    24.1913 0.0000e+00
     -0.117     -0.003     8.5249    101.672     26.773  26.350759     1.5662      7.631   274.5682 9.4001e+02     1.0883     -0.118     -0.171    24.2115 0.0000e+00
     -0.112      0.002     8.5242    101.641     26.777  26.348469     1.5583      7.632   274.7074 8.7266e+02     1.1107     -0.110     -0.159    24.2205 0.0000e+00
     -0.106      0.006     8.5242    101.625     26.781  26.347311     1.5357      7.632   274.7490 8.8930e+02     1.0927     -0.102     -0.148    24.2219 0.0000e+00
     -0.104      0.008     8.5229    101.600     26.772  26.336756     1.5047      7.632   274.8134 9.9279e+02     1.0841     -0.100     -0.145    24.2184 0.0000e+00
     -0.105      0.012     8.5217    101.577     26.786  26.347822     1.4962      7.629   274.8832 1.1770e+03     1.0988     -0.103     -0.149    24.2078 0.0000e+00
     -0.106      0.020     8.5234    101.589     26.795  26.354128     1.5062      7.619   274.9903 1.3398e+03     1.1177     -0.105     -0.153    24.1926 0.0000e+00
     -0.105      0.030     8.5269    101.624     26.792  26.349501     1.5150      7.603   275.0770 1.2668e+03     1.1298     -0.105     -0.153    24.1846 0.0000e+00
     -0.098      0.040     8.5303    101.658     26.800  26.355366     1.5299      7.590   274.9849 1.0327e+03     1.1840     -0.100     -0.145    24.1814 0.0000e+00
     -0.082      0.049     8.5341    101.705     26.806  26.361548     1.5575      7.586   274.6504 8.4156e+02     1.2853     -0.082     -0.118    24.1755 0.0000e+00
     -0.060      0.057     8.5385    101.763     26.803  26.360760     1.5729      7.590   274.0439 8.8105e+02     1.3466     -0.057     -0.082    24.1721 0.0000e+00
     -0.040      0.067     8.5430    101.817     26.788  26.345833     1.5696      7.592   273.5027 1.0926e+03     1.3757     -0.036     -0.053    24.1687 0.0000e+00
     -0.028      0.079     8.5459    101.834     26.755  26.308045     1.5537      7.593   273.1827 1.1821e+03     1.3635     -0.026     -0.037    24.1631 0.0000e+00
     -0.018      0.092     8.5451    101.788     26.741  26.284815     1.5269      7.597   272.9281 1.1307e+03     1.3210     -0.021     -0.031    24.1636 0.0000e+00
      0.001      0.103     8.5425    101.711     26.724  26.255433     1.5132      7.602   272.8341 9.9244e+02     1.3182     -0.007     -0.011    24.1699 0.0000e+00
      0.036      0.109     8.5404    101.642     26.688  26.206731     1.5164      7.607   272.8202 8.1482e+02     1.3300      0.032      0.046    24.1729 0.0000e+00
      0.081      0.109     8.5386    101.589     26.694  26.203884     1.5560      7.613   272.6744 7.7153e+02     1.2808      0.083      0.119    24.1634 0.0000e+00
      0.120      0.103     8.5362    101.542     26.716  26.220991     1.6343      7.619   272.7062 8.2103e+02     1.1818      0.123      0.179    24.1420 0.0000e+00
      0.145      0.091     8.5321    101.486     26.721  26.223099     1.6908      7.620   273.0326 8.1051e+02     1.1400      0.147      0.212    24.1159 0.0000e+00
      0.157      0.076     8.5281    101.438     26.727  26.229366     1.7155      7.619   273.0925 7.6291e+02     1.1721      0.155      0.225    24.0905 0.0000e+00
      0.166      0.062     8.5277    101.437     26.730  26.233261     1.7676      7.617   273.0007 7.2417e+02     1.2337      0.161      0.234    24.0733 0.0000e+00
      0.178      0.053     8.5290    101.457     26.702  26.206710     1.8516      7.617   273.1278 6.5823e+02     1.3048      0.173      0.250    24.0647 0.0000e+00
      0.193      0.052     8.5282    101.443     26.658  26.162319     1.8946      7.620   273.3382 5.8860e+02     1.3299      0.189      0.273    24.0617 0.0000e+00
      0.208      0.057     8.5251    101.392     26.640  26.140968     1.9028      7.625   273.7371 5.5014e+02     1.3235      0.205      0.296    24.0616 0.0000e+00
      0.222      0.063     8.5234    101.355     26.643  26.139028     1.9872      7.629   274.2512 4.9168e+02     1.2884      0.219      0.316    24.0647 0.0000e+00
      0.236      0.068     8.5266    101.375     26.648  26.138852     2.1341      7.632   274.8226 4.4040e+02     1.2106      0.230      0.334    24.0688 0.0000e+00
      0.252      0.072     8.5326    101.430     26.653  26.138836     2.2080      7.634   275.5694 4.4953e+02     1.2070      0.246      0.355    24.0664 0.0000e+00
      0.273      0.076     8.5403    101.508     26.657  26.138826     2.2095      7.634   276.2252 4.7265e+02     1.2750      0.268      0.388    24.0579 0.0000e+00
      0.297      0.079     8.5514    101.627     26.660  26.138721     2.2084      7.633   276.6433 4.5296e+02     1.3013      0.292      0.424    24.0479 0.0000e+00
      0.318      0.080     8.5650    101.778     26.662  26.137567     2.2311      7.632   276.9243 4.2103e+02     1.3104      0.313      0.454    24.0382 0.0000e+00
      0.338      0.078     8.5785    101.930     26.652  26.124870     2.2726      7.632   277.1283 4.0684e+02     1.3245      0.332      0.481    24.0295 0.0000e+00
      0.358      0.076     8.5884    102.043     26.640  26.112182     2.2965      7.632   277.4752 3.9070e+02     1.3194      0.351      0.509    24.0224 0.0000e+00
      0.377      0.076     8.5927    102.090     26.640  26.111132     2.2992      7.631   278.0215 3.7645e+02     1.3398      0.369      0.536    24.0160 0.0000e+00
      0.394      0.078     8.5912    102.067     26.642  26.112181     2.3057      7.630   278.3128 3.7221e+02     1.3575      0.387      0.562    24.0101 0.0000e+00
      0.412      0.082     8.5859    101.997     26.657  26.124861     2.3188      7.630   278.4156 3.7224e+02     1.3201      0.402      0.583    24.0055 0.0000e+00
      0.432      0.084     8.5789    101.907     26.672  26.137454     2.3295      7.631   278.7486 3.6833e+02     1.2851      0.421      0.611    24.0028 0.0000e+00
      0.458      0.085     8.5718    101.816     26.674  26.137464     2.3433      7.634   279.0700 3.6049e+02     1.2691      0.449      0.651    24.0017 0.0000e+00
      0.484      0.086     8.5673    101.755     26.663  26.124974     2.3653      7.638   279.2898 3.5639e+02     1.2187      0.476      0.690    23.9995 0.0000e+00
      0.506      0.086     8.5647    101.715     26.654  26.113421     2.3849      7.639   279.5133 3.5416e+02     1.1327      0.497      0.721    23.9950 0.0000e+00
      0.525      0.084     8.5605    101.655     26.669  26.124747     2.3962      7.640   279.6223 3.4531e+02     1.0840      0.515      0.747    23.9914 0.0000e+00
      0.544      0.080     8.5522    101.545     26.683  26.134937     2.4105      7.640   279.7470 3.3483e+02     1.0876      0.531      0.771    23.9885 0.0000e+00
      0.565      0.077     8.5374    101.362     26.659  26.109635     2.4569      7.640   279.9881 3.2861e+02     1.1153      0.553      0.802    23.9847 0.0000e+00
      0.586      0.077     8.5192    101.143     26.623  26.072790     2.5245      7.639   280.2150 3.2232e+02     1.1446      0.577      0.836    23.9799 0.0000e+00
      0.604      0.078     8.5040    100.959     26.621  26.070396     2.5477      7.638   280.3386 3.1372e+02     1.1371      0.593      0.860    23.9733 0.0000e+00
      0.623      0.078     8.4938    100.835     26.633  26.080690     2.5361      7.638   280.4505 3.0328e+02     1.1155      0.609      0.883    23.9676 0.0000e+00
      0.643      0.078     8.4898    100.785     26.623  26.070261     2.5770      7.638   280.6220 2.9354e+02     1.1579      0.629      0.913    23.9638 0.0000e+00
      0.664      0.079     8.4933    100.823     26.625  26.071290     2.6748      7.638   280.8634 2.8400e+02     1.2534      0.652      0.945    23.9621 0.0000e+00
      0.684      0.081     8.4995    100.890     26.649  26.093128     2.7348      7.638   281.1317 2.7085e+02     1.2938      0.672      0.974    23.9606 0.0000e+00
      0.703      0.083     8.5030    100.923     26.638  26.080328     2.7416      7.640   281.2842 2.5870e+02     1.2801      0.688      0.998    23.9587 0.0000e+00
      0.724      0.085     8.5037    100.922     26.603  26.043503     2.7483      7.641   281.4171 2.5130e+02     1.2711      0.709      1.028    23.9581 0.0000e+00
      0.747      0.085     8.5002    100.872     26.590  26.028828     2.7883      7.641   281.6194 2.4479e+02     1.2756      0.732      1.062    23.9568 0.0000e+00
      0.771      0.084     8.4934    100.782     26.594  26.029878     2.8396      7.639   281.7516 2.3621e+02     1.3043      0.756      1.097    23.9534 0.0000e+00
      0.795      0.081     8.4847    100.670     26.623  26.056193     2.8533      7.638   281.8120 2.2938e+02     1.3130      0.780      1.132    23.9480 0.0000e+00
      0.816      0.076     8.4768    100.568     26.663  26.093018     2.8620      7.639   282.0050 2.2651e+02     1.2895      0.800      1.160    23.9426 0.0000e+00
      0.835      0.071     8.4769    100.564     26.666  26.094181     2.8809      7.639   282.2781 2.2366e+02     1.2941      0.820      1.190    23.9388 0.0000e+00
      0.850      0.066     8.4854    100.658     26.644  26.070254     2.8787      7.632   282.2752 2.1977e+02     1.3086      0.835      1.212    23.9343 0.0000e+00
      0.864      0.060     8.4935    100.746     26.633  26.057680     2.8636      7.625   282.0562 2.1562e+02     1.3112      0.846      1.227    23.9290 0.0000e+00
      0.879      0.054     8.4971    100.783     26.646  26.069130     2.8544      7.625   282.0383 2.1094e+02     1.3266      0.861      1.248    23.9245 0.0000e+00
      0.896      0.049     8.4992    100.805     26.660  26.081714     2.8686      7.630   282.2309 2.0615e+02     1.3415      0.880      1.277    23.9213 0.0000e+00
      0.909      0.049     8.5006    100.819     26.662  26.082849     2.8980      7.635   282.4925 2.0271e+02     1.3390      0.895      1.297    23.9187 0.0000e+00
      0.916      0.051     8.4994    100.799     26.663  26.082839     2.9153      7.639   282.7918 2.0030e+02     1.3265      0.899      1.303    23.9137 0.0000e+00
      0.923      0.054     8.4969    100.759     26.665  26.081589     2.9221      7.638   282.9238 1.9742e+02     1.3127      0.903      1.309    23.9099 0.0000e+00
      0.936      0.057     8.4950    100.717     26.657  26.067738     2.9159      7.636   282.8847 1.9398e+02     1.2951      0.915      1.326    23.9101 0.0000e+00
      0.956      0.061     8.4941    100.684     26.638  26.042343     2.8946      7.635   282.9217 1.9012e+02     1.2956      0.935      1.358    23.9085 0.0000e+00
      0.978      0.066     8.4955    100.680     26.629  26.028502     2.8676      7.635   283.0272 1.8663e+02     1.2889      0.961      1.394    23.9064 0.0000e+00
      0.996      0.070     8.4980    100.696     26.632  26.027357     2.8465      7.633   283.1267 1.8393e+02     1.2440      0.979      1.420    23.9017 0.0000e+00
      1.011      0.070     8.4979    100.683     26.636  26.028492     2.8509      7.629   283.3505 1.8140e+02     1.2113      0.991      1.437    23.8894 0.0000e+00
      1.025      0.066     8.4919    100.602     26.653  26.042220     2.8654      7.624   283.5827 1.7855e+02     1.1677      1.004      1.456    23.8758 0.0000e+00
      1.044      0.062     8.4784    100.435     26.680  26.066357     2.8659      7.619   283.6114 1.7470e+02     1.1132      1.023      1.483    23.8654 0.0000e+00
      1.064      0.059     8.4612    100.227     26.682  26.066357     2.8562      7.619   283.6975 1.7103e+02     1.0714      1.045      1.516    23.8583 0.0000e+00
      1.080      0.059     8.4457    100.040     26.658  26.042220     2.8495      7.620   283.9349 1.6917e+02     1.0285      1.062      1.540    23.8526 0.0000e+00
      1.090      0.058     8.4328     99.881     26.646  26.028482     2.8400      7.620   283.9863 1.6771e+02     1.0526      1.070      1.551    23.8471 0.0000e+00
      1.099      0.056     8.4181     99.702     26.646  26.027233     2.8151      7.619   283.8896 1.6526e+02     1.1186      1.076      1.561    23.8433 0.0000e+00
      1.114      0.055     8.3997     99.480     26.647  26.027119     2.7962      7.620   283.9697 1.6217e+02     1.1251      1.091      1.583    23.8411 0.0000e+00
      1.134      0.056     8.3792     99.234     26.648  26.027098     2.7960      7.621   284.2671 1.5931e+02     1.0997      1.114      1.615    23.8395 0.0000e+00
      1.150      0.059     8.3563     98.957     26.649  26.026982     2.8034      7.619   284.5601 1.5727e+02     1.0865      1.130      1.639    23.8369 0.0000e+00
      1.161      0.061     8.3357     98.702     26.651  26.025714     2.8111      7.613   284.6721 1.5542e+02     1.0880      1.138      1.651    23.8335 0.0000e+00
      1.174      0.059     8.3198     98.502     26.641  26.011758     2.8158      7.607   284.6754 1.5294e+02     1.1174      1.149      1.666    23.8314 0.0000e+00
      1.192      0.057     8.3071     98.342     26.617  25.985218     2.8144      7.604   284.7720 1.5014e+02     1.1372      1.168      1.694    23.8311 0.0000e+00
      1.211      0.057     8.2994     98.242     26.592  25.958782     2.8221      7.604   284.8938 1.4768e+02     1.2053      1.190      1.726    23.8283 0.0000e+00
      1.226      0.057     8.2969     98.201     26.582  25.946084     2.8541      7.602   284.9434 1.4562e+02     1.3305      1.205      1.748    23.8215 0.0000e+00
      1.236      0.055     8.2980     98.200     26.599  25.958668     2.8786      7.600   285.0269 1.4344e+02     1.3388      1.211      1.756    23.8132 0.0000e+00
      1.248      0.051     8.3032     98.249     26.628  25.983949     2.8799      7.599   285.1299 1.4095e+02     1.2744      1.221      1.771    23.8083 0.0000e+00
