Data/DataNotYetUploadedToEDI/Raw_CTD/RawDownloads/060718_bvr50.cnv
* Sea-Bird SBE19plus  Data File:
* FileName = C:\DATA\060718_fcr50_0002.hex
* Software version 2.6.3.104 SB_Terminal.dll
* Temperature SN = 7809
* Conductivity SN = 7809
* System UpLoad Time = Jun 07 2018 15:46:06
* <ApplicationData>
* <Seaterm232>
# nquan = 15
# nvalues = 1210                        
# units = specified
# name 0 = depFM: Depth [fresh water, m]
# name 1 = dz/dtM: Descent Rate [m/s]
# name 2 = sbeox0Mg/L: Oxygen, SBE 43 [mg/l]
# name 3 = sbeox0PS: Oxygen, SBE 43 [% saturation]
# name 4 = specc: Specific Conductance [uS/cm]
# name 5 = c0uS/cm: Conductivity [uS/cm]
# name 6 = flECO-AFL: Fluorescence, WET Labs ECO-AFL/FL [mg/m^3]
# name 7 = ph: pH
# name 8 = orp: Oxidation Reduction Potential [mV]
# name 9 = par/sat/log: PAR/Logarithmic, Satlantic
# name 10 = turbWETntu0: Turbidity, WET Labs ECO [NTU]
# name 11 = prdM: Pressure, Strain Gauge [db]
# name 12 = prdE: Pressure, Strain Gauge [psi]
# name 13 = tv290C: Temperature [ITS-90, deg C]
# name 14 = flag:  0.000e+00
# span 0 =     -0.628,     11.002       
# span 1 =     -0.066,      0.147       
# span 2 =     0.0801,     9.2416       
# span 3 =      0.665,    108.983       
# span 4 =      0.558,    112.257       
# span 5 =   0.538571,  72.579869       
# span 6 =    -0.8252,     7.2912       
# span 7 =     -2.571,      7.942       
# span 8 = -1240.7455,   512.4674       
# span 9 = 1.2537e-01, 3.3145e+03       
# span 10 =    -0.6210,   832.1069      
# span 11 =     -0.617,     10.790      
# span 12 =     -0.894,     15.650      
# span 13 =     7.2995,    24.5336      
# span 14 = 0.0000e+00, 0.0000e+00      
# interval = seconds: 0.25
# start_time = Jun 07 2018 15:49:23 [Instrument's time stamp, header]
# bad_flag = -9.990e-29
*END*
[from data line 386]
      1.278      0.046     8.3144     98.368     26.648  25.998948     2.9120      7.601   285.4402 1.3642e+02     1.1454      1.255      1.820    23.7992 0.0000e+00
      1.289      0.045     8.3146     98.364     26.649  25.998023     2.9318      7.600   285.6291 1.3487e+02     1.0990      1.266      1.835    23.7908 0.0000e+00
      1.297      0.040     8.3149     98.359     26.639  25.986594     2.9342      7.596   285.6328 1.3336e+02     1.0899      1.272      1.844    23.7835 0.0000e+00
      1.306      0.033     8.3170     98.379     26.642  25.987749     2.9136      7.592   285.5709 1.3161e+02     1.0956      1.279      1.856    23.7792 0.0000e+00
      1.317      0.023     8.3202     98.416     26.667  26.011982     2.8850      7.592   285.5691 1.2949e+02     1.1376      1.293      1.875    23.7762 0.0000e+00
      1.327      0.014     8.3214     98.439     26.679  26.025624     2.8728      7.593   285.6113 1.2746e+02     1.1703      1.305      1.893    23.7730 0.0000e+00
      1.330      0.008     8.3210     98.451     26.675  26.025719     2.8764      7.595   285.7370 1.2610e+02     1.1557      1.306      1.895    23.7689 0.0000e+00
      1.325      0.004     8.3234     98.494     26.657  26.013135     2.8819      7.596   285.8842 1.2534e+02     1.1128      1.300      1.885    23.7643 0.0000e+00
      1.320      0.002     8.3288     98.566     26.641  26.000455     2.8936      7.596   286.0146 1.2486e+02     1.1400      1.293      1.876    23.7635 0.0000e+00
      1.318      0.005     8.3335     98.623     26.639  25.999395     2.9169      7.595   286.1087 1.2427e+02     1.2711      1.290      1.871    23.7682 0.0000e+00
      1.320      0.012     8.3340     98.628     26.641  26.000330     2.9250      7.593   286.1617 1.2362e+02     1.3557      1.293      1.875    23.7785 0.0000e+00
      1.327      0.021     8.3308     98.591     26.652  26.011760     2.9176      7.592   286.2259 1.2302e+02     1.3386      1.301      1.886    23.7891 0.0000e+00
      1.335      0.031     8.3281     98.563     26.650  26.010605     2.9204      7.592   286.2820 1.2237e+02     1.3086      1.308      1.899    23.7929 0.0000e+00
      1.343      0.039     8.3281     98.555     26.627  25.986363     2.9313      7.591   286.4103 1.2177e+02     1.3283      1.317      1.909    23.7936 0.0000e+00
      1.352      0.045     8.3288     98.537     26.621  25.972617     2.9385      7.590   286.5727 1.2095e+02     1.3632      1.324      1.920    23.7909 0.0000e+00
      1.365      0.047     8.3299     98.510     26.632  25.971380     2.9342      7.588   286.6971 1.1970e+02     1.3341      1.338      1.940    23.7910 0.0000e+00
      1.381      0.046     8.3328     98.502     26.645  25.971381     2.9071      7.586   286.8820 1.1834e+02     1.2508      1.355      1.964    23.7968 0.0000e+00
      1.396      0.043     8.3362     98.512     26.654  25.972621     2.8771      7.584   287.0878 1.1700e+02     1.1798      1.370      1.987    23.7946 0.0000e+00
      1.409      0.040     8.3379     98.518     26.673  25.986359     2.8751      7.581   287.2064 1.1580e+02     1.1477      1.384      2.008    23.7785 0.0000e+00
      1.416      0.038     8.3367     98.487     26.703  26.010497     2.8831      7.575   287.2834 1.1500e+02     1.1369      1.390      2.016    23.7541 0.0000e+00
      1.420      0.038     8.3308     98.388     26.711  26.010499     2.8818      7.570   287.5026 1.1440e+02     1.1718      1.391      2.018    23.7284 0.0000e+00
      1.425      0.040     8.3212     98.245     26.696  25.986365     2.8779      7.564   287.7051 1.1355e+02     1.2642      1.395      2.022    23.7107 0.0000e+00
      1.437      0.045     8.3120     98.104     26.691  25.972648     2.8814      7.553   287.7531 1.1237e+02     1.3381      1.408      2.043    23.7087 0.0000e+00
      1.452      0.050     8.3022     97.949     26.702  25.971621     2.8873      7.541   287.8250 1.1094e+02     1.3326      1.424      2.066    23.7010 0.0000e+00
      1.468      0.054     8.2879     97.742     26.716  25.973922     2.8856      7.536   287.8863 1.0944e+02     1.2898      1.438      2.086    23.6809 0.0000e+00
      1.485      0.055     8.2689     97.486     26.752  26.000464     2.8790      7.536   287.8920 1.0836e+02     1.2475      1.458      2.114    23.6665 0.0000e+00
      1.500      0.055     8.2478     97.206     26.801  26.038561     2.8724      7.536   287.9797 1.0771e+02     1.1879      1.473      2.137    23.6506 0.0000e+00
      1.511      0.054     8.2293     96.951     26.827  26.053579     2.8699      7.536   288.2579 1.0696e+02     1.1488      1.481      2.148    23.6265 0.0000e+00
      1.521      0.053     8.2230     96.835     26.841  26.055051     2.8668      7.533   288.5029 1.0605e+02     1.1412      1.491      2.162    23.6044 0.0000e+00
      1.535      0.050     8.2418     96.998     26.860  26.056342     2.8626      7.530   288.5329 1.0517e+02     1.1264      1.504      2.181    23.5896 0.0000e+00
      1.551      0.046     8.2921     97.513     26.897  26.069159     2.8653      7.530   288.5342 1.0432e+02     1.1220      1.521      2.205    23.5724 0.0000e+00
      1.566      0.044     8.3712     98.360     26.936  26.083008     2.8708      7.533   288.6042 1.0362e+02     1.1193      1.538      2.231    23.5503 0.0000e+00
      1.577      0.043     8.4693     99.437     26.973  26.096760     2.8738      7.537   288.7786 1.0338e+02     1.1245      1.548      2.246    23.5326 0.0000e+00
      1.583      0.044     8.5766    100.623     27.007  26.108421     2.9018      7.537   289.0075 1.0328e+02     1.1842      1.552      2.251    23.5020 0.0000e+00
      1.589      0.045     8.6886    101.831     27.026  26.096994     2.9623      7.532   289.1346 1.0274e+02     1.2614      1.555      2.256    23.4553 0.0000e+00
      1.599      0.047     8.7984    102.961     27.059  26.085544     2.9983      7.522   289.1962 1.0203e+02     1.2947      1.566      2.271    23.4104 0.0000e+00
      1.615      0.047     8.8976    103.969     27.115  26.096893     2.9974      7.515   289.1503 1.0109e+02     1.2822      1.582      2.294    23.3659 0.0000e+00
      1.634      0.045     8.9843    104.899     27.150  26.107160     2.9968      7.512   289.0965 1.0002e+02     1.2630      1.602      2.324    23.3370 0.0000e+00
      1.650      0.041     9.0597    105.784     27.123  26.082671     3.0008      7.514   289.3191 9.9528e+01     1.2761      1.621      2.351    23.2907 0.0000e+00
      1.658      0.040     9.1249    106.563     27.088  26.054764     2.9996      7.515   289.6910 9.9536e+01     1.3183      1.628      2.362    23.1945 0.0000e+00
      1.660      0.040     9.1789    107.115     27.078  26.023722     2.9996      7.513   289.9798 9.9518e+01     1.3462      1.629      2.362    23.1035 0.0000e+00
      1.662      0.043     9.2159    107.370     27.062  25.961278     3.0293      7.509   290.1440 9.9364e+01     1.3378      1.628      2.360    23.0546 0.0000e+00
      1.672      0.048     9.2354    107.405     27.087  25.934603     3.0833      7.503   290.2132 9.8701e+01     1.3086      1.635      2.372    23.0714 0.0000e+00
      1.691      0.055     9.2416    107.314     27.154  25.955091     3.1185      7.498   290.3859 9.7374e+01     1.2991      1.658      2.405    23.1119 0.0000e+00
      1.712      0.061     9.2360    107.120     27.190  25.954972     3.1332      7.493   290.7700 9.6393e+01     1.3141      1.680      2.437    23.0684 0.0000e+00
      1.730      0.062     9.2220    106.858     27.195  25.933107     3.1419      7.483   290.9851 9.6048e+01     1.3075      1.698      2.463    22.9603 0.0000e+00
      1.745      0.056     9.2036    106.591     27.222  25.944658     3.1591      7.472   290.9225 9.5674e+01     1.2801      1.712      2.483    22.8616 0.0000e+00
      1.760      0.043     9.1853    106.389     27.243  25.967640     3.1853      7.470   290.9587 9.5327e+01     1.2881      1.725      2.501    22.7811 0.0000e+00
      1.774      0.029     9.1732    106.294     27.219  25.957019     3.2010      7.474   291.0796 9.5160e+01     1.3426      1.741      2.525    22.7190 0.0000e+00
      1.782      0.019     9.1691    106.263     27.200  25.943241     3.2110      7.479   291.2652 9.5388e+01     1.3587      1.752      2.540    22.6693 0.0000e+00
      1.779      0.015     9.1667    106.202     27.194  25.928045     3.2142      7.481   291.7410 9.6135e+01     1.3312      1.746      2.533    22.6342 0.0000e+00
      1.772      0.019     9.1596    106.071     27.179  25.900248     3.2031      7.477   292.3580 9.6807e+01     1.3451      1.735      2.516    22.6462 0.0000e+00
      1.770      0.029     9.1508    105.923     27.150  25.861095     3.1957      7.467   292.7886 9.7193e+01     1.3736      1.733      2.513    22.6839 0.0000e+00
      1.777      0.044     9.1449    105.783     27.144  25.835585     3.1987      7.450   292.9027 9.7013e+01     1.3711      1.739      2.523    22.6956 0.0000e+00
      1.794      0.056     9.1384    105.611     27.182  25.845739     3.2125      7.439   292.8769 9.5910e+01     1.3461      1.755      2.545    22.6701 0.0000e+00
      1.821      0.063     9.1308    105.450     27.214  25.856844     3.2425      7.436   293.0797 9.4648e+01     1.3155      1.784      2.589    22.6374 0.0000e+00
      1.849      0.064     9.1269    105.367     27.211  25.842853     3.2590      7.436   293.3757 9.4163e+01     1.3056      1.818      2.637    22.6277 0.0000e+00
      1.866      0.059     9.1289    105.357     27.178  25.803543     3.2551      7.435   293.4450 9.4408e+01     1.3183      1.835      2.661    22.5944 0.0000e+00
      1.871      0.051     9.1357    105.408     27.143  25.762482     3.2686      7.434   293.4873 9.4763e+01     1.3166      1.834      2.660    22.5299 0.0000e+00
      1.876      0.042     9.1438    105.492     27.108  25.727321     3.2936      7.433   293.6292 9.4824e+01     1.2846      1.837      2.665    22.4935 0.0000e+00
      1.887      0.035     9.1488    105.536     27.079  25.695867     3.3006      7.430   293.7835 9.4474e+01     1.2674      1.851      2.684    22.4836 0.0000e+00
      1.899      0.031     9.1539    105.536     27.099  25.699630     3.2985      7.429   293.9757 9.4179e+01     1.2911      1.864      2.703    22.4647 0.0000e+00
      1.908      0.029     9.1619    105.512     27.142  25.709305     3.2953      7.429   294.1472 9.4064e+01     1.3276      1.872      2.716    22.4479 0.0000e+00
      1.914      0.026     9.1671    105.439     27.155  25.685811     3.2802      7.427   294.2226 9.3829e+01     1.3427      1.878      2.724    22.4462 0.0000e+00
      1.918      0.022     9.1671    105.336     27.168  25.669486     3.2631      7.423   294.3711 9.3883e+01     1.3520      1.882      2.730    22.4503 0.0000e+00
      1.922      0.018     9.1655    105.261     27.219  25.702349     3.2635      7.421   294.6513 9.4356e+01     1.3484      1.885      2.734    22.4257 0.0000e+00
      1.926      0.015     9.1645    105.258     27.283  25.765677     3.2760      7.419   294.8575 9.4941e+01     1.2987      1.888      2.738    22.3558 0.0000e+00
      1.931      0.014     9.1643    105.338     27.296  25.800281     3.3125      7.416   294.8860 9.5571e+01     1.2698      1.895      2.748    22.2828 0.0000e+00
      1.936      0.014     9.1683    105.502     27.266  25.803317     3.3646      7.415   294.8232 9.6276e+01     1.3044      1.901      2.756    22.2287 0.0000e+00
      1.937      0.016     9.1788    105.703     27.242  25.802430     3.3822      7.414   294.7867 9.7018e+01     1.3201      1.900      2.757    22.1990 0.0000e+00
      1.937      0.020     9.1914    105.867     27.223  25.789591     3.3970      7.411   294.7882 9.7563e+01     1.3070      1.899      2.754    22.1988 0.0000e+00
      1.941      0.022     9.1985    105.944     27.209  25.775064     3.5433      7.408   294.8409 9.7592e+01     1.3285      1.902      2.758    22.2448 0.0000e+00
      1.950      0.024     9.1979    105.933     27.188  25.753761     3.7819      7.406   294.9089 9.7065e+01     1.3364      1.911      2.772    22.3217 0.0000e+00
      1.962      0.024     9.1936    105.873     27.158  25.722496     3.9014      7.404   294.9216 9.6480e+01     1.3112      1.925      2.793    22.3661 0.0000e+00
      1.971      0.024     9.1871    105.769     27.158  25.714494     3.9131      7.401   294.9081 9.6369e+01     1.2980      1.936      2.808    22.3643 0.0000e+00
      1.975      0.020     9.1790    105.639     27.174  25.720492     4.0056      7.398   294.8326 9.6671e+01     1.2986      1.938      2.811    22.3569 0.0000e+00
      1.977      0.014     9.1716    105.534     27.191  25.731510     4.1927      7.397   294.7829 9.7025e+01     1.3189      1.938      2.811    22.3596 0.0000e+00
      1.979      0.009     9.1651    105.458     27.180  25.720723     4.2919      7.395   294.9099 9.7787e+01     1.3305      1.941      2.815    22.3550 0.0000e+00
      1.982      0.008     9.1601    105.364     27.120  25.653563     4.2855      7.392   295.0769 9.9154e+01     1.3168      1.946      2.822    22.3391 0.0000e+00
      1.982      0.011     9.1587    105.210     27.054  25.554377     4.2533      7.388   295.2533 1.0045e+02     1.3053      1.945      2.821    22.3164 0.0000e+00
      1.982      0.017     9.1579    104.982     27.031  25.473780     4.1974      7.383   295.4945 1.0136e+02     1.3133      1.942      2.817    22.3044 0.0000e+00
      1.984      0.024     9.1521    104.687     27.061  25.440877     4.1605      7.379   295.7565 1.0213e+02     1.3228      1.943      2.819    22.3137 0.0000e+00
      1.992      0.032     9.1422    104.361     27.090  25.410417     4.1564      7.374   296.0971 1.0294e+02     1.3286      1.953      2.832    22.3142 0.0000e+00
      2.004      0.040     9.1347    104.048     27.101  25.359375     4.1290      7.368   296.4295 1.0383e+02     1.3520      1.965      2.850    22.2404 0.0000e+00
      2.016      0.044     9.1292    103.737     27.143  25.331555     4.0687      7.362   296.6785 1.0485e+02     1.3618      1.976      2.868    22.1123 0.0000e+00
      2.030      0.044     9.1206    103.448     27.194  25.327916     4.0338      7.357   296.9557 1.0584e+02     1.3253      1.990      2.886    21.9965 0.0000e+00
      2.046      0.040     9.1104    103.260     27.202  25.315310     4.0286      7.353   297.1140 1.0706e+02     1.2766      2.008      2.912    21.8970 0.0000e+00
      2.059      0.034     9.1034    103.179     27.193  25.306080     4.0239      7.352   297.0437 1.0902e+02     1.2611      2.022      2.932    21.7929 0.0000e+00
      2.065      0.028     9.1004    103.154     27.230  25.343309     3.9773      7.352   297.0531 1.1144e+02     1.2901      2.026      2.938    21.6488 0.0000e+00
      2.066      0.023     9.1008    103.166     27.272  25.384507     3.8973      7.351   297.1415 1.1338e+02     1.3533      2.026      2.938    21.5343 0.0000e+00
      2.068      0.023     9.1076    103.235     27.179  25.296282     3.8554      7.349   297.1657 1.1418e+02     1.3844      2.026      2.940    21.5169 0.0000e+00
      2.072      0.027     9.1251    103.318     27.004  25.101953     3.8480      7.346   297.2593 1.1385e+02     1.3605      2.032      2.947    21.5263 0.0000e+00
      2.079      0.034     9.1457    103.256     26.914  24.939541     3.9179      7.343   297.4997 1.1347e+02     1.3394      2.037      2.955    21.5330 0.0000e+00
      2.089      0.043     9.1539    102.960     26.868  24.792705     4.0669      7.338   297.9208 1.1408e+02     1.3129      2.047      2.969    21.5317 0.0000e+00
      2.103      0.050     9.1488    102.512     26.838  24.659685     4.1511      7.330   298.3082 1.1517e+02     1.2832      2.063      2.992    21.5465 0.0000e+00
