Data/DataNotYetUploadedToEDI/Raw_CTD/RawDownloads/060718_bvr50.cnv
* Sea-Bird SBE19plus  Data File:
* FileName = C:\DATA\060718_fcr50_0002.hex
* Software version 2.6.3.104 SB_Terminal.dll
* Temperature SN = 7809
* Conductivity SN = 7809
* System UpLoad Time = Jun 07 2018 15:46:06
* <ApplicationData>
* <Seaterm232>
# nquan = 15
# nvalues = 1210                        
# units = specified
# name 0 = depFM: Depth [fresh water, m]
# name 1 = dz/dtM: Descent Rate [m/s]
# name 2 = sbeox0Mg/L: Oxygen, SBE 43 [mg/l]
# name 3 = sbeox0PS: Oxygen, SBE 43 [% saturation]
# name 4 = specc: Specific Conductance [uS/cm]
# name 5 = c0uS/cm: Conductivity [uS/cm]
# name 6 = flECO-AFL: Fluorescence, WET Labs ECO-AFL/FL [mg/m^3]
# name 7 = ph: pH
# name 8 = orp: Oxidation Reduction Potential [mV]
# name 9 = par/sat/log: PAR/Logarithmic, Satlantic
# name 10 = turbWETntu0: Turbidity, WET Labs ECO [NTU]
# name 11 = prdM: Pressure, Strain Gauge [db]
# name 12 = prdE: Pressure, Strain Gauge [psi]
# name 13 = tv290C: Temperature [ITS-90, deg C]
# name 14 = flag:  0.000e+00
# span 0 =     -0.628,     11.002       
# span 1 =     -0.066,      0.147       
# span 2 =     0.0801,     9.2416       
# span 3 =      0.665,    108.983       
# span 4 =      0.558,    112.257       
# span 5 =   0.538571,  72.579869       
# span 6 =    -0.8252,     7.2912       
# span 7 =     -2.571,      7.942       
# span 8 = -1240.7455,   512.4674       
# span 9 = 1.2537e-01, 3.3145e+03       
# span 10 =    -0.6210,   832.1069      
# span 11 =     -0.617,     10.790      
# span 12 =     -0.894,     15.650      
# span 13 =     7.2995,    24.5336      
# span 14 = 0.0000e+00, 0.0000e+00      
# interval = seconds: 0.25
# start_time = Jun 07 2018 15:49:23 [Instrument's time stamp, header]
# bad_flag = -9.990e-29
*END*
[from data line 772]
      5.418      0.044     3.0813     27.936     30.287  21.799277     4.8739      6.650   338.2281 9.0241e+00     1.1331      5.314      7.706    11.0972 0.0000e+00
      5.428      0.048     3.0260     27.406     30.334  21.806497     4.7021      6.647   338.2875 8.9675e+00     1.1106      5.321      7.717    11.0655 0.0000e+00
      5.439      0.052     2.9755     26.912     30.348  21.781037     4.6076      6.644   338.2381 8.8682e+00     1.1390      5.333      7.735    11.0426 0.0000e+00
      5.454      0.054     2.9305     26.462     30.358  21.745331     4.6033      6.642   338.2344 8.7668e+00     1.1710      5.348      7.756    11.0258 0.0000e+00
      5.471      0.055     2.8874     26.037     30.423  21.755626     4.6038      6.641   338.2428 8.6711e+00     1.1313      5.364      7.780    10.9875 0.0000e+00
      5.487      0.054     2.8444     25.629     30.484  21.778503     4.5870      6.638   338.3397 8.5932e+00     1.1162      5.382      7.807    10.9463 0.0000e+00
      5.502      0.053     2.7976     25.196     30.485  21.767993     4.5655      6.636   338.6309 8.5227e+00     1.2025      5.396      7.827    10.8888 0.0000e+00
      5.514      0.053     2.7452     24.706     30.495  21.755499     4.5546      6.633   339.0102 8.4565e+00     1.2586      5.409      7.844    10.8074 0.0000e+00
      5.523      0.053     2.6892     24.171     30.541  21.754386     4.5384      6.630   339.3122 8.3904e+00     1.2754      5.416      7.855    10.7411 0.0000e+00
      5.535      0.053     2.6322     23.624     30.594  21.754495     4.4066      6.625   339.5291 8.2973e+00     1.2537      5.425      7.868    10.7110 0.0000e+00
      5.551      0.054     2.5731     23.066     30.641  21.756778     4.1655      6.622   339.7403 8.1958e+00     1.1484      5.443      7.895    10.7078 0.0000e+00
      5.568      0.054     2.5102     22.487     30.703  21.781963     4.0392      6.620   339.9729 8.0885e+00     1.0713      5.461      7.921    10.6813 0.0000e+00
      5.584      0.053     2.4446     21.897     30.739  21.805058     4.0277      6.616   340.1044 7.9877e+00     1.0842      5.477      7.944    10.6116 0.0000e+00
      5.596      0.051     2.3783     21.313     30.689  21.782087     3.8710      6.612   340.0389 7.9202e+00     1.1213      5.489      7.961    10.5462 0.0000e+00
      5.607      0.049     2.3125     20.737     30.632  21.758162     3.5691      6.609   340.0418 7.8639e+00     1.1228      5.498      7.974    10.4923 0.0000e+00
      5.618      0.048     2.2470     20.152     30.643  21.769724     3.4008      6.607   340.2253 7.8058e+00     1.1028      5.509      7.991    10.4599 0.0000e+00
      5.629      0.049     2.1851     19.585     30.702  21.794919     3.3801      6.605   340.3653 7.7487e+00     1.1239      5.520      8.006    10.4581 0.0000e+00
      5.641      0.050     2.1309     19.082     30.754  21.808858     3.3004      6.603   340.4438 7.6810e+00     1.2250      5.532      8.022    10.4801 0.0000e+00
      5.655      0.051     2.0884     18.686     30.788  21.811264     3.1539      6.601   340.4868 7.5961e+00     1.3175      5.545      8.041    10.5247 0.0000e+00
      5.670      0.050     2.0575     18.395     30.836  21.823987     3.0709      6.599   340.5404 7.5111e+00     1.3266      5.560      8.064    10.5335 0.0000e+00
      5.685      0.048     2.0336     18.168     30.878  21.835713     3.0407      6.597   340.6614 7.4558e+00     1.3048      5.576      8.088    10.4930 0.0000e+00
      5.697      0.045     2.0165     18.004     30.887  21.826062     2.9085      6.595   340.7456 7.4210e+00     1.2977      5.588      8.105    10.4528 0.0000e+00
      5.706      0.041     2.0050     17.893     30.918  21.834233     2.6855      6.594   340.8697 7.3690e+00     1.3013      5.597      8.117    10.4200 0.0000e+00
      5.715      0.037     1.9952     17.797     30.988  21.871022     2.5682      6.592   341.0428 7.3127e+00     1.3178      5.604      8.128    10.3831 0.0000e+00
      5.724      0.036     1.9827     17.677     31.032  21.889962     2.5565      6.589   341.1181 7.2822e+00     1.3454      5.613      8.141    10.3523 0.0000e+00
      5.732      0.036     1.9671     17.530     31.024  21.872784     2.5534      6.586   341.1778 7.2460e+00     1.3607      5.621      8.153    10.3298 0.0000e+00
      5.740      0.037     1.9506     17.377     31.009  21.853755     2.5398      6.583   341.2483 7.1717e+00     1.3492      5.629      8.164    10.3065 0.0000e+00
      5.750      0.040     1.9349     17.232     31.016  21.850323     2.5028      6.580   341.3691 7.1083e+00     1.3296      5.639      8.178    10.2848 0.0000e+00
      5.761      0.042     1.9219     17.109     31.007  21.831281     2.4728      6.577   341.6056 7.0784e+00     1.3367      5.650      8.194    10.2672 0.0000e+00
      5.772      0.044     1.9110     17.001     31.008  21.813943     2.4618      6.574   341.7848 7.0416e+00     1.3436      5.660      8.209    10.2483 0.0000e+00
      5.784      0.045     1.9030     16.919     31.057  21.831114     2.4162      6.571   341.8151 6.9919e+00     1.3216      5.671      8.225    10.2330 0.0000e+00
      5.797      0.044     1.8995     16.879     31.098  21.848439     2.3343      6.570   341.8001 6.9349e+00     1.2841      5.685      8.246    10.2256 0.0000e+00
      5.809      0.041     1.8975     16.855     31.088  21.832960     2.2897      6.569   341.7749 6.8678e+00     1.2576      5.698      8.264    10.2066 0.0000e+00
      5.820      0.038     1.8960     16.840     31.095  21.834390     2.2814      6.566   341.7689 6.7947e+00     1.2753      5.708      8.279    10.1710 0.0000e+00
      5.829      0.037     1.8972     16.850     31.142  21.865726     2.2704      6.562   341.8131 6.7522e+00     1.3143      5.717      8.292    10.1420 0.0000e+00
      5.836      0.037     1.8994     16.866     31.193  21.894436     2.2484      6.559   341.8797 6.7433e+00     1.3021      5.723      8.301    10.1242 0.0000e+00
      5.842      0.038     1.9016     16.876     31.260  21.927590     2.2269      6.557   341.9715 6.7142e+00     1.2497      5.728      8.308    10.1099 0.0000e+00
      5.851      0.041     1.9013     16.864     31.311  21.949168     2.2227      6.555   342.0629 6.6657e+00     1.2608      5.736      8.320    10.1033 0.0000e+00
      5.863      0.044     1.8967     16.815     31.352  21.964869     2.2062      6.553   342.2108 6.6147e+00     1.3142      5.749      8.339    10.1076 0.0000e+00
      5.877      0.047     1.8911     16.756     31.408  21.990446     2.1652      6.550   342.3832 6.5561e+00     1.3155      5.764      8.360    10.0989 0.0000e+00
      5.891      0.048     1.8829     16.676     31.446  22.004479     2.1410      6.546   342.4252 6.5004e+00     1.3062      5.777      8.379    10.0690 0.0000e+00
      5.904      0.048     1.8691     16.549     31.462  22.007573     2.1425      6.542   342.4608 6.4552e+00     1.3244      5.789      8.397    10.0465 0.0000e+00
      5.916      0.046     1.8494     16.370     31.500  22.027846     2.1289      6.540   342.5560 6.4101e+00     1.3537      5.801      8.414    10.0281 0.0000e+00
      5.927      0.042     1.8260     16.159     31.554  22.059136     2.0775      6.537   342.6302 6.3521e+00     1.3857      5.814      8.432    10.0042 0.0000e+00
      5.937      0.040     1.8026     15.949     31.576  22.068488     2.0362      6.534   342.7557 6.3020e+00     1.3751      5.823      8.444     9.9830 0.0000e+00
      5.947      0.039     1.7786     15.736     31.593  22.077428     2.0241      6.533   342.8688 6.2773e+00     1.3472      5.833      8.459     9.9698 0.0000e+00
      5.955      0.041     1.7551     15.526     31.634  22.103741     2.0138      6.532   342.8789 6.2315e+00     1.3534      5.841      8.470     9.9639 0.0000e+00
      5.963      0.045     1.7334     15.330     31.686  22.132702     2.0226      6.531   342.8774 6.1433e+00     1.3275      5.846      8.480     9.9520 0.0000e+00
      5.973      0.050     1.7113     15.127     31.765  22.173661     2.0563      6.529   342.9364 6.0583e+00     1.2790      5.857      8.495     9.9388 0.0000e+00
      5.987      0.054     1.6883     14.913     31.854  22.218058     2.0815      6.526   342.9912 5.9840e+00     1.2860      5.871      8.514     9.9375 0.0000e+00
      6.005      0.055     1.6646     14.695     31.888  22.225110     2.0884      6.524   342.9376 5.9165e+00     1.3204      5.889      8.541     9.9388 0.0000e+00
      6.024      0.055     1.6370     14.446     31.862  22.195427     2.0471      6.523   342.8045 5.8667e+00     1.3292      5.908      8.569     9.9269 0.0000e+00
      6.039      0.053     1.6075     14.181     31.846  22.176562     1.9595      6.521   342.6724 5.8187e+00     1.3002      5.923      8.590     9.9032 0.0000e+00
      6.050      0.048     1.5809     13.942     31.872  22.187459     1.9015      6.520   342.7172 5.7636e+00     1.2748      5.934      8.607     9.8713 0.0000e+00
      6.060      0.043     1.5538     13.700     31.899  22.200215     1.8887      6.519   343.0014 5.7176e+00     1.2972      5.943      8.619     9.8425 0.0000e+00
      6.069      0.038     1.5261     13.454     31.908  22.203820     1.8971      6.517   343.1843 5.6831e+00     1.3264      5.952      8.632     9.8265 0.0000e+00
      6.079      0.036     1.4994     13.219     31.946  22.231045     1.9019      6.516   343.1213 5.6428e+00     1.2924      5.961      8.646     9.8163 0.0000e+00
      6.088      0.037     1.4724     12.980     32.011  22.275457     1.8918      6.515   343.1002 5.6049e+00     1.2520      5.970      8.659     9.8045 0.0000e+00
      6.096      0.040     1.4476     12.759     32.052  22.296417     1.8857      6.513   343.1868 5.5725e+00     1.2654      5.978      8.670     9.7924 0.0000e+00
      6.105      0.044     1.4273     12.573     32.069  22.294016     1.8826      6.511   343.3084 5.5222e+00     1.3019      5.986      8.681     9.7891 0.0000e+00
      6.115      0.048     1.4078     12.394     32.116  22.309892     1.8632      6.508   343.5378 5.4642e+00     1.3267      5.996      8.696     9.7927 0.0000e+00
      6.130      0.052     1.3890     12.221     32.215  22.361394     1.8349      6.504   343.8089 5.4206e+00     1.3217      6.010      8.717     9.7957 0.0000e+00
      6.146      0.056     1.3749     12.088     32.309  22.408835     1.8252      6.500   344.0052 5.3640e+00     1.3336      6.027      8.741     9.7839 0.0000e+00
      6.162      0.059     1.3623     11.970     32.377  22.439100     1.8290      6.495   344.1905 5.2974e+00     1.3483      6.043      8.764     9.7579 0.0000e+00
      6.177      0.061     1.3466     11.825     32.449  22.473376     1.8354      6.490   344.3287 5.2507e+00     1.4076      6.057      8.786     9.7316 0.0000e+00
      6.192      0.061     1.3280     11.657     32.514  22.505836     1.8383      6.485   344.3860 5.2124e+00     1.5307      6.071      8.805     9.7027 0.0000e+00
      6.207      0.061     1.3052     11.453     32.539  22.514139     1.8356      6.480   344.5382 5.1678e+00     1.5859      6.086      8.827     9.6762 0.0000e+00
      6.223      0.061     1.2751     11.186     32.544  22.510278     1.8310      6.476   344.7071 5.1090e+00     1.5876      6.103      8.852     9.6506 0.0000e+00
      6.240      0.061     1.2397     10.873     32.571  22.522623     1.7729      6.474   344.7934 5.0419e+00     1.5506      6.119      8.875     9.6232 0.0000e+00
      6.255      0.060     1.2008     10.529     32.601  22.536431     1.6756      6.472   344.8936 4.9855e+00     1.4741      6.134      8.897     9.6064 0.0000e+00
      6.270      0.057     1.1568     10.139     32.635  22.550248     1.6380      6.468   344.9717 4.9460e+00     1.4564      6.149      8.918     9.5937 0.0000e+00
      6.285      0.054     1.1104      9.729     32.668  22.562708     1.6485      6.465   344.9632 4.9015e+00     1.5197      6.164      8.940     9.5800 0.0000e+00
      6.299      0.049     1.0649      9.329     32.671  22.560107     1.6374      6.462   344.9629 4.8494e+00     1.5680      6.177      8.960     9.5732 0.0000e+00
      6.313      0.045     1.0211      8.947     32.697  22.582270     1.6054      6.460   344.9684 4.8158e+00     1.5524      6.191      8.980     9.5649 0.0000e+00
      6.323      0.043     0.9819      8.606     32.772  22.640236     1.5824      6.459   344.9431 4.7951e+00     1.5142      6.202      8.995     9.5468 0.0000e+00
      6.330      0.042     0.9477      8.306     32.847  22.689632     1.5711      6.459   345.0022 4.7723e+00     1.5026      6.208      9.003     9.5278 0.0000e+00
      6.339      0.042     0.9167      8.030     32.928  22.735127     1.5703      6.459   345.0804 4.7412e+00     1.5344      6.215      9.013     9.5182 0.0000e+00
      6.349      0.044     0.8914      7.805     33.053  22.809386     1.5728      6.458   345.1143 4.7045e+00     1.5327      6.225      9.028     9.5275 0.0000e+00
      6.362      0.049     0.8708      7.622     33.183  22.889152     1.5742      6.456   345.2401 4.6763e+00     1.5120      6.239      9.048     9.5453 0.0000e+00
      6.375      0.054     0.8491      7.428     33.273  22.937751     1.5782      6.454   345.3966 4.6494e+00     1.5287      6.252      9.067     9.5423 0.0000e+00
      6.389      0.058     0.8279      7.238     33.321  22.952579     1.5470      6.453   345.3716 4.6109e+00     1.5816      6.265      9.087     9.5194 0.0000e+00
      6.405      0.059     0.8094      7.072     33.329  22.941452     1.4819      6.452   345.2817 4.5547e+00     1.6633      6.281      9.110     9.4995 0.0000e+00
      6.422      0.058     0.7903      6.904     33.319  22.930158     1.4437      6.451   345.2564 4.4907e+00     1.6929      6.298      9.135     9.4894 0.0000e+00
      6.439      0.055     0.7685      6.714     33.333  22.942994     1.4431      6.450   345.1521 4.4437e+00     1.6955      6.315      9.159     9.4719 0.0000e+00
      6.454      0.050     0.7438      6.499     33.370  22.969689     1.4474      6.449   344.9667 4.4095e+00     1.7247      6.329      9.181     9.4376 0.0000e+00
      6.465      0.045     0.7135      6.234     33.416  22.998975     1.4216      6.448   344.9075 4.3857e+00     1.7403      6.341      9.197     9.4071 0.0000e+00
      6.475      0.040     0.6792      5.934     33.482  23.043150     1.3792      6.448   345.0389 4.3738e+00     1.7327      6.351      9.211     9.4022 0.0000e+00
      6.483      0.038     0.6464      5.647     33.598  23.122900     1.3672      6.448   345.0930 4.3532e+00     1.7234      6.358      9.222     9.4154 0.0000e+00
      6.490      0.039     0.6158      5.379     33.718  23.201391     1.3773      6.448   344.8734 4.3168e+00     1.7200      6.364      9.230     9.4176 0.0000e+00
      6.498      0.042     0.5888      5.142     33.771  23.230354     1.4000      6.448   344.5343 4.2760e+00     1.7224      6.371      9.240     9.4094 0.0000e+00
      6.509      0.045     0.5680      4.958     33.770  23.219138     1.4308      6.447   344.3487 4.2438e+00     1.7218      6.382      9.255     9.4085 0.0000e+00
      6.523      0.048     0.5542      4.836     33.751  23.192735     1.4368      6.446   344.3497 4.2147e+00     1.7123      6.397      9.278     9.4108 0.0000e+00
      6.538      0.049     0.5469      4.770     33.729  23.165045     1.4277      6.444   344.2887 4.1672e+00     1.7305      6.412      9.300     9.4046 0.0000e+00
      6.553      0.048     0.5439      4.742     33.703  23.138269     1.4208      6.443   344.1271 4.1147e+00     1.7893      6.427      9.322     9.3923 0.0000e+00
      6.565      0.046     0.5394      4.702     33.690  23.122929     1.4085      6.443   343.9442 4.0853e+00     1.8732      6.438      9.338     9.3781 0.0000e+00
