Data/DataNotYetUploadedToEDI/Raw_CTD/RawDownloads/060718_fcr50.cnv
* Sea-Bird SBE19plus  Data File:
* FileName = C:\DATA\060718_fcr50_0001.hex
* Software version 2.6.3.104 SB_Terminal.dll
* Temperature SN = 7809
* Conductivity SN = 7809
* System UpLoad Time = Jun 07 2018 15:45:30
* <ApplicationData>
* <Seaterm232>
# nquan = 15
# nvalues = 1255                        
# units = specified
# name 0 = depFM: Depth [fresh water, m]
# name 1 = dz/dtM: Descent Rate [m/s]
# name 2 = sbeox0Mg/L: Oxygen, SBE 43 [mg/l]
# name 3 = sbeox0PS: Oxygen, SBE 43 [% saturation]
# name 4 = specc: Specific Conductance [uS/cm]
# name 5 = c0uS/cm: Conductivity [uS/cm]
# name 6 = flECO-AFL: Fluorescence, WET Labs ECO-AFL/FL [mg/m^3]
# name 7 = ph: pH
# name 8 = orp: Oxidation Reduction Potential [mV]
# name 9 = par/sat/log: PAR/Logarithmic, Satlantic
# name 10 = turbWETntu0: Turbidity, WET Labs ECO [NTU]
# name 11 = prdM: Pressure, Strain Gauge [db]
# name 12 = prdE: Pressure, Strain Gauge [psi]
# name 13 = tv290C: Temperature [ITS-90, deg C]
# name 14 = flag:  0.000e+00
# span 0 =     -0.552,      9.782       
# span 1 =     -0.358,      0.278       
# span 2 =     2.6281,    10.2422       
# span 3 =     23.721,    111.354       
# span 4 =      0.344,    180.822       
# span 5 =   0.318181, 127.668593       
# span 6 =    -1.1943,     2.5246       
# span 7 =     -2.616,      7.456       
# span 8 = -1240.7455,  1152.9109       
# span 9 = 1.6626e-01, 1.9273e+03       
# span 10 =    -0.6271,    56.4928      
# span 11 =     -0.542,      9.594      
# span 12 =     -0.786,     13.914      
# span 13 =    10.2480,    23.1232      
# span 14 = 0.0000e+00, 0.0000e+00      
# interval = seconds: 0.25
# start_time = Jun 07 2018 14:05:47 [Instrument's time stamp, header]
# bad_flag = -9.990e-29
*END*
[from data line 964]
      0.124      0.106     8.9025    101.507     33.313  31.207255     1.0528      6.833   330.6843 1.0056e+03     1.0733      0.117      0.170    21.2012 0.0000e+00
      0.162      0.105     8.8814    101.717     33.196  31.251557     1.0653      6.835   330.5685 8.5890e+02     1.1067      0.158      0.230    21.3273 0.0000e+00
      0.202      0.098     8.8665    101.853     33.128  31.291374     1.0944      6.839   330.5518 8.4240e+02     1.1245      0.204      0.295    21.4615 0.0000e+00
      0.229      0.088     8.8465    101.738     33.105  31.307776     1.1104      6.841   330.9129 9.3793e+02     1.1059      0.231      0.334    21.5877 0.0000e+00
      0.243      0.080     8.8153    101.376     33.122  31.322909     1.1118      6.841   331.5794 1.2504e+03     1.0643      0.239      0.348    21.8217 0.0000e+00
      0.251      0.078     8.7753    100.894     33.155  31.347321     1.1301      6.836   332.4150 1.4108e+03     1.0790      0.245      0.355    22.1032 0.0000e+00
      0.261      0.085     8.7333    100.452     33.142  31.348888     1.1653      6.831   333.2735 1.2745e+03     1.1313      0.252      0.365    22.2591 0.0000e+00
      0.280      0.105     8.6992    100.195     33.085  31.341869     1.1880      6.832   334.0427 1.1470e+03     1.1176      0.270      0.392    22.3022 0.0000e+00
      0.310      0.133     8.6803    100.193     33.057  31.389538     1.1841      6.837   334.6607 1.0530e+03     1.0660      0.301      0.437    22.2809 0.0000e+00
      0.349      0.160     8.6800    100.388     33.082  31.480794     1.1642      6.845   334.8956 8.9082e+02     1.0564      0.338      0.491    22.2550 0.0000e+00
      0.397      0.180     8.6909    100.563     33.143  31.556221     1.1590      6.851   335.0760 8.0788e+02     1.0938      0.386      0.560    22.2713 0.0000e+00
      0.455      0.191     8.6967    100.494     33.241  31.602945     1.1764      6.852   335.5514 8.0385e+02     1.1210      0.445      0.644    22.3410 0.0000e+00
      0.514      0.198     8.6896    100.217     33.378  31.664599     1.1819      6.851   335.9964 7.6690e+02     1.1103      0.509      0.737    22.4718 0.0000e+00
      0.564      0.204     8.6804    100.027     33.545  31.793484     1.1697      6.849   336.2412 7.2308e+02     1.0865      0.558      0.809    22.6074 0.0000e+00
      0.605      0.210     8.6958    100.251     33.563  31.827526     1.1671      6.847   336.7040 7.1578e+02     1.0772      0.591      0.857    22.6436 0.0000e+00
      0.650      0.218     8.7533    100.874     33.168  31.441140     1.1689      6.846   337.3762 7.1497e+02     1.0896      0.631      0.915    22.5450 0.0000e+00
      0.708      0.226     8.8465    101.479     32.661  30.805215     1.1640      6.846   337.7434 6.6548e+02     1.0837      0.692      1.003    22.3983 0.0000e+00
      0.775      0.231     8.9537    101.758     32.595  30.425700     1.1715      6.848   337.7880 6.0295e+02     1.0669      0.761      1.104    22.3504 0.0000e+00
      0.844      0.230     9.0546    101.896     32.866  30.344895     1.2150      6.850   337.7439 5.5145e+02     1.1306      0.827      1.201    22.4143 0.0000e+00
      0.909      0.217     9.1383    102.139     33.176  30.399292     1.2757      6.851   337.8984 5.1740e+02     1.2427      0.895      1.297    22.4756 0.0000e+00
      0.967      0.194     9.1936    102.412     33.424  30.511537     1.3084      6.853   338.2795 5.2331e+02     1.2938      0.952      1.381    22.2726 0.0000e+00
      1.014      0.166     9.2208    102.646     33.501  30.558779     1.3246      6.853   338.7380 5.1764e+02     1.2911      0.997      1.447    21.6668 0.0000e+00
      1.049      0.140     9.2358    102.863     33.446  30.525925     1.3894      6.852   339.2256 4.8780e+02     1.2716      1.032      1.498    21.0850 0.0000e+00
      1.074      0.118     9.2535    103.079     33.406  30.495372     1.4946      6.852   339.6152 4.7149e+02     1.2706      1.053      1.529    20.7550 0.0000e+00
      1.096      0.103     9.2829    103.370     33.362  30.443407     1.5576      6.850   340.0079 4.5470e+02     1.3094      1.074      1.557    20.5839 0.0000e+00
      1.120      0.100     9.3242    103.765     33.274  30.342136     1.5721      6.845   340.3601 4.4623e+02     1.3440      1.099      1.594    20.5848 0.0000e+00
      1.142      0.105     9.3641    104.121     33.245  30.286982     1.5695      6.838   340.0872 4.5146e+02     1.3221      1.121      1.627    20.6432 0.0000e+00
      1.162      0.113     9.3887    104.320     33.269  30.284549     1.5621      6.833   339.4612 4.5162e+02     1.2896      1.137      1.649    20.6507 0.0000e+00
      1.191      0.118     9.3980    104.400     33.238  30.249181     1.5665      6.832   339.3306 4.4443e+02     1.2875      1.160      1.682    20.6217 0.0000e+00
      1.233      0.120     9.4027    104.456     33.158  30.176870     1.5765      6.833   339.5406 4.2272e+02     1.2958      1.209      1.754    20.5965 0.0000e+00
      1.274      0.117     9.4125    104.544     33.090  30.108804     1.5722      6.836   339.8496 3.9762e+02     1.3296      1.257      1.823    20.5458 0.0000e+00
      1.304      0.112     9.4282    104.664     33.057  30.061245     1.5604      6.839   340.1407 3.8522e+02     1.3599      1.281      1.858    20.4962 0.0000e+00
      1.327      0.107     9.4482    104.810     32.997  29.982851     1.5534      6.840   340.1348 3.8239e+02     1.3267      1.300      1.885    20.4927 0.0000e+00
      1.347      0.106     9.4723    104.928     32.843  29.795959     1.5520      6.836   340.1233 3.8096e+02     1.2638      1.321      1.916    20.5069 0.0000e+00
      1.366      0.114     9.4995    104.921     32.713  29.579608     1.5625      6.827   340.4310 3.7439e+02     1.2406      1.339      1.942    20.4987 0.0000e+00
      1.390      0.126     9.5159    104.703     32.793  29.525968     1.5697      6.821   340.5865 3.6574e+02     1.2592      1.358      1.970    20.4647 0.0000e+00
      1.425      0.132     9.5016    104.262     32.966  29.591748     1.5656      6.820   340.2822 3.5729e+02     1.3052      1.391      2.017    20.4353 0.0000e+00
      1.474      0.129     9.4569    103.648     33.033  29.612788     1.5684      6.821   340.1078 3.4264e+02     1.3393      1.444      2.093    20.3906 0.0000e+00
      1.525      0.120     9.3917    102.867     33.031  29.589813     1.5749      6.821   340.4564 3.2660e+02     1.3359      1.503      2.180    20.2334 0.0000e+00
      1.558      0.109     9.3137    101.947     33.031  29.567946     1.5710      6.821   340.8842 3.2045e+02     1.3251      1.536      2.229    19.9832 0.0000e+00
      1.570      0.100     9.2337    101.040     33.009  29.538880     1.5665      6.817   341.0641 3.1870e+02     1.3306      1.542      2.236    19.8434 0.0000e+00
      1.576      0.096     9.1648    100.277     32.961  29.492366     1.5667      6.812   341.0822 3.1824e+02     1.3419      1.545      2.239    19.8149 0.0000e+00
      1.590      0.101     9.1143     99.652     32.941  29.450072     1.5646      6.808   341.0180 3.1785e+02     1.3390      1.553      2.253    19.7913 0.0000e+00
      1.619      0.114     9.0800     99.138     32.946  29.408497     1.5594      6.803   340.9757 3.0771e+02     1.3269      1.581      2.295    19.7450 0.0000e+00
      1.661      0.129     9.0567     98.729     32.961  29.370636     1.5586      6.799   340.9998 2.9106e+02     1.3176      1.630      2.363    19.7286 0.0000e+00
      1.703      0.137     9.0363     98.374     33.014  29.373255     1.5556      6.798   341.3102 2.7802e+02     1.3178      1.672      2.424    19.7532 0.0000e+00
      1.743      0.133     9.0113     98.035     33.043  29.376592     1.5510      6.800   341.8034 2.6999e+02     1.3296      1.708      2.477    19.7118 0.0000e+00
      1.782      0.118     8.9826     97.727     33.008  29.347454     1.5761      6.802   341.8863 2.6228e+02     1.3381      1.750      2.539    19.6276 0.0000e+00
      1.813      0.100     8.9551     97.441     32.993  29.338466     1.6106      6.804   341.7104 2.5444e+02     1.3289      1.784      2.588    19.5479 0.0000e+00
      1.831      0.088     8.9297     97.138     32.995  29.331435     1.6201      6.804   341.7421 2.5028e+02     1.3090      1.799      2.609    19.4677 0.0000e+00
      1.841      0.087     8.9088     96.830     32.949  29.262433     1.6260      6.799   342.0121 2.4922e+02     1.3120      1.804      2.617    19.4305 0.0000e+00
      1.852      0.096     8.8982     96.498     32.893  29.139156     1.5899      6.790   342.3075 2.4654e+02     1.3344      1.814      2.631    19.4502 0.0000e+00
      1.870      0.111     8.8927     95.986     32.964  29.047366     1.4963      6.784   342.8178 2.3867e+02     1.3355      1.829      2.654    19.4675 0.0000e+00
      1.903      0.125     8.8767     95.202     33.196  29.041424     1.4401      6.780   343.6218 2.2804e+02     1.3258      1.858      2.697    19.4487 0.0000e+00
      1.951      0.131     8.8334     94.212     33.434  29.067032     1.4349      6.777   343.9414 2.1783e+02     1.3393      1.911      2.771    19.4206 0.0000e+00
      2.002      0.125     8.7478     93.042     33.578  29.102743     1.4331      6.775   343.5840 2.1041e+02     1.3463      1.968      2.855    19.3445 0.0000e+00
      2.042      0.107     8.6191     91.725     33.617  29.155569     1.4269      6.775   343.1724 2.0701e+02     1.3182      2.010      2.915    19.0946 0.0000e+00
      2.064      0.081     8.4694     90.377     33.562  29.197761     1.4249      6.775   343.0948 2.0489e+02     1.3052      2.029      2.943    18.7187 0.0000e+00
      2.072      0.052     8.3254     89.086     33.497  29.231993     1.4265      6.776   343.2479 2.0267e+02     1.3104      2.034      2.950    18.4123 0.0000e+00
      2.074      0.029     8.2049     87.960     33.450  29.252067     1.4294      6.778   343.4749 2.0142e+02     1.3202      2.034      2.950    18.2675 0.0000e+00
      2.074      0.015     8.1274     87.232     33.404  29.250047     1.4503      6.778   343.6029 2.0102e+02     1.3324      2.034      2.950    18.3154 0.0000e+00
      2.075      0.011     8.1029     87.070     33.385  29.271112     1.4764      6.777   343.5909 2.0095e+02     1.3051      2.035      2.951    18.5023 0.0000e+00
      2.077      0.012     8.1210     87.393     33.381  29.316302     1.4874      6.777   343.5876 2.0053e+02     1.2660      2.035      2.951    18.6498 0.0000e+00
      2.081      0.019     8.1711     88.040     33.304  29.288483     1.5013      6.777   343.6489 1.9975e+02     1.2867      2.041      2.960    18.7312 0.0000e+00
      2.086      0.030     8.2448     88.812     33.199  29.188821     1.5243      6.773   343.8156 1.9949e+02     1.3407      2.047      2.969    18.7788 0.0000e+00
      2.090      0.043     8.3322     89.532     33.221  29.127332     1.5461      6.770   343.6249 1.9850e+02     1.3387      2.049      2.971    18.8232 0.0000e+00
      2.099      0.054     8.4212     90.148     33.350  29.116445     1.5623      6.767   343.1496 1.9563e+02     1.2938      2.053      2.978    18.9099 0.0000e+00
      2.118      0.063     8.4862     90.540     33.481  29.120517     1.5734      6.764   343.3171 1.9080e+02     1.2860      2.074      3.009    18.9910 0.0000e+00
      2.143      0.073     8.5070     90.583     33.548  29.112922     1.5607      6.759   344.1014 1.8572e+02     1.3063      2.103      3.051    19.0053 0.0000e+00
      2.165      0.086     8.4887     90.306     33.554  29.088027     1.5281      6.751   344.8892 1.8374e+02     1.2945      2.125      3.082    18.8610 0.0000e+00
      2.184      0.099     8.4478     89.713     33.605  29.073487     1.5103      6.742   345.3574 1.8383e+02     1.2652      2.144      3.109    18.6354 0.0000e+00
      2.200      0.107     8.3885     88.763     33.731  29.064064     1.5008      6.738   345.0295 1.8120e+02     1.2569      2.153      3.123    18.4595 0.0000e+00
      2.228      0.113     8.3094     87.617     33.834  29.037438     1.4965      6.736   344.1946 1.7347e+02     1.3169      2.173      3.154    18.3545 0.0000e+00
      2.273      0.121     8.2161     86.472     33.868  29.005405     1.5037      6.736   343.8668 1.6528e+02     1.4411      2.232      3.237    18.3596 0.0000e+00
      2.313      0.127     8.1107     85.299     33.883  28.994186     1.5054      6.735   343.9905 1.6161e+02     1.5077      2.277      3.302    18.3087 0.0000e+00
      2.338      0.129     7.9988     84.076     33.946  29.028773     1.4996      6.732   344.4862 1.5863e+02     1.5122      2.290      3.320    18.0702 0.0000e+00
      2.366      0.126     7.8948     82.861     34.094  29.106061     1.4974      6.728   345.2141 1.5371e+02     1.5249      2.316      3.359    17.8634 0.0000e+00
      2.401      0.121     7.8053     81.667     34.286  29.166583     1.4966      6.724   345.5639 1.4964e+02     1.5391      2.357      3.419    17.8040 0.0000e+00
      2.432      0.117     7.7255     80.517     34.465  29.188882     1.4992      6.720   345.5327 1.4565e+02     1.5624      2.384      3.458    17.7764 0.0000e+00
      2.462      0.112     7.6491     79.462     34.587  29.184994     1.5016      6.718   345.1810 1.4071e+02     1.5926      2.412      3.498    17.7649 0.0000e+00
      2.494      0.103     7.5664     78.459     34.657  29.182939     1.4979      6.715   345.0965 1.3675e+02     1.5690      2.449      3.553    17.7234 0.0000e+00
      2.522      0.095     7.4727     77.412     34.748  29.227466     1.5005      6.710   345.7168 1.3421e+02     1.5213      2.476      3.591    17.5437 0.0000e+00
      2.542      0.091     7.3760     76.297     34.869  29.278806     1.5061      6.703   346.3143 1.3286e+02     1.5339      2.494      3.618    17.3281 0.0000e+00
      2.556      0.090     7.2785     75.089     34.995  29.295598     1.5008      6.698   346.4698 1.3207e+02     1.5389      2.509      3.640    17.1580 0.0000e+00
      2.571      0.087     7.1742     73.798     35.120  29.303384     1.5008      6.696   346.5637 1.2992e+02     1.4907      2.515      3.649    17.0784 0.0000e+00
      2.597      0.082     7.0640     72.537     35.198  29.309310     1.5249      6.696   346.7618 1.2551e+02     1.4696      2.540      3.684    17.0673 0.0000e+00
      2.632      0.078     6.9536     71.377     35.206  29.303665     1.5534      6.696   346.8862 1.2169e+02     1.4968      2.587      3.752    17.0058 0.0000e+00
      2.658      0.076     6.8476     70.303     35.191  29.298628     1.5690      6.695   347.1209 1.2066e+02     1.5140      2.614      3.791    16.8615 0.0000e+00
      2.669      0.079     6.7522     69.303     35.219  29.311928     1.5755      6.691   347.4488 1.2052e+02     1.4942      2.620      3.798    16.6868 0.0000e+00
      2.675      0.085     6.6752     68.401     35.316  29.337450     1.5865      6.683   347.4945 1.1975e+02     1.5021      2.622      3.802    16.6042 0.0000e+00
      2.686      0.095     6.6183     67.627     35.450  29.353136     1.6098      6.675   347.4158 1.1759e+02     1.5494      2.629      3.812    16.6053 0.0000e+00
      2.712      0.110     6.5766     66.967     35.617  29.374459     1.6272      6.669   347.9606 1.1373e+02     1.5770      2.654      3.850    16.6316 0.0000e+00
      2.752      0.125     6.5407     66.371     35.796  29.404609     1.6319      6.664   349.0911 1.0933e+02     1.5617      2.697      3.912    16.6398 0.0000e+00
      2.798      0.135     6.5015     65.801     35.898  29.400004     1.6485      6.659   349.8998 1.0536e+02     1.5167      2.745      3.980    16.5508 0.0000e+00
      2.840      0.141     6.4555     65.230     35.942  29.382184     1.6814      6.653   350.1673 1.0229e+02     1.5211      2.789      4.045    16.4070 0.0000e+00
      2.874      0.144     6.4056     64.645     35.991  29.379589     1.6981      6.644   350.1736 1.0022e+02     1.5541      2.822      4.095    16.2373 0.0000e+00
