Data/DataNotYetUploadedToEDI/Raw_CTD/RawDownloads/061019_fcr45.cnv
* Sea-Bird SBE19plus  Data File:
* FileName = C:\DATA\061019_fcr_0005.hex
* Software version 2.8.0.119
* Temperature SN = 7809
* Conductivity SN = 7809
* System UpLoad Time = Jun 10 2019 13:29:17
* <ApplicationData>
* <Seaterm232>
# nquan = 18
# nvalues = 588                         
# units = specified
# name 0 = depFM: Depth [fresh water, m]
# name 1 = tv290C: Temperature [ITS-90, deg C]
# name 2 = sbeox0Mg/L: Oxygen, SBE 43 [mg/l]
# name 3 = sbeox0PS: Oxygen, SBE 43 [% saturation]
# name 4 = c0uS/cm: Conductivity [uS/cm]
# name 5 = specc: Specific Conductance [uS/cm]
# name 6 = ph: pH
# name 7 = orp: Oxidation Reduction Potential [mV]
# name 8 = flECO-AFL: Fluorescence, WET Labs ECO-AFL/FL [mg/m^3]
# name 9 = turbWETntu0: Turbidity, WET Labs ECO [NTU]
# name 10 = sal00: Salinity, Practical [PSU]
# name 11 = dz/dtM: Descent Rate [m/s]
# name 12 = prdM: Pressure, Strain Gauge [db]
# name 13 = prdE: Pressure, Strain Gauge [psi]
# name 14 = scan: Scan Count
# name 15 = par/sat/log: PAR/Logarithmic, Satlantic
# name 16 = density00: Density [density, kg/m^3]
# name 17 = flag:  0.000e+00
# span 0 =     -0.592,      7.440       
# span 1 =     9.5564,    21.8794       
# span 2 =     0.8816,    12.9966       
# span 3 =      7.871,    137.047       
# span 4 =   1.185975, 150.603735       
# span 5 =      1.346,    217.481       
# span 6 =      6.844,      9.890       
# span 7 =  -657.1760,   310.9475       
# span 8 =     0.0538,     4.6659       
# span 9 =     0.5538,    33.6471       
# span 10 =     0.0096,     0.1014      
# span 11 =     -0.120,      0.252      
# span 12 =     -0.580,      7.296      
# span 13 =     -0.841,     10.581      
# span 14 =          1,        588      
# span 15 = 8.0007e-01, 1.1818e+03      
# span 16 =   997.8154,   999.8502      
# span 17 = 0.0000e+00, 0.0000e+00      
# interval = seconds: 0.25
# start_time = Jun 10 2019 12:25:06 [Instrument's time stamp, header]
# bad_flag = -9.990e-29
*END*
[from data line 563]
      7.427     9.5850     1.0771      9.452 105.319391    150.525      8.197   307.5782     1.2898     3.8415     0.0701      0.030      7.284     10.564        564 8.3116e-01   999.8249 0.0000e+00
      7.434     9.5796     1.1131      9.769 116.041955    169.057      8.196   307.2754     1.3051     3.7261     0.0787      0.025      7.290     10.572        565 8.1606e-01   999.8326 0.0000e+00
      7.437     9.5719     1.1604     10.185 122.886803    176.760      8.194   307.1996     1.3013     3.7117     0.0823      0.022      7.293     10.576        566 8.1268e-01   999.8376 0.0000e+00
      7.436     9.5618     1.1771     10.332 126.881815    184.083      8.196   307.2754     1.2593     3.7261     0.0857      0.020      7.293     10.577        567 8.3103e-01   999.8402 0.0000e+00
      7.437     9.5570     1.1901     10.447 130.268162    188.062      8.194   307.1239     1.2555     3.8415     0.0876      0.017      7.293     10.578        568 8.2886e-01   999.8426 0.0000e+00
      7.438     9.5564     1.1928     10.472 132.217757    191.405      8.193   307.1996     1.2631     3.7550     0.0891      0.015      7.294     10.579        569 8.2158e-01   999.8446 0.0000e+00
      7.438     9.5598     1.1807     10.367 136.187149    196.914      8.191   306.5939     1.2517     3.7982     0.0917      0.011      7.294     10.579        570 8.2499e-01   999.8470 0.0000e+00
      7.438     9.5680     1.1660     10.240 139.086588    201.423      8.189   306.7832     1.3661     3.5963     0.0938      0.007      7.294     10.580        571 8.3289e-01   999.8486 0.0000e+00
      7.438     9.5736     1.1491     10.093 140.165209    202.665      8.188   306.5939     1.4043     3.5387     0.0944      0.004      7.295     10.580        572 8.1819e-01   999.8489 0.0000e+00
      7.439     9.5747     1.1176      9.818 140.653042    203.507      8.189   306.8211     1.3547     3.5675     0.0948      0.002      7.295     10.581        573 8.0007e-01   999.8485 0.0000e+00
      7.439     9.5759     1.0786      9.477 141.339145    204.328      8.187   306.5561     1.3699     3.5675     0.0952      0.001      7.295     10.581        574 8.2312e-01   999.8484 0.0000e+00
      7.438     9.5780     1.0474      9.204 142.260514    205.742      8.185   306.9725     1.2479     3.8847     0.0959      0.001      7.295     10.581        575 8.3639e-01   999.8488 0.0000e+00
      7.439     9.5808     1.0111      8.887 143.498371    207.481      8.184   306.6318     1.2593     3.9136     0.0967      0.001      7.295     10.581        576 8.3480e-01   999.8494 0.0000e+00
      7.439     9.5842 -9.990e-29 -9.990e-29 144.624973    209.133      8.181   306.7832     1.2746     3.7982     0.0975      0.001      7.295     10.581        577 8.3820e-01   999.8498 0.0000e+00
      7.438     9.5884 -9.990e-29 -9.990e-29 145.595658    210.496      8.184   306.7075     1.2364     3.7550     0.0981      0.000      7.295     10.581        578 8.3185e-01   999.8501 0.0000e+00
      7.440     9.5937 -9.990e-29 -9.990e-29 146.342496    211.572      8.180   306.7075     1.2479     3.7838     0.0986      0.000      7.295     10.580        579 8.3741e-01   999.8502 0.0000e+00
      7.437     9.5996 -9.990e-29 -9.990e-29 146.853948    212.276      8.180   306.7075     1.3280     3.7982     0.0989     -0.000      7.295     10.580        580 8.1444e-01   999.8501 0.0000e+00
      7.439     9.6060 -9.990e-29 -9.990e-29 147.223747    212.771      8.179   306.8589     1.2975     3.7405     0.0992     -0.000      7.295     10.581        581 8.1951e-01   999.8499 0.0000e+00
      7.439     9.6125 -9.990e-29 -9.990e-29 147.580764    213.263      8.178   306.6696     1.3051     3.7694     0.0994      0.000      7.295     10.581        582 8.3525e-01   999.8496 0.0000e+00
      7.439     9.6193 -9.990e-29 -9.990e-29 147.988964    213.792      8.179   306.5939     1.3127     3.7550     0.0997      0.000      7.295     10.581        583 8.3969e-01   999.8492 0.0000e+00
      7.439     9.6253 -9.990e-29 -9.990e-29 148.473893    214.480      8.176   306.9346     1.3394     3.7550     0.1000      0.000      7.295     10.580        584 8.2355e-01   999.8489 0.0000e+00
      7.439     9.6326 -9.990e-29 -9.990e-29 149.003658    215.170      8.173   306.6318     1.3127     3.8126     0.1003      0.000      7.295     10.580        585 8.0029e-01   999.8486 0.0000e+00
      7.439     9.6379 -9.990e-29 -9.990e-29 149.445509    215.819      8.174   306.6696     1.3165     3.6829     0.1006      0.000      7.295     10.580        586 8.3286e-01   999.8483 0.0000e+00
      7.440 -9.990e-29 -9.990e-29 -9.990e-29 150.099503    216.630      8.172   306.3289     1.3013     3.7550     0.1010      0.000      7.296     10.581        587 8.3605e-01   999.8481 0.0000e+00
      7.440 -9.990e-29 -9.990e-29 -9.990e-29 150.603735    217.481      8.171   306.4804     1.3776     3.7261     0.1014      0.001      7.296     10.581        588 8.1940e-01   999.8479 0.0000e+00
