Data/DataNotYetUploadedToEDI/Raw_CTD/RawDownloads/061019_fcr20.cnv
* Sea-Bird SBE19plus  Data File:
* FileName = C:\DATA\061019_fcr_0003.hex
* Software version 2.8.0.119
* Temperature SN = 7809
* Conductivity SN = 7809
* System UpLoad Time = Jun 10 2019 13:28:37
* <ApplicationData>
* <Seaterm232>
# nquan = 18
# nvalues = 452                         
# units = specified
# name 0 = depFM: Depth [fresh water, m]
# name 1 = tv290C: Temperature [ITS-90, deg C]
# name 2 = sbeox0Mg/L: Oxygen, SBE 43 [mg/l]
# name 3 = sbeox0PS: Oxygen, SBE 43 [% saturation]
# name 4 = c0uS/cm: Conductivity [uS/cm]
# name 5 = specc: Specific Conductance [uS/cm]
# name 6 = ph: pH
# name 7 = orp: Oxidation Reduction Potential [mV]
# name 8 = flECO-AFL: Fluorescence, WET Labs ECO-AFL/FL [mg/m^3]
# name 9 = turbWETntu0: Turbidity, WET Labs ECO [NTU]
# name 10 = sal00: Salinity, Practical [PSU]
# name 11 = dz/dtM: Descent Rate [m/s]
# name 12 = prdM: Pressure, Strain Gauge [db]
# name 13 = prdE: Pressure, Strain Gauge [psi]
# name 14 = scan: Scan Count
# name 15 = par/sat/log: PAR/Logarithmic, Satlantic
# name 16 = density00: Density [density, kg/m^3]
# name 17 = flag:  0.000e+00
# span 0 =     -0.596,      3.379       
# span 1 =    15.1619,    21.6807       
# span 2 =    -1.1187,    10.0987       
# span 3 =    -11.140,    114.741       
# span 4 =   0.497583,  68.443278       
# span 5 =      0.537,     84.815       
# span 6 =      7.037,     10.129       
# span 7 = -1084.5844,   285.6967       
# span 8 =    -0.1522,     4.1471       
# span 9 =    -0.5998,    10.1573       
# span 10 =     0.0102,     0.0424      
# span 11 =     -0.094,      0.305      
# span 12 =     -0.584,      3.313      
# span 13 =     -0.847,      4.805      
# span 14 =          1,        452      
# span 15 = 1.8698e+01, 6.6701e+02      
# span 16 =   997.8609,   999.1223      
# span 17 = 0.0000e+00, 0.0000e+00      
# interval = seconds: 0.25
# start_time = Jun 10 2019 12:12:13 [Instrument's time stamp, header]
# bad_flag = -9.990e-29
*END*
[from data line 403]
      2.351    20.3578     8.5912     93.835  31.707216     34.869      8.387   269.6453     1.5683     2.1976     0.0223      0.063      2.302      3.339        404 5.2036e+01   998.1440 0.0000e+00
      2.373    20.3053     8.6277     93.908  32.259615     35.555      8.384   270.2888     1.5759     2.2409     0.0226      0.067      2.322      3.368        405 5.1898e+01   998.1474 0.0000e+00
      2.380    20.2959     8.7207     94.804  32.259794     35.538      8.386   270.4403     1.5607     2.2265     0.0225      0.068      2.332      3.382        406 5.1666e+01   998.1588 0.0000e+00
      2.381    20.3060     8.8843     96.604  32.062549     35.394      8.388   270.2510     1.5912     2.2553     0.0225      0.064      2.337      3.389        407 5.1605e+01   998.1697 0.0000e+00
      2.386    20.3017     9.0958     98.612  32.060673     35.371      8.387   270.7053     1.5149     2.8609     0.0225      0.060      2.347      3.404        408 5.1011e+01   998.1718 0.0000e+00
      2.413    20.2667     9.3337    100.175  32.232507     35.577      8.385   271.5760     1.5111     2.8898     0.0225      0.059      2.373      3.440        409 4.9240e+01   998.1698 0.0000e+00
      2.458    20.1897     9.4642    100.627  32.470906     35.828      8.384   271.9167     1.5035     2.8465     0.0227      0.065      2.408      3.491        410 4.7858e+01   998.1709 0.0000e+00
      2.492    20.0841     9.4572     99.761  32.504712     35.916      8.379   271.5381     1.5035     2.9186     0.0227      0.072      2.441      3.540        411 4.7207e+01   998.1785 0.0000e+00
      2.517    19.9946     9.2271     96.679  32.308968     35.731      8.378   271.6895     1.4996     3.3368     0.0226      0.079      2.469      3.580        412 4.6283e+01   998.1945 0.0000e+00
      2.545    19.8690     8.6863     90.560  31.884935     35.381      8.378   271.5003     1.5187     3.3512     0.0224      0.091      2.495      3.619        413 4.5512e+01   998.2165 0.0000e+00
      2.570    19.6490     7.9726     82.866  31.432524     34.895      8.376   271.8410     1.5035     3.2791     0.0222      0.104      2.520      3.656        414 4.4663e+01   998.2350 0.0000e+00
      2.597    19.4736     7.1848     74.638  31.123982     34.707      8.375   272.0303     1.4958     3.3800     0.0221      0.114      2.544      3.690        415 4.3841e+01   998.2608 0.0000e+00
      2.616    19.4115     6.4181     66.734  31.083869     34.760      8.377   272.3331     1.3127     3.6108     0.0220      0.114      2.564      3.719        416 4.3422e+01   998.3058 0.0000e+00
      2.630    19.4243     5.7164     59.547  31.245506     35.178      8.375   271.8788     1.3318     3.5819     0.0221      0.105      2.584      3.749        417 4.2840e+01   998.3414 0.0000e+00
      2.661    19.2607     5.1536     53.814  31.456188     35.352      8.376   272.7496     1.2822     3.4377     0.0222      0.097      2.617      3.797        418 4.1300e+01   998.3539 0.0000e+00
      2.717    18.7833     4.7528     49.764  31.740166     35.783      8.375   272.6360     1.3470     3.5531     0.0224      0.101      2.666      3.867        419 3.9311e+01   998.3518 0.0000e+00
      2.776    18.3107     4.6055     48.231  31.929095     35.997      8.381   273.2796     1.2898     3.8992     0.0224      0.116      2.718      3.942        420 3.7809e+01   998.3847 0.0000e+00
      2.821    17.9305     4.6448     48.603  32.198886     36.823      8.387   273.4688     1.2479     3.8559     0.0226      0.131      2.761      4.005        421 3.6778e+01   998.4786 0.0000e+00
      2.850    17.6017     4.8069     50.221  32.056421     36.989      8.396   273.7338     1.2898     3.8703     0.0225      0.144      2.792      4.051        422 3.6263e+01   998.5691 0.0000e+00
      2.872    17.3602     5.0203     52.280  31.573280     36.769      8.397   274.1881     1.2593     3.8703     0.0223      0.150      2.817      4.086        423 3.5512e+01   998.6397 0.0000e+00
      2.898    17.2162     5.2106     53.809  31.348534     36.789      8.399   274.6046     1.2669     3.7405     0.0222      0.153      2.840      4.119        424 3.4739e+01   998.6998 0.0000e+00
      2.919    17.1861     5.2955     54.174  31.269645     36.900      8.397   275.5510     1.0609     4.0578     0.0221      0.147      2.859      4.148        425 3.4390e+01   998.7432 0.0000e+00
      2.931    17.2339     5.1725     52.455  31.404909     37.193      8.400   276.1946     1.0800     4.0289     0.0222      0.129      2.874      4.170        426 3.4036e+01   998.7688 0.0000e+00
      2.946    17.3163     4.7421     47.758  31.624677     37.481      8.396   276.3460     1.0762     3.9424     0.0223      0.106      2.889      4.191        427 3.3503e+01   998.7742 0.0000e+00
      2.962    17.4396     3.9933     40.014  31.766490     37.607      8.395   276.2324     1.0876     3.9424     0.0224      0.087      2.907      4.217        428 3.2833e+01   998.7659 0.0000e+00
      2.988    17.5597     2.9388     29.338  31.761715     37.529      8.391   277.3681     1.0457     4.2164     0.0224      0.077      2.931      4.251        429 3.2052e+01   998.7514 0.0000e+00
      3.016    17.5804     1.8617     18.548  31.837982     37.492      8.390   277.6710     1.0152     4.2308     0.0224      0.076      2.956      4.288        430 3.1387e+01   998.7296 0.0000e+00
      3.040    17.5314     0.8613      8.578  31.671529     37.244      8.389   278.0117     1.0381     4.2452     0.0223      0.078      2.982      4.325        431 3.0577e+01   998.7081 0.0000e+00
      3.068    17.4663     0.0245      0.244  31.761422     37.204      8.390   278.5039     1.0381     4.3029     0.0223      0.082      3.007      4.361        432 2.9788e+01   998.7046 0.0000e+00
      3.089    17.2920    -0.6361     -6.333  32.259416     38.026      8.393   278.5417     1.0838     5.5718     0.0227      0.087      3.030      4.394        433 2.9391e+01   998.7136 0.0000e+00
      3.110    16.9058    -1.0034     -9.987  33.896225     39.704      8.393   279.1096     1.0876     5.6439     0.0234      0.092      3.055      4.433        434 2.8372e+01   998.7262 0.0000e+00
      3.151    16.4498    -1.1187    -11.140  36.421191     43.286      8.394   279.1474     1.0876     5.6872     0.0248      0.100      3.090      4.483        435 2.7063e+01   998.7584 0.0000e+00
      3.192    16.0409    -1.0818    -10.788  38.303583     45.467      8.393   280.2831     1.0609     5.6439     0.0256      0.108      3.130      4.540        436 2.6017e+01   998.8267 0.0000e+00
      3.234    15.7096    -0.9113     -9.105  43.112595     52.023      8.390   281.6081     1.0876     5.9756     0.0283      0.116      3.170      4.598        437 2.4908e+01   998.9066 0.0000e+00
      3.273    15.4725    -0.7182     -7.187  51.425438     62.593      8.385   282.4031     1.0762     6.0333     0.0328      0.126      3.206      4.651        438 2.3915e+01   998.9780 0.0000e+00
      3.302    15.2984    -0.5241     -5.251  61.200533     75.148      8.377   282.0624     1.1029     6.0765     0.0382      0.133      3.234      4.690        439 2.3543e+01   999.0358 0.0000e+00
      3.317    15.2057    -0.3434     -3.442  68.443278     84.815      8.371   282.4789     1.0838     6.1919     0.0424      0.133      3.249      4.712        440 2.3472e+01   999.0763 0.0000e+00
      3.320    15.1847 -9.990e-29 -9.990e-29  68.315842     84.764      8.366   285.6967     0.7825     5.8314     0.0424      0.126      3.255      4.722        441 2.3326e+01   999.1036 0.0000e+00
      3.324    15.1827 -9.990e-29 -9.990e-29  65.424630     81.275      8.360   284.5989     0.7825     5.9035     0.0408      0.110      3.259      4.727        442 2.3265e+01   999.1166 0.0000e+00
      3.326    15.1705 -9.990e-29 -9.990e-29  65.215005     81.104      8.354   284.2960     0.7519     5.7593     0.0407      0.086      3.262      4.732        443 2.3207e+01   999.1198 0.0000e+00
      3.331    15.1619 -9.990e-29 -9.990e-29  66.528783     82.814      8.352   284.7124     0.7901     5.8747     0.0414      0.062      3.267      4.739        444 2.2839e+01   999.1207 0.0000e+00
      3.337    15.1837 -9.990e-29 -9.990e-29  65.867160     82.073      8.345   284.7124     0.8816     6.3794     0.0411      0.042      3.273      4.747        445 2.2194e+01   999.1223 0.0000e+00
      3.344    15.2492 -9.990e-29 -9.990e-29  62.477238     77.740      8.341   284.1067     0.9389     6.3505     0.0392      0.028      3.279      4.757        446 2.1756e+01   999.1222 0.0000e+00
      3.350    15.3381 -9.990e-29 -9.990e-29  59.708347     74.219      8.337   282.9332     0.9045     6.2784     0.0376      0.021      3.287      4.767        447 2.0746e+01   999.1176 0.0000e+00
      3.362    15.4124 -9.990e-29 -9.990e-29  57.533051     71.598      8.331   281.1917     0.9045     6.2784     0.0365      0.021      3.297      4.781        448 1.9229e+01   999.1067 0.0000e+00
      3.373    15.4651 -9.990e-29 -9.990e-29  55.393790     68.458      8.325   282.5546     0.8931     6.2928     0.0351      0.025      3.306      4.795        449 1.8698e+01   999.0921 0.0000e+00
      3.378    15.4894 -9.990e-29 -9.990e-29  54.687182     67.813      8.324   282.2517     1.7476    10.1573     0.0348      0.028      3.312      4.803        450 1.8712e+01   999.0802 0.0000e+00
      3.378 -9.990e-29 -9.990e-29 -9.990e-29  55.534899     68.383      8.319   282.5924     1.7552    10.0708     0.0351      0.029      3.313      4.805        451 1.8704e+01   999.0723 0.0000e+00
      3.379 -9.990e-29 -9.990e-29 -9.990e-29  56.474570     70.030      8.315   282.7060     1.7629    10.0997     0.0359      0.026      3.313      4.805        452 1.8793e+01   999.0690 0.0000e+00
