Data/DataNotYetUploadedToEDI/Raw_CTD/RawDownloads/061019_fcr45.cnv
* Sea-Bird SBE19plus  Data File:
* FileName = C:\DATA\061019_fcr_0005.hex
* Software version 2.8.0.119
* Temperature SN = 7809
* Conductivity SN = 7809
* System UpLoad Time = Jun 10 2019 13:29:17
* <ApplicationData>
* <Seaterm232>
# nquan = 18
# nvalues = 588                         
# units = specified
# name 0 = depFM: Depth [fresh water, m]
# name 1 = tv290C: Temperature [ITS-90, deg C]
# name 2 = sbeox0Mg/L: Oxygen, SBE 43 [mg/l]
# name 3 = sbeox0PS: Oxygen, SBE 43 [% saturation]
# name 4 = c0uS/cm: Conductivity [uS/cm]
# name 5 = specc: Specific Conductance [uS/cm]
# name 6 = ph: pH
# name 7 = orp: Oxidation Reduction Potential [mV]
# name 8 = flECO-AFL: Fluorescence, WET Labs ECO-AFL/FL [mg/m^3]
# name 9 = turbWETntu0: Turbidity, WET Labs ECO [NTU]
# name 10 = sal00: Salinity, Practical [PSU]
# name 11 = dz/dtM: Descent Rate [m/s]
# name 12 = prdM: Pressure, Strain Gauge [db]
# name 13 = prdE: Pressure, Strain Gauge [psi]
# name 14 = scan: Scan Count
# name 15 = par/sat/log: PAR/Logarithmic, Satlantic
# name 16 = density00: Density [density, kg/m^3]
# name 17 = flag:  0.000e+00
# span 0 =     -0.592,      7.440       
# span 1 =     9.5564,    21.8794       
# span 2 =     0.8816,    12.9966       
# span 3 =      7.871,    137.047       
# span 4 =   1.185975, 150.603735       
# span 5 =      1.346,    217.481       
# span 6 =      6.844,      9.890       
# span 7 =  -657.1760,   310.9475       
# span 8 =     0.0538,     4.6659       
# span 9 =     0.5538,    33.6471       
# span 10 =     0.0096,     0.1014      
# span 11 =     -0.120,      0.252      
# span 12 =     -0.580,      7.296      
# span 13 =     -0.841,     10.581      
# span 14 =          1,        588      
# span 15 = 8.0007e-01, 1.1818e+03      
# span 16 =   997.8154,   999.8502      
# span 17 = 0.0000e+00, 0.0000e+00      
# interval = seconds: 0.25
# start_time = Jun 10 2019 12:25:06 [Instrument's time stamp, header]
# bad_flag = -9.990e-29
*END*
[from data line 403]
      3.408    14.6118    10.2123     98.551  25.747819     32.452      8.326   292.4732     3.1629     0.8133     0.0193      0.092      3.344      4.849        404 3.6941e+01   999.1773 0.0000e+00
      3.429    14.5111    10.0934     97.253  25.609913     32.258      8.326   292.9275     3.1476     0.8998     0.0192      0.087      3.364      4.879        405 3.6279e+01   999.1807 0.0000e+00
      3.454    14.4051     9.9354     95.561  25.448166     32.130      8.326   292.7382     3.1819     0.8998     0.0191      0.082      3.388      4.913        406 3.5766e+01   999.1895 0.0000e+00
      3.478    14.3126     9.7397     93.505  25.415980     32.143      8.325   292.8896     3.1552     0.8422     0.0191      0.077      3.413      4.949        407 3.5073e+01   999.2042 0.0000e+00
      3.508    14.2319     9.5035     91.072  25.442665     32.300      8.327   293.0410     2.4686     0.6259     0.0191      0.078      3.439      4.987        408 3.4522e+01   999.2196 0.0000e+00
      3.532    14.1554     9.2366     88.358  25.355755     32.234      8.325   293.5332     2.4686     0.5538     0.0190      0.084      3.465      5.026        409 3.4061e+01   999.2330 0.0000e+00
      3.560    14.0667     8.9075     85.048  25.227979     32.158      8.323   293.7982     2.5105     0.6835     0.0190      0.091      3.494      5.068        410 3.3305e+01   999.2446 0.0000e+00
      3.599    13.9657     8.5901     81.858  25.246279     32.221      8.325   293.5710     2.4991     0.7701     0.0190      0.101      3.526      5.113        411 3.2758e+01   999.2555 0.0000e+00
      3.624    13.8745     8.2894     78.887  25.333009     32.436      8.325   293.8360     2.2893     0.6403     0.0190      0.107      3.551      5.150        412 3.2564e+01   999.2682 0.0000e+00
      3.638    13.8056     8.0241     76.301  25.416270     32.593      8.326   294.2146     2.2893     0.6259     0.0191      0.107      3.568      5.176        413 3.2297e+01   999.2823 0.0000e+00
      3.656    13.7465     7.8058     74.153  25.498128     32.813      8.327   294.2146     2.3084     0.6547     0.0191      0.104      3.586      5.202        414 3.1923e+01   999.2950 0.0000e+00
      3.676    13.6767     7.6207     72.287  25.556980     32.907      8.326   294.0632     2.3160     0.6691     0.0191      0.099      3.606      5.232        415 3.1536e+01   999.3045 0.0000e+00
      3.702    13.5966     7.4567     70.599  25.580010     33.029      8.327   294.4039     2.3618     0.6403     0.0191      0.094      3.631      5.268        416 3.1099e+01   999.3127 0.0000e+00
      3.732    13.5132     7.3082     69.044  25.617588     33.089      8.325   294.4418     2.3389     0.5970     0.0191      0.093      3.661      5.310        417 3.0694e+01   999.3224 0.0000e+00
      3.765    13.4311     7.1872     67.705  25.628718     33.230      8.326   294.8582     2.3580     0.6547     0.0192      0.092      3.691      5.354        418 3.0331e+01   999.3333 0.0000e+00
      3.794    13.3513     7.0497     66.207  25.536569     33.121      8.324   294.8960     2.3503     0.7124     0.0191      0.094      3.719      5.395        419 3.0036e+01   999.3446 0.0000e+00
      3.820    13.2652     6.9221     64.837  25.376862     33.046      8.327   295.0475     2.2893     0.7124     0.0190      0.100      3.746      5.434        420 2.9696e+01   999.3555 0.0000e+00
      3.849    13.1791     6.8374     63.876  25.323969     32.969      8.327   295.3882     2.2855     0.5826     0.0190      0.107      3.774      5.474        421 2.9324e+01   999.3661 0.0000e+00
      3.876    13.1189     6.7830     63.184  25.424707     33.262      8.326   295.5396     2.3084     0.6114     0.0191      0.111      3.799      5.511        422 2.9129e+01   999.3776 0.0000e+00
      3.898    13.0822     6.7643     62.818  25.429242     33.265      8.326   296.0318     2.2817     0.6259     0.0190      0.111      3.821      5.543        423 2.8982e+01   999.3888 0.0000e+00
      3.917    13.0382     6.7641     62.696  25.436829     33.390      8.328   296.3346     2.2397     0.6259     0.0190      0.107      3.844      5.575        424 2.8634e+01   999.3966 0.0000e+00
      3.945    12.9716     6.7428     62.457  25.474525     33.422      8.325   296.6753     2.2244     0.5970     0.0190      0.103      3.870      5.613        425 2.8244e+01   999.4014 0.0000e+00
      3.976    12.8890     6.6894     61.879  25.382347     33.387      8.324   296.8268     2.2244     0.5538     0.0190      0.101      3.899      5.655        426 2.7946e+01   999.4072 0.0000e+00
      4.007    12.7913     6.5476     60.374  25.314606     33.299      8.326   297.3189     2.2435     0.6547     0.0189      0.102      3.930      5.700        427 2.7587e+01   999.4158 0.0000e+00
      4.040    12.6642     6.3086     57.935  25.084942     33.151      8.327   297.6596     2.2397     0.5970     0.0188      0.105      3.961      5.745        428 2.7147e+01   999.4262 0.0000e+00
      4.069    12.5290     6.0013     54.931  24.750001     32.682      8.324   297.9246     2.2473     0.5970     0.0186      0.108      3.988      5.785        429 2.6862e+01   999.4383 0.0000e+00
      4.091    12.4102     5.6134     51.215  24.665196     32.793      8.324   298.4168     2.2283     0.6547     0.0186      0.110      4.013      5.822        430 2.6636e+01   999.4542 0.0000e+00
      4.119    12.2946     5.0855     46.233  24.598151     32.726      8.326   298.9468     2.2321     0.6547     0.0185      0.113      4.042      5.862        431 2.6178e+01   999.4707 0.0000e+00
      4.155    12.1658     4.4904     40.695  24.478061     32.754      8.324   298.9468     2.2626     0.6403     0.0185      0.116      4.075      5.910        432 2.5738e+01   999.4851 0.0000e+00
      4.191    12.0334     3.8451     34.765  24.696215     33.043      8.324   299.2496     2.2321     0.5826     0.0185      0.117      4.106      5.956        433 2.5392e+01   999.4991 0.0000e+00
      4.215    11.9496     3.1848     28.741  25.126406     33.870      8.323   299.4389     2.2244     0.6259     0.0188      0.117      4.131      5.991        434 2.5197e+01   999.5145 0.0000e+00
      4.230    11.9178     2.5646     23.106  25.157104     33.918      8.324   299.3632     2.2321     0.6835     0.0188      0.113      4.150      6.019        435 2.5046e+01   999.5299 0.0000e+00
      4.251    11.8582     2.0126     18.102  25.013475     33.882      8.326   299.4389     2.2321     0.6259     0.0188      0.108      4.172      6.050        436 2.4676e+01   999.5395 0.0000e+00
      4.280    11.7186     1.5447     13.868  25.453276     34.400      8.324   299.3253     2.2321     0.8854     0.0190      0.105      4.199      6.090        437 2.4212e+01   999.5434 0.0000e+00
      4.315    11.5445     1.1570     10.367  26.416610     35.894      8.326   299.3253     2.2664     0.8710     0.0196      0.105      4.230      6.135        438 2.3794e+01   999.5508 0.0000e+00
      4.345    11.3978     0.9501      8.496  26.776674     36.449      8.325   299.6282     2.2092     0.8422     0.0197      0.104      4.259      6.178        439 2.3455e+01   999.5666 0.0000e+00
      4.370    11.2577     0.8816      7.871  26.900955     36.778      8.328   300.4611     2.2359     0.8998     0.0198      0.103      4.286      6.216        440 2.3101e+01   999.5858 0.0000e+00
      4.398    11.1040     0.9548      8.510  27.091405     37.270      8.323   300.9532     2.2397     0.8854     0.0200      0.103      4.311      6.253        441 2.2737e+01   999.6019 0.0000e+00
      4.422    10.9686     1.1471     10.214  26.806313     36.913      8.323   301.3696     2.2244     0.7412     0.0197      0.107      4.334      6.287        442 2.2452e+01   999.6167 0.0000e+00
      4.440    10.8662     1.4374     12.793  26.663368     36.955      8.321   301.8618     2.2244     0.8133     0.0197      0.107      4.354      6.315        443 2.2236e+01   999.6326 0.0000e+00
      4.458    10.7858     1.8249     16.239  26.617676     36.978      8.322   301.9375     2.2244     0.7701     0.0196      0.103      4.372      6.341        444 2.1981e+01   999.6465 0.0000e+00
      4.476    10.7149     2.2580     20.090  26.389282     36.811      8.323   302.0889     2.2511     0.8998     0.0195      0.095      4.391      6.369        445 2.1675e+01   999.6567 0.0000e+00
      4.499    10.6423     2.7099     24.105  25.999768     36.309      8.324   302.0889     2.2206     0.8854     0.0193      0.088      4.414      6.402        446 2.1322e+01   999.6647 0.0000e+00
      4.525    10.5641     3.1137     27.689  25.443699     35.638      8.322   303.0732     2.2206     0.8710     0.0189      0.085      4.439      6.438        447 2.0883e+01   999.6715 0.0000e+00
      4.554    10.4795     3.4819     30.933  25.067162     35.123      8.324   303.6411     2.2244     0.8566     0.0187      0.086      4.467      6.479        448 2.0508e+01   999.6785 0.0000e+00
      4.585    10.3974     3.7921     33.643  24.957787     35.122      8.321   303.8304     2.2359     0.8422     0.0187      0.089      4.498      6.524        449 2.0068e+01   999.6861 0.0000e+00
      4.622    10.3225     4.0538     35.934  24.809742     34.931      8.322   304.0954     2.3961     1.0873     0.0185      0.097      4.532      6.574        450 1.9479e+01   999.6943 0.0000e+00
      4.659    10.2573     4.2682     37.826  24.629435     34.815      8.318   304.3604     2.4381     1.0296     0.0185      0.107      4.566      6.622        451 1.9117e+01   999.7021 0.0000e+00
      4.686    10.2148     4.5010     39.877  24.530596     34.691      8.319   304.2468     2.4152     1.0873     0.0184      0.115      4.591      6.658        452 1.8903e+01   999.7091 0.0000e+00
      4.700    10.1932     4.7736     42.273  24.547732     34.835      8.316   304.3225     2.4037     1.1882     0.0184      0.117      4.607      6.682        453 1.8770e+01   999.7152 0.0000e+00
      4.708    10.1861     5.0541     44.741  24.578511     34.876      8.316   304.2089     2.1901     1.3180     0.0184      0.111      4.618      6.698        454 1.8663e+01   999.7192 0.0000e+00
      4.719    10.1790     5.3481     47.328  24.551542     34.898      8.316   304.1332     2.1710     1.3613     0.0184      0.100      4.631      6.716        455 1.8419e+01   999.7212 0.0000e+00
      4.738    10.1683     5.6257     49.768  24.462830     34.746      8.317   304.2089     2.1405     1.2748     0.0183      0.088      4.649      6.743        456 1.8161e+01   999.7219 0.0000e+00
      4.765    10.1551     5.8735     51.957  24.422351     34.713      8.315   304.6254     2.1520     1.3757     0.0183      0.079      4.673      6.778        457 1.7820e+01   999.7227 0.0000e+00
      4.793    10.1148     6.0630     53.642  24.453828     34.764      8.317   304.3604     1.9193     2.4572     0.0183      0.073      4.700      6.817        458 1.7412e+01   999.7238 0.0000e+00
      4.819    10.0572     6.2053     54.887  24.394042     34.696      8.315   304.4361     1.9498     2.4716     0.0183      0.073      4.725      6.853        459 1.7104e+01   999.7250 0.0000e+00
      4.842    10.0219     6.2979     55.692  24.348670     34.658      8.312   304.2846     1.9193     2.4139     0.0183      0.078      4.748      6.886        460 1.6776e+01   999.7287 0.0000e+00
      4.864    10.0117     6.3327     55.995  24.391834     34.795      8.311   304.2846     1.9269     2.4860     0.0183      0.086      4.770      6.919        461 1.6405e+01   999.7341 0.0000e+00
      4.888     9.9988     6.3341     56.005  24.399576     34.830      8.313   304.2846     1.5530     4.0145     0.0183      0.093      4.794      6.954        462 1.5982e+01   999.7373 0.0000e+00
      4.915     9.9791     6.3180     55.856  24.398282     34.839      8.313   304.3604     1.5607     4.0578     0.0183      0.097      4.821      6.992        463 1.5533e+01   999.7383 0.0000e+00
      4.945     9.9640     6.2810     55.520  24.393451     34.852      8.311   304.5496     1.5416     4.0578     0.0183      0.099      4.850      7.035        464 1.5032e+01   999.7396 0.0000e+00
      4.978     9.9504     6.2426     55.177  24.375977     34.832      8.311   304.6632     1.5645     4.0578     0.0183      0.101      4.880      7.078        465 1.4433e+01   999.7415 0.0000e+00
      5.005     9.9357     6.1891     54.702  24.390418     34.887      8.308   304.7389     1.5302     3.7838     0.0183      0.103      4.907      7.116        466 1.3984e+01   999.7429 0.0000e+00
      5.027     9.9338     6.1555     54.402  24.345867     34.821      8.307   304.8525     1.4882     3.8271     0.0182      0.105      4.931      7.151        467 1.3559e+01   999.7442 0.0000e+00
      5.051     9.9395     6.1141     54.035  24.401805     34.915      8.306   304.9282     1.4958     3.7550     0.0183      0.106      4.955      7.186        468 1.3073e+01   999.7456 0.0000e+00
      5.079     9.9301     6.0812     53.743  24.439280     34.998      8.305   305.2689     1.4958     3.7694     0.0183      0.107      4.982      7.225        469 1.2509e+01   999.7459 0.0000e+00
      5.111     9.9187     6.0528     53.487  24.358469     34.831      8.305   305.1554     1.5187     3.7838     0.0182      0.108      5.011      7.267        470 1.2010e+01   999.7456 0.0000e+00
      5.137     9.9156     6.0280     53.263  24.383901     34.921      8.302   305.2689     1.5035     3.4810     0.0183      0.107      5.036      7.304        471 1.1769e+01   999.7465 0.0000e+00
      5.158     9.9130     6.0073     53.079  24.378014     34.892      8.303   305.6475     1.5263     3.4810     0.0183      0.104      5.061      7.339        472 1.1426e+01   999.7476 0.0000e+00
      5.187     9.9083     5.9804     52.837  24.336181     34.856      8.301   305.7232     1.4958     3.5098     0.0182      0.103      5.087      7.378        473 1.0979e+01   999.7479 0.0000e+00
      5.217     9.9019     5.9565     52.619  24.347108     34.858      8.301   305.7989     1.4996     3.5387     0.0182      0.105      5.114      7.417        474 1.0732e+01   999.7484 0.0000e+00
      5.238     9.8984     5.9257     52.341  24.334797     34.863      8.298   305.9882     1.4882     3.7838     0.0182      0.105      5.137      7.451        475 1.0504e+01   999.7489 0.0000e+00
      5.261     9.8968     5.9036     52.144  24.351503     34.869      8.297   306.0639     1.5035     3.7838     0.0182      0.103      5.161      7.485        476 1.0162e+01   999.7495 0.0000e+00
      5.289     9.8945     5.8771     51.914  24.385556     34.953      8.296   305.8368     1.4996     3.6973     0.0183      0.102      5.187      7.523        477 9.8599e+00   999.7499 0.0000e+00
      5.318     9.8942     5.8488     51.660  24.351657     34.874      8.295   306.1018     1.4958     3.6973     0.0182      0.101      5.217      7.566        478 9.5657e+00   999.7502 0.0000e+00
      5.353     9.8928     5.8211     51.407  24.364073     34.917      8.291   306.1396     1.4386     3.7838     0.0183      0.104      5.250      7.614        479 9.2022e+00   999.7505 0.0000e+00
      5.390     9.8885     5.7964     51.182  24.340487     34.877      8.291   306.3289     1.4615     3.7694     0.0182      0.110      5.283      7.663        480 8.9058e+00   999.7508 0.0000e+00
      5.418     9.8857     5.7663     50.911  24.292156     34.798      8.291   306.1396     1.4386     3.8271     0.0182      0.113      5.312      7.704        481 8.7389e+00   999.7510 0.0000e+00
      5.441     9.8843     5.7501     50.765  24.335367     34.883      8.288   306.2532     1.4577     3.7261     0.0182      0.115      5.338      7.743        482 8.4413e+00   999.7515 0.0000e+00
