Data/DataNotYetUploadedToEDI/Raw_CTD/RawDownloads/061019_fcr20.cnv
* Sea-Bird SBE19plus  Data File:
* FileName = C:\DATA\061019_fcr_0003.hex
* Software version 2.8.0.119
* Temperature SN = 7809
* Conductivity SN = 7809
* System UpLoad Time = Jun 10 2019 13:28:37
* <ApplicationData>
* <Seaterm232>
# nquan = 18
# nvalues = 452                         
# units = specified
# name 0 = depFM: Depth [fresh water, m]
# name 1 = tv290C: Temperature [ITS-90, deg C]
# name 2 = sbeox0Mg/L: Oxygen, SBE 43 [mg/l]
# name 3 = sbeox0PS: Oxygen, SBE 43 [% saturation]
# name 4 = c0uS/cm: Conductivity [uS/cm]
# name 5 = specc: Specific Conductance [uS/cm]
# name 6 = ph: pH
# name 7 = orp: Oxidation Reduction Potential [mV]
# name 8 = flECO-AFL: Fluorescence, WET Labs ECO-AFL/FL [mg/m^3]
# name 9 = turbWETntu0: Turbidity, WET Labs ECO [NTU]
# name 10 = sal00: Salinity, Practical [PSU]
# name 11 = dz/dtM: Descent Rate [m/s]
# name 12 = prdM: Pressure, Strain Gauge [db]
# name 13 = prdE: Pressure, Strain Gauge [psi]
# name 14 = scan: Scan Count
# name 15 = par/sat/log: PAR/Logarithmic, Satlantic
# name 16 = density00: Density [density, kg/m^3]
# name 17 = flag:  0.000e+00
# span 0 =     -0.596,      3.379       
# span 1 =    15.1619,    21.6807       
# span 2 =    -1.1187,    10.0987       
# span 3 =    -11.140,    114.741       
# span 4 =   0.497583,  68.443278       
# span 5 =      0.537,     84.815       
# span 6 =      7.037,     10.129       
# span 7 = -1084.5844,   285.6967       
# span 8 =    -0.1522,     4.1471       
# span 9 =    -0.5998,    10.1573       
# span 10 =     0.0102,     0.0424      
# span 11 =     -0.094,      0.305      
# span 12 =     -0.584,      3.313      
# span 13 =     -0.847,      4.805      
# span 14 =          1,        452      
# span 15 = 1.8698e+01, 6.6701e+02      
# span 16 =   997.8609,   999.1223      
# span 17 = 0.0000e+00, 0.0000e+00      
# interval = seconds: 0.25
# start_time = Jun 10 2019 12:12:13 [Instrument's time stamp, header]
# bad_flag = -9.990e-29
*END*
[from data line 242]
     -0.030    21.6259     9.3375    106.051  30.638469     32.829      8.656   271.8031     3.5176     1.2748     0.0218      0.010     -0.030     -0.044        243 3.0671e+02   997.8710 0.0000e+00
     -0.032    21.6230     9.3366    106.022  30.604958     32.831      8.651   261.6952     3.5176     1.5920     0.0218      0.008     -0.030     -0.044        244 4.3304e+02   997.8717 0.0000e+00
     -0.031    21.6224     9.3213    105.833  30.583059     32.774      8.651   260.4081     3.5138     1.5631     0.0218      0.006     -0.030     -0.044        245 4.1307e+02   997.8726 0.0000e+00
     -0.029    21.6203     9.3145    105.740  30.665723     32.896      8.653   260.1052     3.4986     1.5487     0.0218      0.005     -0.029     -0.042        246 5.6224e+02   997.8732 0.0000e+00
     -0.026    21.6166     9.3160    105.736  30.679842     32.896      8.651   259.4995     3.4986     1.7073     0.0218      0.004     -0.029     -0.043        247 5.7890e+02   997.8734 0.0000e+00
     -0.034    21.6213     9.3215    105.785  30.624740     32.838      8.647   258.8181     3.6054     1.4045     0.0218      0.001     -0.040     -0.059        248 5.8233e+02   997.8738 0.0000e+00
     -0.066    21.6304     9.3252    105.839  30.615792     32.841      8.647   263.0581     3.5825     1.2892     0.0218     -0.009     -0.060     -0.086        249 6.0241e+02   997.8744 0.0000e+00
     -0.078    21.6335     9.3225    105.817  30.631726     32.837      8.646   259.1588     3.5901     1.2748     0.0218     -0.020     -0.071     -0.103        250 6.0159e+02   997.8734 0.0000e+00
     -0.071    21.6325     9.3240    105.832  30.664161     32.890      8.647   258.4774     3.5710     1.3036     0.0218     -0.025     -0.071     -0.103        251 6.0340e+02   997.8714 0.0000e+00
     -0.069    21.6323     9.3354    105.954  30.634676     32.829      8.645   258.2881     3.5176     1.4478     0.0218     -0.027     -0.068     -0.099        252 6.0512e+02   997.8706 0.0000e+00
     -0.069    21.6312     9.3436    106.050  30.609166     32.829      8.641   258.0988     3.5558     1.2748     0.0218     -0.026     -0.067     -0.097        253 6.1417e+02   997.8710 0.0000e+00
     -0.067    21.6233     9.3524    106.159  30.636656     32.830      8.637   257.7202     3.4986     1.2748     0.0218     -0.023     -0.064     -0.094        254 6.0714e+02   997.8710 0.0000e+00
     -0.061    21.6152     9.3613    106.263  30.659718     32.890      8.632   257.5688     3.5176     1.3036     0.0218     -0.015     -0.059     -0.085        255 6.0938e+02   997.8713 0.0000e+00
     -0.051    21.6080     9.3715    106.369  30.639720     32.836      8.628   257.3416     3.5482     1.2748     0.0218     -0.002     -0.050     -0.073        256 6.0123e+02   997.8730 0.0000e+00
     -0.042    21.5975     9.3797    106.450  30.602293     32.841      8.624   257.0766     3.6321     1.6208     0.0218      0.013     -0.039     -0.057        257 6.0886e+02   997.8749 0.0000e+00
     -0.026    21.5920     9.3762    106.394  30.587792     32.787      8.618   257.1524     3.6397     1.6208     0.0218      0.022     -0.024     -0.035        258 5.9435e+02   997.8765 0.0000e+00
     -0.006    21.5965     9.3811    106.439  30.598516     32.854      8.614   256.8116     3.6206     1.5920     0.0218      0.030     -0.004     -0.006        259 4.9463e+02   997.8790 0.0000e+00
      0.020    21.6013     9.3862    106.496  30.588952     32.798      8.607   255.5245     3.6702     1.5487     0.0218      0.042      0.020      0.029        260 4.6426e+02   997.8804 0.0000e+00
      0.047    21.6001     9.3944    106.586  30.658950     32.914      8.604   255.0324     3.6245     1.6064     0.0218      0.056      0.045      0.066        261 4.5148e+02   997.8795 0.0000e+00
      0.073    21.5971     9.4004    106.644  30.629909     32.851      8.593   254.8809     3.6321     1.6064     0.0218      0.069      0.070      0.101        262 4.1317e+02   997.8786 0.0000e+00
      0.095    21.5983     9.4028    106.668  30.565839     32.792      8.577   254.7295     3.6397     1.5776     0.0218      0.080      0.090      0.130        263 4.1330e+02   997.8789 0.0000e+00
      0.107    21.6029     9.4092    106.739  30.620180     32.854      8.562   254.4266     3.6359     1.5631     0.0218      0.085      0.103      0.150        264 4.0551e+02   997.8796 0.0000e+00
      0.114    21.6036     9.4096    106.731  30.621536     32.853      8.560   254.3131     3.6969     1.7073     0.0218      0.084      0.112      0.163        265 3.9713e+02   997.8794 0.0000e+00
      0.122    21.5993     9.4148    106.766  30.623403     32.850      8.561   254.3888     3.7084     1.6208     0.0218      0.077      0.120      0.174        266 3.9169e+02   997.8784 0.0000e+00
      0.131    21.5928     9.4224    106.823  30.617854     32.850      8.560   254.3888     3.6969     1.5199     0.0218      0.067      0.126      0.184        267 3.7673e+02   997.8783 0.0000e+00
      0.135    21.5856     9.4288    106.884  30.569190     32.793      8.552   254.1995     3.6969     1.6785     0.0218      0.054      0.131      0.190        268 3.7763e+02   997.8791 0.0000e+00
      0.135    21.5804     9.4343    106.951  30.565463     32.797      8.545   254.3888     3.6817     1.3757     0.0218      0.041      0.133      0.192        269 3.8205e+02   997.8806 0.0000e+00
      0.136    21.5798     9.4402    107.010  30.622495     32.862      8.541   254.0481     3.6931     1.3324     0.0218      0.029      0.134      0.193        270 3.8186e+02   997.8823 0.0000e+00
      0.138    21.5785     9.4435    107.042  30.616722     32.866      8.543   254.6916     3.7198     1.3613     0.0218      0.020      0.137      0.198        271 3.7624e+02   997.8835 0.0000e+00
      0.144    21.5738     9.4505    107.118  30.631902     32.867      8.547   254.0859     3.6969     1.3469     0.0218      0.016      0.142      0.206        272 3.6228e+02   997.8836 0.0000e+00
      0.153    21.5720     9.4464    107.060  30.662857     32.927      8.551   253.8588     3.9602     1.6641     0.0218      0.015      0.152      0.221        273 3.4522e+02   997.8839 0.0000e+00
      0.169    21.5711     9.4386    106.945  30.637451     32.871      8.554   254.3131     3.9487     1.5199     0.0218      0.018      0.166      0.241        274 3.1900e+02   997.8850 0.0000e+00
      0.188    21.5650     9.4320    106.851  30.663520     32.932      8.554   253.8966     3.9678     1.6064     0.0218      0.024      0.183      0.266        275 3.0356e+02   997.8856 0.0000e+00
      0.203    21.5533     9.4323    106.834  30.630417     32.873      8.554   253.7452     3.9487     1.6208     0.0218      0.033      0.199      0.288        276 2.9612e+02   997.8859 0.0000e+00
      0.217    21.5393     9.4331    106.824  30.619396     32.877      8.546   254.0102     3.9487     1.5199     0.0218      0.043      0.211      0.305        277 2.9624e+02   997.8872 0.0000e+00
      0.223    21.5343     9.4428    106.920  30.617984     32.885      8.532   253.8588     3.9716     1.5776     0.0218      0.048      0.217      0.314        278 3.0159e+02   997.8898 0.0000e+00
      0.222    21.5357     9.4562    107.063  30.632178     32.895      8.527   253.8588     4.0250     1.5199     0.0218      0.048      0.219      0.318        279 3.0632e+02   997.8930 0.0000e+00
      0.225    21.5327     9.4759    107.280  30.660990     32.959      8.534   253.7074     3.9945     1.5776     0.0218      0.044      0.223      0.323        280 3.0905e+02   997.8941 0.0000e+00
      0.234    21.5295     9.4908    107.427  30.641384     32.897      8.542   253.8588     4.0021     1.7073     0.0218      0.038      0.232      0.336        281 3.1108e+02   997.8938 0.0000e+00
      0.249    21.5282     9.4961    107.462  30.597326     32.900      8.547   253.7452     3.9411     1.5487     0.0218      0.033      0.248      0.359        282 3.1149e+02   997.8946 0.0000e+00
      0.274    21.5219     9.4962    107.451  30.597317     32.842      8.552   253.8209     3.9411     1.5199     0.0218      0.034      0.269      0.391        283 3.0557e+02   997.8954 0.0000e+00
      0.300    21.5100     9.5040    107.527  30.641397     32.963      8.546   253.9724     3.9335     1.6641     0.0218      0.041      0.293      0.425        284 3.0292e+02   997.8959 0.0000e+00
      0.322    21.5001     9.5029    107.510  30.601722     32.847      8.537   254.2374     3.9487     1.6352     0.0218      0.051      0.315      0.456        285 2.9775e+02   997.8973 0.0000e+00
      0.340    21.4906     9.4983    107.449  30.646695     32.976      8.529   254.0481     4.0059     1.5055     0.0218      0.063      0.334      0.484        286 2.9192e+02   997.9001 0.0000e+00
      0.358    21.4814     9.4878    107.331  30.644686     32.923      8.523   254.3131     4.0097     1.5343     0.0218      0.073      0.351      0.509        287 2.8439e+02   997.9024 0.0000e+00
      0.376    21.4749     9.4813    107.245  30.604225     32.930      8.522   254.6159     3.9945     1.5487     0.0218      0.079      0.367      0.533        288 2.7593e+02   997.9044 0.0000e+00
      0.389    21.4708     9.4726    107.130  30.637799     32.936      8.520   254.6538     4.0136     1.5487     0.0218      0.079      0.382      0.554        289 2.7048e+02   997.9066 0.0000e+00
      0.403    21.4675     9.4554    106.915  30.662160     33.001      8.527   254.5402     4.0632     1.6208     0.0218      0.075      0.394      0.572        290 2.6574e+02   997.9081 0.0000e+00
      0.414    21.4570     9.4396    106.716  30.692416     33.004      8.526   254.5402     4.0822     1.5920     0.0218      0.068      0.407      0.591        291 2.6205e+02   997.9091 0.0000e+00
      0.429    21.4457     9.4178    106.455  30.807535     33.156      8.529   254.8431     4.0670     1.5920     0.0219      0.062      0.421      0.611        292 2.5630e+02   997.9100 0.0000e+00
      0.447    21.4391     9.3938    106.179  30.785538     33.134      8.527   255.1459     4.0899     1.4910     0.0219      0.059      0.437      0.634        293 2.5433e+02   997.9123 0.0000e+00
      0.461    21.4342     9.3669    105.861  30.690167     33.022      8.525   255.1081     3.9602     1.8515     0.0218      0.058      0.452      0.656        294 2.5294e+02   997.9148 0.0000e+00
      0.477    21.4307     9.3419    105.566  30.718841     33.086      8.519   254.9566     3.9487     1.7939     0.0219      0.057      0.468      0.679        295 2.4842e+02   997.9164 0.0000e+00
      0.493    21.4281     9.3023    105.113  30.690605     33.030      8.514   255.3352     3.9335     1.7650     0.0218      0.058      0.483      0.700        296 2.4765e+02   997.9176 0.0000e+00
      0.506    21.4270     9.2701    104.749  30.666056     33.032      8.514   255.5245     3.9411     1.8083     0.0218      0.058      0.498      0.723        297 2.4346e+02   997.9183 0.0000e+00
      0.528    21.4216     9.2428    104.441  30.630887     32.974      8.516   256.0166     3.9830     1.6497     0.0218      0.061      0.516      0.748        298 2.3799e+02   997.9190 0.0000e+00
      0.544    21.4130     9.2163    104.148  30.675121     33.034      8.510   255.7516     3.7046     1.7650     0.0218      0.063      0.532      0.771        299 2.3630e+02   997.9193 0.0000e+00
      0.556    21.4041     9.2005    103.986  30.670262     33.039      8.507   255.9409     3.6893     1.8948     0.0218      0.063      0.545      0.791        300 2.3176e+02   997.9206 0.0000e+00
      0.569    21.3936     9.1823    103.795  30.577685     32.924      8.504   255.8274     3.7046     1.7650     0.0218      0.061      0.557      0.809        301 2.2876e+02   997.9226 0.0000e+00
      0.581    21.3870     9.1702    103.661  30.553326     32.931      8.504   256.4331     3.7046     1.8371     0.0218      0.060      0.569      0.825        302 2.2537e+02   997.9246 0.0000e+00
      0.590    21.3841     9.1728    103.674  30.522824     32.878      8.503   256.3195     3.5901     1.8371     0.0218      0.057      0.579      0.839        303 2.2145e+02   997.9269 0.0000e+00
      0.600    21.3780     9.1909    103.859  30.556395     32.943      8.503   256.7738     3.5939     1.7073     0.0218      0.053      0.589      0.854        304 2.1764e+02   997.9284 0.0000e+00
      0.612    21.3720     9.2012    103.955  30.511548     32.884      8.507   256.4331     3.6054     1.7650     0.0218      0.050      0.600      0.870        305 2.1426e+02   997.9291 0.0000e+00
      0.622    21.3692     9.2026    103.942  30.460133     32.829      8.508   257.0766     3.5787     1.7506     0.0217      0.045      0.610      0.885        306 2.1112e+02   997.9304 0.0000e+00
      0.633    21.3688     9.1986    103.868  30.501879     32.893      8.509   256.8874     3.6969     1.7650     0.0218      0.043      0.621      0.901        307 2.0658e+02   997.9318 0.0000e+00
      0.646    21.3694     9.1833    103.679  30.518850     32.896      8.509   257.0388     3.7008     1.9092     0.0218      0.043      0.634      0.919        308 2.0346e+02   997.9326 0.0000e+00
      0.659    21.3727     9.1595    103.401  30.498265     32.896      8.511   257.3038     3.7122     1.7362     0.0218      0.044      0.646      0.937        309 1.9959e+02   997.9328 0.0000e+00
      0.671    21.3804     9.1369    103.142  30.468245     32.835      8.511   257.5309     3.6855     1.7362     0.0217      0.045      0.658      0.954        310 1.9614e+02   997.9326 0.0000e+00
      0.682    21.3880     9.1041    102.767  30.556209     32.953      8.510   257.8717     3.6855     2.0102     0.0218      0.046      0.668      0.969        311 1.9376e+02   997.9320 0.0000e+00
      0.691    21.3892     9.0720    102.403  30.566550     32.948      8.510   257.4552     3.6969     1.9957     0.0218      0.046      0.678      0.984        312 1.9037e+02   997.9302 0.0000e+00
      0.702    21.3815     9.0494    102.135  30.514627     32.882      8.509   257.3795     3.7046     1.9669     0.0218      0.045      0.689      1.000        313 1.8684e+02   997.9286 0.0000e+00
      0.714    21.3717     9.0320    101.909  30.502320     32.881      8.511   257.4931     3.7122     2.0534     0.0218      0.045      0.700      1.016        314 1.8249e+02   997.9285 0.0000e+00
      0.726    21.3614     9.0199    101.718  30.404109     32.766      8.509   257.3795     3.7999     2.0390     0.0217      0.045      0.713      1.034        315 1.7717e+02   997.9301 0.0000e+00
      0.742    21.3468     9.0076    101.489  30.340592     32.713      8.507   257.4931     3.8152     2.0678     0.0217      0.045      0.727      1.054        316 1.7208e+02   997.9323 0.0000e+00
      0.755    21.3332     8.9920    101.229  30.403612     32.780      8.506   257.7202     3.8190     2.0102     0.0217      0.046      0.739      1.072        317 1.6698e+02   997.9347 0.0000e+00
      0.765    21.3248     8.9574    100.792  30.444190     32.851      8.504   257.6824     3.8266     2.0823     0.0217      0.047      0.748      1.085        318 1.6299e+02   997.9380 0.0000e+00
      0.769    21.3204     8.9134    100.303  30.408605     32.801      8.498   257.5688     3.8037     2.0534     0.0217      0.046      0.754      1.094        319 1.5881e+02   997.9410 0.0000e+00
      0.774    21.3182     8.8645     99.800  30.388651     32.806      8.497   258.1745     4.0632     2.0534     0.0217      0.043      0.761      1.104        320 1.5436e+02   997.9428 0.0000e+00
      0.785    21.3162     8.8357     99.512  30.409774     32.810      8.497   258.0988     4.0784     2.0534     0.0217      0.041      0.771      1.119        321 1.5054e+02   997.9439 0.0000e+00
