Data/DataNotYetUploadedToEDI/Raw_CTD/RawDownloads/061019_fcr45.cnv
* Sea-Bird SBE19plus  Data File:
* FileName = C:\DATA\061019_fcr_0005.hex
* Software version 2.8.0.119
* Temperature SN = 7809
* Conductivity SN = 7809
* System UpLoad Time = Jun 10 2019 13:29:17
* <ApplicationData>
* <Seaterm232>
# nquan = 18
# nvalues = 588                         
# units = specified
# name 0 = depFM: Depth [fresh water, m]
# name 1 = tv290C: Temperature [ITS-90, deg C]
# name 2 = sbeox0Mg/L: Oxygen, SBE 43 [mg/l]
# name 3 = sbeox0PS: Oxygen, SBE 43 [% saturation]
# name 4 = c0uS/cm: Conductivity [uS/cm]
# name 5 = specc: Specific Conductance [uS/cm]
# name 6 = ph: pH
# name 7 = orp: Oxidation Reduction Potential [mV]
# name 8 = flECO-AFL: Fluorescence, WET Labs ECO-AFL/FL [mg/m^3]
# name 9 = turbWETntu0: Turbidity, WET Labs ECO [NTU]
# name 10 = sal00: Salinity, Practical [PSU]
# name 11 = dz/dtM: Descent Rate [m/s]
# name 12 = prdM: Pressure, Strain Gauge [db]
# name 13 = prdE: Pressure, Strain Gauge [psi]
# name 14 = scan: Scan Count
# name 15 = par/sat/log: PAR/Logarithmic, Satlantic
# name 16 = density00: Density [density, kg/m^3]
# name 17 = flag:  0.000e+00
# span 0 =     -0.592,      7.440       
# span 1 =     9.5564,    21.8794       
# span 2 =     0.8816,    12.9966       
# span 3 =      7.871,    137.047       
# span 4 =   1.185975, 150.603735       
# span 5 =      1.346,    217.481       
# span 6 =      6.844,      9.890       
# span 7 =  -657.1760,   310.9475       
# span 8 =     0.0538,     4.6659       
# span 9 =     0.5538,    33.6471       
# span 10 =     0.0096,     0.1014      
# span 11 =     -0.120,      0.252      
# span 12 =     -0.580,      7.296      
# span 13 =     -0.841,     10.581      
# span 14 =          1,        588      
# span 15 = 8.0007e-01, 1.1818e+03      
# span 16 =   997.8154,   999.8502      
# span 17 = 0.0000e+00, 0.0000e+00      
# interval = seconds: 0.25
# start_time = Jun 10 2019 12:25:06 [Instrument's time stamp, header]
# bad_flag = -9.990e-29
*END*
[from data line 81]
      0.125    21.7081     7.3199     83.195  30.689590     32.839      9.452   267.2224     1.5454     1.2027     0.0218     -0.009      0.121      0.176         82 4.9778e+02   997.8559 0.0000e+00
      0.118    21.7121     7.2637     82.546  30.664055     32.837      9.441   267.1088     1.5569     1.2171     0.0218     -0.008      0.116      0.169         83 5.0087e+02   997.8552 0.0000e+00
      0.115    21.7143     7.2089     81.920  30.695526     32.836      9.429   267.2224     1.6904     1.2171     0.0218     -0.006      0.114      0.166         84 5.1019e+02   997.8549 0.0000e+00
      0.118    21.7101     7.1658     81.431  30.768928     32.953      9.414   267.2981     1.7094     1.1594     0.0219     -0.005      0.115      0.166         85 5.0966e+02   997.8540 0.0000e+00
      0.118    21.7042     7.1321     81.048  30.750464     32.891      9.402   267.6010     1.6675     1.1450     0.0219     -0.006      0.115      0.166         86 5.2236e+02   997.8535 0.0000e+00
      0.115    21.7025     7.0994     80.676  30.718503     32.894      9.394   267.6767     1.6751     1.0729     0.0219     -0.008      0.114      0.165         87 5.3086e+02   997.8544 0.0000e+00
      0.114    21.7045     7.0717     80.356  30.690200     32.839      9.382   267.6010     1.6980     1.1017     0.0218     -0.007      0.113      0.165         88 5.2686e+02   997.8557 0.0000e+00
      0.117    21.6989     7.0498     80.101  30.667184     32.840      9.374   267.6010     1.6713     1.0873     0.0218     -0.005      0.115      0.168         89 5.1943e+02   997.8561 0.0000e+00
      0.123    21.6825     7.0339     79.914  30.687894     32.839      9.367   267.6388     1.6827     1.0296     0.0218     -0.001      0.119      0.172         90 5.0362e+02   997.8557 0.0000e+00
      0.123    21.6738     7.0210     79.761  30.723680     32.902      9.356   267.4495     1.6675     1.0873     0.0219      0.003      0.121      0.176         91 4.9692e+02   997.8570 0.0000e+00
      0.127    21.6690     6.9973     79.490  30.741158     32.914      9.347   267.6767     1.6980     1.0873     0.0219      0.005      0.125      0.182         92 4.8288e+02   997.8608 0.0000e+00
      0.135    21.6623     6.9671     79.151  30.725400     32.920      9.329   267.8660     1.7056     1.1161     0.0219      0.008      0.130      0.188         93 4.6515e+02   997.8627 0.0000e+00
      0.136    21.6602     6.9224     78.644  30.684041     32.863      9.309   267.7903     1.6599     1.0008     0.0218      0.010      0.133      0.192         94 4.5965e+02   997.8636 0.0000e+00
      0.136    21.6606     6.8767     78.118  30.674127     32.868      9.296   267.6388     1.6637     1.0873     0.0218      0.012      0.133      0.193         95 4.5478e+02   997.8652 0.0000e+00
      0.137    21.6610     6.8262     77.533  30.619234     32.810      9.288   268.2445     1.7056     1.1738     0.0218      0.012      0.133      0.193         96 4.6518e+02   997.8657 0.0000e+00
      0.135    21.6605     6.7728     76.914  30.574596     32.750      9.282   268.0174     1.6904     1.1161     0.0218      0.010      0.132      0.192         97 4.6877e+02   997.8655 0.0000e+00
      0.133    21.6577     6.7171     76.271  30.611173     32.809      9.278   268.0553     1.6789     1.2027     0.0218      0.007      0.132      0.192         98 4.6867e+02   997.8655 0.0000e+00
      0.137    21.6535     6.6726     75.755  30.573715     32.750      9.273   267.9038     1.6827     1.0729     0.0218      0.005      0.135      0.196         99 4.6385e+02   997.8656 0.0000e+00
      0.142    21.6495     6.6389     75.364  30.561960     32.752      9.266   268.1688     1.6942     1.0729     0.0218      0.004      0.139      0.202        100 4.5959e+02   997.8662 0.0000e+00
      0.146    21.6450     6.6095     75.023  30.566552     32.755      9.262   268.0931     1.8277     1.1161     0.0218      0.004      0.143      0.207        101 4.5265e+02   997.8672 0.0000e+00
      0.150    21.6434     6.5881     74.773  30.508751     32.698      9.258   268.3203     1.8239     1.1738     0.0218      0.006      0.145      0.210        102 4.3613e+02   997.8681 0.0000e+00
      0.149    21.6462     6.5553     74.393  30.515390     32.701      9.248   268.3581     1.8163     1.0729     0.0218      0.008      0.145      0.210        103 4.3743e+02   997.8691 0.0000e+00
      0.144    21.6468     6.5251     74.043  30.558293     32.762      9.241   268.4717     1.8010     1.0585     0.0218      0.007      0.142      0.205        104 4.3574e+02   997.8695 0.0000e+00
      0.140    21.6426     6.4913     73.651  30.514611     32.700      9.235   268.9260     1.7323     1.1161     0.0218      0.006      0.140      0.202        105 4.3772e+02   997.8688 0.0000e+00
      0.141    21.6350     6.4584     73.272  30.451245     32.640      9.233   268.5853     1.7705     1.1450     0.0217      0.003      0.140      0.202        106 4.4573e+02   997.8686 0.0000e+00
      0.144    21.6266     6.4178     72.811  30.459396     32.643      9.229   268.6610     1.7552     0.9287     0.0217      0.001      0.141      0.205        107 4.4510e+02   997.8695 0.0000e+00
      0.147    21.6193     6.3787     72.368  30.504469     32.708      9.224   268.5853     1.7247     1.1017     0.0218     -0.001      0.143      0.208        108 4.4484e+02   997.8713 0.0000e+00
      0.147    21.6127     6.3381     71.905  30.513657     32.714      9.219   268.1688     1.8086     1.1161     0.0218     -0.001      0.145      0.210        109 4.4646e+02   997.8732 0.0000e+00
      0.149    21.6070     6.3008     71.472  30.507216     32.719      9.214   268.6988     1.7819     1.1450     0.0218      0.000      0.146      0.212        110 4.4736e+02   997.8748 0.0000e+00
      0.151    21.6015     6.2619     71.021  30.512489     32.724      9.212   268.8124     1.7896     1.1306     0.0218      0.003      0.148      0.215        111 4.4069e+02   997.8763 0.0000e+00
      0.152    21.5963     6.2350     70.706  30.507098     32.728      9.205   269.1531     1.8010     1.1161     0.0218      0.006      0.149      0.217        112 4.3749e+02   997.8776 0.0000e+00
      0.153    21.5912     6.2091     70.405  30.513928     32.731      9.197   269.1153     1.7896     1.0729     0.0218      0.006      0.150      0.218        113 4.3544e+02   997.8788 0.0000e+00
      0.155    21.5857     6.1867     70.146  30.444739     32.675      9.192   268.6988     1.8697     1.1017     0.0217      0.006      0.152      0.220        114 4.2867e+02   997.8801 0.0000e+00
      0.156    21.5806     6.1618     69.862  30.415448     32.619      9.186   269.2288     1.8620     1.1161     0.0217      0.006      0.153      0.222        115 4.3178e+02   997.8811 0.0000e+00
      0.157    21.5769     6.1378     69.595  30.491132     32.742      9.179   269.0774     1.8697     1.0873     0.0218      0.005      0.153      0.222        116 4.3685e+02   997.8823 0.0000e+00
      0.157    21.5756     6.1161     69.274  30.469059     32.686      9.176   269.4938     1.8659     1.0873     0.0217      0.005      0.153      0.222        117 4.4039e+02   997.8835 0.0000e+00
      0.154    21.5759     6.1205     69.204  30.442918     32.689      9.174   269.1531     1.8315     1.1882     0.0217      0.003      0.151      0.219        118 4.4734e+02   997.8843 0.0000e+00
      0.151    21.5744     6.1849     69.865  30.405160     32.630      9.167   269.2288     1.8926     1.2171     0.0217      0.001      0.149      0.215        119 4.5206e+02   997.8845 0.0000e+00
      0.150    21.5682     6.3509     71.703  30.397546     32.629      9.166   269.2288     1.8544     1.1450     0.0217     -0.001      0.148      0.215        120 4.5088e+02   997.8844 0.0000e+00
      0.152    21.5606     6.5736     74.194  30.393144     32.630      9.164   269.4938     1.8468     1.1161     0.0217     -0.002      0.149      0.217        121 4.4940e+02   997.8848 0.0000e+00
      0.155    21.5537     6.8136     76.893  30.351388     32.575      9.161   269.1910     1.8506     1.1450     0.0217     -0.002      0.152      0.220        122 4.4498e+02   997.8862 0.0000e+00
      0.157    21.5487     7.0479     79.546  30.390259     32.640      9.154   269.3803     1.8697     1.1161     0.0217     -0.001      0.153      0.222        123 4.3519e+02   997.8879 0.0000e+00
      0.156    21.5430     7.2224     81.552  30.404024     32.645      9.148   269.6453     1.8811     1.0440     0.0217      0.000      0.153      0.222        124 4.3727e+02   997.8894 0.0000e+00
      0.156    21.5445     7.3354     82.904  30.393514     32.649      9.141   269.8724     1.8506     1.1161     0.0217      0.001      0.151      0.220        125 4.3385e+02   997.8906 0.0000e+00
      0.152    21.5454     7.3738     83.414  30.403342     32.652      9.134   269.6453     1.8582     1.0152     0.0217      0.002      0.145      0.210        126 4.7239e+02   997.8917 0.0000e+00
      0.138    21.4901     7.3501     83.187  30.391795     32.652      9.128   269.3045     1.8811     1.0873     0.0217     -0.002      0.126      0.183        127 5.2147e+02   997.8914 0.0000e+00
      0.096    21.4038     7.2796     82.403  30.348630     32.590      9.125   269.6074     1.8582     1.0873     0.0217     -0.017      0.087      0.126        128 6.9820e+02   997.8910 0.0000e+00
      0.030    21.3528     7.1929     81.439  30.397812     32.689      9.125   269.5695     1.8811     1.0296     0.0217     -0.046      0.035      0.051        129 9.1295e+02   997.9030 0.0000e+00
     -0.017    21.3265     7.1225     80.660  30.389861     32.752      9.123   296.8646     1.7896     1.1306     0.0217     -0.079     -0.007     -0.010        130 8.2453e+02   997.9219 0.0000e+00
     -0.033    21.3097     7.0765     80.157  30.358554     32.726      9.116   298.2653     1.7972     1.1161     0.0217     -0.104     -0.028     -0.041        131 7.4616e+02   997.9330 0.0000e+00
     -0.039    21.3037     7.0562     79.963  30.436797     32.866      9.085   297.1296     1.8086     1.1882     0.0217     -0.117     -0.038     -0.055        132 7.8361e+02   997.9388 0.0000e+00
     -0.047    21.3090     7.0549     79.941  30.411006     32.817      9.065   296.9403     1.8124     1.2027     0.0217     -0.120     -0.045     -0.065        133 7.6139e+02   997.9425 0.0000e+00
     -0.052    21.3330     7.0571     79.842  30.390656     32.822      9.055   296.9782     1.8201     0.9864     0.0217     -0.111     -0.048     -0.069        134 7.1512e+02   997.9438 0.0000e+00
     -0.047    21.3791     7.0489     79.649  30.402871     32.817      9.047   297.0539     1.6103     1.0873     0.0217     -0.089     -0.043     -0.062        135 6.5258e+02   997.9427 0.0000e+00
     -0.033    21.4263     7.0754     79.910  30.395801     32.801      9.044   296.9403     1.6179     1.0585     0.0217     -0.054     -0.031     -0.045        136 5.3779e+02   997.9375 0.0000e+00
     -0.015    21.4513     7.1448     80.688  30.458695     32.828      9.046   297.0539     1.6293     1.1161     0.0217     -0.018     -0.016     -0.024        137 4.1453e+02   997.9274 0.0000e+00
     -0.002    21.4610     7.2226     81.575  30.502339     32.855      9.037   296.7132     1.6255     1.1594     0.0218      0.008     -0.004     -0.006        138 3.7921e+02   997.9170 0.0000e+00
      0.005    21.4709     7.3005     82.468  30.519227     32.837      9.026   296.2968     1.7438     1.0152     0.0218      0.022      0.004      0.005        139 3.6875e+02   997.9116 0.0000e+00
      0.009    21.4826     7.3605     83.150  30.496920     32.831      9.012   295.9939     1.7323     1.1450     0.0218      0.031      0.009      0.012        140 3.6165e+02   997.9094 0.0000e+00
      0.013    21.4945     7.3957     83.553  30.470842     32.763      9.001   296.3346     1.7667     1.0729     0.0217      0.036      0.012      0.017        141 3.6226e+02   997.9072 0.0000e+00
      0.015    21.5184     7.4047     83.643  30.492424     32.815      8.991   296.3346     1.7362     1.0873     0.0218      0.036      0.012      0.017        142 3.4696e+02   997.9046 0.0000e+00
      0.009    21.5097     7.3765     83.317  30.410804     32.686      8.990   296.1832     1.8392     1.1882     0.0217      0.029      0.004      0.005        143 3.7539e+02   997.9019 0.0000e+00
     -0.015    21.4349     7.3007     82.456  30.335403     32.610      8.980   295.2746     1.8430     1.0296     0.0217      0.012     -0.016     -0.023        144 4.1662e+02   997.8966 0.0000e+00
     -0.044    21.3684     7.2049     81.367  30.349247     32.614      8.964   294.5553     1.8468     1.1450     0.0217     -0.009     -0.038     -0.056        145 4.5759e+02   997.8984 0.0000e+00
     -0.058    21.3443     7.0949     80.117  30.393582     32.730      8.952   293.7982     1.8582     1.1450     0.0217     -0.028     -0.053     -0.076        146 4.3699e+02   997.9149 0.0000e+00
     -0.059    21.3394     6.9897     78.927  30.398756     32.775      8.953   283.5767     1.6293     1.1882     0.0217     -0.039     -0.056     -0.081        147 4.8399e+02   997.9295 0.0000e+00
     -0.055    21.3456     6.8960     77.855  30.402085     32.793      8.946   276.8003     1.6522     1.0729     0.0217     -0.044     -0.052     -0.075        148 6.0460e+02   997.9348 0.0000e+00
     -0.045    21.3524     6.8144     76.889  30.389452     32.796      8.945   293.5710     1.5912     1.0296     0.0217     -0.041     -0.044     -0.063        149 6.3234e+02   997.9359 0.0000e+00
     -0.030    21.3569     6.7734     76.394  30.355229     32.732      8.935   276.1946     1.6103     1.1161     0.0217     -0.029     -0.034     -0.049        150 7.0979e+02   997.9347 0.0000e+00
     -0.028    21.3588     6.8051     76.739  30.385423     32.786      8.921   275.2481     1.7781     1.1738     0.0217     -0.013     -0.033     -0.049        151 8.6767e+02   997.9332 0.0000e+00
     -0.047    21.3528     6.8942     77.745  30.351875     32.724      8.913   274.7181     1.7857     1.1017     0.0217     -0.001     -0.043     -0.062        152 1.0608e+03   997.9321 0.0000e+00
     -0.053    21.3472     6.9934     78.894  30.337724     32.721      8.905   273.8474     1.8048     1.0873     0.0217      0.005     -0.051     -0.073        153 1.0952e+03   997.9316 0.0000e+00
     -0.055    21.3443     7.0870     79.999  30.343780     32.727      8.896   273.6203     1.7781     1.0873     0.0217      0.004     -0.057     -0.083        154 1.0489e+03   997.9330 0.0000e+00
     -0.070    21.3397     7.1549     80.800  30.344341     32.730      8.885   273.1660     1.8124     1.0729     0.0217     -0.005     -0.065     -0.094        155 1.0791e+03   997.9342 0.0000e+00
     -0.072    21.3355     7.1806     81.105  30.396280     32.793      8.877   272.9010     1.7705     1.1306     0.0217     -0.014     -0.070     -0.101        156 1.0227e+03   997.9347 0.0000e+00
     -0.071    21.3340     7.1673     80.982  30.338394     32.735      8.868   272.2574     1.7171     1.1017     0.0217     -0.021     -0.071     -0.103        157 8.0219e+02   997.9357 0.0000e+00
     -0.073    21.3235     7.1150     80.416  30.268251     32.648      8.855   272.1438     1.7476     1.0873     0.0217     -0.024     -0.079     -0.114        158 8.3456e+02   997.9366 0.0000e+00
     -0.099    21.2953     7.0326     79.507  30.335446     32.740      8.845   292.1325     1.7476     1.2315     0.0217     -0.027     -0.103     -0.149        159 1.0787e+03   997.9368 0.0000e+00
     -0.146    21.2731     6.9311     78.380  30.402903     32.807      8.840   291.2996     1.7781     1.0296     0.0217     -0.037     -0.131     -0.190        160 1.1134e+03   997.9390 0.0000e+00
