Data/DataNotYetUploadedToEDI/Raw_CTD/RawDownloads/061019_fcr20.cnv
* Sea-Bird SBE19plus  Data File:
* FileName = C:\DATA\061019_fcr_0003.hex
* Software version 2.8.0.119
* Temperature SN = 7809
* Conductivity SN = 7809
* System UpLoad Time = Jun 10 2019 13:28:37
* <ApplicationData>
* <Seaterm232>
# nquan = 18
# nvalues = 452                         
# units = specified
# name 0 = depFM: Depth [fresh water, m]
# name 1 = tv290C: Temperature [ITS-90, deg C]
# name 2 = sbeox0Mg/L: Oxygen, SBE 43 [mg/l]
# name 3 = sbeox0PS: Oxygen, SBE 43 [% saturation]
# name 4 = c0uS/cm: Conductivity [uS/cm]
# name 5 = specc: Specific Conductance [uS/cm]
# name 6 = ph: pH
# name 7 = orp: Oxidation Reduction Potential [mV]
# name 8 = flECO-AFL: Fluorescence, WET Labs ECO-AFL/FL [mg/m^3]
# name 9 = turbWETntu0: Turbidity, WET Labs ECO [NTU]
# name 10 = sal00: Salinity, Practical [PSU]
# name 11 = dz/dtM: Descent Rate [m/s]
# name 12 = prdM: Pressure, Strain Gauge [db]
# name 13 = prdE: Pressure, Strain Gauge [psi]
# name 14 = scan: Scan Count
# name 15 = par/sat/log: PAR/Logarithmic, Satlantic
# name 16 = density00: Density [density, kg/m^3]
# name 17 = flag:  0.000e+00
# span 0 =     -0.596,      3.379       
# span 1 =    15.1619,    21.6807       
# span 2 =    -1.1187,    10.0987       
# span 3 =    -11.140,    114.741       
# span 4 =   0.497583,  68.443278       
# span 5 =      0.537,     84.815       
# span 6 =      7.037,     10.129       
# span 7 = -1084.5844,   285.6967       
# span 8 =    -0.1522,     4.1471       
# span 9 =    -0.5998,    10.1573       
# span 10 =     0.0102,     0.0424      
# span 11 =     -0.094,      0.305      
# span 12 =     -0.584,      3.313      
# span 13 =     -0.847,      4.805      
# span 14 =          1,        452      
# span 15 = 1.8698e+01, 6.6701e+02      
# span 16 =   997.8609,   999.1223      
# span 17 = 0.0000e+00, 0.0000e+00      
# interval = seconds: 0.25
# start_time = Jun 10 2019 12:12:13 [Instrument's time stamp, header]
# bad_flag = -9.990e-29
*END*
[from data line 322]
      0.820    21.3084     8.8401     99.574  30.363567     32.752      8.497   258.7424     4.0593     2.0102     0.0217      0.041      0.805      1.168        323 1.4475e+02   997.9450 0.0000e+00
      0.840    21.2939     8.8707     99.884  30.373861     32.813      8.498   258.6667     4.1318     1.9381     0.0217      0.044      0.826      1.198        324 1.4208e+02   997.9453 0.0000e+00
      0.867    21.2656     8.9018    100.207  30.280632     32.667      8.493   259.1209     4.1089     1.9525     0.0217      0.053      0.854      1.238        325 1.3728e+02   997.9468 0.0000e+00
      0.906    21.2207     8.9306    100.533  30.183335     32.617      8.488   259.6131     4.1471     2.0823     0.0216      0.067      0.888      1.288        326 1.3093e+02   997.9502 0.0000e+00
      0.945    21.1783     8.9471    100.730  30.169071     32.576      8.476   259.4995     4.1204     2.1111     0.0216      0.085      0.919      1.333        327 1.2797e+02   997.9566 0.0000e+00
      0.960    21.1543     8.9490    100.765  30.239145     32.730      8.470   259.3859     3.9487     2.0823     0.0217      0.097      0.936      1.358        328 1.2644e+02   997.9665 0.0000e+00
      0.960    21.1570     8.9410    100.667  30.214648     32.699      8.469   259.7267     3.9678     2.0678     0.0216      0.098      0.938      1.361        329 1.2561e+02   997.9758 0.0000e+00
      0.952    21.1804     8.9248    100.474  30.229199     32.746      8.474   259.9917     3.9335     2.0102     0.0216      0.088      0.933      1.354        330 1.2704e+02   997.9810 0.0000e+00
      0.945    21.1998     8.9080    100.281  30.250672     32.775      8.477   260.2945     3.9716     2.0823     0.0217      0.070      0.928      1.347        331 1.2566e+02   997.9804 0.0000e+00
      0.944    21.2089     8.9010    100.202  30.217550     32.697      8.479   260.3324     3.8915     1.7794     0.0216      0.049      0.928      1.347        332 1.2326e+02   997.9752 0.0000e+00
      0.951    21.2061     8.8959    100.154  30.240785     32.744      8.480   260.7867     3.8686     1.7362     0.0217      0.029      0.937      1.358        333 1.2025e+02   997.9710 0.0000e+00
      0.971    21.1884     8.8949    100.154  30.221750     32.677      8.477   261.0138     3.8800     1.8371     0.0216      0.015      0.952      1.381        334 1.1683e+02   997.9691 0.0000e+00
      0.990    21.1751     8.8993    100.209  30.181985     32.679      8.473   261.0895     3.8686     1.8660     0.0216      0.012      0.969      1.405        335 1.1529e+02   997.9698 0.0000e+00
      1.001    21.1753     8.9055    100.247  30.171771     32.631      8.466   261.0517     3.6779     1.6785     0.0216      0.020      0.981      1.423        336 1.1242e+02   997.9737 0.0000e+00
      1.012    21.1814     8.9132    100.309  30.204839     32.732      8.465   261.2409     3.7275     1.7939     0.0216      0.031      0.991      1.437        337 1.1168e+02   997.9767 0.0000e+00
      1.018    21.1872     8.9214    100.400  30.170461     32.640      8.464   261.6195     3.6969     1.7650     0.0216      0.040      0.998      1.446        338 1.1130e+02   997.9767 0.0000e+00
      1.022    21.1844     8.9307    100.512  30.184930     32.697      8.466   261.4302     3.6893     1.7650     0.0216      0.044      1.004      1.455        339 1.0902e+02   997.9753 0.0000e+00
      1.031    21.1788     8.9357    100.545  30.216459     32.692      8.462   261.3924     3.6969     1.7939     0.0216      0.044      1.010      1.465        340 1.0866e+02   997.9741 0.0000e+00
      1.037    21.1764     8.9357    100.475  30.190473     32.695      8.461   261.8845     3.4948     2.0102     0.0216      0.040      1.015      1.473        341 1.0799e+02   997.9747 0.0000e+00
      1.038    21.1768     8.9298    100.354  30.217268     32.699      8.462   262.1117     3.4909     2.0534     0.0216      0.031      1.017      1.475        342 1.0826e+02   997.9759 0.0000e+00
      1.035    21.1811     8.9159    100.160  30.212740     32.730      8.461   262.0738     3.4986     1.9381     0.0216      0.023      1.016      1.473        343 1.1130e+02   997.9765 0.0000e+00
      1.033    21.1879     8.8792     99.716  30.166484     32.640      8.461   261.9224     3.5100     2.0534     0.0216      0.016      1.016      1.474        344 1.1246e+02   997.9764 0.0000e+00
      1.040    21.1886     8.8301     99.153  30.185957     32.697      8.461   261.8467     3.5825     1.8660     0.0216      0.012      1.023      1.484        345 1.1198e+02   997.9755 0.0000e+00
      1.058    21.1742     8.7791     98.570  30.218131     32.692      8.461   261.6952     3.5825     1.8371     0.0216      0.014      1.037      1.505        346 1.1249e+02   997.9741 0.0000e+00
      1.076    21.1615     8.7059     97.723  30.244945     32.751      8.460   261.6195     3.5672     1.6497     0.0217      0.019      1.052      1.526        347 1.1306e+02   997.9740 0.0000e+00
      1.084    21.1604     8.6499     97.061  30.271090     32.763      8.459   261.6952     3.5482     1.7506     0.0217      0.024      1.063      1.541        348 1.1427e+02   997.9772 0.0000e+00
      1.090    21.1638     8.5917     96.366  30.215224     32.741      8.453   261.8467     3.6626     1.8083     0.0216      0.030      1.073      1.556        349 1.1462e+02   997.9800 0.0000e+00
      1.109    21.1514     8.5231     95.561  30.225598     32.712      8.454   262.2631     3.6283     1.8083     0.0216      0.038      1.090      1.581        350 1.1232e+02   997.9804 0.0000e+00
      1.138    21.1172     8.4473     94.693  30.228555     32.770      8.453   262.1495     3.6473     1.7794     0.0217      0.050      1.113      1.615        351 1.1103e+02   997.9797 0.0000e+00
      1.157    21.0887     8.3502     93.598  30.181917     32.657      8.452   262.2252     3.6473     1.7506     0.0216      0.059      1.135      1.645        352 1.1076e+02   997.9825 0.0000e+00
      1.175    21.0694     8.2427     92.391  30.105890     32.682      8.450   262.2631     3.5672     1.8660     0.0216      0.065      1.155      1.675        353 1.0835e+02   997.9900 0.0000e+00
      1.203    21.0536     8.1343     91.170  29.819551     32.308      8.450   262.5281     3.6016     1.7650     0.0214      0.070      1.179      1.709        354 1.0678e+02   997.9963 0.0000e+00
      1.225    21.0472     8.0389     90.084  29.708766     32.261      8.448   262.6038     3.5978     1.7794     0.0214      0.077      1.203      1.744        355 1.0580e+02   998.0006 0.0000e+00
      1.250    21.0416     7.9577     89.163  29.769765     32.303      8.450   263.2474     3.5978     1.7506     0.0214      0.085      1.228      1.780        356 1.0367e+02   998.0041 0.0000e+00
      1.279    21.0290     7.9114     88.635  29.595521     32.155      8.449   263.2852     2.8844     1.7939     0.0214      0.092      1.258      1.824        357 1.0155e+02   998.0056 0.0000e+00
      1.317    21.0113     7.8848     88.316  29.333119     31.826      8.450   263.8152     2.9225     1.8371     0.0212      0.098      1.295      1.879        358 9.8513e+01   998.0069 0.0000e+00
      1.368    20.9892     7.8785     88.208  29.296457     31.835      8.442   263.9667     2.9454     1.8948     0.0212      0.108      1.337      1.940        359 9.5415e+01   998.0097 0.0000e+00
      1.406    20.9701     7.8865     88.272  29.315282     31.847      8.444   264.0424     2.9264     1.7218     0.0212      0.121      1.372      1.990        360 9.4890e+01   998.0137 0.0000e+00
      1.422    20.9603     7.9274     88.716  29.309701     31.862      8.441   263.9288     2.8920     1.6785     0.0212      0.127      1.393      2.020        361 9.4824e+01   998.0186 0.0000e+00
      1.434    20.9566     7.9915     89.416  29.333036     31.906      8.440   264.1938     2.6288     2.0534     0.0212      0.125      1.407      2.040        362 9.4608e+01   998.0229 0.0000e+00
      1.447    20.9557     8.0894     90.463  29.315873     31.882      8.439   264.1181     2.6670     2.1111     0.0212      0.119      1.419      2.058        363 9.4748e+01   998.0251 0.0000e+00
      1.459    20.9515     8.1895     91.505  29.301440     31.885      8.438   264.6102     2.7051     2.0534     0.0212      0.107      1.433      2.078        364 9.3942e+01   998.0259 0.0000e+00
      1.477    20.9433     8.2844     92.497  29.262126     31.825      8.436   264.8374     2.6898     2.0678     0.0212      0.092      1.448      2.100        365 9.3417e+01   998.0262 0.0000e+00
      1.492    20.9364     8.3646     93.336  29.246301     31.827      8.438   264.6481     2.6364     1.7939     0.0212      0.076      1.463      2.122        366 9.2999e+01   998.0271 0.0000e+00
      1.507    20.9313     8.4238     93.950  29.261888     31.833      8.433   264.6860     2.6822     1.8804     0.0212      0.062      1.480      2.146        367 9.2587e+01   998.0290 0.0000e+00
      1.529    20.9188     8.4588     94.290  29.331605     31.929      8.434   265.7460     2.6593     1.7362     0.0212      0.059      1.504      2.181        368 9.0175e+01   998.0306 0.0000e+00
      1.568    20.8976     8.4684     94.364  29.248416     31.842      8.425   265.4431     2.6631     1.7506     0.0212      0.067      1.534      2.225        369 8.7968e+01   998.0318 0.0000e+00
      1.594    20.8824     8.4634     94.289  29.098801     31.668      8.423   265.5188     2.4610     1.7794     0.0211      0.077      1.560      2.263        370 8.7441e+01   998.0346 0.0000e+00
      1.610    20.8744     8.4541     94.154  29.132688     31.744      8.421   265.7081     2.4381     1.7939     0.0212      0.083      1.578      2.289        371 8.6598e+01   998.0393 0.0000e+00
      1.624    20.8639     8.4476     94.024  29.147002     31.754      8.421   265.7838     2.4648     1.8227     0.0212      0.086      1.595      2.313        372 8.5859e+01   998.0426 0.0000e+00
      1.646    20.8370     8.4381     93.859  29.021746     31.638      8.422   266.2381     2.4381     1.8371     0.0211      0.088      1.618      2.346        373 8.3729e+01   998.0444 0.0000e+00
      1.681    20.7948     8.4324     93.738  28.992331     31.584      8.418   266.1624     2.0909     1.7794     0.0211      0.092      1.648      2.391        374 8.1906e+01   998.0467 0.0000e+00
      1.715    20.7562     8.4248     93.619  28.976247     31.633      8.415   266.0867     2.1291     1.8227     0.0211      0.096      1.680      2.437        375 8.0074e+01   998.0527 0.0000e+00
      1.746    20.7265     8.4096     93.427  28.745538     31.358      8.415   266.3138     2.1481     1.7650     0.0210      0.099      1.711      2.482        376 7.8357e+01   998.0619 0.0000e+00
      1.775    20.7001     8.4063     93.368  28.598116     31.262      8.412   266.3895     2.1291     1.8371     0.0209      0.101      1.742      2.527        377 7.6548e+01   998.0703 0.0000e+00
      1.812    20.6742     8.4007     93.291  28.508008     31.160      8.408   266.6167     2.1825     1.7794     0.0209      0.110      1.775      2.575        378 7.4059e+01   998.0767 0.0000e+00
      1.843    20.6559     8.3952     93.238  28.442962     31.117      8.405   266.4274     2.1863     1.8371     0.0208      0.119      1.803      2.615        379 7.3639e+01   998.0825 0.0000e+00
      1.858    20.6454     8.3998     93.291  28.501335     31.196      8.402   266.5788     2.2016     1.8660     0.0209      0.121      1.825      2.647        380 7.2791e+01   998.0881 0.0000e+00
      1.883    20.6275     8.4026     93.321  28.464996     31.178      8.405   267.0331     2.1939     1.7650     0.0208      0.118      1.850      2.684        381 7.0873e+01   998.0921 0.0000e+00
      1.920    20.5974     8.4223     93.547  28.369701     31.063      8.407   266.8817     2.1977     1.7362     0.0208      0.115      1.879      2.726        382 6.9558e+01   998.0945 0.0000e+00
      1.944    20.5645     8.4453     93.793  28.294081     31.013      8.406   266.6924     2.1672     1.8227     0.0208      0.111      1.903      2.761        383 6.9129e+01   998.0984 0.0000e+00
      1.957    20.5349     8.4692     94.056  28.262882     30.973      8.409   266.5410     2.1672     1.7218     0.0207      0.105      1.923      2.789        384 6.8387e+01   998.1048 0.0000e+00
      1.982    20.5154     8.4859     94.233  28.290048     31.056      8.408   266.8060     2.1596     1.8371     0.0208      0.100      1.945      2.822        385 6.6655e+01   998.1120 0.0000e+00
      2.012    20.5030     8.4896     94.250  28.319532     31.077      8.409   266.8817     2.2130     1.7939     0.0208      0.096      1.969      2.857        386 6.5874e+01   998.1184 0.0000e+00
      2.029    20.4901     8.4950     94.290  28.344692     31.151      8.407   267.1088     2.1748     1.7650     0.0208      0.094      1.988      2.884        387 6.5631e+01   998.1226 0.0000e+00
      2.041    20.4832     8.4938     94.259  28.554976     31.344      8.406   267.2981     2.1520     1.7794     0.0209      0.091      2.004      2.907        388 6.4885e+01   998.1253 0.0000e+00
      2.061    20.4864     8.4871     94.162  29.183537     32.089      8.405   267.0331     2.1748     1.8083     0.0212      0.085      2.022      2.933        389 6.3968e+01   998.1284 0.0000e+00
      2.083    20.4877     8.4765     94.029  29.280638     32.217      8.407   267.3738     2.2168     1.8371     0.0212      0.080      2.040      2.959        390 6.3242e+01   998.1300 0.0000e+00
      2.097    20.4878     8.4690     93.939  29.530223     32.368      8.407   267.5252     2.0451     1.9669     0.0213      0.077      2.055      2.981        391 6.3033e+01   998.1294 0.0000e+00
      2.107    20.4900     8.4649     93.900  29.406172     32.490      8.406   267.7524     2.0604     1.9813     0.0213      0.073      2.071      3.004        392 6.2224e+01   998.1292 0.0000e+00
      2.134    20.4865     8.4795     94.040  29.553516     32.214      8.407   267.8660     2.0680     2.0678     0.0212      0.070      2.094      3.037        393 6.0626e+01   998.1294 0.0000e+00
      2.164    20.4839     8.4966     94.123  30.620769     33.961      8.404   267.7903     2.0528     2.0246     0.0219      0.071      2.119      3.073        394 6.0135e+01   998.1293 0.0000e+00
      2.180    20.4792     8.5120     94.197  30.388780     33.135      8.402   268.1688     1.9612     2.0967     0.0216      0.075      2.141      3.106        395 5.9120e+01   998.1301 0.0000e+00
      2.210    20.4669     8.5145     94.207  30.938362     34.180      8.401   268.2824     1.9154     2.0246     0.0220      0.080      2.165      3.140        396 5.7879e+01   998.1309 0.0000e+00
      2.231    20.4563     8.5248     94.342  31.536663     34.583      8.396   269.4560     1.9307     1.9813     0.0222      0.084      2.185      3.170        397 5.7703e+01   998.1323 0.0000e+00
      2.243    20.4464     8.5380     94.478  31.303303     34.470      8.398   269.2667     1.9498     2.0534     0.0221      0.085      2.202      3.194        398 5.6800e+01   998.1349 0.0000e+00
      2.264    20.4347     8.5488     94.535  31.495425     34.600      8.394   269.3045     1.6827     1.9669     0.0222      0.086      2.218      3.218        399 5.6150e+01   998.1372 0.0000e+00
      2.278    20.4266     8.5617     94.530  31.475340     34.669      8.395   269.9103     1.6751     2.0102     0.0222      0.084      2.233      3.240        400 5.5691e+01   998.1394 0.0000e+00
      2.292    20.4229     8.5692     94.418  31.298674     34.402      8.390   270.5160     1.6904     1.9669     0.0221      0.077      2.246      3.258        401 5.5049e+01   998.1419 0.0000e+00
      2.301    20.4261     8.5671     94.222  31.330130     34.500      8.393   270.2131     1.6866     2.0102     0.0221      0.069      2.259      3.276        402 5.4760e+01   998.1436 0.0000e+00
