Data/DataNotYetUploadedToEDI/Raw_CTD/RawDownloads/061019_fcr20.cnv
* Sea-Bird SBE19plus  Data File:
* FileName = C:\DATA\061019_fcr_0003.hex
* Software version 2.8.0.119
* Temperature SN = 7809
* Conductivity SN = 7809
* System UpLoad Time = Jun 10 2019 13:28:37
* <ApplicationData>
* <Seaterm232>
# nquan = 18
# nvalues = 452                         
# units = specified
# name 0 = depFM: Depth [fresh water, m]
# name 1 = tv290C: Temperature [ITS-90, deg C]
# name 2 = sbeox0Mg/L: Oxygen, SBE 43 [mg/l]
# name 3 = sbeox0PS: Oxygen, SBE 43 [% saturation]
# name 4 = c0uS/cm: Conductivity [uS/cm]
# name 5 = specc: Specific Conductance [uS/cm]
# name 6 = ph: pH
# name 7 = orp: Oxidation Reduction Potential [mV]
# name 8 = flECO-AFL: Fluorescence, WET Labs ECO-AFL/FL [mg/m^3]
# name 9 = turbWETntu0: Turbidity, WET Labs ECO [NTU]
# name 10 = sal00: Salinity, Practical [PSU]
# name 11 = dz/dtM: Descent Rate [m/s]
# name 12 = prdM: Pressure, Strain Gauge [db]
# name 13 = prdE: Pressure, Strain Gauge [psi]
# name 14 = scan: Scan Count
# name 15 = par/sat/log: PAR/Logarithmic, Satlantic
# name 16 = density00: Density [density, kg/m^3]
# name 17 = flag:  0.000e+00
# span 0 =     -0.596,      3.379       
# span 1 =    15.1619,    21.6807       
# span 2 =    -1.1187,    10.0987       
# span 3 =    -11.140,    114.741       
# span 4 =   0.497583,  68.443278       
# span 5 =      0.537,     84.815       
# span 6 =      7.037,     10.129       
# span 7 = -1084.5844,   285.6967       
# span 8 =    -0.1522,     4.1471       
# span 9 =    -0.5998,    10.1573       
# span 10 =     0.0102,     0.0424      
# span 11 =     -0.094,      0.305      
# span 12 =     -0.584,      3.313      
# span 13 =     -0.847,      4.805      
# span 14 =          1,        452      
# span 15 = 1.8698e+01, 6.6701e+02      
# span 16 =   997.8609,   999.1223      
# span 17 = 0.0000e+00, 0.0000e+00      
# interval = seconds: 0.25
# start_time = Jun 10 2019 12:12:13 [Instrument's time stamp, header]
# bad_flag = -9.990e-29
*END*
     -0.594    20.6645     8.7164     97.141   0.543516      0.599      7.054 -1083.7136    -0.1178    -0.5277     0.0102      0.000     -0.583     -0.846          1 6.0194e+02   998.0711 0.0000e+00
     -0.594    20.6646     8.7187     97.167   0.551832      0.599      7.052 -1084.5844    -0.0949    -0.5710     0.0102      0.000     -0.583     -0.845          2 5.8901e+02   998.0710 0.0000e+00
     -0.594    20.6646     8.7229     97.213   0.597428      0.660      7.057 -1083.4486    -0.1178    -0.4268     0.0102      0.000     -0.583     -0.845          3 5.8426e+02   998.0710 0.0000e+00
     -0.594    20.6647     8.7193     97.173   0.545938      0.599      7.054 -1083.3351    -0.1254    -0.4700     0.0102      0.000     -0.583     -0.845          4 5.9745e+02   998.0710 0.0000e+00
     -0.594    20.6647     8.7210     97.192   0.497583      0.537      7.059 -1082.5401    -0.1254    -0.4268     0.0102      0.000     -0.583     -0.845          5 5.8457e+02   998.0710 0.0000e+00
     -0.594    20.6650     8.7260     97.248   0.539277      0.599      7.057 -1083.6379    -0.1293    -0.4268     0.0102      0.000     -0.583     -0.846          6 5.4511e+02   998.0710 0.0000e+00
     -0.595    20.6651     8.7197     97.177   0.553215      0.599      7.059 -1083.4486    -0.1140    -0.4845     0.0102     -0.000     -0.583     -0.846          7 5.4485e+02   998.0710 0.0000e+00
     -0.594    20.6651     8.7236     97.221   0.539401      0.599      7.059 -1083.4108    -0.1407    -0.4556     0.0102     -0.000     -0.583     -0.846          8 5.4596e+02   998.0709 0.0000e+00
     -0.595    20.6653     8.7180     97.160   0.556467      0.599      7.059 -1080.6851    -0.1064    -0.5277     0.0102     -0.000     -0.583     -0.846          9 5.5555e+02   998.0709 0.0000e+00
     -0.595    20.6654     8.7258     97.247   0.650305      0.721      7.053 -1070.6907    -0.1331    -0.5710     0.0102     -0.000     -0.583     -0.846         10 5.8325e+02   998.0709 0.0000e+00
     -0.595    20.6655     8.7216     97.201   0.748024      0.812      7.049 -1048.3928    -0.1483    -0.5566     0.0102     -0.000     -0.583     -0.846         11 6.1096e+02   998.0709 0.0000e+00
     -0.595    20.6656     8.7185     97.166   0.967337      1.056      7.040 -1011.6713    -0.1522    -0.5854     0.0102     -0.000     -0.583     -0.846         12 6.3132e+02   998.0708 0.0000e+00
     -0.595    20.6656     8.7213     97.198   1.176102      1.300      7.037  -984.3384    -0.1254     0.0058     0.0102     -0.000     -0.583     -0.846         13 6.3462e+02   998.0708 0.0000e+00
     -0.595    20.6656     8.7192     97.175   1.198205      1.300      7.045  -984.6791    -0.1178    -0.0519     0.0102     -0.000     -0.583     -0.846         14 6.3892e+02   998.0708 0.0000e+00
     -0.595    20.6654     8.7229     97.217   1.324409      1.453      7.058  -996.4527    -0.1102    -0.0807     0.0103     -0.000     -0.584     -0.847         15 6.4490e+02   998.0708 0.0000e+00
     -0.596    20.6655     8.7247     97.236   1.314876      1.453      7.063 -1001.9041    -0.1254    -0.0374     0.0103     -0.000     -0.584     -0.847         16 6.4107e+02   998.0708 0.0000e+00
     -0.595    20.6657     8.7206     97.191   1.298818      1.392      7.069 -1004.1756    -0.1102    -0.5277     0.0102     -0.000     -0.584     -0.846         17 6.4748e+02   998.0709 0.0000e+00
     -0.595    20.6660     8.7156     97.144   1.462724      1.636      7.067 -1005.0463    -0.1140    -0.5277     0.0103     -0.000     -0.584     -0.846         18 6.5082e+02   998.0709 0.0000e+00
     -0.595    20.6662     8.6900     97.151   1.406728      1.514      7.065 -1007.9613    -0.1178    -0.5998     0.0103     -0.000     -0.584     -0.846         19 6.3127e+02   998.0708 0.0000e+00
     -0.595    20.6667     8.6469     97.177   1.309337      1.453      7.064 -1007.1284    -0.1064    -0.4556     0.0103     -0.000     -0.584     -0.846         20 6.3679e+02   998.0708 0.0000e+00
     -0.595    20.6668     8.6104     97.181   1.288093      1.392      7.064 -1009.9677    -0.1331    -0.5566     0.0102     -0.000     -0.584     -0.846         21 6.4846e+02   998.0707 0.0000e+00
     -0.594    20.6673     8.6005     97.349   1.166918      1.300      7.065 -1019.1670    -0.1407    -0.5998     0.0102      0.000     -0.584     -0.846         22 6.4937e+02   998.0706 0.0000e+00
     -0.595    20.6668     8.6180     97.704   1.223473      1.300      7.058  -992.0991    -0.1178    -0.5133     0.0102      0.000     -0.584     -0.846         23 6.5951e+02   998.0705 0.0000e+00
     -0.595    20.6679     8.6480     98.133   1.069796      1.239      7.057  -984.8684    -0.1178    -0.4989     0.0102      0.000     -0.584     -0.846         24 6.6701e+02   998.0705 0.0000e+00
     -0.595    20.6666     8.6906     98.672   1.299000      1.300      7.059  -984.9819    -0.1293    -0.5133     0.0102     -0.000     -0.584     -0.846         25 6.6440e+02   998.0706 0.0000e+00
     -0.595    20.6688     8.7302     99.153   1.086148      1.392      7.063  -981.2719    -0.1254    -0.4845     0.0102     -0.000     -0.584     -0.846         26 6.5973e+02   998.0703 0.0000e+00
     -0.594    20.6653     8.7610     99.521   1.423436      1.239      7.068 -1008.4534    -0.1102    -0.4268     0.0102     -0.000     -0.584     -0.846         27 6.5186e+02   998.0706 0.0000e+00
     -0.595    20.6747     8.7819     99.772   0.672170      1.239      7.075 -1026.7385    -0.1254    -0.4124     0.0102     -0.000     -0.581     -0.842         28 6.4051e+02   998.0700 0.0000e+00
     -0.595    20.8244     8.7841     99.793   1.873171      1.239      7.080 -1061.3400    -0.1331    -0.4845     0.0102     -0.000     -0.555     -0.804         29 6.3254e+02   998.0711 0.0000e+00
     -0.504    21.0876     8.8191    100.190  16.560877     18.397      7.588   281.6460    -0.1483    -0.1816     0.0158      0.024     -0.471     -0.683         30 6.2877e+02   998.0735 0.0000e+00
     -0.340    21.3090     8.8169    100.162  29.843661     32.923      8.309   279.9046    -0.1254    -0.1672     0.0216      0.085     -0.342     -0.496         31 6.3174e+02   998.0464 0.0000e+00
     -0.206    21.4552     8.8295    100.302  30.702430     33.095      8.908   275.6646    -0.0911    -0.2105     0.0218      0.164     -0.223     -0.323         32 6.3258e+02   997.9905 0.0000e+00
     -0.135    21.5400     8.8484    100.520  30.448298     32.998      9.363   253.9724    -0.1064    -0.2682     0.0218      0.236     -0.148     -0.214         33 6.2657e+02   997.9423 0.0000e+00
     -0.108    21.5863     8.8145    100.141  30.633849     32.893      9.638   253.1016     2.2054     8.8163     0.0218      0.285     -0.113     -0.163         34 6.1413e+02   997.9102 0.0000e+00
     -0.100    21.6160     8.7330     99.224  30.471452     32.775      9.799   252.2309     2.2321     8.7442     0.0218      0.305     -0.099     -0.144         35 6.0787e+02   997.8913 0.0000e+00
     -0.095    21.6316     8.6276     98.037  30.591108     32.802      9.899   251.1331     2.2473     8.7875     0.0218      0.293     -0.090     -0.131         36 6.0626e+02   997.8811 0.0000e+00
     -0.078    21.6415     8.5037     96.636  30.544171     32.781      9.988   250.4516     2.2359     8.8019     0.0218      0.253     -0.077     -0.112         37 6.0750e+02   997.8745 0.0000e+00
     -0.063    21.6478     8.3544     94.942  30.470600     32.650     10.060   249.5431     2.9531     1.3613     0.0217      0.184     -0.066     -0.096         38 6.1612e+02   997.8712 0.0000e+00
     -0.063    21.6469     8.2368     93.610  30.445649     32.644     10.108   249.2402     2.9531     1.3469     0.0217      0.109     -0.061     -0.088         39 6.1873e+02   997.8689 0.0000e+00
     -0.058    21.6456     8.1427     92.536  30.456713     32.638     10.126   249.0509     2.9874     1.2892     0.0217      0.060     -0.057     -0.082         40 6.1980e+02   997.8674 0.0000e+00
     -0.053    21.6442     8.0717     91.726  30.456830     32.640     10.129   249.0131     2.9721     1.3757     0.0217      0.038     -0.052     -0.076         41 6.1931e+02   997.8677 0.0000e+00
     -0.049    21.6426     8.0232     91.178  30.564007     32.760     10.122   249.0888     2.9759     1.3180     0.0218      0.030     -0.050     -0.073         42 6.1862e+02   997.8681 0.0000e+00
     -0.051    21.6442     7.9941     90.849  30.945484     33.150     10.115   249.0509     2.9683     1.3324     0.0220      0.025     -0.051     -0.074         43 6.1965e+02   997.8684 0.0000e+00
     -0.055    21.6477     7.9590     90.450  31.581931     33.870     10.104   248.8616     2.9759     1.3036     0.0223      0.018     -0.053     -0.077         44 6.1395e+02   997.8690 0.0000e+00
     -0.055    21.6524     7.9195     90.000  31.875485     34.168     10.094   248.5588     2.9721     1.2459     0.0224      0.010     -0.053     -0.077         45 6.1308e+02   997.8687 0.0000e+00
     -0.051    21.6577     7.8798     89.551  31.943024     34.225     10.085   248.5588     2.9607     1.3324     0.0224      0.005     -0.050     -0.074         46 6.1147e+02   997.8680 0.0000e+00
     -0.049    21.6611     7.8224     88.903  32.149696     34.461     10.078   248.2938     2.9759     1.4189     0.0225      0.004     -0.048     -0.071         47 6.1988e+02   997.8671 0.0000e+00
     -0.049    21.6632     7.7603     88.201  32.299735     34.607     10.069   248.1423     2.9645     1.3036     0.0226      0.002     -0.048     -0.070         48 6.1272e+02   997.8660 0.0000e+00
     -0.050    21.6651     7.7134     87.671  32.467385     34.784     10.061   248.2559     2.9759     1.3757     0.0226      0.001     -0.046     -0.068         49 6.2557e+02   997.8653 0.0000e+00
     -0.044    21.6630     7.7039     87.567  32.563261     34.902     10.053   248.2181     2.9759     1.3324     0.0227      0.003     -0.041     -0.060         50 5.8513e+02   997.8648 0.0000e+00
     -0.033    21.6614     7.7490     88.082  32.150791     34.451     10.041   248.2181     2.9759     1.3613     0.0225      0.008     -0.034     -0.050         51 4.5228e+02   997.8644 0.0000e+00
     -0.029    21.6625     7.8041     88.710  31.914067     34.154     10.014   248.1423     2.9759     1.3180     0.0224      0.012     -0.029     -0.043         52 4.3226e+02   997.8647 0.0000e+00
     -0.027    21.6634     7.8738     89.497  32.265290     34.604     10.003   248.3316     2.9607     1.3180     0.0226      0.014     -0.026     -0.038         53 4.4460e+02   997.8652 0.0000e+00
     -0.024    21.6637     7.9489     90.347  32.365525     34.663     10.002   248.1802     2.9798     1.4189     0.0226      0.015     -0.023     -0.033         54 4.3934e+02   997.8650 0.0000e+00
     -0.019    21.6634     8.0194     91.150  32.293009     34.603     10.003   248.2938     3.0904     1.3613     0.0226      0.017     -0.018     -0.027         55 4.4963e+02   997.8648 0.0000e+00
     -0.014    21.6647     8.0757     91.786  32.177765     34.482      9.999   247.8773     3.1133     1.4045     0.0225      0.018     -0.014     -0.020         56 4.5368e+02   997.8647 0.0000e+00
     -0.011    21.6671     8.1004     92.069  31.946002     34.214      9.991   248.1423     3.1095     1.3469     0.0224      0.018     -0.010     -0.015         57 4.6366e+02   997.8647 0.0000e+00
     -0.007    21.6691     8.0839     91.885  31.811095     34.093      9.982   248.4452     3.0980     1.2748     0.0223      0.017     -0.006     -0.009         58 4.4719e+02   997.8644 0.0000e+00
     -0.001    21.6711     8.0377     91.366  31.693835     33.942      9.970   248.4831     3.3116     1.3901     0.0223      0.015     -0.001     -0.002         59 4.3468e+02   997.8639 0.0000e+00
      0.005    21.6728     7.9621     90.507  31.558630     33.820      9.957   247.8395     3.2735     1.3324     0.0222      0.017      0.005      0.008         60 4.2550e+02   997.8634 0.0000e+00
      0.012    21.6746     7.8640     89.392  31.475685     33.699      9.933   247.8016     3.2697     1.3324     0.0222      0.019      0.012      0.018         61 4.3224e+02   997.8629 0.0000e+00
      0.019    21.6755     7.7501     88.097  31.471154     33.728      9.897   247.3095     3.2735     1.3036     0.0222      0.020      0.021      0.031         62 4.3731e+02   997.8626 0.0000e+00
      0.034    21.6727     7.6418     86.869  31.416130     33.637      9.900   246.8173     3.1972     1.5487     0.0222      0.024      0.034      0.049         63 4.2132e+02   997.8622 0.0000e+00
      0.049    21.6710     7.5693     86.047  31.336769     33.576      9.904   246.5902     3.1972     1.5631     0.0221      0.030      0.046      0.066         64 4.0746e+02   997.8620 0.0000e+00
      0.055    21.6711     7.5265     85.561  31.303273     33.519      9.897   246.9309     3.2239     1.6208     0.0221      0.034      0.053      0.077         65 3.8832e+02   997.8627 0.0000e+00
      0.059    21.6695     7.5105     85.379  31.280054     33.520      9.889   247.1202     3.2010     1.5776     0.0221      0.036      0.057      0.082         66 3.8654e+02   997.8630 0.0000e+00
      0.060    21.6704     7.5115     85.391  31.217530     33.430      9.893   247.0445     3.1819     1.4189     0.0221      0.034      0.059      0.087         67 3.8773e+02   997.8631 0.0000e+00
      0.064    21.6732     7.5379     85.692  31.203320     33.431      9.895   246.8173     3.3269     1.3036     0.0221      0.031      0.063      0.093         68 3.8433e+02   997.8634 0.0000e+00
      0.072    21.6757     7.5711     86.070  31.149602     33.371      9.885   246.9688     3.3536     1.4189     0.0221      0.028      0.069      0.101         69 3.7824e+02   997.8632 0.0000e+00
      0.076    21.6764     7.6149     86.566  31.106619     33.309      9.870   246.7795     3.3460     1.4189     0.0220      0.024      0.074      0.108         70 3.7616e+02   997.8626 0.0000e+00
      0.079    21.6758     7.6636     87.113  31.138303     33.367      9.850   246.5902     3.3269     1.3757     0.0221      0.020      0.077      0.112         71 3.7639e+02   997.8621 0.0000e+00
      0.080    21.6765     7.6952     87.468  31.110172     33.307      9.836   246.5902     3.1934     1.2459     0.0220      0.016      0.077      0.112         72 3.7249e+02   997.8619 0.0000e+00
      0.078    21.6781     7.7174     87.714  31.082374     33.307      9.832   246.7038     3.1819     1.3613     0.0220      0.013      0.076      0.111         73 3.7435e+02   997.8621 0.0000e+00
      0.076    21.6791     7.7451     88.017  31.054389     33.247      9.828   246.7038     3.2315     1.3469     0.0220      0.011      0.076      0.110         74 3.7136e+02   997.8619 0.0000e+00
      0.078    21.6796     7.7420     87.980  31.026491     33.246      9.819   246.8930     3.2315     1.4334     0.0220      0.008      0.077      0.111         75 3.6982e+02   997.8615 0.0000e+00
      0.079    21.6797     7.7237     87.776  30.998584     33.185      9.805   247.0066     3.2086     1.2748     0.0220      0.005      0.077      0.112         76 3.6597e+02   997.8613 0.0000e+00
      0.079    21.6799     7.6772     87.249  30.970610     33.185      9.793   247.1202     3.2125     1.4622     0.0220      0.002      0.077      0.112         77 3.6548e+02   997.8612 0.0000e+00
      0.078    21.6802     7.6400     86.819  31.002050     33.185      9.782   247.1959     3.2201     1.4334     0.0220      0.000      0.077      0.111         78 3.6811e+02   997.8612 0.0000e+00
      0.078    21.6807     7.6006     86.372  31.018712     33.245      9.770   247.5745     3.2201     1.3036     0.0220     -0.000      0.077      0.111         79 3.6916e+02   997.8611 0.0000e+00
      0.078    21.6797     7.5603     85.915  30.949876     33.125      9.759   247.3095     3.2201     1.3324     0.0220      0.000      0.077      0.111         80 3.7310e+02   997.8610 0.0000e+00
