Data/DataNotYetUploadedToEDI/Raw_CTD/RawDownloads/061019_fcr45.cnv
* Sea-Bird SBE19plus  Data File:
* FileName = C:\DATA\061019_fcr_0005.hex
* Software version 2.8.0.119
* Temperature SN = 7809
* Conductivity SN = 7809
* System UpLoad Time = Jun 10 2019 13:29:17
* <ApplicationData>
* <Seaterm232>
# nquan = 18
# nvalues = 588                         
# units = specified
# name 0 = depFM: Depth [fresh water, m]
# name 1 = tv290C: Temperature [ITS-90, deg C]
# name 2 = sbeox0Mg/L: Oxygen, SBE 43 [mg/l]
# name 3 = sbeox0PS: Oxygen, SBE 43 [% saturation]
# name 4 = c0uS/cm: Conductivity [uS/cm]
# name 5 = specc: Specific Conductance [uS/cm]
# name 6 = ph: pH
# name 7 = orp: Oxidation Reduction Potential [mV]
# name 8 = flECO-AFL: Fluorescence, WET Labs ECO-AFL/FL [mg/m^3]
# name 9 = turbWETntu0: Turbidity, WET Labs ECO [NTU]
# name 10 = sal00: Salinity, Practical [PSU]
# name 11 = dz/dtM: Descent Rate [m/s]
# name 12 = prdM: Pressure, Strain Gauge [db]
# name 13 = prdE: Pressure, Strain Gauge [psi]
# name 14 = scan: Scan Count
# name 15 = par/sat/log: PAR/Logarithmic, Satlantic
# name 16 = density00: Density [density, kg/m^3]
# name 17 = flag:  0.000e+00
# span 0 =     -0.592,      7.440       
# span 1 =     9.5564,    21.8794       
# span 2 =     0.8816,    12.9966       
# span 3 =      7.871,    137.047       
# span 4 =   1.185975, 150.603735       
# span 5 =      1.346,    217.481       
# span 6 =      6.844,      9.890       
# span 7 =  -657.1760,   310.9475       
# span 8 =     0.0538,     4.6659       
# span 9 =     0.5538,    33.6471       
# span 10 =     0.0096,     0.1014      
# span 11 =     -0.120,      0.252      
# span 12 =     -0.580,      7.296      
# span 13 =     -0.841,     10.581      
# span 14 =          1,        588      
# span 15 = 8.0007e-01, 1.1818e+03      
# span 16 =   997.8154,   999.8502      
# span 17 = 0.0000e+00, 0.0000e+00      
# interval = seconds: 0.25
# start_time = Jun 10 2019 12:25:06 [Instrument's time stamp, header]
# bad_flag = -9.990e-29
*END*
[from data line 483]
      5.504     9.8755     5.7166     50.468  24.338225     34.887      8.287   306.4046     1.5607     3.7694     0.0182      0.120      5.394      7.824        484 7.9528e+00   999.7522 0.0000e+00
      5.524     9.8703     5.7027     50.348  24.344980     34.890      8.283   306.4804     1.5530     3.8271     0.0182      0.117      5.418      7.858        485 7.7290e+00   999.7526 0.0000e+00
      5.549     9.8696     5.6904     50.238  24.307926     34.856      8.283   306.3289     1.5607     3.7838     0.0182      0.112      5.442      7.893        486 7.5447e+00   999.7532 0.0000e+00
      5.575     9.8721     5.6860     50.194  24.295486     34.821      8.283   306.4804     1.5607     3.8126     0.0182      0.107      5.468      7.931        487 7.3854e+00   999.7538 0.0000e+00
      5.605     9.8691     5.6778     50.116  24.330845     34.902      8.284   306.6318     1.4729     3.7838     0.0182      0.104      5.497      7.974        488 6.9990e+00   999.7540 0.0000e+00
      5.638     9.8619     5.6655     50.006  24.293542     34.819      8.282   306.1396     1.4653     3.7117     0.0182      0.106      5.527      8.016        489 6.7617e+00   999.7539 0.0000e+00
      5.662     9.8564     5.6579     49.935  24.282673     34.822      8.282   305.9882     1.4424     3.8415     0.0182      0.107      5.553      8.054        490 6.6258e+00   999.7542 0.0000e+00
      5.689     9.8524     5.6511     49.871  24.285136     34.829      8.279   306.4046     1.4462     3.7261     0.0182      0.106      5.582      8.095        491 6.3214e+00   999.7550 0.0000e+00
      5.726     9.8494     5.6398     49.768  24.290479     34.835      8.276   306.3668     1.4577     3.7838     0.0182      0.109      5.613      8.140        492 6.0779e+00   999.7556 0.0000e+00
      5.755     9.8481     5.6377     49.747  24.305644     34.879      8.275   306.8968     1.4386     3.7982     0.0182      0.114      5.640      8.180        493 6.0043e+00   999.7561 0.0000e+00
      5.771     9.8491     5.6268     49.650  24.295882     34.842      8.274   307.1996     1.4615     3.8703     0.0182      0.113      5.659      8.207        494 5.9164e+00   999.7564 0.0000e+00
      5.785     9.8512     5.6188     49.578  24.273010     34.843      8.275   306.7075     1.4500     3.6684     0.0182      0.107      5.674      8.230        495 5.7885e+00   999.7566 0.0000e+00
      5.803     9.8498     5.6072     49.474  24.245255     34.762      8.273   306.8211     1.3966     3.7117     0.0182      0.099      5.693      8.257        496 5.6379e+00   999.7566 0.0000e+00
      5.828     9.8449     5.5975     49.388  24.271187     34.840      8.271   307.1618     1.3776     3.7117     0.0182      0.093      5.718      8.293        497 5.4491e+00   999.7565 0.0000e+00
      5.862     9.8412     5.5763     49.202  24.240738     34.761      8.272   307.2375     1.3814     3.7838     0.0182      0.092      5.749      8.338        498 5.2386e+00   999.7568 0.0000e+00
      5.897     9.8394     5.5640     49.093  24.223913     34.766      8.270   307.1618     1.3814     3.7550     0.0182      0.093      5.782      8.386        499 5.0430e+00   999.7574 0.0000e+00
      5.928     9.8367     5.5597     49.053  24.262509     34.810      8.268   307.0861     1.3623     3.6829     0.0182      0.095      5.813      8.431        500 4.8481e+00   999.7579 0.0000e+00
      5.957     9.8329     5.5515     48.979  24.281562     34.852      8.267   307.0861     1.3890     3.8126     0.0182      0.102      5.842      8.473        501 4.6597e+00   999.7582 0.0000e+00
      5.987     9.8298     5.5448     48.918  24.229821     34.774      8.266   307.3889     1.3776     3.7982     0.0182      0.111      5.872      8.516        502 4.4669e+00   999.7585 0.0000e+00
      6.018     9.8279     5.5386     48.861  24.178812     34.698      8.265   307.7675     1.3585     3.7405     0.0181      0.118      5.901      8.557        503 4.3009e+00   999.7590 0.0000e+00
      6.045     9.8268     5.5480     48.943  24.226573     34.781      8.265   307.4268     1.4539     3.8703     0.0182      0.121      5.927      8.597        504 4.2046e+00   999.7594 0.0000e+00
      6.069     9.8255     5.5474     48.937  24.229621     34.783      8.262   307.5782     1.4462     3.8126     0.0182      0.119      5.952      8.633        505 4.1215e+00   999.7597 0.0000e+00
      6.094     9.8244     5.5382     48.856  24.234254     34.784      8.263   307.3889     1.4386     3.7261     0.0182      0.114      5.977      8.669        506 4.0187e+00   999.7599 0.0000e+00
      6.120     9.8245     5.5301     48.785  24.250424     34.825      8.263   307.8054     1.4615     3.7838     0.0182      0.109      6.003      8.707        507 3.8840e+00   999.7601 0.0000e+00
      6.151     9.8248     5.5187     48.681  24.239114     34.787      8.261   307.9568     1.4157     3.7694     0.0182      0.108      6.032      8.749        508 3.7418e+00   999.7604 0.0000e+00
      6.182     9.8244     5.5066     48.570  24.218711     34.786      8.260   308.2597     1.5836     3.8126     0.0182      0.107      6.061      8.792        509 3.6168e+00   999.7605 0.0000e+00
      6.209     9.8234     5.4775     48.309  24.186964     34.706      8.260   308.1839     1.5721     3.7405     0.0181      0.107      6.090      8.833        510 3.5017e+00   999.7606 0.0000e+00
      6.240     9.8220     5.4548     48.106  24.219388     34.786      8.258   308.2597     1.5454     3.6684     0.0182      0.109      6.119      8.875        511 3.3628e+00   999.7608 0.0000e+00
      6.271     9.8199     5.4185     47.784  24.237597     34.787      8.257   308.5247     1.5607     3.7982     0.0182      0.112      6.147      8.916        512 3.2589e+00   999.7610 0.0000e+00
      6.294     9.8178     5.3946     47.570  24.223541     34.789      8.255   308.7518     1.4462     3.8992     0.0182      0.113      6.170      8.949        513 3.2088e+00   999.7612 0.0000e+00
      6.309     9.8171     5.3668     47.323  24.177643     34.711      8.253   308.4111     1.4500     3.7261     0.0181      0.110      6.187      8.974        514 3.1628e+00   999.7614 0.0000e+00
      6.326     9.8164     5.3370     47.057  24.146625     34.673      8.251   308.7518     1.4424     3.7550     0.0181      0.103      6.204      8.998        515 3.0926e+00   999.7617 0.0000e+00
      6.345     9.8163     5.3124     46.838  24.173290     34.714      8.253   308.6761     1.4081     3.7838     0.0181      0.095      6.225      9.027        516 2.9947e+00   999.7619 0.0000e+00
      6.370     9.8166     5.2957     46.688  24.174079     34.714      8.252   308.8275     1.3585     3.6252     0.0181      0.089      6.251      9.065        517 2.8779e+00   999.7620 0.0000e+00
      6.406     9.8145     5.2970     46.696  24.175263     34.714      8.254   308.6004     1.3738     3.5387     0.0181      0.089      6.284      9.113        518 2.7402e+00   999.7622 0.0000e+00
      6.446     9.8105     5.2963     46.685  24.231054     34.794      8.250   308.8275     1.3776     3.6108     0.0182      0.093      6.320      9.166        519 2.6336e+00   999.7624 0.0000e+00
      6.480     9.8069     5.3067     46.775  24.163884     34.716      8.245   309.1682     1.3814     3.5387     0.0181      0.100      6.352      9.212        520 2.5826e+00   999.7628 0.0000e+00
      6.503     9.8043     5.3117     46.816  24.110765     34.600      8.248   308.9032     1.4272     3.7405     0.0181      0.108      6.378      9.250        521 2.4869e+00   999.7631 0.0000e+00
      6.530     9.8023     5.3179     46.869  24.178690     34.764      8.247   309.2439     1.3928     3.8271     0.0182      0.115      6.405      9.289        522 2.3607e+00   999.7636 0.0000e+00
      6.562     9.8002     5.3139     46.833  24.108972     34.606      8.245   309.1682     1.3928     3.8126     0.0181      0.120      6.432      9.330        523 2.3004e+00   999.7639 0.0000e+00
      6.585     9.7977     5.3004     46.721  24.079057     34.608      8.243   309.3197     1.3852     3.7550     0.0181      0.120      6.457      9.365        524 2.2637e+00   999.7642 0.0000e+00
      6.606     9.7951     5.2839     46.575  24.097448     34.610      8.243   309.1682     1.3585     3.5098     0.0181      0.115      6.478      9.396        525 2.2105e+00   999.7645 0.0000e+00
      6.626     9.7929     5.2679     46.430  24.086085     34.613      8.243   309.3197     1.3814     3.5098     0.0181      0.107      6.499      9.427        526 2.1215e+00   999.7649 0.0000e+00
      6.650     9.7908     5.2354     46.142  24.093200     34.615      8.241   309.1304     1.3738     3.5819     0.0181      0.099      6.524      9.462        527 2.0526e+00   999.7651 0.0000e+00
      6.681     9.7875     5.2146     45.960  24.088597     34.617      8.241   309.3197     1.3890     3.5242     0.0181      0.097      6.554      9.505        528 2.0027e+00   999.7655 0.0000e+00
      6.718     9.7838     5.1927     45.767  24.151050     34.700      8.238   309.5468     1.3623     3.5098     0.0181      0.100      6.588      9.555        529 1.9220e+00   999.7659 0.0000e+00
      6.755     9.7812     5.1805     45.659  24.222802     34.823      8.238   309.2818     1.3089     3.7982     0.0182      0.105      6.623      9.604        530 1.8406e+00   999.7663 0.0000e+00
      6.785     9.7792     5.1671     45.537  24.177010     34.747      8.235   309.2439     1.3280     3.8415     0.0181      0.110      6.653      9.649        531 1.7636e+00   999.7667 0.0000e+00
      6.814     9.7766     5.1710     45.567  24.178420     34.749      8.234   309.5089     1.3394     3.8271     0.0181      0.116      6.681      9.689        532 1.7076e+00   999.7671 0.0000e+00
      6.838     9.7772     5.1648     45.512  24.221049     34.832      8.234   309.5468     1.3127     3.7694     0.0182      0.120      6.706      9.727        533 1.6671e+00   999.7674 0.0000e+00
      6.863     9.7825     5.1768     45.616  24.183198     34.754      8.235   309.6604     1.1906     3.8271     0.0181      0.121      6.731      9.763        534 1.6295e+00   999.7678 0.0000e+00
      6.889     9.7833     5.1861     45.694  24.166291     34.754      8.231   309.5468     1.2250     3.7982     0.0181      0.118      6.755      9.798        535 1.5754e+00   999.7679 0.0000e+00
      6.912     9.7790     5.1909     45.732  24.153235     34.708      8.234   309.9254     1.1678     3.7838     0.0181      0.112      6.778      9.830        536 1.5668e+00   999.7674 0.0000e+00
      6.931     9.7774     5.1993     45.801  24.169826     34.747      8.232   309.6604     1.2021     3.7405     0.0181      0.103      6.798      9.859        537 1.5489e+00   999.7675 0.0000e+00
      6.951     9.7785     5.1941     45.753  24.175262     34.752      8.228   309.8118     1.2021     3.4089     0.0181      0.096      6.820      9.891        538 1.4915e+00   999.7681 0.0000e+00
      6.981     9.7791     5.1898     45.712  24.176089     34.753      8.228   310.0389     1.2135     3.5387     0.0181      0.093      6.848      9.932        539 1.4430e+00   999.7683 0.0000e+00
      7.018     9.7782     5.1553     45.410  24.228033     34.832      8.225   310.4554     1.2173     3.6684     0.0182      0.095      6.881      9.979        540 1.3601e+00   999.7683 0.0000e+00
      7.050     9.7745     5.1189     45.102  24.229091     34.832      8.224   310.3418     1.2021     3.6252     0.0182      0.100      6.911     10.024        541 1.3516e+00   999.7684 0.0000e+00
      7.075     9.7707     5.0814     44.775  24.174773     34.752      8.224   310.1147     1.3165     3.5963     0.0181      0.104      6.938     10.063        542 1.3326e+00   999.7686 0.0000e+00
      7.101     9.7703     5.0351     44.363  24.147541     34.716      8.226   310.4175     1.3165     3.5242     0.0181      0.107      6.966     10.103        543 1.2386e+00   999.7690 0.0000e+00
      7.134     9.7685     4.9887     43.945  24.174128     34.760      8.224   310.4175     1.3165     3.5819     0.0181      0.112      6.996     10.148        544 1.1856e+00   999.7695 0.0000e+00
      7.168     9.7648     4.9485     43.581  24.230541     34.841      8.223   310.5689     1.3394     3.6252     0.0182      0.118      7.028     10.193        545 1.1623e+00   999.7698 0.0000e+00
      7.199     9.7606     4.9186     43.307  24.284662     34.923      8.221   310.9475     1.3203     3.4521     0.0182      0.120      7.058     10.237        546 1.1049e+00   999.7701 0.0000e+00
      7.227     9.7559     4.8924     43.068  24.343721     35.007      8.220   310.6068     1.3432     3.5675     0.0182      0.119      7.084     10.275        547 1.0627e+00   999.7706 0.0000e+00
      7.247     9.7538     4.8782     42.918  24.334753     35.011      8.219   310.3039     1.3242     3.6540     0.0182      0.115      7.104     10.304        548 1.0823e+00   999.7710 0.0000e+00
      7.259     9.7513     4.8660     42.779  24.355058     35.016      8.219   310.5689     1.3470     3.6108     0.0182      0.109      7.119     10.325        549 1.0512e+00   999.7715 0.0000e+00
      7.273     9.7540     4.8206     42.365  24.436925     35.178      8.217   310.4932     1.2822     3.5387     0.0183      0.101      7.133     10.346        550 1.0217e+00   999.7717 0.0000e+00
      7.291     9.7646     4.7241     41.512  24.380964     35.060      8.217   310.6447     1.3318     3.7838     0.0183      0.092      7.148     10.368        551 1.0149e+00   999.7720 0.0000e+00
      7.304     9.7686     4.5378     39.862  24.395084     35.098      8.215   310.6447     1.3127     3.8415     0.0183      0.080      7.162     10.388        552 1.0022e+00   999.7719 0.0000e+00
      7.315     9.7643     4.2077     36.944  24.330497     35.006      8.214   310.2661     1.3318     3.7550     0.0182      0.069      7.174     10.405        553 1.0015e+00   999.7710 0.0000e+00
      7.328     9.7562     3.7940     33.300  24.372485     35.003      8.213   310.0768     1.3203     3.6540     0.0182      0.061      7.186     10.423        554 9.6409e-01   999.7707 0.0000e+00
      7.340     9.7456     3.2764     28.754  24.342830     35.087      8.210   310.3797     1.3623     3.6829     0.0183      0.055      7.200     10.443        555 9.6404e-01   999.7711 0.0000e+00
      7.359     9.7361     2.7557     24.180  24.604348     35.256      8.211   309.8875     1.3776     3.8126     0.0183      0.054      7.217     10.467        556 9.2929e-01   999.7721 0.0000e+00
      7.377     9.7260     2.2588     19.815  24.787496     35.869      8.206   309.2818     1.3966     3.7982     0.0186      0.056      7.233     10.491        557 9.1706e-01   999.7732 0.0000e+00
      7.393     9.7007     1.8035     15.819  25.625472     36.563      8.207   308.9789     1.3776     3.7694     0.0189      0.057      7.247     10.511        558 8.9969e-01   999.7744 0.0000e+00
      7.401     9.6684     1.4453     12.678  30.759835     44.370      8.206   308.6004     1.3738     3.6973     0.0222      0.056      7.257     10.525        559 8.6090e-01   999.7778 0.0000e+00
      7.405     9.6510     1.2192     10.695  38.514906     55.427      8.205   308.6761     1.3814     3.8271     0.0271      0.054      7.262     10.533        560 8.9152e-01   999.7838 0.0000e+00
      7.410     9.6409     1.0927      9.587  42.614274     61.805      8.203   308.4111     1.4081     3.8559     0.0299      0.050      7.267     10.539        561 8.5573e-01   999.7886 0.0000e+00
      7.414     9.6245     1.0440      9.161  60.078934     84.942      8.202   308.2218     1.3738     3.8847     0.0402      0.044      7.272     10.546        562 8.4380e-01   999.7990 0.0000e+00
