Data/DataNotYetUploadedToEDI/Raw_CTD/RawDownloads/061118_fcr10.cnv
* Sea-Bird SBE19plus  Data File:
* FileName = C:\DATA\061418_bvr50_0002.hex
* Software version 2.6.3.104 SB_Terminal.dll
* Temperature SN = 7809
* Conductivity SN = 7809
* System UpLoad Time = Jun 14 2018 16:25:25
* <ApplicationData>
* <Seaterm232>
# nquan = 15
# nvalues = 137                         
# units = specified
# name 0 = depFM: Depth [fresh water, m]
# name 1 = dz/dtM: Descent Rate [m/s]
# name 2 = sbeox0Mg/L: Oxygen, SBE 43 [mg/l]
# name 3 = sbeox0PS: Oxygen, SBE 43 [% saturation]
# name 4 = specc: Specific Conductance [uS/cm]
# name 5 = c0uS/cm: Conductivity [uS/cm]
# name 6 = flECO-AFL: Fluorescence, WET Labs ECO-AFL/FL [mg/m^3]
# name 7 = ph: pH
# name 8 = orp: Oxidation Reduction Potential [mV]
# name 9 = par/sat/log: PAR/Logarithmic, Satlantic
# name 10 = turbWETntu0: Turbidity, WET Labs ECO [NTU]
# name 11 = prdM: Pressure, Strain Gauge [db]
# name 12 = prdE: Pressure, Strain Gauge [psi]
# name 13 = tv290C: Temperature [ITS-90, deg C]
# name 14 = flag:  0.000e+00
# span 0 =     -0.601,      2.625       
# span 1 =     -0.001,      0.219       
# span 2 =     6.7502,     7.9141       
# span 3 =     77.654,     91.816       
# span 4 =      0.180,     36.214       
# span 5 =   0.172839,  34.114668       
# span 6 =    -0.1873,     2.2712       
# span 7 =      6.030,      7.975       
# span 8 = -1240.7455,   258.0062       
# span 9 = 2.4241e+01, 7.0596e+02       
# span 10 =     0.1805,     4.0332      
# span 11 =     -0.590,      2.575      
# span 12 =     -0.855,      3.735      
# span 13 =    19.7348,    24.4713      
# span 14 = 0.0000e+00, 0.0000e+00      
# interval = seconds: 0.25
# start_time = Jun 11 2018 14:25:39 [Instrument's time stamp, header]
# bad_flag = -9.990e-29
*END*
     -0.599     -0.001     7.9038     90.091      0.426   0.399299    -0.1770      6.056 -1240.7455 4.4686e+02     0.8745     -0.587     -0.852    21.8186 0.0000e+00
     -0.600     -0.001     7.9042     90.096      0.440   0.411876    -0.1777      6.055 -1240.7455 4.1730e+02     0.8687     -0.588     -0.853    21.8193 0.0000e+00
     -0.600     -0.001     7.9061     90.119      0.453   0.424642    -0.1763      6.051 -1240.7455 3.8620e+02     0.8512     -0.588     -0.853    21.8199 0.0000e+00
     -0.600     -0.001     7.9075     90.136      0.455   0.426832    -0.1788      6.041 -1240.7455 3.7216e+02     0.8455     -0.588     -0.852    21.8205 0.0000e+00
     -0.600     -0.000     7.9081     90.144      0.467   0.438362    -0.1801      6.032 -1240.7455 3.6173e+02     0.8604     -0.588     -0.853    21.8215 0.0000e+00
     -0.600 -1.863e-08     7.9088     90.153      0.466   0.437218    -0.1736      6.030 -1240.7455 3.5258e+02     0.8787     -0.588     -0.853    21.8223 0.0000e+00
     -0.600 -2.049e-07     7.9089     90.155      0.441   0.413007    -0.1647      6.033 -1240.7455 3.4986e+02     0.8834     -0.588     -0.853    21.8230 0.0000e+00
     -0.600 -2.049e-07     7.9080     90.146      0.426   0.399277    -0.1734      6.043 -1240.7455 3.7681e+02     0.8261     -0.589     -0.854    21.8235 0.0000e+00
     -0.600 -1.863e-08     7.9068     90.133      0.425   0.398029    -0.1867      6.064 -1240.7455 4.4088e+02     0.7347     -0.588     -0.852    21.8239 0.0000e+00
     -0.600 -1.693e-09     7.9063     90.128      0.425   0.397915    -0.1873      6.084 -1240.7455 4.9782e+02     0.6947     -0.589     -0.853    21.8246 0.0000e+00
     -0.600 -1.539e-10     7.9063     90.128      0.425   0.397905    -0.1810      6.081 -1240.7455 5.2252e+02     0.6780     -0.588     -0.854    21.8251 0.0000e+00
     -0.600 -1.399e-11     7.9056     90.121      0.425   0.397905    -0.1754      6.070 -1240.7455 5.3049e+02     0.5942     -0.589     -0.853    21.8257 0.0000e+00
     -0.601 -1.272e-12     7.9048     90.113      0.425   0.397914    -0.1749      6.065 -1240.7455 5.4078e+02     0.4737     -0.589     -0.854    21.8262 0.0000e+00
     -0.601 -1.157e-13     7.9047     90.113      0.425   0.398017    -0.1746      6.064 -1240.7455 5.4842e+02     0.4419     -0.589     -0.854    21.8263 0.0000e+00
     -0.601 -1.052e-14     7.9055     90.123      0.426   0.399147    -0.1724      6.072 -1240.7455 5.3971e+02     0.4539     -0.589     -0.854    21.8265 0.0000e+00
     -0.600 -9.560e-16     7.9064     90.135      0.440   0.411579    -0.1754      6.091 -1240.7455 5.2632e+02     0.4672     -0.589     -0.854    21.8268 0.0000e+00
     -0.600 -8.690e-17     7.9073     90.146      0.450   0.421507    -0.1831      6.104 -1240.7455 5.2559e+02     0.5417     -0.589     -0.854    21.8275 0.0000e+00
     -0.601 -7.867e-18     7.9091     90.168      0.419   0.392357    -0.1827      6.103 -1240.7455 5.2640e+02     0.6220     -0.589     -0.854    21.8283 0.0000e+00
     -0.601 -3.623e-19     7.9111     90.192      0.401   0.376193    -0.1802      6.093 -1240.7455 5.1956e+02     0.6449     -0.589     -0.854    21.8287 0.0000e+00
     -0.601 3.8482e-18     7.9128     90.212      0.444   0.416294    -0.1805      6.083 -1240.7455 5.2745e+02     0.6347     -0.589     -0.854    21.8293 0.0000e+00
     -0.601 4.3043e-17     7.9141     90.227      0.463   0.433341    -0.1761      6.073 -1240.7455 5.4640e+02     0.6513     -0.589     -0.855    21.8299 0.0000e+00
     -0.601 4.7354e-16     7.9141     90.228      0.419   0.392072    -0.1648      6.068 -1240.7455 5.4486e+02     0.6935     -0.589     -0.854    21.8306 0.0000e+00
     -0.601 5.2089e-15     7.9130     90.217      0.386   0.361197    -0.1540      6.069 -1240.7455 5.3061e+02     0.7180     -0.589     -0.854    21.8311 0.0000e+00
     -0.601 5.7298e-14     7.9119     90.204      0.403   0.377086    -0.1550      6.070 -1240.7455 5.1769e+02     0.7020     -0.589     -0.854    21.8314 0.0000e+00
     -0.601 6.3028e-13     7.9105     90.189      0.421   0.393955    -0.1592      6.072 -1240.7455 5.0673e+02     0.6837     -0.589     -0.854    21.8322 0.0000e+00
     -0.601 6.9331e-12     7.9092     90.176      0.400   0.374922    -0.1588      6.078 -1240.7455 5.0258e+02     0.7108     -0.590     -0.855    21.8329 0.0000e+00
     -0.601 7.6264e-11     7.9088     90.172      0.359   0.337188    -0.1601      6.084 -1240.7455 5.0381e+02     0.7242     -0.589     -0.855    21.8332 0.0000e+00
     -0.601 8.3890e-10     7.9093     90.178      0.339   0.318180    -0.1655      6.085 -1240.7455 5.1367e+02     0.6936     -0.589     -0.855    21.8338 0.0000e+00
     -0.601 9.2279e-09     7.9109     90.199      0.358   0.335332    -0.1692      6.084 -1240.7455 5.4187e+02     0.6756     -0.589     -0.854    21.8342 0.0000e+00
     -0.601 1.0151e-07     7.9123     90.217      0.378   0.354340    -0.1678      6.082 -1240.7455 5.8047e+02     0.6906     -0.590     -0.855    21.8348 0.0000e+00
     -0.600      0.000     7.9114     90.209      0.382   0.357780    -0.1671      6.078 -1240.7455 5.8773e+02     0.6917     -0.589     -0.854    21.8350 0.0000e+00
     -0.600      0.000     7.9099     90.192      0.403   0.376923    -0.1694      6.077 -1240.7455 5.6046e+02     0.6579     -0.589     -0.854    21.8358 0.0000e+00
     -0.600      0.000     7.9102     90.196      0.423   0.395555    -0.1683      6.081 -1240.7455 5.3776e+02     0.5865     -0.589     -0.854    21.8361 0.0000e+00
     -0.600      0.001     7.9114     90.220      0.420   0.392830    -0.1726      6.091 -1240.7455 5.1574e+02     0.5006     -0.589     -0.854    21.8386 0.0000e+00
     -0.600      0.006     7.9060     90.265      0.367   0.343977    -0.1837      6.133 -1240.7453 4.8116e+02     0.4735     -0.589     -0.855    21.8379 0.0000e+00
     -0.600      0.015     7.8728     90.323      0.264   0.248752    -0.1830      6.266 -1240.7431 4.5010e+02     0.4724     -0.589     -0.854    21.8410 0.0000e+00
     -0.600      0.023     7.8064     90.376      0.202   0.192642    -0.1740      6.497 -1240.7191 4.3565e+02     0.3956     -0.589     -0.855    21.8370 0.0000e+00
     -0.595      0.029     7.7401     90.440      0.180   0.172839    -0.1666      6.737 -1240.4552 4.3129e+02     0.2772     -0.588     -0.853    21.8446 0.0000e+00
     -0.580      0.033     7.6970     90.515      0.206   0.199547    -0.1675      6.888 -1237.5521 4.2777e+02     0.2014     -0.571     -0.828    21.8337 0.0000e+00
     -0.562      0.035     7.6719     90.571      0.853   0.832624    -0.1665      6.948 -1205.6186 4.4698e+02     0.1805     -0.546     -0.790    22.0443 0.0000e+00
     -0.553      0.038     7.6561     90.605      5.087   4.973776    -0.1631      6.979  -854.3499 5.0563e+02     0.2085     -0.540     -0.783    22.6503 0.0000e+00
     -0.551      0.041     7.6444     90.625     12.025  11.766090    -0.1717      6.999  -206.5392 5.6126e+02     0.2344     -0.542     -0.786    23.1888 0.0000e+00
     -0.546      0.046     7.6353     90.633     15.660  15.335770    -0.1702      6.998   159.6065 5.8584e+02     0.2498     -0.535     -0.776    23.5004 0.0000e+00
     -0.536      0.051     7.6288     90.632     16.620  16.289581    -0.1625      7.015   198.1406 6.0357e+02     0.2428     -0.529     -0.767    23.6915 0.0000e+00
     -0.520      0.059     7.6234     90.625     20.840  20.442825    -0.1615      7.110   188.9068 6.3107e+02     0.2711     -0.514     -0.745    23.8005 0.0000e+00
     -0.496      0.072     7.6169     90.608     27.784  27.272985    -0.1403      7.284   188.8078 6.6268e+02     0.9580     -0.484     -0.703    23.8954 0.0000e+00
     -0.474      0.089     7.6086     90.573     31.504  30.944218    -0.1086      7.449   199.4383 6.8701e+02     2.1996     -0.458     -0.666    23.9635 0.0000e+00
     -0.460      0.104     7.5984     90.537     31.910  31.374314    -0.0898      7.526   201.4587 6.9802e+02     2.8627     -0.451     -0.655    24.0035 0.0000e+00
     -0.442      0.111     7.5855     90.505     31.948  31.457144    -0.0602      7.530   199.8139 7.0211e+02     2.9022     -0.445     -0.646    24.0298 0.0000e+00
     -0.403      0.112     7.5710     90.465     31.941  31.501226     0.2402      7.505   201.4923 7.0593e+02     2.5244     -0.399     -0.579    24.0688 0.0000e+00
     -0.354      0.109     7.5607     90.454     31.924  31.526324     0.8119      7.465   204.9740 7.0596e+02     1.7748     -0.338     -0.492    24.1015 0.0000e+00
     -0.319      0.105     7.5748     90.699     31.874  31.506633     1.1367      7.412   207.4085 6.9751e+02     1.3460     -0.306     -0.444    24.1438 0.0000e+00
     -0.302      0.099     7.6209     91.297     31.803  31.453708     1.1716      7.363   209.3315 6.8896e+02     1.3371     -0.294     -0.426    24.2248 0.0000e+00
     -0.291      0.089     7.6622     91.816     31.734  31.394505     1.2060      7.328   205.0807 6.9114e+02     1.3628     -0.288     -0.418    24.3127 0.0000e+00
     -0.276      0.082     7.6602     91.801     31.698  31.362405     1.2587      7.303   194.5585 6.9389e+02     1.3212     -0.274     -0.397    24.3811 0.0000e+00
     -0.251      0.085     7.6184     91.279     31.663  31.319626     1.2847      7.281   189.8285 6.8510e+02     1.2920     -0.248     -0.359    24.4247 0.0000e+00
     -0.224      0.101     7.5701     90.641     31.623  31.258303     1.2992      7.260   191.6853 6.6710e+02     1.3140     -0.218     -0.316    24.4492 0.0000e+00
     -0.200      0.124     7.5490     90.326     31.645  31.256003     1.3329      7.242   194.2081 6.4406e+02     1.3131     -0.192     -0.279    24.4617 0.0000e+00
     -0.180      0.149     7.5614     90.442     31.693  31.291770     1.3713      7.230   196.6707 5.9817e+02     1.3111     -0.181     -0.262    24.4713 0.0000e+00
     -0.145      0.171     7.5829     90.701     31.710  31.309693     1.3858      7.220   198.6611 5.1052e+02     1.3206     -0.155     -0.225    24.4638 0.0000e+00
     -0.086      0.189     7.5880     90.780     31.740  31.345699     1.3799      7.211   200.3771 3.9080e+02     1.3059     -0.085     -0.124    24.4178 0.0000e+00
     -0.020      0.206     7.5751     90.642     31.799  31.409583     1.3734      7.203   202.4471 2.7667e+02     1.2851     -0.015     -0.021    24.3710 0.0000e+00
      0.038      0.218     7.5461     90.303     31.834  31.447035     1.3991      7.194   204.9327 2.1334e+02     1.2832      0.039      0.056    24.3530 0.0000e+00
      0.090      0.219     7.4932     89.671     31.868  31.480990     1.4614      7.184   207.7166 1.8991e+02     1.3139      0.090      0.129    24.3590 0.0000e+00
      0.142      0.211     7.4207     88.803     31.954  31.566085     1.5011      7.177   210.5541 1.6808e+02     1.3202      0.136      0.197    24.3731 0.0000e+00
      0.198      0.201     7.3429     87.867     32.041  31.650301     1.5028      7.173   212.9980 1.4323e+02     1.2989      0.192      0.278    24.3845 0.0000e+00
      0.254      0.196     7.2730     87.021     32.069  31.673617     1.5278      7.170   214.8954 1.2489e+02     1.3616      0.254      0.369    24.3890 0.0000e+00
      0.302      0.194     7.2250     86.438     32.055  31.657466     1.5824      7.167   216.7172 1.1490e+02     1.4677      0.299      0.434    24.3871 0.0000e+00
      0.343      0.192     7.2053     86.200     32.044  31.645535     1.6031      7.164   218.6778 1.1237e+02     1.5132      0.333      0.483    24.3886 0.0000e+00
      0.388      0.192     7.2063     86.211     32.055  31.656375     1.6125      7.160   220.2748 1.1671e+02     1.5454      0.378      0.548    24.3869 0.0000e+00
      0.439      0.192     7.2094     86.246     32.061  31.661518     1.6414      7.159   221.6573 1.2306e+02     1.5823      0.432      0.625    24.3774 0.0000e+00
      0.491      0.195     7.2000     86.121     32.049  31.644201     1.6576      7.160   223.3483 1.2784e+02     1.5630      0.481      0.698    24.3715 0.0000e+00
      0.543      0.197     7.1762     85.805     32.055  31.637512     1.6516      7.160   224.9759 1.3118e+02     1.5253      0.532      0.772    24.3713 0.0000e+00
      0.594      0.193     7.1374     85.290     32.083  31.644140     1.6338      7.159   226.1069 1.3332e+02     1.5233      0.584      0.848    24.3721 0.0000e+00
      0.643      0.186     7.0844     84.602     32.123  31.660800     1.6724      7.159   227.3864 1.3378e+02     1.4788      0.631      0.916    24.3713 0.0000e+00
      0.693      0.181     7.0252     83.844     32.196  31.711885     1.7692      7.158   229.1750 1.3282e+02     1.3524      0.679      0.985    24.3668 0.0000e+00
      0.738      0.179     6.9700     83.123     32.265  31.753702     1.8209      7.153   230.7837 1.3103e+02     1.2771      0.728      1.056    24.3486 0.0000e+00
      0.776      0.181     6.9276     82.533     32.268  31.721806     1.8285      7.149   232.0389 1.2822e+02     1.3015      0.763      1.106    24.3101 0.0000e+00
      0.814      0.182     6.8993     82.110     32.225  31.643720     1.8611      7.147   233.2528 1.2389e+02     1.3108      0.792      1.149    24.2726 0.0000e+00
      0.863      0.179     6.8779     81.790     32.245  31.635145     1.9202      7.146   234.5328 1.1895e+02     1.2974      0.843      1.222    24.2459 0.0000e+00
      0.920      0.173     6.8567     81.485     32.445  31.808613     1.9556      7.146   235.9863 1.1448e+02     1.2921      0.906      1.313    24.2085 0.0000e+00
      0.974      0.166     6.8372     81.193     32.823  32.153327     1.9583      7.144   237.3190 1.1047e+02     1.2782      0.961      1.392    24.1483 0.0000e+00
      1.015      0.160     6.8274     80.987     33.152  32.436962     1.9529      7.138   238.3429 1.0709e+02     1.2820      1.000      1.449    24.0859 0.0000e+00
      1.045      0.156     6.8315     80.895     33.156  32.379954     1.9363      7.129   239.4179 1.0430e+02     1.3072      1.024      1.486    24.0443 0.0000e+00
      1.071      0.154     6.8447     80.866     32.951  32.099079     1.9142      7.122   240.2499 1.0145e+02     1.3389      1.047      1.520    24.0165 0.0000e+00
      1.105      0.153     6.8594     80.858     32.957  32.025826     1.8973      7.120   240.5724 9.7893e+01     1.3602      1.079      1.564    23.9809 0.0000e+00
      1.153      0.156     6.8724     80.872     33.257  32.256278     1.8788      7.120   241.1673 9.3709e+01     1.3516      1.126      1.633    23.9293 0.0000e+00
      1.207      0.163     6.8850     80.911     33.529  32.471941     1.8460      7.120   242.2794 9.0314e+01     1.4481      1.188      1.724    23.8354 0.0000e+00
      1.251      0.168     6.8999     80.965     33.652  32.537447     1.7949      7.115   243.6086 8.8489e+01     1.6721      1.234      1.788    23.6998 0.0000e+00
      1.283      0.168     6.9136     81.002     33.777  32.603647     1.7579      7.108   245.0210 8.7068e+01     1.7718      1.254      1.818    23.5681 0.0000e+00
      1.320      0.166     6.9177     80.933     33.997  32.764186     1.7471      7.103   246.1928 8.5178e+01     1.7385      1.289      1.869    23.4796 0.0000e+00
      1.367      0.167     6.9085     80.689     34.324  33.017637     1.7295      7.095   247.2794 8.3048e+01     1.8482      1.342      1.946    23.4267 0.0000e+00
      1.413      0.175     6.8887     80.303     34.577  33.190975     1.7096      7.086   248.5228 8.0931e+01     2.1218      1.388      2.013    23.3389 0.0000e+00
      1.454      0.182     6.8614     79.845     34.529  33.081505     1.7095      7.085   249.5253 7.8605e+01     2.2997      1.424      2.065    23.2512 0.0000e+00
      1.499      0.182     6.8271     79.334     34.460  32.964244     1.7094      7.098   250.0222 7.5785e+01     2.3515      1.466      2.127    23.1907 0.0000e+00
      1.551      0.177     6.7892     78.805     34.719  33.170416     1.6448      7.133   250.3147 7.2671e+01     2.5958      1.520      2.205    23.0972 0.0000e+00
