Data/DataNotYetUploadedToEDI/Raw_CTD/RawDownloads/061118_fcr30.cnv
* Sea-Bird SBE19plus  Data File:
* FileName = C:\DATA\061418_bvr50_0004.hex
* Software version 2.6.3.104 SB_Terminal.dll
* Temperature SN = 7809
* Conductivity SN = 7809
* System UpLoad Time = Jun 14 2018 16:25:42
* <ApplicationData>
* <Seaterm232>
# nquan = 15
# nvalues = 179                         
# units = specified
# name 0 = depFM: Depth [fresh water, m]
# name 1 = dz/dtM: Descent Rate [m/s]
# name 2 = sbeox0Mg/L: Oxygen, SBE 43 [mg/l]
# name 3 = sbeox0PS: Oxygen, SBE 43 [% saturation]
# name 4 = specc: Specific Conductance [uS/cm]
# name 5 = c0uS/cm: Conductivity [uS/cm]
# name 6 = flECO-AFL: Fluorescence, WET Labs ECO-AFL/FL [mg/m^3]
# name 7 = ph: pH
# name 8 = orp: Oxidation Reduction Potential [mV]
# name 9 = par/sat/log: PAR/Logarithmic, Satlantic
# name 10 = turbWETntu0: Turbidity, WET Labs ECO [NTU]
# name 11 = prdM: Pressure, Strain Gauge [db]
# name 12 = prdE: Pressure, Strain Gauge [psi]
# name 13 = tv290C: Temperature [ITS-90, deg C]
# name 14 = flag:  0.000e+00
# span 0 =     -0.593,      5.417       
# span 1 = -1.863e-07,      0.359       
# span 2 =     6.7124,     8.6780       
# span 3 =     72.553,     91.786       
# span 4 =      0.685,     44.569       
# span 5 =   0.651550,  33.885399       
# span 6 =    -0.1915,     2.6736       
# span 7 =      6.290,      8.008       
# span 8 =  -129.9672,   319.1261       
# span 9 = 1.2824e+00, 4.0626e+02       
# span 10 =    -0.2909,     4.6920      
# span 11 =     -0.582,      5.313      
# span 12 =     -0.845,      7.706      
# span 13 =    12.3287,    24.8327      
# span 14 = 0.0000e+00, 0.0000e+00      
# interval = seconds: 0.25
# start_time = Jun 11 2018 14:53:55 [Instrument's time stamp, header]
# bad_flag = -9.990e-29
*END*
     -0.592 -1.157e-12     7.5178     86.887      0.699   0.664327    -0.1768      6.304   237.9841 3.8800e+02    -0.1524     -0.580     -0.842    22.5433 0.0000e+00
     -0.592 -1.272e-11     7.5185     86.894      0.685   0.651560    -0.1744      6.306   241.3106 3.8760e+02    -0.1927     -0.581     -0.843    22.5432 0.0000e+00
     -0.592 -1.400e-10     7.5194     86.903      0.696   0.661945    -0.1777      6.309   246.9738 3.8732e+02    -0.1902     -0.581     -0.842    22.5430 0.0000e+00
     -0.592 -1.540e-09     7.5200     86.911      0.697   0.663080    -0.1697      6.312   252.7691 3.8728e+02    -0.1835     -0.580     -0.842    22.5428 0.0000e+00
     -0.592 -1.694e-08     7.5200     86.911      0.700   0.665271    -0.1609      6.314   257.1756 3.8642e+02    -0.2031     -0.581     -0.842    22.5427 0.0000e+00
     -0.593 -1.863e-07     7.5197     86.908      0.725   0.688433    -0.1534      6.316   260.3301 3.8413e+02    -0.2134     -0.581     -0.843    22.5425 0.0000e+00
     -0.593 -1.863e-07     7.5193     86.903      0.725   0.689481    -0.1529      6.318   262.5179 3.8184e+02    -0.2162     -0.581     -0.843    22.5424 0.0000e+00
     -0.593 -1.693e-08     7.5187     86.895      0.713   0.677943    -0.1643      6.319   263.8390 3.8349e+02    -0.2072     -0.580     -0.842    22.5422 0.0000e+00
     -0.593 -1.539e-09     7.5193     86.902      0.711   0.675760    -0.1722      6.321   264.2571 3.8929e+02    -0.1644     -0.581     -0.843    22.5422 0.0000e+00
     -0.592 -1.400e-10     7.5203     86.914      0.697   0.663088    -0.1651      6.322   264.2184 3.9296e+02    -0.1268     -0.581     -0.842    22.5421 0.0000e+00
     -0.592 -1.272e-11     7.5194     86.903      0.685   0.651550    -0.1607      6.323   264.6617 3.9241e+02    -0.1483     -0.581     -0.842    22.5420 0.0000e+00
     -0.593 -1.157e-12     7.5183     86.890      0.697   0.663080    -0.1657      6.323   266.0885 3.9000e+02    -0.1812     -0.581     -0.843    22.5418 0.0000e+00
     -0.593 -1.052e-13     7.5169     86.874      0.711   0.675667    -0.1607      6.322   267.6177 3.8378e+02    -0.1582     -0.581     -0.843    22.5417 0.0000e+00
     -0.593 -9.560e-15     7.5158     86.860      0.712   0.676914    -0.1554      6.322   268.6960 3.7027e+02    -0.1456     -0.581     -0.843    22.5417 0.0000e+00
     -0.593 -8.690e-16     7.5169     86.873      0.713   0.678160    -0.1665      6.321   270.6087 3.5368e+02    -0.1813     -0.581     -0.843    22.5415 0.0000e+00
     -0.592 -7.900e-17     7.5185     86.892      0.727   0.690738    -0.1847      6.321   280.0756 3.4313e+02    -0.1926     -0.581     -0.842    22.5412 0.0000e+00
     -0.592 -7.180e-18     7.5187     86.893      0.739   0.702166    -0.1915      6.321   291.0115 3.3855e+02    -0.1902     -0.581     -0.842    22.5411 0.0000e+00
     -0.592 -6.530e-19     7.5194     86.902      0.725   0.689503    -0.1758      6.317   288.4013 3.2975e+02    -0.2133     -0.581     -0.843    22.5412 0.0000e+00
     -0.593 -5.939e-20     7.5216     86.927      0.699   0.664463    -0.1600      6.312   279.4898 3.1894e+02    -0.2269     -0.581     -0.843    22.5412 0.0000e+00
     -0.593 -5.886e-21     7.5225     86.937      0.687   0.653048    -0.1656      6.308   176.8106 3.2111e+02    -0.2338     -0.581     -0.843    22.5411 0.0000e+00
     -0.593 -5.887e-21     7.5220     86.931      0.714   0.678319    -0.1782      6.303   -24.9782 3.3166e+02    -0.2358     -0.582     -0.844    22.5409 0.0000e+00
     -0.593 -5.941e-20     7.5208     86.916      0.754   0.716367    -0.1749      6.300  -129.9672 3.3326e+02    -0.2506     -0.581     -0.842    22.5407 0.0000e+00
     -0.593 -6.530e-19     7.5195     86.901      0.771   0.732604    -0.1624      6.300  -125.9513 3.2664e+02    -0.2909     -0.581     -0.843    22.5406 0.0000e+00
     -0.593 -7.183e-18     7.5198     86.904      0.787   0.747817    -0.1651      6.303  -112.7945 3.1832e+02    -0.2650     -0.581     -0.843    22.5404 0.0000e+00
     -0.593 -7.901e-17     7.5219     86.929      0.813   0.773477    -0.1706      6.304  -100.8946 3.0959e+02    -0.1514     -0.581     -0.843    22.5399 0.0000e+00
     -0.592 -8.691e-16     7.5261     86.977      0.830   0.789211    -0.1649      6.304   -91.5982 3.0564e+02    -0.0466     -0.581     -0.843    22.5400 0.0000e+00
     -0.592 -9.560e-15     7.5308     87.030      0.853   0.811232    -0.1614      6.304   -82.9908 3.0747e+02    -0.0042     -0.581     -0.842    22.5399 0.0000e+00
     -0.592 -1.052e-13     7.5346     87.075      0.893   0.849498    -0.1642      6.305   -73.6564 3.1262e+02     0.0257     -0.581     -0.842    22.5397 0.0000e+00
     -0.592 -1.157e-12     7.5375     87.109      0.917   0.871406    -0.1710      6.307   -64.0020 3.1635e+02     0.0701     -0.580     -0.842    22.5397 0.0000e+00
     -0.592 -1.272e-11     7.5392     87.129      0.932   0.885882    -0.1792      6.308   -53.9342 3.1336e+02     0.0747     -0.581     -0.843    22.5396 0.0000e+00
     -0.593 -1.400e-10     7.5411     87.150      0.944   0.897697    -0.1813      6.309   -42.2685 3.1098e+02     0.0507     -0.581     -0.843    22.5397 0.0000e+00
     -0.593 -1.540e-09     7.5430     87.172      0.933   0.887430    -0.1774      6.309   -28.5229 3.1758e+02     0.0242     -0.581     -0.843    22.5395 0.0000e+00
     -0.593 -1.694e-08     7.5434     87.176      0.934   0.888575    -0.1691      6.308   -12.9244 3.2414e+02    -0.0015     -0.581     -0.843    22.5393 0.0000e+00
     -0.593 -1.863e-07     7.5422     87.163      0.958   0.911538    -0.1641      6.306     5.5705 3.2249e+02    -0.0159     -0.581     -0.843    22.5393 0.0000e+00
     -0.593 -1.863e-07     7.5408     87.147      0.958   0.911418    -0.1720      6.305    26.4610 3.1921e+02    -0.0282     -0.582     -0.844    22.5394 0.0000e+00
     -0.593 -1.693e-08     7.5399     87.136      0.933   0.887129    -0.1723      6.305    46.7615 3.1877e+02     0.0029     -0.581     -0.843    22.5393 0.0000e+00
     -0.592 -1.539e-09     7.5392     87.128      0.916   0.871520    -0.1678      6.304    65.6062 3.2220e+02    -0.0056     -0.581     -0.843    22.5392 0.0000e+00
     -0.592 -1.400e-10     7.5388     87.123      0.893   0.849520    -0.1728      6.303    84.0392 3.3235e+02    -0.1321     -0.581     -0.843    22.5393 0.0000e+00
     -0.592 -1.272e-11     7.5385     87.120      0.853   0.811358    -0.1686      6.303    99.7922 3.4798e+02    -0.2138     -0.581     -0.843    22.5392 0.0000e+00
     -0.593 -1.156e-12     7.5389     87.124      0.831   0.790584    -0.1624      6.302   109.3781 3.6327e+02    -0.1999     -0.582     -0.844    22.5391 0.0000e+00
     -0.593 -1.040e-13     7.5391     87.126      0.829   0.788582    -0.1711      6.299   113.6433 3.7544e+02    -0.1780     -0.581     -0.843    22.5391 0.0000e+00
     -0.593 2.8265e-15     7.5381     87.115      0.828   0.787154    -0.1825      6.295   115.8279 3.8399e+02    -0.1628     -0.581     -0.843    22.5390 0.0000e+00
     -0.593 1.3538e-13     7.5367     87.099      0.813   0.773314    -0.1807      6.292   118.9281 3.9043e+02    -0.1681     -0.582     -0.844    22.5390 0.0000e+00
     -0.593 1.4987e-12     7.5355     87.084      0.787   0.748066    -0.1767      6.292   122.9925 3.9849e+02    -0.1811     -0.581     -0.843    22.5390 0.0000e+00
     -0.593 1.6486e-11     7.5342     87.069      0.774   0.735531    -0.1797      6.292   113.9494 4.0566e+02    -0.1989     -0.582     -0.844    22.5389 0.0000e+00
     -0.593 1.8135e-10     7.5336     87.062      0.787   0.748576    -0.1811      6.293   100.7040 4.0626e+02    -0.2302     -0.582     -0.845    22.5387 0.0000e+00
     -0.593 1.9948e-09     7.5331     87.056      0.819   0.778974    -0.1746      6.294   107.7349 4.0190e+02    -0.2227     -0.582     -0.844    22.5387 0.0000e+00
     -0.593 2.1943e-08     7.5314     87.036      0.827   0.786013    -0.1659      6.294   118.7704 3.9604e+02    -0.2009     -0.582     -0.845    22.5386 0.0000e+00
     -0.593 2.4138e-07     7.5310     87.031      0.810   0.770263    -0.1679      6.295   122.5400 3.8329e+02    -0.2109     -0.582     -0.844    22.5388 0.0000e+00
     -0.593      0.000     7.5322     87.046      0.819   0.778773    -0.1708      6.295   128.3618 3.6061e+02    -0.2215     -0.582     -0.844    22.5384 0.0000e+00
     -0.593      0.000     7.5322     87.046      0.868   0.825499    -0.1639      6.295   132.8053 3.3789e+02    -0.2061     -0.581     -0.843    22.5387 0.0000e+00
     -0.593      0.000     7.5300     87.036      1.069   1.018165    -0.1581      6.290    93.3246 3.1948e+02    -0.2090     -0.581     -0.843    22.5377 0.0000e+00
     -0.593      0.004     7.5160     87.031      3.044   2.918050    -0.1654      6.336    18.1330 3.0550e+02    -0.2559     -0.582     -0.844    22.5388 0.0000e+00
     -0.593      0.014     7.4735     87.033     10.458  10.097679    -0.1786      6.530    57.3908 3.0373e+02    -0.2540     -0.581     -0.843    22.5370 0.0000e+00
     -0.593      0.033     7.4102     87.039     21.833  21.210967    -0.1802      6.872   210.9248 3.1337e+02    -0.1863     -0.580     -0.842    22.5403 0.0000e+00
     -0.591      0.059     7.3537     87.049     29.577  28.898998    -0.1663      7.276   298.9480 3.2599e+02    -0.1701     -0.582     -0.844    22.5348 0.0000e+00
     -0.581      0.091     7.3146     87.059     31.701  31.134910    -0.1486      7.642   308.9449 3.3487e+02    -0.2102     -0.580     -0.840    22.5495 0.0000e+00
     -0.551      0.129     7.2856     87.058     31.855  31.418686    -0.1315      7.890   302.3705 3.3769e+02    -0.1225     -0.545     -0.791    22.8676 0.0000e+00
     -0.507      0.169     7.2629     87.070     31.830  31.504696     0.0230      7.996   284.3313 3.3775e+02     1.1653     -0.496     -0.721    23.4333 0.0000e+00
     -0.457      0.206     7.2477     87.116     31.774  31.539924     0.3121      8.008   271.6029 3.4227e+02     3.4894     -0.451     -0.653    23.8573 0.0000e+00
     -0.400      0.240     7.2409     87.196     31.698  31.527216     0.4698      7.970   268.8421 3.5448e+02     4.6920     -0.397     -0.576    24.1206 0.0000e+00
     -0.331      0.268     7.2440     87.330     31.611  31.478148     0.5049      7.900   268.5029 3.6673e+02     4.6890     -0.325     -0.471    24.3175 0.0000e+00
     -0.258      0.289     7.2565     87.530     31.568  31.454771     0.7826      7.813   268.8782 3.7111e+02     3.7588     -0.252     -0.365    24.4937 0.0000e+00
     -0.182      0.304     7.2767     87.793     31.540  31.435116     1.3007      7.723   270.1101 3.5419e+02     1.9901     -0.186     -0.269    24.6428 0.0000e+00
     -0.096      0.307     7.3048     88.138     31.470  31.367525     1.5864      7.649   271.1803 2.9595e+02     1.0046     -0.093     -0.135    24.7386 0.0000e+00
     -0.007      0.300     7.3493     88.668     31.441  31.336129     1.6087      7.590   271.7513 2.1707e+02     0.9067     -0.004     -0.006    24.7964 0.0000e+00
      0.076      0.290     7.4235     89.544     31.486  31.373041     1.6071      7.541   272.7115 1.6385e+02     0.8974      0.075      0.108    24.8214 0.0000e+00
      0.151      0.280     7.5159     90.629     31.493  31.369255     1.6121      7.503   273.5833 1.3864e+02     0.8929      0.159      0.231    24.8308 0.0000e+00
      0.206      0.269     7.5895     91.485     31.489  31.353838     1.6231      7.477   274.0327 1.2270e+02     0.8825      0.206      0.299    24.8327 0.0000e+00
      0.258      0.255     7.6165     91.786     31.522  31.377139     1.6206      7.460   274.5314 1.0897e+02     0.8932      0.240      0.348    24.8311 0.0000e+00
      0.330      0.236     7.5853     91.387     31.550  31.396948     1.5912      7.447   275.0530 9.8438e+01     0.9007      0.322      0.466    24.8180 0.0000e+00
      0.408      0.216     7.4990     90.322     31.565  31.402806     1.5612      7.437   275.6074 9.4047e+01     0.9118      0.409      0.593    24.7974 0.0000e+00
      0.469      0.195     7.3715     88.755     31.559  31.384454     1.5522      7.431   276.1585 9.2658e+01     0.9354      0.463      0.672    24.7783 0.0000e+00
      0.512      0.169     7.2220     86.925     31.552  31.365561     1.5469      7.426   276.6405 9.2921e+01     0.9115      0.508      0.738    24.7638 0.0000e+00
      0.540      0.136     7.0781     85.175     31.559  31.364867     1.5611      7.422   277.1330 9.5001e+01     0.8675      0.533      0.772    24.7523 0.0000e+00
      0.563      0.105     6.9606     83.750     31.575  31.376058     1.6052      7.419   277.8973 9.7067e+01     0.8612      0.548      0.795    24.7385 0.0000e+00
      0.590      0.081     6.8753     82.716     31.576  31.373849     1.6389      7.416   278.9124 9.7846e+01     0.8656      0.582      0.844    24.7169 0.0000e+00
      0.613      0.065     6.8217     82.063     31.543  31.338159     1.6468      7.411   279.7700 9.7727e+01     0.8595      0.607      0.880    24.6949 0.0000e+00
      0.624      0.060     6.7916     81.694     31.534  31.325573     1.6362      7.403   280.4366 9.7850e+01     0.8481      0.614      0.891    24.6842 0.0000e+00
      0.629      0.063     6.7726     81.457     31.560  31.348675     1.6211      7.394   281.1216 9.7969e+01     0.8501      0.616      0.894    24.6789 0.0000e+00
      0.635      0.078     6.7552     81.240     31.578  31.363446     1.6208      7.384   282.1162 9.6496e+01     0.8838      0.620      0.899    24.6743 0.0000e+00
      0.650      0.108     6.7377     81.022     31.595  31.377159     1.6324      7.370   283.4277 9.3100e+01     0.9205      0.631      0.916    24.6692 0.0000e+00
      0.679      0.156     6.7213     80.817     31.609  31.387446     1.6416      7.353   284.5892 8.9150e+01     0.9271      0.663      0.961    24.6648 0.0000e+00
      0.719      0.214     6.7139     80.717     31.587  31.360796     1.6397      7.337   285.4916 8.5263e+01     0.9027      0.701      1.017    24.6594 0.0000e+00
      0.775      0.271     6.7235     80.822     31.539  31.308964     1.6280      7.326   286.3360 8.0653e+01     0.8702      0.748      1.086    24.6534 0.0000e+00
      0.858      0.316     6.7460     81.082     31.503  31.268805     1.6285      7.317   287.0550 7.5212e+01     0.8698      0.833      1.207    24.6505 0.0000e+00
      0.965      0.346     6.7732     81.396     31.496  31.256277     1.6655      7.309   287.6457 6.9969e+01     0.8972      0.945      1.371    24.6443 0.0000e+00
      1.075      0.359     6.7967     81.659     31.532  31.284495     1.9272      7.303   288.4887 6.5698e+01     0.8966      1.059      1.536    24.6363 0.0000e+00
      1.175      0.358     6.8120     81.802     31.621  31.355950     2.3853      7.295   289.3316 6.2259e+01     0.8936      1.155      1.676    24.6299 0.0000e+00
      1.262      0.345     6.8186     81.800     31.721  31.421617     2.6279      7.288   289.7486 5.9265e+01     0.9217      1.240      1.799    24.6226 0.0000e+00
      1.340      0.325     6.8142     81.608     31.802  31.443330     2.6453      7.284   289.9180 5.6469e+01     0.9308      1.317      1.910    24.6157 0.0000e+00
      1.413      0.303     6.7985     81.221     31.872  31.427865     2.6052      7.284   289.7446 5.3671e+01     0.9118      1.384      2.006    24.6061 0.0000e+00
      1.491      0.283     6.7741     80.660     31.987  31.425042     2.5192      7.287   289.4590 5.0960e+01     0.8751      1.461      2.118    24.5845 0.0000e+00
      1.571      0.264     6.7466     79.962     32.198  31.472538     2.4703      7.288   289.8204 4.8585e+01     0.8538      1.546      2.243    24.5361 0.0000e+00
      1.639      0.248     6.7239     79.232     32.424  31.493825     2.4638      7.284   290.8451 4.6686e+01     0.8682      1.612      2.338    24.4427 0.0000e+00
      1.694      0.235     6.7124     78.604     32.578  31.428097     2.3858      7.275   292.0396 4.5209e+01     0.8654      1.664      2.413    24.3104 0.0000e+00
