Data/DataNotYetUploadedToEDI/Raw_CTD/RawDownloads/061118_fcr10.cnv
* Sea-Bird SBE19plus  Data File:
* FileName = C:\DATA\061418_bvr50_0002.hex
* Software version 2.6.3.104 SB_Terminal.dll
* Temperature SN = 7809
* Conductivity SN = 7809
* System UpLoad Time = Jun 14 2018 16:25:25
* <ApplicationData>
* <Seaterm232>
# nquan = 15
# nvalues = 137                         
# units = specified
# name 0 = depFM: Depth [fresh water, m]
# name 1 = dz/dtM: Descent Rate [m/s]
# name 2 = sbeox0Mg/L: Oxygen, SBE 43 [mg/l]
# name 3 = sbeox0PS: Oxygen, SBE 43 [% saturation]
# name 4 = specc: Specific Conductance [uS/cm]
# name 5 = c0uS/cm: Conductivity [uS/cm]
# name 6 = flECO-AFL: Fluorescence, WET Labs ECO-AFL/FL [mg/m^3]
# name 7 = ph: pH
# name 8 = orp: Oxidation Reduction Potential [mV]
# name 9 = par/sat/log: PAR/Logarithmic, Satlantic
# name 10 = turbWETntu0: Turbidity, WET Labs ECO [NTU]
# name 11 = prdM: Pressure, Strain Gauge [db]
# name 12 = prdE: Pressure, Strain Gauge [psi]
# name 13 = tv290C: Temperature [ITS-90, deg C]
# name 14 = flag:  0.000e+00
# span 0 =     -0.601,      2.625       
# span 1 =     -0.001,      0.219       
# span 2 =     6.7502,     7.9141       
# span 3 =     77.654,     91.816       
# span 4 =      0.180,     36.214       
# span 5 =   0.172839,  34.114668       
# span 6 =    -0.1873,     2.2712       
# span 7 =      6.030,      7.975       
# span 8 = -1240.7455,   258.0062       
# span 9 = 2.4241e+01, 7.0596e+02       
# span 10 =     0.1805,     4.0332      
# span 11 =     -0.590,      2.575      
# span 12 =     -0.855,      3.735      
# span 13 =    19.7348,    24.4713      
# span 14 = 0.0000e+00, 0.0000e+00      
# interval = seconds: 0.25
# start_time = Jun 11 2018 14:25:39 [Instrument's time stamp, header]
# bad_flag = -9.990e-29
*END*
[from data line 97]
      1.649      0.167     6.7502     78.167     35.439  33.770660     1.4376      7.269   249.8701 6.7595e+01     3.3368      1.622      2.353    22.8915 0.0000e+00
      1.683      0.161     6.7682     78.261     35.504  33.777981     1.4319      7.358   248.7048 6.5424e+01     3.3977      1.651      2.395    22.8193 0.0000e+00
      1.716      0.152     6.8082     78.611     35.471  33.693753     1.4202      7.449   247.4050 6.3010e+01     3.4874      1.681      2.438    22.7645 0.0000e+00
      1.756      0.141     6.8557     79.046     35.538  33.704936     1.3884      7.535   246.7159 6.0481e+01     3.6273      1.721      2.495    22.7158 0.0000e+00
      1.798      0.130     6.8952     79.372     35.822  33.913113     1.3684      7.615   246.4809 5.8220e+01     3.7164      1.766      2.561    22.6459 0.0000e+00
      1.836      0.116     6.9202     79.496     36.117  34.114668     1.3631      7.688   246.1133 5.6538e+01     3.7710      1.805      2.617    22.5598 0.0000e+00
      1.866      0.100     6.9323     79.430     36.214  34.109285     1.3607      7.758   245.2823 5.5464e+01     3.7990      1.834      2.660    22.4893 0.0000e+00
      1.886      0.080     6.9323     79.211     36.114  33.911404     1.3216      7.823   244.4352 5.4873e+01     3.8419      1.852      2.687    22.4202 0.0000e+00
      1.899      0.060     6.9227     78.889     35.850  33.563959     1.2577      7.878   244.5616 5.4461e+01     3.9540      1.862      2.701    22.3370 0.0000e+00
      1.911      0.045     6.9082     78.511     35.375  33.020514     1.2320      7.922   245.4339 5.4152e+01     4.0253      1.875      2.720    22.2362 0.0000e+00
      1.921      0.039     6.8935     78.123     34.705  32.294641     1.2404      7.952   246.3769 5.3960e+01     4.0318      1.886      2.735    22.0899 0.0000e+00
      1.926      0.043     6.8850     77.808     34.047  31.583226     1.2941      7.968   247.1879 5.3767e+01     4.0332      1.889      2.740    21.9398 0.0000e+00
      1.929      0.057     6.8902     77.654     33.477  30.960352     1.3851      7.975   248.0124 5.3497e+01     4.0124      1.891      2.742    21.8084 0.0000e+00
      1.937      0.078     6.9128     77.709     32.982  30.415671     1.4409      7.973   248.8604 5.2709e+01     3.9936      1.895      2.749    21.6675 0.0000e+00
      1.957      0.105     6.9493     77.944     32.629  30.014463     1.4533      7.961   249.5245 5.1074e+01     4.0187      1.915      2.777    21.5213 0.0000e+00
      1.991      0.133     6.9928     78.294     32.521  29.856102     1.5258      7.945   250.1060 4.8887e+01     3.9498      1.950      2.827    21.3731 0.0000e+00
      2.034      0.157     7.0392     78.713     32.612  29.897969     1.6747      7.928   250.9010 4.6511e+01     3.7410      1.992      2.890    21.2329 0.0000e+00
      2.084      0.173     7.0889     79.181     32.638  29.885578     1.7555      7.908   252.0811 4.4008e+01     3.5992      2.041      2.960    21.0975 0.0000e+00
      2.137      0.182     7.1444     79.704     32.347  29.579227     1.7586      7.880   253.4477 4.1621e+01     3.5473      2.098      3.043    20.9795 0.0000e+00
      2.186      0.190     7.2105     80.289     31.906  29.115001     1.7851      7.843   254.6906 3.9624e+01     3.3274      2.148      3.115    20.8879 0.0000e+00
      2.229      0.196     7.2952     80.957     31.941  29.035282     1.8375      7.798   255.6664 3.7842e+01     2.9549      2.187      3.172    20.8302 0.0000e+00
      2.270      0.198     7.3951     81.679     32.631  29.504237     1.8682      7.751   256.4694 3.5985e+01     2.7665      2.224      3.227    20.7823 0.0000e+00
      2.320      0.192     7.4899     82.328     33.382  30.022153     1.8894      7.703   257.2585 3.3671e+01     2.7589      2.269      3.289    20.7191 0.0000e+00
      2.384      0.181     7.5549     82.768     33.651  30.153349     2.0020      7.651   257.4637 3.1267e+01     2.8015      2.338      3.391    20.6554 0.0000e+00
      2.446      0.167     7.5747     82.922     33.521  30.010781     2.1825      7.582   256.9714 2.9742e+01     2.8857      2.409      3.493    20.4760 0.0000e+00
      2.487      0.149     7.5582     82.799     33.498  30.012981     2.2701      7.492   256.8987 2.9100e+01     2.9224      2.448      3.549    20.2101 0.0000e+00
      2.509      0.125     7.5267     82.496     33.736  30.243496     2.2712      7.396   257.3591 2.8680e+01     2.9399      2.462      3.570    19.9455 0.0000e+00
      2.528      0.099     7.4890     82.102     33.955  30.448246     2.2688      7.311   257.7202 2.8060e+01     2.9747      2.476      3.591    19.7356 0.0000e+00
      2.553      0.076     7.4394     81.608     34.010  30.519912     2.2596      7.241   257.9089 2.7320e+01     2.9158      2.504      3.632    19.7348 0.0000e+00
      2.577      0.061     7.3763     81.026     33.979  30.538472     2.2340      7.182   258.0062 2.6825e+01     2.7769      2.532      3.672    19.8072 0.0000e+00
      2.592      0.050     7.3111     80.441     33.925  30.545707     2.2169      7.135   257.7777 2.6603e+01     2.6994      2.545      3.691    19.8270 0.0000e+00
      2.599      0.039     7.2516     79.900     33.799  30.480452     2.2174      7.096   257.2971 2.6441e+01     2.7110      2.548      3.696    19.8242 0.0000e+00
      2.604      0.028     7.1995     79.410     33.583  30.321111     2.1572      7.065   256.9280 2.6234e+01     2.7348      2.553      3.702    19.8440 0.0000e+00
      2.608      0.020     7.1568     78.985     33.364  30.143317     2.0311      7.038   256.6702 2.6009e+01     2.7123      2.559      3.711    19.9294 0.0000e+00
      2.612      0.016     7.1242     78.634     33.252  30.045447     1.9521      7.014   256.4170 2.5793e+01     2.6822      2.562      3.715    20.0192 0.0000e+00
      2.616      0.015     7.1103     78.478     33.233  30.026848     1.9380      7.004   256.2750 2.5496e+01     2.6772      2.566      3.720    20.0917 0.0000e+00
      2.620 -9.990e-29 -9.990e-29 -9.990e-29 -9.990e-29 -9.990e-29 -9.990e-29 -9.990e-29 -9.990e-29 2.5066e+01 -9.990e-29      2.569      3.726    20.1474 0.0000e+00
      2.622 -9.990e-29 -9.990e-29 -9.990e-29 -9.990e-29 -9.990e-29 -9.990e-29 -9.990e-29 -9.990e-29 2.4609e+01 -9.990e-29      2.571      3.730    20.1788 0.0000e+00
      2.624 -9.990e-29 -9.990e-29 -9.990e-29 -9.990e-29 -9.990e-29 -9.990e-29 -9.990e-29 -9.990e-29 2.4320e+01 -9.990e-29      2.573      3.733    20.1775 0.0000e+00
      2.625 -9.990e-29 -9.990e-29 -9.990e-29 -9.990e-29 -9.990e-29 -9.990e-29 -9.990e-29 -9.990e-29 2.4241e+01 -9.990e-29      2.575      3.735    20.1658 0.0000e+00
