Data/DataNotYetUploadedToEDI/Raw_CTD/RawDownloads/061118_fcr30.cnv
* Sea-Bird SBE19plus  Data File:
* FileName = C:\DATA\061418_bvr50_0004.hex
* Software version 2.6.3.104 SB_Terminal.dll
* Temperature SN = 7809
* Conductivity SN = 7809
* System UpLoad Time = Jun 14 2018 16:25:42
* <ApplicationData>
* <Seaterm232>
# nquan = 15
# nvalues = 179                         
# units = specified
# name 0 = depFM: Depth [fresh water, m]
# name 1 = dz/dtM: Descent Rate [m/s]
# name 2 = sbeox0Mg/L: Oxygen, SBE 43 [mg/l]
# name 3 = sbeox0PS: Oxygen, SBE 43 [% saturation]
# name 4 = specc: Specific Conductance [uS/cm]
# name 5 = c0uS/cm: Conductivity [uS/cm]
# name 6 = flECO-AFL: Fluorescence, WET Labs ECO-AFL/FL [mg/m^3]
# name 7 = ph: pH
# name 8 = orp: Oxidation Reduction Potential [mV]
# name 9 = par/sat/log: PAR/Logarithmic, Satlantic
# name 10 = turbWETntu0: Turbidity, WET Labs ECO [NTU]
# name 11 = prdM: Pressure, Strain Gauge [db]
# name 12 = prdE: Pressure, Strain Gauge [psi]
# name 13 = tv290C: Temperature [ITS-90, deg C]
# name 14 = flag:  0.000e+00
# span 0 =     -0.593,      5.417       
# span 1 = -1.863e-07,      0.359       
# span 2 =     6.7124,     8.6780       
# span 3 =     72.553,     91.786       
# span 4 =      0.685,     44.569       
# span 5 =   0.651550,  33.885399       
# span 6 =    -0.1915,     2.6736       
# span 7 =      6.290,      8.008       
# span 8 =  -129.9672,   319.1261       
# span 9 = 1.2824e+00, 4.0626e+02       
# span 10 =    -0.2909,     4.6920      
# span 11 =     -0.582,      5.313      
# span 12 =     -0.845,      7.706      
# span 13 =    12.3287,    24.8327      
# span 14 = 0.0000e+00, 0.0000e+00      
# interval = seconds: 0.25
# start_time = Jun 11 2018 14:53:55 [Instrument's time stamp, header]
# bad_flag = -9.990e-29
*END*
[from data line 97]
      1.792      0.222     6.7241     77.816     32.739  31.176690     2.1499      7.255   293.8602 4.2186e+01     0.8797      1.754      2.545    23.8963 0.0000e+00
      1.847      0.227     6.7416     77.587     32.744  30.991224     2.1358      7.244   294.6036 4.0335e+01     0.9351      1.809      2.624    23.5648 0.0000e+00
      1.907      0.242     6.7660     77.407     32.739  30.784584     2.0271      7.231   295.5284 3.8435e+01     0.9714      1.871      2.713    23.2244 0.0000e+00
      1.970      0.259     6.8066     77.362     32.898  30.710176     1.8194      7.219   296.3518 3.6564e+01     1.0138      1.931      2.800    22.9049 0.0000e+00
      2.036      0.273     6.8707     77.582     33.223  30.789824     1.7014      7.209   296.8153 3.4693e+01     1.0500      1.993      2.892    22.6009 0.0000e+00
      2.110      0.278     6.9567     78.101     33.510  30.858193     1.6840      7.201   297.2606 3.2716e+01     1.0440      2.065      2.996    22.3253 0.0000e+00
      2.190      0.278     7.0552     78.863     33.581  30.774454     1.6826      7.191   297.9499 3.0772e+01     1.0634      2.149      3.116    22.0281 0.0000e+00
      2.270      0.277     7.1561     79.747     33.438  30.539228     1.6850      7.179   298.8693 2.9172e+01     1.1010      2.233      3.239    21.6690 0.0000e+00
      2.338      0.274     7.2555     80.602     33.362  30.363715     1.6860      7.166   299.6871 2.7927e+01     1.1017      2.297      3.331    21.3217 0.0000e+00
      2.397      0.269     7.3453     81.293     33.577  30.430375     1.6855      7.155   300.0077 2.6796e+01     1.1017      2.348      3.406    21.0138 0.0000e+00
      2.459      0.261     7.4099     81.696     33.890  30.582955     1.6785      7.147   299.9924 2.5604e+01     1.1019      2.408      3.492    20.7799 0.0000e+00
      2.529      0.254     7.4308     81.669     33.980  30.557195     1.6838      7.138   300.6206 2.4356e+01     1.1043      2.478      3.594    20.6695 0.0000e+00
      2.603      0.249     7.3976     81.144     33.850  30.372800     1.6938      7.127   302.0971 2.3236e+01     1.1001      2.556      3.707    20.5202 0.0000e+00
      2.670      0.244     7.3272     80.228     33.791  30.258557     1.6807      7.113   303.0458 2.2361e+01     1.0816      2.623      3.804    20.3074 0.0000e+00
      2.726      0.237     7.2505     79.123     33.915  30.255426     1.6813      7.097   303.7450 2.1625e+01     1.0942      2.674      3.878    20.1123 0.0000e+00
      2.778      0.231     7.1834     78.012     34.045  30.207778     1.7839      7.079   305.1303 2.0920e+01     1.1610      2.722      3.947    19.9249 0.0000e+00
      2.835      0.231     7.1279     77.009     34.225  30.190268     1.9464      7.061   306.3736 2.0195e+01     1.2488      2.779      4.031    19.8491 0.0000e+00
      2.895      0.236     7.0872     76.209     34.530  30.297506     2.0199      7.046   306.9909 1.9447e+01     1.2706      2.841      4.122    19.8116 0.0000e+00
      2.952      0.245     7.0687     75.705     34.759  30.361058     2.0203      7.033   307.2596 1.8678e+01     1.2411      2.891      4.193    19.6296 0.0000e+00
      3.014      0.255     7.0737     75.491     34.855  30.323437     2.0610      7.022   307.3846 1.7879e+01     1.2586      2.950      4.279    19.3610 0.0000e+00
      3.085      0.262     7.0922     75.440     35.016  30.350530     2.1537      7.011   307.2982 1.7123e+01     1.2978      3.027      4.390    19.0925 0.0000e+00
      3.155      0.262     7.1136     75.448     35.301  30.497970     2.2137      7.003   306.8170 1.6423e+01     1.2887      3.095      4.490    18.8513 0.0000e+00
      3.225      0.253     7.1188     75.461     35.421  30.581820     2.2163      7.001   306.2988 1.5717e+01     1.2705      3.160      4.584    18.6659 0.0000e+00
      3.296      0.238     7.0920     75.445     35.229  30.538729     2.2130      6.999   306.2810 1.5054e+01     1.2610      3.232      4.687    18.4881 0.0000e+00
      3.362      0.223     7.0533     75.391     34.979  30.485180     2.2017      6.993   306.9455 1.4568e+01     1.2654      3.304      4.793    18.3399 0.0000e+00
      3.412      0.215     7.0433     75.358     34.964  30.506170     2.1708      6.979   307.8812 1.4233e+01     1.2928      3.352      4.862    18.1641 0.0000e+00
      3.449      0.215     7.0843     75.458     35.251  30.602047     2.1432      6.964   308.3882 1.3883e+01     1.2871      3.379      4.901    18.0600 0.0000e+00
      3.489      0.214     7.1688     75.732     35.685  30.691608     2.1344      6.952   308.2576 1.3417e+01     1.2879      3.416      4.955    18.3108 0.0000e+00
      3.546      0.208     7.2534     76.101     36.047  30.763060     2.2119      6.942   307.7642 1.2823e+01     1.3330      3.471      5.034    18.6629 0.0000e+00
      3.620      0.193     7.2867     76.456     36.123  30.830557     2.3723      6.935   307.2410 1.2193e+01     1.3450      3.549      5.147    18.7231 0.0000e+00
      3.692      0.168     7.2788     76.796     35.947  30.872641     2.4651      6.930   306.8354 1.1728e+01     1.3106      3.632      5.267    18.4816 0.0000e+00
      3.739      0.133     7.2814     77.206     35.767  30.891121     2.4701      6.926   306.6463 1.1529e+01     1.2841      3.678      5.335    17.9989 0.0000e+00
      3.756      0.094     7.3153     77.752     35.711  30.927209     2.5153      6.923   306.6757 1.1502e+01     1.3593      3.688      5.349    17.5040 0.0000e+00
      3.758      0.061     7.3684     78.378     35.754  30.991539     2.6173      6.919   306.6739 1.1522e+01     1.4880      3.686      5.345    17.5478 0.0000e+00
      3.755      0.040     7.4194     78.898     35.815  31.033876     2.6736      6.915   306.5382 1.1516e+01     1.5276      3.681      5.339    17.9881 0.0000e+00
      3.757      0.030     7.4510     79.168     35.876  31.058035     2.6717      6.911   306.4118 1.1414e+01     1.5025      3.679      5.336    18.2288 0.0000e+00
      3.770      0.028     7.4565     79.166     35.947  31.093072     2.6218      6.909   306.3507 1.1246e+01     1.4289      3.693      5.355    18.3162 0.0000e+00
      3.789      0.028     7.4332     78.886     36.019  31.139931     2.5299      6.906   306.3157 1.1136e+01     1.3396      3.720      5.395    18.3581 0.0000e+00
      3.801      0.028     7.3800     78.291     36.081  31.180019     2.4796      6.902   306.4182 1.1127e+01     1.3073      3.733      5.415    18.3286 0.0000e+00
      3.802      0.031     7.3018     77.378     36.145  31.196710     2.4733      6.897   306.8157 1.1153e+01     1.2821      3.729      5.408    18.2786 0.0000e+00
      3.799      0.041     7.2179     76.256     36.292  31.214678     2.4817      6.887   307.5082 1.1147e+01     1.2491      3.725      5.401    18.2337 0.0000e+00
      3.800      0.061     7.1598     75.138     36.637  31.270109     2.5076      6.873   308.5962 1.1069e+01     1.2741      3.724      5.401    18.2219 0.0000e+00
      3.813      0.090     7.1443     74.209     37.173  31.358553     2.5196      6.855   309.9044 1.0890e+01     1.3405      3.733      5.415    18.2139 0.0000e+00
      3.842      0.125     7.1578     73.533     37.762  31.457954     2.5172      6.834   311.2804 1.0591e+01     1.3809      3.763      5.458    18.1784 0.0000e+00
      3.883      0.157     7.1754     73.072     38.292  31.582308     2.5149      6.814   312.9294 1.0178e+01     1.3653      3.805      5.519    18.0711 0.0000e+00
      3.935      0.184     7.1910     72.756     38.823  31.782041     2.5284      6.798   314.4413 9.7324e+00     1.3958      3.856      5.593    17.7490 0.0000e+00
      3.993      0.204     7.2177     72.555     39.419  32.030811     2.5609      6.783   315.5361 9.3280e+00     1.5051      3.917      5.682    17.1947 0.0000e+00
      4.048      0.219     7.2661     72.553     39.983  32.239929     2.5868      6.770   316.2721 8.9372e+00     1.5581      3.973      5.761    16.5991 0.0000e+00
      4.101      0.230     7.3431     72.851     40.408  32.341279     2.5930      6.760   316.3715 8.5017e+00     1.5791      4.019      5.829    16.1842 0.0000e+00
      4.157      0.236     7.4521     73.421     40.766  32.366766     2.5250      6.755   316.0494 8.0383e+00     1.9725      4.074      5.908    15.9503 0.0000e+00
      4.219      0.238     7.5879     74.203     41.271  32.484269     2.4087      6.753   315.9910 7.5652e+00     2.7143      4.135      5.998    15.6350 0.0000e+00
      4.288      0.240     7.7403     75.168     41.860  32.681925     2.3542      6.749   316.2670 7.0254e+00     3.1325      4.203      6.096    15.2956 0.0000e+00
      4.356      0.243     7.9077     76.310     42.222  32.723839     2.3252      6.742   316.3750 6.4879e+00     3.1835      4.279      6.206    15.0330 0.0000e+00
      4.414      0.240     8.0876     77.575     42.291  32.546179     2.1220      6.736   316.0929 6.0109e+00     3.1770      4.332      6.283    14.7100 0.0000e+00
      4.466      0.225     8.2435     78.795     42.328  32.439001     1.7723      6.734   315.7820 5.4505e+00     3.1465      4.373      6.342    14.3413 0.0000e+00
      4.529      0.204     8.3344     79.829     42.400  32.571053     1.5893      6.735   315.7135 4.8225e+00     3.1200      4.439      6.439    14.0170 0.0000e+00
      4.595      0.184     8.3688     80.605     42.432  32.809111     1.5825      6.735   316.0389 4.3759e+00     3.1311      4.516      6.549    13.7606 0.0000e+00
      4.641      0.170     8.3828     81.064     42.518  33.031070     1.6342      6.732   316.8765 4.1750e+00     3.0661      4.560      6.614    13.4501 0.0000e+00
      4.667      0.167     8.4062     81.236     42.634  33.095410     1.7363      6.724   317.4952 4.0131e+00     2.8533      4.576      6.637    13.1939 0.0000e+00
      4.691      0.167     8.4596     81.253     42.838  33.015366     1.7976      6.717   317.4116 3.7896e+00     2.6943      4.598      6.669    13.3355 0.0000e+00
      4.723      0.168     8.5201     81.192     43.153  32.952201     1.8053      6.715   316.9836 3.4962e+00     2.6700      4.623      6.705    13.7035 0.0000e+00
      4.774      0.168     8.5306     81.044     43.327  32.966471     1.8294      6.716   316.5357 3.0898e+00     2.6204      4.671      6.774    13.9111 0.0000e+00
      4.844      0.163     8.4858     80.862     43.296  33.060727     1.8685      6.718   316.2983 2.7319e+00     2.5221      4.758      6.900    13.9163 0.0000e+00
      4.901      0.148     8.4216     80.762     43.159  33.202765     1.8827      6.719   316.3500 2.5691e+00     2.5191      4.819      6.990    13.5884 0.0000e+00
      4.931      0.125     8.3504     80.807     42.895  33.350284     1.8824      6.719   316.9034 2.4972e+00     2.5535      4.838      7.017    13.0684 0.0000e+00
      4.948      0.105     8.2912     80.972     42.483  33.383896     1.9015      6.714   317.9993 2.4388e+00     2.5407      4.853      7.038    12.9201 0.0000e+00
      4.959      0.103     8.2922     81.210     42.064  33.164990     1.9295      6.701   318.9303 2.4101e+00     2.5478      4.866      7.057    13.1588 0.0000e+00
      4.967      0.124     8.3731     81.495     41.983  32.863195     1.9355      6.686   319.1261 2.3823e+00     2.5483      4.870      7.063    13.4079 0.0000e+00
      4.984      0.160     8.4993     81.745     42.470  32.783385     1.9295      6.675   318.7318 2.2659e+00     2.5161      4.877      7.072    13.8363 0.0000e+00
      5.030      0.195     8.6150     81.862     43.315  32.961647     1.9385      6.669   318.2072 2.0288e+00     2.4940      4.918      7.133    14.4219 0.0000e+00
      5.108      0.219     8.6780     81.715     44.150  33.239560     2.0082      6.668   317.8598 1.7721e+00     2.4945      5.007      7.262    14.5819 0.0000e+00
      5.195      0.223     8.6548     81.199     44.569  33.411998     2.1104      6.668   317.6290 1.5864e+00     2.4913      5.102      7.399    14.2421 0.0000e+00
      5.268      0.208     8.5420     80.381     44.470  33.458500     2.1538      6.667   317.3956 1.4672e+00     2.4859      5.173      7.502    13.5816 0.0000e+00
      5.319      0.177     8.4005     79.470     44.310  33.547897     2.1475      6.667   317.1881 1.3934e+00     2.4908      5.226      7.579    13.0011 0.0000e+00
      5.349      0.136     8.2891     78.685     44.290  33.667416     2.1258      6.668   316.8413 1.3597e+00     2.4893      5.252      7.617    12.5767 0.0000e+00
      5.364      0.097     8.2191     78.145     44.329  33.760421     2.0934      6.669   316.2990 1.3384e+00     2.4985      5.257      7.625    12.3287 0.0000e+00
      5.380      0.068     8.1866     77.901     44.399  33.846741     2.0682      6.670   315.9664 1.3131e+00     2.5102      5.275      7.651    12.5954 0.0000e+00
      5.398      0.057     8.1793     77.858     44.432  33.885399     2.0600      6.670   315.9175 1.2980e+00     2.5086      5.298      7.683    12.9084 0.0000e+00
      5.409 -9.990e-29 -9.990e-29 -9.990e-29 -9.990e-29 -9.990e-29 -9.990e-29 -9.990e-29 -9.990e-29 1.2930e+00 -9.990e-29      5.306      7.696    13.0278 0.0000e+00
      5.414 -9.990e-29 -9.990e-29 -9.990e-29 -9.990e-29 -9.990e-29 -9.990e-29 -9.990e-29 -9.990e-29 1.2904e+00 -9.990e-29      5.309      7.701    13.0873 0.0000e+00
      5.416 -9.990e-29 -9.990e-29 -9.990e-29 -9.990e-29 -9.990e-29 -9.990e-29 -9.990e-29 -9.990e-29 1.2857e+00 -9.990e-29      5.312      7.704    13.1134 0.0000e+00
      5.417 -9.990e-29 -9.990e-29 -9.990e-29 -9.990e-29 -9.990e-29 -9.990e-29 -9.990e-29 -9.990e-29 1.2824e+00 -9.990e-29      5.313      7.706    13.1472 0.0000e+00
