Data/DataNotYetUploadedToEDI/Raw_CTD/RawDownloads/061319_bvr50.cnv
* Sea-Bird SBE19plus  Data File:
* FileName = C:\DATA\061319_bvr50_0001.hex
* Software version 2.8.0.119 SB_Terminal.dll
* Temperature SN = 7809
* Conductivity SN = 7809
* System UpLoad Time = Jun 13 2019 10:53:00
* <ApplicationData>
* <Seaterm232>
# nquan = 16
# nvalues = 1051                        
# units = specified
# name 0 = depFM: Depth [fresh water, m]
# name 1 = dz/dtM: Descent Rate [m/s]
# name 2 = sbeox0Mg/L: Oxygen, SBE 43 [mg/l]
# name 3 = sbeox0PS: Oxygen, SBE 43 [% saturation]
# name 4 = specc: Specific Conductance [uS/cm]
# name 5 = c0uS/cm: Conductivity [uS/cm]
# name 6 = flECO-AFL: Fluorescence, WET Labs ECO-AFL/FL [mg/m^3]
# name 7 = ph: pH
# name 8 = orp: Oxidation Reduction Potential [mV]
# name 9 = par/sat/log: PAR/Logarithmic, Satlantic
# name 10 = turbWETntu0: Turbidity, WET Labs ECO [NTU]
# name 11 = prdM: Pressure, Strain Gauge [db]
# name 12 = prdE: Pressure, Strain Gauge [psi]
# name 13 = tv290C: Temperature [ITS-90, deg C]
# name 14 = density00: Density [density, kg/m^3]
# name 15 = flag:  0.000e+00
# span 0 =     -0.743,     10.515       
# span 1 =     -0.140,      0.110       
# span 2 =    -0.2985,    10.0816       
# span 3 =     -2.637,     98.422       
# span 4 =      0.794,    128.456       
# span 5 =   0.717633,  85.363214       
# span 6 =    -0.7662,    16.2241       
# span 7 =      3.009,     10.262       
# span 8 = -1240.7455,  1187.3620       
# span 9 = 1.2355e-01, 1.9885e+03       
# span 10 =    -4.5051,    13.3169      
# span 11 =     -0.728,     10.312      
# span 12 =     -1.056,     14.956      
# span 13 =     8.1952,    22.1564      
# span 14 =   997.7491,   999.9354      
# span 15 = 0.0000e+00, 0.0000e+00      
# interval = seconds: 0.25
# start_time = Jun 13 2019 10:35:28 [Instrument's time stamp, header]
# bad_flag = -9.990e-29
*END*
[from data line 543]
      4.391      0.059     9.0437     93.229     26.347  22.038840    16.2117      8.400   275.6168 5.1735e+01     2.4462      4.307      6.247    17.0859   998.7948 0.0000e+00
      4.404      0.059     9.0588     93.270     26.219  21.901287    16.2241      8.402   275.8430 5.0059e+01     2.4317      4.321      6.268    16.9671   998.8155 0.0000e+00
      4.413      0.060     9.0734     93.233     26.139  21.784662    15.8246      8.404   275.9708 4.7790e+01     2.3821      4.327      6.275    16.8651   998.8332 0.0000e+00
      4.424      0.064     9.0811     93.087     26.119  21.706944    15.0741      8.406   276.0439 4.6348e+01     2.3054      4.335      6.288    16.8458   998.8366 0.0000e+00
      4.442      0.071     9.0814     92.865     26.058  21.595796    14.6590      8.407   276.1242 4.7703e+01     2.2588      4.355      6.317    16.8326   998.8389 0.0000e+00
      4.465      0.079     9.0824     92.640     25.963  21.455541    14.5940      8.408   276.3402 5.0077e+01     2.2439      4.377      6.350    16.7765   998.8486 0.0000e+00
      4.487      0.087     9.0905     92.450     25.914  21.343010    14.2875      8.410   276.5905 5.0124e+01     2.2240      4.400      6.382    16.6732   998.8663 0.0000e+00
      4.510      0.092     9.1050     92.278     25.904  21.249923    13.7283      8.413   276.7408 4.9186e+01     2.2143      4.421      6.413    16.5465   998.8879 0.0000e+00
      4.535      0.095     9.1239     92.139     25.894  21.154470    13.4155      8.415   276.8665 4.8937e+01     2.2257      4.447      6.450    16.4348   998.9067 0.0000e+00
      4.561      0.095     9.1473     92.068     25.898  21.076743    13.3490      8.416   277.0778 4.8520e+01     2.2304      4.476      6.491    16.3249   998.9251 0.0000e+00
      4.585      0.092     9.1782     92.109     25.900  21.007708    13.0377      8.416   277.2309 5.0094e+01     2.2054      4.497      6.523    16.1860   998.9481 0.0000e+00
      4.609      0.086     9.2193     92.296     25.907  20.953943    12.4863      8.415   277.2558 5.1745e+01     2.1207      4.518      6.553    16.0146   998.9762 0.0000e+00
      4.634      0.077     9.2702     92.627     25.940  20.933999    12.1881      8.415   277.2916 4.9015e+01     2.0582      4.545      6.592    15.8385   999.0048 0.0000e+00
      4.654      0.068     9.3309     93.100     25.932  20.893369    12.1548      8.416   277.4053 4.6237e+01     2.0713      4.567      6.624    15.6807   999.0301 0.0000e+00
      4.669      0.060     9.3996     93.683     25.903  20.843193    12.1353      8.417   277.5119 4.5585e+01     2.0837      4.580      6.643    15.5440   999.0517 0.0000e+00
      4.679      0.052     9.4737     94.324     25.924  20.834679    12.0126      8.418   277.4626 4.5363e+01     2.1419      4.589      6.656    15.4282   999.0699 0.0000e+00
      4.689      0.045     9.5482     94.965     25.979  20.853829    11.7903      8.418   277.4117 4.4637e+01     2.2511      4.598      6.669    15.3390   999.0838 0.0000e+00
      4.701      0.039     9.6114     95.515     26.042  20.884431    11.6584      8.417   277.4991 4.3322e+01     2.2893      4.610      6.685    15.2743   999.0938 0.0000e+00
      4.712      0.035     9.6562     95.939     26.052  20.887534    11.5707      8.417   277.6592 4.2530e+01     2.2759      4.622      6.703    15.2286   999.1009 0.0000e+00
      4.721      0.034     9.6856     96.270     25.966  20.827919    10.7814      8.418   277.7991 4.2880e+01     2.2206      4.630      6.715    15.1845   999.1077 0.0000e+00
      4.727      0.035     9.7076     96.522     25.839  20.734469     9.3204      8.419   277.8135 4.2938e+01     2.0796      4.636      6.724    15.1275   999.1164 0.0000e+00
      4.732      0.036     9.7287     96.670     25.747  20.645586     8.5144      8.419   277.7473 4.2292e+01     1.9799      4.640      6.731    15.0837   999.1231 0.0000e+00
      4.739      0.039     9.7444     96.657     25.715  20.577746     8.4484      8.419   277.6867 4.2537e+01     1.9983      4.646      6.738    15.0700   999.1251 0.0000e+00
      4.751      0.044     9.7473     96.464     25.746  20.548397     8.4451      8.420   277.6823 4.1657e+01     2.0399      4.658      6.755    15.1002   999.1206 0.0000e+00
      4.766      0.050     9.7393     96.161     25.811  20.544362     8.4219      8.420   277.7805 4.0227e+01     2.0566      4.675      6.780    15.1408   999.1145 0.0000e+00
      4.781      0.056     9.7240     95.827     25.849  20.528890     8.3848      8.420   277.8425 3.9477e+01     2.0369      4.689      6.801    15.1093   999.1193 0.0000e+00
      4.794      0.062     9.7033     95.515     25.831  20.488119     8.3170      8.420   277.7426 3.8531e+01     1.9977      4.700      6.817    15.0147   999.1336 0.0000e+00
      4.809      0.067     9.6821     95.244     25.780  20.431918     7.8024      8.420   277.6917 3.8449e+01     2.0085      4.714      6.837    14.9017   999.1507 0.0000e+00
      4.827      0.071     9.6682     95.025     25.710  20.356740     6.8704      8.419   277.8292 3.8513e+01     2.0371      4.733      6.865    14.7883   999.1677 0.0000e+00
      4.847      0.073     9.6642     94.842     25.655  20.276780     6.3603      8.418   278.0287 3.8013e+01     2.0166      4.752      6.892    14.6898   999.1824 0.0000e+00
      4.868      0.073     9.6692     94.670     25.661  20.226163     6.2979      8.417   278.0384 3.7385e+01     1.9887      4.773      6.922    14.6439   999.1892 0.0000e+00
      4.889      0.070     9.6792     94.511     25.694  20.188623     6.1069      8.418   277.7749 3.5874e+01     1.9627      4.795      6.955    14.6304   999.1913 0.0000e+00
      4.909      0.064     9.6872     94.368     25.702  20.139922     5.6644      8.419   277.5099 3.4344e+01     1.8984      4.815      6.983    14.5938   999.1966 0.0000e+00
      4.924      0.059     9.6923     94.267     25.675  20.081214     5.2821      8.420   277.3289 3.4043e+01     1.8344      4.830      7.005    14.5317   999.2057 0.0000e+00
      4.935      0.054     9.7003     94.247     25.666  20.049554     5.1607      8.421   277.2215 3.3744e+01     1.7787      4.840      7.020    14.4153   999.2226 0.0000e+00
      4.945      0.052     9.7202     94.340     25.729  20.074209     5.1512      8.421   277.2439 3.2713e+01     1.7492      4.849      7.033    14.2736   999.2429 0.0000e+00
      4.956      0.052     9.7551     94.565     25.831  20.125599     5.1758      8.421   277.2553 3.1699e+01     1.8376      4.860      7.049    14.1625   999.2586 0.0000e+00
      4.970      0.055     9.8021     94.922     25.911  20.163491     5.2233      8.421   277.2734 3.0405e+01     1.9955      4.872      7.067    14.0925   999.2685 0.0000e+00
      4.985      0.060     9.8613     95.400     25.926  20.151795     5.2483      8.421   277.2907 2.9066e+01     2.0860      4.888      7.089    14.0588   999.2733 0.0000e+00
      5.001      0.064     9.9324     95.942     25.920  20.111009     5.2442      8.422   277.2061 2.8509e+01     2.0796      4.906      7.115    14.0136   999.2797 0.0000e+00
      5.018      0.068    10.0079     96.459     25.990  20.114267     5.1045      8.424   277.1971 2.8509e+01     2.0495      4.921      7.137    13.9474   999.2890 0.0000e+00
      5.036      0.070    10.0641     96.807     26.069  20.127695     4.8336      8.425   277.2686 2.8899e+01     2.0490      4.937      7.162    13.9030   999.2952 0.0000e+00
      5.056      0.071    10.0816     96.889     26.038  20.083041     4.6745      8.424   277.2958 2.9371e+01     2.0407      4.959      7.193    13.8703   999.2998 0.0000e+00
      5.075      0.071    10.0745     96.764     25.972  20.018303     4.6457      8.423   277.2682 2.9477e+01     2.0157      4.979      7.221    13.8080   999.3084 0.0000e+00
      5.091      0.071    10.0597     96.478     25.967  19.979160     4.6062      8.421   277.1922 2.9102e+01     2.0086      4.994      7.242    13.6927   999.3241 0.0000e+00
      5.108      0.068    10.0321     96.018     26.044  19.990255     4.5441      8.421   277.1519 2.8477e+01     2.0200      5.009      7.264    13.5717   999.3405 0.0000e+00
      5.128      0.063     9.9893     95.465     26.136  20.025550     4.5109      8.422   277.1250 2.8230e+01     2.0222      5.028      7.293    13.5530   999.3431 0.0000e+00
      5.148      0.058     9.9414     94.944     26.156  20.025331     4.5078      8.424   277.1254 2.8592e+01     2.0023      5.050      7.324    13.5602   999.3422 0.0000e+00
      5.162      0.054     9.9057     94.554     26.122  19.987591     4.5589      8.425   277.2422 2.9002e+01     1.9772      5.065      7.346    13.4776   999.3533 0.0000e+00
      5.171      0.050     9.8913     94.328     26.102  19.949766     4.6610      8.425   277.4181 2.9407e+01     1.9807      5.071      7.355    13.3624   999.3685 0.0000e+00
      5.179      0.045     9.8894     94.195     26.138  19.948504     4.7110      8.423   277.6175 2.9569e+01     2.0107      5.077      7.365    13.2904   999.3780 0.0000e+00
      5.190      0.040     9.8882     94.106     26.193  19.972295     4.7118      8.421   277.7604 2.9205e+01     2.0129      5.089      7.381    13.2771   999.3798 0.0000e+00
      5.205      0.037     9.8853     94.079     26.208  19.983711     4.7146      8.420   277.8563 2.9013e+01     2.0070      5.104      7.403    13.2646   999.3814 0.0000e+00
      5.217      0.037     9.8876     94.121     26.170  19.959692     4.7182      8.420   278.0025 2.8900e+01     2.1030      5.118      7.424    13.2187   999.3874 0.0000e+00
      5.223      0.035     9.8958     94.181     26.145  19.935580     4.7205      8.420   278.1505 2.8875e+01     2.2566      5.123      7.430    13.1518   999.3960 0.0000e+00
      5.228      0.032     9.8988     94.185     26.167  19.945853     4.7159      8.419   278.3555 2.9228e+01     2.2901      5.125      7.432    13.1023   999.4025 0.0000e+00
      5.236      0.029     9.8908     94.116     26.179  19.957046     4.7062      8.418   278.5886 2.9376e+01     2.2468      5.135      7.448    13.1176   999.4006 0.0000e+00
      5.246      0.029     9.8824     94.044     26.159  19.944072     4.6813      8.420   278.7324 2.9359e+01     2.2568      5.146      7.464    13.1441   999.3972 0.0000e+00
      5.252      0.033     9.8842     93.995     26.144  19.915834     4.6398      8.422   278.8028 2.9148e+01     2.2798      5.151      7.471    13.1225   999.4000 0.0000e+00
      5.257      0.038     9.8923     93.902     26.139  19.869303     4.6120      8.423   278.9235 2.8565e+01     2.2635      5.155      7.476    13.0999   999.4029 0.0000e+00
      5.266      0.043     9.8970     93.724     26.154  19.825373     4.6142      8.423   279.1595 2.8284e+01     2.2557      5.162      7.488    13.1124   999.4013 0.0000e+00
      5.279      0.048     9.8925     93.474     26.226  19.828567     4.7018      8.423   279.4199 2.7969e+01     2.3498      5.176      7.508    13.1321   999.3989 0.0000e+00
      5.294      0.054     9.8763     93.165     26.299  19.844440     4.8561      8.424   279.6623 2.7305e+01     2.5167      5.192      7.530    13.1079   999.4020 0.0000e+00
      5.309      0.061     9.8505     92.813     26.312  19.826983     4.9371      8.424   279.8533 2.6656e+01     2.6020      5.204      7.548    13.0135   999.4141 0.0000e+00
      5.324      0.066     9.8167     92.398     26.319  19.807730     4.9526      8.422   280.0946 2.5894e+01     2.6266      5.221      7.573    12.8945   999.4292 0.0000e+00
      5.341      0.070     9.7733     91.877     26.349  19.801885     5.0170      8.419   280.4281 2.5004e+01     2.7166      5.239      7.598    12.7900   999.4423 0.0000e+00
      5.360      0.074     9.7223     91.256     26.337  19.756281     5.1260      8.417   280.7029 2.4368e+01     2.8376      5.255      7.621    12.7164   999.4514 0.0000e+00
      5.380      0.075     9.6677     90.576     26.320  19.700256     5.1874      8.414   280.9216 2.4085e+01     2.8781      5.276      7.652    12.6721   999.4570 0.0000e+00
      5.400      0.073     9.6072     89.836     26.373  19.695226     5.2044      8.412   281.0946 2.3630e+01     2.8456      5.296      7.681    12.6320   999.4620 0.0000e+00
      5.422      0.069     9.5393     89.068     26.420  19.695417     5.3142      8.412   281.1593 2.2987e+01     2.9021      5.316      7.710    12.5780   999.4687 0.0000e+00
      5.442      0.065     9.4663     88.307     26.458  19.702524     5.5267      8.413   281.1883 2.2402e+01     3.0701      5.340      7.745    12.5088   999.4771 0.0000e+00
      5.457      0.061     9.3893     87.533     26.498  19.717723     5.6573      8.413   281.3580 2.2051e+01     3.1732      5.354      7.765    12.4251   999.4873 0.0000e+00
      5.467      0.057     9.3173     86.813     26.477  19.688904     5.6708      8.414   281.5765 2.1986e+01     3.1656      5.360      7.774    12.3280   999.4989 0.0000e+00
      5.477      0.053     9.2584     86.207     26.474  19.671171     5.6470      8.415   281.6793 2.1761e+01     3.1423      5.370      7.789    12.2602   999.5069 0.0000e+00
      5.491      0.049     9.2141     85.717     26.532  19.693561     5.4388      8.415   281.7401 2.1177e+01     3.1859      5.384      7.810    12.2275   999.5108 0.0000e+00
      5.507      0.046     9.1833     85.355     26.577  19.705896     5.0612      8.415   281.7954 2.0612e+01     3.2669      5.401      7.834    12.2024   999.5138 0.0000e+00
      5.522      0.044     9.1696     85.190     26.574  19.693461     4.8529      8.415   281.9187 2.0090e+01     3.3025      5.418      7.857    12.1786   999.5166 0.0000e+00
      5.532      0.041     9.1797     85.276     26.546  19.670035     4.8188      8.415   282.1117 1.9589e+01     3.3210      5.426      7.871    12.1555   999.5194 0.0000e+00
      5.537      0.038     9.2116     85.577     26.552  19.676344     4.7179      8.415   282.2369 1.9527e+01     3.3268      5.429      7.874    12.1115   999.5245 0.0000e+00
      5.545      0.034     9.2612     86.059     26.585  19.706314     4.5440      8.415   282.3134 1.9737e+01     3.3074      5.435      7.883    12.0589   999.5305 0.0000e+00
      5.555      0.032     9.3188     86.648     26.577  19.715299     4.4496      8.414   282.4351 1.9920e+01     3.3154      5.448      7.901    12.0463   999.5321 0.0000e+00
      5.566      0.031     9.3750     87.266     26.551  19.721574     4.4437      8.414   282.5898 2.0202e+01     3.3259      5.460      7.920    12.0449   999.5323 0.0000e+00
      5.574      0.032     9.4295     87.875     26.511  19.718795     4.4724      8.414   282.7211 2.0509e+01     3.3026      5.467      7.929    12.0467   999.5322 0.0000e+00
      5.579      0.033     9.4800     88.405     26.440  19.681731     4.5287      8.414   282.8176 2.0861e+01     3.2965      5.470      7.934    12.0557   999.5312 0.0000e+00
      5.585      0.036     9.5202     88.781     26.402  19.653980     4.5604      8.412   282.7240 2.0971e+01     3.3177      5.476      7.943    12.0757   999.5288 0.0000e+00
      5.593      0.039     9.5469     88.951     26.407  19.636941     4.5690      8.410   282.5355 2.0741e+01     3.3292      5.484      7.954    12.1342   999.5222 0.0000e+00
      5.604      0.043     9.5613     88.914     26.421  19.602544     4.6330      8.410   282.6044 2.0574e+01     3.4031      5.494      7.969    12.1969   999.5149 0.0000e+00
      5.619      0.048     9.5640     88.723     26.434  19.555140     4.7539      8.409   282.7821 2.0527e+01     3.5221      5.510      7.991    12.2252   999.5116 0.0000e+00
      5.634      0.052     9.5535     88.414     26.445  19.507669     4.8252      8.409   282.8774 2.0548e+01     3.5561      5.527      8.016    12.2296   999.5112 0.0000e+00
