Data/DataNotYetUploadedToEDI/Raw_CTD/RawDownloads/061319_bvr50.cnv
* Sea-Bird SBE19plus  Data File:
* FileName = C:\DATA\061319_bvr50_0001.hex
* Software version 2.8.0.119 SB_Terminal.dll
* Temperature SN = 7809
* Conductivity SN = 7809
* System UpLoad Time = Jun 13 2019 10:53:00
* <ApplicationData>
* <Seaterm232>
# nquan = 16
# nvalues = 1051                        
# units = specified
# name 0 = depFM: Depth [fresh water, m]
# name 1 = dz/dtM: Descent Rate [m/s]
# name 2 = sbeox0Mg/L: Oxygen, SBE 43 [mg/l]
# name 3 = sbeox0PS: Oxygen, SBE 43 [% saturation]
# name 4 = specc: Specific Conductance [uS/cm]
# name 5 = c0uS/cm: Conductivity [uS/cm]
# name 6 = flECO-AFL: Fluorescence, WET Labs ECO-AFL/FL [mg/m^3]
# name 7 = ph: pH
# name 8 = orp: Oxidation Reduction Potential [mV]
# name 9 = par/sat/log: PAR/Logarithmic, Satlantic
# name 10 = turbWETntu0: Turbidity, WET Labs ECO [NTU]
# name 11 = prdM: Pressure, Strain Gauge [db]
# name 12 = prdE: Pressure, Strain Gauge [psi]
# name 13 = tv290C: Temperature [ITS-90, deg C]
# name 14 = density00: Density [density, kg/m^3]
# name 15 = flag:  0.000e+00
# span 0 =     -0.743,     10.515       
# span 1 =     -0.140,      0.110       
# span 2 =    -0.2985,    10.0816       
# span 3 =     -2.637,     98.422       
# span 4 =      0.794,    128.456       
# span 5 =   0.717633,  85.363214       
# span 6 =    -0.7662,    16.2241       
# span 7 =      3.009,     10.262       
# span 8 = -1240.7455,  1187.3620       
# span 9 = 1.2355e-01, 1.9885e+03       
# span 10 =    -4.5051,    13.3169      
# span 11 =     -0.728,     10.312      
# span 12 =     -1.056,     14.956      
# span 13 =     8.1952,    22.1564      
# span 14 =   997.7491,   999.9354      
# span 15 = 0.0000e+00, 0.0000e+00      
# interval = seconds: 0.25
# start_time = Jun 13 2019 10:35:28 [Instrument's time stamp, header]
# bad_flag = -9.990e-29
*END*
[from data line 362]
      1.822      0.086     7.6633     87.190     25.462  23.796433     0.7882      8.541   260.1008 1.0519e+02     1.3170      1.785      2.587    21.7265   997.8561 0.0000e+00
      1.851      0.090     7.6614     87.167     25.454  23.789504     0.7810      8.536   260.2160 1.1295e+02     1.3068      1.817      2.635    21.7264   997.8562 0.0000e+00
      1.877      0.089     7.6603     87.156     25.447  23.783005     0.7776      8.534   260.2194 1.2652e+02     1.2926      1.842      2.671    21.7263   997.8565 0.0000e+00
      1.900      0.084     7.6591     87.144     25.445  23.781285     0.7732      8.536   260.2282 1.4322e+02     1.2107      1.862      2.700    21.7254   997.8567 0.0000e+00
      1.923      0.079     7.6636     87.195     25.431  23.768712     0.7720      8.538   260.4082 1.6372e+02     1.1366      1.889      2.740    21.7239   997.8571 0.0000e+00
      1.940      0.077     7.6771     87.348     25.421  23.757851     0.7804      8.539   260.5888 1.6856e+02     1.1178      1.906      2.765    21.7235   997.8573 0.0000e+00
      1.951      0.077     7.6955     87.555     25.442  23.776829     0.7969      8.540   260.6916 1.8190e+02     1.1800      1.911      2.772    21.7247   997.8571 0.0000e+00
      1.966      0.079     7.7132     87.756     25.475  23.807873     0.8234      8.539   260.7908 2.2128e+02     1.2985      1.925      2.791    21.7254   997.8570 0.0000e+00
      1.991      0.083     7.7257     87.897     25.484  23.816030     0.8404      8.538   260.8418 2.5550e+02     1.3381      1.952      2.830    21.7258   997.8570 0.0000e+00
      2.018      0.088     7.7297     87.941     25.480  23.812028     0.8382      8.537   260.8778 2.6448e+02     1.3315      1.980      2.872    21.7252   997.8573 0.0000e+00
      2.043      0.092     7.7243     87.881     25.491  23.822908     0.8311      8.536   260.9679 2.5093e+02     1.3485      2.005      2.908    21.7236   997.8577 0.0000e+00
      2.065      0.090     7.7143     87.766     25.489  23.820716     0.8156      8.533   261.0712 2.5123e+02     1.3146      2.025      2.938    21.7228   997.8580 0.0000e+00
      2.089      0.081     7.7051     87.661     25.451  23.785531     0.7887      8.530   261.1797 2.6683e+02     1.2166      2.048      2.970    21.7221   997.8583 0.0000e+00
      2.113      0.071     7.6984     87.585     25.443  23.778096     0.7749      8.530   261.2477 2.6288e+02     1.1471      2.074      3.008    21.7217   997.8585 0.0000e+00
      2.133      0.063     7.6959     87.557     25.461  23.794242     0.7786      8.529   261.2050 2.3718e+02     1.1300      2.096      3.039    21.7219   997.8585 0.0000e+00
      2.144      0.058     7.6976     87.577     25.457  23.790448     0.7812      8.527   261.2656 2.3275e+02     1.1084      2.104      3.052    21.7219   997.8586 0.0000e+00
      2.150      0.056     7.7019     87.625     25.462  23.795662     0.7808      8.525   261.5504 2.5833e+02     1.0821      2.107      3.057    21.7217   997.8586 0.0000e+00
      2.158      0.055     7.7066     87.678     25.460  23.793851     0.7825      8.524   261.8090 2.7518e+02     1.0737      2.113      3.064    21.7220   997.8586 0.0000e+00
      2.175      0.057     7.7078     87.692     25.433  23.768546     0.7839      8.523   261.8976 2.5632e+02     1.0719      2.130      3.090    21.7221   997.8587 0.0000e+00
      2.197      0.062     7.7043     87.653     25.406  23.743431     0.7976      8.523   261.8474 2.5518e+02     1.0929      2.158      3.130    21.7221   997.8587 0.0000e+00
      2.214      0.068     7.7010     87.615     25.407  23.743916     0.8279      8.522   261.8041 2.6969e+02     1.1314      2.173      3.153    21.7223   997.8588 0.0000e+00
      2.227      0.073     7.6995     87.598     25.440  23.774408     0.8465      8.521   261.9763 2.4107e+02     1.1450      2.181      3.163    21.7223   997.8588 0.0000e+00
      2.244      0.077     7.6984     87.584     25.462  23.794948     0.8490      8.519   262.1231 2.1755e+02     1.1257      2.199      3.189    21.7221   997.8590 0.0000e+00
      2.265      0.079     7.7014     87.619     25.469  23.801971     0.8328      8.517   262.1161 2.1413e+02     1.0949      2.222      3.222    21.7219   997.8591 0.0000e+00
      2.286      0.081     7.7083     87.697     25.463  23.795889     0.7974      8.516   262.1493 2.1501e+02     1.1004      2.241      3.250    21.7219   997.8592 0.0000e+00
      2.311      0.080     7.7145     87.767     25.452  23.784849     0.7769      8.515   262.1811 2.2829e+02     1.1263      2.266      3.287    21.7219   997.8593 0.0000e+00
      2.335      0.075     7.7198     87.827     25.463  23.795345     0.7757      8.512   262.1563 2.3067e+02     1.1137      2.293      3.326    21.7218   997.8594 0.0000e+00
      2.355      0.070     7.7240     87.874     25.463  23.795921     0.7732      8.510   262.1068 2.1250e+02     1.1119      2.311      3.351    21.7215   997.8596 0.0000e+00
      2.370      0.066     7.7268     87.906     25.459  23.791813     0.7816      8.509   262.0994 1.9904e+02     1.1379      2.325      3.372    21.7212   997.8597 0.0000e+00
      2.381      0.062     7.7286     87.926     25.478  23.809112     0.7995      8.508   262.1525 1.9066e+02     1.1322      2.336      3.387    21.7211   997.8598 0.0000e+00
      2.393      0.061     7.7294     87.936     25.484  23.814783     0.7980      8.507   262.2333 2.1485e+02     1.1083      2.344      3.400    21.7210   997.8599 0.0000e+00
      2.409      0.063     7.7309     87.952     25.465  23.796951     0.7898      8.506   262.3023 2.4241e+02     1.1115      2.362      3.425    21.7206   997.8600 0.0000e+00
      2.428      0.067     7.7352     88.001     25.450  23.783801     0.8050      8.504   262.3833 2.0300e+02     1.2038      2.383      3.456    21.7204   997.8602 0.0000e+00
      2.446      0.071     7.7412     88.070     25.449  23.782658     0.8345      8.500   262.5248 1.5787e+02     1.3391      2.399      3.479    21.7206   997.8602 0.0000e+00
      2.464      0.074     7.7481     88.148     25.450  23.783130     0.8427      8.496   262.6363 1.4530e+02     1.3713      2.416      3.504    21.7207   997.8603 0.0000e+00
      2.484      0.074     7.7541     88.214     25.457  23.789515     0.8347      8.492   262.6123 1.4480e+02     1.3313      2.437      3.532    21.7202   997.8605 0.0000e+00
      2.504      0.072     7.7478     88.141     25.465  23.796425     0.8253      8.489   262.6661 1.6261e+02     1.2803      2.455      3.560    21.7202   997.8605 0.0000e+00
      2.524      0.067     7.7203     87.827     25.473  23.803231     0.8066      8.487   262.8558 1.8755e+02     1.2148      2.476      3.591    21.7205   997.8605 0.0000e+00
      2.544      0.061     7.6806     87.374     25.479  23.808379     0.7907      8.486   262.9268 2.0900e+02     1.1615      2.497      3.621    21.7201   997.8608 0.0000e+00
      2.559      0.054     7.6449     86.968     25.465  23.795229     0.7807      8.485   262.9223 2.2376e+02     1.1271      2.511      3.641    21.7193   997.8610 0.0000e+00
      2.569      0.049     7.6233     86.722     25.439  23.771105     0.7895      8.485   262.9736 2.1136e+02     1.1264      2.520      3.654    21.7182   997.8612 0.0000e+00
      2.578      0.047     7.6163     86.642     25.438  23.770423     0.8192      8.484   263.0314 1.8625e+02     1.1203      2.527      3.666    21.7175   997.8615 0.0000e+00
      2.587      0.047     7.6168     86.649     25.456  23.786989     0.8360      8.484   263.0180 1.9240e+02     1.0863      2.536      3.677    21.7170   997.8616 0.0000e+00
      2.597      0.050     7.6238     86.728     25.450  23.781109     0.8363      8.483   262.9840 2.1168e+02     1.0756      2.546      3.691    21.7167   997.8617 0.0000e+00
      2.611      0.054     7.6414     86.928     25.430  23.762750     0.8404      8.481   262.9646 2.0759e+02     1.0896      2.560      3.712    21.7168   997.8618 0.0000e+00
      2.627      0.056     7.6669     87.218     25.422  23.755314     0.8514      8.476   262.9560 1.9466e+02     1.0922      2.576      3.736    21.7168   997.8618 0.0000e+00
      2.645      0.054     7.6938     87.524     25.422  23.754639     0.8560      8.471   262.9660 1.8368e+02     1.0742      2.594      3.762    21.7168   997.8619 0.0000e+00
      2.661      0.048     7.7168     87.785     25.422  23.754583     0.8447      8.466   262.9136 1.8671e+02     1.0682      2.611      3.786    21.7165   997.8621 0.0000e+00
      2.675      0.039     7.7336     87.976     25.422  23.754640     0.8186      8.465   262.8386 1.9908e+02     1.0857      2.625      3.807    21.7166   997.8621 0.0000e+00
      2.684      0.028     7.7463     88.120     25.423  23.755326     0.7917      8.466   262.8341 2.0272e+02     1.0890      2.635      3.822    21.7164   997.8622 0.0000e+00
      2.687      0.018     7.7555     88.225     25.431  23.762875     0.7800      8.467   262.8581 1.9762e+02     1.1084      2.637      3.825    21.7161   997.8623 0.0000e+00
      2.687      0.008     7.7612     88.290     25.451  23.782481     0.7806      8.468   262.8699 1.8963e+02     1.1555      2.634      3.820    21.7159   997.8623 0.0000e+00
      2.687      0.004     7.7625     88.304     25.472  23.802087     0.7818      8.470   262.8904 1.8991e+02     1.1675      2.633      3.819    21.7157   997.8623 0.0000e+00
      2.687      0.007     7.7597     88.273     25.480  23.809626     0.7948      8.470   262.8485 1.9183e+02     1.1547      2.637      3.824    21.7158   997.8623 0.0000e+00
      2.685      0.015     7.7580     88.253     25.481  23.810204     0.8243      8.465   262.7085 1.9374e+02     1.1320      2.634      3.821    21.7159   997.8623 0.0000e+00
      2.684      0.024     7.7586     88.261     25.480  23.809071     0.8440      8.460   262.6595 1.9690e+02     1.1222      2.628      3.811    21.7160   997.8623 0.0000e+00
      2.692      0.031     7.7558     88.229     25.466  23.795922     0.8424      8.457   262.6869 2.0380e+02     1.1355      2.636      3.824    21.7159   997.8623 0.0000e+00
      2.710      0.036     7.7471     88.129     25.447  23.778088     0.8482      8.456   262.6955 2.1270e+02     1.1945      2.658      3.856    21.7159   997.8624 0.0000e+00
      2.725      0.039     7.7391     88.038     25.453  23.783740     0.8790      8.454   262.7633 2.0840e+02     1.3109      2.674      3.880    21.7162   997.8624 0.0000e+00
      2.735      0.039     7.7364     88.007     25.471  23.800830     0.9028      8.452   262.8188 1.9782e+02     1.3630      2.682      3.891    21.7160   997.8625 0.0000e+00
      2.742      0.035     7.7388     88.032     25.465  23.794425     0.9022      8.452   262.7642 1.9911e+02     1.3328      2.688      3.898    21.7158   997.8626 0.0000e+00
      2.749      0.031     7.7476     88.130     25.439  23.769733     0.8726      8.453   262.7055 1.9904e+02     1.2737      2.696      3.910    21.7157   997.8626 0.0000e+00
      2.757      0.029     7.7634     88.306     25.426  23.756006     0.8211      8.454   262.7115 1.8644e+02     1.2050      2.705      3.923    21.7154   997.8628 0.0000e+00
      2.762      0.029     7.7822     88.513     25.428  23.755326     0.7908      8.454   262.6639 1.7499e+02     1.1571      2.709      3.928    21.7152   997.8628 0.0000e+00
      2.768      0.029     7.7976     88.682     25.436  23.761504     0.7838      8.454   262.6464 1.6047e+02     1.1211      2.712      3.934    21.7143   997.8630 0.0000e+00
      2.776      0.032     7.8042     88.753     25.443  23.767260     0.7801      8.454   262.7579 1.4484e+02     1.0968      2.722      3.947    21.7132   997.8633 0.0000e+00
      2.786      0.037     7.8010     88.714     25.438  23.761493     0.7811      8.452   262.8074 1.3269e+02     1.0928      2.734      3.965    21.7110   997.8639 0.0000e+00
      2.795      0.044     7.7938     88.628     25.433  23.755202     0.7881      8.450   262.7289 1.2015e+02     1.1391      2.742      3.977    21.7070   997.8648 0.0000e+00
      2.802      0.051     7.7892     88.570     25.434  23.754636     0.7859      8.448   262.6692 1.1605e+02     1.1653      2.745      3.981    21.7031   997.8657 0.0000e+00
      2.815      0.056     7.7888     88.561     25.436  23.754636     0.7712      8.446   262.6887 1.1744e+02     1.1145      2.757      3.999    21.7012   997.8662 0.0000e+00
      2.836      0.059     7.7901     88.571     25.437  23.755202     0.7668      8.442   262.7059 1.1902e+02     1.0816      2.781      4.035    21.6996   997.8666 0.0000e+00
      2.856      0.059     7.7896     88.561     25.445  23.761482     0.7763      8.438   262.7054 1.2351e+02     1.0953      2.801      4.063    21.6968   997.8673 0.0000e+00
      2.873      0.056     7.7854     88.510     25.452  23.767136     0.7901      8.438   262.7674 1.3743e+02     1.1166      2.817      4.086    21.6936   997.8681 0.0000e+00
      2.888      0.050     7.7788     88.433     25.445  23.760121     0.7956      8.439   262.8535 1.4957e+02     1.1096      2.835      4.112    21.6904   997.8689 0.0000e+00
      2.898      0.043     7.7741     88.376     25.425  23.740105     0.8083      8.440   262.8867 1.3825e+02     1.1089      2.843      4.124    21.6883   997.8694 0.0000e+00
      2.903      0.037     7.7733     88.364     25.400  23.715410     0.8395      8.443   262.9963 1.2018e+02     1.1414      2.846      4.128    21.6859   997.8700 0.0000e+00
      2.910      0.034     7.7744     88.374     25.400  23.715267     0.8525      8.443   263.2326 1.1276e+02     1.1416      2.854      4.139    21.6839   997.8705 0.0000e+00
      2.919      0.033     7.7765     88.393     25.426  23.738381     0.8434      8.440   263.4211 1.1252e+02     1.1110      2.864      4.153    21.6831   997.8707 0.0000e+00
      2.928      0.033     7.7799     88.428     25.431  23.741146     0.8254      8.437   263.4680 1.1546e+02     1.0998      2.870      4.162    21.6800   997.8714 0.0000e+00
      2.938      0.031     7.7849     88.482     25.439  23.748693     0.7985      8.436   263.4556 1.1712e+02     1.1038      2.881      4.179    21.6787   997.8718 0.0000e+00
      2.949      0.029     7.7924     88.567     25.458  23.766191     0.7790      8.436   263.4431 1.2188e+02     1.1269      2.893      4.196    21.6784   997.8719 0.0000e+00
      2.956      0.028     7.8005     88.662     25.453  23.762418     0.7803      8.438   263.4893 1.3308e+02     1.1496      2.899      4.205    21.6745   997.8727 0.0000e+00
      2.961      0.029     7.8060     88.724     25.458  23.766508     0.8147      8.439   263.6698 1.4136e+02     1.1161      2.904      4.213    21.6718   997.8734 0.0000e+00
      2.963      0.029     7.8097     88.763     25.444  23.752214     0.8648      8.439   263.8190 1.4444e+02     1.0821      2.904      4.213    21.6711   997.8736 0.0000e+00
      2.969      0.030     7.8117     88.783     25.407  23.716454     0.8910      8.440   263.9165 1.4464e+02     1.1001      2.907      4.218    21.6709   997.8737 0.0000e+00
      2.981      0.034     7.8099     88.761     25.406  23.714724     0.8977      8.441   264.0735 1.3866e+02     1.1037      2.922      4.239    21.6727   997.8733 0.0000e+00
      2.993      0.039     7.8036     88.688     25.424  23.731298     0.8861      8.441   264.1691 1.3169e+02     1.0599      2.937      4.259    21.6730   997.8734 0.0000e+00
      3.001      0.043     7.7936     88.571     25.420  23.726552     0.8541      8.442   264.2982 1.2428e+02     1.0624      2.943      4.269    21.6697   997.8741 0.0000e+00
      3.010      0.044     7.7840     88.455     25.416  23.720776     0.8402      8.443   264.5158 1.1337e+02     1.1338      2.950      4.280    21.6673   997.8746 0.0000e+00
