Data/DataNotYetUploadedToEDI/Raw_CTD/RawDownloads/061319_bvr50.cnv
* Sea-Bird SBE19plus  Data File:
* FileName = C:\DATA\061319_bvr50_0001.hex
* Software version 2.8.0.119 SB_Terminal.dll
* Temperature SN = 7809
* Conductivity SN = 7809
* System UpLoad Time = Jun 13 2019 10:53:00
* <ApplicationData>
* <Seaterm232>
# nquan = 16
# nvalues = 1051                        
# units = specified
# name 0 = depFM: Depth [fresh water, m]
# name 1 = dz/dtM: Descent Rate [m/s]
# name 2 = sbeox0Mg/L: Oxygen, SBE 43 [mg/l]
# name 3 = sbeox0PS: Oxygen, SBE 43 [% saturation]
# name 4 = specc: Specific Conductance [uS/cm]
# name 5 = c0uS/cm: Conductivity [uS/cm]
# name 6 = flECO-AFL: Fluorescence, WET Labs ECO-AFL/FL [mg/m^3]
# name 7 = ph: pH
# name 8 = orp: Oxidation Reduction Potential [mV]
# name 9 = par/sat/log: PAR/Logarithmic, Satlantic
# name 10 = turbWETntu0: Turbidity, WET Labs ECO [NTU]
# name 11 = prdM: Pressure, Strain Gauge [db]
# name 12 = prdE: Pressure, Strain Gauge [psi]
# name 13 = tv290C: Temperature [ITS-90, deg C]
# name 14 = density00: Density [density, kg/m^3]
# name 15 = flag:  0.000e+00
# span 0 =     -0.743,     10.515       
# span 1 =     -0.140,      0.110       
# span 2 =    -0.2985,    10.0816       
# span 3 =     -2.637,     98.422       
# span 4 =      0.794,    128.456       
# span 5 =   0.717633,  85.363214       
# span 6 =    -0.7662,    16.2241       
# span 7 =      3.009,     10.262       
# span 8 = -1240.7455,  1187.3620       
# span 9 = 1.2355e-01, 1.9885e+03       
# span 10 =    -4.5051,    13.3169      
# span 11 =     -0.728,     10.312      
# span 12 =     -1.056,     14.956      
# span 13 =     8.1952,    22.1564      
# span 14 =   997.7491,   999.9354      
# span 15 = 0.0000e+00, 0.0000e+00      
# interval = seconds: 0.25
# start_time = Jun 13 2019 10:35:28 [Instrument's time stamp, header]
# bad_flag = -9.990e-29
*END*
[from data line 904]
      9.242      0.027     0.1170      1.001     74.812  50.161218     2.2363      7.628    59.8850 1.2359e-01     3.2673      9.063     13.144     8.5336   999.8878 0.0000e+00
      9.247      0.028     0.1165      0.996     74.864  50.180508     2.2468      7.626    59.3620 1.2360e-01     3.2874      9.067     13.150     8.5321   999.8879 0.0000e+00
      9.256      0.028     0.1141      0.976     74.955  50.230557     2.2434      7.624    58.7916 1.2361e-01     3.4482      9.078     13.165     8.5354   999.8878 0.0000e+00
      9.266      0.028     0.1125      0.962     75.008  50.258203     2.2041      7.620    58.3235 1.2363e-01     3.6715      9.089     13.181     8.5343   999.8881 0.0000e+00
      9.274      0.027     0.1120      0.957     75.020  50.260698     2.1703      7.618    58.0901 1.2364e-01     3.7591      9.095     13.191     8.5230   999.8889 0.0000e+00
      9.280      0.025     0.1105      0.945     75.024  50.260708     2.1642      7.615    58.0342 1.2362e-01     3.7527      9.100     13.198     8.5112   999.8897 0.0000e+00
      9.286      0.021     0.1102      0.943     75.015  50.258326     2.1647      7.613    58.0787 1.2358e-01     3.7253      9.107     13.208     8.5042   999.8903 0.0000e+00
      9.291      0.019     0.1127      0.964     74.961  50.231904     2.1680      7.612    58.0259 1.2355e-01     3.6576      9.112     13.216     8.4998   999.8906 0.0000e+00
      9.294      0.019     0.1143      0.977     74.887  50.195318     2.1783      7.609    57.9113 1.2361e-01     3.5896      9.115     13.219     8.4959   999.8909 0.0000e+00
      9.298      0.019     0.1139      0.974     74.869  50.197091     2.1843      7.607    57.8114 1.2372e-01     3.5591      9.117     13.223     8.4932   999.8911 0.0000e+00
      9.303      0.021     0.1136      0.972     74.937  50.253366     2.1810      7.605    57.6793 1.2379e-01     3.5172      9.122     13.232     8.4956   999.8910 0.0000e+00
      9.309      0.025     0.1147      0.982     75.104  50.367594     2.1550      7.602    57.6893 1.2374e-01     3.3789      9.130     13.242     8.5031   999.8904 0.0000e+00
      9.315      0.030     0.1153      0.987     75.308  50.498384     2.1045      7.600    57.6752 1.2362e-01     3.1977      9.136     13.249     8.5117   999.8899 0.0000e+00
      9.321      0.034     0.1122      0.960     75.423  50.564359     2.0645      7.598    57.4229 1.2360e-01     3.0957      9.141     13.258     8.5222   999.8892 0.0000e+00
      9.330      0.037     0.1076      0.921     75.483  50.593607     2.0441      7.596    57.2200 1.2370e-01     3.0638      9.148     13.269     8.5307   999.8886 0.0000e+00
      9.343      0.039     0.1061      0.907     75.693  50.724966     2.0406      7.594    57.1153 1.2377e-01     3.1060      9.162     13.288     8.5315   999.8887 0.0000e+00
      9.357      0.041     0.1072      0.917     76.031  50.945715     2.0481      7.592    56.8445 1.2373e-01     3.2456      9.176     13.310     8.5266   999.8892 0.0000e+00
      9.367      0.043     0.1096      0.937     76.276  51.102965     2.0565      7.590    56.4411 1.2373e-01     3.3426      9.187     13.324     8.5192   999.8898 0.0000e+00
      9.374      0.044     0.1119      0.956     76.382  51.165283     2.0636      7.587    56.0228 1.2384e-01     3.3289      9.192     13.332     8.5100   999.8904 0.0000e+00
      9.384      0.045     0.1126      0.962     76.432  51.191016     2.0654      7.585    55.5732 1.2389e-01     3.3085      9.201     13.345     8.5035   999.8910 0.0000e+00
      9.397      0.046     0.1131      0.966     76.487  51.223525     2.0694      7.583    55.2211 1.2380e-01     3.3250      9.216     13.365     8.5019   999.8913 0.0000e+00
      9.409      0.046     0.1137      0.971     76.517  51.240733     2.0675      7.580    54.9488 1.2374e-01     3.3650      9.227     13.383     8.4976   999.8917 0.0000e+00
      9.423      0.044     0.1123      0.959     76.472  51.208508     2.0609      7.577    54.6039 1.2371e-01     3.4000      9.240     13.402     8.4902   999.8924 0.0000e+00
      9.437      0.040     0.1105      0.944     76.389  51.151507     2.0592      7.575    54.2346 1.2374e-01     3.3875      9.256     13.425     8.4852   999.8928 0.0000e+00
      9.448      0.036     0.1097      0.938     76.345  51.123231     2.0547      7.573    53.8382 1.2379e-01     3.3449      9.266     13.440     8.4821   999.8931 0.0000e+00
      9.454      0.034     0.1090      0.932     76.426  51.184231     2.0507      7.572    53.4257 1.2375e-01     3.3108      9.272     13.447     8.4810   999.8932 0.0000e+00
      9.459      0.035     0.1074      0.918     76.614  51.317365     2.0452      7.570    53.0324 1.2370e-01     3.3025      9.277     13.455     8.4800   999.8932 0.0000e+00
      9.463      0.038     0.1066      0.911     76.832  51.462513     2.0406      7.567    52.6967 1.2371e-01     3.3095      9.279     13.458     8.4781   999.8934 0.0000e+00
      9.471      0.042     0.1079      0.922     76.965  51.541712     2.0645      7.565    52.4641 1.2367e-01     3.3969      9.284     13.466     8.4780   999.8933 0.0000e+00
      9.487      0.046     0.1093      0.933     77.037  51.576202     2.1080      7.563    52.1989 1.2359e-01     3.6044      9.301     13.490     8.4835   999.8931 0.0000e+00
      9.506      0.050     0.1098      0.937     77.127  51.625417     2.1158      7.561    51.7279 1.2364e-01     3.7534      9.324     13.523     8.4905   999.8928 0.0000e+00
      9.521      0.053     0.1101      0.940     77.142  51.628580     2.0988      7.559    51.0708 1.2372e-01     3.7895      9.340     13.547     8.4912   999.8930 0.0000e+00
      9.530      0.053     0.1123      0.959     77.124  51.614433     2.0833      7.558    50.5348 1.2373e-01     3.7793      9.346     13.555     8.4828   999.8936 0.0000e+00
      9.540      0.050     0.1152      0.983     77.167  51.644928     2.0595      7.556    50.2369 1.2372e-01     3.6961      9.353     13.564     8.4715   999.8944 0.0000e+00
      9.554      0.046     0.1144      0.977     77.217  51.679687     2.0450      7.553    49.9652 1.2369e-01     3.6023      9.370     13.590     8.4655   999.8949 0.0000e+00
      9.570      0.044     0.1107      0.945     77.275  51.717080     2.0462      7.551    49.6578 1.2371e-01     3.5633      9.386     13.615     8.4605   999.8953 0.0000e+00
      9.581      0.044     0.1067      0.911     77.468  51.842952     2.1173      7.550    49.3602 1.2373e-01     3.5836      9.396     13.628     8.4583   999.8955 0.0000e+00
      9.590      0.045     0.1043      0.891     77.800  52.058167     2.2635      7.549    49.0332 1.2370e-01     3.6847      9.404     13.640     8.4615   999.8953 0.0000e+00
      9.598      0.047     0.1038      0.886     78.163  52.286462     2.3575      7.547    48.6298 1.2371e-01     3.7699      9.412     13.651     8.4633   999.8953 0.0000e+00
      9.607      0.050     0.1052      0.897     78.425  52.443397     2.3695      7.545    48.2684 1.2371e-01     3.7623      9.419     13.661     8.4610   999.8955 0.0000e+00
      9.621      0.055     0.1062      0.906     78.529  52.494552     2.3125      7.542    48.0189 1.2371e-01     3.7887      9.433     13.681     8.4598   999.8957 0.0000e+00
      9.639      0.057     0.1058      0.902     78.594  52.523806     2.2140      7.538    47.7645 1.2374e-01     3.8920      9.453     13.711     8.4566   999.8961 0.0000e+00
      9.658      0.057     0.1059      0.903     78.636  52.542985     2.1678      7.536    47.6016 1.2370e-01     3.9621      9.473     13.739     8.4460   999.8970 0.0000e+00
      9.675      0.055     0.1064      0.908     78.729  52.599381     2.1694      7.535    47.5124 1.2364e-01     4.0145      9.488     13.761     8.4329   999.8981 0.0000e+00
      9.688      0.051     0.1053      0.899     78.978  52.760994     2.1125      7.533    47.2020 1.2362e-01     4.0012      9.502     13.781     8.4205   999.8990 0.0000e+00
      9.698      0.046     0.1043      0.889     79.110  52.845351     1.9924      7.530    46.7737 1.2365e-01     3.8668      9.512     13.796     8.4117   999.8997 0.0000e+00
      9.708      0.040     0.1035      0.882     78.940  52.729965     1.9299      7.528    46.4636 1.2370e-01     3.7662      9.518     13.805     8.4064   999.9001 0.0000e+00
      9.718      0.035     0.1020      0.870     78.795  52.636392     1.9379      7.526    46.2055 1.2372e-01     3.7678      9.529     13.822     8.4028   999.9004 0.0000e+00
      9.729      0.031     0.1042      0.889     78.927  52.730388     1.9767      7.524    45.9761 1.2372e-01     3.7556      9.542     13.841     8.4008   999.9007 0.0000e+00
      9.737      0.028     0.1096      0.935     79.103  52.850052     2.0343      7.522    45.7552 1.2378e-01     3.6508      9.550     13.853     8.3973   999.9011 0.0000e+00
      9.740      0.026     0.1117      0.954     79.238  52.939766     2.0625      7.521    45.4282 1.2380e-01     3.5491      9.551     13.854     8.3945   999.9012 0.0000e+00
      9.743      0.025     0.1102      0.940     79.409  53.052786     2.0571      7.520    45.1188 1.2373e-01     3.5096      9.553     13.856     8.3984   999.9009 0.0000e+00
      9.749      0.024     0.1081      0.921     79.447  53.073075     2.0476      7.518    44.9401 1.2368e-01     3.5010      9.560     13.867     8.4040   999.9006 0.0000e+00
      9.757      0.024     0.1061      0.905     79.430  53.058023     2.0082      7.516    44.8171 1.2372e-01     3.5106      9.568     13.878     8.4042   999.9006 0.0000e+00
      9.766      0.025     0.1035      0.882     79.528  53.124898     1.9360      7.514    44.7495 1.2375e-01     3.5271      9.578     13.891     8.4034   999.9008 0.0000e+00
      9.773      0.025     0.1011      0.862     79.609  53.182854     1.8942      7.512    44.6387 1.2366e-01     3.5368      9.585     13.902     8.4042   999.9009 0.0000e+00
      9.778      0.024     0.0993      0.847     79.516  53.123499     1.8849      7.510    44.4238 1.2360e-01     3.5288      9.590     13.907     8.3993   999.9011 0.0000e+00
      9.783      0.023     0.0990      0.844     79.200  52.915456     1.9358      7.508    44.2169 1.2366e-01     3.5948      9.593     13.913     8.3950   999.9014 0.0000e+00
      9.789      0.022     0.1011      0.862     79.055  52.827339     2.0499      7.506    43.9432 1.2373e-01     3.7450      9.599     13.922     8.3981   999.9014 0.0000e+00
      9.795      0.024     0.1027      0.876     79.503  53.138050     2.1202      7.505    43.5233 1.2370e-01     3.8378      9.607     13.933     8.4011   999.9012 0.0000e+00
      9.801      0.029     0.1032      0.881     80.040  53.495871     2.1264      7.504    43.0981 1.2362e-01     3.8319      9.612     13.942     8.4023   999.9012 0.0000e+00
      9.805      0.035     0.1034      0.882     80.119  53.532633     2.0561      7.502    42.7602 1.2362e-01     3.8368      9.614     13.944     8.4024   999.9011 0.0000e+00
      9.811      0.040     0.1038      0.886     80.119  53.518999     1.9380      7.499    42.4488 1.2366e-01     3.9300      9.618     13.950     8.4074   999.9005 0.0000e+00
      9.826      0.044     0.1043      0.889     80.225  53.585134     1.8863      7.496    42.1730 1.2366e-01     4.0086      9.635     13.975     8.4209   999.9000 0.0000e+00
      9.842      0.046     0.1025      0.874     80.107  53.506377     1.8912      7.494    42.0062 1.2364e-01     4.0331      9.655     14.002     8.4211   999.9004 0.0000e+00
      9.857      0.046     0.1008      0.860     79.932  53.392634     1.8926      7.492    41.8084 1.2367e-01     3.9320      9.666     14.020     8.4050   999.9014 0.0000e+00
      9.869      0.041     0.1028      0.877     79.958  53.416926     1.8859      7.492    41.5026 1.2372e-01     3.6701      9.679     14.038     8.3949   999.9021 0.0000e+00
      9.879      0.034     0.1044      0.891     80.148  53.545984     1.8799      7.491    41.2339 1.2376e-01     3.4896      9.690     14.055     8.3942   999.9024 0.0000e+00
      9.886      0.029     0.1045      0.891     80.834  54.000125     1.8799      7.489    40.9686 1.2381e-01     3.4851      9.696     14.063     8.3944   999.9022 0.0000e+00
      9.890      0.029     0.1056      0.901     82.299  54.969009     1.9210      7.487    40.6172 1.2380e-01     3.4852      9.698     14.066     8.3955   999.9021 0.0000e+00
      9.893      0.032     0.1057      0.902     83.845  55.984914     1.9954      7.486    40.2549 1.2378e-01     3.3926      9.701     14.070     8.4021   999.9018 0.0000e+00
      9.898      0.037     0.1035      0.882     84.744  56.562558     2.0335      7.485    39.9442 1.2377e-01     3.3165      9.704     14.075     8.4043   999.9016 0.0000e+00
      9.909      0.043     0.1008      0.858     85.141  56.806764     2.0358      7.483    39.7000 1.2373e-01     3.3187      9.715     14.091     8.4001   999.9021 0.0000e+00
      9.925      0.048     0.0996      0.848     85.310  56.904338     2.0048      7.481    39.4532 1.2367e-01     3.3860      9.734     14.118     8.3960   999.9032 0.0000e+00
      9.941      0.053     0.0997      0.849     85.439  56.979833     1.9543      7.478    39.1975 1.2362e-01     3.5074      9.750     14.141     8.3856   999.9046 0.0000e+00
      9.955      0.057     0.1015      0.864     85.703  57.147693     1.9359      7.475    39.1033 1.2366e-01     3.5738      9.762     14.160     8.3696   999.9059 0.0000e+00
      9.969      0.059     0.1037      0.883     86.010  57.345402     1.9304      7.473    39.1738 1.2374e-01     3.5337      9.776     14.179     8.3567   999.9070 0.0000e+00
      9.981      0.061     0.1052      0.897     86.195  57.464092     1.9225      7.471    39.1895 1.2374e-01     3.4807      9.788     14.196     8.3482   999.9076 0.0000e+00
      9.996      0.063     0.1072      0.913     86.256  57.502564     1.8839      7.470    39.1220 1.2373e-01     3.5229      9.801     14.215     8.3423   999.9081 0.0000e+00
     10.014      0.066     0.1072      0.913     86.337  57.556399     1.8008      7.468    39.0453 1.2374e-01     3.6513      9.820     14.242     8.3381   999.9085 0.0000e+00
     10.034      0.069     0.1029      0.876     86.694  57.797301     1.7593      7.465    38.9509 1.2371e-01     3.7541      9.841     14.273     8.3345   999.9090 0.0000e+00
     10.052      0.070     0.0999      0.851     87.279  58.191298     1.7634      7.461    38.8408 1.2371e-01     3.7827      9.859     14.299     8.3313   999.9094 0.0000e+00
     10.069      0.068     0.1014      0.863     87.659  58.444069     1.7725      7.459    38.6605 1.2373e-01     3.7683      9.874     14.321     8.3303   999.9095 0.0000e+00
     10.087      0.063     0.1004      0.855     87.946  58.629519     1.7914      7.458    38.4915 1.2371e-01     3.7440      9.893     14.348     8.3296   999.9096 0.0000e+00
     10.105      0.059     0.0971      0.826     88.373  58.908471     1.8011      7.457    38.3470 1.2369e-01     3.7512      9.912     14.376     8.3310   999.9098 0.0000e+00
     10.119      0.057     0.0974      0.829     88.548  59.020850     1.8034      7.455    38.1175 1.2373e-01     3.7899      9.925     14.395     8.3364   999.9098 0.0000e+00
     10.130      0.057     0.1007      0.858     88.572  59.035092     1.7669      7.452    37.8676 1.2376e-01     3.6873      9.934     14.407     8.3357   999.9100 0.0000e+00
     10.141      0.058     0.1047      0.892     89.115  59.398398     1.6812      7.449    37.6482 1.2376e-01     3.4284      9.942     14.421     8.3301   999.9105 0.0000e+00
     10.156      0.061     0.1073      0.914     90.276  60.172629     1.6342      7.446    37.4440 1.2376e-01     3.2819      9.959     14.444     8.3273   999.9110 0.0000e+00
     10.173      0.066     0.1075      0.916     91.660  61.088130     1.6315      7.444    37.2054 1.2373e-01     3.2922      9.978     14.472     8.3248   999.9112 0.0000e+00
