Data/DataNotYetUploadedToEDI/Raw_CTD/RawDownloads/061319_bvr50.cnv
* Sea-Bird SBE19plus  Data File:
* FileName = C:\DATA\061319_bvr50_0001.hex
* Software version 2.8.0.119 SB_Terminal.dll
* Temperature SN = 7809
* Conductivity SN = 7809
* System UpLoad Time = Jun 13 2019 10:53:00
* <ApplicationData>
* <Seaterm232>
# nquan = 16
# nvalues = 1051                        
# units = specified
# name 0 = depFM: Depth [fresh water, m]
# name 1 = dz/dtM: Descent Rate [m/s]
# name 2 = sbeox0Mg/L: Oxygen, SBE 43 [mg/l]
# name 3 = sbeox0PS: Oxygen, SBE 43 [% saturation]
# name 4 = specc: Specific Conductance [uS/cm]
# name 5 = c0uS/cm: Conductivity [uS/cm]
# name 6 = flECO-AFL: Fluorescence, WET Labs ECO-AFL/FL [mg/m^3]
# name 7 = ph: pH
# name 8 = orp: Oxidation Reduction Potential [mV]
# name 9 = par/sat/log: PAR/Logarithmic, Satlantic
# name 10 = turbWETntu0: Turbidity, WET Labs ECO [NTU]
# name 11 = prdM: Pressure, Strain Gauge [db]
# name 12 = prdE: Pressure, Strain Gauge [psi]
# name 13 = tv290C: Temperature [ITS-90, deg C]
# name 14 = density00: Density [density, kg/m^3]
# name 15 = flag:  0.000e+00
# span 0 =     -0.743,     10.515       
# span 1 =     -0.140,      0.110       
# span 2 =    -0.2985,    10.0816       
# span 3 =     -2.637,     98.422       
# span 4 =      0.794,    128.456       
# span 5 =   0.717633,  85.363214       
# span 6 =    -0.7662,    16.2241       
# span 7 =      3.009,     10.262       
# span 8 = -1240.7455,  1187.3620       
# span 9 = 1.2355e-01, 1.9885e+03       
# span 10 =    -4.5051,    13.3169      
# span 11 =     -0.728,     10.312      
# span 12 =     -1.056,     14.956      
# span 13 =     8.1952,    22.1564      
# span 14 =   997.7491,   999.9354      
# span 15 = 0.0000e+00, 0.0000e+00      
# interval = seconds: 0.25
# start_time = Jun 13 2019 10:35:28 [Instrument's time stamp, header]
# bad_flag = -9.990e-29
*END*
[from data line 181]
     -0.182     -0.037     6.3055     72.186     25.679  24.161733     0.3098      9.359   249.1383 5.0745e+02     1.1662     -0.175     -0.253    21.8072   997.8292 0.0000e+00
     -0.197     -0.041     6.8889     78.907     25.665  24.164343     0.3196      9.354   249.1577 5.8588e+02     1.1507     -0.190     -0.275    21.8444   997.8208 0.0000e+00
     -0.218     -0.040     7.4423     85.266     25.642  24.149928     0.3091      9.348   249.0300 8.1331e+02     1.1215     -0.214     -0.311    21.9277   997.8018 0.0000e+00
     -0.234     -0.035     7.9159     90.703     25.601  24.114310     0.2790      9.337   249.1426 1.0934e+03     1.1090     -0.235     -0.340    22.0002   997.7852 0.0000e+00
     -0.240     -0.030     8.2730     94.808     25.597  24.114294     0.2593      9.325   249.4863 1.2483e+03     1.0970     -0.238     -0.345    22.0483   997.7743 0.0000e+00
     -0.240     -0.033     8.4959     97.374     25.631  24.149743     0.2522      9.320   249.9163 1.3178e+03     1.0754     -0.236     -0.342    22.0778   997.7677 0.0000e+00
     -0.238     -0.048     8.5865     98.422     25.642  24.162324     0.2446      9.322   250.3840 1.4071e+03     1.0771     -0.233     -0.339    22.0868   997.7655 0.0000e+00
     -0.238     -0.076     8.5683     98.227     25.614  24.139556     0.2453      9.323   250.7536 1.3168e+03     1.0518     -0.227     -0.330    22.0894   997.7649 0.0000e+00
     -0.254     -0.108     8.4873     97.322     25.595  24.128191     0.2523      9.320   250.9431 9.1469e+02     0.9660     -0.240     -0.348    22.0980   997.7630 0.0000e+00
     -0.294     -0.132     8.3891     96.217     25.614  24.151795     0.2519      9.313   251.0403 5.2579e+02     0.8917     -0.282     -0.410    22.1061   997.7610 0.0000e+00
     -0.351     -0.140     8.2960     95.161     25.631  24.171225     0.2487      9.300   251.2412 3.7283e+02     0.8744     -0.342     -0.496    22.1081   997.7602 0.0000e+00
     -0.412     -0.128     8.2145     94.231     25.631  24.172823     0.2395      9.282   251.4796 3.4523e+02     1.0520     -0.410     -0.595    22.1149   997.7584 0.0000e+00
     -0.456     -0.099     8.1441     93.425     25.629  24.171111     0.2183      9.264   251.5993 3.3885e+02     1.4010     -0.459     -0.666    22.1298   997.7548 0.0000e+00
     -0.472     -0.059     8.0834     92.730     25.607  24.150523     0.2012      9.250   251.5703 3.5030e+02     1.5865     -0.469     -0.681    22.1429   997.7517 0.0000e+00
     -0.467     -0.015     8.0363     92.191     25.567  24.114195     0.1970      9.238   251.4725 4.0834e+02     1.5906     -0.460     -0.668    22.1484   997.7505 0.0000e+00
     -0.455      0.024     8.0028     91.811     25.564  24.112479     0.2195      9.224   251.2772 4.4494e+02     1.4836     -0.445     -0.645    22.1502   997.7502 0.0000e+00
     -0.442      0.053     7.9798     91.549     25.582  24.129779     0.2736      9.208   250.9297 4.5313e+02     1.2763     -0.432     -0.627    22.1511   997.7500 0.0000e+00
     -0.429      0.070     7.9658     91.385     25.587  24.133069     0.3145      9.186   250.6258 5.4464e+02     1.1483     -0.424     -0.615    22.1517   997.7499 0.0000e+00
     -0.409      0.078     7.9533     91.235     25.610  24.152246     0.3152      9.161   250.3565 6.3276e+02     1.1166     -0.404     -0.587    22.1527   997.7497 0.0000e+00
     -0.382      0.079     7.9378     91.051     25.632  24.171341     0.2899      9.142   250.1693 6.5916e+02     1.1219     -0.375     -0.543    22.1549   997.7493 0.0000e+00
     -0.355      0.076     7.9241     90.891     25.635  24.173644     0.2602      9.132   250.1693 8.2813e+02     1.1474     -0.348     -0.504    22.1564   997.7491 0.0000e+00
     -0.331      0.070     7.9150     90.784     25.643  24.180091     0.2505      9.131   250.1841 1.1945e+03     1.1298     -0.322     -0.467    22.1533   997.7500 0.0000e+00
     -0.316      0.064     7.9108     90.735     25.649  24.185857     0.2513      9.133   250.1751 1.5358e+03     1.0727     -0.307     -0.444    22.1489   997.7511 0.0000e+00
     -0.309      0.061     7.9121     90.749     25.643  24.179923     0.2439      9.131   250.2330 1.6700e+03     1.0476     -0.304     -0.441    22.1459   997.7518 0.0000e+00
     -0.301      0.061     7.9178     90.813     25.635  24.171780     0.2393      9.126   250.3677 1.6473e+03     1.0551     -0.298     -0.432    22.1439   997.7523 0.0000e+00
     -0.288      0.064     7.9262     90.904     25.614  24.150830     0.2476      9.126   250.3421 1.5486e+03     1.0642     -0.286     -0.416    22.1429   997.7525 0.0000e+00
     -0.267      0.069     7.9345     90.993     25.580  24.116918     0.2569      9.127   250.1814 1.3373e+03     1.0595     -0.264     -0.383    22.1424   997.7527 0.0000e+00
     -0.241      0.074     7.9383     91.032     25.608  24.142353     0.2564      9.126   250.0584 1.0860e+03     1.0318     -0.233     -0.338    22.1426   997.7529 0.0000e+00
     -0.219      0.079     7.9339     90.978     25.675  24.204624     0.2680      9.123   249.7160 8.6551e+02     1.0241     -0.212     -0.308    22.1422   997.7530 0.0000e+00
     -0.202      0.082     7.9200     90.817     25.641  24.172064     0.2928      9.119   249.2249 6.4505e+02     1.0644     -0.198     -0.287    22.1389   997.7539 0.0000e+00
     -0.186      0.082     7.9019     90.603     25.531  24.065836     0.3050      9.115   248.9390 5.1511e+02     1.1254     -0.183     -0.267    22.1346   997.7549 0.0000e+00
     -0.166      0.080     7.8869     90.415     25.465  23.998601     0.3112      9.110   248.8404 5.0784e+02     1.1398     -0.164     -0.239    22.1324   997.7554 0.0000e+00
     -0.141      0.078     7.8733     90.239     25.466  23.993452     0.3166      9.105   248.8079 5.0946e+02     1.1069     -0.138     -0.200    22.1304   997.7561 0.0000e+00
     -0.116      0.075     7.8551     90.014     25.481  24.003571     0.3180      9.100   248.7168 6.4261e+02     1.1215     -0.111     -0.160    22.1295   997.7563 0.0000e+00
     -0.096      0.071     7.8295     89.711     25.474  23.994076     0.3189      9.095   248.4277 9.0227e+02     1.1520     -0.091     -0.131    22.1280   997.7567 0.0000e+00
     -0.082      0.069     7.7978     89.341     25.488  24.005501     0.3194      9.086   248.1513 8.6864e+02     1.1152     -0.080     -0.115    22.1179   997.7591 0.0000e+00
     -0.070      0.070     7.7650     88.959     25.501  24.014841     0.3150      9.067   248.0427 7.6430e+02     1.0693     -0.069     -0.099    22.1039   997.7623 0.0000e+00
     -0.057      0.074     7.7347     88.602     25.467  23.980136     0.3087      9.042   247.9750 1.1061e+03     1.0898     -0.057     -0.081    22.0944   997.7646 0.0000e+00
     -0.039      0.079     7.7065     88.260     25.458  23.966487     0.3132      9.026   248.0208 1.3848e+03     1.1331     -0.043     -0.063    22.0886   997.7659 0.0000e+00
     -0.014      0.084     7.6825     87.960     25.477  23.976667     0.3166      9.021   248.1663 1.2058e+03     1.1342     -0.016     -0.024    22.0854   997.7668 0.0000e+00
      0.016      0.089     7.6674     87.762     25.485  23.976345     0.3065      9.021   248.2709 1.0559e+03     1.1031      0.020      0.029    22.0831   997.7675 0.0000e+00
      0.040      0.090     7.6626     87.684     25.477  23.962593     0.2958      9.023   248.4253 1.0579e+03     1.0847      0.041      0.060    22.0784   997.7687 0.0000e+00
      0.060      0.088     7.6663     87.702     25.458  23.937239     0.2993      9.026   248.6564 1.1005e+03     1.1084      0.057      0.083    22.0675   997.7712 0.0000e+00
      0.081      0.084     7.6770     87.800     25.452  23.923515     0.3148      9.029   248.8287 9.9552e+02     1.1604      0.081      0.117    22.0490   997.7756 0.0000e+00
      0.102      0.079     7.6920     87.950     25.458  23.923505     0.3186      9.030   248.9601 5.9092e+02     1.1890      0.101      0.146    22.0338   997.7791 0.0000e+00
      0.121      0.076     7.7053     88.089     25.477  23.937116     0.3105      9.026   249.0409 2.8670e+02     1.1920      0.118      0.171    22.0237   997.7815 0.0000e+00
      0.141      0.072     7.7130     88.174     25.503  23.961212     0.3121      9.017   249.0309 2.0074e+02     1.1970      0.138      0.200    22.0077   997.7852 0.0000e+00
      0.161      0.066     7.7151     88.198     25.503  23.961107     0.3112      9.009   249.0966 1.6501e+02     1.1833      0.159      0.230    21.9917   997.7888 0.0000e+00
      0.179      0.059     7.7139     88.183     25.477  23.935847     0.2996      9.006   249.2336 1.5711e+02     1.1583      0.175      0.253    21.9788   997.7919 0.0000e+00
      0.194      0.054     7.7150     88.194     25.449  23.909530     0.3110      9.005   249.3100 1.5444e+02     1.1234      0.191      0.278    21.9693   997.7941 0.0000e+00
      0.205      0.050     7.7240     88.291     25.437  23.896644     0.3540      9.004   249.4183 1.5558e+02     1.1218      0.203      0.294    21.9707   997.7939 0.0000e+00
      0.212      0.049     7.7385     88.446     25.451  23.906912     0.3862      9.000   249.5977 1.5792e+02     1.1714      0.206      0.299    21.9724   997.7936 0.0000e+00
      0.222      0.050     7.7508     88.578     25.454  23.906797     0.3878      8.991   249.6716 1.5706e+02     1.1669      0.216      0.314    21.9700   997.7941 0.0000e+00
      0.236      0.052     7.7573     88.646     25.444  23.895254     0.3742      8.977   249.6232 1.5568e+02     1.0994      0.233      0.336    21.9700   997.7942 0.0000e+00
      0.251      0.052     7.7566     88.632     25.445  23.894205     0.3595      8.964   249.6149 1.5533e+02     1.0764      0.245      0.355    21.9662   997.7951 0.0000e+00
      0.268      0.052     7.7475     88.522     25.447  23.894120     0.3570      8.958   249.7434 1.5462e+02     1.1176      0.262      0.381    21.9586   997.7969 0.0000e+00
      0.284      0.052     7.7327     88.344     25.450  23.894215     0.3624      8.953   249.8862 1.5728e+02     1.1391      0.282      0.409    21.9535   997.7981 0.0000e+00
      0.294      0.052     7.7143     88.123     25.455  23.895358     0.3637      8.948   249.8787 1.6116e+02     1.1398      0.290      0.421    21.9505   997.7988 0.0000e+00
      0.302      0.053     7.6930     87.867     25.472  23.907932     0.3639      8.944   249.9112 1.6412e+02     1.1267      0.293      0.426    21.9469   997.7997 0.0000e+00
      0.313      0.054     7.6712     87.604     25.488  23.919370     0.3653      8.941   250.1063 1.6862e+02     1.0792      0.305      0.443    21.9437   997.8004 0.0000e+00
      0.330      0.055     7.6525     87.379     25.478  23.906789     0.3717      8.938   250.1737 2.1707e+02     1.0559      0.324      0.470    21.9398   997.8014 0.0000e+00
      0.347      0.057     7.6371     87.192     25.456  23.882669     0.4150      8.933   250.1239 2.6245e+02     1.0746      0.341      0.494    21.9323   997.8032 0.0000e+00
      0.364      0.059     7.6231     87.024     25.458  23.881473     0.4982      8.928   250.1929 2.2268e+02     1.1084      0.357      0.518    21.9242   997.8051 0.0000e+00
      0.379      0.062     7.6143     86.917     25.472  23.892320     0.5545      8.925   250.3189 1.8220e+02     1.1375      0.374      0.541    21.9167   997.8068 0.0000e+00
      0.391      0.066     7.6145     86.912     25.469  23.886955     0.5589      8.919   250.5283 1.6978e+02     1.1314      0.383      0.555    21.9090   997.8087 0.0000e+00
      0.404      0.070     7.6244     87.013     25.465  23.880026     0.5511      8.906   250.7465 1.5918e+02     1.1002      0.393      0.570    21.9030   997.8100 0.0000e+00
      0.422      0.073     7.6418     87.198     25.461  23.871971     0.5554      8.892   250.8060 1.6209e+02     1.0879      0.412      0.596    21.8983   997.8112 0.0000e+00
      0.447      0.074     7.6596     87.388     25.444  23.852996     0.5680      8.882   250.8174 1.7041e+02     1.1135      0.437      0.635    21.8943   997.8122 0.0000e+00
      0.472      0.071     7.6742     87.546     25.434  23.840886     0.5731      8.877   250.8853 1.7572e+02     1.1484      0.465      0.675    21.8897   997.8133 0.0000e+00
      0.491      0.066     7.6882     87.701     25.448  23.852419     0.5561      8.877   250.9388 1.6626e+02     1.1488      0.484      0.702    21.8828   997.8150 0.0000e+00
      0.506      0.057     7.7017     87.855     25.462  23.865567     0.5531      8.878   250.9473 1.6434e+02     1.1184      0.497      0.720    21.8741   997.8171 0.0000e+00
      0.517      0.048     7.7129     87.985     25.469  23.873002     0.5896      8.880   250.9874 1.7110e+02     1.1088      0.509      0.738    21.8658   997.8190 0.0000e+00
      0.525      0.043     7.7215     88.085     25.475  23.878872     0.6154      8.882   251.0797 1.6357e+02     1.1302      0.515      0.748    21.8598   997.8204 0.0000e+00
      0.532      0.042     7.7290     88.170     25.469  23.873115     0.6142      8.882   251.2896 1.5582e+02     1.1477      0.521      0.756    21.8577   997.8209 0.0000e+00
      0.541      0.046     7.7380     88.271     25.464  23.866824     0.6101      8.880   251.5462 1.5422e+02     1.1582      0.530      0.769    21.8586   997.8208 0.0000e+00
      0.554      0.052     7.7465     88.362     25.465  23.866244     0.6166      8.876   251.6868 1.5097e+02     1.1585      0.542      0.786    21.8611   997.8202 0.0000e+00
      0.569      0.059     7.7490     88.384     25.466  23.866093     0.6239      8.870   251.7852 1.5085e+02     1.1504      0.557      0.808    21.8629   997.8198 0.0000e+00
      0.586      0.064     7.7460     88.344     25.467  23.864997     0.6194      8.865   251.8753 1.5116e+02     1.1260      0.574      0.833    21.8621   997.8201 0.0000e+00
      0.605      0.068     7.7397     88.264     25.457  23.852986     0.6146      8.861   251.9159 1.4948e+02     1.0933      0.592      0.859    21.8593   997.8208 0.0000e+00
      0.625      0.069     7.7303     88.149     25.454  23.847735     0.6101      8.856   251.9321 1.4917e+02     1.0825      0.613      0.889    21.8564   997.8216 0.0000e+00
      0.643      0.066     7.7213     88.039     25.475  23.864931     0.6080      8.849   251.9851 1.5927e+02     1.0931      0.632      0.916    21.8535   997.8223 0.0000e+00
      0.659      0.061     7.7146     87.957     25.482  23.870602     0.6154      8.842   252.0410 1.7032e+02     1.1233      0.645      0.936    21.8491   997.8234 0.0000e+00
      0.676      0.054     7.7095     87.895     25.464  23.852873     0.6218      8.838   252.0914 1.8140e+02     1.1199      0.662      0.961    21.8440   997.8247 0.0000e+00
      0.691      0.048     7.7076     87.873     25.452  23.840866     0.6157      8.835   252.2497 1.9438e+02     1.0850      0.681      0.987    21.8396   997.8257 0.0000e+00
      0.701      0.046     7.7103     87.905     25.464  23.852295     0.6025      8.831   252.4071 1.9241e+02     1.0947      0.691      1.001    21.8354   997.8266 0.0000e+00
      0.706      0.046     7.7148     87.959     25.476  23.864186     0.6008      8.826   252.4453 1.8520e+02     1.1061      0.692      1.003    21.8319   997.8275 0.0000e+00
      0.713      0.048     7.7207     88.027     25.468  23.857782     0.6124      8.821   252.5401 1.9933e+02     1.0911      0.695      1.009    21.8298   997.8279 0.0000e+00
      0.728      0.053     7.7304     88.136     25.448  23.838290     0.6223      8.815   252.7785 2.1402e+02     1.0778      0.713      1.034    21.8292   997.8281 0.0000e+00
      0.745      0.058     7.7406     88.251     25.428  23.818807     0.6239      8.805   253.0053 1.9481e+02     1.0764      0.732      1.061    21.8305   997.8279 0.0000e+00
      0.762      0.060     7.7470     88.320     25.423  23.812518     0.6235      8.796   253.1312 1.7311e+02     1.1064      0.746      1.082    21.8324   997.8276 0.0000e+00
