Data/DataNotYetUploadedToEDI/Raw_CTD/RawDownloads/061319_fcr50.cnv
* Sea-Bird SBE19plus  Data File:
* FileName = C:\DATA\SBE19plus_01907809_2019_06_13_0002.hex
* Software version 2.8.0.119 SB_Terminal.dll
* Temperature SN = 7809
* Conductivity SN = 7809
* System UpLoad Time = Jun 13 2019 13:44:21
* <ApplicationData>
* <Seaterm232>
# nquan = 16
# nvalues = 954                         
# units = specified
# name 0 = depFM: Depth [fresh water, m]
# name 1 = dz/dtM: Descent Rate [m/s]
# name 2 = sbeox0Mg/L: Oxygen, SBE 43 [mg/l]
# name 3 = sbeox0PS: Oxygen, SBE 43 [% saturation]
# name 4 = specc: Specific Conductance [uS/cm]
# name 5 = c0uS/cm: Conductivity [uS/cm]
# name 6 = flECO-AFL: Fluorescence, WET Labs ECO-AFL/FL [mg/m^3]
# name 7 = ph: pH
# name 8 = orp: Oxidation Reduction Potential [mV]
# name 9 = par/sat/log: PAR/Logarithmic, Satlantic
# name 10 = turbWETntu0: Turbidity, WET Labs ECO [NTU]
# name 11 = prdM: Pressure, Strain Gauge [db]
# name 12 = prdE: Pressure, Strain Gauge [psi]
# name 13 = tv290C: Temperature [ITS-90, deg C]
# name 14 = density00: Density [density, kg/m^3]
# name 15 = flag:  0.000e+00
# span 0 =     -0.662,      9.637       
# span 1 =      0.000,      0.164       
# span 2 =     3.4468,    12.4055       
# span 3 =     31.465,    130.777       
# span 4 =      0.410,     35.842       
# span 5 =   0.395031,  31.602619       
# span 6 =    -0.1350,     4.3071       
# span 7 =      7.317,     10.372       
# span 8 =    -0.8053,  1046.4040       
# span 9 = 1.2358e-01, 3.4365e+02       
# span 10 =    -0.5482,    64.4128      
# span 11 =     -0.650,      9.452      
# span 12 =     -0.942,     13.708      
# span 13 =    10.0969,    23.1506      
# span 14 =   997.5096,   999.7524      
# span 15 = 0.0000e+00, 0.0000e+00      
# interval = seconds: 0.25
# start_time = Jun 13 2019 13:16:19 [Instrument's time stamp, header]
# bad_flag = -9.990e-29
*END*
[from data line 814]
      8.059      0.021     6.6633     59.216     35.367  24.849677     1.4737      8.085   311.8084 1.4972e-01     3.5418      7.905     11.465    10.1217   999.7434 0.0000e+00
      8.060      0.027     6.6546     59.149     35.349  24.842662     1.4538      8.084   312.4230 1.5386e-01     3.3750      7.904     11.463    10.1222   999.7434 0.0000e+00
      8.063      0.039     6.6498     59.113     35.316  24.823064     1.4414      8.083   312.7700 1.7333e-01     3.2614      7.905     11.465    10.1218   999.7434 0.0000e+00
      8.070      0.056     6.6471     59.084     35.291  24.803036     1.4545      8.082   312.7347 2.0320e-01     3.2495      7.912     11.475    10.1222   999.7434 0.0000e+00
      8.085      0.073     6.6459     59.061     35.283  24.790816     1.5085      8.081   312.5136 2.5865e-01     3.3290      7.925     11.494    10.1277   999.7430 0.0000e+00
      8.108      0.085     6.6461     59.049     35.309  24.802180     1.5822      8.080   312.3328 3.4019e-01     3.4692      7.947     11.527    10.1376   999.7422 0.0000e+00
      8.141      0.090     6.6491     59.066     35.332  24.813552     1.6167      8.079   312.2695 4.0679e-01     3.5355      7.982     11.577    10.1449   999.7417 0.0000e+00
      8.176      0.088     6.6526     59.094     35.317  24.801436     1.6224      8.078   312.1785 4.3795e-01     3.5405      8.022     11.634    10.1406   999.7423 0.0000e+00
      8.202      0.081     6.6552     59.118     35.291  24.782560     1.6346      8.077   312.0920 4.4577e-01     3.5626      8.049     11.673    10.1284   999.7435 0.0000e+00
      8.214      0.070     6.6584     59.145     35.282  24.775640     1.6514      8.076   312.1715 4.2452e-01     3.5728      8.056     11.685    10.1179   999.7445 0.0000e+00
      8.223      0.055     6.6619     59.173     35.291  24.781200     1.6599      8.076   312.2785 3.7540e-01     3.5659      8.061     11.693    10.1106   999.7452 0.0000e+00
      8.236      0.041     6.6667     59.216     35.298  24.786348     1.6604      8.076   312.2684 3.3364e-01     3.5770      8.076     11.714    10.1094   999.7454 0.0000e+00
      8.250      0.031     6.6693     59.241     35.280  24.774444     1.6394      8.075   312.1349 3.2474e-01     3.5763      8.093     11.737    10.1112   999.7452 0.0000e+00
      8.257      0.025     6.6700     59.249     35.264  24.764159     1.5970      8.074   311.9555 3.4286e-01     3.5577      8.099     11.747    10.1088   999.7454 0.0000e+00
      8.260      0.023     6.6741     59.287     35.299  24.788862     1.5720      8.074   311.9055 3.6856e-01     3.5487      8.099     11.747    10.1062   999.7457 0.0000e+00
      8.261      0.025     6.6783     59.325     35.341  24.819375     1.5635      8.073   311.9600 3.9666e-01     3.5325      8.101     11.751    10.1076   999.7457 0.0000e+00
      8.262      0.032     6.6800     59.339     35.336  24.815895     1.5634      8.071   311.9261 4.3303e-01     3.5264      8.102     11.751    10.1097   999.7455 0.0000e+00
      8.267      0.042     6.6801     59.339     35.329  24.810223     1.6046      8.070   311.8399 4.7649e-01     3.5400      8.104     11.753    10.1100   999.7454 0.0000e+00
      8.280      0.051     6.6795     59.334     35.336  24.814238     1.6718      8.070   311.7789 5.3044e-01     3.5335      8.117     11.773    10.1106   999.7454 0.0000e+00
      8.302      0.054     6.6798     59.337     35.317  24.800995     1.7002      8.070   311.7046 5.9378e-01     3.5132      8.140     11.807    10.1121   999.7455 0.0000e+00
      8.326      0.053     6.6805     59.343     35.282  24.776983     1.6971      8.070   311.6299 6.5734e-01     3.5241      8.167     11.846    10.1122   999.7455 0.0000e+00
      8.344      0.048     6.6814     59.352     35.282  24.777663     1.6603      8.069   311.5643 7.1249e-01     3.5339      8.187     11.875    10.1103   999.7458 0.0000e+00
      8.352      0.042     6.6841     59.378     35.326  24.809216     1.5844      8.068   311.7710 7.4412e-01     3.5330      8.192     11.881    10.1096   999.7459 0.0000e+00
      8.353      0.039     6.6882     59.418     35.369  24.841291     1.5333      8.068   312.1497 7.5082e-01     3.5459      8.190     11.879    10.1102   999.7458 0.0000e+00
      8.356      0.043     6.6912     59.447     35.376  24.848305     1.5196      8.068   312.1861 7.4268e-01     3.5586      8.193     11.883    10.1103   999.7458 0.0000e+00
      8.364      0.054     6.6939     59.472     35.351  24.830584     1.5570      8.068   312.0397 7.2924e-01     3.5230      8.200     11.893    10.1108   999.7458 0.0000e+00
      8.377      0.065     6.6986     59.511     35.334  24.817341     1.6393      8.066   311.8413 7.1224e-01     3.4095      8.212     11.911    10.1119   999.7458 0.0000e+00
      8.400      0.071     6.7051     59.564     35.334  24.815055     1.6816      8.065   311.5081 6.8443e-01     3.3345      8.234     11.943    10.1147   999.7456 0.0000e+00
      8.431      0.070     6.7126     59.628     35.319  24.802935     1.6790      8.064   311.3671 6.5918e-01     3.3375      8.269     11.993    10.1182   999.7455 0.0000e+00
      8.459      0.063     6.7174     59.671     35.311  24.797683     1.6249      8.064   311.8567 6.4757e-01     3.3478      8.302     12.040    10.1192   999.7456 0.0000e+00
      8.474      0.050     6.7167     59.670     35.332  24.814983     1.5219      8.064   312.6964 6.4591e-01     3.3603      8.315     12.059    10.1166   999.7459 0.0000e+00
      8.478      0.033     6.7143     59.657     35.336  24.821798     1.4655      8.063   313.0878 6.4643e-01     3.3248      8.314     12.057    10.1122   999.7463 0.0000e+00
      8.479      0.018     6.7144     59.669     35.321  24.816649     1.4536      8.061   313.0615 6.4700e-01     3.2459      8.315     12.059    10.1096   999.7465 0.0000e+00
      8.479      0.010     6.7164     59.694     35.314  24.816176     1.4475      8.061   312.8077 6.4628e-01     3.3245      8.316     12.062    10.1106   999.7464 0.0000e+00
      8.479      0.012     6.7164     59.697     35.312  24.816081     1.4525      8.061   312.4291 6.4464e-01     3.5214      8.315     12.060    10.1137   999.7461 0.0000e+00
      8.480      0.022     6.7141     59.673     35.314  24.815505     1.4534      8.060   312.2691 6.4745e-01     3.5616      8.316     12.061    10.1196   999.7456 0.0000e+00
      8.482      0.032     6.7125     59.649     35.312  24.809204     1.4418      8.059   312.5938 6.4427e-01     3.5151      8.316     12.062    10.1283   999.7448 0.0000e+00
      8.491      0.042     6.7109     59.623     35.312  24.803334     1.4330      8.059   313.2580 6.3204e-01     3.5162      8.323     12.071    10.1347   999.7443 0.0000e+00
      8.509      0.050     6.7074     59.583     35.325  24.807957     1.4695      8.059   313.6751 6.1952e-01     3.4769      8.342     12.101    10.1372   999.7441 0.0000e+00
      8.531      0.055     6.7035     59.544     35.319  24.801667     1.5350      8.059   313.6789 6.1442e-01     3.3677      8.368     12.137    10.1349   999.7444 0.0000e+00
      8.547      0.060     6.7010     59.519     35.305  24.790709     1.5661      8.059   313.4765 6.0840e-01     3.2775      8.385     12.162    10.1263   999.7453 0.0000e+00
      8.557      0.060     6.6984     59.493     35.325  24.802347     1.5681      8.058   313.3786 6.0107e-01     3.2707      8.391     12.171    10.1166   999.7462 0.0000e+00
      8.569      0.057     6.6941     59.452     35.346  24.815506     1.5595      8.057   313.4410 5.9952e-01     3.3190      8.401     12.183    10.1106   999.7468 0.0000e+00
      8.585      0.052     6.6905     59.418     35.357  24.822932     1.5397      8.056   313.4566 5.8350e-01     3.3691      8.419     12.210    10.1082   999.7471 0.0000e+00
      8.603      0.048     6.6897     59.410     35.366  24.828688     1.5193      8.055   313.4806 5.6513e-01     3.3856      8.439     12.240    10.1064   999.7473 0.0000e+00
      8.618      0.044     6.6915     59.425     35.356  24.821673     1.5043      8.054   313.6464 5.6458e-01     3.3543      8.453     12.261    10.1038   999.7477 0.0000e+00
      8.627      0.039     6.6936     59.445     35.327  24.801552     1.4887      8.053   313.8261 5.6265e-01     3.3842      8.461     12.272    10.1016   999.7479 0.0000e+00
      8.633      0.034     6.6922     59.432     35.291  24.775714     1.4689      8.053   313.8470 5.5777e-01     3.5172      8.465     12.277    10.1005   999.7480 0.0000e+00
      8.638      0.031     6.6871     59.387     35.273  24.763018     1.4557      8.054   313.8130 5.5800e-01     3.5861      8.469     12.284    10.1000   999.7481 0.0000e+00
      8.645      0.033     6.6829     59.350     35.289  24.774920     1.4503      8.055   313.7583 5.6083e-01     3.5622      8.477     12.297    10.1000   999.7481 0.0000e+00
      8.653      0.040     6.6813     59.336     35.314  24.792745     1.4822      8.055   313.5299 5.5973e-01     3.5230      8.486     12.308    10.1001   999.7482 0.0000e+00
      8.660      0.049     6.6781     59.306     35.309  24.788225     1.5461      8.052   313.2887 5.5259e-01     3.5057      8.491     12.315    10.0999   999.7482 0.0000e+00
      8.673      0.057     6.6737     59.266     35.303  24.783706     1.5813      8.051   313.2510 5.4528e-01     3.5166      8.502     12.331    10.0998   999.7482 0.0000e+00
      8.693      0.062     6.6718     59.249     35.329  24.801542     1.6051      8.051   313.3319 5.2798e-01     3.5236      8.524     12.363    10.1004   999.7483 0.0000e+00
      8.715      0.067     6.6731     59.260     35.346  24.813558     1.8596      8.051   313.4073 5.0967e-01     3.5568      8.549     12.399    10.1004   999.7484 0.0000e+00
      8.734      0.070     6.6756     59.283     35.330  24.802120     2.3352      8.051   313.4745 5.0630e-01     3.5908      8.566     12.424    10.0996   999.7486 0.0000e+00
      8.749      0.070     6.6769     59.295     35.313  24.790122     2.5960      8.050   313.5417 4.9655e-01     3.5742      8.579     12.443    10.0986   999.7487 0.0000e+00
      8.764      0.066     6.6759     59.285     35.321  24.795364     2.6196      8.048   313.5314 4.7816e-01     3.5525      8.594     12.464    10.0984   999.7488 0.0000e+00
      8.783      0.060     6.6744     59.270     35.331  24.802066     2.5940      8.048   313.5222 4.6680e-01     3.5247      8.613     12.492    10.0984   999.7489 0.0000e+00
      8.801      0.053     6.6747     59.273     35.339  24.807719     2.2868      8.048   313.5170 4.5267e-01     3.5012      8.633     12.521    10.0981   999.7490 0.0000e+00
      8.816      0.048     6.6762     59.286     35.328  24.800274     1.7315      8.048   313.4682 4.3824e-01     3.5299      8.647     12.542    10.0980   999.7491 0.0000e+00
      8.826      0.043     6.6756     59.281     35.293  24.775485     1.4289      8.047   313.4484 4.3102e-01     3.5443      8.656     12.555    10.0976   999.7492 0.0000e+00
      8.831      0.038     6.6733     59.261     35.273  24.761749     1.3933      8.045   313.4498 4.2390e-01     3.5123      8.661     12.561    10.0971   999.7492 0.0000e+00
      8.836      0.034     6.6741     59.268     35.272  24.761069     1.3709      8.044   313.4850 4.2433e-01     3.5031      8.663     12.565    10.0969   999.7493 0.0000e+00
      8.846      0.034     6.6774     59.296     35.281  24.767257     1.3484      8.044   313.6162 4.3426e-01     3.5316      8.674     12.581    10.0969   999.7493 0.0000e+00
      8.859      0.035     6.6789     59.310     35.289  24.773127     1.3374      8.044   313.8313 4.2911e-01     3.5619      8.690     12.603    10.0970   999.7494 0.0000e+00
      8.868      0.038     6.6777     59.300     35.283  24.768617     1.3337      8.043   314.0211 4.1671e-01     3.5736      8.697     12.614    10.0973   999.7494 0.0000e+00
      8.875      0.040     6.6756     59.282     35.294  24.776167     1.3477      8.042   314.1904 4.1898e-01     3.6079      8.702     12.621    10.0974   999.7494 0.0000e+00
      8.885      0.041     6.6751     59.277     35.329  24.800975     1.3842      8.042   314.2427 4.1661e-01     3.6490      8.713     12.637    10.0972   999.7495 0.0000e+00
      8.897      0.043     6.6762     59.289     35.347  24.814815     1.4029      8.041   314.1369 3.9674e-01     3.6124      8.726     12.655    10.0974   999.7495 0.0000e+00
      8.907      0.044     6.6782     59.310     35.347  24.816631     1.3917      8.039   314.1167 3.7275e-01     3.5579      8.735     12.669    10.0976   999.7495 0.0000e+00
      8.919      0.042     6.6805     59.333     35.354  24.822931     1.3706      8.038   314.1706 3.6310e-01     3.5475      8.747     12.684    10.0976   999.7496 0.0000e+00
      8.934      0.037     6.6819     59.350     35.357  24.827555     1.3466      8.037   314.2721 3.6231e-01     3.5520      8.762     12.707    10.0975   999.7497 0.0000e+00
      8.946      0.031     6.6822     59.359     35.327  24.809102     1.3360      8.037   314.4835 3.5791e-01     3.5796      8.776     12.728    10.0995   999.7496 0.0000e+00
      8.952      0.024     6.6834     59.373     35.298  24.790132     1.3378      8.037   314.6616 3.4891e-01     3.5851      8.781     12.735    10.1018   999.7494 0.0000e+00
      8.955      0.019     6.6864     59.400     35.295  24.788506     1.3343      8.037   314.7910 3.4302e-01     3.5535      8.781     12.736    10.1035   999.7493 0.0000e+00
      8.956      0.019     6.6900     59.433     35.295  24.789441     1.3366      8.037   314.8428 3.5499e-01     3.5584      8.783     12.738    10.1072   999.7489 0.0000e+00
      8.956      0.023     6.6920     59.456     35.308  24.801437     1.3476      8.036   314.7724 3.7459e-01     3.5786      8.783     12.737    10.1112   999.7486 0.0000e+00
      8.960      0.028     6.6922     59.466     35.310  24.806677     1.3456      8.035   314.4563 3.8165e-01     3.5679      8.783     12.739    10.1143   999.7483 0.0000e+00
      8.970      0.034     6.6928     59.476     35.283  24.789367     1.3386      8.034   313.8588 3.7456e-01     3.5607      8.794     12.755    10.1137   999.7484 0.0000e+00
      8.986      0.040     6.6947     59.492     35.273  24.782456     1.3673      8.034   313.7429 3.6630e-01     3.5569      8.813     12.782    10.1126   999.7486 0.0000e+00
      8.999      0.047     6.6960     59.498     35.283  24.786555     1.4240      8.034   314.2596 3.6356e-01     3.5555      8.828     12.804    10.1177   999.7482 0.0000e+00
      9.008      0.054     6.6953     59.486     35.272  24.775485     1.4519      8.033   314.5998 3.4417e-01     3.5432      8.835     12.813    10.1251   999.7476 0.0000e+00
      9.018      0.060     6.6936     59.465     35.276  24.775476     1.4531      8.032   314.7591 3.0140e-01     3.5069      8.842     12.824    10.1287   999.7472 0.0000e+00
      9.032      0.068     6.6911     59.436     35.296  24.786443     1.4826      8.031   314.9811 2.6587e-01     3.5100      8.856     12.845    10.1274   999.7473 0.0000e+00
      9.052      0.080     6.6869     59.393     35.293  24.781210     1.5392      8.030   314.6175 2.4724e-01     3.5475      8.876     12.873    10.1230   999.7479 0.0000e+00
      9.074      0.092     6.6808     59.335     35.288  24.775633     1.5745      8.029   313.7178 2.3176e-01     3.5676      8.897     12.903    10.1181   999.7485 0.0000e+00
      9.100      0.100     6.6745     59.275     35.300  24.782448     1.5791      8.028   313.3090 2.0748e-01     3.5559      8.922     12.939    10.1145   999.7490 0.0000e+00
      9.130      0.100     6.6710     59.244     35.326  24.800169     1.5598      8.028   313.3746 1.8760e-01     3.5377      8.953     12.985    10.1098   999.7495 0.0000e+00
