Data/DataNotYetUploadedToEDI/Raw_CTD/RawDownloads/061319_fcr50.cnv
* Sea-Bird SBE19plus  Data File:
* FileName = C:\DATA\SBE19plus_01907809_2019_06_13_0002.hex
* Software version 2.8.0.119 SB_Terminal.dll
* Temperature SN = 7809
* Conductivity SN = 7809
* System UpLoad Time = Jun 13 2019 13:44:21
* <ApplicationData>
* <Seaterm232>
# nquan = 16
# nvalues = 954                         
# units = specified
# name 0 = depFM: Depth [fresh water, m]
# name 1 = dz/dtM: Descent Rate [m/s]
# name 2 = sbeox0Mg/L: Oxygen, SBE 43 [mg/l]
# name 3 = sbeox0PS: Oxygen, SBE 43 [% saturation]
# name 4 = specc: Specific Conductance [uS/cm]
# name 5 = c0uS/cm: Conductivity [uS/cm]
# name 6 = flECO-AFL: Fluorescence, WET Labs ECO-AFL/FL [mg/m^3]
# name 7 = ph: pH
# name 8 = orp: Oxidation Reduction Potential [mV]
# name 9 = par/sat/log: PAR/Logarithmic, Satlantic
# name 10 = turbWETntu0: Turbidity, WET Labs ECO [NTU]
# name 11 = prdM: Pressure, Strain Gauge [db]
# name 12 = prdE: Pressure, Strain Gauge [psi]
# name 13 = tv290C: Temperature [ITS-90, deg C]
# name 14 = density00: Density [density, kg/m^3]
# name 15 = flag:  0.000e+00
# span 0 =     -0.662,      9.637       
# span 1 =      0.000,      0.164       
# span 2 =     3.4468,    12.4055       
# span 3 =     31.465,    130.777       
# span 4 =      0.410,     35.842       
# span 5 =   0.395031,  31.602619       
# span 6 =    -0.1350,     4.3071       
# span 7 =      7.317,     10.372       
# span 8 =    -0.8053,  1046.4040       
# span 9 = 1.2358e-01, 3.4365e+02       
# span 10 =    -0.5482,    64.4128      
# span 11 =     -0.650,      9.452      
# span 12 =     -0.942,     13.708      
# span 13 =    10.0969,    23.1506      
# span 14 =   997.5096,   999.7524      
# span 15 = 0.0000e+00, 0.0000e+00      
# interval = seconds: 0.25
# start_time = Jun 13 2019 13:16:19 [Instrument's time stamp, header]
# bad_flag = -9.990e-29
*END*
[from data line 452]
      3.193      0.073    11.7439    117.632     32.084  25.965466     3.4005      8.447   282.2529 1.5489e+01     1.1128      3.132      4.543    15.9667   998.9795 0.0000e+00
      3.214      0.074    11.6875    116.873     32.024  25.867095     3.3972      8.447   282.3542 1.5299e+01     1.1202      3.153      4.573    15.8191   999.0034 0.0000e+00
      3.233      0.074    11.6235    116.051     32.012  25.811084     3.3907      8.446   282.5271 1.5119e+01     1.1322      3.170      4.598    15.6723   999.0268 0.0000e+00
      3.250      0.072    11.5506    115.131     32.056  25.795709     3.3824      8.444   283.0525 1.4959e+01     1.1265      3.188      4.623    15.5446   999.0472 0.0000e+00
      3.266      0.069    11.4731    114.158     32.136  25.808022     3.3144      8.442   283.8029 1.4801e+01     1.1171      3.202      4.644    15.4540   999.0613 0.0000e+00
      3.285      0.066    11.3939    113.218     32.217  25.833016     3.1850      8.442   284.2003 1.4616e+01     1.1165      3.219      4.669    15.3819   999.0726 0.0000e+00
      3.305      0.064    11.3140    112.366     32.250  25.844091     3.1185      8.443   284.4150 1.4464e+01     1.1190      3.243      4.703    15.3117   999.0836 0.0000e+00
      3.321      0.062    11.2422    111.666     32.210  25.815034     3.1081      8.443   284.5065 1.4376e+01     1.1154      3.259      4.727    15.2360   999.0952 0.0000e+00
      3.333      0.059    11.1876    111.125     32.110  25.735455     3.0940      8.443   284.3608 1.4286e+01     1.1051      3.268      4.739    15.1438   999.1095 0.0000e+00
      3.346      0.056    11.1544    110.709     32.024  25.643185     3.1388      8.444   284.3734 1.4162e+01     1.0592      3.280      4.757    15.0719   999.1205 0.0000e+00
      3.362      0.055    11.1417    110.399     32.016  25.587539     3.2328      8.444   284.9177 1.4037e+01     0.9869      3.298      4.783    15.0529   999.1234 0.0000e+00
      3.377      0.057    11.1408    110.183     32.064  25.570100     3.2775      8.443   285.6931 1.3923e+01     0.9524      3.313      4.806    15.0715   999.1207 0.0000e+00
      3.390      0.062    11.1388    110.019     32.099  25.559140     3.2805      8.442   286.0049 1.3833e+01     0.9043      3.324      4.821    15.0861   999.1186 0.0000e+00
      3.402      0.065    11.1279    109.824     32.077  25.518415     3.3126      8.441   286.0208 1.3744e+01     0.8643      3.334      4.835    15.0530   999.1235 0.0000e+00
      3.419      0.066    11.1135    109.575     32.037  25.458312     3.3709      8.440   285.9712 1.3603e+01     0.8941      3.351      4.859    14.9617   999.1374 0.0000e+00
      3.440      0.066    11.1000    109.280     32.023  25.403362     3.4043      8.438   285.8357 1.3436e+01     0.9038      3.374      4.893    14.8581   999.1530 0.0000e+00
      3.462      0.066    11.0827    108.918     32.036  25.361472     3.4214      8.437   285.8453 1.3301e+01     0.8833      3.397      4.927    14.7970   999.1622 0.0000e+00
      3.480      0.065    11.0587    108.452     32.078  25.332400     3.5171      8.437   286.1732 1.3200e+01     0.8761      3.414      4.953    14.7793   999.1649 0.0000e+00
      3.492      0.061    11.0271    107.849     32.146  25.305536     3.6779      8.437   286.7023 1.3115e+01     0.8821      3.424      4.967    14.7411   999.1706 0.0000e+00
      3.504      0.057    10.9729    107.028     32.228  25.290320     3.7619      8.438   287.0804 1.3010e+01     0.8906      3.434      4.981    14.6606   999.1824 0.0000e+00
      3.519      0.054    10.8809    105.909     32.287  25.275208     3.7699      8.438   287.2180 1.2883e+01     0.8811      3.452      5.007    14.5834   999.1938 0.0000e+00
      3.534      0.053    10.7617    104.565     32.321  25.249630     3.8514      8.438   287.2468 1.2777e+01     0.8647      3.468      5.030    14.4974   999.2064 0.0000e+00
      3.547      0.053    10.6307    103.095     32.374  25.234745     4.0198      8.438   287.2566 1.2695e+01     0.8569      3.479      5.046    14.3581   999.2266 0.0000e+00
      3.560      0.052    10.4934    101.568     32.431  25.222053     4.1152      8.438   287.2504 1.2595e+01     0.8857      3.490      5.062    14.2157   999.2469 0.0000e+00
      3.574      0.049    10.3520    100.035     32.494  25.222984     4.1284      8.437   287.1726 1.2466e+01     0.9167      3.505      5.083    14.1318   999.2587 0.0000e+00
      3.587      0.044    10.2086     98.522     32.573  25.245943     4.1450      8.436   287.0896 1.2350e+01     0.9043      3.519      5.104    14.0633   999.2684 0.0000e+00
      3.598      0.040    10.0717     97.107     32.609  25.245850     4.1687      8.436   287.1071 1.2250e+01     0.8996      3.527      5.116    13.9708   999.2813 0.0000e+00
      3.608      0.039     9.9440     95.811     32.604  25.221820     4.1895      8.436   287.2985 1.2164e+01     0.9257      3.539      5.133    13.8757   999.2945 0.0000e+00
      3.617      0.041     9.8222     94.577     32.611  25.209143     4.1884      8.436   287.6829 1.2115e+01     0.9248      3.550      5.148    13.8022   999.3046 0.0000e+00
      3.622      0.046     9.7059     93.372     32.660  25.219432     4.1816      8.435   287.8833 1.2059e+01     0.8886      3.551      5.151    13.7455   999.3124 0.0000e+00
      3.629      0.052     9.5965     92.184     32.717  25.219304     4.1945      8.433   287.8281 1.1956e+01     0.8807      3.555      5.158    13.7007   999.3185 0.0000e+00
      3.644      0.058     9.4885     90.984     32.770  25.207546     4.2050      8.433   287.9623 1.1821e+01     0.8948      3.571      5.180    13.6739   999.3221 0.0000e+00
      3.665      0.065     9.3754     89.784     32.815  25.204087     4.2046      8.431   288.3018 1.1661e+01     0.8958      3.594      5.213    13.6519   999.3252 0.0000e+00
      3.688      0.072     9.2626     88.647     32.805  25.177438     4.2067      8.428   288.6638 1.1516e+01     0.8936      3.619      5.248    13.6150   999.3304 0.0000e+00
      3.707      0.078     9.1545     87.515     32.798  25.139074     4.2042      8.425   288.9829 1.1399e+01     0.8672      3.636      5.273    13.5475   999.3395 0.0000e+00
      3.722      0.082     9.0456     86.283     32.860  25.120821     4.1924      8.423   289.2345 1.1257e+01     0.8391      3.649      5.292    13.4477   999.3527 0.0000e+00
      3.741      0.086     8.9260     84.930     32.907  25.083544     4.1845      8.420   289.5547 1.1096e+01     0.8485      3.668      5.318    13.3807   999.3618 0.0000e+00
      3.765      0.091     8.7925     83.483     32.887  25.005462     4.1957      8.417   290.0156 1.0946e+01     0.8501      3.692      5.356    13.3812   999.3617 0.0000e+00
      3.790      0.096     8.6464     81.899     32.891  24.937932     4.2321      8.415   290.5906 1.0784e+01     0.8261      3.716      5.389    13.3480   999.3662 0.0000e+00
      3.817      0.100     8.4874     80.136     32.968  24.901348     4.2776      8.412   291.1730 1.0597e+01     0.8197      3.741      5.425    13.2233   999.3826 0.0000e+00
      3.846      0.099     8.3144     78.235     33.073  24.880208     4.3046      8.406   291.5509 1.0427e+01     0.8712      3.772      5.471    13.0954   999.3992 0.0000e+00
      3.874      0.091     8.1232     76.226     33.170  24.872528     4.3071      8.400   291.7174 1.0269e+01     0.9249      3.799      5.509    13.0201   999.4088 0.0000e+00
      3.899      0.078     7.9140     74.133     33.237  24.871840     4.2724      8.397   291.7246 1.0106e+01     0.9117      3.823      5.545    12.9261   999.4208 0.0000e+00
      3.922      0.063     7.6945     72.008     33.274  24.871832     4.2151      8.397   291.7240 1.0014e+01     0.8748      3.850      5.584    12.7678   999.4407 0.0000e+00
      3.935      0.049     7.4716     69.884     33.297  24.872400     4.1952      8.399   291.8819 1.0010e+01     0.8725      3.863      5.603    12.5975   999.4617 0.0000e+00
      3.938      0.039     7.2465     67.746     33.323  24.878693     4.2060      8.402   291.9991 1.0012e+01     0.8845      3.862      5.602    12.4720   999.4769 0.0000e+00
      3.940      0.035     7.0238     65.629     33.352  24.884462     4.2058      8.404   292.0227 9.9866e+00     0.8884      3.863      5.603    12.4008   999.4854 0.0000e+00
      3.944      0.036     6.8185     63.670     33.370  24.878701     4.2013      8.404   292.2527 9.9411e+00     0.8868      3.867      5.608    12.3652   999.4896 0.0000e+00
      3.953      0.042     6.6469     62.021     33.392  24.872446     4.1955      8.405   292.7160 9.8552e+00     0.8649      3.874      5.618    12.3457   999.4920 0.0000e+00
      3.968      0.052     6.5144     60.731     33.426  24.872252     4.1872      8.406   293.1501 9.7500e+00     0.8533      3.890      5.642    12.3279   999.4942 0.0000e+00
      3.986      0.063     6.4182     59.774     33.472  24.876331     4.1879      8.405   293.4576 9.6621e+00     0.8782      3.910      5.672    12.3033   999.4971 0.0000e+00
      4.002      0.073     6.3519     59.076     33.588  24.921729     4.1610      8.405   293.5946 9.5766e+00     0.9029      3.924      5.691    12.2759   999.5005 0.0000e+00
      4.019      0.080     6.3058     58.537     33.823  25.040482     4.0964      8.405   293.4301 9.4678e+00     0.8901      3.937      5.710    12.2425   999.5045 0.0000e+00
      4.042      0.083     6.2693     58.072     34.171  25.233657     4.0659      8.405   293.2750 9.3287e+00     0.8537      3.962      5.746    12.2016   999.5094 0.0000e+00
      4.068      0.084     6.2328     57.607     34.597  25.481024     4.0699      8.405   293.6120 9.1922e+00     0.8570      3.991      5.789    12.1632   999.5140 0.0000e+00
      4.092      0.083     6.1845     57.035     35.051  25.747486     4.0140      8.406   294.1490 9.0873e+00     0.8638      4.014      5.823    12.1071   999.5206 0.0000e+00
      4.113      0.079     6.1100     56.234     35.456  25.981185     3.9102      8.406   294.5195 8.9973e+00     0.8380      4.034      5.851    12.0183   999.5309 0.0000e+00
      4.132      0.071     6.0035     55.158     35.672  26.086153     3.8550      8.405   294.9091 8.9251e+00     0.8722      4.053      5.879    11.9197   999.5424 0.0000e+00
      4.148      0.061     5.8571     53.760     35.684  26.064963     3.8329      8.404   295.3313 8.8559e+00     0.9500      4.067      5.900    11.8254   999.5533 0.0000e+00
      4.164      0.051     5.6550     51.900     35.656  26.042154     3.7460      8.402   295.1508 8.7819e+00     0.9590      4.084      5.923    11.7223   999.5649 0.0000e+00
      4.178      0.042     5.3976     49.561     35.666  26.064149     3.6030      8.402   294.5332 8.7419e+00     0.9153      4.101      5.948    11.6343   999.5748 0.0000e+00
      4.187      0.035     5.1001     46.856     35.661  26.077142     3.5253      8.401   294.4028 8.7291e+00     0.8808      4.108      5.958    11.5499   999.5841 0.0000e+00
      4.190      0.029     4.7759     43.871     35.662  26.072388     3.5258      8.399   294.6073 8.7161e+00     0.8693      4.109      5.959    11.4999   999.5895 0.0000e+00
      4.195      0.024     4.4471     40.807     35.706  26.070098     3.5487      8.399   294.9401 8.6997e+00     0.8757      4.112      5.965    11.5110   999.5883 0.0000e+00
      4.201      0.023     4.1426     37.958     35.739  26.049420     3.5763      8.398   295.4151 8.6882e+00     0.8590      4.121      5.977    11.5292   999.5864 0.0000e+00
      4.207      0.023     3.8848     35.545     35.749  26.012647     3.5905      8.397   295.7054 8.6846e+00     0.8317      4.126      5.984    11.5762   999.5814 0.0000e+00
      4.212      0.024     3.6840     33.670     35.787  26.006082     3.5905      8.396   295.6959 8.6598e+00     0.8407      4.129      5.989    11.5722   999.5817 0.0000e+00
      4.219      0.025     3.5453     32.388     35.842  26.033451     3.6024      8.396   295.5590 8.6086e+00     0.8700      4.137      6.001    11.5027   999.5893 0.0000e+00
      4.227      0.029     3.4700     31.697     35.836  26.026337     3.6304      8.395   295.5123 8.5640e+00     0.8907      4.147      6.014    11.4417   999.5959 0.0000e+00
      4.232      0.035     3.4468     31.465     35.803  25.983522     3.6429      8.395   295.3896 8.5330e+00     0.8937      4.151      6.020    11.3776   999.6028 0.0000e+00
      4.237      0.041     3.4584     31.543     35.810  25.959846     3.6412      8.395   295.3661 8.4837e+00     0.8730      4.153      6.023    11.3173   999.6092 0.0000e+00
      4.248      0.046     3.4904     31.826     35.782  25.930352     3.6451      8.394   295.7438 8.3987e+00     0.8696      4.164      6.039    11.3052   999.6105 0.0000e+00
      4.265      0.050     3.5334     32.239     35.686  25.880668     3.6545      8.391   296.2567 8.3022e+00     0.8863      4.183      6.068    11.3263   999.6084 0.0000e+00
      4.283      0.051     3.5804     32.712     35.607  25.866668     3.6597      8.389   296.7487 8.2028e+00     0.8782      4.201      6.093    11.2908   999.6122 0.0000e+00
      4.298      0.048     3.6254     33.172     35.574  25.888021     3.6558      8.389   297.1332 8.1087e+00     0.8700      4.215      6.113    11.2308   999.6186 0.0000e+00
      4.311      0.041     3.6707     33.616     35.533  25.885128     3.6504      8.388   297.2925 8.0388e+00     0.8856      4.229      6.133    11.2146   999.6203 0.0000e+00
      4.321      0.035     3.7188     34.070     35.444  25.831718     3.6559      8.387   297.2976 8.0025e+00     0.9025      4.240      6.148    11.2453   999.6171 0.0000e+00
      4.326      0.034     3.7696     34.549     35.315  25.749787     3.6605      8.385   297.5398 7.9950e+00     0.8783      4.243      6.154    11.3183   999.6095 0.0000e+00
      4.328      0.036     3.8284     35.092     35.181  25.655812     3.6456      8.383   297.9833 7.9689e+00     0.8228      4.243      6.154    11.3953   999.6013 0.0000e+00
      4.333      0.040     3.9019     35.705     35.063  25.520208     3.6323      8.383   298.1860 7.8965e+00     0.8207      4.247      6.159    11.4324   999.5974 0.0000e+00
      4.346      0.045     3.9860     36.330     35.034  25.378959     3.6821      8.383   298.1831 7.8045e+00     0.8861      4.259      6.178    11.4346   999.5972 0.0000e+00
      4.364      0.050     4.0705     36.926     35.096  25.280083     3.7790      8.383   298.0343 7.7096e+00     0.9247      4.280      6.207    11.4505   999.5955 0.0000e+00
      4.382      0.053     4.1504     37.504     35.167  25.212698     3.8244      8.382   297.9358 7.6250e+00     0.8942      4.299      6.236    11.4918   999.5912 0.0000e+00
      4.396      0.053     4.2259     38.087     35.259  25.198486     3.8139      8.381   298.1963 7.5619e+00     0.8786      4.312      6.255    11.4351   999.5972 0.0000e+00
      4.407      0.048     4.3052     38.747     35.370  25.235038     3.7132      8.379   298.6029 7.5045e+00     0.9651      4.322      6.268    11.2277   999.6190 0.0000e+00
      4.418      0.043     4.4023     39.609     35.439  25.273966     3.5349      8.378   298.8091 7.4392e+00     1.0885      4.332      6.283    10.9952   999.6430 0.0000e+00
      4.429      0.038     4.5250     40.739     35.432  25.288516     3.4357      8.377   298.7963 7.3792e+00     1.1245      4.345      6.301    10.8231   999.6602 0.0000e+00
      4.439      0.036     4.6811     42.187     35.383  25.284097     3.4148      8.376   298.5353 7.3414e+00     1.1045      4.355      6.316    10.7136   999.6712 0.0000e+00
      4.446      0.037     4.8738     43.936     35.281  25.220582     3.4121      8.375   298.1477 7.3169e+00     1.1099      4.360      6.324    10.6551   999.6769 0.0000e+00
      4.451      0.039     5.0846     45.789     35.141  25.091524     3.4390      8.374   298.0670 7.2843e+00     1.1243      4.363      6.329    10.6398   999.6784 0.0000e+00
