Data/DataNotYetUploadedToEDI/Raw_CTD/RawDownloads/061319_fcr50.cnv
* Sea-Bird SBE19plus  Data File:
* FileName = C:\DATA\SBE19plus_01907809_2019_06_13_0002.hex
* Software version 2.8.0.119 SB_Terminal.dll
* Temperature SN = 7809
* Conductivity SN = 7809
* System UpLoad Time = Jun 13 2019 13:44:21
* <ApplicationData>
* <Seaterm232>
# nquan = 16
# nvalues = 954                         
# units = specified
# name 0 = depFM: Depth [fresh water, m]
# name 1 = dz/dtM: Descent Rate [m/s]
# name 2 = sbeox0Mg/L: Oxygen, SBE 43 [mg/l]
# name 3 = sbeox0PS: Oxygen, SBE 43 [% saturation]
# name 4 = specc: Specific Conductance [uS/cm]
# name 5 = c0uS/cm: Conductivity [uS/cm]
# name 6 = flECO-AFL: Fluorescence, WET Labs ECO-AFL/FL [mg/m^3]
# name 7 = ph: pH
# name 8 = orp: Oxidation Reduction Potential [mV]
# name 9 = par/sat/log: PAR/Logarithmic, Satlantic
# name 10 = turbWETntu0: Turbidity, WET Labs ECO [NTU]
# name 11 = prdM: Pressure, Strain Gauge [db]
# name 12 = prdE: Pressure, Strain Gauge [psi]
# name 13 = tv290C: Temperature [ITS-90, deg C]
# name 14 = density00: Density [density, kg/m^3]
# name 15 = flag:  0.000e+00
# span 0 =     -0.662,      9.637       
# span 1 =      0.000,      0.164       
# span 2 =     3.4468,    12.4055       
# span 3 =     31.465,    130.777       
# span 4 =      0.410,     35.842       
# span 5 =   0.395031,  31.602619       
# span 6 =    -0.1350,     4.3071       
# span 7 =      7.317,     10.372       
# span 8 =    -0.8053,  1046.4040       
# span 9 = 1.2358e-01, 3.4365e+02       
# span 10 =    -0.5482,    64.4128      
# span 11 =     -0.650,      9.452      
# span 12 =     -0.942,     13.708      
# span 13 =    10.0969,    23.1506      
# span 14 =   997.5096,   999.7524      
# span 15 = 0.0000e+00, 0.0000e+00      
# interval = seconds: 0.25
# start_time = Jun 13 2019 13:16:19 [Instrument's time stamp, header]
# bad_flag = -9.990e-29
*END*
     -0.662 1.2957e-19     8.2936     96.954      0.598   0.575685    -0.1179      7.465   441.0140 2.0262e+02    -0.2508     -0.649     -0.941    23.1412   997.5119 0.0000e+00
     -0.662 1.3477e-20     8.2919     96.937      0.518   0.498604    -0.1239      7.415   452.2285 1.9311e+02    -0.2545     -0.649     -0.942    23.1413   997.5120 0.0000e+00
     -0.662 1.9907e-20     8.2920     96.940      0.510   0.491421    -0.1163      7.386   480.5443 1.8511e+02    -0.2329     -0.649     -0.942    23.1415   997.5119 0.0000e+00
     -0.662 2.0730e-19     8.2929     96.951      0.573   0.552186    -0.1040      7.394   479.1425 1.8251e+02    -0.2191     -0.649     -0.941    23.1421   997.5117 0.0000e+00
     -0.662 2.2793e-18     8.2930     96.953      0.557   0.536356    -0.1054      7.417   439.7544 1.7866e+02    -0.2513     -0.649     -0.941    23.1436   997.5113 0.0000e+00
     -0.662 2.5072e-17     8.2923     96.946      0.509   0.490106    -0.1154      7.432   402.7542 1.6464e+02    -0.2940     -0.649     -0.941    23.1450   997.5110 0.0000e+00
     -0.662 2.7579e-16     8.2920     96.943      0.454   0.436496    -0.1207      7.434   382.0412 1.4801e+02    -0.3094     -0.649     -0.942    23.1461   997.5108 0.0000e+00
     -0.661 3.0337e-15     8.2939     96.965      0.410   0.395031    -0.1179      7.430   343.8419 1.4651e+02    -0.2409     -0.648     -0.941    23.1466   997.5106 0.0000e+00
     -0.661 3.3371e-14     8.2960     96.990      0.515   0.495617    -0.1161      7.429   268.6997 1.5450e+02    -0.1217     -0.648     -0.940    23.1470   997.5105 0.0000e+00
     -0.662 3.6708e-13     8.2965     96.996      0.926   0.892369    -0.1161      7.429   181.4337 1.5848e+02    -0.0800     -0.649     -0.941    23.1473   997.5104 0.0000e+00
     -0.662 4.0379e-12     8.2960     96.991      1.509   1.453881    -0.1185      7.426   109.1016 1.6614e+02    -0.0652     -0.649     -0.941    23.1473   997.5104 0.0000e+00
     -0.662 4.4417e-11     8.2946     96.975      1.774   1.709064    -0.1269      7.416    56.9841 1.8971e+02     0.0246     -0.648     -0.940    23.1474   997.5104 0.0000e+00
     -0.662 4.8858e-10     8.2934     96.961      1.762   1.696775    -0.1304      7.401    24.3296 2.2911e+02     0.1537     -0.649     -0.941    23.1475   997.5104 0.0000e+00
     -0.662 5.3744e-09     8.2936     96.963      1.816   1.748830    -0.1176      7.392     6.8977 2.6806e+02     0.2177     -0.649     -0.941    23.1478   997.5103 0.0000e+00
     -0.662 5.9119e-08     8.2941     96.969      1.967   1.894920    -0.1023      7.390    -0.8053 2.9306e+02     0.2092     -0.649     -0.942    23.1481   997.5103 0.0000e+00
     -0.662 2.6361e-07     8.2939     96.966      2.083   2.005793    -0.1110      7.379    13.0162 3.0824e+02     0.1484     -0.649     -0.941    23.1482   997.5103 0.0000e+00
     -0.662 2.2846e-07     8.2936     96.963      2.024   1.948848    -0.1272      7.357    51.7508 3.1609e+02     0.0402     -0.648     -0.940    23.1484   997.5102 0.0000e+00
     -0.662 2.0769e-08     8.2936     96.963      1.911   1.840036    -0.1251      7.341    92.9165 3.1874e+02    -0.0181     -0.649     -0.941    23.1485   997.5102 0.0000e+00
     -0.662 1.8881e-09     8.2951     96.979      1.901   1.830701    -0.1201      7.338   127.0980 3.2167e+02    -0.0321     -0.649     -0.941    23.1484   997.5102 0.0000e+00
     -0.662 1.7164e-10     8.2974     97.005      1.906   1.835978    -0.1274      7.337   173.6216 3.2516e+02    -0.1285     -0.648     -0.940    23.1482   997.5103 0.0000e+00
     -0.662 1.5604e-11     8.2975     97.006      1.845   1.777104    -0.1350      7.327   252.5928 3.2840e+02    -0.2657     -0.649     -0.941    23.1481   997.5103 0.0000e+00
     -0.662 1.4186e-12     8.2963     96.991      1.754   1.689130    -0.1255      7.317   347.8455 3.3048e+02    -0.3147     -0.648     -0.940    23.1482   997.5103 0.0000e+00
     -0.662 1.2896e-13     8.2955     96.984      1.723   1.659373    -0.1075      7.317   433.3454 3.3023e+02    -0.2952     -0.649     -0.941    23.1477   997.5104 0.0000e+00
     -0.662 1.1724e-14     8.2950     96.980      1.735   1.670759    -0.1082      7.324   508.2259 3.2751e+02    -0.2587     -0.649     -0.941    23.1469   997.5106 0.0000e+00
     -0.661 1.0658e-15     8.2945     96.977      1.700   1.636719    -0.1168      7.334   569.2061 3.2555e+02    -0.3005     -0.648     -0.940    23.1460   997.5108 0.0000e+00
     -0.661 9.6890e-17     8.2944     96.976      1.625   1.564609    -0.1160      7.347   610.1064 3.2776e+02    -0.4397     -0.648     -0.940    23.1459   997.5108 0.0000e+00
     -0.662 8.8080e-18     8.2944     96.975      1.554   1.495861    -0.1158      7.360   635.1022 3.3082e+02    -0.5322     -0.649     -0.941    23.1475   997.5104 0.0000e+00
     -0.662 8.0075e-19     8.2950     96.980      1.494   1.439114    -0.1149      7.371   647.8986 3.3393e+02    -0.5343     -0.649     -0.941    23.1491   997.5101 0.0000e+00
     -0.662 7.2795e-20     8.2962     96.994      1.439   1.385382    -0.1130      7.381   652.5450 3.3892e+02    -0.4974     -0.650     -0.942    23.1504   997.5097 0.0000e+00
     -0.662 6.6175e-21     8.2972     97.005      1.405   1.353076    -0.1110      7.388   655.4024 3.3881e+02    -0.4799     -0.649     -0.941    23.1506   997.5096 0.0000e+00
     -0.662 6.0160e-22     8.2977     97.011      1.352   1.301947    -0.1071      7.391   658.6139 3.2801e+02    -0.4861     -0.649     -0.941    23.1499   997.5098 0.0000e+00
     -0.662 5.4690e-23     8.2980     97.014      1.257   1.210715    -0.1100      7.393   660.3155 3.1042e+02    -0.5070     -0.648     -0.940    23.1491   997.5100 0.0000e+00
     -0.662 4.9724e-24     8.2982     97.016      1.181   1.137059    -0.1109      7.395   660.0595 2.8570e+02    -0.5365     -0.649     -0.941    23.1484   997.5102 0.0000e+00
     -0.662 4.5686e-25     8.2984     97.018      1.151   1.108351    -0.1007      7.396   659.4756 2.5426e+02    -0.5475     -0.649     -0.941    23.1481   997.5102 0.0000e+00
     -0.662 9.4590e-26     8.2979     97.012      1.160   1.117053    -0.1000      7.397   661.6885 2.2289e+02    -0.5417     -0.648     -0.940    23.1481   997.5102 0.0000e+00
     -0.662 5.9222e-25     8.2977     97.009      1.158   1.115551    -0.1113      7.399   666.5958 1.9269e+02    -0.4989     -0.649     -0.941    23.1484   997.5101 0.0000e+00
     -0.661 6.4737e-24     8.2985     97.017      1.132   1.090183    -0.1154      7.401   668.6484 1.6553e+02    -0.4561     -0.648     -0.940    23.1482   997.5102 0.0000e+00
     -0.661 7.1207e-23     8.2977     97.007      1.105   1.063779    -0.1151      7.401   667.4056 1.4644e+02    -0.4840     -0.648     -0.940    23.1478   997.5103 0.0000e+00
     -0.661 7.8328e-22     8.2964     96.992      1.090   1.049746    -0.1170      7.401   665.3355 1.3793e+02    -0.5404     -0.648     -0.940    23.1476   997.5103 0.0000e+00
     -0.661 8.6161e-21     8.2972     96.999      1.088   1.047225    -0.1203      7.400   662.3757 1.3762e+02    -0.5482     -0.648     -0.940    23.1474   997.5104 0.0000e+00
     -0.661 9.4777e-20     8.2983     97.010      1.073   1.033295    -0.1205      7.400   659.3232 1.3994e+02    -0.5126     -0.648     -0.940    23.1471   997.5105 0.0000e+00
     -0.661 1.0425e-18     8.2977     97.001      1.047   1.008045    -0.1187      7.400   656.1337 1.4117e+02    -0.5036     -0.648     -0.939    23.1466   997.5106 0.0000e+00
     -0.661 1.1468e-17     8.2964     96.986      1.034   0.995361    -0.1245      7.401   653.1501 1.4006e+02    -0.5051     -0.648     -0.940    23.1465   997.5106 0.0000e+00
     -0.661 1.2615e-16     8.2968     96.993      1.045   1.006661    -0.1299      7.402   651.4701 1.3798e+02    -0.4649     -0.648     -0.940    23.1457   997.5108 0.0000e+00
     -0.662 1.3876e-15     8.2987     97.017      1.057   1.017952    -0.1231      7.400   649.8447 1.3726e+02    -0.4430     -0.649     -0.941    23.1439   997.5112 0.0000e+00
     -0.662 1.5264e-14     8.3002     97.036      1.044   1.005166    -0.1116      7.398   647.2639 1.4154e+02    -0.4704     -0.649     -0.941    23.1430   997.5115 0.0000e+00
     -0.661 1.6790e-13     8.3006     97.040      1.017   0.978782    -0.1128      7.397   644.3573 1.5155e+02    -0.5012     -0.648     -0.940    23.1433   997.5114 0.0000e+00
     -0.661 1.8469e-12     8.3011     97.045      0.989   0.952390    -0.1203      7.397   641.3732 1.6005e+02    -0.4880     -0.648     -0.940    23.1443   997.5111 0.0000e+00
     -0.661 2.0316e-11     8.3005     97.036      0.976   0.939497    -0.1158      7.397   637.8555 1.6224e+02    -0.4411     -0.649     -0.941    23.1455   997.5109 0.0000e+00
     -0.661 2.2348e-10     8.2992     97.019      0.986   0.949618    -0.1100      7.396   634.0902 1.6152e+02    -0.4589     -0.648     -0.940    23.1467   997.5106 0.0000e+00
     -0.661 2.4583e-09     8.2991     97.019      0.984   0.948040    -0.1117      7.397   629.6603 1.6151e+02    -0.5073     -0.648     -0.939    23.1462   997.5107 0.0000e+00
     -0.661 2.7041e-08     8.2989     97.016      0.956   0.920415    -0.1103      7.399   623.9589 1.6262e+02    -0.5015     -0.648     -0.940    23.1443   997.5111 0.0000e+00
     -0.661 2.9745e-07     8.2983     97.009      0.902   0.869053    -0.1099      7.398   620.7354 1.6432e+02    -0.4871     -0.648     -0.939    23.1436   997.5113 0.0000e+00
     -0.661      0.000     8.2986     97.011      0.866   0.833899    -0.1153      7.394   622.1760 1.6691e+02    -0.4976     -0.649     -0.940    23.1434   997.5113 0.0000e+00
     -0.661      0.000     8.2990     97.014      0.909   0.875531    -0.1148      7.394   635.2680 1.7306e+02    -0.5293     -0.648     -0.941    23.1438   997.5113 0.0000e+00
     -0.661      0.000     8.2986     97.008      1.162   1.118990    -0.1039      7.422   785.7409 1.8322e+02    -0.5421     -0.648     -0.940    23.1432   997.5114 0.0000e+00
     -0.661      0.004     8.3002     97.012      3.794   3.650819    -0.0962      7.682  1046.4040 1.9241e+02    -0.5217     -0.648     -0.938    23.1438   997.5113 0.0000e+00
     -0.661      0.018     8.3109     97.025     10.021   9.623231    -0.1086      8.148   961.8249 2.0031e+02    -0.4467     -0.648     -0.940    23.1416   997.5118 0.0000e+00
     -0.661      0.042     8.3382     97.036     18.951  18.127127    -0.1234      8.468   540.1227 2.0863e+02    -0.3237     -0.647     -0.939    23.1433   997.5115 0.0000e+00
     -0.660      0.071     8.3751     97.053     28.162  26.832681    -0.1193      8.685   308.5383 2.1560e+02    -0.2466     -0.649     -0.941    23.1392   997.5122 0.0000e+00
     -0.645      0.101     8.4074     97.076     32.806  31.157954    -0.1113      8.963   292.8641 2.2542e+02    -0.1043     -0.645     -0.935    23.1449   997.5113 0.0000e+00
     -0.605      0.127     8.4319     97.103     33.366  31.602619    -0.0965      9.253   294.6820 2.3851e+02     1.3969     -0.599     -0.869    23.1235   997.5180 0.0000e+00
     -0.551      0.147     8.4494     97.113     33.341  31.510957     0.0514      9.521   297.6514 2.4888e+02    17.8719     -0.534     -0.776    22.9291   997.5665 0.0000e+00
     -0.502      0.159     8.4612     97.103     33.260  31.382173     0.3243      9.751   298.4806 2.5721e+02    48.0457     -0.489     -0.710    22.6559   997.6349 0.0000e+00
     -0.462      0.164     8.4738     97.130     33.165  31.251104     0.4812      9.943   295.2446 2.6370e+02    64.3605     -0.452     -0.655    22.4717   997.6789 0.0000e+00
     -0.427      0.160     8.4929     97.248     33.145  31.195273     0.5263     10.099   292.4245 2.6887e+02    64.4128     -0.417     -0.606    22.3429   997.7084 0.0000e+00
     -0.392      0.153     8.5182     97.458     33.263  31.278180     0.7478     10.214   292.0872 2.7676e+02    48.6125     -0.386     -0.560    22.2400   997.7324 0.0000e+00
     -0.352      0.146     8.5480     97.742     33.444  31.428551     1.1394     10.284   291.9403 2.8665e+02    19.3542     -0.347     -0.503    22.1664   997.7493 0.0000e+00
     -0.308      0.137     8.5811     98.087     33.522  31.490422     1.3599     10.317   291.5955 2.9560e+02     3.3751     -0.300     -0.436    22.1064   997.7632 0.0000e+00
     -0.268      0.124     8.6148     98.466     33.488  31.455139     1.3852     10.329   290.9299 3.0273e+02     1.9343     -0.261     -0.378    22.0499   997.7761 0.0000e+00
     -0.236      0.106     8.6467     98.837     33.408  31.382676     1.4023     10.339   289.3991 3.0817e+02     1.8358     -0.228     -0.331    22.0070   997.7861 0.0000e+00
     -0.214      0.087     8.6749     99.161     33.333  31.312308     1.4365     10.356   287.7993 3.1257e+02     1.8237     -0.206     -0.299    21.9789   997.7926 0.0000e+00
     -0.199      0.070     8.6970     99.407     33.325  31.302339     1.4597     10.369   286.9876 3.1650e+02     1.7882     -0.195     -0.282    21.9584   997.7973 0.0000e+00
     -0.188      0.058     8.7106     99.556     33.351  31.325594     1.4665     10.372   286.4684 3.2002e+02     1.7997     -0.183     -0.266    21.9570   997.7977 0.0000e+00
     -0.178      0.048     8.7175     99.631     33.299  31.276199     1.4926     10.367   285.9959 3.2355e+02     1.8309     -0.176     -0.255    21.9665   997.7955 0.0000e+00
     -0.166      0.043     8.7267     99.726     33.168  31.149309     1.5406     10.355   285.6623 3.2706e+02     1.8057     -0.165     -0.239    21.9673   997.7954 0.0000e+00
     -0.152      0.039     8.7304     99.754     33.079  31.060484     1.5621     10.337   285.2738 3.2889e+02     1.7569     -0.147     -0.213    21.9603   997.7971 0.0000e+00
     -0.141      0.036     8.7169     99.589     33.047  31.027131     1.5617     10.316   284.8265 3.2811e+02     1.7653     -0.137     -0.199    21.9572   997.7978 0.0000e+00
     -0.134      0.031     8.6984     99.370     33.022  30.999853     1.5712     10.296   284.3838 3.2550e+02     1.8088     -0.132     -0.192    21.9588   997.7975 0.0000e+00
     -0.128      0.026     8.6814     99.161     33.011  30.984485     1.5812     10.281   283.7062 3.2136e+02     1.8243     -0.126     -0.182    21.9517   997.7990 0.0000e+00
     -0.122      0.021     8.6620     98.914     33.003  30.968229     1.5786     10.267   283.0017 3.1702e+02     1.8220     -0.119     -0.173    21.9418   997.8013 0.0000e+00
     -0.117      0.017     8.6341     98.556     32.977  30.930199     1.5742     10.254   282.4901 3.1487e+02     1.8132     -0.115     -0.167    21.9378   997.8022 0.0000e+00
     -0.113      0.013     8.5782     97.877     32.966  30.905383     1.5798     10.242   281.9950 3.1528e+02     1.8159     -0.110     -0.160    21.9342   997.8031 0.0000e+00
     -0.110      0.009     8.4833     96.762     32.996  30.921974     1.5848     10.230   281.5755 3.1809e+02     1.8220     -0.107     -0.155    21.9283   997.8043 0.0000e+00
     -0.109      0.006     8.3694     95.443     33.023  30.940423     1.5836     10.214   281.3748 3.2294e+02     1.7886     -0.107     -0.155    21.9163   997.8071 0.0000e+00
     -0.109      0.003     8.2693     94.290     33.025  30.938078     1.5740     10.196   281.4619 3.2745e+02     1.7728     -0.107     -0.155    21.8925   997.8125 0.0000e+00
     -0.109      0.001     8.1928     93.411     33.047  30.957066     1.5648     10.179   281.5101 3.2953e+02     1.7950     -0.107     -0.155    21.8678   997.8179 0.0000e+00
     -0.109      0.000     8.1344     92.744     33.072  30.979630     1.5676     10.167   281.0979 3.2934e+02     1.7949     -0.107     -0.155    21.8512   997.8218 0.0000e+00
     -0.108 2.2524e-08     8.0873     92.204     33.049  30.957075     1.5726     10.156   280.6078 3.2885e+02     1.8042     -0.106     -0.154    21.8405   997.8242 0.0000e+00
     -0.108 2.4776e-07     8.0445     91.712     33.031  30.938181     1.5727     10.144   280.4878 3.2979e+02     1.8084     -0.106     -0.154    21.8339   997.8257 0.0000e+00
