Data/DataNotYetUploadedToEDI/Raw_CTD/RawDownloads/061319_fcr50.cnv
* Sea-Bird SBE19plus  Data File:
* FileName = C:\DATA\SBE19plus_01907809_2019_06_13_0002.hex
* Software version 2.8.0.119 SB_Terminal.dll
* Temperature SN = 7809
* Conductivity SN = 7809
* System UpLoad Time = Jun 13 2019 13:44:21
* <ApplicationData>
* <Seaterm232>
# nquan = 16
# nvalues = 954                         
# units = specified
# name 0 = depFM: Depth [fresh water, m]
# name 1 = dz/dtM: Descent Rate [m/s]
# name 2 = sbeox0Mg/L: Oxygen, SBE 43 [mg/l]
# name 3 = sbeox0PS: Oxygen, SBE 43 [% saturation]
# name 4 = specc: Specific Conductance [uS/cm]
# name 5 = c0uS/cm: Conductivity [uS/cm]
# name 6 = flECO-AFL: Fluorescence, WET Labs ECO-AFL/FL [mg/m^3]
# name 7 = ph: pH
# name 8 = orp: Oxidation Reduction Potential [mV]
# name 9 = par/sat/log: PAR/Logarithmic, Satlantic
# name 10 = turbWETntu0: Turbidity, WET Labs ECO [NTU]
# name 11 = prdM: Pressure, Strain Gauge [db]
# name 12 = prdE: Pressure, Strain Gauge [psi]
# name 13 = tv290C: Temperature [ITS-90, deg C]
# name 14 = density00: Density [density, kg/m^3]
# name 15 = flag:  0.000e+00
# span 0 =     -0.662,      9.637       
# span 1 =      0.000,      0.164       
# span 2 =     3.4468,    12.4055       
# span 3 =     31.465,    130.777       
# span 4 =      0.410,     35.842       
# span 5 =   0.395031,  31.602619       
# span 6 =    -0.1350,     4.3071       
# span 7 =      7.317,     10.372       
# span 8 =    -0.8053,  1046.4040       
# span 9 = 1.2358e-01, 3.4365e+02       
# span 10 =    -0.5482,    64.4128      
# span 11 =     -0.650,      9.452      
# span 12 =     -0.942,     13.708      
# span 13 =    10.0969,    23.1506      
# span 14 =   997.5096,   999.7524      
# span 15 = 0.0000e+00, 0.0000e+00      
# interval = seconds: 0.25
# start_time = Jun 13 2019 13:16:19 [Instrument's time stamp, header]
# bad_flag = -9.990e-29
*END*
[from data line 91]
     -0.108 2.2524e-08     7.9656     90.802     33.031  30.934322     1.5696     10.116   280.9465 3.3200e+02     1.7233     -0.106     -0.154    21.8322   997.8262 0.0000e+00
     -0.109 2.0476e-09     7.9137     90.205     33.012  30.914276     1.5736     10.101   280.8765 3.3237e+02     1.6153     -0.107     -0.155    21.8308   997.8264 0.0000e+00
     -0.109 1.8615e-10     7.8457     89.422     32.988  30.889527     1.5739     10.087   280.5225 3.3243e+02     1.5553     -0.107     -0.155    21.8273   997.8272 0.0000e+00
     -0.109 1.6923e-11     7.7777     88.636     32.992  30.888904     1.5729     10.073   280.1072 3.3151e+02     1.5876     -0.107     -0.155    21.8252   997.8277 0.0000e+00
     -0.109 1.5386e-12     7.7387     88.183     33.015  30.906729     1.5792     10.060   279.2102 3.3099e+02     1.6779     -0.107     -0.155    21.8229   997.8282 0.0000e+00
     -0.108 1.4177e-13     7.7528     88.339     33.025  30.914680     1.5805     10.049   278.2812 3.3195e+02     1.7952     -0.106     -0.154    21.8188   997.8292 0.0000e+00
     -0.108 3.3744e-14     7.8229     89.135     33.034  30.921586     1.5710     10.039   278.2538 3.3269e+02     1.8260     -0.106     -0.154    21.8140   997.8302 0.0000e+00
     -0.108 2.3248e-13     7.9300     90.350     33.041  30.926767     1.5689     10.030   278.5353 3.3224e+02     1.7881     -0.106     -0.154    21.8085   997.8314 0.0000e+00
     -0.108 2.5447e-12     8.0478     91.683     33.031  30.913874     1.5719     10.021   278.7590 3.3071e+02     1.7956     -0.106     -0.154    21.8017   997.8330 0.0000e+00
     -0.108 2.7990e-11     8.1580     92.933     33.011  30.892598     1.5736     10.011   279.1520 3.2846e+02     1.8187     -0.106     -0.154    21.7985   997.8337 0.0000e+00
     -0.108 3.0789e-10     8.2484     93.973     33.039  30.923334     1.5721     10.001   278.9846 3.2654e+02     1.8051     -0.106     -0.154    21.7990   997.8335 0.0000e+00
     -0.108 3.3868e-09     8.3082     94.683     33.144  31.031686     1.5707      9.994   278.1971 3.2611e+02     1.7946     -0.106     -0.154    21.7968   997.8340 0.0000e+00
     -0.108 3.7255e-08     8.3354     95.027     33.297  31.187407     1.5729      9.990   277.6322 3.2737e+02     1.7908     -0.106     -0.154    21.7896   997.8356 0.0000e+00
     -0.108 4.0981e-07     8.3396     95.102     33.456  31.346679     1.5641      9.986   277.1451 3.2957e+02     1.7266     -0.106     -0.154    21.7823   997.8373 0.0000e+00
     -0.108      0.000     8.3324     95.034     33.544  31.434513     1.5436      9.984   276.7815 3.3193e+02     1.6079     -0.107     -0.155    21.7882   997.8359 0.0000e+00
     -0.108      0.000     8.3152     94.838     33.534  31.424475     1.5238      9.982   276.8490 3.3393e+02     1.5354     -0.106     -0.154    21.8080   997.8315 0.0000e+00
     -0.108      0.001     8.2837     94.467     33.461  31.352222     1.5071      9.979   276.4122 3.3567e+02     1.5382     -0.106     -0.154    21.8285   997.8270 0.0000e+00
     -0.108      0.001     8.2392     93.938     33.370  31.258923     1.5147      9.975   275.3729 3.3680e+02     1.6088     -0.106     -0.154    21.8444   997.8235 0.0000e+00
     -0.108      0.001     8.1884     93.335     33.300  31.184775     1.5548      9.968   274.7792 3.3609e+02     1.7334     -0.106     -0.154    21.8522   997.8217 0.0000e+00
     -0.107      0.001     8.1390     92.752     33.275  31.153714     1.5767      9.958   274.7407 3.3380e+02     1.8004     -0.105     -0.152    21.8515   997.8219 0.0000e+00
     -0.107      0.001     8.0976     92.274     33.260  31.137169     1.5708      9.950   274.8222 3.3151e+02     1.7958     -0.105     -0.153    21.8440   997.8236 0.0000e+00
     -0.107      0.001     8.0689     91.952     33.231  31.111644     1.5620      9.943   274.6453 3.2925e+02     1.8092     -0.106     -0.153    21.8326   997.8261 0.0000e+00
     -0.107      0.001     8.0534     91.788     33.212  31.098921     1.5474      9.938   274.2370 3.2580e+02     1.8306     -0.105     -0.152    21.8168   997.8296 0.0000e+00
     -0.107      0.001     8.0503     91.769     33.218  31.110256     1.5332      9.935   273.8427 3.2226e+02     1.8253     -0.105     -0.152    21.8034   997.8326 0.0000e+00
     -0.107      0.001     8.0577     91.872     33.223  31.121782     1.5205      9.931   273.4053 3.2106e+02     1.8113     -0.105     -0.152    21.8015   997.8330 0.0000e+00
     -0.106      0.001     8.0695     92.021     33.206  31.111389     1.5146      9.926   273.0778 3.2272e+02     1.7915     -0.104     -0.151    21.8053   997.8322 0.0000e+00
     -0.106      0.001     8.0775     92.125     33.201  31.111512     1.5149      9.919   272.9810 3.2527e+02     1.7832     -0.104     -0.151    21.8124   997.8306 0.0000e+00
     -0.106      0.001     8.0763     92.124     33.208  31.123267     1.5153      9.909   273.0953 3.2613e+02     1.7766     -0.104     -0.150    21.8228   997.8283 0.0000e+00
     -0.105      0.001     8.0616     91.967     33.207  31.126613     1.5191      9.899   273.3412 3.2591e+02     1.7442     -0.103     -0.150    21.8336   997.8258 0.0000e+00
     -0.105      0.001     8.0280     91.594     33.230  31.151986     1.5175      9.889   273.2006 3.2805e+02     1.7521     -0.103     -0.149    21.8421   997.8239 0.0000e+00
     -0.105      0.001     7.9754     91.003     33.252  31.176223     1.5130      9.876   272.7725 3.3393e+02     1.8060     -0.103     -0.149    21.8487   997.8224 0.0000e+00
     -0.105      0.001     7.9074     90.235     33.238  31.165840     1.5180      9.862   272.7240 3.3953e+02     1.8394     -0.103     -0.149    21.8553   997.8209 0.0000e+00
     -0.105      0.001     7.8251     89.303     33.222  31.153368     1.5249      9.849   272.8736 3.4146e+02     1.7947     -0.102     -0.148    21.8618   997.8195 0.0000e+00
     -0.105      0.001     7.7316     88.242     33.218  31.152337     1.5179      9.839   273.0325 3.4240e+02     1.7247     -0.103     -0.150    21.8679   997.8182 0.0000e+00
     -0.105      0.001     7.6321     87.112     33.217  31.153378     1.5044      9.831   273.0967 3.4211e+02     1.7474     -0.102     -0.148    21.8731   997.8170 0.0000e+00
     -0.105      0.001     7.5283     85.932     33.229  31.165954     1.5004      9.826   272.4455 3.3730e+02     1.8068     -0.103     -0.149    21.8777   997.8159 0.0000e+00
     -0.104      0.002     7.4243     84.748     33.239  31.177491     1.5036      9.820   271.5256 3.3025e+02     1.8198     -0.103     -0.148    21.8815   997.8150 0.0000e+00
     -0.103      0.002     7.3268     83.640     33.225  31.165964     1.5080      9.813   271.1809 3.2493e+02     1.8063     -0.101     -0.146    21.8850   997.8142 0.0000e+00
     -0.102      0.002     7.2376     82.625     33.210  31.153492     1.5110      9.803   271.1174 3.2319e+02     1.8082     -0.100     -0.145    21.8880   997.8136 0.0000e+00
     -0.102      0.003     7.1554     81.690     33.209  31.153605     1.5136      9.792   271.1869 3.2501e+02     1.8419     -0.100     -0.144    21.8906   997.8130 0.0000e+00
     -0.102      0.003     7.0814     80.847     33.223  31.167336     1.5216      9.782   271.3334 3.2756e+02     1.8539     -0.100     -0.145    21.8934   997.8124 0.0000e+00
     -0.101      0.003     7.0134     80.074     33.249  31.192605     1.5299      9.774   270.9963 3.2914e+02     1.8225     -0.100     -0.145    21.8964   997.8117 0.0000e+00
     -0.099      0.003     6.9499     79.352     33.261  31.205305     1.5272      9.769   270.2935 3.2988e+02     1.7566     -0.098     -0.141    21.8988   997.8111 0.0000e+00
     -0.097      0.003     6.8935     78.710     33.248  31.193977     1.5151      9.767   269.8913 3.3027e+02     1.6467     -0.096     -0.139    21.9003   997.8108 0.0000e+00
     -0.097      0.002     6.8425     78.130     33.234  31.182553     1.5140      9.765   269.8329 3.3092e+02     1.5752     -0.096     -0.139    21.9016   997.8104 0.0000e+00
     -0.097      0.002     6.7955     77.595     33.245  31.194101     1.5305      9.761   269.8455 3.3127e+02     1.5807     -0.095     -0.138    21.9031   997.8102 0.0000e+00
     -0.097      0.001     6.7512     77.092     33.257  31.206688     1.5406      9.754   269.8725 3.3238e+02     1.6470     -0.096     -0.139    21.9049   997.8098 0.0000e+00
     -0.097      0.001     6.7063     76.582     33.257  31.207831     1.5239      9.746   269.9864 3.3572e+02     1.7543     -0.096     -0.139    21.9066   997.8094 0.0000e+00
     -0.097      0.001     6.6621     76.080     33.256  31.207926     1.5025      9.738   270.1904 3.3953e+02     1.7965     -0.095     -0.138    21.9081   997.8090 0.0000e+00
     -0.097      0.001     6.6209     75.612     33.255  31.207831     1.5065      9.729   270.2749 3.4189e+02     1.7967     -0.095     -0.138    21.9097   997.8087 0.0000e+00
     -0.097      0.001     6.5819     75.171     33.252  31.206688     1.5121      9.721   270.1470 3.4278e+02     1.8223     -0.095     -0.138    21.9115   997.8083 0.0000e+00
     -0.096      0.002     6.5431     74.731     33.237  31.194112     1.5014      9.716   269.8481 3.4298e+02     1.8112     -0.094     -0.136    21.9131   997.8080 0.0000e+00
     -0.095      0.002     6.5046     74.295     33.223  31.182677     1.4983      9.712   269.4141 3.4323e+02     1.7934     -0.093     -0.135    21.9150   997.8076 0.0000e+00
     -0.095      0.002     6.4673     73.872     33.235  31.195349     1.5092      9.709   269.0287 3.4331e+02     1.8370     -0.093     -0.135    21.9173   997.8070 0.0000e+00
     -0.095      0.002     6.4295     73.442     33.260  31.220417     1.5208      9.707   268.9742 3.4266e+02     1.8796     -0.093     -0.135    21.9195   997.8065 0.0000e+00
     -0.094      0.002     6.3911     73.006     33.271  31.231954     1.5338      9.704   269.1863 3.4122e+02     1.8495     -0.093     -0.134    21.9215   997.8060 0.0000e+00
     -0.093      0.002     6.3531     72.576     33.244  31.207935     1.5533      9.699   269.2700 3.3806e+02     1.8014     -0.092     -0.133    21.9241   997.8055 0.0000e+00
     -0.092      0.002     6.3172     72.169     33.216  31.183820     1.5665      9.694   269.2119 3.3287e+02     1.8217     -0.090     -0.131    21.9265   997.8049 0.0000e+00
     -0.092      0.002     6.2826     71.777     33.226  31.194213     1.5716      9.689   269.1727 3.2731e+02     1.8654     -0.090     -0.130    21.9287   997.8045 0.0000e+00
     -0.092      0.001     6.2474     71.379     33.237  31.206686     1.5892      9.683   269.1395 3.2280e+02     1.8059     -0.091     -0.131    21.9309   997.8040 0.0000e+00
     -0.092      0.001     6.2129     70.988     33.237  31.207717     1.6143      9.676   269.1548 3.2016e+02     1.6594     -0.090     -0.130    21.9330   997.8034 0.0000e+00
     -0.092      0.001     6.1794     70.608     33.234  31.206690     1.6242      9.671   269.1863 3.1934e+02     1.5679     -0.090     -0.130    21.9354   997.8029 0.0000e+00
     -0.092      0.001     6.1476     70.248     33.219  31.194270     1.6219      9.667   269.1756 3.1952e+02     1.5850     -0.090     -0.131    21.9379   997.8024 0.0000e+00
     -0.091      0.001     6.1171     69.902     33.207  31.184459     1.6128      9.664   269.1966 3.2099e+02     1.6696     -0.090     -0.130    21.9401   997.8019 0.0000e+00
     -0.091      0.001     6.0875     69.566     33.238  31.214980     1.5919      9.661   269.2686 3.2411e+02     1.7394     -0.090     -0.130    21.9425   997.8013 0.0000e+00
     -0.091      0.001     6.0600     69.254     33.270  31.246018     1.5769      9.657   269.3585 3.2781e+02     1.7725     -0.090     -0.130    21.9447   997.8008 0.0000e+00
     -0.091      0.001     6.0327     68.944     33.265  31.242455     1.5787      9.653   269.5087 3.3072e+02     1.8076     -0.089     -0.129    21.9468   997.8003 0.0000e+00
     -0.090      0.001     6.0063     68.644     33.257  31.235363     1.5962      9.649   269.5364 3.3217e+02     1.8364     -0.088     -0.128    21.9491   997.7998 0.0000e+00
     -0.089      0.001     5.9818     68.368     33.243  31.223722     1.6244      9.646   269.3494 3.3250e+02     1.8262     -0.088     -0.127    21.9509   997.7994 0.0000e+00
     -0.089      0.001     5.9554     68.068     33.246  31.228621     1.6343      9.642   269.1399 3.3262e+02     1.7825     -0.088     -0.127    21.9525   997.7991 0.0000e+00
     -0.089      0.001     5.9288     67.767     33.247  31.231142     1.6279      9.638   268.8959 3.3299e+02     1.7660     -0.088     -0.127    21.9543   997.7987 0.0000e+00
     -0.089      0.001     5.9046     67.493     33.203  31.190752     1.6346      9.635   268.7226 3.3309e+02     1.7914     -0.087     -0.126    21.9562   997.7983 0.0000e+00
     -0.089      0.001     5.8808     67.223     33.195  31.184448     1.6459      9.632   268.8520 3.3259e+02     1.8281     -0.088     -0.127    21.9583   997.7977 0.0000e+00
     -0.089      0.001     5.8568     66.952     33.230  31.218392     1.6429      9.628   269.0836 3.3240e+02     1.8482     -0.087     -0.126    21.9603   997.7973 0.0000e+00
     -0.089      0.001     5.8333     66.686     33.231  31.220428     1.6321      9.625   269.1134 3.3314e+02     1.8054     -0.087     -0.126    21.9623   997.7970 0.0000e+00
     -0.089      0.002     5.8097     66.418     33.217  31.209076     1.6291      9.622   269.0406 3.3438e+02     1.7365     -0.087     -0.126    21.9641   997.7964 0.0000e+00
     -0.089      0.003     5.7864     66.153     33.215  31.208044     1.6324      9.618   268.8912 3.3571e+02     1.7362     -0.087     -0.126    21.9660   997.7960 0.0000e+00
     -0.088      0.003     5.7647     65.908     33.214  31.207951     1.6292      9.614   268.6838 3.3716e+02     1.7690     -0.086     -0.125    21.9680   997.7956 0.0000e+00
     -0.086      0.004     5.7442     65.676     33.213  31.207941     1.6244      9.610   268.8558 3.3850e+02     1.7721     -0.085     -0.123    21.9700   997.7951 0.0000e+00
     -0.084      0.004     5.7236     65.443     33.211  31.207930     1.6270      9.603   269.4221 3.3970e+02     1.7735     -0.083     -0.120    21.9715   997.7948 0.0000e+00
     -0.084      0.004     5.7029     65.208     33.210  31.207825     1.6168      9.597   269.7671 3.4088e+02     1.7860     -0.082     -0.119    21.9728   997.7945 0.0000e+00
     -0.083      0.004     5.6835     64.988     33.207  31.206676     1.5883      9.592   269.7570 3.4163e+02     1.7930     -0.081     -0.117    21.9744   997.7940 0.0000e+00
     -0.081      0.003     5.6662     64.793     33.192  31.194037     1.5765      9.587   269.5585 3.4176e+02     1.7913     -0.079     -0.115    21.9764   997.7937 0.0000e+00
     -0.081      0.002     5.6471     64.577     33.177  31.181918     1.5784      9.582   269.2598 3.4198e+02     1.7655     -0.079     -0.115    21.9784   997.7932 0.0000e+00
     -0.081      0.001     5.6254     64.332     33.181  31.187057     1.5857      9.577   269.3293 3.4256e+02     1.7438     -0.079     -0.115    21.9804   997.7928 0.0000e+00
     -0.081      0.001     5.6068     64.121     33.119  31.129265     1.6127      9.571   269.7962 3.4293e+02     1.7911     -0.079     -0.115    21.9824   997.7924 0.0000e+00
     -0.081      0.001     5.6049     64.088     32.978  30.990809     1.6354      9.566   270.0866 3.4303e+02     1.8461     -0.079     -0.114    21.9849   997.7918 0.0000e+00
     -0.081      0.001     5.6839     64.943     32.918  30.909001     1.6346      9.562   270.0873 3.4301e+02     1.8187     -0.079     -0.115    21.9867   997.7914 0.0000e+00
     -0.081      0.001     5.9664     68.083     32.955  30.901566     1.6123      9.558   269.9765 3.4274e+02     1.7221     -0.079     -0.115    21.9892   997.7908 0.0000e+00
