Data/DataNotYetUploadedToEDI/Raw_CTD/RawDownloads/061418_bvr50.cnv
* Sea-Bird SBE19plus  Data File:
* FileName = C:\DATA\061418_bvr50_0007.hex
* Software version 2.6.3.104 SB_Terminal.dll
* Temperature SN = 7809
* Conductivity SN = 7809
* System UpLoad Time = Jun 14 2018 16:27:22
* <ApplicationData>
* <Seaterm232>
# nquan = 15
# nvalues = 1517                        
# units = specified
# name 0 = depFM: Depth [fresh water, m]
# name 1 = dz/dtM: Descent Rate [m/s]
# name 2 = sbeox0Mg/L: Oxygen, SBE 43 [mg/l]
# name 3 = sbeox0PS: Oxygen, SBE 43 [% saturation]
# name 4 = specc: Specific Conductance [uS/cm]
# name 5 = c0uS/cm: Conductivity [uS/cm]
# name 6 = flECO-AFL: Fluorescence, WET Labs ECO-AFL/FL [mg/m^3]
# name 7 = ph: pH
# name 8 = orp: Oxidation Reduction Potential [mV]
# name 9 = par/sat/log: PAR/Logarithmic, Satlantic
# name 10 = turbWETntu0: Turbidity, WET Labs ECO [NTU]
# name 11 = prdM: Pressure, Strain Gauge [db]
# name 12 = prdE: Pressure, Strain Gauge [psi]
# name 13 = tv290C: Temperature [ITS-90, deg C]
# name 14 = flag:  0.000e+00
# span 0 =     -0.148,     11.066       
# span 1 =     -0.011,      0.088       
# span 2 =     0.0659,     9.5811       
# span 3 =      0.548,    114.050       
# span 4 =     26.990,    147.519       
# span 5 =  21.924505,  95.467197       
# span 6 =     1.2481,    10.4738       
# span 7 =      6.289,      7.982       
# span 8 =    40.6287,   338.8873       
# span 9 = 1.2537e-01, 2.2126e+03       
# span 10 =     0.7681,     5.4134      
# span 11 =     -0.154,     10.852      
# span 12 =     -0.223,     15.740      
# span 13 =     7.3545,    25.5935      
# span 14 = 0.0000e+00, 0.0000e+00      
# interval = seconds: 0.25
# start_time = Jun 14 2018 15:21:55 [Instrument's time stamp, header]
# bad_flag = -9.990e-29
*END*
[from data line 1254]
      7.660      0.034     0.0873      0.743     45.907  30.583406     2.2449      6.289   249.6839 2.2472e+00     3.8978      7.512     10.896     8.3022 0.0000e+00
      7.666      0.030     0.0863      0.735     46.048  30.676747     2.2828      6.290   248.4743 2.2572e+00     3.9749      7.517     10.903     8.3064 0.0000e+00
      7.672      0.027     0.0872      0.743     46.141  30.735012     2.2482      6.291   247.4432 2.2435e+00     3.9874      7.524     10.912     8.3071 0.0000e+00
      7.680      0.026     0.0881      0.750     46.217  30.779792     2.1577      6.291   246.4229 2.2125e+00     3.9269      7.531     10.924     8.3071 0.0000e+00
      7.687      0.027     0.0880      0.749     46.315  30.837113     2.1347      6.291   245.6033 2.1918e+00     3.9769      7.539     10.935     8.3086 0.0000e+00
      7.694      0.027     0.0882      0.750     46.454  30.919995     2.1547      6.292   244.9322 2.1908e+00     4.0409      7.545     10.943     8.3086 0.0000e+00
      7.700      0.027     0.0884      0.752     46.617  31.019778     2.1421      6.293   244.1587 2.1783e+00     3.9377      7.551     10.952     8.3046 0.0000e+00
      7.707      0.027     0.0880      0.748     46.735  31.090918     2.1013      6.293   243.3930 2.1497e+00     3.7063      7.558     10.961     8.2976 0.0000e+00
      7.714      0.026     0.0865      0.735     46.825  31.145016     2.1023      6.293   242.7288 2.1255e+00     3.6545      7.565     10.972     8.2889 0.0000e+00
      7.721      0.024     0.0856      0.727     46.955  31.229292     2.1454      6.293   241.9787 2.1034e+00     3.7689      7.572     10.983     8.2790 0.0000e+00
      7.728      0.023     0.0858      0.729     47.132  31.347759     2.1439      6.293   241.2066 2.0852e+00     3.7465      7.579     10.992     8.2677 0.0000e+00
      7.733      0.022     0.0864      0.735     47.362  31.497698     2.0943      6.293   240.7067 2.0767e+00     3.5980      7.585     11.001     8.2599 0.0000e+00
      7.738      0.022     0.0877      0.745     47.689  31.708436     2.0604      6.294   240.3233 2.0691e+00     3.5290      7.589     11.006     8.2536 0.0000e+00
      7.742      0.023     0.0894      0.760     48.034  31.926876     2.0831      6.294   239.6681 2.0581e+00     3.6147      7.592     11.011     8.2514 0.0000e+00
      7.747      0.024     0.0903      0.767     48.228  32.042898     2.1108      6.295   238.8936 2.0459e+00     3.6879      7.595     11.017     8.2553 0.0000e+00
      7.753      0.026     0.0891      0.757     48.323  32.095026     2.0740      6.296   238.2716 2.0308e+00     3.6204      7.602     11.026     8.2525 0.0000e+00
      7.762      0.028     0.0880      0.747     48.450  32.176055     2.0235      6.297   237.6543 2.0083e+00     3.6219      7.612     11.040     8.2436 0.0000e+00
      7.771      0.028     0.0873      0.741     48.570  32.260443     2.0251      6.297   237.0225 1.9896e+00     3.7678      7.622     11.055     8.2331 0.0000e+00
      7.778      0.027     0.0864      0.734     48.695  32.353185     2.0011      6.297   236.3119 1.9892e+00     3.7974      7.627     11.064     8.2170 0.0000e+00
      7.784      0.026     0.0863      0.732     48.860  32.471708     1.9075      6.297   235.4294 1.9884e+00     3.6136      7.633     11.071     8.2030 0.0000e+00
      7.791      0.024     0.0859      0.729     48.985  32.550232     1.8221      6.299   234.6116 1.9738e+00     3.4066      7.641     11.081     8.2012 0.0000e+00
      7.797      0.023     0.0848      0.720     49.088  32.603942     1.7772      6.300   233.8230 1.9559e+00     3.4013      7.646     11.090     8.2052 0.0000e+00
      7.802      0.023     0.0842      0.715     49.313  32.739998     1.7880      6.300   232.9496 1.9334e+00     3.5492      7.651     11.096     8.2174 0.0000e+00
      7.807      0.024     0.0845      0.718     49.698  32.988448     1.8329      6.300   232.0534 1.9111e+00     3.5471      7.657     11.104     8.2335 0.0000e+00
      7.813      0.025     0.0846      0.718     50.207  33.321331     1.8696      6.301   231.1611 1.9044e+00     3.3765      7.662     11.113     8.2276 0.0000e+00
      7.820      0.027     0.0848      0.719     50.809  33.716016     1.8911      6.301   230.3336 1.8996e+00     3.2861      7.668     11.122     8.2059 0.0000e+00
      7.827      0.029     0.0847      0.719     51.454  34.139990     1.9093      6.302   229.7063 1.8828e+00     3.3701      7.676     11.133     8.1918 0.0000e+00
      7.834      0.031     0.0842      0.715     52.206  34.636376     2.0162      6.304   229.1684 1.8610e+00     3.5381      7.683     11.143     8.1866 0.0000e+00
      7.843      0.033     0.0849      0.720     52.881  35.080706     2.1730      6.306   228.5629 1.8416e+00     3.5466      7.691     11.154     8.1819 0.0000e+00
      7.853      0.035     0.0851      0.721     52.960  35.129285     2.2238      6.308   227.9772 1.8184e+00     3.3806      7.701     11.169     8.1761 0.0000e+00
      7.862      0.036     0.0833      0.706     52.821  35.033175     2.2169      6.309   227.3357 1.7876e+00     3.3015      7.710     11.183     8.1727 0.0000e+00
      7.871      0.036     0.0826      0.700     53.348  35.379685     2.2923      6.310   226.6570 1.7602e+00     3.4452      7.718     11.195     8.1711 0.0000e+00
      7.881      0.035     0.0833      0.705     54.314  36.015632     2.4281      6.312   226.0523 1.7422e+00     3.6833      7.728     11.209     8.1679 0.0000e+00
      7.890      0.033     0.0822      0.696     55.052  36.496878     2.4702      6.312   225.5298 1.7198e+00     3.7392      7.738     11.224     8.1634 0.0000e+00
      7.899      0.032     0.0813      0.689     55.451  36.751512     2.4160      6.312   225.0727 1.6989e+00     3.6326      7.746     11.235     8.1600 0.0000e+00
      7.906      0.031     0.0842      0.714     55.643  36.870889     2.3244      6.312   224.5683 1.6969e+00     3.6766      7.753     11.245     8.1580 0.0000e+00
      7.912      0.030     0.0872      0.739     55.732  36.923793     2.2356      6.313   224.0776 1.6960e+00     3.9351      7.760     11.254     8.1542 0.0000e+00
      7.920      0.028     0.0876      0.742     55.775  36.946453     2.2246      6.313   223.7001 1.6874e+00     4.1330      7.767     11.266     8.1456 0.0000e+00
      7.928      0.026     0.0869      0.736     55.794  36.954287     2.2190      6.313   223.4459 1.6670e+00     4.1170      7.775     11.277     8.1363 0.0000e+00
      7.935      0.024     0.0849      0.719     55.801  36.954971     2.2046      6.313   223.2414 1.6447e+00     4.0469      7.782     11.287     8.1292 0.0000e+00
      7.941      0.023     0.0829      0.702     55.805  36.954723     2.2433      6.313   222.9479 1.6404e+00     4.0781      7.788     11.296     8.1234 0.0000e+00
      7.945      0.022     0.0826      0.699     55.802  36.951287     2.2824      6.313   222.5649 1.6379e+00     4.1282      7.792     11.301     8.1188 0.0000e+00
      7.950      0.021     0.0810      0.685     55.840  36.976952     2.2913      6.313   222.1372 1.6329e+00     4.1029      7.796     11.306     8.1145 0.0000e+00
      7.956      0.020     0.0798      0.675     55.985  37.074444     2.2683      6.313   221.7343 1.6339e+00     3.9860      7.802     11.315     8.1111 0.0000e+00
      7.962      0.019     0.0818      0.692     56.234  37.240647     2.2058      6.313   221.3075 1.6368e+00     3.8444      7.809     11.325     8.1087 0.0000e+00
      7.967      0.018     0.0828      0.700     56.471  37.398249     2.1424      6.314   220.6761 1.6258e+00     3.8257      7.813     11.332     8.1068 0.0000e+00
      7.971      0.016     0.0819      0.693     56.653  37.518798     2.1088      6.315   219.8654 1.5935e+00     3.8814      7.817     11.336     8.1070 0.0000e+00
      7.974      0.016     0.0824      0.697     57.186  37.872287     2.0941      6.316   219.2493 1.5699e+00     3.8771      7.820     11.342     8.1093 0.0000e+00
      7.978      0.017     0.0830      0.702     58.127  38.495629     2.0195      6.316   218.9918 1.5723e+00     3.7736      7.824     11.348     8.1110 0.0000e+00
      7.980      0.019     0.0829      0.701     58.828  38.956375     1.9057      6.316   218.7302 1.5822e+00     3.6984      7.827     11.351     8.1110 0.0000e+00
      7.984      0.023     0.0836      0.707     59.087  39.122805     1.8843      6.316   218.3233 1.5770e+00     3.7613      7.828     11.353     8.1098 0.0000e+00
      7.990      0.026     0.0852      0.721     59.172  39.173660     1.8891      6.314   217.9428 1.5487e+00     3.7407      7.833     11.362     8.1114 0.0000e+00
      8.000      0.031     0.0852      0.721     59.202  39.190043     1.8448      6.310   217.6579 1.5203e+00     3.5712      7.845     11.378     8.1132 0.0000e+00
      8.010      0.036     0.0836      0.707     59.212  39.193805     1.8168      6.308   217.2883 1.5147e+00     3.4812      7.856     11.394     8.1089 0.0000e+00
      8.019      0.042     0.0845      0.715     59.257  39.219149     1.8358      6.307   216.6569 1.5100e+00     3.5689      7.864     11.405     8.1036 0.0000e+00
      8.027      0.047     0.0868      0.735     59.297  39.242316     1.8736      6.304   215.9602 1.4778e+00     3.7454      7.871     11.415     8.0996 0.0000e+00
      8.038      0.051     0.0871      0.737     59.265  39.219776     1.8415      6.302   215.3182 1.4418e+00     3.6328      7.881     11.430     8.0968 0.0000e+00
      8.053      0.054     0.0859      0.727     59.231  39.200766     1.7418      6.302   214.6583 1.4258e+00     3.1835      7.897     11.454     8.0942 0.0000e+00
      8.071      0.056     0.0845      0.715     59.230  39.203073     1.6878      6.300   214.0053 1.4049e+00     2.8908      7.916     11.481     8.0910 0.0000e+00
      8.088      0.056     0.0822      0.696     59.207  39.184141     1.7035      6.299   213.3596 1.3830e+00     2.9318      7.932     11.504     8.0875 0.0000e+00
      8.101      0.054     0.0820      0.695     59.186  39.162465     1.7386      6.299   212.7868 1.3718e+00     3.0385      7.945     11.523     8.0844 0.0000e+00
      8.114      0.050     0.0829      0.701     59.148  39.131593     1.7359      6.300   212.5003 1.3581e+00     2.9300      7.958     11.540     8.0889 0.0000e+00
      8.126      0.045     0.0816      0.690     59.051  39.065010     1.6977      6.301   212.3045 1.3490e+00     2.7491      7.969     11.558     8.0949 0.0000e+00
      8.138      0.041     0.0807      0.683     58.946  38.992770     1.6722      6.302   211.8828 1.3457e+00     2.7125      7.980     11.575     8.0909 0.0000e+00
      8.148      0.039     0.0807      0.683     58.895  38.957033     1.6665      6.304   211.1005 1.3363e+00     2.7320      7.991     11.591     8.0810 0.0000e+00
      8.157      0.039     0.0806      0.681     58.890  38.950595     1.6656      6.306   210.0739 1.3218e+00     2.7413      8.000     11.603     8.0763 0.0000e+00
      8.164      0.039     0.0793      0.671     58.854  38.914931     1.6333      6.308   209.2781 1.3124e+00     2.7024      8.006     11.610     8.0763 0.0000e+00
      8.172      0.040     0.0777      0.656     58.780  38.843488     1.5802      6.311   208.7064 1.3084e+00     2.6577      8.013     11.622     8.0727 0.0000e+00
      8.183      0.042     0.0793      0.670     58.730  38.785647     1.5562      6.314   208.0651 1.2879e+00     2.6588      8.025     11.640     8.0698 0.0000e+00
      8.196      0.044     0.0831      0.701     58.761  38.787372     1.5635      6.317   207.3760 1.2548e+00     2.6855      8.037     11.658     8.0716 0.0000e+00
      8.210      0.046     0.0832      0.702     58.791  38.800797     1.5760      6.321   206.6550 1.2488e+00     2.7062      8.051     11.677     8.0641 0.0000e+00
      8.221      0.048     0.0819      0.692     58.720  38.757343     1.5510      6.325   205.8000 1.2545e+00     2.6341      8.063     11.694     8.0400 0.0000e+00
      8.232      0.048     0.0837      0.707     58.642  38.706727     1.5008      6.329   204.8683 1.2412e+00     2.6068      8.072     11.708     8.0157 0.0000e+00
      8.243      0.049     0.0869      0.733     58.646  38.697093     1.4921      6.332   203.9077 1.2269e+00     2.7119      8.083     11.724     7.9990 0.0000e+00
      8.256      0.049     0.0885      0.747     58.691  38.704373     1.5287      6.334   202.6167 1.2177e+00     2.8065      8.097     11.743     7.9929 0.0000e+00
      8.271      0.050     0.0873      0.737     58.767  38.731193     1.5673      6.336   200.5309 1.2008e+00     2.7738      8.111     11.764     8.0006 0.0000e+00
      8.284      0.052     0.0846      0.713     58.945  38.830740     1.5633      6.337   197.6171 1.1804e+00     2.6221      8.124     11.783     8.0057 0.0000e+00
      8.296      0.054     0.0827      0.697     59.250  39.018485     1.5354      6.338   194.4021 1.1620e+00     2.4981      8.136     11.800     7.9940 0.0000e+00
      8.309      0.054     0.0829      0.698     59.577  39.222181     1.5152      6.340   191.5144 1.1425e+00     2.4646      8.148     11.818     7.9706 0.0000e+00
      8.324      0.053     0.0834      0.703     59.844  39.387525     1.5026      6.342   189.1155 1.1267e+00     2.4607      8.162     11.837     7.9486 0.0000e+00
      8.339      0.052     0.0828      0.698     60.205  39.619818     1.5118      6.343   186.9079 1.1117e+00     2.3596      8.177     11.859     7.9341 0.0000e+00
      8.354      0.050     0.0819      0.690     60.782  39.997600     1.4974      6.345   184.6978 1.0881e+00     2.1877      8.193     11.883     7.9252 0.0000e+00
      8.366      0.050     0.0823      0.693     61.298  40.333563     1.4749      6.346   182.4400 1.0741e+00     2.1827      8.206     11.902     7.9151 0.0000e+00
      8.376      0.051     0.0827      0.697     61.663  40.568492     1.4980      6.348   180.1726 1.0796e+00     2.3311      8.214     11.914     7.9050 0.0000e+00
      8.385      0.052     0.0816      0.687     62.220  40.931887     1.5190      6.352   178.1898 1.0645e+00     2.4261      8.222     11.924     7.9013 0.0000e+00
      8.398      0.055     0.0811      0.683     62.876  41.359635     1.4908      6.355   176.7929 1.0176e+00     2.3851      8.234     11.942     7.9018 0.0000e+00
      8.414      0.058     0.0810      0.682     63.271  41.610093     1.4048      6.358   175.7582 9.7804e-01     2.2312      8.251     11.967     7.8992 0.0000e+00
      8.432      0.059     0.0794      0.668     63.484  41.736129     1.3421      6.360   174.4557 9.6152e-01     2.1825      8.268     11.992     7.8923 0.0000e+00
      8.450      0.059     0.0783      0.659     63.798  41.930350     1.3591      6.362   172.5738 9.5463e-01     2.3159      8.286     12.019     7.8900 0.0000e+00
      8.466      0.056     0.0790      0.665     64.288  42.242675     1.3802      6.364   170.3836 9.4952e-01     2.4089      8.303     12.042     7.8910 0.0000e+00
      8.479      0.051     0.0814      0.685     64.925  42.652863     1.3580      6.367   168.2795 9.3636e-01     2.3004      8.315     12.060     7.8823 0.0000e+00
      8.491      0.046     0.0844      0.710     65.678  43.140628     1.3203      6.369   166.3208 9.0357e-01     2.0717      8.326     12.076     7.8681 0.0000e+00
      8.501      0.042     0.0857      0.721     66.233  43.501170     1.3287      6.371   164.4251 8.8282e-01     2.0252      8.337     12.093     7.8586 0.0000e+00
      8.509      0.040     0.0852      0.717     66.357  43.580492     1.3772      6.372   162.6525 8.9128e-01     2.1952      8.345     12.103     7.8518 0.0000e+00
      8.518      0.040     0.0856      0.720     66.374  43.591311     1.3922      6.373   160.9777 8.9422e-01     2.3574      8.352     12.114     7.8457 0.0000e+00
