Data/DataNotYetUploadedToEDI/Raw_CTD/RawDownloads/061418_bvr50.cnv
* Sea-Bird SBE19plus  Data File:
* FileName = C:\DATA\061418_bvr50_0007.hex
* Software version 2.6.3.104 SB_Terminal.dll
* Temperature SN = 7809
* Conductivity SN = 7809
* System UpLoad Time = Jun 14 2018 16:27:22
* <ApplicationData>
* <Seaterm232>
# nquan = 15
# nvalues = 1517                        
# units = specified
# name 0 = depFM: Depth [fresh water, m]
# name 1 = dz/dtM: Descent Rate [m/s]
# name 2 = sbeox0Mg/L: Oxygen, SBE 43 [mg/l]
# name 3 = sbeox0PS: Oxygen, SBE 43 [% saturation]
# name 4 = specc: Specific Conductance [uS/cm]
# name 5 = c0uS/cm: Conductivity [uS/cm]
# name 6 = flECO-AFL: Fluorescence, WET Labs ECO-AFL/FL [mg/m^3]
# name 7 = ph: pH
# name 8 = orp: Oxidation Reduction Potential [mV]
# name 9 = par/sat/log: PAR/Logarithmic, Satlantic
# name 10 = turbWETntu0: Turbidity, WET Labs ECO [NTU]
# name 11 = prdM: Pressure, Strain Gauge [db]
# name 12 = prdE: Pressure, Strain Gauge [psi]
# name 13 = tv290C: Temperature [ITS-90, deg C]
# name 14 = flag:  0.000e+00
# span 0 =     -0.148,     11.066       
# span 1 =     -0.011,      0.088       
# span 2 =     0.0659,     9.5811       
# span 3 =      0.548,    114.050       
# span 4 =     26.990,    147.519       
# span 5 =  21.924505,  95.467197       
# span 6 =     1.2481,    10.4738       
# span 7 =      6.289,      7.982       
# span 8 =    40.6287,   338.8873       
# span 9 = 1.2537e-01, 2.2126e+03       
# span 10 =     0.7681,     5.4134      
# span 11 =     -0.154,     10.852      
# span 12 =     -0.223,     15.740      
# span 13 =     7.3545,    25.5935      
# span 14 = 0.0000e+00, 0.0000e+00      
# interval = seconds: 0.25
# start_time = Jun 14 2018 15:21:55 [Instrument's time stamp, header]
# bad_flag = -9.990e-29
*END*
[from data line 868]
      4.042      0.029     5.2148     51.228     30.019  23.752687     4.6696      6.872   317.5613 3.7616e+01     0.8541      3.963      5.748    14.6328 0.0000e+00
      4.050      0.029     5.2026     51.080     30.022  23.739729     4.5928      6.870   317.6544 3.7430e+01     0.8146      3.972      5.761    14.6228 0.0000e+00
      4.058      0.030     5.1966     50.976     30.065  23.749898     4.4719      6.867   317.7174 3.7209e+01     0.7893      3.980      5.772    14.6038 0.0000e+00
      4.065      0.030     5.1920     50.873     30.102  23.748632     4.4115      6.864   317.7211 3.6994e+01     0.8236      3.987      5.782    14.5781 0.0000e+00
      4.073      0.029     5.1865     50.763     30.112  23.724385     4.4040      6.861   317.8707 3.6792e+01     0.8630      3.995      5.793    14.5601 0.0000e+00
      4.080      0.028     5.1793     50.644     30.128  23.710640     4.4280      6.857   318.0638 3.6587e+01     0.8380      4.001      5.803    14.5416 0.0000e+00
      4.087      0.028     5.1704     50.518     30.153  23.709383     4.4907      6.856   318.1629 3.6417e+01     0.7960      4.009      5.814    14.4998 0.0000e+00
      4.094      0.028     5.1570     50.358     30.173  23.709157     4.5371      6.855   318.2940 3.6262e+01     0.8126      4.015      5.824    14.4416 0.0000e+00
      4.100      0.029     5.1395     50.168     30.185  23.707888     4.5385      6.852   318.5315 3.6147e+01     0.8566      4.021      5.832    14.3872 0.0000e+00
      4.108      0.031     5.1196     49.969     30.170  23.694036     4.4705      6.849   318.7108 3.6068e+01     0.8697      4.028      5.842    14.3435 0.0000e+00
      4.116      0.034     5.0984     49.768     30.134  23.668641     4.3584      6.848   318.7407 3.5890e+01     0.8485      4.036      5.854    14.3107 0.0000e+00
      4.125      0.039     5.0784     49.571     30.118  23.654789     4.3053      6.844   318.8936 3.5681e+01     0.8448      4.045      5.866    14.2831 0.0000e+00
      4.135      0.042     5.0593     49.366     30.130  23.653520     4.3058      6.840   319.2681 3.5437e+01     0.8861      4.054      5.879    14.2623 0.0000e+00
      4.147      0.044     5.0428     49.174     30.152  23.653282     4.2995      6.838   319.5693 3.5058e+01     0.8897      4.065      5.896    14.2602 0.0000e+00
      4.161      0.044     5.0301     49.017     30.173  23.651901     4.2842      6.836   319.6964 3.4750e+01     0.8578      4.080      5.918    14.2725 0.0000e+00
      4.174      0.044     5.0194     48.886     30.173  23.636791     4.2782      6.833   319.7722 3.4565e+01     0.8664      4.094      5.938    14.2746 0.0000e+00
      4.185      0.043     5.0066     48.743     30.135  23.597547     4.2816      6.830   319.9699 3.4372e+01     0.8721      4.104      5.952    14.2540 0.0000e+00
      4.194      0.042     4.9911     48.573     30.100  23.558302     4.2801      6.826   320.1939 3.4221e+01     0.8359      4.113      5.965    14.2213 0.0000e+00
      4.203      0.041     4.9798     48.434     30.101  23.543193     4.3061      6.822   320.2435 3.4027e+01     0.8245      4.121      5.977    14.1877 0.0000e+00
      4.213      0.041     4.9739     48.342     30.125  23.541821     4.3657      6.817   320.3109 3.3780e+01     0.8256      4.130      5.990    14.1614 0.0000e+00
      4.224      0.042     4.9711     48.276     30.153  23.541689     4.4030      6.812   320.4930 3.3591e+01     0.8188      4.142      6.008    14.1503 0.0000e+00
      4.236      0.043     4.9705     48.227     30.184  23.541565     4.4080      6.808   320.6388 3.3404e+01     0.8643      4.155      6.026    14.1357 0.0000e+00
      4.247      0.043     4.9706     48.190     30.210  23.540298     4.3255      6.805   320.6973 3.3215e+01     0.8873      4.165      6.041    14.1039 0.0000e+00
      4.258      0.042     4.9715     48.169     30.214  23.526341     4.1675      6.804   320.7694 3.3059e+01     0.8533      4.176      6.057    14.0714 0.0000e+00
      4.269      0.040     4.9696     48.126     30.198  23.499769     4.0875      6.801   320.8225 3.2916e+01     0.8498      4.187      6.072    14.0366 0.0000e+00
      4.279      0.038     4.9602     48.007     30.185  23.472942     4.0838      6.798   320.7374 3.2789e+01     0.8754      4.196      6.086    13.9914 0.0000e+00
      4.288      0.036     4.9410     47.777     30.195  23.455907     4.0406      6.795   320.6869 3.2673e+01     0.8888      4.206      6.100    13.9555 0.0000e+00
      4.297      0.034     4.9106     47.427     30.191  23.420732     3.9516      6.791   320.8144 3.2540e+01     0.8598      4.214      6.112    13.9282 0.0000e+00
      4.305      0.032     4.8704     46.986     30.158  23.365033     3.8986      6.789   320.9882 3.2395e+01     0.7985      4.222      6.123    13.9047 0.0000e+00
      4.313      0.032     4.8226     46.483     30.177  23.353798     3.8957      6.788   321.0668 3.2254e+01     0.7886      4.230      6.135    13.8870 0.0000e+00
      4.321      0.031     4.7691     45.932     30.197  23.348347     3.8992      6.786   321.0772 3.2109e+01     0.8317      4.237      6.145    13.8433 0.0000e+00
      4.329      0.031     4.7136     45.366     30.158  23.299102     3.8945      6.784   321.0278 3.1980e+01     0.8615      4.244      6.156    13.7810 0.0000e+00
      4.337      0.030     4.6569     44.791     30.138  23.266234     3.8853      6.783   320.9861 3.1885e+01     0.8741      4.253      6.169    13.7303 0.0000e+00
      4.344      0.030     4.5982     44.197     30.163  23.268356     3.8883      6.780   321.0886 3.1749e+01     0.8627      4.260      6.179    13.6902 0.0000e+00
      4.352      0.029     4.5429     43.643     30.172  23.261249     3.9765      6.778   321.3206 3.1543e+01     0.8447      4.267      6.188    13.6548 0.0000e+00
      4.360      0.029     4.4941     43.165     30.158  23.243776     4.1335      6.778   321.5547 3.1377e+01     0.8392      4.276      6.201    13.6245 0.0000e+00
      4.367      0.030     4.4519     42.764     30.159  23.247542     4.2150      6.777   321.6821 3.1271e+01     0.8276      4.283      6.212    13.5955 0.0000e+00
      4.373      0.032     4.4201     42.466     30.147  23.243306     4.2183      6.776   321.9147 3.1126e+01     0.8273      4.289      6.220    13.5661 0.0000e+00
      4.381      0.035     4.4005     42.275     30.084  23.192561     4.2103      6.774   322.2162 3.0941e+01     0.8354      4.295      6.230    13.5390 0.0000e+00
      4.389      0.038     4.3899     42.146     30.041  23.141856     4.1737      6.770   322.3161 3.0741e+01     0.8334      4.304      6.243    13.5264 0.0000e+00
      4.399      0.041     4.3867     42.070     30.074  23.138091     4.1154      6.767   322.3471 3.0486e+01     0.8343      4.313      6.257    13.5369 0.0000e+00
      4.411      0.044     4.3910     42.065     30.124  23.147014     4.0842      6.764   322.5054 3.0231e+01     0.8463      4.325      6.274    13.5506 0.0000e+00
      4.425      0.047     4.4015     42.127     30.124  23.122737     4.0816      6.757   322.7665 3.0028e+01     0.8562      4.341      6.296    13.5539 0.0000e+00
      4.437      0.048     4.4151     42.221     30.124  23.098468     4.0287      6.751   323.0100 2.9843e+01     0.8619      4.352      6.312    13.5229 0.0000e+00
      4.448      0.047     4.4264     42.293     30.166  23.107494     3.9127      6.748   323.2128 2.9626e+01     0.8539      4.361      6.325    13.4628 0.0000e+00
      4.462      0.045     4.4323     42.317     30.189  23.104874     3.8372      6.745   323.3262 2.9383e+01     0.8213      4.374      6.345    13.4140 0.0000e+00
      4.476      0.041     4.4335     42.298     30.164  23.066766     3.8236      6.742   323.3485 2.9205e+01     0.8340      4.391      6.369    13.3750 0.0000e+00
      4.487      0.038     4.4297     42.230     30.140  23.027626     3.7856      6.739   323.3964 2.9088e+01     0.8851      4.400      6.383    13.3357 0.0000e+00
      4.493      0.035     4.4193     42.096     30.150  23.012518     3.6995      6.736   323.5608 2.8980e+01     0.8894      4.406      6.391    13.2957 0.0000e+00
      4.499      0.033     4.4013     41.894     30.174  23.011033     3.6456      6.733   323.8743 2.8843e+01     0.8549      4.412      6.399    13.2616 0.0000e+00
      4.506      0.032     4.3770     41.647     30.186  23.009650     3.6404      6.731   324.1746 2.8680e+01     0.8353      4.418      6.409    13.2348 0.0000e+00
      4.515      0.032     4.3490     41.377     30.170  22.995787     3.6539      6.728   324.2656 2.8528e+01     0.8656      4.427      6.423    13.2004 0.0000e+00
      4.525      0.032     4.3210     41.112     30.135  22.970383     3.6801      6.726   324.2865 2.8374e+01     0.8853      4.437      6.436    13.1584 0.0000e+00
      4.534      0.032     4.2980     40.889     30.121  22.956427     3.6906      6.725   324.3417 2.8229e+01     0.8608      4.447      6.450    13.1212 0.0000e+00
      4.542      0.031     4.2812     40.709     30.134  22.954015     3.6901      6.724   324.3300 2.8115e+01     0.8441      4.456      6.462    13.1051 0.0000e+00
      4.549      0.030     4.2672     40.546     30.144  22.941196     3.7283      6.723   324.3178 2.8004e+01     0.8961      4.461      6.470    13.1051 0.0000e+00
      4.555      0.030     4.2552     40.398     30.157  22.928387     3.8042      6.720   324.3667 2.7853e+01     1.0016      4.466      6.478    13.1109 0.0000e+00
      4.562      0.031     4.2456     40.271     30.187  22.926080     3.8356      6.718   324.4045 2.7688e+01     1.0513      4.473      6.487    13.1116 0.0000e+00
      4.571      0.033     4.2366     40.148     30.203  22.913280     3.8234      6.716   324.3440 2.7531e+01     1.0707      4.482      6.500    13.0873 0.0000e+00
      4.581      0.036     4.2272     40.024     30.217  22.900562     3.8401      6.714   324.3245 2.7366e+01     1.1437      4.492      6.515    13.0496 0.0000e+00
      4.590      0.041     4.2171     39.895     30.245  22.899252     3.8621      6.711   324.5980 2.7229e+01     1.2322      4.501      6.529    13.0122 0.0000e+00
      4.600      0.045     4.2036     39.736     30.271  22.897417     3.8236      6.707   324.9838 2.7085e+01     1.1647      4.510      6.541    12.9702 0.0000e+00
      4.610      0.048     4.1833     39.519     30.268  22.878351     3.7521      6.703   325.2033 2.6854e+01     0.9678      4.520      6.555    12.9280 0.0000e+00
      4.624      0.050     4.1548     39.238     30.254  22.859147     3.7227      6.700   325.3601 2.6547e+01     0.9277      4.533      6.575    12.8899 0.0000e+00
      4.639      0.051     4.1203     38.905     30.255  22.855674     3.7068      6.698   325.5023 2.6275e+01     1.0458      4.551      6.601    12.8542 0.0000e+00
      4.654      0.051     4.0799     38.513     30.240  22.836357     3.6517      6.695   325.5466 2.6087e+01     1.1139      4.565      6.621    12.8158 0.0000e+00
      4.666      0.051     4.0344     38.059     30.234  22.816031     3.5986      6.693   325.6366 2.5927e+01     1.0790      4.575      6.636    12.7838 0.0000e+00
      4.678      0.050     3.9869     37.574     30.248  22.800341     3.5791      6.692   325.9028 2.5771e+01     1.0209      4.586      6.653    12.7745 0.0000e+00
      4.690      0.047     3.9404     37.095     30.253  22.773586     3.6368      6.691   326.0980 2.5591e+01     0.9908      4.598      6.669    12.7692 0.0000e+00
      4.703      0.044     3.8967     36.648     30.252  22.746445     3.7447      6.689   326.1039 2.5390e+01     0.9593      4.612      6.689    12.7604 0.0000e+00
      4.715      0.041     3.8544     36.222     30.253  22.726080     3.7900      6.687   326.1460 2.5216e+01     0.9154      4.625      6.708    12.7381 0.0000e+00
      4.725      0.038     3.8105     35.787     30.264  22.717783     3.7804      6.685   326.2628 2.5074e+01     0.8868      4.635      6.722    12.6862 0.0000e+00
      4.734      0.034     3.7649     35.341     30.272  22.709599     3.7664      6.684   326.3978 2.4949e+01     0.8883      4.642      6.733    12.6306 0.0000e+00
      4.742      0.030     3.7173     34.880     30.261  22.690598     3.7682      6.683   326.4880 2.4831e+01     0.9028      4.650      6.744    12.5886 0.0000e+00
      4.749      0.028     3.6714     34.436     30.258  22.678473     3.7744      6.680   326.4932 2.4717e+01     0.8784      4.656      6.754    12.5555 0.0000e+00
      4.755      0.026     3.6299     34.038     30.283  22.689958     3.7599      6.678   326.4608 2.4590e+01     0.8382      4.662      6.762    12.5286 0.0000e+00
      4.761      0.025     3.5905     33.671     30.298  22.702482     3.7299      6.676   326.4408 2.4483e+01     0.8441      4.669      6.772    12.5051 0.0000e+00
      4.768      0.024     3.5569     33.373     30.280  22.702937     3.6959      6.674   326.4232 2.4393e+01     0.8575      4.675      6.781    12.4876 0.0000e+00
      4.774      0.023     3.5360     33.189     30.256  22.695475     3.6715      6.673   326.3337 2.4284e+01     0.8776      4.682      6.790    12.4739 0.0000e+00
      4.779      0.023     3.5301     33.120     30.245  22.675760     3.6560      6.672   326.2193 2.4186e+01     0.9050      4.687      6.798    12.4541 0.0000e+00
      4.784      0.023     3.5357     33.141     30.251  22.654998     3.6459      6.670   326.1586 2.4098e+01     0.8834      4.691      6.806    12.4518 0.0000e+00
      4.790      0.023     3.5472     33.223     30.251  22.634854     3.6865      6.669   326.2019 2.3992e+01     0.8609      4.697      6.812    12.4865 0.0000e+00
      4.796      0.023     3.5587     33.316     30.252  22.622629     3.7703      6.668   326.3126 2.3894e+01     0.8765      4.704      6.822    12.5213 0.0000e+00
      4.803      0.022     3.5668     33.376     30.284  22.634154     3.8133      6.667   326.3780 2.3832e+01     0.8892      4.711      6.833    12.4956 0.0000e+00
      4.809      0.022     3.5700     33.393     30.314  22.647209     3.8200      6.665   326.3908 2.3774e+01     0.8929      4.715      6.840    12.4320 0.0000e+00
      4.814      0.022     3.5672     33.353     30.338  22.653505     3.8235      6.663   326.3810 2.3704e+01     0.8907      4.721      6.847    12.4038 0.0000e+00
      4.819      0.021     3.5559     33.230     30.348  22.646780     3.8289      6.662   326.3455 2.3614e+01     0.8932      4.725      6.854    12.3899 0.0000e+00
      4.824      0.021     3.5359     33.026     30.343  22.629362     3.8394      6.661   326.3058 2.3517e+01     0.9230      4.730      6.861    12.3643 0.0000e+00
      4.830      0.021     3.5118     32.786     30.365  22.633342     3.8396      6.660   326.3309 2.3468e+01     0.9151      4.737      6.870    12.3525 0.0000e+00
      4.835      0.021     3.4878     32.543     30.383  22.631408     3.8321      6.659   326.3911 2.3425e+01     0.8587      4.741      6.877    12.3360 0.0000e+00
      4.840      0.022     3.4638     32.303     30.368  22.605958     3.8312      6.657   326.4316 2.3344e+01     0.8516      4.746      6.884    12.3053 0.0000e+00
      4.846      0.022     3.4391     32.053     30.353  22.579543     3.8380      6.655   326.4765 2.3239e+01     0.8593      4.751      6.892    12.2869 0.0000e+00
      4.852      0.022     3.4149     31.803     30.363  22.565952     3.8320      6.655   326.5035 2.3129e+01     0.8301      4.757      6.900    12.2679 0.0000e+00
      4.858      0.023     3.3932     31.576     30.396  22.568569     3.7853      6.655   326.5004 2.3033e+01     0.8339      4.764      6.909    12.2391 0.0000e+00
      4.863      0.024     3.3731     31.368     30.391  22.547680     3.7246      6.655   326.4389 2.2953e+01     0.8751      4.769      6.916    12.2177 0.0000e+00
