Data/DataNotYetUploadedToEDI/Raw_CTD/RawDownloads/061418_fcr50.cnv
* Sea-Bird SBE19plus  Data File:
* FileName = C:\DATA\061418_bvr50_0008.hex
* Software version 2.6.3.104 SB_Terminal.dll
* Temperature SN = 7809
* Conductivity SN = 7809
* System UpLoad Time = Jun 14 2018 16:27:43
* <ApplicationData>
* <Seaterm232>
# nquan = 15
# nvalues = 621                         
# units = specified
# name 0 = depFM: Depth [fresh water, m]
# name 1 = dz/dtM: Descent Rate [m/s]
# name 2 = sbeox0Mg/L: Oxygen, SBE 43 [mg/l]
# name 3 = sbeox0PS: Oxygen, SBE 43 [% saturation]
# name 4 = specc: Specific Conductance [uS/cm]
# name 5 = c0uS/cm: Conductivity [uS/cm]
# name 6 = flECO-AFL: Fluorescence, WET Labs ECO-AFL/FL [mg/m^3]
# name 7 = ph: pH
# name 8 = orp: Oxidation Reduction Potential [mV]
# name 9 = par/sat/log: PAR/Logarithmic, Satlantic
# name 10 = turbWETntu0: Turbidity, WET Labs ECO [NTU]
# name 11 = prdM: Pressure, Strain Gauge [db]
# name 12 = prdE: Pressure, Strain Gauge [psi]
# name 13 = tv290C: Temperature [ITS-90, deg C]
# name 14 = flag:  0.000e+00
# span 0 =     -0.576,      9.710       
# span 1 =     -0.095,      0.222       
# span 2 =     3.9090,    10.8224       
# span 3 =     35.697,    120.260       
# span 4 =      0.405,     48.818       
# span 5 =   0.429591,  34.714921       
# span 6 =    -0.1961,     8.0098       
# span 7 =      6.254,      7.804       
# span 8 = -1240.7455,  1240.1178       
# span 9 = 1.2536e-01, 2.9124e+02       
# span 10 =    -0.2785,    65.8789      
# span 11 =     -0.565,      9.523      
# span 12 =     -0.819,     13.812      
# span 13 =    10.4832,    27.9911      
# span 14 = 0.0000e+00, 0.0000e+00      
# interval = seconds: 0.25
# start_time = Jun 14 2018 17:39:24 [Instrument's time stamp, header]
# bad_flag = -9.990e-29
*END*
[from data line 579]
      9.612      0.045     7.7743     69.686     43.783  31.083577     0.9547      6.255   323.8504 1.2549e-01     2.8636      9.426     13.671    10.4832 0.0000e+00
      9.625      0.039     7.7376     69.365     44.107  31.317357     0.9498      6.255   323.1288 1.2552e-01     2.9947      9.440     13.691    10.4840 0.0000e+00
      9.638      0.034     7.7041     69.071     44.358  31.498786     1.0053      6.255   323.2747 1.2558e-01     3.1528      9.453     13.710    10.4863 0.0000e+00
      9.647      0.028     7.6740     68.805     44.443  31.562418     1.0368      6.255   323.8077 1.2555e-01     3.0963      9.463     13.724    10.4901 0.0000e+00
      9.652      0.021     7.6476     68.574     44.373  31.515130     1.0466      6.255   324.5822 1.2541e-01     2.8611      9.466     13.730    10.4951 0.0000e+00
      9.654      0.015     7.6262     68.389     44.165  31.371609     1.0778      6.255   324.6377 1.2536e-01     2.8124      9.467     13.731    10.5003 0.0000e+00
      9.655      0.010     7.6093     68.246     43.951  31.224374     1.1193      6.256   323.7045 1.2545e-01     2.9345      9.468     13.732    10.5038 0.0000e+00
      9.656      0.007     7.5933     68.110     43.815  31.132172     1.1074      6.256   322.5910 1.2554e-01     2.9937      9.469     13.734    10.5061 0.0000e+00
      9.658      0.007     7.5748     67.950     43.918  31.209469     1.0259      6.256   322.3601 1.2553e-01     2.9484      9.472     13.738    10.5087 0.0000e+00
      9.660      0.008     7.5563     67.792     44.176  31.396835     0.9521      6.257   322.8916 1.2542e-01     2.9064      9.473     13.740    10.5134 0.0000e+00
      9.661      0.008     7.5440     67.690     44.215  31.428762     0.9408      6.258   323.5100 1.2541e-01     2.9741      9.474     13.741    10.5199 0.0000e+00
      9.664      0.007     7.5379     67.645     44.085  31.341466     0.9531      6.258   323.8149 1.2551e-01     3.0044      9.477     13.746    10.5244 0.0000e+00
      9.668      0.007     7.5384     67.656     44.103  31.357522     0.9902      6.258   323.8247 1.2552e-01     2.9054      9.480     13.752    10.5280 0.0000e+00
      9.669      0.007     7.5462     67.727     44.207  31.432358     1.0587      6.258   323.8007 1.2548e-01     2.8455      9.483     13.754    10.5328 0.0000e+00
      9.669      0.007     7.5591     67.841     44.102  31.357143     1.0751      6.258   323.9547 1.2544e-01     2.9216      9.481     13.751    10.5375 0.0000e+00
      9.669      0.006     7.5731     67.967     43.896  31.210244     1.0779      6.258   324.3101 1.2543e-01     3.0922      9.480     13.750    10.5439 0.0000e+00
      9.672      0.006     7.5855     68.082     43.851  31.180490     1.1106      6.258   324.6557 1.2549e-01     3.1385      9.486     13.757    10.5495 0.0000e+00
      9.675      0.007     7.5957     68.176     43.949  31.251435     1.1116      6.258   324.9504 1.2553e-01     2.9937      9.489     13.763    10.5498 0.0000e+00
      9.676      0.008     7.6021     68.233     44.026  31.305896     1.0999      6.259   325.3784 1.2551e-01     2.8980      9.489     13.763    10.5474 0.0000e+00
      9.677      0.008     7.6078     68.282     44.063  31.330890     1.1063      6.260   325.8727 1.2550e-01     2.9879      9.490     13.765    10.5473 0.0000e+00
      9.679      0.008     7.6148     68.343     44.378  31.553632     1.1158      6.260   326.2802 1.2548e-01     3.1957      9.492     13.767    10.5501 0.0000e+00
      9.681      0.009     7.6216     68.404     45.316  32.220709     1.1045      6.260   326.6918 1.2545e-01     3.3051      9.493     13.769    10.5523 0.0000e+00
      9.684      0.010     7.6323     68.501     46.832  33.299161     1.0708      6.260   327.0640 1.2549e-01     3.2116      9.497     13.775    10.5514 0.0000e+00
      9.686      0.011     7.6488     68.651     48.332  34.367010     1.1032      6.259   327.3392 1.2556e-01     3.3170      9.499     13.777    10.5491 0.0000e+00
      9.688      0.011     7.6680     68.827     48.818  34.714921     1.5145      6.259   327.6100 1.2557e-01     4.9765      9.499     13.779    10.5485 0.0000e+00
      9.692      0.011     7.6850     68.987     48.539  34.520266     2.2214      6.260   328.0156 1.2552e-01     7.8028      9.505     13.786    10.5489 0.0000e+00
      9.696      0.011     7.6926     69.061     48.314  34.363755     2.5730      6.260   328.4571 1.2552e-01     9.1994      9.509     13.792    10.5495 0.0000e+00
      9.698      0.011     7.6801     68.950     47.754  33.965955     2.5500      6.259   328.7322 1.2552e-01     9.2598      9.510     13.794    10.5500 0.0000e+00
      9.701      0.010     7.6418     68.603     46.774  33.267625     2.5036      6.259   328.9332 1.2548e-01    10.4558      9.513     13.799    10.5523 0.0000e+00
      9.704      0.008     7.5788     68.029     45.559  32.399173     2.4713      6.260   329.0795 1.2543e-01    12.7339      9.516     13.802    10.5572 0.0000e+00
      9.706      0.006     7.4925     67.247     44.436  31.595535     2.4542      6.260   328.8661 1.2541e-01    13.9152      9.518     13.804    10.5610 0.0000e+00
      9.707      0.004     7.3934     66.350     43.846  31.172558     2.4337      6.259   328.4183 1.2547e-01    14.2107      9.520     13.807    10.5632 0.0000e+00
      9.707      0.002     7.2980     65.489     43.562  30.968683     2.5088      6.258   328.3969 1.2554e-01    16.6724      9.520     13.808    10.5605 0.0000e+00
      9.707      0.001     7.2231     64.814     43.480  30.908792     3.9043      6.258   328.7790 1.2554e-01    21.2181      9.520     13.807    10.5545 0.0000e+00
      9.707      0.001     7.1836     64.456     43.550  30.956499     6.5143      6.258   329.0815 1.2553e-01    23.7003      9.520     13.808    10.5497 0.0000e+00
      9.707      0.001     7.1857     64.471     43.756  31.100929     7.9195      6.258   329.3010 1.2552e-01    23.8267      9.520     13.807    10.5455 0.0000e+00
      9.707      0.001     7.2237     64.811     44.426  31.575394     8.0098      6.258   329.6263 1.2550e-01    23.7538      9.519     13.807    10.5425 0.0000e+00
      9.708      0.001     7.2502     65.049     44.925  31.929809     8.0021      6.258   329.8311 1.2554e-01    23.7352      9.520     13.808    10.5407 0.0000e+00
      9.708 -9.990e-29 -9.990e-29 -9.990e-29 -9.990e-29 -9.990e-29 -9.990e-29 -9.990e-29 -9.990e-29 1.2559e-01 -9.990e-29      9.521     13.809    10.5385 0.0000e+00
      9.709 -9.990e-29 -9.990e-29 -9.990e-29 -9.990e-29 -9.990e-29 -9.990e-29 -9.990e-29 -9.990e-29 1.2556e-01 -9.990e-29      9.520     13.808    10.5353 0.0000e+00
      9.710 -9.990e-29 -9.990e-29 -9.990e-29 -9.990e-29 -9.990e-29 -9.990e-29 -9.990e-29 -9.990e-29 1.2547e-01 -9.990e-29      9.521     13.810    10.5340 0.0000e+00
      9.710 -9.990e-29 -9.990e-29 -9.990e-29 -9.990e-29 -9.990e-29 -9.990e-29 -9.990e-29 -9.990e-29 1.2542e-01 -9.990e-29      9.523     13.812    10.5346 0.0000e+00
