Data/DataNotYetUploadedToEDI/Raw_CTD/RawDownloads/061418_fcr50.cnv
* Sea-Bird SBE19plus  Data File:
* FileName = C:\DATA\061418_bvr50_0008.hex
* Software version 2.6.3.104 SB_Terminal.dll
* Temperature SN = 7809
* Conductivity SN = 7809
* System UpLoad Time = Jun 14 2018 16:27:43
* <ApplicationData>
* <Seaterm232>
# nquan = 15
# nvalues = 621                         
# units = specified
# name 0 = depFM: Depth [fresh water, m]
# name 1 = dz/dtM: Descent Rate [m/s]
# name 2 = sbeox0Mg/L: Oxygen, SBE 43 [mg/l]
# name 3 = sbeox0PS: Oxygen, SBE 43 [% saturation]
# name 4 = specc: Specific Conductance [uS/cm]
# name 5 = c0uS/cm: Conductivity [uS/cm]
# name 6 = flECO-AFL: Fluorescence, WET Labs ECO-AFL/FL [mg/m^3]
# name 7 = ph: pH
# name 8 = orp: Oxidation Reduction Potential [mV]
# name 9 = par/sat/log: PAR/Logarithmic, Satlantic
# name 10 = turbWETntu0: Turbidity, WET Labs ECO [NTU]
# name 11 = prdM: Pressure, Strain Gauge [db]
# name 12 = prdE: Pressure, Strain Gauge [psi]
# name 13 = tv290C: Temperature [ITS-90, deg C]
# name 14 = flag:  0.000e+00
# span 0 =     -0.576,      9.710       
# span 1 =     -0.095,      0.222       
# span 2 =     3.9090,    10.8224       
# span 3 =     35.697,    120.260       
# span 4 =      0.405,     48.818       
# span 5 =   0.429591,  34.714921       
# span 6 =    -0.1961,     8.0098       
# span 7 =      6.254,      7.804       
# span 8 = -1240.7455,  1240.1178       
# span 9 = 1.2536e-01, 2.9124e+02       
# span 10 =    -0.2785,    65.8789      
# span 11 =     -0.565,      9.523      
# span 12 =     -0.819,     13.812      
# span 13 =    10.4832,    27.9911      
# span 14 = 0.0000e+00, 0.0000e+00      
# interval = seconds: 0.25
# start_time = Jun 14 2018 17:39:24 [Instrument's time stamp, header]
# bad_flag = -9.990e-29
*END*
[from data line 482]
      6.858      0.110     7.9113     70.947     43.071  30.595282     1.5070      6.351   323.7576 4.7703e-01     2.9568      6.722      9.750    10.5189 0.0000e+00
      6.888      0.112     7.9060     70.899     43.089  30.607764     1.5315      6.348   323.6293 4.7350e-01     2.9768      6.755      9.797    10.5175 0.0000e+00
      6.918      0.115     7.8997     70.840     43.073  30.595158     1.5193      6.344   323.5835 4.7336e-01     2.8618      6.787      9.844    10.5145 0.0000e+00
      6.946      0.118     7.8955     70.799     43.039  30.569878     1.5068      6.342   323.6335 4.6884e-01     2.8170      6.810      9.878    10.5139 0.0000e+00
      6.975      0.118     7.8966     70.806     43.023  30.556136     1.4619      6.340   323.6315 4.5597e-01     2.8320      6.838      9.918    10.5147 0.0000e+00
      7.008      0.115     7.9012     70.846     43.024  30.556023     1.4178      6.339   323.6459 4.4384e-01     2.9211      6.873      9.969    10.5143 0.0000e+00
      7.041      0.114     7.9068     70.896     43.041  30.568506     1.3866      6.337   323.7215 4.4152e-01     2.9486      6.906     10.016    10.5132 0.0000e+00
      7.070      0.115     7.9125     70.947     43.057  30.580053     1.3518      6.335   323.6850 4.3568e-01     2.8288      6.936     10.058    10.5113 0.0000e+00
      7.094      0.116     7.9191     71.005     43.041  30.568610     1.3548      6.333   323.5489 4.1205e-01     2.8151      6.958     10.091    10.5086 0.0000e+00
      7.118      0.116     7.9272     71.078     43.026  30.557169     1.3962      6.331   323.3666 3.7949e-01     2.9356      6.977     10.119    10.5076 0.0000e+00
      7.150      0.116     7.9316     71.118     43.041  30.568734     1.4197      6.330   323.2012 3.5195e-01     3.0040      7.010     10.166    10.5089 0.0000e+00
      7.186      0.118     7.9298     71.103     43.059  30.581427     1.3910      6.330   323.1848 3.4661e-01     2.9396      7.051     10.226    10.5092 0.0000e+00
      7.218      0.121     7.9270     71.076     43.064  30.583623     1.3155      6.330   323.1681 3.6260e-01     2.8285      7.081     10.270    10.5080 0.0000e+00
      7.246      0.121     7.9270     71.074     43.081  30.595284     1.2792      6.330   323.0848 3.6533e-01     2.8512      7.105     10.305    10.5073 0.0000e+00
      7.274      0.118     7.9280     71.083     43.081  30.595398     1.3196      6.328   323.2101 3.4892e-01     2.9089      7.132     10.344    10.5085 0.0000e+00
      7.306      0.114     7.9275     71.080     43.066  30.585006     1.3444      6.326   323.5650 3.3105e-01     2.9162      7.164     10.390    10.5094 0.0000e+00
      7.337      0.111     7.9262     71.066     43.083  30.596649     1.3308      6.325   323.9338 3.2038e-01     2.9090      7.199     10.441    10.5074 0.0000e+00
      7.366      0.106     7.9252     71.055     43.102  30.609152     1.3304      6.324   324.0559 3.1908e-01     2.8822      7.225     10.479    10.5062 0.0000e+00
      7.391      0.100     7.9268     71.068     43.102  30.609163     1.3581      6.324   323.7508 3.1752e-01     2.9582      7.247     10.511    10.5071 0.0000e+00
      7.416      0.095     7.9298     71.095     43.085  30.596773     1.3894      6.323   323.3424 3.1062e-01     2.9735      7.274     10.550    10.5081 0.0000e+00
      7.439      0.093     7.9292     71.090     43.071  30.586372     1.3603      6.322   323.3338 3.0736e-01     2.8237      7.298     10.586    10.5063 0.0000e+00
      7.458      0.093     7.9250     71.051     43.105  30.610412     1.2810      6.321   323.8193 3.0923e-01     2.7031      7.313     10.608    10.5044 0.0000e+00
      7.478      0.093     7.9212     71.019     43.136  30.633411     1.2398      6.319   324.4796 3.0368e-01     2.7358      7.330     10.631    10.5047 0.0000e+00
      7.506      0.090     7.9214     71.023     43.103  30.610412     1.2575      6.319   324.7778 2.9151e-01     2.9141      7.359     10.673    10.5045 0.0000e+00
      7.536      0.085     7.9258     71.063     43.069  30.586372     1.2741      6.318   324.8439 2.8039e-01     2.9670      7.392     10.721    10.5038 0.0000e+00
      7.561      0.080     7.9305     71.105     43.083  30.596773     1.2566      6.317   325.1077 2.6657e-01     2.8258      7.417     10.757    10.5035 0.0000e+00
      7.579      0.078     7.9346     71.141     43.102  30.609153     1.2668      6.314   325.2141 2.5959e-01     2.8247      7.435     10.784    10.5046 0.0000e+00
      7.591      0.080     7.9409     71.196     43.103  30.609038     1.2956      6.311   325.3551 2.6380e-01     2.9837      7.446     10.798    10.5058 0.0000e+00
      7.601      0.087     7.9470     71.249     43.085  30.595389     1.3024      6.309   326.0388 2.6240e-01     3.0403      7.451     10.805    10.5066 0.0000e+00
      7.619      0.096     7.9499     71.276     43.050  30.571142     1.3033      6.307   326.5977 2.5365e-01     2.9293      7.467     10.830    10.5068 0.0000e+00
      7.649      0.102     7.9508     71.285     43.047  30.569894     1.2781      6.306   326.6926 2.5403e-01     2.7390      7.498     10.874    10.5059 0.0000e+00
      7.689      0.103     7.9488     71.268     43.061  30.580304     1.2735      6.306   326.7554 2.5231e-01     2.7232      7.540     10.936    10.5045 0.0000e+00
      7.729      0.099     7.9441     71.225     43.047  30.569997     1.3116      6.306   326.8409 2.3061e-01     2.8915      7.587     11.004    10.5032 0.0000e+00
      7.753      0.091     7.9373     71.163     43.050  30.572287     1.2799      6.305   326.6936 2.1855e-01     2.9117      7.610     11.038    10.5037 0.0000e+00
      7.763      0.081     7.9308     71.108     43.098  30.607996     1.1753      6.304   326.3517 2.2471e-01     2.7843      7.613     11.042    10.5056 0.0000e+00
      7.772      0.072     7.9269     71.078     43.113  30.620698     1.1213      6.304   326.2344 2.3175e-01     2.7249      7.619     11.050    10.5062 0.0000e+00
      7.789      0.069     7.9229     71.043     43.082  30.598844     1.1428      6.305   326.4804 2.3710e-01     2.7734      7.636     11.074    10.5056 0.0000e+00
      7.811      0.074     7.9213     71.026     43.082  30.597804     1.1681      6.305   327.0018 2.3788e-01     2.8217      7.661     11.112    10.5044 0.0000e+00
      7.832      0.084     7.9240     71.049     43.099  30.608111     1.1526      6.305   327.6350 2.3457e-01     2.7594      7.680     11.140    10.5060 0.0000e+00
      7.852      0.093     7.9266     71.071     43.083  30.596441     1.1481      6.304   327.8559 2.1960e-01     2.7518      7.698     11.165    10.5103 0.0000e+00
      7.877      0.101     7.9303     71.103     43.065  30.583730     1.1687      6.303   326.8329 2.0349e-01     2.8823      7.724     11.202    10.5108 0.0000e+00
      7.903      0.108     7.9373     71.165     43.062  30.581440     1.2170      6.302   325.3315 2.0137e-01     2.9952      7.750     11.241    10.5083 0.0000e+00
      7.932      0.113     7.9438     71.224     43.044  30.568748     1.2997      6.301   325.0182 2.0112e-01     2.9573      7.777     11.279    10.5065 0.0000e+00
      7.965      0.118     7.9467     71.249     43.028  30.557297     1.3238      6.300   325.7131 1.9395e-01     2.7900      7.812     11.329    10.5063 0.0000e+00
      7.999      0.119     7.9454     71.237     43.047  30.569998     1.3252      6.299   326.6775 1.8561e-01     2.8033      7.846     11.380    10.5067 0.0000e+00
      8.029      0.118     7.9409     71.195     43.084  30.595296     1.3433      6.298   327.2150 1.9142e-01     2.9040      7.874     11.420    10.5059 0.0000e+00
      8.057      0.117     7.9339     71.130     43.105  30.609133     1.3594      6.298   326.1895 2.0027e-01     2.8788      7.901     11.459    10.5058 0.0000e+00
      8.086      0.117     7.9272     71.070     43.107  30.610288     1.3915      6.297   324.1720 1.9277e-01     2.8649      7.931     11.502    10.5061 0.0000e+00
      8.115      0.120     7.9230     71.031     43.106  30.609258     1.3919      6.296   323.2990 1.8034e-01     2.7975      7.958     11.541    10.5050 0.0000e+00
      8.145      0.125     7.9195     70.998     43.089  30.596672     1.4003      6.293   323.9791 1.7482e-01     2.7963      7.986     11.584    10.5036 0.0000e+00
      8.175      0.128     7.9161     70.967     43.074  30.585126     1.4194      6.291   325.1687 1.6913e-01     2.8807      8.015     11.624    10.5031 0.0000e+00
      8.210      0.131     7.9157     70.961     43.091  30.596673     1.3563      6.289   325.8945 1.6228e-01     2.8109      8.047     11.671    10.5030 0.0000e+00
      8.251      0.135     7.9193     70.991     43.111  30.609270     1.2709      6.288   326.0431 1.5468e-01     2.8068      8.093     11.739    10.5024 0.0000e+00
      8.286      0.135     7.9226     71.020     43.113  30.610415     1.2418      6.286   325.5031 1.3868e-01     2.8927      8.130     11.792    10.5020 0.0000e+00
      8.316      0.125     7.9235     71.029     43.112  30.610519     1.2345      6.285   324.2701 1.3186e-01     2.9028      8.152     11.825    10.5011 0.0000e+00
      8.349      0.107     7.9240     71.034     43.112  30.610529     1.2190      6.284   323.4376 1.3661e-01     2.8979      8.183     11.868    10.4993 0.0000e+00
      8.387      0.088     7.9244     71.041     43.109  30.610529     1.1830      6.283   323.3540 1.4900e-01     2.8031      8.229     11.935    10.4976 0.0000e+00
      8.412      0.076     7.9257     71.060     43.104  30.610519     1.1397      6.282   323.9484 1.6547e-01     2.7938      8.260     11.981    10.4974 0.0000e+00
      8.415      0.071     7.9288     71.091     43.102  30.610414     1.1459      6.281   324.8587 1.5672e-01     2.9684      8.256     11.974    10.4985 0.0000e+00
      8.413      0.066     7.9304     71.103     43.103  30.609269     1.1936      6.280   325.0687 1.4336e-01     3.0534      8.242     11.956    10.4986 0.0000e+00
      8.425      0.061     7.9283     71.079     43.088  30.596672     1.2104      6.279   324.4224 1.5340e-01     2.9667      8.253     11.971    10.5000 0.0000e+00
      8.456      0.058     7.9244     71.042     43.073  30.585116     1.1749      6.279   323.6690 1.5889e-01     2.8053      8.292     12.027    10.5058 0.0000e+00
      8.487      0.056     7.9200     71.005     43.087  30.596558     1.1411      6.280   323.2733 1.4724e-01     2.7805      8.331     12.084    10.5087 0.0000e+00
      8.502      0.050     7.9148     70.965     43.099  30.607998     1.1424      6.281   323.0784 1.3550e-01     2.9108      8.342     12.099    10.5053 0.0000e+00
      8.505      0.037     7.9114     70.940     43.078  30.596423     1.1255      6.282   323.0339 1.2889e-01     2.9159      8.339     12.095    10.5023 0.0000e+00
      8.506      0.026     7.9090     70.926     43.054  30.583625     1.0745      6.282   323.8541 1.2614e-01     2.7813      8.343     12.100    10.5008 0.0000e+00
      8.508      0.023     7.9050     70.900     43.043  30.580284     1.0505      6.282   325.1658 1.2694e-01     2.7182      8.344     12.102    10.5019 0.0000e+00
      8.510      0.033     7.9035     70.891     43.005  30.556027     1.1103      6.282   325.6429 1.3474e-01     2.7937      8.346     12.104    10.5063 0.0000e+00
      8.515      0.050     7.9051     70.900     42.993  30.544375     1.2183      6.282   325.6650 1.4162e-01     2.8696      8.348     12.107    10.5102 0.0000e+00
      8.527      0.074     7.9044     70.881     43.033  30.566419     1.2451      6.282   325.4334 1.3605e-01     2.8126      8.357     12.121    10.5141 0.0000e+00
      8.550      0.102     7.9017     70.846     43.044  30.568510     1.1950      6.279   324.8218 1.2988e-01     2.7457      8.383     12.158    10.5207 0.0000e+00
      8.580      0.131     7.8969     70.799     43.049  30.569656     1.1725      6.275   325.6685 1.2767e-01     2.8542      8.412     12.201    10.5266 0.0000e+00
      8.616      0.156     7.8899     70.733     43.066  30.580265     1.2036      6.273   327.7559 1.2752e-01     3.0858      8.444     12.248    10.5216 0.0000e+00
      8.664      0.171     7.8857     70.693     43.053  30.569770     1.2493      6.272   328.5505 1.2891e-01     3.1668      8.493     12.318    10.5110 0.0000e+00
      8.719      0.174     7.8850     70.685     43.054  30.569771     1.2477      6.273   328.2214 1.2731e-01     3.0388      8.552     12.403    10.5056 0.0000e+00
      8.773      0.169     7.8862     70.695     43.069  30.580286     1.2292      6.273   327.5620 1.2561e-01     3.0032      8.606     12.482    10.5022 0.0000e+00
      8.821      0.163     7.8916     70.745     43.054  30.569885     1.2464      6.272   326.6860 1.2552e-01     3.1330      8.655     12.553    10.5008 0.0000e+00
      8.857      0.163     7.9034     70.850     43.056  30.571021     1.2450      6.269   326.3202 1.2557e-01     3.1133      8.690     12.604    10.5002 0.0000e+00
      8.881      0.168     7.9160     70.962     43.089  30.594020     1.2219      6.267   327.3551 1.2555e-01     2.9479      8.709     12.632    10.4990 0.0000e+00
      8.908      0.177     7.9239     71.031     43.090  30.593927     1.1869      6.266   329.3046 1.2550e-01     2.9036      8.726     12.657    10.4986 0.0000e+00
      8.957      0.190     7.9302     71.086     43.057  30.569888     1.1248      6.265   330.2737 1.2548e-01     3.0051      8.774     12.726    10.4997 0.0000e+00
      9.025      0.207     7.9365     71.142     43.041  30.557405     1.1048      6.263   329.8667 1.2544e-01     3.1685      8.855     12.843    10.4999 0.0000e+00
      9.090      0.221     7.9408     71.179     43.060  30.570005     1.1022      6.262   328.7710 1.2541e-01     3.1694      8.922     12.940    10.4984 0.0000e+00
      9.144      0.222     7.9412     71.182     43.096  30.595221     1.0655      6.262   327.9531 1.2542e-01     3.0161      8.966     13.004    10.4971 0.0000e+00
      9.198      0.210     7.9372     71.145     43.115  30.608258     1.0466      6.261   328.0656 1.2542e-01     2.9322      9.016     13.077    10.4964 0.0000e+00
      9.258      0.195     7.9312     71.090     43.105  30.600608     1.0676      6.260   328.7542 1.2542e-01     2.8876      9.083     13.172    10.4959 0.0000e+00
      9.312      0.184     7.9256     71.039     43.146  30.629753     1.1070      6.258   329.3094 1.2545e-01     2.9050      9.140     13.256    10.4950 0.0000e+00
      9.348      0.175     7.9220     71.008     43.253  30.706599     1.1099      6.258   329.3580 1.2547e-01     2.8978      9.169     13.299    10.4944 0.0000e+00
      9.380      0.163     7.9186     70.978     43.339  30.767640     1.0754      6.258   328.9983 1.2547e-01     2.8606      9.192     13.332    10.4940 0.0000e+00
      9.423      0.150     7.9117     70.914     43.471  30.859722     1.0853      6.258   328.4018 1.2546e-01     2.9438      9.238     13.400    10.4932 0.0000e+00
      9.471      0.138     7.9050     70.849     43.664  30.994323     1.1371      6.257   327.4803 1.2548e-01     2.9878      9.293     13.478    10.4932 0.0000e+00
      9.508      0.125     7.9009     70.807     43.761  31.061374     1.1592      6.255   326.6319 1.2553e-01     2.9663      9.328     13.529    10.4940 0.0000e+00
      9.535      0.108     7.8940     70.742     43.727  31.035335     1.1139      6.254   326.4901 1.2553e-01     2.9282      9.351     13.562    10.4945 0.0000e+00
      9.560      0.088     7.8828     70.640     43.675  30.997038     1.0488      6.254   326.3691 1.2549e-01     2.8923      9.378     13.601    10.4925 0.0000e+00
      9.580      0.071     7.8667     70.497     43.739  31.042897     1.0424      6.254   326.2006 1.2552e-01     2.9598      9.398     13.631    10.4893 0.0000e+00
      9.591      0.060     7.8435     70.293     43.791  31.081737     1.0550      6.254   326.4314 1.2554e-01     2.9513      9.406     13.642    10.4865 0.0000e+00
