Data/DataNotYetUploadedToEDI/Raw_CTD/RawDownloads/061418_fcr50.cnv
* Sea-Bird SBE19plus  Data File:
* FileName = C:\DATA\061418_bvr50_0008.hex
* Software version 2.6.3.104 SB_Terminal.dll
* Temperature SN = 7809
* Conductivity SN = 7809
* System UpLoad Time = Jun 14 2018 16:27:43
* <ApplicationData>
* <Seaterm232>
# nquan = 15
# nvalues = 621                         
# units = specified
# name 0 = depFM: Depth [fresh water, m]
# name 1 = dz/dtM: Descent Rate [m/s]
# name 2 = sbeox0Mg/L: Oxygen, SBE 43 [mg/l]
# name 3 = sbeox0PS: Oxygen, SBE 43 [% saturation]
# name 4 = specc: Specific Conductance [uS/cm]
# name 5 = c0uS/cm: Conductivity [uS/cm]
# name 6 = flECO-AFL: Fluorescence, WET Labs ECO-AFL/FL [mg/m^3]
# name 7 = ph: pH
# name 8 = orp: Oxidation Reduction Potential [mV]
# name 9 = par/sat/log: PAR/Logarithmic, Satlantic
# name 10 = turbWETntu0: Turbidity, WET Labs ECO [NTU]
# name 11 = prdM: Pressure, Strain Gauge [db]
# name 12 = prdE: Pressure, Strain Gauge [psi]
# name 13 = tv290C: Temperature [ITS-90, deg C]
# name 14 = flag:  0.000e+00
# span 0 =     -0.576,      9.710       
# span 1 =     -0.095,      0.222       
# span 2 =     3.9090,    10.8224       
# span 3 =     35.697,    120.260       
# span 4 =      0.405,     48.818       
# span 5 =   0.429591,  34.714921       
# span 6 =    -0.1961,     8.0098       
# span 7 =      6.254,      7.804       
# span 8 = -1240.7455,  1240.1178       
# span 9 = 1.2536e-01, 2.9124e+02       
# span 10 =    -0.2785,    65.8789      
# span 11 =     -0.565,      9.523      
# span 12 =     -0.819,     13.812      
# span 13 =    10.4832,    27.9911      
# span 14 = 0.0000e+00, 0.0000e+00      
# interval = seconds: 0.25
# start_time = Jun 14 2018 17:39:24 [Instrument's time stamp, header]
# bad_flag = -9.990e-29
*END*
[from data line 193]
      0.074      0.002     8.8413    105.402     32.598  32.069038     1.7657      7.433   259.6820 1.9404e+02     0.5916      0.073      0.105    24.1555 0.0000e+00
      0.075      0.002     8.7830    104.687     32.583  32.047848     1.7757      7.435   259.7842 1.9513e+02     0.6128      0.073      0.106    24.1753 0.0000e+00
      0.075      0.001     8.7383    104.105     32.575  32.023081     1.7722      7.438   260.1511 1.9680e+02     0.6451      0.074      0.107    24.1863 0.0000e+00
      0.075      0.001     8.7079    103.670     32.600  32.023596     1.7696      7.438   260.5042 1.9759e+02     0.6465      0.074      0.108    24.1870 0.0000e+00
      0.076      0.000     8.6886    103.371     32.655  32.054036     1.7622      7.439   260.8702 1.9780e+02     0.6294      0.075      0.108    24.1848 0.0000e+00
      0.076 2.2167e-08     8.6753    103.180     32.686  32.073543     1.7564      7.440   261.0488 1.9840e+02     0.6215      0.075      0.109    24.1791 0.0000e+00
      0.075 2.4384e-07     8.6640    103.050     32.680  32.068913     1.7639      7.440   260.7717 1.9945e+02     0.6424      0.074      0.107    24.1552 0.0000e+00
      0.075 6.1639e-07     8.6539    102.946     32.667  32.061568     1.7610      7.440   260.5311 1.9955e+02     0.6686      0.074      0.107    24.1089 0.0000e+00
      0.075      0.000     8.6458    102.857     32.650  32.048250     1.7215      7.441   260.5488 1.9833e+02     0.6629      0.074      0.107    24.0650 0.0000e+00
      0.075      0.000     8.6383    102.761     32.640  32.034915     1.6902      7.441   260.6416 1.9656e+02     0.6352      0.074      0.107    24.0492 0.0000e+00
      0.075      0.001     8.6293    102.639     32.637  32.027355     1.6947      7.441   261.3941 1.9460e+02     0.6086      0.074      0.107    24.0575 0.0000e+00
      0.076      0.001     8.6186    102.504     32.632  32.020341     1.7215      7.442   262.4203 1.9286e+02     0.6154      0.075      0.108    24.0698 0.0000e+00
      0.076      0.001     8.6066    102.358     32.627  32.013613     1.7465      7.442   262.6391 1.9216e+02     0.6261      0.075      0.109    24.0761 0.0000e+00
      0.076      0.001     8.5966    102.236     32.623  32.009514     1.7498      7.443   262.5769 1.9226e+02     0.6166      0.075      0.109    24.0696 0.0000e+00
      0.076      0.001     8.5943    102.210     32.648  32.034293     1.7517      7.443   262.3554 1.9336e+02     0.6222      0.075      0.109    24.0581 0.0000e+00
      0.076      0.001     8.6012    102.294     32.673  32.059175     1.7418      7.443   261.7688 1.9537e+02     0.6329      0.076      0.110    24.0554 0.0000e+00
      0.077      0.002     8.6112    102.413     32.670  32.056315     1.7132      7.443   262.2811 1.9576e+02     0.6243      0.075      0.109    24.0549 0.0000e+00
      0.078      0.006     8.6178    102.498     32.675  32.063224     1.7004      7.442   263.9034 1.9432e+02     0.6088      0.076      0.110    24.0525 0.0000e+00
      0.078      0.012     8.6187    102.527     32.684  32.079197     1.6970      7.439   264.5202 1.9400e+02     0.5979      0.076      0.110    24.0539 0.0000e+00
      0.079      0.022     8.6152    102.500     32.659  32.058927     1.6902      7.432   263.8885 1.9340e+02     0.5851      0.077      0.112    24.0559 0.0000e+00
      0.083      0.034     8.6099    102.419     32.614  32.008683     1.7013      7.421   263.1487 1.8865e+02     0.5764      0.080      0.116    24.0538 0.0000e+00
      0.093      0.047     8.6039    102.306     32.598  31.979772     1.7298      7.405   262.9742 1.8209e+02     0.5844      0.088      0.128    24.0536 0.0000e+00
      0.108      0.060     8.5996    102.211     32.598  31.963388     1.7497      7.390   264.1884 1.7743e+02     0.5897      0.106      0.154    24.0683 0.0000e+00
      0.127      0.071     8.5963    102.121     32.589  31.937586     1.7580      7.374   266.2138 1.7383e+02     0.6091      0.123      0.178    24.0829 0.0000e+00
      0.150      0.080     8.5938    102.026     32.595  31.921813     1.7847      7.361   267.1578 1.7063e+02     0.6973      0.146      0.213    24.0711 0.0000e+00
      0.173      0.087     8.5947    101.962     32.599  31.899671     1.8242      7.359   267.1704 1.6796e+02     0.8023      0.172      0.249    24.0433 0.0000e+00
      0.195      0.094     8.5991    101.946     32.583  31.860359     1.8322      7.364   267.3129 1.6451e+02     0.8400      0.190      0.275    24.0216 0.0000e+00
      0.218      0.102     8.6054    101.971     32.567  31.827522     1.8253      7.364   267.5903 1.6061e+02     0.8481      0.216      0.312    23.9988 0.0000e+00
      0.241      0.106     8.6130    102.025     32.572  31.820167     1.8511      7.361   268.0288 1.5629e+02     0.8096      0.236      0.343    23.9624 0.0000e+00
      0.269      0.106     8.6195    102.073     32.597  31.834913     1.8957      7.364   269.0878 1.5102e+02     0.7104      0.258      0.374    23.9197 0.0000e+00
      0.306      0.106     8.6226    102.085     32.586  31.815278     1.9142      7.372   270.4129 1.4670e+02     0.6557      0.301      0.437    23.8812 0.0000e+00
      0.340      0.106     8.6241    102.057     32.558  31.773282     1.9102      7.380   271.2319 1.4475e+02     0.6362      0.341      0.496    23.8574 0.0000e+00
      0.359      0.104     8.6233    101.974     32.582  31.771687     1.9020      7.387   271.5904 1.4338e+02     0.6268      0.353      0.512    23.8410 0.0000e+00
      0.377      0.098     8.6169    101.828     32.632  31.795945     1.8885      7.392   271.6500 1.3981e+02     0.6335      0.363      0.526    23.8233 0.0000e+00
      0.405      0.089     8.6079    101.682     32.663  31.812519     1.8846      7.395   271.0916 1.3556e+02     0.6251      0.397      0.576    23.8157 0.0000e+00
      0.435      0.084     8.6026    101.602     32.637  31.781530     1.8925      7.398   270.5178 1.3322e+02     0.6169      0.431      0.625    23.7984 0.0000e+00
      0.456      0.085     8.6039    101.593     32.602  31.738805     1.8917      7.399   271.0791 1.3217e+02     0.5961      0.450      0.652    23.7488 0.0000e+00
      0.471      0.089     8.6096    101.622     32.617  31.740494     1.8937      7.399   271.9411 1.3145e+02     0.5866      0.463      0.672    23.7054 0.0000e+00
      0.486      0.090     8.6162    101.670     32.625  31.738412     1.9071      7.398   272.4224 1.3017e+02     0.6245      0.475      0.688    23.6881 0.0000e+00
      0.509      0.091     8.6245    101.754     32.605  31.713613     1.9062      7.397   272.8553 1.2769e+02     0.6580      0.494      0.716    23.6851 0.0000e+00
      0.540      0.095     8.6352    101.858     32.593  31.694691     1.8912      7.397   272.2712 1.2479e+02     0.6560      0.528      0.766    23.6764 0.0000e+00
      0.571      0.097     8.6449    101.933     32.612  31.700143     1.8826      7.397   270.8657 1.2249e+02     0.6300      0.565      0.818    23.6481 0.0000e+00
      0.596      0.096     8.6501    101.955     32.642  31.716000     1.8851      7.397   270.3164 1.2054e+02     0.6189      0.586      0.850    23.6298 0.0000e+00
      0.617      0.092     8.6486    101.907     32.632  31.695867     1.8941      7.396   270.5336 1.1852e+02     0.6130      0.604      0.876    23.6305 0.0000e+00
      0.639      0.087     8.6416    101.774     32.600  31.647229     1.8996      7.395   271.3416 1.1683e+02     0.5894      0.629      0.911    23.6210 0.0000e+00
      0.659      0.083     8.6315    101.557     32.622  31.635980     1.9142      7.394   272.6859 1.1534e+02     0.6082      0.647      0.939    23.5948 0.0000e+00
      0.678      0.082     8.6206    101.300     32.721  31.686821     1.9512      7.392   273.5371 1.1355e+02     0.6572      0.662      0.961    23.5729 0.0000e+00
      0.700      0.083     8.6141    101.103     32.833  31.753804     1.9801      7.388   272.5991 1.1172e+02     0.6628      0.685      0.994    23.5619 0.0000e+00
      0.724      0.084     8.6160    101.024     32.862  31.747194     1.9885      7.384   270.4659 1.1017e+02     0.6457      0.711      1.031    23.5450 0.0000e+00
      0.744      0.085     8.6221    101.009     32.813  31.670365     2.0145      7.382   269.5984 1.0857e+02     0.6947      0.730      1.058    23.4893 0.0000e+00
      0.764      0.087     8.6251    100.971     32.819  31.650457     2.0651      7.382   270.3696 1.0657e+02     0.7965      0.746      1.083    23.4093 0.0000e+00
      0.787      0.089     8.6282    100.939     32.891  31.696981     2.0949      7.378   271.6173 1.0480e+02     0.8399      0.773      1.121    23.3474 0.0000e+00
      0.809      0.089     8.6467    101.082     32.946  31.724763     2.0999      7.373   272.2939 1.0347e+02     0.8219      0.796      1.153    23.2967 0.0000e+00
      0.831      0.084     8.6963    101.592     32.979  31.732300     2.1257      7.372   271.8397 1.0152e+02     0.8239      0.811      1.176    23.2502 0.0000e+00
      0.857      0.073     8.7804    102.537     32.984  31.724568     2.1765      7.374   270.6860 9.9031e+01     0.8331      0.840      1.217    23.2125 0.0000e+00
      0.884      0.058     8.8914    103.838     32.952  31.694764     2.2090      7.378   269.8737 9.7570e+01     0.8118      0.872      1.265    23.1805 0.0000e+00
      0.899      0.040     9.0179    105.349     32.935  31.689484     2.2157      7.382   269.8467 9.7519e+01     0.8108      0.887      1.287    23.1423 0.0000e+00
      0.902      0.024     9.1438    106.886     32.949  31.724259     2.1935      7.386   270.1880 9.7939e+01     0.7893      0.885      1.284    23.0965 0.0000e+00
      0.900      0.013     9.2513    108.219     32.933  31.734194     2.1510      7.389   270.4731 9.8501e+01     0.7050      0.882      1.279    23.0763 0.0000e+00
      0.895      0.011     9.3240    109.092     32.872  31.682627     2.1337      7.389   271.0561 9.9403e+01     0.6464      0.880      1.277    23.0840 0.0000e+00
      0.890      0.021     9.3470    109.312     32.745  31.545344     2.1398      7.386   271.8170 9.9826e+01     0.6292      0.870      1.262    23.0964 0.0000e+00
      0.893      0.039     9.3235    108.946     32.567  31.344480     2.1516      7.384   271.8440 9.8942e+01     0.6188      0.870      1.261    23.1307 0.0000e+00
      0.908      0.059     9.2786    108.296     32.483  31.222727     2.1756      7.381   271.6398 9.7277e+01     0.6740      0.889      1.289    23.1873 0.0000e+00
      0.929      0.079     9.2331    107.623     32.523  31.216341     2.2097      7.377   271.5852 9.5128e+01     0.8077      0.909      1.319    23.2003 0.0000e+00
      0.956      0.096     9.1969    107.083     32.616  31.267199     2.2331      7.373   271.6143 9.2590e+01     0.8926      0.935      1.357    23.1656 0.0000e+00
      0.987      0.108     9.1782    106.775     32.711  31.329524     2.2470      7.371   272.8524 9.0371e+01     0.8770      0.970      1.407    23.1242 0.0000e+00
      1.016      0.115     9.1796    106.695     32.748  31.334791     2.3683      7.369   274.6818 8.8461e+01     0.8330      0.999      1.448    23.0600 0.0000e+00
      1.043      0.117     9.1945    106.755     32.782  31.330827     2.5971      7.369   275.1478 8.6411e+01     0.8175      1.022      1.482    22.9792 0.0000e+00
      1.072      0.114     9.2122    106.851     32.834  31.345048     2.7254      7.371   274.8733 8.4016e+01     0.8117      1.049      1.520    22.9219 0.0000e+00
      1.107      0.109     9.2233    106.894     32.833  31.316160     2.7529      7.373   274.4606 8.1452e+01     0.8247      1.086      1.575    22.8861 0.0000e+00
      1.140      0.104     9.2206    106.799     32.837  31.299058     2.8554      7.374   273.7718 7.9494e+01     0.8526      1.124      1.630    22.8414 0.0000e+00
      1.164      0.099     9.2056    106.568     32.887  31.328765     3.0269      7.375   274.6328 7.8151e+01     0.8436      1.143      1.658    22.7802 0.0000e+00
      1.183      0.094     9.1864    106.274     33.009  31.421280     3.1170      7.374   276.9551 7.6715e+01     0.8385      1.158      1.680    22.7211 0.0000e+00
      1.204      0.089     9.1697    105.967     33.228  31.592001     3.1364      7.372   278.1899 7.5224e+01     0.8515      1.181      1.712    22.6802 0.0000e+00
      1.226      0.089     9.1592    105.682     33.442  31.741649     3.2986      7.369   278.3766 7.3815e+01     0.8484      1.201      1.742    22.6527 0.0000e+00
      1.248      0.092     9.1559    105.458     33.537  31.769861     3.5891      7.365   278.0086 7.2298e+01     0.8310      1.223      1.774    22.6278 0.0000e+00
      1.272      0.096     9.1569    105.288     33.504  31.678981     3.7443      7.360   277.0957 7.0693e+01     0.8240      1.248      1.810    22.5971 0.0000e+00
      1.298      0.098     9.1588    105.126     33.413  31.531886     3.7880      7.356   277.4065 6.9105e+01     0.8259      1.273      1.846    22.5444 0.0000e+00
      1.324      0.099     9.1666    105.002     33.268  31.324965     4.0808      7.352   279.0128 6.7548e+01     0.8233      1.297      1.881    22.4576 0.0000e+00
      1.350      0.099     9.1902    105.028     33.095  31.082276     4.6000      7.348   279.9972 6.6035e+01     0.8224      1.324      1.921    22.3557 0.0000e+00
      1.376      0.097     9.2405    105.348     32.971  30.883738     4.8742      7.345   280.1884 6.4652e+01     0.8153      1.350      1.959    22.2704 0.0000e+00
      1.401      0.095     9.3288    106.107     32.862  30.702563     4.8962      7.340   280.2062 6.3338e+01     0.7982      1.374      1.993    22.1875 0.0000e+00
      1.426      0.095     9.4590    107.352     32.702  30.479283     4.9027      7.332   280.2122 6.2118e+01     0.7989      1.400      2.029    22.0794 0.0000e+00
      1.447      0.096     9.6270    109.017     32.568  30.279682     4.9249      7.322   280.4342 6.1020e+01     0.8846      1.419      2.059    21.9564 0.0000e+00
      1.467      0.098     9.8273    111.017     32.563  30.194268     4.9620      7.314   280.5663 5.9743e+01     1.0112      1.437      2.084    21.8267 0.0000e+00
      1.493      0.102    10.0478    113.241     32.595  30.145005     4.9759      7.309   280.7772 5.8132e+01     1.0472      1.462      2.121    21.7042 0.0000e+00
      1.523      0.109    10.2700    115.501     32.585  30.064977     4.9546      7.305   281.4358 5.6612e+01     1.0153      1.495      2.169    21.5952 0.0000e+00
      1.551      0.117    10.4786    117.567     32.589  29.988622     4.7964      7.302   282.1625 5.5346e+01     1.0221      1.523      2.208    21.4877 0.0000e+00
      1.578      0.122    10.6546    119.169     32.628  29.920246     4.5156      7.299   282.9380 5.3722e+01     1.0679      1.544      2.238    21.3591 0.0000e+00
      1.612      0.126    10.7739    120.096     32.699  29.873142     4.3616      7.295   283.4994 5.1717e+01     1.0811      1.579      2.288    21.2254 0.0000e+00
      1.651      0.130    10.8224    120.260     32.804  29.863468     4.3316      7.290   282.6697 4.9980e+01     1.0593      1.623      2.353    21.1335 0.0000e+00
      1.684      0.133    10.7956    119.582     32.924  29.866648     4.1338      7.284   281.2518 4.8602e+01     1.0480      1.653      2.397    21.0273 0.0000e+00
      1.713      0.132    10.6947    118.048     33.034  29.847947     3.7806      7.279   281.3266 4.7114e+01     1.0364      1.678      2.433    20.8514 0.0000e+00
      1.748      0.128    10.5282    115.821     33.135  29.827697     3.5997      7.272   282.1108 4.5403e+01     1.0114      1.713      2.484    20.6634 0.0000e+00
      1.786      0.124    10.3120    113.126     33.222  29.812169     3.5728      7.262   282.5605 4.3915e+01     0.9891      1.754      2.544    20.5152 0.0000e+00
      1.818      0.124    10.0660    110.081     33.312  29.787094     3.4011      7.252   283.3218 4.2874e+01     0.9811      1.787      2.592    20.3636 0.0000e+00
