Data/DataNotYetUploadedToEDI/Raw_CTD/RawDownloads/061418_bvr50.cnv
* Sea-Bird SBE19plus  Data File:
* FileName = C:\DATA\061418_bvr50_0007.hex
* Software version 2.6.3.104 SB_Terminal.dll
* Temperature SN = 7809
* Conductivity SN = 7809
* System UpLoad Time = Jun 14 2018 16:27:22
* <ApplicationData>
* <Seaterm232>
# nquan = 15
# nvalues = 1517                        
# units = specified
# name 0 = depFM: Depth [fresh water, m]
# name 1 = dz/dtM: Descent Rate [m/s]
# name 2 = sbeox0Mg/L: Oxygen, SBE 43 [mg/l]
# name 3 = sbeox0PS: Oxygen, SBE 43 [% saturation]
# name 4 = specc: Specific Conductance [uS/cm]
# name 5 = c0uS/cm: Conductivity [uS/cm]
# name 6 = flECO-AFL: Fluorescence, WET Labs ECO-AFL/FL [mg/m^3]
# name 7 = ph: pH
# name 8 = orp: Oxidation Reduction Potential [mV]
# name 9 = par/sat/log: PAR/Logarithmic, Satlantic
# name 10 = turbWETntu0: Turbidity, WET Labs ECO [NTU]
# name 11 = prdM: Pressure, Strain Gauge [db]
# name 12 = prdE: Pressure, Strain Gauge [psi]
# name 13 = tv290C: Temperature [ITS-90, deg C]
# name 14 = flag:  0.000e+00
# span 0 =     -0.148,     11.066       
# span 1 =     -0.011,      0.088       
# span 2 =     0.0659,     9.5811       
# span 3 =      0.548,    114.050       
# span 4 =     26.990,    147.519       
# span 5 =  21.924505,  95.467197       
# span 6 =     1.2481,    10.4738       
# span 7 =      6.289,      7.982       
# span 8 =    40.6287,   338.8873       
# span 9 = 1.2537e-01, 2.2126e+03       
# span 10 =     0.7681,     5.4134      
# span 11 =     -0.154,     10.852      
# span 12 =     -0.223,     15.740      
# span 13 =     7.3545,    25.5935      
# span 14 = 0.0000e+00, 0.0000e+00      
# interval = seconds: 0.25
# start_time = Jun 14 2018 15:21:55 [Instrument's time stamp, header]
# bad_flag = -9.990e-29
*END*
[from data line 1446]
      9.934      0.072     0.0715      0.596     79.057  51.404203     1.3591      6.623    64.4318 2.3488e-01     2.1114      9.742     14.130     7.5160 0.0000e+00
      9.952      0.070     0.0708      0.590     79.076  51.411573     1.3732      6.624    64.0155 2.2890e-01     2.1915      9.759     14.154     7.5135 0.0000e+00
      9.970      0.068     0.0723      0.604     79.181  51.478616     1.4181      6.626    63.6114 2.1937e-01     2.2600      9.777     14.181     7.5135 0.0000e+00
      9.987      0.067     0.0744      0.621     79.532  51.706203     1.4518      6.628    63.0731 2.2760e-01     2.2079      9.795     14.206     7.5128 0.0000e+00
     10.004      0.065     0.0769      0.641     79.893  51.938153     1.4401      6.629    62.5837 2.4173e-01     2.1103      9.810     14.228     7.5088 0.0000e+00
     10.020      0.063     0.0794      0.663     80.084  52.057939     1.3968      6.631    62.1686 2.3043e-01     1.9957      9.826     14.251     7.5050 0.0000e+00
     10.036      0.062     0.0782      0.653     80.311  52.200879     1.3968      6.633    61.5819 2.1449e-01     2.0119      9.842     14.273     7.5050 0.0000e+00
     10.052      0.062     0.0745      0.622     80.713  52.458439     1.4408      6.634    60.9107 2.0316e-01     2.1847      9.858     14.297     7.5057 0.0000e+00
     10.067      0.066     0.0740      0.617     81.177  52.756114     1.4595      6.636    60.4201 1.8997e-01     2.2846      9.873     14.319     7.5034 0.0000e+00
     10.081      0.071     0.0750      0.626     81.563  53.002571     1.4381      6.639    60.0376 1.9357e-01     2.2117      9.886     14.338     7.5002 0.0000e+00
     10.097      0.075     0.0742      0.619     81.796  53.149470     1.3941      6.640    59.6420 1.9579e-01     2.0364      9.900     14.358     7.4976 0.0000e+00
     10.118      0.075     0.0742      0.619     81.876  53.197060     1.4054      6.641    59.1643 1.8581e-01     2.0579      9.920     14.388     7.4953 0.0000e+00
     10.145      0.072     0.0754      0.629     81.881  53.196497     1.4834      6.642    58.6496 1.8619e-01     2.3184      9.950     14.432     7.4929 0.0000e+00
     10.169      0.068     0.0770      0.643     81.899  53.206234     1.5275      6.644    58.1511 1.8718e-01     2.4698      9.975     14.469     7.4901 0.0000e+00
     10.184      0.063     0.0790      0.659     82.167  53.378376     1.5168      6.645    57.6107 1.7658e-01     2.3933      9.990     14.490     7.4870 0.0000e+00
     10.193      0.059     0.0797      0.664     82.842  53.815466     1.4634      6.647    57.1920 1.7178e-01     2.1871      9.996     14.498     7.4840 0.0000e+00
     10.201      0.058     0.0802      0.668     83.582  54.294632     1.3876      6.649    56.8746 1.7292e-01     1.9909     10.002     14.507     7.4819 0.0000e+00
     10.214      0.061     0.0792      0.660     84.047  54.593943     1.3726      6.650    56.5264 1.5903e-01     1.9746     10.014     14.525     7.4808 0.0000e+00
     10.232      0.068     0.0768      0.641     84.312  54.763880     1.4199      6.651    56.0791 1.4600e-01     2.0808     10.033     14.552     7.4799 0.0000e+00
     10.253      0.077     0.0746      0.622     84.600  54.950445     1.4352      6.652    55.5103 1.4489e-01     2.0547     10.054     14.582     7.4791 0.0000e+00
     10.275      0.084     0.0726      0.606     84.976  55.196446     1.4015      6.655    55.0703 1.4009e-01     1.9337     10.076     14.614     7.4781 0.0000e+00
     10.299      0.088     0.0727      0.606     85.261  55.385553     1.3708      6.657    54.8026 1.3457e-01     1.8994     10.100     14.649     7.4767 0.0000e+00
     10.321      0.088     0.0737      0.614     85.365  55.456498     1.3588      6.658    54.4243 1.3347e-01     1.9754     10.122     14.681     7.4749 0.0000e+00
     10.345      0.087     0.0750      0.625     85.403  55.481945     1.3755      6.659    53.9379 1.3459e-01     2.1200     10.144     14.713     7.4743 0.0000e+00
     10.369      0.085     0.0766      0.639     85.435  55.502465     1.4159      6.659    53.6531 1.3278e-01     2.1833     10.169     14.749     7.4757 0.0000e+00
     10.390      0.082     0.0767      0.639     85.454  55.513843     1.4251      6.659    53.4764 1.2849e-01     2.0995     10.190     14.779     7.4781 0.0000e+00
     10.409      0.079     0.0755      0.629     85.519  55.555924     1.3948      6.661    53.0914 1.2745e-01     1.9922     10.207     14.804     7.4807 0.0000e+00
     10.428      0.076     0.0746      0.622     85.634  55.629734     1.3898      6.663    52.5266 1.2955e-01     2.0157     10.226     14.833     7.4813 0.0000e+00
     10.447      0.073     0.0740      0.617     85.754  55.706803     1.4284      6.665    51.9813 1.3009e-01     2.1701     10.245     14.860     7.4804 0.0000e+00
     10.465      0.071     0.0723      0.604     85.881  55.788286     1.4579      6.666    51.5744 1.2751e-01     2.2718     10.263     14.885     7.4799 0.0000e+00
     10.484      0.071     0.0707      0.590     86.177  55.979047     1.4519      6.668    51.3067 1.2570e-01     2.1769     10.281     14.912     7.4797 0.0000e+00
     10.501      0.072     0.0712      0.593     87.257  56.677904     1.4203      6.671    51.0678 1.2554e-01     1.9993     10.298     14.935     7.4796 0.0000e+00
     10.517      0.075     0.0730      0.608     89.112  57.878910     1.3967      6.673    50.6648 1.2559e-01     2.0775     10.313     14.958     7.4791 0.0000e+00
     10.535      0.079     0.0747      0.622     90.836  58.989855     1.3875      6.676    50.2189 1.2568e-01     2.3594     10.331     14.983     7.4783 0.0000e+00
     10.555      0.080     0.0756      0.630     92.703  60.189241     1.3736      6.678    49.8933 1.2563e-01     2.4471     10.350     15.012     7.4772 0.0000e+00
     10.580      0.080     0.0762      0.635     95.146  61.759040     1.3758      6.679    49.4813 1.2556e-01     2.3442     10.374     15.047     7.4765 0.0000e+00
     10.605      0.078     0.0758      0.631     97.220  63.086496     1.3963      6.681    48.9364 1.2548e-01     2.2757     10.401     15.084     7.4746 0.0000e+00
     10.626      0.073     0.0750      0.624     98.992  64.217419     1.3999      6.684    48.3821 1.2541e-01     2.2899     10.422     15.116     7.4696 0.0000e+00
     10.642      0.069     0.0760      0.633    101.210  65.636336     1.3830      6.685    47.9416 1.2542e-01     2.3944     10.438     15.139     7.4624 0.0000e+00
     10.655      0.065     0.0769      0.640    103.267  66.946317     1.4034      6.686    47.5685 1.2546e-01     2.5625     10.449     15.156     7.4534 0.0000e+00
     10.668      0.064     0.0757      0.630    104.587  67.777420     1.4626      6.687    47.1405 1.2552e-01     2.6443     10.461     15.173     7.4435 0.0000e+00
     10.683      0.065     0.0756      0.629    105.427  68.304667     1.5012      6.689    46.6384 1.2553e-01     2.5588     10.476     15.194     7.4342 0.0000e+00
     10.701      0.067     0.0765      0.637    106.896  69.249075     1.4927      6.690    46.0576 1.2546e-01     2.4136     10.495     15.221     7.4253 0.0000e+00
     10.721      0.071     0.0760      0.632    110.367  71.496725     1.4522      6.691    45.5388 1.2547e-01     2.3533     10.514     15.249     7.4131 0.0000e+00
     10.740      0.076     0.0745      0.620    114.881  74.416978     1.4258      6.693    45.1833 1.2549e-01     2.3797     10.532     15.276     7.3996 0.0000e+00
     10.759      0.080     0.0730      0.607    117.703  76.236711     1.4401      6.695    44.9436 1.2542e-01     2.4891     10.551     15.302     7.3905 0.0000e+00
     10.778      0.082     0.0723      0.602    118.329  76.632379     1.4862      6.696    44.6193 1.2544e-01     2.6383     10.569     15.329     7.3879 0.0000e+00
     10.800      0.084     0.0713      0.593    117.784  76.273021     1.5247      6.696    44.1868 1.2552e-01     2.6881     10.590     15.360     7.3897 0.0000e+00
     10.825      0.084     0.0707      0.588    116.526  75.456232     1.5561      6.696    43.8433 1.2552e-01     2.6331     10.616     15.397     7.3880 0.0000e+00
     10.848      0.083     0.0714      0.593    116.356  75.349604     1.5989      6.696    43.6505 1.2550e-01     2.5531     10.639     15.430     7.3836 0.0000e+00
     10.869      0.079     0.0730      0.608    118.237  76.575084     1.6201      6.695    43.4904 1.2550e-01     2.5144     10.659     15.460     7.3791 0.0000e+00
     10.889      0.073     0.0749      0.623    120.506  78.052011     1.6286      6.694    43.1115 1.2551e-01     2.5923     10.679     15.489     7.3756 0.0000e+00
     10.907      0.068     0.0759      0.632    122.474  79.330125     1.6457      6.693    42.5112 1.2551e-01     2.7014     10.697     15.515     7.3752 0.0000e+00
     10.923      0.063     0.0743      0.619    124.395  80.569662     1.6432      6.691    41.9975 1.2543e-01     2.6738     10.712     15.537     7.3769 0.0000e+00
     10.937      0.059     0.0718      0.597    126.462  81.897857     1.6259      6.690    41.8048 1.2537e-01     2.5633     10.725     15.556     7.3802 0.0000e+00
     10.950      0.055     0.0718      0.597    128.435  83.164636     1.6014      6.690    41.9877 1.2540e-01     2.4348     10.738     15.575     7.3838 0.0000e+00
     10.964      0.053     0.0734      0.610    129.413  83.788372     1.5684      6.691    42.4026 1.2547e-01     2.3405     10.752     15.595     7.3863 0.0000e+00
     10.978      0.050     0.0744      0.619    129.695  83.963505     1.5579      6.692    42.6909 1.2551e-01     2.4296     10.766     15.616     7.3835 0.0000e+00
     10.992      0.048     0.0746      0.621    129.777  84.008602     1.5846      6.693    42.7203 1.2549e-01     2.6278     10.780     15.635     7.3784 0.0000e+00
     11.004      0.045     0.0753      0.627    129.899  84.078936     1.6248      6.696    42.6723 1.2551e-01     2.6920     10.792     15.652     7.3746 0.0000e+00
     11.014      0.041     0.0758      0.630    131.043  84.813899     1.6212      6.700    42.3678 1.2553e-01     2.5651     10.802     15.667     7.3698 0.0000e+00
     11.024      0.037     0.0754      0.627    134.282  86.908978     1.5599      6.703    41.8778 1.2553e-01     2.3440     10.811     15.680     7.3677 0.0000e+00
     11.033      0.033     0.0745      0.619    138.643  89.731386     1.5089      6.705    41.9100 1.2550e-01     2.1860     10.820     15.693     7.3652 0.0000e+00
     11.041      0.029     0.0726      0.604    141.463  91.552367     1.5002      6.706    42.1551 1.2546e-01     2.1505     10.827     15.703     7.3607 0.0000e+00
     11.048      0.025     0.0704      0.585    142.826  92.429259     1.4998      6.707    41.7434 1.2542e-01     2.2199     10.835     15.714     7.3585 0.0000e+00
     11.054      0.021     0.0675      0.561    145.493  94.154682     1.5046      6.709    40.9767 1.2542e-01     2.3533     10.842     15.725     7.3583 0.0000e+00
     11.059      0.019     0.0659      0.548    147.519  95.467197     1.5126      6.710    40.6287 1.2550e-01     2.4198     10.846     15.732     7.3596 0.0000e+00
     11.063 -9.990e-29 -9.990e-29 -9.990e-29 -9.990e-29 -9.990e-29 -9.990e-29 -9.990e-29 -9.990e-29 1.2555e-01 -9.990e-29     10.849     15.735     7.3577 0.0000e+00
     11.065 -9.990e-29 -9.990e-29 -9.990e-29 -9.990e-29 -9.990e-29 -9.990e-29 -9.990e-29 -9.990e-29 1.2548e-01 -9.990e-29     10.851     15.738     7.3545 0.0000e+00
     11.066 -9.990e-29 -9.990e-29 -9.990e-29 -9.990e-29 -9.990e-29 -9.990e-29 -9.990e-29 -9.990e-29 1.2544e-01 -9.990e-29     10.852     15.740     7.3552 0.0000e+00
     11.066 -9.990e-29 -9.990e-29 -9.990e-29 -9.990e-29 -9.990e-29 -9.990e-29 -9.990e-29 -9.990e-29 1.2544e-01 -9.990e-29     10.852     15.740     7.3566 0.0000e+00
