Data/DataNotYetUploadedToEDI/Raw_CTD/RawDownloads/061418_fcr50.cnv
* Sea-Bird SBE19plus  Data File:
* FileName = C:\DATA\061418_bvr50_0008.hex
* Software version 2.6.3.104 SB_Terminal.dll
* Temperature SN = 7809
* Conductivity SN = 7809
* System UpLoad Time = Jun 14 2018 16:27:43
* <ApplicationData>
* <Seaterm232>
# nquan = 15
# nvalues = 621                         
# units = specified
# name 0 = depFM: Depth [fresh water, m]
# name 1 = dz/dtM: Descent Rate [m/s]
# name 2 = sbeox0Mg/L: Oxygen, SBE 43 [mg/l]
# name 3 = sbeox0PS: Oxygen, SBE 43 [% saturation]
# name 4 = specc: Specific Conductance [uS/cm]
# name 5 = c0uS/cm: Conductivity [uS/cm]
# name 6 = flECO-AFL: Fluorescence, WET Labs ECO-AFL/FL [mg/m^3]
# name 7 = ph: pH
# name 8 = orp: Oxidation Reduction Potential [mV]
# name 9 = par/sat/log: PAR/Logarithmic, Satlantic
# name 10 = turbWETntu0: Turbidity, WET Labs ECO [NTU]
# name 11 = prdM: Pressure, Strain Gauge [db]
# name 12 = prdE: Pressure, Strain Gauge [psi]
# name 13 = tv290C: Temperature [ITS-90, deg C]
# name 14 = flag:  0.000e+00
# span 0 =     -0.576,      9.710       
# span 1 =     -0.095,      0.222       
# span 2 =     3.9090,    10.8224       
# span 3 =     35.697,    120.260       
# span 4 =      0.405,     48.818       
# span 5 =   0.429591,  34.714921       
# span 6 =    -0.1961,     8.0098       
# span 7 =      6.254,      7.804       
# span 8 = -1240.7455,  1240.1178       
# span 9 = 1.2536e-01, 2.9124e+02       
# span 10 =    -0.2785,    65.8789      
# span 11 =     -0.565,      9.523      
# span 12 =     -0.819,     13.812      
# span 13 =    10.4832,    27.9911      
# span 14 = 0.0000e+00, 0.0000e+00      
# interval = seconds: 0.25
# start_time = Jun 14 2018 17:39:24 [Instrument's time stamp, header]
# bad_flag = -9.990e-29
*END*
[from data line 290]
      1.870      0.124     9.5417    103.345     33.658  29.770339     2.9457      7.231   282.2187 4.0577e+01     1.0455      1.830      2.654    19.9845 0.0000e+00
      1.904      0.121     9.2887    100.113     33.824  29.752919     2.9152      7.221   281.5976 3.9198e+01     1.0622      1.866      2.707    19.8689 0.0000e+00
      1.941      0.117     9.0480     97.115     33.987  29.758073     2.7535      7.213   281.6543 3.7948e+01     1.0556      1.905      2.763    19.7394 0.0000e+00
      1.975      0.112     8.8155     94.307     34.126  29.768971     2.4615      7.206   281.6144 3.6975e+01     1.0565      1.940      2.814    19.4943 0.0000e+00
      2.003      0.102     8.5924     91.692     34.207  29.757531     2.2974      7.201   282.0618 3.6198e+01     1.0736      1.965      2.851    19.2105 0.0000e+00
      2.027      0.091     8.3826     89.293     34.263  29.746655     2.2763      7.196   282.9331 3.5632e+01     1.0800      1.990      2.887    18.9637 0.0000e+00
      2.045      0.082     8.1881     87.111     34.333  29.764400     2.2705      7.191   282.8571 3.5236e+01     1.0724      2.007      2.911    18.7612 0.0000e+00
      2.061      0.079     8.0167     85.205     34.390  29.781525     2.2545      7.185   281.9179 3.4729e+01     1.0427      2.020      2.929    18.5960 0.0000e+00
      2.077      0.081     7.8767     83.635     34.407  29.763153     2.2307      7.178   281.4722 3.4170e+01     1.0258      2.038      2.956    18.4799 0.0000e+00
      2.096      0.086     7.7650     82.353     34.417  29.732733     2.2220      7.170   281.5122 3.3563e+01     1.0508      2.054      2.980    18.3956 0.0000e+00
      2.120      0.091     7.6806     81.339     34.473  29.731198     2.2227      7.161   281.8848 3.2852e+01     1.0400      2.078      3.013    18.3360 0.0000e+00
      2.148      0.095     7.6240     80.614     34.548  29.744533     2.2293      7.151   282.6213 3.2092e+01     1.0167      2.105      3.052    18.2968 0.0000e+00
      2.178      0.098     7.5902     80.144     34.629  29.766884     2.2377      7.142   283.6210 3.1340e+01     1.0439      2.137      3.097    18.2509 0.0000e+00
      2.204      0.099     7.5778     79.901     34.736  29.810860     2.2325      7.133   284.5070 3.0778e+01     1.0637      2.165      3.141    18.1981 0.0000e+00
      2.224      0.098     7.5862     79.874     34.817  29.831659     2.2315      7.127   284.6448 3.0272e+01     1.0425      2.179      3.162    18.1205 0.0000e+00
      2.246      0.097     7.6050     79.963     34.867  29.827789     2.2619      7.121   284.5116 2.9624e+01     0.9406      2.199      3.190    18.0379 0.0000e+00
      2.273      0.093     7.6211     80.036     34.914  29.827504     2.3151      7.113   284.3593 2.8987e+01     0.8080      2.231      3.236    17.9774 0.0000e+00
      2.299      0.088     7.6268     80.013     34.956  29.828164     2.3421      7.106   284.2661 2.8388e+01     0.7830      2.256      3.272    17.9090 0.0000e+00
      2.324      0.080     7.6126     79.813     34.990  29.835722     2.3398      7.101   285.7944 2.7777e+01     0.8209      2.278      3.304    17.8329 0.0000e+00
      2.348      0.074     7.5758     79.410     35.022  29.855353     2.3233      7.094   288.5544 2.7301e+01     0.8394      2.304      3.342    17.7683 0.0000e+00
      2.365      0.074     7.5278     78.879     35.059  29.874994     2.2904      7.083   289.9329 2.7152e+01     0.8543      2.325      3.372    17.7107 0.0000e+00
      2.372      0.079     7.4775     78.286     35.101  29.882670     2.2730      7.073   289.9855 2.7152e+01     0.8784      2.327      3.374    17.6543 0.0000e+00
      2.379      0.085     7.4291     77.692     35.148  29.884628     2.2788      7.065   289.5351 2.6749e+01     0.8871      2.324      3.370    17.6196 0.0000e+00
      2.404      0.093     7.3882     77.180     35.208  29.898619     2.2958      7.058   288.6163 2.5869e+01     0.8671      2.352      3.411    17.6228 0.0000e+00
      2.443      0.102     7.3576     76.772     35.285  29.924777     2.3226      7.052   288.3411 2.5058e+01     0.8504      2.401      3.481    17.6155 0.0000e+00
      2.478      0.112     7.3337     76.416     35.368  29.946829     2.3446      7.047   289.4770 2.4555e+01     0.8375      2.434      3.532    17.5673 0.0000e+00
      2.503      0.116     7.3108     76.065     35.460  29.974673     2.3515      7.041   291.2520 2.4116e+01     0.8332      2.453      3.559    17.5042 0.0000e+00
      2.528      0.114     7.2848     75.689     35.555  30.007344     2.3503      7.035   292.2500 2.3633e+01     0.8599      2.478      3.593    17.4565 0.0000e+00
      2.558      0.112     7.2518     75.250     35.626  30.024261     2.3573      7.027   292.5961 2.3134e+01     0.9165      2.509      3.637    17.4067 0.0000e+00
      2.588      0.115     7.2095     74.713     35.713  30.052152     2.3803      7.020   292.6828 2.2634e+01     0.9987      2.540      3.683    17.3338 0.0000e+00
      2.615      0.120     7.1581     74.063     35.824  30.090497     2.3994      7.013   292.4387 2.2154e+01     1.0599      2.565      3.721    17.2595 0.0000e+00
      2.643      0.125     7.0977     73.288     35.927  30.106787     2.4141      7.007   292.5693 2.1639e+01     1.1069      2.588      3.755    17.1904 0.0000e+00
      2.677      0.128     7.0278     72.390     36.046  30.122011     2.4286      7.000   293.1433 2.1065e+01     1.0788      2.624      3.806    17.1347 0.0000e+00
      2.715      0.130     6.9495     71.405     36.180  30.147445     2.4194      6.993   293.6150 2.0517e+01     0.9341      2.665      3.864    17.0770 0.0000e+00
      2.750      0.130     6.8619     70.341     36.291  30.160180     2.4034      6.986   294.0555 2.0022e+01     0.8525      2.699      3.913    17.0010 0.0000e+00
      2.784      0.129     6.7627     69.172     36.369  30.148875     2.4104      6.979   294.5985 1.9529e+01     0.8558      2.730      3.958    16.9046 0.0000e+00
      2.815      0.126     6.6545     67.919     36.444  30.137682     2.4671      6.971   294.8455 1.9079e+01     0.8821      2.762      4.006    16.7785 0.0000e+00
      2.845      0.122     6.5390     66.602     36.549  30.151767     2.5556      6.965   294.2894 1.8723e+01     0.9563      2.791      4.048    16.6546 0.0000e+00
      2.874      0.121     6.4200     65.261     36.681  30.192074     2.5976      6.958   293.5532 1.8358e+01     1.0209      2.816      4.084    16.5474 0.0000e+00
      2.905      0.122     6.3080     64.001     36.824  30.243909     2.6080      6.948   293.7728 1.7928e+01     1.0526      2.848      4.131    16.4446 0.0000e+00
      2.938      0.125     6.2040     62.814     36.945  30.270374     2.6724      6.938   294.4497 1.7542e+01     1.0343      2.883      4.183    16.3433 0.0000e+00
      2.968      0.130     6.1025     61.638     37.032  30.257938     2.7686      6.930   295.1991 1.7181e+01     0.9226      2.910      4.220    16.2432 0.0000e+00
      3.000      0.135     6.0073     60.528     37.090  30.220453     2.8068      6.923   296.1231 1.6755e+01     0.8310      2.938      4.261    16.1489 0.0000e+00
      3.036      0.140     5.9228     59.518     37.177  30.198079     2.8032      6.914   296.5015 1.6318e+01     0.8422      2.977      4.318    16.0651 0.0000e+00
      3.074      0.142     5.8406     58.499     37.372  30.241343     2.8445      6.909   295.5573 1.5900e+01     0.8750      3.015      4.374    15.9708 0.0000e+00
      3.112      0.142     5.7578     57.462     37.599  30.298863     2.9293      6.905   293.9136 1.5487e+01     0.8915      3.051      4.426    15.8480 0.0000e+00
      3.151      0.138     5.6833     56.538     37.767  30.321834     2.9830      6.901   293.3191 1.5088e+01     0.8889      3.090      4.482    15.7367 0.0000e+00
      3.190      0.131     5.6207     55.765     37.893  30.328427     2.9976      6.895   293.9626 1.4764e+01     0.8438      3.131      4.541    15.6249 0.0000e+00
      3.221      0.123     5.5642     55.070     37.983  30.314964     3.0055      6.889   294.8962 1.4539e+01     0.8034      3.164      4.587    15.4635 0.0000e+00
      3.246      0.113     5.5047     54.366     38.040  30.285964     3.0687      6.884   295.4008 1.4288e+01     0.8587      3.181      4.615    15.2773 0.0000e+00
      3.273      0.104     5.4375     53.595     38.061  30.231729     3.1922      6.879   295.1597 1.3991e+01     0.9937      3.208      4.654    15.1281 0.0000e+00
      3.303      0.098     5.3664     52.745     38.105  30.167197     3.2575      6.874   294.4759 1.3786e+01     1.0621      3.244      4.705    15.0165 0.0000e+00
      3.325      0.097     5.2929     51.840     38.228  30.140658     3.2525      6.869   294.1020 1.3630e+01     1.0454      3.263      4.732    14.8958 0.0000e+00
      3.345      0.099     5.2157     50.908     38.413  30.164720     3.2507      6.862   294.2528 1.3398e+01     1.0055      3.278      4.753    14.7970 0.0000e+00
      3.369      0.099     5.1456     50.031     38.635  30.203970     3.2549      6.854   294.6652 1.3163e+01     0.9150      3.306      4.794    14.7310 0.0000e+00
      3.394      0.097     5.0901     49.283     38.863  30.234028     3.2474      6.849   295.3019 1.2918e+01     0.8363      3.327      4.825    14.5986 0.0000e+00
      3.423      0.093     5.0484     48.738     39.047  30.273939     3.2338      6.846   296.1007 1.2604e+01     0.8169      3.353      4.863    14.4064 0.0000e+00
      3.454      0.090     5.0249     48.459     39.135  30.305370     3.1735      6.844   296.8386 1.2376e+01     0.8328      3.393      4.922    14.2687 0.0000e+00
      3.477      0.089     5.0204     48.390     39.230  30.359995     3.0694      6.843   296.9966 1.2282e+01     0.8760      3.414      4.953    14.1071 0.0000e+00
      3.490      0.089     5.0307     48.429     39.455  30.489833     3.0134      6.839   296.6338 1.2176e+01     0.8824      3.420      4.960    13.8655 0.0000e+00
      3.505      0.089     5.0459     48.446     39.728  30.605032     3.0114      6.832   296.5818 1.1987e+01     0.8480      3.435      4.982    13.7227 0.0000e+00
      3.527      0.090     5.0532     48.341     39.987  30.673114     3.0721      6.827   296.7988 1.1735e+01     0.8565      3.456      5.012    13.7133 0.0000e+00
      3.557      0.095     5.0480     48.135     40.312  30.804774     3.1871      6.823   296.8477 1.1465e+01     0.8937      3.486      5.056    13.7033 0.0000e+00
      3.588      0.100     5.0289     47.805     40.702  30.990129     3.2536      6.818   297.6890 1.1249e+01     0.9019      3.523      5.110    13.6605 0.0000e+00
      3.613      0.103     4.9905     47.261     41.077  31.135844     3.2694      6.811   299.3134 1.1090e+01     0.8949      3.546      5.142    13.5413 0.0000e+00
      3.634      0.106     4.9322     46.525     41.397  31.232746     3.3411      6.805   300.2267 1.0927e+01     0.9306      3.563      5.166    13.3329 0.0000e+00
      3.659      0.109     4.8596     45.662     41.642  31.272448     3.4859      6.796   300.5580 1.0752e+01     1.0279      3.588      5.205    13.1984 0.0000e+00
      3.686      0.112     4.7708     44.634     41.807  31.234654     3.5776      6.786   300.6525 1.0570e+01     1.0953      3.614      5.242    13.0924 0.0000e+00
      3.717      0.117     4.6556     43.364     41.921  31.156671     3.5861      6.777   300.5086 1.0355e+01     1.0740      3.642      5.283    12.8920 0.0000e+00
      3.752      0.121     4.5156     41.889     42.035  31.091505     3.6063      6.768   301.3134 1.0125e+01     1.0450      3.680      5.337    12.7160 0.0000e+00
      3.787      0.121     4.3646     40.340     42.120  31.018158     3.9144      6.760   302.8974 9.9194e+00     1.0500      3.716      5.389    12.5625 0.0000e+00
      3.817      0.120     4.2226     38.904     42.123  30.904779     4.4813      6.753   303.8302 9.7429e+00     1.0423      3.743      5.428    12.3518 0.0000e+00
      3.845      0.116     4.0988     37.662     42.115  30.800196     4.7809      6.746   304.0729 9.5781e+00     1.0433      3.770      5.468    12.1491 0.0000e+00
      3.874      0.109     3.9948     36.612     42.204  30.769694     4.7885      6.739   303.9389 9.4157e+00     1.0631      3.801      5.512    11.9773 0.0000e+00
      3.901      0.099     3.9258     35.898     42.344  30.789918     4.6475      6.734   303.5879 9.2449e+00     1.0674      3.826      5.549    11.8074 0.0000e+00
      3.929      0.089     3.9090     35.697     42.410  30.790597     4.3809      6.729   303.6996 9.0869e+00     1.0648      3.852      5.586    11.6700 0.0000e+00
      3.955      0.080     3.9601     36.141     42.425  30.777855     4.2395      6.722   304.6017 8.9885e+00     1.0619      3.881      5.630    11.5682 0.0000e+00
      3.971      0.077     4.0850     37.251     42.444  30.762855     4.2335      6.714   305.5474 8.9301e+00     1.0631      3.898      5.653    11.4482 0.0000e+00
      3.980      0.080     4.2690     38.875     42.476  30.736217     4.2074      6.705   305.8418 8.8729e+00     1.0493      3.903      5.660    11.3347 0.0000e+00
      3.991      0.083     4.4946     40.858     42.528  30.709762     4.1436      6.699   305.8381 8.7684e+00     1.0473      3.910      5.670    11.2865 0.0000e+00
      4.014      0.086     4.7424     43.040     42.596  30.696952     4.0970      6.694   306.0190 8.5533e+00     1.0998      3.931      5.701    11.2751 0.0000e+00
      4.049      0.091     4.9953     45.280     42.673  30.708285     4.0848      6.689   306.0495 8.3037e+00     1.1346      3.970      5.759    11.2475 0.0000e+00
      4.082      0.096     5.2473     47.519     42.738  30.719721     3.9957      6.684   305.8625 8.1522e+00     1.1326      4.009      5.814    11.1849 0.0000e+00
      4.104      0.097     5.4955     49.712     42.778  30.708169     3.8192      6.679   306.0818 8.0916e+00     1.1071      4.028      5.841    11.1027 0.0000e+00
      4.120      0.093     5.7390     51.862     42.814  30.695585     3.7153      6.675   306.5488 8.0062e+00     1.0706      4.036      5.854    11.0199 0.0000e+00
      4.142      0.089     5.9815     54.010     42.854  30.694547     3.6958      6.670   306.8637 7.8684e+00     1.0867      4.060      5.888    10.9724 0.0000e+00
      4.168      0.087     6.2282     56.199     42.891  30.695590     3.5560      6.665   307.2222 7.7469e+00     1.1498      4.090      5.931    10.9432 0.0000e+00
      4.190      0.087     6.4817     58.455     42.938  30.708160     3.2840      6.661   307.5274 7.6269e+00     1.2237      4.107      5.958    10.8884 0.0000e+00
      4.213      0.088     6.7430     60.789     42.973  30.719488     3.1365      6.658   307.3710 7.5013e+00     1.2773      4.129      5.989    10.8400 0.0000e+00
      4.236      0.089     7.0015     63.099     42.970  30.705529     3.1233      6.655   306.9658 7.4149e+00     1.3101      4.157      6.029    10.8100 0.0000e+00
      4.256      0.089     7.2359     65.188     42.933  30.666386     3.1239      6.651   306.8442 7.3444e+00     1.3447      4.175      6.055    10.7793 0.0000e+00
      4.276      0.089     7.4380     66.978     42.903  30.627251     3.2182      6.647   307.1057 7.2349e+00     1.4522      4.190      6.077    10.7533 0.0000e+00
      4.301      0.089     7.6068     68.458     42.913  30.613387     3.3990      6.645   307.6317 7.0949e+00     1.6331      4.217      6.116    10.7397 0.0000e+00
      4.328      0.089     7.7397     69.613     42.961  30.625756     3.4998      6.644   307.9551 6.9808e+00     1.7315      4.246      6.160    10.7273 0.0000e+00
      4.351      0.090     7.8395     70.480     43.017  30.649768     3.4900      6.641   307.9185 6.8886e+00     1.7560      4.268      6.191    10.7127 0.0000e+00
