Data/DataNotYetUploadedToEDI/Raw_CTD/RawDownloads/061418_bvr50.cnv
* Sea-Bird SBE19plus  Data File:
* FileName = C:\DATA\061418_bvr50_0007.hex
* Software version 2.6.3.104 SB_Terminal.dll
* Temperature SN = 7809
* Conductivity SN = 7809
* System UpLoad Time = Jun 14 2018 16:27:22
* <ApplicationData>
* <Seaterm232>
# nquan = 15
# nvalues = 1517                        
# units = specified
# name 0 = depFM: Depth [fresh water, m]
# name 1 = dz/dtM: Descent Rate [m/s]
# name 2 = sbeox0Mg/L: Oxygen, SBE 43 [mg/l]
# name 3 = sbeox0PS: Oxygen, SBE 43 [% saturation]
# name 4 = specc: Specific Conductance [uS/cm]
# name 5 = c0uS/cm: Conductivity [uS/cm]
# name 6 = flECO-AFL: Fluorescence, WET Labs ECO-AFL/FL [mg/m^3]
# name 7 = ph: pH
# name 8 = orp: Oxidation Reduction Potential [mV]
# name 9 = par/sat/log: PAR/Logarithmic, Satlantic
# name 10 = turbWETntu0: Turbidity, WET Labs ECO [NTU]
# name 11 = prdM: Pressure, Strain Gauge [db]
# name 12 = prdE: Pressure, Strain Gauge [psi]
# name 13 = tv290C: Temperature [ITS-90, deg C]
# name 14 = flag:  0.000e+00
# span 0 =     -0.148,     11.066       
# span 1 =     -0.011,      0.088       
# span 2 =     0.0659,     9.5811       
# span 3 =      0.548,    114.050       
# span 4 =     26.990,    147.519       
# span 5 =  21.924505,  95.467197       
# span 6 =     1.2481,    10.4738       
# span 7 =      6.289,      7.982       
# span 8 =    40.6287,   338.8873       
# span 9 = 1.2537e-01, 2.2126e+03       
# span 10 =     0.7681,     5.4134      
# span 11 =     -0.154,     10.852      
# span 12 =     -0.223,     15.740      
# span 13 =     7.3545,    25.5935      
# span 14 = 0.0000e+00, 0.0000e+00      
# interval = seconds: 0.25
# start_time = Jun 14 2018 15:21:55 [Instrument's time stamp, header]
# bad_flag = -9.990e-29
*END*
[from data line 579]
      2.132      0.023     8.6796    101.348     27.036  26.000508     4.9568      7.871   279.1237 1.7404e+02     1.4503      2.091      3.032    23.0484 0.0000e+00
      2.137      0.026     8.6863    101.425     27.034  25.997982     4.9444      7.868   279.2617 1.7572e+02     1.4646      2.097      3.041    23.0446 0.0000e+00
      2.142      0.029     8.7003    101.537     27.034  25.984034     4.9507      7.866   279.4063 1.7569e+02     1.4816      2.101      3.047    23.0499 0.0000e+00
      2.150      0.031     8.7151    101.624     27.033  25.958829     4.9692      7.862   279.4090 1.7328e+02     1.4733      2.106      3.055    23.0650 0.0000e+00
      2.160      0.032     8.7233    101.640     27.044  25.947164     5.0024      7.857   279.3809 1.6973e+02     1.4567      2.117      3.071    23.0837 0.0000e+00
      2.170      0.032     8.7239    101.589     27.085  25.969940     5.0572      7.852   279.4099 1.6914e+02     1.4635      2.129      3.089    23.0905 0.0000e+00
      2.180      0.031     8.7221    101.521     27.110  25.980226     5.0895      7.848   279.4162 1.6893e+02     1.4640      2.138      3.101    23.0593 0.0000e+00
      2.187      0.028     8.7232    101.489     27.086  25.944525     5.0991      7.844   279.4569 1.6634e+02     1.4615      2.145      3.111    23.0035 0.0000e+00
      2.193      0.024     8.7287    101.497     27.076  25.919217     5.1188      7.842   279.6439 1.6541e+02     1.4637      2.151      3.120    22.9631 0.0000e+00
      2.197      0.022     8.7384    101.538     27.106  25.928169     5.1437      7.840   279.9562 1.6560e+02     1.4602      2.155      3.126    22.9333 0.0000e+00
      2.202      0.021     8.7538    101.633     27.128  25.925750     5.1608      7.838   280.2222 1.6590e+02     1.4813      2.159      3.132    22.9095 0.0000e+00
      2.207      0.021     8.7725    101.756     27.118  25.889937     5.1601      7.838   280.3638 1.6622e+02     1.5043      2.163      3.139    22.8919 0.0000e+00
      2.213      0.021     8.7887    101.850     27.131  25.876077     5.1264      7.836   280.4639 1.6397e+02     1.4942      2.169      3.146    22.8619 0.0000e+00
      2.219      0.021     8.7982    101.876     27.165  25.885105     5.0663      7.834   280.5726 1.6190e+02     1.4815      2.176      3.156    22.8231 0.0000e+00
      2.225      0.020     8.7983    101.810     27.171  25.872077     5.0308      7.833   280.6447 1.6086e+02     1.4737      2.183      3.166    22.7816 0.0000e+00
      2.230      0.019     8.7914    101.682     27.157  25.845520     5.0278      7.832   280.7343 1.5922e+02     1.4612      2.187      3.173    22.7310 0.0000e+00
      2.234      0.017     8.7853    101.565     27.142  25.817949     5.0569      7.831   280.8814 1.5751e+02     1.4817      2.190      3.178    22.6798 0.0000e+00
      2.237      0.016     8.7863    101.500     27.137  25.792671     5.1169      7.830   281.0468 1.5732e+02     1.5084      2.194      3.182    22.6357 0.0000e+00
      2.241      0.015     8.7930    101.499     27.162  25.793817     5.1460      7.829   281.2709 1.5860e+02     1.4789      2.197      3.187    22.5993 0.0000e+00
      2.245      0.015     8.7983    101.557     27.204  25.831777     5.1514      7.829   281.4404 1.5872e+02     1.4604      2.201      3.193    22.5774 0.0000e+00
      2.250      0.014     8.8027    101.677     27.224  25.870688     5.2194      7.827   281.5476 1.5735e+02     1.4669      2.207      3.200    22.5632 0.0000e+00
      2.254      0.014     8.8131    101.864     27.217  25.883363     5.3334      7.825   281.6207 1.5504e+02     1.4673      2.210      3.206    22.5213 0.0000e+00
      2.257      0.014     8.8279    102.090     27.175  25.858068     5.3908      7.823   281.6359 1.5407e+02     1.4644      2.213      3.211    22.4569 0.0000e+00
      2.259      0.014     8.8433    102.328     27.116  25.818844     5.3989      7.822   281.6445 1.5444e+02     1.4631      2.215      3.213    22.4539 0.0000e+00
      2.262      0.014     8.8608    102.547     27.081  25.790086     5.4034      7.822   281.5533 1.5532e+02     1.4816      2.217      3.217    22.5177 0.0000e+00
      2.266      0.015     8.8781    102.694     27.070  25.764327     5.4262      7.821   281.4805 1.5545e+02     1.4746      2.223      3.224    22.5480 0.0000e+00
      2.271      0.015     8.8911    102.758     27.092  25.761332     5.4813      7.819   281.6248 1.5330e+02     1.4704      2.227      3.230    22.5644 0.0000e+00
      2.275      0.016     8.9015    102.765     27.117  25.753851     5.5183      7.817   281.8347 1.5165e+02     1.4605      2.231      3.236    22.6129 0.0000e+00
      2.279      0.016     8.9162    102.733     27.158  25.737321     5.5256      7.816   281.9531 1.5092e+02     1.4168      2.235      3.241    22.6284 0.0000e+00
      2.282      0.016     8.9390    102.695     27.261  25.751857     5.5145      7.815   282.0233 1.4940e+02     1.4302      2.238      3.246    22.5877 0.0000e+00
      2.287      0.016     8.9660    102.700     27.336  25.739008     5.4844      7.814   282.0810 1.4830e+02     1.4693      2.242      3.252    22.5396 0.0000e+00
      2.291      0.017     8.9925    102.781     27.370  25.708832     5.4645      7.811   282.1353 1.4862e+02     1.4626      2.247      3.259    22.4997 0.0000e+00
      2.295      0.018     9.0201    102.979     27.400  25.704370     5.4584      7.809   282.2498 1.4865e+02     1.4416      2.250      3.265    22.4043 0.0000e+00
      2.300      0.018     9.0507    103.291     27.390  25.685012     5.4573      7.807   282.4326 1.4702e+02     1.4288      2.255      3.271    22.2262 0.0000e+00
      2.305      0.018     9.0779    103.624     27.362  25.665242     5.4599      7.804   282.5383 1.4505e+02     1.4290      2.260      3.278    22.0543 0.0000e+00
      2.310      0.018     9.0972    103.900     27.336  25.655815     5.4528      7.800   282.4963 1.4481e+02     1.4441      2.265      3.286    21.9421 0.0000e+00
      2.315      0.018     9.1153    104.099     27.316  25.634544     5.4448      7.797   282.4405 1.4572e+02     1.4586      2.271      3.293    21.8868 0.0000e+00
      2.319      0.018     9.1383    104.209     27.321  25.598530     5.4543      7.795   282.4664 1.4591e+02     1.4824      2.274      3.298    21.8759 0.0000e+00
      2.323      0.019     9.1643    104.226     27.337  25.537770     5.4573      7.792   282.5518 1.4426e+02     1.4876      2.277      3.304    21.8803 0.0000e+00
      2.328      0.020     9.1899    104.154     27.372  25.471202     5.4457      7.791   282.6978 1.4290e+02     1.4601      2.283      3.311    21.9329 0.0000e+00
      2.333      0.021     9.2074    103.987     27.432  25.428432     5.4521      7.790   282.8557 1.4320e+02     1.4565      2.287      3.317    21.9518 0.0000e+00
      2.339      0.023     9.2143    103.769     27.490  25.401439     5.5432      7.788   282.9116 1.4236e+02     1.4737      2.292      3.325    21.8599 0.0000e+00
      2.345      0.024     9.2198    103.585     27.560  25.398688     5.7020      7.786   282.8573 1.4144e+02     1.4850      2.300      3.336    21.7229 0.0000e+00
      2.351      0.024     9.2302    103.481     27.620  25.395082     5.7913      7.785   282.8019 1.4154e+02     1.4710      2.306      3.344    21.5246 0.0000e+00
      2.358      0.023     9.2443    103.451     27.635  25.357762     5.7958      7.783   282.9302 1.4018e+02     1.4576      2.313      3.354    21.3235 0.0000e+00
      2.364      0.021     9.2593    103.496     27.640  25.328320     5.7842      7.781   283.2042 1.3905e+02     1.4748      2.320      3.365    21.1913 0.0000e+00
      2.369      0.019     9.2724    103.614     27.610  25.293006     5.8064      7.779   283.3612 1.3853e+02     1.5270      2.323      3.369    21.0712 0.0000e+00
      2.374      0.018     9.2863    103.794     27.554  25.248228     5.8627      7.776   283.4520 1.3681e+02     1.6311      2.328      3.376    20.9616 0.0000e+00
      2.378      0.017     9.3071    103.984     27.548  25.231361     5.8951      7.774   283.6139 1.3544e+02     1.6956      2.332      3.383    20.8658 0.0000e+00
      2.381      0.017     9.3306    104.079     27.580  25.216032     5.9039      7.773   283.6844 1.3574e+02     1.6970      2.335      3.386    20.7915 0.0000e+00
      2.385      0.017     9.3456    104.037     27.613  25.189802     5.9321      7.771   283.7023 1.3719e+02     1.7085      2.339      3.392    20.7872 0.0000e+00
      2.390      0.017     9.3464    103.905     27.631  25.168104     5.9884      7.769   283.8302 1.3793e+02     1.7125      2.344      3.400    20.8250 0.0000e+00
      2.395      0.017     9.3355    103.718     27.625  25.144097     6.0241      7.766   283.9397 1.3644e+02     1.7150      2.349      3.407    20.8214 0.0000e+00
      2.399      0.017     9.3207    103.514     27.577  25.089972     6.0235      7.763   283.9070 1.3389e+02     1.7076      2.352      3.412    20.7163 0.0000e+00
      2.403      0.016     9.3087    103.304     27.525  25.021595     6.0363      7.760   283.8652 1.3277e+02     1.6841      2.357      3.418    20.5871 0.0000e+00
      2.407      0.016     9.2983    103.029     27.495  24.952220     6.0774      7.758   283.9509 1.3253e+02     1.6754      2.362      3.425    20.5248 0.0000e+00
      2.411      0.016     9.2889    102.682     27.495  24.886004     6.1071      7.757   284.0824 1.3245e+02     1.6635      2.364      3.429    20.5001 0.0000e+00
      2.415      0.017     9.2827    102.312     27.552  24.855774     6.1008      7.756   284.1646 1.3265e+02     1.6615      2.368      3.434    20.4925 0.0000e+00
      2.418      0.018     9.2758    101.929     27.628  24.840560     6.0838      7.753   284.2566 1.3265e+02     1.6825      2.372      3.440    20.4658 0.0000e+00
      2.423      0.019     9.2655    101.569     27.691  24.828910     6.0862      7.748   284.4207 1.3220e+02     1.7036      2.376      3.446    20.3842 0.0000e+00
      2.429      0.020     9.2504    101.256     27.750  24.841805     6.0927      7.742   284.6001 1.3115e+02     1.7030      2.382      3.455    20.2635 0.0000e+00
      2.436      0.020     9.2290    100.976     27.794  24.869446     6.0894      7.736   284.7907 1.2915e+02     1.6750      2.389      3.464    20.1034 0.0000e+00
      2.441      0.019     9.2081    100.764     27.834  24.909140     6.0915      7.730   285.0045 1.2818e+02     1.6098      2.394      3.472    19.9386 0.0000e+00
      2.446      0.019     9.1902    100.658     27.841  24.940817     6.1009      7.721   285.2068 1.3004e+02     1.5248      2.399      3.480    19.8110 0.0000e+00
      2.450      0.018     9.1722    100.648     27.777  24.935036     6.1104      7.711   285.4298 1.3090e+02     1.4718      2.402      3.484    19.7330 0.0000e+00
      2.453      0.018     9.1594    100.690     27.685  24.902799     6.1148      7.702   285.7217 1.2870e+02     1.4564      2.406      3.489    19.7275 0.0000e+00
      2.457      0.018     9.1583    100.695     27.642  24.868567     6.1080      7.693   285.9817 1.2631e+02     1.4607      2.409      3.495    19.7311 0.0000e+00
      2.462      0.018     9.1673    100.633     27.657  24.838589     6.1012      7.683   286.0792 1.2591e+02     1.5243      2.414      3.502    19.7592 0.0000e+00
      2.467      0.018     9.1767    100.548     27.665  24.794224     6.1063      7.673   286.1262 1.2539e+02     1.6451      2.420      3.509    19.8782 0.0000e+00
      2.473      0.017     9.1802    100.478     27.679  24.776508     6.1055      7.664   286.2058 1.2494e+02     1.7006      2.425      3.518    20.0063 0.0000e+00
      2.478      0.016     9.1802    100.422     27.739  24.814804     6.1015      7.657   286.2668 1.2582e+02     1.6770      2.430      3.525    20.0209 0.0000e+00
      2.482      0.014     9.1822    100.374     27.758  24.812816     6.1302      7.650   286.2623 1.2561e+02     1.6037      2.435      3.531    19.8992 0.0000e+00
      2.484      0.012     9.1872    100.313     27.728  24.752454     6.1866      7.643   286.3231 1.2470e+02     1.5163      2.437      3.534    19.7840 0.0000e+00
      2.486      0.011     9.1922    100.231     27.734  24.719817     6.2236      7.635   286.4847 1.2329e+02     1.5050      2.438      3.536    19.7416 0.0000e+00
      2.489      0.011     9.1945    100.162     27.780  24.735601     6.2279      7.628   286.5825 1.2161e+02     1.5280      2.440      3.539    19.7259 0.0000e+00
      2.492      0.011     9.1916    100.112     27.805  24.752788     6.2655      7.621   286.7317 1.2133e+02     1.5196      2.443      3.544    19.7015 0.0000e+00
      2.495      0.011     9.1818    100.054     27.773  24.737152     6.3565      7.614   286.9981 1.2154e+02     1.4947      2.446      3.548    19.6349 0.0000e+00
      2.498      0.012     9.1663     99.947     27.753  24.737032     6.4094      7.607   287.2217 1.2103e+02     1.4717      2.450      3.554    19.5524 0.0000e+00
      2.501      0.012     9.1493     99.786     27.762  24.751358     6.4092      7.601   287.4559 1.2098e+02     1.4553      2.453      3.558    19.5020 0.0000e+00
      2.504      0.012     9.1346     99.623     27.727  24.719910     6.4097      7.594   287.7658 1.2207e+02     1.4484      2.455      3.561    19.4917 0.0000e+00
      2.507      0.013     9.1247     99.507     27.678  24.674237     6.4053      7.587   287.9568 1.2261e+02     1.4501      2.458      3.565    19.5265 0.0000e+00
      2.510      0.014     9.1237     99.453     27.658  24.643551     6.3930      7.582   288.1302 1.2208e+02     1.4751      2.461      3.570    19.5752 0.0000e+00
      2.513      0.015     9.1336     99.474     27.638  24.602831     6.3989      7.576   288.3134 1.2093e+02     1.4765      2.464      3.575    19.5774 0.0000e+00
      2.517      0.017     9.1448     99.489     27.626  24.562782     6.4301      7.570   288.3651 1.1959e+02     1.4365      2.469      3.581    19.5693 0.0000e+00
      2.522      0.018     9.1506     99.442     27.636  24.540212     6.6326      7.564   288.4120 1.1934e+02     1.4490      2.472      3.585    19.5777 0.0000e+00
      2.528      0.020     9.1623     99.449     27.651  24.520363     6.9996      7.559   288.7082 1.1868e+02     1.5051      2.478      3.594    19.5551 0.0000e+00
      2.534      0.022     9.1783     99.491     27.684  24.513212     7.2010      7.554   289.3653 1.1807e+02     1.5357      2.485      3.604    19.5068 0.0000e+00
      2.539      0.023     9.1831     99.438     27.722  24.517182     7.2386      7.548   289.9036 1.1834e+02     1.5449      2.489      3.611    19.4494 0.0000e+00
      2.544      0.025     9.1775     99.329     27.723  24.504842     7.4823      7.543   290.0546 1.1707e+02     1.5860      2.494      3.617    19.3956 0.0000e+00
      2.551      0.027     9.1743     99.274     27.713  24.490970     7.9239      7.537   290.1589 1.1590e+02     1.6662      2.501      3.628    19.3405 0.0000e+00
      2.558      0.029     9.1818     99.318     27.708  24.476427     8.1666      7.529   290.3899 1.1519e+02     1.7205      2.509      3.639    19.2628 0.0000e+00
      2.564      0.032     9.1980     99.428     27.706  24.455967     8.2290      7.521   290.6972 1.1426e+02     1.7242      2.514      3.647    19.2029 0.0000e+00
      2.573      0.034     9.2163     99.553     27.704  24.434030     8.6330      7.513   291.0347 1.1365e+02     1.6492      2.522      3.658    19.1851 0.0000e+00
      2.583      0.037     9.2278     99.600     27.691  24.401615     9.3665      7.505   291.2862 1.1178e+02     1.5154      2.534      3.675    19.1878 0.0000e+00
      2.593      0.039     9.2309     99.557     27.693  24.381460     9.7720      7.497   291.5013 1.1035e+02     1.4494      2.544      3.690    19.1703 0.0000e+00
