Data/DataNotYetUploadedToEDI/Raw_CTD/RawDownloads/061719_FCR30.cnv
* Sea-Bird SBE19plus  Data File:
* FileName = C:\DATA\061719_FCR_0006.hex
* Software version 2.8.0.119 SB_Terminal.dll
* Temperature SN = 7809
* Conductivity SN = 7809
* System UpLoad Time = Jun 17 2019 17:02:03
* <ApplicationData>
* <Seaterm232>
# nquan = 16
# nvalues = 809                         
# units = specified
# name 0 = depFM: Depth [fresh water, m]
# name 1 = dz/dtM: Descent Rate [m/s]
# name 2 = sbeox0Mg/L: Oxygen, SBE 43 [mg/l]
# name 3 = sbeox0PS: Oxygen, SBE 43 [% saturation]
# name 4 = specc: Specific Conductance [uS/cm]
# name 5 = c0uS/cm: Conductivity [uS/cm]
# name 6 = flECO-AFL: Fluorescence, WET Labs ECO-AFL/FL [mg/m^3]
# name 7 = ph: pH
# name 8 = orp: Oxidation Reduction Potential [mV]
# name 9 = par/sat/log: PAR/Logarithmic, Satlantic
# name 10 = turbWETntu0: Turbidity, WET Labs ECO [NTU]
# name 11 = prdM: Pressure, Strain Gauge [db]
# name 12 = prdE: Pressure, Strain Gauge [psi]
# name 13 = tv290C: Temperature [ITS-90, deg C]
# name 14 = density00: Density [density, kg/m^3]
# name 15 = flag:  0.000e+00
# span 0 =     -0.561,      5.149       
# span 1 =     -0.022,      0.111       
# span 2 =     2.3293,    10.2738       
# span 3 =     21.398,    111.143       
# span 4 =      1.403,     38.128       
# span 5 =   1.331795,  32.752431       
# span 6 =    -0.4855,     3.7752       
# span 7 =      6.597,      8.827       
# span 8 =   258.0382,   659.8130       
# span 9 = 1.0369e+01, 2.3873e+03       
# span 10 =    -3.2199,    11.0334      
# span 11 =     -0.550,      5.050      
# span 12 =     -0.798,      7.325      
# span 13 =    10.3913,    24.0142      
# span 14 =   997.3111,   999.7052      
# span 15 = 0.0000e+00, 0.0000e+00      
# interval = seconds: 0.25
# start_time = Jun 17 2019 11:22:06 [Instrument's time stamp, header]
# bad_flag = -9.990e-29
*END*
[from data line 452]
      1.932      0.032     9.7377    108.869     33.347  30.564754     2.1615      8.168   266.5479 2.3052e+02     2.6099      1.894      2.747    20.8443   998.0527 0.0000e+00
      1.938      0.033     9.7387    108.857     33.357  30.567044     2.1842      8.168   266.6934 2.3083e+02     2.5239      1.901      2.758    20.8343   998.0548 0.0000e+00
      1.946      0.035     9.7414    108.828     33.391  30.579739     2.1869      8.168   266.9347 2.3222e+02     2.4879      1.909      2.768    20.8313   998.0555 0.0000e+00
      1.955      0.036     9.7420    108.753     33.431  30.591301     2.1862      8.168   267.2281 2.3203e+02     2.5024      1.916      2.780    20.8273   998.0564 0.0000e+00
      1.966      0.038     9.7346    108.601     33.443  30.579892     2.2017      8.167   267.4013 2.2612e+02     2.5346      1.928      2.797    20.8251   998.0570 0.0000e+00
      1.978      0.038     9.7201    108.401     33.443  30.568679     2.2191      8.167   267.3946 2.2289e+02     2.5502      1.940      2.814    20.8213   998.0579 0.0000e+00
      1.988      0.038     9.7051    108.221     33.463  30.582619     2.2225      8.167   267.4044 2.2450e+02     2.5265      1.949      2.828    20.7903   998.0645 0.0000e+00
      1.997      0.037     9.6971    108.118     33.510  30.621522     2.2254      8.167   267.5195 2.2410e+02     2.4779      1.959      2.842    20.7448   998.0743 0.0000e+00
      2.006      0.037     9.6992    108.107     33.562  30.658329     2.1944      8.167   267.5820 2.2093e+02     2.4860      1.968      2.854    20.7096   998.0819 0.0000e+00
      2.014      0.037     9.7077    108.152     33.567  30.646908     2.1158      8.167   267.6446 2.1739e+02     2.5915      1.975      2.864    20.6907   998.0860 0.0000e+00
      2.023      0.037     9.7191    108.226     33.545  30.610315     2.0639      8.167   267.7600 2.1499e+02     2.6734      1.983      2.876    20.6931   998.0855 0.0000e+00
      2.033      0.037     9.7328    108.328     33.548  30.596588     2.0522      8.168   267.8581 2.1457e+02     2.6897      1.993      2.891    20.6905   998.0861 0.0000e+00
      2.044      0.037     9.7467    108.446     33.573  30.607824     2.0702      8.168   267.9705 2.1567e+02     2.6574      2.005      2.908    20.6708   998.0904 0.0000e+00
      2.054      0.036     9.7605    108.581     33.592  30.619239     2.1081      8.167   268.0866 2.1487e+02     2.5779      2.015      2.922    20.6460   998.0958 0.0000e+00
      2.063      0.035     9.7755    108.745     33.580  30.607690     2.1288      8.166   268.1440 2.1164e+02     2.5144      2.023      2.934    20.6193   998.1015 0.0000e+00
      2.072      0.033     9.7875    108.887     33.563  30.595104     2.1296      8.165   268.1478 2.0943e+02     2.4791      2.032      2.946    20.5946   998.1067 0.0000e+00
      2.080      0.031     9.7947    108.984     33.556  30.593968     2.1257      8.165   268.2179 2.0736e+02     2.4459      2.040      2.959    20.5764   998.1106 0.0000e+00
      2.087      0.029     9.8022    109.088     33.549  30.593967     2.1077      8.165   268.3039 2.0533e+02     2.4087      2.047      2.969    20.5675   998.1125 0.0000e+00
      2.093      0.029     9.8142    109.233     33.546  30.595102     2.0774      8.164   268.3275 2.0574e+02     2.4221      2.052      2.977    20.5678   998.1125 0.0000e+00
      2.100      0.029     9.8297    109.403     33.561  30.607687     2.0631      8.164   268.4168 2.0597e+02     2.4775      2.059      2.986    20.5719   998.1117 0.0000e+00
      2.107      0.030     9.8496    109.594     33.584  30.619225     2.0558      8.165   268.6091 2.0394e+02     2.4883      2.067      2.997    20.5805   998.1099 0.0000e+00
      2.115      0.033     9.8745    109.823     33.587  30.607681     2.0499      8.166   268.8466 2.0319e+02     2.4874      2.073      3.007    20.5921   998.1075 0.0000e+00
      2.124      0.036     9.8995    110.054     33.589  30.595002     2.0534      8.165   269.0505 2.0312e+02     2.4984      2.082      3.019    20.5997   998.1059 0.0000e+00
      2.134      0.038     9.9196    110.234     33.602  30.592811     2.0539      8.164   269.1812 2.0041e+02     2.4912      2.092      3.035    20.6002   998.1058 0.0000e+00
      2.144      0.040     9.9317    110.321     33.606  30.581172     2.0566      8.164   269.2225 1.9741e+02     2.4982      2.102      3.049    20.5843   998.1093 0.0000e+00
      2.155      0.040     9.9373    110.337     33.621  30.581164     2.0773      8.163   269.2059 1.9498e+02     2.5508      2.113      3.064    20.5583   998.1148 0.0000e+00
      2.166      0.039     9.9413    110.352     33.643  30.592692     2.1127      8.162   269.3244 1.9045e+02     2.6026      2.124      3.080    20.5364   998.1195 0.0000e+00
      2.177      0.037     9.9452    110.392     33.646  30.593634     2.1294      8.162   269.5375 1.8607e+02     2.5996      2.135      3.096    20.5184   998.1234 0.0000e+00
      2.187      0.034     9.9494    110.449     33.642  30.592554     2.1143      8.162   269.6315 1.8344e+02     2.5808      2.145      3.111    20.4957   998.1283 0.0000e+00
      2.195      0.032     9.9544    110.515     33.623  30.579643     2.1030      8.161   269.6874 1.8161e+02     2.5709      2.152      3.122    20.4695   998.1338 0.0000e+00
      2.200      0.031     9.9606    110.589     33.605  30.564435     2.1140      8.159   269.8687 1.8051e+02     2.5789      2.158      3.131    20.4561   998.1367 0.0000e+00
      2.206      0.031     9.9685    110.670     33.576  30.535593     2.1268      8.157   270.1029 1.8106e+02     2.6122      2.163      3.137    20.4567   998.1366 0.0000e+00
      2.213      0.031     9.9765    110.730     33.529  30.484723     2.1269      8.157   270.2815 1.8215e+02     2.6122      2.170      3.147    20.4637   998.1350 0.0000e+00
      2.223      0.031     9.9834    110.738     33.522  30.456990     2.1243      8.157   270.3933 1.8142e+02     2.5471      2.180      3.163    20.4701   998.1338 0.0000e+00
      2.233      0.031     9.9870    110.678     33.553  30.454060     2.1299      8.157   270.4222 1.8044e+02     2.4811      2.191      3.178    20.4732   998.1332 0.0000e+00
      2.241      0.031     9.9824    110.556     33.572  30.449253     2.1348      8.157   270.4591 1.7901e+02     2.4694      2.199      3.189    20.4691   998.1341 0.0000e+00
      2.248      0.031     9.9717    110.404     33.528  30.398844     2.1311      8.158   270.5817 1.7736e+02     2.4708      2.205      3.198    20.4623   998.1355 0.0000e+00
      2.255      0.032     9.9640    110.254     33.428  30.288729     2.1278      8.159   270.7000 1.7656e+02     2.4647      2.211      3.207    20.4321   998.1419 0.0000e+00
      2.261      0.035     9.9655    110.121     33.377  30.196545     2.1298      8.159   270.7707 1.7508e+02     2.4611      2.217      3.215    20.3693   998.1552 0.0000e+00
      2.269      0.039     9.9747    110.019     33.419  30.172538     2.1373      8.160   270.9194 1.7288e+02     2.4600      2.224      3.226    20.3349   998.1625 0.0000e+00
      2.281      0.043     9.9867    109.950     33.505  30.188733     2.1418      8.160   271.2076 1.7032e+02     2.4517      2.237      3.244    20.3355   998.1624 0.0000e+00
      2.295      0.045     9.9932    109.852     33.578  30.201913     2.1314      8.160   271.5031 1.6757e+02     2.4264      2.251      3.264    20.3169   998.1663 0.0000e+00
      2.308      0.046     9.9894    109.679     33.626  30.204921     2.1079      8.159   271.7378 1.6516e+02     2.4484      2.264      3.283    20.2410   998.1822 0.0000e+00
      2.320      0.046     9.9816    109.509     33.678  30.225056     2.0825      8.158   271.8943 1.6336e+02     2.5542      2.276      3.302    20.1346   998.2044 0.0000e+00
      2.331      0.045     9.9764    109.399     33.729  30.254970     2.0674      8.157   272.0202 1.6255e+02     2.6567      2.286      3.316    20.0392   998.2242 0.0000e+00
      2.341      0.043     9.9779    109.374     33.738  30.249319     2.0729      8.156   272.2266 1.6087e+02     2.6732      2.293      3.326    19.9627   998.2401 0.0000e+00
      2.351      0.042     9.9888    109.475     33.711  30.220164     2.0965      8.155   272.4112 1.5764e+02     2.5889      2.305      3.343    19.8996   998.2531 0.0000e+00
      2.363      0.041    10.0095    109.709     33.708  30.219712     2.1184      8.153   272.4461 1.5503e+02     2.4901      2.318      3.362    19.8631   998.2607 0.0000e+00
      2.374      0.040    10.0425    110.071     33.735  30.243859     2.1300      8.152   272.4760 1.5305e+02     2.4946      2.329      3.378    19.8464   998.2642 0.0000e+00
      2.384      0.039    10.0830    110.501     33.756  30.258315     2.1243      8.151   272.6006 1.5088e+02     2.5438      2.339      3.391    19.8196   998.2698 0.0000e+00
      2.393      0.037    10.1180    110.867     33.772  30.267587     2.1003      8.150   272.8332 1.4858e+02     2.5282      2.347      3.403    19.8118   998.2713 0.0000e+00
      2.401      0.035    10.1402    111.083     33.809  30.292506     2.0834      8.149   273.3104 1.4646e+02     2.5029      2.355      3.416    19.8235   998.2689 0.0000e+00
      2.410      0.032    10.1507    111.143     33.843  30.305788     2.0852      8.149   273.9826 1.4471e+02     2.5325      2.363      3.427    19.8240   998.2690 0.0000e+00
      2.418      0.028    10.1545    111.108     33.864  30.301244     2.0877      8.149   274.6801 1.4290e+02     2.5586      2.372      3.440    19.8135   998.2712 0.0000e+00
      2.427      0.025    10.1550    111.042     33.888  30.300990     2.0694      8.149   275.2906 1.4107e+02     2.5239      2.381      3.454    19.8071   998.2725 0.0000e+00
      2.433      0.021    10.1507    110.946     33.907  30.302683     2.0369      8.150   275.7715 1.3958e+02     2.4725      2.387      3.463    19.8009   998.2738 0.0000e+00
      2.436      0.020    10.1427    110.825     33.940  30.321695     2.0165      8.150   276.1057 1.3794e+02     2.4625      2.389      3.465    19.7744   998.2793 0.0000e+00
      2.439      0.020    10.1370    110.735     33.970  30.340492     2.0138      8.150   276.3201 1.3645e+02     2.5005      2.392      3.469    19.7329   998.2877 0.0000e+00
      2.442      0.025    10.1368    110.706     33.978  30.339580     2.0206      8.150   276.5566 1.3531e+02     2.5392      2.394      3.473    19.6979   998.2947 0.0000e+00
      2.446      0.031    10.1390    110.680     33.963  30.310660     2.0472      8.149   276.8151 1.3338e+02     2.5371      2.397      3.477    19.6777   998.2988 0.0000e+00
      2.455      0.038    10.1381    110.554     34.001  30.308069     2.0931      8.149   277.0366 1.3093e+02     2.5735      2.406      3.491    19.6649   998.3015 0.0000e+00
      2.468      0.043    10.1283    110.262     34.136  30.371654     2.1238      8.149   277.2554 1.2880e+02     2.6505      2.420      3.511    19.6523   998.3042 0.0000e+00
      2.483      0.047    10.1072    109.826     34.219  30.381397     2.1328      8.149   277.4819 1.2693e+02     2.6820      2.437      3.535    19.6425   998.3062 0.0000e+00
      2.498      0.049    10.0824    109.365     34.265  30.362336     2.1151      8.150   277.7105 1.2515e+02     2.6596      2.451      3.555    19.6312   998.3086 0.0000e+00
      2.510      0.047    10.0608    108.974     34.358  30.394926     2.0744      8.150   277.9550 1.2344e+02     2.6096      2.462      3.570    19.5791   998.3192 0.0000e+00
      2.522      0.044    10.0445    108.703     34.390  30.394651     2.0573      8.149   278.2007 1.2213e+02     2.6018      2.473      3.587    19.4830   998.3386 0.0000e+00
      2.532      0.042    10.0441    108.673     34.358  30.358967     2.0634      8.147   278.3580 1.2092e+02     2.6310      2.483      3.601    19.3856   998.3581 0.0000e+00
      2.542      0.040    10.0547    108.811     34.333  30.344183     2.0798      8.147   278.4802 1.1947e+02     2.6018      2.493      3.616    19.2967   998.3759 0.0000e+00
      2.551      0.039    10.0593    108.911     34.314  30.342819     2.1079      8.146   278.7310 1.1814e+02     2.5434      2.502      3.629    19.2177   998.3918 0.0000e+00
      2.561      0.038    10.0623    108.981     34.301  30.342503     2.1256      8.145   279.0684 1.1681e+02     2.5154      2.511      3.641    19.1742   998.4003 0.0000e+00
      2.571      0.037    10.0731    109.101     34.297  30.340374     2.1379      8.143   279.3760 1.1546e+02     2.4925      2.521      3.657    19.1679   998.4016 0.0000e+00
      2.581      0.036    10.0909    109.276     34.278  30.317079     2.1609      8.141   279.6100 1.1418e+02     2.4960      2.531      3.671    19.1794   998.3995 0.0000e+00
      2.590      0.034    10.1060    109.397     34.218  30.251193     2.1782      8.141   279.7475 1.1287e+02     2.5255      2.540      3.684    19.2113   998.3931 0.0000e+00
      2.599      0.033    10.1161    109.426     34.164  30.178276     2.1823      8.140   279.9197 1.1164e+02     2.5207      2.549      3.697    19.2335   998.3888 0.0000e+00
      2.607      0.032    10.1265    109.416     34.156  30.133395     2.1843      8.139   280.2297 1.1045e+02     2.5039      2.556      3.707    19.2290   998.3898 0.0000e+00
      2.614      0.031    10.1324    109.338     34.155  30.089210     2.1593      8.139   280.5710 1.0933e+02     2.5184      2.563      3.718    19.2217   998.3912 0.0000e+00
      2.621      0.029    10.1288    109.156     34.132  30.024702     2.1056      8.140   281.0340 1.0830e+02     2.4996      2.570      3.728    19.2066   998.3941 0.0000e+00
      2.629      0.028    10.1174    108.891     34.141  29.987896     2.0716      8.140   281.6984 1.0724e+02     2.4726      2.578      3.739    19.1705   998.4013 0.0000e+00
      2.637      0.028    10.1013    108.585     34.230  30.024847     2.0606      8.140   282.3228 1.0632e+02     2.5196      2.587      3.752    19.1097   998.4133 0.0000e+00
      2.644      0.029    10.0856    108.312     34.342  30.090702     2.0596      8.141   282.9048 1.0557e+02     2.5445      2.593      3.761    19.0429   998.4265 0.0000e+00
      2.650      0.031    10.0773    108.148     34.436  30.149574     2.1026      8.141   283.4875 1.0496e+02     2.5110      2.598      3.768    18.9801   998.4388 0.0000e+00
      2.656      0.034    10.0794    108.108     34.550  30.229018     2.1821      8.140   283.9472 1.0429e+02     2.4753      2.604      3.777    18.9122   998.4521 0.0000e+00
      2.665      0.039    10.0964    108.195     34.726  30.353248     2.2316      8.140   284.4198 1.0333e+02     2.4399      2.613      3.789    18.8471   998.4648 0.0000e+00
      2.676      0.044    10.1340    108.438     34.963  30.509419     2.2507      8.140   284.9849 1.0233e+02     2.4442      2.625      3.806    18.8015   998.4736 0.0000e+00
      2.689      0.049    10.1882    108.829     35.201  30.657755     2.3004      8.139   285.4460 1.0128e+02     2.4940      2.636      3.824    18.7681   998.4802 0.0000e+00
      2.703      0.053    10.2415    109.232     35.296  30.687235     2.3819      8.138   285.6932 1.0013e+02     2.5176      2.650      3.844    18.7471   998.4843 0.0000e+00
      2.718      0.055    10.2738    109.427     35.191  30.548524     2.4207      8.137   285.8223 9.8987e+01     2.5003      2.664      3.866    18.7151   998.4907 0.0000e+00
      2.733      0.054    10.2731    109.281     35.116  30.440002     2.4237      8.134   285.8883 9.7651e+01     2.4816      2.679      3.886    18.6315   998.5069 0.0000e+00
      2.748      0.053    10.2301    108.726     35.168  30.453770     2.4954      8.132   285.9756 9.6306e+01     2.4227      2.695      3.908    18.5351   998.5254 0.0000e+00
      2.763      0.050    10.1375    107.704     35.190  30.461132     2.6202      8.131   286.1027 9.5317e+01     2.3126      2.711      3.932    18.4634   998.5392 0.0000e+00
