Data/DataNotYetUploadedToEDI/Raw_CTD/RawDownloads/061719_FCR50.cnv
* Sea-Bird SBE19plus  Data File:
* FileName = C:\DATA\061719_FCR_0003.hex
* Software version 2.8.0.119 SB_Terminal.dll
* Temperature SN = 7809
* Conductivity SN = 7809
* System UpLoad Time = Jun 17 2019 17:01:01
* <ApplicationData>
* <Seaterm232>
# nquan = 16
# nvalues = 878                         
# units = specified
# name 0 = depFM: Depth [fresh water, m]
# name 1 = dz/dtM: Descent Rate [m/s]
# name 2 = sbeox0Mg/L: Oxygen, SBE 43 [mg/l]
# name 3 = sbeox0PS: Oxygen, SBE 43 [% saturation]
# name 4 = specc: Specific Conductance [uS/cm]
# name 5 = c0uS/cm: Conductivity [uS/cm]
# name 6 = flECO-AFL: Fluorescence, WET Labs ECO-AFL/FL [mg/m^3]
# name 7 = ph: pH
# name 8 = orp: Oxidation Reduction Potential [mV]
# name 9 = par/sat/log: PAR/Logarithmic, Satlantic
# name 10 = turbWETntu0: Turbidity, WET Labs ECO [NTU]
# name 11 = prdM: Pressure, Strain Gauge [db]
# name 12 = prdE: Pressure, Strain Gauge [psi]
# name 13 = tv290C: Temperature [ITS-90, deg C]
# name 14 = density00: Density [density, kg/m^3]
# name 15 = flag:  0.000e+00
# span 0 =     -0.581,      9.633       
# span 1 =     -0.105,      0.180       
# span 2 =     3.8299,    11.3265       
# span 3 =     34.623,    117.275       
# span 4 =      0.927,     58.591       
# span 5 =   0.974986,  57.999341       
# span 6 =    -1.3313,     3.9072       
# span 7 =      7.297,     10.288       
# span 8 = -1240.7455,   435.2813       
# span 9 = 1.2351e-01, 1.7716e+03       
# span 10 =    -9.9491,   851.6011      
# span 11 =     -0.570,      9.447      
# span 12 =     -0.826,     13.701      
# span 13 =    10.3465,    27.6064      
# span 14 =   996.3537,   999.7302      
# span 15 = 0.0000e+00, 0.0000e+00      
# interval = seconds: 0.25
# start_time = Jun 17 2019 09:56:47 [Instrument's time stamp, header]
# bad_flag = -9.990e-29
*END*
[from data line 724]
      6.906      0.118     7.2689     64.969     35.883  25.387059     1.2143      8.124   332.6652 2.0458e+00     3.0208      6.776      9.828    10.3732   999.7153 0.0000e+00
      6.942      0.108     7.2720     64.999     35.900  25.400777     1.1765      8.123   332.6427 1.9969e+00     3.0483      6.814      9.884    10.3732   999.7154 0.0000e+00
      6.964      0.097     7.2753     65.030     35.899  25.400767     1.1481      8.123   332.7332 1.9792e+00     3.0743      6.833      9.911    10.3729   999.7156 0.0000e+00
      6.976      0.087     7.2765     65.040     35.880  25.386946     1.1493      8.121   332.8133 1.9622e+00     3.0734      6.841      9.922    10.3720   999.7157 0.0000e+00
      6.989      0.078     7.2769     65.041     35.844  25.360541     1.1558      8.119   332.8368 1.9162e+00     3.0709      6.851      9.935    10.3724   999.7157 0.0000e+00
      7.009      0.074     7.2792     65.060     35.810  25.335262     1.1581      8.119   332.8451 1.8453e+00     3.0761      6.870      9.965    10.3743   999.7156 0.0000e+00
      7.034      0.074     7.2841     65.103     35.811  25.335063     1.1595      8.119   332.7410 1.7837e+00     3.0708      6.899     10.006    10.3755   999.7157 0.0000e+00
      7.057      0.074     7.2879     65.136     35.844  25.358132     1.1559      8.117   332.5249 1.7497e+00     3.0724      6.923     10.041    10.3756   999.7158 0.0000e+00
      7.075      0.073     7.2918     65.171     35.847  25.360419     1.1570      8.116   332.3836 1.7277e+00     3.0954      6.938     10.064    10.3742   999.7160 0.0000e+00
      7.090      0.072     7.2973     65.221     35.849  25.362715     1.1641      8.115   332.6676 1.7019e+00     3.1199      6.952     10.083    10.3721   999.7162 0.0000e+00
      7.106      0.072     7.3051     65.292     35.880  25.385896     1.1636      8.114   333.2907 1.6772e+00     3.1060      6.968     10.106    10.3710   999.7163 0.0000e+00
      7.122      0.076     7.3154     65.387     35.880  25.386946     1.1599      8.112   333.6370 1.6513e+00     3.0587      6.984     10.130    10.3711   999.7165 0.0000e+00
      7.141      0.086     7.3234     65.458     35.864  25.375404     1.1621      8.112   333.7574 1.6161e+00     3.0401      7.001     10.154    10.3713   999.7165 0.0000e+00
      7.163      0.099     7.3311     65.526     35.862  25.373221     1.1818      8.111   333.7135 1.5788e+00     3.0766      7.022     10.184    10.3712   999.7166 0.0000e+00
      7.190      0.110     7.3429     65.631     35.845  25.360552     1.2076      8.109   333.3648 1.5373e+00     3.1081      7.049     10.225    10.3730   999.7166 0.0000e+00
      7.220      0.119     7.3499     65.692     35.829  25.349104     1.2138      8.106   333.0683 1.4845e+00     3.0930      7.080     10.269    10.3753   999.7165 0.0000e+00
      7.255      0.122     7.3490     65.682     35.847  25.361687     1.2141      8.106   333.4839 1.4313e+00     3.0909      7.114     10.317    10.3754   999.7167 0.0000e+00
      7.293      0.122     7.3506     65.696     35.882  25.385804     1.2193      8.105   334.5185 1.3948e+00     3.1153      7.153     10.374    10.3739   999.7170 0.0000e+00
      7.328      0.119     7.3536     65.722     35.884  25.386948     1.2160      8.104   335.0805 1.3722e+00     3.1251      7.189     10.427    10.3727   999.7173 0.0000e+00
      7.356      0.114     7.3529     65.717     35.868  25.375518     1.2095      8.103   335.1174 1.3360e+00     3.1114      7.216     10.466    10.3721   999.7175 0.0000e+00
      7.377      0.109     7.3547     65.733     35.867  25.374479     1.2098      8.101   335.0500 1.2866e+00     3.0808      7.234     10.491    10.3715   999.7176 0.0000e+00
      7.401      0.104     7.3498     65.688     35.867  25.374384     1.2105      8.101   334.6959 1.2416e+00     3.0501      7.256     10.523    10.3709   999.7178 0.0000e+00
      7.430      0.103     7.3346     65.552     35.868  25.374366     1.1928      8.100   334.3643 1.2073e+00     3.0355      7.288     10.570    10.3705   999.7180 0.0000e+00
      7.457      0.103     7.3291     65.502     35.868  25.374261     1.1689      8.099   334.6534 1.1901e+00     3.0352      7.315     10.609    10.3706   999.7181 0.0000e+00
      7.483      0.101     7.3301     65.509     35.867  25.373107     1.1643      8.097   335.3529 1.1599e+00     3.0464      7.337     10.640    10.3707   999.7182 0.0000e+00
      7.511      0.098     7.3213     65.430     35.850  25.360419     1.1547      8.097   335.8520 1.1038e+00     3.0719      7.365     10.682    10.3701   999.7184 0.0000e+00
      7.540      0.096     7.3121     65.348     35.832  25.347732     1.1564      8.097   336.1283 1.0584e+00     3.0824      7.398     10.729    10.3697   999.7186 0.0000e+00
      7.560      0.098     7.3132     65.360     35.829  25.346588     1.1847      8.096   336.2835 1.0415e+00     3.0739      7.417     10.757    10.3693   999.7187 0.0000e+00
      7.576      0.100     7.3234     65.452     35.829  25.346587     1.2025      8.095   336.1803 1.0361e+00     3.0679      7.427     10.772    10.3685   999.7188 0.0000e+00
      7.599      0.100     7.3368     65.572     35.830  25.347721     1.2060      8.094   335.9991 1.0077e+00     3.0764      7.447     10.802    10.3678   999.7190 0.0000e+00
      7.632      0.100     7.3451     65.645     35.848  25.360304     1.1925      8.093   335.7273 9.5428e-01     3.0773      7.482     10.852    10.3679   999.7191 0.0000e+00
      7.667      0.102     7.3456     65.649     35.864  25.371839     1.1699      8.091   335.3893 9.1360e-01     3.0793      7.522     10.909    10.3691   999.7192 0.0000e+00
      7.693      0.103     7.3431     65.627     35.848  25.360315     1.1579      8.091   335.4398 8.9688e-01     3.1002      7.548     10.946    10.3702   999.7192 0.0000e+00
      7.712      0.100     7.3446     65.642     35.830  25.347847     1.1521      8.090   335.5638 8.7601e-01     3.0682      7.562     10.966    10.3702   999.7193 0.0000e+00
      7.734      0.094     7.3482     65.675     35.829  25.347971     1.1510      8.089   335.6839 8.4535e-01     3.0194      7.581     10.996    10.3698   999.7194 0.0000e+00
      7.761      0.088     7.3488     65.682     35.847  25.361811     1.1531      8.089   336.0317 8.1998e-01     3.0349      7.610     11.037    10.3695   999.7196 0.0000e+00
      7.787      0.086     7.3474     65.673     35.883  25.388311     1.1433      8.088   336.1549 8.0914e-01     3.0587      7.638     11.077    10.3695   999.7197 0.0000e+00
      7.808      0.087     7.3474     65.677     35.917  25.414621     1.1281      8.086   335.7114 8.0424e-01     3.0455      7.659     11.108    10.3701   999.7198 0.0000e+00
      7.825      0.092     7.3494     65.700     35.930  25.426164     1.1343      8.085   334.9710 7.9031e-01     3.0392      7.674     11.130    10.3714   999.7197 0.0000e+00
      7.842      0.102     7.3528     65.730     35.895  25.400998     1.1489      8.084   334.6020 7.7134e-01     3.0474      7.689     11.152    10.3728   999.7197 0.0000e+00
      7.865      0.112     7.3542     65.737     35.846  25.364090     1.1489      8.083   334.6060 7.4680e-01     3.0471      7.709     11.181    10.3738   999.7197 0.0000e+00
      7.896      0.119     7.3508     65.699     35.846  25.360554     1.1420      8.082   334.8470 7.2307e-01     3.0355      7.738     11.224    10.3771   999.7195 0.0000e+00
      7.937      0.123     7.3447     65.638     35.846  25.358249     1.1437      8.081   335.2800 6.9554e-01     3.0054      7.782     11.287    10.3815   999.7193 0.0000e+00
      7.981      0.123     7.3348     65.548     35.817  25.336211     1.1611      8.080   335.4528 6.5756e-01     3.0101      7.831     11.359    10.3812   999.7195 0.0000e+00
      8.014      0.119     7.3181     65.399     35.834  25.347849     1.1874      8.079   335.3008 6.3087e-01     3.0601      7.865     11.408    10.3772   999.7201 0.0000e+00
      8.035      0.110     7.3043     65.276     35.868  25.372079     1.2016      8.078   335.0782 6.1146e-01     3.0529      7.880     11.430    10.3719   999.7207 0.0000e+00
      8.055      0.098     7.2984     65.226     35.870  25.375426     1.2024      8.077   334.9116 5.8520e-01     3.0209      7.895     11.452    10.3675   999.7212 0.0000e+00
      8.081      0.089     7.2931     65.185     35.884  25.388313     1.1977      8.076   334.8348 5.6702e-01     3.0669      7.925     11.493    10.3660   999.7214 0.0000e+00
      8.107      0.086     7.2913     65.177     35.897  25.401008     1.1794      8.075   334.9239 5.6288e-01     3.1177      7.955     11.538    10.3660   999.7215 0.0000e+00
      8.126      0.087     7.2946     65.212     35.895  25.402048     1.1634      8.074   335.0429 5.5483e-01     3.1101      7.970     11.560    10.3665   999.7216 0.0000e+00
      8.144      0.087     7.2972     65.240     35.890  25.400895     1.1603      8.073   335.0685 5.3733e-01     3.1061      7.983     11.579    10.3683   999.7215 0.0000e+00
      8.166      0.085     7.3002     65.270     35.868  25.387074     1.1761      8.072   335.2340 5.2956e-01     3.1353      8.008     11.615    10.3721   999.7213 0.0000e+00
      8.190      0.081     7.3052     65.316     35.832  25.361812     1.2066      8.071   335.6672 5.3280e-01     3.1352      8.032     11.650    10.3785   999.7208 0.0000e+00
      8.214      0.076     7.3092     65.353     35.813  25.349219     1.2177      8.071   336.0908 5.2816e-01     3.1047      8.055     11.682    10.3821   999.7205 0.0000e+00
      8.236      0.071     7.3108     65.373     35.828  25.361688     1.2157      8.070   336.2253 5.1134e-01     3.0942      8.079     11.717    10.3837   999.7206 0.0000e+00
      8.253      0.067     7.3116     65.384     35.858  25.385700     1.2336      8.068   336.2608 4.9457e-01     3.0415      8.098     11.744    10.3881   999.7202 0.0000e+00
      8.263      0.067     7.3122     65.389     35.858  25.385793     1.2687      8.066   336.4343 4.8342e-01     2.9258      8.104     11.754    10.3883   999.7202 0.0000e+00
      8.273      0.071     7.3145     65.400     35.832  25.362811     1.2852      8.066   336.6023 4.7111e-01     2.8430      8.109     11.762    10.3877   999.7203 0.0000e+00
      8.289      0.078     7.3172     65.411     35.839  25.361573     1.2767      8.066   336.3132 4.6196e-01     2.8261      8.127     11.787    10.3916   999.7200 0.0000e+00
      8.313      0.085     7.3144     65.376     35.859  25.370820     1.2704      8.065   335.7787 4.5487e-01     2.8858      8.150     11.821    10.3964   999.7197 0.0000e+00
      8.341      0.090     7.3104     65.334     35.831  25.347734     1.2782      8.064   335.6461 4.3477e-01     3.0083      8.179     11.863    10.3972   999.7197 0.0000e+00
      8.371      0.091     7.3100     65.326     35.817  25.336190     1.2931      8.063   335.7418 4.0685e-01     3.0941      8.211     11.909    10.3899   999.7206 0.0000e+00
      8.396      0.088     7.3094     65.318     35.850  25.358124     1.2944      8.062   335.9039 3.9249e-01     3.1040      8.237     11.947    10.3794   999.7217 0.0000e+00
      8.416      0.082     7.3104     65.325     35.853  25.359183     1.2765      8.063   336.3157 3.9009e-01     3.0954      8.253     11.971    10.3726   999.7225 0.0000e+00
      8.432      0.077     7.3078     65.301     35.839  25.348983     1.2417      8.063   336.7630 3.8434e-01     3.1200      8.268     11.991    10.3690   999.7228 0.0000e+00
      8.449      0.072     7.3077     65.299     35.857  25.361669     1.1941      8.062   336.2354 3.7561e-01     3.1404      8.286     12.017    10.3663   999.7231 0.0000e+00
      8.467      0.068     7.3260     65.464     35.890  25.385692     1.1601      8.060   334.9260 3.7194e-01     3.1450      8.302     12.042    10.3643   999.7234 0.0000e+00
      8.487      0.063     7.3485     65.667     35.890  25.385683     1.1520      8.058   334.3530 3.7186e-01     3.1434      8.322     12.070    10.3632   999.7236 0.0000e+00
      8.507      0.059     7.3563     65.737     35.855  25.361565     1.1571      8.056   334.3840 3.6902e-01     3.1206      8.344     12.102    10.3625   999.7237 0.0000e+00
      8.522      0.057     7.3549     65.724     35.836  25.347837     1.1607      8.055   334.6999 3.6587e-01     3.1315      8.360     12.125    10.3621   999.7238 0.0000e+00
      8.531      0.058     7.3588     65.756     35.836  25.346580     1.1516      8.055   335.4184 3.6313e-01     3.1445      8.367     12.134    10.3627   999.7239 0.0000e+00
      8.538      0.062     7.3623     65.785     35.838  25.346362     1.1429      8.054   335.9295 3.4990e-01     3.1138      8.370     12.140    10.3641   999.7237 0.0000e+00
      8.550      0.069     7.3623     65.782     35.838  25.345208     1.1598      8.054   335.6310 3.2525e-01     3.0878      8.381     12.155    10.3650   999.7237 0.0000e+00
      8.572      0.079     7.3612     65.772     35.820  25.332624     1.1903      8.053   334.7354 3.0910e-01     3.0919      8.405     12.188    10.3642   999.7239 0.0000e+00
      8.599      0.088     7.3550     65.717     35.804  25.321090     1.2085      8.051   334.2204 3.0563e-01     3.0986      8.433     12.231    10.3625   999.7242 0.0000e+00
      8.625      0.093     7.3489     65.662     35.820  25.332625     1.2163      8.049   334.2228 2.9883e-01     3.0705      8.459     12.269    10.3605   999.7245 0.0000e+00
      8.651      0.092     7.3428     65.607     35.838  25.345218     1.2066      8.049   334.4202 2.7848e-01     3.0468      8.483     12.305    10.3582   999.7248 0.0000e+00
      8.677      0.087     7.3362     65.547     35.840  25.346467     1.1776      8.048   334.7138 2.6849e-01     3.0416      8.511     12.345    10.3580   999.7250 0.0000e+00
      8.700      0.083     7.3317     65.506     35.842  25.347724     1.1600      8.048   334.9342 2.8148e-01     3.0405      8.535     12.379    10.3595   999.7249 0.0000e+00
      8.716      0.081     7.3241     65.436     35.861  25.360421     1.1591      8.047   335.2784 2.7289e-01     3.0662      8.548     12.398    10.3592   999.7250 0.0000e+00
      8.730      0.078     7.3122     65.329     35.880  25.373099     1.1578      8.046   335.6057 2.4970e-01     3.0897      8.559     12.414    10.3582   999.7252 0.0000e+00
      8.749      0.076     7.3035     65.250     35.882  25.374139     1.1528      8.045   335.6227 2.5256e-01     3.0952      8.578     12.441    10.3577   999.7253 0.0000e+00
      8.774      0.076     7.2962     65.184     35.881  25.372986     1.1511      8.045   335.5694 2.5803e-01     3.1001      8.605     12.480    10.3568   999.7255 0.0000e+00
      8.797      0.079     7.2890     65.118     35.863  25.359164     1.1543      8.045   335.5638 2.4160e-01     3.0832      8.631     12.518    10.3566   999.7256 0.0000e+00
      8.815      0.079     7.2899     65.123     35.829  25.333894     1.1572      8.044   335.6410 2.2920e-01     3.0551      8.646     12.540    10.3555   999.7258 0.0000e+00
      8.831      0.077     7.2910     65.130     35.814  25.321207     1.1596      8.042   335.8136 2.2941e-01     3.0548      8.658     12.557    10.3540   999.7260 0.0000e+00
      8.851      0.076     7.2829     65.055     35.831  25.332646     1.1571      8.041   336.0165 2.2478e-01     3.0807      8.679     12.588    10.3545   999.7261 0.0000e+00
      8.874      0.076     7.2724     64.960     35.850  25.345324     1.1531      8.040   336.2877 2.2338e-01     3.1058      8.705     12.626    10.3533   999.7263 0.0000e+00
      8.893      0.077     7.2641     64.887     35.853  25.347610     1.1541      8.038   336.5109 2.2724e-01     3.0962      8.722     12.651    10.3507   999.7267 0.0000e+00
