Data/DataNotYetUploadedToEDI/Raw_CTD/RawDownloads/061719_FCR10.cnv
* Sea-Bird SBE19plus  Data File:
* FileName = C:\DATA\061719_FCR_0004.hex
* Software version 2.8.0.119 SB_Terminal.dll
* Temperature SN = 7809
* Conductivity SN = 7809
* System UpLoad Time = Jun 17 2019 17:01:19
* <ApplicationData>
* <Seaterm232>
# nquan = 16
# nvalues = 585                         
# units = specified
# name 0 = depFM: Depth [fresh water, m]
# name 1 = dz/dtM: Descent Rate [m/s]
# name 2 = sbeox0Mg/L: Oxygen, SBE 43 [mg/l]
# name 3 = sbeox0PS: Oxygen, SBE 43 [% saturation]
# name 4 = specc: Specific Conductance [uS/cm]
# name 5 = c0uS/cm: Conductivity [uS/cm]
# name 6 = flECO-AFL: Fluorescence, WET Labs ECO-AFL/FL [mg/m^3]
# name 7 = ph: pH
# name 8 = orp: Oxidation Reduction Potential [mV]
# name 9 = par/sat/log: PAR/Logarithmic, Satlantic
# name 10 = turbWETntu0: Turbidity, WET Labs ECO [NTU]
# name 11 = prdM: Pressure, Strain Gauge [db]
# name 12 = prdE: Pressure, Strain Gauge [psi]
# name 13 = tv290C: Temperature [ITS-90, deg C]
# name 14 = density00: Density [density, kg/m^3]
# name 15 = flag:  0.000e+00
# span 0 =     -0.573,      2.313       
# span 1 =     -0.014,      0.096       
# span 2 =     5.3585,    10.0985       
# span 3 =     63.722,    112.636       
# span 4 =     -0.231,     37.062       
# span 5 =  -0.233805,  34.078960       
# span 6 =    -1.2222,    13.3547       
# span 7 =      6.589,     10.135       
# span 8 = -1240.7455,   347.5446       
# span 9 = 7.4153e+01, 2.1758e+03       
# span 10 =    -1.6223,    51.8379      
# span 11 =     -0.562,      2.269      
# span 12 =     -0.815,      3.291      
# span 13 =    20.3087,    25.5257      
# span 14 =   996.9126,   998.1689      
# span 15 = 0.0000e+00, 0.0000e+00      
# interval = seconds: 0.25
# start_time = Jun 17 2019 10:51:51 [Instrument's time stamp, header]
# bad_flag = -9.990e-29
*END*
[from data line 91]
     -0.182      0.000     6.8627     81.400     34.111  33.372314     0.8693      9.696   295.3533 2.1200e+03     1.9141     -0.178     -0.258    23.9114   997.3364 0.0000e+00
     -0.181     -0.001     6.8882     81.702     34.124  33.384551     0.8718      9.693   295.5389 2.1299e+03     1.8847     -0.177     -0.258    23.9155   997.3355 0.0000e+00
     -0.181     -0.001     6.9345     82.259     34.122  33.386817     0.8799      9.688   295.6322 2.1486e+03     1.8613     -0.177     -0.256    23.9160   997.3354 0.0000e+00
     -0.182     -0.001     6.9886     82.922     34.126  33.399722     0.8803      9.683   295.7925 2.1667e+03     1.8605     -0.178     -0.258    23.9136   997.3360 0.0000e+00
     -0.184      0.000     7.0388     83.538     34.131  33.413672     0.8683      9.676   295.7561 2.1750e+03     1.8435     -0.180     -0.263    23.9112   997.3366 0.0000e+00
     -0.184      0.001     7.0770     84.002     34.142  33.428568     0.8561      9.666   295.4510 2.1758e+03     1.8525     -0.181     -0.264    23.9088   997.3371 0.0000e+00
     -0.183      0.003     7.1003     84.277     34.167  33.452912     0.8550      9.657   295.3726 2.1742e+03     1.9026     -0.180     -0.261    23.9124   997.3362 0.0000e+00
     -0.181      0.006     7.1094     84.381     34.171  33.454170     0.8635      9.647   295.5824 2.1722e+03     1.8922     -0.177     -0.257    23.9295   997.3321 0.0000e+00
     -0.179      0.008     7.1080     84.361     34.161  33.443777     0.8719      9.633   295.7508 2.1685e+03     1.7591     -0.175     -0.254    23.9465   997.3279 0.0000e+00
     -0.177      0.008     7.1001     84.269     34.171  33.454172     0.8700      9.619   295.8599 2.1622e+03     1.6050     -0.174     -0.252    23.9515   997.3267 0.0000e+00
     -0.174      0.007     7.0847     84.092     34.167  33.452933     0.8661      9.608   296.0406 2.1580e+03     1.5694     -0.170     -0.248    23.9507   997.3269 0.0000e+00
     -0.172      0.004     7.0598     83.799     34.141  33.428799     0.8684      9.600   296.1295 2.1583e+03     1.6237     -0.167     -0.243    23.9465   997.3280 0.0000e+00
     -0.171      0.002     7.0301     83.443     34.130  33.416221     0.8715      9.592   295.9877 2.1612e+03     1.7040     -0.166     -0.241    23.9427   997.3289 0.0000e+00
     -0.171      0.001     7.0000     83.081     34.144  33.427768     0.8776      9.584   295.7890 2.1653e+03     1.7861     -0.167     -0.242    23.9446   997.3284 0.0000e+00
     -0.172      0.000     6.9676     82.697     34.158  33.441493     0.8818      9.576   295.7064 2.1688e+03     1.8303     -0.169     -0.245    23.9504   997.3270 0.0000e+00
     -0.174      0.000     6.9274     82.227     34.168  33.455243     0.8792      9.569   295.7629 2.1690e+03     1.8454     -0.170     -0.247    23.9528   997.3264 0.0000e+00
     -0.174      0.000     6.8766     81.632     34.176  33.467095     0.8719      9.563   295.8702 2.1678e+03     1.8375     -0.170     -0.247    23.9487   997.3274 0.0000e+00
     -0.173      0.001     6.8181     80.942     34.165  33.457874     0.8634      9.558   295.9708 2.1670e+03     1.7672     -0.169     -0.246    23.9430   997.3289 0.0000e+00
     -0.171      0.002     6.7588     80.236     34.180  33.470681     0.8632      9.553   296.1188 2.1658e+03     1.6503     -0.168     -0.243    23.9433   997.3287 0.0000e+00
     -0.170      0.002     6.7040     79.581     34.206  33.495016     0.8691      9.548   296.2838 2.1652e+03     1.6052     -0.166     -0.241    23.9509   997.3269 0.0000e+00
     -0.170      0.001     6.6513     78.954     34.211  33.498259     0.8739      9.542   296.4173 2.1655e+03     1.6154     -0.166     -0.241    23.9572   997.3254 0.0000e+00
     -0.170      0.000     6.5972     78.313     34.222  33.509893     0.8776      9.536   296.6998 2.1668e+03     1.6754     -0.166     -0.241    23.9597   997.3246 0.0000e+00
     -0.171 4.2995e-07     6.5452     77.699     34.219  33.508758     0.8788      9.530   297.1191 2.1686e+03     1.8057     -0.167     -0.243    23.9579   997.3251 0.0000e+00
     -0.171      0.000     6.4988     77.152     34.192  33.484529     0.8718      9.523   297.3565 2.1684e+03     1.8792     -0.168     -0.244    23.9532   997.3263 0.0000e+00
     -0.171      0.000     6.4559     76.645     34.177  33.470798     0.8627      9.518   297.4195 2.1658e+03     1.8768     -0.168     -0.244    23.9516   997.3267 0.0000e+00
     -0.170      0.001     6.4162     76.172     34.177  33.469663     0.8638      9.513   297.4504 2.1638e+03     1.8743     -0.167     -0.242    23.9536   997.3262 0.0000e+00
     -0.169      0.001     6.3800     75.741     34.179  33.470809     0.8678      9.508   297.4715 2.1641e+03     1.8825     -0.166     -0.240    23.9563   997.3255 0.0000e+00
     -0.169      0.001     6.3460     75.335     34.194  33.484645     0.8668      9.502   297.5885 2.1646e+03     1.8770     -0.166     -0.240    23.9588   997.3249 0.0000e+00
     -0.170      0.001     6.3142     74.957     34.220  33.510028     0.8699      9.497   297.8325 2.1642e+03     1.8737     -0.166     -0.241    23.9605   997.3245 0.0000e+00
     -0.170      0.001     6.2860     74.626     34.233  33.523866     0.8881      9.492   298.0133 2.1642e+03     1.8755     -0.166     -0.241    23.9601   997.3246 0.0000e+00
     -0.169      0.001     6.2590     74.312     34.230  33.525029     0.9131      9.488   297.8819 2.1621e+03     1.8649     -0.167     -0.242    23.9581   997.3251 0.0000e+00
     -0.168      0.002     6.2307     73.985     34.225  33.524103     0.9288      9.483   297.7067 2.1588e+03     1.8440     -0.165     -0.240    23.9559   997.3256 0.0000e+00
     -0.167      0.002     6.2003     73.631     34.210  33.512670     0.9307      9.479   297.7868 2.1591e+03     1.8202     -0.164     -0.238    23.9549   997.3259 0.0000e+00
     -0.167      0.002     6.1663     73.232     34.209  33.513729     0.9104      9.476   297.8179 2.1617e+03     1.8063     -0.164     -0.238    23.9577   997.3252 0.0000e+00
     -0.167      0.002     6.1301     72.806     34.230  33.536910     0.8829      9.472   297.6534 2.1626e+03     1.8401     -0.164     -0.238    23.9638   997.3237 0.0000e+00
     -0.167      0.002     6.0942     72.385     34.230  33.539104     0.8749      9.468   297.5183 2.1614e+03     1.9016     -0.163     -0.237    23.9702   997.3221 0.0000e+00
     -0.167      0.001     6.0596     71.978     34.228  33.540258     0.8757      9.463   297.5618 2.1597e+03     1.8939     -0.163     -0.237    23.9754   997.3208 0.0000e+00
     -0.166      0.001     6.0255     71.578     34.237  33.550869     0.8749      9.459   297.6627 2.1591e+03     1.8125     -0.163     -0.237    23.9793   997.3199 0.0000e+00
     -0.165      0.001     5.9902     71.164     34.223  33.540484     0.8733      9.454   297.7061 2.1604e+03     1.7696     -0.162     -0.235    23.9822   997.3192 0.0000e+00
     -0.165      0.000     5.9545     70.746     34.222  33.541621     0.8653      9.450   297.6556 2.1613e+03     1.8340     -0.161     -0.234    23.9854   997.3184 0.0000e+00
     -0.165 2.2029e-08     5.9204     70.345     34.242  33.564612     0.8648      9.446   297.5682 2.1602e+03     1.9020     -0.162     -0.235    23.9890   997.3175 0.0000e+00
     -0.166 2.4232e-07     5.8877     69.961     34.240  33.564621     0.8758      9.442   297.6820 2.1590e+03     1.9037     -0.163     -0.236    23.9927   997.3166 0.0000e+00
     -0.166 6.1487e-07     5.8561     69.589     34.215  33.541735     0.8775      9.439   297.9133 2.1595e+03     1.8885     -0.162     -0.235    23.9970   997.3155 0.0000e+00
     -0.166      0.000     5.8260     69.236     34.213  33.541745     0.8681      9.435   297.9553 2.1603e+03     1.8817     -0.163     -0.236    24.0011   997.3145 0.0000e+00
     -0.166      0.000     5.7970     68.896     34.234  33.564751     0.8666      9.431   297.8453 2.1607e+03     1.8864     -0.163     -0.236    24.0046   997.3137 0.0000e+00
     -0.166      0.001     5.7670     68.543     34.233  33.566052     0.8766      9.427   297.8745 2.1616e+03     1.8802     -0.163     -0.236    24.0075   997.3130 0.0000e+00
     -0.165      0.001     5.7373     68.195     34.222  33.557479     0.8755      9.423   298.0496 2.1622e+03     1.8066     -0.162     -0.235    24.0104   997.3122 0.0000e+00
     -0.165      0.001     5.7107     67.881     34.251  33.588023     0.8625      9.419   298.0698 2.1603e+03     1.6842     -0.162     -0.235    24.0137   997.3114 0.0000e+00
     -0.165      0.001     5.6857     67.588     34.279  33.618047     0.8570      9.416   297.9463 2.1565e+03     1.6140     -0.162     -0.234    24.0169   997.3107 0.0000e+00
     -0.165      0.001     5.6615     67.304     34.262  33.603184     0.8618      9.413   298.0198 2.1537e+03     1.6128     -0.161     -0.234    24.0206   997.3097 0.0000e+00
     -0.165      0.001     5.6369     67.017     34.256  33.598710     0.8683      9.408   298.2702 2.1533e+03     1.6696     -0.162     -0.234    24.0239   997.3089 0.0000e+00
     -0.165      0.001     5.6118     66.722     34.282  33.627423     0.8667      9.404   298.3067 2.1516e+03     1.7436     -0.162     -0.234    24.0266   997.3082 0.0000e+00
     -0.164      0.002     5.5876     66.439     34.286  33.633038     0.8678      9.400   298.0313 2.1452e+03     1.7862     -0.161     -0.234    24.0291   997.3076 0.0000e+00
     -0.163      0.003     5.5652     66.176     34.253  33.603137     0.8818      9.397   297.7792 2.1397e+03     1.8246     -0.160     -0.232    24.0322   997.3069 0.0000e+00
     -0.163      0.003     5.5441     65.928     34.231  33.583214     0.8978      9.395   297.8402 2.1401e+03     1.8469     -0.160     -0.232    24.0358   997.3060 0.0000e+00
     -0.162      0.002     5.5242     65.693     34.229  33.582538     0.9126      9.393   298.0799 2.1434e+03     1.8598     -0.159     -0.231    24.0392   997.3052 0.0000e+00
     -0.160      0.002     5.5061     65.482     34.240  33.594960     0.9229      9.390   298.1829 2.1463e+03     1.8832     -0.157     -0.228    24.0426   997.3043 0.0000e+00
     -0.160      0.001     5.4882     65.273     34.250  33.606483     0.9269      9.387   297.8807 2.1456e+03     1.9002     -0.157     -0.227    24.0456   997.3036 0.0000e+00
     -0.160      0.001     5.4700     65.061     34.235  33.594942     0.9264      9.385   297.0931 2.1433e+03     1.9007     -0.157     -0.228    24.0477   997.3031 0.0000e+00
     -0.161      0.002     5.4537     64.871     34.220  33.582354     0.9072      9.383   296.2311 2.1446e+03     1.8892     -0.158     -0.230    24.0493   997.3026 0.0000e+00
     -0.161      0.003     5.4390     64.699     34.217  33.581209     0.8773      9.381   295.3742 2.1498e+03     1.8925     -0.158     -0.230    24.0526   997.3019 0.0000e+00
     -0.160      0.006     5.4244     64.527     34.215  33.581094     0.8686      9.379   294.0457 2.1551e+03     1.8754     -0.157     -0.228    24.0566   997.3009 0.0000e+00
     -0.158      0.010     5.4102     64.362     34.213  33.580968     0.8804      9.379   292.4724 2.1328e+03     1.8457     -0.154     -0.225    24.0597   997.3001 0.0000e+00
     -0.155      0.015     5.3977     64.215     34.211  33.579685     0.9158      9.382   291.2361 1.8649e+03     1.8613     -0.152     -0.221    24.0627   997.2994 0.0000e+00
     -0.151      0.020     5.3859     64.075     34.196  33.565586     0.9675      9.386   290.3689 1.4647e+03     1.8670     -0.150     -0.216    24.0655   997.2987 0.0000e+00
     -0.146      0.023     5.3731     63.919     34.169  33.537428     0.9930      9.390   289.7300 1.1502e+03     1.8491     -0.144     -0.209    24.0683   997.2980 0.0000e+00
     -0.138      0.023     5.3626     63.787     34.129  33.493076     0.9988      9.385   289.4482 1.1197e+03     1.8417     -0.136     -0.196    24.0702   997.2976 0.0000e+00
     -0.128      0.021     5.3585     63.722     34.054  33.410095     0.9861      9.371   289.3709 1.6283e+03     1.8432     -0.126     -0.182    24.0724   997.2971 0.0000e+00
     -0.121      0.017     5.3622     63.743     33.951  33.295648     0.9518      9.362   289.0539 2.0227e+03     1.8347     -0.117     -0.169    24.0741   997.2967 0.0000e+00
     -0.118      0.015     5.3891     64.037     33.856  33.188135     0.9391      9.364   288.4544 1.8578e+03     1.8041     -0.113     -0.164    24.0706   997.2976 0.0000e+00
     -0.119      0.018     5.4559     64.808     33.805  33.125535     0.9458      9.366   287.5434 1.3506e+03     1.8011     -0.116     -0.169    24.0642   997.2991 0.0000e+00
     -0.121      0.026     5.5615     66.039     33.801  33.109895     0.9460      9.364   283.6309 8.5765e+02     1.8310     -0.119     -0.173    24.0526   997.3020 0.0000e+00
     -0.118      0.036     5.7065     67.733     33.833  33.125942     0.9411      9.359   276.8559 8.4346e+02     1.8384     -0.120     -0.174    24.0303   997.3075 0.0000e+00
     -0.105      0.047     5.9019     70.021     33.852  33.129147     0.9303      9.352   272.8242 1.2120e+03     1.8246     -0.107     -0.155    24.0065   997.3133 0.0000e+00
     -0.084      0.058     6.1482     72.916     33.821  33.085164     0.9195      9.345   271.8802 1.5229e+03     1.8278     -0.083     -0.120    23.9893   997.3176 0.0000e+00
     -0.063      0.068     6.4252     76.180     33.784  33.038362     0.9058      9.337   271.2928 1.6147e+03     1.8445     -0.061     -0.088    23.9732   997.3216 0.0000e+00
     -0.046      0.073     6.7023     79.442     33.764  33.007476     0.8862      9.325   270.8836 1.5258e+03     1.8629     -0.044     -0.065    23.9498   997.3276 0.0000e+00
     -0.030      0.074     6.9514     82.353     33.739  32.965554     0.8736      9.313   270.4607 1.1658e+03     1.8534     -0.030     -0.045    23.9239   997.3341 0.0000e+00
     -0.011      0.073     7.1504     84.624     33.722  32.912228     0.8660      9.300   270.3097 6.2993e+02     1.8285     -0.013     -0.018    23.9048   997.3387 0.0000e+00
      0.009      0.070     7.2947     86.207     33.732  32.870351     0.8635      9.285   272.9302 2.8926e+02     1.8238      0.010      0.015    23.8911   997.3422 0.0000e+00
      0.029      0.064     7.4106     87.448     33.756  32.839905     0.8695      9.278   279.8601 1.9432e+02     1.8298      0.030      0.042    23.8767   997.3459 0.0000e+00
      0.047      0.054     7.5273     88.707     33.762  32.797879     0.8770      9.278   286.4726 1.6232e+02     1.8343      0.045      0.065    23.8594   997.3503 0.0000e+00
      0.064      0.043     7.6461     89.992     33.752  32.742907     0.8768      9.280   288.6093 1.3946e+02     1.8130      0.066      0.095    23.8056   997.3634 0.0000e+00
      0.074      0.034     7.7558     91.172     33.735  32.682865     0.8753      9.280   288.3152 1.2479e+02     1.8016      0.079      0.113    23.7133   997.3860 0.0000e+00
      0.074      0.029     7.8451     92.119     33.736  32.642991     0.8948      9.280   287.9923 1.1888e+02     1.7631      0.074      0.107    23.6357   997.4049 0.0000e+00
      0.072      0.028     7.8991     92.672     33.701  32.578035     0.9213      9.279   287.9750 1.1555e+02     1.6743      0.068      0.099    23.5668   997.4216 0.0000e+00
      0.075      0.027     7.9145     92.784     33.550  32.405117     0.9272      9.275   287.7615 1.1011e+02     1.6453      0.072      0.103    23.4976   997.4384 0.0000e+00
      0.087      0.027     7.9229     92.766     33.450  32.265620     0.9224      9.269   284.6370 1.0281e+02     1.6419      0.083      0.119    23.4345   997.4536 0.0000e+00
      0.105      0.025     7.9850     93.333     33.470  32.223974     0.9236      9.260   281.7725 9.6199e+01     1.6662      0.106      0.152    23.3705   997.4691 0.0000e+00
