Data/DataNotYetUploadedToEDI/Raw_CTD/RawDownloads/061719_FCR10.cnv
* Sea-Bird SBE19plus  Data File:
* FileName = C:\DATA\061719_FCR_0004.hex
* Software version 2.8.0.119 SB_Terminal.dll
* Temperature SN = 7809
* Conductivity SN = 7809
* System UpLoad Time = Jun 17 2019 17:01:19
* <ApplicationData>
* <Seaterm232>
# nquan = 16
# nvalues = 585                         
# units = specified
# name 0 = depFM: Depth [fresh water, m]
# name 1 = dz/dtM: Descent Rate [m/s]
# name 2 = sbeox0Mg/L: Oxygen, SBE 43 [mg/l]
# name 3 = sbeox0PS: Oxygen, SBE 43 [% saturation]
# name 4 = specc: Specific Conductance [uS/cm]
# name 5 = c0uS/cm: Conductivity [uS/cm]
# name 6 = flECO-AFL: Fluorescence, WET Labs ECO-AFL/FL [mg/m^3]
# name 7 = ph: pH
# name 8 = orp: Oxidation Reduction Potential [mV]
# name 9 = par/sat/log: PAR/Logarithmic, Satlantic
# name 10 = turbWETntu0: Turbidity, WET Labs ECO [NTU]
# name 11 = prdM: Pressure, Strain Gauge [db]
# name 12 = prdE: Pressure, Strain Gauge [psi]
# name 13 = tv290C: Temperature [ITS-90, deg C]
# name 14 = density00: Density [density, kg/m^3]
# name 15 = flag:  0.000e+00
# span 0 =     -0.573,      2.313       
# span 1 =     -0.014,      0.096       
# span 2 =     5.3585,    10.0985       
# span 3 =     63.722,    112.636       
# span 4 =     -0.231,     37.062       
# span 5 =  -0.233805,  34.078960       
# span 6 =    -1.2222,    13.3547       
# span 7 =      6.589,     10.135       
# span 8 = -1240.7455,   347.5446       
# span 9 = 7.4153e+01, 2.1758e+03       
# span 10 =    -1.6223,    51.8379      
# span 11 =     -0.562,      2.269      
# span 12 =     -0.815,      3.291      
# span 13 =    20.3087,    25.5257      
# span 14 =   996.9126,   998.1689      
# span 15 = 0.0000e+00, 0.0000e+00      
# interval = seconds: 0.25
# start_time = Jun 17 2019 10:51:51 [Instrument's time stamp, header]
# bad_flag = -9.990e-29
*END*
[from data line 543]
      2.198      0.014     9.8568    109.826     36.179  33.035332     1.8697      8.212   297.3687 1.0108e+02     4.2807      2.156      3.127    20.6500   998.0964 0.0000e+00
      2.199      0.014     9.8585    109.856     36.211  33.068268     1.8744      8.212   297.3191 1.0115e+02     4.3531      2.157      3.128    20.6503   998.0964 0.0000e+00
      2.200      0.016     9.8699    109.965     36.148  33.005004     1.9045      8.211   297.2712 1.0121e+02     4.4885      2.157      3.128    20.6430   998.0979 0.0000e+00
      2.203      0.020     9.8892    110.129     36.057  32.905015     1.9310      8.210   297.3055 1.0134e+02     4.5092      2.159      3.131    20.6401   998.0985 0.0000e+00
      2.211      0.024     9.9102    110.299     36.047  32.874678     1.9340      8.210   297.3903 1.0122e+02     4.4387      2.166      3.142    20.6516   998.0960 0.0000e+00
      2.221      0.028     9.9220    110.392     36.080  32.892018     1.9678      8.209   297.4360 1.0062e+02     4.4891      2.179      3.160    20.6620   998.0940 0.0000e+00
      2.230      0.029     9.9170    110.329     36.049  32.860798     2.0440      8.208   297.4273 9.9890e+01     4.6263      2.188      3.173    20.6545   998.0955 0.0000e+00
      2.237      0.029     9.8990    110.119     35.931  32.751047     2.0920      8.207   297.3713 9.9360e+01     4.7211      2.193      3.180    20.6268   998.1014 0.0000e+00
      2.243      0.028     9.8760    109.829     35.826  32.643862     2.0978      8.206   297.3614 9.8953e+01     4.7503      2.199      3.190    20.5897   998.1093 0.0000e+00
      2.250      0.025     9.8520    109.513     35.774  32.580194     2.0967      8.206   297.3935 9.8465e+01     4.7498      2.207      3.201    20.5688   998.1139 0.0000e+00
      2.257      0.023     9.8277    109.191     35.763  32.552363     2.0959      8.205   297.4156 9.7893e+01     4.8136      2.212      3.210    20.5741   998.1127 0.0000e+00
      2.262      0.021     9.7952    108.768     35.795  32.561175     2.0969      8.205   297.4571 9.7461e+01     4.9319      2.218      3.218    20.5763   998.1122 0.0000e+00
      2.267      0.019     9.7494    108.193     35.818  32.559796     2.1007      8.205   297.4642 9.7307e+01     4.9999      2.224      3.225    20.5547   998.1169 0.0000e+00
      2.272      0.017     9.6999    107.592     35.811  32.535651     2.0987      8.204   297.4158 9.7407e+01     5.0129      2.229      3.233    20.5300   998.1221 0.0000e+00
      2.276      0.015     9.6526    107.038     35.808  32.523063     2.1241      8.203   297.4744 9.7533e+01     4.9261      2.232      3.237    20.5090   998.1265 0.0000e+00
      2.278      0.012     9.6048    106.488     35.828  32.534507     2.1910      8.202   297.6559 9.7548e+01     4.7698      2.234      3.240    20.4804   998.1326 0.0000e+00
      2.281      0.010     9.5583    105.943     35.853  32.547087     2.2320      8.202   297.7179 9.7625e+01     4.6958      2.237      3.244    20.4428   998.1405 0.0000e+00
      2.285      0.009     9.5213    105.477     35.875  32.548233     2.2379      8.202   297.6217 9.7798e+01     4.6867      2.241      3.250    20.4175   998.1458 0.0000e+00
      2.287      0.009     9.4973    105.151     35.898  32.548342     2.2870      8.201   297.5242 9.7977e+01     4.6929      2.243      3.253    20.4075   998.1480 0.0000e+00
      2.288      0.009     9.4824    104.960     35.909  32.548374     2.3841      8.199   297.5717 9.8155e+01     4.7044      2.243      3.253    20.4002   998.1496 0.0000e+00
      2.290      0.009     9.4763    104.900     35.906  32.548600     2.4494      8.199   297.6804 9.8173e+01     4.6944      2.245      3.255    20.3916   998.1513 0.0000e+00
      2.293      0.008     9.4837    105.007     35.900  32.551080     2.4785      8.199   297.7191 9.8152e+01     4.7037      2.248      3.261    20.3607   998.1578 0.0000e+00
      2.295      0.008     9.5071    105.299     35.917  32.578371     2.6238      8.198   297.7817 9.8432e+01     4.7836      2.251      3.266    20.3215   998.1662 0.0000e+00
      2.297      0.008     9.5424    105.739     35.949  32.624742     2.8975      8.196   297.7493 9.8954e+01     4.8743      2.253      3.268    20.3087   998.1689 0.0000e+00
      2.299      0.007     9.5822    106.248     35.970  32.667543     3.0649      8.196   297.5003 9.9345e+01     4.9148      2.255      3.270    20.3180   998.1669 0.0000e+00
      2.300      0.006     9.6191    106.733     35.994  32.715148     3.1913      8.195   297.3518 9.9477e+01     5.0117      2.256      3.271    20.3308   998.1642 0.0000e+00
      2.301      0.005     9.6472    107.118     36.012  32.756146     4.3740      8.194   297.4162 9.9869e+01     5.9807      2.257      3.273    20.3454   998.1612 0.0000e+00
      2.303      0.005     9.6662    107.393     36.017  32.782513     6.5356      8.194   297.4187 1.0065e+02     7.7502      2.259      3.276    20.3673   998.1566 0.0000e+00
      2.305      0.005     9.6772    107.572     35.994  32.780131     7.7307      8.194   297.2952 1.0151e+02     8.7415      2.260      3.278    20.4023   998.1492 0.0000e+00
      2.306      0.004     9.6798    107.644     35.920  32.727380     7.9429      8.193   297.1283 1.0246e+02     8.9869      2.261      3.279    20.4420   998.1408 0.0000e+00
      2.307      0.002     9.6762    107.622     35.830  32.652415     8.9459      8.192   297.0354 1.0341e+02    10.4219      2.262      3.281    20.4754   998.1338 0.0000e+00
      2.308     -0.001     9.6700    107.532     35.750  32.571801    10.7540      8.192   297.0324 1.0409e+02    12.9838      2.263      3.283    20.5073   998.1271 0.0000e+00
      2.308     -0.002     9.6650    107.414     35.709  32.514201    11.7360      8.191   297.0056 1.0367e+02    14.3343      2.264      3.283    20.5325   998.1217 0.0000e+00
      2.307     -0.001     9.6611    107.274     35.759  32.527088    11.8280      8.191   296.9694 1.0148e+02    14.4287      2.263      3.282    20.5553   998.1169 0.0000e+00
      2.304      0.000     9.6557    107.108     35.880  32.600648    11.8759      8.190   296.8527 9.8499e+01    14.5185      2.260      3.278    20.5684   998.1140 0.0000e+00
      2.301      0.001     9.6482    106.969     36.017  32.705494    12.2721      8.189   296.7132 9.6607e+01    15.1575      2.255      3.270    20.5562   998.1166 0.0000e+00
      2.302      0.004     9.6399    106.903     36.088  32.779384    12.9938      8.188   296.7454 9.6729e+01    16.2565      2.256      3.273    20.5265   998.1229 0.0000e+00
      2.307      0.005     9.6359    106.891     36.094  32.795991    13.3547      8.188   296.8121 9.8583e+01    16.7946      2.263      3.283    20.4797   998.1329 0.0000e+00
      2.310 -9.990e-29 -9.990e-29 -9.990e-29 -9.990e-29 -9.990e-29 -9.990e-29 -9.990e-29 -9.990e-29 1.0080e+02 -9.990e-29      2.267      3.287    20.4177   998.1460 0.0000e+00
      2.312 -9.990e-29 -9.990e-29 -9.990e-29 -9.990e-29 -9.990e-29 -9.990e-29 -9.990e-29 -9.990e-29 1.0205e+02 -9.990e-29      2.267      3.288    20.3771   998.1545 0.0000e+00
      2.313 -9.990e-29 -9.990e-29 -9.990e-29 -9.990e-29 -9.990e-29 -9.990e-29 -9.990e-29 -9.990e-29 1.0269e+02 -9.990e-29      2.268      3.290    20.4089   998.1478 0.0000e+00
      2.313 -9.990e-29 -9.990e-29 -9.990e-29 -9.990e-29 -9.990e-29 -9.990e-29 -9.990e-29 -9.990e-29 1.0301e+02 -9.990e-29      2.269      3.291    20.4478   998.1397 0.0000e+00
