Data/DataNotYetUploadedToEDI/Raw_CTD/RawDownloads/061719_FCR30.cnv
* Sea-Bird SBE19plus  Data File:
* FileName = C:\DATA\061719_FCR_0006.hex
* Software version 2.8.0.119 SB_Terminal.dll
* Temperature SN = 7809
* Conductivity SN = 7809
* System UpLoad Time = Jun 17 2019 17:02:03
* <ApplicationData>
* <Seaterm232>
# nquan = 16
# nvalues = 809                         
# units = specified
# name 0 = depFM: Depth [fresh water, m]
# name 1 = dz/dtM: Descent Rate [m/s]
# name 2 = sbeox0Mg/L: Oxygen, SBE 43 [mg/l]
# name 3 = sbeox0PS: Oxygen, SBE 43 [% saturation]
# name 4 = specc: Specific Conductance [uS/cm]
# name 5 = c0uS/cm: Conductivity [uS/cm]
# name 6 = flECO-AFL: Fluorescence, WET Labs ECO-AFL/FL [mg/m^3]
# name 7 = ph: pH
# name 8 = orp: Oxidation Reduction Potential [mV]
# name 9 = par/sat/log: PAR/Logarithmic, Satlantic
# name 10 = turbWETntu0: Turbidity, WET Labs ECO [NTU]
# name 11 = prdM: Pressure, Strain Gauge [db]
# name 12 = prdE: Pressure, Strain Gauge [psi]
# name 13 = tv290C: Temperature [ITS-90, deg C]
# name 14 = density00: Density [density, kg/m^3]
# name 15 = flag:  0.000e+00
# span 0 =     -0.561,      5.149       
# span 1 =     -0.022,      0.111       
# span 2 =     2.3293,    10.2738       
# span 3 =     21.398,    111.143       
# span 4 =      1.403,     38.128       
# span 5 =   1.331795,  32.752431       
# span 6 =    -0.4855,     3.7752       
# span 7 =      6.597,      8.827       
# span 8 =   258.0382,   659.8130       
# span 9 = 1.0369e+01, 2.3873e+03       
# span 10 =    -3.2199,    11.0334      
# span 11 =     -0.550,      5.050      
# span 12 =     -0.798,      7.325      
# span 13 =    10.3913,    24.0142      
# span 14 =   997.3111,   999.7052      
# span 15 = 0.0000e+00, 0.0000e+00      
# interval = seconds: 0.25
# start_time = Jun 17 2019 11:22:06 [Instrument's time stamp, header]
# bad_flag = -9.990e-29
*END*
[from data line 362]
      1.211      0.035     9.7289    110.248     33.376  31.053065     1.7099      8.172   259.4413 3.1221e+02     2.4670      1.189      1.723    21.5681   997.8911 0.0000e+00
      1.222      0.035     9.7097    110.004     33.398  31.065841     1.7124      8.172   259.3027 3.0971e+02     2.5128      1.199      1.738    21.5569   997.8937 0.0000e+00
      1.232      0.034     9.6917    109.777     33.394  31.055439     1.7416      8.172   259.2672 2.9591e+02     2.5077      1.208      1.753    21.5434   997.8967 0.0000e+00
      1.240      0.033     9.6775    109.599     33.399  31.054202     1.7947      8.173   259.3577 2.8463e+02     2.5034      1.217      1.765    21.5293   997.8999 0.0000e+00
      1.247      0.033     9.6662    109.460     33.399  31.050877     1.8254      8.173   259.3641 2.8040e+02     2.5259      1.223      1.772    21.5148   997.9032 0.0000e+00
      1.254      0.033     9.6506    109.275     33.363  31.015226     1.8349      8.173   259.2579 2.6915e+02     2.5179      1.230      1.783    21.5027   997.9059 0.0000e+00
      1.262      0.034     9.6288    109.016     33.355  31.003877     1.8317      8.173   259.1064 2.6679e+02     2.4724      1.236      1.793    21.4922   997.9082 0.0000e+00
      1.271      0.036     9.6127    108.810     33.403  31.040575     1.8208      8.175   258.9945 2.7564e+02     2.4669      1.245      1.806    21.4841   997.9100 0.0000e+00
      1.282      0.038     9.6063    108.700     33.455  31.078194     1.8161      8.176   258.9370 2.7867e+02     2.5165      1.257      1.823    21.4799   997.9110 0.0000e+00
      1.292      0.040     9.6061    108.660     33.469  31.077967     1.8186      8.177   258.9277 2.7487e+02     2.5483      1.267      1.837    21.4765   997.9119 0.0000e+00
      1.302      0.041     9.6137    108.707     33.439  31.037815     1.8246      8.177   259.0544 2.6956e+02     2.5239      1.277      1.852    21.4726   997.9127 0.0000e+00
      1.312      0.040     9.6330    108.880     33.385  30.973440     1.8284      8.177   259.1789 2.7493e+02     2.4836      1.287      1.867    21.4612   997.9153 0.0000e+00
      1.323      0.038     9.6643    109.185     33.358  30.934141     1.8302      8.177   259.0559 2.8758e+02     2.4874      1.298      1.882    21.4415   997.9197 0.0000e+00
      1.333      0.036     9.6969    109.510     33.383  30.943363     1.8286      8.177   258.8574 2.8948e+02     2.5041      1.309      1.898    21.4229   997.9240 0.0000e+00
      1.343      0.033     9.7156    109.690     33.410  30.958018     1.8094      8.178   258.8442 2.8078e+02     2.4882      1.319      1.912    21.4054   997.9279 0.0000e+00
      1.351      0.030     9.7226    109.755     33.443  30.984399     1.7704      8.178   258.8103 2.7362e+02     2.4601      1.325      1.922    21.3838   997.9325 0.0000e+00
      1.357      0.028     9.7334    109.890     33.464  31.008510     1.7477      8.179   258.7919 2.8096e+02     2.4589      1.330      1.930    21.3606   997.9377 0.0000e+00
      1.363      0.028     9.7499    110.101     33.443  30.995733     1.7604      8.180   258.9659 3.0066e+02     2.4734      1.336      1.938    21.3388   997.9426 0.0000e+00
      1.369      0.029     9.7638    110.276     33.395  30.956831     1.7859      8.180   259.0212 3.1216e+02     2.4723      1.342      1.947    21.3212   997.9465 0.0000e+00
      1.376      0.030     9.7725    110.376     33.354  30.918890     1.8040      8.180   258.9451 3.1479e+02     2.4783      1.349      1.956    21.3144   997.9480 0.0000e+00
      1.384      0.031     9.7782    110.421     33.359  30.917729     1.8143      8.180   259.0777 3.1114e+02     2.5124      1.357      1.969    21.3230   997.9462 0.0000e+00
      1.394      0.032     9.7813    110.427     33.396  30.942779     1.8157      8.180   259.3341 3.0143e+02     2.5243      1.367      1.983    21.3381   997.9429 0.0000e+00
      1.403      0.032     9.7775    110.357     33.432  30.967932     1.8116      8.181   259.3773 3.0242e+02     2.4908      1.376      1.995    21.3475   997.9409 0.0000e+00
      1.410      0.032     9.7652    110.192     33.440  30.968017     1.8258      8.181   259.2560 3.0927e+02     2.4673      1.382      2.005    21.3493   997.9404 0.0000e+00
      1.417      0.031     9.7497    109.994     33.422  30.943801     1.8569      8.181   259.1584 3.0811e+02     2.4699      1.389      2.015    21.3389   997.9427 0.0000e+00
      1.427      0.029     9.7357    109.819     33.411  30.928955     1.8754      8.181   259.1429 3.0391e+02     2.4900      1.399      2.030    21.3223   997.9465 0.0000e+00
      1.436      0.028     9.7249    109.693     33.398  30.915415     1.8849      8.182   259.3274 2.9925e+02     2.5136      1.409      2.044    21.3101   997.9493 0.0000e+00
      1.442      0.028     9.7185    109.627     33.387  30.906986     1.8945      8.182   259.5823 3.0407e+02     2.5259      1.415      2.053    21.2983   997.9519 0.0000e+00
      1.447      0.028     9.7155    109.606     33.365  30.890511     1.8871      8.182   259.7289 3.1347e+02     2.5079      1.418      2.057    21.2859   997.9546 0.0000e+00
      1.453      0.029     9.7175    109.631     33.245  30.779675     1.8745      8.181   259.8961 3.0619e+02     2.4598      1.424      2.066    21.2782   997.9563 0.0000e+00
      1.460      0.032     9.7262    109.701     33.041  30.582142     1.8805      8.181   260.1413 2.9897e+02     2.4354      1.432      2.077    21.2757   997.9568 0.0000e+00
      1.469      0.036     9.7367    109.768     32.936  30.469225     1.9070      8.181   260.2846 2.9815e+02     2.4752      1.439      2.088    21.2789   997.9563 0.0000e+00
      1.479      0.038     9.7425    109.785     32.978  30.493102     1.9345      8.181   260.3379 2.9350e+02     2.5152      1.450      2.103    21.2889   997.9541 0.0000e+00
      1.491      0.038     9.7413    109.740     32.985  30.490088     1.9364      8.181   260.4416 3.0636e+02     2.4924      1.462      2.121    21.2938   997.9530 0.0000e+00
      1.502      0.037     9.7349    109.645     32.930  30.432777     1.9295      8.181   260.5055 3.2249e+02     2.4950      1.474      2.137    21.2797   997.9561 0.0000e+00
      1.512      0.036     9.7256    109.519     32.940  30.434692     1.9385      8.181   260.5080 3.0864e+02     2.5791      1.484      2.152    21.2493   997.9627 0.0000e+00
      1.520      0.034     9.7117    109.340     33.032  30.513226     1.9494      8.180   260.4725 2.8904e+02     2.6577      1.490      2.162    21.2238   997.9684 0.0000e+00
      1.527      0.032     9.6963    109.149     33.154  30.620880     1.9480      8.180   260.4200 2.8345e+02     2.6586      1.497      2.173    21.2129   997.9709 0.0000e+00
      1.535      0.031     9.6803    108.951     33.269  30.721046     1.9389      8.180   260.4755 2.8542e+02     2.6546      1.505      2.184    21.2031   997.9729 0.0000e+00
      1.542      0.031     9.6534    108.624     33.334  30.772504     1.9350      8.180   260.7139 2.9962e+02     2.6760      1.512      2.193    21.1917   997.9755 0.0000e+00
      1.550      0.031     9.6186    108.196     33.375  30.798869     1.9443      8.180   261.0652 3.1703e+02     2.6548      1.520      2.203    21.1821   997.9776 0.0000e+00
      1.559      0.031     9.5861    107.788     33.444  30.849442     1.9560      8.180   261.4536 3.1207e+02     2.6274      1.528      2.217    21.1737   997.9795 0.0000e+00
      1.568      0.030     9.5593    107.449     33.486  30.876323     1.9545      8.180   261.8823 2.9275e+02     2.6399      1.538      2.231    21.1664   997.9813 0.0000e+00
      1.577      0.028     9.5418    107.227     33.488  30.870043     1.9436      8.180   262.2056 2.8699e+02     2.6423      1.546      2.242    21.1560   997.9836 0.0000e+00
      1.584      0.025     9.5371    107.161     33.457  30.836953     1.9371      8.179   262.3506 2.8868e+02     2.6238      1.554      2.254    21.1373   997.9877 0.0000e+00
      1.589      0.022     9.5454    107.259     33.408  30.793511     1.9361      8.178   262.3453 2.8486e+02     2.5802      1.559      2.261    21.1153   997.9925 0.0000e+00
      1.593      0.020     9.5645    107.494     33.396  30.788969     1.9411      8.179   262.2270 2.8822e+02     2.5079      1.562      2.266    21.0971   997.9965 0.0000e+00
      1.597      0.019     9.5887    107.788     33.381  30.782054     1.9540      8.179   261.9527 2.9465e+02     2.4703      1.566      2.272    21.0834   997.9995 0.0000e+00
      1.601      0.020     9.6109    108.040     33.371  30.773368     1.9439      8.180   261.6097 2.8453e+02     2.5190      1.571      2.277    21.0774   998.0008 0.0000e+00
      1.606      0.023     9.6284    108.217     33.418  30.810848     1.9065      8.181   261.5213 2.7525e+02     2.6046      1.574      2.283    21.0801   998.0003 0.0000e+00
      1.611      0.026     9.6384    108.306     33.473  30.854490     1.8835      8.181   261.5724 2.8763e+02     2.6207      1.579      2.291    21.0902   997.9981 0.0000e+00
      1.618      0.028     9.6399    108.307     33.481  30.856842     1.8823      8.179   261.5387 3.0008e+02     2.6154      1.586      2.300    21.1062   997.9946 0.0000e+00
      1.628      0.029     9.6331    108.222     33.465  30.839279     1.9007      8.179   261.4592 2.9323e+02     2.6384      1.596      2.315    21.1082   997.9942 0.0000e+00
      1.637      0.031     9.6174    108.047     33.457  30.832496     1.9322      8.179   261.4713 2.8846e+02     2.6373      1.605      2.328    21.0941   997.9974 0.0000e+00
      1.644      0.034     9.5948    107.796     33.462  30.838285     1.9522      8.178   261.5989 2.8754e+02     2.6354      1.612      2.338    21.0826   997.9999 0.0000e+00
      1.650      0.037     9.5682    107.494     33.472  30.845824     1.9589      8.178   261.7115 2.7576e+02     2.6476      1.618      2.346    21.0741   998.0018 0.0000e+00
      1.658      0.041     9.5453    107.224     33.492  30.860188     1.9695      8.177   261.7998 2.6799e+02     2.6544      1.624      2.356    21.0701   998.0027 0.0000e+00
      1.669      0.043     9.5303    107.041     33.524  30.885041     1.9948      8.176   261.8922 2.6426e+02     2.6847      1.636      2.373    21.0718   998.0023 0.0000e+00
      1.684      0.044     9.5218    106.931     33.537  30.892492     2.0132      8.175   262.0546 2.5860e+02     2.7183      1.651      2.394    21.0751   998.0017 0.0000e+00
      1.699      0.041     9.5214    106.917     33.534  30.886818     2.0105      8.175   262.3001 2.6247e+02     2.7009      1.667      2.418    21.0744   998.0019 0.0000e+00
      1.712      0.035     9.5319    107.027     33.529  30.879896     1.9879      8.175   262.4516 2.6954e+02     2.7035      1.681      2.438    21.0669   998.0037 0.0000e+00
      1.720      0.026     9.5516    107.247     33.521  30.872250     1.9569      8.175   262.5108 2.6578e+02     2.7821      1.689      2.449    21.0583   998.0056 0.0000e+00
      1.724      0.016     9.5753    107.518     33.504  30.857830     1.9477      8.174   262.6710 2.5883e+02     2.8655      1.692      2.454    21.0519   998.0070 0.0000e+00
      1.725      0.007     9.5972    107.769     33.474  30.832447     1.9448      8.174   262.9261 2.5641e+02     2.8920      1.693      2.455    21.0468   998.0081 0.0000e+00
      1.724      0.002     9.6138    107.963     33.458  30.819168     1.9310      8.174   263.1857 2.5768e+02     2.8408      1.691      2.453    21.0426   998.0090 0.0000e+00
      1.721      0.003     9.6268    108.114     33.462  30.824184     1.9105      8.173   263.4012 2.6194e+02     2.7047      1.687      2.447    21.0419   998.0091 0.0000e+00
      1.719      0.008     9.6397    108.260     33.467  30.829647     1.8890      8.173   263.5526 2.6373e+02     2.5576      1.684      2.443    21.0449   998.0084 0.0000e+00
      1.720      0.017     9.6499    108.374     33.458  30.821764     1.8875      8.172   263.7248 2.6215e+02     2.5036      1.685      2.443    21.0485   998.0076 0.0000e+00
      1.725      0.027     9.6517    108.392     33.428  30.792319     1.8924      8.171   263.8491 2.5926e+02     2.5108      1.689      2.450    21.0515   998.0070 0.0000e+00
      1.735      0.035     9.6472    108.336     33.359  30.727452     1.9394      8.171   263.8515 2.5391e+02     2.5462      1.699      2.465    21.0545   998.0064 0.0000e+00
      1.749      0.040     9.6405    108.245     33.304  30.672003     2.0567      8.171   263.9253 2.5082e+02     2.6037      1.715      2.488    21.0554   998.0063 0.0000e+00
      1.763      0.043     9.6341    108.134     33.341  30.692976     2.1316      8.171   264.2252 2.5288e+02     2.6499      1.729      2.509    21.0554   998.0064 0.0000e+00
      1.774      0.043     9.6328    108.060     33.398  30.727198     2.1343      8.170   264.6379 2.5503e+02     2.6789      1.740      2.524    21.0540   998.0067 0.0000e+00
      1.783      0.039     9.6358    108.042     33.391  30.705025     2.1154      8.170   264.8720 2.5325e+02     2.6259      1.750      2.538    21.0516   998.0073 0.0000e+00
      1.792      0.035     9.6408    108.066     33.374  30.678688     2.0851      8.170   264.9909 2.4335e+02     2.5335      1.757      2.549    21.0484   998.0080 0.0000e+00
      1.802      0.033     9.6513    108.165     33.363  30.662565     2.0721      8.170   265.2151 2.3136e+02     2.5122      1.767      2.563    21.0282   998.0124 0.0000e+00
      1.810      0.034     9.6679    108.335     33.341  30.636977     2.0702      8.170   265.3461 2.2687e+02     2.4996      1.775      2.576    20.9946   998.0198 0.0000e+00
      1.815      0.035     9.6847    108.506     33.331  30.623113     2.0618      8.169   265.2832 2.2576e+02     2.5118      1.778      2.579    20.9687   998.0253 0.0000e+00
      1.823      0.037     9.6953    108.606     33.336  30.621844     2.0574      8.168   265.3153 2.2271e+02     2.5946      1.786      2.589    20.9551   998.0284 0.0000e+00
      1.834      0.039     9.6979    108.626     33.339  30.621626     2.0603      8.168   265.4759 2.2025e+02     2.6486      1.797      2.607    20.9471   998.0301 0.0000e+00
      1.847      0.039     9.6974    108.619     33.339  30.620469     2.0620      8.169   265.5907 2.2040e+02     2.6727      1.811      2.627    20.9419   998.0312 0.0000e+00
      1.859      0.039     9.6989    108.635     33.325  30.607863     2.0440      8.170   265.7568 2.2440e+02     2.6567      1.824      2.646    20.9334   998.0332 0.0000e+00
      1.869      0.038     9.7014    108.655     33.315  30.596108     2.0075      8.170   265.9356 2.2928e+02     2.5864      1.833      2.658    20.9218   998.0358 0.0000e+00
      1.877      0.035     9.7033    108.655     33.332  30.605242     1.9840      8.170   265.9457 2.2770e+02     2.5764      1.841      2.671    20.9173   998.0367 0.0000e+00
      1.884      0.033     9.7052    108.641     33.329  30.591390     1.9855      8.169   265.9648 2.2492e+02     2.6347      1.848      2.679    20.9188   998.0364 0.0000e+00
      1.892      0.031     9.7087    108.634     33.306  30.555513     1.9999      8.168   266.1663 2.2607e+02     2.6691      1.855      2.690    20.9204   998.0362 0.0000e+00
      1.900      0.031     9.7167    108.684     33.316  30.552168     2.0365      8.168   266.3180 2.2992e+02     2.6637      1.863      2.703    20.9168   998.0369 0.0000e+00
      1.908      0.031     9.7261    108.765     33.322  30.550920     2.0811      8.168   266.3366 2.3459e+02     2.6677      1.870      2.712    20.9062   998.0393 0.0000e+00
      1.916      0.031     9.7320    108.820     33.315  30.540415     2.1060      8.168   266.3916 2.3327e+02     2.6849      1.879      2.726    20.8900   998.0428 0.0000e+00
