Data/DataNotYetUploadedToEDI/Raw_CTD/RawDownloads/061719_FCR50.cnv
* Sea-Bird SBE19plus  Data File:
* FileName = C:\DATA\061719_FCR_0003.hex
* Software version 2.8.0.119 SB_Terminal.dll
* Temperature SN = 7809
* Conductivity SN = 7809
* System UpLoad Time = Jun 17 2019 17:01:01
* <ApplicationData>
* <Seaterm232>
# nquan = 16
# nvalues = 878                         
# units = specified
# name 0 = depFM: Depth [fresh water, m]
# name 1 = dz/dtM: Descent Rate [m/s]
# name 2 = sbeox0Mg/L: Oxygen, SBE 43 [mg/l]
# name 3 = sbeox0PS: Oxygen, SBE 43 [% saturation]
# name 4 = specc: Specific Conductance [uS/cm]
# name 5 = c0uS/cm: Conductivity [uS/cm]
# name 6 = flECO-AFL: Fluorescence, WET Labs ECO-AFL/FL [mg/m^3]
# name 7 = ph: pH
# name 8 = orp: Oxidation Reduction Potential [mV]
# name 9 = par/sat/log: PAR/Logarithmic, Satlantic
# name 10 = turbWETntu0: Turbidity, WET Labs ECO [NTU]
# name 11 = prdM: Pressure, Strain Gauge [db]
# name 12 = prdE: Pressure, Strain Gauge [psi]
# name 13 = tv290C: Temperature [ITS-90, deg C]
# name 14 = density00: Density [density, kg/m^3]
# name 15 = flag:  0.000e+00
# span 0 =     -0.581,      9.633       
# span 1 =     -0.105,      0.180       
# span 2 =     3.8299,    11.3265       
# span 3 =     34.623,    117.275       
# span 4 =      0.927,     58.591       
# span 5 =   0.974986,  57.999341       
# span 6 =    -1.3313,     3.9072       
# span 7 =      7.297,     10.288       
# span 8 = -1240.7455,   435.2813       
# span 9 = 1.2351e-01, 1.7716e+03       
# span 10 =    -9.9491,   851.6011      
# span 11 =     -0.570,      9.447      
# span 12 =     -0.826,     13.701      
# span 13 =    10.3465,    27.6064      
# span 14 =   996.3537,   999.7302      
# span 15 = 0.0000e+00, 0.0000e+00      
# interval = seconds: 0.25
# start_time = Jun 17 2019 09:56:47 [Instrument's time stamp, header]
# bad_flag = -9.990e-29
*END*
[from data line 91]
     -0.114      0.001     6.8464     80.720     34.692  33.718873     0.9621      9.736   311.0149 1.7543e+03     1.5330     -0.112     -0.162    23.5879   997.4160 0.0000e+00
     -0.114      0.001     6.8157     80.362     34.685  33.713727     0.9640      9.735   310.4905 1.7524e+03     1.5105     -0.112     -0.162    23.5871   997.4161 0.0000e+00
     -0.114      0.001     6.7825     79.975     34.678  33.708061     0.9680      9.733   309.6825 1.6902e+03     1.5341     -0.112     -0.162    23.5873   997.4161 0.0000e+00
     -0.114      0.001     6.7461     79.550     34.682  33.713841     0.9768      9.729   309.3338 1.3696e+03     1.5882     -0.111     -0.161    23.5890   997.4157 0.0000e+00
     -0.113      0.001     6.7065     79.085     34.687  33.720141     0.9918      9.723   309.4577 1.1373e+03     1.5755     -0.111     -0.161    23.5913   997.4151 0.0000e+00
     -0.112      0.001     6.6666     78.616     34.687  33.720766     1.0116      9.717   309.6326 1.4402e+03     1.5438     -0.110     -0.160    23.5936   997.4146 0.0000e+00
     -0.112      0.001     6.6270     78.151     34.687  33.721399     1.0254      9.710   309.5554 1.7371e+03     1.5653     -0.110     -0.160    23.5961   997.4140 0.0000e+00
     -0.112      0.000     6.5870     77.681     34.692  33.727801     1.0281      9.702   309.2126 1.7674e+03     1.5738     -0.110     -0.160    23.5991   997.4133 0.0000e+00
     -0.113 3.3552e-08     6.5496     77.244     34.698  33.734716     1.0261      9.694   308.7571 1.7716e+03     1.5474     -0.110     -0.160    23.6013   997.4127 0.0000e+00
     -0.113 3.6907e-07     6.5176     76.870     34.703  33.741540     1.0196      9.686   308.3496 1.7705e+03     1.5416     -0.111     -0.160    23.6021   997.4125 0.0000e+00
     -0.113 3.6910e-07     6.4900     76.548     34.707  33.746846     1.0191      9.678   308.1574 1.7627e+03     1.5691     -0.111     -0.160    23.6028   997.4123 0.0000e+00
     -0.112 3.3860e-08     6.4651     76.257     34.693  33.735412     1.0281      9.668   308.1539 1.6932e+03     1.5854     -0.110     -0.160    23.6042   997.4120 0.0000e+00
     -0.112 6.4370e-09     6.4416     75.982     34.687  33.730221     1.0335      9.659   308.3075 1.4426e+03     1.5739     -0.110     -0.160    23.6062   997.4115 0.0000e+00
     -0.112 3.7533e-08     6.4190     75.717     34.704  33.747544     1.0324      9.650   308.3805 1.0042e+03     1.5621     -0.110     -0.160    23.6090   997.4108 0.0000e+00
     -0.112 4.0983e-07     6.3970     75.462     34.709  33.754478     1.0319      9.640   308.0897 5.9404e+02     1.5408     -0.110     -0.160    23.6121   997.4101 0.0000e+00
     -0.112      0.000     6.3743     75.199     34.703  33.750601     1.0363      9.630   307.7162 4.2784e+02     1.5134     -0.110     -0.160    23.6143   997.4096 0.0000e+00
     -0.112      0.000     6.3507     74.927     34.713  33.764136     1.0424      9.620   307.3921 5.3088e+02     1.5256     -0.110     -0.160    23.6154   997.4093 0.0000e+00
     -0.112      0.001     6.3242     74.624     34.736  33.791195     1.0536      9.611   307.0965 8.0809e+02     1.5571     -0.111     -0.160    23.6168   997.4089 0.0000e+00
     -0.112      0.001     6.2905     74.241     34.762  33.823930     1.0759      9.604   307.4115 1.1404e+03     1.5664     -0.110     -0.159    23.6194   997.4083 0.0000e+00
     -0.111      0.001     6.2521     73.806     34.772  33.842619     1.0956      9.598   308.1897 1.4293e+03     1.5719     -0.109     -0.159    23.6226   997.4075 0.0000e+00
     -0.111      0.001     6.2113     73.345     34.745  33.826787     1.0928      9.593   308.5041 1.6237e+03     1.5910     -0.109     -0.159    23.6266   997.4066 0.0000e+00
     -0.111      0.001     6.1660     72.827     34.732  33.822920     1.0675      9.589   308.3731 1.7230e+03     1.6015     -0.109     -0.158    23.6333   997.4049 0.0000e+00
     -0.110      0.001     6.1180     72.275     34.762  33.859333     1.0412      9.584   307.9828 1.7584e+03     1.5672     -0.108     -0.157    23.6434   997.4025 0.0000e+00
     -0.110      0.001     6.0700     71.720     34.783  33.886287     1.0270      9.579   307.3984 1.7668e+03     1.5371     -0.108     -0.157    23.6579   997.3990 0.0000e+00
     -0.110      0.001     6.0204     71.145     34.785  33.894969     1.0252      9.574   307.2434 1.7688e+03     1.5653     -0.108     -0.157    23.6741   997.3950 0.0000e+00
     -0.109      0.001     5.9704     70.567     34.785  33.900854     1.0458      9.569   307.4857 1.7683e+03     1.5808     -0.107     -0.156    23.6869   997.3919 0.0000e+00
     -0.109      0.001     5.9235     70.023     34.773  33.893981     1.0765      9.564   307.4887 1.7663e+03     1.5605     -0.107     -0.156    23.6966   997.3896 0.0000e+00
     -0.109      0.002     5.8795     69.510     34.749  33.875343     1.0923      9.559   307.2797 1.7653e+03     1.5495     -0.107     -0.155    23.7055   997.3874 0.0000e+00
     -0.109      0.002     5.8381     69.025     34.737  33.865903     1.0981      9.554   307.1957 1.7643e+03     1.5456     -0.107     -0.156    23.7145   997.3852 0.0000e+00
     -0.108      0.000     5.8008     68.587     34.777  33.906768     1.1116      9.550   307.1617 1.7627e+03     1.5460     -0.106     -0.155    23.7234   997.3831 0.0000e+00
     -0.107     -0.007     5.7657     68.173     34.861  33.988667     1.1434      9.554   306.7834 1.7611e+03     1.5538     -0.106     -0.154    23.7317   997.3811 0.0000e+00
     -0.107     -0.020     5.7328     67.786     34.903  34.031105     1.1700      9.560   305.9767 1.7591e+03     1.5415     -0.104     -0.152    23.7374   997.3797 0.0000e+00
     -0.108     -0.038     5.7071     67.485     34.845  33.975631     1.1658      9.565   305.2374 1.7571e+03     1.5288     -0.105     -0.151    23.7418   997.3785 0.0000e+00
     -0.114     -0.058     5.6892     67.280     34.752  33.889121     1.1264      9.569   304.9003 1.7607e+03     1.4984     -0.108     -0.157    23.7425   997.3784 0.0000e+00
     -0.132     -0.073     5.6797     67.182     34.793  33.937084     1.0666      9.566   304.6535 1.7639e+03     1.4366     -0.123     -0.178    23.7435   997.3781 0.0000e+00
     -0.165     -0.087     5.6845     67.264     34.958  34.111308     1.0316      9.556   304.1456 1.7502e+03     1.4041     -0.160     -0.231    23.7449   997.3776 0.0000e+00
     -0.201     -0.099     5.7108     67.655     35.024  34.218668     1.0336      9.554   303.4062 1.7343e+03     1.4007     -0.204     -0.295    23.7473   997.3768 0.0000e+00
     -0.225     -0.105     5.7768     68.606     34.932  34.219787     1.0644      9.558   302.7682 1.7229e+03     1.8863     -0.225     -0.327    23.7490   997.3762 0.0000e+00
     -0.242     -0.101     5.9128     70.421     34.792  34.188441     1.3780      9.554   302.5409 1.7103e+03     7.7671     -0.232     -0.336    23.7639   997.3726 0.0000e+00
     -0.268     -0.089     6.1335     73.194     34.685  34.157153     1.9642      9.543   302.5506 1.7156e+03    18.5620     -0.258     -0.374    23.7728   997.3704 0.0000e+00
     -0.302     -0.073     6.4224     76.710     34.651  34.158922     2.2913      9.532   302.5411 1.7271e+03    24.6192     -0.301     -0.437    23.8077   997.3617 0.0000e+00
     -0.325     -0.057     6.7457     80.591     34.693  34.209870     2.3253      9.523   302.2545 1.7259e+03    27.5526     -0.326     -0.472    23.9682   997.3221 0.0000e+00
     -0.335     -0.038     7.0668     84.429     34.748  34.265455     2.3405      9.517   301.6663 1.7209e+03    54.5866     -0.331     -0.479    24.1506   997.2770 0.0000e+00
     -0.337     -0.014     7.3435     87.734     34.743  34.259811     2.3616      9.509   301.1936 1.6691e+03   104.0869     -0.333     -0.482    24.2562   997.2507 0.0000e+00
     -0.336      0.010     7.5333     90.006     34.686  34.205103     2.3724      9.498   300.9272 1.5477e+03   130.8685     -0.330     -0.479    24.2975   997.2403 0.0000e+00
     -0.330      0.027     7.6171     91.012     34.654  34.175166     2.3408      9.483   300.6832 1.4132e+03   130.4130     -0.326     -0.472    24.3005   997.2396 0.0000e+00
     -0.319      0.035     7.6021     90.830     34.696  34.215170     1.9188      9.471   300.3080 1.1870e+03    98.1869     -0.316     -0.458    24.2995   997.2400 0.0000e+00
     -0.304      0.040     7.5136     89.755     34.797  34.307995     1.1456      9.465   299.8322 9.2822e+02    38.7644     -0.297     -0.431    24.2971   997.2407 0.0000e+00
     -0.289      0.042     7.3843     88.189     34.909  34.408990     0.7344      9.462   299.5763 7.5388e+02     6.3627     -0.281     -0.407    24.3003   997.2399 0.0000e+00
     -0.279      0.044     7.2404     86.464     34.988  34.484298     0.7011      9.454   299.6236 5.4318e+02     3.3701     -0.273     -0.395    24.3047   997.2388 0.0000e+00
     -0.273      0.046     7.1022     84.831     35.017  34.520415     0.6739      9.439   299.6291 3.8073e+02     2.7118     -0.268     -0.389    24.3048   997.2388 0.0000e+00
     -0.265      0.049     6.9863     83.479     35.010  34.528362     0.6391      9.422   299.4702 3.6506e+02     1.9761     -0.262     -0.380    24.2944   997.2415 0.0000e+00
     -0.252      0.052     6.9009     82.494     34.982  34.516938     0.6274      9.405   299.5102 4.9461e+02     1.6194     -0.249     -0.362    24.2752   997.2464 0.0000e+00
     -0.235      0.056     6.8410     81.808     34.960  34.509248     0.6276      9.381   299.5966 7.6086e+02     1.6099     -0.230     -0.334    24.2673   997.2485 0.0000e+00
     -0.216      0.056     6.7982     81.317     34.940  34.498858     0.6412      9.348   299.3099 1.0169e+03     1.5667     -0.211     -0.306    24.2824   997.2448 0.0000e+00
     -0.199      0.052     6.7651     80.933     34.890  34.454801     0.6707      9.318   299.0547 1.2378e+03     1.5234     -0.194     -0.281    24.3064   997.2388 0.0000e+00
     -0.185      0.044     6.7297     80.515     34.853  34.420818     0.6813      9.297   299.1781 1.4238e+03     1.5119     -0.181     -0.261    24.3309   997.2328 0.0000e+00
     -0.174      0.034     6.6846     79.976     34.836  34.405307     0.6824      9.287   299.3401 1.5133e+03     1.5269     -0.169     -0.245    24.3517   997.2277 0.0000e+00
     -0.168      0.024     6.6297     79.322     34.824  34.394192     0.6927      9.289   299.1200 1.5804e+03     1.5401     -0.163     -0.237    24.3638   997.2246 0.0000e+00
     -0.165      0.016     6.5647     78.548     34.842  34.413353     0.7201      9.300   298.4095 1.6393e+03     1.5411     -0.162     -0.236    24.3725   997.2225 0.0000e+00
     -0.164      0.011     6.4940     77.705     34.874  34.446585     0.7619      9.314   297.5471 1.6629e+03     1.5384     -0.160     -0.232    24.3759   997.2216 0.0000e+00
     -0.163      0.008     6.4243     76.872     34.905  34.478676     0.7908      9.325   296.9528 1.6986e+03     1.5396     -0.160     -0.231    24.3752   997.2218 0.0000e+00
     -0.162      0.007     6.3571     76.071     34.910  34.484040     0.8008      9.331   296.5578 1.7199e+03     1.5563     -0.160     -0.232    24.3764   997.2215 0.0000e+00
     -0.160      0.006     6.2964     75.347     34.872  34.447976     0.7781      9.334   296.3850 1.7184e+03     1.5104     -0.157     -0.228    24.3795   997.2207 0.0000e+00
     -0.156      0.006     6.2469     74.756     34.847  34.423426     0.7411      9.334   296.3264 1.7344e+03     1.3785     -0.152     -0.221    24.3816   997.2202 0.0000e+00
     -0.154      0.005     6.2055     74.261     34.864  34.441076     0.7266      9.332   295.9350 1.7540e+03     1.3048     -0.149     -0.217    24.3829   997.2200 0.0000e+00
     -0.155      0.003     6.1677     73.810     34.893  34.470973     0.7251      9.328   295.3530 1.7551e+03     1.3077     -0.152     -0.220    24.3841   997.2196 0.0000e+00
     -0.155      0.000     6.1343     73.413     34.888  34.467588     0.7049      9.325   294.9670 1.7509e+03     1.3145     -0.153     -0.221    24.3855   997.2193 0.0000e+00
     -0.155     -0.002     6.1060     73.078     34.882  34.463615     0.6555      9.323   294.8822 1.7514e+03     1.3220     -0.150     -0.218    24.3869   997.2190 0.0000e+00
     -0.155     -0.002     6.0776     72.743     34.903  34.486401     0.6223      9.322   294.9302 1.7477e+03     1.3326     -0.152     -0.220    24.3877   997.2188 0.0000e+00
     -0.157     -0.002     6.0472     72.383     34.904  34.489239     0.6236      9.323   295.1162 1.7410e+03     1.3441     -0.155     -0.225    24.3885   997.2186 0.0000e+00
     -0.158     -0.001     6.0175     72.031     34.911  34.497922     0.6459      9.324   295.7552 1.7385e+03     1.3957     -0.156     -0.226    24.3904   997.2180 0.0000e+00
     -0.157     -0.001     5.9889     71.693     34.939  34.527923     0.6749      9.321   296.4622 1.7357e+03     1.4980     -0.154     -0.222    24.3938   997.2171 0.0000e+00
     -0.157     -0.002     5.9625     71.381     34.944  34.534658     0.6875      9.316   296.6088 1.7383e+03     1.5653     -0.153     -0.221    24.3971   997.2163 0.0000e+00
     -0.157     -0.003     5.9382     71.094     34.923  34.515893     0.6953      9.311   296.2371 1.7455e+03     1.5865     -0.154     -0.223    24.3997   997.2157 0.0000e+00
     -0.157     -0.004     5.9130     70.796     34.896  34.491442     0.7084      9.306   295.5816 1.7487e+03     1.5901     -0.154     -0.224    24.4017   997.2152 0.0000e+00
     -0.158     -0.004     5.8871     70.490     34.895  34.492887     0.7248      9.301   295.0493 1.7516e+03     1.5766     -0.154     -0.224    24.4047   997.2145 0.0000e+00
     -0.162     -0.004     5.8617     70.189     34.935  34.533364     0.7374      9.296   295.3078 1.7535e+03     1.5541     -0.158     -0.230    24.4088   997.2134 0.0000e+00
     -0.167     -0.006     5.8382     69.910     34.937  34.536597     0.7302      9.293   296.1265 1.7538e+03     1.5145     -0.166     -0.240    24.4114   997.2127 0.0000e+00
     -0.166     -0.009     5.8219     69.725     34.862  34.468511     0.7242      9.289   296.6015 1.7529e+03     1.4588     -0.167     -0.240    24.4141   997.2121 0.0000e+00
     -0.162     -0.011     5.8189     69.700     34.795  34.408271     0.7255      9.280   296.5766 1.7466e+03     1.4055     -0.156     -0.226    24.4183   997.2111 0.0000e+00
     -0.164     -0.011     5.8256     69.789     34.761  34.379432     0.7119      9.271   296.3425 1.7217e+03     1.3614     -0.156     -0.226    24.4195   997.2108 0.0000e+00
     -0.174     -0.011     5.8346     69.900     34.754  34.373691     0.6982      9.262   296.3522 1.6340e+03     1.3183     -0.174     -0.252    24.4189   997.2109 0.0000e+00
     -0.182     -0.010     5.8427     69.994     34.784  34.402329     0.6907      9.254   296.5221 1.4901e+03     1.3099     -0.180     -0.262    24.4283   997.2085 0.0000e+00
     -0.183     -0.007     5.8485     70.056     34.794  34.408365     0.6904      9.247   296.4173 1.2889e+03     1.3592     -0.178     -0.258    24.4410   997.2053 0.0000e+00
     -0.182     -0.000     5.8540     70.108     34.520  34.129335     0.7109      9.239   296.1182 9.9622e+02     1.4222     -0.180     -0.260    24.4467   997.2038 0.0000e+00
     -0.181      0.007     5.8681     70.203     33.925  33.503682     0.7307      9.228   295.9163 7.0451e+02     1.4166     -0.177     -0.257    24.4491   997.2032 0.0000e+00
     -0.178      0.011     5.9327     70.761     33.524  32.999524     0.7217      9.213   295.8695 4.9260e+02     1.3571     -0.174     -0.253    24.4462   997.2040 0.0000e+00
     -0.174      0.012     6.1496     73.009     33.544  32.856595     0.6806      9.200   295.4660 3.6832e+02     1.3903     -0.172     -0.251    24.4393   997.2057 0.0000e+00
