Data/DataNotYetUploadedToEDI/Raw_CTD/RawDownloads/061719_FCR30.cnv
* Sea-Bird SBE19plus  Data File:
* FileName = C:\DATA\061719_FCR_0006.hex
* Software version 2.8.0.119 SB_Terminal.dll
* Temperature SN = 7809
* Conductivity SN = 7809
* System UpLoad Time = Jun 17 2019 17:02:03
* <ApplicationData>
* <Seaterm232>
# nquan = 16
# nvalues = 809                         
# units = specified
# name 0 = depFM: Depth [fresh water, m]
# name 1 = dz/dtM: Descent Rate [m/s]
# name 2 = sbeox0Mg/L: Oxygen, SBE 43 [mg/l]
# name 3 = sbeox0PS: Oxygen, SBE 43 [% saturation]
# name 4 = specc: Specific Conductance [uS/cm]
# name 5 = c0uS/cm: Conductivity [uS/cm]
# name 6 = flECO-AFL: Fluorescence, WET Labs ECO-AFL/FL [mg/m^3]
# name 7 = ph: pH
# name 8 = orp: Oxidation Reduction Potential [mV]
# name 9 = par/sat/log: PAR/Logarithmic, Satlantic
# name 10 = turbWETntu0: Turbidity, WET Labs ECO [NTU]
# name 11 = prdM: Pressure, Strain Gauge [db]
# name 12 = prdE: Pressure, Strain Gauge [psi]
# name 13 = tv290C: Temperature [ITS-90, deg C]
# name 14 = density00: Density [density, kg/m^3]
# name 15 = flag:  0.000e+00
# span 0 =     -0.561,      5.149       
# span 1 =     -0.022,      0.111       
# span 2 =     2.3293,    10.2738       
# span 3 =     21.398,    111.143       
# span 4 =      1.403,     38.128       
# span 5 =   1.331795,  32.752431       
# span 6 =    -0.4855,     3.7752       
# span 7 =      6.597,      8.827       
# span 8 =   258.0382,   659.8130       
# span 9 = 1.0369e+01, 2.3873e+03       
# span 10 =    -3.2199,    11.0334      
# span 11 =     -0.550,      5.050      
# span 12 =     -0.798,      7.325      
# span 13 =    10.3913,    24.0142      
# span 14 =   997.3111,   999.7052      
# span 15 = 0.0000e+00, 0.0000e+00      
# interval = seconds: 0.25
# start_time = Jun 17 2019 11:22:06 [Instrument's time stamp, header]
# bad_flag = -9.990e-29
*END*
[from data line 181]
     -0.135     -0.001     6.7702     80.279     33.429  32.694527     0.9579      8.159   291.1980 2.2019e+03     1.6286     -0.133     -0.192    23.7721   997.3706 0.0000e+00
     -0.136      0.000     7.4218     87.991     33.415  32.675347     0.9585      8.159   291.2042 2.2040e+03     1.6770     -0.134     -0.194    23.8184   997.3594 0.0000e+00
     -0.136      0.001     7.9648     94.416     33.417  32.671888     0.9378      8.161   291.2895 2.2152e+03     1.6458     -0.135     -0.195    23.8845   997.3431 0.0000e+00
     -0.136      0.002     8.3432     98.892     33.401  32.652693     0.9074      8.162   291.2825 2.2266e+03     1.5797     -0.134     -0.194    23.9064   997.3378 0.0000e+00
     -0.135      0.003     8.5344    101.154     33.383  32.633646     0.9029      8.161   291.2055 2.2326e+03     1.5657     -0.131     -0.190    23.8979   997.3398 0.0000e+00
     -0.133      0.003     8.5396    101.212     33.383  32.631966     0.9095      8.160   291.1330 2.2337e+03     1.5752     -0.129     -0.188    23.8869   997.3426 0.0000e+00
     -0.132      0.002     8.3794     99.310     33.384  32.632380     0.9185      8.157   291.1810 2.2342e+03     1.5635     -0.129     -0.188    23.8784   997.3446 0.0000e+00
     -0.132      0.001     8.1100     96.115     33.392  32.638650     0.9419      8.156   291.3555 2.2380e+03     1.5874     -0.130     -0.188    23.8739   997.3457 0.0000e+00
     -0.132      0.000     7.8108     92.565     33.399  32.644315     0.9585      8.155   291.5216 2.2485e+03     1.6019     -0.130     -0.189    23.8720   997.3462 0.0000e+00
     -0.132     -0.001     7.5397     89.348     33.394  32.637402     0.9628      8.154   291.6415 2.2582e+03     1.5762     -0.129     -0.188    23.8699   997.3467 0.0000e+00
     -0.132     -0.001     7.3138     86.668     33.375  32.618525     0.9592      8.152   291.5997 2.2574e+03     1.6047     -0.130     -0.188    23.8681   997.3472 0.0000e+00
     -0.132     -0.001     7.1337     84.531     33.363  32.606465     0.9320      8.150   291.5323 2.2471e+03     1.6505     -0.129     -0.188    23.8676   997.3472 0.0000e+00
     -0.133     -0.001     6.9932     82.866     33.377  32.618504     0.9034      8.147   291.6010 2.2355e+03     1.6388     -0.130     -0.189    23.8651   997.3479 0.0000e+00
     -0.134     -0.001     6.8801     81.523     33.397  32.637161     0.8993      8.146   291.5705 2.2255e+03     1.5940     -0.131     -0.190    23.8621   997.3486 0.0000e+00
     -0.134      0.000     6.7857     80.403     33.402  32.641670     0.8994      8.145   291.4211 2.2190e+03     1.5672     -0.132     -0.192    23.8603   997.3489 0.0000e+00
     -0.134      0.002     6.7043     79.438     33.370  32.609564     0.8965      8.145   291.3432 2.2215e+03     1.5768     -0.133     -0.192    23.8594   997.3492 0.0000e+00
     -0.133      0.003     6.6293     78.547     33.326  32.566258     0.8900      8.144   291.3172 2.2305e+03     1.5794     -0.131     -0.189    23.8587   997.3494 0.0000e+00
     -0.132      0.004     6.5593     77.715     33.324  32.562277     0.8903      8.141   291.1930 2.2381e+03     1.5659     -0.130     -0.188    23.8574   997.3497 0.0000e+00
     -0.130      0.004     6.4957     76.958     33.324  32.561436     0.9002      8.139   290.9601 2.2410e+03     1.5772     -0.128     -0.185    23.8563   997.3500 0.0000e+00
     -0.129      0.004     6.4368     76.258     33.319  32.556082     0.9059      8.139   290.6517 2.2410e+03     1.6179     -0.126     -0.183    23.8551   997.3503 0.0000e+00
     -0.129      0.005     6.3815     75.602     33.325  32.561009     0.9072      8.139   290.3906 2.2370e+03     1.6328     -0.127     -0.184    23.8536   997.3507 0.0000e+00
     -0.128      0.006     6.3307     74.999     33.322  32.557546     0.8978      8.137   290.2979 2.2280e+03     1.5929     -0.126     -0.182    23.8521   997.3510 0.0000e+00
     -0.127      0.009     6.2846     74.451     33.344  32.577667     0.8881      8.132   290.2184 2.2250e+03     1.5612     -0.124     -0.180    23.8505   997.3515 0.0000e+00
     -0.126      0.014     6.2432     73.959     33.382  32.613912     0.8853      8.127   290.0315 2.2493e+03     1.5126     -0.124     -0.179    23.8493   997.3517 0.0000e+00
     -0.122      0.019     6.2038     73.491     33.383  32.615013     0.8726      8.124   288.7266 2.2908e+03     1.3986     -0.121     -0.175    23.8482   997.3520 0.0000e+00
     -0.115      0.024     6.1645     73.024     33.359  32.590987     0.8565      8.124   281.6693 2.3124e+03     1.3296     -0.114     -0.165    23.8468   997.3524 0.0000e+00
     -0.107      0.029     6.1290     72.601     33.346  32.577256     0.8464      8.125   270.2642 2.3201e+03     1.3331     -0.105     -0.153    23.8455   997.3528 0.0000e+00
     -0.099      0.033     6.0982     72.236     33.345  32.575906     0.8717      8.130   263.7116 2.3281e+03     1.4082     -0.097     -0.141    23.8442   997.3531 0.0000e+00
     -0.090      0.037     6.0690     71.889     33.344  32.574653     0.9362      8.134   262.1530 2.2941e+03     1.5494     -0.089     -0.129    23.8435   997.3533 0.0000e+00
     -0.080      0.041     6.0402     71.546     33.332  32.562108     0.9675      8.135   261.2284 2.1601e+03     1.5984     -0.079     -0.114    23.8426   997.3536 0.0000e+00
     -0.070      0.045     6.0122     71.214     33.322  32.551140     0.9640      8.135   260.6202 1.9873e+03     1.5746     -0.070     -0.101    23.8415   997.3539 0.0000e+00
     -0.060      0.047     5.9866     70.910     33.340  32.568962     0.9810      8.135   260.2200 1.8908e+03     1.5892     -0.060     -0.088    23.8406   997.3541 0.0000e+00
     -0.045      0.048     5.9627     70.627     33.359  32.587213     1.0169      8.135   260.0032 1.8980e+03     1.6111     -0.045     -0.066    23.8397   997.3545 0.0000e+00
     -0.030      0.046     5.9399     70.356     33.354  32.581434     1.0338      8.136   261.0099 1.7870e+03     1.5776     -0.028     -0.041    23.8384   997.3548 0.0000e+00
     -0.015      0.042     5.9195     70.115     33.334  32.562553     1.0295      8.137   268.8643 1.2424e+03     1.5111     -0.014     -0.020    23.8377   997.3550 0.0000e+00
     -0.005      0.036     5.9001     69.886     33.320  32.549298     1.0251      8.137   282.0078 6.0223e+02     1.5282     -0.004     -0.005    23.8385   997.3550 0.0000e+00
      0.002      0.029     5.8799     69.646     33.319  32.548093     1.0245      8.136   288.8898 3.3638e+02     1.5883      0.003      0.005    23.8379   997.3552 0.0000e+00
      0.006      0.023     5.8600     69.410     33.319  32.547983     1.0307      8.134   289.4378 2.8047e+02     1.6149      0.007      0.011    23.8367   997.3554 0.0000e+00
      0.009      0.020     5.8422     69.200     33.318  32.547964     1.0306      8.131   289.4082 2.4872e+02     1.6206      0.009      0.013    23.8376   997.3553 0.0000e+00
      0.013      0.019     5.8271     69.023     33.317  32.547859     1.0235      8.130   289.3920 2.3911e+02     1.5913      0.011      0.015    23.8380   997.3551 0.0000e+00
      0.018      0.020     5.8158     68.889     33.316  32.546714     1.0402      8.130   289.3278 2.3489e+02     1.5887      0.017      0.025    23.8372   997.3553 0.0000e+00
      0.024      0.024     5.8061     68.774     33.304  32.534126     1.0764      8.130   289.1473 2.3225e+02     1.6212      0.024      0.035    23.8368   997.3555 0.0000e+00
      0.029      0.029     5.7925     68.615     33.291  32.522579     1.0889      8.128   289.1895 2.2648e+02     1.5918      0.028      0.041    23.8384   997.3551 0.0000e+00
      0.035      0.033     5.7782     68.449     33.301  32.534022     1.0779      8.124   289.6656 2.1864e+02     1.5278      0.033      0.048    23.8401   997.3547 0.0000e+00
      0.044      0.034     5.7676     68.324     33.312  32.545559     1.0734      8.122   290.1717 2.5472e+02     1.5033      0.041      0.059    23.8393   997.3549 0.0000e+00
      0.057      0.031     5.7574     68.203     33.302  32.535157     1.0781      8.123   290.4045 8.2428e+02     1.5249      0.055      0.080    23.8383   997.3552 0.0000e+00
      0.070      0.026     5.7449     68.055     33.302  32.535165     1.0827      8.125   290.4155 1.6891e+03     1.5595      0.070      0.101    23.8405   997.3548 0.0000e+00
      0.078      0.021     5.7306     67.885     33.313  32.545663     1.0852      8.125   289.7033 1.8149e+03     1.5606      0.080      0.115    23.8441   997.3539 0.0000e+00
      0.079      0.019     5.7136     67.683     33.302  32.535164     1.1006      8.124   283.5133 1.5265e+03     1.5384      0.079      0.114    23.8442   997.3538 0.0000e+00
      0.076      0.024     5.6938     67.448     33.302  32.535145     1.1296      8.123   272.0142 1.4373e+03     1.5532      0.075      0.108    23.8436   997.3540 0.0000e+00
      0.076      0.034     5.6769     67.247     33.313  32.545435     1.1491      8.122   264.6709 1.4138e+03     1.6082      0.072      0.105    23.8432   997.3541 0.0000e+00
      0.081      0.044     5.6721     67.187     33.303  32.532660     1.1555      8.124   262.7843 1.6033e+03     1.6137      0.074      0.108    23.8432   997.3542 0.0000e+00
      0.098      0.051     5.6950     67.450     33.281  32.507591     1.1549      8.126   261.8512 1.8190e+03     1.5543      0.091      0.131    23.8435   997.3541 0.0000e+00
      0.126      0.053     5.7688     68.318     33.272  32.496156     1.1763      8.127   261.1314 1.5257e+03     1.5458      0.125      0.182    23.8431   997.3543 0.0000e+00
      0.151      0.049     5.9113     70.004     33.298  32.521322     1.2318      8.129   260.6208 1.2462e+03     1.6090      0.155      0.226    23.8431   997.3545 0.0000e+00
      0.161      0.040     6.1197     72.472     33.336  32.558023     1.2713      8.131   260.1506 1.4411e+03     1.6300      0.162      0.235    23.8394   997.3554 0.0000e+00
      0.161      0.030     6.3607     75.324     33.339  32.559157     1.2816      8.131   259.6623 1.5465e+03     1.5696      0.157      0.229    23.8315   997.3574 0.0000e+00
      0.159      0.024     6.5892     78.026     33.316  32.535032     1.2786      8.130   259.2763 1.3917e+03     1.5681      0.155      0.224    23.8269   997.3585 0.0000e+00
      0.160      0.025     6.7769     80.246     33.302  32.520165     1.2776      8.129   259.0115 1.3333e+03     1.7092      0.155      0.225    23.8271   997.3584 0.0000e+00
      0.167      0.033     6.9079     81.796     33.288  32.506321     1.2867      8.128   258.7839 1.3665e+03     1.8347      0.160      0.233    23.8274   997.3584 0.0000e+00
      0.180      0.040     6.9733     82.570     33.276  32.494566     1.2758      8.127   258.5894 1.3298e+03     1.8392      0.174      0.253    23.8251   997.3590 0.0000e+00
      0.197      0.043     6.9782     82.626     33.288  32.504950     1.2149      8.127   258.4679 1.2772e+03     1.7964      0.193      0.280    23.8220   997.3599 0.0000e+00
      0.213      0.040     6.9361     82.123     33.290  32.504949     1.1316      8.127   258.3466 1.2330e+03     1.7765      0.210      0.305    23.8204   997.3603 0.0000e+00
      0.225      0.033     6.8651     81.277     33.281  32.494557     1.0931      8.128   258.2407 1.1432e+03     1.7950      0.223      0.323    23.8203   997.3604 0.0000e+00
      0.231      0.024     6.7851     80.326     33.296  32.506209     1.0959      8.129   258.2207 9.9734e+02     1.8244      0.229      0.331    23.8201   997.3604 0.0000e+00
      0.231      0.016     6.7101     79.432     33.311  32.518909     1.0949      8.129   258.1907 8.4824e+02     1.7705      0.228      0.330    23.8182   997.3609 0.0000e+00
      0.231      0.011     6.6436     78.639     33.316  32.521189     1.0899      8.130   258.1361 7.8044e+02     1.6688      0.226      0.328    23.8158   997.3615 0.0000e+00
      0.232      0.008     6.5836     77.923     33.332  32.533778     1.0882      8.130   258.1623 7.8125e+02     1.6431      0.227      0.330    23.8131   997.3622 0.0000e+00
      0.235      0.008     6.5296     77.277     33.346  32.544190     1.0830      8.131   258.1631 8.4185e+02     1.6235      0.230      0.334    23.8094   997.3631 0.0000e+00
      0.238      0.009     6.4825     76.711     33.325  32.520162     1.0793      8.132   258.0603 1.0267e+03     1.5630      0.233      0.339    23.8057   997.3640 0.0000e+00
      0.242      0.010     6.4404     76.205     33.305  32.497087     1.0774      8.132   258.0382 1.1609e+03     1.5340      0.238      0.345    23.8019   997.3650 0.0000e+00
      0.245      0.012     6.4016     75.738     33.331  32.519028     1.0784      8.132   258.1538 1.5142e+03     1.5680      0.241      0.349    23.7973   997.3661 0.0000e+00
      0.246      0.017     6.3672     75.316     33.351  32.531607     1.0905      8.130   258.1668 2.3148e+03     1.6138      0.241      0.350    23.7918   997.3675 0.0000e+00
      0.248      0.026     6.3397     74.956     33.359  32.522255     1.1292      8.127   258.1098 2.3873e+03     1.6613      0.243      0.352    23.7866   997.3689 0.0000e+00
      0.252      0.038     6.3222     74.693     33.397  32.532842     1.1816      8.123   258.1528 1.7729e+03     1.7489      0.246      0.356    23.7818   997.3699 0.0000e+00
      0.260      0.050     6.3156     74.557     33.425  32.532647     1.2037      8.120   258.2564 1.4803e+03     1.7888      0.251      0.364    23.7771   997.3711 0.0000e+00
      0.278      0.059     6.3204     74.549     33.443  32.519866     1.2063      8.120   258.3299 1.1289e+03     1.7831      0.268      0.390    23.7727   997.3723 0.0000e+00
      0.303      0.064     6.3417     74.722     33.467  32.505185     1.2129      8.120   258.3530 9.7663e+02     1.8104      0.298      0.433    23.7484   997.3783 0.0000e+00
      0.327      0.064     6.3848     75.158     33.479  32.482009     1.2148      8.120   258.3640 1.1202e+03     1.8243      0.323      0.469    23.6973   997.3910 0.0000e+00
      0.343      0.059     6.4506     75.863     33.524  32.493428     1.2114      8.120   258.3769 1.0335e+03     1.7878      0.339      0.491    23.6599   997.4001 0.0000e+00
      0.353      0.049     6.5328     76.751     33.585  32.516289     1.2056      8.120   258.5086 9.7301e+02     1.7284      0.349      0.505    23.6210   997.4096 0.0000e+00
      0.360      0.038     6.6190     77.688     33.609  32.504524     1.2053      8.120   258.6662 9.9742e+02     1.7298      0.353      0.511    23.5530   997.4261 0.0000e+00
      0.369      0.029     6.6994     78.565     33.612  32.478057     1.1998      8.120   258.8201 1.0873e+03     1.7061      0.362      0.523    23.5037   997.4381 0.0000e+00
      0.378      0.025     6.7758     79.390     33.616  32.450062     1.1654      8.118   258.9931 1.1680e+03     1.5731      0.373      0.539    23.4639   997.4479 0.0000e+00
      0.383      0.029     6.8565     80.252     33.623  32.419835     1.1360      8.112   258.9506 1.0225e+03     1.4985      0.377      0.548    23.4012   997.4630 0.0000e+00
      0.383      0.035     6.9448     81.200     33.607  32.366365     1.1393      8.107   258.9087 7.8505e+02     1.4915      0.375      0.545    23.3479   997.4757 0.0000e+00
      0.387      0.043     7.0385     82.228     33.579  32.311186     1.1523      8.107   259.0022 6.6926e+02     1.4891      0.375      0.543    23.3086   997.4852 0.0000e+00
      0.402      0.051     7.1380     83.338     33.550  32.260297     1.1628      8.107   259.0485 7.2916e+02     1.5020      0.392      0.568    23.2643   997.4960 0.0000e+00
      0.422      0.059     7.2435     84.514     33.506  32.195253     1.1626      8.108   259.1246 8.3661e+02     1.5167      0.416      0.604    23.2064   997.5099 0.0000e+00
      0.442      0.064     7.3522     85.733     33.490  32.159301     1.1491      8.110   259.3202 8.3074e+02     1.5678      0.434      0.629    23.1416   997.5254 0.0000e+00
