Data/DataNotYetUploadedToEDI/Raw_CTD/RawDownloads/061719_FCR10.cnv
* Sea-Bird SBE19plus  Data File:
* FileName = C:\DATA\061719_FCR_0004.hex
* Software version 2.8.0.119 SB_Terminal.dll
* Temperature SN = 7809
* Conductivity SN = 7809
* System UpLoad Time = Jun 17 2019 17:01:19
* <ApplicationData>
* <Seaterm232>
# nquan = 16
# nvalues = 585                         
# units = specified
# name 0 = depFM: Depth [fresh water, m]
# name 1 = dz/dtM: Descent Rate [m/s]
# name 2 = sbeox0Mg/L: Oxygen, SBE 43 [mg/l]
# name 3 = sbeox0PS: Oxygen, SBE 43 [% saturation]
# name 4 = specc: Specific Conductance [uS/cm]
# name 5 = c0uS/cm: Conductivity [uS/cm]
# name 6 = flECO-AFL: Fluorescence, WET Labs ECO-AFL/FL [mg/m^3]
# name 7 = ph: pH
# name 8 = orp: Oxidation Reduction Potential [mV]
# name 9 = par/sat/log: PAR/Logarithmic, Satlantic
# name 10 = turbWETntu0: Turbidity, WET Labs ECO [NTU]
# name 11 = prdM: Pressure, Strain Gauge [db]
# name 12 = prdE: Pressure, Strain Gauge [psi]
# name 13 = tv290C: Temperature [ITS-90, deg C]
# name 14 = density00: Density [density, kg/m^3]
# name 15 = flag:  0.000e+00
# span 0 =     -0.573,      2.313       
# span 1 =     -0.014,      0.096       
# span 2 =     5.3585,    10.0985       
# span 3 =     63.722,    112.636       
# span 4 =     -0.231,     37.062       
# span 5 =  -0.233805,  34.078960       
# span 6 =    -1.2222,    13.3547       
# span 7 =      6.589,     10.135       
# span 8 = -1240.7455,   347.5446       
# span 9 = 7.4153e+01, 2.1758e+03       
# span 10 =    -1.6223,    51.8379      
# span 11 =     -0.562,      2.269      
# span 12 =     -0.815,      3.291      
# span 13 =    20.3087,    25.5257      
# span 14 =   996.9126,   998.1689      
# span 15 = 0.0000e+00, 0.0000e+00      
# interval = seconds: 0.25
# start_time = Jun 17 2019 10:51:51 [Instrument's time stamp, header]
# bad_flag = -9.990e-29
*END*
[from data line 272]
      0.316      0.052     9.1956    105.968     33.177  31.446390     1.4946      8.727   277.1857 1.1995e+02     2.0159      0.310      0.450    22.4181   997.6944 0.0000e+00
      0.327      0.043     9.1760    105.740     33.193  31.460840     1.4774      8.723   277.3282 1.2831e+02     2.0100      0.321      0.465    22.4060   997.6973 0.0000e+00
      0.337      0.034     9.1627    105.592     33.222  31.490326     1.4753      8.719   277.2796 1.3602e+02     2.0350      0.331      0.481    22.3984   997.6990 0.0000e+00
      0.347      0.026     9.1546    105.504     33.215  31.485626     1.4688      8.717   277.2001 1.4606e+02     2.0886      0.341      0.494    22.3912   997.7007 0.0000e+00
      0.353      0.020     9.1523    105.482     33.195  31.467472     1.4420      8.717   277.1409 1.5846e+02     2.1012      0.346      0.502    22.3843   997.7023 0.0000e+00
      0.356      0.018     9.1570    105.535     33.189  31.461199     1.4197      8.717   276.9944 1.7326e+02     2.0572      0.350      0.508    22.3848   997.7022 0.0000e+00
      0.357      0.023     9.1678    105.651     33.204  31.473229     1.4250      8.712   276.8922 1.9038e+02     2.0155      0.350      0.508    22.3882   997.7014 0.0000e+00
      0.356      0.033     9.1832    105.813     33.223  31.486005     1.4453      8.703   276.8516 2.1228e+02     2.0222      0.348      0.505    22.3913   997.7008 0.0000e+00
      0.359      0.046     9.2007    105.999     33.231  31.488756     1.4568      8.695   276.7612 2.4273e+02     2.0405      0.347      0.503    22.3941   997.7002 0.0000e+00
      0.374      0.059     9.2167    106.178     33.251  31.506480     1.4697      8.689   276.7461 2.9190e+02     2.0399      0.361      0.523    22.3935   997.7003 0.0000e+00
      0.401      0.069     9.2308    106.337     33.256  31.509939     1.4789      8.683   276.9263 3.7605e+02     2.0470      0.396      0.574    22.3902   997.7013 0.0000e+00
      0.428      0.074     9.2441    106.475     33.216  31.467119     1.4816      8.679   277.1336 4.9542e+02     2.0616      0.422      0.612    22.3810   997.7035 0.0000e+00
      0.449      0.074     9.2550    106.580     33.187  31.432933     1.5195      8.677   277.2746 6.0695e+02     2.0856      0.440      0.639    22.3702   997.7060 0.0000e+00
      0.466      0.070     9.2642    106.667     33.174  31.413867     1.5825      8.673   277.5126 6.4620e+02     2.0751      0.459      0.665    22.3702   997.7062 0.0000e+00
      0.478      0.066     9.2745    106.768     33.127  31.363498     1.6097      8.668   277.7741 6.4075e+02     2.0319      0.469      0.680    22.3721   997.7058 0.0000e+00
      0.489      0.062     9.2840    106.860     33.099  31.331578     1.6058      8.662   277.9407 5.9060e+02     2.0220      0.476      0.692    22.3626   997.7080 0.0000e+00
      0.506      0.059     9.2904    106.918     33.118  31.345183     1.6134      8.657   277.9778 5.0665e+02     2.0544      0.494      0.716    22.3500   997.7109 0.0000e+00
      0.526      0.056     9.2938    106.948     33.113  31.337619     1.6228      8.656   277.9643 4.9474e+02     2.0961      0.518      0.751    22.3420   997.7129 0.0000e+00
      0.544      0.054     9.2908    106.913     33.078  31.303580     1.6160      8.656   278.1228 5.4409e+02     2.0997      0.536      0.777    22.3343   997.7148 0.0000e+00
      0.555      0.053     9.2799    106.793     33.021  31.250896     1.6090      8.655   278.3456 6.5681e+02     2.0979      0.547      0.792    22.3247   997.7170 0.0000e+00
      0.563      0.051     9.2648    106.626     32.906  31.144823     1.6084      8.653   278.5061 7.7589e+02     2.1073      0.552      0.801    22.3160   997.7190 0.0000e+00
      0.572      0.049     9.2469    106.419     32.792  31.036351     1.6076      8.649   278.6870 7.4694e+02     2.0818      0.559      0.811    22.3117   997.7201 0.0000e+00
      0.586      0.048     9.2269    106.172     32.778  31.018101     1.6000      8.644   278.8989 6.8979e+02     2.0521      0.574      0.832    22.3119   997.7200 0.0000e+00
      0.604      0.047     9.2032    105.881     32.819  31.051073     1.5945      8.636   279.0887 7.2705e+02     2.0433      0.592      0.859    22.3139   997.7197 0.0000e+00
      0.619      0.045     9.1710    105.501     32.826  31.054282     1.6190      8.630   279.1751 7.9562e+02     2.1067      0.609      0.882    22.3199   997.7183 0.0000e+00
      0.630      0.041     9.1267    104.988     32.830  31.056889     1.6534      8.625   279.2553 8.6538e+02     2.2602      0.619      0.899    22.3211   997.7180 0.0000e+00
      0.638      0.036     9.0730    104.370     32.857  31.082591     1.6554      8.622   279.4554 8.4236e+02     2.3593      0.627      0.909    22.3097   997.7207 0.0000e+00
      0.644      0.031     9.0165    103.724     32.886  31.111217     1.6434      8.619   279.7022 7.3369e+02     2.3225      0.632      0.916    22.2999   997.7230 0.0000e+00
      0.650      0.028     8.9640    103.126     32.924  31.149187     1.6466      8.616   280.0017 6.2724e+02     2.2730      0.636      0.923    22.2954   997.7241 0.0000e+00
      0.657      0.028     8.9232    102.664     32.934  31.160952     1.6673      8.614   280.2382 5.3285e+02     2.3186      0.645      0.934    22.2932   997.7246 0.0000e+00
      0.664      0.029     8.8978    102.378     32.895  31.126559     1.6864      8.613   280.2382 4.8754e+02     2.3499      0.652      0.945    22.2937   997.7245 0.0000e+00
      0.672      0.031     8.8871    102.257     32.881  31.114077     1.6866      8.612   280.1734 5.0829e+02     2.3239      0.659      0.955    22.2955   997.7241 0.0000e+00
      0.680      0.033     8.8876    102.267     32.904  31.136952     1.6782      8.610   280.2295 5.8944e+02     2.2993      0.666      0.967    22.2989   997.7234 0.0000e+00
      0.689      0.033     8.8941    102.350     32.914  31.149321     1.6718      8.607   280.4000 6.6450e+02     2.2154      0.676      0.981    22.3039   997.7223 0.0000e+00
      0.698      0.033     8.9021    102.447     32.899  31.136715     1.6787      8.605   280.5145 6.9017e+02     2.0969      0.684      0.992    22.3073   997.7216 0.0000e+00
      0.707      0.032     8.9096    102.535     32.872  31.111455     1.6917      8.603   280.5808 6.6610e+02     2.0457      0.693      1.006    22.3070   997.7216 0.0000e+00
      0.716      0.030     8.9188    102.637     32.859  31.097725     1.6909      8.602   280.7720 5.8385e+02     2.0556      0.703      1.020    22.3087   997.7213 0.0000e+00
      0.723      0.026     8.9311    102.773     32.860  31.097611     1.6945      8.599   280.9326 5.2042e+02     2.0846      0.709      1.029    22.3139   997.7202 0.0000e+00
      0.730      0.021     8.9443    102.920     32.875  31.110074     1.7188      8.596   280.9741 5.0637e+02     2.1018      0.715      1.038    22.3176   997.7194 0.0000e+00
      0.736      0.015     8.9543    103.034     32.888  31.121507     1.7327      8.592   281.0160 4.8700e+02     2.1000      0.722      1.048    22.3179   997.7193 0.0000e+00
      0.739      0.010     8.9598    103.095     32.876  31.108929     1.7233      8.588   281.0094 4.5906e+02     2.0955      0.725      1.052    22.3155   997.7199 0.0000e+00
      0.739      0.005     8.9617    103.114     32.851  31.084913     1.6751      8.584   280.9806 4.7456e+02     2.0797      0.725      1.052    22.3125   997.7205 0.0000e+00
      0.738      0.001     8.9622    103.116     32.852  31.084942     1.6011      8.582   281.0117 5.3889e+02     2.0398      0.723      1.050    22.3100   997.7211 0.0000e+00
      0.737      0.000     8.9602    103.095     32.877  31.109276     1.5654      8.580   281.0408 6.4095e+02     2.0396      0.723      1.049    22.3082   997.7215 0.0000e+00
      0.736      0.002     8.9542    103.035     32.891  31.125314     1.5553      8.578   281.0750 7.2456e+02     2.0773      0.722      1.046    22.3080   997.7215 0.0000e+00
      0.736      0.007     8.9472    102.971     32.913  31.151953     1.5397      8.577   281.0803 7.6944e+02     2.0694      0.721      1.045    22.3073   997.7217 0.0000e+00
      0.736      0.013     8.9445    102.961     32.933  31.177553     1.5162      8.575   281.1058 8.1277e+02     2.0755      0.721      1.046    22.3041   997.7224 0.0000e+00
      0.739      0.019     8.9497    103.035     32.932  31.181023     1.4963      8.573   281.2113 8.2599e+02     2.1183      0.723      1.049    22.3035   997.7225 0.0000e+00
      0.746      0.024     8.9602    103.158     32.945  31.193926     1.4987      8.570   281.3226 8.0438e+02     2.1283      0.731      1.060    22.3082   997.7216 0.0000e+00
      0.756      0.027     8.9754    103.327     32.960  31.206649     1.5007      8.566   281.5046 7.4603e+02     2.0975      0.742      1.076    22.3177   997.7194 0.0000e+00
      0.766      0.027     8.9971    103.570     32.964  31.207935     1.5210      8.562   281.6915 7.0128e+02     2.0083      0.752      1.091    22.3306   997.7164 0.0000e+00
      0.774      0.025     9.0213    103.839     32.969  31.209473     1.5798      8.559   281.7760 6.6662e+02     1.9027      0.759      1.101    22.3388   997.7146 0.0000e+00
      0.779      0.021     9.0411    104.055     32.990  31.225240     1.6217      8.557   281.8375 6.1280e+02     1.8697      0.765      1.109    22.3391   997.7147 0.0000e+00
      0.783      0.017     9.0510    104.156     33.044  31.271650     1.6290      8.555   281.9196 5.5180e+02     1.8711      0.769      1.116    22.3354   997.7155 0.0000e+00
      0.786      0.016     9.0504    104.135     33.106  31.326419     1.5980      8.554   281.9936 4.7806e+02     1.8537      0.771      1.118    22.3310   997.7165 0.0000e+00
      0.788      0.016     9.0469    104.085     33.166  31.379791     1.5336      8.552   282.0447 4.8672e+02     1.8557      0.773      1.121    22.3267   997.7175 0.0000e+00
      0.791      0.019     9.0458    104.066     33.267  31.472774     1.4925      8.551   282.1067 5.3504e+02     1.8627      0.775      1.124    22.3209   997.7189 0.0000e+00
      0.795      0.024     9.0458    104.059     33.364  31.562273     1.4824      8.548   282.2277 4.9968e+02     1.8397      0.779      1.130    22.3140   997.7205 0.0000e+00
      0.802      0.028     9.0470    104.070     33.376  31.573523     1.4809      8.544   282.3887 4.5833e+02     1.8728      0.785      1.139    22.3065   997.7223 0.0000e+00
      0.812      0.030     9.0555    104.175     33.344  31.545338     1.4827      8.538   282.5046 4.4518e+02     1.9676      0.796      1.154    22.3011   997.7235 0.0000e+00
      0.823      0.030     9.0783    104.448     33.333  31.538779     1.4866      8.531   282.5966 4.2594e+02     2.0356      0.807      1.171    22.2985   997.7242 0.0000e+00
      0.833      0.027     9.1119    104.838     33.352  31.557676     1.4933      8.525   282.6405 4.2843e+02     2.0733      0.817      1.185    22.2947   997.7252 0.0000e+00
      0.840      0.022     9.1465    105.232     33.381  31.583457     1.5024      8.520   282.5194 4.3482e+02     2.0631      0.826      1.197    22.2911   997.7261 0.0000e+00
      0.845      0.017     9.1747    105.550     33.397  31.596657     1.5188      8.517   282.4227 4.3318e+02     2.0429      0.829      1.203    22.2963   997.7249 0.0000e+00
      0.846      0.012     9.1940    105.766     33.393  31.590367     1.5278      8.516   282.5898 4.1059e+02     2.0583      0.829      1.203    22.3045   997.7230 0.0000e+00
      0.846      0.011     9.2048    105.888     33.373  31.570860     1.5325      8.515   282.8188 3.6523e+02     2.0852      0.831      1.205    22.3058   997.7226 0.0000e+00
      0.846      0.012     9.2088    105.934     33.352  31.551163     1.5499      8.513   282.9548 3.3996e+02     2.1060      0.829      1.203    22.3027   997.7233 0.0000e+00
      0.849      0.014     9.2112    105.963     33.342  31.542578     1.5560      8.511   283.1157 3.1248e+02     2.0803      0.830      1.204    22.2988   997.7243 0.0000e+00
      0.854      0.016     9.2147    106.005     33.329  31.530521     1.5455      8.509   283.2152 2.9056e+02     2.0368      0.837      1.214    22.2960   997.7250 0.0000e+00
      0.861      0.018     9.2190    106.060     33.329  31.532297     1.5447      8.507   283.2120 2.8246e+02     2.0384      0.845      1.226    22.2944   997.7254 0.0000e+00
      0.867      0.019     9.2253    106.138     33.360  31.564062     1.5542      8.507   283.2488 2.4960e+02     2.0665      0.851      1.235    22.2952   997.7252 0.0000e+00
      0.872      0.020     9.2329    106.220     33.397  31.597300     1.5566      8.506   283.3164 2.2196e+02     2.0816      0.855      1.241    22.2960   997.7251 0.0000e+00
      0.874      0.021     9.2385    106.271     33.423  31.616895     1.5480      8.505   283.3405 2.2263e+02     2.0903      0.857      1.243    22.2963   997.7250 0.0000e+00
      0.878      0.025     9.2390    106.267     33.420  31.610606     1.5369      8.502   283.3687 2.3036e+02     2.0739      0.860      1.247    22.2991   997.7244 0.0000e+00
      0.884      0.030     9.2359    106.219     33.396  31.584716     1.5350      8.498   283.4847 2.2900e+02     2.0467      0.866      1.256    22.3045   997.7232 0.0000e+00
      0.892      0.036     9.2335    106.165     33.377  31.557673     1.5426      8.493   283.6252 2.2220e+02     2.0563      0.874      1.268    22.3021   997.7237 0.0000e+00
      0.903      0.041     9.2339    106.125     33.371  31.537447     1.5506      8.488   283.6902 2.1217e+02     2.0590      0.886      1.284    22.2906   997.7264 0.0000e+00
      0.916      0.044     9.2363    106.104     33.381  31.530518     1.5533      8.482   283.6687 1.8898e+02     2.0468      0.898      1.303    22.2876   997.7273 0.0000e+00
      0.929      0.045     9.2428    106.141     33.401  31.537326     1.5497      8.477   283.6234 1.6916e+02     2.0727      0.911      1.322    22.2856   997.7277 0.0000e+00
      0.943      0.044     9.2571    106.280     33.430  31.556292     1.5500      8.472   283.7444 1.6258e+02     2.1102      0.926      1.343    22.2721   997.7309 0.0000e+00
      0.954      0.041     9.2764    106.485     33.450  31.569456     1.5486      8.467   284.0137 1.5888e+02     2.1064      0.937      1.359    22.2483   997.7364 0.0000e+00
      0.963      0.036     9.2958    106.696     33.454  31.569562     1.5412      8.462   284.2117 1.5555e+02     2.0927      0.943      1.368    22.2208   997.7427 0.0000e+00
      0.972      0.030     9.3146    106.905     33.444  31.557574     1.5474      8.458   284.3314 1.5182e+02     2.1091      0.953      1.383    22.2019   997.7472 0.0000e+00
      0.981      0.024     9.3338    107.127     33.436  31.551415     1.5895      8.455   284.3421 1.4786e+02     2.1407      0.964      1.398    22.1906   997.7498 0.0000e+00
      0.987      0.019     9.3560    107.394     33.440  31.558550     1.6512      8.453   284.1689 1.4408e+02     2.1469      0.969      1.405    22.1831   997.7515 0.0000e+00
      0.988      0.015     9.3817    107.700     33.459  31.580392     1.6773      8.453   284.0441 1.4012e+02     2.1183      0.969      1.406    22.1778   997.7527 0.0000e+00
      0.989      0.013     9.4036    107.948     33.507  31.625142     1.6715      8.454   284.1241 1.3675e+02     2.0573      0.970      1.407    22.1734   997.7537 0.0000e+00
      0.991      0.012     9.4139    108.052     33.544  31.655415     1.6678      8.455   284.1900 1.3541e+02     2.0320      0.972      1.410    22.1740   997.7536 0.0000e+00
      0.994      0.014     9.4099    107.998     33.587  31.692586     1.6669      8.455   284.3246 1.3546e+02     2.0738      0.974      1.414    22.1810   997.7520 0.0000e+00
