Data/DataNotYetUploadedToEDI/Raw_CTD/RawDownloads/061719_FCR10.cnv
* Sea-Bird SBE19plus  Data File:
* FileName = C:\DATA\061719_FCR_0004.hex
* Software version 2.8.0.119 SB_Terminal.dll
* Temperature SN = 7809
* Conductivity SN = 7809
* System UpLoad Time = Jun 17 2019 17:01:19
* <ApplicationData>
* <Seaterm232>
# nquan = 16
# nvalues = 585                         
# units = specified
# name 0 = depFM: Depth [fresh water, m]
# name 1 = dz/dtM: Descent Rate [m/s]
# name 2 = sbeox0Mg/L: Oxygen, SBE 43 [mg/l]
# name 3 = sbeox0PS: Oxygen, SBE 43 [% saturation]
# name 4 = specc: Specific Conductance [uS/cm]
# name 5 = c0uS/cm: Conductivity [uS/cm]
# name 6 = flECO-AFL: Fluorescence, WET Labs ECO-AFL/FL [mg/m^3]
# name 7 = ph: pH
# name 8 = orp: Oxidation Reduction Potential [mV]
# name 9 = par/sat/log: PAR/Logarithmic, Satlantic
# name 10 = turbWETntu0: Turbidity, WET Labs ECO [NTU]
# name 11 = prdM: Pressure, Strain Gauge [db]
# name 12 = prdE: Pressure, Strain Gauge [psi]
# name 13 = tv290C: Temperature [ITS-90, deg C]
# name 14 = density00: Density [density, kg/m^3]
# name 15 = flag:  0.000e+00
# span 0 =     -0.573,      2.313       
# span 1 =     -0.014,      0.096       
# span 2 =     5.3585,    10.0985       
# span 3 =     63.722,    112.636       
# span 4 =     -0.231,     37.062       
# span 5 =  -0.233805,  34.078960       
# span 6 =    -1.2222,    13.3547       
# span 7 =      6.589,     10.135       
# span 8 = -1240.7455,   347.5446       
# span 9 = 7.4153e+01, 2.1758e+03       
# span 10 =    -1.6223,    51.8379      
# span 11 =     -0.562,      2.269      
# span 12 =     -0.815,      3.291      
# span 13 =    20.3087,    25.5257      
# span 14 =   996.9126,   998.1689      
# span 15 = 0.0000e+00, 0.0000e+00      
# interval = seconds: 0.25
# start_time = Jun 17 2019 10:51:51 [Instrument's time stamp, header]
# bad_flag = -9.990e-29
*END*
[from data line 362]
      1.003      0.021     9.3743    107.597     33.768  31.866568     1.6736      8.452   284.6425 1.3581e+02     2.0337      0.984      1.427    22.1888   997.7503 0.0000e+00
      1.009      0.025     9.3565    107.393     33.908  31.998594     1.6731      8.449   284.7046 1.3621e+02     2.0133      0.988      1.434    22.1774   997.7529 0.0000e+00
      1.016      0.025     9.3452    107.252     33.936  32.020981     1.6723      8.445   284.6951 1.3592e+02     2.0209      0.995      1.443    22.1719   997.7542 0.0000e+00
      1.024      0.022     9.3406    107.181     33.864  31.946874     1.6803      8.441   284.6141 1.3400e+02     2.0606      1.004      1.456    22.1750   997.7536 0.0000e+00
      1.033      0.015     9.3436    107.204     33.780  31.864058     1.6833      8.439   284.4993 1.3036e+02     2.0676      1.013      1.470    22.1796   997.7526 0.0000e+00
      1.040      0.006     9.3545    107.335     33.690  31.781149     1.6738      8.439   284.3393 1.2591e+02     2.0402      1.023      1.483    22.1811   997.7524 0.0000e+00
      1.040     -0.002     9.3710    107.551     33.602  31.705930     1.6875      8.438   284.2279 1.2184e+02     1.9911      1.023      1.484    22.1751   997.7537 0.0000e+00
      1.033     -0.006     9.3900    107.807     33.532  31.652640     1.7275      8.437   284.2714 1.1850e+02     1.9322      1.012      1.469    22.1630   997.7564 0.0000e+00
      1.023     -0.006     9.4070    108.038     33.511  31.644499     1.7411      8.437   284.5205 1.1639e+02     1.8861      1.001      1.452    22.1552   997.7581 0.0000e+00
      1.018     -0.001     9.4169    108.168     33.533  31.670961     1.7298      8.436   284.8318 1.1592e+02     1.8586      0.996      1.444    22.1580   997.7574 0.0000e+00
      1.019      0.007     9.4178    108.172     33.586  31.718768     1.7303      8.433   285.0232 1.1668e+02     1.9277      0.998      1.447    22.1720   997.7542 0.0000e+00
      1.025      0.016     9.4100    108.064     33.656  31.778331     1.7387      8.428   285.0287 1.1797e+02     2.0658      1.004      1.457    22.1934   997.7493 0.0000e+00
      1.034      0.021     9.3936    107.857     33.706  31.820001     1.7359      8.423   284.9843 1.1889e+02     2.1197      1.015      1.472    22.2134   997.7447 0.0000e+00
      1.044      0.024     9.3713    107.593     33.732  31.841848     1.7217      8.419   285.0033 1.1906e+02     2.0882      1.026      1.487    22.2229   997.7427 0.0000e+00
      1.051      0.024     9.3496    107.347     33.742  31.852104     1.7230      8.417   285.0863 1.1871e+02     2.0782      1.033      1.497    22.2168   997.7442 0.0000e+00
      1.054      0.024     9.3344    107.175     33.771  31.880550     1.7523      8.415   285.2132 1.1799e+02     2.0970      1.035      1.501    22.2056   997.7468 0.0000e+00
      1.057      0.023     9.3265    107.070     33.830  31.931951     1.7803      8.411   285.3323 1.1692e+02     2.0855      1.035      1.502    22.1952   997.7491 0.0000e+00
      1.062      0.022     9.3249    107.023     33.876  31.965922     1.7843      8.408   285.4942 1.1566e+02     2.0706      1.039      1.507    22.1897   997.7504 0.0000e+00
      1.070      0.021     9.3304    107.059     33.895  31.973982     1.7669      8.405   285.7085 1.1386e+02     2.1469      1.049      1.522    22.1952   997.7492 0.0000e+00
      1.079      0.021     9.3434    107.197     33.890  31.965937     1.7429      8.403   285.9442 1.1155e+02     2.2865      1.059      1.536    22.2000   997.7481 0.0000e+00
      1.084      0.021     9.3597    107.383     33.854  31.932103     1.7281      8.403   286.1064 1.0971e+02     2.3492      1.064      1.543    22.1918   997.7500 0.0000e+00
      1.088      0.020     9.3733    107.548     33.798  31.882192     1.7261      8.402   286.2074 1.0845e+02     2.3149      1.067      1.547    22.1745   997.7540 0.0000e+00
      1.091      0.018     9.3849    107.690     33.782  31.870135     1.7276      8.402   286.3914 1.0737e+02     2.2656      1.068      1.550    22.1588   997.7576 0.0000e+00
      1.094      0.016     9.3964    107.819     33.829  31.913241     1.7376      8.403   286.5238 1.0673e+02     2.2441      1.072      1.555    22.1538   997.7588 0.0000e+00
      1.099      0.016     9.4067    107.927     33.881  31.959172     1.7612      8.403   286.6034 1.0687e+02     2.2856      1.077      1.563    22.1552   997.7585 0.0000e+00
      1.104      0.017     9.4147    108.015     33.906  31.981280     1.7791      8.402   286.7520 1.0758e+02     2.3406      1.083      1.571    22.1594   997.7575 0.0000e+00
      1.109      0.017     9.4211    108.093     33.914  31.990166     1.7889      8.401   286.8578 1.0825e+02     2.3191      1.089      1.579    22.1675   997.7557 0.0000e+00
      1.112      0.017     9.4274    108.168     33.927  32.003158     1.7921      8.400   286.8495 1.0871e+02     2.3208      1.091      1.582    22.1651   997.7563 0.0000e+00
      1.116      0.017     9.4342    108.238     33.938  32.011450     1.7926      8.399   286.8248 1.0910e+02     2.4592      1.094      1.587    22.1554   997.7585 0.0000e+00
      1.121      0.017     9.4411    108.293     33.896  31.963504     1.7951      8.396   286.8173 1.0949e+02     2.6163      1.099      1.594    22.1546   997.7587 0.0000e+00
      1.126      0.018     9.4475    108.328     33.808  31.867642     1.7963      8.393   286.8441 1.0980e+02     2.6467      1.104      1.601    22.1595   997.7577 0.0000e+00
      1.131      0.019     9.4547    108.358     33.759  31.804240     1.7983      8.392   286.8910 1.0985e+02     2.5314      1.109      1.608    22.1617   997.7572 0.0000e+00
      1.136      0.020     9.4629    108.398     33.739  31.768012     1.7936      8.392   286.8681 1.0957e+02     2.3696      1.113      1.615    22.1585   997.7579 0.0000e+00
      1.141      0.021     9.4669    108.411     33.660  31.683416     1.7908      8.391   286.8255 1.0892e+02     2.2962      1.119      1.622    22.1475   997.7605 0.0000e+00
      1.145      0.024     9.4630    108.352     33.515  31.542861     1.7994      8.391   286.8059 1.0835e+02     2.2992      1.123      1.628    22.1279   997.7649 0.0000e+00
      1.150      0.027     9.4567    108.240     33.378  31.401167     1.8198      8.392   286.8033 1.0812e+02     2.3075      1.127      1.635    22.1013   997.7710 0.0000e+00
      1.157      0.030     9.4510    108.090     33.302  31.302787     1.8468      8.392   286.8803 1.0796e+02     2.2987      1.134      1.644    22.0700   997.7782 0.0000e+00
      1.166      0.032     9.4420    107.893     33.269  31.241704     1.8570      8.391   287.0489 1.0779e+02     2.2908      1.143      1.657    22.0525   997.7822 0.0000e+00
      1.176      0.033     9.4329    107.718     33.285  31.233676     1.8563      8.390   287.2059 1.0777e+02     2.3103      1.154      1.673    22.0580   997.7808 0.0000e+00
      1.186      0.032     9.4307    107.648     33.338  31.269150     1.8554      8.389   287.3169 1.0785e+02     2.4044      1.164      1.689    22.0453   997.7837 0.0000e+00
      1.195      0.030     9.4364    107.695     33.367  31.289856     1.8467      8.388   287.4439 1.0810e+02     2.5763      1.172      1.700    21.9929   997.7957 0.0000e+00
      1.203      0.026     9.4508    107.868     33.368  31.293658     1.8371      8.387   287.6236 1.0863e+02     2.6840      1.180      1.711    21.9415   997.8073 0.0000e+00
      1.208      0.021     9.4753    108.176     33.381  31.315119     1.8345      8.385   287.7690 1.0933e+02     2.6915      1.186      1.720    21.9094   997.8146 0.0000e+00
      1.213      0.018     9.5067    108.568     33.416  31.358984     1.8412      8.384   287.8255 1.1021e+02     2.6660      1.191      1.726    21.8876   997.8196 0.0000e+00
      1.216      0.016     9.5394    108.972     33.428  31.379845     1.8405      8.382   287.9620 1.1091e+02     2.6050      1.193      1.730    21.8776   997.8219 0.0000e+00
      1.218      0.016     9.5693    109.334     33.418  31.376998     1.8177      8.380   288.1286 1.1138e+02     2.5450      1.194      1.732    21.8839   997.8205 0.0000e+00
      1.222      0.016     9.5955    109.638     33.428  31.388025     1.7989      8.379   288.1190 1.1218e+02     2.5623      1.196      1.736    21.9003   997.8168 0.0000e+00
      1.227      0.016     9.6190    109.894     33.430  31.386257     1.7959      8.377   288.1047 1.1324e+02     2.5845      1.202      1.744    21.9171   997.8131 0.0000e+00
      1.232      0.017     9.6315    110.019     33.403  31.355617     1.8157      8.375   288.2128 1.1414e+02     2.5850      1.209      1.754    21.9320   997.8096 0.0000e+00
      1.237      0.018     9.6290    109.974     33.387  31.334835     1.8560      8.373   288.3082 1.1467e+02     2.6330      1.214      1.761    21.9444   997.8068 0.0000e+00
      1.241      0.018     9.6184    109.844     33.380  31.325338     1.8679      8.372   288.3107 1.1492e+02     2.6414      1.217      1.765    21.9470   997.8064 0.0000e+00
      1.245      0.018     9.6060    109.697     33.360  31.304245     1.8549      8.371   288.3301 1.1533e+02     2.6536      1.221      1.770    21.9384   997.8083 0.0000e+00
      1.249      0.018     9.5894    109.499     33.326  31.270175     1.8557      8.370   288.4559 1.1588e+02     2.7809      1.225      1.777    21.9286   997.8106 0.0000e+00
      1.254      0.018     9.5637    109.193     33.288  31.230676     1.8594      8.370   288.5411 1.1640e+02     2.9023      1.230      1.784    21.9198   997.8125 0.0000e+00
      1.259      0.019     9.5368    108.873     33.267  31.207397     1.8573      8.370   288.5871 1.1693e+02     2.9083      1.235      1.791    21.9155   997.8135 0.0000e+00
      1.264      0.020     9.5151    108.612     33.242  31.179067     1.8561      8.369   288.6675 1.1722e+02     2.8530      1.240      1.798    21.9152   997.8136 0.0000e+00
      1.269      0.020     9.4979    108.393     33.210  31.141967     1.8699      8.369   288.7381 1.1747e+02     2.8568      1.245      1.805    21.9105   997.8147 0.0000e+00
      1.274      0.020     9.4823    108.188     33.217  31.139541     1.8946      8.368   288.8391 1.1818e+02     2.9216      1.250      1.812    21.9036   997.8162 0.0000e+00
      1.280      0.019     9.4628    107.946     33.234  31.149717     1.9032      8.367   288.8556 1.1916e+02     2.9155      1.256      1.821    21.8985   997.8174 0.0000e+00
      1.286      0.017     9.4383    107.664     33.222  31.138084     1.9041      8.366   288.7665 1.2020e+02     2.8811      1.262      1.829    21.8932   997.8187 0.0000e+00
      1.292      0.017     9.4103    107.354     33.206  31.125795     1.9145      8.366   288.7933 1.2117e+02     2.8660      1.268      1.838    21.8826   997.8210 0.0000e+00
      1.295      0.017     9.3825    107.049     33.205  31.128052     1.9256      8.365   288.9212 1.2209e+02     2.7989      1.270      1.842    21.8665   997.8247 0.0000e+00
      1.296      0.018     9.3590    106.787     33.242  31.165372     1.9253      8.364   289.0230 1.2321e+02     2.7246      1.270      1.841    21.8554   997.8271 0.0000e+00
      1.299      0.019     9.3410    106.576     33.345  31.259763     1.9185      8.363   289.0776 1.2452e+02     2.6889      1.273      1.846    21.8557   997.8271 0.0000e+00
      1.305      0.022     9.3273    106.401     33.480  31.380947     1.9130      8.362   289.0652 1.2607e+02     2.6954      1.280      1.857    21.8616   997.8258 0.0000e+00
      1.313      0.027     9.3148    106.229     33.673  31.551823     1.9458      8.360   289.0450 1.2792e+02     2.8031      1.288      1.868    21.8685   997.8243 0.0000e+00
      1.320      0.032     9.3000    106.029     33.884  31.739376     2.0204      8.358   289.0911 1.2997e+02     3.0081      1.294      1.877    21.8732   997.8233 0.0000e+00
      1.328      0.035     9.2807    105.782     33.968  31.808362     2.0607      8.355   289.1070 1.3202e+02     3.1421      1.302      1.888    21.8709   997.8239 0.0000e+00
      1.338      0.035     9.2594    105.521     33.913  31.751348     2.0512      8.350   289.0650 1.3388e+02     3.1446      1.311      1.902    21.8612   997.8262 0.0000e+00
      1.349      0.033     9.2404    105.293     33.846  31.684599     2.0102      8.344   288.9279 1.3543e+02     3.0713      1.323      1.919    21.8457   997.8297 0.0000e+00
      1.360      0.030     9.2263    105.124     33.865  31.699331     1.9553      8.339   288.6532 1.3643e+02     2.9778      1.336      1.936    21.8287   997.8337 0.0000e+00
      1.369      0.026     9.2179    105.024     33.976  31.802547     1.9252      8.336   288.4972 1.3688e+02     2.9309      1.345      1.949    21.8150   997.8369 0.0000e+00
      1.373      0.024     9.2143    104.977     34.101  31.917254     1.9143      8.336   288.5908 1.3723e+02     2.8978      1.347      1.954    21.8060   997.8389 0.0000e+00
      1.374      0.024     9.2145    104.972     34.133  31.944001     1.9366      8.335   288.7514 1.3781e+02     2.8388      1.347      1.954    21.8006   997.8400 0.0000e+00
      1.377      0.026     9.2193    105.023     34.125  31.935561     1.9950      8.335   288.8909 1.3847e+02     2.7756      1.350      1.956    21.7977   997.8407 0.0000e+00
      1.384      0.029     9.2278    105.122     34.199  32.005583     2.0304      8.334   288.9866 1.3952e+02     2.7233      1.356      1.966    21.7958   997.8412 0.0000e+00
      1.396      0.033     9.2380    105.236     34.293  32.092584     2.0357      8.333   289.0482 1.4155e+02     2.6981      1.369      1.984    21.7928   997.8420 0.0000e+00
      1.407      0.035     9.2500    105.359     34.305  32.099068     2.0502      8.332   289.1198 1.4446e+02     2.7002      1.381      2.002    21.7874   997.8433 0.0000e+00
      1.417      0.034     9.2628    105.485     34.295  32.083977     2.0760      8.333   289.1640 1.4791e+02     2.6841      1.389      2.016    21.7849   997.8439 0.0000e+00
      1.427      0.032     9.2752    105.613     34.318  32.100482     2.0869      8.333   289.1520 1.5192e+02     2.6670      1.400      2.031    21.7889   997.8430 0.0000e+00
      1.434      0.028     9.2833    105.702     34.328  32.108249     2.0871      8.333   289.1474 1.5596e+02     2.6900      1.409      2.043    21.7903   997.8427 0.0000e+00
      1.439      0.025     9.2866    105.736     34.335  32.114426     2.0789      8.332   289.1938 1.5967e+02     2.6994      1.411      2.047    21.7811   997.8448 0.0000e+00
      1.444      0.023     9.2913    105.785     34.333  32.111702     2.0569      8.331   289.1969 1.6406e+02     2.6819      1.415      2.052    21.7695   997.8475 0.0000e+00
      1.450      0.021     9.3028    105.909     34.297  32.075322     2.0468      8.331   289.1858 1.6860e+02     2.6755      1.422      2.062    21.7630   997.8490 0.0000e+00
      1.456      0.021     9.3208    106.101     34.280  32.055305     2.0519      8.330   289.2305 1.7183e+02     2.6555      1.428      2.071    21.7616   997.8494 0.0000e+00
      1.461      0.022     9.3414    106.318     34.292  32.060046     2.0487      8.328   289.3074 1.7467e+02     2.6367      1.433      2.079    21.7621   997.8492 0.0000e+00
      1.466      0.022     9.3609    106.521     34.308  32.069180     2.0432      8.327   289.3415 1.7680e+02     2.6446      1.437      2.085    21.7597   997.8498 0.0000e+00
      1.472      0.021     9.3782    106.702     34.349  32.102270     2.0462      8.326   289.2989 1.7742e+02     2.6525      1.443      2.094    21.7557   997.8507 0.0000e+00
      1.479      0.021     9.3952    106.885     34.396  32.142834     2.0504      8.325   289.3084 1.7831e+02     2.6668      1.450      2.104    21.7503   997.8519 0.0000e+00
