Data/DataNotYetUploadedToEDI/Raw_CTD/RawDownloads/061719_FCR45.cnv
* Sea-Bird SBE19plus  Data File:
* FileName = C:\DATA\061719_FCR_0007.hex
* Software version 2.8.0.119 SB_Terminal.dll
* Temperature SN = 7809
* Conductivity SN = 7809
* System UpLoad Time = Jun 17 2019 17:02:34
* <ApplicationData>
* <Seaterm232>
# nquan = 16
# nvalues = 1041                        
# units = specified
# name 0 = depFM: Depth [fresh water, m]
# name 1 = dz/dtM: Descent Rate [m/s]
# name 2 = sbeox0Mg/L: Oxygen, SBE 43 [mg/l]
# name 3 = sbeox0PS: Oxygen, SBE 43 [% saturation]
# name 4 = specc: Specific Conductance [uS/cm]
# name 5 = c0uS/cm: Conductivity [uS/cm]
# name 6 = flECO-AFL: Fluorescence, WET Labs ECO-AFL/FL [mg/m^3]
# name 7 = ph: pH
# name 8 = orp: Oxidation Reduction Potential [mV]
# name 9 = par/sat/log: PAR/Logarithmic, Satlantic
# name 10 = turbWETntu0: Turbidity, WET Labs ECO [NTU]
# name 11 = prdM: Pressure, Strain Gauge [db]
# name 12 = prdE: Pressure, Strain Gauge [psi]
# name 13 = tv290C: Temperature [ITS-90, deg C]
# name 14 = density00: Density [density, kg/m^3]
# name 15 = flag:  0.000e+00
# span 0 =     -0.556,      7.296       
# span 1 =     -0.018,      0.127       
# span 2 =     2.7163,    11.4223       
# span 3 =     24.994,    118.375       
# span 4 =      1.672,     37.346       
# span 5 =   1.471610,  32.580704       
# span 6 =    -0.9515,     3.5230       
# span 7 =      6.974,      8.388       
# span 8 =   197.1308,   684.3072       
# span 9 = 2.1848e+00, 2.2458e+03       
# span 10 =    -0.7115,    81.4859      
# span 11 =     -0.545,      7.156      
# span 12 =     -0.791,     10.379      
# span 13 =    10.1904,    23.7754      
# span 14 =   997.3698,   999.7343      
# span 15 = 0.0000e+00, 0.0000e+00      
# interval = seconds: 0.25
# start_time = Jun 17 2019 11:28:35 [Instrument's time stamp, header]
# bad_flag = -9.990e-29
*END*
[from data line 362]
      1.649      0.035     9.8331    110.762     33.369  30.841583     1.4390      8.086   264.3083 9.3026e+01     1.7751      1.618      2.346    21.2437   997.9647 0.0000e+00
      1.655      0.035     9.8173    110.553     33.337  30.802477     1.4422      8.087   264.4137 9.2386e+01     1.7934      1.623      2.353    21.1987   997.9746 0.0000e+00
      1.664      0.034     9.8040    110.347     33.307  30.756969     1.4441      8.088   264.3671 9.1681e+01     1.7746      1.630      2.365    21.1957   997.9753 0.0000e+00
      1.675      0.034     9.7976    110.208     33.307  30.735519     1.4442      8.089   264.2612 9.0983e+01     1.7446      1.642      2.381    21.2081   997.9726 0.0000e+00
      1.686      0.035     9.7990    110.155     33.327  30.733459     1.4434      8.090   264.1656 9.0428e+01     1.7253      1.654      2.399    21.2145   997.9713 0.0000e+00
      1.696      0.035     9.8103    110.220     33.346  30.732026     1.4516      8.091   263.9861 8.9985e+01     1.7378      1.664      2.413    21.1978   997.9750 0.0000e+00
      1.703      0.035     9.8313    110.402     33.350  30.718168     1.4744      8.091   263.8110 8.9591e+01     1.7658      1.670      2.422    21.1675   997.9816 0.0000e+00
      1.709      0.036     9.8555    110.627     33.338  30.692787     1.4935      8.091   263.7694 8.9227e+01     1.7682      1.675      2.430    21.1369   997.9883 0.0000e+00
      1.718      0.037     9.8776    110.845     33.333  30.678942     1.4996      8.091   263.8271 8.8777e+01     1.7667      1.684      2.442    21.1023   997.9959 0.0000e+00
      1.729      0.039     9.8957    111.035     33.335  30.677675     1.5060      8.091   263.9928 8.8200e+01     1.7806      1.694      2.457    21.0736   998.0022 0.0000e+00
      1.740      0.039     9.9074    111.168     33.334  30.677456     1.5093      8.091   264.1382 8.7610e+01     1.8046      1.706      2.474    21.0495   998.0075 0.0000e+00
      1.751      0.039     9.9081    111.182     33.332  30.676288     1.5134      8.091   264.1224 8.7102e+01     1.8286      1.717      2.491    21.0260   998.0127 0.0000e+00
      1.762      0.038     9.8987    111.063     33.322  30.663568     1.5210      8.091   264.0604 8.6675e+01     1.8079      1.728      2.507    21.0116   998.0158 0.0000e+00
      1.772      0.036     9.8858    110.887     33.318  30.650555     1.5155      8.092   264.1623 8.6272e+01     1.7840      1.738      2.520    21.0064   998.0170 0.0000e+00
      1.779      0.036     9.8733    110.720     33.322  30.645846     1.5418      8.093   264.4082 8.5822e+01     1.8676      1.745      2.531    21.0081   998.0166 0.0000e+00
      1.786      0.036     9.8638    110.598     33.285  30.606620     1.6047      8.093   264.6236 8.5521e+01     1.9666      1.751      2.540    21.0158   998.0151 0.0000e+00
      1.794      0.037     9.8611    110.524     33.245  30.556992     1.6341      8.093   264.7884 8.5314e+01     1.9648      1.758      2.550    21.0114   998.0160 0.0000e+00
      1.804      0.040     9.8649    110.492     33.266  30.553420     1.6375      8.093   264.9374 8.4906e+01     1.9772      1.768      2.564    20.9890   998.0208 0.0000e+00
      1.815      0.043     9.8699    110.479     33.301  30.563398     1.6976      8.092   265.0488 8.4544e+01     2.0834      1.780      2.583    20.9757   998.0239 0.0000e+00
      1.827      0.045     9.8719    110.459     33.301  30.550689     1.8142      8.091   265.1889 8.4130e+01     2.2002      1.792      2.601    20.9780   998.0234 0.0000e+00
      1.840      0.045     9.8712    110.423     33.284  30.526650     1.8773      8.090   265.3412 8.3607e+01     2.2417      1.804      2.616    20.9594   998.0274 0.0000e+00
      1.852      0.044     9.8672    110.343     33.296  30.526546     1.8791      8.089   265.4279 8.3271e+01     2.2251      1.817      2.635    20.9155   998.0369 0.0000e+00
      1.863      0.041     9.8592    110.216     33.333  30.549411     1.8792      8.088   265.4625 8.2966e+01     2.2290      1.827      2.650    20.8788   998.0449 0.0000e+00
      1.874      0.038     9.8477    110.070     33.339  30.549287     1.8971      8.089   265.5015 8.2564e+01     2.2553      1.837      2.664    20.8631   998.0484 0.0000e+00
      1.884      0.034     9.8330    109.914     33.310  30.525039     1.9306      8.089   265.5553 8.2175e+01     2.2487      1.849      2.680    20.8559   998.0499 0.0000e+00
      1.892      0.032     9.8164    109.748     33.287  30.510059     1.9461      8.089   265.5970 8.1890e+01     2.2476      1.856      2.691    20.8372   998.0540 0.0000e+00
      1.898      0.032     9.8022    109.595     33.268  30.495072     1.9460      8.088   265.7468 8.1681e+01     2.2748      1.862      2.701    20.8163   998.0586 0.0000e+00
      1.903      0.036     9.7969    109.524     33.246  30.470741     1.9631      8.086   265.9036 8.1531e+01     2.3487      1.867      2.708    20.8053   998.0609 0.0000e+00
      1.910      0.040     9.8052    109.578     33.258  30.469682     1.9966      8.081   266.0305 8.1403e+01     2.4532      1.872      2.715    20.8129   998.0593 0.0000e+00
      1.921      0.043     9.8235    109.718     33.294  30.482261     2.0133      8.077   266.3346 8.1402e+01     2.4884      1.881      2.729    20.8280   998.0561 0.0000e+00
      1.936      0.044     9.8423    109.864     33.330  30.495888     2.0092      8.075   266.6552 8.1429e+01     2.4801      1.898      2.753    20.8282   998.0562 0.0000e+00
      1.954      0.043     9.8577    109.994     33.357  30.507511     2.0248      8.074   266.8956 8.1128e+01     2.4831      1.918      2.784    20.8257   998.0567 0.0000e+00
      1.967      0.041     9.8708    110.117     33.352  30.495867     2.0542      8.074   267.0908 8.0622e+01     2.4918      1.932      2.802    20.8100   998.0602 0.0000e+00
      1.973      0.038     9.8808    110.207     33.344  30.482005     2.0621      8.075   267.1222 7.9983e+01     2.4872      1.936      2.807    20.7722   998.0684 0.0000e+00
      1.977      0.036     9.8856    110.237     33.336  30.466796     2.0508      8.076   267.1037 7.9369e+01     2.4934      1.937      2.810    20.7388   998.0755 0.0000e+00
      1.984      0.036     9.8863    110.223     33.312  30.438886     2.0128      8.078   267.2104 7.8943e+01     2.5668      1.943      2.818    20.7216   998.0792 0.0000e+00
      1.994      0.039     9.8905    110.235     33.279  30.398341     1.9659      8.079   267.4661 7.8580e+01     2.6532      1.956      2.836    20.7143   998.0808 0.0000e+00
      2.006      0.044     9.9054    110.336     33.256  30.357282     1.9445      8.079   267.8730 7.8260e+01     2.6862      1.969      2.855    20.7043   998.0830 0.0000e+00
      2.018      0.048     9.9267    110.491     33.246  30.323138     1.9359      8.079   268.1710 7.7902e+01     2.6722      1.979      2.871    20.6903   998.0861 0.0000e+00
      2.032      0.050     9.9474    110.631     33.254  30.302747     1.9485      8.081   268.3167 7.7507e+01     2.6476      1.992      2.890    20.6843   998.0875 0.0000e+00
      2.046      0.050     9.9629    110.716     33.282  30.301053     1.9839      8.082   268.6020 7.7168e+01     2.6499      2.007      2.910    20.6734   998.0898 0.0000e+00
      2.059      0.049     9.9696    110.717     33.308  30.302619     2.0086      8.082   268.9532 7.6905e+01     2.6349      2.019      2.929    20.6397   998.0970 0.0000e+00
      2.071      0.048     9.9678    110.651     33.344  30.321651     2.0122      8.083   269.2081 7.6740e+01     2.5965      2.032      2.947    20.5990   998.1057 0.0000e+00
      2.083      0.045     9.9616    110.560     33.373  30.340790     2.0020      8.083   269.4471 7.6597e+01     2.5791      2.042      2.963    20.5586   998.1143 0.0000e+00
      2.094      0.042     9.9560    110.487     33.380  30.343664     1.9805      8.083   269.6912 7.6484e+01     2.5559      2.053      2.977    20.5143   998.1238 0.0000e+00
      2.105      0.037     9.9554    110.473     33.396  30.356392     1.9521      8.082   269.8370 7.6383e+01     2.5122      2.065      2.996    20.4794   998.1312 0.0000e+00
      2.116      0.032     9.9604    110.536     33.406  30.367776     1.9364      8.082   269.9198 7.6191e+01     2.4762      2.076      3.013    20.4594   998.1355 0.0000e+00
      2.124      0.030     9.9690    110.647     33.386  30.354393     1.9297      8.083   270.0893 7.5914e+01     2.4489      2.085      3.023    20.4511   998.1374 0.0000e+00
      2.127      0.030     9.9784    110.749     33.350  30.321499     1.9222      8.084   270.4241 7.5554e+01     2.4778      2.087      3.027    20.4474   998.1381 0.0000e+00
      2.131      0.031     9.9847    110.784     33.325  30.287329     1.9240      8.084   270.7839 7.5391e+01     2.5953      2.088      3.029    20.4412   998.1394 0.0000e+00
      2.137      0.034     9.9863    110.734     33.316  30.258489     1.9340      8.083   271.0846 7.5362e+01     2.6912      2.094      3.036    20.4457   998.1385 0.0000e+00
      2.148      0.038     9.9815    110.602     33.307  30.226580     1.9485      8.081   271.4782 7.5257e+01     2.6862      2.106      3.053    20.4578   998.1359 0.0000e+00
      2.163      0.041     9.9682    110.384     33.322  30.218750     1.9769      8.081   271.9301 7.5259e+01     2.6337      2.121      3.077    20.4593   998.1357 0.0000e+00
      2.176      0.042     9.9475    110.103     33.349  30.227246     2.0263      8.080   272.3317 7.5309e+01     2.6131      2.135      3.097    20.4443   998.1389 0.0000e+00
      2.187      0.040     9.9248    109.813     33.335  30.202376     2.0604      8.078   272.7212 7.5232e+01     2.6332      2.145      3.111    20.4089   998.1465 0.0000e+00
      2.196      0.037     9.9058    109.573     33.311  30.171844     2.0596      8.078   273.1113 7.5103e+01     2.6472      2.154      3.124    20.3678   998.1551 0.0000e+00
      2.203      0.034     9.8937    109.418     33.322  30.175332     2.0514      8.078   273.5200 7.4930e+01     2.5860      2.161      3.134    20.3351   998.1621 0.0000e+00
      2.210      0.033     9.8887    109.344     33.335  30.181091     2.0489      8.078   273.8772 7.4756e+01     2.4836      2.167      3.143    20.3115   998.1670 0.0000e+00
      2.217      0.033     9.8898    109.324     33.342  30.178013     2.0539      8.079   274.0754 7.4687e+01     2.4574      2.175      3.154    20.2959   998.1704 0.0000e+00
      2.226      0.033     9.8969    109.355     33.385  30.201553     2.0691      8.080   274.2816 7.4719e+01     2.4992      2.182      3.164    20.2815   998.1734 0.0000e+00
      2.236      0.034     9.9101    109.452     33.413  30.211884     2.0673      8.081   274.5636 7.4776e+01     2.5624      2.193      3.181    20.2710   998.1756 0.0000e+00
      2.247      0.035     9.9304    109.634     33.387  30.176004     2.0331      8.081   274.7312 7.4714e+01     2.6321      2.206      3.199    20.2679   998.1763 0.0000e+00
      2.254      0.035     9.9585    109.902     33.371  30.148432     2.0019      8.080   274.7591 7.4778e+01     2.6859      2.210      3.206    20.2534   998.1794 0.0000e+00
      2.261      0.035     9.9916    110.218     33.370  30.132312     2.0026      8.078   274.8151 7.4806e+01     2.7215      2.216      3.215    20.2260   998.1852 0.0000e+00
      2.271      0.036    10.0233    110.515     33.361  30.107974     2.0153      8.078   275.0638 7.4561e+01     2.7023      2.227      3.230    20.2035   998.1899 0.0000e+00
      2.280      0.037    10.0504    110.764     33.377  30.107947     2.0519      8.078   275.4430 7.4549e+01     2.6172      2.236      3.243    20.1861   998.1935 0.0000e+00
      2.289      0.039    10.0739    110.971     33.422  30.131963     2.1243      8.078   275.8734 7.4567e+01     2.5768      2.244      3.254    20.1681   998.1973 0.0000e+00
      2.299      0.040    10.0956    111.152     33.455  30.144531     2.1709      8.079   276.3098 7.4536e+01     2.6398      2.253      3.268    20.1448   998.2022 0.0000e+00
      2.311      0.040    10.1136    111.295     33.461  30.132967     2.1824      8.079   276.6755 7.4651e+01     2.6923      2.267      3.287    20.1189   998.2076 0.0000e+00
      2.323      0.039    10.1246    111.369     33.462  30.119030     2.2275      8.078   277.0254 7.4640e+01     2.6213      2.280      3.306    20.0972   998.2122 0.0000e+00
      2.333      0.039    10.1304    111.387     33.459  30.102901     2.3097      8.078   277.3574 7.4650e+01     2.5027      2.289      3.320    20.0746   998.2169 0.0000e+00
      2.341      0.039    10.1323    111.355     33.434  30.064842     2.3607      8.078   277.6781 7.4605e+01     2.4702      2.295      3.329    20.0475   998.2226 0.0000e+00
      2.349      0.038    10.1298    111.267     33.426  30.039559     2.3754      8.077   278.0631 7.4563e+01     2.4902      2.302      3.339    20.0210   998.2281 0.0000e+00
      2.359      0.038    10.1268    111.172     33.460  30.050993     2.3580      8.076   278.4851 7.4713e+01     2.4824      2.312      3.354    20.0006   998.2323 0.0000e+00
      2.370      0.038    10.1273    111.120     33.508  30.076157     2.3155      8.074   278.8222 7.5036e+01     2.4413      2.324      3.371    19.9817   998.2363 0.0000e+00
      2.382      0.038    10.1321    111.118     33.542  30.089985     2.2950      8.074   279.1280 7.5186e+01     2.4199      2.336      3.389    19.9579   998.2412 0.0000e+00
      2.392      0.036    10.1421    111.172     33.562  30.091255     2.3004      8.074   279.5154 7.4916e+01     2.4538      2.345      3.402    19.9290   998.2472 0.0000e+00
      2.401      0.033    10.1570    111.281     33.581  30.091492     2.3111      8.073   279.8929 7.4861e+01     2.4907      2.355      3.415    19.8991   998.2535 0.0000e+00
      2.408      0.030    10.1728    111.406     33.598  30.092824     2.3117      8.071   280.2499 7.4780e+01     2.5044      2.363      3.427    19.8746   998.2585 0.0000e+00
      2.415      0.026    10.1846    111.503     33.625  30.107348     2.2996      8.070   280.5629 7.4644e+01     2.4882      2.369      3.435    19.8503   998.2635 0.0000e+00
      2.420      0.024    10.1897    111.547     33.666  30.140179     2.2943      8.069   280.8384 7.4709e+01     2.4588      2.373      3.442    19.8246   998.2689 0.0000e+00
      2.426      0.024    10.1880    111.509     33.708  30.172506     2.3163      8.069   281.1709 7.4766e+01     2.4772      2.379      3.451    19.7995   998.2739 0.0000e+00
      2.432      0.025    10.1798    111.367     33.735  30.180946     2.3495      8.069   281.5724 7.4807e+01     2.5133      2.387      3.461    19.7767   998.2786 0.0000e+00
      2.437      0.027    10.1666    111.139     33.762  30.178746     2.3574      8.069   282.0790 7.4766e+01     2.5027      2.389      3.464    19.7611   998.2819 0.0000e+00
      2.442      0.028    10.1507    110.870     33.829  30.209331     2.3511      8.067   282.5644 7.4704e+01     2.4796      2.393      3.471    19.7595   998.2822 0.0000e+00
      2.452      0.027    10.1348    110.617     33.954  30.296889     2.3611      8.065   282.8810 7.4525e+01     2.4639      2.404      3.487    19.7579   998.2826 0.0000e+00
      2.462      0.025    10.1226    110.433     34.101  30.412480     2.3996      8.064   283.1539 7.4316e+01     2.3781      2.416      3.504    19.7330   998.2876 0.0000e+00
      2.470      0.021    10.1196    110.366     34.171  30.464751     2.4529      8.064   283.4551 7.4007e+01     2.2619      2.424      3.515    19.6912   998.2962 0.0000e+00
      2.475      0.016    10.1291    110.448     34.201  30.484710     2.4760      8.065   283.6834 7.3774e+01     2.2061      2.428      3.522    19.6439   998.3059 0.0000e+00
