Data/DataNotYetUploadedToEDI/Raw_CTD/RawDownloads/061719_FCR45.cnv
* Sea-Bird SBE19plus  Data File:
* FileName = C:\DATA\061719_FCR_0007.hex
* Software version 2.8.0.119 SB_Terminal.dll
* Temperature SN = 7809
* Conductivity SN = 7809
* System UpLoad Time = Jun 17 2019 17:02:34
* <ApplicationData>
* <Seaterm232>
# nquan = 16
# nvalues = 1041                        
# units = specified
# name 0 = depFM: Depth [fresh water, m]
# name 1 = dz/dtM: Descent Rate [m/s]
# name 2 = sbeox0Mg/L: Oxygen, SBE 43 [mg/l]
# name 3 = sbeox0PS: Oxygen, SBE 43 [% saturation]
# name 4 = specc: Specific Conductance [uS/cm]
# name 5 = c0uS/cm: Conductivity [uS/cm]
# name 6 = flECO-AFL: Fluorescence, WET Labs ECO-AFL/FL [mg/m^3]
# name 7 = ph: pH
# name 8 = orp: Oxidation Reduction Potential [mV]
# name 9 = par/sat/log: PAR/Logarithmic, Satlantic
# name 10 = turbWETntu0: Turbidity, WET Labs ECO [NTU]
# name 11 = prdM: Pressure, Strain Gauge [db]
# name 12 = prdE: Pressure, Strain Gauge [psi]
# name 13 = tv290C: Temperature [ITS-90, deg C]
# name 14 = density00: Density [density, kg/m^3]
# name 15 = flag:  0.000e+00
# span 0 =     -0.556,      7.296       
# span 1 =     -0.018,      0.127       
# span 2 =     2.7163,    11.4223       
# span 3 =     24.994,    118.375       
# span 4 =      1.672,     37.346       
# span 5 =   1.471610,  32.580704       
# span 6 =    -0.9515,     3.5230       
# span 7 =      6.974,      8.388       
# span 8 =   197.1308,   684.3072       
# span 9 = 2.1848e+00, 2.2458e+03       
# span 10 =    -0.7115,    81.4859      
# span 11 =     -0.545,      7.156      
# span 12 =     -0.791,     10.379      
# span 13 =    10.1904,    23.7754      
# span 14 =   997.3698,   999.7343      
# span 15 = 0.0000e+00, 0.0000e+00      
# interval = seconds: 0.25
# start_time = Jun 17 2019 11:28:35 [Instrument's time stamp, header]
# bad_flag = -9.990e-29
*END*
[from data line 724]
      4.771      0.026     6.0474     54.366     35.417  25.234677     1.5101      7.924   334.9428 2.2052e+01     3.1130      4.678      6.785    10.6810   999.6759 0.0000e+00
      4.781      0.020     6.1269     55.078     35.473  25.272728     1.4835      7.923   335.2043 2.1886e+01     3.0447      4.691      6.803    10.6716   999.6768 0.0000e+00
      4.787      0.014     6.1972     55.731     35.462  25.275118     1.4580      7.922   335.3777 2.1902e+01     2.9104      4.698      6.813    10.6620   999.6778 0.0000e+00
      4.787      0.009     6.2591     56.318     35.422  25.263583     1.4448      7.921   335.4049 2.2037e+01     2.8332      4.697      6.810    10.6388   999.6801 0.0000e+00
      4.784      0.009     6.3164     56.851     35.404  25.260153     1.4444      7.921   335.3604 2.2134e+01     2.8317      4.691      6.803    10.6167   999.6821 0.0000e+00
      4.782      0.013     6.3710     57.328     35.377  25.233655     1.4447      7.921   335.3560 2.2122e+01     2.8262      4.688      6.799    10.6128   999.6825 0.0000e+00
      4.783      0.020     6.4170     57.699     35.358  25.196948     1.4394      7.920   335.4380 2.2003e+01     2.7345      4.689      6.801    10.6302   999.6808 0.0000e+00
      4.791      0.028     6.4433     57.887     35.393  25.196941     1.4412      7.919   335.5771 2.1710e+01     2.6400      4.697      6.811    10.6618   999.6778 0.0000e+00
      4.804      0.034     6.4499     57.917     35.466  25.233538     1.4406      7.918   335.7479 2.1349e+01     2.6015      4.712      6.834    10.6815   999.6760 0.0000e+00
      4.818      0.039     6.4480     57.888     35.510  25.258789     1.4065      7.918   335.9543 2.1133e+01     2.5968      4.727      6.857    10.6701   999.6771 0.0000e+00
      4.828      0.041     6.4481     57.883     35.500  25.248492     1.3582      7.918   336.1795 2.0969e+01     2.6156      4.734      6.866    10.6291   999.6811 0.0000e+00
      4.836      0.040     6.4595     57.975     35.491  25.235919     1.3330      7.917   336.3190 2.0753e+01     2.6003      4.741      6.877    10.5858   999.6853 0.0000e+00
      4.846      0.038     6.4878     58.211     35.501  25.233643     1.3192      7.917   336.3512 2.0562e+01     2.5762      4.752      6.894    10.5664   999.6873 0.0000e+00
      4.856      0.037     6.5292     58.562     35.498  25.220958     1.3132      7.916   336.3974 2.0386e+01     2.5852      4.762      6.907    10.5625   999.6878 0.0000e+00
      4.865      0.037     6.5784     58.985     35.495  25.209416     1.3120      7.915   336.5333 2.0210e+01     2.6441      4.772      6.921    10.5600   999.6880 0.0000e+00
      4.874      0.037     6.6334     59.460     35.523  25.220950     1.2954      7.914   336.7037 2.0047e+01     2.6984      4.780      6.933    10.5533   999.6887 0.0000e+00
      4.883      0.036     6.6893     59.945     35.552  25.233524     1.2778      7.914   336.8224 1.9857e+01     2.6522      4.787      6.944    10.5376   999.6902 0.0000e+00
      4.893      0.035     6.7413     60.401     35.562  25.234565     1.2720      7.913   336.9364 1.9650e+01     2.6093      4.798      6.959    10.5212   999.6918 0.0000e+00
      4.903      0.033     6.7876     60.813     35.562  25.233525     1.2686      7.912   337.0489 1.9472e+01     2.6060      4.810      6.976    10.5088   999.6930 0.0000e+00
      4.913      0.031     6.8274     61.176     35.539  25.220951     1.2626      7.911   337.1512 1.9365e+01     2.5462      4.820      6.990    10.4966   999.6943 0.0000e+00
      4.919      0.030     6.8627     61.499     35.518  25.209416     1.2605      7.911   337.3124 1.9327e+01     2.4772      4.825      6.998    10.4852   999.6953 0.0000e+00
      4.924      0.029     6.8966     61.804     35.534  25.220941     1.2603      7.910   337.4499 1.9257e+01     2.4593      4.828      7.003    10.4747   999.6963 0.0000e+00
      4.930      0.029     6.9274     62.074     35.556  25.233421     1.2436      7.908   337.6083 1.9094e+01     2.5258      4.834      7.011    10.4727   999.6966 0.0000e+00
      4.939      0.030     6.9502     62.269     35.563  25.233421     1.2233      7.906   337.8514 1.8896e+01     2.6265      4.844      7.025    10.4803   999.6959 0.0000e+00
      4.948      0.032     6.9619     62.366     35.551  25.220943     1.2134      7.906   337.8943 1.8726e+01     2.6606      4.853      7.039    10.4872   999.6953 0.0000e+00
      4.957      0.034     6.9628     62.369     35.537  25.209428     1.2022      7.907   337.7823 1.8602e+01     2.6435      4.862      7.052    10.4873   999.6954 0.0000e+00
      4.965      0.035     6.9561     62.309     35.553  25.221067     1.2010      7.907   337.8735 1.8502e+01     2.6164      4.869      7.062    10.4825   999.6959 0.0000e+00
      4.973      0.035     6.9467     62.224     35.573  25.234793     1.2074      7.905   338.0509 1.8364e+01     2.5939      4.876      7.073    10.4746   999.6966 0.0000e+00
      4.983      0.035     6.9370     62.133     35.595  25.248511     1.2008      7.904   338.1204 1.8187e+01     2.6009      4.887      7.087    10.4682   999.6972 0.0000e+00
      4.992      0.035     6.9246     62.012     35.619  25.260047     1.1913      7.903   338.1978 1.8033e+01     2.6363      4.897      7.102    10.4665   999.6974 0.0000e+00
      5.001      0.035     6.9125     61.892     35.609  25.247388     1.1965      7.901   338.2114 1.7893e+01     2.6614      4.904      7.113    10.4655   999.6976 0.0000e+00
      5.011      0.034     6.9079     61.843     35.580  25.222328     1.2119      7.901   338.1988 1.7723e+01     2.6750      4.913      7.126    10.4677   999.6974 0.0000e+00
      5.020      0.032     6.9077     61.833     35.569  25.210804     1.2212      7.901   338.3903 1.7558e+01     2.6701      4.924      7.142    10.4666   999.6976 0.0000e+00
      5.028      0.030     6.9093     61.839     35.609  25.234922     1.2220      7.900   338.6334 1.7450e+01     2.6671      4.932      7.153    10.4561   999.6986 0.0000e+00
      5.035      0.030     6.9169     61.901     35.649  25.260174     1.2136      7.900   338.7298 1.7380e+01     2.6723      4.938      7.161    10.4468   999.6996 0.0000e+00
      5.040      0.030     6.9304     62.017     35.655  25.262366     1.2065      7.899   338.7820 1.7285e+01     2.6677      4.942      7.169    10.4425   999.7000 0.0000e+00
      5.047      0.030     6.9484     62.175     35.656  25.261421     1.2054      7.898   338.9204 1.7127e+01     2.6771      4.949      7.178    10.4372   999.7005 0.0000e+00
      5.056      0.031     6.9716     62.381     35.639  25.248744     1.1994      7.897   339.1123 1.6947e+01     2.6545      4.959      7.192    10.4309   999.7011 0.0000e+00
      5.065      0.032     6.9978     62.615     35.621  25.235964     1.2036      7.897   339.2090 1.6807e+01     2.5908      4.968      7.205    10.4260   999.7017 0.0000e+00
      5.074      0.032     7.0223     62.835     35.618  25.233781     1.2303      7.896   339.2289 1.6696e+01     2.6275      4.976      7.217    10.4224   999.7020 0.0000e+00
      5.083      0.032     7.0454     63.044     35.600  25.222350     1.2628      7.894   339.2673 1.6570e+01     2.7706      4.984      7.229    10.4212   999.7022 0.0000e+00
      5.090      0.032     7.0692     63.258     35.602  25.224638     1.2830      7.892   339.3293 1.6435e+01     2.8469      4.992      7.240    10.4209   999.7022 0.0000e+00
      5.098      0.033     7.0925     63.464     35.655  25.261433     1.2925      7.890   339.4622 1.6321e+01     2.8612      5.000      7.251    10.4200   999.7023 0.0000e+00
      5.106      0.036     7.1145     63.656     35.694  25.286599     1.2750      7.889   339.4977 1.6212e+01     2.8777      5.006      7.261    10.4201   999.7024 0.0000e+00
      5.115      0.038     7.1335     63.819     35.683  25.275160     1.2353      7.890   339.4141 1.6082e+01     2.8827      5.015      7.273    10.4224   999.7022 0.0000e+00
      5.125      0.038     7.1486     63.949     35.652  25.250004     1.2120      7.890   339.4831 1.5926e+01     2.8886      5.025      7.289    10.4244   999.7020 0.0000e+00
      5.136      0.038     7.1606     64.053     35.634  25.236193     1.2099      7.890   339.6437 1.5762e+01     2.8839      5.037      7.305    10.4225   999.7022 0.0000e+00
      5.148      0.038     7.1688     64.125     35.633  25.235050     1.2262      7.889   339.7219 1.5639e+01     2.8263      5.049      7.323    10.4183   999.7028 0.0000e+00
      5.158      0.037     7.1759     64.188     35.635  25.236185     1.2528      7.887   339.8264 1.5564e+01     2.7493      5.059      7.337    10.4141   999.7032 0.0000e+00
      5.165      0.035     7.1824     64.245     35.656  25.249911     1.2719      7.886   340.0469 1.5498e+01     2.7065      5.065      7.346    10.4091   999.7037 0.0000e+00
      5.173      0.033     7.1863     64.275     35.693  25.274132     1.2754      7.885   340.2362 1.5417e+01     2.6700      5.072      7.356    10.4067   999.7040 0.0000e+00
      5.181      0.033     7.1871     64.278     35.698  25.275276     1.2691      7.884   340.2227 1.5325e+01     2.6350      5.081      7.369    10.4070   999.7039 0.0000e+00
      5.189      0.033     7.1851     64.259     35.683  25.263742     1.2656      7.884   340.0558 1.5254e+01     2.6108      5.089      7.381    10.4075   999.7040 0.0000e+00
      5.197      0.034     7.1793     64.205     35.680  25.261560     1.2680      7.884   340.0251 1.5196e+01     2.6072      5.097      7.392    10.4066   999.7041 0.0000e+00
      5.207      0.036     7.1733     64.149     35.664  25.248893     1.2711      7.882   340.1961 1.5120e+01     2.6245      5.106      7.406    10.4020   999.7046 0.0000e+00
      5.216      0.036     7.1731     64.144     35.649  25.237455     1.2689      7.882   340.3157 1.5027e+01     2.5906      5.115      7.419    10.3984   999.7049 0.0000e+00
      5.225      0.035     7.1780     64.187     35.668  25.250142     1.2676      7.882   340.3533 1.4912e+01     2.5243      5.122      7.429    10.3982   999.7050 0.0000e+00
      5.235      0.034     7.1877     64.275     35.703  25.275412     1.2724      7.880   340.3925 1.4784e+01     2.5440      5.133      7.444    10.3980   999.7051 0.0000e+00
      5.246      0.033     7.2026     64.411     35.721  25.289233     1.2745      7.878   340.4450 1.4699e+01     2.5988      5.146      7.463    10.3959   999.7054 0.0000e+00
      5.254      0.031     7.2212     64.584     35.718  25.290376     1.2755      7.877   340.5589 1.4662e+01     2.5971      5.154      7.475    10.3936   999.7056 0.0000e+00
      5.259      0.030     7.2417     64.780     35.708  25.289240     1.2945      7.877   340.6504 1.4607e+01     2.6225      5.157      7.480    10.3930   999.7056 0.0000e+00
      5.265      0.029     7.2627     64.977     35.683  25.275503     1.3298      7.876   340.6906 1.4519e+01     2.6759      5.162      7.487    10.3937   999.7056 0.0000e+00
      5.273      0.029     7.2809     65.137     35.650  25.251168     1.3477      7.875   340.7011 1.4435e+01     2.6527      5.171      7.500    10.3953   999.7055 0.0000e+00
      5.280      0.030     7.2924     65.227     35.655  25.248757     1.3373      7.875   340.6913 1.4352e+01     2.6051      5.178      7.510    10.3982   999.7053 0.0000e+00
      5.288      0.032     7.2968     65.254     35.660  25.246347     1.3168      7.875   340.7440 1.4243e+01     2.6566      5.186      7.521    10.4087   999.7043 0.0000e+00
      5.298      0.033     7.2941     65.221     35.631  25.222020     1.2978      7.874   340.8222 1.4133e+01     2.7840      5.196      7.535    10.4189   999.7035 0.0000e+00
      5.307      0.033     7.2847     65.131     35.616  25.208378     1.2898      7.873   340.8622 1.4022e+01     2.8671      5.204      7.548    10.4144   999.7039 0.0000e+00
      5.315      0.034     7.2733     65.028     35.617  25.208281     1.2822      7.872   340.9699 1.3907e+01     2.8755      5.212      7.559    10.4033   999.7049 0.0000e+00
      5.324      0.034     7.2627     64.934     35.634  25.220846     1.2657      7.872   341.0917 1.3816e+01     2.8521      5.221      7.573    10.3958   999.7057 0.0000e+00
      5.332      0.034     7.2518     64.839     35.650  25.233419     1.2640      7.872   341.1312 1.3712e+01     2.8468      5.229      7.583    10.3900   999.7063 0.0000e+00
      5.340      0.035     7.2426     64.759     35.648  25.233428     1.2789      7.871   341.2751 1.3575e+01     2.8770      5.236      7.594    10.3859   999.7066 0.0000e+00
      5.350      0.036     7.2357     64.697     35.630  25.220950     1.2812      7.869   341.4541 1.3458e+01     2.8895      5.248      7.612    10.3850   999.7068 0.0000e+00
      5.359      0.037     7.2309     64.649     35.617  25.209434     1.2397      7.867   341.4894 1.3374e+01     2.8661      5.256      7.624    10.3855   999.7068 0.0000e+00
      5.368      0.037     7.2303     64.639     35.637  25.221064     1.1759      7.866   341.5303 1.3259e+01     2.8569      5.262      7.632    10.3874   999.7066 0.0000e+00
      5.378      0.037     7.2330     64.664     35.656  25.234687     1.1517      7.867   341.6895 1.3114e+01     2.8771      5.273      7.648    10.3908   999.7064 0.0000e+00
      5.389      0.036     7.2366     64.704     35.669  25.247271     1.1545      7.867   341.8664 1.3016e+01     2.8804      5.287      7.667    10.3917   999.7064 0.0000e+00
      5.398      0.036     7.2401     64.742     35.663  25.246326     1.1500      7.866   341.9478 1.2942e+01     2.8643      5.294      7.679    10.3869   999.7068 0.0000e+00
      5.406      0.036     7.2422     64.757     35.633  25.223267     1.1225      7.865   341.9856 1.2830e+01     2.8462      5.301      7.689    10.3808   999.7075 0.0000e+00
      5.414      0.036     7.2412     64.738     35.638  25.222218     1.0903      7.864   342.0646 1.2720e+01     2.8255      5.310      7.701    10.3812   999.7075 0.0000e+00
      5.422      0.036     7.2352     64.672     35.663  25.233648     1.0905      7.862   342.1301 1.2620e+01     2.8425      5.317      7.712    10.3892   999.7068 0.0000e+00
      5.432      0.037     7.2240     64.562     35.671  25.234574     1.0905      7.862   342.1742 1.2495e+01     2.8556      5.326      7.725    10.3955   999.7063 0.0000e+00
      5.443      0.039     7.2109     64.438     35.673  25.233411     1.0645      7.862   342.2532 1.2377e+01     2.8200      5.338      7.741    10.3929   999.7065 0.0000e+00
      5.453      0.041     7.1972     64.312     35.656  25.219589     1.0368      7.862   342.3975 1.2293e+01     2.8058      5.349      7.757    10.3845   999.7073 0.0000e+00
      5.462      0.042     7.1822     64.174     35.622  25.194329     1.0326      7.861   342.5417 1.2199e+01     2.8473      5.356      7.767    10.3747   999.7083 0.0000e+00
      5.473      0.042     7.1682     64.047     35.607  25.181745     1.0394      7.859   342.6204 1.2050e+01     2.8961      5.365      7.782    10.3673   999.7090 0.0000e+00
      5.487      0.041     7.1576     63.950     35.626  25.194318     1.0327      7.859   342.6605 1.1915e+01     2.9037      5.381      7.805    10.3643   999.7094 0.0000e+00
      5.499      0.040     7.1491     63.875     35.661  25.219465     1.0203      7.858   342.5961 1.1849e+01     2.8744      5.395      7.825    10.3628   999.7096 0.0000e+00
      5.507      0.039     7.1417     63.811     35.677  25.232048     1.0200      7.857   342.4446 1.1789e+01     2.8362      5.400      7.833    10.3604   999.7099 0.0000e+00
      5.515      0.037     7.1371     63.771     35.659  25.219578     1.0292      7.857   342.4641 1.1694e+01     2.8024      5.407      7.843    10.3578   999.7101 0.0000e+00
