Data/DataNotYetUploadedToEDI/Raw_CTD/RawDownloads/061719_FCR30.cnv
* Sea-Bird SBE19plus  Data File:
* FileName = C:\DATA\061719_FCR_0006.hex
* Software version 2.8.0.119 SB_Terminal.dll
* Temperature SN = 7809
* Conductivity SN = 7809
* System UpLoad Time = Jun 17 2019 17:02:03
* <ApplicationData>
* <Seaterm232>
# nquan = 16
# nvalues = 809                         
# units = specified
# name 0 = depFM: Depth [fresh water, m]
# name 1 = dz/dtM: Descent Rate [m/s]
# name 2 = sbeox0Mg/L: Oxygen, SBE 43 [mg/l]
# name 3 = sbeox0PS: Oxygen, SBE 43 [% saturation]
# name 4 = specc: Specific Conductance [uS/cm]
# name 5 = c0uS/cm: Conductivity [uS/cm]
# name 6 = flECO-AFL: Fluorescence, WET Labs ECO-AFL/FL [mg/m^3]
# name 7 = ph: pH
# name 8 = orp: Oxidation Reduction Potential [mV]
# name 9 = par/sat/log: PAR/Logarithmic, Satlantic
# name 10 = turbWETntu0: Turbidity, WET Labs ECO [NTU]
# name 11 = prdM: Pressure, Strain Gauge [db]
# name 12 = prdE: Pressure, Strain Gauge [psi]
# name 13 = tv290C: Temperature [ITS-90, deg C]
# name 14 = density00: Density [density, kg/m^3]
# name 15 = flag:  0.000e+00
# span 0 =     -0.561,      5.149       
# span 1 =     -0.022,      0.111       
# span 2 =     2.3293,    10.2738       
# span 3 =     21.398,    111.143       
# span 4 =      1.403,     38.128       
# span 5 =   1.331795,  32.752431       
# span 6 =    -0.4855,     3.7752       
# span 7 =      6.597,      8.827       
# span 8 =   258.0382,   659.8130       
# span 9 = 1.0369e+01, 2.3873e+03       
# span 10 =    -3.2199,    11.0334      
# span 11 =     -0.550,      5.050      
# span 12 =     -0.798,      7.325      
# span 13 =    10.3913,    24.0142      
# span 14 =   997.3111,   999.7052      
# span 15 = 0.0000e+00, 0.0000e+00      
# interval = seconds: 0.25
# start_time = Jun 17 2019 11:22:06 [Instrument's time stamp, header]
# bad_flag = -9.990e-29
*END*
[from data line 91]
     -0.158     -0.003     6.3457     75.212     33.252  32.506211     0.9744      8.423   287.8232 2.1711e+03     1.5896     -0.155     -0.225    23.8692   997.3467 0.0000e+00
     -0.163     -0.002     6.4953     76.980     33.205  32.456805     0.9714      8.419   288.0340 2.1638e+03     1.5579     -0.161     -0.234    23.8687   997.3468 0.0000e+00
     -0.164     -0.001     6.6301     78.580     33.214  32.467074     0.9694      8.413   288.4134 2.1698e+03     1.5437     -0.163     -0.236    23.8746   997.3453 0.0000e+00
     -0.161      0.001     6.7302     79.774     33.248  32.503445     0.9677      8.407   288.6239 2.1819e+03     1.5823     -0.159     -0.231    23.8799   997.3441 0.0000e+00
     -0.157      0.003     6.7952     80.547     33.259  32.515812     0.9682      8.400   288.6006 2.1913e+03     1.6309     -0.154     -0.222    23.8727   997.3459 0.0000e+00
     -0.156      0.003     6.8310     80.969     33.233  32.489691     0.9667      8.395   288.6483 2.1906e+03     1.6394     -0.152     -0.220    23.8634   997.3481 0.0000e+00
     -0.157      0.002     6.8421     81.097     33.186  32.441448     0.9578      8.392   288.7698 2.1814e+03     1.6203     -0.153     -0.222    23.8703   997.3464 0.0000e+00
     -0.158      0.000     6.8313     80.967     33.185  32.440192     0.9561      8.388   288.7795 2.1746e+03     1.5967     -0.155     -0.225    23.8772   997.3448 0.0000e+00
     -0.158      0.000     6.8023     80.626     33.219  32.474494     0.9638      8.383   288.8511 2.1773e+03     1.5832     -0.156     -0.226    23.8776   997.3446 0.0000e+00
     -0.158      0.001     6.7657     80.192     33.220  32.475439     0.9643      8.379   289.0341 2.1860e+03     1.5877     -0.155     -0.225    23.8763   997.3450 0.0000e+00
     -0.158      0.003     6.7324     79.795     33.197  32.451616     0.9623      8.374   289.1855 2.1945e+03     1.5857     -0.155     -0.225    23.8706   997.3463 0.0000e+00
     -0.157      0.005     6.7034     79.448     33.187  32.440294     0.9652      8.368   289.3043 2.2058e+03     1.5592     -0.155     -0.224    23.8709   997.3462 0.0000e+00
     -0.155      0.005     6.6740     79.097     33.214  32.465460     0.9646      8.362   289.2661 2.2257e+03     1.5624     -0.153     -0.220    23.8747   997.3454 0.0000e+00
     -0.152      0.004     6.6417     78.712     33.252  32.502060     0.9643      8.356   289.1545 2.2471e+03     1.5914     -0.148     -0.216    23.8745   997.3454 0.0000e+00
     -0.150      0.003     6.6057     78.287     33.251  32.502058     0.9698      8.349   289.1590 2.2596e+03     1.5833     -0.146     -0.213    23.8723   997.3460 0.0000e+00
     -0.150      0.001     6.5688     77.852     33.213  32.465440     0.9699      8.343   289.2337 2.2562e+03     1.5613     -0.147     -0.212    23.8696   997.3467 0.0000e+00
     -0.151     -0.001     6.5349     77.449     33.188  32.440077     0.9571      8.338   289.3698 2.2358e+03     1.5558     -0.148     -0.215    23.8668   997.3473 0.0000e+00
     -0.152     -0.001     6.5019     77.053     33.199  32.449223     0.9543      8.335   289.5144 2.2123e+03     1.5825     -0.149     -0.216    23.8653   997.3477 0.0000e+00
     -0.153     -0.001     6.4666     76.631     33.202  32.449108     0.9615      8.333   289.6919 2.2018e+03     1.6211     -0.149     -0.217    23.8675   997.3472 0.0000e+00
     -0.153      0.000     6.4280     76.170     33.193  32.438685     0.9578      8.330   289.9665 2.2001e+03     1.6291     -0.151     -0.218    23.8702   997.3465 0.0000e+00
     -0.153      0.001     6.3873     75.683     33.207  32.450108     0.9530      8.326   290.1674 2.1997e+03     1.6138     -0.151     -0.218    23.8689   997.3468 0.0000e+00
     -0.152      0.001     6.3462     75.191     33.219  32.460302     0.9556      8.322   290.2274 2.2022e+03     1.6002     -0.149     -0.217    23.8651   997.3477 0.0000e+00
     -0.151      0.001     6.3052     74.702     33.194  32.435026     0.9631      8.320   290.3486 2.2067e+03     1.6284     -0.148     -0.215    23.8613   997.3487 0.0000e+00
     -0.151      0.000     6.2650     74.223     33.159  32.398322     0.9653      8.318   290.5142 2.2094e+03     1.6266     -0.148     -0.215    23.8585   997.3494 0.0000e+00
     -0.151     -0.001     6.2274     73.775     33.159  32.397272     0.9654      8.314   290.5948 2.2086e+03     1.5789     -0.147     -0.214    23.8557   997.3501 0.0000e+00
     -0.151     -0.002     6.1929     73.364     33.185  32.422331     0.9991      8.310   290.6348 2.2059e+03     1.5763     -0.148     -0.214    23.8529   997.3507 0.0000e+00
     -0.152     -0.002     6.1609     72.983     33.212  32.447476     1.0597      8.309   290.6543 2.2034e+03     1.5951     -0.149     -0.216    23.8504   997.3513 0.0000e+00
     -0.154     -0.002     6.1314     72.632     33.213  32.447458     1.0913      8.308   290.6585 2.2015e+03     1.6095     -0.151     -0.219    23.8481   997.3519 0.0000e+00
     -0.155     -0.001     6.1034     72.297     33.188  32.422113     1.0869      8.305   290.6859 2.2013e+03     1.6188     -0.152     -0.221    23.8461   997.3524 0.0000e+00
     -0.155      0.000     6.0766     71.977     33.162  32.394860     1.0493      8.300   290.8127 2.2038e+03     1.6100     -0.153     -0.222    23.8449   997.3526 0.0000e+00
     -0.154      0.001     6.0491     71.647     33.140  32.371775     0.9924      8.295   291.0727 2.2085e+03     1.6015     -0.152     -0.220    23.8439   997.3529 0.0000e+00
     -0.153      0.001     6.0187     71.283     33.167  32.396835     0.9629      8.289   291.2488 2.2140e+03     1.6136     -0.150     -0.218    23.8423   997.3533 0.0000e+00
     -0.152      0.001     5.9871     70.905     33.217  32.444016     0.9610      8.284   291.2218 2.2175e+03     1.6256     -0.149     -0.216    23.8401   997.3538 0.0000e+00
     -0.152      0.001     5.9576     70.555     33.208  32.434567     0.9615      8.280   291.1757 2.2171e+03     1.6161     -0.148     -0.215    23.8378   997.3544 0.0000e+00
     -0.153      0.001     5.9313     70.243     33.183  32.409507     0.9506      8.277   291.1222 2.2143e+03     1.5967     -0.150     -0.217    23.8355   997.3550 0.0000e+00
     -0.154      0.002     5.9065     69.948     33.169  32.394849     0.9512      8.273   290.7470 2.2097e+03     1.5881     -0.152     -0.220    23.8327   997.3556 0.0000e+00
     -0.154      0.004     5.8834     69.672     33.159  32.384258     0.9692      8.267   290.0809 2.2054e+03     1.5766     -0.152     -0.221    23.8301   997.3563 0.0000e+00
     -0.152      0.006     5.8597     69.389     33.185  32.408365     0.9766      8.262   289.8644 2.2079e+03     1.5570     -0.150     -0.219    23.8290   997.3566 0.0000e+00
     -0.149      0.007     5.8346     69.090     33.210  32.432489     0.9884      8.258   290.2814 2.2190e+03     1.5472     -0.146     -0.212    23.8292   997.3565 0.0000e+00
     -0.145      0.007     5.8126     68.831     33.199  32.422096     1.0084      8.253   290.4761 2.2297e+03     1.5562     -0.142     -0.206    23.8283   997.3567 0.0000e+00
     -0.142      0.006     5.7971     68.650     33.185  32.409622     1.0198      8.246   289.8951 2.2336e+03     1.6001     -0.140     -0.203    23.8261   997.3573 0.0000e+00
     -0.142      0.004     5.7886     68.550     33.183  32.408592     1.0307      8.240   289.1080 2.2326e+03     1.6195     -0.138     -0.201    23.8236   997.3579 0.0000e+00
     -0.143      0.003     5.7853     68.508     33.186  32.409644     1.0530      8.238   288.8742 2.2288e+03     1.5612     -0.140     -0.204    23.8217   997.3583 0.0000e+00
     -0.144      0.003     5.7824     68.471     33.201  32.422334     1.0813      8.238   289.0472 2.2252e+03     1.5181     -0.142     -0.206    23.8229   997.3581 0.0000e+00
     -0.143      0.003     5.7772     68.407     33.215  32.435110     1.0956      8.239   289.1352 2.2262e+03     1.5569     -0.141     -0.204    23.8272   997.3571 0.0000e+00
     -0.141      0.003     5.7713     68.339     33.216  32.437190     1.0954      8.239   289.0774 2.2320e+03     1.6037     -0.139     -0.200    23.8282   997.3568 0.0000e+00
     -0.139      0.003     5.7661     68.280     33.225  32.447489     1.0615      8.239   289.0368 2.2371e+03     1.5929     -0.136     -0.197    23.8245   997.3577 0.0000e+00
     -0.138      0.002     5.7619     68.233     33.209  32.432716     0.9975      8.238   289.0747 2.2354e+03     1.5584     -0.135     -0.196    23.8212   997.3585 0.0000e+00
     -0.139      0.001     5.7599     68.209     33.162  32.385497     0.9721      8.236   289.1914 2.2275e+03     1.5785     -0.136     -0.198    23.8194   997.3590 0.0000e+00
     -0.139      0.000     5.7581     68.184     33.162  32.384239     0.9797      8.233   289.3294 2.2209e+03     1.6402     -0.137     -0.199    23.8198   997.3589 0.0000e+00
     -0.139      0.000     5.7526     68.114     33.198  32.417499     0.9847      8.230   289.3664 2.2209e+03     1.6491     -0.137     -0.198    23.8240   997.3579 0.0000e+00
     -0.139      0.000     5.7443     68.012     33.189  32.406888     0.9985      8.228   289.2946 2.2257e+03     1.6205     -0.136     -0.198    23.8276   997.3570 0.0000e+00
     -0.139      0.001     5.7348     67.897     33.166  32.382857     1.0173      8.227   289.2359 2.2275e+03     1.5894     -0.136     -0.197    23.8258   997.3573 0.0000e+00
     -0.139      0.001     5.7217     67.739     33.165  32.380777     1.0301      8.224   289.2581 2.2244e+03     1.5670     -0.136     -0.197    23.8215   997.3584 0.0000e+00
     -0.138      0.001     5.7052     67.541     33.167  32.381732     1.0145      8.221   289.3046 2.2224e+03     1.5791     -0.135     -0.196    23.8180   997.3593 0.0000e+00
     -0.138      0.001     5.6867     67.320     33.181  32.394407     0.9754      8.219   289.2829 2.2231e+03     1.5723     -0.135     -0.196    23.8153   997.3600 0.0000e+00
     -0.138      0.001     5.6658     67.071     33.196  32.407106     0.9562      8.218   289.3403 2.2240e+03     1.5506     -0.135     -0.196    23.8132   997.3605 0.0000e+00
     -0.137      0.001     5.6449     66.822     33.198  32.408364     0.9557      8.216   289.4821 2.2234e+03     1.5460     -0.135     -0.195    23.8116   997.3609 0.0000e+00
     -0.137      0.001     5.6281     66.624     33.199  32.409612     0.9528      8.214   289.5339 2.2214e+03     1.5499     -0.134     -0.194    23.8102   997.3612 0.0000e+00
     -0.136      0.001     5.6136     66.452     33.212  32.422200     0.9633      8.214   289.6227 2.2183e+03     1.5644     -0.133     -0.193    23.8083   997.3617 0.0000e+00
     -0.136      0.001     5.5977     66.264     33.223  32.433644     0.9959      8.213   289.6954 2.2131e+03     1.5573     -0.134     -0.194    23.8062   997.3622 0.0000e+00
     -0.137      0.001     5.5833     66.092     33.211  32.421066     1.0181      8.210   289.7244 2.2041e+03     1.5300     -0.134     -0.194    23.8049   997.3625 0.0000e+00
     -0.137      0.001     5.5698     65.931     33.188  32.397037     1.0155      8.208   289.8023 2.1939e+03     1.5291     -0.135     -0.196    23.8051   997.3625 0.0000e+00
     -0.136      0.001     5.5541     65.742     33.189  32.396942     0.9986      8.206   289.8620 2.1884e+03     1.5793     -0.134     -0.194    23.8059   997.3623 0.0000e+00
     -0.136      0.001     5.5378     65.546     33.214  32.419913     0.9789      8.205   290.0167 2.1879e+03     1.6125     -0.133     -0.192    23.8060   997.3623 0.0000e+00
     -0.136      0.001     5.5223     65.361     33.216  32.420943     0.9672      8.203   290.2104 2.1881e+03     1.5702     -0.133     -0.193    23.8053   997.3624 0.0000e+00
     -0.135      0.001     5.5071     65.181     33.205  32.409386     0.9704      8.201   290.2249 2.1876e+03     1.5589     -0.132     -0.192    23.8034   997.3629 0.0000e+00
     -0.135      0.000     5.4915     64.994     33.204  32.407096     0.9919      8.199   290.1918 2.1885e+03     1.6071     -0.132     -0.191    23.8010   997.3635 0.0000e+00
     -0.135 1.8628e-08     5.4752     64.799     33.190  32.393260     1.0183      8.197   290.2403 2.1910e+03     1.6290     -0.133     -0.192    23.7994   997.3640 0.0000e+00
     -0.136 2.0490e-07     5.4590     64.605     33.167  32.369013     1.0302      8.194   290.2950 2.1935e+03     1.5945     -0.133     -0.193    23.7979   997.3642 0.0000e+00
     -0.136 2.0490e-07     5.4439     64.423     33.167  32.367753     1.0231      8.192   290.3378 2.1944e+03     1.5505     -0.133     -0.193    23.7964   997.3646 0.0000e+00
     -0.136 1.8625e-08     5.4300     64.257     33.178  32.378033     1.0184      8.192   290.4128 2.1949e+03     1.5226     -0.134     -0.194    23.7949   997.3650 0.0000e+00
     -0.136 1.6654e-09     5.4165     64.096     33.167  32.366390     1.0263      8.191   290.5139 2.1974e+03     1.4531     -0.133     -0.193    23.7932   997.3654 0.0000e+00
     -0.136 -1.537e-10     5.4017     63.920     33.156  32.353897     1.0317      8.190   290.6131 2.2016e+03     1.3994     -0.133     -0.192    23.7918   997.3657 0.0000e+00
     -0.136 -3.370e-09     5.3852     63.722     33.156  32.353897     1.0316      8.187   290.7526 2.2048e+03     1.3642     -0.133     -0.193    23.7902   997.3661 0.0000e+00
     -0.136 -3.722e-08     5.3700     63.539     33.170  32.366381     1.0509      8.185   290.9088 2.2060e+03     1.3886     -0.133     -0.193    23.7884   997.3666 0.0000e+00
     -0.136 -4.095e-07     5.3565     63.379     33.183  32.377920     1.1000      8.182   291.0395 2.2064e+03     1.5311     -0.133     -0.193    23.7868   997.3669 0.0000e+00
     -0.136      0.000     5.3427     63.215     33.172  32.366495     1.1399      8.178   291.1283 2.2062e+03     1.6125     -0.133     -0.193    23.7853   997.3673 0.0000e+00
     -0.136      0.000     5.3290     63.051     33.162  32.355166     1.1517      8.176   291.2081 2.2052e+03     1.5854     -0.134     -0.194    23.7836   997.3677 0.0000e+00
     -0.136     -0.001     5.3153     62.887     33.176  32.367858     1.1475      8.174   291.2303 2.2053e+03     1.5634     -0.133     -0.193    23.7821   997.3681 0.0000e+00
     -0.136     -0.001     5.3012     62.718     33.203  32.393025     1.0975      8.172   291.1383 2.2064e+03     1.6093     -0.133     -0.193    23.7807   997.3685 0.0000e+00
     -0.136     -0.001     5.2880     62.561     33.216  32.405617     1.0159      8.171   291.1290 2.2077e+03     1.6492     -0.133     -0.193    23.7792   997.3688 0.0000e+00
     -0.137     -0.000     5.2769     62.429     33.204  32.393191     0.9764      8.170   291.2039 2.2085e+03     1.6196     -0.134     -0.195    23.7778   997.3691 0.0000e+00
     -0.138      0.001     5.2683     62.326     33.181  32.369706     0.9656      8.170   291.1829 2.2066e+03     1.5787     -0.136     -0.197    23.7762   997.3695 0.0000e+00
     -0.137      0.002     5.2599     62.225     33.187  32.375495     0.9465      8.170   291.0473 2.2046e+03     1.5811     -0.135     -0.196    23.7746   997.3699 0.0000e+00
     -0.136      0.002     5.2504     62.113     33.277  32.463185     0.9272      8.168   290.9404 2.2068e+03     1.6151     -0.133     -0.193    23.7735   997.3702 0.0000e+00
     -0.134      0.002     5.2525     62.154     33.413  32.604987     0.9146      8.166   291.0098 2.2124e+03     1.6302     -0.132     -0.191    23.7734   997.3703 0.0000e+00
     -0.133      0.001     5.3285     63.100     33.477  32.693906     0.9061      8.165   291.1985 2.2181e+03     1.6000     -0.131     -0.189    23.7725   997.3704 0.0000e+00
     -0.133      0.000     5.5961     66.329     33.465  32.713367     0.9125      8.163   291.3294 2.2188e+03     1.5448     -0.131     -0.189    23.7719   997.3706 0.0000e+00
