Data/DataNotYetUploadedToEDI/Raw_CTD/RawDownloads/061719_FCR45.cnv
* Sea-Bird SBE19plus  Data File:
* FileName = C:\DATA\061719_FCR_0007.hex
* Software version 2.8.0.119 SB_Terminal.dll
* Temperature SN = 7809
* Conductivity SN = 7809
* System UpLoad Time = Jun 17 2019 17:02:34
* <ApplicationData>
* <Seaterm232>
# nquan = 16
# nvalues = 1041                        
# units = specified
# name 0 = depFM: Depth [fresh water, m]
# name 1 = dz/dtM: Descent Rate [m/s]
# name 2 = sbeox0Mg/L: Oxygen, SBE 43 [mg/l]
# name 3 = sbeox0PS: Oxygen, SBE 43 [% saturation]
# name 4 = specc: Specific Conductance [uS/cm]
# name 5 = c0uS/cm: Conductivity [uS/cm]
# name 6 = flECO-AFL: Fluorescence, WET Labs ECO-AFL/FL [mg/m^3]
# name 7 = ph: pH
# name 8 = orp: Oxidation Reduction Potential [mV]
# name 9 = par/sat/log: PAR/Logarithmic, Satlantic
# name 10 = turbWETntu0: Turbidity, WET Labs ECO [NTU]
# name 11 = prdM: Pressure, Strain Gauge [db]
# name 12 = prdE: Pressure, Strain Gauge [psi]
# name 13 = tv290C: Temperature [ITS-90, deg C]
# name 14 = density00: Density [density, kg/m^3]
# name 15 = flag:  0.000e+00
# span 0 =     -0.556,      7.296       
# span 1 =     -0.018,      0.127       
# span 2 =     2.7163,    11.4223       
# span 3 =     24.994,    118.375       
# span 4 =      1.672,     37.346       
# span 5 =   1.471610,  32.580704       
# span 6 =    -0.9515,     3.5230       
# span 7 =      6.974,      8.388       
# span 8 =   197.1308,   684.3072       
# span 9 = 2.1848e+00, 2.2458e+03       
# span 10 =    -0.7115,    81.4859      
# span 11 =     -0.545,      7.156      
# span 12 =     -0.791,     10.379      
# span 13 =    10.1904,    23.7754      
# span 14 =   997.3698,   999.7343      
# span 15 = 0.0000e+00, 0.0000e+00      
# interval = seconds: 0.25
# start_time = Jun 17 2019 11:28:35 [Instrument's time stamp, header]
# bad_flag = -9.990e-29
*END*
[from data line 904]
      6.367      0.041     6.8925     61.516     35.414  25.012733     1.0303      7.798   348.2818 5.3124e+00     2.6364      6.242      9.052    10.3149   999.7180 0.0000e+00
      6.380      0.043     6.8618     61.240     35.434  25.026081     1.0207      7.797   348.3873 5.2172e+00     2.6335      6.255      9.073    10.3147   999.7180 0.0000e+00
      6.396      0.043     6.8338     60.990     35.461  25.045058     1.0185      7.797   348.4832 5.1427e+00     2.6926      6.274      9.100    10.3142   999.7182 0.0000e+00
      6.410      0.042     6.8115     60.793     35.470  25.051865     1.0203      7.796   348.4956 5.0992e+00     2.7951      6.287      9.119    10.3133   999.7183 0.0000e+00
      6.420      0.040     6.7980     60.674     35.460  25.044945     1.0250      7.796   348.5374 5.0762e+00     2.8565      6.296      9.133    10.3119   999.7185 0.0000e+00
      6.428      0.037     6.7922     60.623     35.431  25.024833     1.0155      7.797   348.5578 5.0536e+00     2.8453      6.305      9.144    10.3107   999.7187 0.0000e+00
      6.434      0.035     6.7949     60.644     35.395  24.999005     0.9920      7.797   348.4841 5.0279e+00     2.7905      6.310      9.152    10.3098   999.7188 0.0000e+00
      6.441      0.035     6.8024     60.709     35.380  24.986413     0.9750      7.795   348.5067 4.9902e+00     2.7179      6.316      9.160    10.3103   999.7188 0.0000e+00
      6.451      0.036     6.8121     60.793     35.400  24.999458     0.9659      7.793   348.5727 4.9295e+00     2.6231      6.325      9.173    10.3123   999.7186 0.0000e+00
      6.463      0.036     6.8231     60.890     35.444  25.029857     0.9593      7.792   348.5938 4.8684e+00     2.5614      6.338      9.192    10.3134   999.7186 0.0000e+00
      6.474      0.036     6.8311     60.960     35.454  25.036767     0.9473      7.792   348.6758 4.8213e+00     2.5945      6.351      9.211    10.3119   999.7188 0.0000e+00
      6.483      0.034     6.8349     60.993     35.430  25.019569     0.9248      7.791   348.7894 4.7798e+00     2.6634      6.358      9.221    10.3094   999.7190 0.0000e+00
      6.490      0.031     6.8348     60.991     35.421  25.012229     0.9051      7.791   348.8488 4.7223e+00     2.6739      6.364      9.231    10.3074   999.7192 0.0000e+00
      6.498      0.027     6.8318     60.964     35.421  25.011469     0.8987      7.790   348.8787 4.6686e+00     2.6554      6.373      9.243    10.3068   999.7193 0.0000e+00
      6.505      0.023     6.8257     60.909     35.419  25.010374     0.9339      7.790   348.9783 4.6435e+00     2.6694      6.380      9.254    10.3064   999.7194 0.0000e+00
      6.510      0.019     6.8168     60.834     35.400  24.998991     1.0013      7.789   349.0204 4.6204e+00     2.6786      6.384      9.261    10.3055   999.7195 0.0000e+00
      6.515      0.016     6.8079     60.759     35.400  25.000716     1.0294      7.788   348.9574 4.5972e+00     2.6682      6.389      9.267    10.3043   999.7197 0.0000e+00
      6.518      0.014     6.7990     60.684     35.440  25.031228     1.0219      7.787   348.9914 4.5821e+00     2.6430      6.393      9.272    10.3035   999.7197 0.0000e+00
      6.520      0.012     6.7888     60.599     35.463  25.050722     1.0145      7.786   349.0876 4.5717e+00     2.6030      6.394      9.273    10.3041   999.7197 0.0000e+00
      6.522      0.011     6.7777     60.509     35.450  25.046099     1.0005      7.786   349.1740 4.5593e+00     2.6431      6.396      9.276    10.3067   999.7194 0.0000e+00
      6.525      0.010     6.7690     60.439     35.433  25.038777     0.9832      7.785   349.2611 4.5438e+00     2.7668      6.399      9.281    10.3101   999.7191 0.0000e+00
      6.529      0.009     6.7655     60.413     35.411  25.025636     0.9698      7.784   349.3664 4.5259e+00     2.8212      6.402      9.286    10.3122   999.7190 0.0000e+00
      6.531      0.009     6.7667     60.423     35.396  25.014094     0.9599      7.783   349.4150 4.4939e+00     2.8097      6.406      9.290    10.3167   999.7186 0.0000e+00
      6.533      0.009     6.7723     60.468     35.416  25.026093     0.9774      7.783   349.4189 4.4659e+00     2.7920      6.408      9.293    10.3241   999.7179 0.0000e+00
      6.535      0.010     6.7830     60.558     35.446  25.043837     1.0158      7.782   349.4994 4.4554e+00     2.7379      6.408      9.295    10.3307   999.7173 0.0000e+00
      6.536      0.012     6.7956     60.665     35.442  25.038321     1.0333      7.781   349.5271 4.4471e+00     2.6795      6.409      9.296    10.3343   999.7170 0.0000e+00
      6.539      0.015     6.8081     60.772     35.422  25.022840     1.0333      7.781   349.4971 4.4296e+00     2.6433      6.412      9.300    10.3339   999.7170 0.0000e+00
      6.543      0.018     6.8184     60.864     35.456  25.046966     1.0338      7.781   349.5665 4.4101e+00     2.6286      6.415      9.305    10.3295   999.7175 0.0000e+00
      6.549      0.020     6.8208     60.891     35.494  25.076275     1.0384      7.780   349.6777 4.3929e+00     2.6322      6.421      9.313    10.3244   999.7180 0.0000e+00
      6.556      0.021     6.8154     60.849     35.467  25.060014     1.0294      7.779   349.7230 4.3682e+00     2.6203      6.429      9.324    10.3199   999.7184 0.0000e+00
      6.562      0.023     6.8069     60.772     35.441  25.040681     1.0108      7.779   349.6845 4.3341e+00     2.6162      6.436      9.334    10.3167   999.7187 0.0000e+00
      6.567      0.025     6.7969     60.673     35.436  25.032839     1.0038      7.779   349.6422 4.3093e+00     2.6154      6.441      9.343    10.3172   999.7187 0.0000e+00
      6.572      0.028     6.7857     60.560     35.439  25.028624     1.0068      7.780   349.6420 4.2993e+00     2.6108      6.444      9.346    10.3217   999.7184 0.0000e+00
      6.577      0.033     6.7739     60.444     35.481  25.053148     1.0200      7.780   349.6815 4.2738e+00     2.6587      6.448      9.353    10.3276   999.7178 0.0000e+00
      6.586      0.037     6.7656     60.362     35.519  25.075596     1.0251      7.779   349.7760 4.2323e+00     2.7034      6.457      9.367    10.3275   999.7178 0.0000e+00
      6.598      0.040     6.7618     60.323     35.481  25.046288     1.0162      7.777   349.8380 4.1824e+00     2.6919      6.470      9.383    10.3194   999.7186 0.0000e+00
      6.612      0.041     6.7595     60.299     35.441  25.015983     1.0170      7.777   349.8290 4.1339e+00     2.6838      6.485      9.405    10.3093   999.7196 0.0000e+00
      6.625      0.041     6.7597     60.299     35.457  25.026369     1.0268      7.776   349.8386 4.1060e+00     2.6709      6.499      9.425    10.3013   999.7205 0.0000e+00
      6.635      0.040     6.7591     60.293     35.483  25.044984     1.0303      7.776   349.8686 4.0808e+00     2.6345      6.507      9.438    10.2958   999.7210 0.0000e+00
      6.642      0.038     6.7596     60.297     35.491  25.050738     1.0239      7.776   349.8476 4.0519e+00     2.6370      6.514      9.448    10.2922   999.7213 0.0000e+00
      6.650      0.036     6.7645     60.340     35.466  25.032490     1.0185      7.775   349.8430 4.0277e+00     2.7012      6.522      9.459    10.2905   999.7215 0.0000e+00
      6.658      0.034     6.7690     60.378     35.442  25.014674     1.0257      7.774   349.8990 3.9938e+00     2.7878      6.529      9.469    10.2893   999.7217 0.0000e+00
      6.668      0.033     6.7733     60.413     35.461  25.025642     1.0330      7.774   349.9219 3.9460e+00     2.8321      6.538      9.483    10.2879   999.7219 0.0000e+00
      6.679      0.033     6.7797     60.466     35.481  25.038226     1.0290      7.774   349.9475 3.9054e+00     2.8111      6.551      9.502    10.2884   999.7219 0.0000e+00
      6.688      0.033     6.7847     60.510     35.484  25.039938     1.0206      7.774   350.0365 3.8859e+00     2.7627      6.560      9.514    10.2897   999.7218 0.0000e+00
      6.693      0.034     6.7861     60.525     35.492  25.046347     1.0178      7.774   350.1382 3.8699e+00     2.7055      6.563      9.519    10.2880   999.7220 0.0000e+00
      6.699      0.034     6.7922     60.580     35.500  25.052281     1.0214      7.773   350.2304 3.8365e+00     2.6442      6.568      9.526    10.2839   999.7225 0.0000e+00
      6.709      0.036     6.8048     60.691     35.496  25.048247     1.0210      7.771   350.2906 3.7903e+00     2.6115      6.579      9.543    10.2799   999.7228 0.0000e+00
      6.720      0.039     6.8108     60.742     35.515  25.061002     1.0045      7.771   350.3501 3.7523e+00     2.6709      6.591      9.560    10.2798   999.7229 0.0000e+00
      6.730      0.042     6.8052     60.691     35.542  25.079619     0.9775      7.771   350.5197 3.7265e+00     2.8054      6.599      9.571    10.2827   999.7227 0.0000e+00
      6.741      0.043     6.7961     60.610     35.547  25.083025     0.9632      7.770   350.6209 3.6963e+00     2.8942      6.609      9.586    10.2831   999.7226 0.0000e+00
      6.753      0.042     6.7903     60.557     35.574  25.102195     0.9617      7.769   350.5411 3.6607e+00     2.8927      6.623      9.606    10.2814   999.7229 0.0000e+00
      6.765      0.042     6.7860     60.518     35.601  25.121084     0.9596      7.769   350.5010 3.6410e+00     2.8187      6.636      9.625    10.2796   999.7231 0.0000e+00
      6.775      0.042     6.7786     60.453     35.601  25.121086     0.9550      7.769   350.5666 3.6227e+00     2.7216      6.645      9.638    10.2794   999.7232 0.0000e+00
      6.784      0.042     6.7702     60.377     35.576  25.102223     0.9582      7.768   350.6460 3.5803e+00     2.6688      6.651      9.646    10.2789   999.7233 0.0000e+00
      6.794      0.042     6.7647     60.322     35.553  25.083324     0.9647      7.767   350.6002 3.5401e+00     2.6387      6.662      9.661    10.2784   999.7234 0.0000e+00
      6.806      0.041     6.7617     60.287     35.558  25.082895     0.9459      7.767   350.5290 3.5074e+00     2.6537      6.674      9.680    10.2781   999.7235 0.0000e+00
      6.818      0.041     6.7605     60.270     35.583  25.097037     0.9136      7.766   350.5598 3.4671e+00     2.7512      6.685      9.697    10.2789   999.7235 0.0000e+00
      6.829      0.040     6.7596     60.259     35.628  25.127433     0.9033      7.765   350.6273 3.4375e+00     2.8352      6.697      9.714    10.2800   999.7234 0.0000e+00
      6.839      0.039     6.7599     60.261     35.637  25.133212     0.9072      7.765   350.6583 3.4180e+00     2.8826      6.708      9.729    10.2747   999.7239 0.0000e+00
      6.847      0.037     6.7641     60.299     35.593  25.103471     0.9000      7.765   350.5903 3.3919e+00     2.8980      6.716      9.739    10.2677   999.7245 0.0000e+00
      6.855      0.036     6.7697     60.349     35.567  25.085027     0.8770      7.765   350.5793 3.3615e+00     2.8574      6.722      9.750    10.2624   999.7251 0.0000e+00
      6.864      0.034     6.7747     60.393     35.590  25.100524     0.8559      7.765   350.6975 3.3310e+00     2.8503      6.731      9.763    10.2598   999.7255 0.0000e+00
      6.874      0.032     6.7804     60.441     35.591  25.100528     0.8525      7.764   350.7294 3.2984e+00     2.8781      6.741      9.777    10.2612   999.7254 0.0000e+00
      6.883      0.031     6.7856     60.486     35.571  25.085068     0.8528      7.762   350.7060 3.2667e+00     2.8661      6.751      9.792    10.2620   999.7253 0.0000e+00
      6.891      0.029     6.7858     60.487     35.598  25.103921     0.8506      7.762   350.8448 3.2507e+00     2.8355      6.759      9.803    10.2625   999.7253 0.0000e+00
      6.897      0.029     6.7799     60.436     35.646  25.138171     0.8518      7.761   351.0310 3.2422e+00     2.8360      6.764      9.809    10.2619   999.7255 0.0000e+00
      6.903      0.030     6.7705     60.353     35.707  25.181978     0.8500      7.760   351.0639 3.2263e+00     2.8711      6.769      9.816    10.2592   999.7257 0.0000e+00
      6.909      0.034     6.7570     60.232     35.808  25.252953     0.8554      7.760   350.9851 3.2026e+00     2.9002      6.776      9.827    10.2577   999.7258 0.0000e+00
      6.918      0.039     6.7402     60.079     35.965  25.361936     0.8644      7.760   350.9387 3.1741e+00     2.8924      6.783      9.837    10.2573   999.7259 0.0000e+00
      6.928      0.043     6.7252     59.941     36.143  25.484638     0.8558      7.759   351.0195 3.1480e+00     2.8749      6.793      9.851    10.2589   999.7258 0.0000e+00
      6.941      0.046     6.7118     59.814     36.214  25.531173     0.8459      7.759   351.1017 3.1059e+00     2.8855      6.806      9.871    10.2611   999.7257 0.0000e+00
      6.956      0.047     6.6968     59.671     36.149  25.480510     0.8490      7.758   351.0714 3.0559e+00     2.8903      6.821      9.894    10.2593   999.7260 0.0000e+00
      6.970      0.046     6.6812     59.525     36.101  25.443032     0.8495      7.758   351.0832 3.0299e+00     2.8677      6.836      9.916    10.2565   999.7263 0.0000e+00
      6.981      0.044     6.6626     59.354     36.127  25.458665     0.8440      7.757   351.1587 3.0077e+00     2.8408      6.846      9.929    10.2543   999.7267 0.0000e+00
      6.990      0.042     6.6367     59.122     36.157  25.479202     0.8426      7.755   351.2094 2.9806e+00     2.8280      6.855      9.942    10.2483   999.7273 0.0000e+00
      6.999      0.040     6.6057     58.846     36.187  25.501019     0.8509      7.753   351.2657 2.9602e+00     2.8441      6.865      9.957    10.2409   999.7280 0.0000e+00
      7.008      0.040     6.5687     58.516     36.232  25.532135     0.8576      7.752   351.3235 2.9257e+00     2.8714      6.872      9.967    10.2361   999.7284 0.0000e+00
      7.018      0.041     6.5274     58.148     36.241  25.538215     0.8539      7.753   351.3929 2.8832e+00     2.8956      6.880      9.979    10.2316   999.7289 0.0000e+00
      7.030      0.041     6.4897     57.812     36.203  25.511100     0.8495      7.753   351.4159 2.8550e+00     2.9402      6.894      9.999    10.2309   999.7290 0.0000e+00
      7.043      0.041     6.4573     57.523     36.218  25.521481     0.8476      7.752   351.3440 2.8139e+00     2.9846      6.908     10.019    10.2329   999.7289 0.0000e+00
      7.053      0.040     6.4305     57.283     36.240  25.536850     0.8395      7.750   351.3839 2.7622e+00     2.9411      6.917     10.032    10.2321   999.7290 0.0000e+00
      7.062      0.039     6.4098     57.098     36.198  25.506614     0.8294      7.750   351.4676 2.7381e+00     2.8401      6.926     10.045    10.2309   999.7292 0.0000e+00
      7.071      0.039     6.3928     56.945     36.152  25.473089     0.8294      7.749   351.4098 2.7294e+00     2.8116      6.935     10.058    10.2312   999.7292 0.0000e+00
      7.080      0.040     6.3795     56.824     36.119  25.448702     0.8403      7.748   351.3734 2.7173e+00     2.8599      6.943     10.069    10.2314   999.7292 0.0000e+00
      7.089      0.040     6.3692     56.728     36.146  25.465516     0.8479      7.747   351.3714 2.6975e+00     2.8990      6.951     10.082    10.2300   999.7294 0.0000e+00
      7.101      0.040     6.3617     56.658     36.268  25.549504     0.8431      7.747   351.3862 2.6672e+00     2.8906      6.963     10.099    10.2294   999.7295 0.0000e+00
      7.114      0.040     6.3562     56.606     36.399  25.639463     0.8349      7.747   351.4654 2.6407e+00     2.8563      6.978     10.120    10.2288   999.7296 0.0000e+00
      7.125      0.040     6.3514     56.561     36.437  25.665032     0.8354      7.746   351.4684 2.6180e+00     2.8449      6.989     10.136    10.2267   999.7298 0.0000e+00
      7.133      0.040     6.3472     56.523     36.442  25.668334     0.8409      7.745   351.4229 2.5901e+00     2.8517      6.995     10.146    10.2240   999.7301 0.0000e+00
