Data/DataNotYetUploadedToEDI/Raw_CTD/RawDownloads/061719_FCR50.cnv
* Sea-Bird SBE19plus  Data File:
* FileName = C:\DATA\061719_FCR_0003.hex
* Software version 2.8.0.119 SB_Terminal.dll
* Temperature SN = 7809
* Conductivity SN = 7809
* System UpLoad Time = Jun 17 2019 17:01:01
* <ApplicationData>
* <Seaterm232>
# nquan = 16
# nvalues = 878                         
# units = specified
# name 0 = depFM: Depth [fresh water, m]
# name 1 = dz/dtM: Descent Rate [m/s]
# name 2 = sbeox0Mg/L: Oxygen, SBE 43 [mg/l]
# name 3 = sbeox0PS: Oxygen, SBE 43 [% saturation]
# name 4 = specc: Specific Conductance [uS/cm]
# name 5 = c0uS/cm: Conductivity [uS/cm]
# name 6 = flECO-AFL: Fluorescence, WET Labs ECO-AFL/FL [mg/m^3]
# name 7 = ph: pH
# name 8 = orp: Oxidation Reduction Potential [mV]
# name 9 = par/sat/log: PAR/Logarithmic, Satlantic
# name 10 = turbWETntu0: Turbidity, WET Labs ECO [NTU]
# name 11 = prdM: Pressure, Strain Gauge [db]
# name 12 = prdE: Pressure, Strain Gauge [psi]
# name 13 = tv290C: Temperature [ITS-90, deg C]
# name 14 = density00: Density [density, kg/m^3]
# name 15 = flag:  0.000e+00
# span 0 =     -0.581,      9.633       
# span 1 =     -0.105,      0.180       
# span 2 =     3.8299,    11.3265       
# span 3 =     34.623,    117.275       
# span 4 =      0.927,     58.591       
# span 5 =   0.974986,  57.999341       
# span 6 =    -1.3313,     3.9072       
# span 7 =      7.297,     10.288       
# span 8 = -1240.7455,   435.2813       
# span 9 = 1.2351e-01, 1.7716e+03       
# span 10 =    -9.9491,   851.6011      
# span 11 =     -0.570,      9.447      
# span 12 =     -0.826,     13.701      
# span 13 =    10.3465,    27.6064      
# span 14 =   996.3537,   999.7302      
# span 15 = 0.0000e+00, 0.0000e+00      
# interval = seconds: 0.25
# start_time = Jun 17 2019 09:56:47 [Instrument's time stamp, header]
# bad_flag = -9.990e-29
*END*
[from data line 181]
     -0.162      0.009     7.1276     84.096     33.761  32.842703     0.6398      9.177   294.7177 5.0532e+02     1.5264     -0.156     -0.226    24.4181   997.2108 0.0000e+00
     -0.161      0.002     7.6639     90.329     33.804  32.845121     0.6504      9.170   294.8836 8.1255e+02     1.5225     -0.158     -0.229    24.2546   997.2514 0.0000e+00
     -0.162     -0.010     8.1024     95.447     33.863  32.883314     0.6481      9.170   294.9364 1.1672e+03     1.4768     -0.161     -0.234    23.9497   997.3269 0.0000e+00
     -0.161     -0.020     8.4026     98.949     33.918  32.923700     0.6378      9.169   295.1843 1.4966e+03     1.4001     -0.157     -0.228    23.7200   997.3833 0.0000e+00
     -0.165     -0.025     8.5532    100.700     33.957  32.952644     0.6218      9.162   295.2131 1.6973e+03     1.3482     -0.157     -0.227    23.6124   997.4095 0.0000e+00
     -0.179     -0.022     8.5561    100.738     33.982  32.979409     0.6107      9.148   294.7686 1.7524e+03     1.3091     -0.173     -0.252    23.5667   997.4205 0.0000e+00
     -0.199     -0.015     8.4217     99.195     33.982  32.993484     0.6333      9.134   294.4558 1.7612e+03     1.2876     -0.200     -0.290    23.5449   997.4258 0.0000e+00
     -0.207     -0.005     8.2070     96.718     33.964  32.995915     0.6697      9.120   294.2704 1.7602e+03     1.2851     -0.209     -0.304    23.5254   997.4304 0.0000e+00
     -0.200      0.005     7.9963     94.277     33.962  33.008837     0.6781      9.107   294.3342 1.7574e+03     1.3121     -0.197     -0.286    23.5114   997.4339 0.0000e+00
     -0.186      0.012     7.8308     92.358     33.964  33.022817     0.6822      9.098   294.6246 1.7545e+03     1.3516     -0.182     -0.264    23.5087   997.4346 0.0000e+00
     -0.176      0.010     7.7075     90.937     33.966  33.038044     0.6758      9.096   294.4261 1.7488e+03     1.4012     -0.172     -0.249    23.5367   997.4279 0.0000e+00
     -0.170     -0.003     7.6120     89.842     33.981  33.066048     0.6359      9.098   293.9998 1.7543e+03     1.4860     -0.165     -0.239    23.5723   997.4192 0.0000e+00
     -0.170     -0.023     7.5271     88.864     34.014  33.107587     0.6076      9.099   293.9437 1.7594e+03     1.5576     -0.162     -0.236    23.5922   997.4144 0.0000e+00
     -0.180     -0.041     7.4409     87.859     34.127  33.222990     0.6113      9.099   294.1786 1.7500e+03     1.5791     -0.172     -0.250    23.6091   997.4103 0.0000e+00
     -0.201     -0.051     7.3545     86.845     34.484  33.572927     0.6198      9.096   294.4302 1.7155e+03     1.5814     -0.196     -0.283    23.6298   997.4051 0.0000e+00
     -0.225     -0.052     7.2728     85.898     35.280  34.355895     0.6235      9.090   294.5766 1.4324e+03     1.5530     -0.223     -0.323    23.6491   997.4004 0.0000e+00
     -0.245     -0.045     7.1972     85.037     36.523  35.581741     0.6215      9.080   294.7446 1.1179e+03     1.4976     -0.244     -0.354    23.6649   997.3965 0.0000e+00
     -0.256     -0.031     7.1363     84.362     37.927  36.970354     0.6211      9.064   294.8266 1.3013e+03     1.5022     -0.253     -0.368    23.6724   997.3946 0.0000e+00
     -0.258     -0.018     7.1072     84.075     39.157  38.197397     0.6278      9.052   294.5356 1.6319e+03     1.5432     -0.255     -0.370    23.6694   997.3954 0.0000e+00
     -0.254     -0.013     7.1212     84.304     40.719  39.754094     0.6245      9.045   294.1521 1.7277e+03     1.5668     -0.251     -0.364    23.6805   997.3929 0.0000e+00
     -0.246     -0.015     7.1756     85.002     45.216  44.175358     0.6154      9.039   293.9751 1.7293e+03     1.6243     -0.240     -0.347    23.7047   997.3875 0.0000e+00
     -0.245     -0.022     7.2574     86.039     52.432  51.269098     0.6129      9.032   293.8573 1.7179e+03     2.4021     -0.233     -0.338    23.7276   997.3824 0.0000e+00
     -0.256     -0.031     7.3562     87.344     56.901  55.728417     0.6129      9.025   293.7599 1.6898e+03    11.3970     -0.247     -0.358    23.7648   997.3738 0.0000e+00
     -0.275     -0.037     7.4760     88.963     57.284  56.236283     0.6408      9.020   293.8304 1.3888e+03   110.2821     -0.273     -0.396    23.8130   997.3619 0.0000e+00
     -0.292     -0.037     7.6199     90.879     56.465  55.567878     0.6991      9.014   294.1078 1.1139e+03   291.5334     -0.289     -0.419    23.8413   997.3561 0.0000e+00
     -0.303     -0.032     7.7626     92.766     55.075  54.317983     0.7361      9.005   294.2740 1.4006e+03   390.7834     -0.298     -0.432    23.8619   997.3545 0.0000e+00
     -0.308     -0.023     7.8633     94.132     53.640  53.003950     0.8031      8.994   294.2056 1.7126e+03   404.1528     -0.303     -0.441    23.9464   997.3352 0.0000e+00
     -0.308     -0.013     7.8890     94.577     53.313  52.766709     1.5863      8.983   294.2267 1.7422e+03   452.9849     -0.303     -0.439    24.0831   997.3009 0.0000e+00
     -0.308     -0.007     7.8297     93.977     53.966  53.482479     3.0358      8.973   294.4442 1.7450e+03   541.1421     -0.302     -0.437    24.2068   997.2702 0.0000e+00
     -0.308     -0.004     7.7012     92.521     54.277  53.844815     3.8330      8.964   294.6841 1.7488e+03   589.1041     -0.302     -0.439    24.3131   997.2431 0.0000e+00
     -0.309     -0.004     7.5267     90.482     53.727  53.336224     3.9072      8.959   294.7179 1.7503e+03   591.9717     -0.303     -0.440    24.4080   997.2187 0.0000e+00
     -0.310     -0.004     7.3314     88.164     53.292  52.923459     3.8642      8.957   294.5088 1.7457e+03   575.9773     -0.303     -0.440    24.4872   997.1988 0.0000e+00
     -0.312     -0.003     7.1447     85.929     53.346  52.983330     3.7717      8.955   294.3067 1.7396e+03   546.0103     -0.306     -0.444    24.5497   997.1834 0.0000e+00
     -0.316     -0.002     6.9885     84.052     53.662  53.297855     3.7174      8.950   294.2535 1.7423e+03   529.6737     -0.310     -0.449    24.6013   997.1707 0.0000e+00
     -0.316     -0.002     6.8730     82.660     54.174  53.804219     3.7018      8.943   294.4677 1.7503e+03   528.1227     -0.310     -0.450    24.6365   997.1613 0.0000e+00
     -0.313     -0.001     6.7993     81.769     54.526  54.150714     3.6698      8.938   294.8308 1.7460e+03   526.8317     -0.307     -0.445    24.6518   997.1573 0.0000e+00
     -0.312      0.000     6.7625     81.317     54.374  53.993343     3.3740      8.933   294.6863 1.6925e+03   514.1960     -0.304     -0.441    24.6564   997.1563 0.0000e+00
     -0.313      0.002     6.7523     81.182     53.876  53.489616     2.8301      8.930   294.0977 1.3617e+03   491.0971     -0.306     -0.442    24.6556   997.1565 0.0000e+00
     -0.316      0.004     6.7553     81.210     53.468  53.078739     2.5299      8.926   294.0812 1.0614e+03   477.9663     -0.311     -0.451    24.6529   997.1575 0.0000e+00
     -0.316      0.006     6.7635     81.306     53.289  52.900492     2.4750      8.920   294.6588 1.3271e+03   470.1682     -0.312     -0.453    24.6516   997.1579 0.0000e+00
     -0.313      0.008     6.7740     81.432     53.248  52.859019     2.1668      8.913   294.7148 1.6702e+03   396.8438     -0.307     -0.445    24.6453   997.1594 0.0000e+00
     -0.308      0.011     6.7837     81.545     53.286  52.894904     1.6116      8.906   294.2421 1.7427e+03   262.6482     -0.302     -0.438    24.6337   997.1621 0.0000e+00
     -0.303      0.012     6.7922     81.644     53.411  53.016750     1.3108      8.899   294.1915 1.7570e+03   189.1188     -0.296     -0.430    24.6283   997.1634 0.0000e+00
     -0.300      0.012     6.7994     81.728     53.586  53.188822     1.2699      8.892   294.6191 1.7630e+03   178.3258     -0.293     -0.425    24.6290   997.1632 0.0000e+00
     -0.298      0.011     6.8039     81.782     53.659  53.260258     1.1429      8.885   295.0238 1.7650e+03   132.8725     -0.292     -0.424    24.6289   997.1633 0.0000e+00
     -0.295      0.008     6.8068     81.816     53.645  53.245232     0.9201      8.877   295.2135 1.7570e+03    50.7410     -0.290     -0.420    24.6270   997.1638 0.0000e+00
     -0.293      0.003     6.8067     81.815     53.597  53.197713     0.8041      8.870   295.2775 1.7136e+03     5.9964     -0.287     -0.415    24.6246   997.1644 0.0000e+00
     -0.291      0.000     6.8021     81.759     53.530  53.130386     0.7977      8.868   295.1099 1.5628e+03     1.9475     -0.285     -0.413    24.6230   997.1649 0.0000e+00
     -0.291     -0.002     6.8012     81.746     53.595  53.193468     0.7740      8.867   294.6489 1.2776e+03     1.5891     -0.285     -0.414    24.6224   997.1651 0.0000e+00
     -0.293     -0.004     6.8074     81.818     53.729  53.325185     0.7257      8.863   294.3505 9.2076e+02     1.5656     -0.287     -0.417    24.6221   997.1651 0.0000e+00
     -0.298     -0.004     6.8081     81.826     53.729  53.325426     0.6986      8.856   294.4274 6.0715e+02     1.5645     -0.293     -0.425    24.6217   997.1652 0.0000e+00
     -0.300     -0.003     6.8030     81.764     53.664  53.259910     0.6980      8.848   294.2014 4.2430e+02     1.5429     -0.296     -0.430    24.6211   997.1652 0.0000e+00
     -0.299     -0.001     6.7993     81.719     53.636  53.231811     0.6833      8.841   293.4250 3.4885e+02     1.4682     -0.294     -0.425    24.6198   997.1656 0.0000e+00
     -0.298      0.001     6.7974     81.695     53.580  53.176259     0.6513      8.835   292.9553 3.7081e+02     1.3492     -0.292     -0.424    24.6188   997.1660 0.0000e+00
     -0.297      0.003     6.7965     81.684     53.500  53.096421     0.6320      8.830   292.9965 4.7874e+02     1.2850     -0.291     -0.422    24.6183   997.1661 0.0000e+00
     -0.295      0.005     6.7957     81.674     53.624  53.219363     0.6327      8.828   292.8049 6.7168e+02     1.3139     -0.290     -0.420    24.6179   997.1662 0.0000e+00
     -0.295      0.007     6.7939     81.653     53.990  53.582816     0.6587      8.827   292.1879 9.4280e+02     1.3713     -0.289     -0.420    24.6173   997.1663 0.0000e+00
     -0.294      0.010     6.7920     81.631     54.215  53.806445     0.7036      8.825   291.8173 1.2180e+03     1.3887     -0.289     -0.419    24.6169   997.1664 0.0000e+00
     -0.292      0.013     6.7926     81.640     54.044  53.636324     0.7245      8.823   291.9372 1.4514e+03     1.3602     -0.286     -0.417    24.6171   997.1663 0.0000e+00
     -0.288      0.017     6.7951     81.670     53.645  53.241089     0.7212      8.820   292.2617 1.6040e+03     1.3548     -0.283     -0.411    24.6169   997.1664 0.0000e+00
     -0.282      0.021     6.7982     81.707     53.303  52.902726     0.7251      8.816   292.5563 1.6897e+03     1.3560     -0.278     -0.403    24.6169   997.1666 0.0000e+00
     -0.275      0.024     6.8015     81.745     53.121  52.721421     0.7622      8.812   292.6606 1.7326e+03     1.3743     -0.270     -0.393    24.6173   997.1666 0.0000e+00
     -0.268      0.025     6.8059     81.787     53.045  52.637022     0.8227      8.807   292.6618 1.7463e+03     1.4782     -0.263     -0.382    24.6177   997.1664 0.0000e+00
     -0.262      0.025     6.8159     81.851     52.770  52.326914     0.8497      8.802   292.8288 1.7533e+03     1.5313     -0.257     -0.372    24.6182   997.1662 0.0000e+00
     -0.255      0.023     6.8331     81.917     51.916  51.385680     0.8457      8.795   293.4762 1.7540e+03     1.5239     -0.250     -0.363    24.6185   997.1661 0.0000e+00
     -0.249      0.018     6.8551     81.972     50.484  49.831595     0.8440      8.789   293.9496 1.7546e+03     1.5532     -0.244     -0.354    24.6183   997.1660 0.0000e+00
     -0.243      0.010     6.8750     81.999     48.459  47.700443     0.8469      8.785   293.3904 1.7561e+03     1.5574     -0.238     -0.346    24.6172   997.1664 0.0000e+00
     -0.238     -0.001     6.8902     81.999     46.397  45.559793     0.8553      8.781   292.4789 1.7582e+03     1.5422     -0.234     -0.339    24.5976   997.1713 0.0000e+00
     -0.237     -0.014     6.9044     82.018     45.955  45.032448     0.8585      8.777   291.9644 1.7568e+03     1.5327     -0.230     -0.334    24.5015   997.1952 0.0000e+00
     -0.243     -0.026     6.9143     82.030     47.943  46.912507     0.8501      8.772   292.0735 1.7528e+03     1.4762     -0.236     -0.342    24.3388   997.2356 0.0000e+00
     -0.256     -0.036     6.9173     81.993     51.605  50.446547     0.8408      8.767   292.5935 1.7499e+03     1.3837     -0.252     -0.365    24.1981   997.2700 0.0000e+00
     -0.271     -0.043     6.9128     81.924     54.833  53.592704     0.8410      8.763   292.8301 1.7484e+03     1.3969     -0.267     -0.387    24.0868   997.2965 0.0000e+00
     -0.284     -0.046     6.8949     81.836     55.956  54.781057     0.8533      8.758   292.6971 1.7481e+03     2.1273     -0.279     -0.405    23.9761   997.3236 0.0000e+00
     -0.296     -0.044     6.8666     81.746     56.093  55.096043     0.9372      8.753   292.6201 1.7480e+03     9.9857     -0.291     -0.422    23.9140   997.3395 0.0000e+00
     -0.308     -0.040     6.8414     81.688     56.702  55.876682     1.0747      8.749   292.8465 1.7478e+03    24.3132     -0.304     -0.440    23.8708   997.3514 0.0000e+00
     -0.318     -0.035     6.8241     81.652     57.688  56.977263     1.1293      8.745   293.1109 1.7477e+03    32.0467     -0.314     -0.454    23.8218   997.3648 0.0000e+00
     -0.326     -0.029     6.8124     81.618     58.561  57.920039     1.1114      8.740   293.2358 1.7468e+03    32.2762     -0.321     -0.464    23.9080   997.3437 0.0000e+00
     -0.332     -0.022     6.8074     81.623     58.591  57.999341     0.8934      8.736   293.1522 1.7453e+03    27.1869     -0.326     -0.473    24.1130   997.2930 0.0000e+00
     -0.338     -0.014     6.8074     81.663     57.021  56.474726     0.4701      8.734   292.8752 1.7446e+03    17.7040     -0.332     -0.482    24.2861   997.2503 0.0000e+00
     -0.342     -0.006     6.8087     81.700     54.671  54.162517     0.2330      8.731   292.8108 1.7436e+03    12.5284     -0.336     -0.487    24.3919   997.2241 0.0000e+00
     -0.342      0.001     6.8112     81.737     53.212  52.723404     0.2114      8.729   292.8906 1.7420e+03    12.3575     -0.336     -0.488    24.4546   997.2088 0.0000e+00
     -0.339      0.006     6.8145     81.773     53.032  52.542459     0.2354      8.726   292.5493 1.7407e+03    16.0310     -0.333     -0.483    24.4944   997.1990 0.0000e+00
     -0.336      0.011     6.8185     81.802     53.241  52.736976     0.5144      8.723   291.9528 1.7390e+03    57.1736     -0.330     -0.478    24.5193   997.1920 0.0000e+00
     -0.331      0.014     6.8250     81.826     52.561  52.026176     1.0271      8.720   291.9598 1.7367e+03   132.6987     -0.325     -0.471    24.5334   997.1874 0.0000e+00
     -0.326      0.015     6.8360     81.841     51.602  50.998843     1.3104      8.715   292.4618 1.7356e+03   175.2087     -0.320     -0.464    24.5376   997.1860 0.0000e+00
     -0.322      0.014     6.8501     81.853     52.151  51.431411     1.3557      8.711   292.6885 1.7367e+03   194.5395     -0.315     -0.458    24.5355   997.1865 0.0000e+00
     -0.318      0.013     6.8630     81.859     53.396  52.555705     1.4976      8.709   292.5499 1.7387e+03   366.6228     -0.312     -0.453    24.5270   997.1890 0.0000e+00
     -0.315      0.012     6.8730     81.857     53.189  52.269540     1.7417      8.706   292.3352 1.7399e+03   681.3760     -0.308     -0.448    24.5024   997.1950 0.0000e+00
     -0.313      0.011     6.8815     81.857     51.600  50.639135     1.8798      8.703   292.2429 1.7416e+03   851.6011     -0.306     -0.444    24.4215   997.2145 0.0000e+00
     -0.311      0.010     6.8895     81.862     50.031  49.039781     1.8756      8.700   292.2944 1.7439e+03   850.2246     -0.305     -0.442    24.2985   997.2456 0.0000e+00
