Data/DataNotYetUploadedToEDI/Raw_CTD/RawDownloads/061719_FCR50.cnv
* Sea-Bird SBE19plus  Data File:
* FileName = C:\DATA\061719_FCR_0003.hex
* Software version 2.8.0.119 SB_Terminal.dll
* Temperature SN = 7809
* Conductivity SN = 7809
* System UpLoad Time = Jun 17 2019 17:01:01
* <ApplicationData>
* <Seaterm232>
# nquan = 16
# nvalues = 878                         
# units = specified
# name 0 = depFM: Depth [fresh water, m]
# name 1 = dz/dtM: Descent Rate [m/s]
# name 2 = sbeox0Mg/L: Oxygen, SBE 43 [mg/l]
# name 3 = sbeox0PS: Oxygen, SBE 43 [% saturation]
# name 4 = specc: Specific Conductance [uS/cm]
# name 5 = c0uS/cm: Conductivity [uS/cm]
# name 6 = flECO-AFL: Fluorescence, WET Labs ECO-AFL/FL [mg/m^3]
# name 7 = ph: pH
# name 8 = orp: Oxidation Reduction Potential [mV]
# name 9 = par/sat/log: PAR/Logarithmic, Satlantic
# name 10 = turbWETntu0: Turbidity, WET Labs ECO [NTU]
# name 11 = prdM: Pressure, Strain Gauge [db]
# name 12 = prdE: Pressure, Strain Gauge [psi]
# name 13 = tv290C: Temperature [ITS-90, deg C]
# name 14 = density00: Density [density, kg/m^3]
# name 15 = flag:  0.000e+00
# span 0 =     -0.581,      9.633       
# span 1 =     -0.105,      0.180       
# span 2 =     3.8299,    11.3265       
# span 3 =     34.623,    117.275       
# span 4 =      0.927,     58.591       
# span 5 =   0.974986,  57.999341       
# span 6 =    -1.3313,     3.9072       
# span 7 =      7.297,     10.288       
# span 8 = -1240.7455,   435.2813       
# span 9 = 1.2351e-01, 1.7716e+03       
# span 10 =    -9.9491,   851.6011      
# span 11 =     -0.570,      9.447      
# span 12 =     -0.826,     13.701      
# span 13 =    10.3465,    27.6064      
# span 14 =   996.3537,   999.7302      
# span 15 = 0.0000e+00, 0.0000e+00      
# interval = seconds: 0.25
# start_time = Jun 17 2019 09:56:47 [Instrument's time stamp, header]
# bad_flag = -9.990e-29
*END*
[from data line 633]
      4.996      0.066     7.2419     64.778     35.894  25.418775     1.2518      8.244   325.3295 1.5086e+01     2.8380      4.900      7.107    10.4113   999.7028 0.0000e+00
      5.019      0.067     7.2371     64.733     35.895  25.418878     1.2208      8.242   325.6174 1.4782e+01     2.8243      4.925      7.143    10.4118   999.7028 0.0000e+00
      5.035      0.072     7.2319     64.687     35.928  25.442995     1.2208      8.238   325.6484 1.4621e+01     2.8380      4.941      7.167    10.4124   999.7029 0.0000e+00
      5.044      0.081     7.2283     64.657     35.946  25.456608     1.2519      8.235   325.7908 1.4492e+01     2.8725      4.946      7.174    10.4100   999.7031 0.0000e+00
      5.055      0.092     7.2263     64.637     35.948  25.456599     1.3029      8.233   325.9629 1.4156e+01     2.8487      4.950      7.180    10.4058   999.7035 0.0000e+00
      5.080      0.104     7.2284     64.650     35.932  25.442882     1.3346      8.230   326.0087 1.3591e+01     2.8120      4.977      7.217    10.4030   999.7039 0.0000e+00
      5.116      0.114     7.2366     64.719     35.900  25.417630     1.3398      8.229   326.0862 1.2980e+01     2.8221      5.018      7.277    10.4050   999.7040 0.0000e+00
      5.156      0.118     7.2470     64.807     35.885  25.405038     1.3138      8.228   326.2119 1.2419e+01     2.8400      5.057      7.335    10.4084   999.7038 0.0000e+00
      5.194      0.115     7.2557     64.882     35.904  25.417508     1.2460      8.226   326.3239 1.1953e+01     2.8649      5.096      7.391    10.4058   999.7043 0.0000e+00
      5.225      0.107     7.2625     64.941     35.939  25.441521     1.1871      8.225   326.5789 1.1643e+01     2.8932      5.128      7.438    10.4018   999.7048 0.0000e+00
      5.246      0.097     7.2660     64.974     35.939  25.441615     1.1745      8.223   326.9725 1.1482e+01     2.8864      5.148      7.466    10.3983   999.7051 0.0000e+00
      5.260      0.087     7.2658     64.975     35.905  25.418649     1.1714      8.222   327.2973 1.1327e+01     2.8819      5.157      7.478    10.3949   999.7055 0.0000e+00
      5.277      0.081     7.2623     64.950     35.900  25.417608     1.1749      8.221   327.5808 1.1037e+01     2.9040      5.171      7.499    10.3930   999.7058 0.0000e+00
      5.302      0.083     7.2568     64.906     35.912  25.429029     1.2001      8.218   327.9054 1.0727e+01     2.9241      5.200      7.542    10.3921   999.7060 0.0000e+00
      5.327      0.092     7.2545     64.890     35.910  25.429861     1.2156      8.216   328.1246 1.0554e+01     2.8966      5.228      7.583    10.3923   999.7062 0.0000e+00
      5.344      0.103     7.2574     64.915     35.907  25.427658     1.2147      8.215   328.2525 1.0393e+01     2.8334      5.239      7.598    10.3947   999.7059 0.0000e+00
      5.365      0.109     7.2621     64.950     35.876  25.402396     1.1807      8.214   328.2470 1.0056e+01     2.8474      5.253      7.619    10.3986   999.7056 0.0000e+00
      5.400      0.110     7.2674     64.990     35.847  25.378176     1.1170      8.214   328.1445 9.6121e+00     2.9679      5.294      7.677    10.4026   999.7055 0.0000e+00
      5.441      0.111     7.2715     65.021     35.866  25.388566     1.0943      8.213   328.3033 9.2732e+00     3.0772      5.341      7.745    10.4073   999.7053 0.0000e+00
      5.472      0.111     7.2728     65.031     35.884  25.401148     1.1058      8.211   328.5313 9.0570e+00     3.0872      5.370      7.788    10.4071   999.7054 0.0000e+00
      5.494      0.110     7.2733     65.038     35.885  25.403428     1.1177      8.209   328.7513 8.8783e+00     3.0572      5.389      7.816    10.4006   999.7061 0.0000e+00
      5.514      0.105     7.2718     65.029     35.901  25.416123     1.1437      8.208   329.1558 8.7018e+00     3.0747      5.407      7.842    10.3943   999.7068 0.0000e+00
      5.538      0.100     7.2651     64.970     35.916  25.427772     1.1674      8.207   329.4640 8.4693e+00     3.1018      5.427      7.872    10.3904   999.7073 0.0000e+00
      5.568      0.099     7.2579     64.905     35.902  25.417382     1.1709      8.206   329.0372 8.1946e+00     3.0901      5.461      7.920    10.3897   999.7075 0.0000e+00
      5.599      0.099     7.2546     64.873     35.904  25.417381     1.1939      8.205   328.0388 7.9721e+00     3.0647      5.494      7.968    10.3926   999.7074 0.0000e+00
      5.623      0.097     7.2526     64.852     35.921  25.427762     1.2469      8.202   327.6314 7.7988e+00     3.0568      5.515      7.999    10.3960   999.7071 0.0000e+00
      5.644      0.092     7.2517     64.841     35.906  25.416010     1.2823      8.201   327.8113 7.6131e+00     3.0926      5.534      8.026    10.3971   999.7071 0.0000e+00
      5.668      0.084     7.2527     64.847     35.889  25.402170     1.2928      8.201   328.2338 7.4375e+00     3.1040      5.558      8.061    10.3959   999.7074 0.0000e+00
      5.691      0.077     7.2546     64.862     35.869  25.387298     1.2867      8.200   328.9551 7.3036e+00     3.0636      5.584      8.098    10.3941   999.7076 0.0000e+00
      5.710      0.072     7.2582     64.893     35.835  25.363076     1.2523      8.199   329.3051 7.1903e+00     3.0634      5.602      8.125    10.3919   999.7080 0.0000e+00
      5.724      0.068     7.2617     64.925     35.834  25.363067     1.1977      8.199   328.7665 7.0740e+00     3.1018      5.613      8.142    10.3896   999.7082 0.0000e+00
      5.739      0.064     7.2632     64.940     35.868  25.387183     1.1640      8.198   327.8627 6.9356e+00     3.1342      5.627      8.161    10.3877   999.7085 0.0000e+00
      5.755      0.064     7.2635     64.944     35.887  25.400900     1.1573      8.196   327.4114 6.7986e+00     3.1281      5.645      8.187    10.3864   999.7087 0.0000e+00
      5.771      0.067     7.2626     64.936     35.888  25.402044     1.1509      8.194   327.3529 6.6893e+00     3.0274      5.660      8.209    10.3860   999.7087 0.0000e+00
      5.787      0.071     7.2611     64.921     35.888  25.401024     1.1469      8.193   327.5008 6.5727e+00     2.8994      5.672      8.228    10.3863   999.7088 0.0000e+00
      5.806      0.073     7.2587     64.898     35.871  25.388555     1.1526      8.192   327.9088 6.4293e+00     2.8584      5.691      8.255    10.3874   999.7088 0.0000e+00
      5.827      0.077     7.2556     64.869     35.857  25.378166     1.1510      8.190   328.3288 6.2770e+00     2.8601      5.715      8.290    10.3889   999.7088 0.0000e+00
      5.848      0.083     7.2536     64.850     35.892  25.402283     1.1441      8.188   328.6202 6.1410e+00     2.8545      5.736      8.320    10.3885   999.7089 0.0000e+00
      5.867      0.088     7.2505     64.821     35.927  25.426391     1.1481      8.187   328.7650 6.0207e+00     2.8559      5.754      8.345    10.3866   999.7092 0.0000e+00
      5.887      0.092     7.2479     64.797     35.913  25.415896     1.1557      8.185   328.7037 5.8804e+00     2.8443      5.771      8.370    10.3853   999.7094 0.0000e+00
      5.911      0.095     7.2503     64.817     35.895  25.402263     1.1665      8.184   328.5677 5.7091e+00     2.8122      5.795      8.405    10.3847   999.7095 0.0000e+00
      5.940      0.096     7.2563     64.869     35.877  25.388442     1.1658      8.182   328.5822 5.5404e+00     2.7958      5.825      8.449    10.3843   999.7097 0.0000e+00
      5.970      0.099     7.2626     64.924     35.859  25.375660     1.1554      8.181   328.7929 5.4139e+00     2.8101      5.857      8.494    10.3837   999.7099 0.0000e+00
      5.995      0.100     7.2686     64.978     35.857  25.374602     1.1541      8.179   329.1362 5.3136e+00     2.8531      5.881      8.529    10.3830   999.7101 0.0000e+00
      6.015      0.099     7.2745     65.031     35.859  25.375650     1.1502      8.175   329.5492 5.1961e+00     2.8903      5.897      8.553    10.3819   999.7103 0.0000e+00
      6.038      0.094     7.2802     65.081     35.876  25.388328     1.1423      8.174   329.8296 5.0576e+00     2.8663      5.919      8.584    10.3807   999.7105 0.0000e+00
      6.066      0.088     7.2850     65.125     35.894  25.401016     1.1457      8.173   329.7727 4.9069e+00     2.8250      5.948      8.627    10.3802   999.7107 0.0000e+00
      6.093      0.082     7.2897     65.169     35.894  25.402169     1.1570      8.173   329.6364 4.7629e+00     2.8175      5.977      8.670    10.3804   999.7108 0.0000e+00
      6.116      0.075     7.2953     65.224     35.892  25.402273     1.1651      8.173   329.7304 4.6654e+00     2.8413      6.000      8.702    10.3808   999.7108 0.0000e+00
      6.131      0.069     7.2975     65.251     35.887  25.402283     1.1665      8.172   329.8764 4.6055e+00     2.8836      6.014      8.723    10.3802   999.7110 0.0000e+00
      6.142      0.066     7.2912     65.206     35.879  25.402283     1.1564      8.169   329.9384 4.5378e+00     2.9691      6.023      8.735    10.3804   999.7110 0.0000e+00
      6.153      0.066     7.2794     65.109     35.874  25.402282     1.1470      8.167   329.9644 4.4489e+00     3.0551      6.033      8.749    10.3825   999.7108 0.0000e+00
      6.168      0.071     7.2694     65.017     35.875  25.402273     1.1482      8.166   329.9314 4.3429e+00     3.0713      6.047      8.770    10.3847   999.7107 0.0000e+00
      6.188      0.077     7.2621     64.944     35.880  25.402168     1.1619      8.166   329.9702 4.2318e+00     3.0997      6.067      8.799    10.3880   999.7104 0.0000e+00
      6.212      0.082     7.2536     64.862     35.882  25.401016     1.2000      8.165   330.0900 4.1295e+00     3.1352      6.092      8.835    10.3980   999.7097 0.0000e+00
      6.238      0.084     7.2443     64.775     35.867  25.388338     1.2455      8.162   330.1750 4.0285e+00     3.1401      6.117      8.872    10.4065   999.7091 0.0000e+00
      6.263      0.084     7.2388     64.724     35.850  25.375763     1.2694      8.160   330.3097 3.9388e+00     3.1592      6.143      8.910    10.4030   999.7095 0.0000e+00
      6.283      0.081     7.2410     64.741     35.852  25.375848     1.2811      8.159   330.5135 3.8779e+00     3.1369      6.164      8.940    10.3960   999.7102 0.0000e+00
      6.299      0.074     7.2470     64.793     35.872  25.389366     1.2830      8.159   330.4021 3.8165e+00     3.0665      6.176      8.958    10.3915   999.7107 0.0000e+00
      6.316      0.067     7.2519     64.835     35.906  25.412321     1.2754      8.159   329.9104 3.7341e+00     3.0294      6.191      8.980    10.3897   999.7109 0.0000e+00
      6.337      0.061     7.2559     64.869     35.889  25.399633     1.2754      8.158   329.5583 3.6656e+00     3.0489      6.217      9.017    10.3889   999.7111 0.0000e+00
      6.354      0.057     7.2606     64.910     35.838  25.362837     1.2827      8.157   329.4141 3.6382e+00     3.0727      6.236      9.044    10.3874   999.7114 0.0000e+00
      6.363      0.056     7.2693     64.986     35.818  25.348061     1.3116      8.155   329.3721 3.6152e+00     2.9896      6.239      9.049    10.3854   999.7116 0.0000e+00
      6.372      0.056     7.2781     65.065     35.818  25.347853     1.3648      8.154   329.3939 3.5585e+00     2.8633      6.246      9.060    10.3843   999.7118 0.0000e+00
      6.386      0.059     7.2838     65.118     35.834  25.360323     1.3969      8.153   329.4194 3.4987e+00     2.8565      6.262      9.083    10.3845   999.7118 0.0000e+00
      6.402      0.064     7.2905     65.181     35.849  25.371960     1.3967      8.152   329.5954 3.4562e+00     2.9080      6.277      9.106    10.3834   999.7119 0.0000e+00
      6.419      0.069     7.2962     65.232     35.834  25.361673     1.3544      8.152   329.7145 3.4042e+00     2.9618      6.294      9.129    10.3816   999.7122 0.0000e+00
      6.439      0.071     7.2994     65.258     35.837  25.362818     1.2747      8.151   329.5684 3.3338e+00     3.0473      6.313      9.158    10.3813   999.7123 0.0000e+00
      6.460      0.069     7.3025     65.284     35.871  25.385803     1.2226      8.150   329.4643 3.2564e+00     3.0899      6.336      9.190    10.3836   999.7122 0.0000e+00
      6.481      0.066     7.3038     65.295     35.872  25.385823     1.2101      8.149   329.4028 3.1819e+00     3.0832      6.357      9.220    10.3857   999.7121 0.0000e+00
      6.497      0.063     7.3030     65.286     35.841  25.363058     1.2096      8.148   329.2544 3.1338e+00     3.0654      6.373      9.243    10.3853   999.7122 0.0000e+00
      6.510      0.062     7.3015     65.271     35.843  25.364316     1.2084      8.146   329.2182 3.1212e+00     2.9730      6.384      9.260    10.3837   999.7124 0.0000e+00
      6.520      0.064     7.2979     65.239     35.895  25.401026     1.2036      8.144   329.7402 3.1015e+00     2.8510      6.394      9.274    10.3825   999.7126 0.0000e+00
      6.533      0.069     7.2937     65.199     35.932  25.426278     1.2039      8.144   330.4892 3.0418e+00     2.8355      6.404      9.288    10.3814   999.7128 0.0000e+00
      6.551      0.074     7.2907     65.171     35.918  25.415887     1.2125      8.144   330.6159 2.9592e+00     2.8831      6.421      9.315    10.3802   999.7129 0.0000e+00
      6.576      0.079     7.2869     65.135     35.900  25.402265     1.2203      8.142   330.5842 2.8862e+00     2.9351      6.449      9.353    10.3799   999.7131 0.0000e+00
      6.601      0.079     7.2841     65.110     35.881  25.388454     1.2201      8.140   330.7085 2.8230e+00     3.0061      6.473      9.388    10.3799   999.7132 0.0000e+00
      6.624      0.074     7.2840     65.108     35.864  25.375776     1.2186      8.138   330.5698 2.7611e+00     3.0534      6.497      9.424    10.3785   999.7135 0.0000e+00
      6.644      0.067     7.2838     65.106     35.864  25.375851     1.2202      8.137   330.2836 2.7136e+00     3.0809      6.519      9.455    10.3773   999.7137 0.0000e+00
      6.658      0.060     7.2845     65.112     35.883  25.389368     1.2052      8.137   330.7765 2.6871e+00     3.1093      6.530      9.471    10.3768   999.7138 0.0000e+00
      6.667      0.054     7.2888     65.150     35.916  25.412333     1.1760      8.136   331.9685 2.6676e+00     3.1008      6.537      9.482    10.3759   999.7139 0.0000e+00
      6.677      0.050     7.2934     65.191     35.898  25.399757     1.1618      8.135   332.4795 2.6337e+00     3.0441      6.547      9.496    10.3756   999.7139 0.0000e+00
      6.690      0.050     7.2954     65.210     35.847  25.364191     1.1632      8.133   332.3943 2.5927e+00     3.0141      6.560      9.514    10.3757   999.7140 0.0000e+00
      6.705      0.053     7.2954     65.210     35.845  25.362943     1.1751      8.131   332.3145 2.5577e+00     3.0336      6.576      9.537    10.3754   999.7141 0.0000e+00
      6.718      0.059     7.2917     65.176     35.876  25.384668     1.1933      8.131   332.1178 2.5244e+00     3.0501      6.590      9.556    10.3752   999.7142 0.0000e+00
      6.730      0.067     7.2868     65.132     35.861  25.373107     1.2089      8.130   331.9950 2.4933e+00     3.0816      6.598      9.570    10.3752   999.7142 0.0000e+00
      6.746      0.080     7.2829     65.095     35.829  25.350028     1.2172      8.129   332.2930 2.4507e+00     3.1198      6.614      9.593    10.3756   999.7143 0.0000e+00
      6.766      0.096     7.2779     65.050     35.843  25.359379     1.2152      8.127   332.7087 2.3814e+00     3.1197      6.635      9.622    10.3759   999.7143 0.0000e+00
      6.790      0.112     7.2730     65.006     35.843  25.359294     1.2115      8.126   332.8054 2.3010e+00     3.0792      6.656      9.654    10.3755   999.7145 0.0000e+00
      6.822      0.123     7.2703     64.981     35.829  25.348999     1.2150      8.125   332.7729 2.2206e+00     3.0237      6.686      9.698    10.3746   999.7147 0.0000e+00
