Data/DataNotYetUploadedToEDI/Raw_CTD/RawDownloads/061719_FCR45.cnv
* Sea-Bird SBE19plus  Data File:
* FileName = C:\DATA\061719_FCR_0007.hex
* Software version 2.8.0.119 SB_Terminal.dll
* Temperature SN = 7809
* Conductivity SN = 7809
* System UpLoad Time = Jun 17 2019 17:02:34
* <ApplicationData>
* <Seaterm232>
# nquan = 16
# nvalues = 1041                        
# units = specified
# name 0 = depFM: Depth [fresh water, m]
# name 1 = dz/dtM: Descent Rate [m/s]
# name 2 = sbeox0Mg/L: Oxygen, SBE 43 [mg/l]
# name 3 = sbeox0PS: Oxygen, SBE 43 [% saturation]
# name 4 = specc: Specific Conductance [uS/cm]
# name 5 = c0uS/cm: Conductivity [uS/cm]
# name 6 = flECO-AFL: Fluorescence, WET Labs ECO-AFL/FL [mg/m^3]
# name 7 = ph: pH
# name 8 = orp: Oxidation Reduction Potential [mV]
# name 9 = par/sat/log: PAR/Logarithmic, Satlantic
# name 10 = turbWETntu0: Turbidity, WET Labs ECO [NTU]
# name 11 = prdM: Pressure, Strain Gauge [db]
# name 12 = prdE: Pressure, Strain Gauge [psi]
# name 13 = tv290C: Temperature [ITS-90, deg C]
# name 14 = density00: Density [density, kg/m^3]
# name 15 = flag:  0.000e+00
# span 0 =     -0.556,      7.296       
# span 1 =     -0.018,      0.127       
# span 2 =     2.7163,    11.4223       
# span 3 =     24.994,    118.375       
# span 4 =      1.672,     37.346       
# span 5 =   1.471610,  32.580704       
# span 6 =    -0.9515,     3.5230       
# span 7 =      6.974,      8.388       
# span 8 =   197.1308,   684.3072       
# span 9 = 2.1848e+00, 2.2458e+03       
# span 10 =    -0.7115,    81.4859      
# span 11 =     -0.545,      7.156      
# span 12 =     -0.791,     10.379      
# span 13 =    10.1904,    23.7754      
# span 14 =   997.3698,   999.7343      
# span 15 = 0.0000e+00, 0.0000e+00      
# interval = seconds: 0.25
# start_time = Jun 17 2019 11:28:35 [Instrument's time stamp, header]
# bad_flag = -9.990e-29
*END*
[from data line 814]
      5.534      0.035     7.1386     63.784     35.625  25.195471     1.0204      7.857   342.7466 1.1512e+01     2.8257      5.427      7.870    10.3577   999.7102 0.0000e+00
      5.542      0.035     7.1408     63.805     35.657  25.218435     1.0268      7.855   342.7381 1.1412e+01     2.8647      5.435      7.882    10.3592   999.7101 0.0000e+00
      5.552      0.035     7.1418     63.815     35.658  25.219465     1.0259      7.853   342.7293 1.1311e+01     2.8732      5.445      7.897    10.3599   999.7101 0.0000e+00
      5.561      0.035     7.1428     63.824     35.642  25.207920     1.0011      7.853   342.8113 1.1248e+01     2.8620      5.454      7.910    10.3597   999.7101 0.0000e+00
      5.569      0.035     7.1428     63.825     35.638  25.205726     0.9696      7.853   342.9557 1.1186e+01     2.8607      5.461      7.921    10.3595   999.7102 0.0000e+00
      5.578      0.036     7.1413     63.813     35.619  25.192944     0.9576      7.852   343.0125 1.1093e+01     2.8576      5.469      7.933    10.3601   999.7102 0.0000e+00
      5.588      0.037     7.1389     63.792     35.600  25.180249     0.9603      7.851   343.0683 1.0998e+01     2.8576      5.480      7.948    10.3606   999.7102 0.0000e+00
      5.597      0.037     7.1352     63.759     35.599  25.179105     0.9586      7.850   343.1139 1.0911e+01     2.8600      5.489      7.960    10.3606   999.7102 0.0000e+00
      5.606      0.037     7.1305     63.714     35.600  25.179113     0.9719      7.849   343.1340 1.0814e+01     2.8539      5.496      7.972    10.3611   999.7102 0.0000e+00
      5.616      0.037     7.1269     63.679     35.603  25.180352     0.9995      7.848   343.1392 1.0711e+01     2.8489      5.509      7.990    10.3626   999.7101 0.0000e+00
      5.626      0.037     7.1258     63.667     35.625  25.194078     1.0150      7.848   343.1766 1.0626e+01     2.8328      5.519      8.004    10.3637   999.7101 0.0000e+00
      5.635      0.037     7.1243     63.652     35.660  25.218196     1.0285      7.848   343.3284 1.0550e+01     2.8562      5.525      8.013    10.3628   999.7102 0.0000e+00
      5.644      0.037     7.1190     63.604     35.660  25.218206     1.0503      7.847   343.4257 1.0466e+01     2.9027      5.534      8.026    10.3613   999.7104 0.0000e+00
      5.654      0.037     7.1116     63.539     35.626  25.194192     1.0707      7.847   343.4070 1.0392e+01     2.9034      5.546      8.043    10.3603   999.7105 0.0000e+00
      5.663      0.037     7.1060     63.488     35.608  25.181609     1.0848      7.847   343.4460 1.0324e+01     2.8966      5.555      8.056    10.3580   999.7108 0.0000e+00
      5.672      0.038     7.1030     63.460     35.625  25.192945     1.0905      7.846   343.5527 1.0234e+01     2.8859      5.562      8.068    10.3559   999.7110 0.0000e+00
      5.681      0.039     7.1025     63.452     35.643  25.204366     1.0879      7.845   343.5785 1.0128e+01     2.8397      5.572      8.081    10.3562   999.7110 0.0000e+00
      5.691      0.039     7.1036     63.460     35.629  25.192821     1.0879      7.844   343.5860 1.0032e+01     2.7969      5.580      8.094    10.3569   999.7110 0.0000e+00
      5.701      0.039     7.1052     63.472     35.612  25.180238     1.0991      7.842   343.6440 9.9375e+00     2.7954      5.590      8.108    10.3567   999.7111 0.0000e+00
      5.713      0.039     7.1078     63.497     35.610  25.179094     1.1104      7.842   343.6771 9.8323e+00     2.8206      5.602      8.127    10.3558   999.7112 0.0000e+00
      5.725      0.039     7.1111     63.527     35.610  25.178990     1.1109      7.841   343.7281 9.7448e+00     2.8394      5.616      8.145    10.3538   999.7114 0.0000e+00
      5.733      0.039     7.1113     63.528     35.610  25.178980     1.1150      7.840   343.8307 9.6845e+00     2.8585      5.623      8.156    10.3511   999.7118 0.0000e+00
      5.740      0.037     7.1075     63.493     35.611  25.178979     1.1256      7.839   343.9711 9.6083e+00     2.8882      5.628      8.163    10.3502   999.7119 0.0000e+00
      5.750      0.034     7.1020     63.442     35.613  25.178979     1.1350      7.839   344.1350 9.5156e+00     2.9044      5.638      8.177    10.3510   999.7118 0.0000e+00
      5.762      0.030     7.0954     63.382     35.613  25.178979     1.1499      7.838   344.2630 9.4333e+00     2.8901      5.652      8.196    10.3519   999.7118 0.0000e+00
      5.772      0.028     7.0867     63.305     35.612  25.178979     1.1586      7.837   344.2281 9.3780e+00     2.8466      5.663      8.213    10.3522   999.7118 0.0000e+00
      5.777      0.026     7.0802     63.249     35.611  25.178978     1.1535      7.836   344.1434 9.3632e+00     2.8366      5.667      8.220    10.3505   999.7120 0.0000e+00
      5.779      0.025     7.0772     63.224     35.610  25.178969     1.1489      7.836   344.2715 9.3556e+00     2.8678      5.667      8.219    10.3482   999.7122 0.0000e+00
      5.782      0.025     7.0739     63.195     35.610  25.178864     1.1542      7.836   344.4873 9.3179e+00     2.8625      5.670      8.223    10.3485   999.7122 0.0000e+00
      5.789      0.028     7.0706     63.164     35.609  25.177710     1.1915      7.835   344.6011 9.2539e+00     2.8388      5.676      8.233    10.3495   999.7121 0.0000e+00
      5.798      0.032     7.0680     63.137     35.592  25.165023     1.2455      7.834   344.6152 9.1728e+00     2.8437      5.685      8.245    10.3499   999.7121 0.0000e+00
      5.808      0.036     7.0646     63.104     35.576  25.152334     1.2697      7.833   344.6576 9.0885e+00     2.8890      5.696      8.261    10.3510   999.7121 0.0000e+00
      5.819      0.037     7.0615     63.077     35.575  25.151172     1.2756      7.833   344.7693 9.0078e+00     2.9273      5.707      8.277    10.3523   999.7120 0.0000e+00
      5.830      0.036     7.0605     63.070     35.573  25.150972     1.2650      7.833   344.8475 8.9133e+00     2.8801      5.718      8.293    10.3515   999.7121 0.0000e+00
      5.839      0.034     7.0611     63.078     35.570  25.149913     1.2284      7.832   344.9150 8.8124e+00     2.8432      5.727      8.306    10.3491   999.7124 0.0000e+00
      5.847      0.033     7.0631     63.095     35.554  25.138368     1.2063      7.831   344.9837 8.7342e+00     2.8747      5.735      8.317    10.3463   999.7127 0.0000e+00
      5.853      0.033     7.0663     63.120     35.556  25.138265     1.2148      7.831   344.9888 8.6844e+00     2.8997      5.739      8.324    10.3465   999.7126 0.0000e+00
      5.859      0.034     7.0690     63.137     35.576  25.148656     1.2259      7.831   344.9763 8.6282e+00     2.9163      5.744      8.331    10.3493   999.7124 0.0000e+00
      5.867      0.037     7.0685     63.127     35.563  25.137131     1.2193      7.829   345.0052 8.5492e+00     2.9117      5.753      8.344    10.3507   999.7124 0.0000e+00
      5.879      0.040     7.0651     63.093     35.549  25.125796     1.2045      7.828   345.0800 8.4559e+00     2.8769      5.764      8.360    10.3508   999.7124 0.0000e+00
      5.892      0.043     7.0616     63.060     35.569  25.138483     1.2035      7.828   345.1063 8.3390e+00     2.8564      5.778      8.380    10.3478   999.7128 0.0000e+00
      5.904      0.044     7.0599     63.044     35.605  25.163640     1.1814      7.828   345.0656 8.2062e+00     2.8606      5.790      8.398    10.3426   999.7133 0.0000e+00
      5.915      0.043     7.0600     63.045     35.623  25.176214     1.1187      7.827   345.1904 8.0920e+00     2.8621      5.800      8.412    10.3387   999.7136 0.0000e+00
      5.926      0.041     7.0607     63.050     35.606  25.163630     1.0781      7.826   345.4107 7.9995e+00     2.8412      5.811      8.428    10.3367   999.7139 0.0000e+00
      5.937      0.037     7.0602     63.044     35.571  25.138369     1.0712      7.825   345.5782 7.9104e+00     2.8372      5.822      8.445    10.3356   999.7141 0.0000e+00
      5.947      0.033     7.0591     63.034     35.552  25.124538     1.0707      7.825   345.5810 7.8540e+00     2.8801      5.833      8.460    10.3348   999.7142 0.0000e+00
      5.955      0.031     7.0581     63.026     35.549  25.123281     1.0731      7.825   345.4444 7.8338e+00     2.9016      5.841      8.471    10.3342   999.7143 0.0000e+00
      5.960      0.030     7.0574     63.020     35.549  25.123166     1.0740      7.824   345.4751 7.8007e+00     2.8670      5.845      8.478    10.3335   999.7144 0.0000e+00
      5.965      0.031     7.0559     63.007     35.549  25.123156     1.0810      7.823   345.5222 7.7357e+00     2.8550      5.848      8.483    10.3330   999.7145 0.0000e+00
      5.971      0.033     7.0542     62.991     35.549  25.123155     1.0968      7.823   345.4967 7.6393e+00     2.8876      5.854      8.491    10.3330   999.7145 0.0000e+00
      5.981      0.036     7.0542     62.992     35.549  25.123155     1.1084      7.823   345.5970 7.4987e+00     2.9006      5.865      8.506    10.3330   999.7145 0.0000e+00
      5.994      0.040     7.0548     62.997     35.550  25.123154     1.0999      7.823   345.7880 7.3007e+00     2.8808      5.879      8.527    10.3336   999.7146 0.0000e+00
      6.005      0.044     7.0566     63.012     35.550  25.123140     1.0818      7.822   345.9150 7.0407e+00     2.8783      5.890      8.543    10.3339   999.7146 0.0000e+00
      6.015      0.045     7.0606     63.048     35.550  25.122994     1.0878      7.821   345.9281 6.7232e+00     2.9032      5.899      8.556    10.3337   999.7146 0.0000e+00
      6.027      0.045     7.0642     63.079     35.547  25.121382     1.1207      7.821   345.9461 6.4072e+00     2.8868      5.910      8.571    10.3333   999.7147 0.0000e+00
      6.040      0.044     7.0669     63.104     35.522  25.103650     1.1502      7.821   346.0465 6.1691e+00     2.8439      5.924      8.590    10.3329   999.7148 0.0000e+00
      6.053      0.044     7.0690     63.127     35.513  25.098917     1.1597      7.820   346.1087 6.0181e+00     2.8431      5.936      8.610    10.3327   999.7149 0.0000e+00
      6.064      0.043     7.0691     63.135     35.549  25.127597     1.1566      7.819   346.0962 5.9643e+00     2.8444      5.949      8.628    10.3326   999.7150 0.0000e+00
      6.074      0.042     7.0673     63.127     35.551  25.133221     1.1560      7.818   346.1547 6.0142e+00     2.8266      5.957      8.640    10.3327   999.7150 0.0000e+00
      6.083      0.040     7.0650     63.111     35.505  25.103489     1.1523      7.817   346.1265 6.1190e+00     2.8249      5.963      8.650    10.3325   999.7151 0.0000e+00
      6.094      0.039     7.0646     63.108     35.479  25.085303     1.1374      7.816   346.0140 6.2361e+00     2.8231      5.976      8.667    10.3344   999.7149 0.0000e+00
      6.104      0.038     7.0655     63.116     35.506  25.103658     1.1322      7.815   346.0844 6.3307e+00     2.8386      5.987      8.684    10.3395   999.7145 0.0000e+00
      6.114      0.038     7.0658     63.118     35.551  25.135093     1.1420      7.814   346.2029 6.3628e+00     2.8801      5.995      8.697    10.3467   999.7139 0.0000e+00
      6.124      0.037     7.0652     63.113     35.569  25.148186     1.1436      7.814   346.2434 6.3244e+00     2.8667      6.007      8.712    10.3508   999.7135 0.0000e+00
      6.133      0.037     7.0629     63.095     35.549  25.135091     1.1336      7.813   346.3151 6.2414e+00     2.8075      6.015      8.724    10.3497   999.7136 0.0000e+00
      6.140      0.037     7.0593     63.063     35.504  25.103632     1.1342      7.813   346.3818 6.1319e+00     2.7870      6.020      8.731    10.3499   999.7137 0.0000e+00
      6.149      0.037     7.0562     63.033     35.479  25.085016     1.1425      7.813   346.4475 6.0146e+00     2.8158      6.030      8.746    10.3487   999.7139 0.0000e+00
      6.160      0.038     7.0531     63.003     35.502  25.100328     1.1468      7.813   346.5939 5.9191e+00     2.8603      6.041      8.763    10.3471   999.7141 0.0000e+00
      6.170      0.038     7.0507     62.979     35.501  25.098445     1.1432      7.812   346.7747 5.8576e+00     2.8666      6.051      8.777    10.3513   999.7138 0.0000e+00
      6.180      0.038     7.0482     62.950     35.454  25.062254     1.1329      7.811   346.9130 5.8253e+00     2.8260      6.061      8.792    10.3524   999.7137 0.0000e+00
      6.191      0.037     7.0428     62.894     35.433  25.043364     1.1352      7.810   346.9748 5.8353e+00     2.8285      6.071      8.806    10.3488   999.7140 0.0000e+00
      6.201      0.034     7.0398     62.861     35.462  25.060366     1.1450      7.809   347.0060 5.8857e+00     2.8309      6.082      8.821    10.3481   999.7142 0.0000e+00
      6.209      0.032     7.0410     62.866     35.489  25.077499     1.1478      7.807   347.0329 5.9409e+00     2.7245      6.090      8.833    10.3472   999.7143 0.0000e+00
      6.216      0.031     7.0421     62.873     35.467  25.060196     1.1431      7.807   347.1270 5.9890e+00     2.6233      6.096      8.841    10.3423   999.7147 0.0000e+00
      6.223      0.031     7.0413     62.863     35.442  25.041477     1.1307      7.807   347.2842 6.0090e+00     2.6229      6.102      8.851    10.3362   999.7152 0.0000e+00
      6.229      0.032     7.0380     62.832     35.443  25.041482     1.1104      7.806   347.3842 5.9908e+00     2.7195      6.109      8.860    10.3315   999.7158 0.0000e+00
      6.237      0.035     7.0349     62.804     35.470  25.060267     1.0879      7.806   347.4752 5.9562e+00     2.8405      6.117      8.871    10.3282   999.7162 0.0000e+00
      6.247      0.037     7.0334     62.790     35.496  25.078282     1.0844      7.805   347.6112 5.8999e+00     2.8744      6.125      8.884    10.3260   999.7164 0.0000e+00
      6.258      0.039     7.0302     62.762     35.483  25.068987     1.0868      7.804   347.7370 5.8251e+00     2.8671      6.138      8.902    10.3246   999.7166 0.0000e+00
      6.270      0.039     7.0230     62.698     35.491  25.074754     1.0645      7.804   347.7924 5.7711e+00     2.8830      6.149      8.919    10.3236   999.7167 0.0000e+00
      6.280      0.038     7.0138     62.616     35.505  25.084574     1.0395      7.804   347.8508 5.7396e+00     2.9030      6.160      8.934    10.3228   999.7169 0.0000e+00
      6.289      0.037     7.0063     62.547     35.472  25.060839     1.0283      7.803   347.9263 5.6998e+00     2.8795      6.169      8.947    10.3223   999.7170 0.0000e+00
      6.297      0.037     7.0020     62.507     35.447  25.041539     1.0156      7.802   347.9314 5.6559e+00     2.8285      6.175      8.955    10.3224   999.7170 0.0000e+00
      6.305      0.037     7.0009     62.494     35.448  25.041528     0.9991      7.802   347.9993 5.6180e+00     2.8431      6.183      8.967    10.3230   999.7170 0.0000e+00
      6.314      0.037     6.9998     62.481     35.477  25.060700     0.9754      7.801   348.1447 5.5692e+00     2.8926      6.191      8.979    10.3232   999.7170 0.0000e+00
      6.325      0.037     6.9958     62.443     35.510  25.083029     0.9547      7.800   348.2260 5.5056e+00     2.9017      6.201      8.995    10.3222   999.7171 0.0000e+00
      6.336      0.036     6.9896     62.387     35.475  25.057758     0.9472      7.800   348.2941 5.4526e+00     2.8882      6.215      9.014    10.3204   999.7173 0.0000e+00
      6.347      0.036     6.9777     62.281     35.406  25.008895     0.9633      7.800   348.3651 5.4113e+00     2.8278      6.226      9.030    10.3187   999.7176 0.0000e+00
      6.355      0.037     6.9557     62.084     35.394  24.999745     1.0103      7.799   348.3108 5.3868e+00     2.7278      6.234      9.041    10.3165   999.7178 0.0000e+00
