Data/DataNotYetUploadedToEDI/Raw_CTD/RawDownloads/061820_fcr50.cnv
* Sea-Bird SBE19plus  Data File:
* FileName = C:\DATA\20200618_fcr50_0003.hex
* Software version 2.8.0.119 SB_Terminal.dll
* Temperature SN = 7809
* Conductivity SN = 7809
* System UpLoad Time = Jun 19 2020 16:19:41
* <ApplicationData>
* <Seaterm232>
# nquan = 16
# nvalues = 1477                        
# units = specified
# name 0 = depFM: Depth [fresh water, m]
# name 1 = dz/dtM: Descent Rate [m/s]
# name 2 = sbeox0ML/L: Oxygen, SBE 43 [ml/l]
# name 3 = sbeox0PS: Oxygen, SBE 43 [% saturation]
# name 4 = specc: Specific Conductance [uS/cm]
# name 5 = c0uS/cm: Conductivity [uS/cm]
# name 6 = flECO-AFL: Fluorescence, WET Labs ECO-AFL/FL [mg/m^3]
# name 7 = ph: pH
# name 8 = orp: Oxidation Reduction Potential [mV]
# name 9 = par/sat/log: PAR/Logarithmic, Satlantic
# name 10 = turbWETntu0: Turbidity, WET Labs ECO [NTU]
# name 11 = prdM: Pressure, Strain Gauge [db]
# name 12 = prdE: Pressure, Strain Gauge [psi]
# name 13 = tv290C: Temperature [ITS-90, deg C]
# name 14 = density00: Density [density, kg/m^3]
# name 15 = flag:  0.000e+00
# span 0 =     -0.647,      9.673       
# span 1 =     -0.110,      0.151       
# span 2 =     0.0301,     6.8142       
# span 3 =      0.417,    104.576       
# span 4 =      0.553,    126.309       
# span 5 =   0.485045,  85.508463       
# span 6 =    -0.9775,    13.9512       
# span 7 =      6.482,      8.511       
# span 8 =   -89.1396,   523.6781       
# span 9 = 1.2353e-01, 3.3927e+01       
# span 10 =    -0.3665,    81.5234      
# span 11 =     -0.635,      9.486      
# span 12 =     -0.921,     13.758      
# span 13 =     8.8220,    19.1326      
# span 14 =   998.3939,   999.8870      
# span 15 = 0.0000e+00, 0.0000e+00      
# interval = seconds: 0.25
# start_time = Jun 18 2020 07:01:02 [Instrument's time stamp, header]
# bad_flag = -9.990e-29
*END*
[from data line 995]
      4.905      0.025     0.0551      0.701     61.327  43.760634     1.0464      6.498   102.1849 1.2371e-01     3.6605      4.811      6.977    10.6977   999.6838 0.0000e+00
      4.910      0.025     0.0523      0.742     61.294  43.743782     1.0090      6.498   100.8418 1.2366e-01     3.5426      4.816      6.985    10.6894   999.6846 0.0000e+00
      4.914      0.027     0.0468      0.735     61.247  43.715767     0.9787      6.497    99.4314 1.2363e-01     3.4933      4.818      6.987    10.6810   999.6855 0.0000e+00
      4.919      0.030     0.0477      0.732     61.199  43.675852     0.9754      6.495    98.2953 1.2368e-01     3.4764      4.824      6.997    10.6748   999.6862 0.0000e+00
      4.927      0.034     0.0554      0.745     61.170  43.642073     0.9977      6.494    97.4303 1.2374e-01     3.4758      4.832      7.008    10.6729   999.6863 0.0000e+00
      4.937      0.039     0.0602      0.746     61.065  43.561270     1.0292      6.494    96.7165 1.2375e-01     3.4854      4.840      7.020    10.6803   999.6856 0.0000e+00
      4.949      0.043     0.0562      0.745     60.911  43.460677     1.0418      6.494    96.1174 1.2369e-01     3.4892      4.852      7.037    10.6900   999.6847 0.0000e+00
      4.962      0.045     0.0559      0.742     60.869  43.441565     1.0356      6.493    95.6932 1.2360e-01     3.4878      4.866      7.058    10.6841   999.6853 0.0000e+00
      4.975      0.045     0.0591      0.729     60.904  43.457179     1.0024      6.492    95.3729 1.2358e-01     3.3997      4.879      7.077    10.6671   999.6871 0.0000e+00
      4.987      0.044     0.0576      0.712     60.860  43.395514     0.9544      6.491    94.9987 1.2361e-01     3.2484      4.890      7.093    10.6588   999.6879 0.0000e+00
      4.997      0.042     0.0579      0.690     60.735  43.267304     0.9226      6.490    94.6098 1.2363e-01     3.1692      4.901      7.108    10.6719   999.6866 0.0000e+00
      5.007      0.040     0.0584      0.686     60.655  43.176625     0.9046      6.489    94.0265 1.2366e-01     3.1624      4.910      7.122    10.6896   999.6849 0.0000e+00
      5.017      0.040     0.0562      0.700     60.796  43.251331     0.9090      6.489    93.0220 1.2369e-01     3.1661      4.921      7.138    10.6813   999.6858 0.0000e+00
      5.027      0.041     0.0561      0.689     61.139  43.472222     0.9271      6.488    91.9295 1.2373e-01     3.1802      4.931      7.152    10.6512   999.6887 0.0000e+00
      5.036      0.042     0.0530      0.669     61.479  43.688938     0.9323      6.487    90.9694 1.2373e-01     3.2302      4.936      7.160    10.6157   999.6921 0.0000e+00
      5.046      0.044     0.0519      0.656     61.727  43.840100     0.9246      6.487    90.0183 1.2370e-01     3.2555      4.946      7.174    10.5866   999.6948 0.0000e+00
      5.060      0.044     0.0567      0.646     61.848  43.903212     0.9006      6.487    89.2054 1.2368e-01     3.2801      4.962      7.197    10.5680   999.6968 0.0000e+00
      5.073      0.044     0.0535      0.658     61.844  43.880623     0.8709      6.487    88.6257 1.2366e-01     3.3900      4.976      7.217    10.5499   999.6987 0.0000e+00
      5.085      0.042     0.0516      0.657     61.784  43.820905     0.8612      6.487    88.1720 1.2364e-01     3.4861      4.986      7.232    10.5288   999.7009 0.0000e+00
      5.096      0.039     0.0520      0.632     61.709  43.752519     0.8593      6.487    87.5909 1.2368e-01     3.4810      4.997      7.249    10.5082   999.7030 0.0000e+00
      5.104      0.034     0.0489      0.633     61.637  43.688608     0.8485      6.486    86.5047 1.2374e-01     3.4314      5.005      7.261    10.4899   999.7048 0.0000e+00
      5.111      0.030     0.0519      0.654     61.556  43.619515     0.8255      6.485    85.1916 1.2375e-01     3.4358      5.012      7.271    10.4733   999.7064 0.0000e+00
      5.118      0.029     0.0534      0.654     61.475  43.551958     0.7920      6.485    84.4480 1.2372e-01     3.4648      5.020      7.281    10.4594   999.7077 0.0000e+00
      5.125      0.029     0.0472      0.606     61.426  43.506612     0.7760      6.485    84.1380 1.2367e-01     3.4731      5.026      7.289    10.4479   999.7088 0.0000e+00
      5.131      0.030     0.0492      0.568     61.366  43.452132     0.7763      6.486    83.4227 1.2361e-01     3.4669      5.032      7.298    10.4370   999.7098 0.0000e+00
      5.137      0.032     0.0513      0.590     61.311  43.401106     0.7575      6.486    82.3391 1.2360e-01     3.4246      5.036      7.305    10.4277   999.7107 0.0000e+00
      5.147      0.033     0.0534      0.610     61.322  43.397515     0.7297      6.485    81.4463 1.2361e-01     3.4081      5.046      7.319    10.4200   999.7114 0.0000e+00
      5.157      0.035     0.0476      0.615     61.352  43.408695     0.7172      6.485    80.8016 1.2360e-01     3.4393      5.059      7.338    10.4116   999.7123 0.0000e+00
      5.167      0.035     0.0405      0.636     61.368  43.409318     0.7107      6.486    80.1371 1.2366e-01     3.4579      5.068      7.351    10.4016   999.7132 0.0000e+00
      5.175      0.035     0.0479      0.681     61.377  43.405029     0.6887      6.486    79.2625 1.2376e-01     3.4269      5.074      7.359    10.3913   999.7142 0.0000e+00
      5.184      0.034     0.0479      0.717     61.317  43.356828     0.6517      6.485    78.1417 1.2376e-01     3.3390      5.083      7.372    10.3821   999.7151 0.0000e+00
      5.193      0.033     0.0481      0.712     61.184  43.270890     0.6352      6.485    76.7383 1.2370e-01     3.2883      5.093      7.387    10.3744   999.7159 0.0000e+00
      5.201      0.031     0.0481      0.616     61.131  43.254749     0.6327      6.484    75.1143 1.2370e-01     3.2943      5.100      7.398    10.3657   999.7167 0.0000e+00
      5.209      0.029     0.0545      0.515     61.146  43.288659     0.5930      6.484    73.5631 1.2373e-01     3.2749      5.107      7.407    10.3555   999.7177 0.0000e+00
      5.217      0.029     0.0560      0.564     61.048  43.236530     0.5355      6.484    72.0926 1.2370e-01     3.2598      5.117      7.421    10.3481   999.7185 0.0000e+00
      5.224      0.030     0.0596      0.665     60.807  43.068861     0.5101      6.484    70.5853 1.2367e-01     3.2481      5.124      7.432    10.3537   999.7179 0.0000e+00
      5.229      0.031     0.0506      0.705     60.614  42.911950     0.5058      6.484    69.1907 1.2367e-01     3.2023      5.127      7.435    10.3761   999.7158 0.0000e+00
      5.235      0.033     0.0318      0.710     60.776  42.989858     0.4924      6.484    67.7919 1.2367e-01     3.1871      5.132      7.443    10.3972   999.7139 0.0000e+00
      5.246      0.035     0.0437      0.672     61.287  43.312492     0.4638      6.484    66.4067 1.2372e-01     3.2358      5.144      7.461    10.4121   999.7125 0.0000e+00
      5.257      0.037     0.0554      0.621     61.795  43.638683     0.4360      6.484    65.2618 1.2373e-01     3.2765      5.157      7.480    10.4207   999.7117 0.0000e+00
      5.267      0.039     0.0548      0.643     62.091  43.823071     0.4225      6.484    64.1884 1.2371e-01     3.2669      5.165      7.492    10.4006   999.7135 0.0000e+00
      5.276      0.039     0.0569      0.668     62.211  43.891284     0.4250      6.484    63.0654 1.2373e-01     3.2234      5.174      7.504    10.3641   999.7170 0.0000e+00
      5.286      0.039     0.0552      0.634     62.230  43.892059     0.4375      6.483    61.8364 1.2376e-01     3.1960      5.184      7.519    10.3324   999.7202 0.0000e+00
      5.295      0.039     0.0434      0.596     62.164  43.832414     0.4505      6.482    60.5139 1.2376e-01     3.2450      5.193      7.531    10.3047   999.7230 0.0000e+00
      5.304      0.038     0.0512      0.581     62.054  43.741478     0.4584      6.483    59.3786 1.2373e-01     3.3010      5.201      7.543    10.2848   999.7250 0.0000e+00
      5.315      0.037     0.0555      0.605     61.986  43.681342     0.4569      6.483    58.4336 1.2368e-01     3.2885      5.211      7.559    10.2726   999.7262 0.0000e+00
      5.327      0.034     0.0488      0.671     61.993  43.676664     0.4695      6.483    57.3486 1.2367e-01     3.2667      5.225      7.578    10.2641   999.7270 0.0000e+00
      5.337      0.030     0.0462      0.711     62.014  43.684906     0.4964      6.483    55.9821 1.2367e-01     3.2774      5.236      7.593    10.2538   999.7280 0.0000e+00
      5.343      0.026     0.0449      0.706     61.976  43.654017     0.5059      6.483    54.6443 1.2364e-01     3.2807      5.240      7.601    10.2413   999.7291 0.0000e+00
      5.347      0.024     0.0451      0.713     61.841  43.557117     0.5073      6.484    53.6495 1.2361e-01     3.2372      5.244      7.606    10.2314   999.7300 0.0000e+00
      5.351      0.024     0.0538      0.716     61.626  43.402080     0.4947      6.485    52.8157 1.2365e-01     3.1633      5.249      7.612    10.2245   999.7306 0.0000e+00
      5.356      0.026     0.0588      0.709     61.410  43.239610     0.4676      6.485    51.9631 1.2370e-01     3.1084      5.251      7.616    10.2186   999.7312 0.0000e+00
      5.362      0.029     0.0533      0.725     61.257  43.116299     0.4568      6.485    50.9974 1.2372e-01     3.0539      5.256      7.623    10.2151   999.7315 0.0000e+00
      5.372      0.031     0.0568      0.707     61.190  43.053819     0.4597      6.485    49.9157 1.2375e-01     3.0196      5.268      7.639    10.2157   999.7315 0.0000e+00
      5.382      0.032     0.0572      0.642     61.210  43.055502     0.4543      6.486    49.1237 1.2378e-01     3.1060      5.279      7.657    10.2141   999.7317 0.0000e+00
      5.391      0.032     0.0538      0.642     61.247  43.073145     0.4399      6.487    48.7337 1.2378e-01     3.2401      5.288      7.670    10.2044   999.7324 0.0000e+00
      5.400      0.031     0.0578      0.675     61.259  43.076690     0.4375      6.486    48.2979 1.2375e-01     3.3024      5.296      7.681    10.1906   999.7337 0.0000e+00
      5.406      0.030     0.0599      0.653     61.295  43.098346     0.4436      6.485    47.5543 1.2370e-01     3.3097      5.303      7.691    10.1772   999.7349 0.0000e+00
      5.411      0.030     0.0457      0.619     61.367  43.144540     0.4290      6.485    46.7121 1.2369e-01     3.2258      5.306      7.696    10.1665   999.7359 0.0000e+00
      5.418      0.030     0.0494      0.618     61.436  43.190830     0.3952      6.484    46.0307 1.2371e-01     3.0776      5.312      7.705    10.1597   999.7366 0.0000e+00
      5.427      0.030     0.0566      0.626     61.459  43.213653     0.3678      6.484    45.2522 1.2371e-01     3.0273      5.321      7.718    10.1561   999.7369 0.0000e+00
      5.437      0.031     0.0510      0.615     61.470  43.230048     0.3652      6.484    43.9242 1.2366e-01     3.0639      5.333      7.734    10.1555   999.7370 0.0000e+00
      5.447      0.033     0.0475      0.603     61.520  43.262107     0.3826      6.484    42.4487 1.2358e-01     3.1090      5.343      7.750    10.1502   999.7376 0.0000e+00
      5.453      0.034     0.0481      0.593     61.576  43.283855     0.3866      6.484    41.3509 1.2353e-01     3.1609      5.347      7.756    10.1443   999.7382 0.0000e+00
      5.458      0.034     0.0510      0.600     61.636  43.302529     0.3762      6.484    40.4594 1.2357e-01     3.2101      5.351      7.760    10.1528   999.7374 0.0000e+00
      5.468      0.034     0.0473      0.625     61.747  43.360896     0.3713      6.484    39.5004 1.2370e-01     3.2578      5.361      7.776    10.1653   999.7363 0.0000e+00
      5.480      0.035     0.0480      0.651     61.847  43.418194     0.3653      6.485    38.5306 1.2380e-01     3.2908      5.376      7.797    10.1640   999.7365 0.0000e+00
      5.489      0.036     0.0460      0.662     61.861  43.423946     0.3512      6.485    37.8542 1.2378e-01     3.1982      5.385      7.809    10.1466   999.7382 0.0000e+00
      5.497      0.036     0.0466      0.661     61.864  43.430446     0.3346      6.484    37.2590 1.2377e-01     2.9967      5.390      7.817    10.1236   999.7403 0.0000e+00
      5.505      0.035     0.0493      0.669     61.945  43.496790     0.3172      6.484    36.4105 1.2380e-01     2.8794      5.398      7.830    10.1070   999.7419 0.0000e+00
      5.514      0.033     0.0515      0.679     62.069  43.591273     0.3035      6.485    35.5962 1.2375e-01     2.8786      5.408      7.843    10.0969   999.7429 0.0000e+00
      5.523      0.031     0.0533      0.672     62.194  43.684057     0.3214      6.485    34.9853 1.2367e-01     2.9530      5.415      7.854    10.0928   999.7433 0.0000e+00
      5.533      0.029     0.0510      0.647     62.350  43.793335     0.3713      6.485    34.3581 1.2370e-01     3.0227      5.426      7.869    10.0979   999.7428 0.0000e+00
      5.540      0.026     0.0530      0.634     62.504  43.896785     0.4009      6.485    33.6055 1.2372e-01     3.0004      5.435      7.883    10.1072   999.7422 0.0000e+00
      5.545      0.025     0.0537      0.653     62.635  43.982582     0.3932      6.485    32.6825 1.2373e-01     2.9579      5.438      7.887    10.1141   999.7416 0.0000e+00
      5.549      0.026     0.0541      0.671     62.765  44.068869     0.3834      6.486    31.5443 1.2378e-01     2.9560      5.441      7.891    10.1182   999.7412 0.0000e+00
      5.554      0.028     0.0506      0.665     62.937  44.178236     0.3871      6.486    30.2539 1.2373e-01     2.9425      5.446      7.899    10.1181   999.7413 0.0000e+00
      5.560      0.031     0.0483      0.647     63.128  44.289136     0.3904      6.486    29.1256 1.2365e-01     2.9329      5.452      7.908    10.1133   999.7418 0.0000e+00
      5.569      0.035     0.0518      0.632     63.222  44.330462     0.3853      6.486    28.4001 1.2368e-01     2.9429      5.460      7.920    10.1074   999.7424 0.0000e+00
      5.581      0.037     0.0537      0.625     63.192  44.296954     0.3629      6.486    27.8488 1.2372e-01     2.8908      5.472      7.936    10.1050   999.7427 0.0000e+00
      5.594      0.036     0.0530      0.641     63.147  44.264895     0.3302      6.486    27.3640 1.2375e-01     2.8530      5.486      7.956    10.1001   999.7434 0.0000e+00
      5.604      0.034     0.0503      0.649     63.134  44.260276     0.3142      6.486    27.0125 1.2377e-01     2.8972      5.498      7.974    10.0775   999.7454 0.0000e+00
      5.612      0.031     0.0503      0.619     63.099  44.241114     0.3118      6.487    26.6096 1.2374e-01     2.9104      5.504      7.983    10.0512   999.7478 0.0000e+00
      5.618      0.027     0.0479      0.595     63.069  44.223676     0.3103      6.488    25.7621 1.2370e-01     2.8752      5.509      7.990    10.0436   999.7485 0.0000e+00
      5.623      0.026     0.0506      0.593     63.097  44.239895     0.3060      6.488    24.3369 1.2368e-01     2.8492      5.516      8.000    10.0458   999.7483 0.0000e+00
      5.628      0.027     0.0536      0.601     63.124  44.246751     0.3076      6.488    22.7992 1.2367e-01     2.8717      5.520      8.005    10.0500   999.7480 0.0000e+00
      5.633      0.029     0.0477      0.606     63.142  44.243067     0.3105      6.488    21.4537 1.2367e-01     2.9062      5.524      8.011    10.0549   999.7476 0.0000e+00
      5.641      0.033     0.0463      0.594     63.188  44.258826     0.2941      6.487    20.1997 1.2371e-01     2.8892      5.530      8.020    10.0589   999.7472 0.0000e+00
      5.652      0.036     0.0466      0.584     63.199  44.246816     0.2526      6.487    19.1663 1.2379e-01     2.9061      5.542      8.038    10.0581   999.7474 0.0000e+00
