Data/DataNotYetUploadedToEDI/Raw_CTD/RawDownloads/061820_bvr50.cnv
* Sea-Bird SBE19plus  Data File:
* FileName = C:\DATA\20200618_fcr50_0001.hex
* Software version 2.8.0.119 SB_Terminal.dll
* Temperature SN = 7809
* Conductivity SN = 7809
* System UpLoad Time = Jun 19 2020 16:18:42
* <ApplicationData>
* <Seaterm232>
# nquan = 16
# nvalues = 2515                        
# units = specified
# name 0 = depFM: Depth [fresh water, m]
# name 1 = dz/dtM: Descent Rate [m/s]
# name 2 = sbeox0ML/L: Oxygen, SBE 43 [ml/l]
# name 3 = sbeox0PS: Oxygen, SBE 43 [% saturation]
# name 4 = specc: Specific Conductance [uS/cm]
# name 5 = c0uS/cm: Conductivity [uS/cm]
# name 6 = flECO-AFL: Fluorescence, WET Labs ECO-AFL/FL [mg/m^3]
# name 7 = ph: pH
# name 8 = orp: Oxidation Reduction Potential [mV]
# name 9 = par/sat/log: PAR/Logarithmic, Satlantic
# name 10 = turbWETntu0: Turbidity, WET Labs ECO [NTU]
# name 11 = prdM: Pressure, Strain Gauge [db]
# name 12 = prdE: Pressure, Strain Gauge [psi]
# name 13 = tv290C: Temperature [ITS-90, deg C]
# name 14 = density00: Density [density, kg/m^3]
# name 15 = flag:  0.000e+00
# span 0 =     -0.736,     11.934       
# span 1 =     -0.019,      0.277       
# span 2 =     0.0356,     6.5794       
# span 3 =      0.458,    100.728       
# span 4 =      0.107,    349.184       
# span 5 =   0.099840, 317.161818       
# span 6 =    -0.9592,     3.3462       
# span 7 =     -2.224,      8.755       
# span 8 = -1240.7455,   721.6985       
# span 9 = 1.2349e-01, 2.8814e+02       
# span 10 =    -0.3584,    24.3674      
# span 11 =     -0.723,     11.704      
# span 12 =     -1.048,     16.975      
# span 13 =     9.0503,    21.3074      
# span 14 =   997.9255,   999.8769      
# span 15 = 0.0000e+00, 0.0000e+00      
# interval = seconds: 0.25
# start_time = Jun 18 2020 05:04:04 [Instrument's time stamp, header]
# bad_flag = -9.990e-29
*END*
[from data line 181]
      0.770      0.039     5.8247     90.684     24.471  21.835606     1.8851      7.782   238.1364 6.1653e+01     1.8995      0.754      1.094    19.5964   998.3049 0.0000e+00
      0.780      0.041     5.8202     90.678     24.530  21.883986     1.7907      7.702   238.3186 6.0908e+01     1.9188      0.764      1.108    19.6043   998.3034 0.0000e+00
      0.793      0.041     5.8161     90.692     24.585  21.927897     1.7432      7.603   238.5030 6.0002e+01     1.9397      0.777      1.126    19.6112   998.3020 0.0000e+00
      0.808      0.038     5.8141     90.712     24.512  21.859219     1.7494      7.521   238.7309 5.9087e+01     1.9461      0.792      1.149    19.6149   998.3013 0.0000e+00
      0.822      0.033     5.8138     90.707     24.393  21.751153     1.7989      7.468   238.8369 5.8583e+01     1.9278      0.809      1.173    19.6117   998.3020 0.0000e+00
      0.830      0.027     5.8140     90.686     24.335  21.699315     1.8841      7.440   238.8380 5.8504e+01     1.9247      0.816      1.183    19.6023   998.3039 0.0000e+00
      0.832      0.021     5.8163     90.656     24.311  21.676341     1.9307      7.426   238.8312 5.8479e+01     1.9432      0.816      1.183    19.5904   998.3065 0.0000e+00
      0.832      0.017     5.8203     90.600     24.299  21.663617     1.9431      7.415   238.9259 5.8396e+01     1.9443      0.816      1.183    19.5812   998.3083 0.0000e+00
      0.834      0.015     5.8194     90.530     24.311  21.672290     1.9382      7.400   239.1229 5.8246e+01     1.9036      0.817      1.186    19.5797   998.3085 0.0000e+00
      0.838      0.016     5.8172     90.443     24.293  21.654379     1.9004      7.387   239.4068 5.7976e+01     1.8636      0.822      1.191    19.5801   998.3084 0.0000e+00
      0.844      0.017     5.8174     90.343     24.275  21.637291     1.8676      7.382   239.5187 5.7601e+01     1.8724      0.828      1.200    19.5770   998.3091 0.0000e+00
      0.850      0.017     5.8127     90.260     24.295  21.655918     1.8658      7.387   239.4433 5.7243e+01     1.9070      0.835      1.211    19.5726   998.3100 0.0000e+00
      0.855      0.017     5.8095     90.189     24.259  21.625946     1.8684      7.405   239.6134 5.6998e+01     1.9385      0.839      1.217    19.5676   998.3111 0.0000e+00
      0.858      0.017     5.8048     90.139     24.219  21.591969     1.8617      7.428   239.9411 5.6836e+01     1.9449      0.841      1.221    19.5633   998.3119 0.0000e+00
      0.860      0.017     5.7966     90.120     24.255  21.625590     1.8611      7.452   240.1357 5.6622e+01     1.9157      0.843      1.223    19.5597   998.3126 0.0000e+00
      0.864      0.018     5.7929     90.114     24.285  21.651971     1.8696      7.481   240.2457 5.6294e+01     1.8933      0.846      1.226    19.5615   998.3123 0.0000e+00
      0.870      0.020     5.7863     90.111     24.222  21.593872     1.8884      7.516   240.4113 5.5970e+01     1.9144      0.853      1.237    19.5687   998.3109 0.0000e+00
      0.877      0.025     5.7825     90.100     24.114  21.493839     1.9270      7.546   240.5886 5.5753e+01     1.9315      0.860      1.248    19.5722   998.3102 0.0000e+00
      0.882      0.030     5.7815     90.062     24.076  21.457081     1.9740      7.557   240.7544 5.5581e+01     1.8942      0.864      1.254    19.5772   998.3092 0.0000e+00
      0.888      0.033     5.7812     90.019     24.091  21.466498     1.9985      7.551   241.0394 5.5168e+01     1.8744      0.867      1.259    19.5780   998.3091 0.0000e+00
      0.898      0.034     5.7817     89.967     24.110  21.480870     2.0040      7.535   241.2824 5.4504e+01     1.9330      0.879      1.275    19.5706   998.3106 0.0000e+00
      0.912      0.033     5.7832     89.877     24.137  21.504015     1.9739      7.518   241.3688 5.3938e+01     1.9501      0.896      1.299    19.5630   998.3121 0.0000e+00
      0.923      0.032     5.7803     89.763     24.124  21.492690     1.9110      7.508   241.4818 5.3511e+01     1.8749      0.906      1.314    19.5559   998.3136 0.0000e+00
      0.930      0.028     5.7780     89.613     24.098  21.470775     1.8817      7.505   241.6154 5.3173e+01     1.8477      0.914      1.326    19.5479   998.3153 0.0000e+00
      0.935      0.023     5.7781     89.430     24.120  21.492689     1.8875      7.506   241.6948 5.2942e+01     1.8959      0.918      1.332    19.5413   998.3166 0.0000e+00
      0.938      0.019     5.7700     89.285     24.131  21.504009     1.9333      7.509   241.8391 5.2684e+01     1.9085      0.919      1.334    19.5390   998.3171 0.0000e+00
      0.942      0.017     5.7641     89.194     24.106  21.480817     2.0166      7.513   242.0694 5.2408e+01     1.8970      0.924      1.340    19.5404   998.3169 0.0000e+00
      0.946      0.017     5.7543     89.122     24.092  21.465933     2.0642      7.518   242.1566 5.2188e+01     1.8941      0.928      1.345    19.5439   998.3161 0.0000e+00
      0.951      0.018     5.7392     89.094     24.079  21.450868     2.0696      7.525   242.2047 5.1948e+01     1.8739      0.931      1.351    19.5499   998.3149 0.0000e+00
      0.956      0.021     5.7287     89.087     24.054  21.425487     2.0634      7.537   242.4791 5.1669e+01     1.8593      0.937      1.360    19.5547   998.3141 0.0000e+00
      0.961      0.024     5.7258     89.058     24.042  21.412702     2.0468      7.552   242.7211 5.1423e+01     1.8548      0.943      1.368    19.5525   998.3144 0.0000e+00
      0.966      0.028     5.7194     89.060     24.057  21.423097     2.0408      7.563   242.8068 5.1172e+01     1.8878      0.948      1.375    19.5460   998.3158 0.0000e+00
      0.972      0.031     5.7191     89.076     24.061  21.424346     2.0572      7.571   242.9997 5.0819e+01     1.9488      0.952      1.381    19.5381   998.3174 0.0000e+00
      0.982      0.033     5.7231     89.047     24.066  21.427804     2.0726      7.578   243.2469 5.0369e+01     1.9407      0.962      1.396    19.5309   998.3188 0.0000e+00
      0.994      0.035     5.7174     88.998     24.108  21.464906     2.0556      7.583   243.4724 4.9932e+01     1.9267      0.976      1.415    19.5254   998.3200 0.0000e+00
      1.004      0.037     5.7196     88.969     24.138  21.492472     2.0139      7.586   243.6618 4.9529e+01     2.0192      0.985      1.429    19.5206   998.3211 0.0000e+00
      1.012      0.038     5.7236     88.966     24.154  21.507451     1.9976      7.584   243.7293 4.9125e+01     2.1322      0.992      1.439    19.5167   998.3219 0.0000e+00
      1.021      0.037     5.7205     88.983     24.167  21.519190     2.0103      7.577   243.8587 4.8695e+01     2.1612      1.001      1.452    19.5132   998.3226 0.0000e+00
      1.031      0.036     5.7163     88.992     24.153  21.507576     2.0154      7.570   244.1073 4.8199e+01     2.1292      1.010      1.466    19.5121   998.3229 0.0000e+00
      1.042      0.034     5.7144     88.987     24.138  21.493857     2.0030      7.563   244.3268 4.7744e+01     2.1231      1.023      1.484    19.5155   998.3223 0.0000e+00
      1.052      0.031     5.7134     88.992     24.123  21.480136     1.9933      7.558   244.4472 4.7394e+01     2.1558      1.033      1.498    19.5185   998.3217 0.0000e+00
      1.058      0.029     5.7158     88.997     24.109  21.468503     2.0033      7.553   244.5300 4.7084e+01     2.1819      1.038      1.505    19.5185   998.3218 0.0000e+00
      1.064      0.026     5.7167     88.994     24.125  21.480023     2.0289      7.549   244.6396 4.6800e+01     2.1293      1.043      1.513    19.5183   998.3219 0.0000e+00
      1.069      0.024     5.7149     88.992     24.147  21.492600     2.0539      7.546   244.7408 4.6509e+01     2.0005      1.048      1.521    19.5174   998.3220 0.0000e+00
      1.075      0.022     5.7162     88.985     24.158  21.493745     2.0672      7.544   244.8937 4.6209e+01     1.9295      1.054      1.529    19.5189   998.3218 0.0000e+00
      1.082      0.022     5.7163     88.975     24.165  21.493849     2.0757      7.542   245.1110 4.5931e+01     1.9573      1.061      1.538    19.5223   998.3212 0.0000e+00
      1.087      0.022     5.7157     88.959     24.168  21.493843     2.0609      7.540   245.3037 4.5672e+01     2.0273      1.066      1.546    19.5184   998.3219 0.0000e+00
      1.093      0.021     5.7182     88.923     24.170  21.493678     2.0219      7.536   245.4163 4.5456e+01     2.0891      1.071      1.554    19.5018   998.3253 0.0000e+00
      1.098      0.020     5.7201     88.863     24.169  21.491849     2.0045      7.531   245.5263 4.5243e+01     2.1559      1.077      1.562    19.4790   998.3299 0.0000e+00
      1.103      0.018     5.7210     88.799     24.147  21.471725     2.0130      7.528   245.6873 4.4994e+01     2.2165      1.081      1.569    19.4647   998.3327 0.0000e+00
      1.108      0.017     5.7211     88.772     24.112  21.440595     2.0297      7.528   245.8137 4.4782e+01     2.2032      1.086      1.576    19.4606   998.3336 0.0000e+00
      1.112      0.016     5.7190     88.775     24.101  21.432523     2.0443      7.528   245.9362 4.4593e+01     2.1334      1.090      1.581    19.4585   998.3341 0.0000e+00
      1.115      0.016     5.7155     88.781     24.106  21.437545     2.0463      7.527   246.1357 4.4403e+01     2.0939      1.093      1.585    19.4558   998.3346 0.0000e+00
      1.118      0.016     5.7094     88.794     24.105  21.437899     2.0533      7.526   246.4188 4.4216e+01     2.1371      1.096      1.589    19.4545   998.3349 0.0000e+00
      1.122      0.016     5.7083     88.819     24.104  21.436801     2.0719      7.525   246.6063 4.3966e+01     2.1752      1.100      1.595    19.4559   998.3346 0.0000e+00
      1.127      0.016     5.7090     88.852     24.090  21.424278     2.0804      7.523   246.5962 4.3698e+01     2.0736      1.105      1.602    19.4591   998.3340 0.0000e+00
      1.131      0.017     5.7086     88.883     24.080  21.413312     2.0800      7.521   246.6416 4.3488e+01     1.9382      1.110      1.609    19.4623   998.3334 0.0000e+00
      1.135      0.018     5.7095     88.913     24.101  21.431027     2.0770      7.520   246.8962 4.3281e+01     1.9463      1.114      1.614    19.4639   998.3331 0.0000e+00
      1.139      0.018     5.7107     88.937     24.122  21.448227     2.0819      7.519   247.0934 4.3061e+01     2.0003      1.117      1.620    19.4636   998.3332 0.0000e+00
      1.144      0.019     5.7139     88.957     24.103  21.431038     2.1390      7.518   247.1327 4.2820e+01     2.0414      1.121      1.626    19.4616   998.3336 0.0000e+00
      1.149      0.020     5.7155     88.934     24.084  21.413438     2.2245      7.514   247.2855 4.2550e+01     2.1003      1.126      1.633    19.4585   998.3342 0.0000e+00
      1.154      0.020     5.7189     88.875     24.099  21.425657     2.2665      7.507   247.4781 4.2284e+01     2.1288      1.132      1.642    19.4555   998.3349 0.0000e+00
      1.160      0.019     5.7192     88.848     24.129  21.451957     2.2752      7.493   247.4825 4.2023e+01     2.1445      1.138      1.649    19.4537   998.3353 0.0000e+00
      1.166      0.017     5.7224     88.843     24.159  21.477775     2.3100      7.477   247.4255 4.1768e+01     2.1527      1.144      1.658    19.4532   998.3353 0.0000e+00
      1.171      0.016     5.7220     88.842     24.166  21.484177     2.3733      7.464   247.4768 4.1555e+01     2.1254      1.150      1.667    19.4518   998.3357 0.0000e+00
      1.174      0.017     5.7139     88.845     24.146  21.465948     2.4016      7.456   247.5857 4.1406e+01     2.0894      1.152      1.671    19.4494   998.3361 0.0000e+00
      1.175      0.020     5.7152     88.837     24.127  21.447607     2.3939      7.451   247.7097 4.1291e+01     2.1289      1.152      1.671    19.4472   998.3366 0.0000e+00
      1.177      0.024     5.7144     88.813     24.135  21.452650     2.3182      7.445   247.8584 4.1071e+01     2.1913      1.153      1.672    19.4459   998.3369 0.0000e+00
      1.184      0.027     5.7144     88.767     24.150  21.463504     2.1633      7.437   247.9209 4.0653e+01     2.1570      1.159      1.681    19.4465   998.3368 0.0000e+00
      1.196      0.031     5.7152     88.687     24.139  21.452021     2.0754      7.429   247.8633 4.0185e+01     2.1261      1.173      1.701    19.4472   998.3367 0.0000e+00
      1.207      0.032     5.7148     88.572     24.126  21.440634     2.0756      7.420   247.8507 3.9807e+01     2.1616      1.185      1.719    19.4435   998.3375 0.0000e+00
      1.216      0.032     5.7144     88.460     24.141  21.452639     2.0709      7.405   247.9397 3.9509e+01     2.1742      1.193      1.730    19.4370   998.3388 0.0000e+00
      1.223      0.029     5.7120     88.394     24.161  21.470344     2.0561      7.376   247.9932 3.9258e+01     2.1407      1.199      1.739    19.4326   998.3398 0.0000e+00
      1.229      0.024     5.7077     88.374     24.154  21.464465     2.0502      7.343   247.9814 3.9028e+01     2.1000      1.205      1.748    19.4303   998.3402 0.0000e+00
      1.235      0.020     5.6990     88.374     24.133  21.444977     2.0567      7.314   247.9692 3.8809e+01     2.0943      1.211      1.757    19.4289   998.3405 0.0000e+00
      1.241      0.017     5.6909     88.385     24.111  21.424957     2.0768      7.292   248.0182 3.8666e+01     2.1405      1.218      1.766    19.4281   998.3407 0.0000e+00
      1.244      0.015     5.6864     88.392     24.096  21.412640     2.1310      7.280   248.2293 3.8573e+01     2.1779      1.220      1.769    19.4278   998.3408 0.0000e+00
      1.247      0.014     5.6869     88.400     24.107  21.422871     2.2167      7.275   248.5419 3.8426e+01     2.1689      1.223      1.773    19.4273   998.3409 0.0000e+00
      1.249      0.014     5.6861     88.420     24.106  21.421836     2.2733      7.278   248.7870 3.8289e+01     2.1686      1.226      1.778    19.4268   998.3410 0.0000e+00
      1.252      0.016     5.6879     88.421     24.081  21.400129     2.2910      7.289   248.8695 3.8204e+01     2.1743      1.227      1.780    19.4265   998.3411 0.0000e+00
      1.256      0.019     5.6882     88.391     24.097  21.414068     2.2879      7.300   248.8517 3.8084e+01     2.2040      1.232      1.786    19.4265   998.3411 0.0000e+00
      1.261      0.023     5.6873     88.348     24.153  21.463541     2.2743      7.300   248.8301 3.7927e+01     2.2866      1.236      1.792    19.4276   998.3409 0.0000e+00
      1.267      0.025     5.6903     88.324     24.184  21.490993     2.2694      7.286   248.8654 3.7716e+01     2.3497      1.241      1.799    19.4290   998.3407 0.0000e+00
      1.275      0.026     5.6900     88.324     24.186  21.492345     2.2670      7.270   249.0212 3.7420e+01     2.3833      1.249      1.812    19.4297   998.3405 0.0000e+00
      1.285      0.026     5.6881     88.337     24.173  21.479885     2.2360      7.260   249.1652 3.7153e+01     2.3842      1.261      1.829    19.4294   998.3407 0.0000e+00
      1.294      0.025     5.6839     88.347     24.159  21.467171     2.1704      7.255   249.2302 3.7028e+01     2.3261      1.271      1.843    19.4279   998.3412 0.0000e+00
      1.299      0.022     5.6833     88.367     24.157  21.465439     2.1320      7.254   249.2904 3.6958e+01     2.2977      1.274      1.847    19.4263   998.3414 0.0000e+00
      1.302      0.019     5.6830     88.403     24.150  21.458950     2.1344      7.251   249.4624 3.6847e+01     2.3504      1.276      1.851    19.4253   998.3416 0.0000e+00
      1.305      0.015     5.6852     88.408     24.142  21.452127     2.1416      7.243   249.7610 3.6721e+01     2.3456      1.280      1.857    19.4245   998.3418 0.0000e+00
      1.310      0.013     5.6853     88.379     24.135  21.446352     2.1433      7.233   249.8901 3.6577e+01     2.2058      1.284      1.863    19.4241   998.3418 0.0000e+00
