Data/DataNotYetUploadedToEDI/Raw_CTD/RawDownloads/061818_fcr10.cnv
* Sea-Bird SBE19plus  Data File:
* FileName = C:\DATA\061818_fcr_0002.hex
* Software version 2.6.3.104
* Temperature SN = 7809
* Conductivity SN = 7809
* System UpLoad Time = Jun 18 2018 19:16:43
* <ApplicationData>
* <Seaterm232>
# nquan = 17
# nvalues = 316                         
# units = specified
# name 0 = depFM: Depth [fresh water, m]
# name 1 = tv290C: Temperature [ITS-90, deg C]
# name 2 = sbeox0Mg/L: Oxygen, SBE 43 [mg/l]
# name 3 = sbeox0PS: Oxygen, SBE 43 [% saturation]
# name 4 = c0uS/cm: Conductivity [uS/cm]
# name 5 = specc: Specific Conductance [uS/cm]
# name 6 = ph: pH
# name 7 = orp: Oxidation Reduction Potential [mV]
# name 8 = flECO-AFL: Fluorescence, WET Labs ECO-AFL/FL [mg/m^3]
# name 9 = turbWETntu0: Turbidity, WET Labs ECO [NTU]
# name 10 = sal00: Salinity, Practical [PSU]
# name 11 = dz/dtM: Descent Rate [m/s]
# name 12 = prdM: Pressure, Strain Gauge [db]
# name 13 = prdE: Pressure, Strain Gauge [psi]
# name 14 = scan: Scan Count
# name 15 = par/sat/log: PAR/Logarithmic, Satlantic
# name 16 = flag:  0.000e+00
# span 0 =     -0.513,      2.379       
# span 1 =    19.5145,    33.6482       
# span 2 =     5.9411,    15.3679       
# span 3 =     74.380,    171.120       
# span 4 =   0.932190,  36.359571       
# span 5 =      0.790,     37.571       
# span 6 =      6.398,      8.447       
# span 7 =   282.7060,  1240.2295       
# span 8 =    -0.4367,   258.2229       
# span 9 =    -2.6816,     4.8112       
# span 10 =     0.0145,     0.0243      
# span 11 =     -0.183,      0.295      
# span 12 =     -0.503,      2.333      
# span 13 =     -0.729,      3.383      
# span 14 =          1,        316      
# span 15 = 1.3013e+02, 2.6687e+03      
# span 16 = 0.0000e+00, 0.0000e+00      
# interval = seconds: 0.25
# start_time = Jun 18 2018 16:58:50 [Instrument's time stamp, header]
# bad_flag = -9.990e-29
*END*
[from data line 171]
      0.011    26.9314     7.3726     91.378  34.486100     33.165      7.548   284.3717     0.7158     0.7828     0.0234     -0.058      0.010      0.014        172 4.3893e+02 0.0000e+00
      0.017    26.8918     7.8004     96.370  34.554166     33.275      7.553   284.7882     0.7481     0.8365     0.0235     -0.049      0.019      0.028        173 5.4271e+02 0.0000e+00
      0.032    26.8358     8.2415    101.636  34.482222     33.179      7.551   284.9774     0.7602     0.8365     0.0234     -0.028      0.033      0.047        174 1.1799e+03 0.0000e+00
      0.054    26.7933     8.6459    106.521  34.397709     33.151      7.552   284.7882     0.7158     0.8097     0.0234     -0.001      0.044      0.064        175 1.6028e+03 0.0000e+00
      0.050    26.8525     8.9617    110.370  34.600050     33.347      7.554   283.8039     0.7521     1.1051     0.0235      0.020      0.036      0.052        176 1.4569e+03 0.0000e+00
      0.003    26.9641     9.2034    113.340  34.793902     33.620      7.557   283.6524     0.7319     1.0916     0.0236      0.018      0.003      0.004        177 8.1369e+02 0.0000e+00
     -0.043    26.9757     9.3419    115.047  34.660628     33.393      7.556   284.1067     0.7441     1.0648     0.0235     -0.002     -0.033     -0.048        178 1.1308e+03 0.0000e+00
     -0.057    26.8991     9.4063    115.844  34.439666     33.156      7.561   284.0689     0.7360     0.9574     0.0234     -0.026     -0.054     -0.078        179 2.2160e+03 0.0000e+00
     -0.065    26.7823     9.3884    115.629  34.386759     33.043      7.563   283.8796     0.7036     1.0514     0.0234     -0.047     -0.064     -0.093        180 2.3563e+03 0.0000e+00
     -0.075    26.5686     9.3071    114.622  34.251967     33.039      7.563   284.0310     0.7238     0.8768     0.0234     -0.064     -0.072     -0.104        181 2.2249e+03 0.0000e+00
     -0.079    26.3045     9.2088    113.404  33.777090     32.572      7.565   284.1446     0.7481     0.8634     0.0231     -0.073     -0.073     -0.106        182 2.2571e+03 0.0000e+00
     -0.067    26.1233     9.1223    112.341  33.465383     32.463      7.566   284.4853     0.7441     0.8634     0.0230     -0.069     -0.066     -0.095        183 2.2857e+03 0.0000e+00
     -0.054    26.0253     9.0569    111.556  33.424124     32.552      7.565   284.7882     0.7319     0.7559     0.0230     -0.047     -0.057     -0.082        184 2.3100e+03 0.0000e+00
     -0.053    25.9715     9.0077    110.982  33.383726     32.665      7.565   284.1446     0.7521     0.7962     0.0230     -0.019     -0.052     -0.076        185 2.2935e+03 0.0000e+00
     -0.051    25.9511     8.9707    110.588  33.367470     32.674      7.566   284.0689     0.7319     0.7962     0.0230      0.001     -0.051     -0.073        186 2.2993e+03 0.0000e+00
     -0.051    25.9472     8.9390    110.265  33.385094     32.763      7.571   284.7882     0.7400     0.8634     0.0230      0.009     -0.051     -0.073        187 2.2952e+03 0.0000e+00
     -0.053    25.9475     8.9192    110.072  33.361817     32.721      7.572   284.3717     0.7238     0.7828     0.0230      0.013     -0.051     -0.074        188 2.2921e+03 0.0000e+00
     -0.052    25.9499     8.9113    110.021  33.366795     32.751      7.576   284.2203     0.6713     0.7962     0.0230      0.014     -0.051     -0.074        189 2.3031e+03 0.0000e+00
     -0.052    25.9521     8.9300    110.326  33.408558     32.778      7.576   284.1824     0.6713     0.7962     0.0230      0.010     -0.051     -0.073        190 2.2964e+03 0.0000e+00
     -0.051    25.9495     8.9371    110.503  33.339499     32.722      7.578   284.0689     0.6915     0.8365     0.0230      0.005     -0.050     -0.072        191 2.3121e+03 0.0000e+00
     -0.051    25.9459     8.9326    110.514  33.274811     32.638      7.579   284.1446     0.6834     0.8768     0.0230      0.001     -0.049     -0.070        192 2.2820e+03 0.0000e+00
     -0.047    25.9473     8.9337    110.573  33.192517     32.585      7.584   284.0689     0.7279     0.9842     0.0229      0.002     -0.045     -0.064        193 2.3248e+03 0.0000e+00
     -0.038    25.9567     8.9354    110.642  33.234333     32.587      7.584   284.1446     0.7319     0.9976     0.0229      0.004     -0.038     -0.054        194 2.2690e+03 0.0000e+00
     -0.029    25.9737     8.9428    110.803  33.400698     32.806      7.578   285.2803     0.7036     1.0648     0.0230      0.009     -0.030     -0.044        195 1.2619e+03 0.0000e+00
     -0.026    26.0037     8.9587    110.990  33.489600     32.827      7.573   285.2424     0.7360     0.9976     0.0230      0.014     -0.024     -0.036        196 8.3377e+02 0.0000e+00
     -0.020    26.0375     8.9765    111.155  33.657474     33.036      7.568   285.3182     0.7885     0.8365     0.0231      0.017     -0.019     -0.029        197 1.8584e+03 0.0000e+00
     -0.015    26.0632     8.9876    111.246  33.695903     33.016      7.568   285.1667     0.7521     0.8365     0.0231      0.020     -0.018     -0.026        198 2.4217e+03 0.0000e+00
     -0.019    26.0869     9.0029    111.384  33.738309     33.049      7.567   284.4474     0.7966     0.8097     0.0231      0.019     -0.026     -0.038        199 1.4202e+03 0.0000e+00
     -0.045    26.1236     9.0113    111.425  33.871581     33.169      7.570   284.8639     0.8290     0.8499     0.0232      0.010     -0.050     -0.073        200 6.5838e+02 0.0000e+00
     -0.088    26.1677     9.0097    111.409  33.915551     33.181      7.573   284.8639     0.6187     0.7559     0.0232     -0.010     -0.086     -0.125        201 1.0449e+03 0.0000e+00
     -0.128    26.2018     9.0030    111.372  33.980128     33.239      7.578   284.9774     0.6187     0.7828     0.0232     -0.037     -0.126     -0.183        202 7.1477e+02 0.0000e+00
     -0.169    26.2235     9.0130    111.456  33.998785     33.210      7.579   284.3717     0.6106     0.7022     0.0232     -0.068     -0.164     -0.238        203 4.6100e+02 0.0000e+00
     -0.206    26.2497     9.0098    111.314  33.981276     33.189      7.579   285.1289     0.6187     0.8365     0.0232     -0.096     -0.192     -0.279        204 7.5441e+02 0.0000e+00
     -0.213    26.2805     8.9952    111.055  34.061212     33.228      7.581   284.8260     0.6389     0.8634     0.0233     -0.113     -0.202     -0.293        205 7.1139e+02 0.0000e+00
     -0.199    26.2778     8.9782    110.790  34.136538     33.322      7.580   285.2424     0.6187     1.0111     0.0233     -0.112     -0.192     -0.279        206 6.0086e+02 0.0000e+00
     -0.178    26.2499     8.9555    110.481  34.095109     33.218      7.577   285.4696     0.6470     0.9305     0.0233     -0.093     -0.176     -0.255        207 6.5929e+02 0.0000e+00
     -0.163    26.2273     8.9349    110.271  34.083104     33.248      7.576   285.0910     0.6147     1.0111     0.0233     -0.060     -0.159     -0.231        208 9.8159e+02 0.0000e+00
     -0.144    26.2008     8.9137    110.036  34.062513     33.212      7.577   285.0153     0.6308     1.0514     0.0233     -0.022     -0.141     -0.206        209 1.3529e+03 0.0000e+00
     -0.124    26.1708     8.8869    109.692  34.091089     33.281      7.580   285.3560     0.9341     0.8231     0.0233      0.014     -0.128     -0.187        210 1.1184e+03 0.0000e+00
     -0.127    26.1733     8.8758    109.529  34.106865     33.298      7.580   285.2803     0.9139     0.8231     0.0233      0.039     -0.128     -0.186        211 1.0444e+03 0.0000e+00
     -0.143    26.1939     8.8750    109.490  34.072550     33.291      7.583   284.8260     0.9220     0.7022     0.0233      0.045     -0.133     -0.193        212 1.4581e+03 0.0000e+00
     -0.135    26.1750     8.8823    109.484  34.044836     33.262      7.587   285.1289     0.9139     0.8097     0.0233      0.041     -0.130     -0.189        213 1.5729e+03 0.0000e+00
     -0.121    26.1248     8.9045    109.667  33.815145     33.029      7.584   285.2046     0.8168     0.6217     0.0232      0.033     -0.119     -0.174        214 1.5518e+03 0.0000e+00
     -0.113    26.0861     8.9053    109.626  33.646673     32.851      7.580   284.7882     0.8047     0.5277     0.0231      0.025     -0.109     -0.159        215 1.5497e+03 0.0000e+00
     -0.100    26.0576     8.8862    109.373  33.661406     32.938      7.581   283.8796     0.8209     0.6082     0.0231      0.023     -0.099     -0.143        216 1.4505e+03 0.0000e+00
     -0.088    26.0457     8.8892    109.382  33.648551     32.908      7.583   283.9553     0.7764     0.6619     0.0231      0.023     -0.092     -0.133        217 1.5556e+03 0.0000e+00
     -0.094    26.0646     8.8785    109.233  33.721997     33.035      7.589   283.3874     0.6915     1.0379     0.0231      0.023     -0.091     -0.132        218 2.1012e+03 0.0000e+00
     -0.097    26.0795     8.8856    109.319  33.836912     33.127      7.593   283.5767     0.6915     1.0782     0.0232      0.025     -0.091     -0.132        219 2.2275e+03 0.0000e+00
     -0.087    26.0716     8.8753    109.170  33.802094     33.113      7.594   283.6524     0.6915     0.9574     0.0232      0.027     -0.086     -0.125        220 2.3051e+03 0.0000e+00
     -0.082    26.0610     8.8819    109.137  33.706013     32.967      7.593   283.6524     0.7117     1.0111     0.0231      0.023     -0.078     -0.114        221 2.4663e+03 0.0000e+00
     -0.071    26.0429     8.8882    109.105  33.719241     33.026      7.594   283.1982     0.7360     0.4068     0.0231      0.020     -0.065     -0.095        222 2.3868e+03 0.0000e+00
     -0.046    25.9978     8.9054    109.199  33.696669     32.980      7.596   283.1603     0.7441     0.4874     0.0231      0.024     -0.045     -0.065        223 2.4656e+03 0.0000e+00
     -0.020    25.9508     8.9038    109.068  33.526525     32.853      7.595   283.4253     0.7238     0.3531     0.0231      0.033     -0.021     -0.030        224 2.3532e+03 0.0000e+00
      0.003    25.9271     8.8944    108.862  33.367553     32.692      7.594   283.1603     0.7400     0.3397     0.0230      0.046      0.003      0.005        225 2.4769e+03 0.0000e+00
      0.027    25.9156     8.8786    108.591  33.331088     32.721      7.593   283.2360     0.7158     0.4068     0.0230      0.062      0.027      0.040        226 2.2676e+03 0.0000e+00
      0.055    25.9036     8.8648    108.363  33.275381     32.655      7.590   283.6146     0.8168     0.8097     0.0230      0.076      0.054      0.079        227 1.5128e+03 0.0000e+00
      0.085    25.8934     8.8472    108.108  33.140350     32.551      7.592   283.6903     0.8168     0.8365     0.0229      0.088      0.083      0.120        228 1.7068e+03 0.0000e+00
      0.114    25.8943     8.8201    107.748  33.232251     32.615      7.591   283.6524     0.8088     0.8097     0.0229      0.098      0.112      0.162        229 1.2942e+03 0.0000e+00
      0.144    25.8796     8.7727    107.138  33.338943     32.785      7.589   283.3117     0.8007     0.7828     0.0230      0.105      0.142      0.206        230 1.0947e+03 0.0000e+00
      0.176    25.8266     8.7276    106.547  33.511702     32.868      7.588   283.2360     0.6875     1.1856     0.0230      0.109      0.174      0.252        231 1.5223e+03 0.0000e+00
      0.212    25.7682     8.6956    106.091  33.877243     33.342      7.587   283.5767     0.6875     1.2931     0.0232      0.114      0.208      0.301        232 1.1013e+03 0.0000e+00
      0.247    25.7110     8.6742    105.712  33.921959     33.325      7.581   283.9932     0.6875     1.2259     0.0232      0.120      0.241      0.350        233 7.0784e+02 0.0000e+00
      0.279    25.6547     8.7032    105.928  33.900898     33.416      7.576   284.0310     0.7077     1.2259     0.0232      0.124      0.273      0.397        234 1.0687e+03 0.0000e+00
      0.312    25.6091     8.7796    106.748  33.962793     33.455      7.570   284.4853     0.8775     0.2322     0.0232      0.127      0.308      0.446        235 1.8545e+03 0.0000e+00
      0.352    25.5700     8.9181    108.347  34.052547     33.630      7.563   285.2424     0.8573     0.0845     0.0233      0.131      0.345      0.500        236 1.4356e+03 0.0000e+00
      0.391    25.5404     9.0510    109.866  34.056124     33.632      7.556   286.2646     0.8694     0.1920     0.0233      0.135      0.380      0.551        237 8.1619e+02 0.0000e+00
      0.419    25.5200     9.1702    111.206  33.988018     33.603      7.553   286.8324     0.8815     0.1114     0.0232      0.137      0.410      0.595        238 7.6019e+02 0.0000e+00
      0.446    25.5056     9.2504    112.075  33.989046     33.623      7.547   288.0439     0.9341     1.1856     0.0232      0.135      0.438      0.635        239 8.4847e+02 0.0000e+00
      0.475    25.4890     9.2786    112.323  33.995549     33.636      7.544   288.6117     0.9341     1.2393     0.0232      0.131      0.466      0.676        240 9.7895e+02 0.0000e+00
      0.505    25.4685     9.2664    112.079  33.920624     33.591      7.539   289.6717     0.9301     1.1722     0.0232      0.128      0.496      0.720        241 1.0457e+03 0.0000e+00
      0.537    25.4346     9.2467    111.707  33.934020     33.574      7.532   290.9210     0.9341     1.1856     0.0232      0.125      0.528      0.766        242 7.5503e+02 0.0000e+00
      0.573    25.3740     9.2390    111.465  34.067853     33.781      7.525   291.6403     1.0271     1.2528     0.0233      0.123      0.562      0.816        243 4.7855e+02 0.0000e+00
      0.611    25.3036     9.2204    111.112  34.020981     33.693      7.514   292.5110     1.0554     1.2662     0.0232      0.123      0.596      0.865        244 7.5470e+02 0.0000e+00
      0.640    25.2479     9.2223    111.040  33.962714     33.734      7.505   292.7382     1.0716     1.3065     0.0232      0.124      0.626      0.909        245 5.7062e+02 0.0000e+00
      0.664    25.2046     9.2811    111.690  34.021771     33.781      7.502   292.5489     1.0595     1.2393     0.0232      0.124      0.654      0.949        246 7.6426e+02 0.0000e+00
      0.698    25.1577     9.4089    113.165  33.947515     33.819      7.499   293.6089     1.0554     1.2125     0.0232      0.126      0.688      0.998        247 6.4654e+02 0.0000e+00
      0.744    25.1053     9.5745    115.051  33.343433     33.180      7.495   293.8739     0.9786     0.9976     0.0230      0.129      0.727      1.055        248 1.2776e+03 0.0000e+00
      0.782    25.0549     9.7313    116.832  33.231512     33.099      7.495   293.9118     0.9665     0.9574     0.0229      0.133      0.764      1.108        249 2.6687e+03 0.0000e+00
      0.811    25.0102     9.8668    118.379  33.641998     33.608      7.500   293.7982     0.9948     1.0514     0.0231      0.134      0.795      1.153        250 1.4664e+03 0.0000e+00
      0.838    24.9628     9.9745    119.625  33.662943     33.586      7.503   294.2525     0.9786     1.0916     0.0231      0.132      0.827      1.199        251 7.1161e+02 0.0000e+00
      0.882    24.8985    10.0654    120.678  32.968235     33.030      7.501   295.5396     1.2616     1.0379     0.0229      0.134      0.867      1.257        252 8.1522e+02 0.0000e+00
      0.932    24.8264    10.1184    121.276  32.816277     32.697      7.495   296.1453     1.2536     1.0916     0.0227      0.142      0.913      1.324        253 4.6448e+02 0.0000e+00
      0.980    24.7633    10.1298    121.354  34.207961     34.392      7.490   296.2210     1.2253     1.0514     0.0234      0.150      0.956      1.386        254 5.3471e+02 0.0000e+00
      1.009    24.7172    10.1273    121.170  35.061844     35.114      7.493   295.9182     1.2536     0.9574     0.0237      0.152      0.988      1.432        255 5.8085e+02 0.0000e+00
