Data/DataNotYetUploadedToEDI/Raw_CTD/RawDownloads/061818_fcr30.cnv
* Sea-Bird SBE19plus  Data File:
* FileName = C:\DATA\061818_fcr_0004.hex
* Software version 2.6.3.104
* Temperature SN = 7809
* Conductivity SN = 7809
* System UpLoad Time = Jun 18 2018 19:17:20
* <ApplicationData>
* <Seaterm232>
# nquan = 17
# nvalues = 681                         
# units = specified
# name 0 = depFM: Depth [fresh water, m]
# name 1 = tv290C: Temperature [ITS-90, deg C]
# name 2 = sbeox0Mg/L: Oxygen, SBE 43 [mg/l]
# name 3 = sbeox0PS: Oxygen, SBE 43 [% saturation]
# name 4 = c0uS/cm: Conductivity [uS/cm]
# name 5 = specc: Specific Conductance [uS/cm]
# name 6 = ph: pH
# name 7 = orp: Oxidation Reduction Potential [mV]
# name 8 = flECO-AFL: Fluorescence, WET Labs ECO-AFL/FL [mg/m^3]
# name 9 = turbWETntu0: Turbidity, WET Labs ECO [NTU]
# name 10 = sal00: Salinity, Practical [PSU]
# name 11 = dz/dtM: Descent Rate [m/s]
# name 12 = prdM: Pressure, Strain Gauge [db]
# name 13 = prdE: Pressure, Strain Gauge [psi]
# name 14 = scan: Scan Count
# name 15 = par/sat/log: PAR/Logarithmic, Satlantic
# name 16 = flag:  0.000e+00
# span 0 =     -0.529,      5.437       
# span 1 =    10.6645,    27.6845       
# span 2 =     2.5264,    11.6028       
# span 3 =     23.333,    129.629       
# span 4 =   0.494565,  36.132955       
# span 5 =      1.458,     45.123       
# span 6 =      6.436,      8.126       
# span 7 =   157.2849,   363.4555       
# span 8 =    -0.2021,     6.3566       
# span 9 =    -0.5063,    15.1641       
# span 10 =     0.0125,     0.0237      
# span 11 =     -0.175,      0.228      
# span 12 =     -0.519,      5.332      
# span 13 =     -0.752,      7.733      
# span 14 =          1,        681      
# span 15 = 2.0273e+00, 3.4519e+02      
# span 16 = 0.0000e+00, 0.0000e+00      
# interval = seconds: 0.25
# start_time = Jun 18 2018 17:56:24 [Instrument's time stamp, header]
# bad_flag = -9.990e-29
*END*
[from data line 171]
      0.084    27.2879     5.5691     70.230  34.939771     33.406      7.666   261.0895     1.2536     0.6888     0.0236      0.000      0.083      0.120        172 2.0100e+02 0.0000e+00
      0.084    27.2873     6.3201     79.677  34.938472     33.407      7.668   261.3924     1.2576     0.5814     0.0236     -0.000      0.082      0.120        173 2.0105e+02 0.0000e+00
      0.083    27.2868     7.1555     90.199  34.945198     33.407      7.672   261.1652     1.2495     0.6619     0.0236     -0.000      0.081      0.119        174 2.0328e+02 0.0000e+00
      0.082    27.2857     7.9560    100.291  34.990716     33.461      7.674   261.3167     1.2495     0.5948     0.0236     -0.001      0.080      0.117        175 2.0481e+02 0.0000e+00
      0.081    27.2849     8.6223    108.694  34.941140     33.408      7.674   261.3924     1.2374     0.6082     0.0236     -0.002      0.080      0.116        176 2.0557e+02 0.0000e+00
      0.082    27.2839     9.1330    115.135  34.888268     33.355      7.675   261.2409     1.2374     0.6082     0.0236     -0.002      0.080      0.117        177 2.0427e+02 0.0000e+00
      0.083    27.2836     9.4684    119.364  34.937887     33.409      7.675   261.7331     1.2536     0.5948     0.0236     -0.001      0.080      0.117        178 2.0572e+02 0.0000e+00
      0.083    27.2824     9.6329    121.441  34.938701     33.410      7.677   261.7331     1.2576     0.6754     0.0236     -0.001      0.080      0.117        179 2.0671e+02 0.0000e+00
      0.081    27.2829     9.5909    120.918  34.887254     33.357      7.681   262.0738     1.2293     0.6754     0.0236     -0.001      0.079      0.115        180 2.0688e+02 0.0000e+00
      0.079    27.2803     9.4401    119.023  34.942600     33.411      7.687   261.8088     1.3183     0.6619     0.0236     -0.001      0.079      0.114        181 2.0718e+02 0.0000e+00
      0.080    27.2637     9.2843    117.068  34.988452     33.464      7.688   261.9602     1.3142     0.6082     0.0236     -0.001      0.079      0.115        182 2.0654e+02 0.0000e+00
      0.082    27.2471     9.1533    115.430  34.889506     33.358      7.691   262.3009     1.3425     0.5814     0.0236     -0.000      0.080      0.116        183 2.0769e+02 0.0000e+00
      0.083    27.2408     9.0525    114.174  34.887800     33.370      7.691   262.7174     1.2980     0.5277     0.0236      0.000      0.080      0.117        184 2.0696e+02 0.0000e+00
      0.083    27.2410     8.9863    113.338  34.931269     33.433      7.693   262.7552     1.2293     0.5948     0.0236      0.000      0.080      0.117        185 2.0740e+02 0.0000e+00
      0.081    27.2434     8.9279    112.595  34.894728     33.384      7.693   262.6038     1.2374     0.7157     0.0236      0.000      0.079      0.116        186 2.0679e+02 0.0000e+00
      0.081    27.2448     8.8798    112.001  34.873964     33.384      7.693   262.8688     1.2536     0.6754     0.0236      0.000      0.079      0.115        187 2.0752e+02 0.0000e+00
      0.081    27.2456     8.8300    111.394  34.897797     33.382      7.695   262.9445     1.2374     0.5411     0.0236      0.001      0.080      0.116        188 2.0724e+02 0.0000e+00
      0.083    27.2468     8.7845    110.826  34.924381     33.435      7.696   263.4367     1.3142     0.5411     0.0236      0.001      0.081      0.117        189 2.0546e+02 0.0000e+00
      0.084    27.2494     8.7530    110.421  34.900195     33.381      7.698   263.3610     1.3142     0.6082     0.0236      0.001      0.082      0.119        190 2.0578e+02 0.0000e+00
      0.084    27.2527     8.7231    110.028  34.868584     33.380      7.697   263.2095     1.3304     0.6485     0.0236      0.001      0.082      0.119        191 2.0495e+02 0.0000e+00
      0.084    27.2574     8.7011    109.707  34.845093     33.325      7.696   263.6260     1.3142     0.6888     0.0236      0.001      0.081      0.118        192 2.0646e+02 0.0000e+00
      0.082    27.2643     8.7024    109.687  34.870114     33.376      7.699   263.5881     1.2293     0.6485     0.0236      0.001      0.080      0.117        193 2.0703e+02 0.0000e+00
      0.082    27.2711     8.7146    109.827  34.956070     33.427      7.699   263.7017     1.2212     0.6888     0.0236      0.001      0.080      0.117        194 2.0546e+02 0.0000e+00
      0.083    27.2708     8.7050    109.693  34.975371     33.476      7.702   263.7017     1.2576     0.6217     0.0236      0.001      0.081      0.118        195 2.0533e+02 0.0000e+00
      0.083    27.2679     8.7290    109.989  34.964716     33.418      7.701   263.5881     1.2374     0.6351     0.0236      0.000      0.081      0.118        196 2.0593e+02 0.0000e+00
      0.082    27.2742     8.7437    110.194  34.969327     33.472      7.702   264.0424     1.3263     0.6754     0.0236     -0.000      0.081      0.117        197 2.0595e+02 0.0000e+00
      0.081    27.2845     8.7515    110.314  34.910319     33.367      7.704   263.9288     1.3021     0.6619     0.0236     -0.001      0.081      0.117        198 2.0738e+02 0.0000e+00
      0.082    27.2872     8.7560    110.391  34.978838     33.469      7.703   263.7774     1.2778     0.5948     0.0236     -0.001      0.081      0.117        199 2.0724e+02 0.0000e+00
      0.082    27.2840     8.7574    110.407  34.943369     33.410      7.702   264.0424     1.3142     0.7157     0.0236     -0.000      0.081      0.117        200 2.0655e+02 0.0000e+00
      0.083    27.2752     8.7553    110.369  34.895143     33.354      7.700   264.4210     1.3021     0.5545     0.0236      0.000      0.081      0.117        201 2.0676e+02 0.0000e+00
      0.083    27.2541     8.7628    110.469  34.979539     33.464      7.697   264.2695     1.3749     0.6485     0.0236     -0.000      0.081      0.117        202 2.0619e+02 0.0000e+00
      0.082    27.2352     8.7671    110.533  34.897656     33.362      7.694   264.0802     1.3506     0.6351     0.0236     -0.000      0.080      0.116        203 2.0905e+02 0.0000e+00
      0.080    27.2281     8.7666    110.524  34.878424     33.376      7.694   264.3831     1.3547     0.6888     0.0236     -0.001      0.079      0.115        204 2.0846e+02 0.0000e+00
      0.082    27.2212     8.7555    110.377  34.884855     33.388      7.696   264.2695     1.3587     0.6485     0.0236     -0.001      0.080      0.116        205 2.0700e+02 0.0000e+00
      0.082    27.2185     8.7495    110.310  34.830348     33.339      7.697   264.4210     1.3102     0.6351     0.0236     -0.000      0.080      0.116        206 2.0827e+02 0.0000e+00
      0.082    27.2275     8.7517    110.343  34.886948     33.396      7.698   264.7238     1.2859     0.5679     0.0236     -0.001      0.080      0.117        207 2.0799e+02 0.0000e+00
      0.083    27.2395     8.7524    110.346  34.873733     33.399      7.701   264.7238     1.2980     0.6619     0.0236     -0.000      0.081      0.118        208 2.0850e+02 0.0000e+00
      0.083    27.2488     8.7536    110.347  34.846794     33.339      7.700   264.7238     1.3304     0.5814     0.0236      0.000      0.081      0.118        209 2.0792e+02 0.0000e+00
      0.082    27.2483     8.7527    110.324  34.920470     33.438      7.703   265.0645     1.3749     0.6217     0.0236      0.000      0.080      0.117        210 2.0872e+02 0.0000e+00
      0.082    27.2428     8.7576    110.384  34.900665     33.379      7.700   264.9510     1.3587     0.6619     0.0236      0.001      0.080      0.117        211 2.0934e+02 0.0000e+00
      0.082    27.2453     8.7612    110.435  34.871436     33.379      7.701   265.1402     1.3425     0.6082     0.0236      0.001      0.080      0.117        212 2.0873e+02 0.0000e+00
      0.082    27.2502     8.7643    110.467  34.897533     33.383      7.704   265.2160     1.3587     0.5948     0.0236      0.000      0.080      0.117        213 2.0841e+02 0.0000e+00
      0.083    27.2487     8.7597    110.407  34.927503     33.434      7.703   265.2160     1.2980     0.6082     0.0236      0.000      0.081      0.118        214 2.0801e+02 0.0000e+00
      0.083    27.2458     8.7496    110.281  34.893450     33.378      7.704   265.5567     1.2940     0.6082     0.0236      0.000      0.081      0.118        215 2.0860e+02 0.0000e+00
      0.082    27.2492     8.7342    110.077  34.821283     33.325      7.705   265.3674     1.3061     0.6217     0.0236     -0.000      0.080      0.117        216 2.0877e+02 0.0000e+00
      0.082    27.2527     8.7235    109.931  34.898688     33.381      7.704   265.5567     1.3061     0.6619     0.0236     -0.000      0.080      0.117        217 2.0814e+02 0.0000e+00
      0.082    27.2492     8.7121    109.774  34.915748     33.432      7.705   265.6324     1.3102     0.5545     0.0236      0.000      0.081      0.118        218 2.0646e+02 0.0000e+00
      0.084    27.2426     8.7259    109.937  34.859364     33.323      7.704   265.8974     1.3021     0.5545     0.0236      0.001      0.082      0.119        219 2.0575e+02 0.0000e+00
      0.084    27.2365     8.7348    110.057  34.909544     33.432      7.704   265.8595     1.3183     0.6754     0.0236      0.001      0.082      0.119        220 2.0698e+02 0.0000e+00
      0.084    27.2359     8.7437    110.188  34.853303     33.329      7.706   265.7838     1.3223     0.5814     0.0236      0.001      0.082      0.119        221 2.0769e+02 0.0000e+00
      0.083    27.2381     8.7472    110.256  34.870045     33.387      7.704   266.0110     1.3061     0.7022     0.0236      0.001      0.082      0.119        222 2.0735e+02 0.0000e+00
      0.084    27.2348     8.7534    110.357  34.948023     33.441      7.703   266.2002     1.3142     0.6217     0.0236      0.001      0.082      0.118        223 2.0817e+02 0.0000e+00
      0.082    27.2339     8.7525    110.378  34.874886     33.385      7.703   265.9731     1.3061     0.6754     0.0236      0.001      0.081      0.117        224 2.0935e+02 0.0000e+00
      0.082    27.2342     8.7533    110.427  34.842437     33.335      7.702   266.4652     1.2616     0.5814     0.0236     -0.000      0.080      0.117        225 2.0992e+02 0.0000e+00
      0.082    27.2294     8.7547    110.488  34.929093     33.442      7.704   266.4274     1.2900     0.6082     0.0236     -0.001      0.080      0.117        226 2.0944e+02 0.0000e+00
      0.083    27.2237     8.7499    110.446  34.885669     33.388      7.702   266.6167     1.2455     0.5679     0.0236     -0.001      0.081      0.117        227 2.0865e+02 0.0000e+00
      0.082    27.2165     8.7443    110.354  34.837163     33.338      7.701   266.3895     1.2333     0.6754     0.0236     -0.001      0.081      0.117        228 2.1014e+02 0.0000e+00
      0.082    27.2117     8.7224    110.056  34.870834     33.395      7.701   266.8438     1.2455     0.5679     0.0236     -0.001      0.080      0.117        229 2.1155e+02 0.0000e+00
      0.082    27.2153     8.7174    109.988  34.843771     33.346      7.701   266.8817     1.2172     0.5142     0.0236     -0.001      0.080      0.116        230 2.1141e+02 0.0000e+00
      0.082    27.2252     8.7102    109.896  34.870847     33.403      7.703   266.8438     1.2495     0.5142     0.0236     -0.001      0.080      0.116        231 2.1115e+02 0.0000e+00
      0.082    27.2370     8.7018    109.786  34.896452     33.400      7.699   266.9952     1.2455     0.5814     0.0236     -0.000      0.080      0.116        232 2.1183e+02 0.0000e+00
      0.082    27.2492     8.7064    109.837  34.871217     33.394      7.700   267.1467     1.2495     0.7022     0.0236      0.000      0.080      0.116        233 2.1203e+02 0.0000e+00
      0.081    27.2648     8.7123    109.910  34.902247     33.386      7.700   267.1088     1.2495     0.5545     0.0236     -0.001      0.079      0.115        234 2.1250e+02 0.0000e+00
      0.081    27.2849     8.7256    110.082  34.917143     33.432      7.700   266.9195     1.2859     0.6351     0.0236     -0.001      0.079      0.115        235 2.1311e+02 0.0000e+00
      0.081    27.3068     8.7444    110.322  34.911986     33.369      7.692   266.9195     1.3263     0.6217     0.0236     -0.001      0.080      0.116        236 2.1299e+02 0.0000e+00
      0.082    27.3158     8.7446    110.296  34.967971     33.463      7.692   267.1467     1.3102     0.6217     0.0236     -0.000      0.080      0.116        237 2.1254e+02 0.0000e+00
      0.082    27.3056     8.7378    110.175  34.906776     33.342      7.693   266.9574     1.3102     0.6485     0.0236     -0.000      0.080      0.116        238 2.1211e+02 0.0000e+00
      0.081    27.2945     8.7308    110.089  34.869507     33.336      7.693   267.4495     1.3223     0.6888     0.0236     -0.000      0.079      0.115        239 2.1349e+02 0.0000e+00
      0.081    27.2915     8.7142    109.900  34.895721     33.343      7.693   267.2602     1.3142     0.4605     0.0236     -0.000      0.079      0.115        240 2.1396e+02 0.0000e+00
      0.081    27.2913     8.7193    109.994  34.933468     33.403      7.690   267.4117     1.3061     0.6351     0.0236     -0.000      0.079      0.115        241 2.1285e+02 0.0000e+00
      0.081    27.2894     8.7261    110.088  34.941162     33.405      7.689   267.5631     1.2819     0.6351     0.0236      0.000      0.079      0.115        242 2.1286e+02 0.0000e+00
      0.081    27.2861     8.7376    110.202  34.945461     33.405      7.692   267.6767     1.2455     0.6351     0.0236     -0.000      0.079      0.115        243 2.1380e+02 0.0000e+00
      0.081    27.2849     8.7464    110.272  34.928119     33.406      7.692   267.9038     1.2374     0.5545     0.0236     -0.000      0.079      0.115        244 2.1487e+02 0.0000e+00
      0.081    27.2873     8.7556    110.363  34.903432     33.355      7.691   268.1688     1.2172     0.5814     0.0236     -0.001      0.079      0.115        245 2.1504e+02 0.0000e+00
      0.081    27.2884     8.7715    110.529  34.976184     33.463      7.692   268.3581     1.2455     0.5948     0.0236     -0.000      0.079      0.115        246 2.1484e+02 0.0000e+00
      0.081    27.2742     8.7810    110.632  34.956207     33.408      7.690   268.3203     1.2414     0.6888     0.0236     -0.000      0.079      0.115        247 2.1441e+02 0.0000e+00
      0.081    27.2570     8.7825    110.648  34.928293     33.407      7.690   267.9795     1.3061     0.5948     0.0236     -0.000      0.079      0.115        248 2.1378e+02 0.0000e+00
      0.080    27.2571     8.7780    110.591  34.892298     33.362      7.691   268.1310     1.2980     0.5277     0.0236     -0.000      0.079      0.115        249 2.1435e+02 0.0000e+00
      0.081    27.2681     8.7723    110.521  34.882381     33.374      7.685   268.2067     1.3061     0.6082     0.0236     -0.000      0.079      0.115        250 2.1350e+02 0.0000e+00
      0.082    27.2824     8.7627    110.404  34.940640     33.427      7.674   268.3203     1.3385     0.5545     0.0236      0.000      0.080      0.116        251 2.1390e+02 0.0000e+00
      0.083    27.2867     8.7629    110.394  34.938424     33.420      7.669   268.3960     1.2657     0.5277     0.0236      0.001      0.082      0.118        252 2.1450e+02 0.0000e+00
      0.085    27.2704     8.7693    110.464  34.944447     33.411      7.669   268.2067     1.3061     0.5545     0.0236      0.002      0.082      0.119        253 2.1345e+02 0.0000e+00
      0.083    27.2510     8.7711    110.483  34.933138     33.408      7.672   268.1310     1.3223     0.6754     0.0236      0.002      0.081      0.117        254 2.1265e+02 0.0000e+00
      0.080    27.2371     8.7674    110.432  34.893184     33.365      7.668   268.3581     1.2980     0.5545     0.0236      0.001      0.080      0.116        255 2.1392e+02 0.0000e+00
