Data/DataNotYetUploadedToEDI/Raw_CTD/RawDownloads/061820_fcr50.cnv
* Sea-Bird SBE19plus  Data File:
* FileName = C:\DATA\20200618_fcr50_0003.hex
* Software version 2.8.0.119 SB_Terminal.dll
* Temperature SN = 7809
* Conductivity SN = 7809
* System UpLoad Time = Jun 19 2020 16:19:41
* <ApplicationData>
* <Seaterm232>
# nquan = 16
# nvalues = 1477                        
# units = specified
# name 0 = depFM: Depth [fresh water, m]
# name 1 = dz/dtM: Descent Rate [m/s]
# name 2 = sbeox0ML/L: Oxygen, SBE 43 [ml/l]
# name 3 = sbeox0PS: Oxygen, SBE 43 [% saturation]
# name 4 = specc: Specific Conductance [uS/cm]
# name 5 = c0uS/cm: Conductivity [uS/cm]
# name 6 = flECO-AFL: Fluorescence, WET Labs ECO-AFL/FL [mg/m^3]
# name 7 = ph: pH
# name 8 = orp: Oxidation Reduction Potential [mV]
# name 9 = par/sat/log: PAR/Logarithmic, Satlantic
# name 10 = turbWETntu0: Turbidity, WET Labs ECO [NTU]
# name 11 = prdM: Pressure, Strain Gauge [db]
# name 12 = prdE: Pressure, Strain Gauge [psi]
# name 13 = tv290C: Temperature [ITS-90, deg C]
# name 14 = density00: Density [density, kg/m^3]
# name 15 = flag:  0.000e+00
# span 0 =     -0.647,      9.673       
# span 1 =     -0.110,      0.151       
# span 2 =     0.0301,     6.8142       
# span 3 =      0.417,    104.576       
# span 4 =      0.553,    126.309       
# span 5 =   0.485045,  85.508463       
# span 6 =    -0.9775,    13.9512       
# span 7 =      6.482,      8.511       
# span 8 =   -89.1396,   523.6781       
# span 9 = 1.2353e-01, 3.3927e+01       
# span 10 =    -0.3665,    81.5234      
# span 11 =     -0.635,      9.486      
# span 12 =     -0.921,     13.758      
# span 13 =     8.8220,    19.1326      
# span 14 =   998.3939,   999.8870      
# span 15 = 0.0000e+00, 0.0000e+00      
# interval = seconds: 0.25
# start_time = Jun 18 2020 07:01:02 [Instrument's time stamp, header]
# bad_flag = -9.990e-29
*END*
[from data line 724]
      3.177      0.046     1.1856     13.948     35.964  27.579394     2.9975      6.802   248.1129 1.2379e-01    12.3596      3.118      4.522    13.4185   999.3551 0.0000e+00
      3.189      0.037     1.1388     13.300     35.974  27.580895     3.0084      6.796   248.2370 1.2377e-01    12.3201      3.128      4.537    13.3973   999.3580 0.0000e+00
      3.196      0.029     1.1011     12.602     36.014  27.609757     3.0548      6.793   248.4476 1.2371e-01    12.6297      3.136      4.549    13.3751   999.3610 0.0000e+00
      3.200      0.025     1.0645     11.853     36.100  27.674623     3.1293      6.793   248.6800 1.2369e-01    13.1512      3.138      4.553    13.3533   999.3638 0.0000e+00
      3.200      0.026     1.0226     11.069     36.182  27.730854     3.1840      6.793   248.7241 1.2375e-01    13.4066      3.138      4.551    13.3364   999.3661 0.0000e+00
      3.202      0.031     0.9741     10.313     36.268  27.782161     3.1911      6.791   248.5510 1.2380e-01    13.3830      3.139      4.552    13.3287   999.3671 0.0000e+00
      3.210      0.037     0.9237      9.618     36.383  27.850925     3.0252      6.786   248.3931 1.2377e-01    12.8320      3.144      4.561    13.3284   999.3671 0.0000e+00
      3.226      0.042     0.8690      9.018     36.507  27.927906     2.7129      6.782   248.4502 1.2370e-01    11.7568      3.162      4.586    13.3296   999.3671 0.0000e+00
      3.244      0.044     0.8089      8.565     36.632  28.015133     2.5433      6.779   248.5526 1.2365e-01    11.1285      3.184      4.618    13.3230   999.3681 0.0000e+00
      3.258      0.044     0.7534      8.190     36.801  28.144356     2.5288      6.779   248.5129 1.2367e-01    11.0714      3.197      4.637    13.3023   999.3709 0.0000e+00
      3.266      0.041     0.7034      7.789     36.986  28.285056     2.5288      6.779   248.4004 1.2374e-01    11.0666      3.203      4.645    13.2708   999.3750 0.0000e+00
      3.273      0.037     0.6560      7.391     37.042  28.320755     2.4483      6.780   248.3960 1.2376e-01    10.6583      3.210      4.655    13.2427   999.3787 0.0000e+00
      3.280      0.034     0.6255      6.977     37.052  28.322249     2.2897      6.781   248.5462 1.2374e-01     9.8773      3.217      4.666    13.2297   999.3805 0.0000e+00
      3.288      0.034     0.6035      6.453     37.195  28.429976     2.1932      6.783   248.7543 1.2375e-01     9.4173      3.224      4.676    13.2361   999.3798 0.0000e+00
      3.297      0.037     0.5702      5.889     37.433  28.608297     2.1691      6.785   248.9326 1.2375e-01     9.3874      3.233      4.689    13.2405   999.3793 0.0000e+00
      3.307      0.040     0.5412      5.419     37.662  28.765533     2.1693      6.787   249.0671 1.2372e-01     9.5163      3.243      4.704    13.2248   999.3815 0.0000e+00
      3.317      0.042     0.5169      5.057     37.843  28.872033     2.1768      6.788   249.0905 1.2371e-01     9.6371      3.253      4.718    13.2128   999.3830 0.0000e+00
      3.329      0.044     0.4750      4.821     37.983  28.944392     2.1845      6.787   249.0440 1.2373e-01     9.6464      3.265      4.734    13.2150   999.3828 0.0000e+00
      3.342      0.044     0.4277      4.702     38.098  29.005999     2.1950      6.786   248.9346 1.2374e-01     9.6282      3.279      4.754    13.2170   999.3827 0.0000e+00
      3.355      0.043     0.3961      4.633     38.255  29.109387     2.1609      6.785   248.8857 1.2374e-01     9.5882      3.290      4.772    13.1942   999.3858 0.0000e+00
      3.365      0.042     0.3683      4.598     38.443  29.242854     2.0870      6.784   249.0560 1.2374e-01     9.4724      3.300      4.786    13.1445   999.3923 0.0000e+00
      3.374      0.039     0.3506      4.588     38.595  29.350974     2.0454      6.782   249.2721 1.2378e-01     9.3956      3.309      4.800    13.0943   999.3988 0.0000e+00
      3.384      0.036     0.3460      4.529     38.756  29.465059     2.0486      6.780   249.5206 1.2384e-01     9.4151      3.318      4.812    13.0581   999.4035 0.0000e+00
      3.394      0.034     0.3403      4.406     38.957  29.607218     2.1545      6.780   249.6513 1.2382e-01     9.2624      3.328      4.827    13.0400   999.4059 0.0000e+00
      3.403      0.032     0.3373      4.284     39.145  29.737557     2.3431      6.779   249.5610 1.2375e-01     8.8883      3.338      4.841    13.0293   999.4074 0.0000e+00
      3.410      0.031     0.3398      4.153     39.210  29.772172     2.4414      6.777   249.4619 1.2372e-01     8.6680      3.344      4.850    13.0210   999.4085 0.0000e+00
      3.416      0.029     0.3367      3.977     39.144  29.708526     2.5034      6.775   249.4849 1.2369e-01     8.6590      3.350      4.859    13.0136   999.4095 0.0000e+00
      3.424      0.027     0.3238      3.822     39.097  29.665838     3.1974      6.774   249.6674 1.2367e-01     8.6418      3.358      4.871    12.9975   999.4116 0.0000e+00
      3.431      0.025     0.3154      3.707     39.065  29.636675     4.4804      6.772   249.8614 1.2368e-01     8.5630      3.365      4.881    12.9816   999.4138 0.0000e+00
      3.437      0.024     0.3097      3.594     38.950  29.546226     5.1796      6.770   249.8514 1.2371e-01     8.4961      3.371      4.889    12.9621   999.4163 0.0000e+00
      3.443      0.022     0.2920      3.479     38.830  29.460368     5.2334      6.769   249.7193 1.2373e-01     8.4856      3.376      4.897    12.9402   999.4190 0.0000e+00
      3.448      0.020     0.2805      3.361     38.843  29.486737     5.2650      6.768   249.7269 1.2374e-01     8.5038      3.381      4.904    12.9345   999.4198 0.0000e+00
      3.453      0.020     0.2746      3.243     38.984  29.611320     5.7049      6.766   249.6852 1.2375e-01     8.6476      3.387      4.912    12.9302   999.4204 0.0000e+00
      3.457      0.021     0.2648      3.126     39.180  29.761360     6.5174      6.764   249.4736 1.2373e-01     8.8850      3.390      4.917    12.9220   999.4214 0.0000e+00
      3.462      0.023     0.2576      3.038     39.392  29.905177     6.9537      6.763   249.4913 1.2372e-01     8.9707      3.394      4.922    12.9238   999.4211 0.0000e+00
      3.468      0.026     0.2475      2.987     39.578  30.017930     6.9654      6.760   249.7267 1.2372e-01     8.9627      3.400      4.932    12.9527   999.4175 0.0000e+00
      3.475      0.028     0.2397      2.958     39.734  30.109559     6.7351      6.758   249.9109 1.2372e-01     8.9257      3.407      4.942    12.9848   999.4135 0.0000e+00
      3.483      0.029     0.2295      2.958     39.864  30.188297     6.2957      6.757   250.0833 1.2374e-01     8.7983      3.415      4.954    12.9861   999.4134 0.0000e+00
      3.492      0.029     0.2228      2.986     39.903  30.208621     6.0401      6.755   249.9185 1.2374e-01     8.7277      3.424      4.967    12.9606   999.4168 0.0000e+00
      3.501      0.029     0.2207      3.024     39.842  30.164956     6.0859      6.753   249.3801 1.2371e-01     8.7237      3.434      4.980    12.9180   999.4222 0.0000e+00
      3.507      0.029     0.2175      3.046     39.748  30.104450     7.0104      6.751   249.0807 1.2374e-01     8.6477      3.440      4.989    12.8816   999.4269 0.0000e+00
      3.513      0.029     0.2182      3.033     39.743  30.111469     8.7221      6.749   248.9663 1.2376e-01     8.5291      3.445      4.996    12.8563   999.4301 0.0000e+00
      3.519      0.030     0.2204      2.969     39.921  30.249829     9.6722      6.748   248.9429 1.2372e-01     8.4576      3.451      5.005    12.8428   999.4318 0.0000e+00
      3.527      0.032     0.2244      2.855     40.264  30.508519     9.8484      6.746   249.0564 1.2371e-01     8.4348      3.458      5.015    12.8481   999.4312 0.0000e+00
      3.536      0.034     0.2260      2.735     40.700  30.828459    10.8812      6.743   248.7036 1.2372e-01     8.4249      3.467      5.029    12.8662   999.4289 0.0000e+00
      3.546      0.034     0.2256      2.645     41.062  31.072920    12.7848      6.741   247.8605 1.2369e-01     8.4412      3.477      5.043    12.8835   999.4268 0.0000e+00
      3.556      0.033     0.2211      2.570     41.266  31.180261    13.8393      6.739   247.2946 1.2368e-01     8.4943      3.488      5.058    12.8870   999.4265 0.0000e+00
      3.565      0.032     0.2115      2.485     41.401  31.238033    13.9512      6.738   247.1091 1.2372e-01     8.5179      3.497      5.072    12.8837   999.4271 0.0000e+00
      3.573      0.030     0.2005      2.396     41.560  31.327273    13.9459      6.737   246.9950 1.2374e-01     8.4859      3.504      5.082    12.8800   999.4278 0.0000e+00
      3.579      0.028     0.1956      2.324     41.815  31.497885    13.7281      6.734   246.9466 1.2374e-01     8.3824      3.510      5.091    12.8436   999.4324 0.0000e+00
      3.586      0.026     0.1908      2.254     42.128  31.714726    13.3401      6.732   246.7826 1.2369e-01     8.1937      3.516      5.100    12.7728   999.4413 0.0000e+00
      3.592      0.025     0.1846      2.145     42.338  31.855341    13.1356      6.730   246.3895 1.2364e-01     8.0582      3.522      5.108    12.7164   999.4483 0.0000e+00
      3.598      0.024     0.1776      2.040     42.454  31.929096    13.1052      6.729   245.9787 1.2365e-01     8.0485      3.528      5.117    12.6843   999.4524 0.0000e+00
      3.604      0.023     0.1716      1.993     42.609  32.035447    12.8971      6.727   245.6014 1.2372e-01     8.1111      3.535      5.127    12.6605   999.4553 0.0000e+00
      3.611      0.022     0.1700      1.994     42.741  32.126054    12.5172      6.726   245.3546 1.2378e-01     8.1973      3.542      5.138    12.6377   999.4584 0.0000e+00
      3.616      0.020     0.1592      2.019     42.765  32.136343    12.3172      6.724   245.2331 1.2378e-01     8.2321      3.546      5.144    12.6160   999.4611 0.0000e+00
      3.620      0.019     0.1494      2.038     42.718  32.096392    12.3095      6.722   245.0790 1.2369e-01     8.2230      3.549      5.149    12.5998   999.4630 0.0000e+00
      3.625      0.018     0.1473      2.033     42.621  32.023687    12.3570      6.721   244.9539 1.2364e-01     8.2250      3.555      5.156    12.5888   999.4644 0.0000e+00
      3.629      0.017     0.1475      2.016     42.521  31.955198    12.4339      6.721   244.9244 1.2367e-01     8.2217      3.559      5.162    12.5785   999.4658 0.0000e+00
      3.633      0.017     0.1507      1.993     42.429  31.902781    12.4669      6.721   244.9804 1.2370e-01     8.2178      3.562      5.168    12.5678   999.4671 0.0000e+00
      3.638      0.017     0.1524      1.958     42.307  31.834064    12.4704      6.720   245.0294 1.2371e-01     8.2123      3.568      5.174    12.5631   999.4677 0.0000e+00
      3.642      0.016     0.1517      1.918     42.186  31.758842    12.4184      6.718   244.9996 1.2372e-01     7.9832      3.572      5.181    12.5625   999.4678 0.0000e+00
      3.646      0.016     0.1500      1.901     42.179  31.754652    12.2960      6.716   244.9642 1.2373e-01     7.5418      3.576      5.186    12.5674   999.4671 0.0000e+00
      3.650      0.016     0.1489      1.920     42.314  31.846861    12.2114      6.715   244.9461 1.2375e-01     7.3043      3.580      5.192    12.5891   999.4645 0.0000e+00
      3.654      0.017     0.1460      1.959     42.429  31.922018    12.1861      6.714   244.9533 1.2372e-01     7.3093      3.583      5.198    12.6231   999.4604 0.0000e+00
      3.657      0.017     0.1417      1.999     42.491  31.965436    12.0574      6.712   245.0508 1.2373e-01     7.4298      3.586      5.201    12.6453   999.4576 0.0000e+00
      3.662      0.018     0.1403      2.051     42.600  32.054582    11.8008      6.711   245.1780 1.2377e-01     7.6287      3.591      5.208    12.6431   999.4578 0.0000e+00
      3.668      0.020     0.1418      2.091     42.749  32.175067    11.6484      6.710   245.2006 1.2378e-01     7.7573      3.596      5.217    12.6291   999.4597 0.0000e+00
      3.673      0.022     0.1464      2.070     42.888  32.280164    11.5779      6.708   245.1526 1.2378e-01     7.8176      3.602      5.224    12.6120   999.4619 0.0000e+00
      3.678      0.025     0.1480      2.010     43.021  32.373587    11.0247      6.707   245.1991 1.2373e-01     7.8084      3.606      5.231    12.6050   999.4628 0.0000e+00
      3.684      0.027     0.1520      1.939     43.175  32.479799    10.0238      6.705   245.2479 1.2369e-01     7.7148      3.612      5.239    12.6196   999.4610 0.0000e+00
      3.691      0.029     0.1584      1.871     43.278  32.549170     9.4714      6.703   245.1397 1.2371e-01     7.6463      3.620      5.250    12.6347   999.4592 0.0000e+00
      3.699      0.029     0.1543      1.843     43.326  32.577845     9.4097      6.701   245.0960 1.2374e-01     7.5983      3.627      5.261    12.6327   999.4597 0.0000e+00
      3.708      0.029     0.1495      1.827     43.418  32.636153     9.3733      6.699   245.2350 1.2374e-01     7.5467      3.636      5.274    12.6233   999.4608 0.0000e+00
      3.717      0.028     0.1451      1.809     43.496  32.683103     8.9739      6.697   245.3577 1.2369e-01     7.2627      3.646      5.288    12.6096   999.4626 0.0000e+00
      3.724      0.026     0.1368      1.822     43.526  32.701361     8.2236      6.695   245.2888 1.2368e-01     6.6708      3.653      5.297    12.6005   999.4638 0.0000e+00
      3.729      0.024     0.1373      1.858     43.563  32.730005     7.8161      6.693   245.0894 1.2374e-01     6.2953      3.656      5.303    12.5967   999.4642 0.0000e+00
      3.734      0.022     0.1365      1.874     43.628  32.775641     7.8137      6.691   245.0125 1.2376e-01     6.2938      3.661      5.311    12.5811   999.4662 0.0000e+00
      3.739      0.021     0.1333      1.845     43.774  32.872441     8.2142      6.689   245.0471 1.2374e-01     6.4119      3.667      5.319    12.5627   999.4685 0.0000e+00
      3.744      0.021     0.1348      1.795     43.992  33.012091     8.9584      6.688   244.9920 1.2371e-01     6.5209      3.672      5.326    12.5600   999.4688 0.0000e+00
      3.749      0.022     0.1389      1.760     44.191  33.131650     9.3637      6.686   244.8624 1.2366e-01     6.5481      3.677      5.333    12.5660   999.4681 0.0000e+00
      3.754      0.022     0.1412      1.740     44.286  33.175866     9.4142      6.684   244.6851 1.2363e-01     6.5343      3.681      5.340    12.5635   999.4685 0.0000e+00
      3.760      0.022     0.1377      1.691     44.302  33.165968     9.5690      6.681   244.3968 1.2365e-01     6.6638      3.687      5.347    12.5495   999.4703 0.0000e+00
      3.767      0.022     0.1336      1.637     44.379  33.202303     9.8515      6.678   244.1289 1.2372e-01     6.9114      3.695      5.358    12.5209   999.4738 0.0000e+00
      3.774      0.022     0.1297      1.604     44.535  33.297917    10.0084      6.676   243.8561 1.2379e-01     7.0228      3.702      5.368    12.4807   999.4787 0.0000e+00
      3.779      0.021     0.1319      1.567     44.666  33.370231    10.0251      6.676   243.5071 1.2379e-01     7.0141      3.707      5.377    12.4520   999.4823 0.0000e+00
      3.783      0.021     0.1264      1.546     44.796  33.442096    10.1006      6.675   243.3503 1.2371e-01     6.9436      3.709      5.379    12.4282   999.4851 0.0000e+00
      3.788      0.021     0.1208      1.546     44.944  33.532292    10.2450      6.673   243.2510 1.2370e-01     6.8233      3.714      5.386    12.4035   999.4881 0.0000e+00
      3.793      0.021     0.1212      1.522     45.104  33.635880    10.3308      6.671   242.7368 1.2375e-01     6.7960      3.720      5.397    12.3842   999.4905 0.0000e+00
