Data/DataNotYetUploadedToEDI/Raw_CTD/RawDownloads/061818_fcr50.cnv
* Sea-Bird SBE19plus  Data File:
* FileName = C:\DATA\061818_fcr_0001.hex
* Software version 2.6.3.104
* Temperature SN = 7809
* Conductivity SN = 7809
* System UpLoad Time = Jun 18 2018 19:16:31
* <ApplicationData>
* <Seaterm232>
# nquan = 17
# nvalues = 821                         
# units = specified
# name 0 = depFM: Depth [fresh water, m]
# name 1 = tv290C: Temperature [ITS-90, deg C]
# name 2 = sbeox0Mg/L: Oxygen, SBE 43 [mg/l]
# name 3 = sbeox0PS: Oxygen, SBE 43 [% saturation]
# name 4 = c0uS/cm: Conductivity [uS/cm]
# name 5 = specc: Specific Conductance [uS/cm]
# name 6 = ph: pH
# name 7 = orp: Oxidation Reduction Potential [mV]
# name 8 = flECO-AFL: Fluorescence, WET Labs ECO-AFL/FL [mg/m^3]
# name 9 = turbWETntu0: Turbidity, WET Labs ECO [NTU]
# name 10 = sal00: Salinity, Practical [PSU]
# name 11 = dz/dtM: Descent Rate [m/s]
# name 12 = prdM: Pressure, Strain Gauge [db]
# name 13 = prdE: Pressure, Strain Gauge [psi]
# name 14 = scan: Scan Count
# name 15 = par/sat/log: PAR/Logarithmic, Satlantic
# name 16 = flag:  0.000e+00
# span 0 =     -0.524,      9.723       
# span 1 =    10.6255,    28.6525       
# span 2 =     4.0358,    10.4723       
# span 3 =     37.503,    122.052       
# span 4 =   0.839321,  50.169476       
# span 5 =      0.865,     70.933       
# span 6 =     -2.381,      7.717       
# span 7 = -1240.7455,  1240.2295       
# span 8 =    -0.1941,     7.3190       
# span 9 =    -4.7629,    37.7499       
# span 10 =     0.0131,     0.0344      
# span 11 =     -0.167,      0.190      
# span 12 =     -0.513,      9.534      
# span 13 =     -0.745,     13.829      
# span 14 =          1,        821      
# span 15 = 1.2468e-01, 1.8738e+03      
# span 16 = 0.0000e+00, 0.0000e+00      
# interval = seconds: 0.25
# start_time = Jun 18 2018 13:48:57 [Instrument's time stamp, header]
# bad_flag = -9.990e-29
*END*
[from data line 341]
      0.025    26.2136     8.2994    102.486  34.209032     33.394      7.597   281.3810     0.8775     0.6619     0.0233      0.090      0.024      0.035        342 1.2009e+03 0.0000e+00
      0.050    26.2084     8.3148    102.602  34.157418     33.343      7.596   281.1539     0.8532     0.5679     0.0233      0.091      0.049      0.071        343 5.5858e+02 0.0000e+00
      0.076    26.2001     8.3294    102.662  34.108033     33.290      7.592   280.7753     0.8452     0.6217     0.0233      0.092      0.073      0.106        344 8.2627e+02 0.0000e+00
      0.098    26.1952     8.3360    102.664  34.092560     33.293      7.593   280.2831     0.8371     0.5545     0.0233      0.094      0.096      0.139        345 1.2944e+03 0.0000e+00
      0.121    26.1950     8.3386    102.632  34.117367     33.299      7.593   278.4660     0.8371     0.6082     0.0233      0.096      0.120      0.174        346 1.0671e+03 0.0000e+00
      0.150    26.1907     8.3439    102.631  34.166132     33.384      7.593   277.3303     0.8735     0.6082     0.0233      0.098      0.146      0.212        347 7.3759e+02 0.0000e+00
      0.175    26.1795     8.3361    102.490  34.061529     33.247      7.596   277.2924     0.9260     0.5545     0.0233      0.099      0.171      0.248        348 7.6684e+02 0.0000e+00
      0.201    26.1630     8.3125    102.203  34.039956     33.250      7.598   276.7624     0.9139     0.5814     0.0233      0.099      0.195      0.283        349 7.1000e+02 0.0000e+00
      0.221    26.1416     8.2856    101.890  34.104016     33.312      7.602   276.6488     0.9220     0.6351     0.0233      0.097      0.219      0.317        350 5.9245e+02 0.0000e+00
      0.246    26.1190     8.2764    101.802  34.100434     33.323      7.605   276.2324     0.9139     0.6351     0.0233      0.097      0.245      0.355        351 3.3262e+02 0.0000e+00
      0.282    26.0972     8.2711    101.778  34.103733     33.337      7.607   276.6867     0.9139     0.6619     0.0233      0.099      0.279      0.404        352 3.7507e+02 0.0000e+00
      0.324    26.0556     8.2706    101.826  34.070266     33.324      7.609   276.9896     0.9139     0.5277     0.0233      0.106      0.315      0.457        353 5.5602e+02 0.0000e+00
      0.356    25.9945     8.2828    102.038  33.934506     33.202      7.611   277.2924     0.9099     0.5814     0.0232      0.113      0.343      0.498        354 5.3859e+02 0.0000e+00
      0.367    25.9499     8.3010    102.300  33.887178     33.173      7.608   277.0274     0.9260     0.6351     0.0232      0.112      0.360      0.523        355 7.1982e+02 0.0000e+00
      0.380    25.9163     8.3309    102.673  33.921598     33.270      7.611   277.8603     0.9260     0.5814     0.0232      0.109      0.375      0.544        356 1.0881e+03 0.0000e+00
      0.402    25.8799     8.3523    102.928  33.891695     33.242      7.609   278.4660     0.9099     0.6082     0.0232      0.104      0.392      0.568        357 4.7475e+02 0.0000e+00
      0.415    25.8571     8.3573    102.991  33.894759     33.292      7.602   279.5260     0.9260     0.5142     0.0232      0.097      0.404      0.585        358 7.3596e+02 0.0000e+00
      0.418    25.8575     8.3457    102.874  33.888148     33.288      7.601   279.7531     0.9179     0.5411     0.0232      0.083      0.409      0.593        359 1.8083e+03 0.0000e+00
      0.418    25.8681     8.3384    102.818  33.870283     33.304      7.602   280.5103     0.9139     0.6619     0.0232      0.064      0.410      0.595        360 1.0454e+03 0.0000e+00
      0.419    25.8819     8.3243    102.680  33.887346     33.303      7.603   280.8131     0.9745     0.6619     0.0232      0.046      0.411      0.596        361 9.3118e+02 0.0000e+00
      0.419    25.9037     8.3015    102.439  33.926223     33.351      7.606   280.5103     0.9867     0.5545     0.0232      0.033      0.411      0.596        362 9.4736e+02 0.0000e+00
      0.419    25.9331     8.2859    102.285  33.940518     33.342      7.607   280.8889     0.9826     0.6082     0.0232      0.024      0.411      0.597        363 8.6469e+02 0.0000e+00
      0.420    25.9660     8.2806    102.252  33.958516     33.355      7.607   281.1539     0.9584     0.5679     0.0232      0.015      0.412      0.598        364 7.5005e+02 0.0000e+00
      0.422    25.9861     8.2899    102.327  33.992779     33.364      7.613   281.9489     1.0554     0.5411     0.0232      0.007      0.414      0.600        365 5.9528e+02 0.0000e+00
      0.423    25.9884     8.3106    102.433  33.986830     33.342      7.613   282.2896     1.0878     0.5545     0.0232      0.003      0.415      0.601        366 8.1689e+02 0.0000e+00
      0.423    25.9843     8.3122    102.355  33.995561     33.329      7.611   282.0624     1.0271     0.5008     0.0232      0.003      0.415      0.602        367 5.5711e+02 0.0000e+00
      0.424    25.9853     8.3112    102.339  34.041215     33.382      7.612   282.5924     1.0473     0.5814     0.0233      0.003      0.415      0.602        368 4.8076e+02 0.0000e+00
      0.424    25.9984     8.3177    102.432  34.048635     33.385      7.616   282.9332     1.1282     0.6485     0.0233      0.003      0.415      0.602        369 4.5019e+02 0.0000e+00
      0.424    26.0169     8.3284    102.575  34.015983     33.357      7.614   280.8889     1.1242     0.7022     0.0232      0.002      0.415      0.603        370 3.4025e+02 0.0000e+00
      0.425    26.0363     8.3377    102.709  33.992882     33.321      7.616   281.7217     1.1242     0.6619     0.0232      0.002      0.416      0.604        371 3.2670e+02 0.0000e+00
      0.426    26.0581     8.3484    102.828  34.047723     33.364      7.618   282.2896     1.1242     0.5814     0.0233      0.002      0.419      0.608        372 3.4465e+02 0.0000e+00
      0.432    26.0788     8.3504    102.799  34.096003     33.406      7.620   282.6303     1.0959     0.6082     0.0233      0.003      0.423      0.614        373 3.6959e+02 0.0000e+00
      0.435    26.0957     8.3394    102.611  34.051411     33.337      7.619   283.7660     0.9705     0.8499     0.0233      0.005      0.429      0.623        374 4.5850e+02 0.0000e+00
      0.446    26.0722     8.3201    102.336  34.043896     33.323      7.620   284.4096     0.9826     0.8097     0.0233      0.009      0.442      0.641        375 4.5310e+02 0.0000e+00
      0.473    25.9958     8.2920    101.964  34.016381     33.285      7.611   281.7974     1.0069     0.8768     0.0232      0.019      0.461      0.669        376 5.2384e+02 0.0000e+00
      0.491    25.9426     8.2657    101.614  33.937375     33.216      7.581   282.2139     0.9745     0.8634     0.0232      0.031      0.476      0.691        377 7.2513e+02 0.0000e+00
      0.493    25.9400     8.2412    101.273  33.934644     33.269      7.572   282.6303     0.9948     1.1722     0.0232      0.038      0.483      0.701        378 7.4821e+02 0.0000e+00
      0.496    25.9467     8.2249    101.035  33.990153     33.358      7.570   284.8260     0.9948     0.9842     0.0232      0.042      0.486      0.705        379 7.7247e+02 0.0000e+00
      0.496    25.9531     8.2103    100.813  33.986938     33.359      7.574   285.0532     1.0029     1.0111     0.0232      0.041      0.487      0.706        380 5.7127e+02 0.0000e+00
      0.497    25.9626     8.2075    100.725  33.938649     33.300      7.579   284.9017     0.9786     0.9574     0.0232      0.037      0.491      0.711        381 6.2183e+02 0.0000e+00
      0.506    25.9556     8.2044    100.644  34.020589     33.378      7.582   282.8196     1.0554     1.0514     0.0232      0.032      0.502      0.727        382 1.0233e+03 0.0000e+00
      0.532    25.9277     8.2148    100.724  33.973927     33.344      7.587   283.1982     1.0473     1.0916     0.0232      0.030      0.522      0.758        383 8.5415e+02 0.0000e+00
      0.560    25.8999     8.2384    100.944  33.848442     33.184      7.589   283.5010     1.0676     0.9976     0.0232      0.032      0.547      0.793        384 5.5207e+02 0.0000e+00
      0.579    25.8799     8.2583    101.110  33.909861     33.312      7.593   283.2360     1.0716     1.0379     0.0232      0.041      0.568      0.824        385 6.1110e+02 0.0000e+00
      0.599    25.8655     8.2930    101.377  33.897502     33.276      7.596   284.5989     1.0473     0.7962     0.0232      0.055      0.588      0.854        386 7.6415e+02 0.0000e+00
      0.621    25.8506     8.3461    101.774  33.863833     33.289      7.602   285.5832     1.0635     0.8231     0.0232      0.067      0.610      0.885        387 5.0788e+02 0.0000e+00
      0.646    25.8296     8.4074    102.262  33.862807     33.271      7.604   285.4696     1.0635     0.8499     0.0232      0.079      0.632      0.917        388 4.9260e+02 0.0000e+00
      0.666    25.8085     8.4885    102.930  33.869133     33.308      7.603   284.6746     1.0473     0.8499     0.0232      0.086      0.651      0.945        389 6.5958e+02 0.0000e+00
      0.680    25.7852     8.5806    103.718  33.885623     33.322      7.604   284.4474     1.0554     0.7694     0.0232      0.086      0.668      0.969        390 5.8136e+02 0.0000e+00
      0.698    25.7567     8.7053    104.885  33.812639     33.280      7.606   284.7503     1.0473     0.7694     0.0232      0.081      0.684      0.992        391 4.8414e+02 0.0000e+00
      0.714    25.7329     8.8467    106.337  33.693075     33.158      7.607   284.5610     1.0676     0.8634     0.0231      0.077      0.701      1.016        392 5.4953e+02 0.0000e+00
      0.730    25.7064     8.9961    108.001  33.737879     33.232      7.607   284.8639     1.0716     0.8499     0.0231      0.074      0.721      1.046        393 6.8860e+02 0.0000e+00
      0.763    25.6695     9.1523    109.870  33.786548     33.302      7.602   288.1953     1.0352     0.8231     0.0232      0.075      0.750      1.087        394 7.2097e+02 0.0000e+00
      0.799    25.6268     9.2967    111.638  33.691829     33.209      7.592   287.5139     1.0271     0.8097     0.0231      0.080      0.780      1.132        395 6.5708e+02 0.0000e+00
      0.822    25.5398     9.4302    113.229  33.677839     33.234      7.591   287.4382     1.0352     0.7559     0.0231      0.085      0.805      1.167        396 7.2818e+02 0.0000e+00
      0.841    25.4087     9.5665    114.723  33.566737     33.151      7.590   286.1889     1.0797     0.7828     0.0231      0.090      0.826      1.198        397 9.4569e+02 0.0000e+00
      0.865    25.2657     9.6748    115.815  33.355644     32.986      7.588   286.3782     1.0716     0.8634     0.0230      0.095      0.848      1.230        398 6.0297e+02 0.0000e+00
      0.887    25.1026     9.7519    116.593  33.258526     32.991      7.585   286.4917     1.0554     0.6754     0.0230      0.097      0.870      1.262        399 4.4074e+02 0.0000e+00
      0.909    24.9271     9.8307    117.378  33.153877     32.971      7.589   291.3753     1.0271     0.5679     0.0229      0.098      0.891      1.292        400 4.5956e+02 0.0000e+00
      0.930    24.7553     9.8938    118.013  33.041133     32.970      7.589   290.7696     1.0554     0.6217     0.0229      0.095      0.909      1.318        401 4.2403e+02 0.0000e+00
      0.941    24.6254     9.9465    118.571  33.043058     33.083      7.589   290.6560     1.0554     0.7291     0.0229      0.087      0.921      1.336        402 4.3244e+02 0.0000e+00
      0.946    24.5619    10.0056    119.225  33.032942     33.200      7.592   288.5739     1.0635     0.6082     0.0229      0.076      0.929      1.347        403 3.8961e+02 0.0000e+00
      0.953    24.5561    10.0574    119.801  32.994488     33.229      7.595   288.1196     1.0433     0.6351     0.0228      0.068      0.937      1.359        404 4.3731e+02 0.0000e+00
      0.969    24.5734    10.0930    120.180  33.031663     33.330      7.601   288.2710     1.0554     0.6888     0.0229      0.061      0.951      1.379        405 4.7287e+02 0.0000e+00
      0.986    24.5664    10.1212    120.451  33.046017     33.332      7.605   292.2839     1.0635     0.5814     0.0229      0.055      0.967      1.403        406 4.9824e+02 0.0000e+00
      1.002    24.4994    10.1277    120.468  32.976632     33.264      7.610   292.2460     1.1120     0.7291     0.0228      0.051      0.984      1.428        407 4.1643e+02 0.0000e+00
      1.023    24.4067    10.1126    120.230  32.940086     33.212      7.615   292.8896     1.1242     0.6351     0.0228      0.051      1.005      1.457        408 3.5956e+02 0.0000e+00
      1.049    24.3364    10.0855    119.807  32.972889     33.313      7.614   290.9967     1.0999     0.5679     0.0228      0.057      1.029      1.491        409 4.1657e+02 0.0000e+00
      1.075    24.2674    10.0422    119.172  32.935835     33.321      7.613   291.4510     1.1242     0.6888     0.0228      0.066      1.050      1.522        410 4.7742e+02 0.0000e+00
      1.087    24.2122     9.9748    118.221  32.926929     33.366      7.609   291.4510     1.1323     0.5277     0.0228      0.073      1.064      1.543        411 4.6248e+02 0.0000e+00
      1.095    24.1807     9.8902    117.090  32.984007     33.472      7.613   292.7382     1.1080     0.5948     0.0228      0.075      1.075      1.560        412 4.5213e+02 0.0000e+00
      1.111    24.1572     9.8374    116.373  32.924141     33.452      7.616   293.5710     1.1403     0.5814     0.0228      0.073      1.090      1.581        413 4.8813e+02 0.0000e+00
      1.128    24.1390     9.8388    116.260  32.942148     33.473      7.620   293.2682     1.1403     0.6619     0.0228      0.070      1.106      1.604        414 4.6708e+02 0.0000e+00
      1.144    24.1187     9.8768    116.509  33.080229     33.660      7.624   293.6468     1.0959     0.6217     0.0229      0.067      1.123      1.629        415 4.3648e+02 0.0000e+00
      1.164    24.0899     9.9432    117.088  33.108160     33.672      7.623   293.2303     1.1929     0.6351     0.0229      0.064      1.142      1.656        416 4.8741e+02 0.0000e+00
      1.185    24.0637    10.0196    117.797  33.026014     33.629      7.627   292.7760     1.1686     0.6082     0.0229      0.063      1.163      1.687        417 4.3205e+02 0.0000e+00
      1.210    24.0360    10.1037    118.595  32.945237     33.535      7.625   292.4732     1.1767     0.5545     0.0228      0.066      1.187      1.721        418 3.7666e+02 0.0000e+00
      1.235    23.9925    10.1749    119.258  32.852850     33.496      7.625   293.4953     1.1606     0.5948     0.0228      0.073      1.212      1.758        419 3.7397e+02 0.0000e+00
      1.264    23.9373    10.2396    119.886  32.755499     33.372      7.622   293.8739     1.3951     0.6217     0.0227      0.082      1.241      1.799        420 4.0364e+02 0.0000e+00
      1.297    23.8707    10.2906    120.364  32.769864     33.459      7.617   294.7446     1.3789     0.5814     0.0228      0.090      1.268      1.840        421 4.4455e+02 0.0000e+00
      1.317    23.8118    10.3380    120.833  32.746032     33.439      7.610   295.5018     1.3425     0.6485     0.0227      0.096      1.289      1.871        422 4.0020e+02 0.0000e+00
      1.330    23.7692    10.3784    121.271  32.725875     33.486      7.607   295.5396     1.3789     0.6082     0.0227      0.097      1.308      1.897        423 4.1367e+02 0.0000e+00
      1.355    23.7090    10.4184    121.691  32.765323     33.555      7.601   291.7917     1.7671     0.8499     0.0227      0.097      1.330      1.929        424 4.0075e+02 0.0000e+00
      1.383    23.6193    10.4494    121.952  32.785928     33.612      7.596   293.2303     1.7954     0.8231     0.0228      0.096      1.354      1.964        425 3.4217e+02 0.0000e+00
