Data/DataNotYetUploadedToEDI/Raw_CTD/RawDownloads/061818_fcr10.cnv
* Sea-Bird SBE19plus  Data File:
* FileName = C:\DATA\061818_fcr_0002.hex
* Software version 2.6.3.104
* Temperature SN = 7809
* Conductivity SN = 7809
* System UpLoad Time = Jun 18 2018 19:16:43
* <ApplicationData>
* <Seaterm232>
# nquan = 17
# nvalues = 316                         
# units = specified
# name 0 = depFM: Depth [fresh water, m]
# name 1 = tv290C: Temperature [ITS-90, deg C]
# name 2 = sbeox0Mg/L: Oxygen, SBE 43 [mg/l]
# name 3 = sbeox0PS: Oxygen, SBE 43 [% saturation]
# name 4 = c0uS/cm: Conductivity [uS/cm]
# name 5 = specc: Specific Conductance [uS/cm]
# name 6 = ph: pH
# name 7 = orp: Oxidation Reduction Potential [mV]
# name 8 = flECO-AFL: Fluorescence, WET Labs ECO-AFL/FL [mg/m^3]
# name 9 = turbWETntu0: Turbidity, WET Labs ECO [NTU]
# name 10 = sal00: Salinity, Practical [PSU]
# name 11 = dz/dtM: Descent Rate [m/s]
# name 12 = prdM: Pressure, Strain Gauge [db]
# name 13 = prdE: Pressure, Strain Gauge [psi]
# name 14 = scan: Scan Count
# name 15 = par/sat/log: PAR/Logarithmic, Satlantic
# name 16 = flag:  0.000e+00
# span 0 =     -0.513,      2.379       
# span 1 =    19.5145,    33.6482       
# span 2 =     5.9411,    15.3679       
# span 3 =     74.380,    171.120       
# span 4 =   0.932190,  36.359571       
# span 5 =      0.790,     37.571       
# span 6 =      6.398,      8.447       
# span 7 =   282.7060,  1240.2295       
# span 8 =    -0.4367,   258.2229       
# span 9 =    -2.6816,     4.8112       
# span 10 =     0.0145,     0.0243      
# span 11 =     -0.183,      0.295      
# span 12 =     -0.503,      2.333      
# span 13 =     -0.729,      3.383      
# span 14 =          1,        316      
# span 15 = 1.3013e+02, 2.6687e+03      
# span 16 = 0.0000e+00, 0.0000e+00      
# interval = seconds: 0.25
# start_time = Jun 18 2018 16:58:50 [Instrument's time stamp, header]
# bad_flag = -9.990e-29
*END*
[from data line 256]
      1.059    24.6580    10.0970    120.432  35.058803     35.192      7.497   296.5618     1.3991     0.9439     0.0237      0.145      1.041      1.510        257 4.3847e+02 0.0000e+00
      1.095    24.6097    10.0859    119.988  35.045222     35.324      7.493   296.5239     1.3910     0.9976     0.0237      0.143      1.075      1.560        258 5.2845e+02 0.0000e+00
      1.135    24.5614    10.0548    119.284  34.884405     35.064      7.485   297.0918     1.3870     1.0648     0.0236      0.140      1.113      1.614        259 6.4623e+02 0.0000e+00
      1.174    24.5258    10.0543    119.011  34.962387     35.268      7.476   297.2053     1.3789     1.2662     0.0237      0.135      1.149      1.666        260 7.0650e+02 0.0000e+00
      1.205    24.5042    10.1314    119.614  35.185451     35.471      7.475   297.6975     1.3789     1.2259     0.0237      0.130      1.179      1.709        261 5.8604e+02 0.0000e+00
      1.225    24.4883    10.2445    120.692  35.288938     35.638      7.472   297.9625     1.3749     1.2259     0.0238      0.126      1.200      1.741        262 4.6452e+02 0.0000e+00
      1.242    24.4711    10.3531    121.778  35.426761     35.766      7.471   298.3411     1.3506     1.2125     0.0238      0.123      1.218      1.766        263 4.6317e+02 0.0000e+00
      1.257    24.4450    10.3744    121.773  35.399490     35.778      7.469   298.8332     1.4274     1.4408     0.0238      0.117      1.235      1.791        264 5.1336e+02 0.0000e+00
      1.278    24.3750    10.2707    120.227  35.500829     35.846      7.464   299.2875     1.4477     1.4139     0.0239      0.106      1.255      1.820        265 5.0151e+02 0.0000e+00
      1.305    24.2864    10.0876    117.715  35.923473     36.346      7.455   299.6282     1.4396     1.4542     0.0241      0.096      1.279      1.855        266 4.2350e+02 0.0000e+00
      1.328    24.2064     9.8321    114.349  36.059855     36.509      7.452   299.6282     1.4315     1.4676     0.0241      0.088      1.304      1.891        267 4.6854e+02 0.0000e+00
      1.355    24.0716     9.5711    111.013  35.568399     36.097      7.448   299.8932     1.4113     1.4542     0.0239      0.084      1.330      1.929        268 5.0639e+02 0.0000e+00
      1.385    23.9218     9.4360    109.341  34.963258     35.498      7.446   300.0068     1.7145     1.9107     0.0236      0.087      1.358      1.969        269 4.4022e+02 0.0000e+00
      1.412    23.7995     9.5220    110.245  34.677652     35.342      7.443   300.4232     1.6943     1.9107     0.0235      0.093      1.387      2.010        270 4.2457e+02 0.0000e+00
      1.444    23.6643     9.7825    113.019  34.974864     35.707      7.438   300.9153     1.6903     1.8436     0.0237      0.100      1.417      2.055        271 3.8939e+02 0.0000e+00
      1.478    23.5510    10.1276    116.639  35.690773     36.597      7.438   301.2182     1.6984     1.8167     0.0240      0.108      1.449      2.101        272 4.1727e+02 0.0000e+00
      1.508    23.4648    10.4778    120.527  35.773826     36.758      7.444   301.5968     1.7752     1.9376     0.0240      0.113      1.480      2.146        273 4.3233e+02 0.0000e+00
      1.539    23.3543    10.8388    124.632  35.879924     36.901      7.444   302.5432     1.7833     1.9107     0.0240      0.116      1.515      2.196        274 3.8308e+02 0.0000e+00
      1.588    23.2096    11.2128    128.444  36.359571     37.571      7.439   303.0732     1.7590     1.8436     0.0243      0.124      1.559      2.260        275 3.8264e+02 0.0000e+00
      1.639    23.0453    11.5005    131.113  36.155697     37.339      7.430   302.8461     1.7428     1.9242     0.0242      0.135      1.604      2.325        276 3.5268e+02 0.0000e+00
      1.676    22.8676    11.7235    133.236  35.362583     36.726      7.420   302.7704     2.3332     2.8776     0.0239      0.144      1.639      2.377        277 3.4911e+02 0.0000e+00
      1.698    22.7293    11.9748    135.756  34.529167     35.864      7.415   302.3918     2.3494     2.8507     0.0235      0.147      1.663      2.411        278 3.6509e+02 0.0000e+00
      1.711    22.6742    12.3354    139.600  34.316196     35.880      7.410   303.1111     2.3534     2.7836     0.0234      0.142      1.679      2.435        279 3.4680e+02 0.0000e+00
      1.728    22.6316    12.7676    144.271  34.500739     36.104      7.405   303.8682     2.3615     2.8507     0.0235      0.132      1.697      2.460        280 3.1088e+02 0.0000e+00
      1.751    22.5174    13.1973    148.883  34.418193     36.142      7.403   304.5118     2.3656     2.7433     0.0235      0.121      1.718      2.492        281 2.9642e+02 0.0000e+00
      1.777    22.3583    13.5730    152.919  33.885154     35.530      7.398   305.0796     2.3575     2.7433     0.0232      0.108      1.742      2.527        282 3.0424e+02 0.0000e+00
      1.801    22.2954    13.9340    156.702  33.117894     34.879      7.402   305.1554     2.3736     2.6224     0.0229      0.094      1.765      2.560        283 2.8331e+02 0.0000e+00
      1.820    22.2668    14.2305    159.686  33.178600     34.941      7.403   305.3068     2.3494     2.5150     0.0229      0.085      1.785      2.590        284 2.7078e+02 0.0000e+00
      1.842    22.0757    14.4498    161.937  33.008984     35.046      7.408   305.4204     2.3292     2.5821     0.0229      0.082      1.806      2.620        285 2.6979e+02 0.0000e+00
      1.864    21.8307    14.6029    163.490  31.371917     33.051      7.416   305.5718     2.3656     2.6359     0.0221      0.084      1.828      2.651        286 2.6692e+02 0.0000e+00
      1.886    21.6647    14.7520    164.973  30.619756     32.567      7.427   305.3446     2.3575     2.6761     0.0218      0.087      1.848      2.681        287 2.7099e+02 0.0000e+00
      1.903    21.5393    14.9006    166.357  30.742654     32.798      7.436   305.4204     2.3373     2.6224     0.0219      0.086      1.866      2.707        288 2.5347e+02 0.0000e+00
      1.921    21.4478    15.0590    167.854  30.714994     32.913      7.454   305.0796     2.3494     2.5150     0.0219      0.083      1.884      2.733        289 2.5612e+02 0.0000e+00
      1.939    21.3690    15.1662    168.890  30.654252     32.943      7.470   305.1554     2.5314     3.2401     0.0218      0.080      1.902      2.759        290 2.5785e+02 0.0000e+00
      1.958    21.2864    15.2372    169.721  30.373539     32.676      7.487   304.8904     2.5556     3.3207     0.0217      0.077      1.922      2.787        291 2.3843e+02 0.0000e+00
      1.981    21.2172    15.3050    170.561  30.293462     32.671      7.506   304.7768     2.5394     3.2670     0.0217      0.077      1.945      2.821        292 2.3126e+02 0.0000e+00
      2.010    21.1236    15.3626    171.120  30.190582     32.609      7.543   304.0196     2.5475     3.2267     0.0216      0.079      1.971      2.859        293 2.2490e+02 0.0000e+00
      2.038    21.0151    15.3679    171.016  30.086500     32.537      7.590   303.1489     2.4828     3.4550     0.0216      0.082      1.997      2.897        294 2.3334e+02 0.0000e+00
      2.061    20.9453    15.3585    170.628  30.067221     32.602      7.640   302.3161     2.4990     3.4818     0.0216      0.087      2.020      2.930        295 2.3810e+02 0.0000e+00
      2.081    20.8966    15.3583    170.007  30.036714     32.621      7.682   302.1268     2.4950     3.3878     0.0215      0.090      2.040      2.958        296 2.1870e+02 0.0000e+00
      2.098    20.8364    15.3415    169.238  30.005906     32.668      7.723   301.5968     2.4950     3.5624     0.0215      0.091      2.056      2.982        297 2.1136e+02 0.0000e+00
      2.112    20.7539    15.3178    168.553  29.957341     32.613      7.766   301.4453     2.5799     3.2133     0.0215      0.089      2.073      3.007        298 2.0721e+02 0.0000e+00
      2.134    20.6708    15.2664    167.515  29.859976     32.593      7.816   300.6882     2.6001     3.4012     0.0215      0.086      2.093      3.036        299 1.9687e+02 0.0000e+00
      2.156    20.6246    15.1638    165.925  29.741656     32.470      7.870   300.6503     2.6163     3.3341     0.0214      0.082      2.113      3.066        300 1.9260e+02 0.0000e+00
      2.175    20.6352    15.0036    163.773  29.719177     32.559      7.936   300.4611     2.6203     3.3207     0.0214      0.078      2.133      3.094        301 1.9396e+02 0.0000e+00
      2.195    20.6593    14.7339    160.609  29.799032     32.624      7.983   300.0825     2.8791     2.9984     0.0214      0.075      2.153      3.123        302 1.9073e+02 0.0000e+00
      2.218    20.6351    14.3777    156.664  29.790542     32.677      8.030   299.4389     2.8670     2.9715     0.0215      0.076      2.176      3.156        303 1.7798e+02 0.0000e+00
      2.244    20.5884    13.9601    152.069  29.373952     32.138      8.081   297.7353     2.8993     3.1058     0.0212      0.080      2.201      3.192        304 1.7229e+02 0.0000e+00
      2.271    20.4995 -9.990e-29 -9.990e-29  29.131500     31.911      8.133   295.9560     2.8872     3.1730     0.0211      0.085      2.227      3.230        305 1.6989e+02 0.0000e+00
      2.298    20.3207 -9.990e-29 -9.990e-29  28.906317     31.730      8.185   293.1925     2.8670     2.2464     0.0210      0.090      2.252      3.266        306 1.6324e+02 0.0000e+00
      2.320    20.1466 -9.990e-29 -9.990e-29  28.379331     31.144      8.230   289.9367     2.8953     2.1659     0.0208      0.092      2.273      3.297        307 1.6328e+02 0.0000e+00
      2.336    20.0176 -9.990e-29 -9.990e-29  28.216023     31.147      8.273   287.4003     2.8427     2.2330     0.0207      0.092      2.289      3.320        308 1.6510e+02 0.0000e+00
      2.346    19.8779 -9.990e-29 -9.990e-29  28.309121     31.329      8.305   286.9460     2.8912     2.2464     0.0207      0.089      2.300      3.335        309 1.5764e+02 0.0000e+00
      2.352    19.7371 -9.990e-29 -9.990e-29  28.382125     31.541      8.329   286.2646     2.8508     2.1927     0.0208      0.081      2.307      3.345        310 1.4852e+02 0.0000e+00
      2.359    19.6161 -9.990e-29 -9.990e-29  28.421701     31.641      8.354   283.5010     2.6446     1.9913     0.0208      0.070      2.313      3.355        311 1.4466e+02 0.0000e+00
      2.366    19.5485 -9.990e-29 -9.990e-29  28.497105     31.865      8.378   283.5010     2.6527     2.1122     0.0208      0.058      2.320      3.365        312 1.3869e+02 0.0000e+00
      2.372    19.5253 -9.990e-29 -9.990e-29  28.673762     32.109      8.398   282.7060     2.6931     2.1659     0.0209      0.046      2.326      3.374        313 1.3377e+02 0.0000e+00
      2.377    19.5145 -9.990e-29 -9.990e-29  28.794859     32.346      8.417   282.9332     2.6729     2.0853     0.0210      0.036      2.330      3.380        314 1.3318e+02 0.0000e+00
      2.379 -9.990e-29 -9.990e-29 -9.990e-29  28.850447     32.361      8.432   282.7817     2.7457     2.3404     0.0210      0.028      2.333      3.383        315 1.3115e+02 0.0000e+00
      2.379 -9.990e-29 -9.990e-29 -9.990e-29  28.901078     32.497      8.447   283.6524     2.7214     2.4076     0.0210      0.022      2.333      3.383        316 1.3013e+02 0.0000e+00
