Data/DataNotYetUploadedToEDI/Raw_CTD/RawDownloads/061820_bvr50.cnv
* Sea-Bird SBE19plus  Data File:
* FileName = C:\DATA\20200618_fcr50_0001.hex
* Software version 2.8.0.119 SB_Terminal.dll
* Temperature SN = 7809
* Conductivity SN = 7809
* System UpLoad Time = Jun 19 2020 16:18:42
* <ApplicationData>
* <Seaterm232>
# nquan = 16
# nvalues = 2515                        
# units = specified
# name 0 = depFM: Depth [fresh water, m]
# name 1 = dz/dtM: Descent Rate [m/s]
# name 2 = sbeox0ML/L: Oxygen, SBE 43 [ml/l]
# name 3 = sbeox0PS: Oxygen, SBE 43 [% saturation]
# name 4 = specc: Specific Conductance [uS/cm]
# name 5 = c0uS/cm: Conductivity [uS/cm]
# name 6 = flECO-AFL: Fluorescence, WET Labs ECO-AFL/FL [mg/m^3]
# name 7 = ph: pH
# name 8 = orp: Oxidation Reduction Potential [mV]
# name 9 = par/sat/log: PAR/Logarithmic, Satlantic
# name 10 = turbWETntu0: Turbidity, WET Labs ECO [NTU]
# name 11 = prdM: Pressure, Strain Gauge [db]
# name 12 = prdE: Pressure, Strain Gauge [psi]
# name 13 = tv290C: Temperature [ITS-90, deg C]
# name 14 = density00: Density [density, kg/m^3]
# name 15 = flag:  0.000e+00
# span 0 =     -0.736,     11.934       
# span 1 =     -0.019,      0.277       
# span 2 =     0.0356,     6.5794       
# span 3 =      0.458,    100.728       
# span 4 =      0.107,    349.184       
# span 5 =   0.099840, 317.161818       
# span 6 =    -0.9592,     3.3462       
# span 7 =     -2.224,      8.755       
# span 8 = -1240.7455,   721.6985       
# span 9 = 1.2349e-01, 2.8814e+02       
# span 10 =    -0.3584,    24.3674      
# span 11 =     -0.723,     11.704      
# span 12 =     -1.048,     16.975      
# span 13 =     9.0503,    21.3074      
# span 14 =   997.9255,   999.8769      
# span 15 = 0.0000e+00, 0.0000e+00      
# interval = seconds: 0.25
# start_time = Jun 18 2020 05:04:04 [Instrument's time stamp, header]
# bad_flag = -9.990e-29
*END*
[from data line 904]
      2.745      0.008     6.0961     92.589     23.628  20.419994     1.9390      7.117   289.4441 8.7255e+00     2.8312      2.692      3.904    18.2235   998.5807 0.0000e+00
      2.745      0.008     6.0978     92.584     23.621  20.409609     1.9594      7.112   289.5387 8.7340e+00     2.8056      2.692      3.904    18.2145   998.5824 0.0000e+00
      2.746      0.007     6.1033     92.534     23.654  20.433716     1.9868      7.104   289.4559 8.7365e+00     2.8096      2.692      3.904    18.2098   998.5832 0.0000e+00
      2.748      0.007     6.1047     92.520     23.684  20.457822     2.0023      7.094   289.3040 8.7475e+00     2.8451      2.695      3.909    18.2099   998.5833 0.0000e+00
      2.752      0.007     6.1074     92.560     23.672  20.447437     2.0040      7.086   289.2509 8.7677e+00     2.8571      2.699      3.915    18.2077   998.5836 0.0000e+00
      2.755      0.007     6.1102     92.598     23.657  20.434964     2.0083      7.081   289.4164 8.7790e+00     2.8166      2.702      3.918    18.1983   998.5854 0.0000e+00
      2.756      0.007     6.1040     92.635     23.657  20.433830     2.0161      7.080   289.5843 8.7819e+00     2.8016      2.703      3.920    18.1880   998.5874 0.0000e+00
      2.756      0.006     6.1034     92.685     23.658  20.433727     2.0220      7.080   289.5589 8.7854e+00     2.8478      2.703      3.920    18.1835   998.5882 0.0000e+00
      2.757      0.006     6.1088     92.737     23.660  20.433718     2.0220      7.080   289.6262 8.7879e+00     2.8949      2.703      3.921    18.1839   998.5882 0.0000e+00
      2.759      0.006     6.1104     92.786     23.662  20.433717     2.0075      7.080   289.8820 8.7947e+00     2.8900      2.706      3.924    18.1850   998.5880 0.0000e+00
      2.761      0.007     6.1121     92.825     23.663  20.433717     1.8943      7.080   290.0703 8.8075e+00     2.8577      2.708      3.927    18.1841   998.5881 0.0000e+00
      2.763      0.007     6.1169     92.831     23.663  20.433717     1.7013      7.078   290.0103 8.8127e+00     2.8472      2.709      3.929    18.1813   998.5887 0.0000e+00
      2.765      0.007     6.1203     92.782     23.664  20.433717     1.6106      7.074   289.9313 8.8016e+00     2.8325      2.712      3.933    18.1778   998.5894 0.0000e+00
      2.767      0.007     6.1243     92.711     23.665  20.433718     1.6186      7.073   290.0611 8.7854e+00     2.8160      2.714      3.936    18.1743   998.5900 0.0000e+00
      2.768      0.007     6.1273     92.652     23.668  20.433728     1.6442      7.077   290.1170 8.7796e+00     2.7856      2.715      3.938    18.1724   998.5903 0.0000e+00
      2.770      0.008     6.1292     92.579     23.674  20.433834     1.6919      7.082   290.0905 8.7796e+00     2.7737      2.716      3.940    18.1730   998.5902 0.0000e+00
      2.771      0.008     6.1249     92.509     23.684  20.434998     1.7281      7.084   290.1705 8.7718e+00     2.8098      2.717      3.941    18.1714   998.5905 0.0000e+00
      2.774      0.009     6.1182     92.485     23.706  20.447784     1.7288      7.083   290.2247 8.7544e+00     2.8105      2.720      3.944    18.1696   998.5909 0.0000e+00
      2.777      0.009     6.1173     92.521     23.726  20.461602     1.7188      7.083   290.2292 8.7269e+00     2.7818      2.725      3.951    18.1676   998.5912 0.0000e+00
      2.780      0.009     6.1129     92.606     23.745  20.475237     1.7218      7.084   290.2253 8.7093e+00     2.7717      2.727      3.955    18.1540   998.5938 0.0000e+00
      2.782      0.009     6.1092     92.711     23.760  20.485822     1.7368      7.087   290.2640 8.7117e+00     2.7908      2.728      3.957    18.1363   998.5971 0.0000e+00
      2.784      0.009     6.1092     92.801     23.736  20.462764     1.7567      7.092   290.3527 8.7141e+00     2.8418      2.730      3.959    18.1236   998.5995 0.0000e+00
      2.785      0.009     6.1126     92.868     23.725  20.450084     1.8377      7.097   290.4369 8.7041e+00     2.8397      2.731      3.961    18.1153   998.6011 0.0000e+00
      2.788      0.009     6.1196     92.943     23.738  20.459327     1.9822      7.099   290.5085 8.6973e+00     2.7988      2.734      3.964    18.1105   998.6020 0.0000e+00
      2.791      0.009     6.1281     93.037     23.727  20.447704     2.0647      7.097   290.5296 8.7076e+00     2.8285      2.737      3.970    18.1059   998.6029 0.0000e+00
      2.794      0.009     6.1355     93.132     23.715  20.436366     2.0719      7.093   290.6064 8.7105e+00     2.8551      2.740      3.974    18.1001   998.6039 0.0000e+00
      2.796      0.008     6.1389     93.215     23.730  20.449056     2.0507      7.090   290.7474 8.6990e+00     2.8113      2.742      3.978    18.0941   998.6050 0.0000e+00
      2.798      0.008     6.1447     93.282     23.760  20.474316     2.0085      7.089   290.8587 8.6868e+00     2.7797      2.744      3.980    18.0891   998.6060 0.0000e+00
      2.799      0.009     6.1520     93.342     23.778  20.488141     1.9810      7.089   291.0058 8.6824e+00     2.8165      2.745      3.981    18.0853   998.6067 0.0000e+00
      2.800      0.011     6.1586     93.393     23.782  20.489388     1.9855      7.092   291.1493 8.6803e+00     2.8782      2.745      3.982    18.0827   998.6073 0.0000e+00
      2.802      0.013     6.1647     93.419     23.786  20.489398     1.9957      7.098   291.2175 8.6565e+00     2.8735      2.747      3.986    18.0823   998.6072 0.0000e+00
      2.807      0.016     6.1682     93.423     23.789  20.488256     1.9041      7.106   291.2275 8.6100e+00     2.8290      2.753      3.993    18.0829   998.6071 0.0000e+00
      2.812      0.019     6.1729     93.438     23.778  20.475576     1.7270      7.114   291.1846 8.5735e+00     2.8204      2.758      4.000    18.0787   998.6081 0.0000e+00
      2.817      0.021     6.1778     93.493     23.766  20.462904     1.6372      7.121   291.1290 8.5521e+00     2.8382      2.762      4.006    18.0718   998.6093 0.0000e+00
      2.823      0.022     6.1804     93.567     23.763  20.461845     1.6290      7.124   291.0712 8.5141e+00     2.8380      2.768      4.015    18.0655   998.6105 0.0000e+00
      2.829      0.022     6.1805     93.622     23.758  20.462779     1.6762      7.125   291.0019 8.4602e+00     2.7499      2.775      4.024    18.0592   998.6117 0.0000e+00
      2.835      0.021     6.1814     93.667     23.765  20.474202     1.7878      7.123   290.9795 8.4159e+00     2.6305      2.781      4.032    18.0519   998.6131 0.0000e+00
      2.841      0.021     6.1863     93.703     23.762  20.473152     1.8627      7.119   290.9723 8.3830e+00     2.5961      2.787      4.042    18.0452   998.6144 0.0000e+00
      2.846      0.020     6.1934     93.722     23.741  20.450086     1.8859      7.110   290.8284 8.3495e+00     2.6096      2.791      4.049    18.0455   998.6144 0.0000e+00
      2.850      0.019     6.1934     93.744     23.750  20.448944     1.9251      7.090   290.6174 8.3295e+00     2.5874      2.795      4.054    18.0596   998.6117 0.0000e+00
      2.855      0.016     6.1948     93.810     23.772  20.459330     1.9836      7.060   290.5710 8.3182e+00     2.5678      2.799      4.060    18.0762   998.6086 0.0000e+00
      2.860      0.014     6.1973     93.915     23.767  20.448832     2.0125      7.031   290.6124 8.2939e+00     2.6125      2.805      4.068    18.0798   998.6081 0.0000e+00
      2.864      0.013     6.1992     93.985     23.772  20.448823     1.9975      7.018   290.6012 8.2747e+00     2.6478      2.810      4.075    18.0692   998.6100 0.0000e+00
      2.867      0.013     6.2025     93.995     23.790  20.459219     1.8879      7.020   290.6933 8.2730e+00     2.6170      2.812      4.078    18.0463   998.6142 0.0000e+00
      2.867      0.014     6.2084     93.985     23.784  20.447700     1.7069      7.027   290.7796 8.2700e+00     2.5837      2.811      4.077    18.0253   998.6182 0.0000e+00
      2.869      0.015     6.2210     94.025     23.779  20.436363     1.6218      7.031   290.6990 8.2504e+00     2.6222      2.813      4.079    18.0135   998.6204 0.0000e+00
      2.874      0.017     6.2256     94.112     23.803  20.448949     1.6215      7.026   290.6646 8.2171e+00     2.6705      2.817      4.086    18.0067   998.6216 0.0000e+00
      2.880      0.019     6.2279     94.197     23.838  20.473056     1.6175      7.009   290.6216 8.1732e+00     2.5845      2.824      4.096    17.9978   998.6233 0.0000e+00
      2.887      0.019     6.2254     94.286     23.846  20.474191     1.6307      6.989   290.5234 8.1242e+00     2.4401      2.832      4.107    17.9827   998.6261 0.0000e+00
      2.893      0.018     6.2309     94.384     23.837  20.462661     1.6576      6.979   290.5099 8.0912e+00     2.4016      2.838      4.115    17.9659   998.6292 0.0000e+00
      2.897      0.017     6.2412     94.499     23.840  20.460470     1.6751      6.979   290.6301 8.0800e+00     2.3928      2.842      4.121    17.9501   998.6321 0.0000e+00
      2.900      0.016     6.2469     94.616     23.830  20.447695     1.6714      6.985   290.8587 8.0793e+00     2.3342      2.844      4.125    17.9365   998.6347 0.0000e+00
      2.902      0.016     6.2553     94.714     23.821  20.435005     1.6413      6.988   290.9507 8.0709e+00     2.3104      2.845      4.127    17.9252   998.6368 0.0000e+00
      2.906      0.016     6.2614     94.779     23.826  20.433852     1.6161      6.985   290.8823 8.0379e+00     2.3451      2.850      4.133    17.9177   998.6381 0.0000e+00
      2.912      0.015     6.2712     94.815     23.831  20.433748     1.6145      6.975   290.8920 8.0062e+00     2.3423      2.856      4.140    17.9101   998.6396 0.0000e+00
      2.917      0.014     6.2804     94.835     23.834  20.433739     1.6117      6.961   290.9815 7.9944e+00     2.3112      2.862      4.149    17.8998   998.6415 0.0000e+00
      2.922      0.011     6.2892     94.849     23.834  20.433738     1.6115      6.951   291.0182 7.9823e+00     2.3123      2.866      4.157    17.8886   998.6436 0.0000e+00
      2.925      0.009     6.2946     94.871     23.830  20.433738     1.6410      6.951   291.1644 7.9685e+00     2.3214      2.868      4.160    17.8762   998.6459 0.0000e+00
      2.925      0.007     6.2980     94.911     23.825  20.433737     1.6729      6.961   291.4576 7.9676e+00     2.3519      2.868      4.160    17.8657   998.6478 0.0000e+00
      2.924      0.007     6.3001     94.973     23.824  20.433737     1.6725      6.973   291.5523 7.9829e+00     2.4071      2.867      4.159    17.8601   998.6488 0.0000e+00
      2.924      0.008     6.3002     95.033     23.830  20.433737     1.6461      6.980   291.4486 7.9934e+00     2.4746      2.867      4.159    17.8606   998.6487 0.0000e+00
      2.926      0.010     6.3011     95.076     23.837  20.433728     1.6109      6.983   291.4087 7.9743e+00     2.5498      2.869      4.159    17.8686   998.6473 0.0000e+00
      2.931      0.012     6.3006     95.117     23.841  20.433626     1.5990      6.983   291.5004 7.9315e+00     2.5947      2.875      4.169    17.8832   998.6446 0.0000e+00
      2.937      0.013     6.3058     95.157     23.841  20.432491     1.6080      6.983   291.5245 7.8911e+00     2.6056      2.882      4.179    17.8871   998.6439 0.0000e+00
      2.941      0.013     6.3125     95.191     23.826  20.420008     1.5869      6.988   291.3561 7.8697e+00     2.5441      2.884      4.182    17.8697   998.6472 0.0000e+00
      2.943      0.014     6.3164     95.229     23.815  20.409520     1.5528      7.000   291.2708 7.8573e+00     2.4355      2.887      4.186    17.8531   998.6503 0.0000e+00
      2.945      0.017     6.3203     95.271     23.849  20.432492     1.5484      7.005   291.3542 7.8493e+00     2.3909      2.889      4.190    17.8479   998.6512 0.0000e+00
      2.947      0.020     6.3229     95.271     23.877  20.444117     1.5533      6.990   291.3313 7.8497e+00     2.3825      2.890      4.192    17.8478   998.6511 0.0000e+00
      2.951      0.024     6.3253     95.216     23.870  20.423244     1.5823      6.967   291.2526 7.8201e+00     2.3683      2.892      4.195    17.8484   998.6510 0.0000e+00
      2.960      0.027     6.3261     95.134     23.895  20.433734     1.6516      6.951   291.1768 7.7471e+00     2.3563      2.901      4.207    17.8508   998.6507 0.0000e+00
      2.971      0.029     6.3330     95.064     23.915  20.444121     1.7144      6.948   291.0176 7.6700e+00     2.3747      2.915      4.228    17.8401   998.6528 0.0000e+00
      2.981      0.030     6.3372     95.063     23.895  20.421999     1.7410      6.962   291.0489 7.6125e+00     2.4187      2.925      4.243    17.8073   998.6589 0.0000e+00
      2.988      0.030     6.3365     95.117     23.899  20.419893     1.7440      6.985   291.2959 7.5791e+00     2.4078      2.930      4.251    17.7741   998.6648 0.0000e+00
      2.993      0.029     6.3344     95.199     23.904  20.418645     1.7889      7.001   291.4231 7.5499e+00     2.4145      2.933      4.256    17.7515   998.6689 0.0000e+00
      2.998      0.026     6.3281     95.318     23.897  20.406908     1.8732      7.000   291.3826 7.5140e+00     2.5340      2.939      4.263    17.7374   998.6716 0.0000e+00
      3.006      0.024     6.3312     95.453     23.900  20.404803     1.9157      6.987   291.3222 7.4732e+00     2.6515      2.947      4.275    17.7279   998.6733 0.0000e+00
      3.015      0.022     6.3370     95.588     23.889  20.393178     1.9308      6.978   291.2948 7.4266e+00     2.6675      2.957      4.289    17.7180   998.6753 0.0000e+00
      3.022      0.019     6.3427     95.727     23.891  20.393168     1.9412      6.977   291.3954 7.3906e+00     2.5552      2.965      4.300    17.7057   998.6775 0.0000e+00
      3.025      0.016     6.3534     95.849     23.907  20.404688     1.9361      6.979   291.5059 7.3717e+00     2.4272      2.968      4.304    17.6926   998.6798 0.0000e+00
      3.027      0.013     6.3645     95.944     23.911  20.405641     1.9351      6.982   291.4274 7.3532e+00     2.3901      2.968      4.304    17.6816   998.6819 0.0000e+00
      3.028      0.010     6.3733     96.022     23.911  20.404688     1.9306      6.989   291.3060 7.3476e+00     2.3470      2.969      4.307    17.6767   998.6827 0.0000e+00
      3.031      0.010     6.3839     96.088     23.899  20.393160     1.8901      7.004   291.2430 7.3606e+00     2.3184      2.972      4.311    17.6750   998.6830 0.0000e+00
      3.033      0.012     6.3929     96.172     23.903  20.393066     1.8275      7.028   291.2680 7.3527e+00     2.3181      2.975      4.314    17.6711   998.6838 0.0000e+00
      3.035      0.015     6.3989     96.242     23.922  20.403547     1.7941      7.054   291.3499 7.3308e+00     2.3093      2.977      4.317    17.6659   998.6847 0.0000e+00
      3.038      0.019     6.4055     96.248     23.920  20.393058     1.8004      7.072   291.4597 7.3114e+00     2.3162      2.979      4.321    17.6631   998.6852 0.0000e+00
      3.043      0.021     6.4081     96.232     23.932  20.393061     1.7991      7.078   291.5629 7.2791e+00     2.2979      2.984      4.327    17.6617   998.6856 0.0000e+00
      3.051      0.022     6.4152     96.206     23.954  20.403570     1.7589      7.076   291.5646 7.2435e+00     2.2938      2.992      4.339    17.6555   998.6867 0.0000e+00
      3.060      0.022     6.4250     96.164     23.947  20.393300     1.7241      7.073   291.5661 7.2006e+00     2.3357      3.002      4.354    17.6430   998.6889 0.0000e+00
      3.067      0.021     6.4246     96.155     23.952  20.395691     1.7221      7.072   291.5816 7.1521e+00     2.3580      3.009      4.364    17.6235   998.6925 0.0000e+00
      3.071      0.018     6.4268     96.183     23.996  20.432477     1.6968      7.073   291.6657 7.1234e+00     2.3918      3.012      4.368    17.6003   998.6968 0.0000e+00
