Data/DataNotYetUploadedToEDI/Raw_CTD/RawDownloads/061818_fcr50.cnv
* Sea-Bird SBE19plus  Data File:
* FileName = C:\DATA\061818_fcr_0001.hex
* Software version 2.6.3.104
* Temperature SN = 7809
* Conductivity SN = 7809
* System UpLoad Time = Jun 18 2018 19:16:31
* <ApplicationData>
* <Seaterm232>
# nquan = 17
# nvalues = 821                         
# units = specified
# name 0 = depFM: Depth [fresh water, m]
# name 1 = tv290C: Temperature [ITS-90, deg C]
# name 2 = sbeox0Mg/L: Oxygen, SBE 43 [mg/l]
# name 3 = sbeox0PS: Oxygen, SBE 43 [% saturation]
# name 4 = c0uS/cm: Conductivity [uS/cm]
# name 5 = specc: Specific Conductance [uS/cm]
# name 6 = ph: pH
# name 7 = orp: Oxidation Reduction Potential [mV]
# name 8 = flECO-AFL: Fluorescence, WET Labs ECO-AFL/FL [mg/m^3]
# name 9 = turbWETntu0: Turbidity, WET Labs ECO [NTU]
# name 10 = sal00: Salinity, Practical [PSU]
# name 11 = dz/dtM: Descent Rate [m/s]
# name 12 = prdM: Pressure, Strain Gauge [db]
# name 13 = prdE: Pressure, Strain Gauge [psi]
# name 14 = scan: Scan Count
# name 15 = par/sat/log: PAR/Logarithmic, Satlantic
# name 16 = flag:  0.000e+00
# span 0 =     -0.524,      9.723       
# span 1 =    10.6255,    28.6525       
# span 2 =     4.0358,    10.4723       
# span 3 =     37.503,    122.052       
# span 4 =   0.839321,  50.169476       
# span 5 =      0.865,     70.933       
# span 6 =     -2.381,      7.717       
# span 7 = -1240.7455,  1240.2295       
# span 8 =    -0.1941,     7.3190       
# span 9 =    -4.7629,    37.7499       
# span 10 =     0.0131,     0.0344      
# span 11 =     -0.167,      0.190      
# span 12 =     -0.513,      9.534      
# span 13 =     -0.745,     13.829      
# span 14 =          1,        821      
# span 15 = 1.2468e-01, 1.8738e+03      
# span 16 = 0.0000e+00, 0.0000e+00      
# interval = seconds: 0.25
# start_time = Jun 18 2018 13:48:57 [Instrument's time stamp, header]
# bad_flag = -9.990e-29
*END*
     -0.523    28.6399     7.4469     96.218   0.985770      0.917     -2.380  -738.0769    -0.1536     0.0174     0.0131 2.1053e-16     -0.513     -0.744          1 4.3043e+02 0.0000e+00
     -0.524    28.6398     7.4477     96.229   0.980615      0.917     -2.380 -1240.7455    -0.1779    -0.1169     0.0131     -0.000     -0.513     -0.745          2 1.1785e+03 0.0000e+00
     -0.524    28.6399     7.4485     96.241   0.989026      0.917     -2.380 -1240.7455    -0.1577     0.0577     0.0131     -0.000     -0.513     -0.745          3 4.6125e+02 0.0000e+00
     -0.523    28.6398     7.4499     96.259   0.975302      0.917     -2.380  -231.0926    -0.1334     0.0711     0.0131     -0.000     -0.513     -0.744          4 2.2923e+02 0.0000e+00
     -0.523    28.6393     7.4516     96.282   0.938481      0.865     -2.380   428.4186    -0.1779     0.0308     0.0131      0.000     -0.513     -0.744          5 4.0572e+02 0.0000e+00
     -0.523    28.6388     7.4466     96.218   0.916422      0.865     -2.380   242.1987    -0.1941    -0.1034     0.0131      0.000     -0.513     -0.744          6 3.6649e+02 0.0000e+00
     -0.524    28.6383     7.4475     96.229   0.943539      0.865     -2.380   181.0971    -0.1617     0.0040     0.0131     -0.000     -0.513     -0.744          7 3.0185e+02 0.0000e+00
     -0.523    28.6378     7.4475     96.230   0.963949      0.917     -2.380   121.9641    -0.1496    -0.0363     0.0131      0.000     -0.513     -0.744          8 7.3900e+02 0.0000e+00
     -0.523    28.6375     7.4477     96.234   0.950236      0.865     -2.380    51.2468    -0.1738    -0.2377     0.0131      0.000     -0.513     -0.744          9 1.5722e+03 0.0000e+00
     -0.523    28.6379     7.4460     96.213   1.019816      0.969     -2.380  -112.7508    -0.1455    -0.1974     0.0131      0.000     -0.513     -0.744         10 1.7114e+03 0.0000e+00
     -0.523    28.6383     7.4457     96.211   0.995784      0.917     -2.380  -251.9898    -0.1415    -0.2646     0.0131      0.000     -0.513     -0.744         11 1.3829e+03 0.0000e+00
     -0.523    28.6389     7.4462     96.219   0.980145      0.917     -2.380  -390.4338    -0.1536    -0.1706     0.0131      0.000     -0.513     -0.744         12 3.0278e+02 0.0000e+00
     -0.523    28.6395     7.4545     96.251   1.039279      0.969     -2.380  -190.5854    -0.1738    -0.0632     0.0131      0.000     -0.513     -0.744         13 4.6653e+01 0.0000e+00
     -0.523    28.6401     7.5129     96.267   1.040618      0.969     -2.380  -216.8204    -0.1698     0.0174     0.0131      0.000     -0.513     -0.744         14 2.0414e+02 0.0000e+00
     -0.523    28.6400     7.5779     96.227   1.096904      1.021     -2.380    -7.9620    -0.1617     0.0443     0.0131      0.000     -0.513     -0.744         15 1.1697e+02 0.0000e+00
     -0.523    28.6407     7.6268     96.270   1.087659      1.021     -2.380   215.8122    -0.1577    -0.0497     0.0131      0.000     -0.513     -0.744         16 1.8126e+02 0.0000e+00
     -0.523    28.6395     7.6619     96.311   1.111336      1.021     -2.380   378.9013    -0.1455    -0.2243     0.0131      0.000     -0.513     -0.744         17 1.5275e+02 0.0000e+00
     -0.523    28.6419     7.6877     96.320   1.067437      1.021     -2.380   406.7642    -0.1617    -0.1840     0.0131      0.000     -0.513     -0.744         18 1.7489e+02 0.0000e+00
     -0.523    28.6393     7.7139     96.356   1.142291      1.021     -2.380   401.9942    -0.1496    -0.1706     0.0131      0.000     -0.513     -0.744         19 1.6377e+02 0.0000e+00
     -0.523    28.6449     7.7385     96.398   1.077396      1.073     -2.380   387.4192    -0.1779    -0.3183     0.0131      0.000     -0.513     -0.744         20 1.8497e+02 0.0000e+00
     -0.523    28.6381     7.7724     96.643   1.207411      1.021     -2.380  -616.1009    -0.1860    -0.2512     0.0131      0.000     -0.513     -0.744         21 1.9875e+02 0.0000e+00
     -0.523    28.6525     7.8037     96.926   0.980489      1.073     -2.380  -792.2507    -0.1900    -0.2243     0.0131      0.000     -0.513     -0.744         22 2.2250e+02 0.0000e+00
     -0.522    28.5833     7.8428     97.346   1.419009      1.073     -2.380  -839.0801    -0.1415    -0.2243     0.0131      0.000     -0.511     -0.741         23 2.3807e+02 0.0000e+00
     -0.521    28.1687     7.8739     97.684   0.839321      1.177     -2.380  -858.8794    -0.1658    -0.2512     0.0131      0.001     -0.499     -0.725         24 2.4455e+02 0.0000e+00
     -0.485    27.6556     7.9063     98.055   2.945413      2.063     -2.381  1240.2295    -0.0768    -4.7227     0.0131      0.011     -0.468     -0.679         25 2.5942e+02 0.0000e+00
     -0.427    27.3180     7.9356     98.398  17.131654     16.438      0.810  1240.2295    -0.1091    -4.7227     0.0173      0.033     -0.419     -0.608         26 2.6316e+02 0.0000e+00
     -0.371    27.0842     7.9429     98.471  31.208273     29.673      3.707   371.8977    -0.0889    -4.7227     0.0222      0.064     -0.367     -0.532         27 2.8101e+02 0.0000e+00
     -0.325    26.9010     7.9233     98.228  35.273770     33.843      5.687   316.9668    -0.0970    -4.7092     0.0238      0.096     -0.318     -0.460         28 2.8112e+02 0.0000e+00
     -0.273    26.7319     7.8914     97.834  35.196064     33.699      6.712   306.4046    -0.1253    -4.7629     0.0237      0.130     -0.269     -0.390         29 3.1748e+02 0.0000e+00
     -0.227    26.5816     7.8514     97.334  34.774546     33.549      7.291   291.2996     0.5217    37.7499     0.0236      0.159     -0.224     -0.325         30 2.8599e+02 0.0000e+00
     -0.185    26.4786     7.7805     96.459  34.612168     33.415      7.575   289.4825     0.4731    37.6828     0.0235      0.180     -0.182     -0.265         31 3.5116e+02 0.0000e+00
     -0.145    26.4184     7.6861     95.305  34.449220     33.405      7.693   280.0939     0.4893    37.6693     0.0234      0.190     -0.145     -0.210         32 2.5431e+02 0.0000e+00
     -0.112    26.3804     7.5410     93.522  34.473248     33.471      7.714   273.8474     0.4772    37.6425     0.0234      0.184     -0.111     -0.161         33 6.1602e+02 0.0000e+00
     -0.081    26.3536     7.4053     91.838  34.493347     33.538      7.717   269.8724     0.7198     0.8365     0.0234      0.171     -0.081     -0.117         34 1.6517e+03 0.0000e+00
     -0.053    26.3355     7.2691     90.136  34.513205     33.590      7.703   267.2602     0.7238     0.7828     0.0234      0.157     -0.052     -0.076         35 1.8696e+03 0.0000e+00
     -0.024    26.3239     7.1140     88.201  34.478211     33.553      7.667   265.1402     0.7279     0.8499     0.0234      0.146     -0.024     -0.036         36 1.7007e+03 0.0000e+00
      0.001    26.3153     6.9887     86.634  34.566566     33.674      7.625   264.1938     0.7117     0.9171     0.0235      0.133      0.002      0.002         37 1.8738e+03 0.0000e+00
      0.029    26.3144     6.8709     85.162  34.581194     33.681      7.589   263.2095     0.7966     1.0379     0.0235      0.123      0.027      0.040         38 1.6808e+03 0.0000e+00
      0.056    26.3153     6.7664     83.861  34.548983     33.660      7.551   264.9131     0.7926     0.9708     0.0235      0.115      0.051      0.074         39 1.1255e+03 0.0000e+00
      0.071    26.3130     6.6715     82.680  34.695627     33.796      7.493   263.0581     0.8007     1.0916     0.0235      0.107      0.066      0.095         40 1.1595e+03 0.0000e+00
      0.074    26.3151     6.5972     81.754  34.813887     33.932      7.416   262.1874     0.8047     1.1588     0.0236      0.096      0.071      0.104         41 1.2626e+03 0.0000e+00
      0.074    26.3248     6.5484     81.147  34.639059     33.743      7.376   260.8624     1.0150     0.6082     0.0235      0.081      0.072      0.105         42 1.1630e+03 0.0000e+00
      0.074    26.3341     6.5389     81.033  34.468353     33.578      7.357   260.7867     0.9422     0.7022     0.0234      0.065      0.072      0.105         43 1.1891e+03 0.0000e+00
      0.074    26.3333     6.5502     81.178  34.462859     33.572      7.354   261.0138     0.9665     0.5814     0.0234      0.047      0.072      0.105         44 1.2560e+03 0.0000e+00
      0.073    26.3261     6.5511     81.194  34.438300     33.538      7.353   263.2474     0.9867     0.5142     0.0234      0.030      0.072      0.105         45 1.2421e+03 0.0000e+00
      0.074    26.3184     6.5398     81.060  34.409945     33.512      7.355   261.8845     1.0352     1.0379     0.0234      0.016      0.072      0.105         46 1.2508e+03 0.0000e+00
      0.074    26.3095     6.5197     80.816  34.409179     33.516      7.354   262.2631     1.0554     0.9976     0.0234      0.005      0.073      0.105         47 1.2542e+03 0.0000e+00
      0.074    26.3022     6.4851     80.393  34.409602     33.521      7.351   261.8845     1.0554     1.1319     0.0234      0.001      0.073      0.105         48 1.2283e+03 0.0000e+00
      0.074    26.2982     6.4288     79.704  34.409423     33.527      7.351   260.8245     1.0554     1.0916     0.0234      0.000      0.073      0.105         49 1.2563e+03 0.0000e+00
      0.074    26.2947     6.3735     79.029  34.468716     33.586      7.355   260.5974     1.0473     1.0111     0.0234      0.000      0.073      0.105         50 1.2616e+03 0.0000e+00
      0.074    26.2915     6.3435     78.668  34.543407     33.671      7.357   262.8688     1.0554     0.6082     0.0235      0.000      0.072      0.105         51 1.3297e+03 0.0000e+00
      0.074    26.2908     6.3814     79.147  34.524065     33.646      7.358   262.7931     1.0392     0.7157     0.0234      0.000      0.072      0.105         52 1.2463e+03 0.0000e+00
      0.074    26.2925     6.4789     80.365  34.463132     33.593      7.361   262.7174     1.0392     0.6351     0.0234      0.000      0.072      0.105         53 1.1904e+03 0.0000e+00
      0.074    26.2957     6.6181     82.102  34.411648     33.539      7.363   262.4902     1.0554     0.7291     0.0234     -0.000      0.072      0.105         54 1.2498e+03 0.0000e+00
      0.074    26.2993     6.7678     83.969  34.410202     33.538      7.366   262.3009     1.0514     0.6217     0.0234     -0.000      0.073      0.106         55 1.2751e+03 0.0000e+00
      0.075    26.3036     6.9035     85.660  34.464932     33.591      7.364   262.5281     1.0595     0.6082     0.0234      0.000      0.073      0.106         56 1.2119e+03 0.0000e+00
      0.075    26.3069     7.0107     86.995  34.491816     33.616      7.360   262.5281     1.0271     0.6082     0.0234      0.000      0.073      0.106         57 1.2012e+03 0.0000e+00
      0.074    26.3105     7.1118     88.254  34.465710     33.585      7.353   264.8752     1.0554     0.6485     0.0234      0.000      0.073      0.105         58 1.2592e+03 0.0000e+00
      0.074    26.3171     7.1980     89.326  34.467761     33.583      7.356   266.1245     1.1403     0.6619     0.0234      0.000      0.073      0.105         59 1.2688e+03 0.0000e+00
      0.074    26.3247     7.2624     90.128  34.518917     33.635      7.360   266.3138     1.1161     0.6754     0.0234      0.000      0.073      0.105         60 1.2457e+03 0.0000e+00
      0.074    26.3320     7.3142     90.771  34.639294     33.740      7.364   266.4274     1.1201     0.6351     0.0235      0.000      0.073      0.105         61 1.2083e+03 0.0000e+00
      0.073    26.3385     7.3568     91.297  34.822107     33.926      7.368   266.3895     1.1201     0.7291     0.0236     -0.000      0.072      0.105         62 1.1821e+03 0.0000e+00
      0.074    26.3447     7.3817     91.604  35.003158     34.084      7.367   263.8152     1.0514     0.5814     0.0236     -0.001      0.072      0.105         63 1.1819e+03 0.0000e+00
      0.073    26.3514     7.4064     91.915  35.096076     34.189      7.369   263.7017     1.0756     0.5411     0.0237     -0.001      0.072      0.105         64 1.2234e+03 0.0000e+00
      0.074    26.3578     7.4119     91.990  35.180978     34.239      7.370   263.8531     1.0595     0.6082     0.0237     -0.000      0.073      0.105         65 1.1779e+03 0.0000e+00
      0.074    26.3627     7.4005     91.856  35.342351     34.425      7.369   265.1402     1.0231     0.5679     0.0238     -0.000      0.073      0.105         66 1.2237e+03 0.0000e+00
      0.074    26.3659     7.3780     91.583  35.488389     34.529      7.374   265.9731     1.1161     0.6619     0.0238      0.000      0.073      0.105         67 1.2457e+03 0.0000e+00
      0.074    26.3681     7.3455     91.185  35.503406     34.581      7.375   264.6102     1.1120     0.7157     0.0238      0.000      0.073      0.105         68 1.1625e+03 0.0000e+00
      0.074    26.3699     7.3073     90.714  35.382975     34.415      7.379   264.3074     1.1242     0.6888     0.0238      0.000      0.073      0.105         69 1.2210e+03 0.0000e+00
      0.074    26.3714     7.2700     90.256  35.282374     34.359      7.381   263.7774     1.0918     0.6082     0.0238      0.000      0.073      0.105         70 1.2494e+03 0.0000e+00
      0.074    26.3717     7.2309     89.774  35.183743     34.222      7.384   264.1938     1.1080     0.6217     0.0237      0.000      0.073      0.105         71 1.2042e+03 0.0000e+00
      0.074    26.3701     7.1889     89.257  35.149834     34.221      7.382   264.0424     1.1080     0.6082     0.0237      0.000      0.073      0.106         72 1.1688e+03 0.0000e+00
      0.074    26.3693     7.1553     88.843  35.176287     34.221      7.385   263.4367     1.1161     0.6082     0.0237      0.000      0.073      0.106         73 1.2061e+03 0.0000e+00
      0.074    26.3714     7.1263     88.489  35.180479     34.249      7.390   263.8910     1.0999     0.5948     0.0237      0.000      0.073      0.106         74 1.2489e+03 0.0000e+00
      0.074    26.3754     7.0948     88.103  35.174276     34.223      7.394   262.9445     1.1444     0.6082     0.0237      0.000      0.073      0.106         75 1.2049e+03 0.0000e+00
      0.074    26.3802     7.0771     87.887  35.154350     34.221      7.396   262.7174     1.1080     0.7291     0.0237      0.000      0.073      0.106         76 1.1967e+03 0.0000e+00
      0.074    26.3844     7.0607     87.689  35.116302     34.164      7.399   263.0960     1.1242     0.6351     0.0237      0.000      0.073      0.106         77 1.2476e+03 0.0000e+00
      0.074    26.3868     7.0446     87.493  35.102995     34.161      7.404   262.9445     1.0878     0.6888     0.0237      0.000      0.073      0.106         78 1.2554e+03 0.0000e+00
      0.075    26.3896     7.0187     87.175  35.170909     34.212      7.402   263.9288     1.0878     0.6619     0.0237      0.000      0.073      0.106         79 1.2067e+03 0.0000e+00
      0.075    26.3925     6.9931     86.859  35.239382     34.292      7.407   266.1245     1.1929     0.5814     0.0237      0.000      0.073      0.106         80 1.1795e+03 0.0000e+00
      0.075    26.3945     6.9489     86.313  35.166066     34.209      7.407   265.4810     1.1686     0.6485     0.0237      0.000      0.074      0.107         81 1.2074e+03 0.0000e+00
      0.075    26.3970     6.9133     85.874  35.173178     34.207      7.410   265.4810     1.1848     0.6619     0.0237      0.001      0.074      0.107         82 1.2061e+03 0.0000e+00
      0.075    26.3998     6.8647     85.275  35.230531     34.287      7.412   265.1781     1.1686     0.6217     0.0237      0.001      0.074      0.107         83 1.1843e+03 0.0000e+00
      0.075    26.4028     6.8132     84.640  35.183662     34.204      7.412   264.2317     1.0837     0.6217     0.0237      0.000      0.074      0.107         84 1.2241e+03 0.0000e+00
      0.075    26.4058     6.7599     83.983  35.231503     34.284      7.416   264.3452     1.1363     0.6619     0.0237      0.000      0.074      0.107         85 1.1998e+03 0.0000e+00
