Data/DataNotYetUploadedToEDI/Raw_CTD/RawDownloads/061818_fcr50.cnv
* Sea-Bird SBE19plus  Data File:
* FileName = C:\DATA\061818_fcr_0001.hex
* Software version 2.6.3.104
* Temperature SN = 7809
* Conductivity SN = 7809
* System UpLoad Time = Jun 18 2018 19:16:31
* <ApplicationData>
* <Seaterm232>
# nquan = 17
# nvalues = 821                         
# units = specified
# name 0 = depFM: Depth [fresh water, m]
# name 1 = tv290C: Temperature [ITS-90, deg C]
# name 2 = sbeox0Mg/L: Oxygen, SBE 43 [mg/l]
# name 3 = sbeox0PS: Oxygen, SBE 43 [% saturation]
# name 4 = c0uS/cm: Conductivity [uS/cm]
# name 5 = specc: Specific Conductance [uS/cm]
# name 6 = ph: pH
# name 7 = orp: Oxidation Reduction Potential [mV]
# name 8 = flECO-AFL: Fluorescence, WET Labs ECO-AFL/FL [mg/m^3]
# name 9 = turbWETntu0: Turbidity, WET Labs ECO [NTU]
# name 10 = sal00: Salinity, Practical [PSU]
# name 11 = dz/dtM: Descent Rate [m/s]
# name 12 = prdM: Pressure, Strain Gauge [db]
# name 13 = prdE: Pressure, Strain Gauge [psi]
# name 14 = scan: Scan Count
# name 15 = par/sat/log: PAR/Logarithmic, Satlantic
# name 16 = flag:  0.000e+00
# span 0 =     -0.524,      9.723       
# span 1 =    10.6255,    28.6525       
# span 2 =     4.0358,    10.4723       
# span 3 =     37.503,    122.052       
# span 4 =   0.839321,  50.169476       
# span 5 =      0.865,     70.933       
# span 6 =     -2.381,      7.717       
# span 7 = -1240.7455,  1240.2295       
# span 8 =    -0.1941,     7.3190       
# span 9 =    -4.7629,    37.7499       
# span 10 =     0.0131,     0.0344      
# span 11 =     -0.167,      0.190      
# span 12 =     -0.513,      9.534      
# span 13 =     -0.745,     13.829      
# span 14 =          1,        821      
# span 15 = 1.2468e-01, 1.8738e+03      
# span 16 = 0.0000e+00, 0.0000e+00      
# interval = seconds: 0.25
# start_time = Jun 18 2018 13:48:57 [Instrument's time stamp, header]
# bad_flag = -9.990e-29
*END*
[from data line 596]
      5.228    10.7104     7.9046     71.139  31.094606     43.556      6.461   335.1004     2.1472     2.3941     0.0224      0.088      5.124      7.432        597 1.1358e+01 0.0000e+00
      5.253    10.6963     7.9159     71.243  31.049615     43.434      6.457   336.5390     2.1229     2.3002     0.0223      0.101      5.151      7.471        598 1.1019e+01 0.0000e+00
      5.279    10.6858     7.9235     71.316  31.068195     43.521      6.453   336.8419     2.1310     2.3002     0.0223      0.112      5.175      7.506        599 1.0763e+01 0.0000e+00
      5.300    10.6793     7.9241     71.314  31.101138     43.539      6.453   336.8797     2.0946     2.5284     0.0223      0.119      5.196      7.535        600 1.0552e+01 0.0000e+00
      5.315    10.6749     7.9252     71.320  31.067927     43.551      6.449   338.4697     2.1027     2.3673     0.0223      0.118      5.213      7.560        601 1.0373e+01 0.0000e+00
      5.331    10.6752     7.9269     71.334  31.050225     43.481      6.451   338.8105     2.0987     2.5150     0.0223      0.109      5.229      7.584        602 1.0151e+01 0.0000e+00
      5.351    10.6770     7.9240     71.309  31.093519     43.604      6.447   334.6462     2.0704     2.4210     0.0224      0.095      5.249      7.613        603 9.8677e+00 0.0000e+00
      5.376    10.6755     7.9203     71.283  31.103008     43.564      6.447   335.8576     1.7671     2.6627     0.0223      0.084      5.272      7.646        604 9.5848e+00 0.0000e+00
      5.400    10.6720     7.9261     71.337  31.127374     43.640      6.447   335.9333     1.7550     2.6224     0.0224      0.080      5.294      7.679        605 9.3778e+00 0.0000e+00
      5.420    10.6689     7.9280     71.350  31.092848     43.564      6.440   335.7819     1.7752     2.6761     0.0223      0.080      5.313      7.706        606 9.2028e+00 0.0000e+00
      5.434    10.6669     7.9283     71.350  31.027366     43.490      6.440   337.9019     1.7671     2.7298     0.0223      0.078      5.326      7.725        607 9.1303e+00 0.0000e+00
      5.440    10.6688     7.9361     71.420  31.030952     43.494      6.438   338.2047     1.7833     2.6761     0.0223      0.075      5.335      7.738        608 9.0474e+00 0.0000e+00
      5.449    10.6704     7.9319     71.385  31.029082     43.496      6.439   338.6212     1.8965     2.4613     0.0223      0.070      5.344      7.751        609 8.8702e+00 0.0000e+00
      5.460    10.6670     7.9261     71.336  31.059347     43.533      6.435   334.2297     1.9046     2.4747     0.0223      0.064      5.353      7.764        610 8.8169e+00 0.0000e+00
      5.466    10.6641     7.9162     71.248  31.082245     43.570      6.436   334.2676     1.9127     2.4076     0.0223      0.054      5.359      7.773        611 8.7663e+00 0.0000e+00
      5.470    10.6631     7.9127     71.218  31.089543     43.575      6.434   334.5326     1.8884     2.4210     0.0223      0.044      5.366      7.783        612 8.6842e+00 0.0000e+00
      5.481    10.6645     7.9006     71.111  31.079918     43.578      6.433   336.3876     1.9369     2.4881     0.0223      0.036      5.380      7.803        613 8.4928e+00 0.0000e+00
      5.508    10.6685     7.9003     71.106  31.034920     43.501      6.431   336.9933     1.9046     2.3270     0.0223      0.037      5.403      7.837        614 8.1249e+00 0.0000e+00
      5.539    10.6694     7.8969     71.075  31.026932     43.499      6.425   337.0312     1.8803     2.5150     0.0223      0.046      5.428      7.873        615 7.8836e+00 0.0000e+00
      5.557    10.6673     7.8991     71.112  31.060204     43.533      6.423   335.6304     1.8722     2.4613     0.0223      0.056      5.446      7.899        616 7.8141e+00 0.0000e+00
      5.563    10.6658     7.9074     71.191  31.082470     43.571      6.421   335.0626     1.9005     2.5150     0.0223      0.061      5.455      7.911        617 7.7937e+00 0.0000e+00
      5.567    10.6654     7.9240     71.332  31.088180     43.574      6.417   334.9869     1.9167     2.4344     0.0223      0.062      5.459      7.917        618 7.7753e+00 0.0000e+00
      5.570    10.6673     7.9257     71.343  31.082752     43.576      6.415   335.5547     1.8722     2.4344     0.0223      0.060      5.462      7.921        619 7.7508e+00 0.0000e+00
      5.572    10.6690     7.9309     71.391  31.089226     43.576      6.416   335.6304     1.9046     2.4210     0.0223      0.053      5.465      7.926        620 7.7221e+00 0.0000e+00
      5.577    10.6695     7.9298     71.380  31.080121     43.574      6.416   336.0847     1.7024     2.5150     0.0223      0.042      5.470      7.933        621 7.6576e+00 0.0000e+00
      5.584    10.6704     7.9297     71.371  31.064430     43.532      6.415   337.3719     1.7064     2.5687     0.0223      0.030      5.475      7.941        622 7.5868e+00 0.0000e+00
      5.588    10.6715     7.9182     71.257  31.079102     43.572      6.416   335.7819     1.7105     2.4076     0.0223      0.020      5.480      7.947        623 7.5812e+00 0.0000e+00
      5.591    10.6701     7.9096     71.172  31.091516     43.570      6.417   335.5926     1.7064     2.4076     0.0223      0.016      5.486      7.956        624 7.5244e+00 0.0000e+00
      5.602    10.6709     7.9004     71.087  31.078635     43.569      6.415   335.9712     1.6620     2.4747     0.0223      0.018      5.498      7.974        625 7.3193e+00 0.0000e+00
      5.627    10.6798     7.8918     71.010  31.035827     43.492      6.411   336.4254     1.6984     2.5016     0.0223      0.025      5.518      8.003        626 7.0795e+00 0.0000e+00
      5.650    10.6833     7.8958     71.044  31.085484     43.570      6.410   335.8954     1.7145     2.5687     0.0223      0.036      5.538      8.033        627 7.0059e+00 0.0000e+00
      5.664    10.6780     7.9021     71.100  31.105792     43.597      6.406   338.8862     1.7145     2.4747     0.0224      0.045      5.555      8.057        628 6.9122e+00 0.0000e+00
      5.680    10.6753     7.9104     71.174  31.040204     43.476      6.405   338.0533     1.6943     2.3941     0.0223      0.053      5.569      8.077        629 6.7572e+00 0.0000e+00
      5.691    10.6760     7.9125     71.195  31.078150     43.561      6.405   337.5233     1.7914     2.6761     0.0223      0.059      5.582      8.096        630 6.7071e+00 0.0000e+00
      5.704    10.6756     7.9160     71.225  31.088222     43.564      6.402   338.0533     1.8358     2.6627     0.0223      0.063      5.599      8.121        631 6.5114e+00 0.0000e+00
      5.735    10.6705     7.9279     71.327  31.027671     43.485      6.398   336.9176     1.8197     2.7701     0.0223      0.068      5.624      8.157        632 6.2088e+00 0.0000e+00
      5.766    10.6640     7.9338     71.376  31.034896     43.485      6.394   337.5990     1.8075     2.7164     0.0223      0.073      5.651      8.197        633 6.0099e+00 0.0000e+00
      5.786    10.6597     7.9439     71.467  31.049579     43.531      6.391   341.8012     1.9491     2.6896     0.0223      0.075      5.673      8.229        634 5.8682e+00 0.0000e+00
      5.805    10.6586     7.9502     71.524  31.039053     43.500      6.387   340.7790     1.9369     2.7433     0.0223      0.078      5.692      8.256        635 5.7292e+00 0.0000e+00
      5.822    10.6587     7.9558     71.577  31.077651     43.583      6.388   340.8169     1.9491     2.7164     0.0223      0.082      5.709      8.280        636 5.6409e+00 0.0000e+00
      5.837    10.6578     7.9585     71.603  31.031198     43.506      6.383   341.1197     1.9531     2.7164     0.0223      0.083      5.726      8.305        637 5.5107e+00 0.0000e+00
      5.859    10.6570     7.9586     71.606  31.037558     43.506      6.384   339.3026     1.8601     2.6493     0.0223      0.084      5.745      8.333        638 5.3279e+00 0.0000e+00
      5.880    10.6564     7.9595     71.613  31.069736     43.586      6.385   339.4162     1.9046     2.6359     0.0223      0.082      5.764      8.360        639 5.2597e+00 0.0000e+00
      5.893    10.6575     7.9489     71.514  31.050459     43.508      6.383   339.4540     1.8682     2.7030     0.0223      0.075      5.779      8.382        640 5.2261e+00 0.0000e+00
      5.907    10.6572     7.9451     71.479  31.091203     43.627      6.381   343.4669     1.9086     2.7433     0.0224      0.070      5.794      8.403        641 5.1248e+00 0.0000e+00
      5.925    10.6540     7.9354     71.391  31.048684     43.507      6.380   343.1262     1.8763     2.6224     0.0223      0.068      5.810      8.426        642 5.0070e+00 0.0000e+00
      5.941    10.6517     7.9292     71.333  31.014414     43.508      6.378   342.8612     1.8844     2.7433     0.0223      0.067      5.826      8.451        643 4.9142e+00 0.0000e+00
      5.958    10.6511     7.9224     71.269  31.044894     43.512      6.378   341.7633     1.8965     2.7298     0.0223      0.066      5.845      8.477        644 4.7984e+00 0.0000e+00
      5.980    10.6518     7.9155     71.206  31.070059     43.593      6.377   341.5740     1.8884     2.6761     0.0223      0.067      5.867      8.509        645 4.6205e+00 0.0000e+00
      6.011    10.6534     7.9118     71.173  31.101708     43.594      6.375   341.8012     1.8884     2.6359     0.0223      0.070      5.897      8.552        646 4.4304e+00 0.0000e+00
      6.049    10.6547     7.9108     71.162  31.094466     43.632      6.372   343.3155     1.8156     2.6493     0.0224      0.079      5.933      8.604        647 4.2444e+00 0.0000e+00
      6.090    10.6557     7.9139     71.187  31.049419     43.513      6.362   344.3376     1.7954     2.7164     0.0223      0.093      5.969      8.658        648 4.0684e+00 0.0000e+00
      6.123    10.6544     7.9221     71.259  31.068811     43.589      6.359   344.4512     1.8237     2.7433     0.0223      0.106      6.002      8.705        649 3.9044e+00 0.0000e+00
      6.148    10.6523     7.9181     71.225  31.040681     43.510      6.355   344.7162     1.8358     2.6224     0.0223      0.116      6.028      8.744        650 3.7939e+00 0.0000e+00
      6.171    10.6518     7.9254     71.292  30.965815     43.433      6.354   344.7919     1.7388     2.6493     0.0223      0.121      6.053      8.779        651 3.7297e+00 0.0000e+00
      6.196    10.6515     7.9300     71.333  31.043369     43.514      6.350   344.6026     1.7833     2.7030     0.0223      0.123      6.078      8.815        652 3.6008e+00 0.0000e+00
      6.226    10.6507     7.9219     71.259  31.092429     43.632      6.348   341.8769     1.7671     2.5687     0.0224      0.121      6.105      8.855        653 3.4922e+00 0.0000e+00
      6.253    10.6489     7.9233     71.270  31.053027     43.515      6.346   343.6940     1.7873     2.6761     0.0223      0.115      6.130      8.890        654 3.4392e+00 0.0000e+00
      6.271    10.6481     7.9241     71.277  31.062755     43.594      6.345   344.3376     1.7469     2.7298     0.0223      0.107      6.150      8.919        655 3.3312e+00 0.0000e+00
      6.289    10.6484     7.9295     71.325  31.050669     43.518      6.345   344.3376     1.7550     2.6224     0.0223      0.098      6.169      8.947        656 3.2505e+00 0.0000e+00
      6.311    10.6472     7.9250     71.284  31.068066     43.598      6.345   344.3755     1.7550     2.7298     0.0223      0.094      6.190      8.977        657 3.1942e+00 0.0000e+00
      6.335    10.6452     7.9297     71.327  31.100411     43.597      6.343   345.3598     1.7995     2.6896     0.0223      0.091      6.214      9.012        658 3.0747e+00 0.0000e+00
      6.362    10.6446     7.9279     71.308  31.099376     43.638      6.342   341.8769     1.7550     2.7164     0.0224      0.091      6.240      9.050        659 2.9789e+00 0.0000e+00
      6.390    10.6457     7.9252     71.283  31.039702     43.523      6.339   343.4290     1.7388     2.7164     0.0223      0.091      6.266      9.089        660 2.8760e+00 0.0000e+00
      6.418    10.6465     7.9219     71.254  31.026412     43.523      6.340   343.6183     1.7469     2.6224     0.0223      0.092      6.294      9.129        661 2.7606e+00 0.0000e+00
      6.449    10.6463     7.9285     71.315  31.026960     43.522      6.336   343.2019     1.7307     2.5956     0.0223      0.097      6.321      9.168        662 2.7189e+00 0.0000e+00
      6.470    10.6456     7.9268     71.301  31.039021     43.521      6.334   343.0126     1.7145     2.9044     0.0223      0.101      6.343      9.200        663 2.7048e+00 0.0000e+00
      6.485    10.6446     7.9297     71.327  31.070706     43.600      6.334   345.0948     1.6943     2.8373     0.0223      0.101      6.360      9.225        664 2.6588e+00 0.0000e+00
      6.503    10.6445     7.9372     71.396  31.046833     43.522      6.335   345.1326     1.6984     2.8104     0.0223      0.097      6.378      9.251        665 2.5421e+00 0.0000e+00
      6.525    10.6440     7.9390     71.414  31.039079     43.563      6.332   340.8169     1.6984     2.9044     0.0223      0.093      6.398      9.280        666 2.4960e+00 0.0000e+00
      6.546    10.6436     7.9378     71.404  31.050704     43.523      6.332   341.4226     1.7024     2.7298     0.0223      0.088      6.417      9.307        667 2.4862e+00 0.0000e+00
      6.560    10.6439     7.9450     71.468  31.062016     43.602      6.333   341.6497     1.6781     2.5821     0.0223      0.082      6.433      9.330        668 2.3876e+00 0.0000e+00
      6.574    10.6428     7.9388     71.410  31.054652     43.525      6.332   343.5048     1.6822     2.6224     0.0223      0.075      6.447      9.351        669 2.3616e+00 0.0000e+00
      6.589    10.6421     7.9383     71.403  31.059869     43.602      6.330   343.5805     1.6822     2.6761     0.0223      0.070      6.462      9.372        670 2.3541e+00 0.0000e+00
      6.605    10.6429     7.9305     71.333  31.055526     43.526      6.333   343.6562     1.7064     2.6761     0.0223      0.067      6.478      9.395        671 2.2605e+00 0.0000e+00
      6.623    10.6434     7.9223     71.260  31.030406     43.566      6.332   341.0062     1.9208     2.6896     0.0223      0.066      6.494      9.419        672 2.2080e+00 0.0000e+00
      6.639    10.6437     7.9161     71.208  31.002173     43.447      6.333   340.8926     1.8844     2.6761     0.0223      0.064      6.510      9.443        673 2.2294e+00 0.0000e+00
      6.655    10.6442     7.9090     71.141  31.061011     43.603      6.330   340.9305     1.8803     2.6761     0.0223      0.062      6.525      9.464        674 2.1685e+00 0.0000e+00
      6.669    10.6451     7.9013     71.072  31.046142     43.524      6.334   341.8769     1.8682     2.6493     0.0223      0.062      6.539      9.484        675 2.1361e+00 0.0000e+00
      6.680    10.6462     7.8933     71.001  31.020676     43.524      6.332   341.7633     1.7792     2.8776     0.0223      0.061      6.552      9.503        676 2.1439e+00 0.0000e+00
      6.695    10.6468     7.8957     71.023  31.092702     43.601      6.331   341.9905     1.7752     2.8507     0.0223      0.060      6.567      9.525        677 2.0560e+00 0.0000e+00
      6.714    10.6463     7.8941     71.005  31.104769     43.639      6.329   343.3533     1.7752     2.9044     0.0224      0.060      6.585      9.551        678 1.9899e+00 0.0000e+00
      6.736    10.6447     7.8968     71.029  31.035309     43.520      6.332   342.2176     1.7307     2.9313     0.0223      0.061      6.605      9.579        679 1.9514e+00 0.0000e+00
      6.754    10.6435     7.8988     71.046  31.030881     43.521      6.330   342.4448     1.8399     2.7433     0.0223      0.063      6.622      9.605        680 1.9195e+00 0.0000e+00
