Data/DataNotYetUploadedToEDI/Raw_CTD/RawDownloads/061820_fcr50.cnv
* Sea-Bird SBE19plus  Data File:
* FileName = C:\DATA\20200618_fcr50_0003.hex
* Software version 2.8.0.119 SB_Terminal.dll
* Temperature SN = 7809
* Conductivity SN = 7809
* System UpLoad Time = Jun 19 2020 16:19:41
* <ApplicationData>
* <Seaterm232>
# nquan = 16
# nvalues = 1477                        
# units = specified
# name 0 = depFM: Depth [fresh water, m]
# name 1 = dz/dtM: Descent Rate [m/s]
# name 2 = sbeox0ML/L: Oxygen, SBE 43 [ml/l]
# name 3 = sbeox0PS: Oxygen, SBE 43 [% saturation]
# name 4 = specc: Specific Conductance [uS/cm]
# name 5 = c0uS/cm: Conductivity [uS/cm]
# name 6 = flECO-AFL: Fluorescence, WET Labs ECO-AFL/FL [mg/m^3]
# name 7 = ph: pH
# name 8 = orp: Oxidation Reduction Potential [mV]
# name 9 = par/sat/log: PAR/Logarithmic, Satlantic
# name 10 = turbWETntu0: Turbidity, WET Labs ECO [NTU]
# name 11 = prdM: Pressure, Strain Gauge [db]
# name 12 = prdE: Pressure, Strain Gauge [psi]
# name 13 = tv290C: Temperature [ITS-90, deg C]
# name 14 = density00: Density [density, kg/m^3]
# name 15 = flag:  0.000e+00
# span 0 =     -0.647,      9.673       
# span 1 =     -0.110,      0.151       
# span 2 =     0.0301,     6.8142       
# span 3 =      0.417,    104.576       
# span 4 =      0.553,    126.309       
# span 5 =   0.485045,  85.508463       
# span 6 =    -0.9775,    13.9512       
# span 7 =      6.482,      8.511       
# span 8 =   -89.1396,   523.6781       
# span 9 = 1.2353e-01, 3.3927e+01       
# span 10 =    -0.3665,    81.5234      
# span 11 =     -0.635,      9.486      
# span 12 =     -0.921,     13.758      
# span 13 =     8.8220,    19.1326      
# span 14 =   998.3939,   999.8870      
# span 15 = 0.0000e+00, 0.0000e+00      
# interval = seconds: 0.25
# start_time = Jun 18 2020 07:01:02 [Instrument's time stamp, header]
# bad_flag = -9.990e-29
*END*
[from data line 814]
      3.803      0.025     0.1144      1.511     45.551  33.942028    10.3439      6.667   240.9728 1.2373e-01     6.7979      3.730      5.409    12.3205   999.4981 0.0000e+00
      3.809      0.026     0.1174      1.505     45.571  33.945437    10.2859      6.667   240.2062 1.2371e-01     6.7402      3.736      5.418    12.3004   999.5006 0.0000e+00
      3.817      0.026     0.1142      1.490     45.533  33.910875    10.1701      6.665   239.8247 1.2370e-01     6.6720      3.743      5.429    12.2837   999.5026 0.0000e+00
      3.826      0.026     0.1102      1.495     45.519  33.904854    10.0879      6.663   239.6292 1.2370e-01     6.6596      3.753      5.443    12.2692   999.5045 0.0000e+00
      3.833      0.026     0.1151      1.486     45.545  33.936092    10.0359      6.662   239.0471 1.2368e-01     6.6594      3.759      5.452    12.2544   999.5064 0.0000e+00
      3.838      0.025     0.1132      1.446     45.670  34.034770     9.6557      6.661   238.2063 1.2373e-01     6.6687      3.764      5.459    12.2407   999.5080 0.0000e+00
      3.844      0.025     0.1105      1.402     45.826  34.146165     8.9627      6.660   237.2929 1.2375e-01     6.7722      3.770      5.468    12.2303   999.5092 0.0000e+00
      3.849      0.024     0.1129      1.367     45.918  34.204226     8.5895      6.659   236.3499 1.2370e-01     6.8467      3.775      5.475    12.2348   999.5087 0.0000e+00
      3.856      0.024     0.1125      1.325     45.965  34.229136     8.5199      6.656   235.7521 1.2365e-01     6.8149      3.781      5.484    12.2556   999.5063 0.0000e+00
      3.863      0.023     0.1086      1.280     46.014  34.256977     8.0251      6.654   235.4847 1.2365e-01     6.6622      3.789      5.495    12.2653   999.5052 0.0000e+00
      3.870      0.022     0.1043      1.237     46.147  34.350477     7.1180      6.653   234.9242 1.2365e-01     6.4421      3.795      5.505    12.2555   999.5065 0.0000e+00
      3.875      0.021     0.1034      1.201     46.322  34.471267     6.6220      6.652   233.9660 1.2369e-01     6.3508      3.801      5.513    12.2419   999.5082 0.0000e+00
      3.879      0.020     0.0994      1.213     46.397  34.511784     6.5587      6.651   233.0190 1.2376e-01     6.3475      3.805      5.518    12.2301   999.5096 0.0000e+00
      3.884      0.018     0.0955      1.242     46.433  34.523066     6.2853      6.650   232.2501 1.2377e-01     6.1628      3.808      5.522    12.2194   999.5108 0.0000e+00
      3.889      0.016     0.0937      1.232     46.560  34.607663     5.7769      6.649   231.6386 1.2370e-01     5.7998      3.814      5.532    12.2163   999.5113 0.0000e+00
      3.894      0.016     0.0877      1.187     46.786  34.773158     5.4944      6.648   231.1307 1.2370e-01     5.5973      3.819      5.539    12.2106   999.5120 0.0000e+00
      3.898      0.017     0.0903      1.118     47.011  34.937651     5.4635      6.647   230.6694 1.2375e-01     5.6020      3.822      5.544    12.1896   999.5145 0.0000e+00
      3.900      0.018     0.0955      1.070     47.205  35.073572     5.4519      6.646   230.2776 1.2374e-01     5.6510      3.824      5.547    12.1690   999.5169 0.0000e+00
      3.904      0.019     0.0928      1.079     47.410  35.210879     5.4295      6.645   230.0066 1.2373e-01     5.6745      3.827      5.551    12.1589   999.5181 0.0000e+00
      3.910      0.020     0.0902      1.085     47.591  35.328658     5.4115      6.644   229.8023 1.2376e-01     5.6460      3.833      5.560    12.1580   999.5184 0.0000e+00
      3.916      0.022     0.0839      1.064     47.736  35.418830     5.4160      6.643   229.5285 1.2374e-01     5.6157      3.841      5.570    12.1593   999.5183 0.0000e+00
      3.922      0.022     0.0774      1.067     47.834  35.476166     5.5124      6.641   229.1908 1.2372e-01     5.6168      3.846      5.578    12.1494   999.5196 0.0000e+00
      3.928      0.021     0.0819      1.104     47.902  35.514224     5.6996      6.641   228.9892 1.2373e-01     5.6252      3.852      5.586    12.1322   999.5216 0.0000e+00
      3.933      0.020     0.0833      1.140     47.980  35.561676     5.8013      6.640   228.8115 1.2368e-01     5.6143      3.858      5.596    12.1143   999.5238 0.0000e+00
      3.938      0.019     0.0786      1.156     48.053  35.605683     5.7981      6.638   228.5049 1.2366e-01     5.5883      3.863      5.602    12.0956   999.5261 0.0000e+00
      3.942      0.019     0.0791      1.143     48.147  35.665548     5.7951      6.638   227.9494 1.2368e-01     5.5849      3.866      5.607    12.0787   999.5280 0.0000e+00
      3.946      0.020     0.0836      1.107     48.311  35.777809     5.8505      6.637   227.0857 1.2368e-01     5.6082      3.869      5.612    12.0654   999.5296 0.0000e+00
      3.951      0.021     0.0862      1.085     48.471  35.884202     5.9528      6.634   226.2352 1.2367e-01     5.6287      3.874      5.619    12.0559   999.5307 0.0000e+00
      3.956      0.023     0.0880      1.099     48.562  35.936582     6.0020      6.632   225.5817 1.2370e-01     5.6273      3.878      5.625    12.0458   999.5319 0.0000e+00
      3.962      0.025     0.0871      1.116     48.622  35.966895     5.9776      6.632   225.0348 1.2372e-01     5.5914      3.884      5.633    12.0355   999.5331 0.0000e+00
      3.970      0.028     0.0830      1.090     48.675  35.996850     5.8104      6.631   224.5272 1.2374e-01     5.5379      3.893      5.648    12.0270   999.5342 0.0000e+00
      3.978      0.030     0.0806      1.060     48.744  36.044922     5.5256      6.629   224.0045 1.2381e-01     5.4604      3.902      5.660    12.0143   999.5358 0.0000e+00
      3.984      0.030     0.0821      1.066     48.826  36.103907     5.3763      6.626   223.3602 1.2383e-01     5.4105      3.907      5.666    11.9980   999.5377 0.0000e+00
      3.993      0.029     0.0867      1.075     48.883  36.138881     5.3402      6.625   222.7608 1.2379e-01     5.4160      3.915      5.678    11.9827   999.5395 0.0000e+00
      4.002      0.028     0.0821      1.048     48.917  36.150472     5.0127      6.625   222.2633 1.2376e-01     5.3887      3.925      5.692    11.9704   999.5409 0.0000e+00
      4.010      0.026     0.0782      1.022     48.977  36.180585     4.4212      6.624   221.6468 1.2372e-01     5.2862      3.932      5.703    11.9699   999.5411 0.0000e+00
      4.017      0.025     0.0802      1.034     49.087  36.249119     4.1002      6.623   220.9000 1.2368e-01     5.1724      3.939      5.713    11.9731   999.5408 0.0000e+00
      4.022      0.022     0.0830      1.039     49.230  36.344487     4.0502      6.621   219.9450 1.2371e-01     5.1462      3.945      5.722    11.9645   999.5418 0.0000e+00
      4.026      0.020     0.0791      1.019     49.380  36.445201     3.8829      6.619   218.7033 1.2376e-01     5.2099      3.948      5.726    11.9487   999.5436 0.0000e+00
      4.029      0.020     0.0751      1.016     49.490  36.514917     3.5848      6.618   217.4154 1.2374e-01     5.2895      3.951      5.730    11.9326   999.5455 0.0000e+00
      4.034      0.020     0.0788      1.028     49.557  36.552794     3.4212      6.617   216.2469 1.2368e-01     5.3534      3.956      5.738    11.9195   999.5470 0.0000e+00
      4.040      0.020     0.0798      1.008     49.616  36.585840     3.4027      6.615   214.7283 1.2367e-01     5.3647      3.962      5.747    11.9105   999.5481 0.0000e+00
      4.047      0.021     0.0761      0.979     49.727  36.660610     3.2555      6.614   212.1325 1.2363e-01     5.2202      3.969      5.756    11.9006   999.5493 0.0000e+00
      4.052      0.021     0.0755      0.971     49.866  36.758745     2.9671      6.614   209.0378 1.2362e-01     4.9801      3.975      5.765    11.8885   999.5507 0.0000e+00
      4.056      0.020     0.0797      0.956     49.952  36.820446     2.8060      6.613   206.6494 1.2366e-01     4.8645      3.979      5.771    11.8765   999.5521 0.0000e+00
      4.061      0.019     0.0765      0.943     50.064  36.898921     2.7957      6.612   204.8508 1.2365e-01     4.8876      3.981      5.776    11.8655   999.5533 0.0000e+00
      4.067      0.019     0.0722      0.937     50.224  37.009481     2.7852      6.610   203.1224 1.2361e-01     4.9157      3.988      5.785    11.8570   999.5544 0.0000e+00
      4.072      0.018     0.0751      0.922     50.332  37.078345     2.5649      6.609   201.5825 1.2369e-01     4.7913      3.994      5.793    11.8546   999.5549 0.0000e+00
      4.076      0.017     0.0716      0.907     50.372  37.096904     2.1531      6.608   200.3430 1.2378e-01     4.5511      3.996      5.796    11.8546   999.5548 0.0000e+00
      4.080      0.015     0.0708      0.896     50.393  37.106938     1.9265      6.607   199.0621 1.2375e-01     4.4496      4.000      5.802    11.8491   999.5555 0.0000e+00
      4.085      0.015     0.0718      0.914     50.522  37.199649     1.9128      6.606   197.3666 1.2372e-01     4.4558      4.007      5.811    11.8426   999.5564 0.0000e+00
      4.088      0.016     0.0691      0.946     50.796  37.392824     1.9397      6.606   195.5011 1.2376e-01     4.4212      4.010      5.816    11.8328   999.5575 0.0000e+00
      4.090      0.017     0.0695      0.956     51.016  37.538667     1.9659      6.605   194.0596 1.2375e-01     4.3744      4.011      5.817    11.8177   999.5592 0.0000e+00
      4.093      0.019     0.0660      0.949     51.165  37.630255     1.9724      6.603   192.8429 1.2371e-01     4.3708      4.012      5.819    11.8120   999.5598 0.0000e+00
      4.099      0.021     0.0691      0.970     51.330  37.738603     1.9700      6.601   191.5447 1.2369e-01     4.4112      4.019      5.829    11.8152   999.5595 0.0000e+00
      4.107      0.024     0.0721      0.980     51.382  37.769765     1.9181      6.599   190.4950 1.2369e-01     4.4857      4.029      5.843    11.8086   999.5604 0.0000e+00
      4.113      0.026     0.0739      0.945     51.274  37.689698     1.8031      6.599   189.7015 1.2372e-01     4.5844      4.034      5.850    11.7874   999.5630 0.0000e+00
      4.119      0.026     0.0699      0.928     51.138  37.595574     1.7234      6.599   189.0920 1.2373e-01     4.6435      4.039      5.857    11.7676   999.5652 0.0000e+00
      4.127      0.026     0.0735      0.926     51.110  37.583706     1.7177      6.598   188.6316 1.2372e-01     4.6518      4.048      5.871    11.7568   999.5664 0.0000e+00
      4.134      0.025     0.0778      0.946     51.220  37.673148     1.7341      6.595   188.0928 1.2375e-01     4.5463      4.055      5.880    11.7484   999.5674 0.0000e+00
      4.139      0.025     0.0689      0.991     51.368  37.788495     1.7401      6.594   187.4822 1.2373e-01     4.3300      4.058      5.886    11.7473   999.5675 0.0000e+00
      4.145      0.026     0.0713      1.015     51.517  37.899455     1.7335      6.594   186.9270 1.2363e-01     4.2331      4.064      5.895    11.7550   999.5666 0.0000e+00
      4.152      0.026     0.0693      0.995     51.661  37.999296     1.7206      6.593   186.4560 1.2363e-01     4.2333      4.072      5.906    11.7652   999.5655 0.0000e+00
      4.159      0.026     0.0703      0.948     51.732  38.043676     1.7370      6.592   186.0042 1.2368e-01     4.2647      4.078      5.915    11.7737   999.5647 0.0000e+00
      4.166      0.026     0.0761      0.918     51.744  38.055229     1.7885      6.591   185.6798 1.2368e-01     4.3716      4.085      5.924    11.7807   999.5640 0.0000e+00
      4.173      0.025     0.0782      0.916     51.748  38.075522     1.8099      6.589   185.5448 1.2368e-01     4.4271      4.093      5.936    11.7839   999.5637 0.0000e+00
      4.179      0.023     0.0765      0.930     51.753  38.098652     1.7956      6.587   185.2319 1.2368e-01     4.4206      4.099      5.946    11.7761   999.5647 0.0000e+00
      4.185      0.022     0.0709      0.947     51.806  38.144517     1.7873      6.586   184.6507 1.2369e-01     4.4309      4.104      5.952    11.7631   999.5661 0.0000e+00
      4.190      0.020     0.0687      0.952     51.962  38.249282     1.7948      6.586   184.1098 1.2371e-01     4.3803      4.110      5.960    11.7633   999.5662 0.0000e+00
      4.195      0.018     0.0692      0.954     52.132  38.349863     1.8007      6.586   183.6821 1.2372e-01     4.2206      4.114      5.967    11.7854   999.5638 0.0000e+00
      4.199      0.018     0.0703      0.956     52.254  38.408596     1.7926      6.585   183.2652 1.2372e-01     4.1130      4.117      5.972    11.8106   999.5608 0.0000e+00
      4.202      0.018     0.0720      0.925     52.441  38.515111     1.7816      6.584   182.5105 1.2371e-01     4.1432      4.121      5.977    11.8178   999.5601 0.0000e+00
      4.207      0.019     0.0728      0.893     52.624  38.622204     1.7348      6.582   181.1819 1.2369e-01     4.2082      4.126      5.984    11.8063   999.5616 0.0000e+00
      4.212      0.020     0.0709      0.874     52.737  38.687934     1.6567      6.580   179.5917 1.2363e-01     4.2470      4.131      5.992    11.7825   999.5643 0.0000e+00
      4.217      0.021     0.0749      0.825     52.989  38.865539     1.6185      6.579   177.9963 1.2360e-01     4.2341      4.134      5.996    11.7477   999.5681 0.0000e+00
      4.223      0.023     0.0699      0.779     53.358  39.119408     1.6069      6.578   176.6905 1.2366e-01     4.1901      4.141      6.006    11.7182   999.5716 0.0000e+00
      4.230      0.025     0.0664      0.779     53.630  39.282115     1.5447      6.577   175.8481 1.2373e-01     4.1274      4.148      6.017    11.6914   999.5746 0.0000e+00
      4.235      0.027     0.0686      0.803     53.811  39.372961     1.4481      6.575   175.1252 1.2378e-01     4.0593      4.152      6.022    11.6696   999.5770 0.0000e+00
      4.242      0.028     0.0625      0.832     53.970  39.456134     1.4115      6.574   174.3170 1.2380e-01     4.0188      4.160      6.033    11.6740   999.5767 0.0000e+00
      4.251      0.028     0.0571      0.862     54.098  39.526059     1.4169      6.572   173.4755 1.2374e-01     3.9473      4.170      6.047    11.6647   999.5779 0.0000e+00
      4.259      0.027     0.0588      0.870     54.200  39.583685     1.4185      6.570   172.7801 1.2368e-01     3.9502      4.177      6.058    11.6207   999.5829 0.0000e+00
      4.266      0.025     0.0616      0.860     54.301  39.645093     1.4311      6.569   172.4485 1.2368e-01     4.0875      4.184      6.068    11.5777   999.5875 0.0000e+00
      4.272      0.023     0.0625      0.854     54.383  39.697280     1.4460      6.569   172.1329 1.2366e-01     4.1657      4.191      6.078    11.5481   999.5908 0.0000e+00
      4.277      0.021     0.0668      0.839     54.398  39.706889     1.4552      6.568   171.5449 1.2363e-01     4.1740      4.195      6.084    11.5273   999.5932 0.0000e+00
      4.281      0.019     0.0670      0.800     54.381  39.697804     1.4566      6.567   170.8459 1.2365e-01     4.1881      4.198      6.089    11.5125   999.5949 0.0000e+00
      4.286      0.019     0.0652      0.786     54.403  39.714382     1.4531      6.566   170.0477 1.2370e-01     4.2000      4.203      6.095    11.5013   999.5961 0.0000e+00
      4.291      0.019     0.0650      0.810     54.416  39.716920     1.4512      6.564   169.2934 1.2374e-01     4.2144      4.209      6.104    11.4929   999.5971 0.0000e+00
      4.296      0.019     0.0660      0.831     54.355  39.665008     1.4522      6.563   168.6956 1.2377e-01     4.2248      4.213      6.110    11.4914   999.5972 0.0000e+00
      4.301      0.019     0.0595      0.823     54.253  39.594473     1.4558      6.563   168.0671 1.2374e-01     4.2233      4.217      6.116    11.4975   999.5966 0.0000e+00
