Data/DataNotYetUploadedToEDI/Raw_CTD/RawDownloads/061818_fcr10.cnv
* Sea-Bird SBE19plus  Data File:
* FileName = C:\DATA\061818_fcr_0002.hex
* Software version 2.6.3.104
* Temperature SN = 7809
* Conductivity SN = 7809
* System UpLoad Time = Jun 18 2018 19:16:43
* <ApplicationData>
* <Seaterm232>
# nquan = 17
# nvalues = 316                         
# units = specified
# name 0 = depFM: Depth [fresh water, m]
# name 1 = tv290C: Temperature [ITS-90, deg C]
# name 2 = sbeox0Mg/L: Oxygen, SBE 43 [mg/l]
# name 3 = sbeox0PS: Oxygen, SBE 43 [% saturation]
# name 4 = c0uS/cm: Conductivity [uS/cm]
# name 5 = specc: Specific Conductance [uS/cm]
# name 6 = ph: pH
# name 7 = orp: Oxidation Reduction Potential [mV]
# name 8 = flECO-AFL: Fluorescence, WET Labs ECO-AFL/FL [mg/m^3]
# name 9 = turbWETntu0: Turbidity, WET Labs ECO [NTU]
# name 10 = sal00: Salinity, Practical [PSU]
# name 11 = dz/dtM: Descent Rate [m/s]
# name 12 = prdM: Pressure, Strain Gauge [db]
# name 13 = prdE: Pressure, Strain Gauge [psi]
# name 14 = scan: Scan Count
# name 15 = par/sat/log: PAR/Logarithmic, Satlantic
# name 16 = flag:  0.000e+00
# span 0 =     -0.513,      2.379       
# span 1 =    19.5145,    33.6482       
# span 2 =     5.9411,    15.3679       
# span 3 =     74.380,    171.120       
# span 4 =   0.932190,  36.359571       
# span 5 =      0.790,     37.571       
# span 6 =      6.398,      8.447       
# span 7 =   282.7060,  1240.2295       
# span 8 =    -0.4367,   258.2229       
# span 9 =    -2.6816,     4.8112       
# span 10 =     0.0145,     0.0243      
# span 11 =     -0.183,      0.295      
# span 12 =     -0.503,      2.333      
# span 13 =     -0.729,      3.383      
# span 14 =          1,        316      
# span 15 = 1.3013e+02, 2.6687e+03      
# span 16 = 0.0000e+00, 0.0000e+00      
# interval = seconds: 0.25
# start_time = Jun 18 2018 16:58:50 [Instrument's time stamp, header]
# bad_flag = -9.990e-29
*END*
[from data line 86]
      0.272    26.6601     5.9441     74.380  35.072550     33.958      7.585   292.3596     0.8290     1.2393     0.0237     -0.000      0.266      0.386         87 5.5599e+02 0.0000e+00
      0.271    26.6792     5.9426     74.380  35.092058     33.990      7.588   291.9810     0.8492     1.2125     0.0237     -0.000      0.266      0.386         88 7.1272e+02 0.0000e+00
      0.270    26.6931     5.9411     74.384  35.120464     33.976      7.586   291.2996     0.8735     1.2931     0.0237     -0.001      0.267      0.386         89 5.4103e+02 0.0000e+00
      0.274    26.7030     5.9441     74.421  35.096502     33.963      7.591   291.6403     0.8694     1.2662     0.0237      0.000      0.269      0.389         90 4.9015e+02 0.0000e+00
      0.279    26.7157     5.9412     74.393  35.062556     33.900      7.591   291.7160     0.8856     1.2259     0.0236      0.003      0.271      0.393         91 6.9376e+02 0.0000e+00
      0.276    26.7273     5.9476     74.455  35.103387     33.948      7.592   291.9053     0.8290     1.2259     0.0237      0.004      0.270      0.392         92 7.1936e+02 0.0000e+00
      0.272    26.7457     5.9770     74.796  35.253280     34.074      7.594   291.6403     0.8775     1.2662     0.0237      0.003      0.269      0.389         93 7.5046e+02 0.0000e+00
      0.273    26.7710     6.0109     75.290  35.231895     34.067      7.593   291.1860     0.8896     1.2662     0.0237      0.002      0.269      0.389         94 5.2204e+02 0.0000e+00
      0.276    26.7943     6.0474     75.870  35.189309     33.973      7.593   291.3753     0.8937     1.2931     0.0237      0.002      0.270      0.391         95 5.8771e+02 0.0000e+00
      0.276    26.8165     6.0548     76.036  35.276611     34.092      7.593   292.1703     0.8532     1.2662     0.0237      0.002      0.271      0.392         96 1.1686e+03 0.0000e+00
      0.275    26.8304     6.0670     76.355  35.271523     34.022      7.593   292.6246     0.9058     1.4408     0.0237      0.001      0.270      0.390         97 1.1380e+03 0.0000e+00
      0.272    26.8452     6.1133     77.445  35.284601     34.062      7.590   292.2839     0.9058     1.4945     0.0237     -0.001      0.267      0.387         98 6.4928e+02 0.0000e+00
      0.268    26.8608     6.2458     79.445  35.319639     34.052      7.589   291.6782     0.9422     1.4408     0.0237     -0.003      0.266      0.386         99 4.9663e+02 0.0000e+00
      0.275    26.8622     6.4587     82.301  35.227910     33.990      7.588   291.3375     0.9260     1.4810     0.0237     -0.001      0.271      0.393        100 7.5616e+02 0.0000e+00
      0.287    26.8675     6.7131     85.613  35.131836     33.843      7.588   292.1703     0.7926     1.2125     0.0237      0.003      0.278      0.404        101 6.0473e+02 0.0000e+00
      0.291    26.8529     6.9196     88.038  35.231597     33.979      7.580   292.3217     0.7966     1.0916     0.0237      0.006      0.282      0.409        102 8.0400e+02 0.0000e+00
      0.283    26.8369     7.1188     90.085  35.370669     34.082      7.575   292.3596     0.7683     1.1991     0.0238      0.006      0.277      0.401        103 1.0779e+03 0.0000e+00
      0.272    26.8840     7.3425     92.446  35.344306     34.091      7.576   292.4353     0.8128     1.2931     0.0238      0.004      0.269      0.389        104 8.6074e+02 0.0000e+00
      0.267    26.9775     7.5735     95.001  35.264411     33.997      7.576   292.1703     0.7198     1.2393     0.0237      0.001      0.265      0.383        105 9.6297e+02 0.0000e+00
      0.272    27.0242     7.7616     97.109  35.232839     33.963      7.574   292.1325     0.7441     1.2259     0.0237     -0.001      0.265      0.383        106 1.0160e+03 0.0000e+00
      0.271    27.1648     7.8812     98.440  35.264947     33.904      7.572   292.0946     0.7238     1.1856     0.0237     -0.004      0.255      0.370        107 1.5112e+03 0.0000e+00
      0.237    27.5084     7.8893     98.472  35.283733     33.922      7.571   293.9496     0.7238     1.2259     0.0237     -0.017      0.220      0.319        108 1.5515e+03 0.0000e+00
      0.163    27.7496     7.8215     97.607  35.179766     33.710      7.566   292.8518     0.8047     1.1991     0.0237     -0.044      0.158      0.229        109 1.1613e+03 0.0000e+00
      0.085    27.8475     7.7085     96.162  35.156995     33.473      7.568   291.5646     0.7845     1.2125     0.0237     -0.082      0.086      0.124        110 8.1166e+02 0.0000e+00
      0.013    27.8931     7.5378     93.958  35.163651     33.328      7.565   291.2996     0.7845     1.2125     0.0237     -0.123      0.020      0.029        111 1.3261e+03 0.0000e+00
     -0.041    27.7568     7.3478     91.932  35.112056     33.211      7.567   290.8075     0.7966     1.2393     0.0237     -0.163     -0.021     -0.029        112 2.0116e+03 0.0000e+00
     -0.030    27.4610     7.1890     90.549  34.924580     33.024      7.563   290.9589     0.7562     0.3934     0.0236     -0.183     -0.021     -0.030        113 1.9610e+03 0.0000e+00
      0.006    27.1740     7.1904     90.861  34.655542     32.816      7.559   291.7917     0.7158     0.4202     0.0235     -0.175      0.004      0.006        114 1.9821e+03 0.0000e+00
      0.034    26.9685     7.2855     92.040  34.557242     32.953      7.557   291.7917     0.7400     0.3800     0.0235     -0.141      0.031      0.046        115 1.8151e+03 0.0000e+00
      0.058    26.8223     7.4218     93.512  34.542880     33.079      7.556   291.4889     0.7279     0.4068     0.0234     -0.085      0.055      0.080        116 1.3471e+03 0.0000e+00
      0.077    26.7314     7.5518     94.794  34.554920     33.265      7.561   290.8075     0.7158     0.3397     0.0235     -0.022      0.073      0.106        117 7.8113e+02 0.0000e+00
      0.089    26.6884     7.6505     95.692  34.542359     33.303      7.568   290.8832     0.6955     0.8365     0.0234      0.031      0.085      0.124        118 8.4816e+02 0.0000e+00
      0.095    26.6822     7.7092     96.130  34.647550     33.498      7.572   290.0503     0.6794     0.8499     0.0235      0.064      0.091      0.132        119 9.8258e+02 0.0000e+00
      0.094    26.6546     7.7190     96.017  34.779930     33.632      7.575   289.9367     0.6875     0.7291     0.0235      0.074      0.092      0.133        120 1.1750e+03 0.0000e+00
      0.093    26.6226     7.6687     95.432  34.822481     33.692      7.573   289.4067     0.6996     0.7828     0.0236      0.059      0.088      0.127        121 1.0374e+03 0.0000e+00
      0.083    26.8271     7.5818     94.504  34.950482     33.814      7.575   289.5203     0.7319     0.8365     0.0236      0.038      0.071      0.102        122 5.2862e+02 0.0000e+00
      0.038    27.1894     7.4972     93.570  35.095151     34.005      7.570   288.9525     0.7441     0.7828     0.0237      0.008      0.032      0.046        123 5.0248e+02 0.0000e+00
     -0.026    27.3773     7.4159     92.630  35.057624     33.815      7.582   329.9519     0.7238     0.7828     0.0236     -0.031     -0.016     -0.024        124 5.4009e+02 0.0000e+00
     -0.059    27.3605     7.3452     91.806  34.878467     33.412      7.587   295.4639     0.7319     0.7828     0.0236     -0.066     -0.050     -0.072        125 1.2546e+03 0.0000e+00
     -0.067    27.2154     7.2738     90.929  34.843465     33.243      7.580   292.6625     0.7158     1.4408     0.0236     -0.090     -0.062     -0.089        126 1.9829e+03 0.0000e+00
     -0.066    27.0045     7.1875     89.849  34.745218     33.199      7.578   290.9210     0.7319     1.5482     0.0235     -0.101     -0.054     -0.079        127 1.9969e+03 0.0000e+00
     -0.031    26.8096     7.0939     88.676  34.318644     32.839      7.573   290.4667     0.7319     1.4676     0.0234     -0.090     -0.027     -0.040        128 1.4098e+03 0.0000e+00
      0.013    26.6332     6.9972     87.459  34.158499     32.837      7.571   289.4446     0.7158     1.4945     0.0233     -0.059      0.004      0.006        129 4.9046e+02 0.0000e+00
      0.028    26.5064     6.8961     86.177  34.470112     33.259      7.567   289.5960     0.7077     0.9305     0.0234     -0.020      0.019      0.028        130 4.0113e+02 0.0000e+00
      0.016    26.5226     6.8006     84.977  34.761303     33.667      7.573   288.4225     0.6794     0.8097     0.0235      0.017      0.014      0.020        131 7.1219e+02 0.0000e+00
     -0.000    26.6150     6.7130     83.879  34.774845     33.756      7.580   287.8167     0.6996     0.8365     0.0235      0.039      0.001      0.001        132 1.4936e+03 0.0000e+00
     -0.013    26.6843     6.6313     82.874  34.779527     33.740      7.576   287.4760     0.6632     0.7828     0.0235      0.040     -0.012     -0.018        133 1.8022e+03 0.0000e+00
     -0.025    26.7313     6.5660     82.274  34.874100     33.789      7.575   287.3624     0.6915     1.0111     0.0236      0.025     -0.022     -0.031        134 1.0147e+03 0.0000e+00
     -0.026    26.7647     6.5223     81.884  34.894369     33.743      7.572   287.4760     0.7036     1.0379     0.0236      0.006     -0.025     -0.036        135 8.8700e+02 0.0000e+00
     -0.026    26.7760     6.4773     81.404  34.932209     33.767      7.572   286.6810     0.6753     1.0648     0.0236     -0.015     -0.024     -0.035        136 7.1822e+02 0.0000e+00
     -0.022    26.7747     6.4347     80.944  34.886298     33.690      7.576   287.0596     0.6955     1.0648     0.0236     -0.027     -0.018     -0.025        137 4.6080e+02 0.0000e+00
     -0.004    26.7729     6.3956     80.495  34.773551     33.576      7.576   286.9460     0.6713     1.0514     0.0235     -0.020     -0.005     -0.006        138 3.6841e+02 0.0000e+00
      0.012    26.7684     6.3873     80.353  34.775950     33.577      7.573   286.5674     0.7845     1.0111     0.0235     -0.003      0.008      0.012        139 5.5435e+02 0.0000e+00
      0.017    26.7547     6.4092     80.515  34.823999     33.632      7.573   286.3024     0.8249     1.0245     0.0236      0.013      0.014      0.020        140 3.4135e+02 0.0000e+00
      0.013    26.7541     6.4427     80.765  34.832382     33.635      7.575   286.3403     0.7926     1.0916     0.0236      0.022      0.014      0.020        141 8.5565e+02 0.0000e+00
      0.013    26.7454     6.4662     80.884  34.824834     33.643      7.577   285.8482     0.8249     1.0111     0.0236      0.026      0.013      0.019        142 1.6552e+03 0.0000e+00
      0.015    26.7680     6.5015     81.174  34.892711     33.700      7.576   285.3939     0.8492     0.9842     0.0236      0.025      0.011      0.017        143 7.2115e+02 0.0000e+00
      0.005    26.9010     6.5559     81.776  34.985165     33.809      7.574   284.6367     0.8371     1.0245     0.0236      0.018      0.006      0.010        144 8.2233e+02 0.0000e+00
      0.001    27.0149     6.6159     82.487  34.947027     33.748      7.576   285.2046     0.8613     1.0514     0.0236      0.008      0.004      0.007        145 1.3840e+03 0.0000e+00
      0.010    27.0703     6.6557     82.960  34.880840     33.599      7.572   285.3939     0.8654     0.9708     0.0236     -0.000      0.008      0.013        146 1.8348e+03 0.0000e+00
      0.014    27.1249     6.6476     82.853  34.889545     33.530      7.568   285.5453     0.8371     0.7425     0.0236     -0.003      0.013      0.018        147 2.2680e+03 0.0000e+00
      0.014    27.1522     6.5970     82.297  34.936143     33.546      7.567   285.0532     0.8815     0.7559     0.0236     -0.002      0.014      0.020        148 1.8496e+03 0.0000e+00
      0.013    27.1286     6.5279     81.503  34.941442     33.512      7.569   283.8039     0.8694     0.7291     0.0236      0.000      0.015      0.022        149 5.7352e+02 0.0000e+00
      0.018    27.0476     6.4828     80.930  34.823615     33.386      7.568   284.4853     0.8735     0.7962     0.0236      0.003      0.021      0.030        150 1.0622e+03 0.0000e+00
      0.033    26.9321     6.4927     80.965  34.578608     33.161      7.564   284.5232     0.7319     0.9976     0.0235      0.009      0.034      0.048        151 1.8208e+03 0.0000e+00
      0.054    26.8098     6.5505     81.595  34.475298     33.104      7.558   284.7124     0.7319     1.0379     0.0234      0.020      0.047      0.067        152 3.9262e+02 0.0000e+00
      0.055    26.7095     6.6357     82.538  34.685313     33.395      7.554   284.1824     0.7602     1.0514     0.0235      0.025      0.049      0.071        153 2.7743e+02 0.0000e+00
      0.040    26.6530     6.7119     83.374  34.821456     33.607      7.558   283.9932     0.7238     1.0379     0.0236      0.022      0.043      0.062        154 7.6769e+02 0.0000e+00
      0.037    26.6299     6.7653     83.937  34.780426     33.620      7.564   284.0689     0.8775     0.8231     0.0235      0.019      0.039      0.056        155 8.0021e+02 0.0000e+00
      0.038    26.6120     6.7698     84.098  34.766075     33.655      7.567   283.5767     0.8452     0.7828     0.0235      0.016      0.039      0.056        156 1.7893e+02 0.0000e+00
      0.043    26.6120     6.7444     84.104  34.691060     33.591      7.569   284.1446     0.8532     0.7559     0.0235      0.012      0.040      0.058        157 4.9941e+02 0.0000e+00
      0.042    26.6580     6.7319     84.231  34.695857     33.600      7.568   284.1067     0.8856     0.8499     0.0235      0.005      0.036      0.053        158 1.5551e+03 0.0000e+00
      0.024    26.7067     6.7385     84.464  34.819427     33.739      7.568   282.9332     0.8532     0.8634     0.0236     -0.006      0.027      0.039        159 5.3305e+02 0.0000e+00
      0.017    26.6969     6.7661     84.853  34.715215     33.597      7.568   283.3496     0.2467     0.5679     0.0235     -0.015      0.024      0.035        160 1.6480e+02 0.0000e+00
      0.035    26.6412     6.8243     85.577  34.410343     33.270      7.569   284.0310     0.2346     0.4874     0.0234     -0.011      0.038      0.055        161 3.5640e+02 0.0000e+00
      0.065    26.5744     6.8942     86.426  34.220169     33.085      7.564   283.9932     0.2224     0.5679     0.0233      0.002      0.060      0.088        162 2.5789e+02 0.0000e+00
      0.087    26.5005     6.9478     87.034  34.299458     33.205      7.557   284.4096     0.2467     0.6082     0.0234      0.015      0.080      0.117        163 3.0183e+02 0.0000e+00
      0.095    26.4216     6.9818     87.376  34.459972     33.407      7.552   283.9553     0.8815     0.3934     0.0234      0.027      0.091      0.133        164 3.2207e+02 0.0000e+00
      0.100    26.3605     6.9858     87.352  34.554248     33.540      7.551   284.6367     0.8532     0.4471     0.0235      0.037      0.094      0.136        165 1.4254e+03 0.0000e+00
      0.091    26.4297     6.9438     86.920  34.686320     33.724      7.549   284.4853     0.8330     0.3800     0.0235      0.041      0.084      0.122        166 2.0132e+03 0.0000e+00
      0.067    26.6372     6.8963     86.507  34.829457     33.904      7.549   284.5610     0.8573     0.3665     0.0236      0.036      0.062      0.090        167 1.1532e+03 0.0000e+00
      0.031    26.8246     6.8992     86.558  34.880289     33.913      7.545   284.3717     0.8654     1.2796     0.0236      0.014      0.033      0.049        168 4.7014e+02 0.0000e+00
      0.006    26.9242     6.9631     87.237  34.830621     33.719      7.544   284.4096     0.8815     1.1722     0.0236     -0.017      0.011      0.016        169 4.3927e+02 0.0000e+00
     -0.004    26.9531     7.0402     88.022  34.772560     33.544      7.543   284.3717     0.8654     1.1588     0.0235     -0.044      0.001      0.001        170 4.9170e+02 0.0000e+00
