Data/DataNotYetUploadedToEDI/Raw_CTD/RawDownloads/061820_fcr50.cnv
* Sea-Bird SBE19plus  Data File:
* FileName = C:\DATA\20200618_fcr50_0003.hex
* Software version 2.8.0.119 SB_Terminal.dll
* Temperature SN = 7809
* Conductivity SN = 7809
* System UpLoad Time = Jun 19 2020 16:19:41
* <ApplicationData>
* <Seaterm232>
# nquan = 16
# nvalues = 1477                        
# units = specified
# name 0 = depFM: Depth [fresh water, m]
# name 1 = dz/dtM: Descent Rate [m/s]
# name 2 = sbeox0ML/L: Oxygen, SBE 43 [ml/l]
# name 3 = sbeox0PS: Oxygen, SBE 43 [% saturation]
# name 4 = specc: Specific Conductance [uS/cm]
# name 5 = c0uS/cm: Conductivity [uS/cm]
# name 6 = flECO-AFL: Fluorescence, WET Labs ECO-AFL/FL [mg/m^3]
# name 7 = ph: pH
# name 8 = orp: Oxidation Reduction Potential [mV]
# name 9 = par/sat/log: PAR/Logarithmic, Satlantic
# name 10 = turbWETntu0: Turbidity, WET Labs ECO [NTU]
# name 11 = prdM: Pressure, Strain Gauge [db]
# name 12 = prdE: Pressure, Strain Gauge [psi]
# name 13 = tv290C: Temperature [ITS-90, deg C]
# name 14 = density00: Density [density, kg/m^3]
# name 15 = flag:  0.000e+00
# span 0 =     -0.647,      9.673       
# span 1 =     -0.110,      0.151       
# span 2 =     0.0301,     6.8142       
# span 3 =      0.417,    104.576       
# span 4 =      0.553,    126.309       
# span 5 =   0.485045,  85.508463       
# span 6 =    -0.9775,    13.9512       
# span 7 =      6.482,      8.511       
# span 8 =   -89.1396,   523.6781       
# span 9 = 1.2353e-01, 3.3927e+01       
# span 10 =    -0.3665,    81.5234      
# span 11 =     -0.635,      9.486      
# span 12 =     -0.921,     13.758      
# span 13 =     8.8220,    19.1326      
# span 14 =   998.3939,   999.8870      
# span 15 = 0.0000e+00, 0.0000e+00      
# interval = seconds: 0.25
# start_time = Jun 18 2020 07:01:02 [Instrument's time stamp, header]
# bad_flag = -9.990e-29
*END*
[from data line 1266]
      7.366      0.035     0.0419      0.465     72.628  49.612060    -0.1966      6.517   -68.1345 1.2362e-01     1.8275      7.225     10.478     9.1634   999.8326 0.0000e+00
      7.373      0.035     0.0367      0.462     72.695  49.652683    -0.1905      6.517   -68.4865 1.2364e-01     1.8529      7.231     10.488     9.1668   999.8325 0.0000e+00
      7.380      0.038     0.0301      0.507     72.755  49.681088    -0.1802      6.517   -68.8410 1.2367e-01     1.8641      7.238     10.498     9.1616   999.8330 0.0000e+00
      7.388      0.041     0.0359      0.590     72.808  49.701463    -0.1780      6.517   -69.0651 1.2368e-01     1.8259      7.244     10.507     9.1540   999.8336 0.0000e+00
      7.399      0.043     0.0399      0.643     72.839  49.708508    -0.1823      6.517   -69.2164 1.2366e-01     1.8022      7.253     10.519     9.1523   999.8338 0.0000e+00
      7.415      0.043     0.0344      0.659     72.845  49.702754    -0.1843      6.516   -69.3794 1.2365e-01     1.8179      7.271     10.546     9.1516   999.8339 0.0000e+00
      7.430      0.041     0.0391      0.636     72.845  49.695384    -0.1744      6.516   -69.4884 1.2369e-01     1.8443      7.289     10.571     9.1417   999.8348 0.0000e+00
      7.440      0.038     0.0498      0.586     72.834  49.682904    -0.1671      6.517   -69.6730 1.2378e-01     1.8813      7.298     10.583     9.1286   999.8359 0.0000e+00
      7.448      0.034     0.0523      0.572     72.832  49.678855    -0.1725      6.518   -69.6326 1.2384e-01     1.9213      7.304     10.594     9.1192   999.8367 0.0000e+00
      7.454      0.031     0.0540      0.592     72.880  49.709926    -0.1632      6.518   -69.4304 1.2384e-01     1.9857      7.311     10.604     9.1126   999.8372 0.0000e+00
      7.459      0.031     0.0533      0.596     72.929  49.741056    -0.1315      6.519   -69.6377 1.2376e-01     2.1098      7.314     10.608     9.1078   999.8375 0.0000e+00
      7.464      0.033     0.0452      0.581     72.926  49.737727    -0.1037      6.519   -69.9875 1.2368e-01     2.1859      7.318     10.614     9.1046   999.8378 0.0000e+00
      7.474      0.035     0.0446      0.565     72.919  49.733183    -0.0938      6.519   -70.0469 1.2369e-01     2.1508      7.327     10.627     9.1031   999.8380 0.0000e+00
      7.486      0.036     0.0494      0.589     72.944  49.749623    -0.1161      6.519   -69.9254 1.2374e-01     2.0626      7.341     10.648     9.1019   999.8382 0.0000e+00
      7.499      0.037     0.0480      0.649     72.939  49.745987    -0.1643      6.520   -69.9814 1.2370e-01     1.9438      7.356     10.669     9.0994   999.8384 0.0000e+00
      7.508      0.038     0.0479      0.691     72.948  49.752717    -0.1806      6.520   -70.3797 1.2366e-01     1.8816      7.364     10.680     9.0986   999.8385 0.0000e+00
      7.514      0.039     0.0440      0.696     73.063  49.830995    -0.1611      6.520   -70.9556 1.2368e-01     1.8947      7.369     10.687     9.0996   999.8384 0.0000e+00
      7.521      0.041     0.0456      0.671     73.216  49.930386    -0.1571      6.521   -71.3515 1.2369e-01     1.8965      7.375     10.697     9.0988   999.8386 0.0000e+00
      7.531      0.045     0.0536      0.622     73.334  50.001875    -0.1696      6.521   -71.5534 1.2374e-01     1.8686      7.383     10.709     9.0982   999.8387 0.0000e+00
      7.545      0.050     0.0567      0.562     73.433  50.060305    -0.1793      6.521   -71.7622 1.2380e-01     1.8666      7.398     10.730     9.0991   999.8386 0.0000e+00
      7.560      0.054     0.0569      0.499     73.543  50.128814    -0.1788      6.521   -71.9830 1.2377e-01     1.9064      7.415     10.753     9.1003   999.8387 0.0000e+00
      7.575      0.055     0.0549      0.472     73.645  50.195150    -0.1729      6.522   -72.4164 1.2374e-01     1.9373      7.428     10.772     9.0973   999.8391 0.0000e+00
      7.591      0.054     0.0501      0.504     73.696  50.227305    -0.1754      6.522   -73.0440 1.2377e-01     1.9316      7.444     10.798     9.0899   999.8397 0.0000e+00
      7.607      0.051     0.0459      0.532     73.753  50.263576    -0.1798      6.523   -73.4626 1.2373e-01     1.9064      7.462     10.823     9.0824   999.8404 0.0000e+00
      7.618      0.047     0.0398      0.562     73.835  50.316163    -0.1790      6.524   -73.5199 1.2365e-01     1.8733      7.472     10.837     9.0786   999.8408 0.0000e+00
      7.627      0.044     0.0344      0.612     73.897  50.355081    -0.1748      6.525   -73.3931 1.2365e-01     1.8734      7.480     10.849     9.0769   999.8410 0.0000e+00
      7.637      0.040     0.0427      0.635     73.991  50.416598    -0.1673      6.524   -73.6503 1.2368e-01     1.9078      7.490     10.863     9.0749   999.8412 0.0000e+00
      7.648      0.038     0.0429      0.616     74.097  50.488401    -0.1644      6.524   -74.3067 1.2368e-01     1.9114      7.500     10.878     9.0734   999.8414 0.0000e+00
      7.658      0.037     0.0435      0.559     74.149  50.524676    -0.1784      6.525   -74.7047 1.2369e-01     1.8834      7.510     10.893     9.0713   999.8416 0.0000e+00
      7.667      0.038     0.0516      0.506     74.168  50.537676    -0.1937      6.526   -74.8483 1.2372e-01     1.8437      7.519     10.905     9.0684   999.8419 0.0000e+00
      7.675      0.040     0.0515      0.507     74.233  50.582070    -0.1864      6.527   -75.1818 1.2373e-01     1.8431      7.527     10.916     9.0668   999.8421 0.0000e+00
      7.684      0.044     0.0518      0.549     74.381  50.680397    -0.1673      6.526   -75.7265 1.2374e-01     1.8759      7.536     10.930     9.0667   999.8422 0.0000e+00
      7.694      0.049     0.0449      0.574     74.526  50.773928    -0.1529      6.525   -76.0993 1.2374e-01     1.8978      7.545     10.942     9.0677   999.8422 0.0000e+00
      7.707      0.053     0.0388      0.583     74.610  50.823844    -0.1561      6.526   -76.1620 1.2372e-01     1.9017      7.555     10.957     9.0681   999.8422 0.0000e+00
      7.723      0.054     0.0393      0.623     74.643  50.839362    -0.1769      6.528   -76.1403 1.2368e-01     1.8545      7.573     10.983     9.0677   999.8423 0.0000e+00
      7.743      0.052     0.0452      0.669     74.643  50.834529    -0.1852      6.528   -76.4388 1.2364e-01     1.8084      7.594     11.015     9.0670   999.8425 0.0000e+00
      7.759      0.048     0.0477      0.667     74.638  50.828914    -0.1701      6.528   -76.9324 1.2365e-01     1.8592      7.612     11.039     9.0631   999.8430 0.0000e+00
      7.769      0.043     0.0449      0.607     74.646  50.834979    -0.1564      6.528   -77.2042 1.2369e-01     1.9537      7.620     11.052     9.0574   999.8435 0.0000e+00
      7.775      0.038     0.0503      0.535     74.655  50.844359    -0.1634      6.529   -77.4019 1.2371e-01     1.9543      7.624     11.058     9.0524   999.8440 0.0000e+00
      7.782      0.036     0.0555      0.501     74.701  50.878817    -0.1775      6.529   -77.6874 1.2371e-01     1.8667      7.631     11.068     9.0491   999.8442 0.0000e+00
      7.790      0.037     0.0560      0.504     74.780  50.934075    -0.1741      6.529   -77.9033 1.2373e-01     1.8210      7.641     11.082     9.0476   999.8443 0.0000e+00
      7.798      0.040     0.0493      0.496     74.790  50.940910    -0.1611      6.529   -78.1193 1.2373e-01     1.8485      7.646     11.091     9.0475   999.8444 0.0000e+00
      7.809      0.041     0.0418      0.472     74.727  50.897944    -0.1544      6.529   -78.4931 1.2372e-01     1.8907      7.656     11.105     9.0504   999.8442 0.0000e+00
      7.824      0.039     0.0389      0.485     74.668  50.859132    -0.1593      6.529   -78.7223 1.2371e-01     1.9188      7.674     11.130     9.0535   999.8440 0.0000e+00
      7.838      0.036     0.0416      0.532     74.655  50.852690    -0.1733      6.529   -78.6533 1.2369e-01     1.9148      7.689     11.152     9.0543   999.8441 0.0000e+00
      7.847      0.033     0.0412      0.553     74.698  50.883557    -0.1794      6.530   -78.6914 1.2365e-01     1.8755      7.697     11.164     9.0536   999.8442 0.0000e+00
      7.851      0.029     0.0368      0.607     74.742  50.914811    -0.1760      6.531   -79.0969 1.2364e-01     1.8554      7.700     11.168     9.0534   999.8442 0.0000e+00
      7.855      0.025     0.0368      0.677     74.738  50.913044    -0.1709      6.532   -79.5126 1.2363e-01     1.8775      7.702     11.170     9.0547   999.8441 0.0000e+00
      7.860      0.023     0.0459      0.647     74.757  50.925699    -0.1655      6.532   -79.5871 1.2363e-01     1.9026      7.707     11.178     9.0561   999.8440 0.0000e+00
      7.867      0.026     0.0432      0.612     74.876  51.004312    -0.1684      6.532   -79.5683 1.2367e-01     1.9191      7.715     11.190     9.0576   999.8439 0.0000e+00
      7.875      0.031     0.0454      0.621     75.120  51.164951    -0.1767      6.533   -79.7161 1.2372e-01     1.9061      7.724     11.202     9.0586   999.8439 0.0000e+00
      7.881      0.036     0.0623      0.587     75.395  51.343763    -0.1893      6.534   -79.9113 1.2369e-01     1.8136      7.729     11.209     9.0588   999.8439 0.0000e+00
      7.889      0.040     0.0505      0.519     75.568  51.451573    -0.2064      6.534   -80.1205 1.2360e-01     1.6932      7.733     11.216     9.0588   999.8439 0.0000e+00
      7.901      0.042     0.0463      0.467     75.675  51.515823    -0.2124      6.534   -80.3530 1.2359e-01     1.6515      7.746     11.235     9.0578   999.8441 0.0000e+00
      7.916      0.042     0.0533      0.451     75.732  51.549010    -0.2231      6.534   -80.5712 1.2366e-01     1.6528      7.764     11.261     9.0546   999.8445 0.0000e+00
      7.929      0.040     0.0484      0.511     75.717  51.535275    -0.2308      6.535   -80.7797 1.2372e-01     1.6398      7.777     11.279     9.0486   999.8452 0.0000e+00
      7.939      0.036     0.0408      0.606     75.723  51.540283    -0.2006      6.536   -80.9813 1.2376e-01     1.6324      7.785     11.292     9.0403   999.8459 0.0000e+00
      7.948      0.032     0.0376      0.646     75.912  51.673076    -0.1630      6.536   -81.2884 1.2377e-01     1.6317      7.795     11.306     9.0343   999.8464 0.0000e+00
      7.954      0.030     0.0338      0.651     76.296  51.934163    -0.1488      6.536   -81.6533 1.2379e-01     1.6660      7.802     11.316     9.0316   999.8467 0.0000e+00
      7.957      0.030     0.0387      0.645     76.730  52.220151    -0.1523      6.536   -81.8654 1.2376e-01     1.7032      7.803     11.317     9.0280   999.8469 0.0000e+00
      7.961      0.033     0.0532      0.622     77.201  52.526958    -0.1675      6.536   -81.9609 1.2371e-01     1.6695      7.805     11.320     9.0285   999.8469 0.0000e+00
      7.971      0.037     0.0519      0.599     77.695  52.849183    -0.1796      6.537   -82.1194 1.2371e-01     1.6023      7.815     11.335     9.0345   999.8466 0.0000e+00
      7.985      0.041     0.0529      0.578     78.031  53.067484    -0.1755      6.538   -82.3196 1.2369e-01     1.5773      7.831     11.358     9.0347   999.8468 0.0000e+00
      7.998      0.043     0.0531      0.547     78.140  53.133958    -0.1646      6.538   -82.4022 1.2364e-01     1.6072      7.845     11.378     9.0275   999.8475 0.0000e+00
      8.010      0.042     0.0499      0.522     78.162  53.144796    -0.1717      6.538   -82.4301 1.2361e-01     1.6202      7.855     11.393     9.0175   999.8485 0.0000e+00
      8.022      0.038     0.0485      0.537     78.336  53.262026    -0.1861      6.538   -82.5705 1.2365e-01     1.5983      7.867     11.412     9.0078   999.8495 0.0000e+00
      8.033      0.034     0.0469      0.566     78.828  53.598647    -0.1860      6.538   -82.7228 1.2371e-01     1.6173      7.880     11.429     9.0011   999.8502 0.0000e+00
      8.039      0.033     0.0447      0.563     79.753  54.229604    -0.1792      6.538   -82.8094 1.2373e-01     1.6774      7.884     11.435     8.9964   999.8506 0.0000e+00
      8.043      0.034     0.0401      0.564     81.427  55.364839    -0.1712      6.539   -82.9298 1.2370e-01     1.7073      7.886     11.438     8.9936   999.8508 0.0000e+00
      8.049      0.036     0.0427      0.583     83.520  56.780166    -0.1660      6.539   -83.1458 1.2368e-01     1.6693      7.892     11.447     8.9928   999.8509 0.0000e+00
      8.059      0.038     0.0479      0.588     84.861  57.684544    -0.1633      6.539   -83.3558 1.2371e-01     1.5960      7.902     11.461     8.9944   999.8510 0.0000e+00
      8.073      0.040     0.0451      0.593     85.298  57.977658    -0.1671      6.540   -83.4034 1.2372e-01     1.5763      7.916     11.481     8.9976   999.8511 0.0000e+00
      8.087      0.041     0.0442      0.603     85.571  58.164189    -0.1744      6.540   -83.4634 1.2372e-01     1.6367      7.932     11.504     8.9962   999.8519 0.0000e+00
      8.099      0.040     0.0488      0.587     85.936  58.415149    -0.1656      6.540   -83.6510 1.2377e-01     1.7084      7.944     11.521     8.9900   999.8534 0.0000e+00
      8.107      0.037     0.0473      0.570     86.206  58.597815    -0.1560      6.541   -83.9520 1.2377e-01     1.7234      7.951     11.531     8.9846   999.8543 0.0000e+00
      8.113      0.034     0.0468      0.580     86.120  58.530367    -0.1630      6.541   -84.2625 1.2373e-01     1.6796      7.957     11.540     8.9821   999.8545 0.0000e+00
      8.121      0.033     0.0506      0.581     85.610  58.171420    -0.1743      6.540   -84.3948 1.2372e-01     1.6258      7.964     11.550     8.9831   999.8546 0.0000e+00
      8.130      0.034     0.0477      0.575     85.187  57.879056    -0.1777      6.539   -84.5185 1.2372e-01     1.6223      7.972     11.562     8.9861   999.8545 0.0000e+00
      8.139      0.039     0.0440      0.585     85.524  58.108401    -0.1757      6.539   -84.8980 1.2373e-01     1.6712      7.982     11.577     8.9871   999.8547 0.0000e+00
      8.146      0.044     0.0482      0.589     86.058  58.466717    -0.1782      6.538   -85.4551 1.2370e-01     1.7023      7.988     11.586     8.9807   999.8552 0.0000e+00
      8.155      0.047     0.0476      0.602     86.069  58.463113    -0.1796      6.535   -85.7478 1.2360e-01     1.7238      7.994     11.594     8.9705   999.8557 0.0000e+00
      8.171      0.048     0.0446      0.617     86.149  58.509545    -0.1828      6.533   -85.8565 1.2357e-01     1.7591      8.012     11.620     8.9677   999.8556 0.0000e+00
      8.191      0.049     0.0490      0.586     87.004  59.091647    -0.1888      6.531   -86.3386 1.2362e-01     1.7851      8.035     11.655     8.9718   999.8557 0.0000e+00
      8.205      0.050     0.0468      0.535     88.304  59.973824    -0.1854      6.528   -87.0167 1.2363e-01     1.8329      8.049     11.674     8.9699   999.8563 0.0000e+00
      8.212      0.050     0.0479      0.542     88.961  60.408050    -0.1890      6.525   -87.4300 1.2364e-01     1.8911      8.052     11.679     8.9595   999.8569 0.0000e+00
      8.221      0.046     0.0521      0.582     88.977  60.402624    -0.2138      6.525   -87.6364 1.2367e-01     1.9051      8.060     11.688     8.9540   999.8573 0.0000e+00
      8.236      0.042     0.0487      0.570     89.572  60.797723    -0.2367      6.524   -87.8770 1.2368e-01     1.8991      8.076     11.713     8.9567   999.8574 0.0000e+00
      8.251      0.042     0.0407      0.555     90.987  61.754003    -0.2474      6.523   -88.1894 1.2369e-01     1.8870      8.094     11.738     8.9600   999.8580 0.0000e+00
      8.260      0.043     0.0414      0.561     92.285  62.624424    -0.2579      6.522   -88.3159 1.2370e-01     1.8272      8.102     11.751     8.9512   999.8589 0.0000e+00
