Data/DataNotYetUploadedToEDI/Raw_CTD/RawDownloads/061818_fcr30.cnv
* Sea-Bird SBE19plus  Data File:
* FileName = C:\DATA\061818_fcr_0004.hex
* Software version 2.6.3.104
* Temperature SN = 7809
* Conductivity SN = 7809
* System UpLoad Time = Jun 18 2018 19:17:20
* <ApplicationData>
* <Seaterm232>
# nquan = 17
# nvalues = 681                         
# units = specified
# name 0 = depFM: Depth [fresh water, m]
# name 1 = tv290C: Temperature [ITS-90, deg C]
# name 2 = sbeox0Mg/L: Oxygen, SBE 43 [mg/l]
# name 3 = sbeox0PS: Oxygen, SBE 43 [% saturation]
# name 4 = c0uS/cm: Conductivity [uS/cm]
# name 5 = specc: Specific Conductance [uS/cm]
# name 6 = ph: pH
# name 7 = orp: Oxidation Reduction Potential [mV]
# name 8 = flECO-AFL: Fluorescence, WET Labs ECO-AFL/FL [mg/m^3]
# name 9 = turbWETntu0: Turbidity, WET Labs ECO [NTU]
# name 10 = sal00: Salinity, Practical [PSU]
# name 11 = dz/dtM: Descent Rate [m/s]
# name 12 = prdM: Pressure, Strain Gauge [db]
# name 13 = prdE: Pressure, Strain Gauge [psi]
# name 14 = scan: Scan Count
# name 15 = par/sat/log: PAR/Logarithmic, Satlantic
# name 16 = flag:  0.000e+00
# span 0 =     -0.529,      5.437       
# span 1 =    10.6645,    27.6845       
# span 2 =     2.5264,    11.6028       
# span 3 =     23.333,    129.629       
# span 4 =   0.494565,  36.132955       
# span 5 =      1.458,     45.123       
# span 6 =      6.436,      8.126       
# span 7 =   157.2849,   363.4555       
# span 8 =    -0.2021,     6.3566       
# span 9 =    -0.5063,    15.1641       
# span 10 =     0.0125,     0.0237      
# span 11 =     -0.175,      0.228      
# span 12 =     -0.519,      5.332      
# span 13 =     -0.752,      7.733      
# span 14 =          1,        681      
# span 15 = 2.0273e+00, 3.4519e+02      
# span 16 = 0.0000e+00, 0.0000e+00      
# interval = seconds: 0.25
# start_time = Jun 18 2018 17:56:24 [Instrument's time stamp, header]
# bad_flag = -9.990e-29
*END*
[from data line 596]
      4.519    10.9733     6.3519     57.522  31.669167     43.999      6.678   325.0683     2.7942     2.4479     0.0227      0.055      4.432      6.428        597 6.1847e+00 0.0000e+00
      4.536    10.9653     6.3377     57.391  31.611645     43.931      6.673   325.1440     2.8104     2.4344     0.0226      0.058      4.450      6.453        598 6.0181e+00 0.0000e+00
      4.556    10.9569     6.3166     57.189  31.574614     43.864      6.668   325.1818     2.7901     2.3941     0.0226      0.060      4.468      6.478        599 5.9042e+00 0.0000e+00
      4.573    10.9518     6.2981     56.998  31.685603     44.067      6.666   325.3711     2.7901     2.3136     0.0227      0.063      4.483      6.501        600 5.8421e+00 0.0000e+00
      4.584    10.9455     6.2729     56.733  31.681099     44.039      6.665   325.6361     2.8063     2.2196     0.0227      0.064      4.496      6.521        601 5.7679e+00 0.0000e+00
      4.598    10.9360     6.2517     56.509  31.669183     44.045      6.663   325.6740     2.7618     2.2599     0.0227      0.063      4.509      6.540        602 5.6640e+00 0.0000e+00
      4.613    10.9290     6.2372     56.355  31.730089     44.131      6.659   325.7118     2.7821     2.2867     0.0227      0.062      4.523      6.560        603 5.5722e+00 0.0000e+00
      4.626    10.9255     6.2344     56.325  31.723921     44.143      6.658   326.1283     2.8670     2.3136     0.0227      0.061      4.536      6.579        604 5.4965e+00 0.0000e+00
      4.638    10.9275     6.2334     56.320  31.736170     44.151      6.654   326.2040     2.8751     2.3539     0.0227      0.058      4.550      6.599        605 5.4219e+00 0.0000e+00
      4.655    10.9318     6.2750     56.688  31.744500     44.194      6.655   326.3176     2.8751     2.2733     0.0227      0.056      4.564      6.619        606 5.3229e+00 0.0000e+00
      4.667    10.9344     6.3186     57.056  31.743209     44.153      6.651   326.2040     2.8589     2.2599     0.0227      0.054      4.577      6.638        607 5.2529e+00 0.0000e+00
      4.680    10.9329     6.3690     57.484  31.767431     44.225      6.650   326.5826     2.8791     2.2867     0.0227      0.053      4.591      6.658        608 5.1526e+00 0.0000e+00
      4.698    10.9249     6.4306     58.020  31.744009     44.144      6.645   326.6204     2.8751     2.3136     0.0227      0.055      4.607      6.682        609 5.0110e+00 0.0000e+00
      4.715    10.9064     6.4911     58.553  31.713049     44.146      6.646   327.0368     2.8589     2.2196     0.0227      0.056      4.623      6.705        610 4.8870e+00 0.0000e+00
      4.730    10.8788     6.5534     59.110  31.628040     44.000      6.642   327.1126     2.8508     2.2196     0.0226      0.058      4.638      6.726        611 4.7389e+00 0.0000e+00
      4.744    10.8537     6.6040     59.563  31.582925     43.984      6.640   326.8097     2.8508     2.1390     0.0226      0.059      4.651      6.745        612 4.6986e+00 0.0000e+00
      4.753    10.8373     6.6513     59.986  31.561629     43.980      6.634   326.8854     2.6244     2.4210     0.0226      0.058      4.661      6.761        613 4.6542e+00 0.0000e+00
      4.764    10.8330     6.6883     60.312  31.506286     43.932      6.633   326.8854     2.6769     2.5687     0.0226      0.056      4.673      6.778        614 4.5133e+00 0.0000e+00
      4.779    10.8358     6.7224     60.610  31.503543     43.953      6.630   327.1126     2.6769     2.5821     0.0226      0.055      4.688      6.800        615 4.3900e+00 0.0000e+00
      4.799    10.8294     6.7428     60.784  31.505744     43.957      6.630   327.1883     2.6850     2.4613     0.0226      0.055      4.708      6.827        616 4.2335e+00 0.0000e+00
      4.823    10.8105     6.7594     60.931  31.503551     43.954      6.626   327.8697     2.5435     2.6896     0.0226      0.057      4.732      6.862        617 4.0606e+00 0.0000e+00
      4.853    10.7907     6.7720     61.042  31.535926     44.000      6.621   328.3619     2.5071     2.6761     0.0226      0.063      4.757      6.899        618 3.8880e+00 0.0000e+00
      4.876    10.7756     6.7818     61.122  31.554416     44.063      6.618   328.3240     2.5435     2.7164     0.0226      0.071      4.777      6.929        619 3.7882e+00 0.0000e+00
      4.887    10.7663     6.7922     61.207  31.510201     44.009      6.610   328.5890     2.5233     2.5956     0.0226      0.076      4.791      6.949        620 3.7495e+00 0.0000e+00
      4.895    10.7626     6.7927     61.203  31.501999     44.028      6.604   328.6647     2.6688     2.6493     0.0226      0.078      4.801      6.963        621 3.6839e+00 0.0000e+00
      4.905    10.7601     6.7953     61.218  31.505324     44.039      6.605   328.3240     2.6567     2.6224     0.0226      0.075      4.811      6.978        622 3.6207e+00 0.0000e+00
      4.916    10.7573     6.7991     61.251  31.506067     44.044      6.602   328.7783     2.6769     2.7030     0.0226      0.068      4.822      6.994        623 3.5658e+00 0.0000e+00
      4.928    10.7523     6.7992     61.254  31.471423     44.008      6.602   328.9676     2.6324     2.6761     0.0226      0.060      4.833      7.011        624 3.5037e+00 0.0000e+00
      4.942    10.7455     6.8071     61.318  31.459482     43.972      6.602   328.8919     2.4545     2.6761     0.0226      0.052      4.847      7.030        625 3.4209e+00 0.0000e+00
      4.958    10.7389     6.8173     61.402  31.491277     44.057      6.598   328.9676     2.4869     2.7164     0.0226      0.047      4.861      7.050        626 3.3619e+00 0.0000e+00
      4.969    10.7358     6.8228     61.442  31.520816     44.065      6.596   328.9297     2.4788     2.7567     0.0226      0.046      4.872      7.066        627 3.3252e+00 0.0000e+00
      4.977    10.7343     6.8355     61.545  31.541336     44.151      6.593   329.3840     2.4667     2.6761     0.0226      0.046      4.882      7.080        628 3.2835e+00 0.0000e+00
      4.988    10.7291     6.8529     61.695  31.643661     44.233      6.593   329.3083     2.4707     2.6896     0.0227      0.047      4.893      7.097        629 3.2269e+00 0.0000e+00
      5.004    10.7224     6.8752     61.896  31.719663     44.430      6.590   329.3840     2.3292     2.5419     0.0227      0.048      4.907      7.117        630 3.1504e+00 0.0000e+00
      5.020    10.7162     6.9039     62.164  31.595021     44.163      6.590   329.5354     2.3332     2.7433     0.0226      0.049      4.923      7.140        631 3.0769e+00 0.0000e+00
      5.036    10.7106     6.9308     62.414  31.472590     44.093      6.589   329.6869     2.3656     2.7701     0.0226      0.051      4.938      7.162        632 3.0196e+00 0.0000e+00
      5.051    10.7097     6.9615     62.691  31.397579     43.906      6.584   329.8383     2.3211     2.7030     0.0225      0.052      4.952      7.183        633 2.9724e+00 0.0000e+00
      5.064    10.7109     7.0073     63.099  31.421497     44.030      6.582   330.2547     2.5435     2.5687     0.0226      0.053      4.967      7.204        634 2.9063e+00 0.0000e+00
      5.080    10.7064     7.0112     63.134  31.383519     43.914      6.580   330.7469     2.5435     2.6761     0.0225      0.056      4.984      7.229        635 2.8095e+00 0.0000e+00
      5.105    10.7006     7.0457     63.444  31.296579     43.833      6.577   331.0119     2.5314     2.7030     0.0225      0.061      5.006      7.261        636 2.7241e+00 0.0000e+00
      5.129    10.6945     7.0534     63.516  31.262819     43.761      6.573   331.3526     2.5354     2.7970     0.0224      0.066      5.027      7.291        637 2.6521e+00 0.0000e+00
      5.144    10.6869     7.0620     63.589  31.247618     43.768      6.569   331.8069     2.7416     2.4747     0.0224      0.069      5.043      7.313        638 2.6248e+00 0.0000e+00
      5.153    10.6816     7.0688     63.641  31.256192     43.775      6.564   331.5419     2.7214     2.4479     0.0224      0.069      5.053      7.328        639 2.6367e+00 0.0000e+00
      5.159    10.6821     7.0590     63.551  31.252152     43.785      6.561   331.6554     2.7538     2.5419     0.0224      0.066      5.060      7.339        640 2.6060e+00 0.0000e+00
      5.168    10.6885     7.0581     63.540  31.252650     43.791      6.561   331.8826     2.7457     2.4479     0.0224      0.062      5.070      7.353        641 2.5527e+00 0.0000e+00
      5.182    10.6938     7.0617     63.569  31.255573     43.791      6.560   331.7311     2.9236     2.2733     0.0224      0.057      5.083      7.372        642 2.5093e+00 0.0000e+00
      5.199    10.6940     7.0681     63.626  31.248513     43.783      6.556   331.7311     2.9438     2.2196     0.0224      0.053      5.100      7.397        643 2.4742e+00 0.0000e+00
      5.221    10.6915     7.0645     63.585  31.202131     43.698      6.556   332.2990     2.9034     2.2464     0.0224      0.050      5.117      7.422        644 2.4013e+00 0.0000e+00
      5.234    10.6902     7.0737     63.660  31.253988     43.776      6.553   331.9583     2.8953     2.2464     0.0224      0.050      5.130      7.441        645 2.3586e+00 0.0000e+00
      5.238    10.6907     7.0772     63.690  31.302586     43.858      6.547   332.3369     3.1702     2.1659     0.0225      0.050      5.138      7.452        646 2.3638e+00 0.0000e+00
      5.246    10.6920     7.0844     63.757  31.260262     43.781      6.544   332.4126     3.1824     2.1927     0.0224      0.051      5.145      7.462        647 2.3553e+00 0.0000e+00
      5.256    10.6891     7.1009     63.906  31.247355     43.781      6.544   332.1097     3.1986     2.2867     0.0224      0.050      5.154      7.475        648 2.3554e+00 0.0000e+00
      5.263    10.6832     7.1071     63.961  31.200039     43.700      6.541   332.1476     3.1702     2.2330     0.0224      0.047      5.162      7.486        649 2.3193e+00 0.0000e+00
      5.270    10.6819     7.1229     64.105  31.141230     43.626      6.538   332.2233     3.1783     2.2733     0.0224      0.041      5.168      7.496        650 2.2907e+00 0.0000e+00
      5.277    10.6800     7.1398     64.265  31.142627     43.633      6.539   332.3747     3.2633     2.1927     0.0224      0.035      5.176      7.507        651 2.2910e+00 0.0000e+00
      5.287    10.6779     7.1562     64.422  31.138997     43.634      6.538   332.4883     3.2471     2.2733     0.0224      0.031      5.185      7.520        652 2.2517e+00 0.0000e+00
      5.298    10.6768     7.1735     64.581  31.145748     43.637      6.536   332.5262     3.2107     2.2330     0.0224      0.031      5.194      7.534        653 2.2465e+00 0.0000e+00
      5.306    10.6715     7.1902     64.725  31.134226     43.640      6.535   332.4504     3.2430     2.3404     0.0224      0.033      5.203      7.547        654 2.2376e+00 0.0000e+00
      5.314    10.6662     7.2049     64.848  31.064378     43.523      6.534   332.8290     3.2754     2.2599     0.0223      0.033      5.211      7.558        655 2.2086e+00 0.0000e+00
      5.322    10.6648     7.2160     64.946  31.025106     43.491      6.533   332.7912     3.2471     2.3136     0.0223      0.033      5.219      7.570        656 2.2133e+00 0.0000e+00
      5.329    10.6663     7.2141     64.939  31.034840     43.497      6.532   332.9426     3.2349     2.1927     0.0223      0.033      5.228      7.581        657 2.1719e+00 0.0000e+00
      5.340    10.6668     7.2126     64.940  31.081919     43.577      6.532   332.9426     3.2309     2.2464     0.0223      0.034      5.238      7.596        658 2.1459e+00 0.0000e+00
      5.353    10.6662     7.2124     64.942  31.085128     43.575      6.531   332.6397     3.1217     2.3136     0.0223      0.035      5.250      7.614        659 2.1429e+00 0.0000e+00
      5.366    10.6680     7.2116     64.926  31.030846     43.496      6.530   332.8290     3.1298     2.1927     0.0223      0.037      5.262      7.631        660 2.1172e+00 0.0000e+00
      5.376    10.6730     7.2065     64.871  31.060514     43.536      6.527   332.4504     3.1298     2.2733     0.0223      0.039      5.272      7.646        661 2.0963e+00 0.0000e+00
      5.387    10.6794     7.2094     64.891  31.137165     43.652      6.529   332.6019     3.1258     2.2733     0.0224      0.041      5.282      7.661        662 2.0759e+00 0.0000e+00
      5.396    10.6811     7.2099     64.890  31.083717     43.567      6.528   332.4504     2.9236     2.2464     0.0223      0.042      5.292      7.676        663 2.0654e+00 0.0000e+00
      5.406    10.6770     7.2028     64.819  31.038069     43.481      6.526   332.7154     2.9074     2.3002     0.0223      0.043      5.303      7.691        664 2.0514e+00 0.0000e+00
      5.421    10.6713     7.2091     64.876  31.075361     43.557      6.523   332.7912     2.9438     2.1524     0.0223      0.044      5.314      7.708        665 2.0318e+00 0.0000e+00
      5.430    10.6695     7.2104     64.893  31.037309     43.484      6.523   332.7912     2.9155     2.1256     0.0223      0.044      5.322      7.721        666 2.0285e+00 0.0000e+00
      5.432    10.6760     7.2042     64.849  31.026121     43.491      6.521   333.2076     2.9438     2.3404     0.0223      0.041      5.326      7.726        667 2.0273e+00 0.0000e+00
      5.433    10.6861     7.2025     64.851  31.059633     43.532      6.517   332.9426     2.9317     2.2867     0.0223      0.036      5.328      7.728        668 2.0318e+00 0.0000e+00
      5.434    10.6884     7.2015     64.856  31.084562     43.563      6.517   332.4504     2.9317     2.2867     0.0223      0.031      5.329      7.729        669 2.0479e+00 0.0000e+00
      5.434    10.6827 -9.990e-29 -9.990e-29  31.084052     43.551      6.514   332.5640     2.9276     2.1927     0.0223      0.024      5.329      7.729        670 2.0706e+00 0.0000e+00
      5.434    10.6767 -9.990e-29 -9.990e-29  31.089916     43.548      6.514   332.6397     2.9155     2.3002     0.0223      0.017      5.329      7.729        671 2.0602e+00 0.0000e+00
      5.435    10.6730 -9.990e-29 -9.990e-29  31.077263     43.555      6.514   332.9047     2.9681     2.2062     0.0223      0.011      5.330      7.730        672 2.0561e+00 0.0000e+00
      5.436    10.6686 -9.990e-29 -9.990e-29  31.099801     43.562      6.512   332.7533     2.9923     2.3002     0.0223      0.005      5.330      7.730        673 2.1150e+00 0.0000e+00
      5.435    10.6647 -9.990e-29 -9.990e-29  31.091523     43.606      6.510   332.5640     2.9883     2.3270     0.0224      0.002      5.330      7.731        674 2.1028e+00 0.0000e+00
      5.436    10.6645 -9.990e-29 -9.990e-29  31.057913     43.494      6.509   332.7154     2.9842     2.3404     0.0223      0.002      5.331      7.732        675 2.1032e+00 0.0000e+00
      5.436    10.6683 -9.990e-29 -9.990e-29  31.111977     43.656      6.506   332.8290     2.6648     2.2062     0.0224      0.002      5.331      7.732        676 2.1474e+00 0.0000e+00
      5.436    10.6753 -9.990e-29 -9.990e-29  31.113201     43.577      6.504   333.2076     2.6648     2.2330     0.0223      0.001      5.331      7.732        677 2.1207e+00 0.0000e+00
      5.437    10.6876 -9.990e-29 -9.990e-29  31.115696     43.651      6.506   332.8669     2.6891     2.2867     0.0224      0.001      5.331      7.733        678 2.1123e+00 0.0000e+00
      5.437    10.6960 -9.990e-29 -9.990e-29  31.108872     43.564      6.507   333.2833     2.6607     2.3002     0.0223      0.001      5.332      7.733        679 2.1338e+00 0.0000e+00
      5.437 -9.990e-29 -9.990e-29 -9.990e-29  31.121691     43.628      6.502   333.1319     2.7214     2.3136     0.0224      0.001      5.332      7.733        680 2.1677e+00 0.0000e+00
      5.437 -9.990e-29 -9.990e-29 -9.990e-29  31.159042     43.616      6.505   333.2454     2.6971     2.3136     0.0224      0.001      5.332      7.733        681 2.1944e+00 0.0000e+00
