Data/DataNotYetUploadedToEDI/Raw_CTD/RawDownloads/061818_fcr10.cnv
* Sea-Bird SBE19plus  Data File:
* FileName = C:\DATA\061818_fcr_0002.hex
* Software version 2.6.3.104
* Temperature SN = 7809
* Conductivity SN = 7809
* System UpLoad Time = Jun 18 2018 19:16:43
* <ApplicationData>
* <Seaterm232>
# nquan = 17
# nvalues = 316                         
# units = specified
# name 0 = depFM: Depth [fresh water, m]
# name 1 = tv290C: Temperature [ITS-90, deg C]
# name 2 = sbeox0Mg/L: Oxygen, SBE 43 [mg/l]
# name 3 = sbeox0PS: Oxygen, SBE 43 [% saturation]
# name 4 = c0uS/cm: Conductivity [uS/cm]
# name 5 = specc: Specific Conductance [uS/cm]
# name 6 = ph: pH
# name 7 = orp: Oxidation Reduction Potential [mV]
# name 8 = flECO-AFL: Fluorescence, WET Labs ECO-AFL/FL [mg/m^3]
# name 9 = turbWETntu0: Turbidity, WET Labs ECO [NTU]
# name 10 = sal00: Salinity, Practical [PSU]
# name 11 = dz/dtM: Descent Rate [m/s]
# name 12 = prdM: Pressure, Strain Gauge [db]
# name 13 = prdE: Pressure, Strain Gauge [psi]
# name 14 = scan: Scan Count
# name 15 = par/sat/log: PAR/Logarithmic, Satlantic
# name 16 = flag:  0.000e+00
# span 0 =     -0.513,      2.379       
# span 1 =    19.5145,    33.6482       
# span 2 =     5.9411,    15.3679       
# span 3 =     74.380,    171.120       
# span 4 =   0.932190,  36.359571       
# span 5 =      0.790,     37.571       
# span 6 =      6.398,      8.447       
# span 7 =   282.7060,  1240.2295       
# span 8 =    -0.4367,   258.2229       
# span 9 =    -2.6816,     4.8112       
# span 10 =     0.0145,     0.0243      
# span 11 =     -0.183,      0.295      
# span 12 =     -0.503,      2.333      
# span 13 =     -0.729,      3.383      
# span 14 =          1,        316      
# span 15 = 1.3013e+02, 2.6687e+03      
# span 16 = 0.0000e+00, 0.0000e+00      
# interval = seconds: 0.25
# start_time = Jun 18 2018 16:58:50 [Instrument's time stamp, header]
# bad_flag = -9.990e-29
*END*
     -0.512    33.6482     8.0054    103.493   0.932190      0.790      6.401  1240.2295    -0.1536    -0.3720     0.0146 -2.105e-16     -0.502     -0.729          1 2.9480e+02 0.0000e+00
     -0.513    33.6060     8.1705    103.909   1.098781      0.933      6.398  1240.2295    -0.1617    -0.3049     0.0146     -0.000     -0.503     -0.729          2 2.3478e+02 0.0000e+00
     -0.513    33.5596     8.3123    104.580   1.399042      1.195      6.403  1240.2295    -0.1536    -0.2377     0.0146     -0.000     -0.503     -0.729          3 3.0834e+02 0.0000e+00
     -0.513    33.5303     8.4221    105.385   1.298678      1.125      6.401  1240.2295    -0.4124    -0.7211     0.0145     -0.000     -0.503     -0.729          4 1.6379e+02 0.0000e+00
     -0.512    33.4971     8.4967    106.056   1.371715      1.126      6.409  1240.2295    -0.4367    -0.8017     0.0145     -0.000     -0.503     -0.729          5 4.4453e+02 0.0000e+00
     -0.513    33.5098     8.5632    106.756   1.160118      1.079      6.427  1240.2295    -0.4205    -0.7211     0.0145     -0.000     -0.503     -0.729          6 1.7222e+03 0.0000e+00
     -0.513    33.4635     8.6262    107.440   1.591615      1.198      6.420  1240.2295    -0.4084    -0.6003     0.0145     -0.000     -0.502     -0.728          7 2.1154e+03 0.0000e+00
     -0.512    32.5486     8.6893    108.067   1.190005      1.294      6.416  1240.2295    -0.3599    -2.5608     0.0145     -0.000     -0.493     -0.715          8 2.1508e+03 0.0000e+00
     -0.486    31.0236     8.7227    108.359  10.573254      8.165      7.016  1240.2295    -0.3235    -2.4802     0.0159      0.007     -0.455     -0.660          9 2.4154e+03 0.0000e+00
     -0.389    29.7942     8.7311    108.423  29.819316     26.895      7.460   367.9984    -0.3599    -2.6816     0.0223      0.038     -0.377     -0.547         10 2.4361e+03 0.0000e+00
     -0.283    28.6823     8.7171    108.275  35.763541     31.470      7.829   328.7404    -0.3437    -2.6010     0.0237      0.088     -0.280     -0.407         11 2.5821e+03 0.0000e+00
     -0.186    27.7355     8.6691    107.688  34.475721     31.715      8.070   316.4368    -0.3558    -2.5876     0.0235      0.148     -0.187     -0.272         12 2.3077e+03 0.0000e+00
     -0.103    27.1425     8.2858    102.912  34.743655     32.210      8.150   315.0740   258.2229     4.7306     0.0235      0.209     -0.108     -0.157         13 1.3694e+03 0.0000e+00
     -0.042    26.8285     8.1293    100.982  34.214732     32.513      8.186   320.9418   258.2229     4.7306     0.0234      0.260     -0.048     -0.070         14 4.8612e+02 0.0000e+00
     -0.003    26.6938     8.0770    100.331  34.333680     32.890      8.172   315.0361   258.2229     4.8112     0.0234      0.289     -0.003     -0.005         15 6.9186e+02 0.0000e+00
      0.035    26.6241     8.0615    100.101  34.091769     32.894      8.133   312.0075   258.2027     4.7440     0.0233      0.295      0.039      0.056         16 3.7416e+02 0.0000e+00
      0.087    26.5706     8.0285     99.631  34.160080     33.036      8.067   307.1618     0.5783     2.2464     0.0233      0.279      0.086      0.125         17 6.6183e+02 0.0000e+00
      0.143    26.4909     7.9320     98.375  34.367367     33.269      7.987   309.3954     0.5540     2.2330     0.0234      0.247      0.133      0.194         18 1.7981e+03 0.0000e+00
      0.178    26.4278     7.9307     98.318  34.753173     33.709      7.929   309.1304     0.5540     2.3539     0.0235      0.215      0.170      0.247         19 7.8369e+02 0.0000e+00
      0.202    26.4078     8.0474     99.720  34.895881     33.871      7.894   342.1798     0.5702     2.2196     0.0236      0.186      0.196      0.284         20 5.8967e+02 0.0000e+00
      0.220    26.4191     8.1911    101.439  34.990523     34.021      7.873   352.0984     0.6834     0.7962     0.0236      0.163      0.214      0.309         21 6.6895e+02 0.0000e+00
      0.230    26.4238     8.1621    101.041  35.109925     34.143      7.850   344.9812     0.7117     0.8634     0.0237      0.143      0.225      0.325         22 5.9334e+02 0.0000e+00
      0.235    26.4175     8.0594     99.760  34.925238     33.972      7.822   310.2661     0.6672     0.7828     0.0236      0.122      0.230      0.333         23 1.0585e+03 0.0000e+00
      0.238    26.4235     8.0273     99.337  34.419639     33.452      7.789   306.8968     0.6915     0.8097     0.0234      0.096      0.233      0.337         24 4.6436e+02 0.0000e+00
      0.238    26.4235     8.0123     99.164  34.048732     33.104      7.758   304.5118     0.6308     0.8634     0.0233      0.067      0.233      0.338         25 5.0308e+02 0.0000e+00
      0.238    26.4026     7.9580     98.509  34.022659     33.072      7.731   308.4111     0.6147     0.8365     0.0232      0.042      0.233      0.338         26 9.7521e+02 0.0000e+00
      0.238    26.3692     7.8425     97.097  34.036910     33.099      7.706   304.4739     0.6470     0.8634     0.0233      0.026      0.232      0.337         27 6.9556e+02 0.0000e+00
      0.236    26.3367     7.7146     95.542  34.001342     33.058      7.688   305.6854     0.6187     0.8499     0.0232      0.013      0.231      0.335         28 5.1805e+02 0.0000e+00
      0.234    26.3134     7.5867     93.987  34.037274     33.135      7.674   305.3068     0.6147     0.7291     0.0233      0.005      0.231      0.335         29 7.3352e+02 0.0000e+00
      0.237    26.2889     7.4835     92.744  34.051518     33.156      7.669   342.2933     0.7562     0.7828     0.0233      0.001      0.232      0.337         30 8.6118e+02 0.0000e+00
      0.239    26.2551     7.4053     91.784  34.220875     33.334      7.664   342.3690     0.7521     0.8365     0.0233      0.000      0.233      0.338         31 6.8738e+02 0.0000e+00
      0.236    26.2347     7.3143     90.656  34.419636     33.568      7.651   308.6382     0.7441     0.8634     0.0234     -0.001      0.235      0.342         32 6.4528e+02 0.0000e+00
      0.246    26.2273     7.2294     89.604  34.308320     33.454      7.637   302.9975     0.7400     0.8097     0.0234      0.002      0.245      0.357         33 7.9129e+02 0.0000e+00
      0.271    26.2162     7.1692     88.869  34.359418     33.522      7.588   302.8082     0.6875     0.9842     0.0234      0.011      0.260      0.378         34 6.4180e+02 0.0000e+00
      0.278    26.2205     7.1635     88.814  34.622959     33.798      7.549   299.7796     0.7400     1.0648     0.0235      0.019      0.270      0.392         35 4.5646e+02 0.0000e+00
      0.279    26.2316     7.2115     89.428  34.573473     33.753      7.535   298.3032     0.7319     1.0648     0.0235      0.025      0.272      0.395         36 4.5211e+02 0.0000e+00
      0.277    26.2417     7.2917     90.445  34.421006     33.585      7.534   297.3946     0.7319     0.9842     0.0234      0.027      0.271      0.393         37 5.7676e+02 0.0000e+00
      0.274    26.2570     7.4018     91.837  34.367860     33.551      7.538   296.3725     0.7238     0.7828     0.0234      0.025      0.269      0.390         38 4.3852e+02 0.0000e+00
      0.273    26.2756     7.5156     93.270  34.224426     33.381      7.552   296.8646     0.7441     0.8768     0.0233      0.021      0.269      0.390         39 4.2639e+02 0.0000e+00
      0.276    26.2948     7.6338     94.748  34.213977     33.370      7.562   297.4325     0.7400     0.8231     0.0233      0.016      0.270      0.392         40 6.1393e+02 0.0000e+00
      0.278    26.3015     7.7431     96.110  34.291889     33.441      7.558   297.6975     0.7319     0.8365     0.0234      0.008      0.272      0.396         41 5.7603e+02 0.0000e+00
      0.280    26.3004     7.8085     96.932  34.305391     33.427      7.553   297.0918     0.7279     0.9305     0.0234      0.002      0.273      0.397         42 7.3344e+02 0.0000e+00
      0.278    26.3015     7.8420     97.360  34.345445     33.478      7.547   296.0696     0.7481     1.0916     0.0234      0.000      0.273      0.396         43 8.5608e+02 0.0000e+00
      0.278    26.3080     7.8457     97.425  34.331006     33.451      7.550   295.4260     0.7319     1.0111     0.0234      0.001      0.272      0.395         44 6.2938e+02 0.0000e+00
      0.277    26.3178     7.8360     97.326  34.293703     33.424      7.553   297.5839     0.7400     1.0782     0.0234      0.002      0.272      0.395         45 5.3207e+02 0.0000e+00
      0.277    26.3292     7.8138     97.071  34.302900     33.419      7.559   296.4103     0.7885     0.9842     0.0234      0.002      0.272      0.395         46 6.5309e+02 0.0000e+00
      0.278    26.3438     7.7829     96.704  34.349213     33.467      7.560   294.9718     0.7845     0.9976     0.0234      0.001      0.273      0.396         47 6.3867e+02 0.0000e+00
      0.280    26.3587     7.7523     96.341  34.354685     33.460      7.562   293.9496     0.8007     1.0514     0.0234      0.001      0.274      0.397         48 5.1791e+02 0.0000e+00
      0.280    26.3713     7.7070     95.797  34.355396     33.450      7.569   294.3660     0.8088     1.0111     0.0234      0.001      0.274      0.398         49 5.2366e+02 0.0000e+00
      0.279    26.3778     7.6761     95.432  34.377977     33.468      7.569   294.3660     0.7562     1.2662     0.0234      0.001      0.273      0.397         50 6.3548e+02 0.0000e+00
      0.277    26.3812     7.6444     95.056  34.356232     33.432      7.576   293.7982     0.7158     1.2125     0.0234      0.000      0.272      0.395         51 4.4470e+02 0.0000e+00
      0.277    26.3869     7.6136     94.680  34.352797     33.428      7.582   294.0632     0.7319     1.2931     0.0234      0.000      0.272      0.395         52 6.3768e+02 0.0000e+00
      0.278    26.3942     7.5660     94.098  34.352593     33.426      7.585   294.9339     0.7481     1.2393     0.0234      0.000      0.273      0.396         53 1.0087e+03 0.0000e+00
      0.279    26.4046     7.5292     93.657  34.356484     33.422      7.584   295.4639     0.7602     1.2125     0.0234      0.000      0.274      0.397         54 6.4498e+02 0.0000e+00
      0.280    26.4169     7.5035     93.341  34.377607     33.445      7.582   296.6375     0.7643     1.2662     0.0234      0.000      0.274      0.398         55 4.4809e+02 0.0000e+00
      0.280    26.4282     7.4785     93.016  34.355958     33.411      7.576   296.3346     0.7279     1.1991     0.0234      0.000      0.274      0.398         56 5.8321e+02 0.0000e+00
      0.280    26.4385     7.4595     92.774  34.413077     33.457      7.566   295.8803     0.7400     1.1856     0.0234      0.001      0.274      0.398         57 4.6681e+02 0.0000e+00
      0.279    26.4486     7.4394     92.525  34.454796     33.504      7.561   294.4418     0.7238     1.2528     0.0234      0.001      0.274      0.397         58 6.0893e+02 0.0000e+00
      0.279    26.4592     7.4195     92.278  34.422658     33.443      7.554   293.4196     0.7238     1.1453     0.0234      0.001      0.274      0.397         59 1.2050e+03 0.0000e+00
      0.279    26.4706     7.3844     91.838  34.512381     33.545      7.554   293.7225     0.7319     1.1991     0.0234      0.000      0.274      0.397         60 1.2445e+03 0.0000e+00
      0.280    26.4808     7.3306     91.158  34.550724     33.565      7.551   293.6468     0.7400     1.2259     0.0235      0.000      0.273      0.396         61 1.0043e+03 0.0000e+00
      0.277    26.4856     7.2746     90.442  34.463902     33.477      7.555   293.7982     0.7319     1.1319     0.0234     -0.001      0.271      0.394         62 6.1920e+02 0.0000e+00
      0.274    26.4912     7.1962     89.447  34.412833     33.415      7.555   293.0032     0.8290     1.3871     0.0234     -0.002      0.269      0.390         63 3.3205e+02 0.0000e+00
      0.273    26.5009     7.1229     88.528  34.465996     33.467      7.554   292.7003     0.7845     1.4139     0.0234     -0.003      0.268      0.388         64 4.2120e+02 0.0000e+00
      0.270    26.5026     7.0523     87.659  34.516362     33.517      7.558   292.3975     0.7845     1.4945     0.0234     -0.004      0.265      0.385         65 3.4715e+02 0.0000e+00
      0.267    26.4953     6.9901     86.924  34.528086     33.511      7.568   292.4353     0.7926     1.4408     0.0234     -0.006      0.264      0.382         66 5.4558e+02 0.0000e+00
      0.268    26.4915     6.9243     86.173  34.540371     33.537      7.578   292.5110     0.7562     1.5348     0.0235     -0.006      0.264      0.382         67 1.1942e+03 0.0000e+00
      0.270    26.4922     6.8747     85.612  34.471417     33.461      7.583   292.8896     0.7441     1.4676     0.0234     -0.006      0.265      0.384         68 1.0883e+03 0.0000e+00
      0.272    26.4921     6.8334     85.108  34.465619     33.463      7.584   293.3060     0.7036     1.3468     0.0234     -0.005      0.266      0.386         69 1.0844e+03 0.0000e+00
      0.272    26.4898     6.7909     84.561  34.517931     33.517      7.585   293.4953     0.7198     1.4273     0.0234     -0.002      0.266      0.387         70 1.4639e+03 0.0000e+00
      0.271    26.4835     6.7425     83.943  34.465628     33.463      7.581   292.8518     0.7198     1.3468     0.0234     -0.001      0.265      0.386         71 8.6086e+02 0.0000e+00
      0.270    26.4714     6.6859     83.237  34.471398     33.464      7.585   292.2460     0.7441     1.2796     0.0234      0.000      0.265      0.385         72 6.4971e+02 0.0000e+00
      0.271    26.4589     6.6223     82.451  34.481096     33.495      7.590   292.0189     0.7319     1.3871     0.0234      0.001      0.265      0.385         73 7.3788e+02 0.0000e+00
      0.271    26.4538     6.5602     81.705  34.483220     33.476      7.589   292.0567     0.7238     1.1991     0.0234      0.002      0.266      0.386         74 7.5250e+02 0.0000e+00
      0.272    26.4601     6.4903     80.885  34.557728     33.593      7.579   292.3596     0.7400     1.2259     0.0235      0.001      0.266      0.386         75 7.3884e+02 0.0000e+00
      0.272    26.4844     6.4310     80.194  34.536655     33.542      7.569   292.1703     0.8128     1.2662     0.0234      0.000      0.266      0.386         76 4.3307e+02 0.0000e+00
      0.271    26.5271     6.3704     79.470  34.568759     33.592      7.567   291.8675     0.8290     1.3199     0.0235      0.000      0.266      0.386         77 4.1213e+02 0.0000e+00
      0.271    26.5629     6.3103     78.748  34.695710     33.685      7.570   291.9432     0.7966     1.2931     0.0235      0.000      0.266      0.386         78 4.6830e+02 0.0000e+00
      0.270    26.5701     6.2520     78.040  34.882812     33.847      7.572   291.4889     0.7926     1.2528     0.0236      0.000      0.265      0.385         79 4.6793e+02 0.0000e+00
      0.271    26.5585     6.1997     77.400  34.929024     33.877      7.578   292.0189     0.8532     1.2528     0.0236     -0.000      0.265      0.385         80 6.8267e+02 0.0000e+00
      0.271    26.5487     6.1435     76.718  34.964407     33.872      7.580   292.8139     0.8735     1.2931     0.0236     -0.000      0.266      0.386         81 8.0990e+02 0.0000e+00
      0.272    26.5470     6.0954     76.131  35.016713     33.988      7.582   292.7382     0.8492     1.2662     0.0237     -0.000      0.266      0.386         82 6.0843e+02 0.0000e+00
      0.272    26.5515     6.0532     75.630  34.982559     33.887      7.576   292.2082     0.8654     1.2393     0.0236     -0.000      0.266      0.386         83 9.5674e+02 0.0000e+00
      0.270    26.5698     6.0211     75.263  35.066229     34.050      7.570   292.1325     0.7683     1.2125     0.0237     -0.000      0.265      0.384         84 1.2442e+03 0.0000e+00
      0.269    26.6042     5.9806     74.788  35.031216     33.939      7.575   291.7539     0.8047     1.2796     0.0236     -0.001      0.265      0.383         85 9.5942e+02 0.0000e+00
