Data/DataNotYetUploadedToEDI/Raw_CTD/RawDownloads/061820_bvr50.cnv
* Sea-Bird SBE19plus  Data File:
* FileName = C:\DATA\20200618_fcr50_0001.hex
* Software version 2.8.0.119 SB_Terminal.dll
* Temperature SN = 7809
* Conductivity SN = 7809
* System UpLoad Time = Jun 19 2020 16:18:42
* <ApplicationData>
* <Seaterm232>
# nquan = 16
# nvalues = 2515                        
# units = specified
# name 0 = depFM: Depth [fresh water, m]
# name 1 = dz/dtM: Descent Rate [m/s]
# name 2 = sbeox0ML/L: Oxygen, SBE 43 [ml/l]
# name 3 = sbeox0PS: Oxygen, SBE 43 [% saturation]
# name 4 = specc: Specific Conductance [uS/cm]
# name 5 = c0uS/cm: Conductivity [uS/cm]
# name 6 = flECO-AFL: Fluorescence, WET Labs ECO-AFL/FL [mg/m^3]
# name 7 = ph: pH
# name 8 = orp: Oxidation Reduction Potential [mV]
# name 9 = par/sat/log: PAR/Logarithmic, Satlantic
# name 10 = turbWETntu0: Turbidity, WET Labs ECO [NTU]
# name 11 = prdM: Pressure, Strain Gauge [db]
# name 12 = prdE: Pressure, Strain Gauge [psi]
# name 13 = tv290C: Temperature [ITS-90, deg C]
# name 14 = density00: Density [density, kg/m^3]
# name 15 = flag:  0.000e+00
# span 0 =     -0.736,     11.934       
# span 1 =     -0.019,      0.277       
# span 2 =     0.0356,     6.5794       
# span 3 =      0.458,    100.728       
# span 4 =      0.107,    349.184       
# span 5 =   0.099840, 317.161818       
# span 6 =    -0.9592,     3.3462       
# span 7 =     -2.224,      8.755       
# span 8 = -1240.7455,   721.6985       
# span 9 = 1.2349e-01, 2.8814e+02       
# span 10 =    -0.3584,    24.3674      
# span 11 =     -0.723,     11.704      
# span 12 =     -1.048,     16.975      
# span 13 =     9.0503,    21.3074      
# span 14 =   997.9255,   999.8769      
# span 15 = 0.0000e+00, 0.0000e+00      
# interval = seconds: 0.25
# start_time = Jun 18 2020 05:04:04 [Instrument's time stamp, header]
# bad_flag = -9.990e-29
*END*
[from data line 1356]
      4.560      0.014     5.8996     85.958     25.126  20.185890     0.8033      6.929   303.7851 2.3021e+00     3.9849      4.472      6.486    15.1469   999.1124 0.0000e+00
      4.567      0.014     5.9368     86.322     25.134  20.185819     0.8116      6.930   303.8701 2.2865e+00     3.9573      4.480      6.497    15.1616   999.1101 0.0000e+00
      4.572      0.013     5.9769     86.649     25.099  20.149618     0.8166      6.933   303.8860 2.2850e+00     3.9572      4.484      6.504    15.1738   999.1083 0.0000e+00
      4.572      0.012     6.0163     86.870     25.082  20.128635     0.8060      6.936   303.8910 2.2884e+00     3.9494      4.484      6.503    15.1761   999.1080 0.0000e+00
      4.572      0.011     6.0437     86.941     25.082  20.122336     0.7980      6.937   303.9307 2.2782e+00     3.9318      4.482      6.500    15.1688   999.1091 0.0000e+00
      4.574      0.011     6.0705     86.905     25.108  20.136859     0.7969      6.935   303.8505 2.2637e+00     3.9168      4.483      6.503    15.1539   999.1114 0.0000e+00
      4.579      0.011     6.0986     86.816     25.166  20.177406     0.7921      6.932   303.7815 2.2561e+00     3.9388      4.489      6.511    15.1349   999.1143 0.0000e+00
      4.584      0.012     6.1177     86.730     25.159  20.168706     0.7877      6.932   303.8706 2.2532e+00     3.9577      4.496      6.521    15.1216   999.1163 0.0000e+00
      4.588      0.013     6.1218     86.675     25.068  20.095079     0.7440      6.933   303.9811 2.2535e+00     3.9736      4.500      6.527    15.1125   999.1178 0.0000e+00
      4.589      0.016     6.1203     86.611     25.012  20.048094     0.6635      6.932   304.0855 2.2542e+00     3.9938      4.500      6.527    15.0961   999.1203 0.0000e+00
      4.589      0.019     6.1148     86.482     25.014  20.044484     0.6156      6.922   304.2726 2.2469e+00     3.9613      4.499      6.525    15.0807   999.1226 0.0000e+00
      4.592      0.022     6.1076     86.292     25.031  20.051424     0.6034      6.907   304.4363 2.2271e+00     3.9238      4.502      6.528    15.0764   999.1233 0.0000e+00
      4.601      0.024     6.1053     86.107     25.061  20.068589     0.6018      6.895   304.4301 2.1996e+00     3.8838      4.511      6.542    15.0798   999.1227 0.0000e+00
      4.612      0.026     6.1024     85.940     25.059  20.061782     0.5960      6.888   304.3688 2.1733e+00     3.7863      4.525      6.563    15.0774   999.1231 0.0000e+00
      4.622      0.027     6.0958     85.778     25.026  20.032532     0.5911      6.888   304.2982 2.1637e+00     3.7067      4.535      6.577    15.0647   999.1251 0.0000e+00
      4.627      0.027     6.0813     85.620     25.031  20.031962     0.5900      6.891   304.2654 2.1663e+00     3.6770      4.537      6.581    15.0476   999.1278 0.0000e+00
      4.629      0.026     6.0704     85.445     25.067  20.054887     0.6016      6.889   304.3162 2.1622e+00     3.5982      4.539      6.584    15.0330   999.1300 0.0000e+00
      4.634      0.025     6.0610     85.266     25.077  20.056078     0.6456      6.883   304.3092 2.1476e+00     3.4755      4.542      6.589    15.0246   999.1312 0.0000e+00
      4.643      0.024     6.0484     85.056     25.072  20.046357     0.6837      6.878   304.2674 2.1237e+00     3.4293      4.552      6.603    15.0192   999.1321 0.0000e+00
      4.653      0.024     6.0410     84.742     25.098  20.064166     0.6903      6.879   304.2416 2.1012e+00     3.4511      4.565      6.621    15.0118   999.1333 0.0000e+00
      4.660      0.024     6.0281     84.302     25.123  20.081176     0.7251      6.885   304.2553 2.0885e+00     3.4649      4.570      6.630    14.9984   999.1353 0.0000e+00
      4.664      0.023     6.0182     83.779     25.103  20.061787     0.8093      6.893   304.3471 2.0775e+00     3.4931      4.573      6.633    14.9836   999.1376 0.0000e+00
      4.667      0.022     6.0081     83.251     25.055  20.019959     0.8686      6.900   304.4911 2.0653e+00     3.5517      4.575      6.636    14.9736   999.1391 0.0000e+00
      4.672      0.022     5.9861     82.741     25.059  20.019293     0.8796      6.906   304.6188 2.0602e+00     3.5560      4.581      6.643    14.9678   999.1400 0.0000e+00
      4.678      0.022     5.9556     82.243     25.106  20.053729     0.8752      6.910   304.6013 2.0579e+00     3.5103      4.588      6.653    14.9633   999.1407 0.0000e+00
      4.686      0.022     5.9159     81.797     25.112  20.055861     0.8444      6.915   304.5383 2.0507e+00     3.5487      4.595      6.664    14.9570   999.1417 0.0000e+00
      4.692      0.022     5.8795     81.433     25.101  20.045075     0.7831      6.919   304.5445 2.0459e+00     3.6760      4.601      6.674    14.9494   999.1428 0.0000e+00
      4.697      0.022     5.8458     81.163     25.108  20.050134     0.7449      6.921   304.5901 2.0384e+00     3.7456      4.607      6.682    14.9416   999.1440 0.0000e+00
      4.702      0.021     5.8092     81.004     25.113  20.053613     0.7444      6.921   304.6600 2.0243e+00     3.7378      4.610      6.686    14.9348   999.1451 0.0000e+00
      4.707      0.018     5.7781     80.938     25.078  20.023725     0.7587      6.917   304.7006 2.0129e+00     3.7189      4.614      6.692    14.9287   999.1460 0.0000e+00
      4.712      0.015     5.7529     80.936     25.059  20.005813     0.7841      6.913   304.7365 2.0033e+00     3.7229      4.623      6.704    14.9250   999.1465 0.0000e+00
      4.717      0.013     5.7327     81.021     25.090  20.027260     0.8036      6.913   304.8361 1.9958e+00     3.7528      4.627      6.711    14.9244   999.1467 0.0000e+00
      4.720      0.012     5.7222     81.173     25.096  20.029405     0.7941      6.915   304.9587 1.9947e+00     3.7369      4.629      6.714    14.9229   999.1470 0.0000e+00
      4.720      0.011     5.7197     81.324     25.102  20.031741     0.7358      6.917   305.0146 1.9963e+00     3.7018      4.630      6.713    14.9198   999.1474 0.0000e+00
      4.721      0.010     5.7188     81.466     25.135  20.055491     0.6618      6.917   304.9955 1.9937e+00     3.7057      4.629      6.714    14.9137   999.1483 0.0000e+00
      4.725      0.010     5.7254     81.601     25.147  20.062933     0.6238      6.916   304.9860 1.9796e+00     3.7153      4.634      6.721    14.9076   999.1493 0.0000e+00
      4.730      0.009     5.7404     81.680     25.141  20.058313     0.6103      6.914   305.0722 1.9636e+00     3.7157      4.638      6.727    14.9027   999.1500 0.0000e+00
      4.734      0.008     5.7511     81.689     25.144  20.063038     0.5943      6.911   305.1777 1.9692e+00     3.8132      4.642      6.733    14.8963   999.1510 0.0000e+00
      4.736      0.005     5.7605     81.657     25.130  20.056655     0.5729      6.909   305.2286 1.9840e+00     4.0359      4.645      6.737    14.8910   999.1518 0.0000e+00
      4.736      0.002     5.7737     81.593     25.110  20.044555     0.5622      6.909   305.2565 1.9879e+00     4.1768      4.645      6.737    14.8866   999.1525 0.0000e+00
      4.735      0.000     5.7794     81.549     25.109  20.043554     0.5596      6.909   305.2580 1.9839e+00     4.1774      4.644      6.735    14.8851   999.1527 0.0000e+00
      4.734     -0.002     5.7775     81.586     25.114  20.044554     0.5515      6.910   305.2465 1.9719e+00     4.0776      4.642      6.733    14.8917   999.1517 0.0000e+00
      4.732     -0.002     5.7746     81.684     25.130  20.056645     0.5592      6.911   305.2032 1.9627e+00     3.8971      4.641      6.731    14.9043   999.1499 0.0000e+00
      4.732     -0.001     5.7676     81.805     25.135  20.062923     0.5864      6.912   305.1649 1.9695e+00     3.7808      4.640      6.730    14.9122   999.1487 0.0000e+00
      4.732      0.000     5.7618     81.958     25.123  20.057063     0.5940      6.912   305.1271 1.9808e+00     3.7700      4.641      6.731    14.9104   999.1489 0.0000e+00
      4.733      0.001     5.7670     82.129     25.112  20.049201     0.5941      6.914   305.0904 1.9897e+00     3.7660      4.641      6.731    14.9030   999.1501 0.0000e+00
      4.733      0.003     5.7759     82.271     25.092  20.031280     0.6064      6.916   305.1514 2.0012e+00     3.7332      4.642      6.732    14.8989   999.1507 0.0000e+00
      4.733      0.005     5.7826     82.382     25.096  20.030596     0.6187      6.919   305.1760 1.9941e+00     3.7171      4.641      6.731    14.9061   999.1495 0.0000e+00
      4.734      0.007     5.7918     82.453     25.114  20.040934     0.6287      6.922   305.1305 1.9770e+00     3.7083      4.643      6.734    14.9172   999.1478 0.0000e+00
      4.736      0.008     5.8064     82.473     25.104  20.029453     0.6219      6.925   305.2035 1.9769e+00     3.6945      4.645      6.736    14.9184   999.1477 0.0000e+00
      4.739      0.011     5.8162     82.466     25.094  20.018592     0.5747      6.929   305.3700 1.9674e+00     3.8251      4.647      6.740    14.9126   999.1486 0.0000e+00
      4.743      0.014     5.8248     82.431     25.121  20.036427     0.5167      6.934   305.5086 1.9472e+00     4.0864      4.651      6.747    14.9057   999.1497 0.0000e+00
      4.746      0.016     5.8331     82.384     25.151  20.054865     0.4923      6.937   305.5030 1.9377e+00     4.2100      4.654      6.750    14.8961   999.1511 0.0000e+00
      4.750      0.017     5.8325     82.320     25.152  20.051282     0.4800      6.938   305.3879 1.9317e+00     4.1868      4.656      6.753    14.8889   999.1521 0.0000e+00
      4.756      0.016     5.8344     82.201     25.160  20.056522     0.4824      6.938   305.4076 1.9242e+00     4.1835      4.663      6.763    14.8849   999.1528 0.0000e+00
      4.763      0.016     5.8315     82.028     25.154  20.054797     0.5115      6.940   305.4830 1.9113e+00     4.2387      4.673      6.778    14.8770   999.1540 0.0000e+00
      4.767      0.016     5.8294     81.820     25.118  20.030436     0.5359      6.944   305.5253 1.8964e+00     4.2710      4.677      6.783    14.8644   999.1559 0.0000e+00
      4.768      0.017     5.8288     81.619     25.098  20.015619     0.5485      6.948   305.5752 1.8985e+00     4.2302      4.676      6.781    14.8527   999.1577 0.0000e+00
      4.769      0.020     5.8195     81.429     25.077  20.002469     0.5882      6.952   305.5704 1.9110e+00     4.1916      4.675      6.781    14.8504   999.1580 0.0000e+00
      4.773      0.023     5.8065     81.224     25.060  19.998257     0.6527      6.953   305.5526 1.8946e+00     4.1821      4.679      6.786    14.8587   999.1568 0.0000e+00
      4.781      0.027     5.7881     81.049     25.090  20.028117     0.6797      6.952   305.5319 1.8685e+00     4.1838      4.688      6.800    14.8736   999.1546 0.0000e+00
      4.792      0.030     5.7738     80.925     25.116  20.046458     0.6771      6.951   305.4923 1.8506e+00     4.1778      4.699      6.816    14.8706   999.1550 0.0000e+00
      4.802      0.031     5.7632     80.845     25.099  20.029793     0.6788      6.951   305.5043 1.8183e+00     4.1785      4.709      6.830    14.8691   999.1553 0.0000e+00
      4.811      0.029     5.7415     80.858     25.084  20.016843     0.6996      6.953   305.5909 1.7952e+00     4.1920      4.719      6.844    14.9041   999.1501 0.0000e+00
      4.818      0.026     5.7267     80.962     25.087  20.016691     0.7384      6.953   305.5931 1.7870e+00     4.1350      4.725      6.854    14.9172   999.1482 0.0000e+00
      4.822      0.023     5.7221     81.060     25.104  20.027955     0.7471      6.954   305.5314 1.7773e+00     4.0390      4.728      6.858    14.9017   999.1505 0.0000e+00
      4.826      0.021     5.7139     81.124     25.104  20.026211     0.7281      6.956   305.5327 1.7742e+00     3.9582      4.732      6.863    14.8958   999.1515 0.0000e+00
      4.832      0.021     5.7144     81.172     25.065  19.995606     0.6906      6.958   305.5230 1.7725e+00     3.8796      4.738      6.873    14.8968   999.1514 0.0000e+00
      4.837      0.022     5.7265     81.152     25.040  19.974959     0.6361      6.959   305.4992 1.7584e+00     3.8780      4.743      6.881    14.8929   999.1519 0.0000e+00
      4.843      0.023     5.7354     81.072     25.038  19.966794     0.6128      6.961   305.5039 1.7392e+00     3.9385      4.749      6.887    14.8826   999.1536 0.0000e+00
      4.849      0.023     5.7371     80.991     25.044  19.960289     0.6096      6.961   305.5801 1.7264e+00     3.9245      4.756      6.898    14.8815   999.1538 0.0000e+00
      4.856      0.022     5.7442     80.885     25.058  19.959700     0.5588      6.960   305.6459 1.7284e+00     3.7776      4.763      6.908    14.8849   999.1533 0.0000e+00
      4.861      0.021     5.7420     80.759     25.067  19.959662     0.4666      6.960   305.5251 1.7294e+00     3.6046      4.767      6.915    14.8869   999.1530 0.0000e+00
      4.867      0.019     5.7338     80.639     25.069  19.959813     0.4096      6.960   305.4106 1.7142e+00     3.5139      4.772      6.922    14.8748   999.1548 0.0000e+00
      4.872      0.017     5.7351     80.526     25.070  19.961527     0.3946      6.959   305.4656 1.7013e+00     3.4368      4.779      6.931    14.8464   999.1590 0.0000e+00
      4.877      0.015     5.7295     80.426     25.093  19.980392     0.4189      6.959   305.5878 1.6988e+00     3.1874      4.783      6.937    14.8202   999.1630 0.0000e+00
      4.879      0.014     5.7214     80.330     25.118  19.997676     0.4839      6.960   305.6840 1.7021e+00     2.8330      4.784      6.938    14.8052   999.1652 0.0000e+00
      4.881      0.016     5.7140     80.216     25.103  19.980280     0.5322      6.961   305.6820 1.7051e+00     2.6882      4.787      6.942    14.8039   999.1654 0.0000e+00
      4.884      0.020     5.7044     80.077     25.089  19.960272     0.5443      6.961   305.6494 1.7030e+00     2.6728      4.790      6.947    14.8081   999.1647 0.0000e+00
      4.888      0.026     5.6978     79.938     25.084  19.945981     0.5352      6.961   305.6344 1.6943e+00     2.5775      4.792      6.951    14.8102   999.1645 0.0000e+00
      4.895      0.031     5.6919     79.834     25.079  19.934302     0.5272      6.961   305.5854 1.6818e+00     2.4633      4.797      6.958    14.8069   999.1650 0.0000e+00
      4.906      0.036     5.6855     79.749     25.100  19.945870     0.5336      6.956   305.5743 1.6656e+00     2.3904      4.810      6.976    14.7960   999.1667 0.0000e+00
      4.918      0.038     5.6775     79.621     25.124  19.959018     0.5357      6.948   305.6716 1.6429e+00     2.3490      4.824      6.997    14.7762   999.1697 0.0000e+00
      4.930      0.037     5.6691     79.442     25.140  19.966450     0.5248      6.942   305.8155 1.6252e+00     2.3403      4.833      7.011    14.7520   999.1733 0.0000e+00
      4.940      0.034     5.6638     79.245     25.153  19.972309     0.5258      6.937   305.9376 1.6097e+00     2.3881      4.846      7.027    14.7376   999.1755 0.0000e+00
      4.949      0.029     5.6613     79.039     25.151  19.966449     0.5376      6.934   305.9436 1.6000e+00     2.4122      4.855      7.041    14.7302   999.1767 0.0000e+00
      4.954      0.025     5.6536     78.824     25.147  19.959009     0.5349      6.933   305.8874 1.6143e+00     2.3569      4.860      7.048    14.7181   999.1784 0.0000e+00
      4.958      0.021     5.6408     78.617     25.134  19.945747     0.5306      6.932   305.8611 1.6193e+00     2.3033      4.862      7.051    14.7059   999.1802 0.0000e+00
      4.962      0.018     5.6282     78.418     25.119  19.932914     0.5522      6.931   305.7981 1.5952e+00     2.3132      4.865      7.055    14.6977   999.1814 0.0000e+00
      4.967      0.017     5.6143     78.185     25.117  19.930655     0.5871      6.930   305.7267 1.5837e+00     2.3729      4.872      7.066    14.6913   999.1824 0.0000e+00
