Data/DataNotYetUploadedToEDI/Raw_CTD/RawDownloads/061818_fcr30.cnv
* Sea-Bird SBE19plus  Data File:
* FileName = C:\DATA\061818_fcr_0004.hex
* Software version 2.6.3.104
* Temperature SN = 7809
* Conductivity SN = 7809
* System UpLoad Time = Jun 18 2018 19:17:20
* <ApplicationData>
* <Seaterm232>
# nquan = 17
# nvalues = 681                         
# units = specified
# name 0 = depFM: Depth [fresh water, m]
# name 1 = tv290C: Temperature [ITS-90, deg C]
# name 2 = sbeox0Mg/L: Oxygen, SBE 43 [mg/l]
# name 3 = sbeox0PS: Oxygen, SBE 43 [% saturation]
# name 4 = c0uS/cm: Conductivity [uS/cm]
# name 5 = specc: Specific Conductance [uS/cm]
# name 6 = ph: pH
# name 7 = orp: Oxidation Reduction Potential [mV]
# name 8 = flECO-AFL: Fluorescence, WET Labs ECO-AFL/FL [mg/m^3]
# name 9 = turbWETntu0: Turbidity, WET Labs ECO [NTU]
# name 10 = sal00: Salinity, Practical [PSU]
# name 11 = dz/dtM: Descent Rate [m/s]
# name 12 = prdM: Pressure, Strain Gauge [db]
# name 13 = prdE: Pressure, Strain Gauge [psi]
# name 14 = scan: Scan Count
# name 15 = par/sat/log: PAR/Logarithmic, Satlantic
# name 16 = flag:  0.000e+00
# span 0 =     -0.529,      5.437       
# span 1 =    10.6645,    27.6845       
# span 2 =     2.5264,    11.6028       
# span 3 =     23.333,    129.629       
# span 4 =   0.494565,  36.132955       
# span 5 =      1.458,     45.123       
# span 6 =      6.436,      8.126       
# span 7 =   157.2849,   363.4555       
# span 8 =    -0.2021,     6.3566       
# span 9 =    -0.5063,    15.1641       
# span 10 =     0.0125,     0.0237      
# span 11 =     -0.175,      0.228      
# span 12 =     -0.519,      5.332      
# span 13 =     -0.752,      7.733      
# span 14 =          1,        681      
# span 15 = 2.0273e+00, 3.4519e+02      
# span 16 = 0.0000e+00, 0.0000e+00      
# interval = seconds: 0.25
# start_time = Jun 18 2018 17:56:24 [Instrument's time stamp, header]
# bad_flag = -9.990e-29
*END*
     -0.529    26.8963     7.5175     94.700   1.633429      1.566      6.442   322.4183    -0.1536    -0.0900     0.0125 2.1053e-16     -0.519     -0.752          1 1.8001e+02 0.0000e+00
     -0.528    26.8968     7.4955     94.760   1.553495      1.512      6.442   322.4940    -0.1941     0.0040     0.0125      0.000     -0.518     -0.752          2 1.5171e+02 0.0000e+00
     -0.529    26.8964     7.4774     94.754   1.542562      1.458      6.440   333.0940    -0.1536    -0.0095     0.0125      0.000     -0.518     -0.752          3 1.1694e+02 0.0000e+00
     -0.529    26.8970     7.4704     94.823   1.469389      1.458      6.442   337.3340    -0.1536    -0.1572     0.0125      0.000     -0.519     -0.752          4 1.1048e+02 0.0000e+00
     -0.529    26.8961     7.4667     94.871   1.703772      1.566      6.438   363.4555    -0.1496    -0.3317     0.0125      0.000     -0.519     -0.752          5 1.0992e+02 0.0000e+00
     -0.529    26.8978     7.4749     94.972   1.428524      1.512      6.436   361.1462    -0.1698    -0.2243     0.0125      0.000     -0.519     -0.752          6 1.0111e+02 0.0000e+00
     -0.529    26.8950     7.4933     95.133   1.811931      1.512      6.443   356.0355    -0.1779    -0.2109     0.0125      0.000     -0.519     -0.752          7 1.4357e+02 0.0000e+00
     -0.529    26.8995     7.5284     95.491   1.285843      1.620      6.446   356.1112    -0.1860    -0.2780     0.0125     -0.000     -0.519     -0.752          8 1.7782e+02 0.0000e+00
     -0.529    26.8922     7.5607     95.851   2.201662      1.512      6.449   350.1676    -0.1658    -0.2512     0.0125     -0.000     -0.519     -0.752          9 1.8771e+02 0.0000e+00
     -0.529    26.9629     7.5997     96.327   0.494565      1.458      6.452   345.8898    -0.1698    -0.2243     0.0125     -0.000     -0.516     -0.749         10 2.3973e+02 0.0000e+00
     -0.525    27.1976     7.6255     96.646   3.232648      1.512      6.458   349.2969    -0.1617    -0.1303     0.0125      0.001     -0.501     -0.727         11 2.8137e+02 0.0000e+00
     -0.474    27.4065     7.6499     96.950  16.269684     17.305      6.651   202.0322    -0.1617    -0.2512     0.0173      0.015     -0.463     -0.672         12 2.9255e+02 0.0000e+00
     -0.421    27.5329     7.6565     97.032  25.237356     22.704      7.126   188.1386    -0.2021    -0.3854     0.0194      0.039     -0.413     -0.598         13 3.0578e+02 0.0000e+00
     -0.367    27.6306     7.6651     97.138  33.884320     33.627      7.600   178.7121    -0.1941    -0.5063     0.0237      0.071     -0.358     -0.519         14 3.2628e+02 0.0000e+00
     -0.306    27.6837     7.6769     97.283  36.132955     33.595      7.888   157.2849    -0.1779    -0.3720     0.0237      0.108     -0.297     -0.431         15 3.3796e+02 0.0000e+00
     -0.235    27.6845     7.6789     97.296  34.743060     33.483      8.067   169.5128    -0.1496    -0.4257     0.0237      0.149     -0.232     -0.337         16 3.4306e+02 0.0000e+00
     -0.170    27.6405     7.6736     97.194  35.554662     33.447      8.126   169.5128     0.2386    15.1641     0.0237      0.187     -0.170     -0.247         17 3.4519e+02 0.0000e+00
     -0.117    27.5907     7.6484     96.801  34.944964     33.341      8.126   181.8164     0.2467    15.1104     0.0237      0.216     -0.119     -0.172         18 3.3287e+02 0.0000e+00
     -0.078    27.5602     7.5909     95.985  35.175592     33.289      8.110   181.8543     0.2305    15.1507     0.0236      0.228     -0.077     -0.111         19 3.2507e+02 0.0000e+00
     -0.038    27.5496     7.5440     95.320  34.971101     33.322      8.075   182.7250     0.2063    15.1104     0.0236      0.223     -0.039     -0.056         20 3.0734e+02 0.0000e+00
     -0.002    27.5446     7.5134     94.888  35.051187     33.287      8.026   185.9429     1.0392     0.7157     0.0236      0.211     -0.004     -0.006         21 3.0409e+02 0.0000e+00
      0.028    27.5416     7.4885     94.545  35.016625     33.347      7.970   189.3879     1.0352     0.6619     0.0236      0.195      0.026      0.037         22 2.7972e+02 0.0000e+00
      0.052    27.5404     7.4701     94.298  35.073433     33.350      7.918   193.2493     1.0352     0.6351     0.0236      0.172      0.048      0.070         23 1.9223e+02 0.0000e+00
      0.068    27.5395     7.4990     94.650  35.039808     33.352      7.878   195.2558     1.0109     0.5545     0.0236      0.147      0.063      0.090         24 1.9764e+02 0.0000e+00
      0.069    27.5363     7.5787     95.643  35.058473     33.353      7.851   196.5429     1.1686     0.5679     0.0236      0.120      0.068      0.097         25 2.2856e+02 0.0000e+00
      0.069    27.5291     7.6834     96.952  34.990893     33.300      7.818   198.8901     1.1606     0.7157     0.0236      0.095      0.068      0.099         26 2.1271e+02 0.0000e+00
      0.071    27.5086     7.7701     98.038  35.005285     33.302      7.790   201.1993     1.1646     0.6351     0.0236      0.072      0.068      0.100         27 2.0688e+02 0.0000e+00
      0.070    27.4660     7.7951     98.351  35.040563     33.360      7.767   202.9786     1.1808     0.5814     0.0236      0.049      0.068      0.099         28 1.9448e+02 0.0000e+00
      0.069    27.4146     7.7627     97.944  35.006306     33.320      7.749   204.7958     1.1646     0.5948     0.0236      0.029      0.068      0.098         29 2.1340e+02 0.0000e+00
      0.069    27.3732     7.7006     97.172  34.929301     33.294      7.732   207.2565     1.1889     0.6351     0.0236      0.014      0.068      0.098         30 2.2158e+02 0.0000e+00
      0.069    27.3455     7.6026     95.966  34.899161     33.273      7.717   208.4679     1.1606     0.6619     0.0236      0.005      0.068      0.099         31 2.0254e+02 0.0000e+00
      0.070    27.3288     7.4621     94.241  34.925212     33.353      7.711   210.5122     1.1767     0.5814     0.0236      0.000      0.069      0.100         32 2.0385e+02 0.0000e+00
      0.071    27.3196     7.3058     92.314  34.896902     33.317      7.702   212.8594     1.1727     0.5814     0.0236      0.000      0.069      0.100         33 2.1214e+02 0.0000e+00
      0.070    27.3126     7.1403     90.252  34.934406     33.381      7.695   213.3515     1.1889     0.6351     0.0236      0.000      0.070      0.101         34 2.0875e+02 0.0000e+00
      0.073    27.3052     6.9721     88.140  34.937858     33.387      7.690   215.2065     1.1727     0.6217     0.0236      0.001      0.072      0.104         35 2.0002e+02 0.0000e+00
      0.078    27.2978     6.8413     86.482  34.892610     33.338      7.688   216.0394     1.1889     0.6217     0.0236      0.003      0.075      0.109         36 1.9885e+02 0.0000e+00
      0.081    27.2933     6.7739     85.626  34.931408     33.396      7.683   217.4022     1.1444     0.5679     0.0236      0.005      0.078      0.114         37 2.0058e+02 0.0000e+00
      0.081    27.2918     6.7931     85.879  34.948894     33.401      7.678   219.0680     1.1606     0.7291     0.0236      0.007      0.078      0.114         38 1.9930e+02 0.0000e+00
      0.078    27.2927     6.8907     87.129  34.930167     33.404      7.672   219.4465     1.1848     0.7425     0.0236      0.006      0.077      0.111         39 1.9934e+02 0.0000e+00
      0.076    27.2998     7.0196     88.778  34.895401     33.351      7.664   220.4687     1.1686     0.5948     0.0236      0.005      0.076      0.109         40 1.9482e+02 0.0000e+00
      0.076    27.3176     7.1361     90.266  34.932845     33.404      7.659   221.5287     1.1606     0.6351     0.0236      0.003      0.076      0.109         41 1.9428e+02 0.0000e+00
      0.079    27.3466     7.2614     91.858  34.942880     33.400      7.653   222.8537     1.2131     0.6619     0.0236      0.003      0.077      0.112         42 1.9866e+02 0.0000e+00
      0.081    27.3747     7.3494     92.964  34.942222     33.389      7.646   223.8758     1.2374     0.6351     0.0236      0.001      0.079      0.114         43 1.9827e+02 0.0000e+00
      0.081    27.3931     7.4132     93.748  34.992970     33.423      7.639   224.1787     1.2536     0.6619     0.0236      0.000      0.079      0.115         44 1.9473e+02 0.0000e+00
      0.081    27.4017     7.4345     93.974  34.998340     33.405      7.632   225.2766     1.2374     0.5814     0.0236      0.000      0.078      0.114         45 1.9175e+02 0.0000e+00
      0.077    27.3989     7.4180     93.723  35.054152     33.447      7.632   226.1094     1.2253     0.5948     0.0236      0.000      0.077      0.111         46 1.9637e+02 0.0000e+00
      0.077    27.3962     7.3876     93.311  35.101442     33.494      7.632   226.4123     1.2212     0.6351     0.0237      0.001      0.077      0.111         47 1.9405e+02 0.0000e+00
      0.080    27.4026     7.3569     92.906  35.058111     33.443      7.631   227.8887     1.2536     0.6754     0.0236      0.001      0.079      0.113         48 1.9298e+02 0.0000e+00
      0.082    27.4138     7.3454     92.744  35.048764     33.445      7.629   227.8130     1.2455     0.6619     0.0236      0.001      0.080      0.116         49 2.0077e+02 0.0000e+00
      0.082    27.4255     7.3462     92.744  35.053761     33.441      7.628   228.0023     1.2333     0.5142     0.0236      0.001      0.080      0.116         50 2.0018e+02 0.0000e+00
      0.081    27.4348     7.3614     92.934  35.051890     33.434      7.620   228.5323     1.2414     0.7022     0.0236      0.001      0.078      0.114         51 1.9877e+02 0.0000e+00
      0.077    27.4388     7.3870     93.259  35.110403     33.480      7.622   229.6680     1.2536     0.6351     0.0237      0.000      0.075      0.110         52 2.0037e+02 0.0000e+00
      0.075    27.4350     7.4015     93.452  35.129221     33.500      7.621   230.1223     1.2212     0.7022     0.0237     -0.001      0.074      0.108         53 1.9949e+02 0.0000e+00
      0.076    27.4203     7.4159     93.648  35.176750     33.524      7.625   230.5766     1.2293     0.6619     0.0237     -0.001      0.075      0.108         54 2.0283e+02 0.0000e+00
      0.079    27.3950     7.4189     93.698  35.288508     33.660      7.625   231.1823     1.1686     0.6888     0.0237     -0.002      0.077      0.111         55 2.0240e+02 0.0000e+00
      0.081    27.3697     7.4163     93.675  35.257056     33.616      7.627   231.8637     1.1686     0.5277     0.0237     -0.002      0.079      0.114         56 1.9843e+02 0.0000e+00
      0.082    27.3531     7.4135     93.645  35.245555     33.633      7.629   232.5073     1.1929     0.5814     0.0237     -0.001      0.079      0.115         57 2.0038e+02 0.0000e+00
      0.080    27.3421     7.4034     93.523  35.243515     33.649      7.634   233.2644     1.1767     0.6217     0.0237      0.000      0.079      0.114         58 1.9862e+02 0.0000e+00
      0.079    27.3322     7.3906     93.366  35.170635     33.579      7.633   233.6430     1.1686     0.7291     0.0237      0.002      0.078      0.113         59 1.9950e+02 0.0000e+00
      0.079    27.3262     7.3848     93.299  35.158321     33.586      7.634   234.4002     1.1606     0.6888     0.0237      0.002      0.077      0.113         60 2.0098e+02 0.0000e+00
      0.079    27.3246     7.3815     93.259  35.110561     33.539      7.638   235.0059     1.1808     0.6082     0.0237      0.002      0.077      0.113         61 2.0292e+02 0.0000e+00
      0.080    27.3261     7.3765     93.193  35.111448     33.543      7.639   234.9302     1.1767     0.6619     0.0237      0.001      0.078      0.114         62 2.0196e+02 0.0000e+00
      0.080    27.3325     7.3706     93.116  35.157218     33.598      7.638   235.4980     1.2455     0.6754     0.0237     -0.000      0.078      0.114         63 1.9868e+02 0.0000e+00
      0.080    27.3406     7.3560     92.927  35.142573     33.570      7.641   236.2930     1.2374     0.5814     0.0237     -0.001      0.078      0.114         64 2.0041e+02 0.0000e+00
      0.080    27.3479     7.3374     92.688  35.159332     33.592      7.643   237.0880     1.2374     0.6485     0.0237     -0.000      0.078      0.114         65 2.0054e+02 0.0000e+00
      0.079    27.3541     7.3023     92.240  35.166017     33.587      7.640   237.6559     1.2455     0.5814     0.0237      0.000      0.078      0.113         66 2.0152e+02 0.0000e+00
      0.078    27.3574     7.2560     91.654  35.163908     33.583      7.640   238.2995     1.2455     0.7291     0.0237     -0.000      0.077      0.111         67 2.0253e+02 0.0000e+00
      0.078    27.3600     7.1937     90.869  35.161952     33.578      7.643   238.4130     1.2253     0.5814     0.0237     -0.000      0.076      0.110         68 2.0184e+02 0.0000e+00
      0.077    27.3631     7.1360     90.149  35.168446     33.577      7.644   238.6402     1.2374     0.6485     0.0237     -0.001      0.075      0.109         69 2.0116e+02 0.0000e+00
      0.077    27.3669     7.0917     89.601  35.185481     33.601      7.642   239.3973     1.2536     0.6217     0.0237     -0.002      0.075      0.109         70 2.0215e+02 0.0000e+00
      0.077    27.3682     7.0544     89.136  35.170408     33.573      7.643   239.5109     1.2536     0.6619     0.0237     -0.002      0.076      0.110         71 2.0271e+02 0.0000e+00
      0.078    27.3661     7.0274     88.800  35.157547     33.570      7.647   240.3816     1.2455     0.6351     0.0237     -0.002      0.076      0.110         72 2.0258e+02 0.0000e+00
      0.078    27.3639     6.9957     88.405  35.171829     33.569      7.645   240.2302     1.2455     0.6619     0.0237     -0.001      0.076      0.110         73 2.0214e+02 0.0000e+00
      0.078    27.3616     6.9662     88.036  35.152633     33.571      7.647   240.4573     1.2253     0.5814     0.0237     -0.000      0.076      0.111         74 2.0149e+02 0.0000e+00
      0.078    27.3590     6.9365     87.663  35.181437     33.572      7.650   240.9495     1.2414     0.6888     0.0237      0.000      0.076      0.111         75 2.0222e+02 0.0000e+00
      0.078    27.3567     6.9107     87.335  35.224955     33.654      7.652   241.0252     1.2414     0.5948     0.0237      0.000      0.076      0.110         76 2.0267e+02 0.0000e+00
      0.077    27.3556     6.8787     86.926  35.187446     33.575      7.652   241.7445     1.2293     0.6082     0.0237      0.000      0.076      0.110         77 2.0490e+02 0.0000e+00
      0.077    27.3570     6.8345     86.361  35.228117     33.657      7.655   242.0473     1.2010     0.6082     0.0237      0.000      0.076      0.110         78 2.0382e+02 0.0000e+00
      0.078    27.3627     6.7893     85.786  35.174344     33.578      7.656   242.1987     1.2172     0.6351     0.0237     -0.000      0.076      0.111         79 2.0125e+02 0.0000e+00
      0.078    27.3699     6.7313     85.049  35.165396     33.577      7.660   242.5395     1.2455     0.6888     0.0237     -0.000      0.077      0.111         80 2.0242e+02 0.0000e+00
      0.079    27.3740     6.6587     84.132  35.179937     33.600      7.662   242.5773     1.2212     0.7022     0.0237      0.000      0.077      0.112         81 2.0236e+02 0.0000e+00
      0.079    27.3770     6.5906     83.271  35.126588     33.515      7.663   243.2209     1.2374     0.6619     0.0237      0.001      0.077      0.112         82 2.0498e+02 0.0000e+00
      0.078    27.3803     6.5218     82.399  35.142814     33.566      7.666   243.7130     1.2253     0.6351     0.0237      0.001      0.077      0.111         83 2.0580e+02 0.0000e+00
      0.078    27.3832     6.4533     81.534  35.189399     33.564      7.664   244.0538     1.2616     0.6619     0.0237      0.001      0.076      0.110         84 2.0472e+02 0.0000e+00
      0.077    27.3844     6.3944     80.788  35.216896     33.642      7.663   244.0916     1.2374     0.7022     0.0237      0.000      0.075      0.109         85 2.0661e+02 0.0000e+00
