Data/DataNotYetUploadedToEDI/Raw_CTD/RawDownloads/061818_fcr30.cnv
* Sea-Bird SBE19plus  Data File:
* FileName = C:\DATA\061818_fcr_0004.hex
* Software version 2.6.3.104
* Temperature SN = 7809
* Conductivity SN = 7809
* System UpLoad Time = Jun 18 2018 19:17:20
* <ApplicationData>
* <Seaterm232>
# nquan = 17
# nvalues = 681                         
# units = specified
# name 0 = depFM: Depth [fresh water, m]
# name 1 = tv290C: Temperature [ITS-90, deg C]
# name 2 = sbeox0Mg/L: Oxygen, SBE 43 [mg/l]
# name 3 = sbeox0PS: Oxygen, SBE 43 [% saturation]
# name 4 = c0uS/cm: Conductivity [uS/cm]
# name 5 = specc: Specific Conductance [uS/cm]
# name 6 = ph: pH
# name 7 = orp: Oxidation Reduction Potential [mV]
# name 8 = flECO-AFL: Fluorescence, WET Labs ECO-AFL/FL [mg/m^3]
# name 9 = turbWETntu0: Turbidity, WET Labs ECO [NTU]
# name 10 = sal00: Salinity, Practical [PSU]
# name 11 = dz/dtM: Descent Rate [m/s]
# name 12 = prdM: Pressure, Strain Gauge [db]
# name 13 = prdE: Pressure, Strain Gauge [psi]
# name 14 = scan: Scan Count
# name 15 = par/sat/log: PAR/Logarithmic, Satlantic
# name 16 = flag:  0.000e+00
# span 0 =     -0.529,      5.437       
# span 1 =    10.6645,    27.6845       
# span 2 =     2.5264,    11.6028       
# span 3 =     23.333,    129.629       
# span 4 =   0.494565,  36.132955       
# span 5 =      1.458,     45.123       
# span 6 =      6.436,      8.126       
# span 7 =   157.2849,   363.4555       
# span 8 =    -0.2021,     6.3566       
# span 9 =    -0.5063,    15.1641       
# span 10 =     0.0125,     0.0237      
# span 11 =     -0.175,      0.228      
# span 12 =     -0.519,      5.332      
# span 13 =     -0.752,      7.733      
# span 14 =          1,        681      
# span 15 = 2.0273e+00, 3.4519e+02      
# span 16 = 0.0000e+00, 0.0000e+00      
# interval = seconds: 0.25
# start_time = Jun 18 2018 17:56:24 [Instrument's time stamp, header]
# bad_flag = -9.990e-29
*END*
[from data line 426]
      2.040    21.1037    11.0515    123.703  30.552965     33.105      7.694   286.4539     2.9034     0.9976     0.0218      0.036      2.003      2.906        427 3.6816e+01 0.0000e+00
      2.053    21.0338    11.0712    123.504  30.486467     33.046      7.689   286.6810     3.2309     1.3065     0.0218      0.037      2.015      2.923        428 3.6130e+01 0.0000e+00
      2.073    20.9919    11.0455    122.935  30.260020     32.799      7.685   287.3246     3.2511     1.3333     0.0216      0.041      2.030      2.945        429 3.5635e+01 0.0000e+00
      2.086    21.0387    10.9987    122.401  30.182479     32.788      7.677   287.3624     3.2713     1.2796     0.0216      0.042      2.043      2.964        430 3.5419e+01 0.0000e+00
      2.094    21.1235    10.9913    122.432  30.316135     32.941      7.669   287.4003     3.2592     1.2796     0.0217      0.041      2.052      2.976        431 3.5321e+01 0.0000e+00
      2.098    21.1792    11.0234    122.911  30.597758     33.241      7.660   287.6275     3.1379     1.0782     0.0218      0.041      2.057      2.984        432 3.5364e+01 0.0000e+00
      2.101    21.1711    11.0709    123.090  30.662204     33.237      7.654   287.7032     3.1177     1.0916     0.0218      0.040      2.064      2.994        433 3.5123e+01 0.0000e+00
      2.115    21.1030    11.1024    122.700  30.354507     32.867      7.649   288.0439     3.1177     0.9842     0.0217      0.040      2.077      3.012        434 3.4342e+01 0.0000e+00
      2.138    21.0772    11.1337    122.446  30.269050     32.747      7.642   288.1575     3.1379     1.0111     0.0216      0.042      2.094      3.037        435 3.3926e+01 0.0000e+00
      2.152    21.0308    11.2119    122.805  30.383099     32.984      7.637   288.0439     3.0853     1.0782     0.0217      0.043      2.111      3.062        436 3.3604e+01 0.0000e+00
      2.170    20.8854    11.3369    123.714  30.271894     32.816      7.632   288.5360     3.0611     1.2393     0.0216      0.045      2.128      3.087        437 3.2919e+01 0.0000e+00
      2.190    20.7114    11.4752    124.848  30.110957     32.728      7.623   288.5360     3.0732     1.2796     0.0216      0.052      2.145      3.112        438 3.2464e+01 0.0000e+00
      2.203    20.5992    11.5782    125.670  29.931105     32.590      7.616   288.7632     3.0489     1.2662     0.0215      0.058      2.158      3.131        439 3.2303e+01 0.0000e+00
      2.211    20.5879    11.6028    125.873  29.932420     32.744      7.613   288.6117     3.0449     1.2931     0.0215      0.061      2.167      3.143        440 3.2196e+01 0.0000e+00
      2.217    20.6401    11.5450    125.239  30.139034     33.042      7.611   288.8767     2.5394     1.2125     0.0216      0.060      2.176      3.155        441 3.1929e+01 0.0000e+00
      2.228    20.6822    11.4069    123.517  30.237371     33.169      7.608   288.9903     2.5475     1.3333     0.0216      0.055      2.187      3.171        442 3.1471e+01 0.0000e+00
      2.244    20.5392    11.1827    120.804  29.928652     32.798      7.607   289.3310     2.5597     1.2931     0.0215      0.050      2.203      3.195        443 3.0808e+01 0.0000e+00
      2.269    20.2414    10.9370    117.877  29.485474     32.242      7.597   290.2396     2.5435     1.1856     0.0213      0.051      2.225      3.226        444 3.0096e+01 0.0000e+00
      2.291    19.9911    10.6420    114.392  29.365717     32.252      7.585   290.5803     2.4060     1.0111     0.0212      0.054      2.248      3.259        445 2.9543e+01 0.0000e+00
      2.316    19.7872    10.2894    110.383  29.366157     32.438      7.575   290.8832     2.4181     1.0648     0.0212      0.060      2.271      3.293        446 2.9047e+01 0.0000e+00
      2.338    19.6026     9.9649    106.713  29.396080     32.678      7.566   291.2239     2.4464     1.0648     0.0212      0.068      2.292      3.324        447 2.8548e+01 0.0000e+00
      2.356    19.4504     9.6633    103.307  29.476825     32.890      7.560   291.3375     2.4303     1.0111     0.0213      0.076      2.309      3.349        448 2.8259e+01 0.0000e+00
      2.369    19.3356     9.3966    100.305  29.591898     33.184      7.554   291.7160     2.3292     1.2393     0.0213      0.080      2.320      3.365        449 2.8253e+01 0.0000e+00
      2.371    19.3080     9.1467     97.544  29.608740     33.296      7.545   291.9432     2.3211     1.2259     0.0213      0.077      2.326      3.373        450 2.8326e+01 0.0000e+00
      2.373    19.3022     8.9404     95.382  29.604174     33.384      7.539   292.2082     2.3575     1.2931     0.0213      0.067      2.333      3.383        451 2.7973e+01 0.0000e+00
      2.391    19.2147     8.7689     93.667  29.686571     33.498      7.539   292.9653     2.3373     1.3602     0.0214      0.057      2.348      3.405        452 2.7228e+01 0.0000e+00
      2.418    19.0982     8.6612     92.600  29.773062     33.595      7.534   293.1546     2.4262     1.0379     0.0214      0.054      2.368      3.435        453 2.6846e+01 0.0000e+00
      2.433    18.9814     8.6096     92.100  29.822695     33.727      7.530   293.3060     2.3979     1.0916     0.0214      0.051      2.386      3.461        454 2.6613e+01 0.0000e+00
      2.449    18.8530     8.5970     92.024  29.891682     33.880      7.529   293.0032     2.3696     1.0111     0.0215      0.052      2.402      3.484        455 2.6244e+01 0.0000e+00
      2.465    18.7520     8.6225     92.326  30.013404     34.126      7.525   293.4196     2.4262     1.0111     0.0215      0.055      2.418      3.507        456 2.5916e+01 0.0000e+00
      2.481    18.6663     8.6798     92.966  30.027065     34.229      7.521   293.7603     2.4222     1.0782     0.0215      0.061      2.433      3.528        457 2.5617e+01 0.0000e+00
      2.495    18.5824     8.7639     93.785  30.022981     34.306      7.515   293.6468     2.3979     1.0514     0.0215      0.065      2.444      3.544        458 2.5525e+01 0.0000e+00
      2.499    18.5082     8.8463     94.602  30.077830     34.438      7.506   293.5710     2.4141     0.9842     0.0215      0.063      2.450      3.553        459 2.5560e+01 0.0000e+00
      2.500    18.4626     8.9213     95.401  30.077444     34.505      7.501   293.6468     2.3939     1.1051     0.0215      0.054      2.452      3.556        460 2.5567e+01 0.0000e+00
      2.502    18.4809     8.9736     95.970  30.023497     34.499      7.496   293.7225     2.3979     1.0916     0.0215      0.043      2.453      3.558        461 2.5570e+01 0.0000e+00
      2.503    18.5409     9.0059     96.337  30.026394     34.537      7.490   293.7225     2.1351     0.7291     0.0215      0.034      2.455      3.560        462 2.5498e+01 0.0000e+00
      2.504    18.5843     9.0323     96.689  30.014551     34.521      7.486   294.1389     2.1229     0.8097     0.0215      0.025      2.456      3.561        463 2.5505e+01 0.0000e+00
      2.505    18.6150     9.0614     96.989  29.949280     34.377      7.483   294.1389     2.1593     0.8365     0.0215      0.016      2.456      3.561        464 2.5503e+01 0.0000e+00
      2.503    18.6423     9.0908     97.188  29.959356     34.374      7.477   294.2146     2.1472     0.8097     0.0215      0.008      2.455      3.560        465 2.5493e+01 0.0000e+00
      2.503    18.6624     9.1194     97.342  29.942694     34.320      7.471   294.1010     2.1472     1.0111     0.0215      0.004      2.455      3.560        466 2.5523e+01 0.0000e+00
      2.504    18.6702     9.1415     97.482  29.940351     34.295      7.470   294.4418     2.1229     0.9842     0.0215      0.002      2.456      3.562        467 2.5367e+01 0.0000e+00
      2.507    18.6328     9.1435     97.524  30.021560     34.379      7.461   294.1768     2.1391     0.9305     0.0215      0.002      2.458      3.564        468 2.5340e+01 0.0000e+00
      2.507    18.5968     9.0967     97.271  30.019522     34.368      7.459   294.4418     2.1634     1.0916     0.0215      0.002      2.458      3.565        469 2.5426e+01 0.0000e+00
      2.505    18.5970     9.0438     96.949  30.031836     34.402      7.455   294.4039     2.2887     1.0648     0.0215      0.001      2.457      3.563        470 2.5419e+01 0.0000e+00
      2.504    18.5997     9.0081     96.499  30.006248     34.429      7.453   294.7825     2.2726     1.0782     0.0215      0.001      2.456      3.562        471 2.5426e+01 0.0000e+00
      2.504    18.6141     8.9773     96.044  29.962429     34.333      7.451   294.6310     2.2968     1.0111     0.0215      0.001      2.457      3.563        472 2.5429e+01 0.0000e+00
      2.506    18.6452     8.9719     96.000  29.997422     34.426      7.444   294.9339     2.2766     1.0782     0.0215      0.001      2.458      3.564        473 2.5402e+01 0.0000e+00
      2.507    18.6412     8.9785     96.106  29.903398     34.257      7.443   295.1989     2.3898     1.0916     0.0215      0.001      2.458      3.565        474 2.5424e+01 0.0000e+00
      2.508    18.5819     8.9857     96.207  29.931181     34.293      7.437   295.2746     2.4181     0.9842     0.0215      0.001      2.459      3.567        475 2.5455e+01 0.0000e+00
      2.508    18.5075     8.9935     96.359  30.081437     34.458      7.432   295.3503     2.3696     0.9976     0.0215      0.001      2.459      3.567        476 2.5474e+01 0.0000e+00
      2.508    18.4579     9.0002     96.452  30.072212     34.504      7.429   296.0318     2.3817     1.0379     0.0215      0.001      2.460      3.568        477 2.5429e+01 0.0000e+00
      2.510    18.4714     9.0238     96.518  30.090935     34.565      7.425   296.1453     2.2240     1.0379     0.0215      0.003      2.461      3.570        478 2.5405e+01 0.0000e+00
      2.510    18.5944     9.0543     96.229  30.058166     34.603      7.422   296.4860     2.2362     1.0245     0.0215      0.003      2.462      3.571        479 2.5469e+01 0.0000e+00
      2.511    18.7120     9.0528     95.728  29.964758     34.434      7.418   296.9782     2.2240     0.9708     0.0215      0.003      2.464      3.573        480 2.5391e+01 0.0000e+00
      2.516    18.6838     9.0002     94.945  30.058917     34.496      7.413   296.8646     2.1998     1.0514     0.0215      0.004      2.467      3.578        481 2.5386e+01 0.0000e+00
      2.518    18.6202     8.8686     93.367  30.089198     34.398      7.411   297.3189     2.1998     1.0111     0.0215      0.005      2.468      3.580        482 2.5435e+01 0.0000e+00
      2.516    18.6259     8.6188     90.646  30.075291     34.425      7.407   297.3189     2.2240     0.9574     0.0215      0.005      2.468      3.579        483 2.5388e+01 0.0000e+00
      2.516    18.6421     8.2603     86.620  30.135525     34.540      7.403   297.6218     2.2240     1.0782     0.0216      0.005      2.468      3.579        484 2.5344e+01 0.0000e+00
      2.518    18.6582     7.8836     82.371  30.132853     34.534      7.400   297.5082     2.1836     0.9976     0.0216      0.005      2.469      3.581        485 2.5303e+01 0.0000e+00
      2.520    18.6881     7.4896     78.018  30.078618     34.456      7.395   297.6218     2.1836     0.9574     0.0215      0.005      2.471      3.585        486 2.5334e+01 0.0000e+00
      2.522    18.7040     7.0883     73.591  30.084413     34.446      7.395   298.0761     2.2766     1.0514     0.0215      0.005      2.475      3.590        487 2.5259e+01 0.0000e+00
      2.527    18.5976     6.6509     68.827  30.007033     34.355      7.393   297.7353     2.2645     1.0648     0.0215      0.006      2.483      3.601        488 2.4880e+01 0.0000e+00
      2.546    18.2982     6.2032     64.038  30.174906     34.474      7.392   297.7732     2.2726     1.0379     0.0216      0.011      2.499      3.624        489 2.4442e+01 0.0000e+00
      2.570    18.0494     5.7092     58.821  30.676069     35.222      7.378   298.3789     2.2604     1.0648     0.0219      0.021      2.515      3.648        490 2.4386e+01 0.0000e+00
      2.575    17.9272     5.2875     54.345  30.688028     35.412      7.366   298.9089     2.2685     1.0916     0.0218      0.030      2.524      3.660        491 2.4454e+01 0.0000e+00
      2.575    17.8372     4.8813     50.084  30.664190     35.616      7.357   299.3253     2.2968     1.0916     0.0218      0.035      2.529      3.667        492 2.4262e+01 0.0000e+00
      2.585    17.7772     4.4863     45.993  30.705834     35.777      7.356   299.7418     2.2847     0.9842     0.0219      0.038      2.539      3.683        493 2.3871e+01 0.0000e+00
      2.609    17.6409     4.1277     42.262  30.873472     35.990      7.352   299.9689     2.2766     1.0514     0.0219      0.044      2.559      3.712        494 2.3415e+01 0.0000e+00
      2.634    17.4653     3.8303     39.136  31.196894     36.521      7.345   300.1582     2.1634     1.0514     0.0221      0.051      2.583      3.747        495 2.2972e+01 0.0000e+00
      2.660    17.3181     3.5899     36.605  31.489449     36.840      7.334   300.2718     2.1634     0.9976     0.0222      0.058      2.609      3.784        496 2.2445e+01 0.0000e+00
      2.689    17.1583     3.4726     35.341  31.843799     37.584      7.323   300.7261     2.1593     1.0111     0.0225      0.065      2.635      3.822        497 2.2035e+01 0.0000e+00
      2.713    17.0033     3.4718     35.243  31.734515     37.417      7.309   300.8018     2.1351     1.0379     0.0223      0.074      2.659      3.857        498 2.1726e+01 0.0000e+00
      2.732    16.8879     3.5890     36.326  31.803434     37.758      7.299   301.2182     2.1270     1.0379     0.0224      0.085      2.680      3.887        499 2.1353e+01 0.0000e+00
      2.755    16.7895     3.8148     38.518  32.113937     38.197      7.291   303.2246     2.5435     1.0514     0.0226      0.093      2.702      3.920        500 2.1038e+01 0.0000e+00
      2.781    16.6767     4.0830     41.150  32.178451     38.436      7.279   303.4896     2.5273     1.1319     0.0226      0.096      2.725      3.953        501 2.0711e+01 0.0000e+00
      2.802    16.5947     4.2935     43.201  32.138345     38.424      7.265   303.6411     2.5475     1.1588     0.0226      0.095      2.745      3.982        502 2.0477e+01 0.0000e+00
      2.813    16.5534     4.3931     44.114  32.074937     38.497      7.256   304.0575     2.5273     0.9976     0.0226      0.090      2.760      4.003        503 2.0338e+01 0.0000e+00
      2.828    16.4920     4.3761     43.849  32.109141     38.573      7.247   304.9282     2.5758     1.2931     0.0226      0.083      2.775      4.025        504 2.0102e+01 0.0000e+00
      2.849    16.3952     4.2459     42.454  31.888240     38.408      7.238   304.6254     2.6041     1.2662     0.0225      0.078      2.794      4.052        505 1.9775e+01 0.0000e+00
      2.870    16.2984     4.0644     40.552  31.489932     37.892      7.227   304.8904     2.5960     1.3199     0.0222      0.075      2.815      4.082        506 1.9437e+01 0.0000e+00
      2.892    16.2065     3.9095     38.930  31.151873     37.678      7.215   305.6854     2.6082     1.2125     0.0221      0.075      2.838      4.115        507 1.9090e+01 0.0000e+00
      2.920    16.0863     3.8337     38.120  31.271148     37.767      7.201   306.5561     2.4788     1.2662     0.0221      0.076      2.864      4.153        508 1.8672e+01 0.0000e+00
      2.949    15.9496     3.8623     38.349  31.845635     38.731      7.186   306.8211     2.4828     1.2796     0.0225      0.080      2.889      4.191        509 1.8340e+01 0.0000e+00
      2.969    15.8347     3.9745     39.396  32.097529     38.981      7.175   306.7454     2.4869     1.2931     0.0226      0.085      2.909      4.220        510 1.8219e+01 0.0000e+00
