Data/DataNotYetUploadedToEDI/Raw_CTD/RawDownloads/061820_bvr50.cnv
* Sea-Bird SBE19plus  Data File:
* FileName = C:\DATA\20200618_fcr50_0001.hex
* Software version 2.8.0.119 SB_Terminal.dll
* Temperature SN = 7809
* Conductivity SN = 7809
* System UpLoad Time = Jun 19 2020 16:18:42
* <ApplicationData>
* <Seaterm232>
# nquan = 16
# nvalues = 2515                        
# units = specified
# name 0 = depFM: Depth [fresh water, m]
# name 1 = dz/dtM: Descent Rate [m/s]
# name 2 = sbeox0ML/L: Oxygen, SBE 43 [ml/l]
# name 3 = sbeox0PS: Oxygen, SBE 43 [% saturation]
# name 4 = specc: Specific Conductance [uS/cm]
# name 5 = c0uS/cm: Conductivity [uS/cm]
# name 6 = flECO-AFL: Fluorescence, WET Labs ECO-AFL/FL [mg/m^3]
# name 7 = ph: pH
# name 8 = orp: Oxidation Reduction Potential [mV]
# name 9 = par/sat/log: PAR/Logarithmic, Satlantic
# name 10 = turbWETntu0: Turbidity, WET Labs ECO [NTU]
# name 11 = prdM: Pressure, Strain Gauge [db]
# name 12 = prdE: Pressure, Strain Gauge [psi]
# name 13 = tv290C: Temperature [ITS-90, deg C]
# name 14 = density00: Density [density, kg/m^3]
# name 15 = flag:  0.000e+00
# span 0 =     -0.736,     11.934       
# span 1 =     -0.019,      0.277       
# span 2 =     0.0356,     6.5794       
# span 3 =      0.458,    100.728       
# span 4 =      0.107,    349.184       
# span 5 =   0.099840, 317.161818       
# span 6 =    -0.9592,     3.3462       
# span 7 =     -2.224,      8.755       
# span 8 = -1240.7455,   721.6985       
# span 9 = 1.2349e-01, 2.8814e+02       
# span 10 =    -0.3584,    24.3674      
# span 11 =     -0.723,     11.704      
# span 12 =     -1.048,     16.975      
# span 13 =     9.0503,    21.3074      
# span 14 =   997.9255,   999.8769      
# span 15 = 0.0000e+00, 0.0000e+00      
# interval = seconds: 0.25
# start_time = Jun 18 2020 05:04:04 [Instrument's time stamp, header]
# bad_flag = -9.990e-29
*END*
[from data line 814]
      2.544      0.010     5.7591     88.283     23.627  20.674823     2.5356      7.014   286.1075 9.8186e+00     2.8572      2.495      3.619    18.7571   998.4784 0.0000e+00
      2.546      0.010     5.7651     88.260     23.578  20.632883     2.5534      7.006   286.1608 9.8197e+00     2.8814      2.498      3.621    18.7531   998.4791 0.0000e+00
      2.549      0.009     5.7646     88.234     23.571  20.626423     2.5515      6.998   286.2168 9.8186e+00     2.9030      2.500      3.626    18.7487   998.4800 0.0000e+00
      2.551      0.008     5.7607     88.202     23.609  20.660125     2.5504      6.988   286.2692 9.8048e+00     2.9123      2.502      3.629    18.7472   998.4803 0.0000e+00
      2.553      0.007     5.7589     88.190     23.607  20.659901     2.5599      6.978   286.3642 9.7868e+00     2.9258      2.504      3.631    18.7482   998.4801 0.0000e+00
      2.554      0.006     5.7576     88.219     23.562  20.623721     2.5612      6.971   286.5046 9.7741e+00     2.8942      2.505      3.633    18.7496   998.4798 0.0000e+00
      2.556      0.005     5.7563     88.282     23.534  20.603137     2.5467      6.966   286.5899 9.7664e+00     2.8392      2.507      3.636    18.7490   998.4800 0.0000e+00
      2.557      0.005     5.7535     88.345     23.530  20.601266     2.5470      6.963   286.7066 9.7559e+00     2.8095      2.507      3.637    18.7481   998.4802 0.0000e+00
      2.557      0.005     5.7513     88.377     23.534  20.601095     2.5831      6.960   286.8839 9.7424e+00     2.8096      2.508      3.637    18.7526   998.4792 0.0000e+00
      2.558      0.005     5.7530     88.421     23.541  20.601070     2.6217      6.954   287.0129 9.7228e+00     2.8405      2.508      3.638    18.7604   998.4777 0.0000e+00
      2.560      0.005     5.7560     88.508     23.545  20.600955     2.6327      6.947   287.0614 9.7032e+00     2.8402      2.509      3.641    18.7706   998.4758 0.0000e+00
      2.562      0.005     5.7616     88.599     23.544  20.599697     2.6679      6.942   287.0409 9.6861e+00     2.8052      2.512      3.643    18.7762   998.4747 0.0000e+00
      2.564      0.005     5.7628     88.684     23.528  20.585852     2.7518      6.939   287.0227 9.6493e+00     2.7955      2.514      3.645    18.7660   998.4767 0.0000e+00
      2.564      0.005     5.7662     88.777     23.498  20.560383     2.8077      6.939   287.0990 9.6030e+00     2.8263      2.514      3.646    18.7482   998.4802 0.0000e+00
      2.565      0.005     5.7754     88.878     23.482  20.545395     2.8004      6.942   287.1031 9.5644e+00     2.8683      2.515      3.648    18.7402   998.4817 0.0000e+00
      2.566      0.005     5.7805     88.982     23.470  20.531445     2.7014      6.950   286.9871 9.5294e+00     2.8570      2.517      3.650    18.7416   998.4815 0.0000e+00
      2.567      0.006     5.7855     89.058     23.460  20.518545     2.5457      6.959   286.9006 9.5074e+00     2.8273      2.517      3.650    18.7432   998.4811 0.0000e+00
      2.568      0.008     5.7918     89.103     23.462  20.516230     2.4717      6.961   286.8321 9.5026e+00     2.8521      2.518      3.652    18.7454   998.4806 0.0000e+00
      2.569      0.009     5.7979     89.136     23.452  20.503442     2.4749      6.956   286.8462 9.4950e+00     2.8829      2.519      3.653    18.7437   998.4810 0.0000e+00
      2.573      0.009     5.8072     89.191     23.442  20.490752     2.4792      6.948   286.9854 9.4751e+00     2.8557      2.522      3.658    18.7369   998.4822 0.0000e+00
      2.577      0.008     5.8127     89.317     23.442  20.489608     2.4956      6.942   287.0519 9.4617e+00     2.8321      2.528      3.667    18.7284   998.4840 0.0000e+00
      2.580      0.007     5.8166     89.508     23.441  20.489608     2.5297      6.941   286.9623 9.4626e+00     2.8721      2.530      3.670    18.7167   998.4863 0.0000e+00
      2.580      0.007     5.8196     89.712     23.441  20.490750     2.5480      6.944   286.9347 9.4586e+00     2.8941      2.530      3.670    18.7064   998.4882 0.0000e+00
      2.580      0.006     5.8218     89.907     23.456  20.503420     2.5457      6.946   286.9766 9.4500e+00     2.8568      2.530      3.670    18.7000   998.4894 0.0000e+00
      2.581      0.005     5.8308     90.060     23.473  20.515978     2.5116      6.946   287.0380 9.4513e+00     2.8328      2.531      3.671    18.6966   998.4900 0.0000e+00
      2.582      0.005     5.8452     90.163     23.475  20.515770     2.4499      6.947   287.1608 9.4556e+00     2.8453      2.532      3.673    18.6996   998.4896 0.0000e+00
      2.585      0.006     5.8574     90.241     23.460  20.500898     2.4199      6.955   287.1718 9.4613e+00     2.8698      2.535      3.676    18.7058   998.4884 0.0000e+00
      2.587      0.007     5.8712     90.264     23.417  20.462976     2.4154      6.967   287.1705 9.4683e+00     2.8893      2.537      3.679    18.7042   998.4887 0.0000e+00
      2.587      0.009     5.8836     90.244     23.387  20.437716     2.4242      6.972   287.4027 9.4804e+00     2.8751      2.537      3.680    18.6960   998.4902 0.0000e+00
      2.588      0.009     5.8875     90.209     23.401  20.449130     2.4598      6.966   287.6572 9.4866e+00     2.8699      2.537      3.680    18.6909   998.4912 0.0000e+00
      2.592      0.009     5.8966     90.178     23.431  20.474161     2.4830      6.953   287.7518 9.4694e+00     2.8946      2.541      3.686    18.6883   998.4918 0.0000e+00
      2.597      0.008     5.8964     90.199     23.447  20.486718     2.4855      6.940   287.7728 9.4570e+00     2.8644      2.546      3.695    18.6886   998.4917 0.0000e+00
      2.600      0.007     5.8937     90.266     23.433  20.474139     2.5182      6.930   287.7378 9.4629e+00     2.8144      2.549      3.698    18.6911   998.4913 0.0000e+00
      2.600      0.006     5.8926     90.345     23.404  20.448880     2.5827      6.924   287.6728 9.4715e+00     2.8044      2.550      3.699    18.6904   998.4914 0.0000e+00
      2.600      0.004     5.8878     90.414     23.388  20.434952     2.6269      6.923   287.6761 9.4735e+00     2.8120      2.550      3.699    18.6866   998.4921 0.0000e+00
      2.601      0.004     5.8912     90.457     23.385  20.432560     2.6424      6.932   287.6910 9.4673e+00     2.8390      2.550      3.699    18.6827   998.4929 0.0000e+00
      2.601      0.004     5.8963     90.479     23.370  20.419963     2.7414      6.947   287.5950 9.4658e+00     2.8553      2.551      3.700    18.6808   998.4933 0.0000e+00
      2.602      0.005     5.9019     90.497     23.358  20.409462     2.9473      6.966   287.5481 9.4561e+00     2.8371      2.552      3.701    18.6810   998.4932 0.0000e+00
      2.603      0.007     5.9068     90.504     23.387  20.432414     3.0718      6.984   287.5538 9.4329e+00     2.8248      2.552      3.702    18.6810   998.4932 0.0000e+00
      2.605      0.008     5.9096     90.503     23.406  20.443829     3.0829      6.995   287.4921 9.4205e+00     2.8443      2.554      3.704    18.6816   998.4931 0.0000e+00
      2.608      0.009     5.9097     90.512     23.386  20.420658     3.0720      7.004   287.4904 9.4129e+00     2.8323      2.557      3.709    18.6846   998.4925 0.0000e+00
      2.611      0.010     5.9115     90.540     23.377  20.405880     3.0347      7.013   287.5338 9.4005e+00     2.7830      2.562      3.715    18.6863   998.4922 0.0000e+00
      2.614      0.011     5.9126     90.604     23.372  20.391961     2.9853      7.018   287.5001 9.3865e+00     2.7970      2.564      3.719    18.6801   998.4935 0.0000e+00
      2.616      0.011     5.9131     90.725     23.367  20.379168     2.9618      7.022   287.5129 9.3622e+00     2.8645      2.566      3.721    18.6681   998.4958 0.0000e+00
      2.619      0.010     5.9153     90.875     23.373  20.378016     2.9504      7.025   287.6888 9.3314e+00     2.8793      2.568      3.724    18.6557   998.4982 0.0000e+00
      2.622      0.009     5.9182     91.005     23.380  20.378016     2.8756      7.029   287.8204 9.3155e+00     2.8387      2.571      3.729    18.6429   998.5006 0.0000e+00
      2.625      0.009     5.9243     91.130     23.390  20.379160     2.7447      7.035   287.8135 9.3113e+00     2.8191      2.574      3.734    18.6214   998.5047 0.0000e+00
      2.627      0.009     5.9352     91.236     23.409  20.391842     2.6837      7.042   287.8639 9.3086e+00     2.8137      2.576      3.736    18.6000   998.5089 0.0000e+00
      2.629      0.009     5.9488     91.296     23.424  20.404525     2.6911      7.049   287.9985 9.3013e+00     2.8079      2.578      3.739    18.5899   998.5108 0.0000e+00
      2.630      0.008     5.9572     91.350     23.421  20.405686     2.6720      7.056   288.1506 9.2820e+00     2.8181      2.580      3.741    18.5765   998.5133 0.0000e+00
      2.632      0.008     5.9677     91.414     23.421  20.405896     2.6343      7.063   288.3262 9.2701e+00     2.8346      2.582      3.744    18.5579   998.5169 0.0000e+00
      2.635      0.009     5.9786     91.461     23.428  20.407058     2.6164      7.068   288.3147 9.2714e+00     2.8354      2.584      3.748    18.5461   998.5192 0.0000e+00
      2.637      0.009     5.9795     91.505     23.452  20.419731     2.6172      7.071   288.0987 9.2656e+00     2.8270      2.586      3.750    18.5477   998.5189 0.0000e+00
      2.639      0.009     5.9812     91.562     23.472  20.432300     2.5874      7.071   288.0370 9.2448e+00     2.8370      2.588      3.754    18.5619   998.5162 0.0000e+00
      2.642      0.009     5.9865     91.617     23.477  20.432195     2.5129      7.075   288.0851 9.2286e+00     2.8527      2.591      3.757    18.5666   998.5153 0.0000e+00
      2.644      0.009     5.9909     91.657     23.466  20.418466     2.4699      7.079   288.0786 9.2240e+00     2.8796      2.593      3.760    18.5477   998.5189 0.0000e+00
      2.646      0.010     5.9953     91.681     23.445  20.393113     2.4594      7.077   288.0437 9.2201e+00     2.8877      2.595      3.765    18.5277   998.5227 0.0000e+00
      2.648      0.010     6.0014     91.677     23.442  20.379280     2.4049      7.072   288.0076 9.2051e+00     2.8472      2.597      3.767    18.5178   998.5247 0.0000e+00
      2.651      0.011     6.0060     91.663     23.454  20.378024     2.3166      7.075   288.0722 9.1864e+00     2.8022      2.599      3.770    18.5103   998.5261 0.0000e+00
      2.655      0.013     6.0093     91.661     23.465  20.377912     2.2781      7.084   288.1361 9.1827e+00     2.8238      2.604      3.777    18.5031   998.5275 0.0000e+00
      2.658      0.015     6.0132     91.675     23.475  20.377902     2.2836      7.091   288.0912 9.1685e+00     2.9032      2.608      3.782    18.4904   998.5299 0.0000e+00
      2.662      0.015     6.0153     91.700     23.481  20.377902     2.2776      7.091   288.0460 9.1267e+00     2.9037      2.608      3.783    18.4642   998.5348 0.0000e+00
      2.667      0.015     6.0174     91.763     23.484  20.377903     2.2438      7.090   288.1056 9.0806e+00     2.8297      2.614      3.792    18.4365   998.5401 0.0000e+00
      2.672      0.015     6.0194     91.883     23.486  20.377903     2.1797      7.090   288.2965 9.0559e+00     2.7973      2.621      3.802    18.4157   998.5441 0.0000e+00
      2.676      0.014     6.0234     92.037     23.487  20.377903     2.1412      7.086   288.4613 9.0329e+00     2.8212      2.625      3.807    18.3976   998.5476 0.0000e+00
      2.678      0.013     6.0252     92.197     23.488  20.377903     2.1512      7.074   288.4623 8.9871e+00     2.8789      2.626      3.809    18.3860   998.5498 0.0000e+00
      2.681      0.010     6.0295     92.314     23.487  20.377903     2.2042      7.055   288.3952 8.9557e+00     2.9111      2.628      3.811    18.3804   998.5508 0.0000e+00
      2.684      0.008     6.0387     92.354     23.484  20.377903     2.2967      7.039   288.4251 8.9389e+00     2.9017      2.632      3.817    18.3781   998.5513 0.0000e+00
      2.686      0.007     6.0493     92.365     23.480  20.377902     2.3533      7.034   288.5651 8.9108e+00     2.9031      2.635      3.822    18.3759   998.5517 0.0000e+00
      2.688      0.006     6.0614     92.390     23.476  20.377901     2.3548      7.039   288.6254 8.8909e+00     2.8939      2.636      3.823    18.3737   998.5521 0.0000e+00
      2.688      0.006     6.0706     92.415     23.473  20.377891     2.3347      7.052   288.6371 8.8725e+00     2.8584      2.636      3.823    18.3763   998.5516 0.0000e+00
      2.688      0.007     6.0704     92.454     23.473  20.377787     2.3006      7.069   288.7076 8.8494e+00     2.8168      2.636      3.823    18.3822   998.5505 0.0000e+00
      2.689      0.008     6.0680     92.503     23.479  20.376645     2.2754      7.085   288.7027 8.8281e+00     2.8028      2.637      3.825    18.3907   998.5489 0.0000e+00
      2.692      0.010     6.0709     92.529     23.475  20.364070     2.2694      7.095   288.6640 8.7931e+00     2.8264      2.640      3.829    18.3993   998.5473 0.0000e+00
      2.696      0.012     6.0702     92.569     23.472  20.352553     2.2472      7.100   288.6700 8.7526e+00     2.8281      2.645      3.835    18.4057   998.5462 0.0000e+00
      2.700      0.012     6.0723     92.622     23.493  20.364195     2.2064      7.102   288.7755 8.7247e+00     2.8233      2.648      3.841    18.4079   998.5457 0.0000e+00
      2.704      0.012     6.0797     92.629     23.513  20.378011     2.1961      7.101   288.9937 8.7117e+00     2.8364      2.653      3.847    18.3938   998.5484 0.0000e+00
      2.707      0.011     6.0821     92.623     23.533  20.392781     2.2084      7.102   289.0712 8.7075e+00     2.8501      2.656      3.851    18.3693   998.5530 0.0000e+00
      2.709      0.010     6.0866     92.624     23.563  20.415953     2.2314      7.107   289.1097 8.7081e+00     2.8513      2.656      3.852    18.3489   998.5569 0.0000e+00
      2.710      0.010     6.0956     92.599     23.556  20.404539     2.2641      7.116   289.2014 8.7184e+00     2.8160      2.657      3.855    18.3365   998.5593 0.0000e+00
      2.713      0.010     6.0944     92.558     23.536  20.381587     2.2700      7.123   289.1467 8.7216e+00     2.8014      2.660      3.858    18.3284   998.5608 0.0000e+00
      2.715      0.011     6.0938     92.524     23.555  20.392079     2.2648      7.128   289.1369 8.7042e+00     2.8461      2.662      3.862    18.3229   998.5619 0.0000e+00
      2.718      0.013     6.0969     92.514     23.575  20.404572     2.2679      7.134   289.2552 8.6910e+00     2.8757      2.666      3.867    18.3177   998.5629 0.0000e+00
      2.723      0.013     6.0951     92.525     23.583  20.405813     2.2314      7.140   289.3722 8.6981e+00     2.8517      2.670      3.873    18.3077   998.5648 0.0000e+00
      2.727      0.014     6.0942     92.534     23.591  20.407070     2.1755      7.146   289.4331 8.7095e+00     2.8293      2.674      3.878    18.2948   998.5672 0.0000e+00
      2.730      0.014     6.0924     92.514     23.612  20.419762     2.1650      7.148   289.3898 8.7053e+00     2.8448      2.676      3.882    18.2820   998.5696 0.0000e+00
      2.733      0.013     6.0938     92.479     23.633  20.432444     2.1613      7.144   289.3651 8.6893e+00     2.8685      2.680      3.888    18.2708   998.5717 0.0000e+00
      2.737      0.012     6.0959     92.483     23.639  20.433588     2.0926      7.134   289.3918 8.6820e+00     2.8753      2.684      3.893    18.2598   998.5738 0.0000e+00
      2.741      0.010     6.0993     92.525     23.641  20.433591     1.9828      7.124   289.3687 8.6890e+00     2.8592      2.688      3.899    18.2475   998.5761 0.0000e+00
