Data/DataNotYetUploadedToEDI/Raw_CTD/RawDownloads/061818_fcr50.cnv
* Sea-Bird SBE19plus  Data File:
* FileName = C:\DATA\061818_fcr_0001.hex
* Software version 2.6.3.104
* Temperature SN = 7809
* Conductivity SN = 7809
* System UpLoad Time = Jun 18 2018 19:16:31
* <ApplicationData>
* <Seaterm232>
# nquan = 17
# nvalues = 821                         
# units = specified
# name 0 = depFM: Depth [fresh water, m]
# name 1 = tv290C: Temperature [ITS-90, deg C]
# name 2 = sbeox0Mg/L: Oxygen, SBE 43 [mg/l]
# name 3 = sbeox0PS: Oxygen, SBE 43 [% saturation]
# name 4 = c0uS/cm: Conductivity [uS/cm]
# name 5 = specc: Specific Conductance [uS/cm]
# name 6 = ph: pH
# name 7 = orp: Oxidation Reduction Potential [mV]
# name 8 = flECO-AFL: Fluorescence, WET Labs ECO-AFL/FL [mg/m^3]
# name 9 = turbWETntu0: Turbidity, WET Labs ECO [NTU]
# name 10 = sal00: Salinity, Practical [PSU]
# name 11 = dz/dtM: Descent Rate [m/s]
# name 12 = prdM: Pressure, Strain Gauge [db]
# name 13 = prdE: Pressure, Strain Gauge [psi]
# name 14 = scan: Scan Count
# name 15 = par/sat/log: PAR/Logarithmic, Satlantic
# name 16 = flag:  0.000e+00
# span 0 =     -0.524,      9.723       
# span 1 =    10.6255,    28.6525       
# span 2 =     4.0358,    10.4723       
# span 3 =     37.503,    122.052       
# span 4 =   0.839321,  50.169476       
# span 5 =      0.865,     70.933       
# span 6 =     -2.381,      7.717       
# span 7 = -1240.7455,  1240.2295       
# span 8 =    -0.1941,     7.3190       
# span 9 =    -4.7629,    37.7499       
# span 10 =     0.0131,     0.0344      
# span 11 =     -0.167,      0.190      
# span 12 =     -0.513,      9.534      
# span 13 =     -0.745,     13.829      
# span 14 =          1,        821      
# span 15 = 1.2468e-01, 1.8738e+03      
# span 16 = 0.0000e+00, 0.0000e+00      
# interval = seconds: 0.25
# start_time = Jun 18 2018 13:48:57 [Instrument's time stamp, header]
# bad_flag = -9.990e-29
*END*
[from data line 766]
      8.746    10.6313     7.8799     70.855  31.084099     43.616      6.258   340.8547     1.5649     5.4691     0.0223      0.153      8.576     12.439        767 2.2259e-01 0.0000e+00
      8.768    10.6306     7.8698     70.764  31.140974     43.696      6.258   342.8990     1.6984     5.8451     0.0224      0.143      8.598     12.470        768 2.1113e-01 0.0000e+00
      8.789    10.6303     7.8658     70.728  31.140598     43.696      6.260   342.3690     1.7226     5.8586     0.0224      0.127      8.619     12.501        769 2.0295e-01 0.0000e+00
      8.813    10.6306     7.8653     70.722  31.143873     43.697      6.260   341.9147     1.6862     5.9928     0.0224      0.111      8.643     12.536        770 2.0159e-01 0.0000e+00
      8.840    10.6309     7.8541     70.622  31.107245     43.658      6.258   337.8262     1.6781     5.8586     0.0224      0.099      8.668     12.572        771 1.9480e-01 0.0000e+00
      8.862    10.6312     7.8559     70.639  31.097225     43.619      6.261   337.6369     1.6094     6.7314     0.0223      0.093      8.690     12.603        772 1.5914e-01 0.0000e+00
      8.879    10.6310     7.8571     70.649  31.126691     43.697      6.261   337.2583     1.6094     6.5971     0.0224      0.091      8.710     12.633        773 1.8506e-01 0.0000e+00
      8.904    10.6307     7.8604     70.679  31.100226     43.618      6.260   339.1133     1.6256     6.7179     0.0223      0.090      8.735     12.668        774 1.8088e-01 0.0000e+00
      8.937    10.6309     7.8748     70.811  31.130160     43.697      6.260   338.5076     1.6377     6.6642     0.0224      0.092      8.765     12.713        775 1.4693e-01 0.0000e+00
      8.972    10.6306     7.8735     70.799  31.089440     43.619      6.258   338.8483     1.6094     6.6508     0.0223      0.097      8.800     12.763        776 1.6495e-01 0.0000e+00
      9.010    10.6298     7.8685     70.753  31.061946     43.579      6.259   338.6212     1.5528     6.5165     0.0223      0.105      8.835     12.813        777 1.4949e-01 0.0000e+00
      9.042    10.6294     7.8772     70.830  31.134724     43.697      6.256   338.5455     1.5771     6.4897     0.0224      0.112      8.866     12.858        778 1.3004e-01 0.0000e+00
      9.067    10.6290     7.8757     70.817  31.087827     43.620      6.256   336.8797     1.5487     6.4897     0.0223      0.116      8.893     12.898        779 1.3103e-01 0.0000e+00
      9.096    10.6284     7.8682     70.749  31.031351     43.542      6.258   336.9933     1.5609     6.5434     0.0223      0.121      8.920     12.937        780 1.3271e-01 0.0000e+00
      9.126    10.6289     7.8661     70.730  31.086397     43.621      6.255   336.6147     1.8035     5.4557     0.0223      0.124      8.947     12.977        781 1.2650e-01 0.0000e+00
      9.149    10.6294     7.8534     70.614  31.078629     43.622      6.253   337.3340     1.8197     5.7377     0.0223      0.121      8.970     13.010        782 1.3608e-01 0.0000e+00
      9.165    10.6290     7.8566     70.644  31.041017     43.543      6.255   337.2962     1.9491     5.7914     0.0223      0.113      8.989     13.037        783 1.3332e-01 0.0000e+00
      9.184    10.6297     7.8513     70.595  31.133204     43.699      6.255   338.7726     1.9046     5.7511     0.0224      0.104      9.007     13.063        784 1.2995e-01 0.0000e+00
      9.204    10.6306     7.8519     70.600  31.141821     43.699      6.254   338.1669     1.7914     6.0465     0.0224      0.095      9.026     13.090        785 1.5151e-01 0.0000e+00
      9.221    10.6304     7.8498     70.580  31.148906     43.698      6.255   337.4476     1.7145     5.9257     0.0224      0.088      9.044     13.117        786 1.5067e-01 0.0000e+00
      9.242    10.6297     7.8512     70.592  31.183692     43.776      6.254   337.4476     1.8116     6.3688     0.0224      0.083      9.064     13.147        787 1.4587e-01 0.0000e+00
      9.268    10.6292     7.8456     70.541  31.098530     43.619      6.255   335.9712     1.7995     6.2614     0.0223      0.080      9.089     13.182        788 1.2909e-01 0.0000e+00
      9.294    10.6291     7.8398     70.488  31.136278     43.698      6.254   335.4790     1.8763     6.3151     0.0224      0.080      9.114     13.218        789 1.2468e-01 0.0000e+00
      9.319    10.6290     7.8343     70.439  31.136715     43.699      6.255   340.7412     1.8884     6.1674     0.0224      0.083      9.137     13.252        790 1.3319e-01 0.0000e+00
      9.338    10.6288     7.8154     70.273  31.097986     43.621      6.255   339.3783     1.8884     6.2883     0.0223      0.087      9.157     13.280        791 1.2597e-01 0.0000e+00
      9.353    10.6285     7.8028     70.163  31.125170     43.699      6.255   339.1133     1.9935     6.5568     0.0224      0.087      9.174     13.305        792 1.2528e-01 0.0000e+00
      9.372    10.6283     7.7832     69.987  31.102886     43.621      6.253   339.3026     1.9895     6.5702     0.0223      0.086      9.192     13.332        793 1.2557e-01 0.0000e+00
      9.395    10.6281     7.7585     69.765  31.125719     43.700      6.252   336.6904     1.8884     6.2883     0.0224      0.085      9.214     13.363        794 1.2535e-01 0.0000e+00
      9.419    10.6275     7.7371     69.570  31.156060     43.700      6.252   336.5390     1.9086     6.3688     0.0224      0.084      9.238     13.397        795 1.2555e-01 0.0000e+00
      9.444    10.6271     7.7229     69.441  31.243042     43.857      6.254   341.4226     1.8925     6.1943     0.0224      0.083      9.263     13.434        796 1.2544e-01 0.0000e+00
      9.474    10.6266     7.6940     69.184  31.254693     43.858      6.252   341.4605     1.9046     6.2883     0.0224      0.085      9.290     13.474        797 1.2565e-01 0.0000e+00
      9.501    10.6258     7.6716     68.986  31.200868     43.780      6.250   341.6497     1.9329     6.6374     0.0224      0.089      9.316     13.511        798 1.2553e-01 0.0000e+00
      9.523    10.6255     7.6608     68.896  31.310028     43.937      6.252   341.4226     1.8237     6.5434     0.0225      0.094      9.339     13.546        799 1.2558e-01 0.0000e+00
      9.546    10.6262     7.6539     68.845  31.356069     44.017      6.251   339.3026     1.8278     6.5971     0.0225      0.097      9.364     13.581        800 1.2552e-01 0.0000e+00
      9.577    10.6283     7.6549     68.867  31.380794     44.017      6.248   339.3405     1.9046     6.8657     0.0225      0.101      9.394     13.624        801 1.2548e-01 0.0000e+00
      9.613    10.6301     7.6522     68.853  31.516482     44.252      6.246   340.4762     1.8520     5.9526     0.0226      0.105      9.426     13.671        802 1.2548e-01 0.0000e+00
      9.644    10.6306     7.6290     68.649  31.513390     44.210      6.245   341.1197     1.8763     5.7914     0.0226      0.109      9.455     13.713        803 1.2537e-01 0.0000e+00
      9.666    10.6306     7.5957     68.352  31.503254     44.208      6.242   341.1576     1.7428     5.6169     0.0226      0.110      9.476     13.744        804 1.2547e-01 0.0000e+00
      9.679    10.6289     7.5392     67.848  31.499444     44.207      6.244   341.6497     1.7631     5.7646     0.0226      0.106      9.489     13.763        805 1.2544e-01 0.0000e+00
      9.684    10.6279     7.4517     67.065  31.458826     44.129      6.245   341.1576     1.8601     5.8183     0.0226      0.098      9.496     13.773        806 1.2554e-01 0.0000e+00
      9.689    10.6295     7.3718     66.351  31.286925     43.935      6.244   341.0819     1.7428     5.5631     0.0225      0.087      9.502     13.781        807 1.2555e-01 0.0000e+00
      9.695    10.6317     7.2848     65.574  31.654067     44.328      6.242   335.3654     1.8278     5.3483     0.0226      0.072      9.508     13.790        808 1.2547e-01 0.0000e+00
      9.702    10.6361     7.1966     64.787  31.535681     44.444      6.246   335.2897     1.7428     5.4826     0.0227      0.056      9.514     13.799        809 1.2547e-01 0.0000e+00
      9.707    10.6433 -9.990e-29 -9.990e-29  32.294201     44.951      6.243   338.2426     1.5407     5.3214     0.0229      0.040      9.519     13.805        810 1.2541e-01 0.0000e+00
      9.710    10.6511 -9.990e-29 -9.990e-29  34.209415     48.435      6.245   338.6212     1.5568     5.2812     0.0244      0.029      9.522     13.810        811 1.2552e-01 0.0000e+00
      9.711    10.6575 -9.990e-29 -9.990e-29  33.689489     46.935      6.243   338.5455     1.4436     5.0797     0.0238      0.022      9.524     13.813        812 1.2554e-01 0.0000e+00
      9.712    10.6605 -9.990e-29 -9.990e-29  33.000469     46.494      6.243   340.4383     1.4153     5.0126     0.0236      0.018      9.524     13.813        813 1.2536e-01 0.0000e+00
      9.712    10.6614 -9.990e-29 -9.990e-29  32.724053     45.741      6.247   333.4347     1.6903     4.9723     0.0233      0.015      9.525     13.814        814 1.2548e-01 0.0000e+00
      9.714    10.6623 -9.990e-29 -9.990e-29  33.410721     46.834      6.245   334.7597     1.7671     5.3886     0.0237      0.011      9.526     13.817        815 1.2563e-01 0.0000e+00
      9.716    10.6653 -9.990e-29 -9.990e-29  38.848876     54.239      6.245   334.7597     1.8075     5.4154     0.0270      0.009      9.528     13.820        816 1.2556e-01 0.0000e+00
      9.718    10.6689 -9.990e-29 -9.990e-29  48.412608     67.997      6.247   334.4569     1.7145     5.0395     0.0331      0.007      9.530     13.822        817 1.2554e-01 0.0000e+00
      9.720    10.6735 -9.990e-29 -9.990e-29  50.169476     70.933      6.246   336.3497     1.6943     5.0395     0.0344      0.006      9.532     13.825        818 1.2538e-01 0.0000e+00
      9.721    10.6768 -9.990e-29 -9.990e-29  44.139575     61.164      6.245   337.7505     1.7428     5.6169     0.0300      0.005      9.533     13.827        819 1.2544e-01 0.0000e+00
      9.722 -9.990e-29 -9.990e-29 -9.990e-29  44.639887     62.842      6.245   331.0119     1.7145     5.6034     0.0308      0.006      9.534     13.828        820 1.2543e-01 0.0000e+00
      9.723 -9.990e-29 -9.990e-29 -9.990e-29  47.528374     66.558      6.248   330.8604     1.7509     5.5900     0.0324      0.006      9.534     13.829        821 1.2528e-01 0.0000e+00
