Data/DataNotYetUploadedToEDI/Raw_CTD/RawDownloads/062118_fcr50.cnv
* Sea-Bird SBE19plus  Data File:
* FileName = C:\DATA\062118_bvr_0002.hex
* Software version 2.6.3.104
* Temperature SN = 7809
* Conductivity SN = 7809
* System UpLoad Time = Jun 21 2018 16:09:28
* <ApplicationData>
* <Seaterm232>
# nquan = 17
# nvalues = 772                         
# units = specified
# name 0 = depFM: Depth [fresh water, m]
# name 1 = tv290C: Temperature [ITS-90, deg C]
# name 2 = sbeox0Mg/L: Oxygen, SBE 43 [mg/l]
# name 3 = sbeox0PS: Oxygen, SBE 43 [% saturation]
# name 4 = c0uS/cm: Conductivity [uS/cm]
# name 5 = specc: Specific Conductance [uS/cm]
# name 6 = ph: pH
# name 7 = orp: Oxidation Reduction Potential [mV]
# name 8 = flECO-AFL: Fluorescence, WET Labs ECO-AFL/FL [mg/m^3]
# name 9 = turbWETntu0: Turbidity, WET Labs ECO [NTU]
# name 10 = sal00: Salinity, Practical [PSU]
# name 11 = dz/dtM: Descent Rate [m/s]
# name 12 = prdM: Pressure, Strain Gauge [db]
# name 13 = prdE: Pressure, Strain Gauge [psi]
# name 14 = scan: Scan Count
# name 15 = par/sat/log: PAR/Logarithmic, Satlantic
# name 16 = flag:  0.000e+00
# span 0 =     -0.608,      9.316       
# span 1 =    10.7550,    32.5331       
# span 2 =     4.2537,    12.7053       
# span 3 =     39.647,    156.221       
# span 4 =   0.875277,  36.769206       
# span 5 =      1.146,     44.399       
# span 6 =     -2.262,      8.518       
# span 7 = -1240.7455,  1240.2295       
# span 8 =    -0.2264,     7.7274       
# span 9 =    -0.5734,    34.7018       
# span 10 =     0.0142,     0.0243      
# span 11 =     -0.203,      0.150      
# span 12 =     -0.596,      9.135      
# span 13 =     -0.864,     13.250      
# span 14 =          1,        772      
# span 15 = 1.2486e-01, 1.0768e+03      
# span 16 = 0.0000e+00, 0.0000e+00      
# interval = seconds: 0.25
# start_time = Jun 21 2018 18:00:29 [Instrument's time stamp, header]
# bad_flag = -9.990e-29
*END*
[from data line 596]
      4.603    10.8473     8.1603     73.728  31.684546     44.167      6.513   313.3325     2.1229     2.2196     0.0227      0.098      4.514      6.546        597 1.5667e+01 0.0000e+00
      4.624    10.8441     8.1574     73.696  31.667805     44.178      6.510   313.6354     2.1149     2.1524     0.0227      0.093      4.534      6.576        598 1.5328e+01 0.0000e+00
      4.644    10.8375     8.1549     73.671  31.729779     44.251      6.505   313.5597     2.1229     2.1659     0.0227      0.088      4.555      6.606        599 1.4978e+01 0.0000e+00
      4.666    10.8331     8.1399     73.538  31.666730     44.178      6.502   316.4747     2.4060     2.0853     0.0227      0.084      4.578      6.639        600 1.4602e+01 0.0000e+00
      4.694    10.8288     8.1261     73.413  31.686965     44.186      6.501   316.7018     2.3736     2.0853     0.0227      0.084      4.605      6.678        601 1.4071e+01 0.0000e+00
      4.726    10.8282     8.1163     73.329  31.734253     44.308      6.496   311.6668     2.3979     2.0987     0.0227      0.088      4.636      6.723        602 1.3548e+01 0.0000e+00
      4.761    10.8286     8.0997     73.181  31.696842     44.197      6.485   312.9161     2.3898     1.9779     0.0227      0.095      4.666      6.767        603 1.3141e+01 0.0000e+00
      4.785    10.8285     8.0891     73.087  31.703870     44.275      6.482   313.0675     2.1755     2.1390     0.0227      0.101      4.691      6.803        604 1.2865e+01 0.0000e+00
      4.803    10.8326     8.0814     73.015  31.695854     44.197      6.480   313.5975     2.2079     2.2062     0.0227      0.103      4.711      6.832        605 1.2643e+01 0.0000e+00
      4.823    10.8366     8.0886     73.078  31.706818     44.275      6.475   316.3611     2.1917     2.2330     0.0227      0.103      4.731      6.862        606 1.2312e+01 0.0000e+00
      4.848    10.8350     8.0754     72.949  31.690226     44.192      6.471   316.4747     2.1876     2.2196     0.0227      0.102      4.754      6.896        607 1.1947e+01 0.0000e+00
      4.873    10.8315     8.0820     72.998  31.686848     44.225      6.468   312.1589     2.1715     2.1927     0.0227      0.100      4.778      6.931        608 1.1646e+01 0.0000e+00
      4.897    10.8308     8.0893     73.057  31.681368     44.189      6.466   312.7268     1.4800     2.5284     0.0227      0.096      4.803      6.966        609 1.1276e+01 0.0000e+00
      4.924    10.8316     8.0876     73.032  31.667392     44.193      6.463   313.1432     1.4881     2.5956     0.0227      0.093      4.830      7.005        610 1.0878e+01 0.0000e+00
      4.955    10.8319     8.0885     73.029  31.674589     44.194      6.458   315.0740     1.4881     2.6493     0.0227      0.094      4.857      7.045        611 1.0583e+01 0.0000e+00
      4.979    10.8337     8.0849     72.988  31.672415     44.193      6.455   315.5282     1.4881     2.6090     0.0227      0.097      4.882      7.080        612 1.0342e+01 0.0000e+00
      5.000    10.8356     8.0797     72.938  31.729405     44.271      6.448   316.0582     1.4436     2.7836     0.0227      0.099      4.904      7.111        613 1.0074e+01 0.0000e+00
      5.022    10.8360     8.0724     72.873  31.692625     44.229      6.444   313.7868     1.4032     2.7298     0.0227      0.099      4.924      7.141        614 9.8295e+00 0.0000e+00
      5.041    10.8352     8.0764     72.909  31.629227     44.110      6.443   313.8625     1.4315     2.7970     0.0226      0.097      4.943      7.169        615 9.6629e+00 0.0000e+00
      5.059    10.8336     8.0715     72.862  31.660035     44.187      6.442   313.5597     1.4113     2.7701     0.0227      0.093      4.962      7.197        616 9.4555e+00 0.0000e+00
      5.080    10.8281     8.0675     72.827  31.683938     44.189      6.441   313.7868     1.4760     2.6090     0.0227      0.089      4.981      7.225        617 9.2574e+00 0.0000e+00
      5.099    10.8214     8.0764     72.907  31.658788     44.190      6.438   313.5597     1.4921     2.6493     0.0227      0.083      5.001      7.254        618 9.0666e+00 0.0000e+00
      5.121    10.8173     8.0880     73.010  31.632028     44.119      6.433   315.6797     1.4921     2.6493     0.0226      0.080      5.024      7.286        619 8.7451e+00 0.0000e+00
      5.148    10.8120     8.0960     73.078  31.628282     44.167      6.433   316.6640     1.4962     2.6224     0.0227      0.081      5.049      7.323        620 8.4314e+00 0.0000e+00
      5.176    10.8055     8.1135     73.236  31.633798     44.132      6.429   314.6575     1.2819     2.7836     0.0226      0.084      5.075      7.361        621 8.1623e+00 0.0000e+00
      5.203    10.8002     8.1202     73.299  31.654818     44.217      6.428   314.9225     1.2616     2.7164     0.0227      0.088      5.102      7.399        622 7.9134e+00 0.0000e+00
      5.228    10.7982     8.1346     73.432  31.631781     44.147      6.423   315.3011     1.2900     2.8238     0.0226      0.093      5.127      7.435        623 7.6558e+00 0.0000e+00
      5.252    10.7989     8.1469     73.541  31.662472     44.232      6.420   315.2254     1.2819     2.8507     0.0227      0.097      5.151      7.470        624 7.4285e+00 0.0000e+00
      5.277    10.7987     8.1577     73.638  31.675930     44.234      6.416   315.4525     1.2819     2.7567     0.0227      0.099      5.176      7.506        625 7.2360e+00 0.0000e+00
      5.304    10.7980     8.1493     73.561  31.615032     44.155      6.413   317.1182     1.2900     2.7836     0.0226      0.101      5.201      7.544        626 7.0096e+00 0.0000e+00
      5.330    10.7982     8.1451     73.520  31.649301     44.194      6.410   318.2918     1.2657     2.7970     0.0227      0.102      5.226      7.579        627 6.8401e+00 0.0000e+00
      5.352    10.7982     8.1448     73.514  31.662939     44.235      6.410   317.5347     1.2859     2.7970     0.0227      0.100      5.249      7.613        628 6.6315e+00 0.0000e+00
      5.377    10.7965     8.1333     73.405  31.627713     44.156      6.406   316.8911     1.3304     2.8910     0.0226      0.098      5.274      7.648        629 6.4054e+00 0.0000e+00
      5.404    10.7944     8.1317     73.385  31.663483     44.234      6.404   316.1340     1.2819     2.8507     0.0227      0.098      5.299      7.685        630 6.1723e+00 0.0000e+00
      5.429    10.7941     8.1222     73.296  31.618423     44.158      6.400   316.1718     1.2738     2.7836     0.0226      0.098      5.324      7.722        631 5.9489e+00 0.0000e+00
      5.456    10.7959     8.1117     73.202  31.624485     44.161      6.397   316.8154     1.2819     2.8104     0.0226      0.099      5.350      7.760        632 5.7860e+00 0.0000e+00
      5.484    10.7974     8.1029     73.122  31.685594     44.278      6.394   321.9261     1.3263     2.7970     0.0227      0.100      5.378      7.800        633 5.6033e+00 0.0000e+00
      5.512    10.7970     8.1118     73.201  31.631334     44.159      6.390   320.9040     1.2697     2.6761     0.0226      0.102      5.407      7.842        634 5.3857e+00 0.0000e+00
      5.544    10.7963     8.1153     73.231  31.662358     44.235      6.387   320.4497     1.3021     2.8641     0.0227      0.105      5.438      7.887        635 5.1768e+00 0.0000e+00
      5.578    10.7954     8.1180     73.256  31.676640     44.236      6.382   318.3297     1.3021     2.8373     0.0227      0.110      5.470      7.934        636 5.0089e+00 0.0000e+00
      5.613    10.7938     8.1175     73.252  31.613561     44.158      6.381   318.7083     1.3142     2.9581     0.0226      0.115      5.505      7.984        637 4.8141e+00 0.0000e+00
      5.649    10.7914     8.1175     73.252  31.622246     44.160      6.373   318.8218     1.2131     2.8238     0.0226      0.120      5.539      8.034        638 4.6609e+00 0.0000e+00
      5.683    10.7887     8.1157     73.236  31.695486     44.279      6.370   325.5604     1.2212     2.8104     0.0227      0.125      5.573      8.083        639 4.5250e+00 0.0000e+00
      5.717    10.7855     8.1156     73.233  31.670682     44.243      6.367   324.0083     1.2333     2.7567     0.0227      0.130      5.604      8.129        640 4.4017e+00 0.0000e+00
      5.744    10.7834     8.1137     73.217  31.623460     44.168      6.363   324.4247     1.2333     2.8238     0.0226      0.131      5.633      8.171        641 4.3210e+00 0.0000e+00
      5.772    10.7836     8.1084     73.170  31.665295     44.250      6.361   321.1311     1.3223     2.7701     0.0227      0.130      5.662      8.212        642 4.1682e+00 0.0000e+00
      5.803    10.7838     8.1062     73.148  31.677929     44.253      6.360   321.2825     1.2859     2.7433     0.0227      0.127      5.692      8.255        643 4.0288e+00 0.0000e+00
      5.836    10.7828     8.1106     73.184  31.607739     44.174      6.354   321.6233     1.2616     2.7433     0.0226      0.125      5.724      8.302        644 3.9036e+00 0.0000e+00
      5.871    10.7819     8.1150     73.222  31.604380     44.135      6.354   327.2640     1.2778     2.7970     0.0226      0.123      5.757      8.350        645 3.7638e+00 0.0000e+00
      5.906    10.7826     8.1193     73.259  31.652455     44.253      6.348   326.2797     1.2900     2.8776     0.0227      0.123      5.792      8.400        646 3.6392e+00 0.0000e+00
      5.941    10.7829     8.1268     73.326  31.636869     44.176      6.345   326.2040     1.3061     2.7970     0.0227      0.125      5.826      8.449        647 3.4958e+00 0.0000e+00
      5.975    10.7828     8.1253     73.312  31.653431     44.254      6.346   326.0904     1.2657     2.7701     0.0227      0.128      5.859      8.498        648 3.3924e+00 0.0000e+00
      6.008    10.7826     8.1333     73.384  31.631846     44.175      6.341   323.2511     1.2738     2.7298     0.0226      0.131      5.890      8.544        649 3.2686e+00 0.0000e+00
      6.038    10.7817     8.1372     73.418  31.663732     44.253      6.338   322.8726     1.2900     2.7970     0.0227      0.132      5.920      8.587        650 3.1811e+00 0.0000e+00
      6.066    10.7818     8.1355     73.403  31.643403     44.214      6.337   328.3240     1.2414     2.9178     0.0227      0.131      5.950      8.630        651 3.1258e+00 0.0000e+00
      6.100    10.7824     8.1400     73.446  31.568185     44.099      6.334   327.9076     1.2455     2.9178     0.0226      0.129      5.982      8.676        652 2.9648e+00 0.0000e+00
      6.133    10.7810     8.1379     73.429  31.609073     44.177      6.333   328.2483     1.1970     2.7298     0.0226      0.127      6.013      8.721        653 2.8679e+00 0.0000e+00
      6.160    10.7792     8.1403     73.450  31.622173     44.176      6.329   328.3240     1.2050     2.8373     0.0226      0.124      6.041      8.761        654 2.8319e+00 0.0000e+00
      6.186    10.7784     8.1388     73.436  31.611190     44.177      6.332   325.7876     1.1686     2.8910     0.0227      0.121      6.069      8.801        655 2.7402e+00 0.0000e+00
      6.218    10.7774     8.1393     73.440  31.622742     44.180      6.328   325.9768     1.1606     2.8641     0.0227      0.119      6.099      8.845        656 2.6444e+00 0.0000e+00
      6.253    10.7767     8.1330     73.384  31.637451     44.220      6.329   328.7783     1.1484     2.7433     0.0227      0.119      6.132      8.892        657 2.5362e+00 0.0000e+00
      6.285    10.7766     8.1306     73.362  31.622540     44.182      6.322   329.3840     1.1403     2.8910     0.0227      0.120      6.162      8.937        658 2.4926e+00 0.0000e+00
      6.312    10.7764     8.1249     73.307  31.611647     44.183      6.317   329.7247     1.1848     2.7164     0.0227      0.120      6.190      8.977        659 2.4560e+00 0.0000e+00
      6.340    10.7759     8.1273     73.328  31.621354     44.183      6.319   329.3461     1.1686     2.8238     0.0227      0.119      6.217      9.017        660 2.3528e+00 0.0000e+00
      6.368    10.7758     8.1267     73.321  31.610460     44.183      6.314   328.7026     1.1565     2.7298     0.0227      0.118      6.244      9.056        661 2.2967e+00 0.0000e+00
      6.394    10.7772     8.1317     73.361  31.625204     44.184      6.313   328.8919     1.1565     2.7701     0.0227      0.117      6.271      9.096        662 2.2469e+00 0.0000e+00
      6.425    10.7784     8.1277     73.324  31.632656     44.223      6.312   327.6047     1.2414     2.9581     0.0227      0.115      6.301      9.139        663 2.1805e+00 0.0000e+00
      6.457    10.7785     8.1324     73.367  31.630838     44.182      6.309   328.8919     1.2859     3.0521     0.0227      0.114      6.332      9.185        664 2.0881e+00 0.0000e+00
      6.491    10.7779     8.1324     73.365  31.657122     44.259      6.308   329.1569     1.3061     3.0387     0.0227      0.114      6.367      9.235        665 1.9833e+00 0.0000e+00
      6.531    10.7775     8.1313     73.355  31.629601     44.180      6.305   330.0654     1.2900     2.9313     0.0227      0.118      6.405      9.290        666 1.9017e+00 0.0000e+00
      6.572    10.7781     8.1303     73.346  31.605780     44.181      6.301   331.0119     1.2900     3.0387     0.0227      0.126      6.442      9.343        667 1.8052e+00 0.0000e+00
      6.603    10.7777     8.1237     73.286  31.627462     44.182      6.298   330.8226     1.3142     3.0253     0.0227      0.131      6.472      9.387        668 1.7333e+00 0.0000e+00
      6.625    10.7755     8.1200     73.253  31.661926     44.259      6.297   330.9361     1.2900     2.9715     0.0227      0.132      6.498      9.425        669 1.6889e+00 0.0000e+00
      6.653    10.7752     8.1286     73.333  31.651849     44.221      6.295   326.8097     1.2980     3.0655     0.0227      0.132      6.526      9.465        670 1.6342e+00 0.0000e+00
      6.686    10.7745     8.1272     73.318  31.610350     44.184      6.295   328.3997     1.2980     2.9984     0.0227      0.129      6.556      9.508        671 1.5755e+00 0.0000e+00
      6.714    10.7718     8.1248     73.294  31.624612     44.185      6.293   328.4754     1.2091     2.7970     0.0227      0.125      6.586      9.552        672 1.5212e+00 0.0000e+00
      6.748    10.7713     8.1276     73.318  31.663755     44.263      6.289   331.0119     1.2293     2.7701     0.0227      0.121      6.619      9.600        673 1.4548e+00 0.0000e+00
      6.787    10.7711     8.1312     73.348  31.680251     44.267      6.289   331.6554     1.2010     2.7836     0.0227      0.120      6.656      9.654        674 1.3719e+00 0.0000e+00
      6.827    10.7701     8.1348     73.381  31.663388     44.267      6.284   331.7690     1.2091     2.7836     0.0227      0.123      6.693      9.707        675 1.3181e+00 0.0000e+00
      6.861    10.7702     8.1375     73.406  31.655087     44.229      6.282   326.1283     1.2010     3.0253     0.0227      0.129      6.726      9.755        676 1.2618e+00 0.0000e+00
      6.887    10.7700     8.1347     73.380  31.660930     44.269      6.283   328.7404     1.2131     3.0253     0.0227      0.132      6.752      9.794        677 1.2004e+00 0.0000e+00
      6.908    10.7696     8.1400     73.425  31.626466     44.191      6.281   329.2326     1.2172     3.0387     0.0227      0.130      6.776      9.829        678 1.1813e+00 0.0000e+00
      6.938    10.7701     8.1529     73.542  31.609018     44.191      6.281   329.6869     1.2212     3.0387     0.0227      0.127      6.804      9.868        679 1.1404e+00 0.0000e+00
      6.967    10.7707     8.1455     73.474  31.623336     44.191      6.281   331.8069     1.2253     3.0521     0.0227      0.123      6.831      9.907        680 1.1096e+00 0.0000e+00
