Data/DataNotYetUploadedToEDI/Raw_CTD/RawDownloads/062118_fcr50.cnv
* Sea-Bird SBE19plus  Data File:
* FileName = C:\DATA\062118_bvr_0002.hex
* Software version 2.6.3.104
* Temperature SN = 7809
* Conductivity SN = 7809
* System UpLoad Time = Jun 21 2018 16:09:28
* <ApplicationData>
* <Seaterm232>
# nquan = 17
# nvalues = 772                         
# units = specified
# name 0 = depFM: Depth [fresh water, m]
# name 1 = tv290C: Temperature [ITS-90, deg C]
# name 2 = sbeox0Mg/L: Oxygen, SBE 43 [mg/l]
# name 3 = sbeox0PS: Oxygen, SBE 43 [% saturation]
# name 4 = c0uS/cm: Conductivity [uS/cm]
# name 5 = specc: Specific Conductance [uS/cm]
# name 6 = ph: pH
# name 7 = orp: Oxidation Reduction Potential [mV]
# name 8 = flECO-AFL: Fluorescence, WET Labs ECO-AFL/FL [mg/m^3]
# name 9 = turbWETntu0: Turbidity, WET Labs ECO [NTU]
# name 10 = sal00: Salinity, Practical [PSU]
# name 11 = dz/dtM: Descent Rate [m/s]
# name 12 = prdM: Pressure, Strain Gauge [db]
# name 13 = prdE: Pressure, Strain Gauge [psi]
# name 14 = scan: Scan Count
# name 15 = par/sat/log: PAR/Logarithmic, Satlantic
# name 16 = flag:  0.000e+00
# span 0 =     -0.608,      9.316       
# span 1 =    10.7550,    32.5331       
# span 2 =     4.2537,    12.7053       
# span 3 =     39.647,    156.221       
# span 4 =   0.875277,  36.769206       
# span 5 =      1.146,     44.399       
# span 6 =     -2.262,      8.518       
# span 7 = -1240.7455,  1240.2295       
# span 8 =    -0.2264,     7.7274       
# span 9 =    -0.5734,    34.7018       
# span 10 =     0.0142,     0.0243      
# span 11 =     -0.203,      0.150      
# span 12 =     -0.596,      9.135      
# span 13 =     -0.864,     13.250      
# span 14 =          1,        772      
# span 15 = 1.2486e-01, 1.0768e+03      
# span 16 = 0.0000e+00, 0.0000e+00      
# interval = seconds: 0.25
# start_time = Jun 21 2018 18:00:29 [Instrument's time stamp, header]
# bad_flag = -9.990e-29
*END*
     -0.607    32.5195     7.1985     99.396   1.373202      1.146      4.695 -1240.7455    -0.1779    -0.2914     0.0142 -2.105e-16     -0.595     -0.864          1 6.4563e+02 0.0000e+00
     -0.608    32.5196     7.2115     99.569   1.732858      1.558      4.619 -1240.7455    -0.2183    -0.3183     0.0142     -0.000     -0.596     -0.864          2 6.3890e+02 0.0000e+00
     -0.608    32.5187     7.2195     99.672   1.725773      1.461      4.690 -1240.7455    -0.2183    -0.3317     0.0142     -0.000     -0.596     -0.864          3 6.1426e+02 0.0000e+00
     -0.608    32.5180     7.2234     99.724   1.855729      1.631      3.797 -1240.7455    -0.1698    -0.2243     0.0142     -0.000     -0.596     -0.864          4 5.8719e+02 0.0000e+00
     -0.607    32.5183     7.2211     99.694   2.104063      1.825      1.921 -1240.7455    -0.2021    -0.4123     0.0143     -0.000     -0.596     -0.864          5 5.7316e+02 0.0000e+00
     -0.608    32.5169     7.2251     99.753   2.038483      1.777      0.359 -1240.7455    -0.2062    -0.3183     0.0143     -0.000     -0.596     -0.864          6 5.6818e+02 0.0000e+00
     -0.607    32.5138     7.2109     99.560   1.937341      1.680     -1.252 -1240.7455    -0.2224    -0.3183     0.0142     -0.000     -0.596     -0.864          7 5.8158e+02 0.0000e+00
     -0.608    32.5126     7.2216     99.710   1.874640      1.631     -0.866 -1240.7455    -0.1941    -0.2780     0.0142     -0.000     -0.596     -0.864          8 5.4964e+02 0.0000e+00
     -0.608    32.5131     7.2225     99.723   1.879654      1.631      0.257 -1240.7455    -0.2102    -0.2512     0.0142     -0.000     -0.596     -0.864          9 5.7993e+02 0.0000e+00
     -0.607    32.5126     7.2162     99.637   1.931103      1.680      2.469 -1240.7455    -0.2062    -0.1974     0.0142      0.000     -0.596     -0.864         10 6.1341e+02 0.0000e+00
     -0.608    32.5101     7.1952     99.349   1.929042      1.680      3.704 -1240.7455    -0.1981    -0.3049     0.0142     -0.000     -0.596     -0.864         11 7.5616e+02 0.0000e+00
     -0.607    32.5061     7.2137     99.608   1.882218      1.631      0.946 -1240.7455    -0.1819    -0.2914     0.0142      0.000     -0.596     -0.864         12 1.0339e+03 0.0000e+00
     -0.607    32.5022     7.2056     99.501   1.870944      1.631     -2.261 -1240.7455    -0.1779    -0.0766     0.0142      0.000     -0.596     -0.864         13 1.0768e+03 0.0000e+00
     -0.607    32.5006     7.2024     99.463   1.795036      1.559     -2.261 -1240.7455    -0.2102    -0.0900     0.0142      0.000     -0.596     -0.864         14 1.0130e+03 0.0000e+00
     -0.607    32.5017     7.1985     99.411   1.739827      1.510     -2.262 -1240.7455    -0.1900    -0.0095     0.0142      0.000     -0.596     -0.864         15 8.3403e+02 0.0000e+00
     -0.607    32.5037     7.1994     99.351   1.732399      1.510     -2.262 -1240.7455    -0.1860    -0.0497     0.0142      0.000     -0.595     -0.863         16 6.3492e+02 0.0000e+00
     -0.607    32.5062     7.2906     99.350   1.804279      1.559     -2.262 -1240.7455    -0.2021    -0.3586     0.0142      0.000     -0.595     -0.863         17 5.5405e+02 0.0000e+00
     -0.607    32.5064     7.4380     99.638   1.887232      1.656     -2.262 -1240.7455    -0.1900    -0.2512     0.0142      0.000     -0.595     -0.863         18 5.1770e+02 0.0000e+00
     -0.607    32.5082     7.5348     99.808   1.895633      1.631     -2.261 -1240.7455    -0.1860    -0.3317     0.0142      0.000     -0.595     -0.863         19 5.2127e+02 0.0000e+00
     -0.607    32.5071     7.5897     99.764   1.764218      1.559     -2.261 -1240.7455    -0.1617    -0.3452     0.0142      0.000     -0.595     -0.863         20 5.2774e+02 0.0000e+00
     -0.606    32.5113     7.6426     99.919   1.784309      1.510     -2.261 -1240.7455    -0.2264    -0.3720     0.0142      0.000     -0.595     -0.863         21 5.3491e+02 0.0000e+00
     -0.607    32.5081     7.6772     99.949   1.544950      1.413     -2.261 -1240.7455    -0.1941    -0.2780     0.0142      0.000     -0.595     -0.863         22 5.4158e+02 0.0000e+00
     -0.606    32.5195     7.7321    100.232   1.825238      1.462     -2.261 -1240.7455    -0.1860    -0.3452     0.0142      0.000     -0.595     -0.863         23 5.4805e+02 0.0000e+00
     -0.607    32.5093     7.7742    100.322   1.376280      1.413     -2.261 -1240.7455    -0.1941    -0.3049     0.0142      0.000     -0.595     -0.863         24 5.2170e+02 0.0000e+00
     -0.606    32.5331     7.8225    100.602   2.044456      1.413     -2.261 -1240.7455    -0.2143    -0.2243     0.0142      0.000     -0.594     -0.862         25 5.1252e+02 0.0000e+00
     -0.606    32.4500     7.8665    100.937   0.875277      1.364     -2.261 -1240.7455    -0.2062    -0.3183     0.0142      0.000     -0.593     -0.860         26 5.3574e+02 0.0000e+00
     -0.606    31.7270     7.9131    101.369   2.712875      1.364     -2.261 -1240.7455    -0.1698    -0.3183     0.0142      0.001     -0.581     -0.843         27 5.6680e+02 0.0000e+00
     -0.562    30.7304     7.9537    101.773  10.300307     10.056     -2.262 -1240.7455    -0.1900    -0.3183     0.0163      0.012     -0.547     -0.794         28 5.9431e+02 0.0000e+00
     -0.508    30.0652     7.9892    102.139  14.917722     12.083      1.159  1240.2295    -0.1941    -0.2780     0.0167      0.035     -0.503     -0.730         29 6.0600e+02 0.0000e+00
     -0.473    29.6248     7.9992    102.201  26.829654     24.730      2.942  1240.2295    -0.1941    -0.4660     0.0210      0.060     -0.464     -0.672         30 6.2081e+02 0.0000e+00
     -0.436    29.3101     7.9968    102.158  36.406780     32.940      4.703   355.1269    -0.1738    -0.4391     0.0241      0.087     -0.430     -0.622         31 6.3972e+02 0.0000e+00
     -0.405    29.0692     7.9770    101.909  36.230849     33.234      5.675   339.3026    -0.1375    -0.5734     0.0241      0.110     -0.397     -0.576         32 6.5003e+02 0.0000e+00
     -0.374    28.8205     7.9302    101.396  36.300186     33.372      6.242   331.9204    -0.1779    -0.5466     0.0241      0.128     -0.364     -0.527         33 6.6450e+02 0.0000e+00
     -0.333    28.5662     7.8824    100.847  36.083390     33.392      6.586   327.6426     0.0283    34.5675     0.0240      0.142     -0.326     -0.473         34 6.7700e+02 0.0000e+00
     -0.292    28.3705     7.7244     98.831  36.026250     33.441      6.805   327.9076     0.0283    34.6212     0.0240      0.149     -0.286     -0.416         35 6.5855e+02 0.0000e+00
     -0.253    28.2415     7.5160     96.184  35.926549     33.550      6.933   300.6882     0.0203    34.7018     0.0240      0.146     -0.246     -0.357         36 6.6238e+02 0.0000e+00
     -0.207    28.1477     7.4925     95.913  35.851688     33.567      7.016   299.3632     0.0324    34.5541     0.0239      0.146     -0.206     -0.298         37 7.0580e+02 0.0000e+00
     -0.167    28.0844     7.5729     96.962  35.882246     33.702      7.086   299.9311     0.6511     1.5482     0.0239      0.150     -0.171     -0.248         38 7.2176e+02 0.0000e+00
     -0.150    28.0335     7.6583     98.066  36.007220     33.866      7.092   300.6882     0.6349     1.6690     0.0240      0.149     -0.153     -0.222         39 7.2098e+02 0.0000e+00
     -0.152    28.0000     7.6545     98.148  36.111419     34.012      7.092   298.1518     0.6794     1.5348     0.0240      0.137     -0.153     -0.222         40 7.1933e+02 0.0000e+00
     -0.165    27.9894     7.5788     97.424  36.197477     34.123      7.103   296.3346     0.6713     1.5885     0.0241      0.114     -0.162     -0.234         41 7.2601e+02 0.0000e+00
     -0.173    27.9960     7.5086     96.701  36.226388     34.172      7.116   294.8960     0.6955     0.7157     0.0241      0.084     -0.178     -0.257         42 7.2854e+02 0.0000e+00
     -0.207    28.0396     7.4528     96.100  36.312724     34.256      7.150   296.1453     0.6996     0.7291     0.0241      0.044     -0.206     -0.299         43 7.0851e+02 0.0000e+00
     -0.252    28.0748     7.3811     95.264  36.238330     34.202      7.216   294.5932     0.6996     0.8097     0.0241     -0.002     -0.237     -0.344         44 7.0267e+02 0.0000e+00
     -0.262    28.0794     7.2545     93.685  35.963064     33.881      7.264   296.5239     0.6875     0.7157     0.0240     -0.040     -0.253     -0.368         45 7.1066e+02 0.0000e+00
     -0.264    28.0901     7.0587     91.118  35.884159     33.807      7.291   294.7068     0.7077     0.6619     0.0240     -0.063     -0.257     -0.373         46 7.1755e+02 0.0000e+00
     -0.262    28.1081     7.0546     90.900  35.950955     33.857      7.317   291.0725     0.6915     0.8365     0.0240     -0.069     -0.254     -0.369         47 7.3266e+02 0.0000e+00
     -0.253    28.1187     7.1687     92.163  36.057879     33.955      7.336   285.1289     0.6915     0.7022     0.0240     -0.061     -0.247     -0.358         48 7.4127e+02 0.0000e+00
     -0.240    28.1264     7.3220     93.937  36.195960     34.075      7.366   284.9774     0.7158     0.7828     0.0241     -0.043     -0.236     -0.342         49 7.4554e+02 0.0000e+00
     -0.227    28.2031     7.4262     95.092  36.253640     34.120      7.385   284.4853     0.6875     0.7157     0.0241     -0.021     -0.226     -0.328         50 7.4392e+02 0.0000e+00
     -0.227    28.3428     7.4387     95.108  36.253016     34.117      7.407   286.0753     0.6915     1.3333     0.0241      0.003     -0.222     -0.322         51 7.3698e+02 0.0000e+00
     -0.226    28.4499     7.5013     95.783  36.256041     34.068      7.426   285.7724     0.7077     1.3602     0.0241      0.020     -0.219     -0.317         52 7.3638e+02 0.0000e+00
     -0.214    28.5186     7.6394     97.430  36.279496     34.002      7.429   280.0181     0.6996     1.4005     0.0241      0.026     -0.209     -0.302         53 7.4755e+02 0.0000e+00
     -0.197    28.5727     7.8198     99.641  36.312744     33.962      7.433   280.5860     0.6875     1.3871     0.0241      0.031     -0.196     -0.284         54 7.1933e+02 0.0000e+00
     -0.190    28.6053     7.9264    100.940  36.362903     33.970      7.437   277.6331     0.7077     0.7157     0.0241      0.033     -0.183     -0.266         55 7.3796e+02 0.0000e+00
     -0.173    28.5806     7.9488    101.183  36.365329     33.936      7.438   274.3774     0.6996     0.7425     0.0241      0.035     -0.166     -0.241         56 7.1680e+02 0.0000e+00
     -0.146    28.4793     7.9277    100.873  36.546968     34.071      7.448   273.7338     0.6996     0.7828     0.0242      0.042     -0.140     -0.203         57 7.5998e+02 0.0000e+00
     -0.111    28.3517     7.8918    100.393  36.700360     34.269      7.456   272.1438     0.6834     0.8097     0.0243      0.055     -0.103     -0.149         58 6.8438e+02 0.0000e+00
     -0.056    28.2322     7.8469     99.820  36.530355     34.126      7.471   272.0303     0.7845     0.7559     0.0242      0.078     -0.057     -0.084         59 3.4598e+02 0.0000e+00
     -0.010    28.1249     7.7408     98.477  36.402676     34.129      7.485   269.0395     0.7441     0.6619     0.0241      0.102     -0.017     -0.025         60 3.5807e+02 0.0000e+00
      0.011    28.0387     7.5730     96.350  36.325459     34.101      7.505   267.7903     0.7521     0.7828     0.0241      0.117      0.007      0.010         61 4.5275e+02 0.0000e+00
      0.021    27.9647     7.3829     93.936  36.181632     34.065      7.525   267.6388     0.7562     0.7559     0.0241      0.123      0.018      0.026         62 4.3572e+02 0.0000e+00
      0.024    27.8976     7.2023     91.636  35.958893     33.883      7.530   267.4495     0.8452     0.7962     0.0240      0.121      0.023      0.033         63 4.5056e+02 0.0000e+00
      0.025    27.8463     7.0159     89.256  35.801928     33.798      7.555   270.4403     0.8452     0.7962     0.0239      0.107      0.024      0.036         64 4.4429e+02 0.0000e+00
      0.026    27.8134     6.8656     87.332  35.843166     33.868      7.572   268.5474     0.8492     0.6619     0.0239      0.084      0.025      0.036         65 4.3298e+02 0.0000e+00
      0.025    27.7894     6.7648     86.044  35.877948     33.953      7.579   268.2445     0.8411     0.7022     0.0240      0.057      0.025      0.036         66 4.2629e+02 0.0000e+00
      0.025    27.7668     6.7444     85.780  35.906957     33.974      7.579   268.1688     0.9058     0.7559     0.0240      0.030      0.025      0.036         67 4.5676e+02 0.0000e+00
      0.024    27.7538     6.7867     86.317  35.925714     34.043      7.582   266.1624     0.9018     0.8634     0.0240      0.012      0.025      0.036         68 4.8711e+02 0.0000e+00
      0.025    27.7524     6.8904     87.636  35.854617     33.952      7.578   265.7460     0.8896     0.8231     0.0239      0.005      0.025      0.036         69 4.6957e+02 0.0000e+00
      0.025    27.7562     7.0501     89.671  35.787839     33.933      7.585   271.1217     0.8937     0.7694     0.0239      0.001      0.025      0.036         70 4.3408e+02 0.0000e+00
      0.026    27.7609     7.2115     91.734  35.741905     33.855      7.595   269.7210     0.8937     0.6619     0.0239      0.000      0.025      0.037         71 4.6043e+02 0.0000e+00
      0.026    27.7637     7.3663     93.713  35.822812     33.958      7.604   269.3803     0.9584     0.8097     0.0239      0.000      0.026      0.037         72 4.7491e+02 0.0000e+00
      0.027    27.7624     7.4896     95.290  35.894756     34.008      7.613   266.0488     0.9503     0.7694     0.0240      0.000      0.026      0.038         73 4.5421e+02 0.0000e+00
      0.027    27.7567     7.5751     96.381  35.948947     34.059      7.621   265.8595     0.9665     0.7022     0.0240      0.001      0.026      0.038         74 4.4623e+02 0.0000e+00
      0.027    27.7496     7.6212     96.966  36.111265     34.219      7.627   265.0645     0.9543     0.8097     0.0240      0.001      0.026      0.038         75 4.7045e+02 0.0000e+00
      0.028    27.7451     7.6303     97.086  36.226602     34.329      7.634   270.5538     0.8977     0.7962     0.0241      0.001      0.026      0.038         76 4.7621e+02 0.0000e+00
      0.027    27.7428     7.6292     97.075  36.309606     34.413      7.640   269.8724     0.8896     0.8231     0.0241      0.001      0.026      0.038         77 4.6708e+02 0.0000e+00
      0.028    27.7418     7.6213     96.979  36.304555     34.416      7.643   272.0303     0.8815     0.9171     0.0241      0.001      0.027      0.039         78 4.7205e+02 0.0000e+00
      0.028    27.7422     7.6066     96.794  36.262548     34.364      7.642   270.8945     0.9058     0.6619     0.0241      0.001      0.027      0.039         79 4.5540e+02 0.0000e+00
      0.027    27.7447     7.5800     96.455  36.361883     34.471      7.645   267.4117     0.8775     0.7559     0.0241      0.000      0.027      0.039         80 4.4459e+02 0.0000e+00
      0.027    27.7503     7.5445     96.001  36.329227     34.444      7.641   271.8031     0.8613     0.7559     0.0241      0.000      0.027      0.039         81 4.5102e+02 0.0000e+00
      0.027    27.7564     7.5105     95.564  36.273530     34.363      7.634   271.9167     0.8937     0.7828     0.0241      0.000      0.027      0.039         82 4.6713e+02 0.0000e+00
      0.028    27.7611     7.4834     95.216  36.342220     34.465      7.634   272.9767     0.9058     0.7291     0.0241      0.000      0.027      0.039         83 4.8859e+02 0.0000e+00
      0.028    27.7628     7.4561     94.868  36.332716     34.408      7.637   273.5067     0.8775     0.7157     0.0241      0.000      0.027      0.039         84 4.6273e+02 0.0000e+00
      0.028    27.7630     7.4223     94.435  36.344673     34.458      7.639   271.8410     0.9018     0.7157     0.0241      0.000      0.027      0.039         85 4.3551e+02 0.0000e+00
