Data/DataNotYetUploadedToEDI/Raw_CTD/RawDownloads/062118_fcr50.cnv
* Sea-Bird SBE19plus  Data File:
* FileName = C:\DATA\062118_bvr_0002.hex
* Software version 2.6.3.104
* Temperature SN = 7809
* Conductivity SN = 7809
* System UpLoad Time = Jun 21 2018 16:09:28
* <ApplicationData>
* <Seaterm232>
# nquan = 17
# nvalues = 772                         
# units = specified
# name 0 = depFM: Depth [fresh water, m]
# name 1 = tv290C: Temperature [ITS-90, deg C]
# name 2 = sbeox0Mg/L: Oxygen, SBE 43 [mg/l]
# name 3 = sbeox0PS: Oxygen, SBE 43 [% saturation]
# name 4 = c0uS/cm: Conductivity [uS/cm]
# name 5 = specc: Specific Conductance [uS/cm]
# name 6 = ph: pH
# name 7 = orp: Oxidation Reduction Potential [mV]
# name 8 = flECO-AFL: Fluorescence, WET Labs ECO-AFL/FL [mg/m^3]
# name 9 = turbWETntu0: Turbidity, WET Labs ECO [NTU]
# name 10 = sal00: Salinity, Practical [PSU]
# name 11 = dz/dtM: Descent Rate [m/s]
# name 12 = prdM: Pressure, Strain Gauge [db]
# name 13 = prdE: Pressure, Strain Gauge [psi]
# name 14 = scan: Scan Count
# name 15 = par/sat/log: PAR/Logarithmic, Satlantic
# name 16 = flag:  0.000e+00
# span 0 =     -0.608,      9.316       
# span 1 =    10.7550,    32.5331       
# span 2 =     4.2537,    12.7053       
# span 3 =     39.647,    156.221       
# span 4 =   0.875277,  36.769206       
# span 5 =      1.146,     44.399       
# span 6 =     -2.262,      8.518       
# span 7 = -1240.7455,  1240.2295       
# span 8 =    -0.2264,     7.7274       
# span 9 =    -0.5734,    34.7018       
# span 10 =     0.0142,     0.0243      
# span 11 =     -0.203,      0.150      
# span 12 =     -0.596,      9.135      
# span 13 =     -0.864,     13.250      
# span 14 =          1,        772      
# span 15 = 1.2486e-01, 1.0768e+03      
# span 16 = 0.0000e+00, 0.0000e+00      
# interval = seconds: 0.25
# start_time = Jun 21 2018 18:00:29 [Instrument's time stamp, header]
# bad_flag = -9.990e-29
*END*
[from data line 86]
      0.027    27.7671     7.3717     93.789  36.383946     34.484      7.640   270.8945     0.9139     0.7559     0.0241      0.000      0.027      0.039         87 4.6721e+02 0.0000e+00
      0.027    27.7690     7.3530     93.552  36.422519     34.509      7.642   271.0081     0.8896     0.8097     0.0242      0.000      0.027      0.039         88 4.3164e+02 0.0000e+00
      0.027    27.7703     7.3424     93.419  36.368309     34.454      7.643   270.5160     0.8573     0.8097     0.0241     -0.000      0.027      0.039         89 4.7582e+02 0.0000e+00
      0.027    27.7703     7.3289     93.249  36.421748     34.506      7.648   270.3645     0.9058     0.7962     0.0242     -0.000      0.027      0.039         90 4.6104e+02 0.0000e+00
      0.028    27.7686     7.3184     93.117  36.415333     34.505      7.648   269.7588     0.8856     0.7291     0.0242     -0.000      0.027      0.040         91 4.1927e+02 0.0000e+00
      0.028    27.7662     7.3177     93.109  36.376294     34.452      7.653   269.9481     0.8977     0.6888     0.0241      0.000      0.027      0.040         92 4.4990e+02 0.0000e+00
      0.028    27.7644     7.3262     93.219  36.440672     34.533      7.658   266.6924     0.9139     0.7694     0.0242      0.000      0.027      0.040         93 4.3040e+02 0.0000e+00
      0.027    27.7639     7.3321     93.299  36.424192     34.508      7.659   267.8660     0.8856     0.7559     0.0242      0.000      0.027      0.039         94 4.2680e+02 0.0000e+00
      0.027    27.7629     7.3244     93.205  36.426463     34.509      7.662   268.2445     0.8977     0.7828     0.0242      0.000      0.027      0.039         95 4.4558e+02 0.0000e+00
      0.027    27.7617     7.2993     92.891  36.408187     34.509      7.664   269.4938     0.8896     0.7828     0.0242      0.000      0.027      0.039         96 4.2296e+02 0.0000e+00
      0.028    27.7612     7.2566     92.352  36.328301     34.404      7.661   268.7367     0.8411     0.6888     0.0241      0.000      0.027      0.040         97 4.2340e+02 0.0000e+00
      0.028    27.7618     7.1907     91.521  36.377587     34.484      7.655   263.6638     0.8209     0.6754     0.0241      0.000      0.027      0.040         98 4.1772e+02 0.0000e+00
      0.027    27.7626     7.1260     90.705  36.376511     34.458      7.651   265.1781     0.8088     0.6619     0.0241     -0.000      0.027      0.039         99 4.2911e+02 0.0000e+00
      0.027    27.7635     7.0503     89.750  36.359300     34.458      7.650   265.2538     0.8249     0.7962     0.0241     -0.000      0.027      0.039        100 4.6986e+02 0.0000e+00
      0.027    27.7646     6.9824     88.896  36.369348     34.457      7.655   267.1088     0.8977     0.7828     0.0241     -0.000      0.027      0.039        101 4.6326e+02 0.0000e+00
      0.027    27.7652     6.9237     88.160  36.364007     34.457      7.657   267.3738     0.8896     0.7291     0.0241      0.000      0.027      0.039        102 4.1432e+02 0.0000e+00
      0.027    27.7664     6.8669     87.449  36.365947     34.456      7.661   267.5252     0.8977     0.7559     0.0241     -0.000      0.027      0.039        103 4.1745e+02 0.0000e+00
      0.027    27.7688     6.8160     86.814  36.337273     34.429      7.668   264.1181     0.9058     0.7291     0.0241     -0.000      0.027      0.039        104 4.5031e+02 0.0000e+00
      0.028    27.7717     6.7625     86.145  36.310713     34.402      7.671   264.7617     0.8977     0.7291     0.0241     -0.000      0.027      0.040        105 4.3491e+02 0.0000e+00
      0.028    27.7748     6.7084     85.470  36.310024     34.400      7.673   264.3452     0.9099     0.8097     0.0241      0.000      0.027      0.040        106 4.2873e+02 0.0000e+00
      0.028    27.7781     6.6453     84.679  36.308471     34.398      7.678   264.3452     0.8977     0.5948     0.0241      0.000      0.028      0.040        107 4.2238e+02 0.0000e+00
      0.028    27.7822     6.5728     83.769  36.312645     34.396      7.685   265.7081     0.8977     0.7828     0.0241      0.000      0.028      0.040        108 4.2585e+02 0.0000e+00
      0.028    27.7871     6.4895     82.720  36.364145     34.447      7.693   266.2760     0.9543     0.7694     0.0241      0.000      0.027      0.040        109 4.4687e+02 0.0000e+00
      0.028    27.7926     6.4025     81.623  36.392671     34.471      7.698   265.0645     0.9462     0.7291     0.0241      0.000      0.027      0.040        110 4.1881e+02 0.0000e+00
      0.028    27.7991     6.3269     80.669  36.366120     34.441      7.702   264.8752     0.9665     0.6619     0.0241      0.000      0.028      0.040        111 4.0611e+02 0.0000e+00
      0.028    27.8061     6.2491     79.688  36.367526     34.438      7.706   264.7995     0.9786     0.7022     0.0241      0.000      0.028      0.040        112 4.3287e+02 0.0000e+00
      0.028    27.8142     6.1736     78.735  36.361260     34.433      7.707   264.6860     0.9705     0.7828     0.0241      0.000      0.028      0.040        113 4.1440e+02 0.0000e+00
      0.028    27.8225     6.0893     77.670  36.373916     34.429      7.710   264.0045     0.9462     0.8365     0.0241      0.000      0.028      0.040        114 4.1424e+02 0.0000e+00
      0.028    27.8308     6.0256     76.869  36.381429     34.450      7.709   263.8531     0.9422     0.8097     0.0241     -0.000      0.028      0.040        115 4.2568e+02 0.0000e+00
      0.028    27.8400     5.9711     76.184  36.381563     34.418      7.713   263.4367     0.9745     0.6217     0.0241      0.000      0.028      0.040        116 4.0485e+02 0.0000e+00
      0.028    27.8492     5.9210     75.556  36.462723     34.519      7.714   263.5502     0.9462     0.6888     0.0242      0.000      0.028      0.040        117 4.1408e+02 0.0000e+00
      0.028    27.8580     5.8790     75.032  36.488034     34.513      7.714   263.2474     1.0473     0.6754     0.0242      0.000      0.028      0.040        118 4.1718e+02 0.0000e+00
      0.028    27.8665     5.8490     74.662  36.468694     34.507      7.715   263.5881     1.0069     0.7559     0.0242      0.000      0.028      0.040        119 4.0790e+02 0.0000e+00
      0.028    27.8744     5.8227     74.339  36.486786     34.501      7.717   263.2852     0.9988     0.7559     0.0242      0.000      0.028      0.040        120 3.9744e+02 0.0000e+00
      0.028    27.8821     5.8106     74.196  36.495171     34.522      7.715   265.3674     1.0352     0.7559     0.0242      0.000      0.028      0.040        121 3.9606e+02 0.0000e+00
      0.028    27.8895     5.8051     74.139  36.487913     34.490      7.712   264.5345     0.9988     0.7157     0.0242      0.000      0.028      0.040        122 4.3208e+02 0.0000e+00
      0.029    27.8963     5.8090     74.201  36.525475     34.538      7.701   264.0045     1.0352     0.7291     0.0242      0.000      0.028      0.040        123 4.5013e+02 0.0000e+00
      0.028    27.9038     5.8157     74.298  36.537399     34.533      7.696   263.1338     1.0312     0.8231     0.0242      0.000      0.028      0.040        124 4.2416e+02 0.0000e+00
      0.029    27.9119     5.8295     74.486  36.591705     34.582      7.693   262.7552     1.0352     0.7694     0.0242      0.000      0.028      0.040        125 4.2616e+02 0.0000e+00
      0.028    27.9197     5.8414     74.648  36.606183     34.603      7.691   265.5188     0.9543     0.7157     0.0242      0.000      0.028      0.040        126 4.3507e+02 0.0000e+00
      0.029    27.9280     5.8530     74.807  36.549038     34.519      7.694   265.4052     0.9543     0.7157     0.0242      0.000      0.028      0.040        127 4.4700e+02 0.0000e+00
      0.028    27.9370     5.8681     75.009  36.573841     34.566      7.699   266.1624     0.9665     0.7828     0.0242      0.000      0.028      0.040        128 4.4145e+02 0.0000e+00
      0.029    27.9463     5.8766     75.125  36.545653     34.508      7.702   265.1024     0.9665     0.7559     0.0242      0.000      0.028      0.041        129 4.1083e+02 0.0000e+00
      0.029    27.9560     5.8892     75.294  36.584114     34.555      7.704   264.5724     0.9179     0.7828     0.0242      0.000      0.028      0.041        130 4.4539e+02 0.0000e+00
      0.029    27.9659     5.8914     75.330  36.674266     34.628      7.708   264.1938     0.9745     0.7962     0.0243      0.000      0.028      0.041        131 4.4497e+02 0.0000e+00
      0.029    27.9755     5.8975     75.417  36.611408     34.569      7.709   266.3138     0.9543     0.7694     0.0242      0.000      0.028      0.041        132 4.4954e+02 0.0000e+00
      0.029    27.9848     5.9025     75.489  36.603017     34.536      7.709   265.6324     0.9624     0.8365     0.0242      0.000      0.028      0.041        133 4.6134e+02 0.0000e+00
      0.029    27.9939     5.9019     75.489  36.655044     34.609      7.712   265.4052     0.9139     0.6082     0.0243      0.000      0.028      0.041        134 4.0476e+02 0.0000e+00
      0.029    28.0022     5.9038     75.523  36.605974     34.524      7.712   265.2160     0.9624     0.6888     0.0242      0.000      0.028      0.041        135 4.3057e+02 0.0000e+00
      0.029    28.0102     5.9053     75.551  36.575102     34.518      7.711   264.3074     0.9665     0.7291     0.0242      0.000      0.028      0.041        136 4.6782e+02 0.0000e+00
      0.028    28.0176     5.9032     75.532  36.604483     34.512      7.712   264.1560     0.9665     0.8231     0.0242     -0.000      0.028      0.041        137 4.2767e+02 0.0000e+00
      0.029    28.0243     5.9071     75.591  36.658385     34.586      7.712   266.2002     0.9584     0.7291     0.0242     -0.000      0.028      0.041        138 4.1268e+02 0.0000e+00
      0.029    28.0305     5.9050     75.574  36.685972     34.581      7.711   266.4274     0.9422     0.7559     0.0242     -0.000      0.028      0.041        139 4.6678e+02 0.0000e+00
      0.029    28.0364     5.9041     75.571  36.659123     34.577      7.711   266.5788     0.9503     0.7559     0.0242     -0.000      0.028      0.041        140 4.8080e+02 0.0000e+00
      0.029    28.0426     5.9010     75.538  36.602817     34.494      7.709   265.5567     0.9584     0.8097     0.0242     -0.000      0.028      0.041        141 4.4235e+02 0.0000e+00
      0.029    28.0488     5.8930     75.443  36.667063     34.569      7.705   264.9888     0.9584     0.8231     0.0242      0.000      0.029      0.041        142 4.5087e+02 0.0000e+00
      0.029    28.0552     5.8855     75.353  36.668145     34.565      7.704   264.5724     0.9584     0.7559     0.0242      0.000      0.029      0.041        143 4.6682e+02 0.0000e+00
      0.029    28.0614     5.8780     75.262  36.601468     34.482      7.698   265.0645     0.9462     0.6888     0.0242      0.000      0.029      0.041        144 4.6793e+02 0.0000e+00
      0.029    28.0676     5.8646     75.095  36.661060     34.557      7.699   265.4810     0.9462     0.7291     0.0242      0.000      0.029      0.041        145 4.5072e+02 0.0000e+00
      0.029    28.0741     5.8492     74.900  36.682958     34.553      7.699   267.0331     0.9665     0.7828     0.0242      0.000      0.028      0.041        146 4.5340e+02 0.0000e+00
      0.028    28.0810     5.8363     74.736  36.663191     34.549      7.702   266.8438     0.9624     0.7157     0.0242     -0.000      0.028      0.041        147 4.7601e+02 0.0000e+00
      0.029    28.0880     5.8150     74.464  36.685656     34.545      7.704   266.2002     0.9584     0.7291     0.0242     -0.000      0.028      0.041        148 4.4490e+02 0.0000e+00
      0.029    28.0946     5.7946     74.204  36.654997     34.540      7.703   263.8152     0.9543     0.7559     0.0242     -0.000      0.028      0.041        149 4.4972e+02 0.0000e+00
      0.029    28.1008     5.7801     74.020  36.612366     34.457      7.705   264.3831     0.9665     0.7559     0.0242     -0.000      0.028      0.041        150 4.8378e+02 0.0000e+00
      0.029    28.1062     5.7588     73.748  36.649731     34.531      7.705   264.3831     0.9260     0.7694     0.0242      0.000      0.029      0.041        151 4.7105e+02 0.0000e+00
      0.029    28.1118     5.7382     73.486  36.608494     34.448      7.706   265.3674     0.8977     0.7694     0.0242      0.000      0.029      0.041        152 4.7167e+02 0.0000e+00
      0.029    28.1167     5.7232     73.296  36.663680     34.524      7.705   265.0267     0.9058     0.7559     0.0242      0.000      0.028      0.041        153 4.6046e+02 0.0000e+00
      0.029    28.1202     5.7066     73.086  36.729344     34.573      7.704   262.3388     0.9099     0.7828     0.0243      0.000      0.028      0.041        154 4.4200e+02 0.0000e+00
      0.029    28.1230     5.6941     72.929  36.675069     34.517      7.699   262.2631     0.8896     0.7828     0.0242     -0.000      0.028      0.041        155 4.6790e+02 0.0000e+00
      0.029    28.1246     5.6785     72.732  36.671904     34.515      7.697   263.7017     0.9058     0.7559     0.0242     -0.000      0.029      0.042        156 4.6240e+02 0.0000e+00
      0.029    28.1259     5.6666     72.583  36.673962     34.513      7.698   263.8531     0.9018     0.7694     0.0242      0.000      0.029      0.042        157 4.5037e+02 0.0000e+00
      0.029    28.1270     5.6507     72.382  36.672506     34.512      7.696   265.0645     0.8937     0.6888     0.0242      0.000      0.029      0.041        158 4.6290e+02 0.0000e+00
      0.029    28.1278     5.6375     72.214  36.673715     34.511      7.698   265.1402     0.8815     0.7694     0.0242      0.000      0.029      0.041        159 4.6875e+02 0.0000e+00
      0.029    28.1285     5.6211     72.006  36.672457     34.510      7.699   261.6952     0.9665     0.7559     0.0242      0.000      0.029      0.041        160 4.8921e+02 0.0000e+00
      0.029    28.1295     5.6026     71.769  36.674072     34.510      7.697   261.8845     0.9624     0.7559     0.0242      0.000      0.029      0.041        161 4.6258e+02 0.0000e+00
      0.029    28.1308     5.5873     71.573  36.671705     34.509      7.696   262.0359     0.9584     0.7962     0.0242      0.000      0.029      0.041        162 4.3226e+02 0.0000e+00
      0.028    28.1325     5.5665     71.305  36.675401     34.509      7.698   262.6038     0.9422     0.8097     0.0242     -0.000      0.029      0.041        163 4.6836e+02 0.0000e+00
      0.029    28.1346     5.5498     71.089  36.669470     34.508      7.700   263.8152     1.0190     0.7962     0.0242     -0.000      0.029      0.041        164 4.9009e+02 0.0000e+00
      0.029    28.1371     5.5222     70.733  36.738405     34.559      7.700   264.1181     1.0514     0.8097     0.0243     -0.000      0.028      0.041        165 4.7231e+02 0.0000e+00
      0.028    28.1392     5.5021     70.474  36.708249     34.558      7.699   262.4902     1.0312     0.7157     0.0243     -0.000      0.028      0.041        166 4.6303e+02 0.0000e+00
      0.029    28.1416     5.4816     70.210  36.618020     34.425      7.700   262.3009     1.0271     0.6619     0.0242     -0.000      0.028      0.041        167 4.5554e+02 0.0000e+00
      0.030    28.1437     5.4558     69.877  36.643080     34.502      7.701   262.0738     1.0109     0.6217     0.0242      0.000      0.029      0.042        168 4.4161e+02 0.0000e+00
      0.029    28.1449     5.4392     69.663  36.617742     34.422      7.702   262.3388     1.0190     0.7828     0.0242      0.000      0.029      0.042        169 4.4875e+02 0.0000e+00
      0.029    28.1460     5.4071     69.250  36.708868     34.552      7.700   262.4145     1.0109     0.7291     0.0243      0.000      0.028      0.041        170 4.6580e+02 0.0000e+00
