Data/DataNotYetUploadedToEDI/Raw_CTD/RawDownloads/062118_fcr50.cnv
* Sea-Bird SBE19plus  Data File:
* FileName = C:\DATA\062118_bvr_0002.hex
* Software version 2.6.3.104
* Temperature SN = 7809
* Conductivity SN = 7809
* System UpLoad Time = Jun 21 2018 16:09:28
* <ApplicationData>
* <Seaterm232>
# nquan = 17
# nvalues = 772                         
# units = specified
# name 0 = depFM: Depth [fresh water, m]
# name 1 = tv290C: Temperature [ITS-90, deg C]
# name 2 = sbeox0Mg/L: Oxygen, SBE 43 [mg/l]
# name 3 = sbeox0PS: Oxygen, SBE 43 [% saturation]
# name 4 = c0uS/cm: Conductivity [uS/cm]
# name 5 = specc: Specific Conductance [uS/cm]
# name 6 = ph: pH
# name 7 = orp: Oxidation Reduction Potential [mV]
# name 8 = flECO-AFL: Fluorescence, WET Labs ECO-AFL/FL [mg/m^3]
# name 9 = turbWETntu0: Turbidity, WET Labs ECO [NTU]
# name 10 = sal00: Salinity, Practical [PSU]
# name 11 = dz/dtM: Descent Rate [m/s]
# name 12 = prdM: Pressure, Strain Gauge [db]
# name 13 = prdE: Pressure, Strain Gauge [psi]
# name 14 = scan: Scan Count
# name 15 = par/sat/log: PAR/Logarithmic, Satlantic
# name 16 = flag:  0.000e+00
# span 0 =     -0.608,      9.316       
# span 1 =    10.7550,    32.5331       
# span 2 =     4.2537,    12.7053       
# span 3 =     39.647,    156.221       
# span 4 =   0.875277,  36.769206       
# span 5 =      1.146,     44.399       
# span 6 =     -2.262,      8.518       
# span 7 = -1240.7455,  1240.2295       
# span 8 =    -0.2264,     7.7274       
# span 9 =    -0.5734,    34.7018       
# span 10 =     0.0142,     0.0243      
# span 11 =     -0.203,      0.150      
# span 12 =     -0.596,      9.135      
# span 13 =     -0.864,     13.250      
# span 14 =          1,        772      
# span 15 = 1.2486e-01, 1.0768e+03      
# span 16 = 0.0000e+00, 0.0000e+00      
# interval = seconds: 0.25
# start_time = Jun 21 2018 18:00:29 [Instrument's time stamp, header]
# bad_flag = -9.990e-29
*END*
[from data line 681]
      7.018    10.7687     8.1500     73.518  31.701759     44.307      6.279   326.0147     1.2172     3.1058     0.0227      0.109      6.884      9.985        682 1.0357e+00 0.0000e+00
      7.054    10.7678     8.1595     73.605  31.670226     44.270      6.277   327.4533     1.2374     3.0253     0.0227      0.108      6.916     10.031        683 1.0093e+00 0.0000e+00
      7.085    10.7666     8.1623     73.627  31.618237     44.193      6.275   327.8319     1.1403     2.7701     0.0227      0.109      6.947     10.076        684 9.9085e-01 0.0000e+00
      7.115    10.7663     8.1615     73.619  31.618194     44.194      6.274   328.4754     1.1565     2.7970     0.0227      0.113      6.977     10.118        685 9.4192e-01 0.0000e+00
      7.141    10.7668     8.1625     73.628  31.670281     44.273      6.274   331.0876     1.1606     2.7836     0.0227      0.115      7.003     10.156        686 8.8963e-01 0.0000e+00
      7.164    10.7663     8.1599     73.604  31.672030     44.274      6.272   331.3904     1.1686     2.7701     0.0227      0.114      7.029     10.194        687 8.7859e-01 0.0000e+00
      7.198    10.7653     8.1604     73.607  31.645671     44.234      6.274   325.4468     1.2900     3.0253     0.0227      0.115      7.059     10.239        688 8.4507e-01 0.0000e+00
      7.233    10.7650     8.1462     73.480  31.614125     44.195      6.270   326.3554     1.2778     2.9984     0.0227      0.117      7.091     10.284        689 8.1911e-01 0.0000e+00
      7.259    10.7643     8.1543     73.552  31.622331     44.197      6.268   326.6204     1.2980     3.1193     0.0227      0.116      7.120     10.326        690 7.8769e-01 0.0000e+00
      7.289    10.7645     8.1395     73.417  31.665112     44.275      6.268   327.1126     1.2900     3.0387     0.0227      0.115      7.152     10.374        691 7.3050e-01 0.0000e+00
      7.333    10.7665     8.1326     73.354  31.620190     44.198      6.266   330.4061     1.3061     2.9313     0.0227      0.119      7.190     10.430        692 6.9971e-01 0.0000e+00
      7.374    10.7669     8.1359     73.383  31.618929     44.198      6.259   330.2169     1.1848     3.0253     0.0227      0.126      7.228     10.485        693 6.6686e-01 0.0000e+00
      7.405    10.7656     8.1362     73.385  31.637028     44.234      6.258   325.8633     1.2333     3.0387     0.0227      0.132      7.260     10.531        694 6.6599e-01 0.0000e+00
      7.432    10.7653     8.1394     73.414  31.627319     44.195      6.259   325.7876     1.2293     3.1193     0.0227      0.134      7.289     10.572        695 6.7052e-01 0.0000e+00
      7.464    10.7648     8.1429     73.446  31.660666     44.275      6.260   325.9768     1.2253     2.9850     0.0227      0.133      7.319     10.615        696 6.3644e-01 0.0000e+00
      7.493    10.7642     8.1409     73.428  31.625183     44.197      6.257   325.7876     1.0878     2.7836     0.0227      0.132      7.345     10.653        697 6.1016e-01 0.0000e+00
      7.510    10.7638     8.1399     73.417  31.612171     44.198      6.256   328.0211     1.0959     2.7836     0.0227      0.127      7.366     10.683        698 6.3276e-01 0.0000e+00
      7.530    10.7643     8.1472     73.482  31.617553     44.198      6.257   328.3997     1.0999     2.8507     0.0227      0.117      7.390     10.718        699 5.8055e-01 0.0000e+00
      7.567    10.7640     8.1514     73.522  31.648140     44.238      6.257   326.8476     1.0635     2.8776     0.0227      0.109      7.421     10.763        700 5.2360e-01 0.0000e+00
      7.603    10.7629     8.1594     73.597  31.663067     44.276      6.256   325.9768     1.1606     3.0253     0.0227      0.107      7.454     10.812        701 5.2669e-01 0.0000e+00
      7.634    10.7626     8.1467     73.481  31.628629     44.198      6.256   325.4090     1.1484     2.9984     0.0227      0.109      7.483     10.854        702 4.9308e-01 0.0000e+00
      7.655    10.7620     8.1378     73.397  31.661345     44.278      6.256   326.1661     1.1242     2.8776     0.0227      0.110      7.506     10.887        703 4.8288e-01 0.0000e+00
      7.673    10.7615     8.1356     73.379  31.622354     44.200      6.258   326.4311     1.1565     3.0387     0.0227      0.107      7.528     10.918        704 4.8693e-01 0.0000e+00
      7.700    10.7617     8.1412     73.431  31.617845     44.201      6.257   326.6204     1.2940     2.9581     0.0227      0.107      7.555     10.957        705 4.6049e-01 0.0000e+00
      7.738    10.7617     8.1328     73.355  31.637302     44.240      6.255   328.6647     1.2900     3.0253     0.0227      0.110      7.588     11.004        706 4.5346e-01 0.0000e+00
      7.771    10.7615     8.1194     73.233  31.627794     44.201      6.252   328.5511     1.2495     3.0521     0.0227      0.112      7.618     11.048        707 4.6714e-01 0.0000e+00
      7.793    10.7612     8.1158     73.200  31.659333     44.279      6.253   326.7340     1.2697     3.0118     0.0227      0.109      7.641     11.082        708 4.7147e-01 0.0000e+00
      7.809    10.7605     8.1184     73.223  31.627707     44.201      6.253   326.7718     1.1606     2.9984     0.0227      0.104      7.664     11.115        709 4.4093e-01 0.0000e+00
      7.844    10.7616     8.1209     73.243  31.607845     44.202      6.254   327.4911     1.1646     2.9044     0.0227      0.105      7.696     11.162        710 4.0479e-01 0.0000e+00
      7.892    10.7635     8.1242     73.273  31.624743     44.203      6.243   328.2483     1.1484     2.9715     0.0227      0.113      7.735     11.219        711 3.9281e-01 0.0000e+00
      7.927    10.7622     8.1256     73.289  31.665985     44.280      6.243   328.2104     1.1565     2.9984     0.0227      0.120      7.769     11.268        712 3.5277e-01 0.0000e+00
      7.947    10.7605     8.1297     73.325  31.645481     44.238      6.240   329.8383     1.2212     3.0521     0.0227      0.121      7.795     11.305        713 3.7016e-01 0.0000e+00
      7.972    10.7610     8.1347     73.369  31.620605     44.201      6.239   329.1947     1.2495     3.0387     0.0227      0.119      7.821     11.344        714 3.6892e-01 0.0000e+00
      8.009    10.7619     8.1417     73.433  31.607982     44.203      6.240   329.1190     1.1970     2.9715     0.0227      0.121      7.852     11.389        715 3.2218e-01 0.0000e+00
      8.039    10.7620     8.1414     73.428  31.631538     44.202      6.239   329.2326     1.2050     2.9984     0.0227      0.124      7.878     11.426        716 3.4729e-01 0.0000e+00
      8.048    10.7611     8.1448     73.457  31.650598     44.279      6.237   328.5133     1.2212     3.0387     0.0227      0.119      7.895     11.451        717 3.4802e-01 0.0000e+00
      8.065    10.7608     8.1484     73.489  31.643569     44.201      6.235   328.6647     1.2374     3.0924     0.0227      0.107      7.916     11.481        718 3.0986e-01 0.0000e+00
      8.105    10.7606     8.1458     73.465  31.669939     44.319      6.237   332.8290     1.2374     3.0790     0.0227      0.101      7.949     11.529        719 2.9839e-01 0.0000e+00
      8.145    10.7593     8.1430     73.439  31.588130     44.124      6.233   331.7311     1.1889     3.0655     0.0226      0.103      7.985     11.580        720 3.0067e-01 0.0000e+00
      8.175    10.7595     8.1372     73.390  31.597113     44.203      6.237   331.3526     1.1929     2.9715     0.0227      0.108      8.015     11.625        721 2.9141e-01 0.0000e+00
      8.200    10.7611     8.1251     73.284  31.629106     44.204      6.234   329.3083     1.2374     2.9984     0.0227      0.110      8.040     11.662        722 2.7497e-01 0.0000e+00
      8.222    10.7607     8.1219     73.256  31.607623     44.204      6.238   329.0433     1.2212     2.9715     0.0227      0.109      8.065     11.697        723 2.7023e-01 0.0000e+00
      8.250    10.7599     8.1165     73.206  31.623847     44.202      6.238   329.6490     1.2091     2.9447     0.0227      0.111      8.094     11.739        724 2.6116e-01 0.0000e+00
      8.288    10.7603     8.1137     73.178  31.638569     44.242      6.238   334.6462     1.2131     2.9715     0.0227      0.118      8.129     11.790        725 2.4283e-01 0.0000e+00
      8.328    10.7595     8.1115     73.157  31.618958     44.204      6.237   333.5862     1.2131     2.8104     0.0227      0.121      8.165     11.842        726 2.5111e-01 0.0000e+00
      8.359    10.7584     8.1124     73.162  31.618601     44.203      6.235   334.2297     1.2253     2.8776     0.0227      0.120      8.197     11.888        727 2.3314e-01 0.0000e+00
      8.387    10.7580     8.1186     73.220  31.668667     44.282      6.233   331.7311     1.2333     2.8238     0.0227      0.120      8.224     11.928        728 2.1226e-01 0.0000e+00
      8.412    10.7574     8.1240     73.269  31.615957     44.205      6.233   331.4661     1.2050     2.8238     0.0227      0.122      8.249     11.964        729 2.2560e-01 0.0000e+00
      8.435    10.7574     8.1272     73.298  31.624891     44.206      6.234   331.5797     1.3102     2.9850     0.0227      0.121      8.275     12.002        730 2.1909e-01 0.0000e+00
      8.468    10.7590     8.1281     73.305  31.687204     44.324      6.233   336.3497     1.2819     3.0790     0.0227      0.121      8.304     12.044        731 2.2162e-01 0.0000e+00
      8.500    10.7610     8.1307     73.326  31.627370     44.207      6.232   335.7062     1.2819     2.9984     0.0227      0.118      8.332     12.084        732 1.9308e-01 0.0000e+00
      8.519    10.7617     8.1269     73.291  31.610392     44.205      6.229   335.8576     1.2616     3.0118     0.0227      0.111      8.354     12.116        733 1.8968e-01 0.0000e+00
      8.538    10.7610     8.1289     73.310  31.619372     44.202      6.228   333.7754     1.2819     2.8910     0.0227      0.105      8.377     12.149        734 2.0417e-01 0.0000e+00
      8.569    10.7599     8.1207     73.237  31.616195     44.201      6.229   333.8512     1.1767     2.8641     0.0227      0.103      8.404     12.189        735 1.7105e-01 0.0000e+00
      8.602    10.7585     8.1092     73.132  31.673653     44.280      6.230   333.5862     1.1808     2.8104     0.0227      0.104      8.432     12.230        736 1.6318e-01 0.0000e+00
      8.623    10.7573     8.1146     73.180  31.636828     44.243      6.228   337.2205     1.1767     2.9178     0.0227      0.104      8.456     12.265        737 1.6559e-01 0.0000e+00
      8.645    10.7576     8.1064     73.105  31.573065     44.127      6.228   336.9933     1.1323     2.7701     0.0226      0.102      8.480     12.300        738 1.6260e-01 0.0000e+00
      8.677    10.7580     8.1099     73.136  31.604739     44.207      6.227   336.7662     1.2091     2.8104     0.0227      0.101      8.510     12.344        739 1.2942e-01 0.0000e+00
      8.714    10.7579     8.1144     73.180  31.627064     44.206      6.226   337.2583     1.2536     2.8238     0.0227      0.105      8.545     12.393        740 1.4378e-01 0.0000e+00
      8.747    10.7575     8.1231     73.258  31.663896     44.284      6.225   336.9554     1.2576     2.8507     0.0227      0.111      8.576     12.438        741 1.8672e-01 0.0000e+00
      8.771    10.7559     8.1203     73.232  31.677515     44.284      6.221   334.9869     1.2010     2.8104     0.0227      0.114      8.602     12.476        742 1.5561e-01 0.0000e+00
      8.796    10.7556     8.1282     73.303  31.639768     44.245      6.225   338.0155     1.1242     3.0924     0.0227      0.113      8.629     12.515        743 1.3867e-01 0.0000e+00
      8.830    10.7563     8.1293     73.314  31.621912     44.209      6.221   338.2805     1.1363     3.0387     0.0227      0.115      8.658     12.558        744 1.4459e-01 0.0000e+00
      8.860    10.7566     8.1220     73.247  31.670085     44.287      6.221   338.1669     1.1565     2.9984     0.0227      0.118      8.686     12.598        745 1.4467e-01 0.0000e+00
      8.881    10.7561     8.1213     73.240  31.668779     44.286      6.221   338.1669     1.1403     3.0118     0.0227      0.116      8.710     12.633        746 1.5799e-01 0.0000e+00
      8.904    10.7557     8.1133     73.169  31.564231     44.129      6.221   337.4855     1.2010     2.7567     0.0226      0.110      8.735     12.669        747 1.5913e-01 0.0000e+00
      8.937    10.7552     8.1065     73.110  31.622274     44.208      6.221   337.2962     1.2293     2.8238     0.0227      0.107      8.766     12.715        748 1.4295e-01 0.0000e+00
      8.977    10.7550     8.1065     73.110  31.685506     44.326      6.221   337.7505     1.2374     2.8238     0.0227      0.110      8.804     12.770        749 1.2567e-01 0.0000e+00
      9.019    10.7562     8.1110     73.154  31.633806     44.209      6.218   339.0376     1.2131     2.8507     0.0227      0.117      8.844     12.827        750 1.2574e-01 0.0000e+00
      9.059    10.7565     8.1049     73.099  31.656959     44.288      6.213   339.0376     1.2091     2.9715     0.0227      0.125      8.880     12.879        751 1.3101e-01 0.0000e+00
      9.087    10.7560     8.1021     73.075  31.627039     44.208      6.214   339.0755     1.2010     2.9984     0.0227      0.129      8.910     12.923        752 1.2762e-01 0.0000e+00
      9.110    10.7559     8.1066     73.116  31.611736     44.208      6.216   339.0376     1.2616     2.9178     0.0227      0.132      8.936     12.962        753 1.2848e-01 0.0000e+00
      9.142    10.7564     8.0998     73.055  31.616697     44.208      6.214   338.5833     1.2050     2.9984     0.0227      0.134      8.966     13.004        754 1.2622e-01 0.0000e+00
      9.176    10.7561     8.0896     72.965  31.680171     44.287      6.211   338.9619     1.2455     3.0387     0.0227      0.133      8.995     13.047        755 1.2486e-01 0.0000e+00
      9.199    10.7551     8.0816     72.908  31.681011     44.325      6.210   337.6747     1.0797     2.9581     0.0227      0.127      9.020     13.083        756 1.2558e-01 0.0000e+00
      9.220    10.7561     8.0708     72.837  31.645304     44.208      6.213   338.0533     1.0797     2.8910     0.0227      0.118      9.044     13.118        757 1.2507e-01 0.0000e+00
      9.249    10.7571     8.0661     72.813  31.694954     44.366      6.213   338.2047     1.0878     2.9984     0.0227      0.111      9.069     13.153        758 1.2534e-01 0.0000e+00
      9.272    10.7576     8.0628     72.800  31.648878     44.208      6.213   338.9240     1.0797     2.9984     0.0227      0.106      9.089     13.182        759 1.2521e-01 0.0000e+00
      9.282    10.7593     8.0605     72.780  31.643340     44.285      6.213   339.4540     1.1444     2.9715     0.0227      0.100      9.101     13.199        760 1.2576e-01 0.0000e+00
      9.287    10.7598 -9.990e-29 -9.990e-29  31.642540     44.207      6.213   339.5297     1.1444     3.0521     0.0227      0.089      9.107     13.209        761 1.2532e-01 0.0000e+00
      9.292    10.7600 -9.990e-29 -9.990e-29  31.738834     44.399      6.214   336.1983     1.1525     3.0521     0.0227      0.075      9.112     13.216        762 1.2534e-01 0.0000e+00
      9.296    10.7602 -9.990e-29 -9.990e-29  31.731076     44.360      6.216   337.7505     1.1646     2.9850     0.0227      0.060      9.115     13.221        763 1.2525e-01 0.0000e+00
      9.296    10.7605 -9.990e-29 -9.990e-29  31.622540     44.203      6.218   337.7126     1.0150     2.9984     0.0227      0.047      9.117     13.223        764 1.2537e-01 0.0000e+00
      9.298    10.7623 -9.990e-29 -9.990e-29  31.666330     44.281      6.218   339.4540     1.0109     3.0253     0.0227      0.033      9.118     13.225        765 1.2526e-01 0.0000e+00
