Data/DataNotYetUploadedToEDI/Raw_CTD/RawDownloads/062419_fcr45.cnv
* Sea-Bird SBE19plus  Data File:
* FileName = C:\DATA\062419_fcr50_0006.hex
* Software version 2.8.0.119 SB_Terminal.dll
* Temperature SN = 7809
* Conductivity SN = 7809
* System UpLoad Time = Jun 24 2019 17:08:53
* <ApplicationData>
* <Seaterm232>
# nquan = 16
# nvalues = 472                         
# units = specified
# name 0 = depFM: Depth [fresh water, m]
# name 1 = dz/dtM: Descent Rate [m/s]
# name 2 = sbeox0Mg/L: Oxygen, SBE 43 [mg/l]
# name 3 = sbeox0PS: Oxygen, SBE 43 [% saturation]
# name 4 = specc: Specific Conductance [uS/cm]
# name 5 = c0uS/cm: Conductivity [uS/cm]
# name 6 = flECO-AFL: Fluorescence, WET Labs ECO-AFL/FL [mg/m^3]
# name 7 = ph: pH
# name 8 = orp: Oxidation Reduction Potential [mV]
# name 9 = par/sat/log: PAR/Logarithmic, Satlantic
# name 10 = turbWETntu0: Turbidity, WET Labs ECO [NTU]
# name 11 = prdM: Pressure, Strain Gauge [db]
# name 12 = prdE: Pressure, Strain Gauge [psi]
# name 13 = tv290C: Temperature [ITS-90, deg C]
# name 14 = density00: Density [density, kg/m^3]
# name 15 = flag:  0.000e+00
# span 0 =     -0.601,      7.477       
# span 1 =     -0.125,      0.329       
# span 2 =     2.4712,    11.5926       
# span 3 =     22.750,    130.382       
# span 4 =      2.111,     41.790       
# span 5 =   1.937230,  34.339663       
# span 6 =    -0.1416,     4.1210       
# span 7 =      6.795,      9.788       
# span 8 = -1201.9612,   290.9865       
# span 9 = 2.5529e+00, 5.8903e+02       
# span 10 =    -0.3487,     7.2524      
# span 11 =     -0.590,      7.333      
# span 12 =     -0.855,     10.636      
# span 13 =    10.2337,    24.5011      
# span 14 =   997.1902,   999.7325      
# span 15 = 0.0000e+00, 0.0000e+00      
# interval = seconds: 0.25
# start_time = Jun 24 2019 11:48:03 [Instrument's time stamp, header]
# bad_flag = -9.990e-29
*END*
[from data line 452]
      7.170      0.106     4.9936     44.491     39.788  28.042687     0.8554      8.144   288.9661 3.3698e+00     3.4877      7.032     10.199    10.2350   999.7305 0.0000e+00
      7.184      0.107     4.9070     43.720     39.877  28.105693     0.8937      8.141   289.2570 3.3068e+00     3.4074      7.042     10.214    10.2344   999.7306 0.0000e+00
      7.204      0.119     4.8180     42.928     40.450  28.509374     0.9108      8.138   289.7350 3.2302e+00     3.3464      7.062     10.243    10.2346   999.7307 0.0000e+00
      7.231      0.137     4.7334     42.174     41.401  29.179972     0.8976      8.135   290.0137 3.1451e+00     3.4053      7.089     10.280    10.2363   999.7307 0.0000e+00
      7.268      0.152     4.6569     41.491     41.660  29.361158     0.8562      8.132   290.2176 3.0073e+00     3.9557      7.121     10.327    10.2377   999.7307 0.0000e+00
      7.322      0.154     4.5918     40.910     41.130  28.986935     0.8006      8.130   290.3936 2.8150e+00     4.8887      7.174     10.406    10.2377   999.7309 0.0000e+00
      7.384      0.144     4.5376     40.430     40.562  28.589273     0.7797      8.128   290.4205 2.6497e+00     5.3469      7.248     10.513    10.2382   999.7314 0.0000e+00
      7.431      0.123     4.4836     39.955     40.320  28.423569     0.7763      8.126   290.4570 2.5710e+00     5.3336      7.299     10.586    10.2393   999.7321 0.0000e+00
      7.453      0.094     4.4155     39.355     40.339  28.442780     0.7687      8.123   290.4913 2.5529e+00     5.3836      7.314     10.608    10.2366   999.7325 0.0000e+00
      7.460      0.062     4.3297     38.595     40.419  28.504309     0.7751      8.120   290.4904 2.5563e+00     5.5246      7.316     10.610    10.2337   999.7325 0.0000e+00
      7.463      0.035     4.2334     37.739     40.546  28.596474     0.7842      8.119   290.5330 2.5662e+00     5.5961      7.318     10.613    10.2375   999.7319 0.0000e+00
      7.466      0.019     4.1371     36.882     40.826  28.795753     0.7822      8.118   290.6617 2.5807e+00     5.5937      7.323     10.620    10.2443   999.7313 0.0000e+00
      7.470      0.012     4.0576     36.176     41.308  29.137157     0.7774      8.116   290.8415 2.5961e+00     5.5609      7.325     10.625    10.2525   999.7306 0.0000e+00
      7.474      0.009     4.0087     35.743     41.713  29.424883     0.7784      8.113   290.9865 2.5974e+00     5.5597      7.329     10.630    10.2598   999.7300 0.0000e+00
      7.476      0.007     3.9882     35.563     41.790  29.482744     0.7860      8.111   290.9529 2.5953e+00     5.6122      7.332     10.634    10.2629   999.7297 0.0000e+00
      7.476      0.006     3.9838     35.526     41.749  29.456041     0.7909      8.110   290.8647 2.5968e+00     5.6382      7.332     10.634    10.2637   999.7296 0.0000e+00
      7.477 -9.990e-29 -9.990e-29 -9.990e-29 -9.990e-29 -9.990e-29 -9.990e-29 -9.990e-29 -9.990e-29 2.5893e+00 -9.990e-29      7.333     10.635    10.2663   999.7297 0.0000e+00
      7.477 -9.990e-29 -9.990e-29 -9.990e-29 -9.990e-29 -9.990e-29 -9.990e-29 -9.990e-29 -9.990e-29 2.5843e+00 -9.990e-29      7.333     10.635    10.2682   999.7296 0.0000e+00
      7.477 -9.990e-29 -9.990e-29 -9.990e-29 -9.990e-29 -9.990e-29 -9.990e-29 -9.990e-29 -9.990e-29 2.5946e+00 -9.990e-29      7.332     10.635    10.2726   999.7292 0.0000e+00
      7.477 -9.990e-29 -9.990e-29 -9.990e-29 -9.990e-29 -9.990e-29 -9.990e-29 -9.990e-29 -9.990e-29 2.6030e+00 -9.990e-29      7.333     10.636    10.2777   999.7287 0.0000e+00
