Data/DataNotYetUploadedToEDI/Raw_CTD/RawDownloads/062419_fcr50.cnv
* Sea-Bird SBE19plus  Data File:
* FileName = C:\DATA\062419_CTD_FCR_50_0002.hex
* Software version 2.8.0.119 SB_Terminal.dll
* Temperature SN = 7809
* Conductivity SN = 7809
* System UpLoad Time = Jun 24 2019 09:59:16
* <ApplicationData>
* <Seaterm232>
# nquan = 16
# nvalues = 726                         
# units = specified
# name 0 = depFM: Depth [fresh water, m]
# name 1 = dz/dtM: Descent Rate [m/s]
# name 2 = sbeox0Mg/L: Oxygen, SBE 43 [mg/l]
# name 3 = sbeox0PS: Oxygen, SBE 43 [% saturation]
# name 4 = specc: Specific Conductance [uS/cm]
# name 5 = c0uS/cm: Conductivity [uS/cm]
# name 6 = flECO-AFL: Fluorescence, WET Labs ECO-AFL/FL [mg/m^3]
# name 7 = ph: pH
# name 8 = orp: Oxidation Reduction Potential [mV]
# name 9 = par/sat/log: PAR/Logarithmic, Satlantic
# name 10 = turbWETntu0: Turbidity, WET Labs ECO [NTU]
# name 11 = prdM: Pressure, Strain Gauge [db]
# name 12 = prdE: Pressure, Strain Gauge [psi]
# name 13 = tv290C: Temperature [ITS-90, deg C]
# name 14 = density00: Density [density, kg/m^3]
# name 15 = flag:  0.000e+00
# span 0 =     -0.612,      9.617       
# span 1 =     -0.220,      0.284       
# span 2 =    -0.4828,    11.2829       
# span 3 =     -4.278,    128.040       
# span 4 =      1.396,    141.564       
# span 5 =   1.371147,  99.248650       
# span 6 =    -2.2064,     4.1327       
# span 7 =      7.460,      9.256       
# span 8 = -1240.7455,   313.0036       
# span 9 = 1.2350e-01, 1.7977e+03       
# span 10 =    -1.1999,    50.1790      
# span 11 =     -0.601,      9.431      
# span 12 =     -0.871,     13.679      
# span 13 =     9.9632,    24.1013      
# span 14 =   997.2792,   999.7977      
# span 15 = 0.0000e+00, 0.0000e+00      
# interval = seconds: 0.25
# start_time = Jun 24 2019 09:48:11 [Instrument's time stamp, header]
# bad_flag = -9.990e-29
*END*
[from data line 452]
      3.496      0.089    10.4129    102.860     32.920  26.215284     3.0550      8.411   270.0539 4.2650e+01     0.6586      3.427      4.971    15.2713   999.0910 0.0000e+00
      3.517      0.094    10.2567    101.066     33.010  26.211125     3.1248      8.410   269.9689 4.2095e+01     0.6629      3.449      5.002    15.1381   999.1114 0.0000e+00
      3.542      0.099    10.0873     99.128     33.106  26.204300     3.1698      8.410   270.5899 4.1422e+01     0.6764      3.472      5.036    15.0278   999.1282 0.0000e+00
      3.571      0.104     9.9101     97.100     33.209  26.196103     3.1658      8.410   271.7972 4.0627e+01     0.6580      3.501      5.079    14.9232   999.1441 0.0000e+00
      3.602      0.109     9.7255     95.005     33.299  26.175349     3.1278      8.409   272.6062 3.9835e+01     0.6363      3.534      5.126    14.8158   999.1603 0.0000e+00
      3.629      0.112     9.5292     92.813     33.373  26.143589     3.0739      8.408   273.0577 3.9139e+01     0.6435      3.559      5.162    14.7027   999.1772 0.0000e+00
      3.655      0.113     9.3274     90.575     33.472  26.129194     3.0439      8.406   273.2994 3.8397e+01     0.6467      3.582      5.196    14.5786   999.1954 0.0000e+00
      3.685      0.111     9.1261     88.349     33.591  26.128071     3.0416      8.406   273.3770 3.7591e+01     0.6426      3.613      5.241    14.4393   999.2159 0.0000e+00
      3.716      0.106     8.9186     86.089     33.708  26.129908     3.0634      8.406   273.5657 3.6913e+01     0.6600      3.645      5.287    14.2978   999.2362 0.0000e+00
      3.745      0.100     8.6896     83.660     33.839  26.151301     3.0995      8.406   273.9470 3.6349e+01     0.6928      3.672      5.326    14.1666   999.2550 0.0000e+00
      3.772      0.095     8.4357     81.026     33.990  26.196317     3.1147      8.405   274.4592 3.5853e+01     0.7120      3.701      5.367    14.0306   999.2742 0.0000e+00
      3.794      0.090     8.1682     78.286     34.121  26.230018     3.1002      8.404   274.8548 3.5488e+01     0.6953      3.724      5.401    13.8854   999.2944 0.0000e+00
      3.811      0.087     7.8877     75.443     34.218  26.241498     3.0890      8.404   275.1166 3.5161e+01     0.6549      3.737      5.419    13.7503   999.3129 0.0000e+00
      3.828      0.087     7.5903     72.460     34.334  26.271598     3.0828      8.402   275.3871 3.4696e+01     0.6172      3.751      5.441    13.6343   999.3288 0.0000e+00
      3.851      0.091     7.2757     69.338     34.493  26.340116     3.0595      8.400   275.6303 3.4118e+01     0.5996      3.777      5.478    13.5290   999.3430 0.0000e+00
      3.876      0.098     6.9410     66.035     34.688  26.435470     3.0410      8.399   275.6488 3.3577e+01     0.6052      3.801      5.514    13.4322   999.3560 0.0000e+00
      3.902      0.105     6.5981     62.636     34.911  26.536252     3.0417      8.398   275.6098 3.3061e+01     0.6193      3.824      5.546    13.3406   999.3682 0.0000e+00
      3.931      0.109     6.2677     59.346     35.111  26.606948     3.0774      8.396   276.0195 3.2496e+01     0.6383      3.854      5.589    13.2522   999.3798 0.0000e+00
      3.962      0.109     5.9521     56.219     35.277  26.655729     3.1432      8.396   276.7304 3.1882e+01     0.6383      3.886      5.637    13.1773   999.3897 0.0000e+00
      3.993      0.107     5.6491     53.233     35.409  26.681868     3.1773      8.395   277.4936 3.1295e+01     0.6207      3.917      5.681    13.1112   999.3983 0.0000e+00
      4.021      0.105     5.3601     50.383     35.499  26.669135     3.1602      8.394   278.3647 3.0835e+01     0.6216      3.945      5.722    13.0123   999.4111 0.0000e+00
      4.045      0.102     5.0879     47.694     35.559  26.628574     3.1010      8.392   279.1749 3.0445e+01     0.6495      3.967      5.755    12.8808   999.4279 0.0000e+00
      4.066      0.101     4.8338     45.185     35.601  26.572014     3.0258      8.390   279.5468 2.9985e+01     0.6958      3.985      5.780    12.7736   999.4414 0.0000e+00
      4.090      0.101     4.5956     42.835     35.702  26.556166     2.9872      8.390   279.5057 2.9476e+01     0.7228      4.009      5.814    12.6802   999.4530 0.0000e+00
      4.117      0.104     4.3767     40.679     35.917  26.627179     2.9730      8.389   279.7106 2.9019e+01     0.7130      4.037      5.855    12.5644   999.4673 0.0000e+00
      4.145      0.108     4.1757     38.711     36.171  26.732652     2.9232      8.387   280.2169 2.8602e+01     0.7410      4.065      5.896    12.4398   999.4825 0.0000e+00
      4.173      0.110     3.9923     36.921     36.301  26.752803     2.8451      8.384   280.6375 2.8121e+01     0.8330      4.092      5.935    12.3184   999.4970 0.0000e+00
      4.203      0.110     3.8380     35.411     36.216  26.616964     2.8001      8.384   280.9240 2.7579e+01     0.8749      4.122      5.978    12.1886   999.5124 0.0000e+00
      4.232      0.110     3.7237     34.282     36.045  26.422468     2.7861      8.383   281.1002 2.7055e+01     0.8543      4.151      6.021    12.0595   999.5276 0.0000e+00
      4.261      0.111     3.6556     33.585     35.972  26.304387     2.7284      8.382   281.2188 2.6565e+01     0.8453      4.178      6.060    11.9491   999.5404 0.0000e+00
      4.287      0.113     3.6449     33.422     36.004  26.267711     2.6307      8.379   281.3251 2.6132e+01     0.8642      4.205      6.098    11.8450   999.5523 0.0000e+00
      4.312      0.117     3.7037     33.904     36.027  26.232730     2.5763      8.377   281.6976 2.5731e+01     0.8862      4.228      6.132    11.7414   999.5639 0.0000e+00
      4.340      0.118     3.8281     34.992     35.954  26.135147     2.5563      8.375   282.2804 2.5267e+01     0.8831      4.254      6.169    11.6477   999.5743 0.0000e+00
      4.374      0.117     4.0077     36.581     35.884  26.039424     2.5362      8.374   282.6072 2.4722e+01     0.8919      4.289      6.220    11.5590   999.5841 0.0000e+00
      4.411      0.114     4.2335     38.585     36.018  26.090375     2.4372      8.371   282.8958 2.4181e+01     0.9593      4.327      6.276    11.4714   999.5937 0.0000e+00
      4.443      0.111     4.4904     40.871     36.640  26.497368     2.2531      8.369   283.3616 2.3762e+01     1.0423      4.361      6.325    11.3998   999.6015 0.0000e+00
      4.468      0.106     4.7644     43.317     37.599  27.153692     2.1558      8.367   283.5925 2.3470e+01     1.0769      4.384      6.358    11.3435   999.6076 0.0000e+00
      4.488      0.101     5.0402     45.786     38.016  27.427682     2.1370      8.364   283.5370 2.3172e+01     1.0825      4.401      6.383    11.2819   999.6141 0.0000e+00
      4.509      0.097     5.2992     48.118     37.733  27.208910     2.0165      8.362   283.6361 2.2777e+01     1.2087      4.420      6.411    11.2130   999.6214 0.0000e+00
      4.535      0.098     5.5325     50.239     37.506  27.046347     1.8172      8.359   284.0172 2.2341e+01     1.4551      4.447      6.449    11.1532   999.6279 0.0000e+00
      4.564      0.102     5.7376     52.117     37.759  27.238635     1.7214      8.354   284.3585 2.1961e+01     1.5718      4.476      6.493    11.1048   999.6335 0.0000e+00
      4.589      0.107     5.9112     53.702     38.471  27.757374     1.7075      8.349   284.4931 2.1615e+01     1.5705      4.501      6.528    11.0647   999.6378 0.0000e+00
      4.614      0.108     6.0538     54.970     39.255  28.306098     1.6405      8.344   284.5268 2.1185e+01     1.7013      4.522      6.558    11.0437   999.6399 0.0000e+00
      4.645      0.104     6.1612     55.875     39.732  28.607027     1.5360      8.341   284.5940 2.0670e+01     1.9412      4.553      6.604    11.0489   999.6394 0.0000e+00
      4.678      0.099     6.2228     56.350     39.975  28.730985     1.4761      8.339   284.7026 2.0250e+01     2.0456      4.590      6.658    11.0675   999.6377 0.0000e+00
      4.703      0.094     6.2360     56.400     40.116  28.789607     1.4538      8.337   284.8081 1.9979e+01     2.0462      4.616      6.695    11.0839   999.6365 0.0000e+00
      4.722      0.088     6.2092     56.103     40.189  28.808167     1.3958      8.335   284.9236 1.9733e+01     2.1121      4.630      6.715    11.0669   999.6387 0.0000e+00
      4.740      0.083     6.1504     55.530     40.254  28.828465     1.3133      8.333   285.0661 1.9456e+01     2.2203      4.648      6.741    10.9997   999.6457 0.0000e+00
      4.759      0.081     6.0635     54.719     40.300  28.844643     1.2792      8.330   285.4991 1.9146e+01     2.2727      4.668      6.770    10.9277   999.6531 0.0000e+00
      4.779      0.081     5.9530     53.710     40.267  28.813402     1.2704      8.326   286.2869 1.8816e+01     2.3194      4.686      6.796    10.8765   999.6583 0.0000e+00
      4.800      0.082     5.8257     52.557     40.208  28.767982     1.1718      8.323   287.1917 1.8501e+01     2.7522      4.706      6.825    10.8345   999.6625 0.0000e+00
      4.822      0.079     5.6942     51.367     40.172  28.739626     0.9968      8.320   288.1788 1.8205e+01     3.5078      4.729      6.859    10.8012   999.6660 0.0000e+00
      4.847      0.072     5.5692     50.233     40.157  28.724356     0.9068      8.317   288.9292 1.7915e+01     3.9182      4.752      6.893    10.7802   999.6683 0.0000e+00
      4.869      0.063     5.4526     49.171     40.147  28.710238     0.9072      8.314   289.2095 1.7678e+01     3.9776      4.778      6.930    10.7732   999.6690 0.0000e+00
      4.884      0.057     5.3467     48.204     40.139  28.695814     0.9061      8.312   289.4170 1.7554e+01     3.9967      4.793      6.952    10.7725   999.6691 0.0000e+00
      4.890      0.055     5.2553     47.368     40.124  28.676853     0.8930      8.310   289.7179 1.7479e+01     4.1485      4.795      6.954    10.7696   999.6694 0.0000e+00
      4.896      0.058     5.1795     46.676     39.858  28.480973     0.8702      8.306   289.7509 1.7350e+01     4.4699      4.799      6.961    10.7639   999.6700 0.0000e+00
      4.907      0.063     5.1181     46.116     39.428  28.167459     0.8468      8.302   289.5570 1.7122e+01     4.6713      4.810      6.976    10.7545   999.6710 0.0000e+00
      4.926      0.070     5.0716     45.682     39.291  28.058631     0.8363      8.300   289.6109 1.6767e+01     4.7152      4.828      7.003    10.7433   999.6721 0.0000e+00
      4.952      0.076     5.0394     45.369     39.218  27.989974     0.8377      8.299   289.9714 1.6351e+01     4.7062      4.855      7.042    10.7314   999.6735 0.0000e+00
      4.978      0.081     5.0163     45.139     38.950  27.781452     0.8470      8.297   290.3888 1.6016e+01     4.6927      4.884      7.083    10.7240   999.6743 0.0000e+00
      4.999      0.083     5.0013     44.984     38.670  27.567716     0.8534      8.295   290.6136 1.5801e+01     4.7163      4.905      7.114    10.7217   999.6743 0.0000e+00
      5.016      0.083     4.9957     44.921     38.498  27.435990     0.8457      8.292   290.4531 1.5585e+01     4.7622      4.918      7.133    10.7067   999.6759 0.0000e+00
      5.033      0.080     4.9982     44.936     38.625  27.521125     0.7972      8.289   290.2546 1.5245e+01     5.1492      4.933      7.154    10.6821   999.6783 0.0000e+00
      5.055      0.078     5.0132     45.063     38.986  27.772280     0.7174      8.287   290.5366 1.4826e+01     5.8564      4.955      7.187    10.6592   999.6805 0.0000e+00
      5.080      0.078     5.0423     45.313     39.403  28.061687     0.6788      8.285   291.0234 1.4472e+01     6.2665      4.982      7.228    10.6396   999.6825 0.0000e+00
      5.100      0.082     5.0804     45.647     39.736  28.292055     0.6860      8.283   291.3231 1.4217e+01     6.3389      5.003      7.257    10.6286   999.6835 0.0000e+00
      5.116      0.087     5.1270     46.067     39.888  28.400392     0.7007      8.282   291.5783 1.3959e+01     6.1417      5.016      7.276    10.6240   999.6841 0.0000e+00
      5.134      0.092     5.1850     46.592     39.999  28.483297     0.7168      8.279   291.8725 1.3635e+01     5.7501      5.031      7.298    10.6172   999.6849 0.0000e+00
      5.158      0.099     5.2545     47.214     39.983  28.469611     0.7252      8.276   291.7829 1.3274e+01     5.5695      5.056      7.333    10.6053   999.6863 0.0000e+00
      5.187      0.107     5.3299     47.882     39.842  28.361808     0.7245      8.274   291.3545 1.2894e+01     5.5640      5.087      7.377    10.5935   999.6877 0.0000e+00
      5.218      0.114     5.4024     48.523     39.796  28.321938     0.7250      8.271   291.1678 1.2473e+01     5.6510      5.116      7.420    10.5948   999.6878 0.0000e+00
      5.250      0.116     5.4630     49.056     39.782  28.304784     0.7234      8.268   291.1596 1.2033e+01     5.8680      5.147      7.465    10.6061   999.6869 0.0000e+00
      5.282      0.115     5.5025     49.398     39.761  28.281295     0.7228      8.266   291.2548 1.1640e+01     6.0250      5.180      7.514    10.6023   999.6875 0.0000e+00
      5.312      0.114     5.5167     49.517     39.784  28.291722     0.7261      8.264   291.5446 1.1320e+01     6.0742      5.210      7.558    10.5886   999.6888 0.0000e+00
      5.337      0.112     5.5062     49.420     39.804  28.303948     0.7199      8.260   291.7385 1.1039e+01     6.0699      5.234      7.591    10.5825   999.6895 0.0000e+00
      5.362      0.111     5.4736     49.126     39.803  28.302214     0.6911      8.255   291.6208 1.0722e+01     5.9728      5.257      7.625    10.5741   999.6905 0.0000e+00
      5.391      0.110     5.4263     48.698     39.763  28.270760     0.6548      8.251   291.4979 1.0379e+01     5.8502      5.287      7.668    10.5592   999.6920 0.0000e+00
      5.421      0.109     5.3741     48.223     39.638  28.177438     0.6368      8.249   291.7150 1.0064e+01     5.7998      5.317      7.712    10.5509   999.6929 0.0000e+00
      5.451      0.107     5.3256     47.779     39.484  28.062142     0.6299      8.247   292.0946 9.7579e+00     5.8233      5.345      7.753    10.5521   999.6930 0.0000e+00
      5.480      0.102     5.2858     47.412     39.433  28.018786     0.6064      8.245   292.4743 9.4717e+00     5.9699      5.374      7.794    10.5508   999.6932 0.0000e+00
      5.506      0.096     5.2560     47.135     39.464  28.033897     0.5684      8.243   292.8643 9.2325e+00     6.1954      5.402      7.835    10.5464   999.6938 0.0000e+00
      5.530      0.091     5.2353     46.942     39.412  27.991049     0.5523      8.240   293.1958 9.0284e+00     6.2885      5.425      7.868    10.5424   999.6943 0.0000e+00
      5.549      0.086     5.2222     46.820     39.262  27.881406     0.5587      8.238   293.3845 8.8455e+00     6.2760      5.442      7.894    10.5343   999.6950 0.0000e+00
      5.567      0.082     5.2137     46.740     39.132  27.786816     0.5763      8.236   293.4255 8.6352e+00     6.3404      5.459      7.917    10.5236   999.6960 0.0000e+00
      5.587      0.082     5.2065     46.672     39.064  27.735638     0.6015      8.234   293.5198 8.3743e+00     6.4438      5.479      7.945    10.5146   999.6971 0.0000e+00
      5.610      0.085     5.2054     46.657     39.029  27.706740     0.6122      8.233   293.6648 8.1276e+00     6.4776      5.503      7.980    10.5073   999.6979 0.0000e+00
      5.631      0.090     5.2116     46.709     39.011  27.691202     0.6188      8.230   293.7157 7.9003e+00     6.4867      5.523      8.011    10.5039   999.6982 0.0000e+00
      5.652      0.095     5.2180     46.764     38.990  27.674656     0.6463      8.227   293.7047 7.6321e+00     6.5547      5.541      8.038    10.5024   999.6983 0.0000e+00
      5.676      0.097     5.2255     46.831     38.931  27.633573     0.6763      8.225   294.0483 7.3134e+00     6.6437      5.564      8.070    10.4981   999.6989 0.0000e+00
