Data/DataNotYetUploadedToEDI/Raw_CTD/RawDownloads/062419_fcr45.cnv
* Sea-Bird SBE19plus  Data File:
* FileName = C:\DATA\062419_fcr50_0006.hex
* Software version 2.8.0.119 SB_Terminal.dll
* Temperature SN = 7809
* Conductivity SN = 7809
* System UpLoad Time = Jun 24 2019 17:08:53
* <ApplicationData>
* <Seaterm232>
# nquan = 16
# nvalues = 472                         
# units = specified
# name 0 = depFM: Depth [fresh water, m]
# name 1 = dz/dtM: Descent Rate [m/s]
# name 2 = sbeox0Mg/L: Oxygen, SBE 43 [mg/l]
# name 3 = sbeox0PS: Oxygen, SBE 43 [% saturation]
# name 4 = specc: Specific Conductance [uS/cm]
# name 5 = c0uS/cm: Conductivity [uS/cm]
# name 6 = flECO-AFL: Fluorescence, WET Labs ECO-AFL/FL [mg/m^3]
# name 7 = ph: pH
# name 8 = orp: Oxidation Reduction Potential [mV]
# name 9 = par/sat/log: PAR/Logarithmic, Satlantic
# name 10 = turbWETntu0: Turbidity, WET Labs ECO [NTU]
# name 11 = prdM: Pressure, Strain Gauge [db]
# name 12 = prdE: Pressure, Strain Gauge [psi]
# name 13 = tv290C: Temperature [ITS-90, deg C]
# name 14 = density00: Density [density, kg/m^3]
# name 15 = flag:  0.000e+00
# span 0 =     -0.601,      7.477       
# span 1 =     -0.125,      0.329       
# span 2 =     2.4712,    11.5926       
# span 3 =     22.750,    130.382       
# span 4 =      2.111,     41.790       
# span 5 =   1.937230,  34.339663       
# span 6 =    -0.1416,     4.1210       
# span 7 =      6.795,      9.788       
# span 8 = -1201.9612,   290.9865       
# span 9 = 2.5529e+00, 5.8903e+02       
# span 10 =    -0.3487,     7.2524      
# span 11 =     -0.590,      7.333      
# span 12 =     -0.855,     10.636      
# span 13 =    10.2337,    24.5011      
# span 14 =   997.1902,   999.7325      
# span 15 = 0.0000e+00, 0.0000e+00      
# interval = seconds: 0.25
# start_time = Jun 24 2019 11:48:03 [Instrument's time stamp, header]
# bad_flag = -9.990e-29
*END*
     -0.601      0.000     8.1269     90.886      2.111   1.937230    -0.1416      6.795 -1201.9612 4.0377e+02    -0.3343     -0.589     -0.854    20.8355   998.0345 0.0000e+00
     -0.601      0.001     8.1184     90.850      6.064   5.579246    -0.1392      6.905  -814.1177 3.9482e+02    -0.3487     -0.589     -0.855    20.8331   998.0350 0.0000e+00
     -0.601      0.009     8.0782     90.806     16.844  15.614308    -0.1318      7.227  -121.7366 3.7275e+02    -0.3417     -0.590     -0.854    20.8398   998.0336 0.0000e+00
     -0.601      0.030     7.9822     90.765     28.831  27.027924    -0.1211      7.732   214.4047 3.3755e+02    -0.3157     -0.589     -0.855    20.8321   998.0352 0.0000e+00
     -0.600      0.067     7.8604     90.735     34.561  32.851221    -0.1137      8.274   204.4344 3.1155e+02    -0.3286     -0.588     -0.853    20.8476   998.0319 0.0000e+00
     -0.595      0.112     7.7588     90.715     35.436  34.131576    -0.1119      8.746   199.0949 3.1220e+02    -0.3336     -0.589     -0.854    20.8254   998.0367 0.0000e+00
     -0.570      0.157     7.6855     90.707     35.274  34.322876    -0.0997      9.112   204.9965 3.3951e+02    -0.1471     -0.575     -0.834    20.9233   998.0193 0.0000e+00
     -0.511      0.194     7.6354     90.737     35.028  34.339663     0.1122      9.369   207.8187 3.9476e+02     1.7950     -0.507     -0.737    21.6260   997.8699 0.0000e+00
     -0.431      0.216     7.6114     90.855     34.788  34.271449     0.5163      9.532   208.6963 4.5493e+02     5.3200     -0.419     -0.608    22.5626   997.6586 0.0000e+00
     -0.355      0.216     7.6125     91.085     34.622  34.196459     0.7460      9.637   208.8964 4.9569e+02     7.2106     -0.343     -0.499    23.2119   997.5055 0.0000e+00
     -0.292      0.193     7.6282     91.377     34.513  34.131206     0.7744      9.708   210.0663 5.2790e+02     7.2524     -0.281     -0.406    23.6854   997.3917 0.0000e+00
     -0.246      0.151     7.6498     91.688     34.413  34.053720     0.8340      9.752   212.2584 5.5823e+02     5.8906     -0.236     -0.341    24.0615   997.2994 0.0000e+00
     -0.217      0.105     7.6735     91.992     34.308  33.957721     0.9458      9.777   214.4077 5.7896e+02     3.3301     -0.208     -0.302    24.2936   997.2419 0.0000e+00
     -0.202      0.065     7.6951     92.251     34.208  33.858999     1.0082      9.788   215.9206 5.8838e+02     1.9212     -0.193     -0.281    24.4006   997.2152 0.0000e+00
     -0.197      0.037     7.7111     92.440     34.162  33.812033     1.0154      9.788   216.5251 5.8903e+02     1.8006     -0.191     -0.277    24.4501   997.2028 0.0000e+00
     -0.200      0.022     7.7206     92.557     34.183  33.834093     1.0338      9.783   216.1249 5.8549e+02     1.8068     -0.197     -0.286    24.4763   997.1962 0.0000e+00
     -0.202      0.022     7.7222     92.588     34.217  33.871878     1.0656      9.779   215.2969 5.8064e+02     1.8321     -0.200     -0.291    24.4879   997.1932 0.0000e+00
     -0.199      0.036     7.7202     92.573     34.230  33.888113     1.0794      9.775   214.4300 5.7359e+02     1.8442     -0.196     -0.284    24.4832   997.1944 0.0000e+00
     -0.192      0.059     7.7232     92.600     34.185  33.840005     1.0783      9.770   213.9889 5.6194e+02     1.8219     -0.192     -0.278    24.4804   997.1951 0.0000e+00
     -0.177      0.085     7.7312     92.682     34.084  33.734439     1.0699      9.763   214.6961 5.4054e+02     1.8244     -0.179     -0.260    24.4806   997.1951 0.0000e+00
     -0.151      0.110     7.7419     92.809     34.040  33.690595     1.0652      9.757   214.9791 5.1167e+02     1.9077     -0.152     -0.220    24.4904   997.1928 0.0000e+00
     -0.113      0.127     7.7589     93.015     34.103  33.754129     1.0734      9.752   209.1511 4.9779e+02     2.0097     -0.115     -0.166    24.5011   997.1902 0.0000e+00
     -0.068      0.137     7.7853     93.317     34.224  33.867998     1.0729      9.751   202.8230 5.0907e+02     2.0417     -0.067     -0.096    24.4920   997.1928 0.0000e+00
     -0.026      0.137     7.8205     93.680     34.305  33.925020     1.0688      9.754   201.7912 5.0442e+02     2.0329     -0.022     -0.032    24.4761   997.1969 0.0000e+00
      0.009      0.125     7.8713     94.160     34.302  33.872374     1.1106      9.758   201.9245 4.6033e+02     2.0018      0.010      0.014    24.4797   997.1962 0.0000e+00
      0.040      0.102     7.9533     94.968     34.299  33.802561     1.1961      9.756   201.7666 4.1250e+02     1.9274      0.040      0.057    24.4874   997.1944 0.0000e+00
      0.067      0.076     8.0507     95.969     34.339  33.778910     1.2443      9.748   196.0962 3.7966e+02     1.8540      0.070      0.100    24.4807   997.1962 0.0000e+00
      0.086      0.052     8.1225     96.703     34.384  33.776714     1.2427      9.740   196.7760 3.7089e+02     1.8034      0.090      0.131    24.4581   997.2019 0.0000e+00
      0.091      0.032     8.1636     97.113     34.414  33.775941     1.2025      9.733   209.2115 3.8484e+02     1.8061      0.092      0.134    24.3777   997.2221 0.0000e+00
      0.088      0.017     8.1795     97.254     34.426  33.769516     1.1310      9.724   211.4570 3.8304e+02     1.8214      0.086      0.125    24.2658   997.2501 0.0000e+00
      0.084      0.007     8.1640     97.042     34.429  33.762475     1.0899      9.714   201.2977 3.6245e+02     1.7917      0.080      0.115    24.1703   997.2738 0.0000e+00
      0.084      0.001     8.1279     96.595     34.428  33.754260     1.0870      9.704   194.5280 3.5103e+02     1.7750      0.080      0.116    24.1026   997.2906 0.0000e+00
      0.089     -0.001     8.0812     96.024     34.414  33.733635     1.1305      9.697   199.9850 3.5084e+02     1.7830      0.088      0.129    24.0623   997.3006 0.0000e+00
      0.093      0.002     8.0260     95.350     34.390  33.703483     1.2171      9.688   213.3307 3.5076e+02     1.7908      0.094      0.136    24.0365   997.3070 0.0000e+00
      0.091      0.009     7.9791     94.775     34.336  33.643537     1.2668      9.674   221.2385 3.3783e+02     1.8040      0.091      0.132    24.0239   997.3101 0.0000e+00
      0.086      0.018     7.9516     94.433     34.276  33.579992     1.2716      9.657   222.4639 3.0344e+02     1.8106      0.082      0.119    24.0159   997.3121 0.0000e+00
      0.085      0.028     7.9291     94.163     34.267  33.569779     1.3015      9.640   223.0706 2.4963e+02     1.8384      0.078      0.113    24.0074   997.3142 0.0000e+00
      0.096      0.038     7.9064     93.897     34.279  33.583520     1.3593      9.623   223.7566 1.9214e+02     1.9102      0.089      0.130    23.9971   997.3166 0.0000e+00
      0.116      0.046     7.8921     93.732     34.314  33.619206     1.3893      9.608   224.4767 1.5094e+02     1.9576      0.113      0.166    23.9860   997.3196 0.0000e+00
      0.136      0.047     7.8846     93.648     34.379  33.683942     1.3954      9.597   225.0662 1.2215e+02     1.9852      0.135      0.195    23.9760   997.3220 0.0000e+00
      0.151      0.041     7.8760     93.550     34.426  33.731610     1.3989      9.587   225.4639 1.0086e+02     1.9825      0.149      0.217    23.9753   997.3222 0.0000e+00
      0.162      0.030     7.8614     93.372     34.448  33.751317     1.3887      9.576   225.5856 8.8712e+01     1.8925      0.161      0.235    23.9793   997.3214 0.0000e+00
      0.166      0.018     7.8366     93.062     34.434  33.731832     1.3754      9.564   225.0749 8.1573e+01     1.8148      0.166      0.241    23.9804   997.3212 0.0000e+00
      0.163      0.008     7.8007     92.617     34.395  33.686402     1.3774      9.552   219.2031 7.7584e+01     1.7967      0.160      0.232    23.9837   997.3203 0.0000e+00
      0.160      0.002     7.7572     92.086     34.360  33.646254     1.3783      9.539   207.9349 7.6832e+01     1.7717      0.155      0.225    23.9878   997.3193 0.0000e+00
      0.160     -0.001     7.7096     91.513     34.344  33.627178     1.3857      9.529   200.6832 8.0018e+01     1.8079      0.156      0.226    23.9861   997.3198 0.0000e+00
      0.161     -0.001     7.6615     90.942     34.363  33.646129     1.4156      9.523   198.7193 8.2385e+01     1.9391      0.158      0.229    23.9759   997.3223 0.0000e+00
      0.163      0.002     7.6199     90.453     34.401  33.685005     1.4364      9.518   197.7843 8.3095e+01     2.0146      0.161      0.232    23.9633   997.3253 0.0000e+00
      0.163      0.004     7.5911     90.113     34.433  33.716459     1.4463      9.511   197.6375 8.5891e+01     1.9991      0.161      0.233    23.9541   997.3276 0.0000e+00
      0.162      0.004     7.5735     89.895     34.429  33.709115     1.4565      9.504   204.0003 8.6694e+01     1.9494      0.158      0.228    23.9490   997.3289 0.0000e+00
      0.162      0.003     7.5590     89.704     34.386  33.659666     1.4562      9.496   217.1555 8.5263e+01     1.8716      0.157      0.229    23.9498   997.3287 0.0000e+00
      0.166      0.001     7.5398     89.455     34.360  33.626272     1.4511      9.485   225.4857 8.7316e+01     1.8128      0.163      0.236    23.9545   997.3275 0.0000e+00
      0.168      0.000     7.5118     89.107     34.364  33.622656     1.4558      9.474   227.1137 9.0491e+01     1.7957      0.167      0.242    23.9573   997.3268 0.0000e+00
      0.168     -0.001     7.4814     88.737     34.361  33.615930     1.4424      9.461   227.7189 9.1616e+01     1.8610      0.166      0.241    23.9519   997.3282 0.0000e+00
      0.165     -0.003     7.4628     88.513     34.354  33.608404     1.4025      9.445   228.5019 8.9916e+01     1.9802      0.162      0.235    23.9389   997.3314 0.0000e+00
      0.161     -0.005     7.4628     88.519     34.338  33.595122     1.3806      9.429   229.4392 8.5133e+01     2.0234      0.158      0.227    23.9250   997.3346 0.0000e+00
      0.161     -0.007     7.4843     88.788     34.319  33.582271     1.3781      9.417   229.9315 7.6992e+01     2.0227      0.157      0.227    23.9147   997.3373 0.0000e+00
      0.161     -0.007     7.5284     89.325     34.311  33.579958     1.3971      9.411   229.8939 6.5353e+01     1.9722      0.159      0.230    23.9084   997.3389 0.0000e+00
      0.160     -0.007     7.5919     90.080     34.297  33.567160     1.4372      9.407   229.2429 5.4622e+01     1.8386      0.158      0.228    23.9070   997.3392 0.0000e+00
      0.157     -0.009     7.6682     90.970     34.290  33.554470     1.4556      9.402   223.1786 4.8427e+01     1.7513      0.154      0.223    23.9111   997.3382 0.0000e+00
      0.155     -0.013     7.7441     91.843     34.300  33.553437     1.4462      9.394   216.7122 4.8563e+01     1.7353      0.151      0.219    23.9208   997.3358 0.0000e+00
      0.153     -0.016     7.8037     92.535     34.308  33.554652     1.4281      9.387   216.8783 5.4772e+01     1.7437      0.150      0.217    23.9304   997.3334 0.0000e+00
      0.149     -0.016     7.8410     92.978     34.323  33.569145     1.4096      9.378   212.9696 6.3431e+01     1.7876      0.147      0.213    23.9345   997.3323 0.0000e+00
      0.141     -0.012     7.8610     93.219     34.354  33.601749     1.3956      9.368   205.0722 6.9101e+01     1.8404      0.140      0.202    23.9236   997.3349 0.0000e+00
      0.133     -0.006     7.8668     93.289     34.384  33.631551     1.3809      9.358   201.5803 7.0176e+01     1.8239      0.129      0.187    23.9013   997.3404 0.0000e+00
      0.130      0.002     7.8563     93.164     34.365  33.612171     1.3711      9.351   200.6056 6.9899e+01     1.7534      0.126      0.183    23.8919   997.3428 0.0000e+00
      0.133      0.009     7.8328     92.890     34.308  33.557806     1.4061      9.344   200.0840 6.7239e+01     1.7414      0.129      0.188    23.8961   997.3418 0.0000e+00
      0.141      0.014     7.8013     92.533     34.288  33.545393     1.4751      9.336   199.7480 6.1604e+01     1.7766      0.136      0.199    23.8997   997.3409 0.0000e+00
      0.151      0.015     7.7665     92.142     34.323  33.589023     1.5114      9.328   199.5543 5.7109e+01     1.7859      0.150      0.218    23.9012   997.3406 0.0000e+00
      0.158      0.012     7.7355     91.797     34.368  33.641115     1.5074      9.320   199.2906 5.2627e+01     1.7884      0.157      0.228    23.8974   997.3416 0.0000e+00
      0.159      0.006     7.7154     91.577     34.387  33.667543     1.4697      9.313   198.8827 4.6402e+01     1.8063      0.157      0.228    23.8975   997.3415 0.0000e+00
      0.157      0.001     7.7052     91.469     34.368  33.654714     1.4114      9.306   198.7524 4.2548e+01     1.8390      0.154      0.224    23.9122   997.3378 0.0000e+00
      0.153     -0.004     7.6968     91.378     34.322  33.612936     1.3829      9.296   199.0056 4.1347e+01     1.8565      0.149      0.217    23.9245   997.3348 0.0000e+00
      0.151     -0.007     7.6871     91.266     34.315  33.606661     1.3774      9.286   199.1046 4.3374e+01     1.8210      0.149      0.216    23.9372   997.3317 0.0000e+00
      0.150     -0.010     7.6757     91.125     34.354  33.642314     1.3014      9.277   199.0028 5.3839e+01     1.8029      0.147      0.214    23.9501   997.3285 0.0000e+00
      0.149     -0.013     7.6615     90.943     34.380  33.663230     1.1655      9.270   199.0654 8.1977e+01     1.8341      0.146      0.212    23.9563   997.3270 0.0000e+00
      0.148     -0.014     7.6465     90.753     34.391  33.669151     1.0959      9.262   199.0877 1.2478e+02     1.8375      0.146      0.212    23.9624   997.3255 0.0000e+00
      0.143     -0.012     7.6335     90.589     34.376  33.650431     1.0836      9.252   198.9274 1.5623e+02     1.8110      0.142      0.206    23.9645   997.3249 0.0000e+00
      0.134     -0.006     7.6258     90.485     34.293  33.563814     1.0863      9.241   198.8482 1.6117e+02     1.8096      0.131      0.191    23.9612   997.3257 0.0000e+00
      0.127      0.004     7.6207     90.416     34.177  33.446874     1.1114      9.229   198.9043 1.4608e+02     1.8529      0.121      0.177    23.9514   997.3281 0.0000e+00
      0.128      0.013     7.6089     90.279     34.107  33.378841     1.1270      9.217   199.1768 1.2164e+02     1.8754      0.121      0.176    23.9435   997.3301 0.0000e+00
      0.138      0.019     7.5829     89.958     34.109  33.375871     1.1275      9.208   199.5618 1.0369e+02     1.8530      0.132      0.192    23.9412   997.3307 0.0000e+00
      0.153      0.021     7.5405     89.418     34.160  33.410954     1.1430      9.200   199.7727 1.1488e+02     1.8437      0.150      0.218    23.9297   997.3336 0.0000e+00
      0.166      0.019     7.4893     88.768     34.189  33.422234     1.1762      9.190   199.8340 1.6089e+02     1.8292      0.167      0.242    23.9213   997.3357 0.0000e+00
      0.169      0.011     7.4363     88.111     34.164  33.385300     1.1984      9.180   199.7867 2.2219e+02     1.8077      0.170      0.247    23.9319   997.3330 0.0000e+00
      0.165     -0.001     7.3848     87.482     34.130  33.345139     1.2039      9.170   199.7165 2.7572e+02     1.8139      0.159      0.232    23.9282   997.3338 0.0000e+00
      0.161     -0.011     7.3403     86.942     34.107  33.317414     1.1994      9.161   199.8460 3.0472e+02     1.8053      0.156      0.227    23.8976   997.3414 0.0000e+00
      0.157     -0.016     7.3068     86.537     34.097  33.303924     1.1973      9.151   200.2342 3.0737e+02     1.7697      0.155      0.226    23.8701   997.3482 0.0000e+00
      0.150     -0.016     7.2858     86.282     34.105  33.308950     1.2038      9.140   200.4520 3.0099e+02     1.7764      0.147      0.214    23.8531   997.3523 0.0000e+00
      0.144     -0.014     7.2775     86.177     34.114  33.314717     1.2088      9.129   200.3282 3.0421e+02     1.8207      0.140      0.204    23.8421   997.3549 0.0000e+00
