Data/DataNotYetUploadedToEDI/Raw_CTD/RawDownloads/062419_fcr45.cnv
* Sea-Bird SBE19plus  Data File:
* FileName = C:\DATA\062419_fcr50_0006.hex
* Software version 2.8.0.119 SB_Terminal.dll
* Temperature SN = 7809
* Conductivity SN = 7809
* System UpLoad Time = Jun 24 2019 17:08:53
* <ApplicationData>
* <Seaterm232>
# nquan = 16
# nvalues = 472                         
# units = specified
# name 0 = depFM: Depth [fresh water, m]
# name 1 = dz/dtM: Descent Rate [m/s]
# name 2 = sbeox0Mg/L: Oxygen, SBE 43 [mg/l]
# name 3 = sbeox0PS: Oxygen, SBE 43 [% saturation]
# name 4 = specc: Specific Conductance [uS/cm]
# name 5 = c0uS/cm: Conductivity [uS/cm]
# name 6 = flECO-AFL: Fluorescence, WET Labs ECO-AFL/FL [mg/m^3]
# name 7 = ph: pH
# name 8 = orp: Oxidation Reduction Potential [mV]
# name 9 = par/sat/log: PAR/Logarithmic, Satlantic
# name 10 = turbWETntu0: Turbidity, WET Labs ECO [NTU]
# name 11 = prdM: Pressure, Strain Gauge [db]
# name 12 = prdE: Pressure, Strain Gauge [psi]
# name 13 = tv290C: Temperature [ITS-90, deg C]
# name 14 = density00: Density [density, kg/m^3]
# name 15 = flag:  0.000e+00
# span 0 =     -0.601,      7.477       
# span 1 =     -0.125,      0.329       
# span 2 =     2.4712,    11.5926       
# span 3 =     22.750,    130.382       
# span 4 =      2.111,     41.790       
# span 5 =   1.937230,  34.339663       
# span 6 =    -0.1416,     4.1210       
# span 7 =      6.795,      9.788       
# span 8 = -1201.9612,   290.9865       
# span 9 = 2.5529e+00, 5.8903e+02       
# span 10 =    -0.3487,     7.2524      
# span 11 =     -0.590,      7.333      
# span 12 =     -0.855,     10.636      
# span 13 =    10.2337,    24.5011      
# span 14 =   997.1902,   999.7325      
# span 15 = 0.0000e+00, 0.0000e+00      
# interval = seconds: 0.25
# start_time = Jun 24 2019 11:48:03 [Instrument's time stamp, header]
# bad_flag = -9.990e-29
*END*
[from data line 181]
      0.087      0.000     7.1200     84.387     34.643  33.861530     1.3842      8.576   213.3018 3.2085e+02     1.8136      0.084      0.122    23.5262   997.4317 0.0000e+00
      0.087      0.001     8.0147     95.069     34.625  33.874814     1.3819      8.573   213.5982 3.2639e+02     1.7683      0.085      0.124    23.5771   997.4195 0.0000e+00
      0.087      0.001     8.8676    105.241     34.623  33.892664     1.3843      8.570   213.7284 3.2795e+02     1.7525      0.086      0.124    23.7028   997.3890 0.0000e+00
      0.088      0.001     9.5956    113.916     34.605  33.886989     1.3958      8.567   213.6710 3.2089e+02     1.8197      0.086      0.125    23.8100   997.3627 0.0000e+00
      0.088      0.001    10.1311    120.293     34.580  33.869670     1.3988      8.566   213.6782 3.1833e+02     1.8595      0.086      0.125    23.8727   997.3473 0.0000e+00
      0.087      0.002    10.4440    124.016     34.581  33.873660     1.3958      8.565   213.8147 3.2177e+02     1.8077      0.086      0.124    23.9168   997.3365 0.0000e+00
      0.087      0.004    10.5435    125.200     34.579  33.871778     1.3852      8.560   213.8601 3.3178e+02     1.7833      0.086      0.124    23.9444   997.3298 0.0000e+00
      0.088      0.007    10.4790    124.426     34.556  33.846913     1.3568      8.552   213.7966 3.3652e+02     1.8268      0.086      0.125    23.9609   997.3257 0.0000e+00
      0.090      0.009    10.3334    122.673     34.543  33.826874     1.3397      8.540   213.7357 3.2587e+02     1.8420      0.088      0.128    23.9688   997.3236 0.0000e+00
      0.093      0.009    10.1759    120.775     34.545  33.819868     1.3431      8.529   213.8980 3.1578e+02     1.8365      0.091      0.133    23.9709   997.3233 0.0000e+00
      0.098      0.006    10.0365    119.101     34.557  33.825652     1.3543      8.524   214.9840 3.1543e+02     1.8912      0.097      0.140    23.9729   997.3228 0.0000e+00
      0.103     -0.002     9.9244    117.770     34.565  33.833334     1.3704      8.519   224.6302 3.2224e+02     2.0116      0.102      0.147    23.9718   997.3230 0.0000e+00
      0.105     -0.017     9.8400    116.779     34.578  33.849292     1.3821      8.508   242.0805 3.3495e+02     2.0803      0.104      0.151    23.9587   997.3263 0.0000e+00
      0.101     -0.038     9.7717    115.988     34.614  33.891679     1.3911      8.494   251.5730 3.4810e+02     2.0659      0.101      0.146    23.9431   997.3300 0.0000e+00
      0.092     -0.066     9.7043    115.241     34.672  33.965057     1.3930      8.483   252.4172 3.5562e+02     2.0333      0.092      0.135    23.9328   997.3326 0.0000e+00
      0.075     -0.094     9.6363    114.537     34.713  34.038414     1.3614      8.476   252.4598 3.7460e+02     1.9483      0.078      0.114    23.9341   997.3323 0.0000e+00
      0.045     -0.115     9.5779    113.985     34.709  34.080575     1.3044      8.471   252.4327 4.1755e+02     1.8583      0.047      0.069    23.9421   997.3301 0.0000e+00
      0.004     -0.125     9.5365    113.632     34.676  34.094115     1.2668      8.467   252.5195 4.5828e+02     1.8298      0.007      0.010    23.9437   997.3295 0.0000e+00
     -0.042     -0.122     9.5120    113.431     34.626  34.075263     1.2533      8.462   252.8207 4.7662e+02     1.8005     -0.042     -0.060    23.9656   997.3239 0.0000e+00
     -0.085     -0.105     9.4968    113.287     34.581  34.043073     1.2459      8.457   253.1491 4.7333e+02     1.7664     -0.091     -0.132    24.0157   997.3114 0.0000e+00
     -0.112     -0.076     9.4832    113.130     34.558  34.022251     1.2467      8.451   253.1347 4.6123e+02     1.7784     -0.117     -0.169    24.0887   997.2933 0.0000e+00
     -0.123     -0.037     9.4671    112.915     34.557  34.013894     1.2548      8.442   252.3881 4.5236e+02     1.8136     -0.123     -0.178    24.1666   997.2740 0.0000e+00
     -0.124      0.005     9.4468    112.628     34.564  34.005480     1.2654      8.432   245.6716 4.4095e+02     1.8315     -0.123     -0.179    24.2072   997.2638 0.0000e+00
     -0.118      0.043     9.4243    112.306     34.560  33.983962     1.2967      8.426   232.8418 4.2384e+02     1.8305     -0.120     -0.174    24.2209   997.2604 0.0000e+00
     -0.101      0.074     9.4028    111.994     34.538  33.944087     1.3472      8.425   225.1182 4.2031e+02     1.8019     -0.103     -0.150    24.2240   997.2597 0.0000e+00
     -0.073      0.097     9.3879    111.755     34.518  33.904108     1.3727      8.425   229.6344 4.3459e+02     1.7811     -0.073     -0.106    24.2120   997.2628 0.0000e+00
     -0.040      0.116     9.3832    111.627     34.519  33.881335     1.3714      8.425   235.2217 4.2535e+02     1.8086     -0.038     -0.055    24.1873   997.2691 0.0000e+00
     -0.006      0.129     9.3901    111.627     34.524  33.859091     1.3745      8.421   229.0907 3.7890e+02     1.8385     -0.005     -0.008    24.1607   997.2759 0.0000e+00
      0.028      0.137     9.4089    111.761     34.520  33.825509     1.3840      8.417   221.6689 3.4289e+02     1.8151      0.026      0.037    24.1358   997.2821 0.0000e+00
      0.065      0.138     9.4344    111.976     34.515  33.792578     1.3913      8.413   219.9951 3.3638e+02     1.7884      0.062      0.091    24.1061   997.2897 0.0000e+00
      0.103      0.136     9.4612    112.224     34.525  33.778193     1.3933      8.408   219.3501 3.3294e+02     1.8108      0.101      0.147    24.0716   997.2984 0.0000e+00
      0.140      0.131     9.4857    112.464     34.544  33.778477     1.3648      8.404   219.1190 3.2320e+02     1.8236      0.138      0.200    24.0331   997.3081 0.0000e+00
      0.173      0.129     9.5031    112.634     34.574  33.795982     1.3070      8.401   219.0080 3.1280e+02     1.8117      0.172      0.249    23.9878   997.3194 0.0000e+00
      0.203      0.134     9.5137    112.734     34.585  33.799445     1.2675      8.396   218.6956 3.0361e+02     1.7980      0.199      0.288    23.9426   997.3306 0.0000e+00
      0.230      0.142     9.5214    112.804     34.549  33.756866     1.2500      8.392   218.2675 2.9301e+02     1.7894      0.227      0.330    23.9088   997.3390 0.0000e+00
      0.257      0.148     9.5257    112.831     34.524  33.725391     1.2425      8.391   217.9617 2.7972e+02     1.8059      0.248      0.360    23.8854   997.3450 0.0000e+00
      0.298      0.148     9.5257    112.809     34.542  33.736201     1.2904      8.391   217.6652 2.6159e+02     1.8660      0.281      0.406    23.8685   997.3493 0.0000e+00
      0.357      0.142     9.5260    112.798     34.572  33.760631     1.3866      8.391   217.2637 2.4432e+02     1.9595      0.355      0.513    23.8581   997.3521 0.0000e+00
      0.408      0.129     9.5275    112.808     34.581  33.766901     1.4351      8.391   216.8941 2.3664e+02     2.0178      0.412      0.596    23.8503   997.3543 0.0000e+00
      0.436      0.110     9.5250    112.778     34.563  33.748542     1.4346      8.391   216.6376 2.3519e+02     2.0148      0.430      0.624    23.8386   997.3572 0.0000e+00
      0.452      0.085     9.5173    112.684     34.544  33.729045     1.4415      8.391   216.5701 2.4549e+02     1.9562      0.444      0.645    23.8265   997.3603 0.0000e+00
      0.463      0.061     9.5080    112.564     34.539  33.721555     1.4485      8.389   216.6815 2.5521e+02     1.8665      0.456      0.661    23.8188   997.3622 0.0000e+00
      0.472      0.047     9.5007    112.464     34.543  33.721442     1.4420      8.386   216.7792 2.4544e+02     1.8145      0.463      0.671    23.8156   997.3631 0.0000e+00
      0.481      0.042     9.4948    112.385     34.553  33.727675     1.4405      8.383   216.8050 2.4626e+02     1.7863      0.472      0.684    23.8167   997.3628 0.0000e+00
      0.490      0.040     9.4883    112.305     34.560  33.733440     1.4827      8.383   216.7350 2.6052e+02     1.7547      0.478      0.694    23.8172   997.3627 0.0000e+00
      0.501      0.036     9.4821    112.232     34.554  33.727680     1.5530      8.383   216.6225 2.5505e+02     1.7609      0.490      0.710    23.8111   997.3643 0.0000e+00
      0.515      0.031     9.4807    112.218     34.547  33.721505     1.5882      8.383   216.5625 2.4185e+02     1.7958      0.508      0.735    23.8035   997.3662 0.0000e+00
      0.525      0.022     9.4877    112.306     34.546  33.722244     1.5795      8.383   216.6129 2.4118e+02     1.8153      0.517      0.749    23.7991   997.3673 0.0000e+00
      0.530      0.011     9.5002    112.461     34.559  33.736619     1.5605      8.383   216.7144 2.5974e+02     1.8004      0.522      0.756    23.7982   997.3676 0.0000e+00
      0.530     -0.005     9.5121    112.613     34.587  33.768387     1.5580      8.383   216.8437 2.9351e+02     1.7795      0.521      0.756    23.7989   997.3674 0.0000e+00
      0.526     -0.021     9.5222    112.754     34.601  33.789042     1.5748      8.382   217.0569 3.0423e+02     1.7914      0.515      0.748    23.7995   997.3671 0.0000e+00
      0.520     -0.030     9.5327    112.913     34.597  33.795974     1.5820      8.379   217.2281 2.7928e+02     1.8130      0.512      0.741    23.8017   997.3666 0.0000e+00
      0.509     -0.029     9.5462    113.108     34.578  33.788748     1.5840      8.371   217.2790 2.6046e+02     1.8119      0.503      0.730    23.8048   997.3659 0.0000e+00
      0.489     -0.017     9.5617    113.315     34.546  33.765149     1.6072      8.361   217.2416 2.6721e+02     1.8110      0.480      0.696    23.8091   997.3647 0.0000e+00
      0.472      0.003     9.5726    113.450     34.543  33.764505     1.6282      8.354   217.2063 2.7641e+02     1.8025      0.455      0.660    23.8189   997.3622 0.0000e+00
      0.475      0.024     9.5720    113.435     34.563  33.780969     1.6389      8.351   217.1957 2.6183e+02     1.7744      0.458      0.664    23.8363   997.3579 0.0000e+00
      0.495      0.047     9.5596    113.275     34.560  33.773818     1.6414      8.350   217.1997 2.3344e+02     1.7664      0.485      0.703    23.8558   997.3533 0.0000e+00
      0.521      0.069     9.5433    113.062     34.533  33.741500     1.6318      8.351   217.3417 2.2072e+02     1.7704      0.514      0.745    23.8681   997.3504 0.0000e+00
      0.544      0.085     9.5311    112.889     34.508  33.707518     1.6356      8.352   217.6215 2.1804e+02     1.7903      0.536      0.777    23.8697   997.3501 0.0000e+00
      0.563      0.091     9.5254    112.779     34.494  33.680252     1.6441      8.351   217.8302 2.1035e+02     1.8106      0.552      0.800    23.8640   997.3516 0.0000e+00
      0.584      0.090     9.5258    112.733     34.496  33.665655     1.6396      8.351   217.8864 2.0720e+02     1.8187      0.569      0.826    23.8584   997.3530 0.0000e+00
      0.611      0.086     9.5343    112.788     34.503  33.657932     1.6329      8.351   217.8703 2.0515e+02     1.8560      0.600      0.870    23.8506   997.3551 0.0000e+00
      0.638      0.082     9.5495    112.938     34.505  33.650317     1.6321      8.351   217.8083 1.9793e+02     1.9335      0.629      0.912    23.8367   997.3586 0.0000e+00
      0.660      0.077     9.5633    113.082     34.498  33.637023     1.6384      8.352   217.8248 1.9887e+02     2.0021      0.648      0.940    23.8176   997.3634 0.0000e+00
      0.677      0.071     9.5719    113.164     34.492  33.624122     1.6494      8.352   217.9827 2.0477e+02     1.9976      0.666      0.966    23.7900   997.3703 0.0000e+00
      0.690      0.066     9.5777    113.214     34.495  33.621247     1.6777      8.354   218.0835 2.0400e+02     1.9775      0.676      0.982    23.7653   997.3763 0.0000e+00
      0.704      0.063     9.5817    113.244     34.481  33.602251     1.7211      8.356   218.0966 1.9610e+02     1.9880      0.688      0.999    23.7536   997.3792 0.0000e+00
      0.720      0.064     9.5838    113.252     34.469  33.584816     1.7488      8.357   218.2268 1.8481e+02     1.9938      0.707      1.027    23.7477   997.3808 0.0000e+00
      0.736      0.070     9.5826    113.213     34.493  33.600822     1.7618      8.353   218.5398 1.6819e+02     2.0145      0.721      1.046    23.7372   997.3834 0.0000e+00
      0.752      0.079     9.5751    113.097     34.507  33.605386     1.7659      8.347   218.8695 1.4669e+02     2.0419      0.736      1.066    23.7263   997.3861 0.0000e+00
      0.771      0.084     9.5643    112.941     34.487  33.576514     1.7553      8.341   218.9431 1.3066e+02     2.0298      0.757      1.097    23.7208   997.3876 0.0000e+00
      0.795      0.083     9.5510    112.759     34.487  33.569035     1.7539      8.340   218.8278 1.2237e+02     2.0319      0.776      1.126    23.7139   997.3892 0.0000e+00
      0.825      0.076     9.5323    112.527     34.501  33.578407     1.7661      8.343   218.8529 1.1886e+02     2.0678      0.806      1.169    23.7015   997.3924 0.0000e+00
      0.856      0.067     9.5086    112.249     34.484  33.562908     1.7646      8.346   218.9888 1.2180e+02     2.0053      0.846      1.228    23.6873   997.3962 0.0000e+00
      0.871      0.061     9.4811    111.924     34.429  33.508565     1.7524      8.347   219.0928 1.3370e+02     1.8663      0.861      1.250    23.6749   997.3991 0.0000e+00
      0.871      0.057     9.4572    111.610     34.358  33.429040     1.7486      8.345   219.2506 1.5247e+02     1.7963      0.853      1.236    23.6602   997.4027 0.0000e+00
      0.872      0.053     9.4463    111.411     34.314  33.362923     1.7538      8.342   219.3478 1.7289e+02     1.7818      0.850      1.232    23.6534   997.4044 0.0000e+00
      0.887      0.052     9.4465    111.327     34.323  33.343742     1.7545      8.340   219.3213 1.8644e+02     1.7891      0.866      1.256    23.6591   997.4030 0.0000e+00
      0.910      0.056     9.4420    111.201     34.458  33.450922     1.7310      8.341   219.4463 1.9015e+02     1.8513      0.893      1.295    23.6638   997.4021 0.0000e+00
      0.931      0.064     9.4172    110.842     34.745  33.706861     1.6952      8.342   219.7413 1.9946e+02     1.9430      0.916      1.329    23.6510   997.4052 0.0000e+00
      0.946      0.069     9.3707    110.220     35.035  33.963186     1.6777      8.344   220.0487 2.1917e+02     1.9807      0.929      1.348    23.6117   997.4148 0.0000e+00
      0.957      0.069     9.3152    109.490     35.178  34.075013     1.6751      8.345   220.2373 2.2557e+02     1.9797      0.936      1.358    23.5641   997.4264 0.0000e+00
      0.973      0.068     9.2704    108.900     35.168  34.043484     1.6726      8.344   220.3017 2.1297e+02     1.9313      0.950      1.379    23.5306   997.4345 0.0000e+00
      0.993      0.067     9.2485    108.602     35.099  33.962727     1.6559      8.343   220.3969 2.0466e+02     1.8213      0.974      1.413    23.5043   997.4411 0.0000e+00
      1.014      0.068     9.2498    108.600     35.064  33.923607     1.6376      8.342   220.7001 1.9906e+02     1.7648      0.996      1.444    23.4659   997.4506 0.0000e+00
      1.034      0.069     9.2735    108.863     35.098  33.951262     1.6339      8.342   221.3004 1.8876e+02     1.7727      1.014      1.471    23.4237   997.4609 0.0000e+00
      1.049      0.069     9.3158    109.314     35.143  33.979769     1.6196      8.342   221.8037 1.8206e+02     1.8509      1.029      1.493    23.3928   997.4684 0.0000e+00
      1.062      0.068     9.3698    109.879     35.137  33.950939     1.5949      8.341   221.9678 1.7769e+02     1.9890      1.039      1.507    23.3718   997.4735 0.0000e+00
      1.079      0.068     9.4291    110.513     35.127  33.919963     1.5778      8.340   222.0811 1.8126e+02     2.0328      1.056      1.532    23.3668   997.4748 0.0000e+00
      1.099      0.067     9.4899    111.189     35.142  33.922528     1.5693      8.340   222.3120 1.9208e+02     1.9874      1.079      1.566    23.3684   997.4745 0.0000e+00
