Data/DataNotYetUploadedToEDI/Raw_CTD/RawDownloads/062419_fcr50.cnv
* Sea-Bird SBE19plus  Data File:
* FileName = C:\DATA\062419_CTD_FCR_50_0002.hex
* Software version 2.8.0.119 SB_Terminal.dll
* Temperature SN = 7809
* Conductivity SN = 7809
* System UpLoad Time = Jun 24 2019 09:59:16
* <ApplicationData>
* <Seaterm232>
# nquan = 16
# nvalues = 726                         
# units = specified
# name 0 = depFM: Depth [fresh water, m]
# name 1 = dz/dtM: Descent Rate [m/s]
# name 2 = sbeox0Mg/L: Oxygen, SBE 43 [mg/l]
# name 3 = sbeox0PS: Oxygen, SBE 43 [% saturation]
# name 4 = specc: Specific Conductance [uS/cm]
# name 5 = c0uS/cm: Conductivity [uS/cm]
# name 6 = flECO-AFL: Fluorescence, WET Labs ECO-AFL/FL [mg/m^3]
# name 7 = ph: pH
# name 8 = orp: Oxidation Reduction Potential [mV]
# name 9 = par/sat/log: PAR/Logarithmic, Satlantic
# name 10 = turbWETntu0: Turbidity, WET Labs ECO [NTU]
# name 11 = prdM: Pressure, Strain Gauge [db]
# name 12 = prdE: Pressure, Strain Gauge [psi]
# name 13 = tv290C: Temperature [ITS-90, deg C]
# name 14 = density00: Density [density, kg/m^3]
# name 15 = flag:  0.000e+00
# span 0 =     -0.612,      9.617       
# span 1 =     -0.220,      0.284       
# span 2 =    -0.4828,    11.2829       
# span 3 =     -4.278,    128.040       
# span 4 =      1.396,    141.564       
# span 5 =   1.371147,  99.248650       
# span 6 =    -2.2064,     4.1327       
# span 7 =      7.460,      9.256       
# span 8 = -1240.7455,   313.0036       
# span 9 = 1.2350e-01, 1.7977e+03       
# span 10 =    -1.1999,    50.1790      
# span 11 =     -0.601,      9.431      
# span 12 =     -0.871,     13.679      
# span 13 =     9.9632,    24.1013      
# span 14 =   997.2792,   999.7977      
# span 15 = 0.0000e+00, 0.0000e+00      
# interval = seconds: 0.25
# start_time = Jun 24 2019 09:48:11 [Instrument's time stamp, header]
# bad_flag = -9.990e-29
*END*
[from data line 91]
      0.147      0.000     7.5972     89.819     34.473  33.605807     1.4583      9.102   224.2251 2.7586e+02     1.7780      0.144      0.208    23.7568   997.3760 0.0000e+00
      0.147 3.9221e-10     7.5262     88.976     34.509  33.640154     1.4559      9.097   224.4692 2.8103e+02     1.7673      0.144      0.209    23.7511   997.3774 0.0000e+00
      0.147 4.3144e-09     7.4665     88.270     34.509  33.639897     1.4464      9.092   224.6017 2.9498e+02     1.7775      0.144      0.208    23.7454   997.3787 0.0000e+00
      0.147 4.7458e-08     7.4248     87.779     34.470  33.602705     1.4557      9.088   224.6216 2.9458e+02     1.8029      0.144      0.209    23.7405   997.3799 0.0000e+00
      0.147 4.7458e-08     7.4087     87.593     34.435  33.571235     1.4722      9.084   224.7102 2.8828e+02     1.8123      0.144      0.209    23.7366   997.3809 0.0000e+00
      0.147 4.3144e-09     7.4233     87.772     34.438  33.576715     1.4737      9.079   224.8986 2.8280e+02     1.8259      0.144      0.209    23.7348   997.3813 0.0000e+00
      0.147 3.9221e-10     7.4689     88.316     34.465  33.605509     1.4652      9.074   225.0929 2.8366e+02     1.8354      0.144      0.209    23.7343   997.3814 0.0000e+00
      0.147 3.5656e-11     7.5454     89.224     34.460  33.602074     1.4561      9.070   225.2522 3.0151e+02     1.8287      0.144      0.209    23.7357   997.3811 0.0000e+00
      0.147 3.2414e-12     7.6494     90.458     34.455  33.598639     1.4680      9.067   225.4477 3.4805e+02     1.8435      0.145      0.210    23.7395   997.3801 0.0000e+00
      0.147 2.9467e-13     7.7689     91.876     34.483  33.627448     1.5045      9.064   225.6503 4.5669e+02     1.8504      0.145      0.210    23.7439   997.3791 0.0000e+00
      0.147 2.6789e-14     7.8835     93.237     34.487  33.633086     1.5251      9.061   225.8092 5.9912e+02     1.8137      0.144      0.209    23.7470   997.3783 0.0000e+00
      0.147 2.4353e-15     7.9757     94.332     34.454  33.603342     1.5172      9.059   226.0782 6.3530e+02     1.7608      0.144      0.209    23.7490   997.3778 0.0000e+00
      0.147 2.2139e-16     8.0374     95.068     34.434  33.585136     1.5039      9.058   226.4080 5.0951e+02     1.7354      0.145      0.211    23.7508   997.3775 0.0000e+00
      0.147 2.0127e-17     8.0678     95.434     34.450  33.603356     1.4596      9.056   226.5275 3.7757e+02     1.7680      0.144      0.210    23.7529   997.3769 0.0000e+00
      0.147 1.8296e-18     8.0720     95.492     34.477  33.633257     1.3804      9.054   226.3183 4.0527e+02     1.8285      0.144      0.209    23.7560   997.3761 0.0000e+00
      0.147 1.6541e-19     8.0576     95.331     34.469  33.629361     1.3360      9.051   226.0292 5.5999e+02     1.8436      0.144      0.209    23.7591   997.3754 0.0000e+00
      0.147 4.9866e-21     8.0291     95.005     34.455  33.619709     1.3301      9.047   226.0434 7.0409e+02     1.8190      0.145      0.210    23.7625   997.3745 0.0000e+00
      0.147 -1.101e-19     7.9915     94.569     34.475  33.643486     1.3436      9.044   226.2314 7.6326e+02     1.8263      0.144      0.209    23.7662   997.3736 0.0000e+00
      0.147 -1.226e-18     7.9515     94.104     34.492  33.663007     1.3786      9.042   226.5821 6.7911e+02     1.8336      0.145      0.210    23.7703   997.3727 0.0000e+00
      0.147 -1.349e-17     7.9119     93.640     34.492  33.665349     1.3971      9.041   227.1856 5.1867e+02     1.8089      0.145      0.210    23.7761   997.3712 0.0000e+00
      0.147 -1.484e-16     7.8732     93.188     34.497  33.671803     1.3943      9.040   227.0764 4.3663e+02     1.7895      0.145      0.210    23.7825   997.3696 0.0000e+00
      0.147 -1.632e-15     7.8368     92.763     34.501  33.677586     1.3879      9.039   226.1219 4.3387e+02     1.7628      0.145      0.210    23.7875   997.3684 0.0000e+00
      0.148 -1.795e-14     7.8040     92.380     34.493  33.671802     1.3884      9.038   225.6248 4.3098e+02     1.7491      0.145      0.210    23.7919   997.3674 0.0000e+00
      0.148 -1.975e-13     7.7787     92.084     34.485  33.665347     1.3999      9.036   225.9697 4.0064e+02     1.7875      0.145      0.210    23.7954   997.3665 0.0000e+00
      0.148 -3.620e-13     7.7634     91.904     34.482  33.663005     1.3974      9.034   226.5929 3.8197e+02     1.8334      0.145      0.211    23.7984   997.3658 0.0000e+00
      0.148 -1.966e-13     7.7568     91.826     34.462  33.643485     1.3759      9.032   226.8792 3.7796e+02     1.8122      0.145      0.210    23.8018   997.3650 0.0000e+00
      0.148 -8.396e-15     7.7561     91.817     34.437  33.619721     1.3567      9.030   226.4200 3.8961e+02     1.7612      0.144      0.209    23.8049   997.3642 0.0000e+00
      0.148 1.0351e-13     7.7566     91.824     34.447  33.629528     1.3475      9.027   225.4294 3.9480e+02     1.7727      0.145      0.210    23.8067   997.3637 0.0000e+00
      0.148 1.1565e-12     7.7555     91.811     34.452  33.635126     1.3421      9.023   224.8820 3.8728e+02     1.7882      0.145      0.210    23.8071   997.3637 0.0000e+00
      0.148 1.2723e-11     7.7519     91.771     34.441  33.623950     1.3348      9.020   225.0500 4.4363e+02     1.7526      0.145      0.211    23.8069   997.3637 0.0000e+00
      0.148 1.3995e-10     7.7439     91.677     34.438  33.621320     1.3369      9.016   225.3090 5.1411e+02     1.7679      0.145      0.211    23.8072   997.3636 0.0000e+00
      0.148 1.5395e-09     7.7296     91.509     34.419  33.603335     1.3507      9.013   225.6055 5.5026e+02     1.8419      0.145      0.211    23.8075   997.3635 0.0000e+00
      0.148 1.6934e-08     7.7100     91.277     34.412  33.596875     1.3540      9.008   225.9666 6.1335e+02     1.8619      0.146      0.212    23.8079   997.3635 0.0000e+00
      0.148 1.8627e-07     7.6855     90.988     34.421  33.606683     1.3343      9.003   225.9755 6.7157e+02     1.8449      0.146      0.211    23.8087   997.3633 0.0000e+00
      0.148 1.8627e-07     7.6571     90.652     34.409  33.594996     1.2685      8.999   225.6266 6.9738e+02     1.8335      0.145      0.211    23.8091   997.3632 0.0000e+00
      0.149 1.6934e-08     7.6268     90.294     34.395  33.582498     1.1823      8.996   225.3620 7.4221e+02     1.8216      0.146      0.212    23.8096   997.3631 0.0000e+00
      0.149 1.5394e-09     7.5920     89.884     34.395  33.582497     1.1507      8.994   225.4433 8.1556e+02     1.8329      0.146      0.212    23.8102   997.3629 0.0000e+00
      0.148 1.3975e-10     7.5490     89.375     34.408  33.594982     1.1545      8.991   226.3522 8.8123e+02     1.8391      0.146      0.211    23.8108   997.3628 0.0000e+00
      0.148 1.2361e-11     7.5014     88.813     34.419  33.606525     1.1506      8.987   227.5757 8.8046e+02     1.7973      0.145      0.211    23.8114   997.3626 0.0000e+00
      0.148 9.5950e-13     7.4539     88.252     34.407  33.595142     1.1461      8.983   227.8469 8.6200e+02     1.7538      0.146      0.212    23.8120   997.3624 0.0000e+00
      0.148 8.7230e-14     7.4026     87.646     34.395  33.584282     1.1440      8.980   227.7389 9.1360e+02     1.7721      0.145      0.210    23.8125   997.3623 0.0000e+00
      0.148 7.9300e-15     7.3472     86.991     34.413  33.602139     1.1422      8.976   227.6454 9.7603e+02     1.8218      0.146      0.211    23.8131   997.3622 0.0000e+00
      0.148 7.2090e-16     7.2915     86.334     34.432  33.620659     1.1506      8.974   227.2333 9.3052e+02     1.8307      0.146      0.212    23.8138   997.3620 0.0000e+00
      0.149 6.5535e-17     7.2354     85.670     34.428  33.617815     1.1770      8.971   227.5734 8.1436e+02     1.7817      0.146      0.211    23.8145   997.3618 0.0000e+00
      0.149 5.9580e-18     7.1785     84.999     34.441  33.631227     1.2007      8.968   228.7464 8.0463e+02     1.7204      0.146      0.212    23.8153   997.3616 0.0000e+00
      0.149 5.4165e-19     7.1232     84.345     34.466  33.655893     1.2121      8.966   229.3715 8.5925e+02     1.7125      0.146      0.212    23.8157   997.3615 0.0000e+00
      0.149 4.9283e-20     7.0706     83.723     34.472  33.662197     1.2716      8.965   229.3668 8.7219e+02     1.7516      0.146      0.212    23.8168   997.3613 0.0000e+00
      0.149 4.9668e-21     7.0214     83.141     34.453  33.643977     1.3821      8.963   229.1191 9.0113e+02     1.7663      0.146      0.212    23.8180   997.3610 0.0000e+00
      0.149 5.8027e-21     6.9752     82.595     34.434  33.625991     1.4388      8.962   228.7854 9.5445e+02     1.7597      0.146      0.212    23.8187   997.3608 0.0000e+00
      0.149 5.9390e-20     6.9289     82.049     34.443  33.635123     1.4367      8.959   228.8604 1.0101e+03     1.7702      0.146      0.212    23.8194   997.3606 0.0000e+00
      0.149 6.5289e-19     6.8828     81.504     34.434  33.627466     1.3820      8.956   229.4239 1.0399e+03     1.7951      0.146      0.211    23.8200   997.3605 0.0000e+00
      0.149 7.1817e-18     6.8396     80.992     34.402  33.596875     1.2725      8.954   229.9192 1.0037e+03     1.7983      0.146      0.212    23.8209   997.3603 0.0000e+00
      0.149 7.8999e-17     6.7982     80.503     34.387  33.582566     1.2053      8.951   230.0307 9.6244e+02     1.7763      0.146      0.211    23.8216   997.3601 0.0000e+00
      0.149 8.6899e-16     6.7584     80.033     34.386  33.581382     1.1935      8.948   229.9978 9.5403e+02     1.7917      0.146      0.212    23.8221   997.3600 0.0000e+00
      0.149 9.5589e-15     6.7209     79.589     34.387  33.582566     1.1980      8.944   229.9508 9.5191e+02     1.8200      0.146      0.211    23.8229   997.3598 0.0000e+00
      0.149 1.0515e-13     6.6820     79.129     34.401  33.596874     1.1998      8.942   229.6349 9.5711e+02     1.8237      0.146      0.212    23.8233   997.3597 0.0000e+00
      0.149 1.1566e-12     6.6412     78.647     34.432  33.627451     1.1719      8.940   229.1899 9.4669e+02     1.8038      0.146      0.212    23.8238   997.3595 0.0000e+00
      0.149 1.2723e-11     6.6035     78.202     34.439  33.634951     1.1383      8.937   229.2168 9.4153e+02     1.7758      0.146      0.212    23.8245   997.3594 0.0000e+00
      0.149 1.3995e-10     6.5681     77.784     34.428  33.624102     1.1322      8.935   229.6158 9.6912e+02     1.8128      0.146      0.212    23.8250   997.3593 0.0000e+00
      0.149 1.5395e-09     6.5319     77.357     34.427  33.623206     1.1405      8.933   229.9705 9.8114e+02     1.8588      0.146      0.212    23.8256   997.3591 0.0000e+00
      0.149 1.6934e-08     6.4962     76.933     34.427  33.624118     1.1431      8.930   230.0640 9.6935e+02     1.8394      0.146      0.212    23.8262   997.3590 0.0000e+00
      0.149 1.8627e-07     6.4598     76.502     34.438  33.635124     1.1386      8.928   229.5417 9.6490e+02     1.8076      0.147      0.213    23.8269   997.3588 0.0000e+00
      0.149 1.8627e-07     6.4226     76.062     34.431  33.629355     1.1381      8.927   228.9036 9.5996e+02     1.8022      0.147      0.213    23.8274   997.3587 0.0000e+00
      0.149 1.6934e-08     6.3874     75.647     34.419  33.617830     1.1622      8.925   228.9742 9.5133e+02     1.8719      0.146      0.212    23.8281   997.3585 0.0000e+00
      0.149 1.5395e-09     6.3540     75.253     34.423  33.622702     1.1964      8.921   229.2765 9.5423e+02     1.9950      0.146      0.211    23.8288   997.3583 0.0000e+00
      0.149 1.3995e-10     6.3201     74.853     34.425  33.624795     1.2043      8.919   229.4615 9.6013e+02     2.0451      0.146      0.212    23.8293   997.3582 0.0000e+00
      0.149 1.2723e-11     6.2852     74.441     34.444  33.643130     1.1968      8.917   229.7479 9.6165e+02     2.0199      0.146      0.211    23.8300   997.3580 0.0000e+00
      0.149 1.1566e-12     6.2510     74.036     34.454  33.654004     1.2279      8.915   229.6420 9.5854e+02     1.9526      0.146      0.212    23.8304   997.3579 0.0000e+00
      0.149 1.0515e-13     6.2193     73.661     34.429  33.629354     1.2948      8.913   228.9550 9.4999e+02     1.8539      0.147      0.213    23.8310   997.3578 0.0000e+00
      0.149 9.5590e-15     6.1891     73.304     34.397  33.598934     1.3294      8.912   228.4975 9.4629e+02     1.8090      0.146      0.212    23.8319   997.3576 0.0000e+00
      0.149 8.6900e-16     6.1592     72.951     34.401  33.603519     1.3339      8.910   228.5842 9.5057e+02     1.8037      0.147      0.212    23.8323   997.3575 0.0000e+00
      0.149 7.9000e-17     6.1298     72.604     34.419  33.621332     1.3406      8.907   228.9712 9.5783e+02     1.7902      0.146      0.212    23.8330   997.3573 0.0000e+00
      0.149 7.1820e-18     6.1009     72.262     34.422  33.623919     1.3408      8.905   229.3903 9.6299e+02     1.8093      0.147      0.213    23.8336   997.3572 0.0000e+00
      0.149 6.5290e-19     6.0722     71.923     34.433  33.634809     1.3368      8.902   229.6081 9.6673e+02     1.8378      0.147      0.212    23.8340   997.3570 0.0000e+00
      0.149 5.9355e-20     6.0436     71.585     34.423  33.626074     1.3348      8.899   229.6252 9.6905e+02     1.8394      0.147      0.212    23.8347   997.3569 0.0000e+00
      0.149 5.3960e-21     6.0153     71.250     34.377  33.581767     1.3258      8.896   229.5114 9.5254e+02     1.8286      0.147      0.212    23.8352   997.3568 0.0000e+00
      0.149 4.9052e-22     5.9883     70.930     34.337  33.543331     1.3053      8.893   229.3506 9.4464e+02     1.8055      0.146      0.212    23.8359   997.3566 0.0000e+00
      0.149 4.4593e-23     5.9625     70.625     34.336  33.542123     1.2872      8.892   229.2298 9.5853e+02     1.7894      0.147      0.212    23.8364   997.3565 0.0000e+00
      0.149 4.0539e-24     5.9373     70.328     34.361  33.567162     1.2801      8.889   229.2552 9.4912e+02     1.7978      0.146      0.212    23.8369   997.3563 0.0000e+00
      0.149 3.6854e-25     5.9108     70.014     34.386  33.592222     1.2793      8.886   229.7442 9.3853e+02     1.8086      0.146      0.212    23.8375   997.3562 0.0000e+00
      0.149 3.3504e-26     5.8841     69.699     34.385  33.591275     1.3036      8.884   230.5818 9.5997e+02     1.7895      0.147      0.212    23.8381   997.3560 0.0000e+00
      0.149 3.0480e-27     5.8601     69.415     34.348  33.555715     1.3571      8.882   230.9516 9.7992e+02     1.7635      0.147      0.213    23.8386   997.3559 0.0000e+00
      0.149 3.0206e-28     5.8373     69.146     34.335  33.543044     1.3887      8.880   230.7739 9.6320e+02     1.7900      0.147      0.213    23.8392   997.3558 0.0000e+00
      0.149 3.0206e-28     5.8135     68.866     34.357  33.565002     1.3823      8.879   230.4976 9.3863e+02     1.8141      0.147      0.213    23.8397   997.3556 0.0000e+00
      0.149 3.0480e-27     5.7907     68.596     34.358  33.567359     1.3923      8.877   230.4500 9.3919e+02     1.7927      0.147      0.213    23.8401   997.3556 0.0000e+00
      0.149 3.3503e-26     5.7715     68.369     34.363  33.571546     1.4319      8.875   231.1450 9.4503e+02     1.7932      0.147      0.213    23.8407   997.3554 0.0000e+00
      0.149 3.6854e-25     5.7625     68.262     34.409  33.615619     1.4542      8.874   232.2753 9.4658e+02     1.8203      0.147      0.213    23.8414   997.3552 0.0000e+00
      0.149 4.0539e-24     5.8218     68.955     34.455  33.656000     1.4533      8.874   232.7590 9.4358e+02     1.8262      0.147      0.213    23.8417   997.3551 0.0000e+00
      0.149 4.4593e-23     6.0752     71.933     34.490  33.679009     1.4383      8.872   232.5190 9.4329e+02     1.7983      0.147      0.213    23.8425   997.3549 0.0000e+00
