Data/DataNotYetUploadedToEDI/Raw_CTD/RawDownloads/062419_fcr45.cnv
* Sea-Bird SBE19plus  Data File:
* FileName = C:\DATA\062419_fcr50_0006.hex
* Software version 2.8.0.119 SB_Terminal.dll
* Temperature SN = 7809
* Conductivity SN = 7809
* System UpLoad Time = Jun 24 2019 17:08:53
* <ApplicationData>
* <Seaterm232>
# nquan = 16
# nvalues = 472                         
# units = specified
# name 0 = depFM: Depth [fresh water, m]
# name 1 = dz/dtM: Descent Rate [m/s]
# name 2 = sbeox0Mg/L: Oxygen, SBE 43 [mg/l]
# name 3 = sbeox0PS: Oxygen, SBE 43 [% saturation]
# name 4 = specc: Specific Conductance [uS/cm]
# name 5 = c0uS/cm: Conductivity [uS/cm]
# name 6 = flECO-AFL: Fluorescence, WET Labs ECO-AFL/FL [mg/m^3]
# name 7 = ph: pH
# name 8 = orp: Oxidation Reduction Potential [mV]
# name 9 = par/sat/log: PAR/Logarithmic, Satlantic
# name 10 = turbWETntu0: Turbidity, WET Labs ECO [NTU]
# name 11 = prdM: Pressure, Strain Gauge [db]
# name 12 = prdE: Pressure, Strain Gauge [psi]
# name 13 = tv290C: Temperature [ITS-90, deg C]
# name 14 = density00: Density [density, kg/m^3]
# name 15 = flag:  0.000e+00
# span 0 =     -0.601,      7.477       
# span 1 =     -0.125,      0.329       
# span 2 =     2.4712,    11.5926       
# span 3 =     22.750,    130.382       
# span 4 =      2.111,     41.790       
# span 5 =   1.937230,  34.339663       
# span 6 =    -0.1416,     4.1210       
# span 7 =      6.795,      9.788       
# span 8 = -1201.9612,   290.9865       
# span 9 = 2.5529e+00, 5.8903e+02       
# span 10 =    -0.3487,     7.2524      
# span 11 =     -0.590,      7.333      
# span 12 =     -0.855,     10.636      
# span 13 =    10.2337,    24.5011      
# span 14 =   997.1902,   999.7325      
# span 15 = 0.0000e+00, 0.0000e+00      
# interval = seconds: 0.25
# start_time = Jun 24 2019 11:48:03 [Instrument's time stamp, header]
# bad_flag = -9.990e-29
*END*
[from data line 272]
      1.136      0.067     9.6136    112.621     34.892  33.674853     1.5374      8.339   222.8243 2.0729e+02     2.0504      1.115      1.617    23.3027   997.4904 0.0000e+00
      1.152      0.066     9.6731    113.299     34.739  33.521168     1.5095      8.340   222.9455 2.0685e+02     2.0438      1.131      1.641    23.2721   997.4978 0.0000e+00
      1.165      0.065     9.7289    113.912     34.685  33.456462     1.5016      8.340   223.0409 2.0068e+02     2.0154      1.142      1.656    23.2553   997.5019 0.0000e+00
      1.180      0.065     9.7820    114.486     34.642  33.400177     1.5201      8.340   223.1171 1.9290e+02     2.0347      1.156      1.677    23.2502   997.5032 0.0000e+00
      1.198      0.067     9.8373    115.079     34.607  33.348312     1.5599      8.339   223.0925 1.8273e+02     2.0478      1.177      1.707    23.2532   997.5025 0.0000e+00
      1.216      0.067     9.8991    115.729     34.618  33.337045     1.5843      8.339   222.8297 1.7151e+02     2.0428      1.193      1.730    23.2466   997.5041 0.0000e+00
      1.234      0.068     9.9627    116.397     34.633  33.327376     1.5810      8.340   222.5210 1.6184e+02     2.0389      1.208      1.752    23.2230   997.5098 0.0000e+00
      1.254      0.071    10.0261    117.070     34.622  33.294822     1.5809      8.341   222.5428 1.5465e+02     1.9680      1.231      1.785    23.2021   997.5149 0.0000e+00
      1.271      0.076    10.0926    117.783     34.607  33.260727     1.6260      8.339   222.7492 1.5123e+02     1.8411      1.248      1.811    23.1806   997.5201 0.0000e+00
      1.285      0.082    10.1578    118.478     34.598  33.232421     1.7095      8.335   222.6080 1.5173e+02     1.7825      1.258      1.825    23.1438   997.5289 0.0000e+00
      1.304      0.086    10.2161    119.090     34.593  33.206396     1.7585      8.333   222.2122 1.5521e+02     1.7841      1.275      1.850    23.1057   997.5381 0.0000e+00
      1.331      0.087    10.2632    119.580     34.605  33.199867     1.7671      8.333   222.0935 1.5954e+02     1.7627      1.303      1.890    23.0774   997.5450 0.0000e+00
      1.362      0.087    10.2953    119.913     34.637  33.216919     1.8488      8.334   222.2053 1.6231e+02     1.8188      1.337      1.939    23.0497   997.5516 0.0000e+00
      1.388      0.087    10.3134    120.089     34.653  33.222173     2.0103      8.336   222.2737 1.6266e+02     1.9707      1.367      1.982    23.0209   997.5586 0.0000e+00
      1.405      0.085    10.3164    120.079     34.643  33.199916     2.0974      8.337   222.4042 1.5999e+02     2.0262      1.379      1.999    22.9895   997.5661 0.0000e+00
      1.420      0.083    10.3040    119.857     34.603  33.138173     2.1044      8.336   222.5786 1.5541e+02     1.9979      1.389      2.014    22.9598   997.5731 0.0000e+00
      1.440      0.083    10.2810    119.472     34.545  33.046773     2.1562      8.336   222.6609 1.5073e+02     2.0553      1.412      2.048    22.9445   997.5768 0.0000e+00
      1.461      0.086    10.2566    119.028     34.530  32.983210     2.2467      8.336   222.7111 1.4820e+02     2.1958      1.435      2.081    22.9327   997.5798 0.0000e+00
      1.484      0.091    10.2392    118.649     34.543  32.940716     2.2962      8.336   222.7555 1.5082e+02     2.2873      1.452      2.107    22.9160   997.5838 0.0000e+00
      1.511      0.094    10.2332    118.412     34.568  32.913676     2.3131      8.336   222.9398 1.5802e+02     2.2768      1.481      2.148    22.8844   997.5914 0.0000e+00
      1.538      0.094    10.2448    118.401     34.610  32.910038     2.3729      8.337   223.2192 1.6775e+02     2.2322      1.512      2.192    22.8328   997.6036 0.0000e+00
      1.561      0.090    10.2825    118.719     34.634  32.896665     2.4821      8.339   223.3795 1.7773e+02     2.2400      1.530      2.218    22.7584   997.6212 0.0000e+00
      1.585      0.085    10.3450    119.352     34.643  32.878852     2.5496      8.341   223.5873 1.8536e+02     2.3057      1.553      2.253    22.6725   997.6414 0.0000e+00
      1.610      0.084    10.4245    120.199     34.605  32.821555     2.5650      8.341   223.8398 1.8998e+02     2.3376      1.583      2.296    22.5991   997.6586 0.0000e+00
      1.625      0.089    10.5177    121.181     34.519  32.711545     2.6079      8.340   223.9363 1.9241e+02     2.3635      1.596      2.314    22.5347   997.6737 0.0000e+00
      1.637      0.096    10.6132    122.139     34.474  32.627524     2.6862      8.340   223.8941 1.9398e+02     2.4553      1.602      2.323    22.4806   997.6863 0.0000e+00
      1.658      0.102    10.6933    122.887     34.464  32.567119     2.7319      8.342   223.8451 1.9361e+02     2.5298      1.620      2.349    22.4439   997.6949 0.0000e+00
      1.694      0.111    10.7613    123.500     34.365  32.425351     2.7357      8.346   224.0329 1.9123e+02     2.5436      1.657      2.403    22.4202   997.7004 0.0000e+00
      1.735      0.127    10.8398    124.229     34.092  32.119083     2.7321      8.348   224.3576 1.8869e+02     2.4903      1.707      2.476    22.3875   997.7082 0.0000e+00
      1.766      0.147    10.9437    125.162     33.745  31.719631     2.7313      8.350   224.3304 1.8650e+02     2.4754      1.736      2.517    22.3221   997.7234 0.0000e+00
      1.791      0.163    11.0653    126.135     33.530  31.402992     2.7349      8.353   223.7895 1.8498e+02     2.5601      1.750      2.537    22.2392   997.7426 0.0000e+00
      1.828      0.169    11.1863    126.984     33.546  31.272955     2.7314      8.356   223.2387 1.8245e+02     2.5970      1.785      2.589    22.1696   997.7586 0.0000e+00
      1.884      0.164    11.2973    127.768     33.702  31.289373     2.7237      8.360   223.0908 1.7643e+02     2.5939      1.843      2.674    22.1115   997.7720 0.0000e+00
      1.949      0.151    11.3954    128.576     33.853  31.347490     2.6941      8.364   223.1198 1.7018e+02     2.5227      1.916      2.779    22.0213   997.7928 0.0000e+00
      2.000      0.129    11.4738    129.334     33.951  31.404429     2.6422      8.368   223.1585 1.6857e+02     2.3591      1.973      2.863    21.8442   997.8330 0.0000e+00
      2.025      0.101    11.5231    129.883     34.025  31.470124     2.6171      8.369   223.2147 1.6953e+02     2.2873      1.992      2.889    21.5966   997.8885 0.0000e+00
      2.032      0.075    11.5432    130.164     34.049  31.507225     2.6161      8.370   223.3695 1.6997e+02     2.3099      1.993      2.890    21.3851   997.9354 0.0000e+00
      2.032      0.058    11.5493    130.294     33.925  31.408835     2.5946      8.371   223.7397 1.7061e+02     2.3041      1.992      2.889    21.2684   997.9612 0.0000e+00
      2.037      0.055    11.5617    130.382     33.680  31.168921     2.5571      8.372   224.4210 1.7193e+02     2.2504      1.995      2.894    21.2277   997.9702 0.0000e+00
      2.049      0.063    11.5828    130.359     33.523  30.954297     2.5438      8.373   225.4982 1.7033e+02     2.2176      2.006      2.909    21.2333   997.9690 0.0000e+00
      2.072      0.077    11.5926    130.059     33.521  30.844323     2.5556      8.373   226.6111 1.6488e+02     2.2348      2.030      2.943    21.2583   997.9636 0.0000e+00
      2.102      0.094    11.5749    129.456     33.579  30.790912     2.5693      8.370   227.4671 1.6012e+02     2.2296      2.063      2.992    21.3004   997.9545 0.0000e+00
      2.129      0.113    11.5351    128.696     33.628  30.752539     2.5793      8.365   228.3617 1.5722e+02     2.2198      2.090      3.033    21.3043   997.9537 0.0000e+00
      2.152      0.133    11.4930    127.924     33.587  30.634062     2.5902      8.360   229.4267 1.5407e+02     2.2476      2.108      3.057    21.1867   997.9795 0.0000e+00
      2.179      0.153    11.4617    127.163     33.493  30.437039     2.6062      8.358   230.3627 1.4922e+02     2.2379      2.131      3.090    20.9981   998.0206 0.0000e+00
      2.220      0.168    11.4360    126.363     33.465  30.273812     2.6329      8.358   231.2471 1.4280e+02     2.1025      2.173      3.151    20.8252   998.0581 0.0000e+00
      2.276      0.177    11.4080    125.533     33.519  30.183193     2.6536      8.359   232.8930 1.3562e+02     1.8893      2.229      3.233    20.7126   998.0825 0.0000e+00
      2.337      0.178    11.3831    124.811     33.635  30.166079     2.6571      8.360   235.2915 1.2939e+02     1.7573      2.294      3.327    20.6225   998.1020 0.0000e+00
      2.392      0.175    11.3754    124.361     33.777  30.193634     2.6748      8.360   237.1900 1.2546e+02     1.7188      2.353      3.413    20.4501   998.1388 0.0000e+00
      2.431      0.174    11.3929    124.208     33.887  30.198962     2.7893      8.357   238.2953 1.2316e+02     1.6205      2.389      3.465    20.2263   998.1859 0.0000e+00
      2.457      0.178    11.4293    124.191     33.978  30.166927     2.9841      8.355   239.1053 1.2137e+02     1.4543      2.409      3.495    20.0090   998.2310 0.0000e+00
      2.487      0.187    11.4681    124.073     34.095  30.123414     3.0886      8.355   239.9279 1.1837e+02     1.3475      2.432      3.529    19.8240   998.2691 0.0000e+00
      2.534      0.203    11.4859    123.653     34.133  29.989911     3.0902      8.355   241.1860 1.1290e+02     1.3116      2.476      3.592    19.6885   998.2971 0.0000e+00
      2.601      0.224    11.4655    122.832     33.910  29.631225     3.0902      8.354   242.6157 1.0620e+02     1.3154      2.549      3.699    19.5634   998.3227 0.0000e+00
      2.673      0.245    11.4048    121.556     33.553  29.149300     3.1325      8.354   243.5336 1.0071e+02     1.2954      2.627      3.812    19.4101   998.3539 0.0000e+00
      2.737      0.259    11.2975    119.692     33.298  28.731226     3.2024      8.356   244.1967 9.6758e+01     1.2011      2.685      3.894    19.1851   998.3989 0.0000e+00
      2.800      0.266    11.1344    117.209     32.987  28.256154     3.2334      8.357   245.0407 9.2459e+01     1.1249      2.741      3.976    18.9182   998.4515 0.0000e+00
      2.870      0.272    10.9352    114.407     32.587  27.719418     3.2206      8.358   245.6506 8.7608e+01     1.1279      2.816      4.084    18.6857   998.4968 0.0000e+00
      2.940      0.282    10.7445    111.717     32.494  27.443969     3.2124      8.360   245.9790 8.3652e+01     1.1399      2.887      4.187    18.4558   998.5408 0.0000e+00
      3.005      0.297    10.5995    109.457     32.619  27.336420     3.2214      8.362   246.4298 8.0250e+01     1.1060      2.944      4.269    18.1445   998.5996 0.0000e+00
      3.079      0.310    10.5142    107.775     32.553  27.053230     3.2253      8.365   246.9711 7.6297e+01     1.0784      3.013      4.368    17.8090   998.6617 0.0000e+00
      3.166      0.321    10.4892    106.696     32.392  26.684302     3.2153      8.367   247.5335 7.2075e+01     1.1006      3.105      4.503    17.5266   998.7131 0.0000e+00
      3.258      0.329    10.5211    106.161     32.381  26.428290     3.1965      8.369   247.9820 6.8452e+01     1.0801      3.198      4.639    17.2409   998.7643 0.0000e+00
      3.345      0.326    10.5858    105.922     32.543  26.304885     3.1799      8.372   248.1770 6.5418e+01     0.9615      3.280      4.758    16.9088   998.8228 0.0000e+00
      3.432      0.309    10.6298    105.546     32.792  26.270424     3.1709      8.375   248.3426 6.2516e+01     0.8791      3.364      4.878    16.5461   998.8850 0.0000e+00
      3.518      0.280    10.6011    104.651     33.007  26.265102     3.1649      8.377   248.6945 5.9906e+01     0.8705      3.453      5.008    16.1910   998.9446 0.0000e+00
      3.594      0.250    10.4862    103.106     33.129  26.240334     3.1766      8.378   249.1615 5.8024e+01     0.8571      3.532      5.123    15.8151   999.0059 0.0000e+00
      3.650      0.225    10.2974    100.880     33.252  26.224575     3.2086      8.379   249.7737 5.6820e+01     0.8484      3.586      5.200    15.4044   999.0710 0.0000e+00
      3.689      0.210    10.0303     97.814     33.565  26.328206     3.2306      8.379   250.5898 5.5857e+01     0.8634      3.618      5.248    15.0175   999.1305 0.0000e+00
      3.724      0.205     9.6867     93.919     34.151  26.604972     3.2353      8.378   251.3713 5.4735e+01     0.8748      3.648      5.290    14.7444   999.1715 0.0000e+00
      3.768      0.211     9.2951     89.523     34.810  26.906122     3.2485      8.376   252.2534 5.3260e+01     0.8884      3.690      5.352    14.5994   999.1930 0.0000e+00
      3.825      0.223     8.8640     84.787     35.280  27.050754     3.4419      8.374   253.4263 5.1448e+01     0.8962      3.747      5.435    14.4491   999.2151 0.0000e+00
      3.895      0.237     8.3817     79.687     35.576  27.084578     3.8046      8.373   254.4529 4.9360e+01     0.8716      3.816      5.536    14.2385   999.2455 0.0000e+00
      3.968      0.248     7.8403     74.171     35.754  27.061083     3.9930      8.372   255.2869 4.7380e+01     0.8858      3.895      5.650    13.9664   999.2841 0.0000e+00
      4.033      0.253     7.2184     67.966     35.819  26.956833     4.0033      8.371   256.1970 4.5773e+01     0.9368      3.960      5.744    13.6507   999.3279 0.0000e+00
      4.091      0.248     6.4904     60.805     35.879  26.839046     4.0332      8.370   257.1979 4.4183e+01     0.9958      4.009      5.815    13.3214   999.3719 0.0000e+00
      4.151      0.236     5.6835     52.989     36.005  26.778733     4.0860      8.370   258.0972 4.2417e+01     1.0743      4.067      5.899    13.0369   999.4089 0.0000e+00
      4.218      0.221     4.8711     45.231     36.202  26.798425     4.1210      8.370   258.4657 4.0656e+01     1.0999      4.138      6.002    12.8434   999.4337 0.0000e+00
      4.282      0.203     4.1147     38.100     36.437  26.886668     4.1185      8.368   258.3832 3.9174e+01     1.0765      4.204      6.097    12.6368   999.4594 0.0000e+00
      4.332      0.183     3.4710     32.086     36.602  26.957354     3.9699      8.367   258.5636 3.8063e+01     1.1189      4.252      6.167    12.3921   999.4891 0.0000e+00
      4.371      0.156     2.9820     27.528     36.658  26.955149     3.6939      8.366   259.1836 3.7099e+01     1.2515      4.288      6.219    12.1724   999.5152 0.0000e+00
      4.406      0.127     2.6537     24.465     36.669  26.923400     3.5467      8.364   259.7701 3.6197e+01     1.3367      4.322      6.269    11.9882   999.5366 0.0000e+00
      4.436      0.107     2.4880     22.920     36.568  26.827213     3.5338      8.361   260.2355 3.5495e+01     1.3292      4.353      6.314    11.8684   999.5504 0.0000e+00
      4.458      0.099     2.4712     22.750     36.308  26.616911     3.4686      8.358   260.5943 3.5121e+01     1.3580      4.376      6.348    11.8245   999.5555 0.0000e+00
      4.469      0.102     2.5478     23.425     36.081  26.410829     3.3558      8.356   260.8396 3.4889e+01     1.4551      4.383      6.358    11.7661   999.5620 0.0000e+00
      4.483      0.111     2.6644     24.453     36.010  26.302199     3.3054      8.354   261.2218 3.4244e+01     1.5203      4.389      6.365    11.6925   999.5702 0.0000e+00
      4.513      0.123     2.7986     25.640     36.020  26.255046     3.2934      8.352   261.6880 3.3051e+01     1.5238      4.420      6.410    11.6775   999.5720 0.0000e+00
      4.558      0.137     2.9426     26.924     36.030  26.221299     3.2198      8.349   262.1748 3.1767e+01     1.6279      4.471      6.484    11.6650   999.5734 0.0000e+00
      4.603      0.152     3.0991     28.327     35.974  26.147894     3.1006      8.347   262.6340 3.0654e+01     1.8610      4.518      6.552    11.6073   999.5799 0.0000e+00
