Data/DataNotYetUploadedToEDI/Raw_CTD/RawDownloads/062419_fcr50.cnv
* Sea-Bird SBE19plus  Data File:
* FileName = C:\DATA\062419_CTD_FCR_50_0002.hex
* Software version 2.8.0.119 SB_Terminal.dll
* Temperature SN = 7809
* Conductivity SN = 7809
* System UpLoad Time = Jun 24 2019 09:59:16
* <ApplicationData>
* <Seaterm232>
# nquan = 16
# nvalues = 726                         
# units = specified
# name 0 = depFM: Depth [fresh water, m]
# name 1 = dz/dtM: Descent Rate [m/s]
# name 2 = sbeox0Mg/L: Oxygen, SBE 43 [mg/l]
# name 3 = sbeox0PS: Oxygen, SBE 43 [% saturation]
# name 4 = specc: Specific Conductance [uS/cm]
# name 5 = c0uS/cm: Conductivity [uS/cm]
# name 6 = flECO-AFL: Fluorescence, WET Labs ECO-AFL/FL [mg/m^3]
# name 7 = ph: pH
# name 8 = orp: Oxidation Reduction Potential [mV]
# name 9 = par/sat/log: PAR/Logarithmic, Satlantic
# name 10 = turbWETntu0: Turbidity, WET Labs ECO [NTU]
# name 11 = prdM: Pressure, Strain Gauge [db]
# name 12 = prdE: Pressure, Strain Gauge [psi]
# name 13 = tv290C: Temperature [ITS-90, deg C]
# name 14 = density00: Density [density, kg/m^3]
# name 15 = flag:  0.000e+00
# span 0 =     -0.612,      9.617       
# span 1 =     -0.220,      0.284       
# span 2 =    -0.4828,    11.2829       
# span 3 =     -4.278,    128.040       
# span 4 =      1.396,    141.564       
# span 5 =   1.371147,  99.248650       
# span 6 =    -2.2064,     4.1327       
# span 7 =      7.460,      9.256       
# span 8 = -1240.7455,   313.0036       
# span 9 = 1.2350e-01, 1.7977e+03       
# span 10 =    -1.1999,    50.1790      
# span 11 =     -0.601,      9.431      
# span 12 =     -0.871,     13.679      
# span 13 =     9.9632,    24.1013      
# span 14 =   997.2792,   999.7977      
# span 15 = 0.0000e+00, 0.0000e+00      
# interval = seconds: 0.25
# start_time = Jun 24 2019 09:48:11 [Instrument's time stamp, header]
# bad_flag = -9.990e-29
*END*
[from data line 633]
      7.792      0.072     5.5099     49.103     37.625  26.526206     0.5145      8.112   304.2625 7.7927e-01     3.2148      7.641     11.083    10.2559   999.7309 0.0000e+00
      7.809      0.080     5.4905     48.925     37.577  26.488626     0.5282      8.110   304.6204 7.6555e-01     3.1514      7.655     11.103    10.2533   999.7311 0.0000e+00
      7.830      0.087     5.4719     48.753     37.590  26.493291     0.5459      8.110   305.1923 7.5991e-01     3.1404      7.677     11.135    10.2539   999.7312 0.0000e+00
      7.857      0.095     5.4559     48.604     37.722  26.582603     0.5544      8.109   305.4118 7.5431e-01     3.1140      7.705     11.175    10.2530   999.7314 0.0000e+00
      7.884      0.101     5.4411     48.468     37.956  26.743725     0.5362      8.108   305.1231 7.2773e-01     3.1927      7.732     11.215    10.2481   999.7320 0.0000e+00
      7.910      0.105     5.4283     48.349     38.209  26.918742     0.5068      8.106   304.7997 6.9600e-01     3.4035      7.757     11.250    10.2433   999.7325 0.0000e+00
      7.937      0.107     5.4177     48.249     38.399  27.049158     0.4940      8.104   304.6848 6.7167e-01     3.5330      7.781     11.286    10.2379   999.7331 0.0000e+00
      7.966      0.109     5.4115     48.188     38.498  27.115123     0.4944      8.103   304.7657 6.5373e-01     3.5775      7.813     11.332    10.2319   999.7338 0.0000e+00
      7.994      0.113     5.4115     48.183     38.546  27.145303     0.4934      8.101   305.0034 6.4531e-01     3.6479      7.843     11.375    10.2283   999.7343 0.0000e+00
      8.019      0.118     5.4179     48.235     38.572  27.160275     0.4915      8.099   305.3225 6.2940e-01     3.7283      7.862     11.404    10.2243   999.7349 0.0000e+00
      8.046      0.122     5.4242     48.285     38.590  27.169258     0.4972      8.097   305.9562 6.0628e-01     3.7630      7.887     11.439    10.2185   999.7357 0.0000e+00
      8.080      0.125     5.4215     48.255     38.625  27.190466     0.5015      8.095   306.6428 5.8812e-01     3.7715      7.924     11.492    10.2134   999.7363 0.0000e+00
      8.117      0.125     5.4095     48.144     38.682  27.226355     0.4828      8.094   306.6543 5.6943e-01     3.7669      7.961     11.547    10.2094   999.7369 0.0000e+00
      8.153      0.125     5.3888     47.955     38.772  27.285960     0.4528      8.093   306.4408 5.4824e-01     3.7396      7.996     11.597    10.2055   999.7374 0.0000e+00
      8.185      0.123     5.3565     47.662     38.854  27.340132     0.4339      8.091   306.2978 5.3134e-01     3.7367      8.029     11.644    10.2004   999.7380 0.0000e+00
      8.215      0.119     5.3125     47.265     38.906  27.373771     0.4283      8.090   306.0433 5.2091e-01     3.7644      8.057     11.686    10.1952   999.7387 0.0000e+00
      8.241      0.117     5.2612     46.805     39.003  27.438894     0.4372      8.088   306.1170 5.0683e-01     3.7802      8.082     11.722    10.1911   999.7391 0.0000e+00
      8.268      0.115     5.2068     46.317     39.174  27.556508     0.4455      8.086   307.1031 4.8804e-01     3.8290      8.107     11.759    10.1863   999.7398 0.0000e+00
      8.298      0.111     5.1545     45.848     39.316  27.653788     0.4423      8.084   308.3298 4.7543e-01     3.9289      8.136     11.801    10.1810   999.7404 0.0000e+00
      8.330      0.105     5.1078     45.430     39.334  27.663392     0.4332      8.082   308.5596 4.5912e-01     4.0047      8.169     11.848    10.1767   999.7410 0.0000e+00
      8.361      0.096     5.0637     45.035     39.349  27.672624     0.4307      8.081   308.4188 4.3552e-01     4.0574      8.201     11.893    10.1730   999.7415 0.0000e+00
      8.387      0.088     5.0223     44.665     39.483  27.765412     0.4379      8.079   308.5200 4.2024e-01     4.0411      8.228     11.932    10.1694   999.7420 0.0000e+00
      8.405      0.083     4.9843     44.326     39.672  27.897023     0.4422      8.078   308.3205 4.1984e-01     3.9711      8.247     11.960    10.1660   999.7425 0.0000e+00
      8.417      0.082     4.9473     43.994     39.904  28.058410     0.4477      8.077   307.8996 4.1631e-01     3.9647      8.253     11.971    10.1627   999.7428 0.0000e+00
      8.430      0.086     4.9085     43.646     40.280  28.320871     0.4527      8.075   308.4207 3.9615e-01     3.9972      8.262     11.984    10.1603   999.7430 0.0000e+00
      8.451      0.094     4.8657     43.261     40.766  28.659349     0.4426      8.072   309.7172 3.7622e-01     4.0687      8.285     12.016    10.1591   999.7433 0.0000e+00
      8.480      0.106     4.8223     42.871     41.135  28.914987     0.4288      8.069   310.2394 3.6591e-01     4.1741      8.316     12.061    10.1578   999.7436 0.0000e+00
      8.513      0.117     4.7811     42.499     41.353  29.064106     0.4252      8.067   310.1744 3.5854e-01     4.2230      8.349     12.110    10.1557   999.7439 0.0000e+00
      8.547      0.125     4.7406     42.133     41.634  29.256758     0.4333      8.064   310.0500 3.5311e-01     4.2342      8.382     12.157    10.1530   999.7445 0.0000e+00
      8.580      0.128     4.6979     41.747     42.576  29.911823     0.4573      8.061   309.7676 3.4321e-01     4.2766      8.414     12.203    10.1489   999.7453 0.0000e+00
      8.614      0.129     4.6471     41.288     44.343  31.146590     0.4908      8.059   309.9438 3.1652e-01     4.3742      8.448     12.253    10.1443   999.7460 0.0000e+00
      8.647      0.128     4.5807     40.692     45.843  32.192926     0.5093      8.057   310.6323 3.0117e-01     4.4321      8.480     12.300    10.1396   999.7466 0.0000e+00
      8.678      0.126     4.5007     39.974     46.704  32.790401     0.4980      8.053   310.9499 3.0751e-01     4.4196      8.510     12.341    10.1335   999.7474 0.0000e+00
      8.710      0.124     4.4122     39.181     48.154  33.801341     0.4583      8.047   310.9452 2.9204e-01     4.6481      8.542     12.389    10.1254   999.7485 0.0000e+00
      8.743      0.122     4.3062     38.233     50.900  35.721166     0.4104      8.042   311.0916 2.6639e-01     5.0979      8.575     12.437    10.1174   999.7501 0.0000e+00
      8.773      0.119     4.1729     37.042     54.040  37.913733     0.3869      8.037   311.1712 2.5171e-01     5.3364      8.604     12.479    10.1097   999.7515 0.0000e+00
      8.803      0.116     4.0024     35.517     56.401  39.555008     0.3824      8.030   311.1337 2.3679e-01     5.4008      8.632     12.520    10.1016   999.7525 0.0000e+00
      8.833      0.114     3.7879     33.602     57.441  40.266782     0.3909      8.022   311.4112 2.2823e-01     5.6146      8.662     12.563    10.0946   999.7536 0.0000e+00
      8.862      0.113     3.5343     31.342     57.691  40.425217     0.4110      8.012   312.0321 2.2590e-01     5.9218      8.691     12.606    10.0887   999.7554 0.0000e+00
      8.889      0.113     3.2401     28.724     58.299  40.835742     0.4268      8.002   312.4463 2.2388e-01     6.0353      8.717     12.643    10.0798   999.7576 0.0000e+00
      8.916      0.113     2.8927     25.637     59.428  41.611550     0.4342      7.992   312.5475 2.2023e-01     6.0038      8.741     12.678    10.0639   999.7600 0.0000e+00
      8.946      0.114     2.4777     21.953     60.813  42.567581     0.4310      7.984   312.6530 2.1737e-01     6.0644      8.772     12.722    10.0467   999.7620 0.0000e+00
      8.976      0.114     2.0052     17.763     62.352  43.633014     0.4325      7.977   312.8615 2.0937e-01     6.7689      8.803     12.768    10.0332   999.7631 0.0000e+00
      9.005      0.113     1.5150     13.418     63.914  44.715254     0.4434      7.971   313.0036 1.9936e-01     8.0322      8.831     12.809    10.0200   999.7647 0.0000e+00
      9.035      0.110     1.0397      9.207     65.583  45.873992     0.4415      7.964   312.8228 1.9516e-01     8.7216      8.860     12.851    10.0072   999.7665 0.0000e+00
      9.064      0.105     0.6034      5.343     67.892  47.482781     0.4439      7.956   312.2242 1.8133e-01     8.8775      8.889     12.894     9.9962   999.7680 0.0000e+00
      9.091      0.103     0.2239      1.982     72.502  50.703333     0.5853      7.947   311.0997 1.6738e-01    10.1138      8.916     12.932     9.9863   999.7696 0.0000e+00
      9.114      0.103    -0.0851     -0.753     79.583  55.658223     0.8507      7.937   308.8641 1.6228e-01    12.3965      8.939     12.963     9.9779   999.7709 0.0000e+00
      9.136      0.104    -0.3019     -2.673     85.776  59.999416     0.9993      7.926   304.5526 1.5592e-01    13.6670      8.958     12.992     9.9713   999.7722 0.0000e+00
      9.159      0.108    -0.4255     -3.769     90.732  63.481061     1.0303      7.913   297.9452 1.5336e-01    14.0389      8.980     13.025     9.9664   999.7733 0.0000e+00
      9.189      0.113    -0.4797     -4.250     98.907  69.218288     1.1729      7.896   289.4598 1.4732e-01    16.7943      9.009     13.068     9.9632   999.7751 0.0000e+00
      9.223      0.118    -0.4828     -4.278    109.879  76.917784     1.4230      7.879   279.9940 1.3617e-01    21.7809      9.045     13.118     9.9639   999.7785 0.0000e+00
      9.255      0.123    -0.4493     -3.982    117.435  82.238290     1.5576      7.861   271.4272 1.3028e-01    24.4852      9.077     13.165     9.9704   999.7804 0.0000e+00
      9.286      0.123    -0.3950     -3.503    119.725  83.874025     1.5686      7.842   262.3679 1.2699e-01    24.8142      9.106     13.205     9.9806   999.7804 0.0000e+00
      9.318      0.118    -0.3294     -2.921    119.753  83.908614     1.5135      7.824   250.7338 1.2463e-01    25.5615      9.138     13.253     9.9889   999.7826 0.0000e+00
      9.351      0.111    -0.2605     -2.311    119.249  83.547244     1.4020      7.808   239.5135 1.2478e-01    26.8676      9.172     13.304     9.9957   999.7875 0.0000e+00
      9.380      0.103    -0.1997     -1.771    118.689  83.131251     1.3398      7.790   230.8980 1.2553e-01    27.5958      9.201     13.345    10.0108   999.7893 0.0000e+00
      9.405      0.095    -0.1485     -1.317    118.290  82.823446     1.3331      7.772   223.9136 1.2464e-01    27.6148      9.225     13.380    10.0289   999.7878 0.0000e+00
      9.425      0.085    -0.1005     -0.891    118.043  82.624900     1.3123      7.756   216.4112 1.2370e-01    26.9335      9.244     13.407    10.0354   999.7873 0.0000e+00
      9.444      0.077    -0.0565     -0.500    117.905  82.512004     1.2795      7.741   206.6107 1.2364e-01    25.6833      9.260     13.430    10.0303   999.7877 0.0000e+00
      9.463      0.072    -0.0183     -0.162    117.959  82.539938     1.2660      7.725   195.9301 1.2362e-01    25.0183      9.279     13.459    10.0190   999.7884 0.0000e+00
      9.482      0.072     0.0157      0.139    120.853  84.553116     1.2704      7.709   187.5091 1.2358e-01    25.0210      9.299     13.488    10.0055   999.7897 0.0000e+00
      9.497      0.072     0.0445      0.394    126.911  88.781441     1.2799      7.693   181.5391 1.2359e-01    25.4870      9.314     13.509     9.9942   999.7906 0.0000e+00
      9.512      0.071     0.0689      0.610    130.925  91.602588     1.2863      7.678   176.4032 1.2353e-01    26.3263      9.326     13.525     9.9866   999.7915 0.0000e+00
      9.532      0.067     0.0899      0.796    131.807  92.254385     1.2873      7.664   171.5287 1.2350e-01    26.8128      9.345     13.555     9.9849   999.7912 0.0000e+00
      9.556      0.061     0.1064      0.943    131.963  92.397867     1.2828      7.651   166.4826 1.2361e-01    26.8467      9.374     13.596     9.9807   999.7922 0.0000e+00
      9.575      0.053     0.1204      1.068    131.814  92.319037     1.2751      7.640   162.1959 1.2367e-01    26.7355      9.393     13.623     9.9707   999.7969 0.0000e+00
      9.585      0.043     0.1313      1.164    132.243  92.637951     1.2722      7.629   158.7606 1.2364e-01    26.2549      9.401     13.635     9.9767   999.7977 0.0000e+00
      9.591      0.032     0.1377      1.222    134.926  94.535191     1.2747      7.618   154.9744 1.2359e-01    25.4603      9.407     13.644     9.9951   999.7958 0.0000e+00
      9.596      0.022     0.1442      1.279    139.297  97.625099     1.2791      7.607   151.1765 1.2359e-01    25.0587      9.411     13.650    10.0078   999.7950 0.0000e+00
      9.599      0.016     0.1520      1.349    141.564  99.248650     1.2819      7.598   147.6867 1.2364e-01    25.0696      9.414     13.653    10.0167   999.7940 0.0000e+00
      9.602      0.012     0.1582      1.404    139.920  98.121691     1.2822      7.589   144.0987 1.2370e-01    25.0677      9.416     13.657    10.0239   999.7933 0.0000e+00
      9.605      0.010     0.1622      1.439    136.845  95.968920     1.2828      7.581   141.1777 1.2368e-01    25.0365      9.418     13.660    10.0283   999.7938 0.0000e+00
      9.608      0.009     0.1650      1.464    134.206  94.102206     1.2808      7.572   139.0411 1.2360e-01    25.0195      9.422     13.666    10.0376   999.7953 0.0000e+00
      9.610      0.008     0.1684      1.495    131.745  92.357502     1.2753      7.564   136.4183 1.2358e-01    25.0264      9.425     13.670    10.0532   999.7952 0.0000e+00
      9.612      0.007     0.1714      1.521    129.794  90.978032     1.2680      7.555   134.7621 1.2363e-01    25.2839      9.426     13.671    10.0644   999.7929 0.0000e+00
      9.614      0.006     0.1717      1.524    128.624  90.153037     1.2621      7.548   134.6747 1.2365e-01    25.7734      9.428     13.673    10.0657   999.7915 0.0000e+00
      9.615      0.004     0.1711      1.518    126.528  88.683507     1.2650      7.541   133.8131 1.2365e-01    26.0624      9.429     13.676    10.0563   999.7916 0.0000e+00
      9.616      0.003     0.1719      1.525    122.966  86.192188     1.2681      7.535   132.5186 1.2365e-01    25.9269      9.430     13.677    10.0476   999.7914 0.0000e+00
      9.616      0.002     0.1727      1.532    120.120  84.211878     1.1871      7.529   132.2732 1.2360e-01    23.5773      9.430     13.677    10.0440   999.7908 0.0000e+00
      9.616      0.001     0.1706      1.514    118.727  83.256319     1.0224      7.523   132.1364 1.2355e-01    19.2496      9.430     13.677    10.0421   999.7909 0.0000e+00
      9.616      0.000     0.1680      1.491    117.568  82.464425     0.9234      7.518   131.0363 1.2353e-01    16.8931      9.430     13.677    10.0420   999.7903 0.0000e+00
      9.616      0.000     0.1678      1.490    115.906  81.317295     0.9007      7.512   129.7264 1.2359e-01    16.6499      9.430     13.678    10.0431   999.7883 0.0000e+00
      9.616      0.000     0.1682      1.493    114.018  80.010539     0.8778      7.506   129.1179 1.2365e-01    16.2430      9.430     13.677    10.0500   999.7867 0.0000e+00
      9.616      0.001     0.1701      1.511    112.291  78.814859     0.8553      7.501   128.0678 1.2366e-01    15.5129      9.430     13.677    10.0597   999.7855 0.0000e+00
      9.616      0.001     0.1735      1.541    110.468  77.546948     0.8530      7.497   126.4083 1.2366e-01    15.0981      9.430     13.678    10.0691   999.7844 0.0000e+00
      9.617      0.001     0.1760      1.563    108.623  76.256550     0.8595      7.492   125.7440 1.2363e-01    15.0623      9.431     13.678    10.0770   999.7831 0.0000e+00
      9.617      0.001     0.1785      1.586    107.531  75.487992     0.8635      7.487   125.8009 1.2363e-01    15.1778      9.431     13.679    10.0841   999.7816 0.0000e+00
      9.617      0.001     0.1801      1.600    107.287  75.313967     0.8674      7.485   125.8056 1.2367e-01    15.2822      9.431     13.678    10.0928   999.7804 0.0000e+00
      9.617 -9.990e-29 -9.990e-29 -9.990e-29 -9.990e-29 -9.990e-29 -9.990e-29 -9.990e-29 -9.990e-29 1.2367e-01 -9.990e-29      9.431     13.679    10.0980   999.7793 0.0000e+00
