Data/DataNotYetUploadedToEDI/Raw_CTD/RawDownloads/062419_fcr50.cnv
* Sea-Bird SBE19plus  Data File:
* FileName = C:\DATA\062419_CTD_FCR_50_0002.hex
* Software version 2.8.0.119 SB_Terminal.dll
* Temperature SN = 7809
* Conductivity SN = 7809
* System UpLoad Time = Jun 24 2019 09:59:16
* <ApplicationData>
* <Seaterm232>
# nquan = 16
# nvalues = 726                         
# units = specified
# name 0 = depFM: Depth [fresh water, m]
# name 1 = dz/dtM: Descent Rate [m/s]
# name 2 = sbeox0Mg/L: Oxygen, SBE 43 [mg/l]
# name 3 = sbeox0PS: Oxygen, SBE 43 [% saturation]
# name 4 = specc: Specific Conductance [uS/cm]
# name 5 = c0uS/cm: Conductivity [uS/cm]
# name 6 = flECO-AFL: Fluorescence, WET Labs ECO-AFL/FL [mg/m^3]
# name 7 = ph: pH
# name 8 = orp: Oxidation Reduction Potential [mV]
# name 9 = par/sat/log: PAR/Logarithmic, Satlantic
# name 10 = turbWETntu0: Turbidity, WET Labs ECO [NTU]
# name 11 = prdM: Pressure, Strain Gauge [db]
# name 12 = prdE: Pressure, Strain Gauge [psi]
# name 13 = tv290C: Temperature [ITS-90, deg C]
# name 14 = density00: Density [density, kg/m^3]
# name 15 = flag:  0.000e+00
# span 0 =     -0.612,      9.617       
# span 1 =     -0.220,      0.284       
# span 2 =    -0.4828,    11.2829       
# span 3 =     -4.278,    128.040       
# span 4 =      1.396,    141.564       
# span 5 =   1.371147,  99.248650       
# span 6 =    -2.2064,     4.1327       
# span 7 =      7.460,      9.256       
# span 8 = -1240.7455,   313.0036       
# span 9 = 1.2350e-01, 1.7977e+03       
# span 10 =    -1.1999,    50.1790      
# span 11 =     -0.601,      9.431      
# span 12 =     -0.871,     13.679      
# span 13 =     9.9632,    24.1013      
# span 14 =   997.2792,   999.7977      
# span 15 = 0.0000e+00, 0.0000e+00      
# interval = seconds: 0.25
# start_time = Jun 24 2019 09:48:11 [Instrument's time stamp, header]
# bad_flag = -9.990e-29
*END*
     -0.612 8.6275e-20     6.8389     81.334      2.521   2.474145    -0.1247      7.660 -1240.7455 1.1805e+02    -0.5019     -0.600     -0.871    24.0563   997.2902 0.0000e+00
     -0.612 7.8435e-21     6.8414     81.365      2.636   2.587560    -0.1117      7.652 -1240.7455 1.2068e+02    -0.5472     -0.601     -0.871    24.0564   997.2901 0.0000e+00
     -0.612 7.1305e-22     6.8445     81.404      2.030   1.992152    -0.1044      7.641 -1240.7455 1.2558e+02    -0.5725     -0.600     -0.870    24.0563   997.2902 0.0000e+00
     -0.612 6.4820e-23     6.8476     81.444      1.513   1.484861    -0.1138      7.631 -1240.7455 1.3454e+02    -0.5463     -0.600     -0.871    24.0569   997.2900 0.0000e+00
     -0.612 5.8930e-24     6.8507     81.483      1.423   1.396443    -0.1216      7.621 -1240.7455 1.3913e+02    -0.4921     -0.600     -0.871    24.0578   997.2898 0.0000e+00
     -0.612 5.3570e-25     6.8541     81.525      1.457   1.429978    -0.1206      7.604 -1240.7455 1.3494e+02    -0.4748     -0.600     -0.871    24.0590   997.2897 0.0000e+00
     -0.612 4.8701e-26     6.8565     81.555      1.410   1.383456    -0.1285      7.589 -1240.7455 1.2970e+02    -0.5007     -0.600     -0.871    24.0604   997.2891 0.0000e+00
     -0.612 4.4323e-27     6.8571     81.565      1.431   1.404222    -0.1821      7.573 -1240.7455 1.2839e+02    -0.4448     -0.601     -0.871    24.0616   997.2888 0.0000e+00
     -0.612 4.5741e-28     6.8576     81.573      1.583   1.554356    -0.2657      7.551 -1240.7455 1.3344e+02    -0.3236     -0.600     -0.870    24.0627   997.2886 0.0000e+00
     -0.612 6.4071e-28     6.8596     81.598      1.645   1.614685    -0.3066      7.533 -1240.7455 1.4676e+02    -0.2806     -0.600     -0.870    24.0640   997.2883 0.0000e+00
     -0.612 6.6486e-27     6.8611     81.618      1.657   1.626770    -0.3039      7.527 -1240.7455 1.8726e+02    -0.2853     -0.600     -0.870    24.0652   997.2880 0.0000e+00
     -0.612 7.3099e-26     6.8607     81.614      1.603   1.573738    -0.2324      7.535 -1240.7455 5.0170e+02    -0.3471     -0.600     -0.870    24.0664   997.2877 0.0000e+00
     -0.612 8.0408e-25     6.8606     81.614      1.508   1.480377    -0.0919      7.547 -1240.7455 8.6679e+02    -0.4703     -0.600     -0.870    24.0677   997.2874 0.0000e+00
     -0.612 8.8449e-24     6.8610     81.619      1.411   1.385016    -0.0104      7.553 -1240.7455 7.6766e+02    -0.5297     -0.600     -0.871    24.0688   997.2871 0.0000e+00
     -0.612 9.7294e-23     6.8627     81.640      1.396   1.371147    -0.0097      7.558 -1240.7455 5.0298e+02    -0.5416     -0.600     -0.870    24.0702   997.2868 0.0000e+00
     -0.612 1.0702e-21     6.8653     81.673      1.531   1.502771    -0.0145      7.558 -1240.7455 4.0259e+02    -0.7122     -0.600     -0.870    24.0711   997.2865 0.0000e+00
     -0.612 1.1773e-20     6.8670     81.696      1.677   1.645884    -0.0080      7.553 -1240.7455 6.2838e+02    -1.0200     -0.600     -0.870    24.0717   997.2863 0.0000e+00
     -0.612 1.2950e-19     6.8690     81.721      1.739   1.707558    -0.0087      7.553 -1240.7455 8.0809e+02    -1.1823     -0.600     -0.870    24.0727   997.2861 0.0000e+00
     -0.612 1.4245e-18     6.8720     81.758      1.709   1.678207    -0.0142      7.554 -1240.7455 4.7400e+02    -1.1999     -0.600     -0.870    24.0736   997.2859 0.0000e+00
     -0.612 1.5669e-17     6.8769     81.818      1.638   1.607809    -0.0320      7.546 -1240.7455 1.7700e+02    -1.0357     -0.600     -0.870    24.0747   997.2856 0.0000e+00
     -0.612 1.7236e-16     6.8811     81.870      1.711   1.680092    -0.0770      7.530 -1240.7455 1.4905e+02    -0.7047     -0.600     -0.870    24.0758   997.2854 0.0000e+00
     -0.612 1.8960e-15     6.8821     81.883      2.018   1.981905    -0.1154      7.515 -1240.7455 1.5155e+02    -0.5406     -0.600     -0.870    24.0765   997.2852 0.0000e+00
     -0.612 2.0856e-14     6.8832     81.898      2.321   2.278945    -0.1231      7.500 -1240.7455 1.9265e+02    -0.5261     -0.600     -0.870    24.0774   997.2849 0.0000e+00
     -0.612 2.2941e-13     6.8871     81.946      2.465   2.420231    -0.1187      7.488 -1240.7455 5.0217e+02    -0.4975     -0.600     -0.870    24.0786   997.2846 0.0000e+00
     -0.612 2.5236e-12     6.8937     82.026      2.726   2.676358    -0.1223      7.480 -1240.7455 7.6538e+02    -0.4891     -0.600     -0.870    24.0797   997.2844 0.0000e+00
     -0.612 2.7759e-11     6.9009     82.114      3.087   3.031223    -0.1233      7.476 -1240.7455 4.9143e+02    -0.5225     -0.600     -0.870    24.0807   997.2842 0.0000e+00
     -0.612 3.0535e-10     6.9073     82.191      3.092   3.035653    -0.1220      7.473 -1240.7455 2.9118e+02    -0.5407     -0.600     -0.870    24.0818   997.2839 0.0000e+00
     -0.612 3.3589e-09     6.9130     82.259      2.780   2.729939    -0.1246      7.472 -1240.7455 6.9010e+02    -0.5136     -0.600     -0.870    24.0829   997.2837 0.0000e+00
     -0.611 3.6947e-08     6.9170     82.308      2.485   2.439797    -0.1201      7.472 -1240.7455 1.2953e+03    -0.4891     -0.599     -0.869    24.0839   997.2835 0.0000e+00
     -0.611 4.0642e-07     6.9180     82.321      2.229   2.188908    -0.1189      7.471 -1240.7455 1.5607e+03    -0.5073     -0.599     -0.869    24.0849   997.2833 0.0000e+00
     -0.612      0.000     6.9175     82.316      2.014   1.977575    -0.1186      7.468 -1240.7455 1.2568e+03    -0.5692     -0.600     -0.870    24.0858   997.2831 0.0000e+00
     -0.612      0.000     6.9159     82.299      1.883   1.848855    -0.1078      7.466 -1240.7455 6.6440e+02    -0.5821     -0.600     -0.870    24.0863   997.2829 0.0000e+00
     -0.612      0.001     6.9113     82.244      1.806   1.773104    -0.1099      7.466 -1240.7455 6.0277e+02    -0.5323     -0.600     -0.870    24.0870   997.2826 0.0000e+00
     -0.611      0.001     6.9056     82.176      1.727   1.695294    -0.1270      7.470 -1240.7455 8.0487e+02    -0.5238     -0.599     -0.869    24.0878   997.2824 0.0000e+00
     -0.611      0.000     6.9016     82.131      1.635   1.605055    -0.1322      7.478 -1240.7455 4.7339e+02    -0.5458     -0.599     -0.869    24.0884   997.2823 0.0000e+00
     -0.611 1.8501e-08     6.8994     82.106      1.598   1.569098    -0.1297      7.485 -1240.7455 1.4045e+02    -0.5357     -0.598     -0.868    24.0891   997.2821 0.0000e+00
     -0.611 2.0352e-07     6.8980     82.091      1.607   1.577356    -0.1317      7.499 -1240.7455 9.9308e+01    -0.5327     -0.599     -0.868    24.0896   997.2819 0.0000e+00
     -0.611 2.0657e-07     6.8971     82.082      1.607   1.578173    -0.1301      7.520 -1240.7455 8.4225e+01    -0.5422     -0.599     -0.869    24.0901   997.2818 0.0000e+00
     -0.611 5.5421e-08     6.8975     82.087      1.608   1.578984    -0.1195      7.534 -1240.7455 7.8920e+01    -0.5196     -0.599     -0.869    24.0909   997.2816 0.0000e+00
     -0.611 4.0810e-07     6.8987     82.102      1.616   1.587161    -0.1151      7.540 -1240.7455 8.2152e+01    -0.5212     -0.599     -0.869    24.0915   997.2815 0.0000e+00
     -0.611      0.000     6.9002     82.120      1.708   1.677031    -0.1204      7.550 -1240.7455 8.7952e+01    -0.5618     -0.600     -0.870    24.0922   997.2813 0.0000e+00
     -0.611      0.000     6.9012     82.133      1.876   1.841894    -0.1239      7.565 -1240.7455 9.1865e+01    -0.5844     -0.599     -0.869    24.0931   997.2810 0.0000e+00
     -0.611      0.001     6.9016     82.139      1.969   1.933076    -0.1224      7.580 -1240.7455 9.6990e+01    -0.5653     -0.599     -0.869    24.0940   997.2808 0.0000e+00
     -0.611      0.001     6.9020     82.146      1.992   1.955784    -0.1189      7.590 -1240.7455 1.0657e+02    -0.5275     -0.599     -0.868    24.0945   997.2807 0.0000e+00
     -0.610      0.000     6.9037     82.167      2.026   1.989730    -0.1253      7.592 -1240.7455 1.4681e+02    -0.5201     -0.598     -0.868    24.0948   997.2806 0.0000e+00
     -0.610 4.0706e-08     6.9062     82.198      1.999   1.963343    -0.1302      7.582 -1240.7452 5.0408e+02    -0.5412     -0.598     -0.868    24.0952   997.2805 0.0000e+00
     -0.610 4.4776e-07     6.9076     82.216      1.925   1.890191    -0.1180      7.545 -1240.7423 1.1354e+03    -0.5534     -0.599     -0.868    24.0958   997.2804 0.0000e+00
     -0.610      0.000     6.9091     82.235      1.900   1.865615    -0.1160      7.494 -1240.7105 1.4479e+03    -0.5370     -0.598     -0.868    24.0964   997.2803 0.0000e+00
     -0.610      0.000     6.9101     82.247      1.955   1.919643    -0.1756      7.467 -1240.3609 1.4247e+03    -0.3430     -0.599     -0.868    24.0972   997.2801 0.0000e+00
     -0.610      0.000     6.9102     82.249      2.332   2.289985    -0.7173      7.460 -1236.5149 1.2743e+03     1.7917     -0.598     -0.868    24.0985   997.2798 0.0000e+00
     -0.610      0.004     6.9115     82.262      4.007   3.935564    -1.6891      7.465 -1194.2084 9.9690e+02     5.7089     -0.598     -0.868    24.0996   997.2795 0.0000e+00
     -0.610      0.014     6.9149     82.290      7.956   7.811336    -2.2064      7.604  -728.8374 9.5532e+02     7.8570     -0.598     -0.867    24.1002   997.2793 0.0000e+00
     -0.610      0.033     6.9201     82.316     14.374  14.103446    -2.1864      7.980    29.3459 1.0595e+03     8.0023     -0.599     -0.868    24.1011   997.2792 0.0000e+00
     -0.608      0.056     6.9270     82.346     23.219  22.767606    -1.4646      8.430   296.4126 1.0704e+03     7.4003     -0.598     -0.868    24.1006   997.2793 0.0000e+00
     -0.596      0.077     6.9366     82.415     31.189  30.567466    -0.1291      8.766   226.7416 1.2899e+03     6.2811     -0.594     -0.862    24.1013   997.2792 0.0000e+00
     -0.565      0.094     6.9388     82.407     34.381  33.682982     0.6008      8.980   221.4956 1.4745e+03     5.6450     -0.559     -0.811    24.0978   997.2812 0.0000e+00
     -0.523      0.106     6.9355     82.342     34.632  33.916855     0.6587      9.110   221.6272 1.2225e+03     5.4440     -0.508     -0.736    24.0701   997.2897 0.0000e+00
     -0.488      0.110     6.9400     82.374     34.627  33.902905     0.4935      9.184   222.2245 8.4236e+02     3.9505     -0.476     -0.689    24.0284   997.3030 0.0000e+00
     -0.462      0.107     6.9452     82.421     34.626  33.895083     0.1555      9.225   222.8674 9.1507e+02     1.1869     -0.452     -0.655    23.9979   997.3139 0.0000e+00
     -0.439      0.099     6.9453     82.415     34.619  33.885733    -0.0390      9.247   223.2917 1.2999e+03    -0.3435     -0.429     -0.623    23.9781   997.3193 0.0000e+00
     -0.418      0.092     6.9467     82.428     34.588  33.853318    -0.0547      9.256   223.3959 1.4904e+03    -0.3956     -0.409     -0.594    23.9614   997.3232 0.0000e+00
     -0.398      0.091     6.9518     82.485     34.556  33.820471    -0.0253      9.256   223.3532 1.5108e+03     0.7524     -0.391     -0.567    23.9465   997.3272 0.0000e+00
     -0.377      0.092     6.9588     82.564     34.544  33.805895     0.2731      9.249   223.2912 1.3992e+03    13.6363     -0.372     -0.539    23.9373   997.3294 0.0000e+00
     -0.351      0.095     6.9632     82.610     34.545  33.804003     0.8225      9.244   223.0771 1.2959e+03    37.3041     -0.344     -0.499    23.9341   997.3304 0.0000e+00
     -0.323      0.099     6.9639     82.613     34.541  33.797588     1.1207      9.244   222.7428 1.4207e+03    50.1384     -0.316     -0.458    23.9323   997.3309 0.0000e+00
     -0.298      0.100     6.9702     82.682     34.537  33.791798     1.1293      9.245   222.3470 1.5433e+03    50.1790     -0.293     -0.425    23.9298   997.3316 0.0000e+00
     -0.273      0.098     6.9846     82.847     34.545  33.797457     1.0482      9.245   221.9914 1.4895e+03    37.9259     -0.269     -0.390    23.9267   997.3325 0.0000e+00
     -0.247      0.093     7.0004     83.030     34.552  33.802535     0.9118      9.242   221.7123 1.4324e+03    15.3135     -0.242     -0.352    23.9233   997.3334 0.0000e+00
     -0.220      0.085     7.0156     83.208     34.540  33.789728     0.8418      9.238   221.4682 1.4922e+03     3.0022     -0.215     -0.311    23.9195   997.3344 0.0000e+00
     -0.197      0.078     7.0315     83.397     34.520  33.769535     0.8432      9.235   221.7927 1.5544e+03     1.9059     -0.191     -0.277    23.9159   997.3354 0.0000e+00
     -0.179      0.073     7.0491     83.605     34.499  33.748771     0.8854      9.233   222.6243 1.5545e+03     1.7952     -0.174     -0.254    23.9121   997.3364 0.0000e+00
     -0.167      0.072     7.0669     83.816     34.479  33.729060     0.9617      9.228   222.8332 1.5454e+03     1.7944     -0.163     -0.236    23.9091   997.3373 0.0000e+00
     -0.156      0.073     7.0831     84.008     34.471  33.721606     1.0109      9.223   222.4262 1.5390e+03     1.8314     -0.154     -0.224    23.9080   997.3376 0.0000e+00
     -0.140      0.077     7.0968     84.171     34.471  33.722114     1.0295      9.216   222.1771 1.5215e+03     1.8493     -0.141     -0.203    23.9078   997.3377 0.0000e+00
     -0.115      0.083     7.1090     84.314     34.486  33.735202     1.0740      9.211   222.0578 1.2920e+03     1.8473     -0.113     -0.164    23.9076   997.3379 0.0000e+00
     -0.087      0.088     7.1214     84.450     34.508  33.752915     1.1509      9.207   222.2741 1.0814e+03     1.8395     -0.083     -0.120    23.9071   997.3381 0.0000e+00
     -0.063      0.092     7.1324     84.558     34.511  33.745886     1.1957      9.203   223.0719 1.2868e+03     1.8533     -0.061     -0.088    23.9079   997.3380 0.0000e+00
     -0.041      0.093     7.1479     84.711     34.492  33.713671     1.1995      9.196   223.7022 1.3613e+03     1.8498     -0.040     -0.059    23.9081   997.3381 0.0000e+00
     -0.018      0.090     7.1980     85.273     34.473  33.680699     1.2234      9.186   223.9580 1.1866e+03     1.7983     -0.018     -0.026    23.9078   997.3382 0.0000e+00
      0.005      0.086     7.3109     86.581     34.469  33.664513     1.2844      9.178   223.9277 1.2407e+03     1.7539      0.005      0.007    23.9039   997.3393 0.0000e+00
      0.030      0.082     7.4701     88.441     34.459  33.644870     1.3313      9.172   223.5947 1.3061e+03     1.7398      0.029      0.041    23.8883   997.3432 0.0000e+00
      0.052      0.079     7.6330     90.346     34.456  33.633565     1.3397      9.164   223.6308 1.1814e+03     1.7595      0.054      0.077    23.8658   997.3489 0.0000e+00
      0.069      0.075     7.7707     91.956     34.486  33.654746     1.3336      9.154   224.1070 9.8513e+02     1.7954      0.070      0.100    23.8455   997.3540 0.0000e+00
      0.084      0.068     7.8784     93.215     34.485  33.647104     1.3611      9.142   224.4480 7.8997e+02     1.8122      0.081      0.116    23.8279   997.3583 0.0000e+00
      0.102      0.060     7.9613     94.183     34.447  33.604616     1.4201      9.132   224.4840 6.6073e+02     1.7984      0.099      0.144    23.8129   997.3620 0.0000e+00
      0.122      0.050     8.0093     94.743     34.431  33.585266     1.4500      9.125   224.4566 5.9920e+02     1.7928      0.122      0.178    23.7994   997.3654 0.0000e+00
      0.137      0.040     8.0063     94.698     34.453  33.603522     1.4540      9.121   224.5469 6.0818e+02     1.8106      0.137      0.198    23.7874   997.3684 0.0000e+00
      0.144      0.029     7.9518     94.045     34.489  33.634961     1.4590      9.118   224.3709 6.5345e+02     1.8164      0.142      0.206    23.7778   997.3708 0.0000e+00
      0.147      0.018     7.8639     92.995     34.506  33.648074     1.4587      9.115   223.8769 5.8042e+02     1.7972      0.144      0.209    23.7712   997.3725 0.0000e+00
      0.147      0.008     7.7667     91.837     34.496  33.635131     1.4500      9.111   223.7373 4.1302e+02     1.7749      0.145      0.210    23.7662   997.3736 0.0000e+00
