Data/DataNotYetUploadedToEDI/Raw_CTD/RawDownloads/062520_fcr50.cnv
* Sea-Bird SBE19plus  Data File:
* FileName = C:\DATA\250620_fcr50_0002.hex
* Software version 2.8.0.119 SB_Terminal.dll
* Temperature SN = 7809
* Conductivity SN = 7809
* System UpLoad Time = Jun 25 2020 19:47:16
* <ApplicationData>
* <Seaterm232>
# nquan = 16
# nvalues = 1951                        
# units = specified
# name 0 = depFM: Depth [fresh water, m]
# name 1 = dz/dtM: Descent Rate [m/s]
# name 2 = sbeox0ML/L: Oxygen, SBE 43 [ml/l]
# name 3 = sbeox0PS: Oxygen, SBE 43 [% saturation]
# name 4 = specc: Specific Conductance [uS/cm]
# name 5 = c0uS/cm: Conductivity [uS/cm]
# name 6 = flECO-AFL: Fluorescence, WET Labs ECO-AFL/FL [mg/m^3]
# name 7 = ph: pH
# name 8 = orp: Oxidation Reduction Potential [mV]
# name 9 = par/sat/log: PAR/Logarithmic, Satlantic
# name 10 = turbWETntu0: Turbidity, WET Labs ECO [NTU]
# name 11 = prdM: Pressure, Strain Gauge [db]
# name 12 = prdE: Pressure, Strain Gauge [psi]
# name 13 = tv290C: Temperature [ITS-90, deg C]
# name 14 = density00: Density [density, kg/m^3]
# name 15 = flag:  0.000e+00
# span 0 =     -0.661,      9.744       
# span 1 =     -0.001,      0.182       
# span 2 =     0.0313,     7.8113       
# span 3 =      0.406,    121.479       
# span 4 =      7.647,    253.711       
# span 5 =   7.537761, 174.085466       
# span 6 =    -0.9480,   265.8129       
# span 7 =      6.274,      8.799       
# span 8 = -1240.7455,   347.1953       
# span 9 = 1.2349e-01, 1.7077e+03       
# span 10 =    -7.6606,    69.7141      
# span 11 =     -0.649,      9.556      
# span 12 =     -0.941,     13.859      
# span 13 =     8.9461,    24.2837      
# span 14 =   997.2348,   999.9044      
# span 15 = 0.0000e+00, 0.0000e+00      
# interval = seconds: 0.25
# start_time = Jun 24 2020 20:31:50 [Instrument's time stamp, header]
# bad_flag = -9.990e-29
*END*
[from data line 272]
      0.539      0.013     6.0756    100.375     30.989  29.452988     0.9313      7.841   147.7304 3.5816e+02     2.3909      0.529      0.768    22.5372   997.6672 0.0000e+00
      0.542      0.012     6.0749    100.381     30.974  29.435155     0.9237      7.842   147.8810 3.5211e+02     2.4009      0.531      0.771    22.5324   997.6683 0.0000e+00
      0.543      0.011     6.0749    100.351     30.979  29.435627     0.9395      7.842   148.0641 3.5133e+02     2.3655      0.532      0.772    22.5267   997.6696 0.0000e+00
      0.546      0.011     6.0778    100.314     31.006  29.458685     0.9412      7.842   148.3095 3.6213e+02     2.3064      0.535      0.776    22.5214   997.6708 0.0000e+00
      0.549      0.011     6.0801    100.290     31.008  29.460197     0.9538      7.841   148.5250 3.6032e+02     2.3384      0.539      0.780    22.5159   997.6721 0.0000e+00
      0.553      0.012     6.0821    100.237     31.002  29.453904     0.9877      7.841   148.5190 3.4787e+02     2.4442      0.543      0.786    22.5099   997.6735 0.0000e+00
      0.556      0.014     6.0802    100.138     30.997  29.446039     1.0077      7.840   148.4945 3.4806e+02     2.4862      0.545      0.790    22.5035   997.6750 0.0000e+00
      0.559      0.014     6.0770    100.020     30.983  29.428530     1.0037      7.838   148.5737 3.6953e+02     2.4343      0.547      0.794    22.4979   997.6764 0.0000e+00
      0.562      0.014     6.0780     99.926     30.991  29.432511     0.9973      7.835   148.6165 3.8758e+02     2.4004      0.552      0.800    22.4982   997.6763 0.0000e+00
      0.566      0.014     6.0746     99.909     30.991  29.430732     1.0062      7.833   148.5819 3.7641e+02     2.4204      0.555      0.807    22.4990   997.6761 0.0000e+00
      0.570      0.015     6.0686     99.982     30.971  29.407022     1.0158      7.829   148.5850 3.6354e+02     2.4362      0.560      0.812    22.4925   997.6777 0.0000e+00
      0.574      0.017     6.0617    100.088     30.973  29.399573     1.0089      7.823   148.6541 3.7286e+02     2.4189      0.563      0.816    22.4851   997.6794 0.0000e+00
      0.577      0.018     6.0550    100.169     30.990  29.404094     0.9799      7.814   148.7290 3.8516e+02     2.3834      0.565      0.821    22.4799   997.6806 0.0000e+00
      0.582      0.019     6.0535    100.213     30.994  29.398229     0.9328      7.801   148.8016 4.0507e+02     2.3496      0.570      0.827    22.4789   997.6809 0.0000e+00
      0.588      0.019     6.0604    100.227     30.992  29.392088     0.9073      7.787   148.8437 4.3498e+02     2.3193      0.577      0.836    22.4738   997.6821 0.0000e+00
      0.594      0.019     6.0703    100.251     30.993  29.393273     0.9188      7.777   148.8937 4.4524e+02     2.3254      0.584      0.846    22.4572   997.6859 0.0000e+00
      0.600      0.020     6.0777    100.336     31.019  29.412556     0.9184      7.765   148.9765 4.3259e+02     2.3554      0.589      0.854    22.4337   997.6914 0.0000e+00
      0.604      0.020     6.0827    100.479     31.135  29.498353     0.8838      7.749   148.8980 4.1068e+02     2.3394      0.592      0.858    22.4158   997.6955 0.0000e+00
      0.607      0.020     6.0831    100.629     31.291  29.605913     0.8524      7.732   148.7194 3.9114e+02     2.3031      0.595      0.863    22.4114   997.6965 0.0000e+00
      0.612      0.020     6.0824    100.829     31.368  29.634554     0.8446      7.717   148.7954 3.8658e+02     2.2946      0.600      0.869    22.4159   997.6955 0.0000e+00
      0.618      0.020     6.0871    101.157     31.429  29.654281     0.8367      7.708   149.1296 3.9852e+02     2.3388      0.607      0.880    22.4180   997.6951 0.0000e+00
      0.625      0.020     6.1031    101.636     31.527  29.717507     0.8056      7.703   149.3180 4.3337e+02     2.3913      0.613      0.890    22.3781   997.7044 0.0000e+00
      0.630      0.020     6.1194    102.242     31.602  29.764594     0.7821      7.696   149.1803 4.4192e+02     2.3800      0.618      0.897    22.3032   997.7217 0.0000e+00
      0.634      0.019     6.1377    102.909     31.639  29.779504     0.7915      7.689   149.0998 3.8783e+02     2.3744      0.621      0.901    22.2281   997.7389 0.0000e+00
      0.638      0.017     6.1656    103.636     31.642  29.770877     0.8343      7.683   149.0325 3.4473e+02     2.3921      0.624      0.906    22.1648   997.7534 0.0000e+00
      0.643      0.017     6.1995    104.513     31.656  29.787146     0.8893      7.677   148.7105 3.4607e+02     2.3874      0.631      0.915    22.1222   997.7632 0.0000e+00
      0.647      0.019     6.2432    105.540     31.715  29.849337     0.9125      7.663   148.4769 3.4657e+02     2.3873      0.636      0.922    22.0882   997.7711 0.0000e+00
      0.650      0.023     6.2887    106.571     31.768  29.888460     0.9249      7.631   148.6169 3.3897e+02     2.3912      0.637      0.924    22.0524   997.7792 0.0000e+00
      0.652      0.026     6.3328    107.451     31.780  29.879530     0.9436      7.586   148.9410 3.5007e+02     2.3999      0.638      0.925    22.0253   997.7854 0.0000e+00
      0.660      0.027     6.3848    108.211     31.778  29.868206     0.9191      7.544   149.0399 3.7224e+02     2.3893      0.645      0.935    22.0364   997.7829 0.0000e+00
      0.674      0.026     6.4476    109.111     31.788  29.878407     0.8470      7.516   149.0377 3.7211e+02     2.3305      0.663      0.962    22.0706   997.7753 0.0000e+00
      0.685      0.023     6.5177    110.276     31.785  29.875988     0.7975      7.501   149.1722 3.5825e+02     2.3071      0.676      0.980    22.0449   997.7811 0.0000e+00
      0.690      0.019     6.5789    111.448     31.747  29.838962     0.7881      7.496   149.2903 3.8210e+02     2.3478      0.678      0.983    21.9917   997.7933 0.0000e+00
      0.691      0.014     6.6182    112.359     31.718  29.811358     0.8099      7.497   149.2609 4.3482e+02     2.3763      0.677      0.983    21.9849   997.7948 0.0000e+00
      0.691      0.010     6.6662    112.910     31.700  29.795985     0.8506      7.502   149.1608 4.5607e+02     2.3764      0.677      0.983    21.9943   997.7926 0.0000e+00
      0.692      0.009     6.7477    113.077     31.675  29.779961     0.8614      7.507   149.1120 5.4972e+02     2.3831      0.678      0.984    21.9938   997.7927 0.0000e+00
      0.694      0.013     6.8259    112.922     31.622  29.744503     0.8541      7.505   148.9295 6.6382e+02     2.3896      0.681      0.986    21.9894   997.7937 0.0000e+00
      0.697      0.018     6.8824    112.500     31.543  29.684488     0.8476      7.495   149.1915 5.8116e+02     2.3852      0.683      0.989    21.9876   997.7941 0.0000e+00
      0.702      0.022     6.9181    111.889     31.468  29.625281     0.8216      7.487   149.9565 4.7764e+02     2.3648      0.687      0.996    21.9883   997.7940 0.0000e+00
      0.710      0.025     6.9243    111.339     31.364  29.536158     0.7975      7.486   150.1783 4.9232e+02     2.3149      0.696      1.009    21.9975   997.7920 0.0000e+00
      0.719      0.028     6.9098    111.126     31.266  29.431612     0.7950      7.488   149.9798 4.9465e+02     2.2965      0.705      1.022    22.0255   997.7856 0.0000e+00
      0.726      0.030     6.8808    111.295     31.213  29.312771     0.8010      7.490   149.7070 4.4220e+02     2.2790      0.713      1.033    22.0529   997.7794 0.0000e+00
      0.733      0.031     6.8347    111.704     31.203  29.177597     0.8023      7.493   149.4618 4.0617e+02     2.1725      0.718      1.042    22.0676   997.7761 0.0000e+00
      0.741      0.031     6.7911    112.276     31.241  29.065791     0.7920      7.494   149.8542 4.2238e+02     2.0733      0.725      1.052    22.0850   997.7720 0.0000e+00
      0.749      0.032     6.7760    113.043     31.294  28.975710     0.7816      7.494   150.7507 4.5952e+02     2.0408      0.735      1.066    22.0988   997.7690 0.0000e+00
      0.757      0.032     6.8048    113.977     31.346  28.912904     0.7814      7.495   151.2673 4.8155e+02     2.0884      0.743      1.077    21.9937   997.7929 0.0000e+00
      0.766      0.032     6.8639    114.998     31.387  28.877179     0.7896      7.500   151.3685 4.4923e+02     2.2032      0.751      1.090    21.7536   997.8470 0.0000e+00
      0.774      0.031     6.9284    116.052     31.422  28.860852     0.7950      7.506   151.2008 3.9776e+02     2.2606      0.759      1.101    21.5113   997.9012 0.0000e+00
      0.783      0.029     7.0097    117.091     31.431  28.842297     0.7892      7.514   150.8736 3.8631e+02     2.2671      0.768      1.113    21.2728   997.9538 0.0000e+00
      0.790      0.028     7.0953    118.175     31.373  28.779663     0.7856      7.523   150.7683 4.0273e+02     2.2831      0.775      1.125    21.0900   997.9938 0.0000e+00
      0.797      0.026     7.1734    119.313     31.280  28.674465     0.8190      7.529   150.8743 4.1208e+02     2.3165      0.781      1.133    20.9849   998.0166 0.0000e+00
      0.802      0.025     7.2533    120.281     31.243  28.585302     0.8871      7.533   151.1230 4.1284e+02     2.3617      0.787      1.140    20.9084   998.0333 0.0000e+00
      0.808      0.024     7.3221    120.901     31.257  28.526177     0.9224      7.535   151.2797 4.3003e+02     2.3827      0.792      1.148    20.8621   998.0432 0.0000e+00
      0.814      0.023     7.3865    121.249     31.260  28.466963     0.9220      7.534   151.3927 4.3517e+02     2.3651      0.799      1.159    20.8668   998.0422 0.0000e+00
      0.821      0.023     7.4666    121.431     31.214  28.376752     0.9203      7.529   151.6284 4.1839e+02     2.3549      0.806      1.168    20.8608   998.0436 0.0000e+00
      0.826      0.024     7.5488    121.447     31.138  28.260027     0.9015      7.518   151.7205 4.2934e+02     2.3624      0.811      1.175    20.7506   998.0672 0.0000e+00
      0.831      0.024     7.6039    121.324     31.123  28.197397     0.8762      7.508   151.2155 4.6275e+02     2.3186      0.816      1.183    20.6162   998.0959 0.0000e+00
      0.837      0.024     7.6370    121.129     31.164  28.190336     0.8620      7.503   150.4267 4.6243e+02     2.2711      0.819      1.189    20.5165   998.1171 0.0000e+00
      0.844      0.024     7.6606    120.933     31.187  28.174591     0.8542      7.501   150.1849 4.2106e+02     2.3034      0.828      1.200    20.4508   998.1310 0.0000e+00
      0.851      0.024     7.6715    120.826     31.174  28.133847     0.8582      7.501   150.2714 4.6002e+02     2.3659      0.837      1.212    20.3778   998.1463 0.0000e+00
      0.857      0.025     7.6749    120.813     31.140  28.078266     0.8622      7.500   150.6123 5.3957e+02     2.4091      0.840      1.218    20.2906   998.1646 0.0000e+00
      0.862      0.025     7.6727    120.829     31.091  28.010002     0.8548      7.498   151.1227 5.1087e+02     2.4135      0.845      1.224    20.2203   998.1793 0.0000e+00
      0.868      0.025     7.6659    120.884     31.043  27.942772     0.8643      7.496   150.8497 4.5037e+02     2.3849      0.852      1.235    20.1615   998.1917 0.0000e+00
      0.875      0.025     7.6654    120.956     31.020  27.899690     0.9012      7.493   149.8928 4.2868e+02     2.3729      0.858      1.244    20.1181   998.2007 0.0000e+00
      0.882      0.026     7.6741    120.943     31.011  27.869677     0.9285      7.490   149.4483 4.2981e+02     2.3707      0.865      1.256    20.0783   998.2089 0.0000e+00
      0.889      0.026     7.6793    120.830     30.994  27.833592     0.9279      7.490   149.5180 4.4478e+02     2.3575      0.871      1.264    20.0403   998.2168 0.0000e+00
      0.895      0.025     7.6884    120.718     30.958  27.780525     0.9224      7.490   149.7895 4.5238e+02     2.3505      0.878      1.273    20.0010   998.2249 0.0000e+00
      0.902      0.024     7.7025    120.671     30.929  27.735474     0.9287      7.489   150.3215 4.3593e+02     2.3554      0.884      1.283    19.9660   998.2322 0.0000e+00
      0.908      0.023     7.7077    120.670     30.947  27.732893     0.9375      7.488   150.6160 4.0924e+02     2.3479      0.890      1.291    19.9311   998.2394 0.0000e+00
      0.913      0.023     7.7021    120.680     30.986  27.749288     0.9331      7.488   150.5975 3.9475e+02     2.3292      0.895      1.299    19.8950   998.2468 0.0000e+00
      0.919      0.022     7.6986    120.685     31.000  27.743384     0.9226      7.486   150.2699 3.9322e+02     2.3351      0.901      1.307    19.8633   998.2533 0.0000e+00
      0.925      0.021     7.7013    120.718     31.000  27.724923     0.9062      7.481   149.8388 4.2157e+02     2.3500      0.907      1.315    19.8322   998.2597 0.0000e+00
      0.930      0.021     7.7066    120.828     31.010  27.716345     0.8785      7.478   149.6864 4.4951e+02     2.3715      0.912      1.322    19.8015   998.2659 0.0000e+00
      0.935      0.020     7.7126    121.013     31.010  27.703078     0.8540      7.477   149.7189 4.3429e+02     2.3894      0.916      1.329    19.7716   998.2721 0.0000e+00
      0.940      0.019     7.7157    121.188     31.007  27.691360     0.8486      7.475   149.9728 4.2345e+02     2.3608      0.922      1.337    19.7451   998.2776 0.0000e+00
      0.945      0.017     7.7219    121.309     31.022  27.701515     0.8989      7.472   150.3472 4.4600e+02     2.3344      0.928      1.345    19.7131   998.2841 0.0000e+00
      0.950      0.016     7.7323    121.410     31.022  27.699000     0.9764      7.468   150.8041 4.5315e+02     2.3448      0.933      1.351    19.6836   998.2900 0.0000e+00
      0.954      0.016     7.7514    121.479     30.990  27.660942     1.0125      7.464   151.1946 4.1756e+02     2.3498      0.936      1.358    19.6603   998.2948 0.0000e+00
      0.956      0.017     7.7663    121.464     30.970  27.621939     1.0118      7.458   151.1980 3.8652e+02     2.3606      0.938      1.360    19.6440   998.2981 0.0000e+00
      0.958      0.019     7.7722    121.356     30.981  27.607986     0.9958      7.450   151.1892 4.2731e+02     2.4411      0.939      1.362    19.6409   998.2988 0.0000e+00
      0.963      0.021     7.7789    121.185     31.017  27.619071     0.9909      7.442   151.2605 4.7984e+02     2.5677      0.944      1.369    19.6454   998.2979 0.0000e+00
      0.970      0.023     7.7868    120.955     31.047  27.629075     1.0007      7.436   151.1137 4.6844e+02     2.6205      0.951      1.380    19.6337   998.3002 0.0000e+00
      0.978      0.025     7.7926    120.642     31.032  27.602050     1.0098      7.431   151.4792 4.4345e+02     2.5990      0.960      1.392    19.5916   998.3088 0.0000e+00
      0.986      0.026     7.7911    120.258     30.983  27.546025     1.0246      7.427   152.4957 4.2681e+02     2.5827      0.967      1.403    19.5482   998.3176 0.0000e+00
      0.992      0.029     7.7851    119.838     30.902  27.459119     1.0459      7.422   152.9939 4.2280e+02     2.5957      0.973      1.411    19.5151   998.3243 0.0000e+00
      0.997      0.032     7.7755    119.380     30.831  27.375877     1.0673      7.414   152.9421 4.2525e+02     2.6184      0.979      1.418    19.4899   998.3294 0.0000e+00
      1.003      0.033     7.7580    118.875     30.843  27.364128     1.0824      7.404   152.6432 4.1131e+02     2.6159      0.982      1.424    19.4695   998.3335 0.0000e+00
      1.013      0.033     7.7354    118.333     30.882  27.380463     1.0848      7.395   152.2192 3.8836e+02     2.6006      0.991      1.437    19.4488   998.3376 0.0000e+00
      1.028      0.032     7.7115    117.781     30.897  27.383070     1.0967      7.389   152.2038 3.8229e+02     2.6391      1.010      1.465    19.4295   998.3416 0.0000e+00
