Data/DataNotYetUploadedToEDI/Raw_CTD/RawDownloads/062518_fcr50.cnv
* Sea-Bird SBE19plus  Data File:
* FileName = C:\DATA\062518_fcr50_0001.hex
* Software version 2.6.3.104
* Temperature SN = 7809
* Conductivity SN = 7809
* System UpLoad Time = Jun 25 2018 08:52:00
* <ApplicationData>
* <Seaterm232>
# nquan = 17
# nvalues = 1070                        
# units = specified
# name 0 = depFM: Depth [fresh water, m]
# name 1 = tv290C: Temperature [ITS-90, deg C]
# name 2 = sbeox0Mg/L: Oxygen, SBE 43 [mg/l]
# name 3 = sbeox0PS: Oxygen, SBE 43 [% saturation]
# name 4 = c0uS/cm: Conductivity [uS/cm]
# name 5 = specc: Specific Conductance [uS/cm]
# name 6 = ph: pH
# name 7 = orp: Oxidation Reduction Potential [mV]
# name 8 = flECO-AFL: Fluorescence, WET Labs ECO-AFL/FL [mg/m^3]
# name 9 = turbWETntu0: Turbidity, WET Labs ECO [NTU]
# name 10 = sal00: Salinity, Practical [PSU]
# name 11 = dz/dtM: Descent Rate [m/s]
# name 12 = prdM: Pressure, Strain Gauge [db]
# name 13 = prdE: Pressure, Strain Gauge [psi]
# name 14 = scan: Scan Count
# name 15 = par/sat/log: PAR/Logarithmic, Satlantic
# name 16 = flag:  0.000e+00
# span 0 =     -0.537,      9.692       
# span 1 =    10.8486,    26.2224       
# span 2 =     4.1208,    12.0069       
# span 3 =     38.275,    144.182       
# span 4 =   0.738193,  35.251810       
# span 5 =      0.751,     44.576       
# span 6 =      5.009,      8.101       
# span 7 = -1240.7455,   354.7862       
# span 8 =    -0.2021,     8.6898       
# span 9 =    -0.3183,    29.1695       
# span 10 =     0.0114,     0.0237      
# span 11 =     -0.092,      0.261      
# span 12 =     -0.527,      9.504      
# span 13 =     -0.764,     13.785      
# span 14 =          1,       1070      
# span 15 = 1.2457e-01, 1.5435e+02      
# span 16 = 0.0000e+00, 0.0000e+00      
# interval = seconds: 0.25
# start_time = Jun 25 2018 14:39:56 [Instrument's time stamp, header]
# bad_flag = -9.990e-29
*END*
[from data line 171]
      0.039    25.5438     5.5583     68.260  33.829857     33.446      7.433   282.9332     2.8670     1.9645     0.0232      0.000      0.039      0.056        172 1.4076e+02 0.0000e+00
      0.039    25.5373     6.1788     76.098  33.818719     33.450      7.433   283.6524     2.8670     1.9376     0.0232      0.000      0.039      0.056        173 1.4102e+02 0.0000e+00
      0.039    25.5308     6.9730     86.026  33.824270     33.455      7.429   283.9174     2.8629     1.9376     0.0232      0.000      0.038      0.056        174 1.4110e+02 0.0000e+00
      0.039    25.5242     7.7588     95.814  33.822953     33.459      7.429   283.8796     2.8508     1.9645     0.0232      0.000      0.038      0.056        175 1.4132e+02 0.0000e+00
      0.039    25.5181     8.4846    104.830  33.790706     33.436      7.430   283.0846     2.7457     1.9107     0.0232      0.000      0.038      0.056        176 1.4094e+02 0.0000e+00
      0.039    25.5118     9.0160    111.423  33.834748     33.468      7.431   282.8196     2.7538     1.9779     0.0232      0.000      0.038      0.056        177 1.4096e+02 0.0000e+00
      0.039    25.5062     9.3966    116.145  33.708836     33.389      7.431   282.2896     2.7901     1.8839     0.0231      0.000      0.038      0.056        178 1.4118e+02 0.0000e+00
      0.039    25.5000     9.5886    118.531  33.799130     33.393      7.432   282.4031     2.8104     1.8705     0.0231      0.000      0.038      0.056        179 1.4140e+02 0.0000e+00
      0.039    25.4972     9.5942    118.614  33.722382     33.480      7.437   282.5167     2.7942     1.8436     0.0232     -0.000      0.038      0.056        180 1.4188e+02 0.0000e+00
      0.039    25.5903     9.4711    117.105  33.982280     33.484      7.434   282.2896     2.7861     1.9913     0.0232     -0.000      0.038      0.056        181 1.4207e+02 0.0000e+00
      0.039    25.7899     9.3094    115.116  35.017808     34.842      7.442   282.8196     2.7618     1.9510     0.0237     -0.000      0.038      0.056        182 1.4205e+02 0.0000e+00
      0.039    25.9519     9.1414    113.042  34.954435     34.421      7.441   282.8574     2.7942     2.0182     0.0236     -0.000      0.038      0.056        183 1.4237e+02 0.0000e+00
      0.039    26.0441     8.9886    111.150  34.683859     34.225      7.440   283.1603     2.8104     1.8436     0.0236     -0.000      0.038      0.056        184 1.4226e+02 0.0000e+00
      0.039    26.0989     8.8715    109.695  34.583384     33.873      7.443   283.0089     2.9559     1.7228     0.0234      0.000      0.038      0.056        185 1.4185e+02 0.0000e+00
      0.039    26.1263     8.7949    108.743  34.367650     33.701      7.441   282.9332     2.9559     1.6959     0.0234      0.000      0.039      0.056        186 1.4205e+02 0.0000e+00
      0.039    26.1407     8.7492    108.174  34.329512     33.556      7.443   283.1982     2.9964     1.6690     0.0234      0.000      0.039      0.056        187 1.4194e+02 0.0000e+00
      0.039    26.1488     8.7232    107.854  34.215637     33.483      7.444   283.7660     2.9964     1.7228     0.0233      0.000      0.039      0.056        188 1.4166e+02 0.0000e+00
      0.039    26.1555     8.7142    107.747  34.183137     33.392      7.445   283.0846     2.7942     1.7362     0.0233      0.000      0.039      0.056        189 1.4172e+02 0.0000e+00
      0.039    26.1613     8.7059    107.647  34.192017     33.441      7.444   283.8796     2.7740     1.6959     0.0233      0.000      0.039      0.056        190 1.4178e+02 0.0000e+00
      0.039    26.1677     8.7059    107.647  34.174926     33.382      7.444   283.9174     2.8023     1.6959     0.0233      0.000      0.039      0.056        191 1.4176e+02 0.0000e+00
      0.039    26.1725     8.6963    107.523  34.204402     33.433      7.444   283.5010     2.7821     1.7899     0.0233      0.000      0.039      0.056        192 1.4090e+02 0.0000e+00
      0.039    26.1743     8.6731    107.231  34.214644     33.429      7.447   283.5010     2.8548     1.6959     0.0233      0.000      0.039      0.056        193 1.4013e+02 0.0000e+00
      0.039    26.1731     8.6378    106.791  34.191833     33.398      7.448   284.1446     2.8346     1.6422     0.0233     -0.000      0.039      0.056        194 1.4117e+02 0.0000e+00
      0.040    26.1699     8.5964    106.284  34.203132     33.425      7.444   283.9932     2.8225     1.6422     0.0233      0.000      0.039      0.057        195 1.4158e+02 0.0000e+00
      0.040    26.1670     8.5581    105.819  34.111616     33.316      7.448   283.9553     2.8629     1.7228     0.0233      0.000      0.039      0.057        196 1.4157e+02 0.0000e+00
      0.039    26.1652     8.5208    105.361  34.098134     33.318      7.451   283.8417     2.7376     1.6690     0.0233      0.000      0.039      0.057        197 1.4200e+02 0.0000e+00
      0.040    26.1656     8.5018    105.131  34.101289     33.320      7.455   283.5010     2.7093     1.6690     0.0233      0.000      0.039      0.057        198 1.4165e+02 0.0000e+00
      0.039    26.1678     8.4939    105.044  34.048380     33.267      7.451   283.3874     2.7093     1.7630     0.0233      0.000      0.039      0.056        199 1.4101e+02 0.0000e+00
      0.039    26.1695     8.4960    105.080  34.075012     33.294      7.455   284.0310     2.7133     1.7630     0.0233     -0.000      0.039      0.056        200 1.4096e+02 0.0000e+00
      0.039    26.1694     8.5032    105.179  34.097801     33.320      7.456   283.9174     2.7133     1.6556     0.0233     -0.000      0.039      0.056        201 1.4086e+02 0.0000e+00
      0.040    26.1673     8.5160    105.340  34.049674     33.264      7.456   283.7282     2.6607     1.6556     0.0233     -0.000      0.039      0.057        202 1.4098e+02 0.0000e+00
      0.040    26.1641     8.5114    105.281  34.045938     33.264      7.459   283.9553     2.6405     1.7093     0.0233     -0.000      0.039      0.057        203 1.4110e+02 0.0000e+00
      0.039    26.1622     8.5022    105.160  34.043140     33.265      7.459   283.7282     2.6405     1.8302     0.0233     -0.000      0.039      0.056        204 1.4113e+02 0.0000e+00
      0.039    26.1648     8.4852    104.945  34.023502     33.240      7.458   283.9932     2.6446     1.7362     0.0232     -0.000      0.039      0.056        205 1.4097e+02 0.0000e+00
      0.039    26.1690     8.4583    104.614  34.040722     33.269      7.459   283.8417     2.7174     1.7228     0.0233     -0.000      0.039      0.056        206 1.3868e+02 0.0000e+00
      0.039    26.1708     8.4478    104.487  33.992056     33.212      7.461   283.6524     2.7214     1.7228     0.0232      0.000      0.039      0.056        207 1.3784e+02 0.0000e+00
      0.039    26.1736     8.4429    104.428  33.995101     33.210      7.461   283.8039     2.6850     1.6959     0.0232      0.000      0.039      0.056        208 1.3922e+02 0.0000e+00
      0.039    26.1790     8.4352    104.331  34.036930     33.263      7.461   283.9932     2.7295     1.6959     0.0233     -0.000      0.039      0.056        209 1.3971e+02 0.0000e+00
      0.039    26.1849     8.4397    104.387  33.999309     33.207      7.464   283.8039     2.7295     1.7228     0.0232     -0.000      0.039      0.056        210 1.4018e+02 0.0000e+00
      0.039    26.1894     8.4372    104.353  34.012264     33.230      7.465   282.8196     2.7214     1.6825     0.0232     -0.000      0.039      0.056        211 1.4026e+02 0.0000e+00
      0.039    26.1909     8.4495    104.500  34.050463     33.254      7.466   282.7817     2.7052     1.7496     0.0233      0.000      0.039      0.056        212 1.4006e+02 0.0000e+00
      0.039    26.1893     8.4617    104.645  34.040736     33.251      7.469   283.0089     2.7214     1.6690     0.0233     -0.000      0.039      0.056        213 1.4048e+02 0.0000e+00
      0.039    26.1861     8.4687    104.733  34.054022     33.250      7.471   282.9332     2.7821     1.7228     0.0233      0.000      0.039      0.056        214 1.4053e+02 0.0000e+00
      0.039    26.1841     8.4699    104.756  34.033927     33.251      7.474   283.0846     2.7821     1.7765     0.0233     -0.000      0.039      0.056        215 1.4029e+02 0.0000e+00
      0.040    26.1846     8.4669    104.725  34.065743     33.253      7.477   283.0846     2.7618     1.6959     0.0233      0.000      0.039      0.057        216 1.4025e+02 0.0000e+00
      0.040    26.1860     8.4565    104.598  34.103395     33.336      7.481   282.3653     2.7659     1.7093     0.0233      0.000      0.039      0.057        217 1.4018e+02 0.0000e+00
      0.040    26.1866     8.4484    104.497  34.016726     33.200      7.482   282.4410     2.8346     1.7899     0.0232      0.000      0.039      0.057        218 1.4047e+02 0.0000e+00
      0.039    26.1862     8.4550    104.577  34.084634     33.308      7.486   282.6682     2.8387     1.7362     0.0233      0.000      0.039      0.056        219 1.4114e+02 0.0000e+00
      0.039    26.1857     8.4515    104.530  34.167162     33.362      7.489   282.8196     2.8427     1.7228     0.0233      0.000      0.038      0.056        220 1.4062e+02 0.0000e+00
      0.039    26.1844     8.4554    104.575  34.151266     33.362      7.489   282.7817     2.8427     1.6556     0.0233     -0.000      0.038      0.056        221 1.4015e+02 0.0000e+00
      0.039    26.1817     8.4527    104.538  34.223038     33.417      7.492   283.1603     2.8225     1.6959     0.0233     -0.000      0.038      0.056        222 1.4061e+02 0.0000e+00
      0.039    26.1791     8.4566    104.586  34.285431     33.500      7.495   282.8953     2.9600     1.7630     0.0234     -0.000      0.038      0.056        223 1.3976e+02 0.0000e+00
      0.039    26.1798     8.4603    104.639  34.221898     33.420      7.497   282.6682     2.9883     1.7496     0.0233     -0.000      0.038      0.056        224 1.3991e+02 0.0000e+00
      0.039    26.1837     8.4726    104.800  34.153827     33.367      7.495   282.9332     2.9802     1.6959     0.0233     -0.000      0.039      0.056        225 1.3788e+02 0.0000e+00
      0.039    26.1869     8.4756    104.844  34.103244     33.312      7.499   283.0089     2.9640     1.6959     0.0233     -0.000      0.039      0.056        226 1.3696e+02 0.0000e+00
      0.040    26.1878     8.4618    104.678  33.988293     33.200      7.500   283.0089     2.9883     1.7362     0.0232      0.000      0.039      0.057        227 1.3953e+02 0.0000e+00
      0.040    26.1873     8.4654    104.723  34.059636     33.253      7.502   283.0846     2.9964     1.7630     0.0233      0.000      0.039      0.057        228 1.3905e+02 0.0000e+00
      0.039    26.1862     8.4602    104.653  34.103422     33.334      7.505   283.4253     2.9681     1.6288     0.0233      0.000      0.039      0.057        229 1.3907e+02 0.0000e+00
      0.040    26.1845     8.4496    104.514  33.963458     33.143      7.505   283.5010     2.9964     1.6690     0.0232      0.000      0.039      0.057        230 1.4053e+02 0.0000e+00
      0.039    26.1828     8.4353    104.336  33.966922     33.199      7.506   283.2739     2.9034     1.6825     0.0232      0.000      0.039      0.056        231 1.3984e+02 0.0000e+00
      0.039    26.1810     8.4222    104.174  34.010145     33.200      7.506   283.3496     2.8953     1.7630     0.0232      0.000      0.039      0.056        232 1.3948e+02 0.0000e+00
      0.040    26.1811     8.4165    104.107  34.028290     33.255      7.513   283.1603     2.9115     1.7630     0.0233      0.000      0.039      0.057        233 1.4008e+02 0.0000e+00
      0.040    26.1843     8.4202    104.155  34.062964     33.256      7.514   283.2360     2.8670     1.6825     0.0233      0.000      0.039      0.057        234 1.3895e+02 0.0000e+00
      0.039    26.1889     8.4326    104.310  34.055961     33.284      7.519   284.0689     2.9357     1.6959     0.0233     -0.000      0.039      0.056        235 1.3972e+02 0.0000e+00
      0.039    26.1927     8.4308    104.284  34.007350     33.200      7.521   283.8039     2.9357     1.7093     0.0232     -0.000      0.039      0.056        236 1.3994e+02 0.0000e+00
      0.040    26.1954     8.4212    104.160  33.975181     33.197      7.523   284.3717     2.9236     1.7899     0.0232     -0.000      0.039      0.057        237 1.4000e+02 0.0000e+00
      0.040    26.1956     8.4064    103.969  34.007026     33.194      7.523   283.9174     2.8993     1.6959     0.0232     -0.000      0.039      0.057        238 1.4082e+02 0.0000e+00
      0.039    26.1923     8.4009    103.894  34.027027     33.247      7.527   284.1446     2.8427     1.8705     0.0233     -0.000      0.039      0.056        239 1.4044e+02 0.0000e+00
      0.039    26.1888     8.4037    103.927  34.009599     33.192      7.527   284.2960     2.8508     2.0182     0.0232     -0.000      0.039      0.056        240 1.3979e+02 0.0000e+00
      0.040    26.1877     8.4143    104.055  34.058371     33.276      7.530   284.2203     2.8508     1.9376     0.0233     -0.000      0.039      0.057        241 1.3812e+02 0.0000e+00
      0.040    26.1884     8.4166    104.080  34.055299     33.251      7.530   284.2960     2.8548     1.9107     0.0233      0.000      0.039      0.057        242 1.3742e+02 0.0000e+00
      0.040    26.1897     8.4205    104.126  34.043078     33.252      7.530   284.4853     2.8306     1.9242     0.0233      0.000      0.039      0.057        243 1.3876e+02 0.0000e+00
      0.039    26.1910     8.4215    104.136  34.043925     33.252      7.533   284.4853     2.8387     1.8570     0.0233      0.000      0.039      0.057        244 1.3864e+02 0.0000e+00
      0.040    26.1916     8.4132    104.030  33.994936     33.196      7.531   284.2582     2.8225     1.9107     0.0232      0.000      0.039      0.057        245 1.3720e+02 0.0000e+00
      0.040    26.1898     8.4059    103.937  34.044733     33.250      7.533   284.0689     2.8710     1.9779     0.0233      0.000      0.039      0.057        246 1.3859e+02 0.0000e+00
      0.040    26.1867     8.4130    104.022  34.011608     33.222      7.533   283.5767     2.8468     1.8570     0.0232      0.000      0.039      0.057        247 1.3869e+02 0.0000e+00
      0.039    26.1833     8.4166    104.060  33.887885     33.087      7.537   283.5010     2.8306     1.9376     0.0232     -0.000      0.039      0.057        248 1.3837e+02 0.0000e+00
      0.040    26.1797     8.4198    104.087  33.931808     33.144      7.540   283.8796     2.8468     1.8973     0.0232     -0.000      0.039      0.057        249 1.4022e+02 0.0000e+00
      0.039    26.1781     8.4231    104.117  33.986602     33.200      7.541   283.8039     2.8346     1.9107     0.0232     -0.000      0.039      0.057        250 1.4042e+02 0.0000e+00
      0.040    26.1767     8.4370    104.276  33.938318     33.148      7.542   283.9553     2.8346     2.0047     0.0232     -0.000      0.039      0.057        251 1.3926e+02 0.0000e+00
      0.040    26.1747     8.4592    104.532  33.902933     33.122      7.543   283.1603     2.8589     1.9510     0.0232      0.000      0.039      0.057        252 1.3849e+02 0.0000e+00
      0.040    26.1735     8.4731    104.694  33.882362     33.095      7.547   283.5767     2.8751     2.0182     0.0232     -0.000      0.039      0.057        253 1.3965e+02 0.0000e+00
      0.040    26.1723     8.4754    104.724  33.874952     33.097      7.549   283.2739     2.8184     1.8570     0.0232      0.000      0.039      0.057        254 1.4030e+02 0.0000e+00
      0.040    26.1707     8.4793    104.783  33.882499     33.098      7.552   283.2739     2.8427     1.9779     0.0232      0.000      0.039      0.057        255 1.3964e+02 0.0000e+00
