Data/DataNotYetUploadedToEDI/Raw_CTD/RawDownloads/062518_fcr50.cnv
* Sea-Bird SBE19plus  Data File:
* FileName = C:\DATA\062518_fcr50_0001.hex
* Software version 2.6.3.104
* Temperature SN = 7809
* Conductivity SN = 7809
* System UpLoad Time = Jun 25 2018 08:52:00
* <ApplicationData>
* <Seaterm232>
# nquan = 17
# nvalues = 1070                        
# units = specified
# name 0 = depFM: Depth [fresh water, m]
# name 1 = tv290C: Temperature [ITS-90, deg C]
# name 2 = sbeox0Mg/L: Oxygen, SBE 43 [mg/l]
# name 3 = sbeox0PS: Oxygen, SBE 43 [% saturation]
# name 4 = c0uS/cm: Conductivity [uS/cm]
# name 5 = specc: Specific Conductance [uS/cm]
# name 6 = ph: pH
# name 7 = orp: Oxidation Reduction Potential [mV]
# name 8 = flECO-AFL: Fluorescence, WET Labs ECO-AFL/FL [mg/m^3]
# name 9 = turbWETntu0: Turbidity, WET Labs ECO [NTU]
# name 10 = sal00: Salinity, Practical [PSU]
# name 11 = dz/dtM: Descent Rate [m/s]
# name 12 = prdM: Pressure, Strain Gauge [db]
# name 13 = prdE: Pressure, Strain Gauge [psi]
# name 14 = scan: Scan Count
# name 15 = par/sat/log: PAR/Logarithmic, Satlantic
# name 16 = flag:  0.000e+00
# span 0 =     -0.537,      9.692       
# span 1 =    10.8486,    26.2224       
# span 2 =     4.1208,    12.0069       
# span 3 =     38.275,    144.182       
# span 4 =   0.738193,  35.251810       
# span 5 =      0.751,     44.576       
# span 6 =      5.009,      8.101       
# span 7 = -1240.7455,   354.7862       
# span 8 =    -0.2021,     8.6898       
# span 9 =    -0.3183,    29.1695       
# span 10 =     0.0114,     0.0237      
# span 11 =     -0.092,      0.261      
# span 12 =     -0.527,      9.504      
# span 13 =     -0.764,     13.785      
# span 14 =          1,       1070      
# span 15 = 1.2457e-01, 1.5435e+02      
# span 16 = 0.0000e+00, 0.0000e+00      
# interval = seconds: 0.25
# start_time = Jun 25 2018 14:39:56 [Instrument's time stamp, header]
# bad_flag = -9.990e-29
*END*
[from data line 596]
      2.288    20.2819     9.4261    102.414  30.674396     33.724      7.849   288.0439     8.6817     1.5348     0.0218      0.047      2.245      3.256        597 1.0801e+01 0.0000e+00
      2.297    20.2459     9.3446    101.366  30.660022     33.810      7.838   288.2332     8.6817     1.4408     0.0218      0.047      2.254      3.268        598 1.0709e+01 0.0000e+00
      2.307    20.2063     9.2625    100.374  30.668549     33.857      7.831   288.4603     8.6615     1.5213     0.0218      0.047      2.265      3.285        599 1.0575e+01 0.0000e+00
      2.324    20.1305     9.1653     99.205  30.663814     33.884      7.823   288.8767     7.7436     1.2125     0.0218      0.048      2.281      3.308        600 1.0364e+01 0.0000e+00
      2.345    19.9962     9.0803     98.090  30.606632     33.852      7.816   289.5203     7.7517     1.2796     0.0218      0.050      2.300      3.336        601 1.0168e+01 0.0000e+00
      2.367    19.8413     8.9989     97.035  30.621128     33.907      7.804   290.0125     7.7234     1.2662     0.0218      0.054      2.319      3.364        602 1.0002e+01 0.0000e+00
      2.383    19.7254     8.9166     96.046  30.705110     34.134      7.789   289.9746     7.7072     1.2528     0.0219      0.056      2.336      3.388        603 9.8580e+00 0.0000e+00
      2.396    19.6541     8.8346     94.974  30.680075     34.190      7.775   290.8075     7.7436     1.2393     0.0218      0.060      2.350      3.408        604 9.7418e+00 0.0000e+00
      2.409    19.5790     8.7607     93.932  30.652342     34.279      7.765   291.0725     6.4092     1.3199     0.0218      0.064      2.363      3.428        605 9.6168e+00 0.0000e+00
      2.425    19.4815     8.6699     92.735  30.680371     34.333      7.757   291.2239     6.4052     1.2662     0.0218      0.065      2.378      3.448        606 9.4478e+00 0.0000e+00
      2.439    19.3830     8.5839     91.580  30.704533     34.453      7.743   291.8296     6.4011     1.2931     0.0219      0.065      2.390      3.467        607 9.3727e+00 0.0000e+00
      2.447    19.3041     8.5023     90.462  30.740913     34.529      7.728   291.8675     6.3890     1.3333     0.0219      0.060      2.400      3.482        608 9.3258e+00 0.0000e+00
      2.456    19.2523     8.4078     89.234  30.813043     34.732      7.723   291.9432     6.0372     1.4005     0.0219      0.054      2.414      3.502        609 9.0571e+00 0.0000e+00
      2.487    19.1937     8.2994     87.895  30.792715     34.731      7.708   293.0032     6.0331     1.2796     0.0219      0.054      2.437      3.535        610 8.7686e+00 0.0000e+00
      2.512    19.0959     8.1857     86.566  30.766243     34.771      7.688   292.7003     6.0251     1.1856     0.0219      0.059      2.460      3.567        611 8.7167e+00 0.0000e+00
      2.524    19.0085     8.0662     85.234  30.786709     34.817      7.675   293.0032     6.0089     1.2662     0.0219      0.063      2.475      3.589        612 8.6340e+00 0.0000e+00
      2.534    18.9519     7.9532     84.002  30.767273     34.894      7.663   293.0032     5.9199     1.3065     0.0219      0.064      2.487      3.607        613 8.5026e+00 0.0000e+00
      2.551    18.8558     7.8354     82.691  30.731164     34.902      7.649   293.4953     5.9118     1.3065     0.0219      0.065      2.503      3.630        614 8.3112e+00 0.0000e+00
      2.572    18.7265     7.7309     81.452  30.772378     35.007      7.636   293.5332     5.8754     1.2528     0.0219      0.068      2.521      3.657        615 8.1651e+00 0.0000e+00
      2.589    18.6073     7.6209     80.184  30.834620     35.149      7.627   294.0632     5.9118     1.2662     0.0219      0.070      2.539      3.683        616 8.0713e+00 0.0000e+00
      2.606    18.4814     7.5469     79.374  30.831654     35.254      7.620   293.8360     5.0667     1.0379     0.0219      0.069      2.556      3.707        617 7.9412e+00 0.0000e+00
      2.624    18.3482     7.4840     78.652  30.835423     35.350      7.613   294.2903     5.0708     1.0916     0.0219      0.065      2.573      3.731        618 7.8555e+00 0.0000e+00
      2.639    18.2256     7.4375     78.095  30.889284     35.516      7.603   294.4796     5.0910     1.1051     0.0219      0.065      2.589      3.755        619 7.7120e+00 0.0000e+00
      2.658    18.1220     7.3688     77.317  30.972239     35.723      7.590   294.4796     5.0910     1.1051     0.0220      0.068      2.604      3.776        620 7.6826e+00 0.0000e+00
      2.667    18.0507     7.3221     76.740  30.969456     35.823      7.568   294.6689     5.6045     1.0245     0.0220      0.067      2.613      3.790        621 7.6466e+00 0.0000e+00
      2.669    18.0117     7.2623     76.046  30.952103     35.878      7.558   295.3503     5.5722     1.0916     0.0220      0.061      2.618      3.796        622 7.6417e+00 0.0000e+00
      2.671    17.9893     7.2046     75.400  30.964226     35.969      7.548   294.7446     5.5964     1.1856     0.0220      0.052      2.623      3.804        623 7.6056e+00 0.0000e+00
      2.685    17.9493     7.1439     74.713  30.984051     36.002      7.543   295.6910     5.5924     1.0245     0.0220      0.046      2.634      3.821        624 7.4615e+00 0.0000e+00
      2.704    17.8685     7.0691     73.873  31.016403     36.085      7.533   295.3125     5.5681     1.0245     0.0220      0.042      2.647      3.840        625 7.4384e+00 0.0000e+00
      2.709    17.8044     7.0061     73.120  31.042583     36.118      7.519   296.3346     4.7837     1.0111     0.0220      0.039      2.655      3.851        626 7.4229e+00 0.0000e+00
      2.709    17.7827     6.9539     72.434  31.070095     36.252      7.510   296.6753     4.8443     1.0782     0.0220      0.034      2.659      3.855        627 7.4260e+00 0.0000e+00
      2.713    17.7467     6.8900     71.614  31.071148     36.276      7.504   297.0539     4.8241     1.0782     0.0220      0.030      2.664      3.864        628 7.3356e+00 0.0000e+00
      2.728    17.7041     6.8270     70.869  31.130254     36.389      7.498   297.6218     4.8362     1.0916     0.0221      0.031      2.675      3.880        629 7.2286e+00 0.0000e+00
      2.741    17.6677     6.7560     70.136  31.144814     36.421      7.488   297.1296     4.6543     0.9842     0.0221      0.034      2.686      3.897        630 7.2050e+00 0.0000e+00
      2.750    17.6144     6.6837     69.433  31.142000     36.458      7.482   297.2810     4.6624     1.0916     0.0221      0.035      2.696      3.911        631 7.1659e+00 0.0000e+00
      2.759    17.5710     6.6204     68.765  31.133774     36.488      7.473   297.3946     4.6704     1.1319     0.0221      0.034      2.704      3.922        632 7.1412e+00 0.0000e+00
      2.763    17.5436     6.5578     68.080  31.095764     36.469      7.464   297.6596     4.6866     1.0782     0.0220      0.032      2.709      3.929        633 7.0809e+00 0.0000e+00
      2.767    17.5113     6.5059     67.533  31.130019     36.572      7.452   297.6975     4.9050     1.0916     0.0221      0.033      2.714      3.937        634 7.0572e+00 0.0000e+00
      2.774    17.4718     6.4681     67.103  31.150466     36.595      7.446   297.9625     4.9131     1.0111     0.0221      0.033      2.721      3.947        635 7.0545e+00 0.0000e+00
      2.783    17.4100     6.4462     66.808  31.129636     36.623      7.439   297.8868     4.8726     1.0648     0.0221      0.031      2.732      3.962        636 7.0194e+00 0.0000e+00
      2.799    17.3155     6.4344     66.626  31.155956     36.656      7.435   298.1896     4.9050     1.0648     0.0221      0.031      2.747      3.984        637 6.8737e+00 0.0000e+00
      2.822    17.2138     6.4264     66.516  31.177034     36.776      7.423   298.6061     5.1759     0.9842     0.0221      0.035      2.765      4.010        638 6.7432e+00 0.0000e+00
      2.836    17.1521     6.4331     66.576  31.162737     36.792      7.411   298.4546     5.1597     1.0782     0.0221      0.041      2.778      4.029        639 6.7920e+00 0.0000e+00
      2.840    17.1554     6.4318     66.543  31.233090     37.014      7.394   298.0003     5.1638     1.0782     0.0221      0.044      2.784      4.037        640 6.7776e+00 0.0000e+00
      2.840    17.1861     6.4249     66.437  31.208127     37.002      7.382   298.1139     5.1476     1.1319     0.0221      0.045      2.786      4.041        641 6.7204e+00 0.0000e+00
      2.845    17.1798     6.4076     66.239  31.193826     37.000      7.375   298.9468     5.6005     1.0648     0.0221      0.043      2.790      4.047        642 6.6673e+00 0.0000e+00
      2.852    17.1567     6.3837     65.985  31.250891     37.036      7.363   299.0225     5.5722     1.0648     0.0221      0.039      2.794      4.053        643 6.6426e+00 0.0000e+00
      2.852    17.1489     6.3699     65.716  31.196409     36.977      7.350   299.4011     5.5600     0.9842     0.0221      0.032      2.798      4.058        644 6.6925e+00 0.0000e+00
      2.854    17.1228     6.3479     65.359  31.143021     36.932      7.342   298.9468     5.6045     1.1319     0.0221      0.023      2.803      4.066        645 6.6377e+00 0.0000e+00
      2.870    17.0739     6.3071     64.953  31.198731     37.003      7.338   299.7796     5.5883     1.0379     0.0221      0.019      2.817      4.086        646 6.4992e+00 0.0000e+00
      2.895    17.0313     6.2688     64.554  31.245692     37.093      7.326   299.8932     5.3215     1.0379     0.0221      0.024      2.835      4.111        647 6.4345e+00 0.0000e+00
      2.905    17.0120     6.2396     64.237  31.262502     37.136      7.316   299.9689     5.3255     1.0245     0.0221      0.031      2.847      4.128        648 6.4101e+00 0.0000e+00
      2.908    17.0045     6.1839     63.661  31.237135     37.175      7.307   300.7261     5.3457     1.0648     0.0221      0.036      2.852      4.135        649 6.4329e+00 0.0000e+00
      2.910    16.9907     6.1337     63.139  31.217974     37.125      7.297   300.6503     5.3457     1.0379     0.0221      0.038      2.854      4.138        650 6.4792e+00 0.0000e+00
      2.910    16.9654     6.0832     62.596  31.227051     37.198      7.289   300.4611     5.1597     1.0379     0.0221      0.036      2.854      4.139        651 6.4343e+00 0.0000e+00
      2.911    16.9535     6.0439     62.151  31.225843     37.144      7.284   300.8396     5.1314     1.0379     0.0221      0.032      2.856      4.143        652 6.4187e+00 0.0000e+00
      2.917    16.9445     6.0102     61.678  31.278789     37.299      7.277   300.7261     5.1274     1.0648     0.0222      0.027      2.865      4.155        653 6.2904e+00 0.0000e+00
      2.938    16.8537     5.9797     61.354  31.279779     37.244      7.273   301.3318     5.1435     1.0111     0.0221      0.023      2.881      4.178        654 6.1292e+00 0.0000e+00
      2.959    16.7647     5.9729     61.179  31.283922     37.315      7.260   301.4453     5.4145     1.1588     0.0222      0.024      2.897      4.201        655 6.1022e+00 0.0000e+00
      2.965    16.7670     5.9804     60.931  31.273645     37.331      7.245   301.7103     5.4185     0.9976     0.0221      0.030      2.907      4.216        656 6.0870e+00 0.0000e+00
      2.970    16.7688     5.9682     60.559  31.292599     37.483      7.235   301.8618     5.3942     1.0648     0.0222      0.035      2.912      4.223        657 6.1087e+00 0.0000e+00
      2.974    16.7537     5.9469     60.215  31.319669     37.473      7.229   301.9375     5.3821     0.9976     0.0222      0.038      2.915      4.228        658 6.0615e+00 0.0000e+00
      2.975    16.7549     5.9110     59.738  31.299271     37.476      7.215   302.0511     5.3012     1.0111     0.0222      0.038      2.917      4.231        659 6.0168e+00 0.0000e+00
      2.976    16.7460     5.8472     59.025  31.317983     37.487      7.209   302.7325     5.3255     1.1051     0.0222      0.034      2.918      4.232        660 6.0381e+00 0.0000e+00
      2.977    16.7354     5.7799     58.231  31.296384     37.489      7.203   302.4296     5.3376     1.0782     0.0222      0.026      2.921      4.237        661 6.0239e+00 0.0000e+00
      2.982    16.6945     5.7092     57.322  31.266852     37.426      7.196   302.6568     5.3336     1.0111     0.0221      0.017      2.931      4.250        662 5.8958e+00 0.0000e+00
      3.007    16.6097     5.6272     56.235  31.295435     37.508      7.185   302.9596     4.9333     1.0379     0.0222      0.017      2.947      4.273        663 5.8085e+00 0.0000e+00
      3.021    16.5917     5.5506     55.278  31.320123     37.536      7.163   303.2246     4.9899     1.0648     0.0222      0.023      2.964      4.298        664 5.7828e+00 0.0000e+00
      3.035    16.5081     5.4672     54.368  31.354756     37.691      7.153   304.0575     4.9656     1.0916     0.0222      0.031      2.990      4.336        665 5.5602e+00 0.0000e+00
      3.099    16.2624     5.3669     53.304  31.311665     37.632      7.141   305.4204     4.9737     1.0379     0.0222      0.052      3.031      4.396        666 5.3795e+00 0.0000e+00
      3.133    16.0697     5.2838     52.452  31.373770     37.773      7.125   305.4204     4.9535     1.0916     0.0222      0.076      3.064      4.445        667 5.3621e+00 0.0000e+00
      3.141    15.9655     5.2079     51.672  31.425775     38.107      7.121   306.4425     4.8524     1.1051     0.0223      0.091      3.084      4.473        668 5.2855e+00 0.0000e+00
      3.165    15.8809     5.1396     50.937  31.335988     38.115      7.115   306.4804     4.8281     1.0916     0.0222      0.102      3.103      4.501        669 5.2103e+00 0.0000e+00
      3.187    15.8215     5.0780     50.291  31.426285     38.379      7.105   306.4046     4.8443     0.9842     0.0223      0.106      3.125      4.532        670 5.1428e+00 0.0000e+00
      3.207    15.7319     5.0226     49.748  31.432063     38.428      7.096   306.3668     4.8524     1.1319     0.0223      0.104      3.147      4.564        671 5.0592e+00 0.0000e+00
      3.233    15.5689     4.9766     49.290  31.358485     38.411      7.093   306.4046     4.0356     1.0782     0.0222      0.103      3.172      4.600        672 4.9503e+00 0.0000e+00
      3.266    15.3538     4.9488     49.008  31.369622     38.498      7.083   306.8968     4.0032     1.0648     0.0222      0.099      3.199      4.639        673 4.8630e+00 0.0000e+00
      3.285    15.1942     4.9314     48.821  31.447899     38.754      7.072   306.7454     4.0235     1.0916     0.0223      0.089      3.217      4.665        674 4.8262e+00 0.0000e+00
      3.289    15.1220     4.9272     48.743  31.439054     38.963      7.060   307.3889     4.0032     0.9171     0.0223      0.085      3.226      4.679        675 4.8293e+00 0.0000e+00
      3.298    15.0675     4.9239     48.637  31.321406     38.946      7.055   307.1239     3.7727     1.0379     0.0222      0.082      3.236      4.693        676 4.8011e+00 0.0000e+00
      3.313    15.0412     4.9326     48.656  31.357156     39.081      7.048   306.9725     3.7687     1.1185     0.0222      0.075      3.251      4.715        677 4.7012e+00 0.0000e+00
      3.337    15.0181     4.9397     48.672  31.424256     39.208      7.040   307.8054     3.7647     1.1588     0.0223      0.070      3.271      4.744        678 4.6300e+00 0.0000e+00
      3.357    14.9662     4.9433     48.658  31.445491     39.266      7.030   307.5782     3.7687     1.0648     0.0223      0.067      3.287      4.768        679 4.5919e+00 0.0000e+00
      3.362    14.9348     4.9489     48.714  31.449353     39.289      7.022   307.4647     3.6838     1.0514     0.0223      0.060      3.295      4.780        680 4.6396e+00 0.0000e+00
