Data/DataNotYetUploadedToEDI/Raw_CTD/RawDownloads/062518_fcr10.cnv
* Sea-Bird SBE19plus  Data File:
* FileName = C:\DATA\062518_fcr_0001.hex
* Software version 2.6.3.104
* Temperature SN = 7809
* Conductivity SN = 7809
* System UpLoad Time = Jun 25 2018 17:13:05
* <ApplicationData>
* <Seaterm232>
# nquan = 17
# nvalues = 383                         
# units = specified
# name 0 = depFM: Depth [fresh water, m]
# name 1 = tv290C: Temperature [ITS-90, deg C]
# name 2 = sbeox0Mg/L: Oxygen, SBE 43 [mg/l]
# name 3 = sbeox0PS: Oxygen, SBE 43 [% saturation]
# name 4 = c0uS/cm: Conductivity [uS/cm]
# name 5 = specc: Specific Conductance [uS/cm]
# name 6 = ph: pH
# name 7 = orp: Oxidation Reduction Potential [mV]
# name 8 = flECO-AFL: Fluorescence, WET Labs ECO-AFL/FL [mg/m^3]
# name 9 = turbWETntu0: Turbidity, WET Labs ECO [NTU]
# name 10 = sal00: Salinity, Practical [PSU]
# name 11 = dz/dtM: Descent Rate [m/s]
# name 12 = prdM: Pressure, Strain Gauge [db]
# name 13 = prdE: Pressure, Strain Gauge [psi]
# name 14 = scan: Scan Count
# name 15 = par/sat/log: PAR/Logarithmic, Satlantic
# name 16 = flag:  0.000e+00
# span 0 =     -0.540,      2.567       
# span 1 =    18.6279,    26.0971       
# span 2 =    -1.3411,    12.8833       
# span 3 =    -14.418,    143.558       
# span 4 =   0.997009, 114.967600       
# span 5 =      1.016,    131.443       
# span 6 =      0.121,      7.729       
# span 7 = -1240.7455,  1240.2295       
# span 8 =    -0.1900,     3.4573       
# span 9 =    -0.4391,    89.2461       
# span 10 =     0.0113,     0.0646      
# span 11 =     -0.111,      0.247      
# span 12 =     -0.530,      2.517      
# span 13 =     -0.768,      3.651      
# span 14 =          1,        383      
# span 15 = 2.8768e+01, 1.0850e+03      
# span 16 = 0.0000e+00, 0.0000e+00      
# interval = seconds: 0.25
# start_time = Jun 25 2018 15:31:31 [Instrument's time stamp, header]
# bad_flag = -9.990e-29
*END*
[from data line 86]
      0.025    25.9866     7.4606     91.967  35.053010     34.372      7.433   177.3114     2.8993     2.3404     0.0237      0.001      0.025      0.036         87 7.1733e+02 0.0000e+00
      0.033    25.9873     7.3687     90.831  34.937055     34.261      7.421   178.1064     2.9236     2.2464     0.0236      0.004      0.034      0.051         88 6.2006e+02 0.0000e+00
      0.049    25.9899     7.2691     89.593  34.776456     34.096      7.422   178.5229     2.9074     2.3941     0.0235      0.011      0.049      0.072         89 6.1364e+02 0.0000e+00
      0.069    25.9924     7.1584     88.221  34.630085     33.958      7.429   178.3336     2.9276     2.3539     0.0235      0.021      0.066      0.096         90 5.7900e+02 0.0000e+00
      0.083    25.9939     7.0538     86.936  34.585395     33.902      7.427   176.6300     2.9276     2.3002     0.0235      0.031      0.079      0.114         91 5.6020e+02 0.0000e+00
      0.089    25.9975     6.9690     85.893  34.565163     33.900      7.429   177.1978     2.9276     2.3136     0.0235      0.040      0.085      0.124         92 5.8171e+02 0.0000e+00
      0.089    26.0012     6.9206     85.287  34.477326     33.790      7.432   177.8793     2.7901     2.3404     0.0234      0.043      0.085      0.124         93 6.0956e+02 0.0000e+00
      0.084    26.0043     6.9010     85.027  34.487114     33.814      7.434   178.8257     2.7942     2.3941     0.0234      0.039      0.080      0.116         94 6.2039e+02 0.0000e+00
      0.073    26.0059     6.8931     84.923  34.464011     33.785      7.440   180.1886     2.8144     2.3673     0.0234      0.029      0.072      0.105         95 6.2847e+02 0.0000e+00
      0.065    26.0035     6.8910     84.902  34.476419     33.783      7.451   180.8700     2.8104     2.2733     0.0234      0.015      0.066      0.096         96 6.2145e+02 0.0000e+00
      0.066    26.0007     6.9045     85.064  34.501327     33.836      7.462   181.0971     2.7133     2.3002     0.0234      0.002      0.066      0.096         97 6.0248e+02 0.0000e+00
      0.071    25.9985     6.9243     85.298  34.492324     33.783      7.470   182.0057     2.7376     2.3807     0.0234     -0.007      0.070      0.102         98 5.8284e+02 0.0000e+00
      0.077    25.9922     6.9377     85.460  34.517279     33.867      7.486   183.6336     2.7538     2.2733     0.0235     -0.009      0.075      0.109         99 5.6226e+02 0.0000e+00
      0.082    25.9877     6.9290     85.352  34.440617     33.731      7.490   184.5043     2.7780     2.3136     0.0234     -0.006      0.078      0.113        100 5.5107e+02 0.0000e+00
      0.080    25.9899     6.9062     85.077  34.439452     33.791      7.486   185.3750     2.7740     2.3136     0.0234     -0.002      0.077      0.111        101 5.4839e+02 0.0000e+00
      0.074    25.9917     6.8659     84.578  34.489076     33.794      7.482   183.7850     2.7861     2.2464     0.0234      0.002      0.074      0.107        102 5.4958e+02 0.0000e+00
      0.074    25.9853     6.8240     84.064  34.675423     34.011      7.486   184.9207     2.8063     2.3136     0.0235      0.005      0.075      0.108        103 5.6524e+02 0.0000e+00
      0.082    25.9733     6.7966     83.719  34.771015     34.092      7.491   184.4664     2.8063     2.2599     0.0235      0.007      0.079      0.113        104 6.0147e+02 0.0000e+00
      0.081    25.9691     6.7800     83.512  34.725989     34.042      7.505   184.9964     2.8265     2.3539     0.0235      0.005      0.080      0.116        105 6.3550e+02 0.0000e+00
      0.079    25.9722     6.7537     83.207  34.820426     34.160      7.515   185.5264     2.7901     2.3673     0.0236      0.003      0.080      0.117        106 6.1145e+02 0.0000e+00
      0.087    25.9693     6.7193     82.787  34.890745     34.217      7.530   185.6400     2.8144     2.3270     0.0236      0.003      0.085      0.124        107 5.8174e+02 0.0000e+00
      0.095    25.9635     6.6889     82.395  34.994361     34.325      7.542   185.7157     2.7901     2.3404     0.0236      0.006      0.092      0.134        108 5.6877e+02 0.0000e+00
      0.100    25.9604     6.6563     81.974  35.047359     34.381      7.549   184.9964     2.7740     2.3404     0.0237      0.011      0.098      0.142        109 5.4086e+02 0.0000e+00
      0.105    25.9614     6.6266     81.596  35.062045     34.386      7.554   186.0186     2.5920     2.2330     0.0237      0.015      0.100      0.146        110 5.1331e+02 0.0000e+00
      0.102    25.9640     6.5989     81.248  35.124370     34.470      7.559   187.4193     2.6001     2.2599     0.0237      0.015      0.099      0.144        111 4.9248e+02 0.0000e+00
      0.098    25.9631     6.5659     80.837  35.118083     34.442      7.565   188.0250     2.5920     2.2464     0.0237      0.012      0.094      0.137        112 4.9768e+02 0.0000e+00
      0.088    25.9640     6.5284     80.342  35.158841     34.494      7.565   188.4415     2.6001     2.3539     0.0237      0.008      0.088      0.128        113 5.1002e+02 0.0000e+00
      0.085    25.9593     6.5107     80.093  35.310901     34.633      7.564   188.9715     2.7416     2.1927     0.0238      0.002      0.087      0.127        114 5.0947e+02 0.0000e+00
      0.096    25.9579     6.5117     80.099  35.284730     34.631      7.571   188.8957     2.7174     2.1927     0.0238     -0.002      0.093      0.134        115 5.1290e+02 0.0000e+00
      0.102    25.9696     6.5411     80.450  34.954158     34.279      7.564   189.1607     2.7457     2.2464     0.0236     -0.003      0.098      0.142        116 5.3179e+02 0.0000e+00
      0.101    25.9726     6.5609     80.700  34.773276     34.115      7.551   189.8043     2.7416     2.2062     0.0235     -0.002      0.100      0.145        117 5.4461e+02 0.0000e+00
      0.105    25.9612     6.5671     80.783  34.768415     34.107      7.554   190.3722     2.7982     2.0987     0.0235      0.001      0.103      0.150        118 5.3325e+02 0.0000e+00
      0.110    25.9484     6.5501     80.583  34.782263     34.105      7.553   190.5993     2.8063     2.0853     0.0235      0.006      0.108      0.157        119 5.2615e+02 0.0000e+00
      0.116    25.9396     6.5230     80.253  34.874667     34.222      7.566   200.6315     2.7982     2.1256     0.0236      0.012      0.113      0.165        120 5.1597e+02 0.0000e+00
      0.123    25.9358     6.4838     79.762  34.831362     34.176      7.572   208.8844     2.7861     2.1659     0.0236      0.017      0.117      0.170        121 4.8948e+02 0.0000e+00
      0.121    25.9313     6.4257     79.037  34.628564     33.990      7.572   193.7793     2.8265     2.3673     0.0235      0.017      0.114      0.165        122 4.8690e+02 0.0000e+00
      0.104    25.9089     6.3658     78.293  34.563580     33.911      7.566   193.8550     2.7942     2.3941     0.0235      0.009      0.102      0.148        123 4.9386e+02 0.0000e+00
      0.087    25.8884     6.3080     77.572  34.763957     34.132      7.576   212.8594     2.7861     2.3539     0.0235     -0.000      0.091      0.131        124 4.9791e+02 0.0000e+00
      0.087    25.8822     6.2617     76.990  35.001986     34.368      7.585   210.9665     2.7942     2.3136     0.0236     -0.007      0.088      0.128        125 5.2405e+02 0.0000e+00
      0.094    25.8771     6.2236     76.511  35.038433     34.437      7.597   213.0865     2.7861     2.3941     0.0237     -0.012      0.092      0.134        126 5.3061e+02 0.0000e+00
      0.099    25.8799     6.1980     76.187  34.837236     34.220      7.609   203.4329     2.8063     2.3673     0.0236     -0.014      0.097      0.141        127 5.1838e+02 0.0000e+00
      0.105    25.8853     6.1746     75.894  34.718559     34.115      7.626   200.6693     2.8063     2.3404     0.0235     -0.012      0.104      0.151        128 5.0056e+02 0.0000e+00
      0.115    25.8909     6.1521     75.618  34.681965     34.085      7.636   214.1465     2.7780     2.2733     0.0235     -0.005      0.112      0.162        129 4.8867e+02 0.0000e+00
      0.121    25.8938     6.1286     75.328  34.526900     33.917      7.635   214.2601     2.7618     2.2196     0.0234      0.005      0.117      0.170        130 4.8796e+02 0.0000e+00
      0.121    25.8876     6.1082     75.067  34.526001     33.913      7.629   211.3829     2.8548     2.2062     0.0234      0.016      0.119      0.173        131 4.8300e+02 0.0000e+00
      0.122    25.8803     6.0905     74.837  34.623767     34.021      7.624   213.9951     2.8710     2.1659     0.0235      0.021      0.120      0.175        132 4.7809e+02 0.0000e+00
      0.125    25.8754     6.0858     74.771  34.701793     34.080      7.626   208.0515     2.8508     2.1524     0.0235      0.019      0.122      0.178        133 4.8094e+02 0.0000e+00
      0.127    25.8686     6.0790     74.680  34.814434     34.222      7.628   215.4337     2.8225     2.0987     0.0236      0.016      0.124      0.180        134 4.8521e+02 0.0000e+00
      0.129    25.8600     6.0742     74.611  34.780154     34.170      7.629   215.0551     2.7214     2.0584     0.0235      0.013      0.126      0.183        135 4.7516e+02 0.0000e+00
      0.131    25.8522     6.0687     74.535  34.685144     34.093      7.636   214.6765     2.7295     2.1122     0.0235      0.010      0.128      0.186        136 4.7258e+02 0.0000e+00
      0.133    25.8452     6.0539     74.344  34.695424     34.098      7.638   213.3515     2.7376     2.1793     0.0235      0.008      0.131      0.191        137 4.7023e+02 0.0000e+00
      0.138    25.8416     6.0428     74.200  34.678395     34.103      7.644   214.6387     2.7457     2.1122     0.0235      0.008      0.136      0.197        138 4.6401e+02 0.0000e+00
      0.144    25.8416     6.0228     73.946  34.587715     33.998      7.643   215.1308     2.8589     2.3807     0.0235      0.010      0.140      0.203        139 4.7085e+02 0.0000e+00
      0.145    25.8401     5.9990     73.644  34.541370     33.973      7.643   215.5851     2.8427     2.2599     0.0235      0.011      0.142      0.206        140 4.7831e+02 0.0000e+00
      0.145    25.8335     5.9690     73.271  34.528479     33.946      7.644   216.0015     2.8346     2.3404     0.0234      0.011      0.142      0.207        141 4.7933e+02 0.0000e+00
      0.146    25.8244     5.9422     72.939  34.574103     34.002      7.644   216.1151     2.8629     2.3136     0.0235      0.011      0.143      0.208        142 4.7727e+02 0.0000e+00
      0.148    25.8178     5.9094     72.533  34.632874     34.061      7.648   211.8372     2.7335     2.1256     0.0235      0.010      0.145      0.211        143 4.7448e+02 0.0000e+00
      0.150    25.8118     5.8884     72.269  34.633279     34.067      7.649   216.1908     2.7254     2.1390     0.0235      0.009      0.146      0.212        144 4.7280e+02 0.0000e+00
      0.149    25.8053     5.8919     72.319  34.632914     34.072      7.645   213.7680     2.7457     2.1122     0.0235      0.007      0.146      0.212        145 4.7269e+02 0.0000e+00
      0.149    25.7992     5.9016     72.462  34.603676     34.048      7.640   212.9729     2.7457     2.2733     0.0235      0.005      0.146      0.212        146 4.7398e+02 0.0000e+00
      0.148    25.7924     5.9120     72.573  34.580700     34.025      7.637   212.8594     2.7821     2.1390     0.0235      0.003      0.146      0.212        147 4.7306e+02 0.0000e+00
      0.149    25.7860     5.9160     72.559  34.572540     34.029      7.638   212.3672     2.8144     2.1390     0.0235      0.002      0.146      0.212        148 4.7023e+02 0.0000e+00
      0.149    25.7796     5.9146     72.497  34.584179     34.034      7.636   210.0958     2.8104     2.1122     0.0235      0.001      0.146      0.212        149 4.7009e+02 0.0000e+00
      0.150    25.7732     5.9008     72.314  34.566221     34.038      7.639   216.1908     2.7982     2.1524     0.0235      0.001      0.147      0.213        150 4.6878e+02 0.0000e+00
      0.152    25.7694     5.8866     72.148  34.535578     33.987      7.638   213.9194     2.7982     2.1927     0.0235      0.001      0.147      0.213        151 4.7669e+02 0.0000e+00
      0.147    25.7676     5.8622     71.855  34.533347     34.019      7.632   207.9001     2.7942     2.3136     0.0235     -0.000      0.143      0.208        152 4.9675e+02 0.0000e+00
      0.139    25.7646     5.8340     71.501  34.480033     33.939      7.630   207.1808     2.8184     2.2464     0.0234     -0.003      0.138      0.200        153 5.1420e+02 0.0000e+00
      0.135    25.7601     5.8048     71.134  34.631586     34.105      7.632   206.4236     2.8023     2.2867     0.0235     -0.006      0.139      0.202        154 5.1531e+02 0.0000e+00
      0.152    25.7661     5.7688     70.674  34.759930     34.245      7.629   206.6129     2.8184     2.3941     0.0236     -0.003      0.149      0.217        155 5.0710e+02 0.0000e+00
      0.168    25.7821     5.7424     70.334  34.587219     34.055      7.623   206.3101     2.6607     2.1390     0.0235      0.003      0.161      0.235        156 5.0172e+02 0.0000e+00
      0.174    25.7692     5.7065     69.880  34.431337     33.914      7.618   206.0829     2.6527     2.0853     0.0234      0.009      0.169      0.247        157 4.9713e+02 0.0000e+00
      0.178    25.7236     5.6694     69.418  34.420110     33.875      7.615   205.8558     2.6648     2.1659     0.0234      0.015      0.174      0.253        158 4.8841e+02 0.0000e+00
      0.180    25.6888     5.6403     69.059  34.512220     33.993      7.624   206.1965     2.6931     2.1927     0.0235      0.020      0.175      0.255        159 4.7799e+02 0.0000e+00
      0.178    25.6787     5.6089     68.675  34.524306     34.025      7.629   206.5751     2.7335     2.1524     0.0235      0.023      0.173      0.251        160 4.7730e+02 0.0000e+00
      0.171    25.6848     5.5805     68.327  34.583020     34.103      7.632   206.6886     2.7012     2.1122     0.0235      0.021      0.167      0.242        161 4.7000e+02 0.0000e+00
      0.162    25.6887     5.5563     68.029  34.676416     34.221      7.634   207.0672     2.7133     2.1659     0.0235      0.012      0.159      0.230        162 4.6958e+02 0.0000e+00
      0.152    25.6836     5.5302     67.705  34.615676     34.133      7.642   218.8030     2.7133     2.1524     0.0235     -0.002      0.151      0.219        163 4.7649e+02 0.0000e+00
      0.146    25.6758     5.5126     67.485  34.628951     34.158      7.650   207.9758     2.8144     2.2062     0.0235     -0.013      0.146      0.212        164 4.7297e+02 0.0000e+00
      0.148    25.6620     5.4928     67.241  34.630237     34.162      7.659   219.0301     2.8063     2.1659     0.0235     -0.018      0.146      0.211        165 4.7196e+02 0.0000e+00
      0.150    25.6478     5.4794     67.080  34.525109     34.057      7.668   221.3394     2.7740     2.1390     0.0235     -0.019      0.147      0.214        166 4.7467e+02 0.0000e+00
      0.153    25.6376     5.4692     66.959  34.463225     34.011      7.674   221.4151     2.8023     2.2867     0.0234     -0.016      0.150      0.218        167 4.7662e+02 0.0000e+00
      0.155    25.6310     5.4577     66.816  34.470008     34.020      7.678   220.9608     2.8751     2.1659     0.0234     -0.011      0.152      0.219        168 4.7589e+02 0.0000e+00
      0.155    25.6287     5.4520     66.744  34.487018     34.055      7.677   221.7180     2.8872     2.1122     0.0234     -0.005      0.152      0.219        169 4.7954e+02 0.0000e+00
      0.154    25.6291     5.4424     66.624  34.471717     34.032      7.673   218.4623     2.8629     2.1390     0.0234     -0.000      0.151      0.218        170 4.8336e+02 0.0000e+00
