Data/DataNotYetUploadedToEDI/Raw_CTD/RawDownloads/062520_bvr50.cnv
* Sea-Bird SBE19plus  Data File:
* FileName = C:\DATA\250620_fcr50_0003.hex
* Software version 2.8.0.119 SB_Terminal.dll
* Temperature SN = 7809
* Conductivity SN = 7809
* System UpLoad Time = Jun 25 2020 19:48:08
* <ApplicationData>
* <Seaterm232>
# nquan = 16
# nvalues = 1408                        
# units = specified
# name 0 = depFM: Depth [fresh water, m]
# name 1 = dz/dtM: Descent Rate [m/s]
# name 2 = sbeox0ML/L: Oxygen, SBE 43 [ml/l]
# name 3 = sbeox0PS: Oxygen, SBE 43 [% saturation]
# name 4 = specc: Specific Conductance [uS/cm]
# name 5 = c0uS/cm: Conductivity [uS/cm]
# name 6 = flECO-AFL: Fluorescence, WET Labs ECO-AFL/FL [mg/m^3]
# name 7 = ph: pH
# name 8 = orp: Oxidation Reduction Potential [mV]
# name 9 = par/sat/log: PAR/Logarithmic, Satlantic
# name 10 = turbWETntu0: Turbidity, WET Labs ECO [NTU]
# name 11 = prdM: Pressure, Strain Gauge [db]
# name 12 = prdE: Pressure, Strain Gauge [psi]
# name 13 = tv290C: Temperature [ITS-90, deg C]
# name 14 = density00: Density [density, kg/m^3]
# name 15 = flag:  0.000e+00
# span 0 =     -0.738,     11.509       
# span 1 =     -0.081,      0.258       
# span 2 =     0.0321,     6.9347       
# span 3 =      0.438,    111.690       
# span 4 =      0.759,    101.452       
# span 5 =   0.793034,  69.986009       
# span 6 =    -1.2583,     3.8278       
# span 7 =      6.278,      8.960       
# span 8 = -1240.7111,   202.6191       
# span 9 = 1.2351e-01, 2.3782e+03       
# span 10 =    -2.2492,     5.6453      
# span 11 =     -0.724,     11.287      
# span 12 =     -1.050,     16.371      
# span 13 =     9.3794,    27.3186      
# span 14 =   996.4332,   999.8455      
# span 15 = 0.0000e+00, 0.0000e+00      
# interval = seconds: 0.25
# start_time = Jun 24 2020 22:04:37 [Instrument's time stamp, header]
# bad_flag = -9.990e-29
*END*
     -0.737 6.3443e-07     4.6369     83.550      0.790   0.826976    -0.9991      6.278 -1240.7111 2.0674e+03    -0.2464     -0.723     -1.049    27.3062   996.4365 0.0000e+00
     -0.737      0.000     4.6349     83.556      0.779   0.815349    -1.0170      6.278 -1240.3668 1.7214e+03    -0.2415     -0.723     -1.049    27.3072   996.4362 0.0000e+00
     -0.738      0.000     4.6328     83.585      0.767   0.802711    -1.0202      6.295 -1236.5794 1.1501e+03    -0.2364     -0.723     -1.049    27.3092   996.4357 0.0000e+00
     -0.738      0.001     4.6347     83.590      0.765   0.800866    -1.0191      6.516 -1194.9179 8.5420e+02    -0.1509     -0.723     -1.049    27.3079   996.4360 0.0000e+00
     -0.738      0.004     4.6316     83.603      0.759   0.793034    -1.0224      6.898 -1123.8182 8.5647e+02     0.0371     -0.724     -1.050    27.3101   996.4354 0.0000e+00
     -0.738      0.012     4.6320     83.638      0.929   0.961403    -1.0223      7.051 -1027.8919 1.1908e+03     0.1486     -0.723     -1.049    27.3066   996.4364 0.0000e+00
     -0.738      0.024     4.6357     83.659      3.148   3.216662    -1.0090      7.040  -665.2334 1.7914e+03     0.0982     -0.723     -1.049    27.3126   996.4347 0.0000e+00
     -0.734      0.038     4.6347     83.667      8.464   8.609841    -1.0231      7.143  -108.2419 2.0168e+03    -0.5368     -0.723     -1.049    27.3033   996.4373 0.0000e+00
     -0.722      0.055     4.6336     83.672     15.656  15.858703    -1.0885      7.383   173.2024 1.8767e+03    -1.6588     -0.712     -1.033    27.3186   996.4332 0.0000e+00
     -0.703      0.078     4.6542     83.681     22.390  22.596598    -1.1415      7.717   197.0315 1.7827e+03    -2.2406     -0.690     -1.001    27.1192   996.4883 0.0000e+00
     -0.680      0.108     4.7057     83.698     25.437  25.596634    -1.1582      8.082   194.2421 1.7364e+03    -2.2492     -0.668     -0.969    26.5095   996.6551 0.0000e+00
     -0.655      0.147     4.7499     83.710     25.477  25.564167    -1.1854      8.392   190.7561 1.6997e+03    -1.9003     -0.645     -0.935    25.9971   996.7937 0.0000e+00
     -0.624      0.187     4.7748     83.735     25.103  25.121461    -1.2323      8.604   190.2445 1.7323e+03    -1.2489     -0.618     -0.895    25.7132   996.8705 0.0000e+00
     -0.576      0.222     4.7959     83.813     24.850  24.810327    -1.2583      8.747   191.1535 1.8432e+03    -0.8629     -0.577     -0.836    25.4703   996.9371 0.0000e+00
     -0.503      0.247     4.8129     83.942     24.735  24.656222    -1.2314      8.852   191.5937 1.9430e+03    -0.7352     -0.499     -0.723    25.2990   996.9824 0.0000e+00
     -0.415      0.258     4.8251     84.157     24.690  24.589985    -0.8209      8.918   188.5984 1.9113e+03    -0.2886     -0.403     -0.586    25.1665   997.0168 0.0000e+00
     -0.332      0.253     4.8375     84.522     24.691  24.580225    -0.0629      8.950   182.2975 1.7528e+03     0.4512     -0.321     -0.464    25.0215   997.0544 0.0000e+00
     -0.266      0.233     4.8541     84.973     24.719  24.601615     0.3419      8.960   178.7353 1.5572e+03     0.8623     -0.255     -0.370    24.8965   997.0866 0.0000e+00
     -0.216      0.202     4.8681     85.418     24.781  24.658343     0.3739      8.958   178.9115 1.1975e+03     0.9398     -0.210     -0.303    24.8232   997.1055 0.0000e+00
     -0.175      0.167     4.8801     85.791     24.821  24.695316     0.4098      8.949   179.8679 6.8683e+02     0.9763     -0.171     -0.248    24.7848   997.1154 0.0000e+00
     -0.139      0.136     4.9062     85.944     24.796  24.668117     0.4708      8.928   180.8345 3.6739e+02     0.9611     -0.136     -0.197    24.7691   997.1195 0.0000e+00
     -0.107      0.110     4.9354     85.687     24.711  24.583167     0.5009      8.898   181.2204 2.9984e+02     0.9275     -0.103     -0.148    24.7541   997.1234 0.0000e+00
     -0.081      0.088     4.9628     85.115     24.621  24.492673     0.5062      8.877   181.0924 3.1329e+02     0.9123     -0.077     -0.112    24.7450   997.1259 0.0000e+00
     -0.062      0.068     4.9872     84.548     24.591  24.461859     0.5160      8.869   181.1796 3.4162e+02     0.8813     -0.061     -0.088    24.7398   997.1273 0.0000e+00
     -0.049      0.051     5.0032     84.084     24.595  24.464277     0.5432      8.862   181.5857 4.7634e+02     0.8610     -0.045     -0.065    24.7353   997.1285 0.0000e+00
     -0.041      0.039     4.9873     83.673     24.590  24.458492     0.5770      8.852   181.8736 8.4066e+02     0.8733     -0.039     -0.057    24.7349   997.1287 0.0000e+00
     -0.037      0.030     4.9419     83.248     24.589  24.455330     0.5825      8.842   181.9073 1.1363e+03     0.8582     -0.038     -0.055    24.7338   997.1289 0.0000e+00
     -0.032      0.024     4.9105     82.793     24.625  24.489457     0.5811      8.837   181.9069 1.0371e+03     0.8502     -0.032     -0.046    24.7310   997.1296 0.0000e+00
     -0.025      0.021     4.8843     82.350     24.691  24.554010     0.6170      8.836   181.9546 9.6820e+02     0.8793     -0.024     -0.035    24.7293   997.1301 0.0000e+00
     -0.019      0.019     4.8624     81.886     24.741  24.601620     0.6725      8.835   182.0533 1.0889e+03     0.9012     -0.017     -0.025    24.7261   997.1309 0.0000e+00
     -0.014      0.015     4.8392     81.292     24.761  24.621156     0.6992      8.830   182.2405 1.0376e+03     0.9092     -0.014     -0.020    24.7232   997.1317 0.0000e+00
     -0.010      0.010     4.8103     80.512     24.741  24.599953     0.7115      8.821   182.3259 9.9029e+02     0.9075     -0.009     -0.013    24.7188   997.1328 0.0000e+00
     -0.007      0.005     4.7865     79.584     24.677  24.535526     0.7636      8.811   182.2248 9.9954e+02     0.8803     -0.006     -0.008    24.7141   997.1341 0.0000e+00
     -0.006      0.000     4.7621     78.547     24.617  24.476376     0.8335      8.801   182.1368 7.9877e+02     0.8546     -0.006     -0.009    24.7128   997.1344 0.0000e+00
     -0.008     -0.001     4.7299     77.432     24.593  24.455573     0.8602      8.786   182.2082 5.1244e+02     0.8716     -0.007     -0.010    24.7108   997.1349 0.0000e+00
     -0.012      0.001     4.6825     76.409     24.609  24.474266     0.8666      8.753   182.3994 3.5409e+02     0.9140     -0.011     -0.016    24.7078   997.1357 0.0000e+00
     -0.016      0.006     4.6282     75.839     24.646  24.512129     0.8922      8.708   182.4696 3.1139e+02     0.9211     -0.019     -0.027    24.7056   997.1361 0.0000e+00
     -0.016      0.011     4.5679     75.980     24.667  24.532852     0.9220      8.680   182.6281 3.0647e+02     0.8889     -0.019     -0.027    24.7080   997.1355 0.0000e+00
     -0.007      0.021     4.4998     76.665     24.670  24.534568     0.9312      8.673   182.8530 3.0416e+02     0.8676     -0.007     -0.010    24.7160   997.1335 0.0000e+00
      0.002      0.034     4.4313     77.527     24.671  24.532869     0.9172      8.669   182.7786 3.2730e+02     0.8700      0.006      0.008    24.7217   997.1321 0.0000e+00
      0.007      0.049     4.3892     78.272     24.653  24.512300     0.8969      8.661   182.7617 4.3821e+02     0.8830      0.007      0.010    24.7248   997.1314 0.0000e+00
      0.014      0.064     4.4037     78.703     24.620  24.476134     0.8764      8.650   182.9067 6.7742e+02     0.8533      0.008      0.013    24.7248   997.1313 0.0000e+00
      0.033      0.076     4.4526     78.791     24.622  24.476109     0.8587      8.632   183.0688 8.9068e+02     0.8204      0.030      0.044    24.7198   997.1327 0.0000e+00
      0.061      0.083     4.5083     78.668     24.658  24.511999     0.8550      8.606   183.1733 9.8989e+02     0.8627      0.059      0.085    24.7150   997.1341 0.0000e+00
      0.091      0.081     4.5568     78.488     24.676  24.529544     0.8512      8.582   183.0510 1.0341e+03     0.8847      0.089      0.129    24.7089   997.1358 0.0000e+00
      0.121      0.070     4.5834     78.332     24.645  24.497976     0.7937      8.570   182.9666 1.0310e+03     0.8792      0.123      0.177    24.6994   997.1384 0.0000e+00
      0.143      0.051     4.5853     78.247     24.595  24.447419     0.7037      8.569   183.0138 1.1612e+03     0.8998      0.145      0.211    24.6948   997.1397 0.0000e+00
      0.150      0.031     4.5741     78.272     24.575  24.425631     0.6597      8.573   183.0191 1.3650e+03     0.8939      0.152      0.221    24.6972   997.1391 0.0000e+00
      0.146      0.013     4.5626     78.309     24.578  24.424799     0.6518      8.581   183.0316 1.6476e+03     0.9109      0.145      0.210    24.6977   997.1389 0.0000e+00
      0.139      0.000     4.5530     78.146     24.594  24.437354     0.6560      8.588   182.9922 2.0826e+03     0.9333      0.134      0.195    24.6960   997.1393 0.0000e+00
      0.135     -0.007     4.5464     77.719     24.609  24.450594     0.6627      8.588   182.9731 1.9981e+03     0.8895      0.132      0.191    24.6963   997.1392 0.0000e+00
      0.135     -0.009     4.5492     77.100     24.618  24.458036     0.6570      8.583   183.0588 1.3989e+03     0.8626      0.131      0.191    24.6932   997.1399 0.0000e+00
      0.136     -0.009     4.5598     76.434     24.624  24.463906     0.6536      8.575   183.1677 1.0377e+03     0.8830      0.134      0.195    24.6829   997.1426 0.0000e+00
      0.136     -0.010     4.5512     75.912     24.619  24.458148     0.6306      8.566   183.3428 8.6963e+02     0.8951      0.135      0.197    24.6727   997.1452 0.0000e+00
      0.132     -0.014     4.5244     75.574     24.613  24.451839     0.5703      8.558   184.1442 7.1757e+02     0.8722      0.129      0.188    24.6703   997.1457 0.0000e+00
      0.128     -0.020     4.4870     75.340     24.613  24.451048     0.5257      8.550   184.6831 7.7676e+02     0.8461      0.126      0.183    24.6708   997.1456 0.0000e+00
      0.123     -0.027     4.4416     75.176     24.611  24.448576     0.5200      8.544   183.4925 1.0944e+03     0.8887      0.121      0.175    24.6685   997.1462 0.0000e+00
      0.115     -0.033     4.4114     75.036     24.584  24.421957     0.5296      8.542   182.1380 1.3072e+03     0.9402      0.111      0.163    24.6676   997.1464 0.0000e+00
      0.106     -0.037     4.3951     74.890     24.544  24.382884     0.5375      8.542   181.9856 1.2384e+03     0.9547      0.105      0.152    24.6667   997.1466 0.0000e+00
      0.096     -0.037     4.3810     74.777     24.581  24.420087     0.5290      8.537   183.7156 1.3041e+03     0.9609      0.096      0.139    24.6641   997.1472 0.0000e+00
      0.081     -0.033     4.3728     74.732     24.652  24.491256     0.5132      8.528   185.1588 1.4530e+03     0.9121      0.081      0.117    24.6627   997.1474 0.0000e+00
      0.066     -0.027     4.3661     74.753     24.642  24.482328     0.5278      8.519   183.5179 1.3811e+03     0.8786      0.061      0.088    24.6651   997.1467 0.0000e+00
      0.060     -0.018     4.3556     74.834     24.598  24.438980     0.5718      8.513   181.8575 1.2301e+03     0.9001      0.055      0.079    24.6661   997.1464 0.0000e+00
      0.063     -0.007     4.3484     74.999     24.571  24.411086     0.5970      8.508   181.6033 1.1137e+03     0.8968      0.064      0.093    24.6650   997.1468 0.0000e+00
      0.065      0.003     4.3458     75.284     24.559  24.398747     0.5941      8.502   181.3904 1.0557e+03     0.9080      0.064      0.093    24.6691   997.1458 0.0000e+00
      0.065      0.009     4.3470     75.638     24.575  24.416642     0.5849      8.494   181.0906 1.0070e+03     0.9668      0.062      0.090    24.6717   997.1451 0.0000e+00
      0.069      0.010     4.3517     75.908     24.593  24.437182     0.5998      8.488   180.7311 9.8524e+02     0.9894      0.068      0.098    24.6689   997.1458 0.0000e+00
      0.075      0.007     4.3598     75.961     24.611  24.456833     0.6406      8.483   180.4861 9.8306e+02     0.9410      0.073      0.105    24.6669   997.1463 0.0000e+00
      0.080      0.002     4.3775     75.789     24.681  24.527412     0.6583      8.477   180.1931 9.4920e+02     0.8975      0.081      0.118    24.6659   997.1466 0.0000e+00
      0.080     -0.006     4.4016     75.461     24.746  24.592917     0.6419      8.471   179.6836 9.6159e+02     0.9090      0.080      0.118    24.6700   997.1456 0.0000e+00
      0.075     -0.017     4.4200     75.027     24.705  24.551211     0.5473      8.465   179.3156 1.0352e+03     0.9429      0.070      0.103    24.6772   997.1437 0.0000e+00
      0.072     -0.027     4.4227     74.501     24.620  24.467094     0.3916      8.459   179.3573 1.1683e+03     0.9294      0.071      0.103    24.6782   997.1434 0.0000e+00
      0.065     -0.032     4.4104     73.926     24.615  24.463768     0.3137      8.452   179.4992 1.3052e+03     0.8831      0.070      0.100    24.6815   997.1427 0.0000e+00
      0.049     -0.032     4.3901     73.461     24.660  24.510993     0.3115      8.442   179.5678 1.3104e+03     0.8644      0.049      0.071    24.6866   997.1413 0.0000e+00
      0.032     -0.028     4.3648     73.218     24.679  24.530728     0.3178      8.428   179.5854 1.3274e+03     0.8748      0.025      0.037    24.6829   997.1421 0.0000e+00
      0.025     -0.020     4.3350     73.108     24.661  24.512118     0.3226      8.415   179.4544 1.4863e+03     0.9056      0.020      0.029    24.6814   997.1425 0.0000e+00
      0.026     -0.007     4.2964     72.996     24.625  24.476244     0.3218      8.405   179.3596 1.6082e+03     0.9276      0.027      0.038    24.6880   997.1409 0.0000e+00
      0.028      0.007     4.2649     72.841     24.626  24.477508     0.3188      8.394   179.4720 1.5735e+03     0.9348      0.028      0.040    24.6943   997.1393 0.0000e+00
      0.030      0.017     4.2546     72.683     24.675  24.527398     0.3144      8.379   179.6092 1.3638e+03     0.9246      0.027      0.040    24.6941   997.1392 0.0000e+00
      0.036      0.020     4.2512     72.499     24.718  24.572091     0.3155      8.356   179.3839 1.2666e+03     0.9067      0.033      0.048    24.6923   997.1398 0.0000e+00
      0.047      0.017     4.2463     72.213     24.719  24.573950     0.3235      8.336   178.8126 1.3321e+03     0.9243      0.046      0.068    24.6920   997.1400 0.0000e+00
      0.057      0.013     4.2345     71.800     24.694  24.549865     0.3253      8.324   178.4663 1.3272e+03     0.9318      0.059      0.086    24.6919   997.1399 0.0000e+00
      0.060      0.008     4.2260     71.298     24.679  24.534566     0.3660      8.317   178.3808 1.3080e+03     0.9290      0.061      0.088    24.6961   997.1389 0.0000e+00
      0.056      0.003     4.2175     70.792     24.659  24.515824     0.4628      8.316   178.1228 1.3171e+03     0.9590      0.056      0.081    24.7002   997.1379 0.0000e+00
      0.051     -0.001     4.2008     70.333     24.656  24.513515     0.5225      8.319   177.7553 1.3391e+03     0.9507      0.048      0.070    24.7001   997.1378 0.0000e+00
      0.048     -0.004     4.1768     69.968     24.712  24.570069     0.5241      8.323   177.3789 1.3248e+03     0.8978      0.045      0.066    24.6997   997.1380 0.0000e+00
      0.050     -0.004     4.1441     69.699     24.770  24.628818     0.5209      8.331   176.9277 1.3776e+03     0.9026      0.048      0.070    24.7017   997.1375 0.0000e+00
      0.053     -0.004     4.1148     69.486     24.793  24.653062     0.5228      8.337   176.9453 1.4642e+03     0.9396      0.053      0.076    24.7041   997.1368 0.0000e+00
      0.054     -0.007     4.0861     69.310     24.812  24.672935     0.5268      8.339   177.1615 1.3933e+03     0.9336      0.055      0.080    24.7050   997.1366 0.0000e+00
      0.051     -0.013     4.0650     69.162     24.815  24.678840     0.5318      8.339   176.8747 1.4056e+03     0.8995      0.052      0.075    24.7062   997.1363 0.0000e+00
