Data/DataNotYetUploadedToEDI/Raw_CTD/RawDownloads/062518_fcr10.cnv
* Sea-Bird SBE19plus  Data File:
* FileName = C:\DATA\062518_fcr_0001.hex
* Software version 2.6.3.104
* Temperature SN = 7809
* Conductivity SN = 7809
* System UpLoad Time = Jun 25 2018 17:13:05
* <ApplicationData>
* <Seaterm232>
# nquan = 17
# nvalues = 383                         
# units = specified
# name 0 = depFM: Depth [fresh water, m]
# name 1 = tv290C: Temperature [ITS-90, deg C]
# name 2 = sbeox0Mg/L: Oxygen, SBE 43 [mg/l]
# name 3 = sbeox0PS: Oxygen, SBE 43 [% saturation]
# name 4 = c0uS/cm: Conductivity [uS/cm]
# name 5 = specc: Specific Conductance [uS/cm]
# name 6 = ph: pH
# name 7 = orp: Oxidation Reduction Potential [mV]
# name 8 = flECO-AFL: Fluorescence, WET Labs ECO-AFL/FL [mg/m^3]
# name 9 = turbWETntu0: Turbidity, WET Labs ECO [NTU]
# name 10 = sal00: Salinity, Practical [PSU]
# name 11 = dz/dtM: Descent Rate [m/s]
# name 12 = prdM: Pressure, Strain Gauge [db]
# name 13 = prdE: Pressure, Strain Gauge [psi]
# name 14 = scan: Scan Count
# name 15 = par/sat/log: PAR/Logarithmic, Satlantic
# name 16 = flag:  0.000e+00
# span 0 =     -0.540,      2.567       
# span 1 =    18.6279,    26.0971       
# span 2 =    -1.3411,    12.8833       
# span 3 =    -14.418,    143.558       
# span 4 =   0.997009, 114.967600       
# span 5 =      1.016,    131.443       
# span 6 =      0.121,      7.729       
# span 7 = -1240.7455,  1240.2295       
# span 8 =    -0.1900,     3.4573       
# span 9 =    -0.4391,    89.2461       
# span 10 =     0.0113,     0.0646      
# span 11 =     -0.111,      0.247      
# span 12 =     -0.530,      2.517      
# span 13 =     -0.768,      3.651      
# span 14 =          1,        383      
# span 15 = 2.8768e+01, 1.0850e+03      
# span 16 = 0.0000e+00, 0.0000e+00      
# interval = seconds: 0.25
# start_time = Jun 25 2018 15:31:31 [Instrument's time stamp, header]
# bad_flag = -9.990e-29
*END*
[from data line 256]
      0.225    26.0758     8.6205    106.288  33.759264     33.024      7.711   228.3809     2.6163     2.3539     0.0231      0.084      0.222      0.322        257 5.3813e+02 0.0000e+00
      0.243    26.0749     8.6206    106.286  33.714104     33.024      7.716   228.0401     2.6041     2.3136     0.0231      0.084      0.239      0.347        258 5.2585e+02 0.0000e+00
      0.263    26.0746     8.6133    106.193  33.773567     33.024      7.718   227.6237     2.6122     2.3136     0.0231      0.081      0.259      0.376        259 5.0895e+02 0.0000e+00
      0.285    26.0629     8.6040    106.073  33.774228     33.107      7.720   228.4566     2.5920     2.2733     0.0232      0.076      0.281      0.408        260 4.8583e+02 0.0000e+00
      0.312    26.0481     8.5989    106.008  33.446391     32.696      7.717   228.2294     2.8589     2.3002     0.0230      0.073      0.305      0.442        261 4.7002e+02 0.0000e+00
      0.334    26.0389     8.5976    105.988  33.380880     32.704      7.718   228.6080     2.8589     2.3136     0.0230      0.075      0.328      0.475        262 4.5712e+02 0.0000e+00
      0.356    26.0292     8.5932    105.925  33.410940     32.714      7.721   227.6994     2.8629     2.2733     0.0230      0.079      0.351      0.509        263 4.3988e+02 0.0000e+00
      0.384    26.0226     8.5897    105.871  33.260716     32.582      7.725   229.7437     2.8670     2.3404     0.0230      0.086      0.376      0.546        264 4.2292e+02 0.0000e+00
      0.409    26.0185     8.5889    105.849  33.211984     32.534      7.729   230.5387     2.9438     2.3404     0.0229      0.091      0.403      0.584        265 4.0722e+02 0.0000e+00
      0.440    26.0150     8.5893    105.836  33.145395     32.483      7.729   231.2201     2.8993     2.2062     0.0229      0.096      0.430      0.623        266 3.9258e+02 0.0000e+00
      0.466    26.0128     8.5882    105.798  33.165664     32.486      7.723   234.3623     2.9478     2.3404     0.0229      0.099      0.453      0.656        267 3.8655e+02 0.0000e+00
      0.476    26.0113     8.5821    105.704  33.186761     32.543      7.716   232.3559     2.9559     2.4076     0.0229      0.097      0.469      0.680        268 3.7658e+02 0.0000e+00
      0.493    26.0093     8.5681    105.517  33.178450     32.490      7.718   231.6366     3.0570     2.2733     0.0229      0.093      0.488      0.708        269 3.5874e+02 0.0000e+00
      0.528    26.0070     8.5494    105.272  33.235317     32.600      7.710   234.1352     3.0611     2.3270     0.0230      0.093      0.513      0.743        270 3.4981e+02 0.0000e+00
      0.545    26.0057     8.5215    104.907  33.175301     32.492      7.704   233.0373     3.0772     2.2464     0.0229      0.091      0.533      0.773        271 3.4133e+02 0.0000e+00
      0.559    26.0034     8.4908    104.504  33.193832     32.548      7.709   233.4159     3.0692     2.3002     0.0229      0.085      0.549      0.798        272 3.3295e+02 0.0000e+00
      0.578    25.9990     8.4543    104.026  33.212257     32.549      7.710   233.0752     3.0085     2.1793     0.0229      0.081      0.567      0.823        273 3.2363e+02 0.0000e+00
      0.596    25.9934     8.3914    103.229  33.152372     32.496      7.712   233.1130     2.9802     2.1390     0.0229      0.077      0.585      0.848        274 3.1568e+02 0.0000e+00
      0.614    25.9873     8.3370    102.545  33.209049     32.553      7.714   233.7944     2.9600     2.1122     0.0229      0.076      0.604      0.877        275 3.0742e+02 0.0000e+00
      0.639    25.9778     8.2746    101.759  33.201034     32.557      7.714   233.6052     2.9640     2.1390     0.0229      0.078      0.629      0.912        276 2.9298e+02 0.0000e+00
      0.672    25.9651     8.2142    100.991  33.162351     32.506      7.710   235.0059     3.1096     2.3539     0.0229      0.080      0.656      0.952        277 2.8288e+02 0.0000e+00
      0.696    25.9548     8.1498    100.175  33.138577     32.512      7.707   234.6273     3.1096     2.3136     0.0229      0.082      0.681      0.987        278 2.7479e+02 0.0000e+00
      0.715    25.9472     8.0845     99.347  33.171318     32.520      7.700   235.6873     3.1298     2.2867     0.0229      0.086      0.700      1.015        279 2.6755e+02 0.0000e+00
      0.730    25.9392     7.9953     98.233  33.180920     32.581      7.693   236.0280     3.1177     2.3404     0.0229      0.089      0.716      1.038        280 2.6211e+02 0.0000e+00
      0.745    25.9285     7.8753     96.751  33.126630     32.477      7.687   235.6116     3.1177     2.4479     0.0229      0.087      0.732      1.062        281 2.5641e+02 0.0000e+00
      0.765    25.9152     7.7219     94.859  33.120268     32.537      7.682   235.8766     3.1541     2.2733     0.0229      0.085      0.751      1.090        282 2.5039e+02 0.0000e+00
      0.787    25.9005     7.5773     93.075  33.129536     32.489      7.674   236.3309     3.1298     2.3404     0.0229      0.082      0.773      1.121        283 2.4328e+02 0.0000e+00
      0.813    25.8881     7.4536     91.551  33.233718     32.662      7.659   237.0123     3.1460     2.2733     0.0230      0.079      0.797      1.155        284 2.3653e+02 0.0000e+00
      0.837    25.8800     7.3478     90.237  33.287162     32.671      7.653   236.8987     3.0934     2.3673     0.0230      0.078      0.821      1.190        285 2.3108e+02 0.0000e+00
      0.861    25.8698     7.2661     89.215  33.329920     32.762      7.649   237.2394     3.2511     2.2867     0.0230      0.080      0.844      1.224        286 2.2638e+02 0.0000e+00
      0.883    25.8563     7.1953     88.324  33.417746     32.822      7.644   237.8830     3.2713     2.3002     0.0230      0.085      0.866      1.256        287 2.2115e+02 0.0000e+00
      0.905    25.8427     7.1178     87.323  33.563376     32.993      7.638   238.1859     3.2552     2.4076     0.0231      0.088      0.888      1.288        288 2.1572e+02 0.0000e+00
      0.928    25.8296     7.0350     86.239  33.623164     33.057      7.631   239.2837     3.2147     2.2733     0.0231      0.091      0.909      1.318        289 2.1114e+02 0.0000e+00
      0.946    25.8195     6.9131     84.685  33.580584     33.011      7.627   238.9052     3.3199     2.3404     0.0231      0.090      0.927      1.345        290 2.0772e+02 0.0000e+00
      0.962    25.8145     6.7573     82.725  33.616373     33.074      7.620   239.3595     3.3199     2.3539     0.0231      0.087      0.944      1.370        291 2.0348e+02 0.0000e+00
      0.981    25.8107     6.6624     81.523  33.578632     33.026      7.614   240.8737     3.3118     2.3673     0.0231      0.083      0.961      1.395        292 1.9970e+02 0.0000e+00
      0.997    25.8064     6.6888     81.825  33.568247     33.029      7.604   239.8895     3.3158     2.3404     0.0231      0.079      0.978      1.419        293 1.9685e+02 0.0000e+00
      1.014    25.8028     6.8530     83.820  33.569989     33.031      7.598   239.8895     3.3684     2.2867     0.0231      0.075      0.994      1.443        294 1.9325e+02 0.0000e+00
      1.032    25.7941     7.1215     87.056  33.576466     33.034      7.590   241.1766     3.3724     2.1659     0.0231      0.072      1.011      1.467        295 1.9062e+02 0.0000e+00
      1.046    25.7829     7.4444     90.912  33.560190     33.036      7.581   240.6845     3.3724     2.4479     0.0231      0.068      1.026      1.489        296 1.8757e+02 0.0000e+00
      1.062    25.7688     7.7897     95.030  33.590247     33.042      7.577   240.6845     3.3886     2.3404     0.0231      0.066      1.043      1.513        297 1.8442e+02 0.0000e+00
      1.083    25.7377     8.1060     98.792  33.716994     33.215      7.573   240.6087     3.4169     2.2867     0.0231      0.066      1.064      1.543        298 1.7954e+02 0.0000e+00
      1.110    25.6947     8.3710    101.915  33.758320     33.224      7.565   241.6687     3.4573     2.3136     0.0231      0.069      1.088      1.578        299 1.7401e+02 0.0000e+00
      1.136    25.6557     8.5037    103.366  33.894685     33.409      7.554   242.1987     3.4169     2.3807     0.0232      0.074      1.112      1.613        300 1.7039e+02 0.0000e+00
      1.155    25.6223     8.4958    103.130  33.873508     33.410      7.546   242.1230     3.4412     2.3941     0.0232      0.078      1.132      1.641        301 1.6707e+02 0.0000e+00
      1.171    25.5954     8.4097    101.933  33.517798     33.077      7.533   242.9938     3.4129     2.2733     0.0231      0.080      1.147      1.664        302 1.6479e+02 0.0000e+00
      1.184    25.5815     8.3100    100.553  33.269806     32.851      7.520   243.6752     3.2916     2.3270     0.0230      0.080      1.162      1.685        303 1.6231e+02 0.0000e+00
      1.201    25.5719     8.2346     99.505  33.351816     32.951      7.507   243.9402     3.3279     2.3270     0.0230      0.079      1.178      1.709        304 1.5909e+02 0.0000e+00
      1.220    25.5408     8.1855     98.810  33.475059     33.098      7.490   243.6752     3.3199     2.2867     0.0230      0.077      1.197      1.736        305 1.5508e+02 0.0000e+00
      1.242    25.4875     8.1589     98.422  33.590912     33.187      7.475   244.4702     3.3360     2.3404     0.0231      0.074      1.216      1.764        306 1.5183e+02 0.0000e+00
      1.259    25.4295     8.1928     98.711  33.978673     33.622      7.464   244.8866     3.0570     2.3941     0.0232      0.070      1.234      1.790        307 1.4962e+02 0.0000e+00
      1.275    25.3782     8.2798     99.632  34.297338     33.963      7.455   244.5080     3.0489     2.3270     0.0234      0.068      1.254      1.818        308 1.4612e+02 0.0000e+00
      1.300    25.3180     8.3950    100.927  34.528857     34.223      7.451   244.5080     3.0934     2.3941     0.0235      0.071      1.280      1.858        309 1.3960e+02 0.0000e+00
      1.344    25.2348     8.5106    102.223  34.372658     34.148      7.448   244.6973     3.0611     2.3539     0.0234      0.080      1.315      1.908        310 1.3292e+02 0.0000e+00
      1.378    25.1588     8.5817    102.901  33.720709     33.465      7.443   245.1516     3.1298     2.5150     0.0231      0.091      1.347      1.954        311 1.2986e+02 0.0000e+00
      1.400    25.0776     8.6030    102.930  33.679521     33.523      7.442   245.1516     3.1096     2.5821     0.0231      0.099      1.372      1.989        312 1.2692e+02 0.0000e+00
      1.420    24.9870     8.5898    102.544  34.364640     34.240      7.438   245.9088     3.1136     2.4747     0.0234      0.103      1.391      2.017        313 1.2480e+02 0.0000e+00
      1.435    24.9113     8.5479    101.868  34.647462     34.631      7.432   245.6816     3.1136     2.5284     0.0235      0.103      1.408      2.042        314 1.2259e+02 0.0000e+00
      1.453    24.8577     8.4837    100.970  34.335885     34.303      7.425   246.2116     2.9438     2.4613     0.0234      0.101      1.425      2.067        315 1.1961e+02 0.0000e+00
      1.473    24.8170     8.3929     99.779  34.011033     34.102      7.418   247.5366     2.9398     2.4747     0.0233      0.096      1.443      2.094        316 1.1787e+02 0.0000e+00
      1.489    24.7542     8.2594     98.086  34.191749     34.225      7.416   247.4988     2.9317     2.5419     0.0233      0.087      1.460      2.119        317 1.1510e+02 0.0000e+00
      1.508    24.6841     8.0826     95.873  35.060018     35.232      7.409   247.7259     2.9236     2.5284     0.0237      0.076      1.477      2.143        318 1.1334e+02 0.0000e+00
      1.521    24.6362     7.8752     93.273  35.540281     35.699      7.406   247.1202     2.8953     2.8910     0.0239      0.070      1.493      2.166        319 1.1153e+02 0.0000e+00
      1.540    24.5846     7.6516     90.465  35.581107     35.805      7.407   247.4609     2.8468     2.9715     0.0239      0.069      1.513      2.194        320 1.0810e+02 0.0000e+00
      1.568    24.4941     7.4303     87.693  36.225213     36.460      7.402   248.2559     2.8670     2.8776     0.0242      0.070      1.537      2.229        321 1.0494e+02 0.0000e+00
      1.593    24.3748     7.2098     84.932  36.607208     36.975      7.396   248.1423     2.8427     2.9044     0.0244      0.075      1.562      2.265        322 1.0180e+02 0.0000e+00
      1.618    24.2574     7.0186     82.491  36.292093     36.593      7.389   249.8081     2.8629     2.7433     0.0242      0.079      1.584      2.298        323 9.9562e+01 0.0000e+00
      1.635    24.1639     6.8205     79.938  36.320822     36.822      7.379   249.5809     2.8387     2.7164     0.0242      0.082      1.602      2.323        324 9.8297e+01 0.0000e+00
      1.648    24.0939     6.5735     76.776  36.571511     37.081      7.376   250.3759     2.8589     2.7433     0.0243      0.083      1.616      2.343        325 9.7001e+01 0.0000e+00
      1.661    24.0340     6.2659     72.954  36.869946     37.520      7.369   249.9595     2.8468     2.6761     0.0245      0.081      1.629      2.363        326 9.5546e+01 0.0000e+00
      1.675    23.9762     6.0042     69.737  37.076531     37.745      7.369   250.1866     2.8710     2.7164     0.0245      0.077      1.643      2.383        327 9.3919e+01 0.0000e+00
      1.692    23.9129     5.9924     69.480  37.322892     38.047      7.365   250.2245     2.7982     2.9984     0.0246      0.071      1.659      2.407        328 9.1979e+01 0.0000e+00
      1.710    23.8332     6.2158     72.021  37.393871     38.207      7.359   250.5273     2.7982     3.0521     0.0247      0.066      1.677      2.433        329 8.9623e+01 0.0000e+00
      1.730    23.7384     6.4679     74.903  37.611097     38.370      7.354   250.7545     2.7901     2.8776     0.0247      0.063      1.696      2.460        330 8.7738e+01 0.0000e+00
      1.747    23.6443     6.6347     76.666  37.556823     38.576      7.345   251.3223     2.7861     3.0253     0.0248      0.062      1.713      2.485        331 8.6231e+01 0.0000e+00
      1.764    23.5439     6.6643     76.935  38.262302     39.023      7.342   251.4359     2.7416     2.9044     0.0250      0.065      1.732      2.512        332 8.4333e+01 0.0000e+00
      1.786    23.4241     6.5971     76.062  38.720524     40.134      7.332   250.8681     2.7295     2.9178     0.0254      0.068      1.754      2.543        333 8.1439e+01 0.0000e+00
      1.815    23.2732     6.5359     75.240  38.351076     39.093      7.319   252.0795     2.7376     2.9581     0.0249      0.074      1.781      2.582        334 7.8153e+01 0.0000e+00
      1.847    23.0929     6.5133     74.871  37.565306     39.277      7.310   253.1395     2.7618     2.9447     0.0250      0.081      1.807      2.621        335 7.6206e+01 0.0000e+00
      1.865    22.9257     6.5538     75.092  34.804649     35.577      7.300   254.4266     2.8548     3.2267     0.0234      0.086      1.827      2.649        336 7.5288e+01 0.0000e+00
      1.875    22.7992     6.7025     76.440  35.054134     36.701      7.290   254.5781     2.8751     3.1058     0.0238      0.086      1.839      2.668        337 7.4342e+01 0.0000e+00
      1.887    22.7058     7.0087     79.605  36.987837     38.431      7.285   255.2595     2.8710     3.1998     0.0245      0.083      1.850      2.685        338 7.3364e+01 0.0000e+00
      1.900    22.6749     7.6483     86.580  37.796151     39.645      7.274   255.9031     2.8629     3.1864     0.0250      0.079      1.864      2.705        339 7.2050e+01 0.0000e+00
      1.918    22.6371     8.6079     97.187  38.170985     39.956      7.261   255.7895     2.8508     3.0924     0.0251      0.074      1.882      2.730        340 7.0281e+01 0.0000e+00
