Data/DataNotYetUploadedToEDI/Raw_CTD/RawDownloads/062518_fcr50.cnv
* Sea-Bird SBE19plus  Data File:
* FileName = C:\DATA\062518_fcr50_0001.hex
* Software version 2.6.3.104
* Temperature SN = 7809
* Conductivity SN = 7809
* System UpLoad Time = Jun 25 2018 08:52:00
* <ApplicationData>
* <Seaterm232>
# nquan = 17
# nvalues = 1070                        
# units = specified
# name 0 = depFM: Depth [fresh water, m]
# name 1 = tv290C: Temperature [ITS-90, deg C]
# name 2 = sbeox0Mg/L: Oxygen, SBE 43 [mg/l]
# name 3 = sbeox0PS: Oxygen, SBE 43 [% saturation]
# name 4 = c0uS/cm: Conductivity [uS/cm]
# name 5 = specc: Specific Conductance [uS/cm]
# name 6 = ph: pH
# name 7 = orp: Oxidation Reduction Potential [mV]
# name 8 = flECO-AFL: Fluorescence, WET Labs ECO-AFL/FL [mg/m^3]
# name 9 = turbWETntu0: Turbidity, WET Labs ECO [NTU]
# name 10 = sal00: Salinity, Practical [PSU]
# name 11 = dz/dtM: Descent Rate [m/s]
# name 12 = prdM: Pressure, Strain Gauge [db]
# name 13 = prdE: Pressure, Strain Gauge [psi]
# name 14 = scan: Scan Count
# name 15 = par/sat/log: PAR/Logarithmic, Satlantic
# name 16 = flag:  0.000e+00
# span 0 =     -0.537,      9.692       
# span 1 =    10.8486,    26.2224       
# span 2 =     4.1208,    12.0069       
# span 3 =     38.275,    144.182       
# span 4 =   0.738193,  35.251810       
# span 5 =      0.751,     44.576       
# span 6 =      5.009,      8.101       
# span 7 = -1240.7455,   354.7862       
# span 8 =    -0.2021,     8.6898       
# span 9 =    -0.3183,    29.1695       
# span 10 =     0.0114,     0.0237      
# span 11 =     -0.092,      0.261      
# span 12 =     -0.527,      9.504      
# span 13 =     -0.764,     13.785      
# span 14 =          1,       1070      
# span 15 = 1.2457e-01, 1.5435e+02      
# span 16 = 0.0000e+00, 0.0000e+00      
# interval = seconds: 0.25
# start_time = Jun 25 2018 14:39:56 [Instrument's time stamp, header]
# bad_flag = -9.990e-29
*END*
[from data line 341]
      0.124    26.2035     8.4753    104.856  33.619939     32.831      7.840   275.6267     2.9115     1.7362     0.0231     -0.000      0.122      0.176        342 9.5672e+01 0.0000e+00
      0.124    26.2041     8.4918    105.060  33.578731     32.778      7.839   275.4753     2.9155     1.6959     0.0231     -0.000      0.122      0.176        343 9.5358e+01 0.0000e+00
      0.124    26.2050     8.4944    105.092  33.564268     32.778      7.843   275.7403     2.8953     1.7093     0.0231     -0.000      0.121      0.176        344 9.4875e+01 0.0000e+00
      0.124    26.2058     8.4821    104.939  33.578628     32.778      7.843   276.3838     2.9115     1.7093     0.0231     -0.000      0.121      0.176        345 9.4932e+01 0.0000e+00
      0.124    26.2056     8.4708    104.801  33.620170     32.831      7.845   276.1946     2.9276     1.7630     0.0231     -0.000      0.122      0.177        346 9.5109e+01 0.0000e+00
      0.124    26.2046     8.4491    104.534  33.631189     32.831      7.847   277.3303     2.8953     1.7496     0.0231      0.000      0.122      0.177        347 9.5005e+01 0.0000e+00
      0.124    26.2035     8.4345    104.356  33.624225     32.831      7.847   276.9138     3.0045     1.6959     0.0231     -0.000      0.121      0.176        348 9.4865e+01 0.0000e+00
      0.124    26.2027     8.4254    104.244  33.628837     32.832      7.848   277.2924     3.0004     1.6690     0.0231     -0.000      0.121      0.176        349 9.4846e+01 0.0000e+00
      0.125    26.2022     8.4280    104.277  33.625449     32.833      7.849   276.6867     2.9721     1.6422     0.0231      0.000      0.121      0.176        350 9.4766e+01 0.0000e+00
      0.124    26.2017     8.4301    104.304  33.628442     32.833      7.848   276.7624     3.0166     1.6959     0.0231      0.000      0.121      0.176        351 9.5402e+01 0.0000e+00
      0.124    26.2013     8.4269    104.265  33.625112     32.833      7.851   277.2546     3.0085     1.7228     0.0231      0.000      0.121      0.176        352 9.6013e+01 0.0000e+00
      0.124    26.2008     8.4086    104.038  33.629592     32.834      7.848   277.8981     2.8508     1.6959     0.0231     -0.000      0.121      0.176        353 9.4628e+01 0.0000e+00
      0.125    26.2007     8.4082    104.035  33.563557     32.779      7.849   278.0496     2.8670     1.7228     0.0231      0.000      0.122      0.177        354 9.4295e+01 0.0000e+00
      0.124    26.2009     8.4185    104.164  33.529363     32.725      7.850   278.2010     2.8427     1.6019     0.0231      0.000      0.122      0.177        355 9.5549e+01 0.0000e+00
      0.125    26.2015     8.4258    104.255  33.553527     32.780      7.851   277.7467     2.8791     1.6825     0.0231      0.000      0.122      0.177        356 9.4863e+01 0.0000e+00
      0.124    26.2028     8.4386    104.414  33.533487     32.725      7.851   278.2389     2.9883     1.7093     0.0231      0.000      0.122      0.177        357 9.4269e+01 0.0000e+00
      0.125    26.2037     8.4379    104.407  33.613614     32.834      7.853   278.1253     2.9721     1.6959     0.0231      0.000      0.122      0.177        358 9.5018e+01 0.0000e+00
      0.124    26.2040     8.4402    104.437  33.631739     32.833      7.853   278.5039     2.9802     1.7362     0.0231      0.000      0.122      0.177        359 9.4695e+01 0.0000e+00
      0.125    26.2042     8.4410    104.448  33.570238     32.778      7.854   278.3903     2.9762     1.6422     0.0231      0.000      0.122      0.177        360 9.5282e+01 0.0000e+00
      0.124    26.2047     8.4542    104.612  33.571531     32.778      7.857   278.2767     2.7821     1.7630     0.0231     -0.000      0.122      0.177        361 9.5210e+01 0.0000e+00
      0.125    26.2051     8.4580    104.658  33.570821     32.778      7.854   278.9960     2.7901     1.7362     0.0231     -0.000      0.122      0.177        362 9.4113e+01 0.0000e+00
      0.124    26.2055     8.4699    104.804  33.571122     32.777      7.858   278.9581     2.7699     1.6422     0.0231     -0.000      0.122      0.177        363 9.5008e+01 0.0000e+00
      0.124    26.2061     8.4566    104.636  33.571157     32.777      7.852   278.6931     2.7618     1.5750     0.0231     -0.000      0.122      0.177        364 9.4811e+01 0.0000e+00
      0.124    26.2067     8.4696    104.795  33.570777     32.777      7.853   278.8067     2.9115     1.6959     0.0231     -0.000      0.122      0.177        365 9.4070e+01 0.0000e+00
      0.125    26.2075     8.4706    104.805  33.571594     32.776      7.854   278.9581     2.9398     1.7093     0.0231      0.000      0.122      0.177        366 9.4272e+01 0.0000e+00
      0.124    26.2080     8.4748    104.856  33.570140     32.776      7.850   278.6553     2.9074     1.7093     0.0231     -0.000      0.122      0.177        367 9.4625e+01 0.0000e+00
      0.124    26.2086     8.4808    104.930  33.572586     32.775      7.849   278.9581     2.8993     1.7093     0.0231     -0.000      0.122      0.177        368 9.5310e+01 0.0000e+00
      0.124    26.2094     8.4837    104.961  33.568550     32.775      7.846   278.8824     2.9883     1.7093     0.0231     -0.000      0.122      0.177        369 9.5103e+01 0.0000e+00
      0.124    26.2102     8.4823    104.942  33.545507     32.747      7.845   278.0496     2.9802     1.7228     0.0231     -0.000      0.122      0.177        370 9.4381e+01 0.0000e+00
      0.124    26.2102     8.4881    105.014  33.512298     32.720      7.845   278.3903     2.9883     1.7899     0.0231     -0.000      0.122      0.176        371 9.4634e+01 0.0000e+00
      0.124    26.2096     8.4894    105.032  33.520914     32.719      7.841   278.5039     3.0045     1.7630     0.0231     -0.000      0.122      0.176        372 9.5027e+01 0.0000e+00
      0.124    26.2085     8.4790    104.904  33.564437     32.774      7.840   278.3903     2.9721     1.7093     0.0231     -0.000      0.122      0.176        373 9.4219e+01 0.0000e+00
      0.124    26.2071     8.4835    104.959  33.576753     32.774      7.839   279.1853     2.8953     1.6690     0.0231     -0.000      0.122      0.176        374 9.3767e+01 0.0000e+00
      0.124    26.2062     8.4843    104.968  33.564899     32.775      7.840   279.2989     2.9398     1.6556     0.0231      0.000      0.122      0.177        375 9.4767e+01 0.0000e+00
      0.125    26.2055     8.4871    105.002  33.579191     32.776      7.840   278.9960     2.9317     1.8167     0.0231      0.000      0.122      0.177        376 9.4368e+01 0.0000e+00
      0.125    26.2049     8.4897    105.033  33.618277     32.831      7.839   278.8824     2.9317     1.7496     0.0231      0.000      0.122      0.177        377 9.4388e+01 0.0000e+00
      0.124    26.2040     8.4960    105.110  33.575567     32.777      7.838   278.3903     2.9398     1.9242     0.0231      0.000      0.122      0.177        378 9.4762e+01 0.0000e+00
      0.125    26.2022     8.5036    105.205  33.573033     32.777      7.838   278.3146     2.9357     1.9510     0.0231      0.000      0.122      0.177        379 9.4448e+01 0.0000e+00
      0.124    26.2011     8.5159    105.354  33.621430     32.832      7.837   278.5796     2.9155     1.9376     0.0231      0.000      0.122      0.177        380 9.5329e+01 0.0000e+00
      0.124    26.2013     8.5263    105.483  33.633956     32.833      7.837   278.9960     2.9115     1.9510     0.0231     -0.000      0.122      0.177        381 9.5287e+01 0.0000e+00
      0.125    26.2019     8.5204    105.409  33.616755     32.834      7.834   279.1096     3.0247     1.7093     0.0231      0.000      0.122      0.177        382 9.4891e+01 0.0000e+00
      0.124    26.2023     8.5031    105.197  33.583529     32.779      7.833   279.0339     3.0570     1.6556     0.0231     -0.000      0.122      0.177        383 9.4898e+01 0.0000e+00
      0.124    26.2023     8.4843    104.964  33.615995     32.834      7.830   278.9960     3.0772     1.7362     0.0231     -0.000      0.122      0.177        384 9.4883e+01 0.0000e+00
      0.125    26.2019     8.4720    104.812  33.635659     32.833      7.828   278.9960     3.0772     1.7228     0.0231      0.000      0.122      0.177        385 9.4648e+01 0.0000e+00
      0.125    26.2012     8.4644    104.718  33.559058     32.779      7.826   279.1853     3.0449     1.6556     0.0231      0.000      0.122      0.177        386 9.4841e+01 0.0000e+00
      0.125    26.2004     8.4538    104.587  33.533397     32.724      7.822   278.6931     3.0247     1.7765     0.0231      0.000      0.122      0.177        387 9.4905e+01 0.0000e+00
      0.125    26.2005     8.4369    104.376  33.608286     32.834      7.820   279.6396     3.0166     1.6690     0.0231      0.000      0.122      0.177        388 9.4569e+01 0.0000e+00
      0.125    26.2001     8.4129    104.074  33.584479     32.780      7.815   279.6017     3.0489     1.7630     0.0231      0.000      0.122      0.177        389 9.4691e+01 0.0000e+00
      0.125    26.1993     8.4014    103.931  33.563021     32.780      7.815   279.6774     3.0085     1.6959     0.0231      0.000      0.122      0.177        390 9.4731e+01 0.0000e+00
      0.124    26.1990     8.4021    103.941  33.575678     32.780      7.811   279.7531     2.9721     1.5885     0.0231      0.000      0.122      0.177        391 9.4520e+01 0.0000e+00
      0.124    26.1989     8.4076    104.016  33.568729     32.781      7.811   279.6774     2.9681     1.7362     0.0231     -0.000      0.122      0.177        392 9.4692e+01 0.0000e+00
      0.125    26.1995     8.4204    104.176  33.630982     32.835      7.810   279.6396     2.9842     1.7630     0.0231     -0.000      0.122      0.177        393 9.5132e+01 0.0000e+00
      0.125    26.1998     8.4461    104.490  33.616826     32.835      7.806   280.5103     3.0004     1.6556     0.0231     -0.000      0.122      0.177        394 9.4108e+01 0.0000e+00
      0.125    26.1996     8.4580    104.637  33.586346     32.781      7.805   280.3589     2.8508     1.6288     0.0231      0.000      0.122      0.177        395 9.4175e+01 0.0000e+00
      0.125    26.1995     8.4781    104.888  33.609604     32.835      7.803   280.1696     2.8508     1.6556     0.0231      0.000      0.122      0.177        396 9.5331e+01 0.0000e+00
      0.124    26.1997     8.4761    104.856  33.587881     32.780      7.800   280.4724     2.8670     1.6690     0.0231      0.000      0.122      0.176        397 9.4155e+01 0.0000e+00
      0.124    26.1986     8.4803    104.900  33.613380     32.835      7.797   280.0181     2.8548     1.8570     0.0231     -0.000      0.122      0.176        398 9.4611e+01 0.0000e+00
      0.124    26.1965     8.4756    104.845  33.637181     32.835      7.791   280.2453     2.9721     1.7362     0.0231     -0.000      0.123      0.179        399 9.4851e+01 0.0000e+00
      0.130    26.1954     8.4847    104.961  33.676879     32.890      7.793   278.8067     2.9923     1.6959     0.0231      0.001      0.128      0.186        400 9.2075e+01 0.0000e+00
      0.140    26.1965     8.4887    105.011  33.623286     32.837      7.775   278.9960     3.0045     1.6690     0.0231      0.005      0.135      0.196        401 9.2221e+01 0.0000e+00
      0.142    26.2000     8.4896    105.022  33.525950     32.729      7.716   278.6174     2.9802     1.6825     0.0231      0.008      0.139      0.201        402 9.2614e+01 0.0000e+00
      0.142    26.2008     8.4883    105.005  33.560774     32.783      7.672   279.1474     3.0409     1.8167     0.0231      0.010      0.139      0.200        403 9.2691e+01 0.0000e+00
      0.139    26.1986     8.4811    104.913  33.579947     32.780      7.646   279.5260     3.0206     1.6153     0.0231      0.011      0.135      0.195        404 9.3562e+01 0.0000e+00
      0.130    26.1990     8.4642    104.703  33.620708     32.834      7.653   279.0339     3.0247     1.6288     0.0231      0.008      0.126      0.182        405 9.6128e+01 0.0000e+00
      0.115    26.1999     8.4496    104.525  33.628666     32.836      7.694   278.4281     3.0287     1.7228     0.0231      0.000      0.112      0.162        406 9.6053e+01 0.0000e+00
      0.098    26.1961     8.4395    104.404  33.629354     32.835      7.724   278.3903     2.9236     1.7899     0.0231     -0.011      0.094      0.136        407 1.0208e+02 0.0000e+00
      0.073    26.1923     8.4361    104.363  33.619852     32.835      7.759   278.3146     2.9438     1.7093     0.0231     -0.027      0.071      0.102        408 1.0876e+02 0.0000e+00
      0.046    26.1935     8.4322    104.316  33.581179     32.783      7.786   278.4281     2.9115     1.7228     0.0231     -0.045      0.046      0.066        409 1.0927e+02 0.0000e+00
      0.020    26.1956     8.4451    104.474  33.618172     32.840      7.814   277.8603     2.9034     1.7362     0.0231     -0.062      0.025      0.035        410 1.1536e+02 0.0000e+00
      0.011    26.1959     8.4640    104.696  33.633126     32.839      7.841   278.0496     2.6607     1.5348     0.0231     -0.072      0.014      0.019        411 1.1209e+02 0.0000e+00
      0.010    26.1956     8.4777    104.857  33.621878     32.838      7.871   276.9896     2.6729     1.5750     0.0231     -0.073      0.011      0.015        412 1.1581e+02 0.0000e+00
      0.013    26.1949     8.4859    104.958  33.632170     32.837      7.888   277.7467     2.6486     1.5616     0.0231     -0.066      0.010      0.015        413 1.1915e+02 0.0000e+00
      0.009    26.1935     8.4916    105.028  33.620318     32.838      7.866   277.3681     2.6769     1.4408     0.0231     -0.055      0.005      0.007        414 1.1429e+02 0.0000e+00
     -0.008    26.1929     8.4676    104.726  33.577319     32.783      7.849   276.8381     2.6607     1.4408     0.0231     -0.045     -0.009     -0.013        415 1.1657e+02 0.0000e+00
     -0.027    26.1944     8.4434    104.420  33.567064     32.784      7.852   276.1567     2.6607     1.6825     0.0231     -0.038     -0.025     -0.036        416 1.1432e+02 0.0000e+00
     -0.041    26.1963     8.4268    104.211  33.573770     32.785      7.865   276.0431     2.6607     1.7093     0.0231     -0.034     -0.037     -0.054        417 1.1478e+02 0.0000e+00
     -0.045    26.1971     8.4130    104.043  33.568974     32.784      7.878   276.1567     2.6769     1.7496     0.0231     -0.033     -0.045     -0.065        418 1.1473e+02 0.0000e+00
     -0.052    26.1979     8.3988    103.869  33.573032     32.783      7.883   275.9296     2.6527     1.6959     0.0231     -0.036     -0.053     -0.078        419 1.1265e+02 0.0000e+00
     -0.066    26.1966     8.3736    103.561  33.568716     32.782      7.885   276.3838     2.7214     1.6825     0.0231     -0.042     -0.067     -0.098        420 1.1184e+02 0.0000e+00
     -0.089    26.1910     8.3570    103.361  33.574343     32.782      7.897   275.8538     2.7376     1.7362     0.0231     -0.048     -0.087     -0.126        421 1.1011e+02 0.0000e+00
     -0.110    26.1864     8.3609    103.417  33.566030     32.782      7.902   276.7624     2.7416     1.7630     0.0231     -0.053     -0.108     -0.156        422 1.0945e+02 0.0000e+00
     -0.131    26.1858     8.3691    103.527  33.579063     32.786      7.898   276.8381     2.6971     1.6556     0.0231     -0.056     -0.131     -0.189        423 1.0719e+02 0.0000e+00
     -0.159    26.1855     8.3775    103.638  33.617436     32.844      7.897   277.3303     2.6648     1.6690     0.0231     -0.063     -0.157     -0.228        424 1.0571e+02 0.0000e+00
     -0.191    26.1832     8.3925    103.821  33.577587     32.789      7.897   275.7403     2.6688     1.7496     0.0231     -0.075     -0.185     -0.268        425 1.0480e+02 0.0000e+00
