Data/DataNotYetUploadedToEDI/Raw_CTD/RawDownloads/062518_fcr10.cnv
* Sea-Bird SBE19plus  Data File:
* FileName = C:\DATA\062518_fcr_0001.hex
* Software version 2.6.3.104
* Temperature SN = 7809
* Conductivity SN = 7809
* System UpLoad Time = Jun 25 2018 17:13:05
* <ApplicationData>
* <Seaterm232>
# nquan = 17
# nvalues = 383                         
# units = specified
# name 0 = depFM: Depth [fresh water, m]
# name 1 = tv290C: Temperature [ITS-90, deg C]
# name 2 = sbeox0Mg/L: Oxygen, SBE 43 [mg/l]
# name 3 = sbeox0PS: Oxygen, SBE 43 [% saturation]
# name 4 = c0uS/cm: Conductivity [uS/cm]
# name 5 = specc: Specific Conductance [uS/cm]
# name 6 = ph: pH
# name 7 = orp: Oxidation Reduction Potential [mV]
# name 8 = flECO-AFL: Fluorescence, WET Labs ECO-AFL/FL [mg/m^3]
# name 9 = turbWETntu0: Turbidity, WET Labs ECO [NTU]
# name 10 = sal00: Salinity, Practical [PSU]
# name 11 = dz/dtM: Descent Rate [m/s]
# name 12 = prdM: Pressure, Strain Gauge [db]
# name 13 = prdE: Pressure, Strain Gauge [psi]
# name 14 = scan: Scan Count
# name 15 = par/sat/log: PAR/Logarithmic, Satlantic
# name 16 = flag:  0.000e+00
# span 0 =     -0.540,      2.567       
# span 1 =    18.6279,    26.0971       
# span 2 =    -1.3411,    12.8833       
# span 3 =    -14.418,    143.558       
# span 4 =   0.997009, 114.967600       
# span 5 =      1.016,    131.443       
# span 6 =      0.121,      7.729       
# span 7 = -1240.7455,  1240.2295       
# span 8 =    -0.1900,     3.4573       
# span 9 =    -0.4391,    89.2461       
# span 10 =     0.0113,     0.0646      
# span 11 =     -0.111,      0.247      
# span 12 =     -0.530,      2.517      
# span 13 =     -0.768,      3.651      
# span 14 =          1,        383      
# span 15 = 2.8768e+01, 1.0850e+03      
# span 16 = 0.0000e+00, 0.0000e+00      
# interval = seconds: 0.25
# start_time = Jun 25 2018 15:31:31 [Instrument's time stamp, header]
# bad_flag = -9.990e-29
*END*
[from data line 171]
      0.153    25.6282     5.7391     70.518  34.576821     34.143      7.664   222.2480     2.8831     2.5284     0.0235      0.003      0.150      0.218        172 4.8358e+02 0.0000e+00
      0.153    25.6247     6.3451     78.112  34.518021     34.088      7.669   222.1723     2.8751     2.4479     0.0235      0.002      0.150      0.217        173 4.8326e+02 0.0000e+00
      0.152    25.6211     7.1025     87.531  34.473260     34.034      7.674   222.7780     2.8427     2.5419     0.0234      0.000      0.150      0.217        174 4.8958e+02 0.0000e+00
      0.153    25.6195     7.9033     97.455  34.484246     34.064      7.679   222.3615     2.8670     2.4344     0.0234     -0.001      0.153      0.221        175 4.9474e+02 0.0000e+00
      0.162    25.6223     8.5466    105.415  34.534005     34.094      7.680   222.7401     2.8589     2.4881     0.0235      0.001      0.160      0.232        176 4.9569e+02 0.0000e+00
      0.174    25.6241     9.0512    111.653  34.618928     34.205      7.681   222.7401     2.8265     2.2330     0.0235      0.007      0.171      0.248        177 4.9126e+02 0.0000e+00
      0.186    25.6234     9.3879    115.820  34.586154     34.148      7.683   223.1566     2.8184     2.2196     0.0235      0.014      0.181      0.263        178 4.8834e+02 0.0000e+00
      0.196    25.6208     9.5343    117.638  34.456168     34.036      7.682   223.0808     2.8063     2.2464     0.0234      0.021      0.191      0.277        179 4.8820e+02 0.0000e+00
      0.203    25.6202     9.5129    117.379  34.484132     34.037      7.684   214.8658     2.7982     2.2599     0.0234      0.027      0.200      0.290        180 4.8725e+02 0.0000e+00
      0.214    25.6868     9.3838    115.787  34.521697     34.121      7.682   214.3737     2.6567     2.3002     0.0235      0.033      0.209      0.303        181 4.8604e+02 0.0000e+00
      0.221    25.8216     9.2263    113.842  34.053553     33.626      7.679   214.0708     2.6850     2.3404     0.0233      0.037      0.214      0.309        182 4.9324e+02 0.0000e+00
      0.217    25.9277     9.0886    112.144  33.583948     33.114      7.676   214.6765     2.6688     2.3136     0.0231      0.035      0.211      0.306        183 5.1530e+02 0.0000e+00
      0.206    25.9865     8.9960    111.002  33.564005     33.023      7.669   214.5251     2.6688     2.3673     0.0231      0.026      0.204      0.296        184 5.3041e+02 0.0000e+00
      0.202    26.0183     8.9356    110.261  33.574182     32.956      7.666   215.4715     2.6648     2.1927     0.0231      0.015      0.200      0.290        185 5.3905e+02 0.0000e+00
      0.203    26.0319     8.8921    109.739  33.511927     32.862      7.664   213.9572     2.6688     2.1659     0.0231      0.006      0.198      0.286        186 5.4909e+02 0.0000e+00
      0.198    26.0398     8.8530    109.273  33.493180     32.815      7.665   213.3137     2.6891     2.0987     0.0230     -0.002      0.193      0.279        187 5.5360e+02 0.0000e+00
      0.190    26.0460     8.8094    108.745  33.567842     32.888      7.672   214.2222     2.6810     2.0987     0.0231     -0.010      0.186      0.269        188 5.6737e+02 0.0000e+00
      0.180    26.0514     8.7640    108.197  33.626584     32.938      7.677   213.9194     2.5920     2.2464     0.0231     -0.018      0.178      0.259        189 5.8324e+02 0.0000e+00
      0.176    26.0539     8.7136    107.587  33.568345     32.879      7.685   213.7301     2.6284     2.3136     0.0231     -0.022      0.175      0.254        190 5.8399e+02 0.0000e+00
      0.181    26.0543     8.6677    107.025  33.462390     32.766      7.686   214.8658     2.6163     2.4344     0.0230     -0.019      0.178      0.257        191 5.8230e+02 0.0000e+00
      0.186    26.0539     8.6268    106.518  33.491551     32.792      7.691   215.9637     2.6203     2.3404     0.0230     -0.014      0.179      0.259        192 5.8699e+02 0.0000e+00
      0.180    26.0540     8.6070    106.268  33.502398     32.819      7.689   214.8658     2.7295     2.0987     0.0231     -0.012      0.174      0.252        193 5.9836e+02 0.0000e+00
      0.166    26.0542     8.5961    106.129  33.419235     32.710      7.687   214.8658     2.7376     2.1122     0.0230     -0.013      0.161      0.232        194 6.1577e+02 0.0000e+00
      0.146    26.0566     8.5992    106.165  33.446774     32.765      7.681   216.6072     2.7133     2.2196     0.0230     -0.017      0.139      0.201        195 6.3857e+02 0.0000e+00
      0.112    26.0640     8.6107    106.307  33.408819     32.710      7.684   215.8880     2.7214     2.2062     0.0230     -0.028      0.105      0.152        196 6.7837e+02 0.0000e+00
      0.064    26.0720     8.6274    106.514  33.407160     32.708      7.687   216.8344     2.7174     2.0987     0.0230     -0.049      0.064      0.092        197 7.6536e+02 0.0000e+00
      0.020    26.0776     8.6428    106.704  33.419182     32.731      7.690   218.8408     2.5920     2.1927     0.0230     -0.076      0.026      0.037        198 8.5042e+02 0.0000e+00
     -0.004    26.0836     8.6528    106.828  33.364200     32.644      7.689   218.6894     2.5880     2.1524     0.0230     -0.100      0.003      0.004        199 8.3602e+02 0.0000e+00
     -0.006    26.0895     8.6585    106.897  33.386617     32.695      7.686   221.8315     2.6001     2.1659     0.0230     -0.111     -0.006     -0.008        200 8.5091e+02 0.0000e+00
     -0.010    26.0922     8.6573    106.881  33.361627     32.636      7.680   223.0808     2.6001     2.2196     0.0230     -0.109     -0.007     -0.012        201 8.8780e+02 0.0000e+00
     -0.009    26.0915     8.6600    106.913  33.335988     32.632      7.684   223.8001     2.3332     2.1793     0.0230     -0.096     -0.007     -0.012        202 8.4841e+02 0.0000e+00
     -0.006    26.0887     8.6663    106.990  33.359214     32.631      7.690   223.9894     2.3736     2.1256     0.0230     -0.075     -0.006     -0.010        203 8.5035e+02 0.0000e+00
     -0.006    26.0863     8.6584    106.891  33.362376     32.658      7.695   225.1251     2.3332     2.1524     0.0230     -0.049     -0.006     -0.009        204 8.6030e+02 0.0000e+00
     -0.007    26.0853     8.6532    106.827  33.361706     32.633      7.706   225.4280     2.3453     2.1659     0.0230     -0.024     -0.007     -0.010        205 8.5369e+02 0.0000e+00
     -0.008    26.0852     8.6529    106.822  33.389703     32.689      7.711   225.6173     2.4020     2.0987     0.0230     -0.008     -0.008     -0.011        206 8.6096e+02 0.0000e+00
     -0.009    26.0854     8.6525    106.819  33.416498     32.690      7.719   226.1851     2.3898     2.0719     0.0230     -0.001     -0.008     -0.012        207 8.5481e+02 0.0000e+00
     -0.008    26.0855     8.6566    106.870  33.387669     32.690      7.718   226.5637     2.4262     2.1122     0.0230     -0.000     -0.008     -0.012        208 8.5461e+02 0.0000e+00
     -0.008    26.0857     8.6532    106.829  33.366272     32.635      7.717   227.3208     2.4262     2.1927     0.0230      0.000     -0.008     -0.011        209 8.5016e+02 0.0000e+00
     -0.007    26.0854     8.6581    106.891  33.413470     32.717      7.705   227.1316     2.5637     2.3002     0.0230     -0.000     -0.007     -0.010        210 8.4349e+02 0.0000e+00
     -0.007    26.0845     8.6649    106.976  33.417895     32.689      7.696   227.5858     2.5111     2.2196     0.0230     -0.000     -0.007     -0.010        211 8.4352e+02 0.0000e+00
     -0.008    26.0837     8.6649    106.980  33.390422     32.690      7.687   227.8130     2.5394     2.2062     0.0230     -0.000     -0.007     -0.011        212 8.3708e+02 0.0000e+00
     -0.008    26.0834     8.6616    106.947  33.358697     32.636      7.684   228.1159     2.5516     2.2867     0.0230      0.000     -0.008     -0.011        213 8.3542e+02 0.0000e+00
     -0.008    26.0829     8.6702    107.058  33.338759     32.636      7.679   228.0401     2.4869     2.3136     0.0230      0.000     -0.008     -0.011        214 8.3417e+02 0.0000e+00
     -0.008    26.0826     8.6755    107.128  33.355926     32.636      7.679   227.5480     2.4586     2.3002     0.0230      0.000     -0.008     -0.011        215 8.3112e+02 0.0000e+00
     -0.008    26.0825     8.6796    107.180  33.366986     32.664      7.686   228.4187     2.4909     2.2330     0.0230     -0.000     -0.007     -0.011        216 8.3036e+02 0.0000e+00
     -0.008    26.0830     8.6775    107.155  33.354648     32.637      7.694   228.3051     2.4626     2.3002     0.0230     -0.000     -0.007     -0.011        217 8.2918e+02 0.0000e+00
     -0.008    26.0835     8.6685    107.042  33.341627     32.637      7.697   227.7373     2.4788     2.2464     0.0230     -0.000     -0.007     -0.011        218 8.2858e+02 0.0000e+00
     -0.008    26.0837     8.6696    107.051  33.353538     32.637      7.704   228.7594     2.5273     2.2733     0.0230     -0.000     -0.007     -0.011        219 8.2977e+02 0.0000e+00
     -0.007    26.0842     8.6764    107.130  33.399134     32.691      7.707   227.9644     2.5475     2.2464     0.0230      0.000     -0.007     -0.010        220 8.2693e+02 0.0000e+00
     -0.007    26.0850     8.6757    107.118  33.403500     32.691      7.713   228.8351     2.5435     2.2330     0.0230      0.000     -0.007     -0.010        221 8.2219e+02 0.0000e+00
     -0.007    26.0872     8.6649    106.983  33.377758     32.663      7.719   228.8730     2.5192     2.3404     0.0230      0.001     -0.007     -0.010        222 8.2328e+02 0.0000e+00
     -0.007    26.0907     8.6576    106.895  33.342205     32.635      7.717   229.8951     2.4788     2.3807     0.0230      0.001     -0.007     -0.010        223 8.2082e+02 0.0000e+00
     -0.007    26.0937     8.6568    106.886  33.269819     32.552      7.715   229.6680     2.4950     2.2733     0.0230      0.001     -0.006     -0.009        224 8.2278e+02 0.0000e+00
     -0.006    26.0958     8.6649    106.981  33.260260     32.550      7.713   229.3273     2.5030     2.2599     0.0230      0.001     -0.006     -0.009        225 8.2482e+02 0.0000e+00
     -0.007    26.0970     8.6720    107.065  33.265136     32.548      7.714   229.6301     2.4343     2.3136     0.0230      0.001     -0.006     -0.009        226 8.2893e+02 0.0000e+00
     -0.007    26.0971     8.6729    107.073  33.263751     32.546      7.717   230.0087     2.5960     2.1390     0.0230      0.001     -0.006     -0.009        227 8.6035e+02 0.0000e+00
     -0.007    26.0958     8.6656    106.980  33.261984     32.546      7.716   229.5166     2.6001     2.1659     0.0230      0.000     -0.006     -0.009        228 8.5595e+02 0.0000e+00
     -0.007    26.0935     8.6650    106.970  33.267335     32.545      7.719   230.4630     2.6001     2.0853     0.0230      0.000     -0.006     -0.009        229 8.2502e+02 0.0000e+00
     -0.006    26.0914     8.6505    106.791  33.257093     32.546      7.720   230.9551     2.5960     2.1390     0.0230 -1.936e-12     -0.006     -0.008        230 8.3426e+02 0.0000e+00
     -0.005    26.0895     8.6458    106.733  33.274730     32.548      7.718   230.9551     2.4667     2.1793     0.0230      0.000     -0.005     -0.008        231 8.3337e+02 0.0000e+00
     -0.006    26.0888     8.6484    106.764  33.334349     32.631      7.720   231.2201     2.4788     2.1256     0.0230      0.000     -0.005     -0.008        232 8.3138e+02 0.0000e+00
     -0.006    26.0895     8.6535    106.825  33.360824     32.632      7.722   231.3716     2.4788     2.1122     0.0230      0.000     -0.006     -0.009        233 8.3422e+02 0.0000e+00
     -0.006    26.0897     8.6647    106.960  33.301091     32.605      7.721   231.3337     2.4667     2.1524     0.0230      0.000     -0.006     -0.009        234 8.3311e+02 0.0000e+00
     -0.006    26.0877     8.6810    107.152  33.230761     32.496      7.723   230.7280     2.3979     2.2464     0.0229      0.001     -0.005     -0.008        235 8.3702e+02 0.0000e+00
     -0.005    26.0853     8.6953    107.324  33.240767     32.550      7.724   230.9551     2.4262     2.2733     0.0230      0.001     -0.005     -0.007        236 8.3745e+02 0.0000e+00
     -0.004    26.0842     8.7150    107.567  33.229330     32.497      7.724   229.7816     2.4141     2.3404     0.0229      0.001     -0.004     -0.006        237 8.3467e+02 0.0000e+00
     -0.004    26.0829     8.7281    107.740  33.244997     32.553      7.724   229.1759     2.3939     2.3136     0.0230      0.001     -0.004     -0.005        238 8.3068e+02 0.0000e+00
     -0.003    26.0817     8.7319    107.794  33.280579     32.554      7.721   229.4409     2.4141     2.3002     0.0230      0.001     -0.003     -0.004        239 8.3960e+02 0.0000e+00
     -0.002    26.0814     8.7249    107.709  33.303667     32.609      7.717   229.4030     2.4060     2.3136     0.0230      0.002     -0.002     -0.003        240 8.4189e+02 0.0000e+00
     -0.001    26.0816     8.7103    107.534  33.275574     32.555      7.713   230.0466     2.4020     2.3673     0.0230      0.003     -0.001     -0.001        241 8.4052e+02 0.0000e+00
     -0.001    26.0806     8.7021    107.437  33.256231     32.556      7.714   230.8794     2.4181     2.3539     0.0230      0.003     -0.001     -0.001        242 8.4285e+02 0.0000e+00
     -0.000    26.0797     8.7046    107.463  33.268430     32.555      7.709   231.1823     2.4060     2.2599     0.0230      0.003     -0.000     -0.000        243 8.4639e+02 0.0000e+00
      0.000    26.0777     8.7134    107.564  33.260392     32.556      7.710   228.9487     2.5637     2.3404     0.0230      0.003      0.002      0.003        244 8.4780e+02 0.0000e+00
      0.007    26.0737     8.7213    107.655  33.266233     32.557      7.710   229.9330     2.5556     2.3941     0.0230      0.004      0.009      0.013        245 8.4537e+02 0.0000e+00
      0.018    26.0711     8.7157    107.585  33.261163     32.558      7.708   227.5858     2.5475     2.3136     0.0230      0.008      0.022      0.032        246 8.4376e+02 0.0000e+00
      0.043    26.0713     8.7044    107.447  33.266705     32.561      7.704   230.9551     2.5637     2.2062     0.0230      0.017      0.040      0.058        247 8.1996e+02 0.0000e+00
      0.060    26.0766     8.6969    107.350  33.259337     32.562      7.654   229.4787     2.6041     2.2733     0.0230      0.028      0.057      0.082        248 7.5280e+02 0.0000e+00
      0.070    26.0804     8.6788    107.128  33.359296     32.644      7.628   229.4409     2.6163     2.2733     0.0230      0.037      0.069      0.100        249 7.2085e+02 0.0000e+00
      0.081    26.0812     8.6654    106.939  33.438852     32.750      7.587   230.9551     2.5960     2.3673     0.0230      0.045      0.080      0.116        250 7.1596e+02 0.0000e+00
      0.092    26.0838     8.6577    106.815  33.427218     32.693      7.579   228.3809     2.6244     2.2062     0.0230      0.051      0.095      0.137        251 6.6120e+02 0.0000e+00
      0.116    26.0857     8.6409    106.591  33.462735     32.774      7.607   231.0309     2.6891     2.3270     0.0230      0.057      0.118      0.170        252 6.1960e+02 0.0000e+00
      0.152    26.0837     8.6280    106.412  33.483614     32.745      7.640   228.3809     2.6527     2.2733     0.0230      0.065      0.147      0.212        253 5.9519e+02 0.0000e+00
      0.180    26.0794     8.6175    106.270  33.549507     32.853      7.668   228.3809     2.6769     2.3941     0.0231      0.072      0.173      0.251        254 5.7269e+02 0.0000e+00
      0.198    26.0761     8.6090    106.157  33.647625     32.910      7.690   228.1159     2.6688     2.3136     0.0231      0.077      0.193      0.280        255 5.5896e+02 0.0000e+00
