Data/DataNotYetUploadedToEDI/Raw_CTD/RawDownloads/062518_fcr30.cnv
* Sea-Bird SBE19plus  Data File:
* FileName = C:\DATA\062518_fcr_0003.hex
* Software version 2.6.3.104
* Temperature SN = 7809
* Conductivity SN = 7809
* System UpLoad Time = Jun 25 2018 17:13:39
* <ApplicationData>
* <Seaterm232>
# nquan = 17
# nvalues = 504                         
# units = specified
# name 0 = depFM: Depth [fresh water, m]
# name 1 = tv290C: Temperature [ITS-90, deg C]
# name 2 = sbeox0Mg/L: Oxygen, SBE 43 [mg/l]
# name 3 = sbeox0PS: Oxygen, SBE 43 [% saturation]
# name 4 = c0uS/cm: Conductivity [uS/cm]
# name 5 = specc: Specific Conductance [uS/cm]
# name 6 = ph: pH
# name 7 = orp: Oxidation Reduction Potential [mV]
# name 8 = flECO-AFL: Fluorescence, WET Labs ECO-AFL/FL [mg/m^3]
# name 9 = turbWETntu0: Turbidity, WET Labs ECO [NTU]
# name 10 = sal00: Salinity, Practical [PSU]
# name 11 = dz/dtM: Descent Rate [m/s]
# name 12 = prdM: Pressure, Strain Gauge [db]
# name 13 = prdE: Pressure, Strain Gauge [psi]
# name 14 = scan: Scan Count
# name 15 = par/sat/log: PAR/Logarithmic, Satlantic
# name 16 = flag:  0.000e+00
# span 0 =     -0.537,      5.422       
# span 1 =    10.8322,    26.2774       
# span 2 =     0.8643,    12.0817       
# span 3 =      8.045,    139.237       
# span 4 =   6.159036,  35.113217       
# span 5 =      5.509,     46.930       
# span 6 =      6.353,      8.090       
# span 7 =  -252.6712,   321.3204       
# span 8 =    -0.2021,     8.2127       
# span 9 =    -0.7480,     5.7914       
# span 10 =     0.0125,     0.0245      
# span 11 =     -0.146,      0.319      
# span 12 =     -0.526,      5.316      
# span 13 =     -0.763,      7.711      
# span 14 =          1,        504      
# span 15 = 1.2236e+00, 4.7507e+02      
# span 16 = 0.0000e+00, 0.0000e+00      
# interval = seconds: 0.25
# start_time = Jun 25 2018 16:09:56 [Instrument's time stamp, header]
# bad_flag = -9.990e-29
*END*
[from data line 426]
      3.991    12.4854     1.9359     17.795  34.991384     46.493      6.736   274.1503     3.1339     2.0047     0.0245      0.064      3.916      5.679        427 6.8809e+00 0.0000e+00
      4.012    12.4109     2.2695     20.835  35.113217     46.721      6.728   274.7181     2.8023     1.7228     0.0245      0.065      3.936      5.709        428 6.7546e+00 0.0000e+00
      4.038    12.2795     2.6683     24.465  35.101687     46.831      6.717   274.9831     2.7821     1.7228     0.0245      0.069      3.959      5.742        429 6.6158e+00 0.0000e+00
      4.061    12.1665     3.0656     28.071  35.005770     46.766      6.702   274.5667     2.7901     1.6959     0.0245      0.074      3.981      5.774        430 6.5266e+00 0.0000e+00
      4.081    12.0922     3.4567     31.614  34.936046     46.864      6.691   274.7181     2.8023     1.7765     0.0245      0.077      4.001      5.803        431 6.3851e+00 0.0000e+00
      4.099    11.9877     3.8310     34.994  34.891931     46.930      6.682   274.9453     2.7821     1.6959     0.0244      0.079      4.019      5.828        432 6.3253e+00 0.0000e+00
      4.114    11.8875     4.1807     38.167  34.675171     46.756      6.668   274.9831     3.0692     1.9376     0.0243      0.080      4.034      5.851        433 6.2527e+00 0.0000e+00
      4.130    11.7928     4.4950     41.065  34.434744     46.515      6.662   275.4753     3.0247     1.8973     0.0242      0.079      4.050      5.875        434 6.0435e+00 0.0000e+00
      4.148    11.7013     4.8074     43.935  34.212486     46.412      6.651   275.6646     3.0692     1.9376     0.0241      0.076      4.068      5.900        435 5.9095e+00 0.0000e+00
      4.167    11.6376     5.0860     46.427  33.973130     46.113      6.643   275.7403     3.0611     1.8705     0.0239      0.073      4.086      5.926        436 5.8446e+00 0.0000e+00
      4.185    11.5826     5.3098     48.393  33.842958     46.155      6.636   276.4217     3.9264     2.6493     0.0239      0.070      4.104      5.953        437 5.7690e+00 0.0000e+00
      4.205    11.5268     5.4965     50.022  33.722077     45.965      6.628   276.2703     3.8900     2.6896     0.0238      0.069      4.124      5.982        438 5.6163e+00 0.0000e+00
      4.227    11.4703     5.6390     51.275  33.589782     45.960      6.621   276.3460     3.8981     2.6493     0.0238      0.071      4.145      6.012        439 5.5079e+00 0.0000e+00
      4.249    11.4144     5.7413     52.168  33.384845     45.646      6.613   277.5953     3.8900     2.7298     0.0236      0.074      4.166      6.043        440 5.4253e+00 0.0000e+00
      4.271    11.3615     5.8541     53.162  33.176434     45.526      6.606   278.3903     3.1905     4.4352     0.0235      0.077      4.187      6.074        441 5.2829e+00 0.0000e+00
      4.291    11.3087     5.9590     54.091  33.018813     45.289      6.603   278.6931     3.1864     4.4755     0.0234      0.080      4.207      6.103        442 5.2140e+00 0.0000e+00
      4.309    11.2850     6.0746     55.119  32.898953     45.278      6.594   278.7689     3.1702     4.3681     0.0234      0.081      4.224      6.128        443 5.1883e+00 0.0000e+00
      4.323    11.3139     6.1810     56.067  33.029069     45.421      6.591   278.9581     3.1622     4.4352     0.0234      0.079      4.239      6.148        444 5.1300e+00 0.0000e+00
      4.336    11.3282     6.3192     57.305  33.212771     45.838      6.590   279.6774     1.9733     5.7108     0.0236      0.076      4.252      6.168        445 5.0551e+00 0.0000e+00
      4.350    11.2804     6.4543     58.522  32.907591     45.260      6.584   279.4503     1.9491     5.7511     0.0234      0.072      4.267      6.188        446 4.9626e+00 0.0000e+00
      4.367    11.2098     6.6277     60.081  32.548856     44.817      6.580   279.8289     1.9491     5.7377     0.0232      0.067      4.283      6.211        447 4.8643e+00 0.0000e+00
      4.384    11.1495     6.7679     61.340  32.324739     44.533      6.578   280.0939     1.9288     5.6169     0.0230      0.063      4.300      6.236        448 4.7749e+00 0.0000e+00
      4.403    11.1104     6.8818     62.374  32.148610     44.386      6.572   280.1317     1.8965     5.6840     0.0229      0.062      4.319      6.263        449 4.6640e+00 0.0000e+00
      4.424    11.0808     6.9809     63.275  32.086025     44.385      6.570   280.0939     1.8803     5.7914     0.0229      0.063      4.339      6.293        450 4.5326e+00 0.0000e+00
      4.446    11.0556     7.0654     64.031  31.987495     44.277      6.568   280.5103     1.8884     5.5631     0.0228      0.067      4.360      6.324        451 4.3709e+00 0.0000e+00
      4.468    11.0362     7.1328     64.627  31.974710     44.314      6.564   280.6617     1.8884     5.6840     0.0228      0.072      4.381      6.354        452 4.2286e+00 0.0000e+00
      4.487    11.0194     7.1911     65.141  31.864719     44.190      6.558   280.4724     1.8803     5.6034     0.0228      0.076      4.400      6.382        453 4.1437e+00 0.0000e+00
      4.505    11.0059     7.2154     65.348  31.738891     44.019      6.558   280.4724     1.5528     5.2409     0.0227      0.078      4.417      6.407        454 4.0377e+00 0.0000e+00
      4.522    10.9948     7.2351     65.523  31.716161     44.040      6.555   281.4567     1.5568     5.2677     0.0227      0.078      4.434      6.431        455 3.9266e+00 0.0000e+00
      4.538    10.9875     7.2655     65.797  31.744746     44.056      6.552   281.3053     1.5447     5.4020     0.0227      0.077      4.450      6.455        456 3.8015e+00 0.0000e+00
      4.554    10.9785     7.3034     66.133  31.762630     44.148      6.552   281.2296     1.5407     5.2812     0.0227      0.074      4.466      6.478        457 3.6924e+00 0.0000e+00
      4.571    10.9709     7.3489     66.539  31.753216     44.079      6.549   281.3431     1.2980     4.3815     0.0227      0.071      4.482      6.502        458 3.5694e+00 0.0000e+00
      4.589    10.9714     7.4254     67.229  31.786118     44.207      6.551   281.6460     1.2900     4.4218     0.0228      0.068      4.500      6.528        459 3.4643e+00 0.0000e+00
      4.608    10.9730     7.4993     67.889  31.751341     44.100      6.549   281.4567     1.3304     4.4218     0.0227      0.067      4.520      6.556        460 3.3953e+00 0.0000e+00
      4.631    10.9670     7.5577     68.408  31.707539     44.099      6.547   282.1003     1.2900     4.4218     0.0227      0.069      4.541      6.587        461 3.2514e+00 0.0000e+00
      4.654    10.9570     7.6221     68.987  31.633057     43.941      6.542   281.9110     1.5245     4.3009     0.0226      0.072      4.564      6.620        462 3.1132e+00 0.0000e+00
      4.678    10.9475     7.6592     69.317  31.547500     43.871      6.537   282.5167     1.5164     4.3278     0.0226      0.076      4.588      6.654        463 2.9836e+00 0.0000e+00
      4.701    10.9391     7.6954     69.638  31.517483     43.806      6.535   283.0089     1.5124     4.4755     0.0226      0.081      4.609      6.685        464 2.8877e+00 0.0000e+00
      4.721    10.9365     7.7118     69.784  31.522152     43.856      6.528   283.3117     1.4962     4.3546     0.0226      0.084      4.629      6.713        465 2.8398e+00 0.0000e+00
      4.738    10.9358     7.7166     69.821  31.571347     43.905      6.526   282.6682     1.3587     4.1264     0.0226      0.085      4.646      6.739        466 2.7650e+00 0.0000e+00
      4.755    10.9311     7.7120     69.776  31.545222     43.908      6.524   283.0089     1.3830     4.1264     0.0226      0.084      4.663      6.764        467 2.6720e+00 0.0000e+00
      4.773    10.9275     7.7246     69.889  31.465707     43.754      6.521   283.0467     1.3910     4.2741     0.0225      0.081      4.681      6.790        468 2.5714e+00 0.0000e+00
      4.794    10.9253     7.7121     69.773  31.433079     43.759      6.522   283.4253     1.3668     4.1935     0.0225      0.078      4.701      6.818        469 2.5219e+00 0.0000e+00
      4.813    10.9196     7.7171     69.811  31.467215     43.764      6.520   283.8039     1.3061     3.3341     0.0225      0.076      4.720      6.846        470 2.4842e+00 0.0000e+00
      4.833    10.9136     7.7132     69.771  31.512186     43.883      6.517   284.2203     1.2940     3.2535     0.0226      0.074      4.739      6.874        471 2.4134e+00 0.0000e+00
      4.852    10.9108     7.7057     69.702  31.525383     43.851      6.513   284.0689     1.2980     3.2938     0.0226      0.074      4.758      6.901        472 2.3353e+00 0.0000e+00
      4.872    10.9074     7.6998     69.646  31.539753     43.936      6.513   284.1824     1.3142     3.4684     0.0226      0.075      4.777      6.929        473 2.2474e+00 0.0000e+00
      4.891    10.9037     7.6944     69.593  31.523956     43.862      6.512   284.5232     1.3102     3.2938     0.0226      0.076      4.797      6.957        474 2.2118e+00 0.0000e+00
      4.911    10.9017     7.6951     69.596  31.545044     43.944      6.507   284.9017     1.1565     3.4012     0.0226      0.077      4.815      6.983        475 2.1648e+00 0.0000e+00
      4.926    10.8982     7.6874     69.521  31.572818     43.949      6.505   284.5610     1.1767     3.3072     0.0226      0.076      4.831      7.006        476 2.1027e+00 0.0000e+00
      4.940    10.8955     7.6928     69.566  31.578353     43.990      6.505   285.3939     1.1484     3.3744     0.0226      0.073      4.845      7.027        477 2.1003e+00 0.0000e+00
      4.955    10.8950     7.6912     69.550  31.508506     43.877      6.502   285.3560     1.1727     3.4281     0.0226      0.070      4.860      7.049        478 2.0496e+00 0.0000e+00
      4.972    10.8932     7.6883     69.522  31.511477     43.881      6.501   285.6210     1.2940     3.2938     0.0226      0.068      4.876      7.073        479 1.9971e+00 0.0000e+00
      4.990    10.8894     7.6848     69.488  31.604308     44.037      6.500   285.6210     1.2980     3.3207     0.0226      0.066      4.894      7.098        480 1.9630e+00 0.0000e+00
      5.008    10.8864     7.6753     69.404  31.570900     43.961      6.496   285.9996     1.3223     3.3475     0.0226      0.065      4.912      7.124        481 1.8957e+00 0.0000e+00
      5.028    10.8852     7.6701     69.353  31.553056     43.966      6.495   286.0753     1.3061     3.4012     0.0226      0.065      4.932      7.153        482 1.8338e+00 0.0000e+00
      5.052    10.8833     7.6594     69.251  31.537556     43.931      6.492   286.4160     1.1484     3.0924     0.0226      0.068      4.953      7.183        483 1.8023e+00 0.0000e+00
      5.072    10.8811     7.6416     69.086  31.560536     43.971      6.489   286.5674     1.1525     3.0521     0.0226      0.072      4.973      7.213        484 1.7820e+00 0.0000e+00
      5.090    10.8787     7.6318     68.992  31.554112     43.974      6.486   286.6053     1.1606     3.0790     0.0226      0.075      4.992      7.240        485 1.7134e+00 0.0000e+00
      5.110    10.8757     7.6189     68.873  31.515898     43.898      6.480   287.0974     1.1646     3.1998     0.0226      0.077      5.011      7.268        486 1.6717e+00 0.0000e+00
      5.130    10.8734     7.6035     68.736  31.548786     43.979      6.479   286.8703     1.1767     2.9178     0.0226      0.078      5.030      7.295        487 1.6386e+00 0.0000e+00
      5.148    10.8724     7.5768     68.492  31.513185     43.905      6.478   287.4003     1.1606     2.8910     0.0226      0.078      5.048      7.321        488 1.5965e+00 0.0000e+00
      5.165    10.8715     7.5572     68.307  31.500900     43.908      6.472   287.4760     1.1484     2.9715     0.0226      0.077      5.065      7.346        489 1.5932e+00 0.0000e+00
      5.182    10.8705     7.5388     68.129  31.534423     43.948      6.471   287.5139     1.1525     3.0253     0.0226      0.075      5.082      7.371        490 1.5496e+00 0.0000e+00
      5.199    10.8705     7.5150     67.900  31.501120     43.910      6.472   287.9682     1.1767     3.1864     0.0226      0.073      5.100      7.397        491 1.5190e+00 0.0000e+00
      5.220    10.8687     7.4975     67.735  31.453387     43.834      6.470   288.1953     1.1727     3.1193     0.0225      0.072      5.120      7.426        492 1.5009e+00 0.0000e+00
      5.243    10.8655 -9.990e-29 -9.990e-29  31.445560     43.833      6.466   288.4603     1.1727     3.1595     0.0225      0.073      5.142      7.458        493 1.4478e+00 0.0000e+00
      5.267    10.8627 -9.990e-29 -9.990e-29  31.451553     43.836      6.462   288.6117     1.1727     3.1461     0.0225      0.075      5.165      7.492        494 1.3962e+00 0.0000e+00
      5.292    10.8594 -9.990e-29 -9.990e-29  31.445930     43.840      6.458   288.7253     1.1767     3.0924     0.0225      0.079      5.189      7.527        495 1.3510e+00 0.0000e+00
      5.316    10.8582 -9.990e-29 -9.990e-29  31.422908     43.804      6.454   289.0660     1.1242     3.1193     0.0225      0.083      5.211      7.559        496 1.3610e+00 0.0000e+00
      5.334    10.8589 -9.990e-29 -9.990e-29  31.450553     43.847      6.449   289.2553     1.1161     3.1461     0.0225      0.086      5.231      7.587        497 1.3440e+00 0.0000e+00
      5.352    10.8578 -9.990e-29 -9.990e-29  31.441180     43.848      6.448   288.9525     1.0918     3.1327     0.0225      0.087      5.251      7.615        498 1.2878e+00 0.0000e+00
      5.377    10.8530 -9.990e-29 -9.990e-29  31.375267     43.731      6.448   289.5203     1.0959     3.2535     0.0225      0.087      5.272      7.646        499 1.2624e+00 0.0000e+00
      5.399    10.8451 -9.990e-29 -9.990e-29  31.443622     43.849      6.444   289.5203     1.1808     3.1461     0.0225      0.087      5.292      7.675        500 1.2609e+00 0.0000e+00
      5.413    10.8365 -9.990e-29 -9.990e-29  31.504380     43.933      6.441   289.2553     1.1606     3.1461     0.0226      0.084      5.306      7.695        501 1.2477e+00 0.0000e+00
      5.417    10.8322 -9.990e-29 -9.990e-29  31.536882     43.981      6.439   289.2175     1.1606     3.1461     0.0226      0.077      5.312      7.704        502 1.2236e+00 0.0000e+00
      5.421 -9.990e-29 -9.990e-29 -9.990e-29  31.551443     44.031      6.436   289.4067     1.1606     3.1327     0.0226      0.067      5.315      7.709        503 1.2287e+00 0.0000e+00
      5.422 -9.990e-29 -9.990e-29 -9.990e-29  31.515916     43.959      6.438   289.0660     0.9786     3.3207     0.0226      0.056      5.316      7.711        504 1.2336e+00 0.0000e+00
