Data/DataNotYetUploadedToEDI/Raw_CTD/RawDownloads/062520_bvr50.cnv
* Sea-Bird SBE19plus  Data File:
* FileName = C:\DATA\250620_fcr50_0003.hex
* Software version 2.8.0.119 SB_Terminal.dll
* Temperature SN = 7809
* Conductivity SN = 7809
* System UpLoad Time = Jun 25 2020 19:48:08
* <ApplicationData>
* <Seaterm232>
# nquan = 16
# nvalues = 1408                        
# units = specified
# name 0 = depFM: Depth [fresh water, m]
# name 1 = dz/dtM: Descent Rate [m/s]
# name 2 = sbeox0ML/L: Oxygen, SBE 43 [ml/l]
# name 3 = sbeox0PS: Oxygen, SBE 43 [% saturation]
# name 4 = specc: Specific Conductance [uS/cm]
# name 5 = c0uS/cm: Conductivity [uS/cm]
# name 6 = flECO-AFL: Fluorescence, WET Labs ECO-AFL/FL [mg/m^3]
# name 7 = ph: pH
# name 8 = orp: Oxidation Reduction Potential [mV]
# name 9 = par/sat/log: PAR/Logarithmic, Satlantic
# name 10 = turbWETntu0: Turbidity, WET Labs ECO [NTU]
# name 11 = prdM: Pressure, Strain Gauge [db]
# name 12 = prdE: Pressure, Strain Gauge [psi]
# name 13 = tv290C: Temperature [ITS-90, deg C]
# name 14 = density00: Density [density, kg/m^3]
# name 15 = flag:  0.000e+00
# span 0 =     -0.738,     11.509       
# span 1 =     -0.081,      0.258       
# span 2 =     0.0321,     6.9347       
# span 3 =      0.438,    111.690       
# span 4 =      0.759,    101.452       
# span 5 =   0.793034,  69.986009       
# span 6 =    -1.2583,     3.8278       
# span 7 =      6.278,      8.960       
# span 8 = -1240.7111,   202.6191       
# span 9 = 1.2351e-01, 2.3782e+03       
# span 10 =    -2.2492,     5.6453      
# span 11 =     -0.724,     11.287      
# span 12 =     -1.050,     16.371      
# span 13 =     9.3794,    27.3186      
# span 14 =   996.4332,   999.8455      
# span 15 = 0.0000e+00, 0.0000e+00      
# interval = seconds: 0.25
# start_time = Jun 24 2020 22:04:37 [Instrument's time stamp, header]
# bad_flag = -9.990e-29
*END*
[from data line 724]
      4.733      0.026     4.0961     57.896     25.546  20.739344     1.2115      6.970   195.9199 2.7572e+01     5.3870      4.642      6.733    15.6267   999.0388 0.0000e+00
      4.739      0.025     4.0829     57.747     25.556  20.740045     1.2143      6.970   195.9319 2.7002e+01     5.3678      4.648      6.740    15.6154   999.0406 0.0000e+00
      4.744      0.025     4.0629     57.657     25.569  20.733873     1.2408      6.969   195.8954 2.6496e+01     5.3244      4.652      6.747    15.5987   999.0432 0.0000e+00
      4.749      0.025     4.0452     57.601     25.582  20.728111     1.2933      6.968   195.9952 2.6108e+01     5.3088      4.657      6.755    15.5918   999.0444 0.0000e+00
      4.756      0.024     4.0329     57.565     25.598  20.733773     1.3245      6.966   196.1066 2.5865e+01     5.3502      4.663      6.763    15.5908   999.0446 0.0000e+00
      4.764      0.023     4.0212     57.604     25.609  20.738910     1.3320      6.966   196.0371 2.5785e+01     5.4127      4.672      6.777    15.5849   999.0455 0.0000e+00
      4.772      0.022     4.0203     57.736     25.597  20.726795     1.3265      6.965   195.9296 2.6062e+01     5.4125      4.681      6.789    15.5409   999.0526 0.0000e+00
      4.777      0.021     4.0209     57.882     25.571  20.714111     1.2872      6.964   195.9261 2.6642e+01     5.3824      4.685      6.795    15.5000   999.0590 0.0000e+00
      4.779      0.021     4.0167     58.025     25.548  20.712389     1.2291      6.963   195.9940 2.7387e+01     5.3924      4.687      6.797    15.4967   999.0595 0.0000e+00
      4.783      0.021     4.0179     58.210     25.531  20.705994     1.2051      6.963   196.0615 2.8325e+01     5.3959      4.689      6.801    15.4901   999.0605 0.0000e+00
      4.788      0.021     4.0335     58.416     25.532  20.700213     1.2166      6.962   196.0540 2.9233e+01     5.3901      4.694      6.808    15.4708   999.0635 0.0000e+00
      4.795      0.022     4.0416     58.584     25.552  20.705883     1.2623      6.962   196.0765 3.0102e+01     5.3224      4.703      6.820    15.4905   999.0606 0.0000e+00
      4.803      0.023     4.0451     58.691     25.555  20.711132     1.3391      6.961   196.1600 3.1040e+01     5.1950      4.711      6.832    15.5411   999.0526 0.0000e+00
      4.809      0.023     4.0569     58.720     25.522  20.700267     1.3919      6.960   196.2043 3.1979e+01     5.1549      4.717      6.842    15.5612   999.0495 0.0000e+00
      4.814      0.023     4.0755     58.683     25.502  20.701360     1.4136      6.959   196.2680 3.2924e+01     5.1469      4.721      6.848    15.5390   999.0530 0.0000e+00
      4.818      0.024     4.0905     58.642     25.513  20.724370     1.4679      6.958   196.3277 3.3606e+01     5.1660      4.724      6.853    15.5012   999.0590 0.0000e+00
      4.823      0.025     4.0977     58.596     25.499  20.724846     1.5625      6.958   196.3236 3.4060e+01     5.2834      4.730      6.860    15.5068   999.0581 0.0000e+00
      4.829      0.028     4.0970     58.523     25.468  20.707131     1.6126      6.958   196.3903 3.4447e+01     5.3643      4.736      6.868    15.5510   999.0511 0.0000e+00
      4.836      0.031     4.0875     58.448     25.459  20.700421     1.6067      6.957   196.5323 3.4425e+01     5.3885      4.743      6.879    15.5865   999.0456 0.0000e+00
      4.846      0.034     4.0835     58.402     25.477  20.707131     1.5492      6.955   196.6634 3.4023e+01     5.4041      4.753      6.893    15.6142   999.0413 0.0000e+00
      4.857      0.036     4.0794     58.353     25.519  20.724838     1.4508      6.955   196.7719 3.3564e+01     5.4164      4.763      6.908    15.6351   999.0381 0.0000e+00
      4.867      0.036     4.0717     58.263     25.544  20.724259     1.4079      6.955   196.8117 3.2955e+01     5.4338      4.773      6.923    15.6541   999.0351 0.0000e+00
      4.876      0.034     4.0646     58.133     25.547  20.700107     1.4127      6.955   196.8005 3.2212e+01     5.4092      4.782      6.935    15.6584   999.0344 0.0000e+00
      4.885      0.031     4.0644     57.991     25.566  20.686436     1.3565      6.953   196.8081 3.1408e+01     5.3583      4.790      6.948    15.6408   999.0372 0.0000e+00
      4.894      0.028     4.0652     57.836     25.601  20.685750     1.2526      6.951   196.8178 3.0482e+01     5.3683      4.799      6.962    15.6063   999.0428 0.0000e+00
      4.900      0.026     4.0621     57.648     25.645  20.691771     1.2052      6.951   196.8316 2.9692e+01     5.4264      4.807      6.972    15.5655   999.0493 0.0000e+00
      4.904      0.026     4.0567     57.465     25.688  20.695799     1.2027      6.951   196.8894 2.8982e+01     5.4441      4.809      6.976    15.5155   999.0571 0.0000e+00
      4.909      0.028     4.0518     57.345     25.690  20.671000     1.2044      6.950   196.9999 2.8207e+01     5.4103      4.813      6.981    15.4493   999.0675 0.0000e+00
      4.915      0.033     4.0475     57.282     25.682  20.645533     1.2544      6.948   197.1352 2.7512e+01     5.3258      4.820      6.991    15.3973   999.0756 0.0000e+00
      4.923      0.038     4.0375     57.245     25.695  20.641504     1.3490      6.946   197.2348 2.6824e+01     5.2124      4.827      7.000    15.3437   999.0839 0.0000e+00
      4.935      0.042     4.0283     57.220     25.684  20.622273     1.4037      6.944   197.2579 2.6142e+01     5.1381      4.837      7.015    15.2734   999.0949 0.0000e+00
      4.950      0.045     4.0255     57.220     25.667  20.603231     1.4016      6.941   197.2422 2.5598e+01     5.1141      4.856      7.042    15.2220   999.1028 0.0000e+00
      4.964      0.045     4.0242     57.233     25.670  20.601501     1.3996      6.939   197.3026 2.5153e+01     5.0589      4.871      7.063    15.1916   999.1076 0.0000e+00
      4.975      0.044     4.0253     57.229     25.672  20.601344     1.4078      6.936   197.3862 2.4708e+01     4.9514      4.877      7.073    15.1581   999.1128 0.0000e+00
      4.985      0.042     4.0244     57.199     25.675  20.601330     1.4060      6.935   197.3926 2.4283e+01     4.8795      4.889      7.091    15.1366   999.1161 0.0000e+00
      4.994      0.040     4.0251     57.139     25.687  20.601330     1.4061      6.936   197.3806 2.3948e+01     4.8760      4.898      7.105    15.1339   999.1165 0.0000e+00
      5.001      0.040     4.0284     57.066     25.707  20.601332     1.4377      6.936   197.4123 2.3646e+01     4.9085      4.904      7.112    15.1222   999.1184 0.0000e+00
      5.011      0.040     4.0276     57.002     25.727  20.601335     1.5014      6.935   197.4324 2.3290e+01     4.9299      4.913      7.126    15.1190   999.1189 0.0000e+00
      5.024      0.040     4.0260     56.963     25.744  20.601346     1.5479      6.934   197.4514 2.2965e+01     4.9289      4.927      7.147    15.1251   999.1180 0.0000e+00
      5.036      0.041     4.0225     56.921     25.757  20.601451     1.5415      6.934   197.5554 2.2770e+01     4.8958      4.940      7.165    15.1029   999.1215 0.0000e+00
      5.045      0.042     4.0208     56.851     25.766  20.602595     1.4436      6.935   197.6581 2.2623e+01     4.8047      4.949      7.179    15.0651   999.1272 0.0000e+00
      5.054      0.043     4.0178     56.779     25.781  20.615172     1.2797      6.937   197.6605 2.2478e+01     4.6860      4.957      7.189    15.0329   999.1322 0.0000e+00
      5.064      0.043     4.0183     56.697     25.795  20.626692     1.1904      6.937   197.6703 2.2289e+01     4.6278      4.964      7.201    15.0071   999.1361 0.0000e+00
      5.076      0.043     4.0190     56.575     25.789  20.615058     1.1844      6.938   197.7771 2.1983e+01     4.6505      4.978      7.220    14.9870   999.1391 0.0000e+00
      5.090      0.043     4.0128     56.425     25.789  20.601330     1.1206      6.939   197.8333 2.1628e+01     4.6167      4.993      7.242    14.9717   999.1415 0.0000e+00
      5.102      0.042     4.0084     56.261     25.789  20.587517     0.9915      6.939   197.8337 2.1331e+01     4.5279      5.004      7.259    14.9758   999.1409 0.0000e+00
      5.112      0.039     4.0028     56.058     25.790  20.574847     0.9301      6.939   197.8673 2.1106e+01     4.5044      5.013      7.270    14.9856   999.1395 0.0000e+00
      5.121      0.034     3.9952     55.800     25.805  20.574935     0.9402      6.938   197.8960 2.0865e+01     4.4704      5.021      7.282    14.9681   999.1422 0.0000e+00
      5.130      0.030     3.9861     55.498     25.833  20.588561     0.9425      6.937   197.9215 2.0635e+01     4.3907      5.031      7.297    14.9382   999.1468 0.0000e+00
      5.137      0.027     3.9783     55.147     25.870  20.612778     0.9484      6.936   198.0038 2.0506e+01     4.2955      5.040      7.310    14.9105   999.1510 0.0000e+00
      5.142      0.025     3.9669     54.737     25.876  20.614087     0.9738      6.936   198.0311 2.0403e+01     4.2120      5.043      7.314    14.8825   999.1552 0.0000e+00
      5.146      0.025     3.9496     54.280     25.868  20.604378     0.9920      6.937   197.9070 2.0230e+01     4.2057      5.047      7.320    14.8595   999.1586 0.0000e+00
      5.151      0.025     3.9303     53.812     25.897  20.622208     1.0059      6.937   197.8797 2.0032e+01     4.1855      5.051      7.327    14.8438   999.1609 0.0000e+00
      5.158      0.026     3.9063     53.365     25.927  20.639428     1.0464      6.936   197.9591 1.9804e+01     4.1385      5.057      7.336    14.8339   999.1625 0.0000e+00
      5.166      0.027     3.8778     52.975     25.912  20.622350     1.1106      6.935   198.0063 1.9564e+01     4.1534      5.067      7.349    14.8295   999.1632 0.0000e+00
      5.175      0.027     3.8441     52.672     25.895  20.605942     1.1526      6.936   198.1068 1.9394e+01     4.1589      5.075      7.360    14.8254   999.1637 0.0000e+00
      5.182      0.026     3.8117     52.414     25.926  20.631268     1.1626      6.937   198.2282 1.9263e+01     4.1365      5.083      7.371    14.8127   999.1657 0.0000e+00
      5.189      0.025     3.7804     52.142     25.980  20.674923     1.2319      6.937   198.1836 1.9180e+01     4.1234      5.089      7.381    14.7986   999.1679 0.0000e+00
      5.194      0.024     3.7519     51.867     25.997  20.689897     1.3706      6.936   198.0839 1.9093e+01     4.1369      5.094      7.389    14.7878   999.1695 0.0000e+00
      5.199      0.024     3.7325     51.622     25.992  20.685494     1.4468      6.935   198.1406 1.8969e+01     4.1971      5.099      7.395    14.7815   999.1704 0.0000e+00
      5.205      0.024     3.7168     51.402     25.994  20.685104     1.4571      6.935   198.2672 1.8822e+01     4.1987      5.104      7.401    14.7835   999.1702 0.0000e+00
      5.211      0.024     3.6960     51.211     25.997  20.685176     1.4005      6.935   198.4095 1.8576e+01     4.0878      5.110      7.411    14.7872   999.1697 0.0000e+00
      5.218      0.023     3.6750     51.049     25.998  20.686352     1.2768      6.935   198.4845 1.8315e+01     3.9553      5.117      7.422    14.7893   999.1694 0.0000e+00
      5.225      0.022     3.6585     50.899     26.012  20.699331     1.2208      6.935   198.4867 1.8098e+01     3.9018      5.124      7.432    14.7891   999.1696 0.0000e+00
      5.230      0.021     3.6429     50.739     26.027  20.715277     1.2281      6.935   198.6078 1.7881e+01     3.9209      5.130      7.441    14.7844   999.1702 0.0000e+00
      5.235      0.022     3.6296     50.552     25.993  20.688931     1.2225      6.935   198.7441 1.7684e+01     3.8084      5.134      7.447    14.7787   999.1710 0.0000e+00
      5.238      0.025     3.6188     50.375     25.936  20.634430     1.2104      6.934   198.6727 1.7496e+01     3.5719      5.137      7.451    14.7799   999.1709 0.0000e+00
      5.242      0.030     3.6080     50.233     25.947  20.626999     1.2050      6.932   198.6047 1.7328e+01     3.4637      5.139      7.454    14.7845   999.1702 0.0000e+00
      5.249      0.036     3.5974     50.113     26.014  20.662471     1.2054      6.932   198.6958 1.7148e+01     3.4616      5.145      7.463    14.7927   999.1691 0.0000e+00
      5.260      0.041     3.5815     50.021     26.058  20.682832     1.2051      6.932   198.7422 1.6928e+01     3.4439      5.157      7.479    14.8016   999.1678 0.0000e+00
      5.275      0.045     3.5695     49.916     26.073  20.682930     1.1450      6.931   198.7353 1.6756e+01     3.3179      5.173      7.502    14.7827   999.1706 0.0000e+00
      5.290      0.045     3.5642     49.772     26.059  20.663648     1.0223      6.930   198.7841 1.6681e+01     3.1059      5.189      7.526    14.7435   999.1765 0.0000e+00
      5.304      0.041     3.5565     49.615     26.036  20.639926     0.9523      6.928   198.8158 1.6695e+01     3.0091      5.203      7.545    14.7080   999.1818 0.0000e+00
      5.314      0.036     3.5544     49.373     26.049  20.649742     0.9464      6.927   198.7748 1.6764e+01     3.0061      5.213      7.561    14.6795   999.1861 0.0000e+00
      5.320      0.033     3.5500     48.967     26.049  20.655505     0.9608      6.926   198.8043 1.6874e+01     2.9320      5.218      7.568    14.6581   999.1893 0.0000e+00
      5.324      0.032     3.5381     48.501     26.021  20.646198     0.9931      6.925   198.9140 1.6936e+01     2.8350      5.221      7.571    14.6419   999.1916 0.0000e+00
      5.329      0.034     3.5301     48.068     26.035  20.664046     1.0125      6.924   198.8968 1.6799e+01     2.8284      5.224      7.577    14.6322   999.1931 0.0000e+00
      5.338      0.037     3.5184     47.674     26.067  20.681082     1.0055      6.924   198.7686 1.6498e+01     2.8181      5.233      7.590    14.6273   999.1938 0.0000e+00
      5.350      0.041     3.4830     47.363     26.064  20.661939     0.9557      6.924   198.6544 1.6145e+01     2.7451      5.247      7.611    14.6363   999.1925 0.0000e+00
      5.364      0.043     3.4441     47.121     26.036  20.622804     0.8771      6.923   198.7211 1.5764e+01     2.6658      5.260      7.629    14.6717   999.1874 0.0000e+00
      5.377      0.043     3.4148     46.931     26.010  20.588344     0.8469      6.922   198.9728 1.5367e+01     2.6148      5.273      7.648    14.6945   999.1841 0.0000e+00
      5.388      0.041     3.3840     46.806     25.989  20.562331     0.8674      6.921   199.0308 1.4998e+01     2.6098      5.286      7.667    14.6717   999.1876 0.0000e+00
      5.398      0.038     3.3672     46.706     25.994  20.561911     0.9140      6.919   198.9053 1.4694e+01     2.6049      5.293      7.679    14.6315   999.1935 0.0000e+00
      5.405      0.037     3.3530     46.587     26.019  20.583258     0.9715      6.919   198.9185 1.4427e+01     2.5898      5.300      7.688    14.5976   999.1984 0.0000e+00
      5.413      0.037     3.3395     46.460     25.992  20.566802     1.0003      6.920   199.0177 1.4178e+01     2.5991      5.309      7.700    14.5723   999.2022 0.0000e+00
      5.421      0.039     3.3344     46.387     25.888  20.489764     1.0047      6.920   198.9877 1.3943e+01     2.6143      5.316      7.711    14.5538   999.2049 0.0000e+00
      5.431      0.042     3.3283     46.384     25.794  20.412736     1.0056      6.919   198.8995 1.3695e+01     2.5682      5.325      7.724    14.5441   999.2064 0.0000e+00
      5.443      0.043     3.3208     46.449     25.790  20.396387     1.0685      6.918   198.9836 1.3441e+01     2.4876      5.338      7.742    14.5476   999.2059 0.0000e+00
      5.457      0.041     3.3069     46.587     25.840  20.418895     1.1928      6.917   199.1437 1.3202e+01     2.4976      5.352      7.761    14.5600   999.2042 0.0000e+00
