Data/DataNotYetUploadedToEDI/Raw_CTD/RawDownloads/062518_fcr10.cnv
* Sea-Bird SBE19plus  Data File:
* FileName = C:\DATA\062518_fcr_0001.hex
* Software version 2.6.3.104
* Temperature SN = 7809
* Conductivity SN = 7809
* System UpLoad Time = Jun 25 2018 17:13:05
* <ApplicationData>
* <Seaterm232>
# nquan = 17
# nvalues = 383                         
# units = specified
# name 0 = depFM: Depth [fresh water, m]
# name 1 = tv290C: Temperature [ITS-90, deg C]
# name 2 = sbeox0Mg/L: Oxygen, SBE 43 [mg/l]
# name 3 = sbeox0PS: Oxygen, SBE 43 [% saturation]
# name 4 = c0uS/cm: Conductivity [uS/cm]
# name 5 = specc: Specific Conductance [uS/cm]
# name 6 = ph: pH
# name 7 = orp: Oxidation Reduction Potential [mV]
# name 8 = flECO-AFL: Fluorescence, WET Labs ECO-AFL/FL [mg/m^3]
# name 9 = turbWETntu0: Turbidity, WET Labs ECO [NTU]
# name 10 = sal00: Salinity, Practical [PSU]
# name 11 = dz/dtM: Descent Rate [m/s]
# name 12 = prdM: Pressure, Strain Gauge [db]
# name 13 = prdE: Pressure, Strain Gauge [psi]
# name 14 = scan: Scan Count
# name 15 = par/sat/log: PAR/Logarithmic, Satlantic
# name 16 = flag:  0.000e+00
# span 0 =     -0.540,      2.567       
# span 1 =    18.6279,    26.0971       
# span 2 =    -1.3411,    12.8833       
# span 3 =    -14.418,    143.558       
# span 4 =   0.997009, 114.967600       
# span 5 =      1.016,    131.443       
# span 6 =      0.121,      7.729       
# span 7 = -1240.7455,  1240.2295       
# span 8 =    -0.1900,     3.4573       
# span 9 =    -0.4391,    89.2461       
# span 10 =     0.0113,     0.0646      
# span 11 =     -0.111,      0.247      
# span 12 =     -0.530,      2.517      
# span 13 =     -0.768,      3.651      
# span 14 =          1,        383      
# span 15 = 2.8768e+01, 1.0850e+03      
# span 16 = 0.0000e+00, 0.0000e+00      
# interval = seconds: 0.25
# start_time = Jun 25 2018 15:31:31 [Instrument's time stamp, header]
# bad_flag = -9.990e-29
*END*
[from data line 341]
      1.955    22.4757    10.9130    122.714  36.577766     38.395      7.226   257.7581     2.8751     3.1730     0.0244      0.063      1.916      2.779        342 6.8048e+01 0.0000e+00
      1.966    22.4139    11.8190    132.595  35.796033     37.577      7.211   259.9159     2.8751     3.1730     0.0240      0.059      1.927      2.796        343 6.7463e+01 0.0000e+00
      1.975    22.3324    12.4430    139.282  35.358886     37.351      7.201   259.0831     2.8629     3.1730     0.0239      0.058      1.938      2.811        344 6.6550e+01 0.0000e+00
      1.988    22.2548    12.7894    142.844  34.986438     36.725      7.191   260.4459     2.6527     3.7369     0.0237      0.058      1.951      2.830        345 6.5285e+01 0.0000e+00
      2.006    22.0859    12.8833    143.558  34.124250     36.287      7.181   259.2724     2.6405     3.7504     0.0234      0.058      1.968      2.855        346 6.3675e+01 0.0000e+00
      2.028    21.8480    12.7516    141.737  31.212664     32.826      7.159   258.7424     2.6648     3.8041     0.0220      0.058      1.988      2.884        347 6.1980e+01 0.0000e+00
      2.049    21.6349    12.4415    138.023  29.535987     31.431      7.139   259.2724     2.6607     3.7638     0.0214      0.060      2.008      2.913        348 6.0520e+01 0.0000e+00
      2.067    21.4626    12.0123    133.144  29.598496     31.533      7.118   259.8781     2.6810     3.7772     0.0214      0.062      2.026      2.939        349 5.9354e+01 0.0000e+00
      2.083    21.3285    11.5755    128.037  29.919294     32.096      7.103   260.8624     2.6810     3.7772     0.0215      0.066      2.043      2.963        350 5.8140e+01 0.0000e+00
      2.101    21.2271    11.1153    122.530  30.322832     32.636      7.102   261.3167     2.6648     3.7369     0.0217      0.070      2.060      2.988        351 5.6923e+01 0.0000e+00
      2.119    21.1193    10.6209    116.716  30.252713     32.640      7.102   261.6195     2.6769     3.8712     0.0217      0.072      2.078      3.013        352 5.5629e+01 0.0000e+00
      2.136    21.0007    10.0383    110.023  30.303111     32.771      7.106   261.7709     2.6607     4.1129     0.0217      0.073      2.095      3.037        353 5.4503e+01 0.0000e+00
      2.152    20.8861     9.1824    100.433  30.171210     32.727      7.113   261.3924     2.6769     4.1264     0.0216      0.071      2.110      3.060        354 5.3695e+01 0.0000e+00
      2.167    20.7728     8.0473     87.854  29.972156     32.538      7.123   261.3545     2.6527     4.2069     0.0215      0.068      2.125      3.082        355 5.2748e+01 0.0000e+00
      2.183    20.6548     6.7134     73.152  30.106125     32.833      7.132   262.1495     2.6769     4.2338     0.0216      0.066      2.142      3.106        356 5.1543e+01 0.0000e+00
      2.203    20.5278     5.2849     57.482  30.330686     33.097      7.141   262.7174     2.0744     6.8925     0.0217      0.066      2.162      3.136        357 4.9869e+01 0.0000e+00
      2.229    20.4330     3.7429     40.641  30.522951     33.458      7.147   260.4081     2.0906     6.9596     0.0218      0.068      2.185      3.169        358 4.8290e+01 0.0000e+00
      2.251    20.3834     2.3721     25.721  30.519217     33.490      7.148   260.4081     2.0825     6.9462     0.0218      0.072      2.207      3.201        359 4.7023e+01 0.0000e+00
      2.271    20.2797     1.1510     12.463  30.394683     33.469      7.151   260.4838     2.1149     6.9194     0.0217      0.075      2.227      3.231        360 4.5488e+01 0.0000e+00
      2.293    20.1104     0.0709      0.766  30.322162     33.379      7.148   260.4459     1.7833     9.9809     0.0217      0.078      2.247      3.259        361 4.4410e+01 0.0000e+00
      2.309    19.9523    -0.6328     -6.832  30.283344     33.457      7.148   260.1809     1.7469     9.7929     0.0217      0.081      2.264      3.283        362 4.3574e+01 0.0000e+00
      2.322    19.8210    -1.0584    -11.406  30.205833     33.460      7.145   259.8781     1.7469     9.7795     0.0216      0.080      2.277      3.303        363 4.2697e+01 0.0000e+00
      2.335    19.7156    -1.3121    -14.120  30.300084     33.701      7.143   259.7267     1.7388     9.9944     0.0217      0.076      2.289      3.320        364 4.2071e+01 0.0000e+00
      2.346    19.6220    -1.3411    -14.418  30.610873     34.143      7.140   259.9538     1.9652     8.7187     0.0218      0.070      2.301      3.337        365 4.1196e+01 0.0000e+00
      2.359    19.5266    -1.2741    -13.687  31.835409     35.536      7.135   260.2567     1.9572     8.6247     0.0223      0.063      2.313      3.355        366 4.0438e+01 0.0000e+00
      2.371    19.4339    -1.1150    -11.973  34.321343     38.491      7.130   260.5974     1.9531     8.6381     0.0235      0.057      2.325      3.372        367 3.9915e+01 0.0000e+00
      2.381    19.3498    -0.9153     -9.822  38.489981     43.093      7.121   260.9381     1.9208     8.6784     0.0255      0.052      2.336      3.388        368 3.9222e+01 0.0000e+00
      2.393    19.2779    -0.7130     -7.641  44.236804     49.883      7.117   261.0138     1.9410     8.6784     0.0283      0.048      2.348      3.406        369 3.8450e+01 0.0000e+00
      2.408    19.2069    -0.5366     -5.745  52.595870     59.027      7.107   260.5974     2.0906     8.2219     0.0322      0.047      2.361      3.426        370 3.7481e+01 0.0000e+00
      2.423    19.1314    -0.3794     -4.061  63.109519     71.537      7.097   260.6731     2.0906     8.2756     0.0377      0.048      2.376      3.447        371 3.6664e+01 0.0000e+00
      2.437    19.0532 -9.990e-29 -9.990e-29  73.761010     83.114      7.085   260.8245     2.0785     8.2219     0.0428      0.050      2.393      3.470        372 3.5618e+01 0.0000e+00
      2.459    18.9712 -9.990e-29 -9.990e-29  87.021746     98.742      7.066   261.2031     2.0866     8.1547     0.0498      0.054      2.413      3.499        373 3.3924e+01 0.0000e+00
      2.484    18.8979 -9.990e-29 -9.990e-29  94.430664    107.537      7.041   261.1652     2.0178     7.3491     0.0538      0.059      2.434      3.530        374 3.2652e+01 0.0000e+00
      2.502    18.8464 -9.990e-29 -9.990e-29  95.075777    107.642      7.014   261.0138     2.0421     7.4028     0.0538      0.065      2.453      3.558        375 3.1527e+01 0.0000e+00
      2.519    18.8103 -9.990e-29 -9.990e-29 100.406855    114.593      6.972   261.2409     2.0340     7.4028     0.0569      0.070      2.469      3.580        376 3.0671e+01 0.0000e+00
      2.532    18.7864 -9.990e-29 -9.990e-29 104.724851    119.458      6.928   261.3545     2.0178     7.4699     0.0591      0.071      2.481      3.599        377 3.0147e+01 0.0000e+00
      2.541    18.7524 -9.990e-29 -9.990e-29 106.364643    121.221      6.883   261.5059     1.9814     6.4225     0.0599      0.070      2.491      3.614        378 2.9570e+01 0.0000e+00
      2.549    18.6941 -9.990e-29 -9.990e-29 111.074342    126.893      6.846   261.8088     2.0461     6.3420     0.0625      0.065      2.500      3.626        379 2.9126e+01 0.0000e+00
      2.557    18.6448 -9.990e-29 -9.990e-29 114.967600    131.443      6.808   260.9002     2.0259     6.3151     0.0646      0.058      2.507      3.636        380 2.8916e+01 0.0000e+00
      2.562    18.6279 -9.990e-29 -9.990e-29 114.379956    130.951      6.773   261.3167     2.0380     6.3554     0.0643      0.049      2.512      3.644        381 2.8768e+01 0.0000e+00
      2.566 -9.990e-29 -9.990e-29 -9.990e-29 111.567473    127.721      6.743   261.5817     1.9572     5.8451     0.0628      0.039      2.516      3.649        382 2.8936e+01 0.0000e+00
      2.567 -9.990e-29 -9.990e-29 -9.990e-29 110.191259    126.263      6.717   261.9602     1.9572     5.9257     0.0622      0.031      2.517      3.651        383 2.9292e+01 0.0000e+00
