Data/DataNotYetUploadedToEDI/Raw_CTD/RawDownloads/062518_fcr30.cnv
* Sea-Bird SBE19plus  Data File:
* FileName = C:\DATA\062518_fcr_0003.hex
* Software version 2.6.3.104
* Temperature SN = 7809
* Conductivity SN = 7809
* System UpLoad Time = Jun 25 2018 17:13:39
* <ApplicationData>
* <Seaterm232>
# nquan = 17
# nvalues = 504                         
# units = specified
# name 0 = depFM: Depth [fresh water, m]
# name 1 = tv290C: Temperature [ITS-90, deg C]
# name 2 = sbeox0Mg/L: Oxygen, SBE 43 [mg/l]
# name 3 = sbeox0PS: Oxygen, SBE 43 [% saturation]
# name 4 = c0uS/cm: Conductivity [uS/cm]
# name 5 = specc: Specific Conductance [uS/cm]
# name 6 = ph: pH
# name 7 = orp: Oxidation Reduction Potential [mV]
# name 8 = flECO-AFL: Fluorescence, WET Labs ECO-AFL/FL [mg/m^3]
# name 9 = turbWETntu0: Turbidity, WET Labs ECO [NTU]
# name 10 = sal00: Salinity, Practical [PSU]
# name 11 = dz/dtM: Descent Rate [m/s]
# name 12 = prdM: Pressure, Strain Gauge [db]
# name 13 = prdE: Pressure, Strain Gauge [psi]
# name 14 = scan: Scan Count
# name 15 = par/sat/log: PAR/Logarithmic, Satlantic
# name 16 = flag:  0.000e+00
# span 0 =     -0.537,      5.422       
# span 1 =    10.8322,    26.2774       
# span 2 =     0.8643,    12.0817       
# span 3 =      8.045,    139.237       
# span 4 =   6.159036,  35.113217       
# span 5 =      5.509,     46.930       
# span 6 =      6.353,      8.090       
# span 7 =  -252.6712,   321.3204       
# span 8 =    -0.2021,     8.2127       
# span 9 =    -0.7480,     5.7914       
# span 10 =     0.0125,     0.0245      
# span 11 =     -0.146,      0.319      
# span 12 =     -0.526,      5.316      
# span 13 =     -0.763,      7.711      
# span 14 =          1,        504      
# span 15 = 1.2236e+00, 4.7507e+02      
# span 16 = 0.0000e+00, 0.0000e+00      
# interval = seconds: 0.25
# start_time = Jun 25 2018 16:09:56 [Instrument's time stamp, header]
# bad_flag = -9.990e-29
*END*
[from data line 341]
      2.358    19.9174     9.1895     98.737  30.410493     33.635      7.602   244.8866     3.6717     1.7496     0.0217      0.078      2.312      3.353        342 2.4370e+01 0.0000e+00
      2.376    19.7696     9.0628     97.200  30.362835     33.682      7.591   245.4166     3.7121     1.7362     0.0217      0.084      2.331      3.380        343 2.3907e+01 0.0000e+00
      2.396    19.6512     8.9142     95.473  30.383929     33.821      7.580   245.6059     3.6231     1.5616     0.0217      0.088      2.350      3.407        344 2.3552e+01 0.0000e+00
      2.414    19.5937     8.7576     93.645  30.354653     33.900      7.573   245.8330     3.6474     1.5079     0.0217      0.088      2.366      3.432        345 2.3262e+01 0.0000e+00
      2.428    19.5142     8.5978     91.744  30.369677     33.994      7.565   246.2495     3.6150     1.4676     0.0217      0.084      2.381      3.453        346 2.2945e+01 0.0000e+00
      2.443    19.3900     8.4377     89.858  30.483880     34.190      7.559   246.5523     3.6231     1.4139     0.0217      0.078      2.396      3.474        347 2.2643e+01 0.0000e+00
      2.458    19.2807     8.2842     88.071  30.509068     34.252      7.555   247.5366     3.6231     1.4676     0.0217      0.071      2.411      3.498        348 2.2225e+01 0.0000e+00
      2.478    19.1893     8.1390     86.334  30.545922     34.412      7.546   247.8395     3.9224     1.5213     0.0218      0.067      2.430      3.524        349 2.1771e+01 0.0000e+00
      2.497    19.0959     7.9842     84.472  30.615966     34.560      7.541   248.4073     3.8819     1.5616     0.0218      0.066      2.449      3.551        350 2.1411e+01 0.0000e+00
      2.516    18.9687     7.8401     82.811  30.718455     34.758      7.536   248.7481     3.8819     1.5885     0.0219      0.067      2.468      3.579        351 2.1022e+01 0.0000e+00
      2.537    18.8322     7.7293     81.494  30.833533     34.957      7.528   249.0888     3.8738     1.4810     0.0219      0.068      2.487      3.607        352 2.0640e+01 0.0000e+00
      2.554    18.7401     7.6240     80.170  30.828610     35.058      7.522   249.2023     3.7121     1.0916     0.0219      0.070      2.504      3.632        353 2.0346e+01 0.0000e+00
      2.570    18.6720     7.5140     78.835  30.783936     35.106      7.518   249.5052     3.7121     1.0379     0.0219      0.072      2.520      3.656        354 2.0070e+01 0.0000e+00
      2.586    18.5912     7.4043     77.510  30.829880     35.242      7.511   249.3538     3.6959     1.0379     0.0219      0.072      2.536      3.679        355 1.9754e+01 0.0000e+00
      2.604    18.4906     7.2909     76.168  30.949382     35.426      7.503   250.0352     3.6838     1.0379     0.0220      0.072      2.553      3.704        356 1.9386e+01 0.0000e+00
      2.621    18.3932     7.1590     74.625  30.961416     35.522      7.495   250.2623     4.1165     1.0514     0.0220      0.070      2.570      3.728        357 1.9103e+01 0.0000e+00
      2.638    18.3080     7.0464     73.307  30.903895     35.509      7.487   250.6031     4.1609     1.0916     0.0219      0.068      2.586      3.751        358 1.8926e+01 0.0000e+00
      2.653    18.1975     6.9294     71.955  30.961705     35.685      7.475   251.0573     4.1448     1.0916     0.0220      0.066      2.601      3.773        359 1.8710e+01 0.0000e+00
      2.669    18.0735     6.8075     70.600  30.978469     35.755      7.467   251.0195     4.1448     1.1185     0.0220      0.065      2.618      3.798        360 1.8439e+01 0.0000e+00
      2.689    17.9920     6.6892     69.309  31.031331     35.911      7.456   251.7009     5.3012     1.1051     0.0220      0.066      2.639      3.827        361 1.8086e+01 0.0000e+00
      2.715    17.9022     6.5829     68.145  31.103527     36.114      7.445   252.9881     5.2608     0.9574     0.0220      0.069      2.663      3.862        362 1.7729e+01 0.0000e+00
      2.742    17.7768     6.4641     66.857  31.096233     36.148      7.432   253.7452     5.2608     1.1185     0.0220      0.073      2.689      3.900        363 1.7366e+01 0.0000e+00
      2.768    17.6627     6.3753     65.883  31.129403     36.287      7.416   254.7674     5.2487     1.0111     0.0221      0.079      2.714      3.936        364 1.6991e+01 0.0000e+00
      2.792    17.5580     6.3021     65.039  31.151242     36.398      7.398   254.4266     5.0344     1.2662     0.0221      0.085      2.737      3.970        365 1.6737e+01 0.0000e+00
      2.813    17.4563     6.2333     64.238  31.187712     36.557      7.387   254.8052     5.0222     1.2931     0.0221      0.089      2.757      4.000        366 1.6488e+01 0.0000e+00
      2.831    17.3536     6.1803     63.587  31.202675     36.650      7.373   254.6538     4.9939     1.3199     0.0221      0.092      2.776      4.026        367 1.6225e+01 0.0000e+00
      2.848    17.2554     6.1294     62.966  31.251275     36.800      7.364   255.4109     5.0101     1.2662     0.0221      0.091      2.795      4.053        368 1.5965e+01 0.0000e+00
      2.870    17.1690     6.0756     62.353  31.364491     37.025      7.355   255.7516     4.9778     1.2259     0.0222      0.088      2.816      4.084        369 1.5679e+01 0.0000e+00
      2.895    17.1057     6.0275     61.897  31.358344     37.108      7.343   256.3195     5.1921     1.2393     0.0222      0.085      2.839      4.118        370 1.5443e+01 0.0000e+00
      2.919    17.0621     5.9826     61.457  31.318271     37.120      7.335   256.6981     5.2204     1.3065     0.0222      0.084      2.864      4.153        371 1.5133e+01 0.0000e+00
      2.946    17.0170     5.9297     60.815  31.355093     37.241      7.328   256.5088     5.2204     1.3199     0.0222      0.085      2.888      4.188        372 1.4818e+01 0.0000e+00
      2.969    16.9770     5.8702     60.042  31.371852     37.280      7.318   256.6981     5.2082     1.3199     0.0222      0.087      2.910      4.221        373 1.4672e+01 0.0000e+00
      2.988    16.9345     5.7866     58.989  31.356741     37.319      7.308   257.0009     5.2770     1.2931     0.0222      0.089      2.930      4.249        374 1.4486e+01 0.0000e+00
      3.005    16.8728     5.6954     57.844  31.373919     37.357      7.297   257.9095     5.2608     1.3199     0.0222      0.089      2.948      4.275        375 1.4265e+01 0.0000e+00
      3.024    16.8022     5.5957     56.677  31.439451     37.491      7.287   257.9852     5.2689     1.3602     0.0222      0.088      2.965      4.300        376 1.4115e+01 0.0000e+00
      3.039    16.7265     5.4646     55.298  31.453121     37.550      7.277   258.3259     5.2649     1.2796     0.0222      0.083      2.980      4.323        377 1.3933e+01 0.0000e+00
      3.053    16.6504     5.2906     53.512  31.445888     37.610      7.269   258.5152     5.2123     1.2528     0.0222      0.078      2.994      4.343        378 1.3793e+01 0.0000e+00
      3.067    16.6083     5.0954     51.449  31.507788     37.748      7.258   258.2124     5.1921     1.2393     0.0223      0.071      3.008      4.362        379 1.3659e+01 0.0000e+00
      3.080    16.6342     4.8703     49.029  31.613341     37.949      7.249   258.6667     5.2002     1.2662     0.0223      0.065      3.021      4.382        380 1.3497e+01 0.0000e+00
      3.094    16.6490     4.6035     46.229  31.640738     38.025      7.240   258.8938     5.2244     1.3602     0.0223      0.061      3.035      4.402        381 1.3355e+01 0.0000e+00
      3.111    16.5738     4.3805     43.884  31.621971     37.965      7.229   259.6509     4.9252     1.3736     0.0223      0.059      3.051      4.425        382 1.3149e+01 0.0000e+00
      3.130    16.4447     4.1790     41.804  31.666346     38.017      7.220   259.8024     4.8726     1.2393     0.0224      0.059      3.071      4.454        383 1.2923e+01 0.0000e+00
      3.155    16.2854     3.9988     39.996  31.733781     38.155      7.211   260.0674     4.9131     1.1991     0.0224      0.061      3.094      4.488        384 1.2710e+01 0.0000e+00
      3.179    16.1109     3.8640     38.617  31.923567     38.509      7.200   260.5217     4.9131     1.2931     0.0225      0.067      3.116      4.520        385 1.2482e+01 0.0000e+00
      3.197    15.9841     3.7626     37.561  32.082583     38.861      7.188   260.4459     4.8645     1.2528     0.0226      0.072      3.135      4.547        386 1.2343e+01 0.0000e+00
      3.215    15.9383     3.6762     36.671  32.129021     39.061      7.184   260.4081     4.8484     1.2662     0.0226      0.076      3.152      4.571        387 1.2237e+01 0.0000e+00
      3.230    15.9162     3.6309     36.187  32.132726     39.217      7.173   260.9759     4.8201     1.3602     0.0226      0.077      3.168      4.596        388 1.2055e+01 0.0000e+00
      3.249    15.8330     3.6024     35.819  32.107678     39.190      7.164   261.7331     4.8120     1.2796     0.0226      0.078      3.187      4.623        389 1.1843e+01 0.0000e+00
      3.271    15.6973     3.5700     35.384  32.130566     39.280      7.152   262.1495     4.8281     1.2931     0.0226      0.077      3.208      4.653        390 1.1652e+01 0.0000e+00
      3.294    15.5780     3.5342     34.971  32.104262     39.289      7.142   262.7552     4.5006     1.2528     0.0226      0.077      3.230      4.685        391 1.1455e+01 0.0000e+00
      3.318    15.4678     3.4962     34.580  32.140451     39.494      7.130   262.7174     4.4804     1.2662     0.0226      0.077      3.253      4.718        392 1.1282e+01 0.0000e+00
      3.339    15.4005     3.4489     34.054  32.174543     39.641      7.117   263.0581     4.4480     1.3065     0.0227      0.079      3.273      4.748        393 1.1131e+01 0.0000e+00
      3.356    15.3905     3.4030     33.485  32.150847     39.716      7.104   263.0202     4.4561     1.2662     0.0226      0.081      3.292      4.775        394 1.0920e+01 0.0000e+00
      3.376    15.3563     3.3504     32.837  32.140332     39.784      7.093   263.6260     4.6300     1.3199     0.0226      0.082      3.310      4.801        395 1.0803e+01 0.0000e+00
      3.394    15.3033     3.3076     32.325  32.158004     39.789      7.082   263.8152     4.6017     1.3065     0.0226      0.082      3.328      4.826        396 1.0730e+01 0.0000e+00
      3.410    15.2681     3.2630     31.826  32.188174     39.895      7.066   264.3452     4.6057     1.3333     0.0227      0.079      3.344      4.850        397 1.0581e+01 0.0000e+00
      3.426    15.2238     3.2270     31.387  32.280722     40.016      7.060   264.7617     4.5815     1.3199     0.0227      0.076      3.359      4.872        398 1.0447e+01 0.0000e+00
      3.441    15.1165     3.1875     30.900  32.369041     40.225      7.046   265.6324     4.4966     1.3602     0.0228      0.071      3.375      4.895        399 1.0304e+01 0.0000e+00
      3.459    14.9718     3.1325     30.293  32.345167     40.164      7.036   266.1245     4.4723     1.3333     0.0227      0.068      3.392      4.919        400 1.0213e+01 0.0000e+00
      3.475    14.8944     3.0535     29.475  32.429076     40.445      7.024   266.7681     4.4602     1.2259     0.0228      0.066      3.408      4.943        401 1.0128e+01 0.0000e+00
      3.491    14.8702     2.9605     28.535  32.412933     40.525      7.012   267.0331     4.4561     1.2796     0.0228      0.065      3.424      4.967        402 1.0004e+01 0.0000e+00
      3.509    14.7926     2.8800     27.726  32.306001     40.498      7.003   267.1845     4.0841     1.5750     0.0228      0.064      3.442      4.992        403 9.8492e+00 0.0000e+00
      3.528    14.6350     2.8305     27.214  32.324955     40.519      6.991   266.9574     4.1003     1.5750     0.0228      0.065      3.460      5.019        404 9.6895e+00 0.0000e+00
      3.548    14.4539     2.8257     27.094  32.389367     40.705      6.979   267.1845     4.0922     1.5348     0.0228      0.067      3.480      5.048        405 9.5776e+00 0.0000e+00
      3.570    14.3228     2.8560     27.313  32.522420     41.008      6.972   267.1088     4.0841     1.5482     0.0229      0.070      3.500      5.077        406 9.4718e+00 0.0000e+00
      3.590    14.2307     2.9063     27.729  32.782178     41.553      6.963   267.1845     3.5503     1.4408     0.0230      0.073      3.521      5.107        407 9.3294e+00 0.0000e+00
      3.613    14.1016     2.9497     28.074  33.044775     42.010      6.952   267.7145     3.5908     1.5213     0.0232      0.076      3.543      5.139        408 9.1262e+00 0.0000e+00
      3.636    13.9536     2.9717     28.211  33.026014     42.107      6.938   267.4874     3.5908     1.5750     0.0232      0.079      3.565      5.170        409 9.0213e+00 0.0000e+00
      3.655    13.8406     2.9304     27.762  32.746267     41.853      6.929   268.0174     3.5544     1.4945     0.0230      0.082      3.585      5.199        410 8.9212e+00 0.0000e+00
      3.676    13.7588     2.8013     26.493  32.621948     41.871      6.917   267.9795     3.5463     1.5616     0.0230      0.083      3.605      5.229        411 8.7232e+00 0.0000e+00
      3.697    13.6907     2.5890     24.430  32.617349     41.991      6.905   268.3960     3.4331     1.7899     0.0230      0.083      3.626      5.259        412 8.5727e+00 0.0000e+00
      3.720    13.6385     2.3197     21.853  32.692734     42.154      6.895   269.4560     3.4331     1.7630     0.0230      0.084      3.648      5.291        413 8.4263e+00 0.0000e+00
      3.743    13.5745     2.0220     19.038  32.854373     42.478      6.882   269.9481     3.4533     1.7093     0.0231      0.084      3.670      5.324        414 8.2761e+00 0.0000e+00
      3.766    13.4564     1.7126     16.124  33.009317     42.684      6.872   270.5917     3.4331     1.6422     0.0232      0.085      3.693      5.357        415 8.1258e+00 0.0000e+00
      3.790    13.3358     1.4527     13.657  33.330277     43.219      6.858   270.7053     3.3724     1.9107     0.0234      0.086      3.718      5.391        416 7.9500e+00 0.0000e+00
      3.816    13.2330     1.1973     11.233  33.700505     43.794      6.846   271.3110     3.3522     1.9376     0.0236      0.088      3.742      5.426        417 7.8302e+00 0.0000e+00
      3.840    13.1212     1.0244      9.596  33.972101     44.330      6.835   271.5760     3.3805     2.0182     0.0238      0.091      3.765      5.460        418 7.7216e+00 0.0000e+00
      3.860    13.0070     0.9209      8.600  34.237896     44.742      6.827   271.3867     3.4129     2.0584     0.0239      0.092      3.785      5.490        419 7.5922e+00 0.0000e+00
      3.880    12.9154     0.8643      8.051  34.496734     45.276      6.817   271.5760     3.1622     1.7362     0.0241      0.092      3.803      5.516        420 7.5343e+00 0.0000e+00
      3.894    12.8368     0.8651      8.045  34.480428     45.339      6.807   271.5760     3.1702     1.6556     0.0241      0.088      3.818      5.538        421 7.4643e+00 0.0000e+00
      3.907    12.7393     0.9096      8.438  34.643782     45.671      6.795   272.0681     3.1783     1.8167     0.0242      0.083      3.832      5.558        422 7.3465e+00 0.0000e+00
      3.923    12.6630     1.0093      9.343  34.975614     46.243      6.781   272.2953     3.1824     1.7899     0.0244      0.077      3.848      5.580        423 7.2708e+00 0.0000e+00
      3.941    12.6399     1.1777     10.878  34.897924     46.218      6.768   273.0146     3.1379     1.9242     0.0244      0.071      3.865      5.605        424 7.1536e+00 0.0000e+00
      3.959    12.6334     1.3956     12.863  34.770163     46.162      6.756   273.5067     3.0813     1.9510     0.0243      0.067      3.882      5.630        425 7.0602e+00 0.0000e+00
