Data/DataNotYetUploadedToEDI/Raw_CTD/RawDownloads/062518_fcr50.cnv
* Sea-Bird SBE19plus  Data File:
* FileName = C:\DATA\062518_fcr50_0001.hex
* Software version 2.6.3.104
* Temperature SN = 7809
* Conductivity SN = 7809
* System UpLoad Time = Jun 25 2018 08:52:00
* <ApplicationData>
* <Seaterm232>
# nquan = 17
# nvalues = 1070                        
# units = specified
# name 0 = depFM: Depth [fresh water, m]
# name 1 = tv290C: Temperature [ITS-90, deg C]
# name 2 = sbeox0Mg/L: Oxygen, SBE 43 [mg/l]
# name 3 = sbeox0PS: Oxygen, SBE 43 [% saturation]
# name 4 = c0uS/cm: Conductivity [uS/cm]
# name 5 = specc: Specific Conductance [uS/cm]
# name 6 = ph: pH
# name 7 = orp: Oxidation Reduction Potential [mV]
# name 8 = flECO-AFL: Fluorescence, WET Labs ECO-AFL/FL [mg/m^3]
# name 9 = turbWETntu0: Turbidity, WET Labs ECO [NTU]
# name 10 = sal00: Salinity, Practical [PSU]
# name 11 = dz/dtM: Descent Rate [m/s]
# name 12 = prdM: Pressure, Strain Gauge [db]
# name 13 = prdE: Pressure, Strain Gauge [psi]
# name 14 = scan: Scan Count
# name 15 = par/sat/log: PAR/Logarithmic, Satlantic
# name 16 = flag:  0.000e+00
# span 0 =     -0.537,      9.692       
# span 1 =    10.8486,    26.2224       
# span 2 =     4.1208,    12.0069       
# span 3 =     38.275,    144.182       
# span 4 =   0.738193,  35.251810       
# span 5 =      0.751,     44.576       
# span 6 =      5.009,      8.101       
# span 7 = -1240.7455,   354.7862       
# span 8 =    -0.2021,     8.6898       
# span 9 =    -0.3183,    29.1695       
# span 10 =     0.0114,     0.0237      
# span 11 =     -0.092,      0.261      
# span 12 =     -0.527,      9.504      
# span 13 =     -0.764,     13.785      
# span 14 =          1,       1070      
# span 15 = 1.2457e-01, 1.5435e+02      
# span 16 = 0.0000e+00, 0.0000e+00      
# interval = seconds: 0.25
# start_time = Jun 25 2018 14:39:56 [Instrument's time stamp, header]
# bad_flag = -9.990e-29
*END*
[from data line 511]
      1.126    26.1768     9.4015    114.503  33.847671     33.067      7.952   279.5260     3.3118     1.9913     0.0232      0.080      1.100      1.596        512 3.3125e+01 0.0000e+00
      1.130    26.1600     9.7270    118.267  33.880260     33.094      7.947   279.6017     3.3158     1.8705     0.0232      0.081      1.107      1.606        513 3.3228e+01 0.0000e+00
      1.132    26.1462    10.0899    122.462  33.875634     33.095      7.947   279.4503     3.3158     1.8302     0.0232      0.074      1.112      1.612        514 3.3114e+01 0.0000e+00
      1.139    26.1348    10.4710    126.766  33.823777     33.051      7.953   279.2231     3.2875     1.8570     0.0232      0.063      1.121      1.626        515 3.2465e+01 0.0000e+00
      1.160    26.0794    10.8247    130.698  33.885492     33.116      7.952   279.2231     3.3360     1.7362     0.0232      0.055      1.138      1.650        516 3.1896e+01 0.0000e+00
      1.180    25.9734    11.1296    134.100  34.214012     33.449      7.947   279.0339     3.2996     1.7496     0.0233      0.050      1.158      1.680        517 3.1085e+01 0.0000e+00
      1.203    25.8499    11.4235    137.452  34.423236     33.706      7.951   278.8824     3.3118     1.7899     0.0234      0.049      1.180      1.712        518 3.0305e+01 0.0000e+00
      1.227    25.7493    11.6374    139.951  34.366532     33.693      7.951   279.3746     3.3037     1.6288     0.0234      0.054      1.201      1.743        519 2.9913e+01 0.0000e+00
      1.245    25.6352    11.8015    141.931  34.343935     33.776      7.951   279.0717     3.2916     1.6825     0.0234      0.062      1.224      1.776        520 2.8947e+01 0.0000e+00
      1.278    25.4767    11.9156    143.256  34.303134     33.787      7.949   279.6017     3.5706     1.7362     0.0234      0.075      1.250      1.814        521 2.8260e+01 0.0000e+00
      1.300    25.3403    11.9772    143.901  34.209770     33.779      7.938   279.5639     3.5706     1.7362     0.0233      0.085      1.274      1.849        522 2.7765e+01 0.0000e+00
      1.320    25.2480    12.0067    144.182  34.222935     33.888      7.940   279.5260     3.5342     1.7362     0.0233      0.091      1.296      1.880        523 2.7089e+01 0.0000e+00
      1.345    25.1500    12.0069    144.140  34.227507     34.007      7.941   279.1853     3.5787     1.6690     0.0233      0.092      1.318      1.911        524 2.6624e+01 0.0000e+00
      1.366    25.0134    11.9797    143.803  34.055865     33.874      7.943   279.0717     3.1096     2.1122     0.0233      0.092      1.339      1.942        525 2.6049e+01 0.0000e+00
      1.389    24.8690    11.9349    143.227  33.932445     33.828      7.945   279.5260     3.1055     2.1793     0.0232      0.092      1.359      1.971        526 2.5534e+01 0.0000e+00
      1.404    24.7564    11.8829    142.512  33.877010     33.866      7.937   279.3746     3.1096     2.1659     0.0232      0.089      1.374      1.992        527 2.5461e+01 0.0000e+00
      1.408    24.6820    11.8211    141.686  33.828361     33.908      7.933   280.0181     3.1015     2.1122     0.0232      0.082      1.381      2.002        528 2.5352e+01 0.0000e+00
      1.412    24.6536    11.7641    140.972  33.874429     34.041      7.939   280.3589     3.0611     1.6959     0.0232      0.070      1.386      2.009        529 2.5434e+01 0.0000e+00
      1.415    24.6540    11.7228    140.520  33.908698     34.120      7.948   279.7910     3.0247     1.6959     0.0232      0.059      1.396      2.024        530 2.5043e+01 0.0000e+00
      1.446    24.6369    11.6921    140.237  33.874713     34.112      7.956   280.2074     3.0489     1.7899     0.0232      0.054      1.418      2.056        531 2.3700e+01 0.0000e+00
      1.477    24.6019    11.6687    140.044  33.827772     34.054      7.963   279.4881     3.0368     1.7899     0.0232      0.054      1.440      2.089        532 2.3622e+01 0.0000e+00
      1.481    24.5738    11.6828    140.065  33.818845     34.066      7.979   279.4503     2.9721     1.6825     0.0232      0.053      1.452      2.106        533 2.3784e+01 0.0000e+00
      1.486    24.5575    11.7096    139.916  33.826520     34.090      7.992   279.9803     2.9923     1.7496     0.0232      0.052      1.457      2.114        534 2.3427e+01 0.0000e+00
      1.492    24.5527    11.7072    139.473  33.818234     34.109      8.003   279.7531     2.9883     1.7630     0.0232      0.051      1.463      2.124        535 2.3408e+01 0.0000e+00
      1.500    24.5382    11.6898    139.066  33.799515     34.093      8.015   279.3746     2.9721     1.7228     0.0232      0.051      1.473      2.137        536 2.3031e+01 0.0000e+00
      1.518    24.5047    11.6626    138.732  33.820169     34.124      8.022   279.1853     2.9276     1.6690     0.0232      0.051      1.487      2.157        537 2.2630e+01 0.0000e+00
      1.534    24.4724    11.6398    138.527  33.733224     34.049      8.028   279.2989     2.9074     1.6690     0.0231      0.049      1.500      2.175        538 2.2495e+01 0.0000e+00
      1.537    24.4614    11.6280    138.414  33.700138     34.016      8.036   279.4503     2.9195     1.7362     0.0231      0.041      1.506      2.185        539 2.2568e+01 0.0000e+00
      1.538    24.4765    11.6311    138.389  33.802047     34.180      8.044   279.3746     2.9236     1.7765     0.0232      0.035      1.508      2.188        540 2.2456e+01 0.0000e+00
      1.539    24.5099    11.6205    138.182  33.754688     34.103      8.051   279.2610     2.8953     1.7362     0.0231      0.033      1.510      2.191        541 2.2468e+01 0.0000e+00
      1.542    24.5424    11.6157    138.006  33.788736     34.148      8.056   279.6774     2.9640     1.6959     0.0232      0.030      1.517      2.201        542 2.2262e+01 0.0000e+00
      1.562    24.4826    11.6281    138.069  33.818980     34.154      8.059   279.2231     2.9721     1.6825     0.0232      0.029      1.534      2.226        543 2.1433e+01 0.0000e+00
      1.592    24.3081    11.6520    138.101  33.628071     33.933      8.056   279.6396     2.9964     1.7496     0.0231      0.034      1.557      2.258        544 2.1083e+01 0.0000e+00
      1.608    24.1471    11.6599    137.741  33.462870     33.803      8.053   278.9960     2.9762     1.6690     0.0230      0.038      1.574      2.283        545 2.0849e+01 0.0000e+00
      1.618    24.0716    11.6520    137.350  33.401849     33.870      8.056   279.2231     3.1055     1.6556     0.0230      0.044      1.584      2.298        546 2.0697e+01 0.0000e+00
      1.620    24.0652    11.6644    137.344  33.407530     33.980      8.066   279.1853     3.1177     1.6422     0.0230      0.050      1.588      2.303        547 2.0875e+01 0.0000e+00
      1.620    24.0916    11.6813    137.483  33.485522     34.118      8.076   279.6396     3.0934     1.7496     0.0230      0.050      1.591      2.307        548 2.0791e+01 0.0000e+00
      1.625    24.1001    11.7016    137.714  33.512409     34.150      8.086   279.6017     3.1136     1.7496     0.0231      0.047      1.597      2.317        549 2.0517e+01 0.0000e+00
      1.641    24.0794    11.7364    137.944  33.403731     34.018      8.091   279.7153     3.0692     1.6556     0.0230      0.043      1.609      2.334        550 2.0168e+01 0.0000e+00
      1.655    24.0447    11.7601    137.898  33.353872     33.954      8.092   279.3367     3.0368     1.7362     0.0230      0.037      1.622      2.352        551 1.9775e+01 0.0000e+00
      1.665    24.0021    11.7670    137.696  33.248256     33.885      8.091   279.0339     3.0570     1.7362     0.0230      0.032      1.633      2.368        552 1.9929e+01 0.0000e+00
      1.672    23.9668    11.7517    137.443  33.297941     33.907      8.096   278.9581     3.0409     1.7228     0.0230      0.032      1.648      2.390        553 1.9472e+01 0.0000e+00
      1.707    23.8679    11.7265    137.102  33.321708     34.053      8.099   279.6774     3.1622     1.7630     0.0230      0.041      1.676      2.431        554 1.8421e+01 0.0000e+00
      1.749    23.6978    11.6923    136.559  32.922155     33.562      8.096   279.7531     3.1824     1.8167     0.0228      0.058      1.706      2.475        555 1.8215e+01 0.0000e+00
      1.759    23.5802    11.6466    135.816  32.757308     33.543      8.091   279.2989     3.1662     1.6556     0.0228      0.070      1.723      2.500        556 1.8180e+01 0.0000e+00
      1.766    23.5215    11.5900    135.026  32.755898     33.606      8.098   279.8289     3.1824     1.6959     0.0227      0.075      1.731      2.511        557 1.8023e+01 0.0000e+00
      1.771    23.4995    11.5380    134.351  32.716396     33.686      8.096   279.2231     3.4290     1.8705     0.0227      0.073      1.738      2.521        558 1.7881e+01 0.0000e+00
      1.777    23.4921    11.4667    133.569  32.806519     33.784      8.101   279.6017     3.4493     1.7899     0.0228      0.068      1.755      2.545        559 1.7247e+01 0.0000e+00
      1.827    23.4260    11.4221    132.823  32.732732     33.772      8.097   280.6239     3.4290     1.6690     0.0227      0.072      1.788      2.593        560 1.6352e+01 0.0000e+00
      1.863    23.3001    11.3918    131.929  32.482048     33.457      8.088   280.1696     3.4210     1.6690     0.0226      0.078      1.817      2.636        561 1.6267e+01 0.0000e+00
      1.866    23.1958    11.3459    131.022  32.377166     33.447      8.085   280.5860     3.4048     1.6556     0.0226      0.073      1.829      2.652        562 1.6479e+01 0.0000e+00
      1.868    23.1628    11.3128    130.266  32.418484     33.533      8.084   280.2453     3.5989     1.7630     0.0226      0.068      1.834      2.660        563 1.6265e+01 0.0000e+00
      1.878    23.1469    11.2369    129.009  32.489983     33.725      8.081   280.9646     3.5706     1.7630     0.0226      0.069      1.845      2.676        564 1.5921e+01 0.0000e+00
      1.900    23.0888    11.1391    127.482  32.406841     33.629      8.082   281.0403     3.5423     1.6690     0.0226      0.070      1.862      2.700        565 1.5593e+01 0.0000e+00
      1.917    23.0128    11.0064    125.575  32.166137     33.409      8.076   281.1539     3.5706     1.7496     0.0225      0.069      1.876      2.721        566 1.5486e+01 0.0000e+00
      1.921    22.9576    10.8785    123.792  32.107529     33.360      8.074   281.0024     3.5544     1.4945     0.0225      0.061      1.883      2.731        567 1.5476e+01 0.0000e+00
      1.922    22.9348    10.7284    121.934  32.123964     33.475      8.076   281.4567     3.5908     1.5079     0.0225      0.045      1.885      2.734        568 1.5477e+01 0.0000e+00
      1.922    22.9490    10.5980    120.398  32.234671     33.568      8.073   281.6839     3.5342     1.5616     0.0225      0.036      1.888      2.738        569 1.5399e+01 0.0000e+00
      1.931    22.8565    10.4819    119.049  32.355269     33.792      8.075   281.6081     3.5463     1.4676     0.0226      0.035      1.898      2.752        570 1.5096e+01 0.0000e+00
      1.952    22.6516    10.3920    118.086  32.062852     33.399      8.071   282.0246     4.2256     1.3602     0.0224      0.036      1.914      2.775        571 1.4862e+01 0.0000e+00
      1.969    22.4927    10.3377    117.543  31.797960     33.228      8.069   281.8731     4.2054     1.2662     0.0223      0.036      1.931      2.800        572 1.4637e+01 0.0000e+00
      1.986    22.3490    10.3271    117.355  31.736078     33.291      8.064   281.9489     4.2297     1.2662     0.0223      0.037      1.948      2.825        573 1.4346e+01 0.0000e+00
      2.005    22.1904    10.3379    117.372  31.546890     33.219      8.065   282.0246     4.1933     1.2393     0.0222      0.043      1.966      2.851        574 1.4082e+01 0.0000e+00
      2.024    22.0286    10.3618    117.636  31.381126     33.118      8.061   282.4410     4.1326     1.4945     0.0222      0.054      1.985      2.878        575 1.3794e+01 0.0000e+00
      2.043    21.8662    10.3765    117.716  31.230788     33.108      8.056   282.3653     4.1488     1.4408     0.0221      0.063      2.003      2.905        576 1.3529e+01 0.0000e+00
      2.061    21.7344    10.4134    117.754  31.111366     33.046      8.051   282.7060     4.1529     1.5213     0.0220      0.070      2.020      2.931        577 1.3345e+01 0.0000e+00
      2.078    21.6686    10.4299    117.402  31.114690     33.218      8.041   282.9332     4.1407     1.4945     0.0220      0.072      2.035      2.952        578 1.3177e+01 0.0000e+00
      2.088    21.6451    10.4230    116.924  31.167413     33.314      8.026   282.5924     4.3146     1.4408     0.0220      0.069      2.045      2.966        579 1.3088e+01 0.0000e+00
      2.090    21.6332    10.3939    116.324  31.164413     33.419      8.020   282.7817     4.3146     1.5348     0.0221      0.064      2.051      2.975        580 1.3050e+01 0.0000e+00
      2.098    21.6587    10.3534    115.704  31.177759     33.376      8.013   282.5546     4.3712     1.4810     0.0220      0.057      2.058      2.986        581 1.2926e+01 0.0000e+00
      2.109    21.6889    10.3206    115.128  31.210122     33.505      8.008   282.6682     4.3510     1.5348     0.0221      0.050      2.067      2.999        582 1.2834e+01 0.0000e+00
      2.116    21.6604    10.2725    114.408  31.124141     33.307      7.998   282.8574     4.3389     1.4273     0.0220      0.043      2.075      3.010        583 1.2786e+01 0.0000e+00
      2.121    21.6159    10.2229    113.727  31.106842     33.344      7.994   282.5167     4.8726     1.4005     0.0220      0.036      2.083      3.021        584 1.2618e+01 0.0000e+00
      2.135    21.6100    10.1706    112.896  31.053732     33.245      7.985   282.6682     4.8807     1.3871     0.0220      0.033      2.095      3.038        585 1.2416e+01 0.0000e+00
      2.151    21.5709    10.1188    112.066  31.012336     33.279      7.983   282.9332     4.9171     1.4945     0.0220      0.034      2.111      3.061        586 1.2200e+01 0.0000e+00
      2.170    21.4045    10.0453    111.113  30.980467     33.221      7.974   284.3339     4.9050     1.4408     0.0220      0.039      2.127      3.086        587 1.1999e+01 0.0000e+00
      2.186    21.1749     9.9670    110.170  30.767239     33.038      7.963   284.0689     5.5034     1.5213     0.0219      0.046      2.142      3.107        588 1.1889e+01 0.0000e+00
      2.196    20.9956     9.8858    109.186  30.625396     32.976      7.952   284.6367     5.5034     1.5213     0.0218      0.050      2.154      3.124        589 1.1739e+01 0.0000e+00
      2.208    20.8789     9.8123    108.215  30.652986     33.204      7.940   285.5453     5.5075     1.5482     0.0218      0.052      2.164      3.138        590 1.1659e+01 0.0000e+00
      2.215    20.8012     9.7532    107.274  30.673688     33.331      7.933   285.2424     5.5277     1.5750     0.0218      0.053      2.173      3.151        591 1.1579e+01 0.0000e+00
      2.224    20.7110     9.7096    106.464  30.659010     33.418      7.925   286.3024     8.4229     1.5348     0.0218      0.052      2.182      3.165        592 1.1440e+01 0.0000e+00
      2.237    20.6307     9.6653    105.732  30.671305     33.471      7.913   286.9082     8.4310     1.5616     0.0218      0.048      2.193      3.180        593 1.1353e+01 0.0000e+00
      2.246    20.5692     9.6199    105.090  30.658424     33.539      7.901   286.7189     8.4512     1.4945     0.0218      0.044      2.206      3.198        594 1.1156e+01 0.0000e+00
      2.266    20.4604     9.5665    104.350  30.675075     33.599      7.889   288.3467     8.4189     1.5348     0.0218      0.043      2.221      3.221        595 1.0936e+01 0.0000e+00
