Data/DataNotYetUploadedToEDI/Raw_CTD/RawDownloads/062520_fcr50.cnv
* Sea-Bird SBE19plus  Data File:
* FileName = C:\DATA\250620_fcr50_0002.hex
* Software version 2.8.0.119 SB_Terminal.dll
* Temperature SN = 7809
* Conductivity SN = 7809
* System UpLoad Time = Jun 25 2020 19:47:16
* <ApplicationData>
* <Seaterm232>
# nquan = 16
# nvalues = 1951                        
# units = specified
# name 0 = depFM: Depth [fresh water, m]
# name 1 = dz/dtM: Descent Rate [m/s]
# name 2 = sbeox0ML/L: Oxygen, SBE 43 [ml/l]
# name 3 = sbeox0PS: Oxygen, SBE 43 [% saturation]
# name 4 = specc: Specific Conductance [uS/cm]
# name 5 = c0uS/cm: Conductivity [uS/cm]
# name 6 = flECO-AFL: Fluorescence, WET Labs ECO-AFL/FL [mg/m^3]
# name 7 = ph: pH
# name 8 = orp: Oxidation Reduction Potential [mV]
# name 9 = par/sat/log: PAR/Logarithmic, Satlantic
# name 10 = turbWETntu0: Turbidity, WET Labs ECO [NTU]
# name 11 = prdM: Pressure, Strain Gauge [db]
# name 12 = prdE: Pressure, Strain Gauge [psi]
# name 13 = tv290C: Temperature [ITS-90, deg C]
# name 14 = density00: Density [density, kg/m^3]
# name 15 = flag:  0.000e+00
# span 0 =     -0.661,      9.744       
# span 1 =     -0.001,      0.182       
# span 2 =     0.0313,     7.8113       
# span 3 =      0.406,    121.479       
# span 4 =      7.647,    253.711       
# span 5 =   7.537761, 174.085466       
# span 6 =    -0.9480,   265.8129       
# span 7 =      6.274,      8.799       
# span 8 = -1240.7455,   347.1953       
# span 9 = 1.2349e-01, 1.7077e+03       
# span 10 =    -7.6606,    69.7141      
# span 11 =     -0.649,      9.556      
# span 12 =     -0.941,     13.859      
# span 13 =     8.9461,    24.2837      
# span 14 =   997.2348,   999.9044      
# span 15 = 0.0000e+00, 0.0000e+00      
# interval = seconds: 0.25
# start_time = Jun 24 2020 20:31:50 [Instrument's time stamp, header]
# bad_flag = -9.990e-29
*END*
[from data line 1266]
      3.713      0.014     0.0656      0.851     48.218  36.044309     9.7297      6.669   152.8499 5.1114e+00     4.1540      3.641      5.281    12.3954   999.4900 0.0000e+00
      3.715      0.014     0.0624      0.836     48.279  36.084809     9.7305      6.668   152.8063 5.1157e+00     4.0896      3.643      5.283    12.3872   999.4910 0.0000e+00
      3.717      0.014     0.0634      0.806     48.416  36.181954     9.5732      6.668   152.6586 5.1082e+00     4.1226      3.644      5.285    12.3813   999.4917 0.0000e+00
      3.721      0.015     0.0625      0.790     48.540  36.266963     9.2678      6.668   152.2683 5.1077e+00     4.2443      3.649      5.292    12.3775   999.4922 0.0000e+00
      3.725      0.016     0.0646      0.787     48.580  36.287648     9.0991      6.668   151.9589 5.1124e+00     4.2908      3.653      5.298    12.3739   999.4927 0.0000e+00
      3.729      0.018     0.0633      0.782     48.617  36.305124     9.0401      6.667   151.7572 5.1050e+00     4.3410      3.657      5.303    12.3671   999.4935 0.0000e+00
      3.735      0.018     0.0594      0.770     48.690  36.351334     8.4786      6.665   151.3779 5.1029e+00     4.3712      3.664      5.314    12.3634   999.4940 0.0000e+00
      3.740      0.017     0.0588      0.776     48.765  36.402128     7.4405      6.663   150.9865 5.1221e+00     4.3119      3.669      5.321    12.3571   999.4948 0.0000e+00
      3.744      0.016     0.0587      0.796     48.779  36.411579     6.8743      6.662   150.8101 5.1546e+00     4.2428      3.671      5.325    12.3447   999.4963 0.0000e+00
      3.748      0.014     0.0595      0.819     48.761  36.402148     6.8214      6.661   150.6220 5.1936e+00     4.1537      3.676      5.332    12.3344   999.4976 0.0000e+00
      3.751      0.012     0.0564      0.837     48.763  36.415021     6.8583      6.660   150.4340 5.2702e+00     4.0587      3.680      5.337    12.3262   999.4986 0.0000e+00
      3.753      0.010     0.0579      0.843     48.776  36.440316     6.9484      6.659   150.2570 5.3852e+00     4.0202      3.680      5.338    12.3190   999.4995 0.0000e+00
      3.755      0.009     0.0595      0.838     48.780  36.454153     7.0051      6.658   149.9450 5.4972e+00     4.0322      3.683      5.342    12.3186   999.4995 0.0000e+00
      3.757      0.009     0.0611      0.815     48.776  36.455413     7.0373      6.658   149.6728 5.5994e+00     3.9977      3.684      5.344    12.3217   999.4992 0.0000e+00
      3.760      0.009     0.0634      0.795     48.777  36.455562     7.3088      6.658   149.4607 5.6937e+00     3.9809      3.686      5.347    12.3328   999.4979 0.0000e+00
      3.762      0.009     0.0628      0.790     48.785  36.455962     7.8180      6.657   149.2734 5.7831e+00     4.0699      3.690      5.351    12.3552   999.4953 0.0000e+00
      3.764      0.009     0.0638      0.785     48.797  36.460232     8.1106      6.657   149.1287 5.8624e+00     4.1461      3.691      5.353    12.3646   999.4941 0.0000e+00
      3.767      0.009     0.0607      0.770     48.863  36.507184     8.1476      6.656   148.8294 5.9220e+00     4.1804      3.694      5.358    12.3674   999.4938 0.0000e+00
      3.770      0.010     0.0587      0.750     48.974  36.579414     8.2184      6.655   148.2360 5.9770e+00     4.1763      3.697      5.363    12.3699   999.4935 0.0000e+00
      3.772      0.011     0.0593      0.728     49.074  36.635477     8.3661      6.654   147.6332 6.0359e+00     4.1310      3.699      5.365    12.3602   999.4946 0.0000e+00
      3.774      0.012     0.0592      0.728     49.238  36.740777     8.4640      6.654   147.3055 6.0726e+00     4.1483      3.700      5.366    12.3537   999.4955 0.0000e+00
      3.777      0.013     0.0574      0.748     49.386  36.837178     8.4866      6.654   147.1126 6.0904e+00     4.2473      3.704      5.372    12.3577   999.4950 0.0000e+00
      3.781      0.014     0.0568      0.756     49.421  36.849098     8.4973      6.652   146.8501 6.1195e+00     4.2638      3.708      5.378    12.3486   999.4962 0.0000e+00
      3.785      0.014     0.0536      0.759     49.483  36.884878     8.5547      6.651   146.4542 6.1259e+00     4.1759      3.710      5.383    12.3213   999.4994 0.0000e+00
      3.789      0.014     0.0535      0.772     49.583  36.952466     8.6660      6.651   146.0254 6.1198e+00     4.1462      3.716      5.390    12.3039   999.5016 0.0000e+00
      3.793      0.014     0.0572      0.792     49.613  36.968204     8.7366      6.651   145.6244 6.1466e+00     4.1796      3.721      5.397    12.2933   999.5029 0.0000e+00
      3.796      0.013     0.0563      0.806     49.593  36.948224     8.7686      6.651   145.3056 6.1677e+00     4.2353      3.722      5.399    12.2756   999.5050 0.0000e+00
      3.799      0.011     0.0568      0.821     49.613  36.964749     8.9290      6.651   145.1817 6.1821e+00     4.3389      3.726      5.404    12.2651   999.5062 0.0000e+00
      3.803      0.010     0.0573      0.825     49.707  37.041075     9.2169      6.651   144.9869 6.2200e+00     4.4720      3.730      5.410    12.2624   999.5067 0.0000e+00
      3.805      0.010     0.0601      0.809     49.791  37.109526     9.3894      6.649   144.5854 6.2645e+00     4.5742      3.731      5.412    12.2522   999.5078 0.0000e+00
      3.806      0.011     0.0600      0.796     49.833  37.157756     9.4211      6.647   144.1983 6.3060e+00     4.6472      3.732      5.413    12.2448   999.5087 0.0000e+00
      3.809      0.012     0.0617      0.783     49.908  37.243459     9.4477      6.647   143.8348 6.3405e+00     4.6681      3.734      5.416    12.2483   999.5083 0.0000e+00
      3.813      0.013     0.0632      0.770     49.993  37.320752     9.4826      6.647   143.4587 6.3759e+00     4.5863      3.739      5.423    12.2581   999.5072 0.0000e+00
      3.817      0.015     0.0596      0.764     50.022  37.330749     9.4902      6.647   143.1788 6.4223e+00     4.4830      3.743      5.429    12.2593   999.5071 0.0000e+00
      3.820      0.015     0.0599      0.743     49.995  37.300851     9.4538      6.645   142.9455 6.4623e+00     4.4145      3.746      5.433    12.2689   999.5060 0.0000e+00
      3.825      0.014     0.0586      0.720     49.945  37.276569     9.1764      6.644   142.6168 6.4920e+00     4.3415      3.752      5.441    12.3167   999.5005 0.0000e+00
      3.830      0.012     0.0570      0.738     49.922  37.291032     8.6819      6.644   142.3025 6.5319e+00     4.2524      3.757      5.450    12.3390   999.4979 0.0000e+00
      3.833      0.010     0.0579      0.769     49.951  37.348822     8.4057      6.644   142.1569 6.6020e+00     4.1949      3.759      5.452    12.3074   999.5017 0.0000e+00
      3.834      0.010     0.0565      0.773     50.077  37.467633     8.3639      6.644   142.0603 6.6927e+00     4.1619      3.760      5.453    12.2907   999.5036 0.0000e+00
      3.835      0.011     0.0517      0.772     50.326  37.648695     8.2524      6.644   141.6507 6.7932e+00     4.1281      3.761      5.455    12.3093   999.5014 0.0000e+00
      3.836      0.012     0.0548      0.782     50.530  37.761001     8.0496      6.643   140.9906 6.8892e+00     4.1297      3.762      5.456    12.3435   999.4974 0.0000e+00
      3.840      0.014     0.0592      0.800     50.659  37.810034     7.9434      6.642   140.4456 6.9556e+00     4.1468      3.764      5.460    12.3863   999.4923 0.0000e+00
      3.845      0.016     0.0574      0.819     50.849  37.924156     7.9315      6.641   139.8786 7.0185e+00     4.1634      3.770      5.468    12.4180   999.4886 0.0000e+00
      3.852      0.018     0.0574      0.822     50.971  37.998422     7.8779      6.641   139.2978 7.1331e+00     4.1931      3.779      5.480    12.4178   999.4888 0.0000e+00
      3.857      0.018     0.0584      0.796     51.004  38.009839     7.4474      6.640   138.8447 7.2940e+00     4.1971      3.783      5.487    12.3650   999.4951 0.0000e+00
      3.861      0.017     0.0598      0.760     51.076  38.062187     6.6740      6.639   138.3578 7.4574e+00     4.2114      3.786      5.491    12.3028   999.5024 0.0000e+00
      3.865      0.016     0.0617      0.759     51.153  38.123621     6.2519      6.639   137.8848 7.6519e+00     4.2630      3.791      5.498    12.2871   999.5044 0.0000e+00
      3.869      0.015     0.0625      0.789     51.316  38.244904     6.1869      6.639   137.4270 7.8954e+00     4.2371      3.794      5.503    12.2729   999.5062 0.0000e+00
      3.872      0.015     0.0603      0.808     51.611  38.449671     5.8689      6.639   136.8667 8.1340e+00     4.1393      3.796      5.507    12.2507   999.5087 0.0000e+00
      3.875      0.016     0.0556      0.812     51.821  38.568461     5.3065      6.637   136.1862 8.3573e+00     4.1448      3.801      5.512    12.2570   999.5081 0.0000e+00
      3.879      0.016     0.0555      0.796     51.927  38.602195     5.0136      6.635   135.5669 8.5620e+00     4.2347      3.803      5.515    12.2635   999.5074 0.0000e+00
      3.884      0.017     0.0603      0.766     52.053  38.667088     4.9796      6.635   135.1429 8.7140e+00     4.2652      3.807      5.522    12.2636   999.5074 0.0000e+00
      3.889      0.017     0.0604      0.752     52.141  38.718368     4.7329      6.634   134.6730 8.8410e+00     4.1694      3.816      5.533    12.2592   999.5081 0.0000e+00
      3.894      0.016     0.0617      0.747     52.232  38.777913     4.2716      6.633   134.1020 8.9755e+00     4.0039      3.820      5.540    12.2139   999.5135 0.0000e+00
      3.897      0.015     0.0605      0.728     52.376  38.879288     4.0276      6.633   133.5730 9.0849e+00     3.9461      3.822      5.543    12.1571   999.5201 0.0000e+00
      3.900      0.014     0.0566      0.722     52.446  38.928569     4.0144      6.632   133.2668 9.1469e+00     3.9515      3.826      5.548    12.1340   999.5229 0.0000e+00
      3.904      0.012     0.0562      0.750     52.441  38.929480     3.9505      6.631   133.1541 9.1639e+00     3.9319      3.828      5.552    12.1250   999.5240 0.0000e+00
      3.907      0.011     0.0570      0.761     52.451  38.953773     3.8170      6.630   132.9846 9.1479e+00     3.9144      3.832      5.557    12.1159   999.5250 0.0000e+00
      3.911      0.011     0.0549      0.756     52.527  39.031909     3.7449      6.630   132.5926 9.1103e+00     3.9129      3.836      5.564    12.1134   999.5254 0.0000e+00
      3.913      0.011     0.0520      0.758     52.621  39.112599     3.7656      6.630   132.0294 9.0350e+00     3.9484      3.837      5.566    12.1073   999.5262 0.0000e+00
      3.914      0.010     0.0579      0.748     52.611  39.104297     4.0390      6.628   131.7674 8.9180e+00     3.9658      3.838      5.567    12.1085   999.5260 0.0000e+00
      3.917      0.009     0.0577      0.720     52.542  39.058473     4.5416      6.627   131.7482 8.7616e+00     3.9503      3.841      5.571    12.1293   999.5236 0.0000e+00
      3.920      0.009     0.0558      0.690     52.521  39.066312     4.8075      6.627   131.5383 8.5702e+00     3.9331      3.844      5.576    12.1541   999.5208 0.0000e+00
      3.923      0.009     0.0579      0.673     52.575  39.135630     4.8125      6.626   131.2086 8.3779e+00     3.9296      3.847      5.581    12.1689   999.5192 0.0000e+00
      3.925      0.010     0.0567      0.674     52.719  39.261923     4.7926      6.626   130.6873 8.1719e+00     3.9418      3.849      5.583    12.1582   999.5205 0.0000e+00
      3.926      0.011     0.0543      0.692     52.975  39.450870     4.6242      6.626   129.9680 7.9420e+00     3.8749      3.850      5.584    12.1564   999.5206 0.0000e+00
      3.928      0.014     0.0513      0.712     53.277  39.642995     4.3114      6.626   129.6530 7.7216e+00     3.7398      3.852      5.587    12.1876   999.5170 0.0000e+00
      3.932      0.016     0.0501      0.733     53.487  39.744176     4.1485      6.626   129.7170 7.5048e+00     3.6804      3.855      5.591    12.2189   999.5133 0.0000e+00
      3.937      0.018     0.0497      0.743     53.611  39.785579     4.1236      6.624   129.5368 7.2764e+00     3.7061      3.860      5.598    12.2402   999.5109 0.0000e+00
      3.943      0.019     0.0523      0.733     53.709  39.826179     3.9534      6.622   129.1095 7.0538e+00     3.8103      3.867      5.610    12.2449   999.5104 0.0000e+00
      3.950      0.019     0.0532      0.718     53.858  39.917673     3.6543      6.622   128.5940 6.8477e+00     3.9445      3.874      5.619    12.2111   999.5146 0.0000e+00
      3.955      0.019     0.0554      0.714     54.083  40.066663     3.5013      6.622   128.1235 6.6573e+00     3.9896      3.878      5.625    12.1459   999.5223 0.0000e+00
      3.959      0.018     0.0568      0.724     54.252  40.167716     3.4870      6.621   127.8085 6.4992e+00     3.9446      3.881      5.631    12.0955   999.5281 0.0000e+00
      3.962      0.017     0.0551      0.728     54.392  40.250854     3.4426      6.620   127.5383 6.3663e+00     3.9151      3.884      5.634    12.0681   999.5313 0.0000e+00
      3.966      0.017     0.0538      0.720     54.582  40.373640     3.3845      6.618   127.2651 6.2199e+00     3.9426      3.889      5.640    12.0539   999.5331 0.0000e+00
      3.971      0.017     0.0531      0.711     54.714  40.446295     3.3568      6.617   127.0009 6.0666e+00     3.9334      3.894      5.648    12.0439   999.5343 0.0000e+00
      3.975      0.017     0.0551      0.708     54.812  40.494556     3.3561      6.616   126.4945 5.9353e+00     3.9064      3.898      5.653    12.0151   999.5377 0.0000e+00
      3.980      0.017     0.0553      0.731     54.939  40.576285     3.4611      6.615   125.7889 5.8242e+00     3.9245      3.903      5.660    11.9943   999.5401 0.0000e+00
      3.985      0.016     0.0541      0.759     54.992  40.609287     3.6637      6.614   125.3523 5.7469e+00     3.9461      3.909      5.670    11.9882   999.5409 0.0000e+00
      3.989      0.015     0.0539      0.752     55.036  40.639677     3.7841      6.612   125.2593 5.7058e+00     3.9616      3.912      5.674    11.9586   999.5443 0.0000e+00
      3.992      0.015     0.0525      0.734     55.182  40.753294     3.8099      6.611   125.2672 5.6832e+00     3.9401      3.915      5.677    11.9302   999.5475 0.0000e+00
      3.996      0.015     0.0543      0.723     55.297  40.840481     3.8904      6.610   124.6727 5.6906e+00     3.8928      3.920      5.685    11.9264   999.5481 0.0000e+00
      3.999      0.015     0.0594      0.710     55.339  40.868677     4.0415      6.609   123.5786 5.7279e+00     3.9053      3.922      5.688    11.9193   999.5489 0.0000e+00
      4.003      0.016     0.0566      0.704     55.384  40.903779     4.1303      6.608   122.9653 5.7576e+00     3.9538      3.924      5.691    11.9134   999.5496 0.0000e+00
      4.008      0.016     0.0549      0.687     55.438  40.947522     4.1437      6.607   122.9361 5.7713e+00     3.9981      3.930      5.700    11.9256   999.5483 0.0000e+00
      4.013      0.016     0.0552      0.662     55.531  41.016727     4.1462      6.606   123.2250 5.8001e+00     3.9944      3.935      5.709    11.9293   999.5480 0.0000e+00
      4.017      0.016     0.0527      0.664     55.656  41.105763     4.1233      6.604   123.3620 5.8422e+00     3.9782      3.939      5.714    11.9185   999.5492 0.0000e+00
      4.021      0.016     0.0539      0.689     55.800  41.198864     4.0765      6.603   122.7852 5.8775e+00     4.0431      3.943      5.720    11.9234   999.5486 0.0000e+00
      4.024      0.015     0.0528      0.709     55.906  41.253717     4.0471      6.602   121.8433 5.8944e+00     4.1265      3.946      5.723    11.9301   999.5479 0.0000e+00
