Data/DataNotYetUploadedToEDI/Raw_CTD/RawDownloads/062520_fcr50.cnv
* Sea-Bird SBE19plus  Data File:
* FileName = C:\DATA\250620_fcr50_0002.hex
* Software version 2.8.0.119 SB_Terminal.dll
* Temperature SN = 7809
* Conductivity SN = 7809
* System UpLoad Time = Jun 25 2020 19:47:16
* <ApplicationData>
* <Seaterm232>
# nquan = 16
# nvalues = 1951                        
# units = specified
# name 0 = depFM: Depth [fresh water, m]
# name 1 = dz/dtM: Descent Rate [m/s]
# name 2 = sbeox0ML/L: Oxygen, SBE 43 [ml/l]
# name 3 = sbeox0PS: Oxygen, SBE 43 [% saturation]
# name 4 = specc: Specific Conductance [uS/cm]
# name 5 = c0uS/cm: Conductivity [uS/cm]
# name 6 = flECO-AFL: Fluorescence, WET Labs ECO-AFL/FL [mg/m^3]
# name 7 = ph: pH
# name 8 = orp: Oxidation Reduction Potential [mV]
# name 9 = par/sat/log: PAR/Logarithmic, Satlantic
# name 10 = turbWETntu0: Turbidity, WET Labs ECO [NTU]
# name 11 = prdM: Pressure, Strain Gauge [db]
# name 12 = prdE: Pressure, Strain Gauge [psi]
# name 13 = tv290C: Temperature [ITS-90, deg C]
# name 14 = density00: Density [density, kg/m^3]
# name 15 = flag:  0.000e+00
# span 0 =     -0.661,      9.744       
# span 1 =     -0.001,      0.182       
# span 2 =     0.0313,     7.8113       
# span 3 =      0.406,    121.479       
# span 4 =      7.647,    253.711       
# span 5 =   7.537761, 174.085466       
# span 6 =    -0.9480,   265.8129       
# span 7 =      6.274,      8.799       
# span 8 = -1240.7455,   347.1953       
# span 9 = 1.2349e-01, 1.7077e+03       
# span 10 =    -7.6606,    69.7141      
# span 11 =     -0.649,      9.556      
# span 12 =     -0.941,     13.859      
# span 13 =     8.9461,    24.2837      
# span 14 =   997.2348,   999.9044      
# span 15 = 0.0000e+00, 0.0000e+00      
# interval = seconds: 0.25
# start_time = Jun 24 2020 20:31:50 [Instrument's time stamp, header]
# bad_flag = -9.990e-29
*END*
[from data line 1085]
      3.018      0.022     0.2808      3.207     38.153  29.713015     6.7396      6.911   182.4388 2.4591e+01     8.4756      2.960      4.293    13.9788   999.2793 0.0000e+00
      3.022      0.022     0.2685      3.140     38.308  29.816118     6.7479      6.910   182.3620 2.4764e+01     8.5070      2.963      4.298    13.9628   999.2816 0.0000e+00
      3.026      0.021     0.2491      3.109     38.365  29.840671     6.8163      6.908   182.6847 2.4816e+01     8.3836      2.966      4.303    13.9569   999.2824 0.0000e+00
      3.032      0.021     0.2386      3.103     38.441  29.882976     6.9275      6.907   182.9847 2.4701e+01     8.1175      2.973      4.313    13.9508   999.2833 0.0000e+00
      3.039      0.021     0.2303      3.089     38.539  29.946970     6.9865      6.905   183.0640 2.4507e+01     7.9672      2.981      4.324    13.9395   999.2850 0.0000e+00
      3.044      0.020     0.2260      3.048     38.592  29.979989     6.9954      6.903   183.1277 2.4247e+01     7.9746      2.987      4.332    13.9147   999.2885 0.0000e+00
      3.048      0.020     0.2241      3.011     38.658  30.028435     6.9872      6.901   183.2382 2.3842e+01     7.9316      2.990      4.337    13.8849   999.2926 0.0000e+00
      3.053      0.019     0.2240      2.967     38.814  30.152085     6.9637      6.899   183.0245 2.3304e+01     7.8252      2.994      4.343    13.8629   999.2957 0.0000e+00
      3.057      0.019     0.2255      2.895     38.962  30.269648     6.9499      6.896   182.6075 2.2677e+01     7.7867      2.999      4.350    13.8476   999.2979 0.0000e+00
      3.062      0.019     0.2194      2.816     39.014  30.307933     6.9541      6.894   182.6705 2.1932e+01     7.7756      3.002      4.354    13.8364   999.2994 0.0000e+00
      3.068      0.019     0.2180      2.728     39.009  30.297780     7.0048      6.891   182.9268 2.1123e+01     7.7254      3.008      4.363    13.8323   999.3000 0.0000e+00
      3.073      0.018     0.2163      2.641     38.982  30.273771     7.0957      6.889   183.1251 2.0408e+01     7.6252      3.016      4.374    13.8365   999.2996 0.0000e+00
      3.078      0.017     0.2090      2.601     38.977  30.271399     7.1375      6.887   183.4334 1.9806e+01     7.5602      3.020      4.380    13.8451   999.2985 0.0000e+00
      3.082      0.016     0.2041      2.584     38.968  30.269104     7.1287      6.886   183.5566 1.9234e+01     7.5573      3.021      4.382    13.8420   999.2989 0.0000e+00
      3.085      0.014     0.1984      2.554     38.932  30.246025     7.1222      6.884   183.1520 1.8694e+01     7.5214      3.025      4.388    13.8287   999.3007 0.0000e+00
      3.089      0.014     0.1889      2.541     38.925  30.246131     7.0784      6.881   182.5849 1.8216e+01     7.5041      3.029      4.395    13.8237   999.3014 0.0000e+00
      3.092      0.014     0.1874      2.540     38.950  30.270381     6.9993      6.879   182.5505 1.7797e+01     7.5195      3.032      4.398    13.8275   999.3009 0.0000e+00
      3.095      0.014     0.1886      2.506     38.968  30.285472     6.9579      6.877   182.7360 1.7467e+01     7.5019      3.035      4.401    13.8356   999.2998 0.0000e+00
      3.099      0.013     0.1834      2.454     38.993  30.301718     6.9501      6.875   182.9350 1.7279e+01     7.4970      3.039      4.407    13.8421   999.2989 0.0000e+00
      3.103      0.013     0.1832      2.426     39.046  30.339919     6.9429      6.873   183.3228 1.7268e+01     7.4601      3.044      4.415    13.8461   999.2984 0.0000e+00
      3.106      0.013     0.1852      2.418     39.081  30.366702     6.9374      6.872   183.2080 1.7407e+01     7.3652      3.047      4.419    13.8577   999.2968 0.0000e+00
      3.109      0.012     0.1818      2.403     39.088  30.371779     6.9317      6.869   182.5791 1.7640e+01     7.3106      3.048      4.421    13.8608   999.2964 0.0000e+00
      3.112      0.012     0.1764      2.375     39.125  30.401306     6.9312      6.867   182.2585 1.7947e+01     7.2810      3.052      4.426    13.8504   999.2978 0.0000e+00
      3.115      0.012     0.1748      2.339     39.211  30.469944     7.0169      6.867   182.2572 1.8331e+01     7.2818      3.055      4.431    13.8476   999.2983 0.0000e+00
      3.117      0.013     0.1755      2.306     39.342  30.567259     7.1762      6.867   182.3911 1.8816e+01     7.3199      3.057      4.433    13.8481   999.2982 0.0000e+00
      3.120      0.015     0.1741      2.293     39.442  30.626290     7.2553      6.865   182.5868 1.9386e+01     7.2959      3.060      4.438    13.8458   999.2985 0.0000e+00
      3.124      0.015     0.1721      2.294     39.460  30.612682     7.2681      6.862   182.6440 1.9957e+01     7.2310      3.064      4.444    13.8459   999.2986 0.0000e+00
      3.129      0.015     0.1694      2.289     39.463  30.593012     7.2631      6.858   182.4812 2.0513e+01     7.1534      3.068      4.451    13.8519   999.2978 0.0000e+00
      3.134      0.014     0.1660      2.282     39.459  30.578771     7.2239      6.856   182.2535 2.1113e+01     7.0789      3.074      4.459    13.8529   999.2977 0.0000e+00
      3.138      0.012     0.1655      2.282     39.450  30.567365     7.2049      6.854   182.1271 2.1804e+01     7.0853      3.078      4.465    13.8259   999.3015 0.0000e+00
      3.141      0.010     0.1665      2.261     39.471  30.581990     7.2042      6.853   182.0724 2.2573e+01     7.0595      3.080      4.468    13.7816   999.3076 0.0000e+00
      3.142      0.008     0.1662      2.204     39.536  30.628712     7.1962      6.851   182.1082 2.3343e+01     6.9732      3.081      4.469    13.7529   999.3114 0.0000e+00
      3.143      0.007     0.1647      2.161     39.622  30.688175     7.1846      6.849   182.4736 2.4061e+01     6.9345      3.082      4.471    13.7418   999.3129 0.0000e+00
      3.144      0.007     0.1660      2.126     39.690  30.729962     7.1687      6.848   183.0489 2.4700e+01     6.9688      3.083      4.472    13.7368   999.3136 0.0000e+00
      3.146      0.008     0.1661      2.063     39.733  30.753281     7.1564      6.848   183.2131 2.5237e+01     7.0458      3.085      4.475    13.7365   999.3137 0.0000e+00
      3.149      0.008     0.1585      2.013     39.775  30.779778     7.1410      6.846   183.0819 2.5705e+01     7.0751      3.088      4.479    13.7351   999.3139 0.0000e+00
      3.152      0.009     0.1561      2.000     39.886  30.860002     7.1355      6.844   183.0118 2.6126e+01     7.1171      3.091      4.483    13.7257   999.3152 0.0000e+00
      3.154      0.010     0.1563      2.006     40.031  30.961926     7.1466      6.843   182.8818 2.6472e+01     7.2448      3.093      4.486    13.7073   999.3178 0.0000e+00
      3.155      0.010     0.1487      2.010     40.096  30.997027     7.1513      6.841   182.8009 2.6733e+01     7.3138      3.094      4.489    13.6946   999.3194 0.0000e+00
      3.158      0.011     0.1450      2.004     40.161  31.030617     7.1547      6.841   183.2381 2.6881e+01     7.2646      3.096      4.491    13.6888   999.3203 0.0000e+00
      3.161      0.012     0.1448      2.001     40.286  31.114256     7.2455      6.840   184.1241 2.6944e+01     7.3016      3.100      4.496    13.6837   999.3210 0.0000e+00
      3.165      0.013     0.1456      2.018     40.393  31.183515     7.4188      6.838   184.6510 2.7027e+01     7.4529      3.104      4.504    13.6745   999.3224 0.0000e+00
      3.168      0.014     0.1467      2.025     40.475  31.233558     7.5148      6.837   184.5321 2.7067e+01     7.5149      3.106      4.506    13.6486   999.3258 0.0000e+00
      3.171      0.014     0.1456      1.997     40.545  31.275186     7.5282      6.836   184.0641 2.6974e+01     7.5016      3.109      4.509    13.6271   999.3288 0.0000e+00
      3.175      0.014     0.1446      1.976     40.598  31.306153     7.5806      6.834   183.7246 2.6836e+01     7.4989      3.114      4.517    13.6155   999.3304 0.0000e+00
      3.179      0.015     0.1467      1.956     40.673  31.354192     7.6716      6.832   183.9536 2.6719e+01     7.4815      3.117      4.522    13.5974   999.3328 0.0000e+00
      3.183      0.016     0.1496      1.904     40.760  31.411892     7.7134      6.830   184.5108 2.6604e+01     7.4633      3.122      4.527    13.5790   999.3354 0.0000e+00
      3.187      0.017     0.1443      1.847     40.800  31.432785     7.7230      6.830   184.7831 2.6449e+01     7.4842      3.125      4.533    13.5650   999.3373 0.0000e+00
      3.191      0.017     0.1436      1.818     40.790  31.416462     7.7970      6.828   184.6647 2.6254e+01     7.4596      3.128      4.538    13.5533   999.3389 0.0000e+00
      3.196      0.016     0.1443      1.811     40.785  31.404856     7.9122      6.826   184.3700 2.6035e+01     7.3373      3.134      4.544    13.5417   999.3405 0.0000e+00
      3.201      0.015     0.1386      1.798     40.812  31.419346     7.9721      6.824   184.0595 2.5844e+01     7.2766      3.141      4.554    13.5294   999.3422 0.0000e+00
      3.206      0.014     0.1337      1.771     40.877  31.464752     7.9774      6.823   183.8359 2.5730e+01     7.3087      3.145      4.561    13.5170   999.3439 0.0000e+00
      3.208      0.012     0.1317      1.741     40.941  31.509742     7.9759      6.822   183.7311 2.5643e+01     7.3142      3.146      4.563    13.5057   999.3454 0.0000e+00
      3.210      0.010     0.1327      1.718     40.959  31.519190     7.9827      6.820   183.7381 2.5550e+01     7.2749      3.148      4.566    13.4969   999.3466 0.0000e+00
      3.212      0.009     0.1314      1.670     40.959  31.515533     7.9833      6.819   183.6628 2.5448e+01     7.2454      3.150      4.569    13.4904   999.3474 0.0000e+00
      3.215      0.009     0.1297      1.605     40.980  31.528972     7.9732      6.817   183.4228 2.5328e+01     7.2313      3.153      4.573    13.4843   999.3483 0.0000e+00
      3.217      0.010     0.1259      1.552     41.020  31.554780     7.9752      6.814   183.0739 2.5214e+01     7.2075      3.155      4.575    13.4779   999.3492 0.0000e+00
      3.218      0.011     0.1265      1.488     41.051  31.573783     7.9881      6.812   182.3692 2.5124e+01     7.1629      3.156      4.578    13.4727   999.3499 0.0000e+00
      3.221      0.011     0.1229      1.435     41.049  31.568395     7.9956      6.811   181.4413 2.4987e+01     7.0702      3.158      4.581    13.4688   999.3504 0.0000e+00
      3.225      0.010     0.1154      1.432     41.029  31.553080     7.9900      6.809   180.8888 2.4818e+01     7.0139      3.163      4.587    13.4652   999.3509 0.0000e+00
      3.229      0.010     0.1145      1.453     41.062  31.578947     7.9770      6.808   180.5923 2.4718e+01     7.0663      3.168      4.595    13.4601   999.3516 0.0000e+00
      3.231      0.010     0.1084      1.468     41.124  31.627365     7.9154      6.806   180.3524 2.4665e+01     7.1198      3.168      4.596    13.4524   999.3526 0.0000e+00
      3.232      0.010     0.1027      1.467     41.129  31.630937     7.7986      6.804   180.1390 2.4628e+01     7.0776      3.169      4.597    13.4475   999.3532 0.0000e+00
      3.234      0.009     0.1042      1.463     41.119  31.622135     7.7284      6.803   179.2163 2.4534e+01     7.0019      3.172      4.600    13.4474   999.3533 0.0000e+00
      3.237      0.009     0.1063      1.456     41.150  31.647820     7.7153      6.801   177.7139 2.4354e+01     6.9943      3.174      4.604    13.4497   999.3530 0.0000e+00
      3.241      0.010     0.1077      1.435     41.201  31.687715     7.6678      6.800   176.6865 2.4217e+01     7.0541      3.177      4.610    13.4528   999.3527 0.0000e+00
      3.243      0.011     0.1072      1.424     41.251  31.723825     7.5842      6.798   176.1735 2.4138e+01     7.1074      3.180      4.613    13.4493   999.3531 0.0000e+00
      3.245      0.012     0.1064      1.424     41.315  31.767193     7.5340      6.797   175.9852 2.4046e+01     7.0887      3.182      4.616    13.4473   999.3533 0.0000e+00
      3.247      0.013     0.1075      1.419     41.409  31.831385     7.5181      6.795   175.9581 2.3934e+01     7.0347      3.184      4.618    13.4522   999.3527 0.0000e+00
      3.250      0.013     0.1040      1.419     41.465  31.865497     7.4396      6.793   175.5013 2.3788e+01     6.9695      3.188      4.622    13.4542   999.3525 0.0000e+00
      3.254      0.014     0.1033      1.419     41.470  31.862390     7.3005      6.792   174.6781 2.3610e+01     6.8833      3.191      4.630    13.4506   999.3531 0.0000e+00
      3.259      0.014     0.1047      1.419     41.465  31.857263     7.2287      6.790   174.0927 2.3424e+01     6.8511      3.196      4.635    13.4422   999.3542 0.0000e+00
      3.264      0.013     0.1030      1.434     41.476  31.866951     7.2108      6.788   173.8433 2.3291e+01     6.8546      3.202      4.644    13.4339   999.3553 0.0000e+00
      3.267      0.013     0.1038      1.463     41.541  31.916073     7.1886      6.787   173.6412 2.3221e+01     6.8230      3.204      4.647    13.4211   999.3571 0.0000e+00
      3.268      0.012     0.1039      1.468     41.582  31.943619     7.1417      6.787   173.3707 2.3144e+01     6.8120      3.205      4.648    13.4087   999.3587 0.0000e+00
      3.271      0.011     0.1033      1.452     41.592  31.946221     7.0635      6.786   173.3256 2.3047e+01     6.8247      3.208      4.652    13.4102   999.3585 0.0000e+00
      3.274      0.011     0.1039      1.443     41.682  32.010976     7.0152      6.784   173.5265 2.2912e+01     6.8054      3.211      4.657    13.4138   999.3580 0.0000e+00
      3.278      0.011     0.1078      1.439     41.796  32.092088     6.9967      6.781   173.3900 2.2787e+01     6.7841      3.214      4.662    13.4140   999.3581 0.0000e+00
      3.280      0.012     0.1084      1.441     41.823  32.102112     6.9259      6.779   172.9667 2.2721e+01     6.7388      3.217      4.665    13.4095   999.3587 0.0000e+00
      3.283      0.012     0.1051      1.435     41.795  32.068717     6.8071      6.778   172.7101 2.2607e+01     6.6353      3.218      4.668    13.3988   999.3601 0.0000e+00
      3.286      0.012     0.1058      1.415     41.808  32.068981     6.7427      6.778   172.5238 2.2414e+01     6.5627      3.222      4.673    13.3960   999.3605 0.0000e+00
      3.290      0.013     0.1046      1.397     41.867  32.105291     6.7395      6.777   172.6936 2.2242e+01     6.5827      3.227      4.680    13.3919   999.3611 0.0000e+00
      3.293      0.013     0.1057      1.395     41.907  32.127041     6.7104      6.776   173.2996 2.2120e+01     6.6019      3.229      4.684    13.3754   999.3633 0.0000e+00
      3.296      0.012     0.1057      1.411     41.937  32.141616     6.6482      6.774   173.5701 2.1987e+01     6.5547      3.232      4.688    13.3596   999.3654 0.0000e+00
      3.299      0.011     0.1030      1.414     41.963  32.154601     6.6167      6.773   173.4699 2.1839e+01     6.5269      3.235      4.693    13.3490   999.3668 0.0000e+00
      3.303      0.011     0.1023      1.388     41.973  32.157143     6.6164      6.771   173.2060 2.1719e+01     6.5404      3.238      4.697    13.3382   999.3683 0.0000e+00
      3.305      0.011     0.1009      1.362     42.000  32.172353     6.6256      6.770   172.7890 2.1612e+01     6.5465      3.241      4.700    13.3271   999.3697 0.0000e+00
      3.307      0.011     0.1040      1.357     42.060  32.211594     6.6420      6.769   172.9019 2.1505e+01     6.5313      3.243      4.704    13.3177   999.3709 0.0000e+00
      3.309      0.012     0.1047      1.353     42.120  32.250914     6.6517      6.768   173.5388 2.1426e+01     6.5287      3.245      4.707    13.3098   999.3720 0.0000e+00
      3.312      0.013     0.1015      1.324     42.152  32.267070     6.6569      6.767   173.7785 2.1355e+01     6.5827      3.248      4.710    13.3033   999.3729 0.0000e+00
