Data/DataNotYetUploadedToEDI/Raw_CTD/RawDownloads/062520_bvr50.cnv
* Sea-Bird SBE19plus  Data File:
* FileName = C:\DATA\250620_fcr50_0003.hex
* Software version 2.8.0.119 SB_Terminal.dll
* Temperature SN = 7809
* Conductivity SN = 7809
* System UpLoad Time = Jun 25 2020 19:48:08
* <ApplicationData>
* <Seaterm232>
# nquan = 16
# nvalues = 1408                        
# units = specified
# name 0 = depFM: Depth [fresh water, m]
# name 1 = dz/dtM: Descent Rate [m/s]
# name 2 = sbeox0ML/L: Oxygen, SBE 43 [ml/l]
# name 3 = sbeox0PS: Oxygen, SBE 43 [% saturation]
# name 4 = specc: Specific Conductance [uS/cm]
# name 5 = c0uS/cm: Conductivity [uS/cm]
# name 6 = flECO-AFL: Fluorescence, WET Labs ECO-AFL/FL [mg/m^3]
# name 7 = ph: pH
# name 8 = orp: Oxidation Reduction Potential [mV]
# name 9 = par/sat/log: PAR/Logarithmic, Satlantic
# name 10 = turbWETntu0: Turbidity, WET Labs ECO [NTU]
# name 11 = prdM: Pressure, Strain Gauge [db]
# name 12 = prdE: Pressure, Strain Gauge [psi]
# name 13 = tv290C: Temperature [ITS-90, deg C]
# name 14 = density00: Density [density, kg/m^3]
# name 15 = flag:  0.000e+00
# span 0 =     -0.738,     11.509       
# span 1 =     -0.081,      0.258       
# span 2 =     0.0321,     6.9347       
# span 3 =      0.438,    111.690       
# span 4 =      0.759,    101.452       
# span 5 =   0.793034,  69.986009       
# span 6 =    -1.2583,     3.8278       
# span 7 =      6.278,      8.960       
# span 8 = -1240.7111,   202.6191       
# span 9 = 1.2351e-01, 2.3782e+03       
# span 10 =    -2.2492,     5.6453      
# span 11 =     -0.724,     11.287      
# span 12 =     -1.050,     16.371      
# span 13 =     9.3794,    27.3186      
# span 14 =   996.4332,   999.8455      
# span 15 = 0.0000e+00, 0.0000e+00      
# interval = seconds: 0.25
# start_time = Jun 24 2020 22:04:37 [Instrument's time stamp, header]
# bad_flag = -9.990e-29
*END*
[from data line 543]
      3.302      0.022     5.7575     85.513     24.215  20.780177     2.5569      7.119   182.3197 7.7519e+01     2.5956      3.237      4.695    17.9105   998.6414 0.0000e+00
      3.310      0.018     5.7342     85.389     24.192  20.758175     2.5673      7.119   182.3004 7.5942e+01     2.6055      3.247      4.709    17.9089   998.6417 0.0000e+00
      3.317      0.017     5.7058     85.320     24.204  20.768743     2.5702      7.119   182.2925 7.4557e+01     2.6106      3.255      4.720    17.9136   998.6409 0.0000e+00
      3.320      0.017     5.6843     85.296     24.214  20.781134     2.5632      7.119   182.4827 7.3121e+01     2.6239      3.257      4.724    17.9108   998.6415 0.0000e+00
      3.320      0.021     5.6742     85.273     24.143  20.717766     2.5500      7.120   182.7929 7.2006e+01     2.5948      3.255      4.721    17.9039   998.6427 0.0000e+00
      3.320      0.027     5.6671     85.208     24.066  20.636675     2.5436      7.121   183.0314 7.1364e+01     2.5673      3.254      4.720    17.8958   998.6442 0.0000e+00
      3.326      0.036     5.6619     85.059     24.082  20.624983     2.5432      7.121   183.1299 7.0434e+01     2.5658      3.259      4.727    17.8966   998.6441 0.0000e+00
      3.338      0.045     5.6605     84.827     24.128  20.639776     2.5362      7.121   183.2097 6.9230e+01     2.5426      3.272      4.745    17.9108   998.6415 0.0000e+00
      3.355      0.052     5.6590     84.567     24.135  20.625265     2.5348      7.120   183.3082 6.8115e+01     2.5262      3.290      4.771    17.9159   998.6407 0.0000e+00
      3.374      0.054     5.6601     84.286     24.168  20.639744     2.5451      7.118   183.3744 6.7073e+01     2.5393      3.308      4.798    17.8791   998.6475 0.0000e+00
      3.391      0.052     5.6587     84.000     24.232  20.687994     2.5460      7.117   183.4938 6.6369e+01     2.5642      3.327      4.824    17.8149   998.6593 0.0000e+00
      3.404      0.047     5.6458     83.704     24.252  20.701360     2.5084      7.116   183.6329 6.6046e+01     2.6211      3.341      4.846    17.7633   998.6688 0.0000e+00
      3.413      0.042     5.6348     83.358     24.224  20.674525     2.4422      7.114   183.6804 6.5407e+01     2.7122      3.347      4.855    17.7217   998.6764 0.0000e+00
      3.419      0.037     5.6186     83.021     24.162  20.617178     2.4040      7.111   183.7238 6.4823e+01     2.8071      3.352      4.862    17.6911   998.6819 0.0000e+00
      3.427      0.034     5.6003     82.781     24.125  20.578676     2.3990      7.110   183.8123 6.4395e+01     2.8765      3.360      4.873    17.6796   998.6841 0.0000e+00
      3.435      0.033     5.5836     82.608     24.150  20.589446     2.3536      7.109   183.8907 6.3655e+01     2.8641      3.368      4.885    17.6773   998.6846 0.0000e+00
      3.445      0.031     5.5592     82.449     24.198  20.620562     2.2651      7.109   183.8971 6.2948e+01     2.8288      3.379      4.900    17.6707   998.6858 0.0000e+00
      3.455      0.028     5.5341     82.318     24.222  20.637835     2.2253      7.109   183.8899 6.2004e+01     2.8275      3.390      4.916    17.6614   998.6875 0.0000e+00
      3.464      0.023     5.5211     82.200     24.186  20.608056     2.2249      7.110   183.9764 6.1256e+01     2.8135      3.399      4.929    17.6516   998.6893 0.0000e+00
      3.468      0.019     5.5155     82.086     24.153  20.577566     2.2129      7.110   184.0819 6.0863e+01     2.7283      3.402      4.935    17.6223   998.6946 0.0000e+00
      3.469      0.017     5.5054     81.964     24.173  20.586238     2.2047      7.110   184.1336 6.0326e+01     2.6216      3.402      4.934    17.5942   998.6997 0.0000e+00
      3.470      0.016     5.4985     81.794     24.188  20.586075     2.2014      7.110   184.1706 6.0131e+01     2.5875      3.403      4.935    17.5953   998.6995 0.0000e+00
      3.474      0.019     5.4895     81.596     24.192  20.575572     2.2016      7.110   184.2706 5.9873e+01     2.5910      3.405      4.940    17.6003   998.6987 0.0000e+00
      3.479      0.024     5.4817     81.423     24.220  20.586052     2.2265      7.111   184.3963 5.9384e+01     2.6638      3.411      4.947    17.6008   998.6986 0.0000e+00
      3.486      0.029     5.4778     81.231     24.235  20.585950     2.2645      7.111   184.4859 5.9087e+01     2.8153      3.419      4.958    17.5841   998.7016 0.0000e+00
      3.496      0.034     5.4696     80.967     24.231  20.574319     2.2789      7.111   184.5799 5.8629e+01     2.9123      3.427      4.971    17.5477   998.7083 0.0000e+00
      3.507      0.037     5.4565     80.663     24.237  20.572232     2.2764      7.110   184.6731 5.8216e+01     2.9106      3.439      4.987    17.5236   998.7127 0.0000e+00
      3.517      0.039     5.4499     80.322     24.233  20.560713     2.2736      7.109   184.7516 5.7947e+01     2.8621      3.450      5.004    17.4957   998.7176 0.0000e+00
      3.527      0.042     5.4440     79.946     24.242  20.561848     2.2450      7.108   184.8416 5.7761e+01     2.8760      3.459      5.019    17.4608   998.7240 0.0000e+00
      3.536      0.044     5.4239     79.574     24.279  20.585956     2.1872      7.108   184.8145 5.7828e+01     2.9755      3.468      5.030    17.4514   998.7256 0.0000e+00
      3.545      0.046     5.4060     79.227     24.306  20.598545     2.1571      7.106   184.7682 5.7574e+01     3.0353      3.474      5.039    17.4417   998.7274 0.0000e+00
      3.559      0.048     5.3862     78.916     24.306  20.587227     2.1666      7.103   184.9693 5.7107e+01     3.0149      3.487      5.058    17.4150   998.7323 0.0000e+00
      3.575      0.049     5.3603     78.675     24.305  20.575916     2.1690      7.103   185.1819 5.6737e+01     3.0030      3.508      5.088    17.4047   998.7342 0.0000e+00
      3.589      0.049     5.3365     78.501     24.332  20.588601     2.1572      7.102   185.2740 5.6441e+01     3.0294      3.522      5.108    17.3962   998.7358 0.0000e+00
      3.601      0.047     5.3158     78.325     24.372  20.613756     2.1473      7.101   185.3936 5.6411e+01     3.0251      3.530      5.121    17.3682   998.7408 0.0000e+00
      3.612      0.043     5.2970     78.161     24.394  20.626421     2.1453      7.099   185.5099 5.6318e+01     3.0194      3.543      5.139    17.3450   998.7450 0.0000e+00
      3.623      0.039     5.2812     78.045     24.386  20.614892     2.1053      7.098   185.5614 5.6463e+01     3.0637      3.554      5.154    17.3270   998.7483 0.0000e+00
      3.631      0.037     5.2771     77.945     24.378  20.601182     2.0253      7.096   185.5867 5.6672e+01     3.1144      3.561      5.164    17.3001   998.7530 0.0000e+00
      3.639      0.037     5.2651     77.834     24.375  20.587463     1.9988      7.096   185.6442 5.6472e+01     3.1517      3.568      5.175    17.2839   998.7560 0.0000e+00
      3.648      0.036     5.2532     77.678     24.379  20.575831     2.0135      7.095   185.7398 5.6265e+01     3.2067      3.577      5.188    17.2741   998.7578 0.0000e+00
      3.659      0.036     5.2494     77.494     24.409  20.587344     2.0129      7.095   185.7963 5.5839e+01     3.2977      3.588      5.205    17.2640   998.7596 0.0000e+00
      3.669      0.036     5.2423     77.312     24.438  20.599817     2.0094      7.095   185.7245 5.5415e+01     3.3947      3.598      5.218    17.2547   998.7612 0.0000e+00
      3.678      0.036     5.2407     77.111     24.450  20.599809     2.0097      7.094   185.7320 5.5246e+01     3.4512      3.607      5.231    17.2276   998.7661 0.0000e+00
      3.686      0.035     5.2318     76.863     24.450  20.587233     2.0075      7.093   185.8879 5.4712e+01     3.4661      3.615      5.243    17.1970   998.7715 0.0000e+00
      3.695      0.034     5.2217     76.580     24.448  20.574572     1.9924      7.092   185.9743 5.4065e+01     3.4721      3.623      5.255    17.1655   998.7771 0.0000e+00
      3.705      0.032     5.2136     76.306     24.453  20.573525     1.9607      7.090   186.0887 5.3708e+01     3.4553      3.635      5.272    17.1405   998.7816 0.0000e+00
      3.713      0.031     5.2021     76.071     24.453  20.574573     1.9383      7.090   186.2382 5.3124e+01     3.4348      3.642      5.281    17.1251   998.7843 0.0000e+00
      3.721      0.031     5.1888     75.891     24.469  20.587245     1.9418      7.090   186.2333 5.2535e+01     3.4641      3.648      5.291    17.0948   998.7896 0.0000e+00
      3.728      0.032     5.1706     75.744     24.492  20.599917     1.9546      7.090   186.2009 5.2148e+01     3.4666      3.657      5.303    17.0679   998.7943 0.0000e+00
      3.733      0.034     5.1531     75.612     24.509  20.600958     1.9587      7.091   186.2770 5.1473e+01     3.4309      3.660      5.308    17.0591   998.7959 0.0000e+00
      3.741      0.036     5.1351     75.487     24.524  20.599817     1.9539      7.091   186.3787 5.0768e+01     3.4441      3.667      5.319    17.0666   998.7946 0.0000e+00
      3.753      0.038     5.1239     75.347     24.522  20.586107     1.9536      7.089   186.3988 5.0042e+01     3.4890      3.680      5.338    17.0707   998.7939 0.0000e+00
      3.765      0.038     5.1161     75.202     24.501  20.561992     1.9553      7.088   186.4339 4.9264e+01     3.5275      3.693      5.355    17.0535   998.7969 0.0000e+00
      3.775      0.038     5.1100     75.079     24.504  20.561878     1.9459      7.087   186.6308 4.8751e+01     3.5664      3.703      5.371    17.0245   998.8021 0.0000e+00
      3.784      0.036     5.1063     74.958     24.534  20.584728     1.9358      7.086   186.8006 4.8293e+01     3.6164      3.711      5.383    16.9928   998.8077 0.0000e+00
      3.793      0.034     5.0989     74.804     24.538  20.584623     1.9378      7.085   186.8521 4.8039e+01     3.6502      3.720      5.395    16.9664   998.8123 0.0000e+00
      3.802      0.032     5.0897     74.644     24.515  20.560611     1.9412      7.085   186.9101 4.8070e+01     3.6662      3.729      5.407    16.9517   998.8148 0.0000e+00
      3.809      0.032     5.0816     74.511     24.507  20.548034     1.9193      7.084   186.9860 4.8129e+01     3.6725      3.735      5.417    16.9541   998.8144 0.0000e+00
      3.815      0.032     5.0759     74.402     24.530  20.559365     1.8837      7.082   187.0807 4.8429e+01     3.6925      3.741      5.426    16.9509   998.8152 0.0000e+00
      3.823      0.033     5.0649     74.277     24.555  20.570782     1.8719      7.081   187.1950 4.8820e+01     3.7357      3.749      5.437    16.9387   998.8172 0.0000e+00
      3.833      0.034     5.0540     74.105     24.553  20.559244     1.8727      7.080   187.3357 4.9163e+01     3.7486      3.758      5.451    16.9329   998.8183 0.0000e+00
      3.843      0.036     5.0463     73.915     24.547  20.546667     1.8554      7.078   187.4905 4.9560e+01     3.7460      3.768      5.466    16.9203   998.8205 0.0000e+00
      3.852      0.036     5.0420     73.756     24.552  20.545525     1.8240      7.078   187.6044 4.9979e+01     3.7381      3.778      5.479    16.9018   998.8238 0.0000e+00
      3.862      0.037     5.0367     73.606     24.558  20.545432     1.8086      7.077   187.6813 5.0603e+01     3.7226      3.787      5.493    16.8840   998.8269 0.0000e+00
      3.871      0.037     5.0262     73.410     24.564  20.545527     1.8131      7.076   187.8176 5.1208e+01     3.7299      3.796      5.505    16.8614   998.8307 0.0000e+00
      3.879      0.038     5.0134     73.205     24.574  20.546671     1.8110      7.076   187.9609 5.1686e+01     3.7234      3.803      5.516    16.8462   998.8334 0.0000e+00
      3.889      0.039     5.0035     73.048     24.601  20.559258     1.7546      7.075   188.0378 5.2039e+01     3.6774      3.812      5.530    16.8379   998.8349 0.0000e+00
      3.900      0.039     4.9980     72.944     24.629  20.570883     1.6561      7.073   188.0598 5.2471e+01     3.6550      3.824      5.546    16.8271   998.8368 0.0000e+00
      3.910      0.039     4.9831     72.833     24.629  20.560395     1.6112      7.072   188.0539 5.3022e+01     3.6928      3.835      5.562    16.8166   998.8387 0.0000e+00
      3.921      0.038     4.9694     72.657     24.635  20.559254     1.6220      7.071   188.1384 5.3360e+01     3.7233      3.845      5.577    16.8043   998.8408 0.0000e+00
      3.931      0.037     4.9605     72.452     24.637  20.557072     1.6247      7.070   188.2209 5.3814e+01     3.7136      3.855      5.592    16.7832   998.8445 0.0000e+00
      3.940      0.034     4.9578     72.257     24.614  20.534014     1.6152      7.069   188.2772 5.4381e+01     3.7136      3.864      5.604    16.7555   998.8494 0.0000e+00
      3.948      0.032     4.9556     72.057     24.619  20.534101     1.6119      7.068   188.3892 5.5101e+01     3.7228      3.872      5.615    16.7339   998.8530 0.0000e+00
      3.955      0.031     4.9423     71.860     24.653  20.558111     1.6129      7.067   188.4562 5.5719e+01     3.7226      3.879      5.625    16.7211   998.8552 0.0000e+00
      3.963      0.031     4.9280     71.689     24.674  20.570680     1.5803      7.066   188.4855 5.5995e+01     3.7111      3.886      5.635    16.7167   998.8560 0.0000e+00
      3.970      0.032     4.9163     71.555     24.669  20.559247     1.5132      7.064   188.5711 5.6382e+01     3.6859      3.893      5.646    16.7106   998.8570 0.0000e+00
      3.977      0.033     4.9036     71.465     24.665  20.546679     1.4786      7.064   188.7171 5.6828e+01     3.6928      3.899      5.656    16.6997   998.8589 0.0000e+00
      3.986      0.034     4.8901     71.400     24.675  20.545528     1.4865      7.063   188.8732 5.7335e+01     3.7255      3.908      5.669    16.6902   998.8606 0.0000e+00
      3.996      0.035     4.8796     71.335     24.685  20.545320     1.4841      7.061   188.9964 5.7958e+01     3.7390      3.919      5.684    16.6826   998.8620 0.0000e+00
      4.006      0.036     4.8706     71.249     24.691  20.544159     1.4496      7.060   189.0883 5.8321e+01     3.7528      3.929      5.698    16.6700   998.8642 0.0000e+00
      4.015      0.036     4.8683     71.153     24.682  20.531478     1.4133      7.059   189.1239 5.8467e+01     3.7545      3.938      5.711    16.6467   998.8682 0.0000e+00
      4.024      0.036     4.8660     71.049     24.672  20.518806     1.4068      7.058   189.0826 5.8310e+01     3.7595      3.946      5.724    16.6253   998.8718 0.0000e+00
      4.032      0.037     4.8642     70.896     24.679  20.517757     1.4287      7.056   189.1055 5.7470e+01     3.8133      3.954      5.735    16.6109   998.8743 0.0000e+00
      4.042      0.037     4.8593     70.735     24.690  20.518796     1.4497      7.054   189.2280 5.6636e+01     3.8906      3.964      5.748    16.5983   998.8764 0.0000e+00
      4.052      0.035     4.8520     70.598     24.714  20.531355     1.4599      7.054   189.3598 5.5704e+01     3.9386      3.974      5.763    16.5889   998.8780 0.0000e+00
      4.063      0.032     4.8498     70.490     24.732  20.542780     1.4761      7.053   189.4946 5.4521e+01     3.9476      3.983      5.778    16.5801   998.8796 0.0000e+00
      4.073      0.030     4.8374     70.425     24.718  20.530107     1.4835      7.051   189.5676 5.3415e+01     3.9298      3.995      5.794    16.5672   998.8819 0.0000e+00
      4.080      0.030     4.8278     70.372     24.689  20.504952     1.4630      7.051   189.5540 5.2083e+01     3.8963      4.002      5.805    16.5492   998.8849 0.0000e+00
      4.083      0.031     4.8213     70.313     24.679  20.492260     1.4288      7.050   189.5884 5.0805e+01     3.9197      4.004      5.807    16.5315   998.8879 0.0000e+00
