Data/DataNotYetUploadedToEDI/Raw_CTD/RawDownloads/062518_fcr30.cnv
* Sea-Bird SBE19plus  Data File:
* FileName = C:\DATA\062518_fcr_0003.hex
* Software version 2.6.3.104
* Temperature SN = 7809
* Conductivity SN = 7809
* System UpLoad Time = Jun 25 2018 17:13:39
* <ApplicationData>
* <Seaterm232>
# nquan = 17
# nvalues = 504                         
# units = specified
# name 0 = depFM: Depth [fresh water, m]
# name 1 = tv290C: Temperature [ITS-90, deg C]
# name 2 = sbeox0Mg/L: Oxygen, SBE 43 [mg/l]
# name 3 = sbeox0PS: Oxygen, SBE 43 [% saturation]
# name 4 = c0uS/cm: Conductivity [uS/cm]
# name 5 = specc: Specific Conductance [uS/cm]
# name 6 = ph: pH
# name 7 = orp: Oxidation Reduction Potential [mV]
# name 8 = flECO-AFL: Fluorescence, WET Labs ECO-AFL/FL [mg/m^3]
# name 9 = turbWETntu0: Turbidity, WET Labs ECO [NTU]
# name 10 = sal00: Salinity, Practical [PSU]
# name 11 = dz/dtM: Descent Rate [m/s]
# name 12 = prdM: Pressure, Strain Gauge [db]
# name 13 = prdE: Pressure, Strain Gauge [psi]
# name 14 = scan: Scan Count
# name 15 = par/sat/log: PAR/Logarithmic, Satlantic
# name 16 = flag:  0.000e+00
# span 0 =     -0.537,      5.422       
# span 1 =    10.8322,    26.2774       
# span 2 =     0.8643,    12.0817       
# span 3 =      8.045,    139.237       
# span 4 =   6.159036,  35.113217       
# span 5 =      5.509,     46.930       
# span 6 =      6.353,      8.090       
# span 7 =  -252.6712,   321.3204       
# span 8 =    -0.2021,     8.2127       
# span 9 =    -0.7480,     5.7914       
# span 10 =     0.0125,     0.0245      
# span 11 =     -0.146,      0.319      
# span 12 =     -0.526,      5.316      
# span 13 =     -0.763,      7.711      
# span 14 =          1,        504      
# span 15 = 1.2236e+00, 4.7507e+02      
# span 16 = 0.0000e+00, 0.0000e+00      
# interval = seconds: 0.25
# start_time = Jun 25 2018 16:09:56 [Instrument's time stamp, header]
# bad_flag = -9.990e-29
*END*
[from data line 86]
     -0.022    25.9593     6.6261     81.573  32.977823     32.345      8.050   171.8221     2.3373     1.9107     0.0228      0.000     -0.021     -0.031         87 4.4057e+02 0.0000e+00
     -0.021    25.9542     6.5423     80.538  32.993935     32.354      8.053   171.8600     2.4181     1.9913     0.0228      0.005     -0.020     -0.030         88 4.3904e+02 0.0000e+00
     -0.020    25.9498     6.4758     79.713  33.028099     32.414      8.053   172.6171     2.4100     1.9107     0.0229      0.003     -0.019     -0.028         89 4.4047e+02 0.0000e+00
     -0.019    25.9461     6.4097     78.894  32.994619     32.363      8.055   173.0335     2.3494     1.8705     0.0228      0.001     -0.019     -0.028         90 4.3990e+02 0.0000e+00
     -0.019    25.9433     6.3463     78.107  32.976296     32.365      8.056   173.1093     2.4100     1.9913     0.0228      0.000     -0.019     -0.027         91 4.4136e+02 0.0000e+00
     -0.018    25.9408     6.2958     77.479  32.932287     32.313      8.058   173.4121     2.3979     1.9107     0.0228      0.001     -0.018     -0.026         92 4.4140e+02 0.0000e+00
     -0.018    25.9384     6.2499     76.907  32.930773     32.315      8.061   174.2071     2.5920     1.9913     0.0228      0.002     -0.018     -0.026         93 4.4169e+02 0.0000e+00
     -0.017    25.9353     6.2052     76.348  32.918875     32.316      8.061   174.5857     2.6082     2.0182     0.0228      0.002     -0.018     -0.026         94 4.4316e+02 0.0000e+00
     -0.018    25.9326     6.1646     75.842  32.887788     32.263      8.063   174.6236     2.6082     1.9107     0.0228      0.002     -0.018     -0.026         95 4.4326e+02 0.0000e+00
     -0.018    25.9305     6.1309     75.421  32.910153     32.320      8.061   175.0778     2.6082     1.8705     0.0228      0.002     -0.018     -0.026         96 4.4319e+02 0.0000e+00
     -0.018    25.9287     6.0898     74.909  32.891043     32.267      8.062   175.6836     2.4464     1.9645     0.0228      0.001     -0.018     -0.026         97 4.4354e+02 0.0000e+00
     -0.018    25.9260     6.0498     74.410  32.852265     32.268      8.062   175.9107     2.5111     1.9913     0.0228      0.001     -0.018     -0.026         98 4.4312e+02 0.0000e+00
     -0.018    25.9221     6.0132     73.954  32.810145     32.187      8.065   176.2893     2.4788     1.9779     0.0228      0.000     -0.017     -0.025         99 4.4299e+02 0.0000e+00
     -0.017    25.9180     5.9752     73.482  32.854500     32.271      8.065   176.4786     2.4747     1.8302     0.0228      0.000     -0.016     -0.023        100 4.4340e+02 0.0000e+00
     -0.014    25.9137     5.9394     73.036  32.886027     32.273      8.065   176.8950     2.5435     1.9107     0.0228      0.001     -0.014     -0.020        101 4.4343e+02 0.0000e+00
     -0.013    25.9090     5.9054     72.613  32.859873     32.276      8.066   177.4628     2.5475     2.0450     0.0228      0.002     -0.013     -0.019        102 4.4286e+02 0.0000e+00
     -0.014    25.9038     5.8674     72.140  32.827744     32.224      8.066   177.8036     2.5314     1.8839     0.0228      0.003     -0.013     -0.019        103 4.4288e+02 0.0000e+00
     -0.013    25.8980     5.8357     71.744  32.777745     32.199      8.066   178.2957     2.5475     1.9376     0.0228      0.003     -0.012     -0.018        104 4.4298e+02 0.0000e+00
     -0.012    25.8927     5.8056     71.369  32.744177     32.148      8.066   178.5986     2.4586     1.9510     0.0227      0.003     -0.012     -0.017        105 4.4091e+02 0.0000e+00
     -0.012    25.8882     5.7753     70.992  32.780560     32.206      8.069   179.1286     2.4747     1.9376     0.0228      0.003     -0.011     -0.016        106 4.3865e+02 0.0000e+00
     -0.011    25.8833     5.7484     70.657  32.791776     32.210      8.067   179.8857     2.4950     2.0047     0.0228      0.003     -0.011     -0.016        107 4.3847e+02 0.0000e+00
     -0.012    25.8782     5.7309     70.436  32.789528     32.212      8.066   180.0750     2.4586     1.9645     0.0228      0.002     -0.011     -0.016        108 4.3899e+02 0.0000e+00
     -0.012    25.8740     5.7077     70.165  32.813012     32.243      8.066   180.4914     2.4262     2.0182     0.0228      0.001     -0.011     -0.016        109 4.3881e+02 0.0000e+00
     -0.012    25.8701     5.6879     69.941  32.792207     32.219      8.064   180.9079     2.3817     1.8705     0.0228      0.001     -0.011     -0.016        110 4.3890e+02 0.0000e+00
     -0.011    25.8661     5.6893     69.960  32.785769     32.221      8.065   181.0214     2.4100     1.9376     0.0228      0.001     -0.010     -0.015        111 4.3887e+02 0.0000e+00
     -0.011    25.8622     5.6734     69.761  32.791371     32.224      8.065   181.6650     2.4060     1.9242     0.0228      0.001     -0.010     -0.015        112 4.4007e+02 0.0000e+00
     -0.011    25.8579     5.6609     69.599  32.725930     32.171      8.062   181.8164     2.4020     1.8705     0.0227      0.001     -0.011     -0.016        113 4.4077e+02 0.0000e+00
     -0.012    25.8535     5.6470     69.412  32.689292     32.119      8.063   182.1950     2.5314     1.8705     0.0227     -0.000     -0.013     -0.019        114 4.4378e+02 0.0000e+00
     -0.016    25.8496     5.6185     69.046  32.748008     32.204      8.067   182.5736     2.5394     1.9376     0.0228     -0.001     -0.017     -0.025        115 4.4345e+02 0.0000e+00
     -0.024    25.8468     5.5938     68.732  32.741819     32.180      8.064   182.6871     2.5354     1.9376     0.0227     -0.004     -0.024     -0.036        116 4.5217e+02 0.0000e+00
     -0.035    25.8423     5.5622     68.335  32.726649     32.182      8.066   182.7250     2.5394     1.9645     0.0227     -0.009     -0.031     -0.046        117 4.5846e+02 0.0000e+00
     -0.036    25.8391     5.5345     67.988  32.796543     32.239      8.067   183.0279     2.4626     1.6825     0.0228     -0.013     -0.033     -0.049        118 4.4379e+02 0.0000e+00
     -0.032    25.8497     5.5075     67.653  32.773453     32.241      8.067   183.3686     2.4869     1.7496     0.0228     -0.014     -0.033     -0.048        119 4.6572e+02 0.0000e+00
     -0.035    25.8637     5.4883     67.414  32.696080     32.134      8.065   183.4822     2.4869     1.8705     0.0227     -0.015     -0.035     -0.051        120 4.6834e+02 0.0000e+00
     -0.041    25.8656     5.4742     67.238  32.744566     32.209      8.056   183.5200     2.4586     1.7093     0.0228     -0.015     -0.039     -0.056        121 4.5291e+02 0.0000e+00
     -0.044    25.8629     5.4687     67.163  32.742762     32.173      8.056   184.0879     2.4020     1.9107     0.0227     -0.014     -0.041     -0.060        122 4.6332e+02 0.0000e+00
     -0.043    25.8564     5.4699     67.171  32.668667     32.117      8.055   184.2772     2.3939     1.8705     0.0227     -0.012     -0.041     -0.059        123 4.5623e+02 0.0000e+00
     -0.039    25.8437     5.4633     67.084  32.688507     32.118      8.058   184.5043     2.4262     1.9376     0.0227     -0.007     -0.038     -0.055        124 4.6345e+02 0.0000e+00
     -0.035    25.8313     5.4648     67.096  32.718073     32.177      8.060   184.7314     2.4343     1.9242     0.0227     -0.003     -0.035     -0.051        125 4.6593e+02 0.0000e+00
     -0.033    25.8227     5.4693     67.150  32.691183     32.131      8.063   185.5264     2.5799     1.8705     0.0227     -0.001     -0.033     -0.048        126 4.5631e+02 0.0000e+00
     -0.033    25.8160     5.4885     67.387  32.662667     32.139      8.065   185.7914     2.5960     1.8973     0.0227      0.001     -0.032     -0.047        127 4.5902e+02 0.0000e+00
     -0.034    25.8106     5.5067     67.607  32.634952     32.089      8.064   185.9050     2.5960     1.9510     0.0227      0.004     -0.033     -0.048        128 4.6193e+02 0.0000e+00
     -0.035    25.8076     5.5163     67.721  32.666373     32.148      8.064   186.3593     2.5839     2.0316     0.0227      0.005     -0.034     -0.049        129 4.6032e+02 0.0000e+00
     -0.035    25.8058     5.5247     67.818  32.682874     32.152      8.067   186.7000     2.4909     1.9107     0.0227      0.005     -0.033     -0.048        130 4.5877e+02 0.0000e+00
     -0.033    25.8024     5.5274     67.844  32.614420     32.099      8.067   186.9272     2.4586     1.9376     0.0227      0.003     -0.032     -0.047        131 4.5876e+02 0.0000e+00
     -0.031    25.7969     5.5340     67.918  32.632951     32.100      8.071   187.3814     2.4707     1.9510     0.0227      0.002     -0.031     -0.045        132 4.6086e+02 0.0000e+00
     -0.032    25.7916     5.5331     67.900  32.659813     32.157      8.074   187.3814     2.4383     1.8839     0.0227      0.001     -0.031     -0.045        133 4.6093e+02 0.0000e+00
     -0.032    25.7863     5.5282     67.835  32.640299     32.105      8.074   188.0629     2.4424     1.9645     0.0227      0.001     -0.031     -0.045        134 4.6080e+02 0.0000e+00
     -0.032    25.7815     5.5228     67.764  32.657237     32.164      8.074   188.2522     2.4181     1.9107     0.0227      0.001     -0.031     -0.045        135 4.6081e+02 0.0000e+00
     -0.031    25.7801     5.5075     67.571  32.698043     32.167      8.078   188.2522     2.3817     2.0182     0.0227      0.002     -0.030     -0.043        136 4.6028e+02 0.0000e+00
     -0.026    25.7803     5.4967     67.433  32.648827     32.170      8.074   188.3279     2.3817     1.9510     0.0227      0.003     -0.028     -0.041        137 4.6029e+02 0.0000e+00
     -0.029    25.7781     5.4859     67.296  32.599874     32.061      8.067   188.3279     2.4141     1.9779     0.0227      0.003     -0.029     -0.043        138 4.6367e+02 0.0000e+00
     -0.033    25.7751     5.4810     67.231  32.640351     32.171      8.064   189.0093     2.5556     1.8839     0.0227      0.001     -0.033     -0.048        139 4.5948e+02 0.0000e+00
     -0.039    25.7706     5.4760     67.164  32.598454     32.062      8.068   194.1958     2.5394     1.9376     0.0227     -0.002     -0.038     -0.055        140 4.5371e+02 0.0000e+00
     -0.045    25.7644     5.4704     67.091  32.592708     32.119      8.073   194.2715     2.5314     1.8436     0.0227     -0.005     -0.043     -0.062        141 4.5981e+02 0.0000e+00
     -0.048    25.7589     5.4595     66.954  32.588197     32.067      8.074   197.7922     2.5192     1.8705     0.0227     -0.008     -0.046     -0.067        142 4.6603e+02 0.0000e+00
     -0.048    25.7539     5.4533     66.874  32.604071     32.126      8.079   200.1393     2.5758     2.0182     0.0227     -0.010     -0.047     -0.068        143 4.6734e+02 0.0000e+00
     -0.048    25.7494     5.4408     66.718  32.632262     32.129      8.081   201.0101     2.5394     1.9107     0.0227     -0.012     -0.046     -0.067        144 4.6425e+02 0.0000e+00
     -0.046    25.7457     5.4281     66.557  32.612421     32.133      8.080   199.4579     2.5314     1.9242     0.0227     -0.011     -0.046     -0.066        145 4.6721e+02 0.0000e+00
     -0.047    25.7414     5.4187     66.436  32.628765     32.135      8.080   200.1772     2.5152     1.9645     0.0227     -0.009     -0.046     -0.066        146 4.6482e+02 0.0000e+00
     -0.046    25.7367     5.4039     66.251  32.611924     32.138      8.082   200.0258     2.5394     2.0182     0.0227     -0.005     -0.045     -0.066        147 4.6502e+02 0.0000e+00
     -0.046    25.7328     5.3904     66.082  32.574073     32.085      8.084   196.8836     2.5435     1.9242     0.0227     -0.002     -0.045     -0.066        148 4.6574e+02 0.0000e+00
     -0.046    25.7290     5.3862     66.028  32.557259     32.088      8.084   198.0572     2.5192     1.9376     0.0227      0.000     -0.045     -0.066        149 4.6457e+02 0.0000e+00
     -0.047    25.7247     5.3857     66.018  32.573545     32.091      8.082   198.2465     2.5394     1.9107     0.0227      0.001     -0.045     -0.066        150 4.6551e+02 0.0000e+00
     -0.046    25.7210     5.3748     65.881  32.613114     32.148      8.082   198.6629     2.5314     1.9645     0.0227      0.001     -0.045     -0.065        151 4.6423e+02 0.0000e+00
     -0.046    25.7176     5.3643     65.748  32.567325     32.096      8.083   199.1172     2.5314     1.9645     0.0227      0.001     -0.045     -0.065        152 4.6475e+02 0.0000e+00
     -0.045    25.7149     5.3546     65.626  32.571224     32.098      8.085   199.4579     2.5516     1.9913     0.0227      0.001     -0.045     -0.065        153 4.6648e+02 0.0000e+00
     -0.046    25.7121     5.3449     65.504  32.608263     32.155      8.085   199.6851     2.5192     1.9645     0.0227      0.001     -0.045     -0.065        154 4.6756e+02 0.0000e+00
     -0.047    25.7079     5.3363     65.396  32.580540     32.102      8.085   199.5336     2.5111     1.7362     0.0227      0.000     -0.045     -0.065        155 4.6728e+02 0.0000e+00
     -0.046    25.7039     5.3280     65.292  32.605727     32.159      8.085   200.2908     2.5556     1.6422     0.0227      0.000     -0.045     -0.065        156 4.6715e+02 0.0000e+00
     -0.045    25.7008     5.3150     65.130  32.576918     32.107      8.085   199.9501     2.5273     1.7362     0.0227      0.000     -0.045     -0.065        157 4.6707e+02 0.0000e+00
     -0.046    25.6982     5.3073     65.033  32.557087     32.109      8.082   200.1772     2.5314     1.6422     0.0227      0.000     -0.045     -0.065        158 4.6814e+02 0.0000e+00
     -0.046    25.6953     5.2980     64.916  32.571103     32.111      8.083   200.3286     2.5597     1.7362     0.0227     -0.000     -0.045     -0.065        159 4.6721e+02 0.0000e+00
     -0.046    25.6924     5.2944     64.870  32.559478     32.113      8.085   200.4422     2.4869     1.9645     0.0227     -0.000     -0.045     -0.065        160 4.6726e+02 0.0000e+00
     -0.045    25.6896     5.2844     64.744  32.571555     32.115      8.083   200.8208     2.4788     2.0316     0.0227      0.000     -0.044     -0.064        161 4.6799e+02 0.0000e+00
     -0.045    25.6866     5.2788     64.674  32.556074     32.116      8.084   201.3129     2.4586     1.8570     0.0227      0.000     -0.044     -0.064        162 4.6739e+02 0.0000e+00
     -0.046    25.6837     5.2711     64.578  32.519438     32.063      8.088   201.4643     2.5111     2.0047     0.0227      0.000     -0.044     -0.064        163 4.6812e+02 0.0000e+00
     -0.045    25.6811     5.2652     64.503  32.557842     32.120      8.090   201.8808     2.4707     1.9242     0.0227      0.000     -0.044     -0.064        164 4.6859e+02 0.0000e+00
     -0.045    25.6789     5.2567     64.396  32.567588     32.122      8.088   201.8808     2.5030     1.8973     0.0227      0.000     -0.044     -0.064        165 4.6820e+02 0.0000e+00
     -0.046    25.6766     5.2485     64.293  32.507311     32.068      8.087   202.1458     2.4869     1.9913     0.0227      0.000     -0.045     -0.065        166 4.6883e+02 0.0000e+00
     -0.046    25.6741     5.2438     64.234  32.514246     32.070      8.087   202.5243     2.4828     2.0047     0.0227     -0.000     -0.045     -0.065        167 4.6921e+02 0.0000e+00
     -0.046    25.6720     5.2327     64.096  32.558960     32.126      8.089   202.5622     2.4545     1.9107     0.0227     -0.000     -0.045     -0.065        168 4.6956e+02 0.0000e+00
     -0.045    25.6701     5.2244     63.994  32.570278     32.128      8.086   203.1679     2.4707     1.8302     0.0227     -0.000     -0.044     -0.064        169 4.6904e+02 0.0000e+00
     -0.045    25.6678     5.2212     63.956  32.559466     32.129      8.090   203.5086     2.4788     2.0182     0.0227      0.000     -0.044     -0.064        170 4.6878e+02 0.0000e+00
