Data/DataNotYetUploadedToEDI/Raw_CTD/RawDownloads/062518_fcr45.cnv
* Sea-Bird SBE19plus  Data File:
* FileName = C:\DATA\062518_fcr_0004.hex
* Software version 2.6.3.104
* Temperature SN = 7809
* Conductivity SN = 7809
* System UpLoad Time = Jun 25 2018 17:14:01
* <ApplicationData>
* <Seaterm232>
# nquan = 17
# nvalues = 613                         
# units = specified
# name 0 = depFM: Depth [fresh water, m]
# name 1 = tv290C: Temperature [ITS-90, deg C]
# name 2 = sbeox0Mg/L: Oxygen, SBE 43 [mg/l]
# name 3 = sbeox0PS: Oxygen, SBE 43 [% saturation]
# name 4 = c0uS/cm: Conductivity [uS/cm]
# name 5 = specc: Specific Conductance [uS/cm]
# name 6 = ph: pH
# name 7 = orp: Oxidation Reduction Potential [mV]
# name 8 = flECO-AFL: Fluorescence, WET Labs ECO-AFL/FL [mg/m^3]
# name 9 = turbWETntu0: Turbidity, WET Labs ECO [NTU]
# name 10 = sal00: Salinity, Practical [PSU]
# name 11 = dz/dtM: Descent Rate [m/s]
# name 12 = prdM: Pressure, Strain Gauge [db]
# name 13 = prdE: Pressure, Strain Gauge [psi]
# name 14 = scan: Scan Count
# name 15 = par/sat/log: PAR/Logarithmic, Satlantic
# name 16 = flag:  0.000e+00
# span 0 =     -0.538,      7.159       
# span 1 =    10.8067,    26.2853       
# span 2 =     3.1158,    11.8272       
# span 3 =     28.767,    137.947       
# span 4 =   0.217343,  34.619488       
# span 5 =      0.960,     45.414       
# span 6 =      6.325,      8.261       
# span 7 =  -659.7124,  1240.2295       
# span 8 =    -0.2224,     7.2422       
# span 9 =    -0.3183,     3.8444       
# span 10 =     0.0112,     0.0238      
# span 11 =     -0.142,      0.262      
# span 12 =     -0.526,      7.020      
# span 13 =     -0.763,     10.182      
# span 14 =          1,        613      
# span 15 = 2.9423e-01, 5.4249e+02      
# span 16 = 0.0000e+00, 0.0000e+00      
# interval = seconds: 0.25
# start_time = Jun 25 2018 16:27:22 [Instrument's time stamp, header]
# bad_flag = -9.990e-29
*END*
[from data line 511]
      5.384    10.8750     7.7239     69.826  31.794109     44.291      6.423   293.7225     1.7388     3.2535     0.0227      0.049      5.280      7.658        512 2.0795e+00 0.0000e+00
      5.398    10.8736     7.7190     69.780  31.722061     44.216      6.421   293.4575     1.7469     3.3072     0.0227      0.052      5.294      7.678        513 1.9904e+00 0.0000e+00
      5.412    10.8713     7.7202     69.789  31.735667     44.217      6.419   294.1389     1.7550     3.4550     0.0227      0.054      5.308      7.700        514 1.9789e+00 0.0000e+00
      5.430    10.8687     7.7113     69.708  31.717870     44.219      6.416   293.9118     1.7428     3.3207     0.0227      0.057      5.326      7.725        515 1.9557e+00 0.0000e+00
      5.452    10.8668     7.7149     69.741  31.684901     44.144      6.416   294.4418     1.7428     3.3341     0.0227      0.060      5.347      7.756        516 1.8609e+00 0.0000e+00
      5.477    10.8653     7.7146     69.738  31.687738     44.186      6.414   294.1389     1.7590     3.5624     0.0227      0.065      5.371      7.790        517 1.8327e+00 0.0000e+00
      5.502    10.8631     7.7114     69.709  31.625383     44.072      6.409   294.6310     1.7711     3.5221     0.0226      0.070      5.395      7.824        518 1.8201e+00 0.0000e+00
      5.524    10.8628     7.7130     69.726  31.673543     44.151      6.410   295.0475     1.7509     3.5892     0.0227      0.076      5.416      7.856        519 1.7956e+00 0.0000e+00
      5.544    10.8625     7.7184     69.774  31.716764     44.232      6.407   294.7825     1.7348     3.5221     0.0227      0.081      5.436      7.883        520 1.7512e+00 0.0000e+00
      5.561    10.8612     7.7194     69.782  31.630902     44.076      6.405   294.9339     1.8965     3.5490     0.0226      0.084      5.453      7.908        521 1.6972e+00 0.0000e+00
      5.576    10.8605     7.7320     69.897  31.661784     44.155      6.404   295.0475     1.9046     3.5624     0.0227      0.084      5.468      7.931        522 1.6785e+00 0.0000e+00
      5.591    10.8591     7.7206     69.793  31.707985     44.195      6.400   295.6532     1.8884     3.6027     0.0227      0.080      5.484      7.955        523 1.6622e+00 0.0000e+00
      5.611    10.8578     7.7157     69.748  31.662366     44.157      6.402   295.9560     1.8884     3.5355     0.0227      0.076      5.503      7.982        524 1.6325e+00 0.0000e+00
      5.632    10.8577     7.7243     69.825  31.629596     44.081      6.400   295.7289     1.7428     3.4818     0.0226      0.073      5.525      8.013        525 1.5616e+00 0.0000e+00
      5.659    10.8580     7.7251     69.831  31.659807     44.161      6.398   296.1453     1.7671     3.5758     0.0227      0.073      5.550      8.050        526 1.4815e+00 0.0000e+00
      5.688    10.8579     7.7197     69.782  31.684077     44.161      6.399   296.5996     1.7590     3.6564     0.0227      0.077      5.577      8.090        527 1.4510e+00 0.0000e+00
      5.716    10.8581     7.7235     69.816  31.718006     44.238      6.397   296.4860     1.7469     3.5221     0.0227      0.083      5.602      8.125        528 1.4246e+00 0.0000e+00
      5.733    10.8591     7.7324     69.895  31.736197     44.238      6.394   296.6753     1.8156     3.5758     0.0227      0.088      5.621      8.152        529 1.3951e+00 0.0000e+00
      5.747    10.8588     7.7425     69.985  31.750399     44.277      6.392   296.7889     1.7873     3.4415     0.0227      0.090      5.636      8.175        530 1.3762e+00 0.0000e+00
      5.764    10.8583     7.7430     69.990  31.729986     44.237      6.393   296.9025     1.7995     3.5892     0.0227      0.089      5.653      8.200        531 1.3353e+00 0.0000e+00
      5.784    10.8588     7.7377     69.942  31.672642     44.160      6.389   296.7510     1.8399     3.5758     0.0227      0.086      5.672      8.226        532 1.2948e+00 0.0000e+00
      5.801    10.8582     7.7235     69.814  31.732801     44.238      6.391   296.5618     1.7348     3.5355     0.0227      0.081      5.689      8.252        533 1.2988e+00 0.0000e+00
      5.819    10.8577     7.7280     69.854  31.773732     44.315      6.390   296.7510     1.7671     3.5490     0.0227      0.075      5.706      8.277        534 1.2793e+00 0.0000e+00
      5.836    10.8573     7.7296     69.869  31.740319     44.238      6.389   297.8868     1.7631     3.5758     0.0227      0.070      5.723      8.301        535 1.2367e+00 0.0000e+00
      5.853    10.8566     7.7276     69.854  31.744730     44.278      6.389   297.6218     1.7711     3.6027     0.0227      0.068      5.740      8.326        536 1.2257e+00 0.0000e+00
      5.872    10.8564     7.7287     69.865  31.738590     44.239      6.390   297.6975     1.7226     3.4684     0.0227      0.069      5.759      8.354        537 1.2116e+00 0.0000e+00
      5.895    10.8561     7.7277     69.852  31.718307     44.240      6.388   297.5839     1.6984     3.4952     0.0227      0.071      5.783      8.387        538 1.1731e+00 0.0000e+00
      5.925    10.8553     7.7399     69.961  31.740320     44.240      6.386   298.0382     1.6781     3.5758     0.0227      0.075      5.810      8.427        539 1.1493e+00 0.0000e+00
      5.955    10.8548     7.7443     69.999  31.770503     44.318      6.384   298.1896     1.6822     3.6027     0.0227      0.081      5.839      8.468        540 1.1002e+00 0.0000e+00
      5.982    10.8548     7.7373     69.937  31.799358     44.320      6.380   298.2653     1.6984     3.4281     0.0227      0.088      5.865      8.507        541 1.0334e+00 0.0000e+00
      6.007    10.8547     7.7381     69.945  31.793371     44.359      6.380   298.6061     1.4921     3.5221     0.0228      0.094      5.890      8.543        542 1.0351e+00 0.0000e+00
      6.030    10.8548     7.7402     69.964  31.748301     44.242      6.376   298.6061     1.4881     3.4952     0.0227      0.099      5.912      8.575        543 1.0021e+00 0.0000e+00
      6.047    10.8543     7.7425     69.986  31.766487     44.320      6.373   298.5303     1.4800     3.5758     0.0227      0.100      5.931      8.602        544 9.6014e-01 0.0000e+00
      6.065    10.8547     7.7409     69.969  31.741085     44.242      6.372   299.0225     1.4881     3.6161     0.0227      0.098      5.949      8.628        545 9.4422e-01 0.0000e+00
      6.085    10.8567     7.7451     70.003  31.720606     44.243      6.370   299.4768     1.2819     3.4952     0.0227      0.092      5.968      8.656        546 9.4227e-01 0.0000e+00
      6.107    10.8572     7.7500     70.045  31.791974     44.320      6.372   299.4011     1.3142     3.4281     0.0227      0.087      5.991      8.690        547 9.1991e-01 0.0000e+00
      6.136    10.8556     7.7484     70.027  31.800537     44.357      6.369   299.7796     1.3344     3.5624     0.0228      0.085      6.016      8.725        548 8.5372e-01 0.0000e+00
      6.159    10.8546     7.7600     70.130  31.798909     44.317      6.366   299.9311     1.3263     3.5758     0.0227      0.084      6.038      8.756        549 8.3768e-01 0.0000e+00
      6.174    10.8538     7.7569     70.104  31.764346     44.319      6.364   299.6661     1.2536     3.6027     0.0227      0.083      6.054      8.780        550 8.5711e-01 0.0000e+00
      6.187    10.8539     7.7479     70.020  31.695284     44.164      6.365   299.8175     1.2293     3.5087     0.0227      0.082      6.068      8.800        551 8.5150e-01 0.0000e+00
      6.201    10.8542     7.7504     70.035  31.706937     44.244      6.364   299.8932     1.2212     3.5490     0.0227      0.079      6.081      8.820        552 8.2490e-01 0.0000e+00
      6.214    10.8543     7.7455     69.983  31.749844     44.243      6.362   299.5903     1.2253     3.6564     0.0227      0.075      6.095      8.841        553 8.2611e-01 0.0000e+00
      6.231    10.8547     7.7433     69.958  31.790154     44.360      6.365   300.0446     1.1161     3.5490     0.0228      0.070      6.112      8.865        554 7.9791e-01 0.0000e+00
      6.252    10.8536     7.7409     69.931  31.745733     44.243      6.365   300.0446     1.1161     3.5758     0.0227      0.065      6.132      8.894        555 7.5284e-01 0.0000e+00
      6.276    10.8517     7.7317     69.846  31.716164     44.242      6.363   300.1582     1.1242     3.5221     0.0227      0.064      6.153      8.925        556 7.4285e-01 0.0000e+00
      6.297    10.8499     7.7238     69.772  31.737992     44.244      6.360   300.6503     1.0999     3.6295     0.0227      0.066      6.173      8.953        557 7.2645e-01 0.0000e+00
      6.312    10.8476     7.7087     69.634  31.777877     44.324      6.359   300.7261     1.1120     3.5758     0.0227      0.070      6.190      8.978        558 7.1337e-01 0.0000e+00
      6.328    10.8468     7.6964     69.521  31.785141     44.326      6.358   301.0668     1.0837     3.5758     0.0227      0.072      6.208      9.004        559 7.1938e-01 0.0000e+00
      6.351    10.8474     7.6757     69.331  31.758605     44.290      6.356   301.1046     1.0959     3.5892     0.0227      0.075      6.231      9.036        560 7.0037e-01 0.0000e+00
      6.378    10.8462     7.6645     69.229  31.781249     44.330      6.352   301.5211     1.0797     3.4818     0.0227      0.079      6.256      9.073        561 6.6775e-01 0.0000e+00
      6.408    10.8417     7.6449     69.050  31.727308     44.251      6.349   301.8239     1.1039     3.5758     0.0227      0.083      6.284      9.113        562 6.5799e-01 0.0000e+00
      6.436    10.8369     7.6283     68.898  31.677466     44.175      6.347   302.0132     0.9867     3.5490     0.0227      0.087      6.310      9.151        563 6.5833e-01 0.0000e+00
      6.457    10.8336     7.6103     68.733  31.665357     44.180      6.344   301.8618     0.9584     3.6027     0.0227      0.090      6.332      9.183        564 6.4294e-01 0.0000e+00
      6.476    10.8306     7.6004     68.642  31.683073     44.187      6.343   301.8239     0.9665     3.5221     0.0227      0.093      6.351      9.211        565 6.1758e-01 0.0000e+00
      6.495    10.8288     7.5902     68.549  31.685075     44.229      6.340   302.1268     0.9867     3.5490     0.0227      0.094      6.368      9.237        566 6.1288e-01 0.0000e+00
      6.511    10.8277     7.5717     68.380  31.633215     44.116      6.340   301.9753     1.0312     3.5490     0.0226      0.092      6.385      9.261        567 5.7714e-01 0.0000e+00
      6.528    10.8265     7.5610     68.283  31.658655     44.196      6.341   302.0889     1.0433     3.5355     0.0227      0.086      6.402      9.285        568 5.7856e-01 0.0000e+00
      6.544    10.8254     7.5572     68.248  31.623763     44.120      6.343   302.2403     1.0352     3.5087     0.0226      0.079      6.418      9.309        569 5.8352e-01 0.0000e+00
      6.564    10.8238     7.5418     68.107  31.558023     44.043      6.339   302.6568     1.0190     3.6027     0.0226      0.074      6.437      9.336        570 5.5213e-01 0.0000e+00
      6.584    10.8224     7.5460     68.142  31.562547     44.045      6.340   302.9975     1.1323     3.4952     0.0226      0.071      6.457      9.366        571 5.5650e-01 0.0000e+00
      6.606    10.8213     7.5494     68.171  31.558827     44.047      6.336   302.7704     1.0959     3.5087     0.0226      0.071      6.479      9.397        572 5.1988e-01 0.0000e+00
      6.632    10.8201     7.5440     68.122  31.592308     44.087      6.337   303.0732     1.1161     3.6564     0.0226      0.075      6.504      9.432        573 5.0972e-01 0.0000e+00
      6.657    10.8187     7.5509     68.183  31.609842     44.128      6.336   303.2625     1.0716     3.5758     0.0226      0.079      6.526      9.464        574 4.9146e-01 0.0000e+00
      6.674    10.8179     7.5461     68.138  31.566660     44.051      6.333   303.4139     1.1686     3.5490     0.0226      0.082      6.543      9.489        575 4.8732e-01 0.0000e+00
      6.684    10.8174     7.5390     68.072  31.557088     44.053      6.337   303.3004     1.1970     3.6027     0.0226      0.082      6.555      9.507        576 5.1951e-01 0.0000e+00
      6.698    10.8164     7.5340     68.026  31.562448     44.054      6.334   303.0354     1.1606     3.6564     0.0226      0.079      6.569      9.527        577 4.7886e-01 0.0000e+00
      6.714    10.8161     7.5371     68.052  31.500684     43.976      6.336   303.5275     1.1727     3.5490     0.0226      0.074      6.585      9.551        578 4.8252e-01 0.0000e+00
      6.734    10.8159     7.5256     67.950  31.485688     43.939      6.338   303.2246     1.1686     3.4684     0.0226      0.071      6.605      9.579        579 4.8709e-01 0.0000e+00
      6.756    10.8144     7.5278     67.974  31.492151     43.978      6.337   303.3004     1.1039     3.8444     0.0226      0.068      6.625      9.608        580 4.5865e-01 0.0000e+00
      6.775    10.8124     7.5291     67.984  31.462988     43.900      6.333   303.2625     1.1323     3.7504     0.0225      0.067      6.643      9.635        581 4.5680e-01 0.0000e+00
      6.791    10.8114     7.5228     67.925  31.492329     43.980      6.334   303.4139     1.1242     3.6967     0.0226      0.067      6.660      9.660        582 4.5882e-01 0.0000e+00
      6.808    10.8113     7.5208     67.906  31.455638     43.905      6.334   303.5654     1.0999     3.6967     0.0225      0.069      6.679      9.688        583 4.5130e-01 0.0000e+00
      6.835    10.8106     7.5165     67.867  31.449344     43.906      6.333   303.7168     1.0514     3.5355     0.0225      0.074      6.705      9.726        584 4.4128e-01 0.0000e+00
      6.871    10.8097     7.5187     67.887  31.470508     43.945      6.331   304.0575     1.0392     3.5758     0.0226      0.081      6.738      9.773        585 4.4067e-01 0.0000e+00
      6.908    10.8087     7.5120     67.827  31.458952     43.907      6.328   303.7925     1.0392     3.4818     0.0225      0.090      6.771      9.821        586 4.2106e-01 0.0000e+00
      6.935    10.8075     7.5101     67.811  31.493380     43.986      6.328   304.1711     1.0433     3.6161     0.0226      0.098      6.799      9.861        587 3.9646e-01 0.0000e+00
      6.958    10.8067     7.5241     67.939  31.457319     43.909      6.326   303.9818     0.9665     3.5490     0.0225      0.104      6.821      9.894        588 3.8958e-01 0.0000e+00
      6.975    10.8078     7.5187     67.894  31.444524     43.911      6.327   304.0196     0.9786     3.5355     0.0225      0.107      6.840      9.920        589 3.7250e-01 0.0000e+00
      6.991    10.8096     7.5307     68.009  31.449996     43.912      6.325   304.1332     0.9705     3.6429     0.0225      0.106      6.855      9.943        590 3.6328e-01 0.0000e+00
      7.004    10.8092     7.5407     68.107  31.539469     44.027      6.329   303.9061     0.9665     3.5892     0.0226      0.099      6.869      9.963        591 3.7388e-01 0.0000e+00
      7.018    10.8079     7.5551     68.239  31.540748     44.064      6.328   303.9439     0.9745     3.4952     0.0226      0.087      6.884      9.984        592 3.5045e-01 0.0000e+00
      7.038    10.8071     7.5609     68.287  31.478057     43.908      6.330   303.8682     0.9665     3.5624     0.0225      0.076      6.903     10.011        593 3.5056e-01 0.0000e+00
      7.061    10.8068     7.5679     68.349  31.528528     44.066      6.329   304.0196     0.9665     3.6161     0.0226      0.070      6.924     10.043        594 3.6037e-01 0.0000e+00
      7.084    10.8070     7.5716     68.380  31.477937     43.911      6.328   304.0196     0.9826     3.5758     0.0225      0.069      6.945     10.073        595 3.2869e-01 0.0000e+00
