Data/DataNotYetUploadedToEDI/Raw_CTD/RawDownloads/062518_fcr45.cnv
* Sea-Bird SBE19plus  Data File:
* FileName = C:\DATA\062518_fcr_0004.hex
* Software version 2.6.3.104
* Temperature SN = 7809
* Conductivity SN = 7809
* System UpLoad Time = Jun 25 2018 17:14:01
* <ApplicationData>
* <Seaterm232>
# nquan = 17
# nvalues = 613                         
# units = specified
# name 0 = depFM: Depth [fresh water, m]
# name 1 = tv290C: Temperature [ITS-90, deg C]
# name 2 = sbeox0Mg/L: Oxygen, SBE 43 [mg/l]
# name 3 = sbeox0PS: Oxygen, SBE 43 [% saturation]
# name 4 = c0uS/cm: Conductivity [uS/cm]
# name 5 = specc: Specific Conductance [uS/cm]
# name 6 = ph: pH
# name 7 = orp: Oxidation Reduction Potential [mV]
# name 8 = flECO-AFL: Fluorescence, WET Labs ECO-AFL/FL [mg/m^3]
# name 9 = turbWETntu0: Turbidity, WET Labs ECO [NTU]
# name 10 = sal00: Salinity, Practical [PSU]
# name 11 = dz/dtM: Descent Rate [m/s]
# name 12 = prdM: Pressure, Strain Gauge [db]
# name 13 = prdE: Pressure, Strain Gauge [psi]
# name 14 = scan: Scan Count
# name 15 = par/sat/log: PAR/Logarithmic, Satlantic
# name 16 = flag:  0.000e+00
# span 0 =     -0.538,      7.159       
# span 1 =    10.8067,    26.2853       
# span 2 =     3.1158,    11.8272       
# span 3 =     28.767,    137.947       
# span 4 =   0.217343,  34.619488       
# span 5 =      0.960,     45.414       
# span 6 =      6.325,      8.261       
# span 7 =  -659.7124,  1240.2295       
# span 8 =    -0.2224,     7.2422       
# span 9 =    -0.3183,     3.8444       
# span 10 =     0.0112,     0.0238      
# span 11 =     -0.142,      0.262      
# span 12 =     -0.526,      7.020      
# span 13 =     -0.763,     10.182      
# span 14 =          1,        613      
# span 15 = 2.9423e-01, 5.4249e+02      
# span 16 = 0.0000e+00, 0.0000e+00      
# interval = seconds: 0.25
# start_time = Jun 25 2018 16:27:22 [Instrument's time stamp, header]
# bad_flag = -9.990e-29
*END*
[from data line 426]
      4.102    11.9255     4.3271     39.638  33.570125     45.290      6.730   273.7717     4.3793     1.5616     0.0237      0.060      4.022      5.835        427 7.8077e+00 0.0000e+00
      4.124    11.8492     4.5653     41.780  33.353066     45.057      6.722   274.8317     4.3348     1.4139     0.0236      0.058      4.042      5.862        428 7.6837e+00 0.0000e+00
      4.139    11.7881     4.8057     43.945  33.267198     45.040      6.711   275.4374     4.3510     1.5348     0.0235      0.057      4.057      5.884        429 7.6064e+00 0.0000e+00
      4.148    11.7391     5.0753     46.384  33.202528     45.058      6.702   275.3617     4.3308     1.5348     0.0235      0.057      4.068      5.900        430 7.5657e+00 0.0000e+00
      4.159    11.6963     5.3620     49.003  33.166681     45.056      6.695   275.5131     4.3591     1.5079     0.0235      0.057      4.079      5.917        431 7.5516e+00 0.0000e+00
      4.172    11.6554     5.6781     51.918  33.133905     45.117      6.687   275.3617     4.3389     1.5213     0.0235      0.058      4.094      5.939        432 7.4417e+00 0.0000e+00
      4.195    11.6092     5.9853     54.746  33.065408     45.017      6.680   275.1346     4.3672     1.4676     0.0234      0.060      4.116      5.969        433 7.2429e+00 0.0000e+00
      4.224    11.5547     6.2834     57.471  32.955390     44.991      6.667   275.5510     4.3469     1.4408     0.0234      0.063      4.141      6.006        434 7.0647e+00 0.0000e+00
      4.248    11.5032     6.5413     59.823  32.529466     44.399      6.658   275.7781     4.3429     1.5616     0.0231      0.067      4.164      6.040        435 7.0006e+00 0.0000e+00
      4.267    11.4673     6.7576     61.799  32.201714     44.044      6.648   275.3617     4.3672     1.5079     0.0229      0.071      4.184      6.069        436 6.9019e+00 0.0000e+00
      4.286    11.4321     6.9080     63.169  32.147460     44.031      6.639   275.7781     4.1933     1.7496     0.0229      0.077      4.203      6.096        437 6.7503e+00 0.0000e+00
      4.306    11.3909     7.0195     64.169  31.944614     43.805      6.635   276.9896     4.2175     1.6556     0.0228      0.082      4.221      6.122        438 6.6843e+00 0.0000e+00
      4.321    11.3556     7.0573     64.475  31.742480     43.541      6.629   279.4503     4.2054     1.6422     0.0227      0.083      4.237      6.145        439 6.6179e+00 0.0000e+00
      4.335    11.3318     7.0493     64.353  31.657689     43.514      6.622   281.0781     4.1973     1.7093     0.0226      0.081      4.249      6.163        440 6.5386e+00 0.0000e+00
      4.344    11.3310     7.0154     64.009  31.635003     43.479      6.618   283.7282     4.1609     1.8705     0.0226      0.073      4.259      6.176        441 6.5049e+00 0.0000e+00
      4.349    11.3515     6.9562     63.459  31.711421     43.661      6.615   284.2203     4.1245     1.9376     0.0227      0.063      4.265      6.185        442 6.5102e+00 0.0000e+00
      4.353    11.3668     6.9013     62.988  31.740519     43.663      6.610   282.5924     4.1448     1.8705     0.0227      0.053      4.269      6.191        443 6.5365e+00 0.0000e+00
      4.355    11.3657     6.8638     62.646  31.747059     43.676      6.606   285.0910     4.1245     1.9107     0.0227      0.043      4.271      6.194        444 6.5113e+00 0.0000e+00
      4.355    11.3606     6.8361     62.354  31.732928     43.619      6.602   285.3939     4.0032     1.9645     0.0227      0.033      4.271      6.196        445 6.4948e+00 0.0000e+00
      4.357    11.3594     6.7893     61.887  31.728444     43.620      6.597   284.7124     4.0113     1.9107     0.0227      0.023      4.274      6.199        446 6.4893e+00 0.0000e+00
      4.363    11.3551     6.7781     61.767  31.782292     43.704      6.594   282.7817     4.0315     1.8973     0.0227      0.017      4.281      6.208        447 6.4093e+00 0.0000e+00
      4.375    11.3419     6.7516     61.516  31.784532     43.705      6.590   282.2896     4.0235     1.9376     0.0227      0.015      4.291      6.223        448 6.3101e+00 0.0000e+00
      4.388    11.3150     6.7266     61.274  31.725659     43.633      6.589   283.2360     3.6636     2.1927     0.0227      0.018      4.302      6.239        449 6.2832e+00 0.0000e+00
      4.396    11.2832     6.7190     61.150  31.647987     43.534      6.586   284.1824     3.6353     2.1390     0.0226      0.022      4.310      6.251        450 6.2070e+00 0.0000e+00
      4.401    11.2587     6.7038     60.951  31.614320     43.527      6.583   283.6903     3.6393     2.1256     0.0226      0.026      4.316      6.259        451 6.1419e+00 0.0000e+00
      4.405    11.2539     6.6943     60.817  31.678608     43.644      6.579   283.5389     3.6070     2.1390     0.0226      0.029      4.321      6.266        452 6.1735e+00 0.0000e+00
      4.410    11.2719     6.7025     60.848  31.775567     43.826      6.576   282.4789     3.6029     2.1122     0.0227      0.030      4.326      6.274        453 6.0953e+00 0.0000e+00
      4.417    11.2730     6.7530     61.268  31.730892     43.757      6.573   282.3274     3.4048     2.5016     0.0227      0.030      4.334      6.285        454 6.0237e+00 0.0000e+00
      4.429    11.2455     6.8266     61.902  31.674900     43.655      6.572   282.1003     3.4048     2.4747     0.0226      0.029      4.344      6.301        455 5.9822e+00 0.0000e+00
      4.444    11.2189     6.9585     63.067  31.696977     43.693      6.569   280.6617     3.3886     2.5150     0.0227      0.030      4.359      6.322        456 5.8588e+00 0.0000e+00
      4.462    11.2046     7.0995     64.320  31.733072     43.765      6.568   280.7374     3.3724     2.5419     0.0227      0.033      4.375      6.346        457 5.7592e+00 0.0000e+00
      4.480    11.1994     7.2475     65.640  31.718950     43.798      6.568   280.3589     3.3239     2.7164     0.0227      0.040      4.393      6.372        458 5.6721e+00 0.0000e+00
      4.498    11.1874     7.4027     67.033  31.684910     43.737      6.567   280.5481     3.3239     2.7567     0.0226      0.049      4.412      6.399        459 5.5321e+00 0.0000e+00
      4.520    11.1502     7.5413     68.282  31.656829     43.745      6.565   281.1160     3.3077     2.7164     0.0226      0.058      4.432      6.428        460 5.4024e+00 0.0000e+00
      4.539    11.1065     7.6518     69.278  31.575981     43.602      6.563   280.9646     3.2835     2.7433     0.0226      0.065      4.450      6.455        461 5.3267e+00 0.0000e+00
      4.555    11.0725     7.7438     70.109  31.577956     43.688      6.558   281.5324     3.4331     2.6493     0.0226      0.070      4.467      6.480        462 5.2669e+00 0.0000e+00
      4.572    11.0419     7.8014     70.625  31.624731     43.779      6.556   281.7974     3.4088     2.6627     0.0226      0.072      4.486      6.506        463 5.1896e+00 0.0000e+00
      4.595    11.0147     7.8272     70.853  31.666055     43.898      6.555   281.8731     3.4048     2.6761     0.0227      0.074      4.506      6.535        464 5.0441e+00 0.0000e+00
      4.616    10.9912     7.8523     71.077  31.674812     43.935      6.548   281.8731     3.4412     2.8104     0.0227      0.075      4.526      6.564        465 4.9187e+00 0.0000e+00
      4.635    10.9703     7.8578     71.125  31.673154     43.968      6.545   282.0246     3.1339     2.7567     0.0227      0.076      4.545      6.592        466 4.8385e+00 0.0000e+00
      4.654    10.9531     7.8504     71.055  31.786744     44.152      6.542   282.2896     3.0934     2.7030     0.0227      0.076      4.564      6.619        467 4.7371e+00 0.0000e+00
      4.673    10.9401     7.8394     70.952  31.800342     44.217      6.539   282.9332     3.1177     2.6761     0.0228      0.076      4.582      6.645        468 4.6336e+00 0.0000e+00
      4.689    10.9317     7.8268     70.836  31.745201     44.121      6.537   282.9332     3.1096     2.7298     0.0227      0.076      4.598      6.668        469 4.5306e+00 0.0000e+00
      4.703    10.9276     7.8252     70.823  31.766413     44.215      6.534   283.4253     2.5880     2.9581     0.0227      0.074      4.612      6.688        470 4.4635e+00 0.0000e+00
      4.716    10.9252     7.8170     70.755  31.744296     44.148      6.530   283.4632     2.5839     2.8776     0.0227      0.071      4.624      6.707        471 4.4179e+00 0.0000e+00
      4.729    10.9235     7.8097     70.693  31.713423     44.152      6.528   283.9174     2.5799     2.9715     0.0227      0.066      4.637      6.726        472 4.3687e+00 0.0000e+00
      4.743    10.9203     7.8015     70.617  31.745530     44.156      6.525   284.2203     2.6163     2.9313     0.0227      0.062      4.651      6.746        473 4.2969e+00 0.0000e+00
      4.757    10.9167     7.8002     70.604  31.793301     44.274      6.521   284.6367     2.6041     2.9178     0.0228      0.058      4.666      6.767        474 4.2034e+00 0.0000e+00
      4.773    10.9146     7.8076     70.667  31.742933     44.162      6.521   284.6746     2.3049     2.8910     0.0227      0.056      4.681      6.789        475 4.1084e+00 0.0000e+00
      4.788    10.9136     7.7953     70.553  31.719253     44.166      6.517   284.7124     2.3009     2.8910     0.0227      0.055      4.698      6.813        476 4.0016e+00 0.0000e+00
      4.811    10.9123     7.7809     70.420  31.733812     44.169      6.513   284.8639     2.3696     2.8641     0.0227      0.058      4.719      6.843        477 3.8559e+00 0.0000e+00
      4.837    10.9102     7.7631     70.258  31.784122     44.247      6.513   285.8103     2.3534     2.9313     0.0227      0.063      4.740      6.874        478 3.7585e+00 0.0000e+00
      4.853    10.9088     7.7525     70.162  31.834564     44.327      6.505   285.8482     1.9855     2.8776     0.0228      0.068      4.756      6.898        479 3.7388e+00 0.0000e+00
      4.860    10.9097     7.7373     70.020  31.789653     44.252      6.506   286.2646     2.0016     2.8776     0.0227      0.069      4.766      6.913        480 3.6815e+00 0.0000e+00
      4.868    10.9133     7.7328     69.975  31.751054     44.215      6.504   286.7567     2.0016     2.9178     0.0227      0.066      4.773      6.923        481 3.6502e+00 0.0000e+00
      4.875    10.9154     7.7183     69.840  31.734333     44.175      6.495   286.8324     2.0340     2.9044     0.0227      0.061      4.781      6.934        482 3.6157e+00 0.0000e+00
      4.883    10.9148     7.7140     69.799  31.780809     44.248      6.497   286.9839     1.8075     2.7030     0.0227      0.055      4.790      6.948        483 3.5656e+00 0.0000e+00
      4.896    10.9137     7.7165     69.823  31.782175     44.245      6.497   287.1353     1.7752     2.7164     0.0227      0.048      4.803      6.966        484 3.4911e+00 0.0000e+00
      4.915    10.9116     7.7196     69.852  31.732631     44.169      6.494   287.7032     1.8197     2.7164     0.0227      0.044      4.820      6.991        485 3.3995e+00 0.0000e+00
      4.935    10.9099     7.7180     69.838  31.783160     44.247      6.492   288.5739     1.8035     2.7567     0.0227      0.044      4.839      7.018        486 3.3644e+00 0.0000e+00
      4.953    10.9087     7.7261     69.907  31.808255     44.289      6.485   288.8767     1.8803     2.7164     0.0228      0.048      4.857      7.045        487 3.2982e+00 0.0000e+00
      4.971    10.9082     7.7315     69.957  31.790360     44.252      6.482   288.8389     1.9005     2.6359     0.0227      0.056      4.876      7.072        488 3.2284e+00 0.0000e+00
      4.992    10.9075     7.7283     69.929  31.775776     44.254      6.478   289.2932     1.8601     2.6761     0.0227      0.063      4.896      7.102        489 3.1411e+00 0.0000e+00
      5.016    10.9050     7.7399     70.032  31.737446     44.177      6.475   289.7853     1.8520     2.6359     0.0227      0.070      4.919      7.134        490 3.0234e+00 0.0000e+00
      5.040    10.9025     7.7455     70.077  31.719451     44.177      6.470   290.3910     1.9895     3.1595     0.0227      0.077      4.942      7.167        491 2.9702e+00 0.0000e+00
      5.062    10.9001     7.7553     70.162  31.738865     44.180      6.463   290.4667     1.9935     3.1730     0.0227      0.081      4.962      7.197        492 2.9437e+00 0.0000e+00
      5.077    10.8992     7.7543     70.146  31.802246     44.300      6.462   290.4667     2.0259     3.1327     0.0228      0.082      4.978      7.221        493 2.8780e+00 0.0000e+00
      5.091    10.8997     7.7619     70.207  31.788843     44.264      6.459   290.6560     2.0259     3.1998     0.0227      0.080      4.992      7.241        494 2.8392e+00 0.0000e+00
      5.104    10.9001     7.7545     70.136  31.785199     44.266      6.457   290.8075     2.0138     3.1595     0.0227      0.077      5.006      7.261        495 2.7900e+00 0.0000e+00
      5.120    10.9002     7.7562     70.149  31.777128     44.265      6.455   290.7317     2.0744     3.1461     0.0227      0.073      5.021      7.283        496 2.7265e+00 0.0000e+00
      5.136    10.8985     7.7416     70.017  31.739580     44.187      6.453   290.8075     2.0623     3.1193     0.0227      0.068      5.036      7.304        497 2.7055e+00 0.0000e+00
      5.150    10.8982     7.7356     69.962  31.772619     44.264      6.452   291.2239     2.0421     3.0521     0.0227      0.063      5.050      7.324        498 2.6844e+00 0.0000e+00
      5.162    10.8993     7.7283     69.896  31.765664     44.228      6.449   291.0346     2.0704     3.0253     0.0227      0.059      5.063      7.343        499 2.6460e+00 0.0000e+00
      5.176    10.8977     7.7193     69.813  31.777888     44.267      6.449   291.3753     1.9491     3.1998     0.0227      0.056      5.078      7.365        500 2.6071e+00 0.0000e+00
      5.196    10.8945     7.7221     69.835  31.787061     44.265      6.446   291.6025     1.9572     3.0924     0.0227      0.057      5.099      7.396        501 2.5176e+00 0.0000e+00
      5.227    10.8921     7.7181     69.798  31.783903     44.267      6.444   292.5868     1.9248     3.0655     0.0227      0.063      5.127      7.436        502 2.4018e+00 0.0000e+00
      5.262    10.8880     7.7168     69.783  31.781819     44.271      6.435   293.0789     1.9491     3.0521     0.0227      0.072      5.157      7.479        503 2.3603e+00 0.0000e+00
      5.285    10.8832     7.7228     69.834  31.789657     44.274      6.432   292.7760     1.8844     3.3878     0.0227      0.080      5.179      7.511        504 2.3592e+00 0.0000e+00
      5.296    10.8805     7.7307     69.901  31.803804     44.318      6.429   292.9653     1.8844     3.2938     0.0228      0.085      5.192      7.531        505 2.3114e+00 0.0000e+00
      5.304    10.8795     7.7359     69.945  31.793868     44.285      6.425   292.9275     1.8803     3.4147     0.0227      0.085      5.202      7.545        506 2.2601e+00 0.0000e+00
      5.314    10.8795     7.7395     69.975  31.772371     44.288      6.425   292.8139     1.8965     3.3744     0.0227      0.082      5.212      7.559        507 2.2396e+00 0.0000e+00
      5.325    10.8791     7.7423     69.996  31.800904     44.290      6.424   292.9653     1.8156     3.5892     0.0227      0.075      5.223      7.576        508 2.2189e+00 0.0000e+00
      5.340    10.8791     7.7428     70.001  31.817665     44.368      6.424   293.3439     1.8197     3.5758     0.0228      0.065      5.236      7.595        509 2.1965e+00 0.0000e+00
      5.354    10.8780     7.7344     69.925  31.751514     44.212      6.424   293.7225     1.8035     3.5758     0.0227      0.055      5.251      7.616        510 2.1196e+00 0.0000e+00
