Data/DataNotYetUploadedToEDI/Raw_CTD/RawDownloads/062520_fcr50.cnv
* Sea-Bird SBE19plus  Data File:
* FileName = C:\DATA\250620_fcr50_0002.hex
* Software version 2.8.0.119 SB_Terminal.dll
* Temperature SN = 7809
* Conductivity SN = 7809
* System UpLoad Time = Jun 25 2020 19:47:16
* <ApplicationData>
* <Seaterm232>
# nquan = 16
# nvalues = 1951                        
# units = specified
# name 0 = depFM: Depth [fresh water, m]
# name 1 = dz/dtM: Descent Rate [m/s]
# name 2 = sbeox0ML/L: Oxygen, SBE 43 [ml/l]
# name 3 = sbeox0PS: Oxygen, SBE 43 [% saturation]
# name 4 = specc: Specific Conductance [uS/cm]
# name 5 = c0uS/cm: Conductivity [uS/cm]
# name 6 = flECO-AFL: Fluorescence, WET Labs ECO-AFL/FL [mg/m^3]
# name 7 = ph: pH
# name 8 = orp: Oxidation Reduction Potential [mV]
# name 9 = par/sat/log: PAR/Logarithmic, Satlantic
# name 10 = turbWETntu0: Turbidity, WET Labs ECO [NTU]
# name 11 = prdM: Pressure, Strain Gauge [db]
# name 12 = prdE: Pressure, Strain Gauge [psi]
# name 13 = tv290C: Temperature [ITS-90, deg C]
# name 14 = density00: Density [density, kg/m^3]
# name 15 = flag:  0.000e+00
# span 0 =     -0.661,      9.744       
# span 1 =     -0.001,      0.182       
# span 2 =     0.0313,     7.8113       
# span 3 =      0.406,    121.479       
# span 4 =      7.647,    253.711       
# span 5 =   7.537761, 174.085466       
# span 6 =    -0.9480,   265.8129       
# span 7 =      6.274,      8.799       
# span 8 = -1240.7455,   347.1953       
# span 9 = 1.2349e-01, 1.7077e+03       
# span 10 =    -7.6606,    69.7141      
# span 11 =     -0.649,      9.556      
# span 12 =     -0.941,     13.859      
# span 13 =     8.9461,    24.2837      
# span 14 =   997.2348,   999.9044      
# span 15 = 0.0000e+00, 0.0000e+00      
# interval = seconds: 0.25
# start_time = Jun 24 2020 20:31:50 [Instrument's time stamp, header]
# bad_flag = -9.990e-29
*END*
     -0.661 1.2306e-16     5.5515     94.799      8.135   8.018533    -0.9469      6.274 -1240.7455 6.0503e+02    -0.2755     -0.648     -0.940    24.2837   997.2348 0.0000e+00
     -0.661 1.3532e-15     5.5534     94.812      8.098   7.981905    -0.9461      6.290 -1240.7455 1.1778e+03    -0.2660     -0.648     -0.940    24.2834   997.2349 0.0000e+00
     -0.661 1.4885e-14     5.5517     94.810      8.079   7.962972    -0.9444      6.298 -1240.7455 1.5007e+03    -0.2731     -0.648     -0.940    24.2825   997.2351 0.0000e+00
     -0.660 1.6373e-13     5.5521     94.792      8.031   7.916356    -0.9453      6.285 -1240.7455 1.2507e+03    -0.2921     -0.647     -0.939    24.2817   997.2353 0.0000e+00
     -0.660 1.8011e-12     5.5552     94.760      7.911   7.798476    -0.9476      6.274 -1240.7455 6.2797e+02    -0.2905     -0.648     -0.939    24.2812   997.2354 0.0000e+00
     -0.660 1.9812e-11     5.5554     94.753      7.789   7.678335    -0.9432      6.275 -1240.7455 2.3254e+02    -0.2885     -0.648     -0.939    24.2807   997.2355 0.0000e+00
     -0.660 2.1793e-10     5.5553     94.776      7.714   7.604362    -0.9397      6.283 -1240.7455 1.5007e+02    -0.3019     -0.648     -0.939    24.2803   997.2356 0.0000e+00
     -0.660 2.3972e-09     5.5549     94.786      7.647   7.537761    -0.9440      6.292 -1240.7455 1.2224e+02    -0.3141     -0.648     -0.939    24.2801   997.2357 0.0000e+00
     -0.660 2.6370e-08     5.5514     94.779      7.680   7.570115    -0.9480      6.288 -1240.7451 1.1633e+02    -0.2986     -0.647     -0.938    24.2797   997.2357 0.0000e+00
     -0.660 2.9007e-07     5.5507     94.769      7.790   7.678707    -0.9396      6.285 -1240.7415 1.1651e+02    -0.2861     -0.647     -0.939    24.2798   997.2357 0.0000e+00
     -0.660      0.000     5.5542     94.769      7.758   7.646742    -0.9291      6.293 -1240.7012 1.4097e+02    -0.2670     -0.648     -0.939    24.2792   997.2358 0.0000e+00
     -0.661      0.000     5.5540     94.787      7.674   7.563839    -0.9347      6.293 -1240.2584 3.8282e+02    -0.2732     -0.648     -0.940    24.2793   997.2357 0.0000e+00
     -0.661      0.000     5.5537     94.810      8.060   7.943698    -0.9410      6.295 -1235.3878 6.0639e+02    -0.3266     -0.648     -0.940    24.2780   997.2360 0.0000e+00
     -0.661      0.004     5.5528     94.812     13.006  12.809889    -0.9295      6.491 -1181.8112 4.0207e+02    -0.3296     -0.647     -0.939    24.2791   997.2360 0.0000e+00
     -0.660      0.017     5.5525     94.793     23.580  23.163453    -0.8618      6.872  -592.4687 1.7855e+02    -0.4809     -0.648     -0.940    24.2769   997.2362 0.0000e+00
     -0.660      0.039     5.5537     94.789     37.435  36.567552    -0.0938      7.132   251.7199 1.7045e+02    -2.4300     -0.647     -0.938    24.2805   997.2357 0.0000e+00
     -0.659      0.068     5.5563     94.816     51.281  49.824638     1.3851      7.320   347.1953 2.0334e+02    -5.9400     -0.649     -0.941    24.2740   997.2366 0.0000e+00
     -0.645      0.098     5.5556     94.848     55.883  54.082728     2.7233      7.570   120.4478 3.7083e+02    -7.6606     -0.644     -0.934    24.2837   997.2354 0.0000e+00
     -0.608      0.126     5.5574     94.846     51.548  49.718538     8.7715      7.820    97.6803 5.5068e+02    -6.0336     -0.600     -0.870    24.2415   997.2498 0.0000e+00
     -0.558      0.149     5.5874     94.822     45.663  43.925539    74.4365      8.068    89.2954 7.6197e+02    13.2864     -0.546     -0.791    23.9480   997.3259 0.0000e+00
     -0.508      0.168     5.6272     94.812     40.588  38.960619   194.8003      8.313    86.2636 1.2442e+03    48.7096     -0.497     -0.720    23.5861   997.4218 0.0000e+00
     -0.463      0.181     5.6547     94.849     37.933  36.343457   260.3994      8.510    89.3300 1.6162e+03    68.0542     -0.450     -0.653    23.3593   997.4775 0.0000e+00
     -0.424      0.182     5.6718     94.965     37.513  35.891608   265.8129      8.627    93.0743 1.6871e+03    69.7141     -0.416     -0.602    23.1932   997.5147 0.0000e+00
     -0.382      0.174     5.6824     95.195     37.825  36.162687   260.3304      8.680    95.7432 1.6866e+03    68.3667     -0.382     -0.554    23.0731   997.5420 0.0000e+00
     -0.328      0.159     5.6910     95.528     38.404  36.701956   194.2164      8.708    97.8531 1.6681e+03    51.5914     -0.325     -0.471    22.9819   997.5615 0.0000e+00
     -0.272      0.140     5.7031     95.911     39.010  37.271562    72.9325      8.739   100.0000 1.6642e+03    20.7989     -0.258     -0.374    22.8878   997.5834 0.0000e+00
     -0.234      0.120     5.7160     96.304     39.221  37.465190     6.7895      8.775   102.5995 1.6577e+03     4.0231     -0.222     -0.322    22.8217   997.5993 0.0000e+00
     -0.216      0.095     5.7331     96.665     39.416  37.646977     0.7948      8.799   104.7634 1.4804e+03     2.5333     -0.210     -0.305    22.7931   997.6062 0.0000e+00
     -0.206      0.070     5.7570     96.945     39.264  37.502154     0.2517      8.799   105.7724 1.3057e+03     2.4082     -0.203     -0.294    22.7768   997.6102 0.0000e+00
     -0.194      0.050     5.7813     97.131     38.253  36.539023     0.1941      8.789   106.6245 1.4629e+03     2.3727     -0.191     -0.278    22.7649   997.6134 0.0000e+00
     -0.182      0.039     5.8074     97.251     37.318  35.647865     0.1739      8.781   107.5806 1.6669e+03     2.3445     -0.177     -0.258    22.7558   997.6155 0.0000e+00
     -0.172      0.034     5.8308     97.262     36.549  34.913576     0.1697      8.775   108.1268 1.7077e+03     2.3422     -0.167     -0.243    22.7489   997.6173 0.0000e+00
     -0.166      0.030     5.8490     97.150     35.468  33.879330     0.1820      8.769   108.8411 1.7066e+03     2.3449     -0.163     -0.237    22.7482   997.6176 0.0000e+00
     -0.160      0.025     5.8569     96.929     34.659  33.104927     0.1886      8.763   109.8504 1.6940e+03     2.3429     -0.158     -0.229    22.7544   997.6156 0.0000e+00
     -0.154      0.020     5.8658     96.403     34.390  32.847222     0.1833      8.762   110.3493 1.6751e+03     2.3522     -0.150     -0.217    22.7573   997.6147 0.0000e+00
     -0.149      0.016     5.8685     95.532     34.335  32.793804     0.1657      8.768   110.5703 1.6636e+03     2.3545     -0.146     -0.212    22.7571   997.6147 0.0000e+00
     -0.145      0.015     5.8568     94.664     34.251  32.712858     0.1564      8.783   111.3179 1.6666e+03     2.3026     -0.142     -0.206    22.7552   997.6146 0.0000e+00
     -0.143      0.018     5.8520     93.977     34.100  32.566420     0.1667      8.797   112.6778 1.6722e+03     2.2049     -0.139     -0.202    22.7508   997.6153 0.0000e+00
     -0.142      0.023     5.8248     93.339     34.080  32.545962     0.1747      8.789   113.9350 1.6782e+03     2.1339     -0.139     -0.201    22.7516   997.6151 0.0000e+00
     -0.140      0.030     5.7575     92.544     34.129  32.592393     0.1687      8.761   114.7311 1.6831e+03     2.0964     -0.139     -0.201    22.7523   997.6149 0.0000e+00
     -0.132      0.039     5.7033     91.569     34.093  32.556779     0.2182      8.721   115.5929 1.6837e+03     2.0958     -0.133     -0.193    22.7482   997.6159 0.0000e+00
     -0.117      0.046     5.6665     90.707     34.164  32.622939     0.3340      8.668   116.3534 1.6660e+03     2.1268     -0.116     -0.167    22.7440   997.6169 0.0000e+00
     -0.099      0.050     5.6327     90.210     34.241  32.694407     0.3855      8.609   116.6981 1.4458e+03     2.0934     -0.095     -0.138    22.7427   997.6173 0.0000e+00
     -0.083      0.048     5.5884     90.101     34.011  32.469185     0.3654      8.566   117.0073 1.0687e+03     2.0353     -0.081     -0.118    22.7432   997.6173 0.0000e+00
     -0.068      0.040     5.5189     90.216     33.586  32.056965     0.3581      8.543   117.5972 9.7332e+02     2.0417     -0.065     -0.094    22.7408   997.6179 0.0000e+00
     -0.058      0.030     5.4624     90.336     33.292  31.770842     0.3731      8.530   118.0662 1.1642e+03     2.1364     -0.054     -0.079    22.7386   997.6185 0.0000e+00
     -0.054      0.020     5.4319     90.318     33.196  31.674401     0.3844      8.518   118.2037 1.2957e+03     2.2882     -0.052     -0.076    22.7364   997.6191 0.0000e+00
     -0.053      0.011     5.4305     90.026     33.177  31.652227     0.3808      8.509   118.4857 1.2850e+03     2.3661     -0.052     -0.075    22.7282   997.6210 0.0000e+00
     -0.053      0.005     5.4443     89.283     33.156  31.629613     0.3773      8.507   118.9801 1.2940e+03     2.3578     -0.052     -0.076    22.7178   997.6232 0.0000e+00
     -0.053      0.002     5.4545     88.064     33.116  31.591317     0.3510      8.510   119.5352 1.3455e+03     2.3252     -0.052     -0.075    22.7092   997.6251 0.0000e+00
     -0.052      0.001     5.4564     86.659     33.092  31.569852     0.2917      8.515   120.2070 1.3208e+03     2.3149     -0.051     -0.074    22.7017   997.6269 0.0000e+00
     -0.052      0.001     5.4442     85.469     33.081  31.560410     0.2609      8.523   120.7359 1.3006e+03     2.3703     -0.051     -0.074    22.6963   997.6281 0.0000e+00
     -0.052      0.001     5.4023     84.821     33.057  31.540607     0.2654      8.533   120.8542 1.3072e+03     2.4116     -0.051     -0.074    22.6931   997.6289 0.0000e+00
     -0.052      0.001     5.3203     84.847     33.034  31.520754     0.2883      8.544   121.0349 1.2438e+03     2.3333     -0.051     -0.074    22.6921   997.6291 0.0000e+00
     -0.052      0.001     5.2264     85.399     33.022  31.510699     0.3382      8.553   121.4574 1.1716e+03     2.2133     -0.051     -0.074    22.6939   997.6287 0.0000e+00
     -0.052      0.001     5.1471     86.187     32.993  31.482485     0.3732      8.556   121.7476 1.2070e+03     2.1281     -0.050     -0.073    22.6971   997.6279 0.0000e+00
     -0.052      0.000     5.1038     87.051     32.943  31.433395     0.3769      8.553   121.7906 1.2745e+03     2.0586     -0.051     -0.073    22.7008   997.6270 0.0000e+00
     -0.052 1.8966e-08     5.1089     87.960     32.935  31.424695     0.4029      8.547   122.1489 1.2491e+03     2.0598     -0.051     -0.074    22.7043   997.6262 0.0000e+00
     -0.051 2.0863e-07     5.1503     88.834     32.950  31.440737     0.4669      8.539   122.9830 1.2125e+03     2.1074     -0.050     -0.072    22.7068   997.6256 0.0000e+00
     -0.051 2.4589e-07     5.2009     89.528     32.941  31.437029     0.5121      8.533   123.4430 1.2016e+03     2.1199     -0.050     -0.072    22.7073   997.6255 0.0000e+00
     -0.051 4.6942e-07     5.2525     89.948     32.943  31.443307     0.5205      8.529   123.5815 1.1883e+03     2.1073     -0.051     -0.073    22.7036   997.6264 0.0000e+00
     -0.051      0.000     5.3093     90.082     32.950  31.453204     0.5494      8.526   123.7108 1.2012e+03     2.1608     -0.050     -0.073    22.6996   997.6272 0.0000e+00
     -0.051      0.000     5.3661     90.039     32.924  31.429813     0.6131      8.524   123.8875 1.2154e+03     2.2869     -0.050     -0.073    22.7034   997.6263 0.0000e+00
     -0.051      0.001     5.4085     90.020     32.906  31.414268     0.6606      8.519   124.6000 1.2315e+03     2.3610     -0.050     -0.072    22.7117   997.6244 0.0000e+00
     -0.051      0.002     5.4339     90.064     32.949  31.455584     0.6766      8.510   125.5290 1.2474e+03     2.3703     -0.050     -0.072    22.7183   997.6229 0.0000e+00
     -0.051      0.003     5.4398     89.993     32.980  31.485252     0.6633      8.498   125.8270 1.2228e+03     2.3658     -0.051     -0.073    22.7229   997.6218 0.0000e+00
     -0.050      0.004     5.4302     89.666     32.949  31.455767     0.5765      8.487   125.7075 1.2044e+03     2.3066     -0.049     -0.071    22.7255   997.6212 0.0000e+00
     -0.048      0.005     5.4279     89.098     32.909  31.416303     0.4473      8.480   125.5474 1.2309e+03     2.2037     -0.047     -0.068    22.7270   997.6209 0.0000e+00
     -0.046      0.006     5.4362     88.343     32.882  31.388752     0.3883      8.478   125.1818 1.2220e+03     2.1511     -0.046     -0.066    22.7284   997.6206 0.0000e+00
     -0.045      0.007     5.4354     87.473     32.870  31.376425     0.3879      8.477   124.9867 1.1693e+03     2.1167     -0.044     -0.064    22.7296   997.6203 0.0000e+00
     -0.043      0.007     5.4141     86.623     32.890  31.394140     0.4037      8.471   125.4260 1.1653e+03     2.1313     -0.043     -0.062    22.7289   997.6205 0.0000e+00
     -0.042      0.007     5.3792     85.988     32.909  31.412615     0.4372      8.459   126.1910 1.2114e+03     2.2595     -0.041     -0.059    22.7255   997.6213 0.0000e+00
     -0.039      0.006     5.3328     85.718     32.905  31.409480     0.4582      8.440   126.6638 1.2179e+03     2.3961     -0.038     -0.056    22.7230   997.6218 0.0000e+00
     -0.037      0.005     5.2778     85.828     32.915  31.419667     0.4675      8.411   126.6696 1.2123e+03     2.4441     -0.036     -0.051    22.7217   997.6221 0.0000e+00
     -0.036      0.004     5.2215     86.191     32.969  31.472348     0.5019      8.377   126.6056 1.2366e+03     2.3939     -0.035     -0.050    22.7209   997.6223 0.0000e+00
     -0.036      0.004     5.1797     86.615     33.038  31.538896     0.5587      8.342   126.9217 1.2047e+03     2.3720     -0.035     -0.051    22.7208   997.6224 0.0000e+00
     -0.036      0.004     5.1633     86.951     33.090  31.589856     0.5917      8.307   127.2230 1.1388e+03     2.4197     -0.035     -0.050    22.7211   997.6223 0.0000e+00
     -0.035      0.004     5.1722     87.038     33.145  31.644406     0.6054      8.274   127.3226 1.0938e+03     2.4220     -0.035     -0.050    22.7221   997.6221 0.0000e+00
     -0.034      0.004     5.1999     86.789     33.190  31.690901     0.6570      8.245   127.6960 1.0834e+03     2.2970     -0.033     -0.048    22.7237   997.6217 0.0000e+00
     -0.031      0.004     5.2264     86.238     33.205  31.707916     0.7399      8.220   128.2104 1.1392e+03     2.1098     -0.030     -0.044    22.7256   997.6213 0.0000e+00
     -0.029      0.004     5.2513     85.422     33.218  31.723241     0.7876      8.199   128.5514 1.1814e+03     2.0466     -0.028     -0.041    22.7278   997.6208 0.0000e+00
     -0.029      0.003     5.2588     84.400     33.243  31.749320     0.7943      8.181   128.8077 1.1532e+03     2.0821     -0.028     -0.040    22.7314   997.6200 0.0000e+00
     -0.029      0.002     5.2403     83.244     33.262  31.769455     0.7355      8.163   128.8133 1.1458e+03     2.0922     -0.028     -0.041    22.7362   997.6189 0.0000e+00
     -0.028      0.001     5.2075     82.067     33.267  31.776367     0.6106      8.143   128.4473 1.1645e+03     2.1009     -0.027     -0.040    22.7409   997.6178 0.0000e+00
     -0.028      0.001     5.1553     80.947     33.258  31.769444     0.5238      8.123   128.2551 1.1545e+03     2.1529     -0.028     -0.040    22.7452   997.6168 0.0000e+00
     -0.028      0.001     5.0932     79.890     33.235  31.749204     0.5063      8.107   128.4678 1.1477e+03     2.2054     -0.027     -0.039    22.7487   997.6160 0.0000e+00
     -0.028      0.001     5.0196     78.900     33.205  31.721981     0.5033      8.096   128.8674 1.1357e+03     2.1873     -0.027     -0.039    22.7518   997.6152 0.0000e+00
     -0.027      0.000     4.9464     77.982     33.174  31.694075     0.4594      8.089   129.2151 1.1188e+03     2.1397     -0.027     -0.039    22.7548   997.6146 0.0000e+00
     -0.027 2.2016e-08     4.8796     77.102     33.143  31.665562     0.3959      8.086   129.1449 1.1405e+03     2.1107     -0.026     -0.038    22.7575   997.6139 0.0000e+00
     -0.027 2.4218e-07     4.8152     76.259     33.106  31.631013     0.3743      8.087   128.8792 1.1940e+03     2.0767     -0.027     -0.039    22.7601   997.6133 0.0000e+00
