Data/DataNotYetUploadedToEDI/Raw_CTD/RawDownloads/062518_fcr45.cnv
* Sea-Bird SBE19plus  Data File:
* FileName = C:\DATA\062518_fcr_0004.hex
* Software version 2.6.3.104
* Temperature SN = 7809
* Conductivity SN = 7809
* System UpLoad Time = Jun 25 2018 17:14:01
* <ApplicationData>
* <Seaterm232>
# nquan = 17
# nvalues = 613                         
# units = specified
# name 0 = depFM: Depth [fresh water, m]
# name 1 = tv290C: Temperature [ITS-90, deg C]
# name 2 = sbeox0Mg/L: Oxygen, SBE 43 [mg/l]
# name 3 = sbeox0PS: Oxygen, SBE 43 [% saturation]
# name 4 = c0uS/cm: Conductivity [uS/cm]
# name 5 = specc: Specific Conductance [uS/cm]
# name 6 = ph: pH
# name 7 = orp: Oxidation Reduction Potential [mV]
# name 8 = flECO-AFL: Fluorescence, WET Labs ECO-AFL/FL [mg/m^3]
# name 9 = turbWETntu0: Turbidity, WET Labs ECO [NTU]
# name 10 = sal00: Salinity, Practical [PSU]
# name 11 = dz/dtM: Descent Rate [m/s]
# name 12 = prdM: Pressure, Strain Gauge [db]
# name 13 = prdE: Pressure, Strain Gauge [psi]
# name 14 = scan: Scan Count
# name 15 = par/sat/log: PAR/Logarithmic, Satlantic
# name 16 = flag:  0.000e+00
# span 0 =     -0.538,      7.159       
# span 1 =    10.8067,    26.2853       
# span 2 =     3.1158,    11.8272       
# span 3 =     28.767,    137.947       
# span 4 =   0.217343,  34.619488       
# span 5 =      0.960,     45.414       
# span 6 =      6.325,      8.261       
# span 7 =  -659.7124,  1240.2295       
# span 8 =    -0.2224,     7.2422       
# span 9 =    -0.3183,     3.8444       
# span 10 =     0.0112,     0.0238      
# span 11 =     -0.142,      0.262      
# span 12 =     -0.526,      7.020      
# span 13 =     -0.763,     10.182      
# span 14 =          1,        613      
# span 15 = 2.9423e-01, 5.4249e+02      
# span 16 = 0.0000e+00, 0.0000e+00      
# interval = seconds: 0.25
# start_time = Jun 25 2018 16:27:22 [Instrument's time stamp, header]
# bad_flag = -9.990e-29
*END*
     -0.536    23.3317     7.8322     92.175   0.944589      0.960      6.476  -318.8079    -0.1617     0.0845     0.0112      0.000     -0.525     -0.761          1 1.1090e+02 0.0000e+00
     -0.534    23.3315     7.7078     92.081   1.197069      1.249      6.500  -347.2765    -0.1941     0.0174     0.0112      0.000     -0.524     -0.760          2 1.0812e+02 0.0000e+00
     -0.534    23.3325     7.6049     92.141   1.314237      1.364      6.516  -375.5937    -0.1860     0.0308     0.0113      0.001     -0.523     -0.759          3 1.0090e+02 0.0000e+00
     -0.534    23.3320     7.5545     92.379   1.420527      1.451      6.529  -408.9460    -0.1941    -0.2243     0.0113      0.001     -0.523     -0.759          4 8.4559e+01 0.0000e+00
     -0.533    23.3343     7.5436     92.727   1.420082      1.508      6.549  -446.6139    -0.1658    -0.2780     0.0113      0.002     -0.523     -0.759          5 8.7038e+01 0.0000e+00
     -0.533    23.3322     7.5623     93.223   1.581260      1.566      6.565  -498.5162    -0.2224    -0.1706     0.0113      0.002     -0.523     -0.759          6 1.0445e+02 0.0000e+00
     -0.534    23.3374     7.5824     93.632   1.190338      1.364      6.576  -539.7428    -0.1941    -0.1706     0.0113      0.001     -0.524     -0.760          7 1.3223e+02 0.0000e+00
     -0.536    23.3301     7.6123     94.105   1.492073      1.306      6.589  -581.3479    -0.1536    -0.2243     0.0113      0.000     -0.525     -0.762          8 1.7100e+02 0.0000e+00
     -0.537    23.3429     7.6414     94.512   0.880073      1.306      6.596  -590.6229    -0.1860    -0.2914     0.0113     -0.001     -0.526     -0.763          9 2.1469e+02 0.0000e+00
     -0.537    23.3228     7.6676     94.852   1.951961      1.364      6.609  -618.8644    -0.1698    -0.3183     0.0113     -0.002     -0.526     -0.763         10 2.4729e+02 0.0000e+00
     -0.538    23.5271     7.6769     94.965   0.217343      1.306      6.620  -659.7124    -0.1941    -0.1303     0.0113     -0.002     -0.516     -0.749         11 2.8582e+02 0.0000e+00
     -0.515    24.2808     7.6769     94.947   3.808580      2.114      6.734  1240.2295    -0.1819    -0.3049     0.0114      0.003     -0.457     -0.663         12 3.5120e+02 0.0000e+00
     -0.324    25.0611     7.6686     94.807  15.224302     17.790      7.424   141.1956     0.2184     0.2054     0.0164      0.057     -0.333     -0.484         13 4.0319e+02 0.0000e+00
     -0.193    25.5514     7.6534     94.588  21.021596     19.313      7.762   141.0820     0.2184     0.2457     0.0173      0.133     -0.217     -0.315         14 4.2758e+02 0.0000e+00
     -0.150    25.8461     7.6368     94.374  31.114061     32.747      7.908   140.2113     0.2386     0.2322     0.0228      0.197     -0.156     -0.227         15 4.3167e+02 0.0000e+00
     -0.128    25.9992     7.6093     94.048  34.619488     33.251      7.974   145.0949     0.2063     0.2591     0.0231      0.241     -0.129     -0.188         16 4.3051e+02 0.0000e+00
     -0.116    26.0983     7.5896     93.825  32.963500     33.009      7.993   143.3913     1.8763     1.8839     0.0231      0.262     -0.114     -0.165         17 4.4308e+02 0.0000e+00
     -0.102    26.1561     7.5695     93.579  33.886465     32.853      8.007   143.2399     1.8642     1.9107     0.0231      0.258     -0.101     -0.147         18 4.4434e+02 0.0000e+00
     -0.093    26.1855     7.5658     93.519  33.174247     32.682      8.019   143.6563     1.8925     2.0047     0.0230      0.229     -0.091     -0.131         19 4.4629e+02 0.0000e+00
     -0.080    26.1938     7.5805     93.709  33.493940     32.589      8.032   144.9435     1.9005     1.9107     0.0230      0.173     -0.078     -0.112         20 4.5773e+02 0.0000e+00
     -0.061    26.1940     7.6805     94.970  33.251349     32.571      8.037   145.5870     1.9410     2.1659     0.0230      0.100     -0.066     -0.096         21 4.4485e+02 0.0000e+00
     -0.063    26.1826     7.7347     95.660  33.327862     32.484      8.052   146.0792     1.9450     2.1390     0.0230      0.059     -0.065     -0.095         22 4.4001e+02 0.0000e+00
     -0.074    26.1621     7.7697     96.108  33.220792     32.484      8.063   147.4042     1.9046     2.1122     0.0230      0.041     -0.077     -0.112         23 4.4520e+02 0.0000e+00
     -0.099    26.1439     7.7939     96.416  33.177018     32.382      8.070   147.8963     1.9369     2.2062     0.0229      0.023     -0.098     -0.142         24 4.5759e+02 0.0000e+00
     -0.128    26.1389     7.8160     96.698  33.085802     32.340      8.080   149.1456     1.9491     1.7228     0.0229      0.001     -0.118     -0.171         25 4.6997e+02 0.0000e+00
     -0.133    26.1464     7.7866     96.354  33.156391     32.407      8.086   150.0921     1.9369     1.7362     0.0229     -0.018     -0.125     -0.181         26 4.7109e+02 0.0000e+00
     -0.122    26.1582     7.7616     96.066  33.148486     32.410      8.093   154.5592     1.9652     1.7899     0.0229     -0.029     -0.118     -0.172         27 4.7440e+02 0.0000e+00
     -0.109    26.1591     7.7077     95.429  33.214258     32.459      8.102   151.8713     1.9531     1.6153     0.0229     -0.032     -0.105     -0.153         28 4.8451e+02 0.0000e+00
     -0.091    26.1518     7.6437     94.644  33.341423     32.589      8.107   152.1742     1.9369     1.7496     0.0230     -0.025     -0.086     -0.125         29 4.9298e+02 0.0000e+00
     -0.061    26.1561     7.5749     93.780  33.405387     32.642      8.112   152.5149     1.9248     1.8705     0.0230     -0.004     -0.061     -0.088         30 4.9367e+02 0.0000e+00
     -0.033    26.1706     7.5091     92.964  33.401545     32.648      8.114   153.1206     1.9369     1.9913     0.0230      0.025     -0.036     -0.053         31 4.8869e+02 0.0000e+00
     -0.018    26.1824     7.4244     91.927  33.405515     32.644      8.120   153.0071     1.9208     1.9242     0.0230      0.051     -0.020     -0.029         32 4.8699e+02 0.0000e+00
     -0.009    26.1907     7.3309     90.777  33.459753     32.690      8.126   153.3478     1.9288     1.9913     0.0230      0.068     -0.010     -0.015         33 4.6928e+02 0.0000e+00
     -0.004    26.1954     7.2403     89.650  33.482314     32.709      8.129   153.7642     2.0785     2.0182     0.0230      0.071     -0.002     -0.004         34 4.8142e+02 0.0000e+00
      0.005    26.2009     7.1553     88.588  33.466398     32.677      8.135   153.8021     2.0623     2.0047     0.0230      0.067      0.010      0.014         35 4.5334e+02 0.0000e+00
      0.029    26.2114     7.0840     87.711  33.449903     32.674      8.137   153.8021     2.0663     1.9242     0.0230      0.064      0.030      0.044         36 3.0718e+02 0.0000e+00
      0.059    26.2247     7.0388     87.145  33.473184     32.671      8.137   154.7106     2.0623     2.0182     0.0230      0.063      0.055      0.080         37 2.6227e+02 0.0000e+00
      0.081    26.2408     7.0255     86.961  33.378113     32.609      8.138   155.1271     2.0744     1.9779     0.0230      0.062      0.073      0.106         38 2.8211e+02 0.0000e+00
      0.083    26.2463     7.0366     87.083  33.242015     32.410      8.143   155.0514     2.0704     1.9645     0.0229      0.061      0.079      0.115         39 2.8135e+02 0.0000e+00
      0.079    26.2394     7.0588     87.351  33.405315     32.617      8.151   155.8842     2.0785     1.7899     0.0230      0.058      0.083      0.120         40 2.8130e+02 0.0000e+00
      0.094    26.2385     7.0855     87.672  33.471427     32.641      8.153   156.1871     2.0542     1.9779     0.0230      0.057      0.096      0.139         41 2.5949e+02 0.0000e+00
      0.121    26.2450     7.1477     88.447  33.396973     32.592      8.151   157.2092     2.1674     1.8167     0.0230      0.058      0.119      0.172         42 2.5835e+02 0.0000e+00
      0.148    26.2497     7.2519     89.746  33.349700     32.538      8.147   158.6099     2.1310     1.7362     0.0230      0.060      0.145      0.210         43 2.6316e+02 0.0000e+00
      0.174    26.2460     7.3754     91.279  33.263366     32.451      8.145   159.1778     2.1512     1.6422     0.0230      0.061      0.172      0.249         44 2.7765e+02 0.0000e+00
      0.207    26.2414     7.4805     92.574  33.267177     32.449      8.146   159.7078     2.1108     1.7630     0.0230      0.068      0.200      0.289         45 2.9467e+02 0.0000e+00
      0.229    26.2438     7.5391     93.301  33.255995     32.451      8.143   161.0707     2.1391     1.9510     0.0230      0.079      0.220      0.319         46 3.0640e+02 0.0000e+00
      0.238    26.2401     7.5557     93.513  33.277284     32.454      8.147   160.8057     2.1310     1.9376     0.0230      0.088      0.228      0.331         47 3.1252e+02 0.0000e+00
      0.231    26.2276     7.5119     92.968  33.388956     32.588      8.155   173.8664     2.1553     1.8436     0.0230      0.086      0.220      0.320         48 3.3503e+02 0.0000e+00
      0.206    26.2184     7.4410     92.081  33.472875     32.646      8.163   164.4400     2.1189     1.9107     0.0230      0.066      0.195      0.283         49 3.6108e+02 0.0000e+00
      0.159    26.2130     7.3274     90.666  33.499049     32.708      8.168   164.6292     2.1108     1.9913     0.0231      0.031      0.154      0.224         50 4.0597e+02 0.0000e+00
      0.107    26.2084     7.1980     89.054  33.475004     32.660      8.174   177.8793     2.1957     1.9107     0.0230     -0.014      0.110      0.160         51 4.2021e+02 0.0000e+00
      0.074    26.2109     7.0694     87.453  33.413839     32.635      8.175   172.0871     2.2079     1.9645     0.0230     -0.057      0.072      0.104         52 4.5214e+02 0.0000e+00
      0.037    26.2179     6.9711     86.226  33.278627     32.475      8.175   172.8821     2.1755     1.9913     0.0230     -0.097      0.036      0.052         53 5.3697e+02 0.0000e+00
     -0.002    26.2194     6.8975     85.305  33.257766     32.473      8.175   177.8414     2.1634     1.9510     0.0230     -0.127      0.003      0.005         54 5.0494e+02 0.0000e+00
     -0.025    26.2165     6.8460     84.657  33.350834     32.551      8.180   181.2107     2.0785     1.7899     0.0230     -0.142     -0.019     -0.027         55 5.0294e+02 0.0000e+00
     -0.032    26.2180     6.8026     84.114  33.340730     32.549      8.187   182.8007     2.0623     1.6690     0.0230     -0.140     -0.028     -0.041         56 5.1191e+02 0.0000e+00
     -0.029    26.2217     6.7634     83.618  33.270341     32.470      8.194   182.7629     2.0380     1.7093     0.0230     -0.121     -0.029     -0.042         57 4.8993e+02 0.0000e+00
     -0.028    26.2201     6.7222     83.094  33.201197     32.414      8.199   184.7693     2.0825     1.6825     0.0229     -0.093     -0.027     -0.040         58 5.0212e+02 0.0000e+00
     -0.027    26.2144     6.6844     82.614  33.159888     32.357      8.204   184.9964     2.0744     1.8705     0.0229     -0.065     -0.026     -0.038         59 4.9467e+02 0.0000e+00
     -0.026    26.2080     6.6455     82.125  33.143823     32.358      8.205   187.4193     2.0825     1.9645     0.0229     -0.042     -0.026     -0.038         60 5.0393e+02 0.0000e+00
     -0.026    26.2020     6.6085     81.660  33.161884     32.362      8.207   186.2079     2.0946     1.8705     0.0229     -0.021     -0.026     -0.038         61 5.0275e+02 0.0000e+00
     -0.027    26.1955     6.5742     81.226  33.137415     32.366      8.213   185.8672     2.0623     1.8705     0.0229     -0.006     -0.026     -0.038         62 5.0162e+02 0.0000e+00
     -0.027    26.1888     6.5322     80.695  33.114968     32.315      8.213   187.2679     1.9491     1.9779     0.0229      0.001     -0.026     -0.038         63 5.0056e+02 0.0000e+00
     -0.028    26.1819     6.4880     80.136  33.130514     32.374      8.213   186.4729     1.9329     1.9510     0.0229      0.002     -0.027     -0.038         64 4.9851e+02 0.0000e+00
     -0.028    26.1749     6.4458     79.604  33.058765     32.269      8.217   185.7914     1.9288     1.9645     0.0229      0.000     -0.027     -0.038         65 4.9964e+02 0.0000e+00
     -0.026    26.1696     6.4091     79.142  33.026338     32.273      8.219   186.7000     1.9693     1.9645     0.0229      0.000     -0.027     -0.038         66 4.9821e+02 0.0000e+00
     -0.027    26.1631     6.3787     78.760  33.052256     32.278      8.221   186.8893     1.9895     1.9242     0.0229     -0.000     -0.028     -0.039         67 4.9993e+02 0.0000e+00
     -0.030    26.1534     6.3326     78.185  33.026512     32.281      8.221   187.1922     2.0097     2.0047     0.0229     -0.001     -0.029     -0.042         68 5.0225e+02 0.0000e+00
     -0.032    26.1448     6.2910     77.663  32.999069     32.230      8.225   187.6086     1.9976     1.9913     0.0228     -0.002     -0.031     -0.045         69 5.0482e+02 0.0000e+00
     -0.033    26.1391     6.2478     77.115  33.027104     32.291      8.227   188.2143     2.0138     2.0316     0.0229     -0.003     -0.032     -0.046         70 5.0636e+02 0.0000e+00
     -0.032    26.1334     6.2114     76.651  32.991628     32.242      8.227   188.7065     2.0057     1.8436     0.0228     -0.003     -0.031     -0.045         71 5.0909e+02 0.0000e+00
     -0.030    26.1263     6.1771     76.219  32.983916     32.246      8.228   188.4036     2.0785     1.9107     0.0228     -0.003     -0.030     -0.043         72 5.1104e+02 0.0000e+00
     -0.029    26.1185     6.1491     75.863  32.977397     32.249      8.228   188.3279     2.0866     1.8302     0.0228     -0.002     -0.030     -0.043         73 5.1466e+02 0.0000e+00
     -0.032    26.1100     6.1137     75.416  32.940435     32.199      8.231   188.2143     2.0704     1.9107     0.0228     -0.002     -0.031     -0.045         74 5.1795e+02 0.0000e+00
     -0.033    26.1022     6.0888     75.097  32.970611     32.258      8.231   187.7600     2.0623     1.9376     0.0228     -0.001     -0.032     -0.046         75 5.2147e+02 0.0000e+00
     -0.032    26.0961     6.0615     74.748  32.939848     32.209      8.233   188.4793     2.0785     1.6556     0.0228     -0.001     -0.032     -0.046         76 5.2735e+02 0.0000e+00
     -0.032    26.0919     6.0393     74.463  32.919413     32.214      8.234   187.6843     2.0623     1.6422     0.0228     -0.000     -0.031     -0.045         77 5.3022e+02 0.0000e+00
     -0.031    26.0879     6.0120     74.120  32.877430     32.163      8.236   187.6843     2.0866     1.6959     0.0228      0.000     -0.031     -0.044         78 5.3041e+02 0.0000e+00
     -0.031    26.0813     5.9877     73.818  32.873484     32.166      8.237   187.3436     2.0906     1.7362     0.0228     -0.000     -0.030     -0.043         79 5.3153e+02 0.0000e+00
     -0.031    26.0711     5.9543     73.403  32.865018     32.168      8.238   188.4415     2.1351     1.7630     0.0228     -0.000     -0.030     -0.043         80 5.3129e+02 0.0000e+00
     -0.031    26.0612     5.9318     73.114  32.887968     32.173      8.239   190.2965     2.1229     1.7362     0.0228      0.000     -0.030     -0.043         81 5.2839e+02 0.0000e+00
     -0.030    26.0535     5.9074     72.804  32.904234     32.234      8.240   190.2207     2.1391     1.6690     0.0228      0.001     -0.029     -0.043         82 5.2550e+02 0.0000e+00
     -0.030    26.0461     5.8915     72.602  32.815125     32.103      8.239   186.9272     2.1512     1.7093     0.0228      0.001     -0.029     -0.043         83 5.2514e+02 0.0000e+00
     -0.030    26.0384     5.8768     72.422  32.850598     32.190      8.242   188.5172     2.1432     1.8570     0.0228      0.001     -0.029     -0.042         84 5.2532e+02 0.0000e+00
     -0.028    26.0301     5.8613     72.229  32.800786     32.113      8.241   184.3529     2.1634     1.8705     0.0228      0.001     -0.028     -0.041         85 5.2466e+02 0.0000e+00
