Data/DataNotYetUploadedToEDI/Raw_CTD/RawDownloads/062518_fcr45.cnv
* Sea-Bird SBE19plus  Data File:
* FileName = C:\DATA\062518_fcr_0004.hex
* Software version 2.6.3.104
* Temperature SN = 7809
* Conductivity SN = 7809
* System UpLoad Time = Jun 25 2018 17:14:01
* <ApplicationData>
* <Seaterm232>
# nquan = 17
# nvalues = 613                         
# units = specified
# name 0 = depFM: Depth [fresh water, m]
# name 1 = tv290C: Temperature [ITS-90, deg C]
# name 2 = sbeox0Mg/L: Oxygen, SBE 43 [mg/l]
# name 3 = sbeox0PS: Oxygen, SBE 43 [% saturation]
# name 4 = c0uS/cm: Conductivity [uS/cm]
# name 5 = specc: Specific Conductance [uS/cm]
# name 6 = ph: pH
# name 7 = orp: Oxidation Reduction Potential [mV]
# name 8 = flECO-AFL: Fluorescence, WET Labs ECO-AFL/FL [mg/m^3]
# name 9 = turbWETntu0: Turbidity, WET Labs ECO [NTU]
# name 10 = sal00: Salinity, Practical [PSU]
# name 11 = dz/dtM: Descent Rate [m/s]
# name 12 = prdM: Pressure, Strain Gauge [db]
# name 13 = prdE: Pressure, Strain Gauge [psi]
# name 14 = scan: Scan Count
# name 15 = par/sat/log: PAR/Logarithmic, Satlantic
# name 16 = flag:  0.000e+00
# span 0 =     -0.538,      7.159       
# span 1 =    10.8067,    26.2853       
# span 2 =     3.1158,    11.8272       
# span 3 =     28.767,    137.947       
# span 4 =   0.217343,  34.619488       
# span 5 =      0.960,     45.414       
# span 6 =      6.325,      8.261       
# span 7 =  -659.7124,  1240.2295       
# span 8 =    -0.2224,     7.2422       
# span 9 =    -0.3183,     3.8444       
# span 10 =     0.0112,     0.0238      
# span 11 =     -0.142,      0.262      
# span 12 =     -0.526,      7.020      
# span 13 =     -0.763,     10.182      
# span 14 =          1,        613      
# span 15 = 2.9423e-01, 5.4249e+02      
# span 16 = 0.0000e+00, 0.0000e+00      
# interval = seconds: 0.25
# start_time = Jun 25 2018 16:27:22 [Instrument's time stamp, header]
# bad_flag = -9.990e-29
*END*
[from data line 256]
      0.920    26.1374     8.5716    105.388  33.414402     32.656      8.056   219.0301     3.1096     1.9913     0.0230      0.068      0.903      1.309        257 1.3644e+02 0.0000e+00
      0.929    26.1365     8.6368    106.047  33.450493     32.711      8.052   218.1215     3.1015     1.9107     0.0230      0.063      0.913      1.325        258 1.3350e+02 0.0000e+00
      0.945    26.1324     8.7295    107.037  33.405275     32.656      8.046   218.8408     3.1217     1.9913     0.0230      0.059      0.927      1.345        259 1.3057e+02 0.0000e+00
      0.962    26.1237     8.9117    109.069  33.352058     32.602      8.042   217.9701     3.1096     1.9645     0.0230      0.055      0.943      1.368        260 1.2762e+02 0.0000e+00
      0.978    26.1092     9.2214    112.667  33.368451     32.632      8.036   218.0080     3.1298     1.9913     0.0230      0.053      0.959      1.391        261 1.2514e+02 0.0000e+00
      0.994    26.1007     9.5364    116.392  33.414530     32.665      8.028   218.1215     3.1298     1.8705     0.0230      0.053      0.974      1.412        262 1.2324e+02 0.0000e+00
      1.006    26.0984     9.8321    119.868  33.442987     32.729      8.020   218.4244     3.0934     1.8705     0.0230      0.054      0.988      1.432        263 1.2087e+02 0.0000e+00
      1.021    26.0777    10.1080    123.141  33.422006     32.680      8.015   218.8408     3.1015     1.8705     0.0230      0.056      1.001      1.452        264 1.1909e+02 0.0000e+00
      1.035    26.0327    10.3075    125.579  33.559265     32.845      8.010   219.1437     3.0651     1.9779     0.0231      0.058      1.016      1.474        265 1.1712e+02 0.0000e+00
      1.053    25.9541    10.4414    127.212  33.687338     32.968      8.008   219.6737     3.0328     1.9376     0.0231      0.060      1.034      1.500        266 1.1399e+02 0.0000e+00
      1.077    25.8587    10.5299    128.253  33.855726     33.161      8.000   220.1658     3.0772     1.9242     0.0232      0.062      1.055      1.530        267 1.1176e+02 0.0000e+00
      1.096    25.7836    10.5545    128.446  34.091108     33.459      7.998   219.9765     3.0611     1.9107     0.0233      0.064      1.076      1.560        268 1.0945e+02 0.0000e+00
      1.119    25.7079    10.5350    128.046  34.165481     33.578      7.991   220.2415     3.2996     2.2062     0.0233      0.068      1.099      1.594        269 1.0578e+02 0.0000e+00
      1.147    25.6068    10.5007    127.417  34.297009     33.764      7.981   220.8473     3.3158     2.2062     0.0234      0.075      1.124      1.629        270 1.0319e+02 0.0000e+00
      1.169    25.5149    10.4505    126.621  34.283328     33.815      7.967   221.4530     3.3158     2.0182     0.0234      0.081      1.146      1.661        271 1.0167e+02 0.0000e+00
      1.188    25.4546    10.4101    126.019  34.182546     33.744      7.961   221.5287     3.2835     2.1927     0.0233      0.085      1.165      1.688        272 9.9877e+01 0.0000e+00
      1.206    25.3952    10.4066    125.942  34.274198     33.945      7.962   221.7937     3.5261     2.0853     0.0234      0.086      1.181      1.712        273 9.8295e+01 0.0000e+00
      1.219    25.3563    10.4322    126.249  34.317588     33.984      7.968   222.0208     3.5948     2.0719     0.0234      0.084      1.194      1.732        274 9.7459e+01 0.0000e+00
      1.229    25.3570    10.4685    126.690  34.276858     34.025      7.976   222.2858     3.5787     2.1122     0.0234      0.078      1.204      1.746        275 9.6840e+01 0.0000e+00
      1.235    25.3592    10.5012    127.023  34.235944     33.969      7.981   222.5887     3.5706     2.0719     0.0233      0.070      1.211      1.756        276 9.6527e+01 0.0000e+00
      1.241    25.3417    10.5361    127.230  34.338865     34.105      7.987   223.2701     3.2996     1.9242     0.0234      0.059      1.217      1.765        277 9.6129e+01 0.0000e+00
      1.247    25.2976    10.5535    127.221  34.356369     34.105      7.994   223.3837     3.2996     1.9913     0.0234      0.048      1.225      1.778        278 9.4811e+01 0.0000e+00
      1.262    25.2269    10.5537    127.153  34.303129     34.060      8.001   224.4058     3.3118     1.9107     0.0234      0.042      1.239      1.798        279 9.2739e+01 0.0000e+00
      1.283    25.1383    10.5753    127.349  34.286508     34.091      8.004   224.9737     3.3239     1.9645     0.0234      0.040      1.259      1.826        280 9.0661e+01 0.0000e+00
      1.305    25.0579    10.6366    127.891  34.228796     34.055      8.003   226.7530     3.5140     1.9107     0.0233      0.044      1.281      1.858        281 8.8188e+01 0.0000e+00
      1.332    25.0100    10.7024    128.454  34.286015     34.200      7.993   227.2073     3.5099     1.8436     0.0234      0.052      1.305      1.892        282 8.5588e+01 0.0000e+00
      1.355    24.9941    10.7690    128.962  34.304307     34.254      7.984   227.7751     3.5099     1.8436     0.0234      0.063      1.325      1.922        283 8.4444e+01 0.0000e+00
      1.367    24.9929    10.8478    129.611  34.295034     34.287      7.978   226.4880     3.4857     1.9510     0.0234      0.071      1.340      1.943        284 8.3851e+01 0.0000e+00
      1.377    24.9940    10.9371    130.424  34.297577     34.298      7.971   227.1694     3.4816     1.8705     0.0234      0.075      1.353      1.962        285 8.2318e+01 0.0000e+00
      1.395    24.9651    11.0503    131.517  34.301154     34.299      7.971   227.8887     3.2956     2.1122     0.0234      0.075      1.369      1.985        286 8.0648e+01 0.0000e+00
      1.414    24.8754    11.1912    132.847  34.290586     34.298      7.966   227.4723     3.2996     2.2599     0.0234      0.073      1.387      2.011        287 7.9213e+01 0.0000e+00
      1.434    24.7837    11.3296    134.076  34.221763     34.232      7.961   227.3587     3.3158     2.1659     0.0233      0.071      1.406      2.039        288 7.7644e+01 0.0000e+00
      1.453    24.7527    11.4576    135.148  34.149573     34.240      7.953   228.1537     3.3037     2.1122     0.0233      0.068      1.424      2.065        289 7.6528e+01 0.0000e+00
      1.470    24.7228    11.5761    136.151  34.232183     34.359      7.947   228.4566     3.5180     2.2330     0.0233      0.066      1.441      2.090        290 7.5380e+01 0.0000e+00
      1.486    24.6438    11.6668    136.953  34.207961     34.409      7.942   228.9109     3.4857     2.2733     0.0234      0.067      1.457      2.113        291 7.4290e+01 0.0000e+00
      1.501    24.5444    11.7217    137.409  33.972151     34.118      7.939   229.0244     3.4978     2.3002     0.0232      0.069      1.473      2.136        292 7.3421e+01 0.0000e+00
      1.518    24.4257    11.7826    137.792  33.843588     34.119      7.941   228.7216     3.5140     2.3270     0.0232      0.069      1.491      2.162        293 7.1509e+01 0.0000e+00
      1.542    24.3025    11.8249    137.947  33.596951     33.875      7.941   229.1001     4.5855     2.0987     0.0231      0.070      1.512      2.192        294 7.0184e+01 0.0000e+00
      1.561    24.1988    11.8272    137.700  33.448791     33.845      7.935   229.1001     4.5855     2.1122     0.0230      0.070      1.532      2.222        295 6.9043e+01 0.0000e+00
      1.585    24.0922    11.8183    137.303  33.405272     33.872      7.941   229.7437     4.6057     2.1122     0.0230      0.072      1.556      2.257        296 6.6630e+01 0.0000e+00
      1.616    23.9544    11.8188    137.002  33.265656     33.802      7.937   230.0087     4.5653     2.1122     0.0230      0.078      1.584      2.297        297 6.4809e+01 0.0000e+00
      1.644    23.7888    11.7909    136.509  33.029503     33.646      7.936   230.0466     5.7865     2.2867     0.0229      0.085      1.612      2.337        298 6.3028e+01 0.0000e+00
      1.671    23.6164    11.7497    135.935  32.690972     33.371      7.939   230.5009     5.7905     2.2733     0.0227      0.092      1.637      2.375        299 6.1103e+01 0.0000e+00
      1.695    23.4618    11.6919    135.007  32.500859     33.312      7.943   231.1823     5.7501     2.1793     0.0226      0.098      1.661      2.410        300 5.9865e+01 0.0000e+00
      1.717    23.3612    11.6036    133.732  32.406213     33.316      7.943   233.0752     5.7663     2.3404     0.0226      0.100      1.684      2.442        301 5.8356e+01 0.0000e+00
      1.740    23.2836    11.4808    132.188  32.393686     33.422      7.942   234.3623     6.6801     2.6224     0.0226      0.100      1.706      2.474        302 5.6751e+01 0.0000e+00
      1.762    23.1608    11.3477    130.579  32.397901     33.493      7.940   235.0059     6.6761     2.5821     0.0226      0.100      1.728      2.506        303 5.5504e+01 0.0000e+00
      1.785    23.0300    11.2253    129.040  32.193445     33.341      7.939   233.7566     6.6518     2.4747     0.0225      0.097      1.752      2.541        304 5.3751e+01 0.0000e+00
      1.814    22.9249    11.1123    127.505  31.936503     33.139      7.932   234.3623     6.6397     2.5284     0.0224      0.094      1.777      2.578        305 5.2112e+01 0.0000e+00
      1.839    22.8125    11.0283    126.067  31.828130     33.141      7.930   234.9680     6.6397     2.3807     0.0224      0.094      1.801      2.613        306 5.1217e+01 0.0000e+00
      1.858    22.6962    10.9494    124.562  31.676011     33.039      7.926   234.2866     7.0926     2.4479     0.0223      0.093      1.822      2.643        307 5.0148e+01 0.0000e+00
      1.877    22.6318    10.8624    123.045  31.621772     33.058      7.928   235.0059     7.1007     2.5687     0.0223      0.092      1.841      2.670        308 4.9031e+01 0.0000e+00
      1.895    22.5897    10.7547    121.428  31.688113     33.227      7.920   234.2866     7.1088     2.4747     0.0223      0.089      1.859      2.696        309 4.8194e+01 0.0000e+00
      1.914    22.4934    10.6429    119.885  31.623148     33.185      7.914   234.7030     7.1007     2.5150     0.0223      0.087      1.878      2.723        310 4.7225e+01 0.0000e+00
      1.936    22.3932    10.5080    118.155  31.554389     33.152      7.908   234.5516     7.2179     2.2464     0.0222      0.084      1.898      2.752        311 4.6109e+01 0.0000e+00
      1.955    22.3429    10.3804    116.520  31.566143     33.222      7.904   235.1194     7.2422     2.2196     0.0222      0.081      1.916      2.779        312 4.5377e+01 0.0000e+00
      1.970    22.3097    10.2774    115.130  31.549254     33.292      7.897   235.4980     7.2260     2.1256     0.0222      0.076      1.932      2.803        313 4.4651e+01 0.0000e+00
      1.987    22.2590    10.2094    114.080  31.575444     33.328      7.896   235.6873     7.2058     2.0316     0.0222      0.074      1.950      2.828        314 4.3726e+01 0.0000e+00
      2.007    22.1596    10.1613    113.222  31.563228     33.379      7.890   235.9523     5.8593     1.9376     0.0222      0.073      1.970      2.857        315 4.2586e+01 0.0000e+00
      2.032    21.9664    10.1389    112.668  31.267959     33.061      7.880   235.9144     5.9118     2.0450     0.0221      0.074      1.995      2.893        316 4.0928e+01 0.0000e+00
      2.065    21.7175    10.1043    112.110  30.964419     32.833      7.863   236.4066     5.8957     1.9645     0.0220      0.079      2.024      2.935        317 3.9461e+01 0.0000e+00
      2.093    21.4970    10.0797    111.626  30.843920     32.820      7.849   237.2394     5.8795     1.8705     0.0219      0.084      2.049      2.972        318 3.8640e+01 0.0000e+00
      2.110    21.3290    10.0486    111.034  30.824973     32.996      7.837   237.5423     4.8807     1.7630     0.0219      0.088      2.069      3.000        319 3.8105e+01 0.0000e+00
      2.125    21.2088    10.0241    110.490  30.780537     33.093      7.827   238.6402     4.9050     1.7765     0.0219      0.090      2.084      3.022        320 3.7518e+01 0.0000e+00
      2.139    21.1166     9.9884    109.817  30.721404     33.152      7.819   239.7002     4.9171     1.7362     0.0219      0.089      2.099      3.043        321 3.6903e+01 0.0000e+00
      2.156    21.0292     9.9309    108.943  30.661426     33.178      7.809   239.5487     4.9171     1.7228     0.0218      0.085      2.115      3.067        322 3.6185e+01 0.0000e+00
      2.174    20.9239     9.8818    108.255  30.618025     33.183      7.800   241.5173     4.8807     1.5348     0.0218      0.080      2.132      3.093        323 3.5358e+01 0.0000e+00
      2.193    20.7972     9.8259    107.510  30.597553     33.247      7.792   241.3659     4.8645     1.5482     0.0218      0.074      2.151      3.121        324 3.4648e+01 0.0000e+00
      2.215    20.6508     9.8065    107.057  30.627640     33.322      7.780   242.8045     4.8969     1.5213     0.0218      0.069      2.174      3.153        325 3.3698e+01 0.0000e+00
      2.242    20.5192     9.7842    106.465  30.580629     33.416      7.768   243.0316     4.8928     1.5079     0.0218      0.071      2.199      3.189        326 3.2632e+01 0.0000e+00
      2.270    20.4346     9.7564    105.794  30.418907     33.276      7.753   242.8045     4.8807     1.4408     0.0217      0.077      2.223      3.224        327 3.1960e+01 0.0000e+00
      2.288    20.3427     9.7208    105.091  30.473149     33.499      7.739   243.5616     4.9535     1.4676     0.0218      0.082      2.242      3.251        328 3.1479e+01 0.0000e+00
      2.301    20.2277     9.6509    104.112  30.513177     33.557      7.730   243.6373     4.9656     1.5213     0.0218      0.084      2.255      3.271        329 3.1115e+01 0.0000e+00
      2.312    20.1049     9.5466    102.904  30.398784     33.535      7.725   244.2430     4.9373     1.4810     0.0217      0.082      2.267      3.288        330 3.0744e+01 0.0000e+00
      2.323    19.9759     9.4201    101.323  30.378344     33.557      7.716   244.5080     4.9778     1.5750     0.0217      0.077      2.277      3.303        331 3.0345e+01 0.0000e+00
      2.333    19.8659     9.2769     99.364  30.479360     33.804      7.707   243.6373     4.3874     1.3602     0.0218      0.069      2.287      3.318        332 3.0086e+01 0.0000e+00
      2.342    19.7957     9.1067     97.131  30.421376     33.808      7.697   242.7666     4.4036     1.3602     0.0217      0.060      2.298      3.333        333 2.9802e+01 0.0000e+00
      2.355    19.7325     8.9148     94.705  30.391255     33.860      7.691   243.2209     4.4157     1.2662     0.0217      0.051      2.312      3.353        334 2.9247e+01 0.0000e+00
      2.375    19.6209     8.7190     92.292  30.487239     34.038      7.680   243.6752     4.4036     1.3871     0.0217      0.048      2.330      3.379        335 2.8494e+01 0.0000e+00
      2.397    19.4574     8.4794     89.560  30.509513     34.085      7.665   244.3188     4.7311     1.5079     0.0217      0.050      2.351      3.409        336 2.7838e+01 0.0000e+00
      2.418    19.2859     8.2309     86.768  30.600773     34.296      7.652   244.6216     4.7311     1.5348     0.0218      0.056      2.371      3.439        337 2.7318e+01 0.0000e+00
      2.439    19.1342     7.9718     83.849  30.610922     34.422      7.642   245.1516     4.7028     1.5348     0.0218      0.062      2.392      3.469        338 2.6802e+01 0.0000e+00
      2.461    19.0319     7.7025     80.835  30.615551     34.556      7.635   245.4923     4.7432     1.5482     0.0218      0.070      2.416      3.504        339 2.6048e+01 0.0000e+00
      2.492    18.9866     7.4233     77.711  30.713687     34.800      7.623   246.3630     4.6664     1.5348     0.0219      0.079      2.443      3.543        340 2.5223e+01 0.0000e+00
