Data/DataNotYetUploadedToEDI/Raw_CTD/RawDownloads/062518_fcr30.cnv
* Sea-Bird SBE19plus  Data File:
* FileName = C:\DATA\062518_fcr_0003.hex
* Software version 2.6.3.104
* Temperature SN = 7809
* Conductivity SN = 7809
* System UpLoad Time = Jun 25 2018 17:13:39
* <ApplicationData>
* <Seaterm232>
# nquan = 17
# nvalues = 504                         
# units = specified
# name 0 = depFM: Depth [fresh water, m]
# name 1 = tv290C: Temperature [ITS-90, deg C]
# name 2 = sbeox0Mg/L: Oxygen, SBE 43 [mg/l]
# name 3 = sbeox0PS: Oxygen, SBE 43 [% saturation]
# name 4 = c0uS/cm: Conductivity [uS/cm]
# name 5 = specc: Specific Conductance [uS/cm]
# name 6 = ph: pH
# name 7 = orp: Oxidation Reduction Potential [mV]
# name 8 = flECO-AFL: Fluorescence, WET Labs ECO-AFL/FL [mg/m^3]
# name 9 = turbWETntu0: Turbidity, WET Labs ECO [NTU]
# name 10 = sal00: Salinity, Practical [PSU]
# name 11 = dz/dtM: Descent Rate [m/s]
# name 12 = prdM: Pressure, Strain Gauge [db]
# name 13 = prdE: Pressure, Strain Gauge [psi]
# name 14 = scan: Scan Count
# name 15 = par/sat/log: PAR/Logarithmic, Satlantic
# name 16 = flag:  0.000e+00
# span 0 =     -0.537,      5.422       
# span 1 =    10.8322,    26.2774       
# span 2 =     0.8643,    12.0817       
# span 3 =      8.045,    139.237       
# span 4 =   6.159036,  35.113217       
# span 5 =      5.509,     46.930       
# span 6 =      6.353,      8.090       
# span 7 =  -252.6712,   321.3204       
# span 8 =    -0.2021,     8.2127       
# span 9 =    -0.7480,     5.7914       
# span 10 =     0.0125,     0.0245      
# span 11 =     -0.146,      0.319      
# span 12 =     -0.526,      5.316      
# span 13 =     -0.763,      7.711      
# span 14 =          1,        504      
# span 15 = 1.2236e+00, 4.7507e+02      
# span 16 = 0.0000e+00, 0.0000e+00      
# interval = seconds: 0.25
# start_time = Jun 25 2018 16:09:56 [Instrument's time stamp, header]
# bad_flag = -9.990e-29
*END*
[from data line 256]
      0.711    26.1224     8.2620    102.026  33.247606     32.522      7.988   216.4937     3.0206     1.9376     0.0230      0.075      0.697      1.011        257 1.6827e+02 0.0000e+00
      0.730    26.1174     8.3247    102.794  33.226861     32.471      7.980   216.6830     2.9802     1.9107     0.0229      0.080      0.713      1.035        258 1.6574e+02 0.0000e+00
      0.742    26.1129     8.3869    103.553  33.302998     32.584      7.974   217.3265     2.9883     1.8705     0.0230      0.080      0.727      1.055        259 1.6380e+02 0.0000e+00
      0.753    26.1091     8.4288    104.050  33.271476     32.533      7.969   217.5915     2.9842     1.9376     0.0230      0.077      0.739      1.072        260 1.6146e+02 0.0000e+00
      0.765    26.1061     8.4692    104.514  33.206782     32.481      7.967   217.4780     2.9802     1.9376     0.0229      0.071      0.750      1.089        261 1.5848e+02 0.0000e+00
      0.778    26.1037     8.5533    105.507  33.264893     32.538      7.963   218.3108     3.0206     1.9510     0.0230      0.064      0.762      1.106        262 1.5590e+02 0.0000e+00
      0.790    26.1019     8.6727    106.922  33.258470     32.540      7.959   218.6894     2.9802     1.9510     0.0230      0.056      0.774      1.123        263 1.5460e+02 0.0000e+00
      0.801    26.1013     8.8383    108.895  33.274086     32.541      7.956   219.2573     2.9762     1.9510     0.0230      0.051      0.786      1.139        264 1.5265e+02 0.0000e+00
      0.811    26.1018     9.0226    111.078  33.364077     32.652      7.955   219.7115     2.9195     1.9913     0.0230      0.048      0.796      1.154        265 1.5045e+02 0.0000e+00
      0.822    26.1007     9.2062    113.241  33.354057     32.625      7.947   219.5980     2.9398     1.9779     0.0230      0.046      0.807      1.171        266 1.4827e+02 0.0000e+00
      0.836    26.0981     9.3618    115.055  33.345863     32.625      7.944   220.0901     2.9357     1.9779     0.0230      0.045      0.821      1.191        267 1.4513e+02 0.0000e+00
      0.855    26.0951     9.4772    116.363  33.344621     32.625      7.938   220.6580     2.9034     1.8973     0.0230      0.048      0.841      1.220        268 1.4069e+02 0.0000e+00
      0.882    26.0902     9.5397    117.009  33.414914     32.682      7.926   221.0365     2.8710     1.9645     0.0230      0.053      0.867      1.258        269 1.3477e+02 0.0000e+00
      0.917    26.0789     9.5347    116.814  33.554930     32.848      7.913   222.0208     2.8508     2.0450     0.0231      0.063      0.897      1.301        270 1.2978e+02 0.0000e+00
      0.943    26.0607     9.4652    115.829  33.407610     32.687      7.903   222.0965     2.8670     1.9242     0.0230      0.074      0.924      1.341        271 1.2643e+02 0.0000e+00
      0.966    26.0370     9.3555    114.378  33.420329     32.694      7.894   222.6644     2.8791     1.8705     0.0230      0.085      0.949      1.376        272 1.2242e+02 0.0000e+00
      0.994    26.0081     9.2297    112.756  33.598419     32.924      7.884   222.5130     3.3158     2.1390     0.0231      0.094      0.974      1.411        273 1.1890e+02 0.0000e+00
      1.016    25.9730     9.1063    111.173  33.423224     32.721      7.883   223.0051     3.2916     2.2062     0.0230      0.100      0.997      1.445        274 1.1607e+02 0.0000e+00
      1.039    25.9294     9.0057    109.874  33.341820     32.685      7.880   223.1566     3.3441     2.1927     0.0230      0.103      1.019      1.478        275 1.1324e+02 0.0000e+00
      1.062    25.8823     8.9331    108.893  33.432849     32.789      7.886   223.4973     3.2996     2.1659     0.0230      0.101      1.040      1.509        276 1.1074e+02 0.0000e+00
      1.080    25.8342     8.8828    108.177  33.458230     32.845      7.892   223.2323     3.2592     2.1390     0.0230      0.096      1.059      1.537        277 1.0800e+02 0.0000e+00
      1.100    25.7831     8.8783    108.020  33.339907     32.765      7.897   223.6487     3.2552     2.1122     0.0230      0.090      1.079      1.565        278 1.0555e+02 0.0000e+00
      1.121    25.7259     8.8625    107.723  33.372540     32.796      7.905   224.0651     3.2511     2.1390     0.0230      0.087      1.099      1.594        279 1.0319e+02 0.0000e+00
      1.141    25.6629     8.8510    107.461  33.476950     32.994      7.908   224.1787     3.2592     2.2196     0.0231      0.084      1.118      1.622        280 1.0079e+02 0.0000e+00
      1.158    25.6003     8.8207    106.945  33.239650     32.728      7.911   224.4058     3.2309     2.1390     0.0229      0.081      1.136      1.647        281 9.9031e+01 0.0000e+00
      1.176    25.5485     8.7566    105.983  33.193414     32.769      7.914   224.3680     3.2511     2.1390     0.0229      0.078      1.153      1.673        282 9.6871e+01 0.0000e+00
      1.194    25.5070     8.6962    105.059  33.356592     32.948      7.917   224.6330     3.2552     2.1390     0.0230      0.076      1.171      1.699        283 9.4710e+01 0.0000e+00
      1.213    25.4707     8.6475    104.283  33.333148     32.982      7.913   224.8601     3.2430     2.1390     0.0230      0.074      1.189      1.725        284 9.3104e+01 0.0000e+00
      1.231    25.4343     8.6005    103.529  33.281922     32.926      7.911   224.7466     3.2228     2.0719     0.0230      0.073      1.207      1.751        285 9.1089e+01 0.0000e+00
      1.251    25.3875     8.5309    102.582  33.390707     33.088      7.904   225.1251     3.3926     2.1659     0.0230      0.073      1.226      1.778        286 8.9218e+01 0.0000e+00
      1.267    25.3355     8.4875    101.989  33.583294     33.277      7.897   225.5794     3.4371     2.1524     0.0231      0.072      1.244      1.804        287 8.7214e+01 0.0000e+00
      1.287    25.2842     8.5347    102.361  33.516743     33.282      7.888   225.8444     3.4654     2.0719     0.0231      0.072      1.264      1.833        288 8.4735e+01 0.0000e+00
      1.312    25.2302     8.6851    103.901  33.621822     33.343      7.881   226.2608     3.4735     2.1256     0.0231      0.074      1.287      1.867        289 8.2286e+01 0.0000e+00
      1.339    25.1686     8.9165    106.374  33.867718     33.739      7.871   226.7530     3.6797     2.1256     0.0232      0.078      1.314      1.906        290 7.9289e+01 0.0000e+00
      1.371    25.0930     9.1916    109.372  33.566613     33.357      7.858   227.5101     3.7000     2.1122     0.0231      0.084      1.344      1.950        291 7.6330e+01 0.0000e+00
      1.402    24.9997     9.4994    112.707  33.225541     33.148      7.842   227.6994     3.7000     2.1659     0.0230      0.091      1.372      1.991        292 7.4184e+01 0.0000e+00
      1.426    24.9001     9.8077    116.051  32.809484     32.724      7.832   228.1916     3.7040     2.1390     0.0228      0.097      1.397      2.026        293 7.2492e+01 0.0000e+00
      1.446    24.8021    10.1229    119.529  32.334849     32.338      7.820   228.1916     4.4642     2.3673     0.0226      0.101      1.418      2.057        294 7.0838e+01 0.0000e+00
      1.468    24.7054    10.4130    122.710  32.719073     32.739      7.812   228.6080     4.4885     2.3136     0.0227      0.102      1.439      2.088        295 6.9247e+01 0.0000e+00
      1.491    24.6487    10.6777    125.613  33.398906     33.588      7.805   229.4787     4.4723     2.2062     0.0230      0.101      1.461      2.119        296 6.7791e+01 0.0000e+00
      1.511    24.6064    10.9250    128.324  33.386701     33.542      7.797   230.0087     4.4683     2.3673     0.0230      0.097      1.482      2.150        297 6.6200e+01 0.0000e+00
      1.533    24.5081    11.1478    130.756  33.564616     33.806      7.789   230.4630     4.4278     2.2733     0.0231      0.093      1.503      2.180        298 6.4794e+01 0.0000e+00
      1.554    24.3688    11.3552    133.012  33.918895     34.198      7.781   231.3716     4.3753     2.2196     0.0232      0.088      1.525      2.212        299 6.3107e+01 0.0000e+00
      1.579    24.2224    11.5581    135.206  34.043069     34.353      7.773   232.2423     4.3995     2.2867     0.0233      0.086      1.548      2.245        300 6.1384e+01 0.0000e+00
      1.601    24.0805    11.7246    136.951  34.181166     34.646      7.765   232.3559     4.3995     2.1793     0.0233      0.086      1.570      2.277        301 5.9946e+01 0.0000e+00
      1.622    23.9272    11.8501    138.193  33.836067     34.354      7.759   232.3937     5.5843     2.5553     0.0232      0.087      1.591      2.307        302 5.8234e+01 0.0000e+00
      1.644    23.7836    11.9141    138.765  33.345710     33.967      7.750   232.6966     5.6288     2.5956     0.0230      0.087      1.612      2.337        303 5.6886e+01 0.0000e+00
      1.662    23.6702    11.9329    138.877  32.982526     33.704      7.747   233.2266     5.5924     2.5284     0.0228      0.086      1.630      2.364        304 5.5899e+01 0.0000e+00
      1.681    23.5657    11.9737    139.086  32.746081     33.546      7.744   233.1509     5.5843     2.4747     0.0227      0.084      1.648      2.391        305 5.4647e+01 0.0000e+00
      1.701    23.4733    12.0168    139.237  32.602136     33.508      7.737   233.5673     5.5560     2.4881     0.0227      0.082      1.667      2.417        306 5.3442e+01 0.0000e+00
      1.718    23.3922    12.0424    139.206  32.479685     33.408      7.731   234.1352     8.2046     3.1461     0.0226      0.080      1.683      2.441        307 5.2573e+01 0.0000e+00
      1.731    23.3169    12.0647    139.153  32.424061     33.472      7.727   233.8702     8.2127     3.1864     0.0226      0.075      1.697      2.462        308 5.1779e+01 0.0000e+00
      1.745    23.2465    12.0817    139.077  32.285907     33.326      7.723   234.2866     8.1965     3.1193     0.0225      0.071      1.711      2.481        309 5.1069e+01 0.0000e+00
      1.757    23.1746    12.0621    138.619  32.177202     33.320      7.721   234.4759     8.1601     3.0924     0.0225      0.066      1.724      2.500        310 5.0405e+01 0.0000e+00
      1.771    23.0972    12.0058    137.735  32.114581     33.253      7.719   234.3623     7.5172     2.9044     0.0225      0.062      1.739      2.522        311 4.9267e+01 0.0000e+00
      1.792    23.0111    11.9438    136.749  31.919078     33.157      7.716   235.3087     7.5091     2.9715     0.0224      0.061      1.758      2.550        312 4.7843e+01 0.0000e+00
      1.816    22.9476    11.8529    135.331  31.590266     32.804      7.713   235.9523     7.4929     2.9715     0.0222      0.062      1.780      2.583        313 4.6462e+01 0.0000e+00
      1.841    22.9022    11.7573    133.986  31.485986     32.804      7.708   236.6337     7.4848     2.8373     0.0222      0.066      1.805      2.618        314 4.5026e+01 0.0000e+00
      1.866    22.8049    11.6725    132.788  31.455844     32.791      7.701   236.7852     5.7703     3.0118     0.0222      0.072      1.829      2.653        315 4.3648e+01 0.0000e+00
      1.889    22.6724    11.6122    131.722  31.242332     32.615      7.694   236.5580     5.7905     2.9447     0.0221      0.079      1.852      2.685        316 4.2510e+01 0.0000e+00
      1.910    22.5496    11.5742    130.862  31.158691     32.567      7.696   236.8609     5.7744     3.0253     0.0221      0.085      1.872      2.715        317 4.1488e+01 0.0000e+00
      1.928    22.4325    11.5349    130.063  31.174503     32.715      7.698   237.5423     5.7582     2.8373     0.0221      0.088      1.892      2.744        318 4.0236e+01 0.0000e+00
      1.951    22.3314    11.4824    129.237  31.044798     32.624      7.697   238.1859     4.5613     2.4344     0.0220      0.089      1.912      2.774        319 3.9160e+01 0.0000e+00
      1.972    22.2423    11.4363    128.429  31.023645     32.704      7.696   238.2616     4.5168     2.4747     0.0220      0.088      1.932      2.803        320 3.8251e+01 0.0000e+00
      1.990    22.1550    11.3926    127.663  31.022969     32.775      7.698   238.1859     4.5330     2.4479     0.0220      0.085      1.951      2.831        321 3.7319e+01 0.0000e+00
      2.010    22.0463    11.3310    126.784  30.897428     32.687      7.697   238.6780     4.5330     2.4479     0.0219      0.082      1.971      2.860        322 3.6347e+01 0.0000e+00
      2.032    21.9076    11.2582    125.842  30.764804     32.631      7.695   239.1323     4.0841     2.4210     0.0219      0.080      1.991      2.889        323 3.5490e+01 0.0000e+00
      2.050    21.8067    11.1864    124.915  30.624689     32.525      7.692   239.0945     4.0801     2.3270     0.0218      0.079      2.009      2.914        324 3.4883e+01 0.0000e+00
      2.065    21.7151    11.1154    123.944  30.597430     32.625      7.691   239.2459     4.0801     2.2733     0.0218      0.078      2.026      2.938        325 3.4161e+01 0.0000e+00
      2.082    21.5686    11.0493    123.016  30.502272     32.575      7.687   239.6623     4.0962     2.3002     0.0218      0.076      2.042      2.961        326 3.3423e+01 0.0000e+00
      2.099    21.3992    10.9834    122.062  30.357701     32.488      7.684   240.2302     4.0720     2.3002     0.0217      0.073      2.058      2.986        327 3.2811e+01 0.0000e+00
      2.116    21.2618    10.9102    120.991  30.302983     32.532      7.681   240.2302     3.7323     2.1122     0.0217      0.071      2.076      3.011        328 3.2018e+01 0.0000e+00
      2.138    21.1645    10.8254    119.848  30.303571     32.650      7.680   240.3816     3.7647     2.2062     0.0217      0.070      2.096      3.039        329 3.1186e+01 0.0000e+00
      2.156    21.0526    10.7345    118.560  30.297734     32.749      7.672   240.7223     3.7606     2.1122     0.0217      0.070      2.114      3.066        330 3.0588e+01 0.0000e+00
      2.172    20.9415    10.6176    116.932  30.251004     32.754      7.670   240.8737     3.7364     2.1122     0.0216      0.069      2.130      3.088        331 3.0082e+01 0.0000e+00
      2.186    20.8660    10.4550    114.811  30.243170     32.836      7.664   241.1387     3.7121     1.8839     0.0216      0.069      2.143      3.107        332 2.9745e+01 0.0000e+00
      2.196    20.8138    10.2961    112.738  30.188929     32.854      7.662   241.1387     3.7000     1.8436     0.0216      0.067      2.153      3.122        333 2.9503e+01 0.0000e+00
      2.204    20.7626    10.1255    110.598  30.199949     32.908      7.661   241.2523     3.6919     1.9779     0.0216      0.062      2.163      3.136        334 2.9133e+01 0.0000e+00
      2.215    20.6899     9.9567    108.641  30.229486     33.006      7.656   241.3659     3.7000     1.9913     0.0216      0.057      2.173      3.151        335 2.8727e+01 0.0000e+00
      2.227    20.6115     9.8132    106.903  30.211494     32.982      7.653   241.5930     3.9426     1.9510     0.0216      0.052      2.185      3.168        336 2.8345e+01 0.0000e+00
      2.241    20.5182     9.6885    105.278  30.281664     33.157      7.653   241.7445     3.9628     1.9779     0.0217      0.048      2.199      3.189        337 2.7765e+01 0.0000e+00
      2.258    20.4141     9.5683    103.746  30.320091     33.214      7.650   242.2366     3.9224     2.0450     0.0217      0.047      2.217      3.215        338 2.7009e+01 0.0000e+00
      2.282    20.3239     9.4769    102.566  30.341609     33.342      7.640   243.2966     3.9305     1.9510     0.0217      0.050      2.240      3.248        339 2.6143e+01 0.0000e+00
      2.311    20.2072     9.3890    101.426  30.314226     33.360      7.629   243.7130     3.7000     1.7630     0.0217      0.058      2.265      3.286        340 2.5345e+01 0.0000e+00
