Data/DataNotYetUploadedToEDI/Raw_CTD/RawDownloads/062520_bvr50.cnv
* Sea-Bird SBE19plus  Data File:
* FileName = C:\DATA\250620_fcr50_0003.hex
* Software version 2.8.0.119 SB_Terminal.dll
* Temperature SN = 7809
* Conductivity SN = 7809
* System UpLoad Time = Jun 25 2020 19:48:08
* <ApplicationData>
* <Seaterm232>
# nquan = 16
# nvalues = 1408                        
# units = specified
# name 0 = depFM: Depth [fresh water, m]
# name 1 = dz/dtM: Descent Rate [m/s]
# name 2 = sbeox0ML/L: Oxygen, SBE 43 [ml/l]
# name 3 = sbeox0PS: Oxygen, SBE 43 [% saturation]
# name 4 = specc: Specific Conductance [uS/cm]
# name 5 = c0uS/cm: Conductivity [uS/cm]
# name 6 = flECO-AFL: Fluorescence, WET Labs ECO-AFL/FL [mg/m^3]
# name 7 = ph: pH
# name 8 = orp: Oxidation Reduction Potential [mV]
# name 9 = par/sat/log: PAR/Logarithmic, Satlantic
# name 10 = turbWETntu0: Turbidity, WET Labs ECO [NTU]
# name 11 = prdM: Pressure, Strain Gauge [db]
# name 12 = prdE: Pressure, Strain Gauge [psi]
# name 13 = tv290C: Temperature [ITS-90, deg C]
# name 14 = density00: Density [density, kg/m^3]
# name 15 = flag:  0.000e+00
# span 0 =     -0.738,     11.509       
# span 1 =     -0.081,      0.258       
# span 2 =     0.0321,     6.9347       
# span 3 =      0.438,    111.690       
# span 4 =      0.759,    101.452       
# span 5 =   0.793034,  69.986009       
# span 6 =    -1.2583,     3.8278       
# span 7 =      6.278,      8.960       
# span 8 = -1240.7111,   202.6191       
# span 9 = 1.2351e-01, 2.3782e+03       
# span 10 =    -2.2492,     5.6453      
# span 11 =     -0.724,     11.287      
# span 12 =     -1.050,     16.371      
# span 13 =     9.3794,    27.3186      
# span 14 =   996.4332,   999.8455      
# span 15 = 0.0000e+00, 0.0000e+00      
# interval = seconds: 0.25
# start_time = Jun 24 2020 22:04:37 [Instrument's time stamp, header]
# bad_flag = -9.990e-29
*END*
[from data line 272]
      1.200      0.024     5.7206     97.312     24.168  23.740326     1.2894      7.423   174.7281 1.9823e+02     0.9313      1.177      1.707    24.1326   997.2849 0.0000e+00
      1.208      0.023     5.7155     97.427     24.153  23.720105     1.3185      7.419   174.8493 1.9604e+02     0.8923      1.185      1.718    24.1338   997.2847 0.0000e+00
      1.216      0.022     5.7138     97.469     24.150  23.711930     1.3355      7.416   174.7856 1.9303e+02     0.8614      1.192      1.729    24.1344   997.2847 0.0000e+00
      1.222      0.020     5.7131     97.418     24.150  23.704889     1.3333      7.415   174.5597 1.9098e+02     0.8665      1.199      1.739    24.1237   997.2873 0.0000e+00
      1.226      0.018     5.7175     97.363     24.149  23.698380     1.3403      7.413   174.3561 1.9005e+02     0.8847      1.203      1.744    24.1085   997.2912 0.0000e+00
      1.228      0.018     5.7302     97.341     24.153  23.696650     1.3721      7.411   174.3020 1.8630e+02     0.8754      1.204      1.746    24.0995   997.2933 0.0000e+00
      1.230      0.019     5.7343     97.371     24.147  23.683968     1.3933      7.408   174.3355 1.8335e+02     0.8578      1.206      1.749    24.0874   997.2963 0.0000e+00
      1.234      0.020     5.7288     97.453     24.140  23.671861     1.3966      7.404   174.3314 1.8139e+02     0.8772      1.210      1.754    24.0726   997.3000 0.0000e+00
      1.241      0.021     5.7277     97.567     24.150  23.677092     1.4018      7.399   174.3383 1.7911e+02     0.9043      1.217      1.765    24.0601   997.3031 0.0000e+00
      1.250      0.024     5.7267     97.736     24.161  23.683792     1.3994      7.393   174.4188 1.7705e+02     0.9113      1.227      1.780    24.0493   997.3059 0.0000e+00
      1.256      0.027     5.7297     97.945     24.172  23.689454     1.3865      7.387   174.4453 1.7470e+02     0.8931      1.234      1.788    24.0348   997.3094 0.0000e+00
      1.261      0.029     5.7375     98.110     24.172  23.682126     1.3805      7.383   174.3996 1.7203e+02     0.8559      1.236      1.791    24.0217   997.3127 0.0000e+00
      1.266      0.030     5.7435     98.253     24.157  23.658592     1.3837      7.379   174.3836 1.6934e+02     0.8379      1.240      1.798    24.0153   997.3144 0.0000e+00
      1.276      0.029     5.7536     98.380     24.164  23.658572     1.3967      7.372   174.4232 1.6718e+02     0.8479      1.249      1.813    24.0078   997.3162 0.0000e+00
      1.287      0.029     5.7711     98.407     24.189  23.681869     1.4036      7.363   174.4485 1.6465e+02     0.8743      1.263      1.832    23.9999   997.3182 0.0000e+00
      1.296      0.029     5.7805     98.403     24.192  23.686604     1.3902      7.353   174.2590 1.6222e+02     0.8817      1.273      1.846    23.9855   997.3219 0.0000e+00
      1.301      0.029     5.7896     98.485     24.158  23.652400     1.3977      7.345   174.0245 1.6053e+02     0.8695      1.277      1.852    23.9616   997.3277 0.0000e+00
      1.305      0.029     5.8045     98.603     24.096  23.585407     1.4371      7.340   174.0225 1.5913e+02     0.8644      1.279      1.855    23.9446   997.3319 0.0000e+00
      1.310      0.030     5.8031     98.687     24.033  23.510776     1.4654      7.335   174.1488 1.5763e+02     0.8194      1.283      1.861    23.9431   997.3323 0.0000e+00
      1.319      0.033     5.7976     98.717     23.991  23.447618     1.4635      7.329   174.2604 1.5644e+02     0.7721      1.292      1.875    23.9503   997.3306 0.0000e+00
      1.329      0.037     5.8052     98.691     23.965  23.392507     1.4526      7.320   174.2539 1.5559e+02     0.8080      1.303      1.890    23.9529   997.3300 0.0000e+00
      1.340      0.041     5.8152     98.647     23.954  23.351724     1.4762      7.308   174.2423 1.5454e+02     0.8752      1.315      1.906    23.9409   997.3329 0.0000e+00
      1.352      0.042     5.8224     98.662     23.965  23.334979     1.5201      7.296   174.2926 1.5366e+02     0.8986      1.327      1.925    23.9157   997.3392 0.0000e+00
      1.364      0.041     5.8302     98.797     23.973  23.316845     1.5359      7.288   174.2587 1.5313e+02     0.8845      1.338      1.941    23.8681   997.3508 0.0000e+00
      1.374      0.040     5.8353     99.068     23.934  23.259257     1.5327      7.283   174.1774 1.5281e+02     0.8411      1.347      1.955    23.7974   997.3682 0.0000e+00
      1.384      0.039     5.8376     99.482     23.834  23.146010     1.5297      7.282   174.0838 1.5266e+02     0.8203      1.357      1.969    23.7376   997.3829 0.0000e+00
      1.393      0.039     5.8426    100.000     23.732  23.025659     1.5373      7.283   173.9881 1.5249e+02     0.8741      1.366      1.981    23.6825   997.3964 0.0000e+00
      1.401      0.039     5.8580    100.478     23.686  22.945571     1.5479      7.286   173.9660 1.5206e+02     0.9417      1.373      1.992    23.6190   997.4119 0.0000e+00
      1.411      0.040     5.8783    100.806     23.665  22.875215     1.5441      7.289   173.9881 1.5133e+02     0.9509      1.383      2.006    23.5778   997.4218 0.0000e+00
      1.422      0.040     5.9048    101.034     23.656  22.809080     1.5573      7.291   173.9981 1.4999e+02     0.9171      1.394      2.023    23.5571   997.4269 0.0000e+00
      1.433      0.040     5.9446    101.337     23.685  22.780014     1.5930      7.292   174.0011 1.4864e+02     0.9109      1.405      2.038    23.5182   997.4364 0.0000e+00
      1.444      0.039     5.9838    101.874     23.737  22.777359     1.6144      7.292   173.9381 1.4765e+02     0.9102      1.417      2.054    23.4450   997.4541 0.0000e+00
      1.455      0.036     6.0153    102.674     23.779  22.776905     1.6149      7.290   173.8391 1.4673e+02     0.8732      1.428      2.071    23.3306   997.4817 0.0000e+00
      1.464      0.033     6.0391    103.743     23.803  22.774467     1.6377      7.287   173.8357 1.4586e+02     0.8759      1.436      2.083    23.2013   997.5127 0.0000e+00
      1.471      0.031     6.0666    105.101     23.792  22.747844     1.6995      7.287   173.8967 1.4501e+02     0.9435      1.443      2.093    23.0818   997.5412 0.0000e+00
      1.477      0.030     6.1130    106.620     23.771  22.708653     1.7322      7.286   173.8891 1.4421e+02     0.9698      1.448      2.100    22.9634   997.5693 0.0000e+00
      1.483      0.030     6.1722    108.028     23.768  22.681077     1.7279      7.285   173.8297 1.4317e+02     0.9189      1.453      2.107    22.8729   997.5906 0.0000e+00
      1.490      0.031     6.2401    109.146     23.781  22.668059     1.7244      7.284   173.7805 1.4208e+02     0.8770      1.461      2.119    22.8251   997.6019 0.0000e+00
      1.500      0.032     6.3267    109.968     23.811  22.678053     1.7371      7.284   173.7250 1.4129e+02     0.8754      1.471      2.134    22.8039   997.6069 0.0000e+00
      1.510      0.034     6.4309    110.582     23.823  22.675057     1.7862      7.283   173.7603 1.4028e+02     0.8997      1.480      2.147    22.7669   997.6156 0.0000e+00
      1.519      0.035     6.5270    111.053     23.798  22.631810     1.8223      7.283   173.7777 1.3903e+02     0.9298      1.489      2.159    22.7059   997.6300 0.0000e+00
      1.526      0.035     6.6014    111.330     23.788  22.599045     1.8203      7.281   173.7634 1.3812e+02     0.9313      1.496      2.170    22.6456   997.6441 0.0000e+00
      1.534      0.034     6.6537    111.424     23.807  22.595936     1.8670      7.278   173.8458 1.3714e+02     0.9177      1.504      2.182    22.6101   997.6524 0.0000e+00
      1.543      0.033     6.6898    111.457     23.822  22.594188     1.9576      7.276   173.8270 1.3621e+02     0.9022      1.514      2.196    22.5948   997.6561 0.0000e+00
      1.553      0.032     6.7274    111.511     23.822  22.577894     1.9914      7.276   173.7086 1.3547e+02     0.8813      1.523      2.209    22.5487   997.6668 0.0000e+00
      1.562      0.030     6.7519    111.588     23.786  22.525739     1.9894      7.276   173.6184 1.3462e+02     0.8703      1.533      2.223    22.4893   997.6806 0.0000e+00
      1.569      0.028     6.7583    111.643     23.752  22.470878     2.0570      7.278   173.5960 1.3411e+02     0.9415      1.540      2.233    22.4501   997.6897 0.0000e+00
      1.575      0.028     6.7636    111.666     23.736  22.421869     2.1889      7.279   173.6095 1.3389e+02     1.0898      1.544      2.239    22.4159   997.6976 0.0000e+00
      1.581      0.028     6.7708    111.684     23.735  22.377036     2.2681      7.278   173.6106 1.3365e+02     1.1536      1.550      2.248    22.3828   997.7054 0.0000e+00
      1.587      0.029     6.7812    111.690     23.778  22.372642     2.2802      7.276   173.6101 1.3353e+02     1.1285      1.557      2.258    22.3533   997.7122 0.0000e+00
      1.594      0.031     6.7910    111.643     23.804  22.368684     2.3261      7.274   173.6030 1.3378e+02     1.1297      1.563      2.266    22.3040   997.7235 0.0000e+00
      1.603      0.032     6.8000    111.557     23.781  22.329133     2.4225      7.273   173.6108 1.3423e+02     1.1680      1.572      2.280    22.2362   997.7391 0.0000e+00
      1.613      0.031     6.8139    111.469     23.747  22.274908     2.4827      7.273   173.6178 1.3465e+02     1.2140      1.583      2.296    22.1390   997.7613 0.0000e+00
      1.623      0.030     6.8313    111.373     23.722  22.220340     2.4915      7.273   173.6023 1.3512e+02     1.2060      1.593      2.311    22.0229   997.7878 0.0000e+00
      1.631      0.029     6.8353    111.284     23.711  22.176628     2.5000      7.273   173.5091 1.3539e+02     1.1398      1.601      2.322    21.9683   997.8002 0.0000e+00
      1.636      0.029     6.8300    111.228     23.692  22.126825     2.5187      7.273   173.4366 1.3538e+02     1.1003      1.604      2.328    21.9515   997.8041 0.0000e+00
      1.641      0.029     6.8331    111.195     23.659  22.062033     2.5359      7.273   173.4143 1.3524e+02     1.1054      1.609      2.334    21.9007   997.8156 0.0000e+00
      1.647      0.030     6.8355    111.155     23.666  22.027329     2.5363      7.272   173.3257 1.3460e+02     1.1331      1.615      2.342    21.8298   997.8316 0.0000e+00
      1.656      0.032     6.8387    111.083     23.707  22.024230     2.5323      7.272   173.2255 1.3374e+02     1.1597      1.623      2.354    21.7584   997.8477 0.0000e+00
      1.667      0.032     6.8445    111.001     23.738  22.024508     2.5937      7.271   173.1493 1.3305e+02     1.1868      1.634      2.369    21.6918   997.8626 0.0000e+00
      1.677      0.031     6.8515    110.975     23.757  22.030648     2.7058      7.271   173.0926 1.3236e+02     1.2208      1.646      2.387    21.6278   997.8769 0.0000e+00
      1.686      0.029     6.8628    111.049     23.761  22.035039     2.7630      7.270   173.0562 1.3148e+02     1.2280      1.655      2.400    21.5328   997.8981 0.0000e+00
      1.691      0.027     6.8706    111.172     23.740  22.014189     2.7602      7.269   173.0541 1.3026e+02     1.1706      1.660      2.406    21.4344   997.9200 0.0000e+00
      1.695      0.026     6.8724    111.273     23.704  21.968805     2.7959      7.269   173.0666 1.2898e+02     1.1106      1.662      2.411    21.3731   997.9335 0.0000e+00
      1.700      0.026     6.8716    111.337     23.684  21.930183     2.8894      7.269   173.0354 1.2775e+02     1.1204      1.666      2.417    21.3507   997.9386 0.0000e+00
      1.707      0.027     6.8764    111.381     23.704  21.927671     2.9381      7.268   172.9359 1.2630e+02     1.1178      1.674      2.427    21.3670   997.9350 0.0000e+00
      1.717      0.029     6.8850    111.393     23.736  21.938399     2.9366      7.266   172.8095 1.2478e+02     1.0782      1.683      2.441    21.3717   997.9340 0.0000e+00
      1.726      0.029     6.8959    111.314     23.746  21.933034     2.9656      7.264   172.7119 1.2343e+02     1.0545      1.693      2.455    21.3383   997.9413 0.0000e+00
      1.734      0.028     6.9057    111.146     23.744  21.926201     3.0321      7.263   172.6155 1.2207e+02     1.0713      1.700      2.466    21.2919   997.9515 0.0000e+00
      1.741      0.027     6.9137    110.942     23.736  21.919187     3.0816      7.262   172.5045 1.2067e+02     1.1093      1.707      2.476    21.2484   997.9612 0.0000e+00
      1.747      0.026     6.9230    110.763     23.728  21.911650     3.0869      7.261   172.4890 1.1947e+02     1.1368      1.713      2.485    21.2046   997.9707 0.0000e+00
      1.752      0.026     6.9228    110.685     23.718  21.898482     3.0484      7.259   172.5997 1.1848e+02     1.1982      1.717      2.492    21.1678   997.9788 0.0000e+00
      1.758      0.026     6.9112    110.715     23.713  21.886792     2.9889      7.258   172.6392 1.1739e+02     1.3020      1.723      2.499    21.1626   997.9800 0.0000e+00
      1.764      0.027     6.8967    110.753     23.734  21.897122     2.9594      7.258   172.5354 1.1636e+02     1.3618      1.730      2.509    21.1715   997.9781 0.0000e+00
      1.772      0.028     6.8835    110.709     23.743  21.896552     2.9494      7.257   172.4638 1.1556e+02     1.3372      1.737      2.520    21.1694   997.9786 0.0000e+00
      1.781      0.029     6.8787    110.580     23.732  21.879877     2.9241      7.256   172.4613 1.1480e+02     1.3140      1.746      2.533    21.1625   997.9801 0.0000e+00
      1.788      0.030     6.8863    110.410     23.741  21.885745     2.8926      7.255   172.4185 1.1410e+02     1.3556      1.754      2.543    21.1454   997.9839 0.0000e+00
      1.794      0.030     6.8941    110.262     23.756  21.904085     2.8828      7.254   172.3768 1.1343e+02     1.3946      1.760      2.552    21.1225   997.9889 0.0000e+00
      1.802      0.030     6.8929    110.168     23.756  21.911394     2.8915      7.254   172.3875 1.1282e+02     1.4069      1.767      2.562    21.1064   997.9924 0.0000e+00
      1.810      0.029     6.8866    110.123     23.752  21.910707     2.8931      7.253   172.3763 1.1232e+02     1.4023      1.775      2.574    21.0891   997.9963 0.0000e+00
      1.818      0.028     6.8755    110.134     23.737  21.895785     2.8830      7.250   172.3267 1.1187e+02     1.3730      1.784      2.586    21.0788   997.9986 0.0000e+00
      1.825      0.027     6.8630    110.209     23.701  21.857795     2.8742      7.249   172.3039 1.1138e+02     1.3615      1.791      2.596    21.0958   997.9949 0.0000e+00
      1.832      0.026     6.8552    110.370     23.681  21.831849     2.8723      7.249   172.2729 1.1087e+02     1.3660      1.797      2.606    21.1198   997.9897 0.0000e+00
      1.838      0.025     6.8506    110.582     23.697  21.835718     2.8798      7.248   172.2104 1.1030e+02     1.3589      1.803      2.615    21.1234   997.9889 0.0000e+00
      1.845      0.024     6.8528    110.757     23.715  21.841151     2.9171      7.247   172.1509 1.0969e+02     1.3444      1.809      2.624    21.1186   997.9900 0.0000e+00
      1.850      0.024     6.8570    110.876     23.718  21.834111     2.9706      7.245   172.1545 1.0889e+02     1.3620      1.814      2.632    21.1115   997.9916 0.0000e+00
      1.856      0.024     6.8697    110.962     23.705  21.813996     3.0020      7.245   172.1682 1.0825e+02     1.3995      1.820      2.640    21.0934   997.9955 0.0000e+00
      1.861      0.025     6.8901    111.027     23.687  21.788170     3.0105      7.244   172.1442 1.0791e+02     1.3868      1.826      2.648    21.0687   998.0009 0.0000e+00
      1.867      0.026     6.9038    111.056     23.685  21.775490     3.0265      7.242   172.2088 1.0743e+02     1.3459      1.831      2.655    21.0427   998.0065 0.0000e+00
