Data/DataNotYetUploadedToEDI/Raw_CTD/RawDownloads/062719_fcr50.cnv
* Sea-Bird SBE19plus  Data File:
* FileName = C:\DATA\06272019_fcr50_0001.hex
* Software version 2.8.0.119 SB_Terminal.dll
* Temperature SN = 7809
* Conductivity SN = 7809
* System UpLoad Time = Jun 27 2019 09:47:37
* <ApplicationData>
* <Seaterm232>
# nquan = 16
# nvalues = 979                         
# units = specified
# name 0 = depFM: Depth [fresh water, m]
# name 1 = dz/dtM: Descent Rate [m/s]
# name 2 = sbeox0Mg/L: Oxygen, SBE 43 [mg/l]
# name 3 = sbeox0PS: Oxygen, SBE 43 [% saturation]
# name 4 = specc: Specific Conductance [uS/cm]
# name 5 = c0uS/cm: Conductivity [uS/cm]
# name 6 = flECO-AFL: Fluorescence, WET Labs ECO-AFL/FL [mg/m^3]
# name 7 = ph: pH
# name 8 = orp: Oxidation Reduction Potential [mV]
# name 9 = par/sat/log: PAR/Logarithmic, Satlantic
# name 10 = turbWETntu0: Turbidity, WET Labs ECO [NTU]
# name 11 = prdM: Pressure, Strain Gauge [db]
# name 12 = prdE: Pressure, Strain Gauge [psi]
# name 13 = tv290C: Temperature [ITS-90, deg C]
# name 14 = density00: Density [density, kg/m^3]
# name 15 = flag:  0.000e+00
# span 0 =     -0.494,      9.732       
# span 1 =     -0.194,      0.201       
# span 2 =    -0.3507,    12.2832       
# span 3 =     -3.106,    141.515       
# span 4 =      1.135,    134.742       
# span 5 =   1.091709,  94.294217       
# span 6 =    -0.3115,     4.4836       
# span 7 =      6.480,      8.715       
# span 8 = -1240.7455,   974.7347       
# span 9 = 1.2356e-01, 1.5481e+03       
# span 10 =    -1.8662,    52.8912      
# span 11 =     -0.485,      9.544      
# span 12 =     -0.703,     13.842      
# span 13 =     9.9138,    25.5019      
# span 14 =   996.9342,   999.7992      
# span 15 = 0.0000e+00, 0.0000e+00      
# interval = seconds: 0.25
# start_time = Jun 27 2019 09:36:25 [Instrument's time stamp, header]
# bad_flag = -9.990e-29
*END*
[from data line 543]
      3.609      0.047    10.9653    110.103     32.578  26.439251     3.7058      7.336   302.6539 3.4746e+01     0.9590      3.540      5.135    15.7545   999.0157 0.0000e+00
      3.615      0.048    10.8903    109.172     32.651  26.448686     3.6910      7.336   302.2946 3.4604e+01     0.9893      3.544      5.140    15.7410   999.0179 0.0000e+00
      3.626      0.053    10.8177    108.340     32.699  26.458700     3.6658      7.337   302.5149 3.4234e+01     1.0799      3.552      5.151    15.7057   999.0235 0.0000e+00
      3.643      0.060    10.7486    107.632     32.674  26.433403     3.6520      7.339   303.2514 3.3871e+01     1.1360      3.573      5.182    15.6576   999.0312 0.0000e+00
      3.662      0.067    10.6863    106.964     32.644  26.396584     3.6462      7.340   303.8866 3.3615e+01     1.1103      3.592      5.209    15.5792   999.0437 0.0000e+00
      3.680      0.073    10.6328    106.224     32.714  26.394169     3.6646      7.339   304.5172 3.3275e+01     1.0968      3.607      5.231    15.4845   999.0587 0.0000e+00
      3.700      0.075    10.5767    105.347     32.840  26.404134     3.7008      7.337   305.1113 3.2883e+01     1.1034      3.628      5.261    15.4347   999.0665 0.0000e+00
      3.721      0.075    10.5067    104.360     32.928  26.390063     3.7123      7.335   304.8743 3.2536e+01     1.0929      3.649      5.292    15.4480   999.0645 0.0000e+00
      3.741      0.074    10.4253    103.323     32.963  26.350822     3.6998      7.335   304.1478 3.2174e+01     1.0679      3.668      5.320    15.4625   999.0623 0.0000e+00
      3.760      0.073    10.3241    102.125     32.985  26.310246     3.6704      7.335   304.1568 3.1817e+01     1.0952      3.688      5.349    15.3605   999.0783 0.0000e+00
      3.778      0.072    10.1832    100.556     33.014  26.280043     3.6253      7.334   304.6384 3.1534e+01     1.1609      3.706      5.375    15.1845   999.1055 0.0000e+00
      3.795      0.073    10.0000     98.561     33.035  26.239351     3.5966      7.334   304.9808 3.1267e+01     1.1423      3.721      5.397    15.0594   999.1247 0.0000e+00
      3.811      0.074     9.7850     96.230     33.070  26.198821     3.5921      7.333   305.5431 3.0968e+01     1.0669      3.737      5.420    14.9629   999.1393 0.0000e+00
      3.830      0.075     9.5459     93.653     33.127  26.170575     3.5967      7.332   306.3613 3.0621e+01     1.0687      3.754      5.444    14.8742   999.1526 0.0000e+00
      3.851      0.077     9.2804     90.830     33.195  26.151510     3.5919      7.332   306.3557 3.0216e+01     1.0647      3.775      5.475    14.8006   999.1637 0.0000e+00
      3.874      0.078     8.9999     87.861     33.303  26.158540     3.5684      7.333   305.5608 2.9829e+01     0.9539      3.800      5.511    14.7172   999.1762 0.0000e+00
      3.894      0.078     8.7319     84.996     33.459  26.192041     3.5465      7.333   305.2680 2.9492e+01     0.8762      3.819      5.540    14.6135   999.1915 0.0000e+00
      3.913      0.077     8.4865     82.364     33.635  26.239265     3.5353      7.333   305.5690 2.9163e+01     0.8787      3.836      5.564    14.4938   999.2090 0.0000e+00
      3.931      0.077     8.2604     79.956     33.800  26.285315     3.5553      7.333   306.1883 2.8847e+01     0.8856      3.855      5.592    14.3894   999.2241 0.0000e+00
      3.950      0.078     8.0468     77.712     33.996  26.368089     3.6148      7.331   306.9913 2.8550e+01     0.8939      3.875      5.620    14.2798   999.2399 0.0000e+00
      3.967      0.082     7.8319     75.499     34.292  26.542130     3.6559      7.328   307.5355 2.8240e+01     0.8807      3.890      5.642    14.1368   999.2602 0.0000e+00
      3.987      0.086     7.5968     73.099     34.622  26.740063     3.6621      7.325   307.6053 2.7866e+01     0.8570      3.908      5.668    13.9970   999.2799 0.0000e+00
      4.011      0.089     7.3382     70.445     34.871  26.857925     3.7595      7.324   307.4049 2.7386e+01     0.9352      3.932      5.702    13.8767   999.2966 0.0000e+00
      4.038      0.089     7.0627     67.624     35.018  26.888570     3.9580      7.321   307.3496 2.6879e+01     1.0729      3.960      5.743    13.7682   999.3116 0.0000e+00
      4.065      0.088     6.7672     64.644     35.155  26.920155     4.0672      7.319   307.5387 2.6464e+01     1.1123      3.988      5.783    13.6952   999.3218 0.0000e+00
      4.089      0.085     6.4540     61.534     35.320  26.985955     4.0747      7.319   307.8842 2.6148e+01     1.0846      4.012      5.817    13.6277   999.3311 0.0000e+00
      4.108      0.080     6.1280     58.326     35.475  27.049641     4.0824      7.318   308.3432 2.5899e+01     1.0325      4.030      5.845    13.5112   999.3469 0.0000e+00
      4.124      0.076     5.7885     55.001     35.638  27.119117     4.0924      7.317   308.8728 2.5668e+01     0.9406      4.043      5.864    13.3822   999.3640 0.0000e+00
      4.140      0.072     5.4326     51.528     35.809  27.191473     4.0907      7.316   309.6420 2.5377e+01     0.8916      4.058      5.886    13.2775   999.3777 0.0000e+00
      4.159      0.069     5.0713     48.016     35.930  27.226543     4.0878      7.314   310.5022 2.5028e+01     0.8983      4.079      5.916    13.1955   999.3886 0.0000e+00
      4.179      0.066     4.7290     44.703     35.996  27.225844     4.0838      7.312   311.0133 2.4680e+01     0.8904      4.098      5.944    13.1230   999.3981 0.0000e+00
      4.199      0.062     4.4169     41.699     36.077  27.246417     4.0510      7.311   311.1764 2.4382e+01     0.8621      4.119      5.973    13.0462   999.4080 0.0000e+00
      4.215      0.057     4.1372     39.017     36.173  27.284904     3.9949      7.310   311.1834 2.4176e+01     0.8512      4.135      5.998    12.9655   999.4183 0.0000e+00
      4.226      0.054     3.8929     36.678     36.248  27.310481     3.9595      7.309   311.2699 2.4016e+01     0.8562      4.144      6.011    12.8819   999.4289 0.0000e+00
      4.237      0.052     3.6813     34.651     36.278  27.301849     3.9526      7.309   311.7929 2.3862e+01     0.8578      4.155      6.026    12.8095   999.4380 0.0000e+00
      4.247      0.052     3.5038     32.941     36.252  27.243950     3.9548      7.309   312.6026 2.3685e+01     0.8704      4.165      6.040    12.7555   999.4447 0.0000e+00
      4.260      0.051     3.3704     31.647     36.223  27.181399     3.9602      7.307   312.9713 2.3413e+01     0.8776      4.176      6.055    12.7091   999.4506 0.0000e+00
      4.276      0.051     3.2714     30.686     36.179  27.116502     3.9660      7.303   312.8950 2.3110e+01     0.8789      4.194      6.082    12.6694   999.4555 0.0000e+00
      4.294      0.050     3.1896     29.903     36.086  27.030260     3.9644      7.301   312.9718 2.2885e+01     0.8862      4.213      6.111    12.6295   999.4605 0.0000e+00
      4.307      0.048     3.1276     29.313     36.009  26.963414     3.9408      7.301   313.2118 2.2738e+01     0.9003      4.226      6.129    12.5764   999.4670 0.0000e+00
      4.315      0.044     3.0869     28.924     35.992  26.942700     3.9066      7.300   313.3007 2.2605e+01     0.9189      4.231      6.137    12.5113   999.4749 0.0000e+00
      4.324      0.039     3.0617     28.689     36.026  26.970145     3.8967      7.299   313.6165 2.2436e+01     0.9141      4.240      6.149    12.4623   999.4808 0.0000e+00
      4.335      0.036     3.0535     28.629     36.097  27.041469     3.9079      7.298   314.3627 2.2266e+01     0.9082      4.253      6.167    12.4468   999.4827 0.0000e+00
      4.346      0.035     3.0668     28.771     36.159  27.107201     3.9381      7.296   314.8372 2.2142e+01     0.9125      4.263      6.183    12.4385   999.4837 0.0000e+00
      4.354      0.035     3.0986     29.078     36.177  27.130477     3.9849      7.294   314.9663 2.2051e+01     0.9001      4.270      6.193    12.4208   999.4858 0.0000e+00
      4.360      0.034     3.1476     29.542     36.174  27.132579     4.0144      7.292   315.0624 2.1926e+01     0.8900      4.275      6.200    12.4161   999.4864 0.0000e+00
      4.369      0.034     3.2126     30.155     36.169  27.132613     4.0257      7.291   315.1392 2.1741e+01     0.8889      4.283      6.212    12.4539   999.4820 0.0000e+00
      4.380      0.034     3.2832     30.829     36.151  27.130890     4.0178      7.290   315.2928 2.1561e+01     0.9196      4.297      6.232    12.4891   999.4779 0.0000e+00
      4.390      0.036     3.3502     31.471     36.109  27.111769     3.9873      7.289   315.5434 2.1461e+01     0.9986      4.307      6.247    12.4934   999.4774 0.0000e+00
      4.395      0.039     3.4127     32.052     36.091  27.091767     3.9609      7.288   315.8457 2.1376e+01     1.0902      4.309      6.250    12.5016   999.4764 0.0000e+00
      4.403      0.041     3.4696     32.567     36.100  27.079373     3.9497      7.288   316.1091 2.1191e+01     1.1758      4.316      6.258    12.5000   999.4767 0.0000e+00
      4.416      0.042     3.5176     32.997     36.055  27.025333     3.9562      7.288   316.3183 2.0975e+01     1.1818      4.330      6.280    12.5136   999.4751 0.0000e+00
      4.430      0.043     3.5579     33.335     35.998  26.945913     4.0218      7.287   316.5688 2.0801e+01     1.1296      4.345      6.302    12.5544   999.4702 0.0000e+00
      4.442      0.044     3.5939     33.617     35.981  26.880408     4.1360      7.285   316.9008 2.0633e+01     1.1339      4.356      6.318    12.5368   999.4723 0.0000e+00
      4.453      0.044     3.6226     33.839     35.937  26.804243     4.2011      7.284   317.4075 2.0490e+01     1.1684      4.367      6.335    12.4946   999.4775 0.0000e+00
      4.462      0.043     3.6421     33.987     35.786  26.659403     4.2024      7.281   317.8767 2.0370e+01     1.1865      4.377      6.348    12.4876   999.4784 0.0000e+00
      4.472      0.043     3.6621     34.117     35.589  26.461446     4.1521      7.280   318.0133 2.0231e+01     1.1892      4.385      6.360    12.4373   999.4844 0.0000e+00
      4.483      0.044     3.6852     34.246     35.498  26.314004     4.0701      7.279   318.1130 2.0057e+01     1.1676      4.396      6.376    12.3421   999.4958 0.0000e+00
      4.494      0.046     3.7064     34.357     35.462  26.208899     4.0255      7.278   318.3945 1.9860e+01     1.1550      4.407      6.392    12.2776   999.5034 0.0000e+00
      4.507      0.051     3.7289     34.492     35.375  26.078739     4.0199      7.277   318.6625 1.9679e+01     1.1679      4.420      6.411    12.2587   999.5057 0.0000e+00
      4.520      0.056     3.7596     34.703     35.282  25.945568     4.0118      7.274   318.8583 1.9534e+01     1.2245      4.435      6.431    12.1955   999.5131 0.0000e+00
      4.532      0.060     3.8059     35.055     35.265  25.867502     3.9787      7.271   319.2995 1.9362e+01     1.3157      4.444      6.444    12.0547   999.5294 0.0000e+00
      4.547      0.062     3.8750     35.623     35.299  25.832635     3.9487      7.268   319.8670 1.9087e+01     1.3535      4.455      6.461    11.9417   999.5422 0.0000e+00
      4.569      0.063     3.9703     36.446     35.285  25.777690     3.9352      7.267   320.0420 1.8785e+01     1.3538      4.480      6.499    11.8603   999.5515 0.0000e+00
      4.589      0.063     4.0948     37.550     35.237  25.710640     3.8079      7.266   320.0389 1.8578e+01     1.4163      4.504      6.533    11.7669   999.5621 0.0000e+00
      4.603      0.062     4.2507     38.945     35.198  25.656311     3.5623      7.265   320.0009 1.8422e+01     1.5206      4.515      6.548    11.6700   999.5728 0.0000e+00
      4.615      0.060     4.4357     40.609     35.192  25.628306     3.4190      7.265   319.8409 1.8247e+01     1.5661      4.525      6.561    11.5803   999.5826 0.0000e+00
      4.629      0.056     4.6459     42.502     35.219  25.625762     3.4015      7.264   319.9109 1.8059e+01     1.6054      4.540      6.584    11.5179   999.5895 0.0000e+00
      4.644      0.053     4.8758     44.574     35.249  25.625533     3.3945      7.262   320.6755 1.7879e+01     1.6679      4.556      6.607    11.4780   999.5938 0.0000e+00
      4.658      0.052     5.1125     46.707     35.277  25.625515     3.3780      7.260   321.8582 1.7699e+01     1.6662      4.568      6.625    11.4422   999.5977 0.0000e+00
      4.672      0.051     5.3425     48.779     35.303  25.625515     3.3670      7.260   322.3376 1.7510e+01     1.6177      4.582      6.646    11.4088   999.6013 0.0000e+00
      4.684      0.049     5.5585     50.726     35.325  25.625517     3.3559      7.259   322.1695 1.7345e+01     1.5734      4.593      6.662    11.3774   999.6047 0.0000e+00
      4.695      0.048     5.7521     52.471     35.343  25.625527     3.3394      7.258   322.1485 1.7194e+01     1.5565      4.603      6.676    11.3453   999.6082 0.0000e+00
      4.707      0.047     5.9149     53.935     35.359  25.625623     3.2799      7.256   322.0836 1.7030e+01     1.6105      4.615      6.694    11.3165   999.6113 0.0000e+00
      4.720      0.044     6.0426     55.082     35.374  25.626662     3.1662      7.255   321.9879 1.6863e+01     1.7017      4.628      6.713    11.2905   999.6141 0.0000e+00
      4.733      0.042     6.1393     55.960     35.392  25.638077     3.1003      7.254   322.6261 1.6705e+01     1.7414      4.642      6.732    11.2665   999.6167 0.0000e+00
      4.744      0.042     6.2060     56.577     35.383  25.636752     3.0985      7.253   323.6908 1.6582e+01     1.7625      4.654      6.749    11.2509   999.6184 0.0000e+00
      4.752      0.042     6.2409     56.899     35.344  25.610656     3.1189      7.253   324.1922 1.6472e+01     1.7610      4.661      6.760    11.2340   999.6202 0.0000e+00
      4.759      0.043     6.2511     56.979     35.307  25.576315     3.1558      7.252   324.3002 1.6327e+01     1.6903      4.666      6.767    11.2146   999.6223 0.0000e+00
      4.769      0.045     6.2437     56.884     35.276  25.538723     3.1714      7.250   324.3951 1.6119e+01     1.6280      4.675      6.779    11.2121   999.6225 0.0000e+00
      4.784      0.046     6.2236     56.664     35.301  25.536768     3.1609      7.246   324.3931 1.5874e+01     1.5978      4.692      6.805    11.2267   999.6211 0.0000e+00
      4.799      0.046     6.1971     56.379     35.355  25.552658     3.1154      7.245   324.3626 1.5666e+01     1.5873      4.708      6.828    11.2342   999.6204 0.0000e+00
      4.813      0.044     6.1684     56.082     35.365  25.540493     3.0370      7.244   324.6274 1.5488e+01     1.5996      4.719      6.844    11.2199   999.6219 0.0000e+00
      4.825      0.039     6.1399     55.802     35.349  25.516539     2.9853      7.243   325.1854 1.5333e+01     1.6158      4.732      6.864    11.1982   999.6242 0.0000e+00
      4.833      0.034     6.1214     55.618     35.361  25.516779     2.9668      7.242   325.6898 1.5248e+01     1.6186      4.742      6.879    11.1709   999.6270 0.0000e+00
      4.838      0.031     6.1189     55.575     35.413  25.543387     2.9515      7.242   325.9940 1.5188e+01     1.6004      4.744      6.881    11.1324   999.6310 0.0000e+00
      4.842      0.031     6.1253     55.609     35.488  25.584487     2.9303      7.240   326.1103 1.5074e+01     1.5927      4.747      6.885    11.1018   999.6342 0.0000e+00
      4.849      0.033     6.1393     55.711     35.928  25.886821     2.9187      7.238   326.1485 1.4913e+01     1.5915      4.754      6.896    11.0890   999.6356 0.0000e+00
      4.858      0.036     6.1600     55.875     36.933  26.597750     2.9240      7.238   326.2838 1.4710e+01     1.5863      4.763      6.908    11.0796   999.6366 0.0000e+00
