Data/DataNotYetUploadedToEDI/Raw_CTD/RawDownloads/062719_bvr50.cnv
* Sea-Bird SBE19plus  Data File:
* FileName = C:\DATA\062719_bvr50_0002.hex
* Software version 2.8.0.119 SB_Terminal.dll
* Temperature SN = 7809
* Conductivity SN = 7809
* System UpLoad Time = Jun 27 2019 13:50:10
* <ApplicationData>
* <Seaterm232>
# nquan = 16
# nvalues = 945                         
# units = specified
# name 0 = depFM: Depth [fresh water, m]
# name 1 = dz/dtM: Descent Rate [m/s]
# name 2 = sbeox0Mg/L: Oxygen, SBE 43 [mg/l]
# name 3 = sbeox0PS: Oxygen, SBE 43 [% saturation]
# name 4 = specc: Specific Conductance [uS/cm]
# name 5 = c0uS/cm: Conductivity [uS/cm]
# name 6 = flECO-AFL: Fluorescence, WET Labs ECO-AFL/FL [mg/m^3]
# name 7 = ph: pH
# name 8 = orp: Oxidation Reduction Potential [mV]
# name 9 = par/sat/log: PAR/Logarithmic, Satlantic
# name 10 = turbWETntu0: Turbidity, WET Labs ECO [NTU]
# name 11 = prdM: Pressure, Strain Gauge [db]
# name 12 = prdE: Pressure, Strain Gauge [psi]
# name 13 = tv290C: Temperature [ITS-90, deg C]
# name 14 = density00: Density [density, kg/m^3]
# name 15 = flag:  0.000e+00
# span 0 =     -0.577,     10.725       
# span 1 =     -0.269,      0.292       
# span 2 =    -0.8522,     9.8860       
# span 3 =     -7.647,    113.465       
# span 4 =     26.221,    144.386       
# span 5 =  20.940483,  96.465438       
# span 6 =    -0.4830,   236.9481       
# span 7 =      6.254,      8.901       
# span 8 =    69.8532,   408.1766       
# span 9 = 1.2320e-01, 2.5078e+03       
# span 10 =    -1.7232,   136.3903      
# span 11 =     -0.574,     10.518      
# span 12 =     -0.833,     15.255      
# span 13 =     8.3635,    35.9575      
# span 14 =   993.7100,   999.9299      
# span 15 = 0.0000e+00, 0.0000e+00      
# interval = seconds: 0.25
# start_time = Jun 27 2019 13:36:18 [Instrument's time stamp, header]
# bad_flag = -9.990e-29
*END*
[from data line 91]
      0.011     -0.012     6.0958     76.250     28.316  29.345466     0.1314      7.906   303.3681 4.2210e+02     0.2249      0.008      0.012    26.6664   996.6224 0.0000e+00
      0.006     -0.007     6.0798     76.128     28.353  29.416175     0.1692      7.888   303.1316 7.0597e+02     0.1406      0.006      0.008    26.7182   996.6083 0.0000e+00
      0.005     -0.001     6.0403     75.723     28.529  29.636626     0.1889      7.872   302.9965 1.4504e+03     0.1024      0.004      0.005    26.7513   996.5993 0.0000e+00
      0.009      0.003     5.9820     75.068     28.646  29.790249     0.1799      7.861   302.7662 1.7331e+03     0.0572      0.004      0.005    26.7712   996.5939 0.0000e+00
      0.019      0.002     5.9010     74.164     28.623  29.814328     0.1558      7.853   302.5840 1.3549e+03     0.0201      0.020      0.029    26.8027   996.5852 0.0000e+00
      0.028     -0.001     5.8085     73.160     28.483  29.737483     0.1311      7.844   302.6009 7.9103e+02     0.0475      0.033      0.049    26.8594   996.5698 0.0000e+00
      0.023     -0.006     5.7257     72.231     28.386  29.686087     0.1235      7.834   302.6259 3.9973e+02     0.0615      0.025      0.036    26.9504   996.5450 0.0000e+00
      0.012     -0.011     5.6619     71.467     28.382  29.700592     0.1248      7.823   302.6281 4.0169e+02     0.0573      0.010      0.013    26.9763   996.5378 0.0000e+00
      0.003     -0.014     5.6151     70.889     28.398  29.722530     0.1290      7.812   302.7136 7.4641e+02     0.3241      0.001      0.000    27.0475   996.5181 0.0000e+00
      0.001     -0.014     5.5800     70.452     28.432  29.760998     0.1487      7.800   302.8854 1.0571e+03     0.8631      0.000      0.001    27.2212   996.4701 0.0000e+00
      0.001     -0.010     5.5530     70.118     28.452  29.784999     0.1727      7.790   302.9844 1.2796e+03     1.1669      0.002      0.003    27.3090   996.4457 0.0000e+00
      0.001     -0.006     5.5318     69.859     28.363  29.695479     0.1853      7.781   302.9644 1.5229e+03     1.1783      0.001      0.001    27.3199   996.4427 0.0000e+00
      0.000     -0.003     5.5173     69.680     28.177  29.503484     0.2140      7.772   302.8154 1.4000e+03     1.0018      0.000      0.000    27.3270   996.4408 0.0000e+00
     -0.001      0.002     5.5200     69.706     27.990  29.303643     0.2679      7.764   302.4732 9.2889e+02     0.6704     -0.000     -0.000    27.3321   996.4393 0.0000e+00
     -0.005      0.010     5.5515     70.071     27.827  29.119235     0.3004      7.755   301.9246 5.5786e+02     0.4811     -0.005     -0.007    27.3352   996.4384 0.0000e+00
     -0.006      0.023     5.6150     70.796     27.672  28.923456     0.3028      7.744   301.2592 4.3356e+02     0.4828     -0.009     -0.013    27.3422   996.4365 0.0000e+00
      0.000      0.042     5.7046     71.797     27.523  28.712979     0.2973      7.733   300.6221 3.9778e+02     0.4949     -0.001     -0.003    27.3528   996.4335 0.0000e+00
      0.013      0.065     5.8029     72.878     27.360  28.477708     0.2773      7.723   300.0723 2.9385e+02     0.4630      0.012      0.018    27.3448   996.4358 0.0000e+00
      0.032      0.092     5.8875     73.793     27.187  28.235880     0.2509      7.713   299.6883 2.1198e+02     0.4584      0.027      0.041    27.3261   996.4410 0.0000e+00
      0.058      0.120     5.9538     74.502     27.078  28.073006     0.2475      7.703   299.4204 2.0617e+02     0.5043      0.054      0.078    27.2732   996.4557 0.0000e+00
      0.093      0.145     6.0071     75.078     27.133  28.094463     0.2535      7.692   299.0700 3.9844e+02     0.5263      0.090      0.130    27.1600   996.4872 0.0000e+00
      0.135      0.162     6.0408     75.438     27.422  28.368364     0.2451      7.680   298.7212 7.7977e+02     0.4951      0.130      0.189    27.0308   996.5229 0.0000e+00
      0.185      0.166     6.0595     75.621     27.843  28.783405     0.2336      7.669   298.6446 8.2427e+02     0.4874      0.179      0.260    26.9156   996.5547 0.0000e+00
      0.240      0.156     6.0819     75.834     28.191  29.115531     0.2351      7.659   298.7460 4.4145e+02     0.5317      0.236      0.342    26.8242   996.5800 0.0000e+00
      0.290      0.136     6.1059     76.063     28.373  29.275120     0.2457      7.649   298.7422 1.5128e+02     0.5389      0.291      0.422    26.7554   996.5991 0.0000e+00
      0.324      0.111     6.1195     76.208     28.486  29.380519     0.2587      7.640   298.6851 8.1668e+01     0.5090      0.325      0.472    26.7156   996.6101 0.0000e+00
      0.340      0.083     6.1238     76.319     28.580  29.501590     0.2788      7.631   298.6583 6.8304e+01     0.4983      0.336      0.487    26.6896   996.6173 0.0000e+00
      0.347      0.057     6.1290     76.514     28.558  29.533484     0.2982      7.619   298.5905 6.3614e+01     0.5076      0.340      0.493    26.6364   996.6320 0.0000e+00
      0.356      0.038     6.1488     76.901     28.482  29.512444     0.3104      7.607   298.5544 6.2294e+01     0.5227      0.348      0.505    26.5729   996.6493 0.0000e+00
      0.364      0.028     6.1903     77.525     28.491  29.564530     0.3142      7.595   298.5654 6.2850e+01     0.5170      0.359      0.522    26.5390   996.6585 0.0000e+00
      0.369      0.023     6.2443     78.269     28.552  29.655724     0.3097      7.584   298.5508 6.4190e+01     0.5041      0.362      0.526    26.5835   996.6465 0.0000e+00
      0.373      0.019     6.2931     78.923     28.605  29.726806     0.3074      7.574   298.5503 6.4685e+01     0.4990      0.364      0.527    26.7017   996.6144 0.0000e+00
      0.380      0.014     6.3247     79.346     28.655  29.789503     0.3043      7.567   298.6462 6.3145e+01     0.4880      0.373      0.541    26.8156   996.5833 0.0000e+00
      0.385      0.010     6.3331     79.477     28.696  29.842752     0.2984      7.561   298.8494 5.9773e+01     0.4694      0.379      0.549    26.8856   996.5642 0.0000e+00
      0.385      0.007     6.3145     79.280     28.702  29.863038     0.2965      7.555   299.0278 5.6842e+01     0.4706      0.378      0.549    26.9311   996.5518 0.0000e+00
      0.384      0.004     6.2672     78.741     28.662  29.844455     0.2984      7.549   299.0823 5.5827e+01     0.5024      0.377      0.547    26.9599   996.5440 0.0000e+00
      0.384      0.002     6.1927     77.911     28.584  29.808458     0.3042      7.543   298.9914 5.6584e+01     0.5263      0.376      0.546    26.9730   996.5404 0.0000e+00
      0.385      0.000     6.0983     76.891     28.517  29.808567     0.3055      7.536   298.8755 5.8639e+01     0.5293      0.378      0.547    26.9884   996.5361 0.0000e+00
      0.386      0.000     5.9950     75.755     28.486  29.845883     0.2975      7.527   298.8863 6.1044e+01     0.5071      0.380      0.550    27.0160   996.5285 0.0000e+00
      0.386     -0.001     5.8962     74.620     28.472  29.879055     0.2944      7.520   298.9490 6.3192e+01     0.4866      0.379      0.550    27.0426   996.5212 0.0000e+00
      0.385     -0.002     5.8102     73.600     28.457  29.892470     0.3022      7.513   299.0325 6.4908e+01     0.5116      0.378      0.548    27.1112   996.5023 0.0000e+00
      0.385     -0.004     5.7342     72.679     28.429  29.881225     0.3058      7.507   299.1215 6.5384e+01     0.5462      0.378      0.548    27.2582   996.4615 0.0000e+00
      0.384     -0.004     5.6675     71.849     28.411  29.870025     0.3029      7.501   299.1637 6.4034e+01     0.5452      0.377      0.547    27.3991   996.4224 0.0000e+00
      0.382     -0.004     5.6100     71.118     28.426  29.883965     0.3012      7.495   299.1995 6.1901e+01     0.5313      0.375      0.543    27.4763   996.4009 0.0000e+00
      0.379     -0.005     5.5579     70.468     28.459  29.922865     0.3032      7.489   299.2955 6.0176e+01     0.5427      0.371      0.538    27.5191   996.3888 0.0000e+00
      0.378     -0.007     5.5110     69.917     28.474  29.959664     0.3088      7.484   299.5507 5.8878e+01     0.5512      0.370      0.537    27.5565   996.3784 0.0000e+00
      0.378     -0.010     5.4738     69.510     28.435  29.948228     0.3089      7.478   299.7893 5.8045e+01     0.5358      0.372      0.539    27.5678   996.3752 0.0000e+00
      0.378     -0.013     5.4528     69.310     28.371  29.911534     0.3039      7.471   299.7714 5.7836e+01     0.5204      0.372      0.539    27.5522   996.3796 0.0000e+00
      0.375     -0.015     5.4483     69.325     28.326  29.896758     0.3014      7.464   299.7647 5.8404e+01     0.5289      0.369      0.534    27.5556   996.3786 0.0000e+00
      0.368     -0.016     5.4489     69.432     28.282  29.896527     0.3035      7.456   299.7934 5.9989e+01     0.5414      0.363      0.526    27.5953   996.3675 0.0000e+00
      0.359     -0.019     5.4446     69.499     28.241  29.908814     0.3036      7.449   299.6032 6.2664e+01     0.5064      0.351      0.509    27.6550   996.3507 0.0000e+00
      0.353     -0.020     5.4396     69.525     28.211  29.918509     0.2937      7.443   299.4443 6.5588e+01     0.4667      0.343      0.498    27.7123   996.3345 0.0000e+00
      0.353     -0.020     5.4364     69.524     28.164  29.886909     0.2878      7.438   299.5072 6.6398e+01     0.4879      0.347      0.504    27.7571   996.3219 0.0000e+00
      0.351     -0.017     5.4264     69.421     28.112  29.844022     0.2938      7.432   299.5887 6.4846e+01     0.5325      0.348      0.503    27.8343   996.3001 0.0000e+00
      0.341     -0.015     5.4028     69.150     28.099  29.844132     0.3051      7.425   299.5692 6.3129e+01     0.5479      0.334      0.484    27.9594   996.2646 0.0000e+00
      0.333     -0.015     5.3676     68.719     28.072  29.824813     0.3111      7.420   299.5295 6.2401e+01     0.5428      0.323      0.468    28.0391   996.2419 0.0000e+00
      0.333     -0.013     5.3274     68.200     27.992  29.737354     0.3059      7.416   299.5394 6.1920e+01     0.5029      0.326      0.472    28.0532   996.2379 0.0000e+00
      0.335     -0.007     5.2884     67.670     27.947  29.674968     0.3036      7.409   299.6028 6.0692e+01     0.4592      0.331      0.480    28.0689   996.2335 0.0000e+00
      0.330      0.000     5.2561     67.196     28.002  29.704987     0.3090      7.401   299.6942 5.9605e+01     0.4739      0.324      0.471    28.1036   996.2235 0.0000e+00
      0.325      0.005     5.2313     66.807     28.108  29.783013     0.3103      7.392   299.7834 5.9593e+01     0.4844      0.315      0.457    28.1223   996.2181 0.0000e+00
      0.328      0.005     5.2087     66.455     28.206  29.856921     0.3026      7.385   299.8215 6.0055e+01     0.4545      0.318      0.462    28.1167   996.2198 0.0000e+00
      0.337      0.004     5.1839     66.087     28.271  29.900605     0.2939      7.380   299.8102 6.0242e+01     0.4395      0.332      0.482    28.0975   996.2253 0.0000e+00
      0.343      0.005     5.1577     65.709     28.259  29.867005     0.2917      7.375   299.8184 5.9641e+01     0.4676      0.340      0.493    28.0376   996.2423 0.0000e+00
      0.342      0.008     5.1328     65.357     28.182  29.767881     0.2928      7.367   299.7494 5.8803e+01     0.4994      0.337      0.489    27.9683   996.2620 0.0000e+00
      0.337      0.010     5.1093     65.022     28.151  29.717283     0.2978      7.354   299.6638 5.9864e+01     0.4955      0.329      0.478    27.9191   996.2761 0.0000e+00
      0.335      0.010     5.0856     64.692     28.207  29.762805     0.3012      7.339   299.7302 6.3461e+01     0.4862      0.324      0.471    27.8707   996.2897 0.0000e+00
      0.340      0.010     5.0626     64.379     28.262  29.810652     0.2983      7.331   299.7774 6.8084e+01     0.4855      0.331      0.479    27.8353   996.2998 0.0000e+00
      0.351      0.010     5.0410     64.080     28.252  29.788178     0.3063      7.329   299.7180 7.1148e+01     0.4875      0.345      0.500    27.8085   996.3074 0.0000e+00
      0.359      0.010     5.0217     63.814     28.221  29.744866     0.3121      7.327   299.7010 6.9927e+01     0.5092      0.356      0.516    27.7733   996.3172 0.0000e+00
      0.359      0.006     5.0037     63.569     28.216  29.731106     0.2986      7.324   299.7430 6.5135e+01     0.5190      0.355      0.516    27.7495   996.3241 0.0000e+00
      0.354      0.001     4.9867     63.340     28.238  29.748688     0.2909      7.322   299.7104 6.0595e+01     0.4752      0.346      0.502    27.7364   996.3278 0.0000e+00
      0.350     -0.004     4.9722     63.147     28.260  29.767092     0.3146      7.320   299.6514 5.8519e+01     0.4390      0.341      0.495    27.7124   996.3344 0.0000e+00
      0.350     -0.004     4.9591     62.969     28.262  29.763270     0.3592      7.318   299.7169 5.9011e+01     0.4743      0.345      0.500    27.6909   996.3405 0.0000e+00
      0.350     -0.003     4.9483     62.815     28.272  29.765909     0.3789      7.315   299.8137 6.1651e+01     0.5088      0.344      0.499    27.6783   996.3441 0.0000e+00
      0.350     -0.001     4.9424     62.723     28.252  29.735540     0.3707      7.311   299.7899 6.4748e+01     0.4949      0.341      0.495    27.6673   996.3471 0.0000e+00
      0.351      0.000     4.9417     62.695     28.179  29.649865     0.3557      7.310   299.6871 6.7208e+01     0.5038      0.344      0.498    27.6604   996.3491 0.0000e+00
      0.352      0.001     4.9463     62.722     28.164  29.618307     0.3359      7.306   299.6897 6.8457e+01     0.5173      0.347      0.504    27.6521   996.3514 0.0000e+00
      0.351      0.001     4.9561     62.806     28.234  29.671202     0.3219      7.300   299.8208 6.7552e+01     0.4943      0.345      0.501    27.6344   996.3564 0.0000e+00
      0.349      0.001     4.9678     62.926     28.293  29.718332     0.3079      7.296   299.9826 6.5536e+01     0.4875      0.340      0.493    27.6164   996.3614 0.0000e+00
      0.351     -0.001     4.9770     63.019     28.328  29.743987     0.2971      7.294   300.1829 6.3671e+01     0.4358      0.343      0.498    27.6109   996.3629 0.0000e+00
      0.354     -0.003     4.9831     63.068     28.388  29.791020     0.3041      7.293   300.3504 6.1740e+01     0.3274      0.350      0.508    27.5799   996.3717 0.0000e+00
      0.354     -0.005     4.9872     63.087     28.453  29.842828     0.3151      7.292   300.4580 6.0043e+01     0.2917      0.348      0.504    27.5299   996.3857 0.0000e+00
      0.350     -0.007     4.9894     63.082     28.487  29.862765     0.3090      7.289   300.4522 5.8747e+01     0.2984      0.343      0.497    27.5127   996.3905 0.0000e+00
      0.346     -0.009     4.9907     63.077     28.477  29.841710     0.2905      7.286   300.2797 5.7821e+01     0.2782      0.340      0.492    27.4955   996.3953 0.0000e+00
      0.343     -0.008     4.9927     63.098     28.358  29.715137     0.2819      7.284   300.0937 5.8591e+01     0.3099      0.336      0.488    27.4670   996.4032 0.0000e+00
      0.340     -0.003     4.9977     63.162     27.826  29.157227     0.2915      7.281   300.0096 6.1674e+01     0.4195      0.333      0.483    27.4375   996.4115 0.0000e+00
      0.337      0.002     5.0339     63.567     26.907  28.171867     0.3033      7.275   300.0366 6.6079e+01     0.4892      0.330      0.478    27.4057   996.4204 0.0000e+00
      0.338      0.006     5.2154     65.658     26.294  27.445064     0.3021      7.265   300.0774 7.0252e+01     0.4971      0.329      0.478    27.3829   996.4267 0.0000e+00
      0.344      0.009     5.6854     71.203     26.221  27.221459     0.3117      7.255   300.1586 7.2312e+01     0.5145      0.337      0.488    27.3828   996.4268 0.0000e+00
