Data/DataNotYetUploadedToEDI/Raw_CTD/RawDownloads/062719_fcr50.cnv
* Sea-Bird SBE19plus  Data File:
* FileName = C:\DATA\06272019_fcr50_0001.hex
* Software version 2.8.0.119 SB_Terminal.dll
* Temperature SN = 7809
* Conductivity SN = 7809
* System UpLoad Time = Jun 27 2019 09:47:37
* <ApplicationData>
* <Seaterm232>
# nquan = 16
# nvalues = 979                         
# units = specified
# name 0 = depFM: Depth [fresh water, m]
# name 1 = dz/dtM: Descent Rate [m/s]
# name 2 = sbeox0Mg/L: Oxygen, SBE 43 [mg/l]
# name 3 = sbeox0PS: Oxygen, SBE 43 [% saturation]
# name 4 = specc: Specific Conductance [uS/cm]
# name 5 = c0uS/cm: Conductivity [uS/cm]
# name 6 = flECO-AFL: Fluorescence, WET Labs ECO-AFL/FL [mg/m^3]
# name 7 = ph: pH
# name 8 = orp: Oxidation Reduction Potential [mV]
# name 9 = par/sat/log: PAR/Logarithmic, Satlantic
# name 10 = turbWETntu0: Turbidity, WET Labs ECO [NTU]
# name 11 = prdM: Pressure, Strain Gauge [db]
# name 12 = prdE: Pressure, Strain Gauge [psi]
# name 13 = tv290C: Temperature [ITS-90, deg C]
# name 14 = density00: Density [density, kg/m^3]
# name 15 = flag:  0.000e+00
# span 0 =     -0.494,      9.732       
# span 1 =     -0.194,      0.201       
# span 2 =    -0.3507,    12.2832       
# span 3 =     -3.106,    141.515       
# span 4 =      1.135,    134.742       
# span 5 =   1.091709,  94.294217       
# span 6 =    -0.3115,     4.4836       
# span 7 =      6.480,      8.715       
# span 8 = -1240.7455,   974.7347       
# span 9 = 1.2356e-01, 1.5481e+03       
# span 10 =    -1.8662,    52.8912      
# span 11 =     -0.485,      9.544      
# span 12 =     -0.703,     13.842      
# span 13 =     9.9138,    25.5019      
# span 14 =   996.9342,   999.7992      
# span 15 = 0.0000e+00, 0.0000e+00      
# interval = seconds: 0.25
# start_time = Jun 27 2019 09:36:25 [Instrument's time stamp, header]
# bad_flag = -9.990e-29
*END*
[from data line 814]
      7.311      0.050     5.6325     50.192     37.185  26.212794     0.7568      7.008   343.0744 8.3499e-01     3.5996      7.170     10.399    10.2604   999.7279 0.0000e+00
      7.323      0.050     5.6329     50.191     37.247  26.253759     0.7830      7.007   343.0482 8.3074e-01     3.5481      7.183     10.418    10.2607   999.7280 0.0000e+00
      7.333      0.050     5.6307     50.167     37.310  26.295444     0.7794      7.007   343.0014 8.4333e-01     3.5494      7.192     10.431    10.2583   999.7283 0.0000e+00
      7.342      0.053     5.6267     50.129     37.370  26.336147     0.7384      7.006   343.0252 8.5353e-01     3.4515      7.199     10.441    10.2497   999.7291 0.0000e+00
      7.355      0.058     5.6222     50.086     37.413  26.365238     0.6696      7.004   342.9916 8.4168e-01     3.2818      7.210     10.457    10.2433   999.7298 0.0000e+00
      7.371      0.064     5.6161     50.029     37.455  26.393405     0.6329      7.003   342.8533 8.1790e-01     3.1689      7.228     10.484    10.2396   999.7302 0.0000e+00
      7.391      0.069     5.6076     49.952     37.499  26.422934     0.6238      7.003   342.7292 7.9210e-01     3.1363      7.248     10.513    10.2373   999.7305 0.0000e+00
      7.412      0.074     5.6003     49.886     37.564  26.468492     0.6461      7.002   342.6952 7.7534e-01     3.1822      7.268     10.542    10.2354   999.7308 0.0000e+00
      7.432      0.074     5.5926     49.817     37.609  26.500147     0.6951      7.000   342.7877 7.7586e-01     3.2643      7.288     10.570    10.2328   999.7311 0.0000e+00
      7.451      0.071     5.5785     49.690     37.593  26.488457     0.7135      7.000   342.9868 7.5707e-01     3.3106      7.307     10.597    10.2304   999.7314 0.0000e+00
      7.470      0.067     5.5565     49.494     37.635  26.517468     0.7118      7.000   343.1236 7.2368e-01     3.3152      7.325     10.624    10.2288   999.7317 0.0000e+00
      7.486      0.063     5.5288     49.246     37.749  26.597149     0.7181      6.999   343.1511 7.0649e-01     3.3201      7.343     10.650    10.2285   999.7319 0.0000e+00
      7.500      0.060     5.4980     48.971     37.793  26.627101     0.7379      6.998   343.1461 6.9896e-01     3.2712      7.356     10.669    10.2284   999.7320 0.0000e+00
      7.514      0.060     5.4667     48.692     37.791  26.625839     0.7694      6.997   342.9776 6.9959e-01     3.1508      7.368     10.686    10.2279   999.7320 0.0000e+00
      7.527      0.061     5.4360     48.420     37.818  26.645334     0.7857      6.997   342.7491 6.9338e-01     3.0773      7.380     10.705    10.2271   999.7322 0.0000e+00
      7.541      0.063     5.4080     48.171     37.856  26.672489     0.7875      6.997   342.6204 6.7053e-01     3.0698      7.394     10.724    10.2260   999.7324 0.0000e+00
      7.558      0.067     5.3811     47.931     37.896  26.700387     0.7741      6.996   342.5400 6.5529e-01     3.0599      7.411     10.749    10.2250   999.7326 0.0000e+00
      7.577      0.070     5.3523     47.673     37.938  26.728867     0.7454      6.994   342.6372 6.5422e-01     2.9908      7.431     10.778    10.2242   999.7327 0.0000e+00
      7.597      0.070     5.3252     47.429     37.989  26.763064     0.7263      6.993   343.1077 6.5046e-01     2.8898      7.450     10.805    10.2257   999.7327 0.0000e+00
      7.617      0.070     5.2977     47.182     38.038  26.796644     0.7167      6.991   343.7547 6.3425e-01     2.8543      7.471     10.836    10.2278   999.7326 0.0000e+00
      7.635      0.070     5.2682     46.917     38.069  26.817648     0.7337      6.991   344.0923 6.2030e-01     2.8898      7.489     10.861    10.2269   999.7328 0.0000e+00
      7.649      0.069     5.2402     46.667     38.084  26.826689     0.7749      6.990   344.0064 6.1980e-01     2.9260      7.500     10.878    10.2246   999.7331 0.0000e+00
      7.664      0.068     5.2128     46.425     38.105  26.842508     0.7902      6.989   343.6624 6.1504e-01     2.9311      7.513     10.897    10.2222   999.7334 0.0000e+00
      7.683      0.068     5.1852     46.181     38.159  26.882025     0.7807      6.988   343.3751 6.0292e-01     2.9191      7.535     10.929    10.2207   999.7336 0.0000e+00
      7.703      0.068     5.1610     45.966     38.218  26.923826     0.7550      6.987   343.4580 5.9241e-01     3.0101      7.556     10.960    10.2199   999.7338 0.0000e+00
      7.721      0.066     5.1398     45.775     38.282  26.967255     0.7141      6.985   344.2348 5.8720e-01     3.2117      7.571     10.980    10.2182   999.7341 0.0000e+00
      7.738      0.063     5.1174     45.572     38.369  27.026451     0.6933      6.984   345.3682 5.7875e-01     3.3250      7.588     11.006    10.2184   999.7341 0.0000e+00
      7.755      0.062     5.0967     45.383     38.432  27.068552     0.6946      6.983   345.8906 5.5657e-01     3.3307      7.607     11.033    10.2217   999.7339 0.0000e+00
      7.769      0.062     5.0800     45.232     38.473  27.095615     0.7032      6.982   345.8187 5.4962e-01     3.3472      7.620     11.052    10.2228   999.7339 0.0000e+00
      7.780      0.066     5.0650     45.098     38.571  27.163333     0.7195      6.982   345.6172 5.5709e-01     3.3595      7.628     11.064    10.2201   999.7342 0.0000e+00
      7.793      0.071     5.0502     44.965     38.698  27.252874     0.7267      6.981   345.5190 5.4705e-01     3.3156      7.640     11.081    10.2162   999.7347 0.0000e+00
      7.813      0.076     5.0348     44.827     38.753  27.290008     0.7291      6.979   345.6640 5.2924e-01     3.2760      7.660     11.110    10.2127   999.7351 0.0000e+00
      7.838      0.079     5.0187     44.680     38.764  27.295085     0.7311      6.977   346.0793 5.1601e-01     3.3062      7.686     11.147    10.2100   999.7355 0.0000e+00
      7.863      0.079     5.0020     44.529     38.885  27.377697     0.7000      6.976   346.5831 5.0505e-01     3.5169      7.713     11.185    10.2091   999.7357 0.0000e+00
      7.886      0.075     4.9843     44.369     39.100  27.527510     0.6564      6.974   346.8509 5.0235e-01     3.8579      7.737     11.221    10.2099   999.7358 0.0000e+00
      7.904      0.068     4.9641     44.188     39.271  27.647193     0.6373      6.973   346.9945 5.0537e-01     4.0203      7.753     11.245    10.2085   999.7360 0.0000e+00
      7.918      0.059     4.9411     43.983     39.412  27.746169     0.6246      6.972   347.1148 4.9918e-01     4.0049      7.765     11.262    10.2044   999.7365 0.0000e+00
      7.931      0.053     4.9160     43.760     39.539  27.835963     0.6594      6.971   347.1004 4.8583e-01     3.9995      7.779     11.281    10.2010   999.7368 0.0000e+00
      7.942      0.049     4.8898     43.526     39.732  27.971521     0.7457      6.970   346.7340 4.7741e-01     4.0219      7.789     11.297    10.1991   999.7372 0.0000e+00
      7.953      0.049     4.8600     43.261     40.027  28.179671     0.7918      6.968   346.2989 4.7447e-01     4.0468      7.798     11.311    10.1979   999.7374 0.0000e+00
      7.964      0.052     4.8213     42.916     40.230  28.322343     0.7928      6.967   346.3999 4.7223e-01     4.0378      7.810     11.327    10.1977   999.7375 0.0000e+00
      7.975      0.055     4.7741     42.496     40.290  28.364136     0.7925      6.966   346.6645 4.6604e-01     4.0116      7.821     11.344    10.1981   999.7376 0.0000e+00
      7.990      0.058     4.7223     42.036     40.565  28.558091     0.7968      6.964   346.9172 4.4533e-01     4.0245      7.833     11.361    10.1982   999.7376 0.0000e+00
      8.009      0.061     4.6652     41.529     41.396  29.144622     0.7930      6.962   347.2182 4.1540e-01     4.0295      7.854     11.391    10.1977   999.7379 0.0000e+00
      8.027      0.065     4.6009     40.960     42.425  29.872108     0.7810      6.960   346.6893 3.9638e-01     4.0067      7.876     11.423    10.1975   999.7381 0.0000e+00
      8.041      0.069     4.5304     40.338     43.042  30.310829     0.7649      6.959   345.5135 3.9595e-01     4.0111      7.884     11.436    10.1978   999.7382 0.0000e+00
      8.056      0.071     4.4554     39.676     43.145  30.388108     0.7450      6.957   345.0474 3.9723e-01     4.0498      7.897     11.453    10.1985   999.7381 0.0000e+00
      8.076      0.071     4.3759     38.971     43.013  30.298844     0.7320      6.955   345.1838 3.9044e-01     4.0813      7.920     11.487    10.1993   999.7385 0.0000e+00
      8.098      0.070     4.2916     38.222     42.936  30.246838     0.7196      6.954   345.5277 3.8549e-01     4.0645      7.942     11.519    10.2020   999.7389 0.0000e+00
      8.118      0.069     4.1979     37.389     43.053  30.330404     0.7081      6.951   346.1078 3.7913e-01     4.0430      7.961     11.546    10.2081   999.7386 0.0000e+00
      8.137      0.068     4.0876     36.406     43.452  30.611221     0.7051      6.947   346.3464 3.7224e-01     4.0512      7.979     11.573    10.2150   999.7380 0.0000e+00
      8.152      0.066     3.9599     35.269     44.061  31.040472     0.7002      6.944   345.9179 3.6957e-01     4.0647      7.996     11.596    10.2195   999.7376 0.0000e+00
      8.163      0.064     3.8201     34.027     44.561  31.395732     0.6924      6.941   345.3150 3.6896e-01     4.0766      8.005     11.609    10.2215   999.7374 0.0000e+00
      8.177      0.064     3.6816     32.797     44.674  31.479909     0.6895      6.938   345.2515 3.6385e-01     4.0629      8.016     11.626    10.2218   999.7375 0.0000e+00
      8.197      0.065     3.5570     31.689     44.409  31.296749     0.6743      6.936   345.5813 3.5535e-01     4.1283      8.039     11.659    10.2211   999.7378 0.0000e+00
      8.217      0.068     3.4480     30.719     44.107  31.084918     0.6471      6.933   345.8607 3.5208e-01     4.3432      8.061     11.691    10.2211   999.7382 0.0000e+00
      8.233      0.070     3.3494     29.839     43.918  30.949351     0.6376      6.931   346.0473 3.4703e-01     4.4987      8.073     11.710    10.2245   999.7381 0.0000e+00
      8.248      0.069     3.2566     29.011     43.710  30.799849     0.6378      6.928   346.3748 3.2891e-01     4.5000      8.087     11.729    10.2304   999.7377 0.0000e+00
      8.268      0.065     3.1729     28.262     43.535  30.673356     0.6148      6.926   346.8963 3.1074e-01     4.5235      8.108     11.759    10.2355   999.7372 0.0000e+00
      8.289      0.063     3.1014     27.624     43.109  30.371795     0.5761      6.924   347.1897 3.0355e-01     4.6185      8.131     11.792    10.2370   999.7370 0.0000e+00
      8.305      0.063     3.0408     27.084     42.145  29.691886     0.5596      6.922   347.1694 2.9617e-01     4.6651      8.147     11.816    10.2334   999.7375 0.0000e+00
      8.317      0.064     2.9916     26.644     41.239  29.051864     0.5627      6.919   347.2524 2.8892e-01     4.7264      8.156     11.830    10.2291   999.7378 0.0000e+00
      8.327      0.064     2.9604     26.362     40.962  28.851729     0.5624      6.917   347.7636 2.8391e-01     5.2288      8.163     11.839    10.2263   999.7381 0.0000e+00
      8.342      0.064     2.9531     26.291     41.162  28.985278     0.5558      6.915   348.6178 2.7828e-01     6.0866      8.177     11.860    10.2237   999.7383 0.0000e+00
      8.364      0.066     2.9719     26.455     41.305  29.080303     0.5521      6.913   349.2351 2.7708e-01     6.5451      8.203     11.897    10.2240   999.7379 0.0000e+00
      8.386      0.069     3.0244     26.920     41.265  29.048891     0.5530      6.912   349.2046 2.7619e-01     6.6429      8.227     11.933    10.2235   999.7378 0.0000e+00
      8.401      0.071     3.1143     27.717     41.362  29.113084     0.5491      6.910   348.9376 2.6809e-01     7.4979      8.241     11.952    10.2158   999.7384 0.0000e+00
      8.415      0.069     3.2353     28.790     41.524  29.221947     0.5483      6.908   348.8456 2.6531e-01     9.1160      8.249     11.965    10.2049   999.7396 0.0000e+00
      8.433      0.065     3.3779     30.056     41.619  29.286462     0.5514      6.907   348.7809 2.6546e-01    10.0180      8.268     11.993    10.1988   999.7403 0.0000e+00
      8.455      0.065     3.5289     31.399     41.761  29.385507     0.5605      6.907   348.6709 2.5896e-01    10.1455      8.295     12.030    10.1960   999.7406 0.0000e+00
      8.472      0.068     3.6743     32.692     42.060  29.594609     0.5632      6.907   348.7209 2.5347e-01    10.5919      8.311     12.054    10.1906   999.7413 0.0000e+00
      8.483      0.070     3.8025     33.829     42.425  29.847648     0.5314      6.906   348.7831 2.4948e-01    11.3507      8.318     12.064    10.1841   999.7419 0.0000e+00
      8.498      0.072     3.9021     34.712     42.604  29.970298     0.4970      6.905   348.6480 2.4571e-01    11.7173      8.330     12.083    10.1805   999.7423 0.0000e+00
      8.520      0.074     3.9631     35.253     42.647  29.998840     0.4944      6.904   348.3779 2.5121e-01    11.7478      8.355     12.118    10.1813   999.7424 0.0000e+00
      8.543      0.076     3.9841     35.438     42.744  30.065835     0.5089      6.904   348.0134 2.5829e-01    11.7850      8.379     12.152    10.1802   999.7427 0.0000e+00
      8.564      0.076     3.9693     35.306     42.678  30.018866     0.5761      6.903   347.7677 2.4348e-01    11.7405      8.398     12.180    10.1745   999.7435 0.0000e+00
      8.584      0.072     3.9215     34.881     42.295  29.748209     0.7005      6.902   347.6437 2.2225e-01    11.6032      8.419     12.210    10.1704   999.7440 0.0000e+00
      8.603      0.067     3.8491     34.235     41.975  29.521863     0.7737      6.902   347.3756 2.2336e-01    11.5008      8.438     12.239    10.1682   999.7442 0.0000e+00
      8.618      0.062     3.7615     33.455     41.861  29.439555     0.7760      6.901   347.1066 2.3642e-01    11.4531      8.452     12.260    10.1666   999.7446 0.0000e+00
      8.630      0.056     3.6647     32.591     41.791  29.387556     0.7195      6.899   347.0588 2.3225e-01    11.0265      8.462     12.274    10.1660   999.7447 0.0000e+00
      8.643      0.050     3.5706     31.751     41.814  29.400773     0.6190      6.897   347.0561 2.1494e-01    10.2104      8.475     12.292    10.1655   999.7445 0.0000e+00
      8.658      0.046     3.4898     31.031     42.009  29.535904     0.5666      6.896   346.9874 2.0955e-01     9.7463      8.493     12.318    10.1642   999.7446 0.0000e+00
      8.670      0.046     3.4277     30.476     42.412  29.815804     0.5631      6.895   347.1752 2.1584e-01     9.6424      8.505     12.336    10.1624   999.7449 0.0000e+00
      8.677      0.051     3.3882     30.122     43.300  30.437234     0.5510      6.893   347.6053 2.2085e-01     9.1504      8.509     12.342    10.1584   999.7452 0.0000e+00
      8.684      0.061     3.3717     29.974     44.675  31.401982     0.5241      6.892   347.7139 2.1999e-01     8.2543      8.515     12.351    10.1540   999.7455 0.0000e+00
      8.696      0.072     3.3739     29.990     45.930  32.279152     0.5068      6.890   347.5412 2.1776e-01     7.7225      8.524     12.364    10.1518   999.7459 0.0000e+00
      8.716      0.082     3.3896     30.121     47.220  33.174052     0.5066      6.889   347.3243 2.0285e-01     7.6356      8.542     12.390    10.1480   999.7465 0.0000e+00
      8.747      0.091     3.4109     30.300     49.190  34.543015     0.5215      6.888   347.0712 1.7690e-01     7.5315      8.578     12.441    10.1440   999.7472 0.0000e+00
      8.781      0.094     3.4179     30.350     51.758  36.328085     0.5481      6.886   347.4919 1.6650e-01     7.3155      8.615     12.494    10.1445   999.7480 0.0000e+00
