Data/DataNotYetUploadedToEDI/Raw_CTD/RawDownloads/062719_bvr50.cnv
* Sea-Bird SBE19plus  Data File:
* FileName = C:\DATA\062719_bvr50_0002.hex
* Software version 2.8.0.119 SB_Terminal.dll
* Temperature SN = 7809
* Conductivity SN = 7809
* System UpLoad Time = Jun 27 2019 13:50:10
* <ApplicationData>
* <Seaterm232>
# nquan = 16
# nvalues = 945                         
# units = specified
# name 0 = depFM: Depth [fresh water, m]
# name 1 = dz/dtM: Descent Rate [m/s]
# name 2 = sbeox0Mg/L: Oxygen, SBE 43 [mg/l]
# name 3 = sbeox0PS: Oxygen, SBE 43 [% saturation]
# name 4 = specc: Specific Conductance [uS/cm]
# name 5 = c0uS/cm: Conductivity [uS/cm]
# name 6 = flECO-AFL: Fluorescence, WET Labs ECO-AFL/FL [mg/m^3]
# name 7 = ph: pH
# name 8 = orp: Oxidation Reduction Potential [mV]
# name 9 = par/sat/log: PAR/Logarithmic, Satlantic
# name 10 = turbWETntu0: Turbidity, WET Labs ECO [NTU]
# name 11 = prdM: Pressure, Strain Gauge [db]
# name 12 = prdE: Pressure, Strain Gauge [psi]
# name 13 = tv290C: Temperature [ITS-90, deg C]
# name 14 = density00: Density [density, kg/m^3]
# name 15 = flag:  0.000e+00
# span 0 =     -0.577,     10.725       
# span 1 =     -0.269,      0.292       
# span 2 =    -0.8522,     9.8860       
# span 3 =     -7.647,    113.465       
# span 4 =     26.221,    144.386       
# span 5 =  20.940483,  96.465438       
# span 6 =    -0.4830,   236.9481       
# span 7 =      6.254,      8.901       
# span 8 =    69.8532,   408.1766       
# span 9 = 1.2320e-01, 2.5078e+03       
# span 10 =    -1.7232,   136.3903      
# span 11 =     -0.574,     10.518      
# span 12 =     -0.833,     15.255      
# span 13 =     8.3635,    35.9575      
# span 14 =   993.7100,   999.9299      
# span 15 = 0.0000e+00, 0.0000e+00      
# interval = seconds: 0.25
# start_time = Jun 27 2019 13:36:18 [Instrument's time stamp, header]
# bad_flag = -9.990e-29
*END*
[from data line 904]
     10.451      0.024     0.0826      0.705    105.128  70.201713     1.9149      6.280    85.4004 1.2334e-01     4.5172     10.250     14.865     8.3920   999.9143 0.0000e+00
     10.452      0.011     0.0809      0.690    104.834  70.015112     1.8766      6.280    84.8267 1.2333e-01     4.3767     10.249     14.866     8.3866   999.9147 0.0000e+00
     10.454      0.006     0.0799      0.681    105.178  70.265248     1.8236      6.279    84.2586 1.2332e-01     4.1867     10.254     14.872     8.3853   999.9149 0.0000e+00
     10.453      0.008     0.0803      0.685    105.676  70.619278     1.8023      6.279    83.6078 1.2337e-01     4.1200     10.253     14.871     8.3861   999.9148 0.0000e+00
     10.451      0.017     0.0800      0.683    106.129  70.925848     1.8183      6.278    83.1528 1.2340e-01     4.1278     10.247     14.863     8.3852   999.9144 0.0000e+00
     10.452      0.030     0.0780      0.665    106.718  71.301477     1.8441      6.277    82.8866 1.2337e-01     4.2148     10.248     14.863     8.3884   999.9140 0.0000e+00
     10.461      0.046     0.0756      0.645    107.680  71.918154     1.8632      6.276    82.5399 1.2336e-01     4.4184     10.256     14.875     8.4006   999.9135 0.0000e+00
     10.476      0.062     0.0750      0.639    109.012  72.786413     1.8591      6.274    82.2313 1.2336e-01     4.5247     10.271     14.897     8.4147   999.9128 0.0000e+00
     10.496      0.075     0.0761      0.649    110.152  73.533019     1.8544      6.274    81.9943 1.2332e-01     4.5169     10.292     14.927     8.4175   999.9129 0.0000e+00
     10.521      0.081     0.0770      0.656    110.700  73.886789     1.9185      6.273    81.6527 1.2330e-01     4.5534     10.316     14.963     8.4056   999.9140 0.0000e+00
     10.549      0.079     0.0768      0.655    110.710  73.884219     2.0362      6.271    81.3703 1.2331e-01     4.6056     10.346     15.006     8.3911   999.9154 0.0000e+00
     10.574      0.070     0.0763      0.651    110.330  73.629118     2.1071      6.270    81.1614 1.2334e-01     4.5916     10.373     15.044     8.3818   999.9168 0.0000e+00
     10.591      0.057     0.0767      0.653    110.081  73.473254     2.1162      6.269    80.7622 1.2335e-01     4.5475     10.389     15.067     8.3756   999.9177 0.0000e+00
     10.601      0.043     0.0757      0.645    110.612  73.843872     2.0947      6.268    80.3291 1.2333e-01     4.5312     10.397     15.079     8.3699   999.9182 0.0000e+00
     10.606      0.033     0.0730      0.622    112.413  75.057772     1.9955      6.268    79.9679 1.2329e-01     4.4606     10.401     15.086     8.3651   999.9187 0.0000e+00
     10.609      0.027     0.0731      0.623    114.778  76.639468     1.8347      6.267    79.4931 1.2329e-01     4.3490     10.404     15.090     8.3635   999.9185 0.0000e+00
     10.612      0.026     0.0748      0.637    116.564  77.831552     1.7547      6.266    78.9757 1.2331e-01     4.3287     10.406     15.092     8.3689   999.9180 0.0000e+00
     10.618      0.028     0.0745      0.635    120.656  80.566998     1.7569      6.266    78.3589 1.2331e-01     4.3465     10.411     15.100     8.3787   999.9175 0.0000e+00
     10.628      0.033     0.0750      0.639    127.132  84.902227     1.8085      6.266    77.5416 1.2333e-01     4.4323     10.422     15.115     8.3846   999.9177 0.0000e+00
     10.639      0.037     0.0755      0.644    129.369  86.413820     1.9113      6.266    76.7511 1.2337e-01     4.6123     10.433     15.133     8.3846   999.9193 0.0000e+00
     10.649      0.039     0.0731      0.624    128.809  86.056797     1.9676      6.266    76.1150 1.2337e-01     4.7209     10.443     15.147     8.3831   999.9194 0.0000e+00
     10.659      0.039     0.0708      0.604    133.276  89.048267     1.9689      6.266    75.6157 1.2335e-01     4.7292     10.452     15.160     8.3840   999.9203 0.0000e+00
     10.670      0.037     0.0703      0.600    141.177  94.325736     1.9704      6.266    75.2735 1.2327e-01     4.6795     10.463     15.176     8.3875   999.9244 0.0000e+00
     10.680      0.034     0.0698      0.595    144.386  96.465438     1.9861      6.265    74.8164 1.2320e-01     4.6124     10.474     15.192     8.3962   999.9243 0.0000e+00
     10.689      0.030     0.0709      0.604    140.665  93.977708     2.0022      6.265    74.0472 1.2321e-01     4.5724     10.483     15.205     8.4050   999.9216 0.0000e+00
     10.696      0.025     0.0749      0.639    134.451  89.836762     2.0003      6.264    73.3725 1.2322e-01     4.5247     10.490     15.214     8.4066   999.9238 0.0000e+00
     10.701      0.020     0.0776      0.662    129.705  86.688335     1.9810      6.263    72.9400 1.2322e-01     4.3303     10.495     15.221     8.4050   999.9284 0.0000e+00
     10.705      0.016     0.0782      0.667    126.573  84.612382     1.9511      6.262    72.6029 1.2325e-01     4.0245     10.498     15.226     8.4035   999.9299 0.0000e+00
     10.708      0.013     0.0778      0.663    123.678  82.680365     1.9332      6.261    72.3081 1.2333e-01     3.8748     10.501     15.231     8.4009   999.9279 0.0000e+00
     10.711      0.011     0.0768      0.655    121.285  81.079312     1.9204      6.259    71.8707 1.2336e-01     3.8642     10.504     15.235     8.4042   999.9248 0.0000e+00
     10.713      0.009     0.0773      0.660    120.344  80.459160     1.8921      6.259    71.3592 1.2332e-01     3.9293     10.506     15.239     8.4167   999.9223 0.0000e+00
     10.715      0.008     0.0771      0.658    120.218  80.398679     1.8684      6.259    70.9409 1.2332e-01     4.0719     10.508     15.241     8.4253   999.9209 0.0000e+00
     10.717      0.007     0.0754      0.644    119.907  80.220829     1.8675      6.258    70.5124 1.2337e-01     4.1464     10.510     15.244     8.4242   999.9198 0.0000e+00
     10.719      0.006     0.0737      0.630    119.861  80.217214     1.8731      6.256    70.1366 1.2343e-01     4.1414     10.512     15.246     8.4212   999.9189 0.0000e+00
     10.720      0.006     0.0731      0.625    120.320  80.545864     1.8839      6.254    70.0108 1.2346e-01     4.1757     10.512     15.247     8.4241   999.9185 0.0000e+00
     10.721      0.005     0.0740      0.632    120.903  80.950256     1.9019      6.254    69.9376 1.2339e-01     4.2659     10.514     15.249     8.4358   999.9181 0.0000e+00
     10.723      0.005     0.0746      0.637    121.213  81.162589     1.9099      6.254    69.8532 1.2331e-01     4.3140     10.516     15.252     8.4502   999.9167 0.0000e+00
     10.724 -9.990e-29 -9.990e-29 -9.990e-29 -9.990e-29 -9.990e-29 -9.990e-29 -9.990e-29 -9.990e-29 1.2332e-01 -9.990e-29     10.517     15.253     8.4615   999.9159 0.0000e+00
     10.724 -9.990e-29 -9.990e-29 -9.990e-29 -9.990e-29 -9.990e-29 -9.990e-29 -9.990e-29 -9.990e-29 1.2329e-01 -9.990e-29     10.517     15.253     8.4706   999.9156 0.0000e+00
     10.725 -9.990e-29 -9.990e-29 -9.990e-29 -9.990e-29 -9.990e-29 -9.990e-29 -9.990e-29 -9.990e-29 1.2324e-01 -9.990e-29     10.517     15.254     8.4767   999.9154 0.0000e+00
     10.725 -9.990e-29 -9.990e-29 -9.990e-29 -9.990e-29 -9.990e-29 -9.990e-29 -9.990e-29 -9.990e-29 1.2323e-01 -9.990e-29     10.518     15.255     8.4786   999.9155 0.0000e+00
