Data/DataNotYetUploadedToEDI/Raw_CTD/RawDownloads/062719_fcr50.cnv
* Sea-Bird SBE19plus  Data File:
* FileName = C:\DATA\06272019_fcr50_0001.hex
* Software version 2.8.0.119 SB_Terminal.dll
* Temperature SN = 7809
* Conductivity SN = 7809
* System UpLoad Time = Jun 27 2019 09:47:37
* <ApplicationData>
* <Seaterm232>
# nquan = 16
# nvalues = 979                         
# units = specified
# name 0 = depFM: Depth [fresh water, m]
# name 1 = dz/dtM: Descent Rate [m/s]
# name 2 = sbeox0Mg/L: Oxygen, SBE 43 [mg/l]
# name 3 = sbeox0PS: Oxygen, SBE 43 [% saturation]
# name 4 = specc: Specific Conductance [uS/cm]
# name 5 = c0uS/cm: Conductivity [uS/cm]
# name 6 = flECO-AFL: Fluorescence, WET Labs ECO-AFL/FL [mg/m^3]
# name 7 = ph: pH
# name 8 = orp: Oxidation Reduction Potential [mV]
# name 9 = par/sat/log: PAR/Logarithmic, Satlantic
# name 10 = turbWETntu0: Turbidity, WET Labs ECO [NTU]
# name 11 = prdM: Pressure, Strain Gauge [db]
# name 12 = prdE: Pressure, Strain Gauge [psi]
# name 13 = tv290C: Temperature [ITS-90, deg C]
# name 14 = density00: Density [density, kg/m^3]
# name 15 = flag:  0.000e+00
# span 0 =     -0.494,      9.732       
# span 1 =     -0.194,      0.201       
# span 2 =    -0.3507,    12.2832       
# span 3 =     -3.106,    141.515       
# span 4 =      1.135,    134.742       
# span 5 =   1.091709,  94.294217       
# span 6 =    -0.3115,     4.4836       
# span 7 =      6.480,      8.715       
# span 8 = -1240.7455,   974.7347       
# span 9 = 1.2356e-01, 1.5481e+03       
# span 10 =    -1.8662,    52.8912      
# span 11 =     -0.485,      9.544      
# span 12 =     -0.703,     13.842      
# span 13 =     9.9138,    25.5019      
# span 14 =   996.9342,   999.7992      
# span 15 = 0.0000e+00, 0.0000e+00      
# interval = seconds: 0.25
# start_time = Jun 27 2019 09:36:25 [Instrument's time stamp, header]
# bad_flag = -9.990e-29
*END*
[from data line 362]
      0.977      0.038     8.4085    102.282     34.450  34.642329     1.7800      7.218   273.1146 3.0031e+02     2.0500      0.958      1.389    25.2770   996.9972 0.0000e+00
      0.987      0.039     8.4091    102.286     34.453  34.643481     1.7741      7.220   272.8791 3.0076e+02     2.0620      0.968      1.403    25.2763   996.9974 0.0000e+00
      0.999      0.042     8.4093    102.284     34.468  34.657299     1.7488      7.221   272.7025 2.9740e+02     2.0537      0.980      1.422    25.2753   996.9977 0.0000e+00
      1.010      0.044     8.4091    102.277     34.495  34.682467     1.7167      7.223   273.1309 2.9528e+02     2.0479      0.990      1.436    25.2734   996.9983 0.0000e+00
      1.022      0.045     8.4065    102.242     34.508  34.693911     1.7062      7.225   273.6704 2.9508e+02     2.0578      1.002      1.453    25.2720   996.9987 0.0000e+00
      1.034      0.046     8.3980    102.136     34.483  34.668733     1.7098      7.226   273.8912 2.9368e+02     2.0415      1.015      1.472    25.2712   996.9989 0.0000e+00
      1.045      0.047     8.3826    101.948     34.447  34.631914     1.7173      7.226   273.9079 2.9409e+02     2.0152      1.025      1.486    25.2686   996.9996 0.0000e+00
      1.056      0.048     8.3652    101.734     34.446  34.629522     1.7353      7.224   273.7864 2.9663e+02     2.0349      1.035      1.501    25.2651   997.0006 0.0000e+00
      1.068      0.048     8.3508    101.559     34.456  34.639803     1.7538      7.220   273.6261 2.9725e+02     2.0828      1.046      1.518    25.2634   997.0012 0.0000e+00
      1.081      0.046     8.3421    101.453     34.446  34.629295     1.7595      7.212   273.6043 2.9724e+02     2.1018      1.060      1.538    25.2628   997.0013 0.0000e+00
      1.095      0.043     8.3386    101.410     34.446  34.629398     1.7609      7.204   273.7817 3.0592e+02     2.0362      1.073      1.557    25.2619   997.0015 0.0000e+00
      1.107      0.038     8.3383    101.406     34.458  34.641050     1.7624      7.198   273.8780 3.1425e+02     1.9122      1.087      1.575    25.2612   997.0018 0.0000e+00
      1.117      0.033     8.3394    101.421     34.459  34.643254     1.7595      7.197   273.9942 3.0392e+02     1.8484      1.098      1.592    25.2611   997.0019 0.0000e+00
      1.124      0.028     8.3427    101.461     34.472  34.656042     1.7612      7.200   274.2402 2.9595e+02     1.8549      1.103      1.600    25.2607   997.0020 0.0000e+00
      1.127      0.026     8.3494    101.541     34.485  34.668734     1.7649      7.204   273.9274 3.0445e+02     1.9244      1.105      1.604    25.2595   997.0024 0.0000e+00
      1.130      0.026     8.3564    101.621     34.488  34.669775     1.7694      7.208   273.2234 3.0715e+02     2.0334      1.108      1.606    25.2597   997.0023 0.0000e+00
      1.135      0.028     8.3604    101.665     34.489  34.668632     1.7727      7.211   273.1274 3.0468e+02     2.0594      1.111      1.611    25.2609   997.0020 0.0000e+00
      1.145      0.031     8.3631    101.691     34.478  34.654908     1.7704      7.215   273.6272 3.1319e+02     2.0415      1.122      1.627    25.2610   997.0021 0.0000e+00
      1.155      0.034     8.3685    101.748     34.457  34.630773     1.7847      7.216   274.1895 3.2333e+02     2.0458      1.135      1.646    25.2604   997.0023 0.0000e+00
      1.165      0.037     8.3787    101.865     34.459  34.630669     1.8149      7.216   274.3337 3.3289e+02     2.0460      1.143      1.658    25.2579   997.0029 0.0000e+00
      1.174      0.038     8.3905    102.000     34.485  34.653658     1.8327      7.214   273.6497 3.4987e+02     2.0441      1.151      1.670    25.2545   997.0039 0.0000e+00
      1.183      0.038     8.4012    102.117     34.491  34.654855     1.8345      7.210   272.6306 3.5971e+02     2.0230      1.160      1.683    25.2508   997.0049 0.0000e+00
      1.193      0.038     8.4105    102.209     34.489  34.645143     1.8110      7.208   272.2510 3.4517e+02     2.0525      1.169      1.696    25.2470   997.0059 0.0000e+00
      1.204      0.039     8.4166    102.251     34.519  34.663143     1.7737      7.208   272.5012 3.2420e+02     2.1724      1.181      1.713    25.2428   997.0070 0.0000e+00
      1.214      0.040     8.4210    102.265     34.615  34.745541     1.7567      7.205   272.9034 3.2460e+02     2.2594      1.191      1.727    25.2388   997.0082 0.0000e+00
      1.223      0.040     8.4288    102.290     34.775  34.879793     1.7529      7.198   272.8111 3.3171e+02     2.2861      1.199      1.739    25.2327   997.0098 0.0000e+00
      1.233      0.039     8.4438    102.330     34.901  34.953538     1.7548      7.191   272.1597 3.3286e+02     2.2983      1.209      1.753    25.2233   997.0122 0.0000e+00
      1.244      0.038     8.4643    102.386     34.957  34.938977     1.7620      7.189   271.8249 3.3845e+02     2.2420      1.218      1.767    25.2038   997.0173 0.0000e+00
      1.255      0.039     8.4921    102.543     34.979  34.894031     1.7617      7.189   271.8602 3.4350e+02     2.1302      1.232      1.787    25.1839   997.0225 0.0000e+00
      1.264      0.041     8.5341    102.908     34.991  34.854274     1.7596      7.189   271.8987 3.3350e+02     2.0605      1.241      1.800    25.1629   997.0280 0.0000e+00
      1.271      0.044     8.5971    103.561     35.015  34.839002     1.7627      7.188   272.0313 3.1307e+02     2.0546      1.244      1.805    25.0821   997.0489 0.0000e+00
      1.281      0.047     8.6892    104.580     35.045  34.836255     1.7646      7.188   272.0869 3.0330e+02     2.0920      1.254      1.818    24.9614   997.0798 0.0000e+00
      1.296      0.049     8.8163    105.995     35.070  34.821009     1.7651      7.188   271.8829 3.0862e+02     2.1195      1.271      1.843    24.8660   997.1044 0.0000e+00
      1.311      0.052     8.9779    107.786     35.084  34.781529     1.7595      7.190   271.7154 3.1417e+02     2.0915      1.285      1.866    24.7910   997.1236 0.0000e+00
      1.325      0.054     9.1729    109.954     35.102  34.739627     1.7498      7.194   271.7827 3.0738e+02     2.0488      1.299      1.884    24.7382   997.1370 0.0000e+00
      1.339      0.054     9.4095    112.608     35.119  34.695093     1.7692      7.197   271.9223 3.0079e+02     2.0292      1.314      1.906    24.7027   997.1460 0.0000e+00
      1.352      0.053     9.6990    115.860     35.116  34.623778     1.8113      7.199   271.9405 3.0193e+02     2.0183      1.326      1.924    24.6457   997.1606 0.0000e+00
      1.365      0.053    10.0404    119.679     35.150  34.575402     1.8249      7.200   271.8311 2.9809e+02     2.0159      1.338      1.940    24.5643   997.1812 0.0000e+00
      1.378      0.053    10.4080    123.779     35.215  34.554319     1.8216      7.199   271.6325 2.8556e+02     2.0333      1.350      1.958    24.4789   997.2027 0.0000e+00
      1.392      0.052    10.7565    127.663     35.234  34.495661     1.8673      7.197   271.3458 2.7561e+02     2.0635      1.365      1.979    24.3943   997.2240 0.0000e+00
      1.407      0.051    11.0587    131.039     35.237  34.437252     1.9518      7.197   271.0321 2.7283e+02     2.0537      1.379      2.000    24.3011   997.2474 0.0000e+00
      1.422      0.049    11.3135    133.897     35.266  34.419202     1.9947      7.202   270.8501 2.6738e+02     2.0138      1.394      2.022    24.1815   997.2772 0.0000e+00
      1.434      0.047    11.5252    136.268     35.289  34.404297     1.9955      7.209   270.7803 2.6066e+02     2.0072      1.408      2.042    24.0503   997.3098 0.0000e+00
      1.442      0.045    11.6970    138.164     35.306  34.383917     1.9699      7.216   270.6178 2.5770e+02     2.0067      1.415      2.053    23.9374   997.3377 0.0000e+00
      1.451      0.044    11.8247    139.533     35.322  34.363130     1.9184      7.224   270.4343 2.5405e+02     2.0081      1.421      2.062    23.8506   997.3590 0.0000e+00
      1.463      0.044    11.9043    140.351     35.335  34.343301     1.8849      7.233   270.3692 2.4840e+02     2.0567      1.434      2.081    23.7900   997.3739 0.0000e+00
      1.476      0.045    11.9491    140.774     35.355  34.334516     1.8765      7.239   270.3465 2.4575e+02     2.1019      1.448      2.101    23.7431   997.3855 0.0000e+00
      1.488      0.046    11.9801    141.033     35.370  34.320328     1.8781      7.246   269.9872 2.4418e+02     2.0634      1.459      2.116    23.6907   997.3983 0.0000e+00
      1.499      0.047    12.0042    141.213     35.376  34.298650     1.8951      7.252   269.2083 2.4371e+02     2.0174      1.469      2.131    23.6329   997.4124 0.0000e+00
      1.512      0.047    12.0208    141.316     35.364  34.262771     1.9186      7.257   268.5005 2.4197e+02     2.0378      1.483      2.150    23.5869   997.4236 0.0000e+00
      1.524      0.048    12.0322    141.356     35.329  34.203805     1.9365      7.263   267.8820 2.3547e+02     2.0799      1.495      2.167    23.5521   997.4321 0.0000e+00
      1.535      0.050    12.0385    141.320     35.311  34.156846     1.9638      7.270   267.6670 2.3152e+02     2.1010      1.504      2.182    23.5113   997.4421 0.0000e+00
      1.548      0.052    12.0435    141.258     35.326  34.139202     2.1011      7.275   268.1390 2.2800e+02     2.1294      1.518      2.202    23.4684   997.4524 0.0000e+00
      1.562      0.055    12.0520    141.245     35.334  34.117353     2.3399      7.277   268.5120 2.2415e+02     2.2254      1.532      2.221    23.4359   997.4604 0.0000e+00
      1.576      0.058    12.0618    141.260     35.326  34.083028     2.4759      7.280   268.0471 2.2417e+02     2.3110      1.546      2.242    23.4057   997.4677 0.0000e+00
      1.591      0.060    12.0667    141.236     35.305  34.041468     2.4968      7.285   266.3898 2.2458e+02     2.3129      1.559      2.262    23.3614   997.4784 0.0000e+00
      1.608      0.061    12.0620    141.113     35.276  33.995606     2.5141      7.291   264.3045 2.2141e+02     2.3466      1.576      2.285    23.3120   997.4904 0.0000e+00
      1.625      0.061    12.0471    140.844     35.279  33.972745     2.5376      7.295   262.7957 2.1832e+02     2.4561      1.594      2.312    23.2719   997.5000 0.0000e+00
      1.640      0.060    12.0254    140.455     35.298  33.955413     2.5561      7.300   261.7416 2.1768e+02     2.5227      1.607      2.332    23.2324   997.5095 0.0000e+00
      1.655      0.059    12.0071    140.094     35.294  33.912919     2.5646      7.306   261.1095 2.1565e+02     2.5288      1.622      2.353    23.2012   997.5171 0.0000e+00
      1.670      0.057    12.0016    139.893     35.256  33.839688     2.5962      7.313   260.8316 2.1235e+02     2.6612      1.639      2.378    23.1843   997.5212 0.0000e+00
      1.685      0.056    12.0076    139.839     35.216  33.768023     2.6518      7.318   260.5326 2.0855e+02     2.9447      1.653      2.398    23.1506   997.5293 0.0000e+00
      1.698      0.056    12.0154    139.846     35.215  33.744483     2.6735      7.321   260.1610 2.0410e+02     3.1053      1.666      2.415    23.0944   997.5428 0.0000e+00
      1.711      0.055    12.0198    139.872     35.223  33.745425     2.6768      7.323   259.7797 2.0050e+02     3.1278      1.677      2.432    23.0355   997.5568 0.0000e+00
      1.725      0.055    12.0301    139.983     35.194  33.715944     2.6916      7.326   259.5366 1.9887e+02     3.1514      1.691      2.452    22.9854   997.5687 0.0000e+00
      1.740      0.056    12.0575    140.242     35.133  33.641887     2.6874      7.331   259.4583 1.9856e+02     3.1281      1.708      2.477    22.9354   997.5805 0.0000e+00
      1.754      0.056    12.0971    140.579     35.069  33.548086     2.6702      7.336   259.6938 1.9778e+02     3.0756      1.721      2.496    22.8960   997.5899 0.0000e+00
      1.768      0.056    12.1365    140.880     35.030  33.470237     2.6741      7.340   260.1470 1.9480e+02     3.0412      1.733      2.514    22.8944   997.5903 0.0000e+00
      1.783      0.055    12.1718    141.115     35.003  33.398647     2.6825      7.343   260.1200 1.9075e+02     3.0392      1.749      2.537    22.9046   997.5879 0.0000e+00
      1.798      0.055    12.2039    141.306     34.967  33.317066     2.7191      7.348   259.7968 1.8783e+02     3.0851      1.763      2.557    22.8833   997.5931 0.0000e+00
      1.812      0.056    12.2310    141.448     34.938  33.245330     2.8047      7.352   259.5948 1.8542e+02     3.1375      1.777      2.577    22.8287   997.6060 0.0000e+00
      1.825      0.059    12.2513    141.515     34.900  33.165852     2.8593      7.354   259.4847 1.8187e+02     3.1475      1.790      2.598    22.7704   997.6198 0.0000e+00
      1.838      0.064    12.2633    141.482     34.829  33.054119     2.8678      7.353   260.0145 1.7778e+02     3.1079      1.801      2.613    22.7043   997.6352 0.0000e+00
      1.853      0.071    12.2668    141.330     34.728  32.909698     2.8815      7.352   260.9250 1.7481e+02     3.0845      1.816      2.633    22.6328   997.6520 0.0000e+00
      1.871      0.077    12.2621    141.060     34.621  32.752288     2.9037      7.356   261.1143 1.7281e+02     3.0943      1.834      2.660    22.5714   997.6664 0.0000e+00
      1.894      0.082    12.2480    140.669     34.532  32.610404     2.9102      7.364   260.7548 1.7060e+02     3.0957      1.854      2.689    22.5106   997.6805 0.0000e+00
      1.919      0.085    12.2247    140.181     34.437  32.463317     2.9085      7.370   260.4502 1.6798e+02     3.1015      1.882      2.729    22.4484   997.6950 0.0000e+00
      1.945      0.086    12.1957    139.631     34.330  32.306446     2.9263      7.374   260.3572 1.6528e+02     3.0990      1.910      2.769    22.3800   997.7110 0.0000e+00
      1.966      0.085    12.1672    139.076     34.250  32.173182     2.9608      7.379   261.0058 1.6276e+02     3.0979      1.929      2.798    22.2978   997.7299 0.0000e+00
      1.985      0.081    12.1436    138.563     34.193  32.057674     2.9882      7.384   262.1836 1.6021e+02     3.0880      1.946      2.822    22.2093   997.7502 0.0000e+00
      2.005      0.076    12.1224    138.082     34.117  31.925104     2.9881      7.391   262.8104 1.5686e+02     3.0449      1.966      2.852    22.1279   997.7690 0.0000e+00
      2.025      0.074    12.1031    137.640     34.018  31.775909     2.9761      7.396   262.8196 1.5397e+02     3.0032      1.987      2.882    22.0508   997.7865 0.0000e+00
      2.043      0.075    12.0906    137.275     33.944  31.649763     2.9826      7.398   262.7261 1.5204e+02     2.9441      2.004      2.907    21.9660   997.8058 0.0000e+00
      2.059      0.077    12.0883    137.001     33.897  31.542033     2.9884      7.400   262.9700 1.5005e+02     2.8867      2.018      2.927    21.8713   997.8273 0.0000e+00
      2.077      0.079    12.0928    136.769     33.848  31.425122     2.9860      7.404   263.7035 1.4709e+02     2.8676      2.035      2.951    21.7793   997.8481 0.0000e+00
      2.100      0.079    12.0974    136.519     33.812  31.314870     3.0322      7.409   264.5396 1.4294e+02     2.9099      2.059      2.986    21.6996   997.8660 0.0000e+00
      2.124      0.078    12.0963    136.213     33.795  31.224189     3.1221      7.415   265.0773 1.3927e+02     3.0041      2.085      3.023    21.6191   997.8841 0.0000e+00
      2.146      0.076    12.0858    135.830     33.791  31.153533     3.1703      7.421   265.3011 1.3606e+02     3.0567      2.105      3.053    21.5263   997.9048 0.0000e+00
      2.165      0.071    12.0644    135.351     33.794  31.095041     3.1646      7.426   265.4381 1.3251e+02     3.0872      2.123      3.080    21.4195   997.9284 0.0000e+00
