Data/DataNotYetUploadedToEDI/Raw_CTD/RawDownloads/062719_bvr50.cnv
* Sea-Bird SBE19plus  Data File:
* FileName = C:\DATA\062719_bvr50_0002.hex
* Software version 2.8.0.119 SB_Terminal.dll
* Temperature SN = 7809
* Conductivity SN = 7809
* System UpLoad Time = Jun 27 2019 13:50:10
* <ApplicationData>
* <Seaterm232>
# nquan = 16
# nvalues = 945                         
# units = specified
# name 0 = depFM: Depth [fresh water, m]
# name 1 = dz/dtM: Descent Rate [m/s]
# name 2 = sbeox0Mg/L: Oxygen, SBE 43 [mg/l]
# name 3 = sbeox0PS: Oxygen, SBE 43 [% saturation]
# name 4 = specc: Specific Conductance [uS/cm]
# name 5 = c0uS/cm: Conductivity [uS/cm]
# name 6 = flECO-AFL: Fluorescence, WET Labs ECO-AFL/FL [mg/m^3]
# name 7 = ph: pH
# name 8 = orp: Oxidation Reduction Potential [mV]
# name 9 = par/sat/log: PAR/Logarithmic, Satlantic
# name 10 = turbWETntu0: Turbidity, WET Labs ECO [NTU]
# name 11 = prdM: Pressure, Strain Gauge [db]
# name 12 = prdE: Pressure, Strain Gauge [psi]
# name 13 = tv290C: Temperature [ITS-90, deg C]
# name 14 = density00: Density [density, kg/m^3]
# name 15 = flag:  0.000e+00
# span 0 =     -0.577,     10.725       
# span 1 =     -0.269,      0.292       
# span 2 =    -0.8522,     9.8860       
# span 3 =     -7.647,    113.465       
# span 4 =     26.221,    144.386       
# span 5 =  20.940483,  96.465438       
# span 6 =    -0.4830,   236.9481       
# span 7 =      6.254,      8.901       
# span 8 =    69.8532,   408.1766       
# span 9 = 1.2320e-01, 2.5078e+03       
# span 10 =    -1.7232,   136.3903      
# span 11 =     -0.574,     10.518      
# span 12 =     -0.833,     15.255      
# span 13 =     8.3635,    35.9575      
# span 14 =   993.7100,   999.9299      
# span 15 = 0.0000e+00, 0.0000e+00      
# interval = seconds: 0.25
# start_time = Jun 27 2019 13:36:18 [Instrument's time stamp, header]
# bad_flag = -9.990e-29
*END*
[from data line 543]
      4.757      0.060     8.8268     91.665     27.435  23.141762     1.6056      6.935   324.6077 4.9590e+01     0.9062      4.659      6.758    17.7054   998.6865 0.0000e+00
      4.782      0.060     8.7977     91.163     27.485  23.125980     1.6026      6.935   324.6982 4.9391e+01     0.8916      4.691      6.804    17.7087   998.6859 0.0000e+00
      4.803      0.058     8.7458     90.554     27.480  23.101321     1.5993      6.935   324.7797 4.9417e+01     0.8680      4.714      6.838    17.5991   998.7059 0.0000e+00
      4.814      0.054     8.6819     89.856     27.488  23.097311     1.5833      6.935   324.8191 4.9562e+01     0.7853      4.723      6.850    17.3485   998.7508 0.0000e+00
      4.821      0.047     8.6115     89.081     27.480  23.077489     1.5730      6.935   324.9171 4.9743e+01     0.7099      4.727      6.856    17.1344   998.7886 0.0000e+00
      4.830      0.041     8.5400     88.271     27.400  22.988505     1.5792      6.935   324.9312 4.9890e+01     0.7103      4.734      6.867    17.0407   998.8051 0.0000e+00
      4.842      0.037     8.4840     87.578     27.346  22.909425     1.6324      6.935   324.9034 4.9991e+01     0.7245      4.748      6.887    17.0256   998.8077 0.0000e+00
      4.853      0.036     8.4475     87.080     27.357  22.882463     1.7389      6.935   325.0970 5.0157e+01     0.7183      4.760      6.904    17.0144   998.8097 0.0000e+00
      4.862      0.038     8.4241     86.751     27.277  22.789326     1.8011      6.936   325.3792 5.0353e+01     0.7335      4.767      6.915    16.9862   998.8147 0.0000e+00
      4.870      0.042     8.4238     86.639     27.099  22.607871     1.7957      6.936   325.5627 5.0524e+01     0.7442      4.776      6.928    16.9597   998.8192 0.0000e+00
      4.877      0.047     8.4560     86.783     26.993  22.464509     1.7426      6.936   325.7668 5.0696e+01     0.7496      4.782      6.936    16.8878   998.8316 0.0000e+00
      4.887      0.054     8.5130     87.153     26.977  22.387904     1.6616      6.937   326.0408 5.0818e+01     0.7659      4.788      6.946    16.8015   998.8465 0.0000e+00
      4.903      0.062     8.5958     87.805     26.959  22.315857     1.6226      6.938   326.2934 5.0862e+01     0.7436      4.807      6.971    16.7743   998.8513 0.0000e+00
      4.923      0.070     8.7182     88.857     26.921  22.227615     1.6174      6.938   326.4120 5.0762e+01     0.7093      4.828      7.002    16.7335   998.8583 0.0000e+00
      4.943      0.077     8.8798     90.270     26.901  22.145487     1.5990      6.937   326.3570 5.0541e+01     0.7776      4.848      7.030    16.6109   998.8791 0.0000e+00
      4.963      0.082     9.0658     91.900     26.914  22.083913     1.5736      6.937   326.3158 5.0318e+01     0.9471      4.867      7.060    16.4809   998.9012 0.0000e+00
      4.985      0.084     9.2581     93.595     26.961  22.053893     1.5612      6.937   326.5165 5.0098e+01     1.0219      4.888      7.091    16.3843   998.9175 0.0000e+00
      5.008      0.084     9.4361     95.168     27.013  22.036148     1.5617      6.937   326.8907 4.9859e+01     0.9609      4.911      7.123    16.2889   998.9334 0.0000e+00
      5.031      0.083     9.5853     96.471     27.029  21.996135     1.5710      6.937   327.0543 4.9664e+01     0.9312      4.934      7.155    16.1634   998.9541 0.0000e+00
      5.052      0.082     9.7022     97.447     27.037  21.950609     1.5782      6.937   327.0322 4.9589e+01     0.9573      4.955      7.188    16.0204   998.9776 0.0000e+00
      5.072      0.079     9.7842     98.060     27.079  21.929636     1.5712      6.938   327.1394 4.9513e+01     0.9817      4.974      7.215    15.8906   998.9987 0.0000e+00
      5.091      0.076     9.8302     98.314     27.149  21.932769     1.5560      6.940   327.3185 4.9372e+01     0.9967      4.992      7.240    15.7784   999.0168 0.0000e+00
      5.111      0.073     9.8479     98.303     27.199  21.924997     1.5416      6.940   327.4768 4.9277e+01     0.9751      5.012      7.269    15.6849   999.0318 0.0000e+00
      5.130      0.070     9.8507     98.157     27.222  21.899032     1.5444      6.941   327.6769 4.9289e+01     0.9497      5.031      7.296    15.5930   999.0464 0.0000e+00
      5.147      0.068     9.8483     97.967     27.243  21.872491     1.5640      6.943   327.9315 4.9326e+01     0.9509      5.048      7.321    15.4884   999.0630 0.0000e+00
      5.163      0.065     9.8448     97.772     27.277  21.857756     1.5705      6.944   328.0597 4.9310e+01     0.9240      5.063      7.343    15.3866   999.0788 0.0000e+00
      5.179      0.063     9.8412     97.582     27.314  21.847672     1.5627      6.945   328.0220 4.9294e+01     0.9195      5.079      7.366    15.2987   999.0926 0.0000e+00
      5.195      0.063     9.8361     97.380     27.321  21.813948     1.5643      6.944   328.0781 4.9272e+01     0.9950      5.095      7.390    15.2186   999.1050 0.0000e+00
      5.210      0.065     9.8266     97.127     27.314  21.767095     1.5728      6.944   328.2226 4.9213e+01     1.0508      5.109      7.410    15.1393   999.1172 0.0000e+00
      5.225      0.067     9.8113     96.812     27.315  21.725125     1.5707      6.944   328.3917 4.9078e+01     1.0373      5.123      7.429    15.0619   999.1290 0.0000e+00
      5.242      0.068     9.7893     96.427     27.322  21.687003     1.5645      6.944   328.6601 4.8871e+01     0.9948      5.139      7.453    14.9906   999.1399 0.0000e+00
      5.262      0.068     9.7575     95.951     27.375  21.686670     1.6368      6.944   328.8008 4.8603e+01     0.9628      5.159      7.483    14.9203   999.1505 0.0000e+00
      5.282      0.067     9.7144     95.376     27.469  21.721046     1.7857      6.945   328.7160 4.8343e+01     0.9778      5.181      7.515    14.8453   999.1618 0.0000e+00
      5.301      0.064     9.6625     94.734     27.515  21.722035     1.8732      6.946   328.6672 4.8193e+01     0.9808      5.200      7.542    14.7659   999.1738 0.0000e+00
      5.316      0.061     9.6097     94.100     27.525  21.698590     1.8885      6.946   328.7275 4.8084e+01     0.9329      5.215      7.562    14.6849   999.1857 0.0000e+00
      5.329      0.057     9.5606     93.522     27.548  21.691243     1.9276      6.945   328.7562 4.7952e+01     0.9563      5.226      7.579    14.6041   999.1976 0.0000e+00
      5.341      0.054     9.5099     93.007     27.562  21.696595     1.9988      6.945   328.6699 4.7788e+01     1.1003      5.237      7.596    14.5317   999.2082 0.0000e+00
      5.355      0.053     9.4567     92.569     27.538  21.699862     2.0383      6.946   328.6307 4.7639e+01     1.1988      5.251      7.617    14.4666   999.2177 0.0000e+00
      5.369      0.053     9.4192     92.252     27.479  21.667355     2.0507      6.946   328.7991 4.7533e+01     1.1641      5.265      7.637    14.4133   999.2255 0.0000e+00
      5.383      0.054     9.4109     92.057     27.459  21.620715     2.1054      6.946   329.1566 4.7419e+01     1.1387      5.279      7.656    14.3540   999.2341 0.0000e+00
      5.395      0.056     9.4201     91.897     27.494  21.579885     2.1967      6.946   329.6837 4.7308e+01     1.1869      5.290      7.673    14.3272   999.2379 0.0000e+00
      5.408      0.057     9.4298     91.708     27.560  21.554167     2.2440      6.946   330.0958 4.7192e+01     1.2233      5.302      7.689    14.4030   999.2270 0.0000e+00
      5.424      0.058     9.4342     91.504     27.659  21.563377     2.2431      6.947   330.2682 4.7003e+01     1.2173      5.318      7.714    14.4616   999.2188 0.0000e+00
      5.441      0.060     9.4329     91.295     27.730  21.564305     2.2292      6.948   330.3910 4.6792e+01     1.1813      5.337      7.741    14.3927   999.2287 0.0000e+00
      5.457      0.060     9.4297     91.107     27.787  21.565328     2.1630      6.947   330.4623 4.6640e+01     1.1477      5.353      7.763    14.2438   999.2500 0.0000e+00
      5.471      0.060     9.4297     90.970     27.849  21.575700     2.0499      6.947   330.5269 4.6495e+01     1.1382      5.366      7.782    14.0915   999.2715 0.0000e+00
      5.486      0.060     9.4302     90.850     27.877  21.562823     1.9894      6.947   330.7427 4.6350e+01     1.1317      5.380      7.803    13.9677   999.2890 0.0000e+00
      5.501      0.059     9.4306     90.732     27.887  21.536442     1.9851      6.947   331.0928 4.6183e+01     1.1350      5.395      7.824    13.8722   999.3022 0.0000e+00
      5.516      0.059     9.4353     90.661     27.895  21.510399     1.9547      6.947   331.3182 4.5991e+01     1.2442      5.409      7.845    13.7979   999.3124 0.0000e+00
      5.532      0.059     9.4415     90.610     27.924  21.501607     1.8996      6.947   331.3172 4.5816e+01     1.4362      5.425      7.868    13.7320   999.3215 0.0000e+00
      5.547      0.060     9.4442     90.531     27.951  21.493529     1.8741      6.946   331.3390 4.5604e+01     1.5228      5.441      7.892    13.6705   999.3299 0.0000e+00
      5.562      0.061     9.4443     90.431     27.965  21.476119     1.8716      6.946   331.4955 4.5416e+01     1.5043      5.454      7.912    13.6099   999.3381 0.0000e+00
      5.577      0.061     9.4435     90.323     28.009  21.481354     1.8264      6.946   331.6601 4.5243e+01     1.5075      5.468      7.930    13.5510   999.3460 0.0000e+00
      5.592      0.060     9.4431     90.223     28.059  21.493365     1.7432      6.947   331.7808 4.4973e+01     1.5618      5.484      7.953    13.4961   999.3534 0.0000e+00
      5.610      0.059     9.4448     90.151     28.093  21.494465     1.6902      6.947   331.8363 4.4662e+01     1.6036      5.502      7.980    13.4449   999.3603 0.0000e+00
      5.626      0.058     9.4496     90.114     28.124  21.494619     1.6701      6.946   331.9007 4.4402e+01     1.6194      5.520      8.006    13.3941   999.3670 0.0000e+00
      5.641      0.057     9.4615     90.146     28.154  21.495201     1.6480      6.945   331.9575 4.4182e+01     1.6548      5.532      8.024    13.3442   999.3737 0.0000e+00
      5.653      0.056     9.4775     90.213     28.194  21.501484     1.6222      6.944   331.8351 4.3930e+01     1.7042      5.544      8.040    13.2959   999.3801 0.0000e+00
      5.666      0.056     9.4834     90.176     28.235  21.507129     1.6177      6.944   331.7111 4.3632e+01     1.7257      5.556      8.058    13.2511   999.3860 0.0000e+00
      5.680      0.057     9.4810     90.058     28.261  21.500003     1.6287      6.944   331.8351 4.3319e+01     1.6852      5.569      8.077    13.2110   999.3912 0.0000e+00
      5.696      0.058     9.4771     89.931     28.266  21.478723     1.6337      6.944   332.1297 4.2970e+01     1.6407      5.584      8.100    13.1716   999.3963 0.0000e+00
      5.712      0.060     9.4592     89.680     28.246  21.440081     1.6789      6.944   332.3486 4.2602e+01     1.6467      5.601      8.124    13.1300   999.4018 0.0000e+00
      5.728      0.060     9.4262     89.294     28.237  21.413316     1.7669      6.944   332.4157 4.2238e+01     1.6586      5.617      8.146    13.0831   999.4079 0.0000e+00
      5.743      0.060     9.3875     88.859     28.257  21.408791     1.8132      6.943   332.4250 4.1877e+01     1.6537      5.632      8.169    13.0345   999.4141 0.0000e+00
      5.757      0.060     9.3440     88.374     28.254  21.385351     1.8052      6.943   332.3753 4.1546e+01     1.6531      5.646      8.189    12.9890   999.4200 0.0000e+00
      5.772      0.061     9.2998     87.874     28.199  21.320163     1.7483      6.942   332.2454 4.1195e+01     1.6840      5.660      8.208    12.9474   999.4253 0.0000e+00
      5.787      0.062     9.2622     87.430     28.146  21.254853     1.6630      6.941   332.1452 4.0741e+01     1.7654      5.675      8.230    12.9127   999.4297 0.0000e+00
      5.803      0.065     9.2311     87.046     28.148  21.229920     1.6232      6.940   332.2821 4.0265e+01     1.8503      5.691      8.254    12.8803   999.4339 0.0000e+00
      5.819      0.067     9.2063     86.722     28.155  21.208956     1.6146      6.940   332.6097 3.9821e+01     1.8918      5.707      8.277    12.8434   999.4385 0.0000e+00
      5.837      0.067     9.1895     86.476     28.165  21.191622     1.5679      6.940   332.8372 3.9367e+01     2.0039      5.724      8.302    12.8008   999.4439 0.0000e+00
      5.856      0.066     9.1811     86.315     28.222  21.210585     1.4916      6.940   332.8806 3.8901e+01     2.2230      5.742      8.329    12.7548   999.4496 0.0000e+00
      5.875      0.063     9.1828     86.262     28.298  21.247935     1.4466      6.939   332.8756 3.8443e+01     2.3455      5.761      8.356    12.7082   999.4555 0.0000e+00
      5.891      0.060     9.1976     86.366     28.331  21.262638     1.4397      6.939   332.7774 3.8066e+01     2.3378      5.778      8.380    12.6628   999.4611 0.0000e+00
      5.904      0.058     9.2336     86.712     28.327  21.261492     1.4945      6.939   332.5538 3.7731e+01     2.3598      5.790      8.398    12.6166   999.4668 0.0000e+00
      5.916      0.056     9.2995     87.333     28.374  21.297509     1.6065      6.938   332.4089 3.7340e+01     2.4472      5.801      8.414    12.5740   999.4722 0.0000e+00
      5.929      0.056     9.3957     88.185     28.505  21.380987     1.6760      6.938   332.4026 3.6920e+01     2.5096      5.815      8.434    12.5345   999.4770 0.0000e+00
      5.944      0.057     9.5131     89.191     28.628  21.446249     1.7020      6.937   332.3921 3.6490e+01     2.5248      5.829      8.454    12.5102   999.4800 0.0000e+00
      5.960      0.058     9.6329     90.216     28.673  21.452285     1.8682      6.936   332.3668 3.6054e+01     2.5973      5.844      8.476    12.5265   999.4780 0.0000e+00
      5.975      0.059     9.7385     91.137     28.700  21.453935     2.1683      6.936   332.4413 3.5638e+01     2.7309      5.861      8.500    12.5410   999.4764 0.0000e+00
      5.990      0.059     9.8210     91.875     28.730  21.466185     2.3306      6.935   332.6048 3.5242e+01     2.7639      5.875      8.520    12.5096   999.4803 0.0000e+00
      6.006      0.059     9.8724     92.315     28.755  21.473538     2.3479      6.935   332.7086 3.4885e+01     2.7340      5.890      8.543    12.4535   999.4872 0.0000e+00
      6.021      0.058     9.8860     92.365     28.791  21.479394     2.3690      6.935   332.6645 3.4570e+01     2.7632      5.904      8.564    12.3987   999.4938 0.0000e+00
      6.035      0.058     9.8624     92.051     28.818  21.473534     2.6206      6.934   332.6732 3.4236e+01     2.9852      5.919      8.584    12.3647   999.4979 0.0000e+00
      6.050      0.058     9.8089     91.465     28.840  21.466083     3.0926      6.933   332.7284 3.3906e+01     3.3870      5.933      8.606    12.3583   999.4988 0.0000e+00
      6.064      0.059     9.7362     90.718     28.848  21.452709     3.3500      6.932   332.6436 3.3656e+01     3.5901      5.946      8.625    12.3452   999.5003 0.0000e+00
      6.079      0.060     9.6569     89.928     28.848  21.438664     3.3663      6.931   332.5075 3.3471e+01     3.5724      5.961      8.646    12.3010   999.5056 0.0000e+00
      6.094      0.060     9.5806     89.173     28.845  21.423108     3.3684      6.930   332.3736 3.3299e+01     3.5988      5.976      8.667    12.2517   999.5115 0.0000e+00
      6.110      0.060     9.5167     88.525     28.823  21.391457     3.3844      6.929   332.3152 3.3120e+01     3.6804      5.992      8.690    12.2102   999.5165 0.0000e+00
      6.127      0.060     9.4717     88.046     28.822  21.373093     3.3949      6.927   332.3177 3.2919e+01     3.7075      6.009      8.715    12.1751   999.5207 0.0000e+00
