Data/DataNotYetUploadedToEDI/Raw_CTD/RawDownloads/062719_bvr50.cnv
* Sea-Bird SBE19plus  Data File:
* FileName = C:\DATA\062719_bvr50_0002.hex
* Software version 2.8.0.119 SB_Terminal.dll
* Temperature SN = 7809
* Conductivity SN = 7809
* System UpLoad Time = Jun 27 2019 13:50:10
* <ApplicationData>
* <Seaterm232>
# nquan = 16
# nvalues = 945                         
# units = specified
# name 0 = depFM: Depth [fresh water, m]
# name 1 = dz/dtM: Descent Rate [m/s]
# name 2 = sbeox0Mg/L: Oxygen, SBE 43 [mg/l]
# name 3 = sbeox0PS: Oxygen, SBE 43 [% saturation]
# name 4 = specc: Specific Conductance [uS/cm]
# name 5 = c0uS/cm: Conductivity [uS/cm]
# name 6 = flECO-AFL: Fluorescence, WET Labs ECO-AFL/FL [mg/m^3]
# name 7 = ph: pH
# name 8 = orp: Oxidation Reduction Potential [mV]
# name 9 = par/sat/log: PAR/Logarithmic, Satlantic
# name 10 = turbWETntu0: Turbidity, WET Labs ECO [NTU]
# name 11 = prdM: Pressure, Strain Gauge [db]
# name 12 = prdE: Pressure, Strain Gauge [psi]
# name 13 = tv290C: Temperature [ITS-90, deg C]
# name 14 = density00: Density [density, kg/m^3]
# name 15 = flag:  0.000e+00
# span 0 =     -0.577,     10.725       
# span 1 =     -0.269,      0.292       
# span 2 =    -0.8522,     9.8860       
# span 3 =     -7.647,    113.465       
# span 4 =     26.221,    144.386       
# span 5 =  20.940483,  96.465438       
# span 6 =    -0.4830,   236.9481       
# span 7 =      6.254,      8.901       
# span 8 =    69.8532,   408.1766       
# span 9 = 1.2320e-01, 2.5078e+03       
# span 10 =    -1.7232,   136.3903      
# span 11 =     -0.574,     10.518      
# span 12 =     -0.833,     15.255      
# span 13 =     8.3635,    35.9575      
# span 14 =   993.7100,   999.9299      
# span 15 = 0.0000e+00, 0.0000e+00      
# interval = seconds: 0.25
# start_time = Jun 27 2019 13:36:18 [Instrument's time stamp, header]
# bad_flag = -9.990e-29
*END*
[from data line 452]
      3.588      0.046     8.0868     91.606     27.084  25.190331     1.3168      6.960   314.1791 6.2883e+01     0.7413      3.518      5.101    21.6883   997.8730 0.0000e+00
      3.598      0.045     8.0641     91.274     27.079  25.161908     1.3088      6.960   314.3069 6.2581e+01     0.7489      3.527      5.116    21.6274   997.8867 0.0000e+00
      3.609      0.045     8.0446     90.970     27.054  25.113478     1.3079      6.960   314.3441 6.2317e+01     0.7606      3.539      5.133    21.5817   997.8969 0.0000e+00
      3.620      0.047     8.0335     90.752     27.015  25.048778     1.3158      6.960   314.4572 6.2003e+01     0.7518      3.550      5.148    21.5394   997.9064 0.0000e+00
      3.633      0.049     8.0307     90.623     27.010  25.013961     1.3163      6.960   314.5552 6.1680e+01     0.7403      3.563      5.168    21.4984   997.9155 0.0000e+00
      3.646      0.050     8.0301     90.516     27.038  25.009650     1.3063      6.961   314.6689 6.1439e+01     0.7199      3.576      5.186    21.4579   997.9245 0.0000e+00
      3.660      0.051     8.0281     90.393     27.057  24.996608     1.3069      6.962   314.8854 6.1254e+01     0.7019      3.588      5.205    21.4107   997.9350 0.0000e+00
      3.673      0.051     8.0257     90.265     27.076  24.983099     1.3152      6.961   315.1084 6.1039e+01     0.7201      3.602      5.225    21.3572   997.9469 0.0000e+00
      3.685      0.051     8.0212     90.112     27.100  24.973139     1.3286      6.961   315.2140 6.0814e+01     0.8082      3.614      5.241    21.3009   997.9593 0.0000e+00
      3.698      0.050     8.0103     89.891     27.096  24.939589     1.3566      6.961   315.3020 6.0615e+01     0.9154      3.627      5.260    21.2440   997.9719 0.0000e+00
      3.712      0.049     7.9929     89.602     27.079  24.894582     1.3675      6.961   315.3990 6.0438e+01     0.9351      3.640      5.280    21.1878   997.9842 0.0000e+00
      3.724      0.048     7.9729     89.293     27.084  24.872977     1.3653      6.962   315.4392 6.0247e+01     0.9478      3.653      5.298    21.1302   997.9968 0.0000e+00
      3.736      0.048     7.9571     89.036     27.106  24.868639     1.3738      6.962   315.5300 6.0049e+01     1.0034      3.663      5.313    21.0720   998.0096 0.0000e+00
      3.747      0.047     7.9450     88.821     27.104  24.842095     1.4000      6.963   315.7229 5.9860e+01     0.9518      3.674      5.329    21.0141   998.0222 0.0000e+00
      3.759      0.047     7.9334     88.614     27.091  24.805746     1.4482      6.965   315.9648 5.9639e+01     0.8153      3.686      5.347    20.9603   998.0339 0.0000e+00
      3.772      0.047     7.9262     88.458     27.121  24.809732     1.4807      6.965   316.2173 5.9443e+01     0.7623      3.699      5.365    20.9131   998.0442 0.0000e+00
      3.784      0.047     7.9281     88.407     27.164  24.826816     1.4892      6.965   316.3671 5.9302e+01     0.7369      3.711      5.382    20.8674   998.0541 0.0000e+00
      3.796      0.048     7.9399     88.471     27.181  24.821966     1.4984      6.965   316.4000 5.9123e+01     0.6728      3.723      5.399    20.8222   998.0639 0.0000e+00
      3.807      0.050     7.9587     88.615     27.196  24.814503     1.5049      6.966   316.4421 5.8930e+01     0.6420      3.734      5.415    20.7774   998.0735 0.0000e+00
      3.819      0.052     7.9798     88.778     27.205  24.799994     1.5072      6.966   316.5320 5.8787e+01     0.6928      3.744      5.430    20.7331   998.0831 0.0000e+00
      3.833      0.055     7.9976     88.900     27.202  24.773375     1.5094      6.965   316.7126 5.8635e+01     0.7628      3.758      5.451    20.6915   998.0920 0.0000e+00
      3.848      0.058     8.0107     88.969     27.198  24.746368     1.5139      6.964   316.9047 5.8444e+01     0.7664      3.773      5.473    20.6542   998.1000 0.0000e+00
      3.864      0.059     8.0211     89.009     27.202  24.727173     1.5272      6.962   316.9620 5.8226e+01     0.7370      3.788      5.495    20.6175   998.1079 0.0000e+00
      3.880      0.057     8.0288     89.029     27.229  24.731560     1.5400      6.960   316.9760 5.7986e+01     0.7018      3.805      5.518    20.5767   998.1167 0.0000e+00
      3.896      0.054     8.0331     89.024     27.252  24.735945     1.5560      6.960   316.9872 5.7760e+01     0.7012      3.821      5.542    20.5327   998.1261 0.0000e+00
      3.911      0.049     8.0318     88.971     27.244  24.716731     1.5903      6.960   317.0119 5.7565e+01     0.7955      3.836      5.564    20.4874   998.1357 0.0000e+00
      3.923      0.047     8.0245     88.859     27.225  24.689546     1.6158      6.960   317.1028 5.7401e+01     0.8910      3.849      5.582    20.4446   998.1448 0.0000e+00
      3.931      0.047     8.0143     88.710     27.206  24.660980     1.6132      6.958   317.2250 5.7239e+01     0.9061      3.855      5.592    20.4053   998.1532 0.0000e+00
      3.938      0.051     8.0048     88.544     27.187  24.625067     1.6112      6.956   317.3714 5.7064e+01     0.9124      3.861      5.601    20.3744   998.1597 0.0000e+00
      3.948      0.058     7.9974     88.363     27.163  24.572473     1.6260      6.955   317.5814 5.6884e+01     0.9348      3.870      5.612    20.3554   998.1637 0.0000e+00
      3.964      0.068     7.9908     88.167     27.162  24.532509     1.6623      6.952   317.8724 5.6646e+01     0.9470      3.883      5.633    20.3383   998.1673 0.0000e+00
      3.986      0.077     7.9862     87.988     27.195  24.522429     1.7028      6.949   318.2216 5.6348e+01     0.9616      3.909      5.669    20.3225   998.1708 0.0000e+00
      4.011      0.083     7.9885     87.889     27.228  24.513979     1.7183      6.948   318.4487 5.5989e+01     0.9811      3.934      5.707    20.2927   998.1772 0.0000e+00
      4.034      0.083     8.0006     87.902     27.247  24.493723     1.7280      6.947   318.4675 5.5539e+01     0.9851      3.956      5.738    20.2316   998.1900 0.0000e+00
      4.058      0.078     8.0194     88.000     27.256  24.467775     1.7766      6.947   318.6200 5.5140e+01     0.9775      3.979      5.771    20.1550   998.2060 0.0000e+00
      4.081      0.071     8.0454     88.198     27.271  24.453937     1.8546      6.948   318.9168 5.4904e+01     0.9543      4.004      5.806    20.0811   998.2214 0.0000e+00
      4.097      0.065     8.0817     88.521     27.296  24.453239     1.9086      6.949   319.1298 5.4764e+01     0.9338      4.021      5.833    20.0115   998.2359 0.0000e+00
      4.107      0.060     8.1237     88.919     27.324  24.459303     1.9261      6.948   319.2172 5.4623e+01     0.9601      4.027      5.842    19.9406   998.2506 0.0000e+00
      4.116      0.055     8.1629     89.324     27.337  24.463790     1.9271      6.948   319.1992 5.4430e+01     0.9769      4.034      5.851    19.8747   998.2642 0.0000e+00
      4.131      0.051     8.1964     89.697     27.313  24.444057     1.9297      6.948   319.2565 5.4218e+01     0.9732      4.050      5.873    19.8289   998.2736 0.0000e+00
      4.148      0.050     8.2242     89.997     27.278  24.411021     1.9229      6.949   319.3072 5.4052e+01     0.9817      4.069      5.902    19.7886   998.2819 0.0000e+00
      4.163      0.052     8.2437     90.186     27.253  24.381516     1.9062      6.950   319.2967 5.3954e+01     0.9810      4.086      5.926    19.7428   998.2914 0.0000e+00
      4.173      0.055     8.2544     90.254     27.224  24.341056     1.8924      6.950   319.3872 5.3888e+01     0.9641      4.094      5.938    19.7318   998.2937 0.0000e+00
      4.182      0.057     8.2592     90.211     27.213  24.302401     1.8771      6.950   319.4549 5.3751e+01     0.9412      4.098      5.944    19.7497   998.2900 0.0000e+00
      4.195      0.058     8.2578     90.082     27.243  24.294719     1.8691      6.951   319.4279 5.3482e+01     0.9333      4.111      5.962    19.7448   998.2911 0.0000e+00
      4.215      0.060     8.2518     89.921     27.294  24.311558     1.8640      6.951   319.4049 5.3180e+01     0.9345      4.134      5.994    19.7289   998.2944 0.0000e+00
      4.236      0.061     8.2462     89.779     27.327  24.315659     1.8591      6.950   319.4340 5.2965e+01     0.9557      4.155      6.026    19.7140   998.2975 0.0000e+00
      4.253      0.060     8.2424     89.661     27.313  24.280841     1.8618      6.950   319.5217 5.2800e+01     0.9598      4.172      6.052    19.6527   998.3100 0.0000e+00
      4.266      0.056     8.2426     89.565     27.264  24.207716     1.8620      6.951   319.6052 5.2663e+01     0.9184      4.184      6.069    19.5758   998.3256 0.0000e+00
      4.278      0.051     8.2491     89.468     27.233  24.129253     1.8618      6.952   319.7548 5.2569e+01     0.9139      4.195      6.084    19.5321   998.3345 0.0000e+00
      4.290      0.046     8.2606     89.375     27.267  24.093285     1.8686      6.952   319.9545 5.2468e+01     0.9391      4.207      6.101    19.4826   998.3446 0.0000e+00
      4.301      0.042     8.2764     89.335     27.336  24.089910     1.8745      6.951   320.0415 5.2335e+01     0.8955      4.218      6.118    19.4450   998.3521 0.0000e+00
      4.312      0.038     8.2929     89.349     27.391  24.088371     1.8717      6.951   320.1171 5.2200e+01     0.7797      4.228      6.132    19.4100   998.3592 0.0000e+00
      4.322      0.036     8.3103     89.433     27.411  24.074611     1.8616      6.951   320.2665 5.2107e+01     0.6861      4.238      6.147    19.3072   998.3796 0.0000e+00
      4.331      0.035     8.3322     89.616     27.401  24.050371     1.8562      6.951   320.3850 5.2079e+01     0.6817      4.249      6.163    19.1708   998.4068 0.0000e+00
      4.338      0.036     8.3552     89.841     27.408  24.048999     1.8320      6.951   320.4315 5.2061e+01     0.7917      4.255      6.171    19.0499   998.4307 0.0000e+00
      4.343      0.040     8.3746     90.047     27.419  24.058005     1.7770      6.951   320.4846 5.1971e+01     0.9350      4.257      6.175    18.9535   998.4494 0.0000e+00
      4.353      0.045     8.3919     90.238     27.388  24.032400     1.7460      6.951   320.5976 5.1781e+01     0.9725      4.267      6.189    18.8983   998.4603 0.0000e+00
      4.366      0.050     8.4123     90.407     27.360  23.993155     1.7446      6.950   320.7645 5.1562e+01     0.9497      4.282      6.210    18.8779   998.4643 0.0000e+00
      4.381      0.055     8.4326     90.490     27.372  23.964072     1.7431      6.950   320.9545 5.1365e+01     0.8889      4.295      6.229    18.8643   998.4670 0.0000e+00
      4.398      0.059     8.4507     90.509     27.398  23.934443     1.7443      6.950   321.1741 5.1161e+01     0.7610      4.313      6.255    18.8609   998.4677 0.0000e+00
      4.415      0.061     8.4736     90.574     27.408  23.888574     1.7416      6.950   321.3544 5.0983e+01     0.6815      4.332      6.283    18.8827   998.4635 0.0000e+00
      4.430      0.063     8.4994     90.669     27.356  23.790006     1.7366      6.950   321.3275 5.0837e+01     0.6812      4.345      6.302    18.8634   998.4674 0.0000e+00
      4.444      0.065     8.5160     90.656     27.310  23.694105     1.7366      6.949   321.1936 5.0682e+01     0.7249      4.357      6.319    18.7755   998.4845 0.0000e+00
      4.459      0.065     8.5186     90.495     27.359  23.680462     1.7320      6.949   321.1971 5.0509e+01     0.7512      4.372      6.341    18.6718   998.5046 0.0000e+00
      4.478      0.064     8.5107     90.274     27.415  23.688406     1.7327      6.949   321.4556 5.0299e+01     0.7047      4.391      6.369    18.5741   998.5234 0.0000e+00
      4.498      0.063     8.5011     90.104     27.409  23.663234     1.7450      6.949   321.8249 5.0110e+01     0.6867      4.411      6.399    18.4799   998.5414 0.0000e+00
      4.515      0.060     8.5048     90.090     27.389  23.629818     1.7939      6.948   322.0486 4.9974e+01     0.7957      4.429      6.424    18.3780   998.5608 0.0000e+00
      4.529      0.056     8.5289     90.260     27.386  23.601525     1.8816      6.948   322.1811 4.9844e+01     0.9411      4.443      6.443    18.2624   998.5827 0.0000e+00
      4.541      0.051     8.5632     90.503     27.396  23.574842     1.9216      6.949   322.3944 4.9716e+01     0.9703      4.453      6.459    18.1777   998.5985 0.0000e+00
      4.552      0.047     8.5971     90.740     27.421  23.560875     1.9132      6.951   322.5633 4.9622e+01     0.9189      4.464      6.475    18.1604   998.6018 0.0000e+00
      4.564      0.045     8.6288     91.004     27.443  23.559475     1.9104      6.951   322.6746 4.9553e+01     0.8773      4.476      6.491    18.1428   998.6052 0.0000e+00
      4.576      0.044     8.6595     91.283     27.457  23.557885     1.8440      6.951   322.7934 4.9468e+01     0.8604      4.487      6.508    18.0930   998.6145 0.0000e+00
      4.588      0.043     8.6920     91.523     27.473  23.541638     1.7090      6.950   322.7952 4.9395e+01     0.8779      4.498      6.525    18.0260   998.6269 0.0000e+00
      4.599      0.041     8.7244     91.705     27.466  23.489859     1.6311      6.949   322.6967 4.9344e+01     0.8934      4.509      6.540    17.9428   998.6423 0.0000e+00
      4.609      0.041     8.7509     91.839     27.456  23.439233     1.6216      6.949   322.6351 4.9290e+01     0.9163      4.521      6.557    17.9089   998.6486 0.0000e+00
      4.618      0.042     8.7701     91.945     27.486  23.436921     1.6802      6.949   322.7380 4.9230e+01     0.9578      4.529      6.569    17.9141   998.6477 0.0000e+00
      4.627      0.043     8.7832     92.043     27.529  23.461866     1.7940      6.950   322.9084 4.9160e+01     0.9697      4.536      6.579    17.8545   998.6587 0.0000e+00
      4.637      0.044     8.7962     92.173     27.560  23.487105     1.8532      6.950   322.9741 4.9102e+01     0.9609      4.547      6.595    17.7510   998.6777 0.0000e+00
      4.650      0.044     8.8147     92.376     27.559  23.488352     1.8587      6.950   322.9299 4.9057e+01     0.9500      4.559      6.614    17.6704   998.6923 0.0000e+00
      4.663      0.044     8.8355     92.621     27.536  23.476939     1.8075      6.950   322.8904 4.9017e+01     0.9040      4.573      6.633    17.6194   998.7016 0.0000e+00
      4.676      0.040     8.8498     92.821     27.518  23.475993     1.6936      6.949   323.0127 4.9002e+01     0.8306      4.587      6.653    17.6013   998.7050 0.0000e+00
      4.687      0.034     8.8558     92.931     27.504  23.476936     1.6186      6.948   323.2907 4.9005e+01     0.7836      4.597      6.668    17.6061   998.7042 0.0000e+00
      4.696      0.029     8.8547     92.951     27.507  23.488351     1.6028      6.947   323.4974 4.9051e+01     0.7613      4.606      6.681    17.6076   998.7039 0.0000e+00
      4.702      0.024     8.8469     92.900     27.495  23.487163     1.6060      6.947   323.5331 4.9222e+01     0.7568      4.612      6.689    17.6185   998.7020 0.0000e+00
      4.704      0.023     8.8358     92.800     27.460  23.462588     1.6140      6.947   323.5513 4.9453e+01     0.7625      4.613      6.691    17.6539   998.6956 0.0000e+00
      4.705      0.023     8.8242     92.670     27.442  23.444949     1.6041      6.946   323.7181 4.9606e+01     0.7659      4.614      6.691    17.6804   998.6908 0.0000e+00
      4.710      0.027     8.8131     92.540     27.395  23.400753     1.5905      6.945   324.0005 4.9662e+01     0.7649      4.618      6.696    17.6896   998.6892 0.0000e+00
      4.719      0.037     8.8086     92.431     27.308  23.308796     1.5964      6.942   324.2982 4.9719e+01     0.8156      4.628      6.713    17.7093   998.6856 0.0000e+00
      4.729      0.048     8.8176     92.303     27.280  23.221133     1.6066      6.938   324.5638 4.9836e+01     0.9201      4.639      6.729    17.7249   998.6828 0.0000e+00
