Data/DataNotYetUploadedToEDI/Raw_CTD/RawDownloads/062719_fcr50.cnv
* Sea-Bird SBE19plus  Data File:
* FileName = C:\DATA\06272019_fcr50_0001.hex
* Software version 2.8.0.119 SB_Terminal.dll
* Temperature SN = 7809
* Conductivity SN = 7809
* System UpLoad Time = Jun 27 2019 09:47:37
* <ApplicationData>
* <Seaterm232>
# nquan = 16
# nvalues = 979                         
# units = specified
# name 0 = depFM: Depth [fresh water, m]
# name 1 = dz/dtM: Descent Rate [m/s]
# name 2 = sbeox0Mg/L: Oxygen, SBE 43 [mg/l]
# name 3 = sbeox0PS: Oxygen, SBE 43 [% saturation]
# name 4 = specc: Specific Conductance [uS/cm]
# name 5 = c0uS/cm: Conductivity [uS/cm]
# name 6 = flECO-AFL: Fluorescence, WET Labs ECO-AFL/FL [mg/m^3]
# name 7 = ph: pH
# name 8 = orp: Oxidation Reduction Potential [mV]
# name 9 = par/sat/log: PAR/Logarithmic, Satlantic
# name 10 = turbWETntu0: Turbidity, WET Labs ECO [NTU]
# name 11 = prdM: Pressure, Strain Gauge [db]
# name 12 = prdE: Pressure, Strain Gauge [psi]
# name 13 = tv290C: Temperature [ITS-90, deg C]
# name 14 = density00: Density [density, kg/m^3]
# name 15 = flag:  0.000e+00
# span 0 =     -0.494,      9.732       
# span 1 =     -0.194,      0.201       
# span 2 =    -0.3507,    12.2832       
# span 3 =     -3.106,    141.515       
# span 4 =      1.135,    134.742       
# span 5 =   1.091709,  94.294217       
# span 6 =    -0.3115,     4.4836       
# span 7 =      6.480,      8.715       
# span 8 = -1240.7455,   974.7347       
# span 9 = 1.2356e-01, 1.5481e+03       
# span 10 =    -1.8662,    52.8912      
# span 11 =     -0.485,      9.544      
# span 12 =     -0.703,     13.842      
# span 13 =     9.9138,    25.5019      
# span 14 =   996.9342,   999.7992      
# span 15 = 0.0000e+00, 0.0000e+00      
# interval = seconds: 0.25
# start_time = Jun 27 2019 09:36:25 [Instrument's time stamp, header]
# bad_flag = -9.990e-29
*END*
[from data line 633]
      4.883      0.046     6.1936     56.150     38.082  27.408008     2.8385      7.237   326.3395 1.4302e+01     1.4954      4.789      6.947    11.0442   999.6403 0.0000e+00
      4.894      0.050     6.2052     56.252     39.025  28.084763     2.8025      7.236   326.5084 1.4113e+01     1.4361      4.798      6.960    11.0230   999.6426 0.0000e+00
      4.905      0.053     6.2075     56.272     40.176  28.912443     2.7939      7.234   326.7779 1.3885e+01     1.4017      4.811      6.976    11.0039   999.6451 0.0000e+00
      4.920      0.055     6.1914     56.117     40.626  29.230509     2.7866      7.232   327.1024 1.3615e+01     1.3745      4.823      6.996    10.9901   999.6468 0.0000e+00
      4.937      0.056     6.1456     55.687     40.599  29.202113     2.7581      7.231   327.5930 1.3313e+01     1.3694      4.841      7.022    10.9794   999.6478 0.0000e+00
      4.954      0.059     6.0622     54.923     40.697  29.267067     2.7085      7.229   327.9773 1.3073e+01     1.3729      4.860      7.048    10.9788   999.6485 0.0000e+00
      4.967      0.061     5.9335     53.757     41.033  29.508232     2.6814      7.225   327.7909 1.2873e+01     1.3514      4.871      7.065    10.9828   999.6487 0.0000e+00
      4.980      0.061     5.7558     52.142     41.227  29.643373     2.6724      7.220   327.3186 1.2635e+01     1.3058      4.882      7.082    10.9738   999.6497 0.0000e+00
      4.996      0.057     5.5352     50.129     41.224  29.631998     2.6439      7.215   327.2566 1.2357e+01     1.3453      4.898      7.104    10.9591   999.6512 0.0000e+00
      5.015      0.053     5.2867     47.870     41.488  29.814849     2.5969      7.210   327.5572 1.2072e+01     1.5013      4.918      7.132    10.9511   999.6521 0.0000e+00
      5.032      0.051     5.0322     45.559     41.861  30.077498     2.5711      7.206   328.0289 1.1886e+01     1.5867      4.939      7.164    10.9561   999.6519 0.0000e+00
      5.042      0.050     4.7885     43.339     41.966  30.142598     2.5586      7.203   328.3132 1.1812e+01     1.5590      4.946      7.175    10.9545   999.6522 0.0000e+00
      5.048      0.049     4.5646     41.300     42.003  30.157783     2.4886      7.200   327.9831 1.1685e+01     1.4944      4.948      7.175    10.9335   999.6542 0.0000e+00
      5.058      0.048     4.3697     39.528     42.070  30.197629     2.3837      7.197   327.3936 1.1457e+01     1.4271      4.959      7.192    10.9280   999.6549 0.0000e+00
      5.072      0.048     4.2136     38.107     42.057  30.180181     2.3310      7.193   327.2935 1.1215e+01     1.4016      4.974      7.214    10.9279   999.6552 0.0000e+00
      5.087      0.049     4.0970     37.042     42.012  30.137181     2.3022      7.190   327.4616 1.1013e+01     1.3824      4.990      7.237    10.9096   999.6571 0.0000e+00
      5.102      0.050     4.0089     36.232     42.009  30.121892     2.1566      7.189   327.7061 1.0859e+01     1.4243      5.004      7.259    10.8948   999.6586 0.0000e+00
      5.115      0.048     3.9402     35.599     42.026  30.122215     1.9150      7.186   328.2702 1.0726e+01     1.5476      5.016      7.276    10.8878   999.6594 0.0000e+00
      5.125      0.046     3.8856     35.099     42.062  30.141070     1.7905      7.183   328.5173 1.0598e+01     1.6284      5.027      7.290    10.8790   999.6603 0.0000e+00
      5.135      0.045     3.8420     34.700     42.097  30.159498     1.7783      7.180   328.3709 1.0471e+01     1.6465      5.036      7.303    10.8659   999.6617 0.0000e+00
      5.146      0.044     3.8118     34.415     42.108  30.154657     1.7247      7.177   328.4790 1.0337e+01     1.6682      5.047      7.318    10.8494   999.6633 0.0000e+00
      5.158      0.042     3.7952     34.249     42.119  30.145984     1.6366      7.174   328.8771 1.0182e+01     1.7276      5.058      7.336    10.8313   999.6652 0.0000e+00
      5.171      0.040     3.7897     34.186     42.098  30.118071     1.5972      7.172   329.4851 1.0029e+01     1.7749      5.071      7.355    10.8242   999.6660 0.0000e+00
      5.183      0.039     3.7939     34.215     42.045  30.070970     1.5947      7.169   330.1517 9.9299e+00     1.8135      5.083      7.374    10.8241   999.6661 0.0000e+00
      5.192      0.039     3.8071     34.325     42.077  30.084116     1.5897      7.167   330.4841 9.8685e+00     1.8669      5.092      7.386    10.8068   999.6677 0.0000e+00
      5.197      0.039     3.8236     34.464     42.184  30.150101     1.6402      7.164   330.6647 9.7955e+00     2.0932      5.096      7.391    10.7817   999.6703 0.0000e+00
      5.205      0.041     3.8403     34.604     42.229  30.170770     1.7542      7.161   330.9591 9.6902e+00     2.5498      5.103      7.402    10.7670   999.6718 0.0000e+00
      5.216      0.046     3.8606     34.777     42.207  30.143653     1.8238      7.158   331.0316 9.5756e+00     2.8649      5.115      7.420    10.7592   999.6726 0.0000e+00
      5.228      0.052     3.8790     34.932     42.038  30.012583     1.8141      7.155   331.0251 9.4608e+00     2.9864      5.126      7.436    10.7475   999.6738 0.0000e+00
      5.243      0.058     3.8893     35.015     41.653  29.728169     1.6807      7.152   331.3107 9.3250e+00     3.9873      5.142      7.456    10.7336   999.6753 0.0000e+00
      5.261      0.063     3.8966     35.070     41.344  29.496774     1.4593      7.149   331.7318 9.1819e+00     5.8879      5.161      7.484    10.7205   999.6767 0.0000e+00
      5.279      0.064     3.9021     35.108     41.275  29.435669     1.3483      7.147   332.1589 9.0348e+00     6.9256      5.177      7.508    10.7064   999.6781 0.0000e+00
      5.295      0.063     3.9041     35.113     41.290  29.433516     1.3348      7.145   332.4304 8.8812e+00     7.0301      5.192      7.530    10.6940   999.6794 0.0000e+00
      5.313      0.062     3.9071     35.129     41.269  29.407281     1.2362      7.143   332.5190 8.7653e+00     7.2498      5.211      7.558    10.6825   999.6804 0.0000e+00
      5.330      0.059     3.9135     35.177     41.233  29.372254     1.0580      7.141   332.6281 8.6990e+00     7.6478      5.228      7.583    10.6711   999.6815 0.0000e+00
      5.343      0.056     3.9279     35.298     41.270  29.390713     0.9655      7.140   332.8035 8.6359e+00     7.8776      5.239      7.599    10.6563   999.6830 0.0000e+00
      5.356      0.053     3.9578     35.559     41.172  29.313198     0.9589      7.138   333.0907 8.5475e+00     7.8977      5.251      7.616    10.6392   999.6846 0.0000e+00
      5.369      0.052     4.0040     35.967     40.840  29.069519     0.9618      7.135   333.5192 8.4528e+00     8.0880      5.266      7.638    10.6258   999.6859 0.0000e+00
      5.382      0.053     4.0608     36.470     40.638  28.919030     0.9663      7.132   333.8550 8.3689e+00     8.5073      5.279      7.655    10.6152   999.6870 0.0000e+00
      5.394      0.057     4.1214     37.008     40.604  28.889585     0.9600      7.130   333.8812 8.2873e+00     8.7719      5.289      7.671    10.6044   999.6882 0.0000e+00
      5.406      0.061     4.1804     37.532     40.543  28.840392     0.9555      7.128   333.7497 8.1898e+00     8.7964      5.302      7.689    10.5956   999.6890 0.0000e+00
      5.422      0.064     4.2349     38.014     40.452  28.768383     0.9027      7.126   333.7291 8.0474e+00     8.8693      5.315      7.708    10.5873   999.6897 0.0000e+00
      5.443      0.066     4.2857     38.462     40.390  28.716888     0.7897      7.125   333.8893 7.8817e+00     9.0640      5.335      7.740    10.5778   999.6907 0.0000e+00
      5.464      0.067     4.3311     38.862     40.411  28.725361     0.7340      7.123   333.9660 7.7575e+00     9.2161      5.361      7.775    10.5723   999.6914 0.0000e+00
      5.481      0.065     4.3737     39.238     40.444  28.743919     0.7322      7.120   333.7957 7.6753e+00     9.2993      5.376      7.798    10.5663   999.6920 0.0000e+00
      5.496      0.061     4.4185     39.636     40.370  28.687464     0.7157      7.118   333.6372 7.5974e+00     9.3172      5.389      7.817    10.5557   999.6930 0.0000e+00
      5.511      0.056     4.4641     40.042     40.181  28.550355     0.7079      7.117   333.5982 7.5210e+00     9.2679      5.406      7.840    10.5458   999.6940 0.0000e+00
      5.524      0.053     4.5097     40.448     40.000  28.418599     0.7158      7.116   333.5830 7.4617e+00     9.2605      5.419      7.860    10.5388   999.6948 0.0000e+00
      5.535      0.053     4.5531     40.832     39.928  28.363409     0.7245      7.116   333.6250 7.4047e+00     9.2930      5.428      7.873    10.5321   999.6955 0.0000e+00
      5.547      0.053     4.5891     41.151     39.882  28.327189     0.7350      7.115   333.6763 7.3334e+00     9.2679      5.440      7.888    10.5268   999.6960 0.0000e+00
      5.561      0.053     4.6198     41.423     39.754  28.234468     0.7395      7.113   333.7733 7.2482e+00     9.0221      5.454      7.910    10.5253   999.6961 0.0000e+00
      5.577      0.052     4.6474     41.667     39.612  28.130605     0.7346      7.111   333.9366 7.1503e+00     8.5821      5.469      7.932    10.5221   999.6964 0.0000e+00
      5.592      0.051     4.6702     41.866     39.556  28.086567     0.7276      7.110   334.0171 7.0577e+00     8.3398      5.485      7.955    10.5154   999.6971 0.0000e+00
      5.605      0.048     4.6918     42.058     39.554  28.082688     0.7246      7.109   333.9711 6.9871e+00     8.3542      5.499      7.976    10.5107   999.6976 0.0000e+00
      5.615      0.045     4.7174     42.288     39.555  28.083704     0.7249      7.108   333.8116 6.9329e+00     8.4929      5.507      7.987    10.5097   999.6977 0.0000e+00
      5.625      0.042     4.7467     42.552     39.575  28.098855     0.7228      7.107   333.5507 6.8758e+00     8.7064      5.515      7.999    10.5061   999.6980 0.0000e+00
      5.636      0.040     4.7762     42.820     39.626  28.138980     0.7244      7.105   333.3119 6.8095e+00     8.8059      5.528      8.017    10.4980   999.6989 0.0000e+00
      5.646      0.038     4.8072     43.109     39.682  28.188166     0.7274      7.103   333.7629 6.7236e+00     8.8107      5.536      8.030    10.4958   999.6990 0.0000e+00
      5.657      0.037     4.8432     43.447     39.663  28.185984     0.7245      7.102   334.7020 6.6263e+00     8.8299      5.546      8.044    10.4986   999.6989 0.0000e+00
      5.667      0.037     4.8814     43.795     39.554  28.112604     0.7236      7.101   334.9445 6.5568e+00     8.8415      5.559      8.062    10.4983   999.6990 0.0000e+00
      5.675      0.038     4.9160     44.096     39.493  28.062317     0.7245      7.099   334.7163 6.5143e+00     8.8198      5.566      8.072    10.4994   999.6989 0.0000e+00
      5.681      0.041     4.9420     44.311     39.546  28.085556     0.7275      7.098   334.4382 6.4549e+00     8.7976      5.570      8.078    10.5132   999.6976 0.0000e+00
      5.690      0.044     4.9575     44.432     39.642  28.139770     0.7417      7.097   333.9901 6.3444e+00     8.8026      5.579      8.090    10.5328   999.6958 0.0000e+00
      5.704      0.046     4.9638     44.475     39.755  28.210212     0.7662      7.097   333.9437 6.2213e+00     8.7808      5.594      8.113    10.5399   999.6952 0.0000e+00
      5.719      0.049     4.9640     44.468     39.894  28.302775     0.7812      7.097   334.8239 6.1338e+00     8.7318      5.610      8.136    10.5290   999.6963 0.0000e+00
      5.733      0.053     4.9588     44.417     39.995  28.370646     0.7845      7.097   336.0293 6.0541e+00     8.7015      5.622      8.154    10.5064   999.6985 0.0000e+00
      5.745      0.056     4.9495     44.331     40.035  28.396332     0.7894      7.095   336.5585 5.9616e+00     8.6758      5.634      8.171    10.4873   999.7004 0.0000e+00
      5.757      0.059     4.9400     44.243     40.075  28.422997     0.7713      7.093   336.4900 5.8685e+00     8.4865      5.645      8.187    10.4762   999.7016 0.0000e+00
      5.772      0.062     4.9313     44.162     40.101  28.439255     0.7213      7.091   336.3200 5.7680e+00     8.1174      5.659      8.208    10.4691   999.7023 0.0000e+00
      5.789      0.065     4.9208     44.065     40.053  28.402553     0.6877      7.091   336.3101 5.6431e+00     7.9166      5.676      8.233    10.4651   999.7029 0.0000e+00
      5.808      0.066     4.9048     43.918     39.908  28.296478     0.6857      7.090   336.4565 5.5016e+00     7.9271      5.695      8.260    10.4626   999.7031 0.0000e+00
      5.828      0.066     4.8830     43.720     39.736  28.171892     0.7234      7.088   336.6269 5.3678e+00     7.8183      5.715      8.290    10.4604   999.7035 0.0000e+00
      5.845      0.063     4.8548     43.468     39.637  28.101712     0.7973      7.088   336.8213 5.2521e+00     7.5517      5.734      8.317    10.4573   999.7039 0.0000e+00
      5.860      0.058     4.8222     43.178     39.607  28.082431     0.8416      7.087   337.0007 5.1429e+00     7.3899      5.747      8.336    10.4537   999.7043 0.0000e+00
      5.874      0.054     4.7911     42.902     39.580  28.065661     0.8514      7.086   337.1616 5.0369e+00     7.3692      5.760      8.354    10.4490   999.7047 0.0000e+00
      5.888      0.051     4.7641     42.661     39.523  28.025849     0.8285      7.084   337.2182 4.9616e+00     7.3022      5.775      8.376    10.4450   999.7051 0.0000e+00
      5.898      0.049     4.7448     42.485     39.465  27.981762     0.7647      7.083   337.1683 4.9018e+00     7.2025      5.784      8.391    10.4462   999.7050 0.0000e+00
      5.908      0.049     4.7408     42.440     39.377  27.913292     0.7217      7.082   336.7300 4.7978e+00     7.1791      5.791      8.400    10.4487   999.7048 0.0000e+00
      5.920      0.050     4.7515     42.528     39.182  27.769000     0.7242      7.080   336.2211 4.6564e+00     7.1841      5.805      8.419    10.4520   999.7046 0.0000e+00
      5.935      0.052     4.7670     42.664     38.994  27.632983     0.7257      7.079   336.4353 4.5324e+00     7.2295      5.822      8.443    10.4557   999.7043 0.0000e+00
      5.949      0.054     4.7883     42.857     38.947  27.601108     0.7052      7.078   336.8253 4.4321e+00     7.3345      5.835      8.462    10.4510   999.7047 0.0000e+00
      5.962      0.054     4.8171     43.119     38.994  27.637388     0.6935      7.078   337.0638 4.3371e+00     7.4055      5.846      8.479    10.4408   999.7057 0.0000e+00
      5.977      0.053     4.8499     43.415     39.067  27.690963     0.6876      7.078   337.2543 4.2545e+00     7.4652      5.861      8.501    10.4314   999.7066 0.0000e+00
      5.992      0.052     4.8869     43.747     39.137  27.741304     0.6773      7.076   336.8065 4.1813e+00     7.5326      5.877      8.523    10.4275   999.7070 0.0000e+00
      6.005      0.052     4.9249     44.084     39.136  27.738484     0.6818      7.076   335.9509 4.1034e+00     7.5314      5.889      8.541    10.4319   999.7066 0.0000e+00
      6.018      0.053     4.9622     44.414     38.846  27.529972     0.6899      7.076   335.5984 4.0325e+00     7.4825      5.902      8.560    10.4366   999.7062 0.0000e+00
      6.029      0.054     5.0019     44.761     38.371  27.187037     0.6896      7.075   335.7285 3.9784e+00     7.4662      5.913      8.576    10.4386   999.7061 0.0000e+00
      6.040      0.057     5.0401     45.091     38.234  27.081602     0.6864      7.074   335.8895 3.9062e+00     7.4660      5.922      8.590    10.4398   999.7061 0.0000e+00
      6.055      0.061     5.0702     45.348     38.513  27.270294     0.6852      7.072   336.1680 3.8013e+00     7.4470      5.937      8.611    10.4371   999.7064 0.0000e+00
      6.073      0.065     5.0937     45.550     38.758  27.438227     0.6841      7.068   336.6870 3.7148e+00     7.4331      5.956      8.639    10.4330   999.7068 0.0000e+00
