Data/DataNotYetUploadedToEDI/Raw_CTD/RawDownloads/062819_ccr50.cnv
* Sea-Bird SBE19plus  Data File:
* FileName = C:\DATA\062819_ccr50_0003.hex
* Software version 2.8.0.119
* Temperature SN = 7809
* Conductivity SN = 7809
* System UpLoad Time = Jun 28 2019 15:14:05
* <ApplicationData>
* <Seaterm232>
# nquan = 18
# nvalues = 2653                        
# units = specified
# name 0 = depFM: Depth [fresh water, m]
# name 1 = tv290C: Temperature [ITS-90, deg C]
# name 2 = sbeox0Mg/L: Oxygen, SBE 43 [mg/l]
# name 3 = sbeox0PS: Oxygen, SBE 43 [% saturation]
# name 4 = c0uS/cm: Conductivity [uS/cm]
# name 5 = specc: Specific Conductance [uS/cm]
# name 6 = ph: pH
# name 7 = orp: Oxidation Reduction Potential [mV]
# name 8 = flECO-AFL: Fluorescence, WET Labs ECO-AFL/FL [mg/m^3]
# name 9 = turbWETntu0: Turbidity, WET Labs ECO [NTU]
# name 10 = sal00: Salinity, Practical [PSU]
# name 11 = dz/dtM: Descent Rate [m/s]
# name 12 = prdM: Pressure, Strain Gauge [db]
# name 13 = prdE: Pressure, Strain Gauge [psi]
# name 14 = scan: Scan Count
# name 15 = par/sat/log: PAR/Logarithmic, Satlantic
# name 16 = density00: Density [density, kg/m^3]
# name 17 = flag:  0.000e+00
# span 0 =     -0.049,     21.125       
# span 1 =     8.8333,    28.7302       
# span 2 =     0.3743,     9.0482       
# span 3 =      3.230,    114.303       
# span 4 =  43.636041, 177.519688       
# span 5 =     58.722,    262.140       
# span 6 =      6.329,      7.026       
# span 7 =   -31.5092,   355.7705       
# span 8 =    -0.1522,     1.5683       
# span 9 =    -2.3014,    18.0161       
# span 10 =     0.0304,     0.1221      
# span 11 =     -0.159,      0.190      
# span 12 =     -0.047,     20.716      
# span 13 =     -0.067,     30.046      
# span 14 =          1,       2653      
# span 15 = -1.472e+02, 3.0201e+03      
# span 16 =   996.0532,   999.9888      
# span 17 = 0.0000e+00, 0.0000e+00      
# interval = seconds: 0.25
# start_time = Jun 28 2019 11:14:23 [Instrument's time stamp, header]
# bad_flag = -9.990e-29
*END*
[from data line 1528]
      7.384    13.6635     6.9925     67.064  46.862896     60.490      7.006   325.3711     1.0190     1.4766     0.0310      0.050      7.242     10.503       1529 6.4812e+01   999.3391 0.0000e+00
      7.396    13.6370     7.0171     67.277  46.812786     60.456      7.005   325.2576     1.0571     1.7073     0.0310      0.051      7.253     10.519       1530 6.4466e+01   999.3455 0.0000e+00
      7.408    13.6124     7.0383     67.465  46.775704     60.510      7.004   325.7497     1.0800     1.7073     0.0310      0.051      7.263     10.535       1531 6.4039e+01   999.3503 0.0000e+00
      7.416    13.5884     7.0528     67.584  46.671862     60.372      7.005   325.3711     1.0609     1.6929     0.0309      0.048      7.272     10.547       1532 6.3861e+01   999.3539 0.0000e+00
      7.421    13.5688     7.0618     67.644  46.734477     60.518      7.006   325.2576     1.0381     1.6208     0.0310      0.044      7.278     10.556       1533 6.3692e+01   999.3572 0.0000e+00
      7.426    13.5539     7.0664     67.653  46.757099     60.592      7.003   325.3333     0.9961     1.4478     0.0310      0.039      7.283     10.563       1534 6.3435e+01   999.3604 0.0000e+00
      7.432    13.5404     7.0667     67.616  46.673376     60.478      7.002   325.2954     1.0037     1.4766     0.0309      0.035      7.289     10.573       1535 6.3266e+01   999.3631 0.0000e+00
      7.442    13.5249     7.0593     67.506  46.720079     60.610      7.005   325.6361     1.0266     1.5487     0.0310      0.032      7.298     10.586       1536 6.2788e+01   999.3652 0.0000e+00
      7.453    13.5049     7.0490     67.372  46.669338     60.522      7.004   326.0526     1.0113     1.4478     0.0309      0.031      7.309     10.601       1537 6.2361e+01   999.3670 0.0000e+00
      7.465    13.4835     7.0407     67.254  46.647581     60.547      7.003   325.5983     1.0457     1.4334     0.0309      0.031      7.319     10.615       1538 6.2137e+01   999.3691 0.0000e+00
      7.472    13.4641     7.0346     67.153  46.658216     60.578      7.002   325.5983     1.0915     1.4045     0.0310      0.032      7.327     10.627       1539 6.1900e+01   999.3719 0.0000e+00
      7.478    13.4493     7.0334     67.119  46.596815     60.540      7.004   325.9768     1.0609     1.4622     0.0309      0.033      7.333     10.635       1540 6.1794e+01   999.3747 0.0000e+00
      7.481    13.4386     7.0322     67.116  46.605403     60.570      7.001   325.9011     1.0838     1.5055     0.0309      0.033      7.338     10.641       1541 6.1818e+01   999.3773 0.0000e+00
      7.486    13.4257     7.0477     67.250  46.647538     60.666      7.001   326.0526     0.9351     1.3613     0.0310      0.031      7.343     10.649       1542 6.1490e+01   999.3793 0.0000e+00
      7.496    13.4079     7.0560     67.287  46.603689     60.610      7.002   325.9390     0.9465     1.4045     0.0309      0.030      7.352     10.664       1543 6.0910e+01   999.3807 0.0000e+00
      7.511    13.3849     7.0751     67.410  46.541378     60.558      7.002   326.3176     0.9274     1.3613     0.0309      0.030      7.365     10.683       1544 6.0444e+01   999.3825 0.0000e+00
      7.525    13.3584     7.0949     67.536  46.547188     60.586      6.999   326.1661     0.9236     1.4910     0.0309      0.031      7.379     10.702       1545 5.9937e+01   999.3849 0.0000e+00
      7.537    13.3323     7.1070     67.605  46.537171     60.622      6.999   326.3554     0.9541     1.4766     0.0309      0.035      7.391     10.720       1546 5.9683e+01   999.3880 0.0000e+00
      7.547    13.3080     7.1010     67.559  46.494559     60.591      6.999   326.3933     0.9389     1.3901     0.0309      0.039      7.403     10.737       1547 5.9431e+01   999.3915 0.0000e+00
      7.563    13.2829     7.1015     67.570  46.481633     60.633      7.000   326.7340     0.9389     1.4189     0.0309      0.044      7.418     10.760       1548 5.8547e+01   999.3950 0.0000e+00
      7.586    13.2542     7.1005     67.521  46.434674     60.598      7.000   326.7340     0.9389     1.4045     0.0309      0.051      7.436     10.786       1549 5.7921e+01   999.3983 0.0000e+00
      7.599    13.2400     7.0902     67.361  46.434413     60.638      7.000   326.9233     0.9389     1.3469     0.0309      0.055      7.450     10.804       1550 5.7843e+01   999.4016 0.0000e+00
      7.603    13.2437     7.0834     67.251  46.481973     60.756      6.995   327.0747     1.0266     1.7362     0.0309      0.055      7.457     10.814       1551 5.7782e+01   999.4054 0.0000e+00
      7.607    13.2354     7.0744     67.119  46.434803     60.707      6.997   327.0368     1.0037     1.6497     0.0309      0.051      7.463     10.823       1552 5.7495e+01   999.4073 0.0000e+00
      7.618    13.2064     7.0635     66.974  46.404172     60.662      6.995   327.3019     0.9923     1.5776     0.0309      0.048      7.473     10.839       1553 5.6965e+01   999.4068 0.0000e+00
      7.637    13.1679     7.0582     66.878  46.371844     60.640      6.996   327.1126     0.9885     1.6929     0.0309      0.047      7.488     10.861       1554 5.6344e+01   999.4079 0.0000e+00
      7.653    13.1251     7.0634     66.866  46.326793     60.612      6.995   327.1126     0.9427     1.7218     0.0308      0.047      7.502     10.882       1555 5.5876e+01   999.4118 0.0000e+00
      7.662    13.0971     7.0627     66.797  46.312004     60.675      6.995   327.4911     0.9389     1.6785     0.0309      0.045      7.510     10.893       1556 5.6066e+01   999.4168 0.0000e+00
      7.658    13.1018     7.0741     66.836  46.330972     60.741      6.996   327.6426     0.9541     1.6352     0.0309      0.040      7.511     10.893       1557 5.6338e+01   999.4224 0.0000e+00
      7.655    13.1064     7.0929     66.960  46.392163     60.900      6.995   327.9076     0.9541     1.6497     0.0309      0.035      7.512     10.895       1558 5.5910e+01   999.4260 0.0000e+00
      7.667    13.0801     7.1152     67.110  46.384118     60.852      6.994   328.3240     0.9389     1.3757     0.0309      0.033      7.522     10.909       1559 5.5208e+01   999.4254 0.0000e+00
      7.688    13.0404     7.1407     67.289  46.252035     60.699      6.993   328.2104     0.9732     1.4622     0.0308      0.033      7.539     10.933       1560 5.4539e+01   999.4248 0.0000e+00
      7.705    13.0085     7.1613     67.426  46.200740     60.630      6.994   328.0969     0.9618     1.4478     0.0308      0.034      7.554     10.956       1561 5.4159e+01   999.4283 0.0000e+00
      7.716    12.9784     7.1798     67.547  46.270067     60.842      6.993   327.7561     0.9465     1.4045     0.0309      0.035      7.565     10.972       1562 5.4136e+01   999.4335 0.0000e+00
      7.722    12.9506     7.1926     67.615  46.284380     60.854      6.993   328.0590     0.9579     1.6208     0.0309      0.037      7.573     10.984       1563 5.4045e+01   999.4376 0.0000e+00
      7.731    12.9194     7.2073     67.695  46.242249     60.904      6.992   327.9833     0.9274     1.6641     0.0309      0.041      7.583     10.999       1564 5.3569e+01   999.4413 0.0000e+00
      7.747    12.8796     7.2148     67.693  46.085318     60.690      6.992   328.1726     0.9389     1.6929     0.0308      0.047      7.598     11.020       1565 5.2917e+01   999.4449 0.0000e+00
      7.765    12.8362     7.2278     67.744  46.064600     60.739      6.988   327.9833     0.9618     1.6785     0.0308      0.051      7.615     11.045       1566 5.2210e+01   999.4489 0.0000e+00
      7.785    12.7923     7.2395     67.797  46.119806     60.879      6.989   327.9833     0.9656     1.6497     0.0308      0.052      7.633     11.071       1567 5.1675e+01   999.4540 0.0000e+00
      7.800    12.7552     7.2605     67.950  46.016639     60.799      6.989   328.1347     0.9389     1.6641     0.0308      0.053      7.647     11.091       1568 5.1347e+01   999.4595 0.0000e+00
      7.808    12.7156     7.2892     68.187  45.955817     60.798      6.989   328.1347     0.9618     1.6208     0.0308      0.054      7.657     11.105       1569 5.1075e+01   999.4651 0.0000e+00
      7.816    12.6747     7.3116     68.390  45.958326     60.855      6.989   328.2483     0.9694     1.6785     0.0308      0.055      7.665     11.117       1570 5.1017e+01   999.4697 0.0000e+00
      7.824    12.6378     7.3209     68.482  45.894943     60.847      6.986   328.1347     0.9541     1.6641     0.0308      0.054      7.674     11.130       1571 5.0662e+01   999.4747 0.0000e+00
      7.835    12.6023     7.3276     68.534  45.856825     60.838      6.986   328.5133     0.9541     1.6497     0.0307      0.051      7.684     11.145       1572 5.0141e+01   999.4797 0.0000e+00
      7.847    12.5683     7.3407     68.627  45.827892     60.898      6.987   328.7783     0.9389     1.6785     0.0307      0.046      7.696     11.162       1573 4.9756e+01   999.4842 0.0000e+00
      7.861    12.5295     7.3425     68.579  45.782726     60.844      6.987   328.7026     0.9274     1.6497     0.0307      0.043      7.709     11.181       1574 4.9383e+01   999.4886 0.0000e+00
      7.876    12.4824     7.3306     68.397  45.824107     61.011      6.989   328.6647     0.9541     1.5631     0.0308      0.042      7.723     11.201       1575 4.8942e+01   999.4929 0.0000e+00
      7.889    12.4361     7.3226     68.258  45.776418     60.961      6.986   328.8161     0.9579     1.4334     0.0307      0.044      7.735     11.219       1576 4.8610e+01   999.4976 0.0000e+00
      7.899    12.3991     7.3095     68.072  45.723502     61.002      6.990   328.5890     0.9732     1.4334     0.0307      0.047      7.744     11.232       1577 4.8458e+01   999.5034 0.0000e+00
      7.903    12.3705     7.2990     67.914  45.712091     61.040      6.989   328.8919     0.9389     1.4334     0.0307      0.046      7.750     11.241       1578 4.8376e+01   999.5090 0.0000e+00
      7.909    12.3503     7.2875     67.752  45.701699     61.100      6.988   329.0433     0.9427     1.4045     0.0307      0.044      7.756     11.250       1579 4.8148e+01   999.5134 0.0000e+00
      7.917    12.3459     7.2870     67.685  45.706809     61.147      6.990   329.3461     1.1258     1.7218     0.0308      0.040      7.765     11.262       1580 4.7752e+01   999.5169 0.0000e+00
      7.928    12.3484     7.2931     67.680  45.765048     61.255      6.988   329.1569     1.1334     1.6929     0.0308      0.037      7.776     11.278       1581 4.7379e+01   999.5194 0.0000e+00
      7.942    12.3422     7.3041     67.729  45.777479     61.300      6.990   329.1190     1.1182     1.7650     0.0308      0.036      7.788     11.297       1582 4.6865e+01   999.5199 0.0000e+00
      7.957    12.3220     7.3172     67.801  45.720993     61.182      6.991   329.1947     1.1296     1.6497     0.0308      0.036      7.802     11.316       1583 4.6553e+01   999.5197 0.0000e+00
      7.968    12.2814     7.3277     67.851  45.687099     61.194      6.990   329.3461     1.0686     1.7506     0.0308      0.038      7.813     11.332       1584 4.6358e+01   999.5205 0.0000e+00
      7.976    12.2351     7.3188     67.716  45.612120     61.075      6.990   329.2704     1.1029     1.6352     0.0307      0.041      7.823     11.347       1585 4.6057e+01   999.5229 0.0000e+00
      7.988    12.1941     7.3296     67.763  45.606773     61.181      6.991   329.1947     1.0686     1.6641     0.0307      0.044      7.834     11.362       1586 4.5703e+01   999.5277 0.0000e+00
      8.001    12.1526     7.3372     67.780  45.604829     61.219      6.991   329.4597     1.0876     1.7362     0.0307      0.046      7.846     11.381       1587 4.5240e+01   999.5333 0.0000e+00
      8.016    12.1133     7.3234     67.598  45.525619     61.212      6.989   329.6869     1.0075     1.6497     0.0307      0.048      7.861     11.402       1588 4.4837e+01   999.5382 0.0000e+00
      8.033    12.0774     7.3302     67.609  45.497831     61.204      6.989   329.7626     1.0113     1.7939     0.0307      0.049      7.876     11.423       1589 4.4425e+01   999.5430 0.0000e+00
      8.046    12.0373     7.3181     67.472  45.520840     61.345      6.991   329.6490     1.0266     1.6497     0.0307      0.050      7.890     11.443       1590 4.3981e+01   999.5476 0.0000e+00
      8.058    11.9971     7.3201     67.478  45.497010     61.328      6.989   330.2926     1.0113     1.6497     0.0307      0.051      7.902     11.461       1591 4.3812e+01   999.5519 0.0000e+00
      8.068    11.9626     7.3348     67.570  45.468213     61.395      6.988   330.4819     1.0113     1.5920     0.0307      0.052      7.912     11.476       1592 4.3591e+01   999.5565 0.0000e+00
      8.078    11.9310     7.3466     67.617  45.438107     61.387      6.990   330.2547     1.0037     1.6785     0.0307      0.052      7.923     11.491       1593 4.3162e+01   999.5612 0.0000e+00
      8.091    11.8997     7.3596     67.673  45.415906     61.444      6.990   330.6333     0.9846     1.6208     0.0307      0.051      7.935     11.509       1594 4.2959e+01   999.5652 0.0000e+00
      8.105    11.8660     7.3673     67.693  45.436566     61.497      6.989   330.4819     0.9961     1.6785     0.0307      0.049      7.948     11.528       1595 4.2525e+01   999.5689 0.0000e+00
      8.119    11.8316     7.3920     67.879  45.412415     61.548      6.990   330.4061     0.9999     1.6208     0.0307      0.048      7.962     11.548       1596 4.2134e+01   999.5725 0.0000e+00
      8.133    11.7979     7.4011     67.924  45.297737     61.416      6.988   330.4061     0.9961     1.6064     0.0307      0.048      7.975     11.567       1597 4.1905e+01   999.5763 0.0000e+00
      8.147    11.7622     7.4115     67.981  45.282814     61.473      6.989   330.5954     0.9923     1.6929     0.0307      0.049      7.989     11.587       1598 4.1428e+01   999.5803 0.0000e+00
      8.161    11.7288     7.4032     67.867  45.282764     61.529      6.988   330.9361     1.0037     1.6497     0.0307      0.051      8.003     11.607       1599 4.1130e+01   999.5841 0.0000e+00
      8.175    11.7131     7.4003     67.804  45.238525     61.512      6.988   331.0119     0.9846     1.6497     0.0307      0.053      8.016     11.627       1600 4.0702e+01   999.5881 0.0000e+00
      8.189    11.7033     7.4029     67.792  45.248947     61.608      6.985   331.2011     1.0113     1.6929     0.0307      0.054      8.031     11.648       1601 4.0411e+01   999.5920 0.0000e+00
      8.204    11.6760     7.3995     67.726  45.180866     61.520      6.989   331.5797     1.0152     1.6497     0.0306      0.055      8.049     11.673       1602 3.9927e+01   999.5937 0.0000e+00
      8.229    11.6361     7.3886     67.594  45.175017     61.534      6.988   331.6176     1.0075     1.6641     0.0306      0.058      8.069     11.703       1603 3.9126e+01   999.5949 0.0000e+00
      8.251    11.5950     7.3806     67.490  45.167291     61.581      6.985   331.1254     1.0037     1.7794     0.0307      0.063      8.089     11.731       1604 3.9020e+01   999.5981 0.0000e+00
      8.262    11.5622     7.3751     67.410  45.131201     61.572      6.984   331.2769     0.9885     1.7073     0.0306      0.065      8.102     11.751       1605 3.8746e+01   999.6025 0.0000e+00
      8.272    11.5361     7.3727     67.362  45.190304     61.756      6.983   331.5419     1.0037     1.6785     0.0307      0.065      8.112     11.765       1606 3.8404e+01   999.6071 0.0000e+00
      8.282    11.5115     7.3701     67.311  45.123411     61.697      6.984   331.5419     1.0228     1.5776     0.0307      0.063      8.122     11.779       1607 3.8247e+01   999.6107 0.0000e+00
      8.291    11.4869     7.3608     67.208  45.066227     61.664      6.983   331.3147     1.0075     1.6208     0.0306      0.060      8.132     11.794       1608 3.8021e+01   999.6136 0.0000e+00
