Data/DataNotYetUploadedToEDI/Raw_CTD/RawDownloads/062820_fcr50_0002_0003.cnv
* Sea-Bird SBE19plus  Data File:
* FileName = C:\DATA\062820_fcr50_0002_0003.hex
* Software version 2.8.0.119 SB_Terminal.dll
* Temperature SN = 7809
* Conductivity SN = 7809
* System UpLoad Time = Jun 28 2020 23:09:20
* <ApplicationData>
* <Seaterm232>
# nquan = 16
# nvalues = 4854                        
# units = specified
# name 0 = depFM: Depth [fresh water, m]
# name 1 = dz/dtM: Descent Rate [m/s]
# name 2 = sbeox0ML/L: Oxygen, SBE 43 [ml/l]
# name 3 = sbeox0PS: Oxygen, SBE 43 [% saturation]
# name 4 = specc: Specific Conductance [uS/cm]
# name 5 = c0uS/cm: Conductivity [uS/cm]
# name 6 = flECO-AFL: Fluorescence, WET Labs ECO-AFL/FL [mg/m^3]
# name 7 = ph: pH
# name 8 = orp: Oxidation Reduction Potential [mV]
# name 9 = par/sat/log: PAR/Logarithmic, Satlantic
# name 10 = turbWETntu0: Turbidity, WET Labs ECO [NTU]
# name 11 = prdM: Pressure, Strain Gauge [db]
# name 12 = prdE: Pressure, Strain Gauge [psi]
# name 13 = tv290C: Temperature [ITS-90, deg C]
# name 14 = density00: Density [density, kg/m^3]
# name 15 = flag:  0.000e+00
# span 0 =     -0.712,      9.629       
# span 1 =     -2.941,      4.097       
# span 2 =     0.0319,     8.1992       
# span 3 =      0.426,    128.528       
# span 4 =      1.280,    100.945       
# span 5 =   1.213912,  68.765149       
# span 6 =    -0.9784,    25.3652       
# span 7 =      6.457,      8.221       
# span 8 =  -148.7963,   856.2995       
# span 9 = 1.2344e-01, 1.2388e-01       
# span 10 =    -0.3465,   343.8442      
# span 11 =     -0.699,      9.442      
# span 12 =     -1.014,     13.695      
# span 13 =     9.0535,    23.4506      
# span 14 =   997.4501,   999.8613      
# span 15 = 0.0000e+00, 0.0000e+00      
# interval = seconds: 0.25
# start_time = Jun 28 2020 09:41:31 [Instrument's time stamp, header]
# bad_flag = -9.990e-29
*END*
[from data line 91]
      1.193 1.8627e-07     5.3900     86.694     31.997  29.910242     2.1280      7.664   167.4811 1.2363e-01     1.6799      1.170      1.697    21.6121   997.8809 0.0000e+00
      1.192 1.6934e-08     5.3709     86.739     31.970  29.910382     2.1298      7.660   167.3689 1.2363e-01     1.6681      1.169      1.696    21.6392   997.8749 0.0000e+00
      1.192 1.5395e-09     5.3528     86.820     31.962  29.934622     2.1338      7.656   167.2124 1.2364e-01     1.6448      1.169      1.696    21.6684   997.8683 0.0000e+00
      1.192 1.4099e-10     5.3352     86.909     31.938  29.949612     2.1285      7.652   167.4814 1.2372e-01     1.6378      1.169      1.696    21.6990   997.8614 0.0000e+00
      1.192 2.4165e-11     5.3278     86.981     31.913  29.964800     2.1030      7.648   168.0389 1.2376e-01     1.6525      1.169      1.696    21.7312   997.8543 0.0000e+00
      1.193 1.3859e-10     5.3299     86.993     31.903  29.991437     2.0733      7.644   168.2747 1.2370e-01     1.6851      1.170      1.696    21.7706   997.8454 0.0000e+00
      1.193 1.5245e-09     5.3292     86.927     31.896  30.017977     2.0557      7.641   168.2682 1.2370e-01     1.6544      1.170      1.697    21.8208   997.8341 0.0000e+00
      1.193 1.6769e-08     5.3289     86.780     31.878  30.031982     2.0529      7.638   168.1317 1.2373e-01     1.5901      1.170      1.697    21.8803   997.8207 0.0000e+00
      1.193 1.8446e-07     5.3287     86.635     31.848  30.033930     2.0586      7.634   167.9150 1.2373e-01     1.6289      1.170      1.697    21.9431   997.8066 0.0000e+00
      1.193 1.6633e-07     5.3228     86.644     31.828  30.041582     2.0769      7.632   168.0565 1.2374e-01     1.7111      1.170      1.697    22.0016   997.7933 0.0000e+00
      1.193 -2.025e-07     5.3148     86.859     31.823  30.061094     2.0929      7.630   168.4667 1.2374e-01     1.7255      1.170      1.697    22.0509   997.7821 0.0000e+00
      1.193 -4.008e-07     5.2994     87.237     31.822  30.079567     2.0804      7.626   168.7443 1.2373e-01     1.7009      1.170      1.696    22.0983   997.7712 0.0000e+00
      1.193 -2.193e-07     5.2807     87.712     31.799  30.074646     2.0497      7.621   168.9182 1.2375e-01     1.6886      1.170      1.697    22.1469   997.7602 0.0000e+00
      1.193 -1.993e-08     5.2760     88.162     31.774  30.065048     2.0270      7.618   169.0209 1.2374e-01     1.7133      1.170      1.697    22.1912   997.7501 0.0000e+00
      1.193 -1.812e-09     5.2873     88.480     31.788  30.090421     2.0153      7.616   169.0395 1.2370e-01     1.6909      1.170      1.697    22.2286   997.7415 0.0000e+00
      1.193 -1.647e-10     5.3073     88.628     31.813  30.127697     1.9946      7.614   168.9705 1.2368e-01     1.6243      1.170      1.697    22.2588   997.7346 0.0000e+00
      1.193 -1.498e-11     5.3371     88.574     31.807  30.135132     1.9763      7.610   168.6173 1.2368e-01     1.6278      1.170      1.697    22.2838   997.7288 0.0000e+00
      1.193 -1.361e-12     5.3652     88.312     31.775  30.116885     1.9559      7.606   168.3828 1.2366e-01     1.6653      1.171      1.698    22.3057   997.7237 0.0000e+00
      1.193 -1.142e-13     5.3821     87.895     31.745  30.097408     1.9104      7.603   168.7163 1.2358e-01     1.6656      1.170      1.697    22.3259   997.7192 0.0000e+00
      1.193 9.3893e-14     5.3902     87.400     31.730  30.089978     1.8746      7.600   169.0354 1.2356e-01     1.6306      1.170      1.697    22.3468   997.7143 0.0000e+00
      1.193 1.1556e-12     5.3853     86.902     31.725  30.090488     1.8751      7.597   169.1439 1.2365e-01     1.6202      1.170      1.697    22.3678   997.7095 0.0000e+00
      1.193 1.2723e-11     5.3659     86.467     31.733  30.103591     1.9452      7.594   169.2534 1.2374e-01     1.6427      1.170      1.697    22.3856   997.7053 0.0000e+00
      1.193 1.3995e-10     5.3374     86.104     31.748  30.121527     2.0650      7.590   168.8114 1.2374e-01     1.6623      1.171      1.698    22.3993   997.7022 0.0000e+00
      1.193 1.5395e-09     5.3048     85.782     31.740  30.117043     2.1318      7.586   168.0152 1.2369e-01     1.6519      1.170      1.697    22.4100   997.6997 0.0000e+00
      1.194 1.6934e-08     5.2719     85.470     31.734  30.112820     2.1421      7.583   167.7999 1.2368e-01     1.6199      1.171      1.698    22.4192   997.6976 0.0000e+00
      1.194 1.8627e-07     5.2446     85.164     31.753  30.133905     2.1511      7.581   167.9290 1.2370e-01     1.6525      1.172      1.699    22.4273   997.6957 0.0000e+00
      1.194 1.8627e-07     5.2230     84.906     31.793  30.181661     2.1741      7.580   168.1999 1.2371e-01     1.7375      1.171      1.698    22.4333   997.6943 0.0000e+00
      1.194 1.6934e-08     5.2035     85.060     31.830  30.246179     2.2008      7.577   168.6668 1.2369e-01     1.7546      1.170      1.697    22.4376   997.6934 0.0000e+00
      1.194 1.5395e-09     5.1847     86.622     31.814  30.279626     2.2162      7.573   168.3254 1.2367e-01     1.7224      1.171      1.698    22.4406   997.6927 0.0000e+00
      1.193 1.3995e-10     5.1649     90.285     31.757  30.268943     2.1984      7.570   167.2563 1.2368e-01     1.6914      1.170      1.697    22.4441   997.6918 0.0000e+00
      1.193 1.2723e-11     5.1469     95.454     31.702  30.243955     2.1578      7.568   166.8393 1.2368e-01     1.6549      1.170      1.697    22.4479   997.6910 0.0000e+00
      1.194 1.1566e-12     5.1251    101.020     31.672  30.231290     2.1445      7.565   166.9831 1.2364e-01     1.6580      1.171      1.698    22.4900   997.6813 0.0000e+00
      1.194 1.0515e-13     5.1840    106.151     31.673  30.242717     2.1519      7.563   167.1878 1.2364e-01     1.6606      1.171      1.698    22.5886   997.6583 0.0000e+00
      1.194 9.5590e-15     5.4211    110.337     31.683  30.255255     2.1521      7.561   167.5078 1.2358e-01     1.6520      1.171      1.699    22.6659   997.6403 0.0000e+00
      1.194 8.6900e-16     5.7556    113.288     31.688  30.256009     2.1664      7.558   167.6687 1.2354e-01     1.6906      1.171      1.698    22.6983   997.6328 0.0000e+00
      1.194 7.9000e-17     6.1052    114.855     31.694  30.251827     2.2006      7.556   167.4118 1.2361e-01     1.7166      1.171      1.699    22.7246   997.6265 0.0000e+00
      1.194 7.1820e-18     6.4236    115.132     31.663  30.204676     2.2224      7.554   166.8974 1.2365e-01     1.7254      1.171      1.698    22.7394   997.6231 0.0000e+00
      1.194 6.5290e-19     6.6797    114.495     31.619  30.129971     2.2200      7.551   166.5258 1.2364e-01     1.7279      1.171      1.698    22.7453   997.6217 0.0000e+00
      1.194 5.9355e-20     6.8635    113.471     31.656  30.109794     2.2096      7.549   166.4465 1.2365e-01     1.6786      1.171      1.698    22.7405   997.6228 0.0000e+00
      1.194 5.3960e-21     6.9577    112.446     31.761  30.150959     2.2107      7.547   166.6262 1.2368e-01     1.6436      1.171      1.698    22.7218   997.6272 0.0000e+00
      1.194 4.9052e-22     6.9700    111.647     31.816  30.183527     2.2139      7.545   166.8052 1.2371e-01     1.6484      1.171      1.698    22.7005   997.6322 0.0000e+00
      1.194 4.4593e-23     6.9231    111.198     31.796  30.186342     2.2105      7.541   166.9757 1.2372e-01     1.6338      1.171      1.698    22.6550   997.6428 0.0000e+00
      1.194 4.0539e-24     6.8664    111.035     31.779  30.185034     2.2081      7.537   167.2254 1.2370e-01     1.6044      1.171      1.698    22.5626   997.6643 0.0000e+00
      1.194 3.6854e-25     6.8175    110.978     31.762  30.167743     2.2036      7.534   167.2444 1.2369e-01     1.6014      1.171      1.699    22.4301   997.6951 0.0000e+00
      1.194 3.3503e-26     6.7695    110.929     31.753  30.167592     2.2037      7.531   167.1188 1.2372e-01     1.6319      1.172      1.699    22.3951   997.7032 0.0000e+00
      1.194 3.0458e-27     6.7334    110.898     31.750  30.183210     2.2091      7.527   167.0829 1.2375e-01     1.6651      1.171      1.698    22.4803   997.6835 0.0000e+00
      1.194 2.7689e-28     6.7263    110.898     31.717  30.166291     2.2220      7.525   167.1544 1.2370e-01     1.6588      1.171      1.698    22.4994   997.6791 0.0000e+00
      1.194 2.5172e-29     6.7281    110.894     31.705  30.153361     2.2449      7.523   167.4684 1.2365e-01     1.6251      1.171      1.698    22.4735   997.6851 0.0000e+00
      1.194 2.2883e-30     6.7220    110.848     31.724  30.153752     2.2571      7.519   167.7818 1.2369e-01     1.6351      1.171      1.698    22.4903   997.6813 0.0000e+00
      1.194 2.0803e-31     6.7145    110.785     31.708  30.107559     2.2646      7.515   167.7594 1.2373e-01     1.6764      1.171      1.699    22.5306   997.6719 0.0000e+00
      1.194 1.8912e-32     6.7115    110.723     31.688  30.038870     2.3067      7.513   167.7144 1.2370e-01     1.7466      1.171      1.698    22.5590   997.6652 0.0000e+00
      1.194 1.7192e-33     6.7137    110.650     31.734  30.021013     2.3652      7.511   167.7536 1.2369e-01     1.8660      1.171      1.699    22.5557   997.6660 0.0000e+00
      1.194 1.5629e-34     6.7131    110.628     31.776  30.018442     2.3909      7.510   167.7181 1.2370e-01     1.9530      1.171      1.699    22.5262   997.6729 0.0000e+00
      1.194 1.4209e-35     6.7147    110.778     31.776  30.007715     2.3975      7.509   167.6290 1.2373e-01     1.9740      1.171      1.698    22.4789   997.6838 0.0000e+00
      1.194 1.2917e-36     6.7215    111.172     31.797  30.018180     2.4169      7.508   167.4497 1.2378e-01     1.9485      1.171      1.698    22.4081   997.7002 0.0000e+00
      1.194 1.1743e-37     6.7319    111.728     31.818  30.018086     2.4441      7.506   167.2708 1.2377e-01     1.8852      1.171      1.699    22.2800   997.7297 0.0000e+00
      1.194 1.0675e-38     6.7375    112.299     31.828  30.006556     2.4598      7.503   167.2735 1.2371e-01     1.8606      1.171      1.698    22.2029   997.7473 0.0000e+00
      1.194 9.7050e-40     6.7422    112.820     31.845  30.005614     2.4724      7.501   167.3095 1.2362e-01     1.8919      1.171      1.698    22.2194   997.7436 0.0000e+00
      1.194 8.8225e-41     6.7700    113.305     31.855  30.006673     2.4918      7.500   167.3620 1.2356e-01     1.9202      1.171      1.699    22.2052   997.7468 0.0000e+00
      1.194 8.0205e-42     6.8137    113.765     31.871  30.019352     2.5129      7.497   167.4782 1.2353e-01     1.9278      1.171      1.699    22.1670   997.7556 0.0000e+00
      1.194 7.2915e-43     6.8539    114.155     31.879  30.032027     2.5282      7.495   167.3383 1.2358e-01     1.8806      1.172      1.699    22.1312   997.7638 0.0000e+00
      1.194 6.6285e-44     6.8894    114.408     31.862  30.033051     2.5332      7.494   167.0468 1.2368e-01     1.8307      1.171      1.698    22.0996   997.7710 0.0000e+00
      1.194 6.0260e-45     6.9191    114.558     31.822  30.031757     2.5357      7.491   166.8798 1.2372e-01     1.8396      1.171      1.699    22.0923   997.7727 0.0000e+00
      1.194 5.4780e-46     6.9493    114.713     31.739  30.016440     2.4626      7.487   166.7815 1.2369e-01     1.8158      1.171      1.699    22.0864   997.7740 0.0000e+00
      1.194 4.9801e-47     6.9744    114.836     31.629  29.974812     2.3076      7.483   166.7182 1.2363e-01     1.7154      1.171      1.699    22.0924   997.7726 0.0000e+00
      1.194 4.5310e-48     6.9863    114.821     31.536  29.909168     2.2162      7.480   166.7164 1.2362e-01     1.6550      1.172      1.699    22.1170   997.7670 0.0000e+00
      1.194 4.5133e-49     6.9850    114.670     31.499  29.857172     2.2058      7.475   166.9326 1.2362e-01     1.6695      1.171      1.699    22.1611   997.7569 0.0000e+00
      1.194 4.7469e-49     6.9795    114.294     31.520  29.853607     2.2098      7.471   167.1808 1.2359e-01     1.6852      1.172      1.699    22.2777   997.7301 0.0000e+00
      1.194 4.8134e-48     6.9753    113.744     31.548  29.866034     2.2175      7.467   167.1358 1.2358e-01     1.6731      1.171      1.698    22.4116   997.6994 0.0000e+00
      1.194 5.2911e-47     6.9651    113.305     31.582  29.880529     2.2140      7.464   167.0771 1.2361e-01     1.6266      1.171      1.699    22.4419   997.6923 0.0000e+00
      1.194 5.8201e-46     6.9682    113.020     31.644  29.901955     2.2049      7.459   166.9872 1.2361e-01     1.6022      1.172      1.699    22.3901   997.7042 0.0000e+00
      1.194 6.4021e-45     6.9536    112.784     31.659  29.871300     2.2689      7.455   166.6517 1.2366e-01     1.6875      1.171      1.698    22.3382   997.7163 0.0000e+00
      1.194 7.0423e-44     6.9081    112.610     31.591  29.763567     2.3966      7.450   166.3761 1.2380e-01     1.7998      1.172      1.700    22.3311   997.7178 0.0000e+00
      1.194 7.7466e-43     6.8857    112.537     31.552  29.677753     2.4616      7.446   166.8377 1.2381e-01     1.8264      1.171      1.699    22.3175   997.7210 0.0000e+00
      1.195 8.5212e-42     6.8815    112.562     31.585  29.658365     2.4648      7.443   167.7590 1.2369e-01     1.8378      1.172      1.699    22.2461   997.7374 0.0000e+00
      1.195 9.3734e-41     6.8759    112.736     31.612  29.655940     2.4541      7.439   168.0514 1.2367e-01     1.8694      1.172      1.700    22.1677   997.7553 0.0000e+00
      1.195 1.0311e-39     6.8719    113.073     31.663  29.711832     2.4277      7.434   167.7056 1.2372e-01     1.8994      1.172      1.699    22.1053   997.7696 0.0000e+00
      1.195 1.1342e-38     6.8791    113.567     31.751  29.826658     2.4024      7.429   167.1917 1.2374e-01     1.9257      1.172      1.700    22.0322   997.7862 0.0000e+00
      1.194 1.2476e-37     6.8918    114.270     31.786  29.902448     2.3865      7.425   166.9142 1.2372e-01     1.9135      1.171      1.699    21.9286   997.8098 0.0000e+00
      1.194 1.3724e-36     6.9091    115.135     31.774  29.930439     2.3790      7.421   167.4473 1.2374e-01     1.8889      1.171      1.699    21.8743   997.8220 0.0000e+00
      1.195 1.5096e-35     6.9280    115.948     31.732  29.911406     2.3404      7.417   168.4763 1.2379e-01     1.9376      1.172      1.700    21.9050   997.8151 0.0000e+00
      1.195 1.6605e-34     6.9475    116.447     31.602  29.799228     2.2628      7.413   168.9445 1.2381e-01     1.9867      1.172      1.699    21.9564   997.8035 0.0000e+00
      1.195 1.8266e-33     6.9821    116.527     31.433  29.652560     2.2131      7.409   168.8925 1.2376e-01     1.9341      1.172      1.699    22.0319   997.7863 0.0000e+00
      1.195 2.0093e-32     7.0289    116.268     31.303  29.533715     2.1970      7.405   168.6214 1.2363e-01     1.8504      1.171      1.699    22.1090   997.7688 0.0000e+00
      1.195 2.2102e-31     7.0830    115.795     31.233  29.440736     2.1825      7.401   168.1623 1.2358e-01     1.8327      1.172      1.700    22.1317   997.7636 0.0000e+00
      1.195 2.4312e-30     7.1146    115.254     31.283  29.416449     2.1620      7.399   168.1592 1.2363e-01     1.8917      1.172      1.699    22.1386   997.7620 0.0000e+00
      1.196 2.6743e-29     7.1131    114.844     31.392  29.430269     2.1401      7.396   168.7560 1.2368e-01     1.9457      1.172      1.700    22.1631   997.7563 0.0000e+00
      1.196 2.9418e-28     7.0920    114.774     31.452  29.417391     2.1377      7.393   169.2699 1.2372e-01     1.9366      1.172      1.700    22.1853   997.7512 0.0000e+00
      1.195 3.2359e-27     7.0638    115.123     31.385  29.324094     2.2374      7.389   169.3822 1.2375e-01     1.9195      1.172      1.700    22.1578   997.7574 0.0000e+00
