Data/DataNotYetUploadedToEDI/Raw_CTD/RawDownloads/062819_shr50.cnv
* Sea-Bird SBE19plus  Data File:
* FileName = C:\DATA\062819_ccr50_0004.hex
* Software version 2.8.0.119
* Temperature SN = 7809
* Conductivity SN = 7809
* System UpLoad Time = Jun 28 2019 15:15:57
* <ApplicationData>
* <Seaterm232>
# nquan = 18
# nvalues = 3854                        
# units = specified
# name 0 = depFM: Depth [fresh water, m]
# name 1 = tv290C: Temperature [ITS-90, deg C]
# name 2 = sbeox0Mg/L: Oxygen, SBE 43 [mg/l]
# name 3 = sbeox0PS: Oxygen, SBE 43 [% saturation]
# name 4 = c0uS/cm: Conductivity [uS/cm]
# name 5 = specc: Specific Conductance [uS/cm]
# name 6 = ph: pH
# name 7 = orp: Oxidation Reduction Potential [mV]
# name 8 = flECO-AFL: Fluorescence, WET Labs ECO-AFL/FL [mg/m^3]
# name 9 = turbWETntu0: Turbidity, WET Labs ECO [NTU]
# name 10 = sal00: Salinity, Practical [PSU]
# name 11 = dz/dtM: Descent Rate [m/s]
# name 12 = prdM: Pressure, Strain Gauge [db]
# name 13 = prdE: Pressure, Strain Gauge [psi]
# name 14 = scan: Scan Count
# name 15 = par/sat/log: PAR/Logarithmic, Satlantic
# name 16 = density00: Density [density, kg/m^3]
# name 17 = flag:  0.000e+00
# span 0 =     -0.429,     63.042       
# span 1 =     6.6044,    33.6155       
# span 2 =     4.2490,    15.7198       
# span 3 =     55.081,    173.362       
# span 4 =   0.578326, 320.044703       
# span 5 =      0.776,    322.123       
# span 6 =      5.890,      8.192       
# span 7 =   -70.1993,  1240.2295       
# span 8 =    -0.1674,     1.3928       
# span 9 =    -0.6863,    12.6087       
# span 10 =     0.0146,     0.1526      
# span 11 =     -0.090,      0.364      
# span 12 =     -0.420,     61.821      
# span 13 =     -0.610,     89.664      
# span 14 =          1,       3854      
# span 15 = 1.2156e-01, 7.1064e+02      
# span 16 =   994.5088,  1000.3370      
# span 17 = 0.0000e+00, 0.0000e+00      
# interval = seconds: 0.25
# start_time = Jun 28 2019 13:30:41 [Instrument's time stamp, header]
# bad_flag = -9.990e-29
*END*
[from data line 563]
      2.957    25.5950     8.5327    104.222 294.826432    291.245      7.876   233.6052     0.1797    -0.4124     0.1407      0.098      2.901      4.208        564 2.5972e+02   997.0080 0.0000e+00
      2.981    25.5896     8.5388    104.283 294.723039    291.177      7.882   233.0752     0.1835    -0.3691     0.1406      0.095      2.924      4.241        565 2.5783e+02   997.0101 0.0000e+00
      3.006    25.5840     8.5494    104.391 294.711819    291.215      7.882   232.8480     0.2484    -0.1961     0.1406      0.092      2.947      4.275        566 2.5665e+02   997.0119 0.0000e+00
      3.028    25.5765     8.5733    104.653 294.660353    291.190      7.886   232.4694     0.2522    -0.1240     0.1406      0.089      2.969      4.307        567 2.5742e+02   997.0134 0.0000e+00
      3.050    25.5655     8.6011    104.971 294.547019    291.111      7.888   232.2044     0.2522    -0.0807     0.1406      0.087      2.991      4.338        568 2.5445e+02   997.0150 0.0000e+00
      3.071    25.5473     8.6095    105.063 294.432726    291.042      7.889   232.8859     0.2675    -0.1384     0.1406      0.087      3.012      4.368        569 2.5382e+02   997.0170 0.0000e+00
      3.091    25.5230     8.6074    105.027 294.202395    290.881      7.892   232.5073     0.1759    -0.1961     0.1405      0.087      3.032      4.397        570 2.5271e+02   997.0199 0.0000e+00
      3.112    25.5006     8.6105    105.045 293.993401    290.762      7.895   232.6587     0.1835    -0.1528     0.1404      0.087      3.052      4.427        571 2.5000e+02   997.0247 0.0000e+00
      3.133    25.4828     8.6102    105.021 293.912607    290.848      7.895   232.5451     0.2026    -0.2105     0.1405      0.086      3.072      4.456        572 2.5012e+02   997.0312 0.0000e+00
      3.153    25.4697     8.6008    104.891 293.852876    290.892      7.898   232.6966     0.2255    -0.1672     0.1405      0.084      3.092      4.484        573 2.5175e+02   997.0372 0.0000e+00
      3.173    25.4610     8.5980    104.848 293.857753    291.023      7.901   232.9237     0.1950    -0.1240     0.1405      0.082      3.112      4.513        574 2.4724e+02   997.0419 0.0000e+00
      3.194    25.4541     8.6109    104.970 293.876600    291.099      7.902   232.9237     0.2293    -0.1095     0.1406      0.081      3.134      4.545        575 2.4402e+02   997.0455 0.0000e+00
      3.220    25.4425     8.6331    105.192 293.799465    291.092      7.906   234.3244     0.1950    -0.1816     0.1406      0.082      3.158      4.579        576 2.4814e+02   997.0478 0.0000e+00
      3.245    25.4272     8.6630    105.512 293.653683    290.964      7.908   234.7409     0.1568    -0.2249     0.1405      0.084      3.180      4.613        577 2.4521e+02   997.0497 0.0000e+00
      3.265    25.4161     8.7091    106.038 293.547885    290.945      7.908   234.9302     0.2293    -0.2249     0.1405      0.085      3.200      4.642        578 2.4072e+02   997.0528 0.0000e+00
      3.281    25.4103     8.7406    106.392 293.511034    290.981      7.913   235.1952     0.2446    -0.2393     0.1405      0.085      3.218      4.667        579 2.4272e+02   997.0570 0.0000e+00
      3.298    25.4046     8.7512    106.492 293.489529    291.043      7.913   234.9680     0.2331    -0.2105     0.1405      0.084      3.234      4.692        580 2.4534e+02   997.0599 0.0000e+00
      3.315    25.3952     8.7351    106.267 293.454654    291.021      7.915   235.4223     0.2751    -0.1672     0.1405      0.081      3.252      4.717        581 2.3974e+02   997.0614 0.0000e+00
      3.336    25.3838     8.7055    105.890 293.374409    290.996      7.918   235.3087     0.2331    -0.1240     0.1405      0.079      3.272      4.746        582 2.3648e+02   997.0630 0.0000e+00
      3.359    25.3767     8.6840    105.617 293.229305    290.885      7.919   235.5737     0.2598    -0.2393     0.1405      0.077      3.294      4.778        583 2.3843e+02   997.0656 0.0000e+00
      3.382    25.3711     8.6690    105.425 293.215135    290.947      7.923   235.6873     0.2408    -0.1816     0.1405      0.076      3.316      4.810        584 2.3905e+02   997.0687 0.0000e+00
      3.404    25.3539     8.6727    105.455 293.152008    290.937      7.923   234.8923     0.2522    -0.2105     0.1405      0.077      3.338      4.842        585 2.3767e+02   997.0706 0.0000e+00
      3.427    25.3283     8.6984    105.750 292.887767    290.682      7.923   234.8166     0.2446    -0.1961     0.1404      0.081      3.359      4.873        586 2.3587e+02   997.0721 0.0000e+00
      3.447    25.3053     8.7245    106.047 292.643739    290.562      7.927   234.7787     0.2522    -0.1816     0.1403      0.083      3.379      4.902        587 2.3555e+02   997.0766 0.0000e+00
      3.465    25.2870     8.7534    106.376 292.495478    290.539      7.926   234.5137     0.2522    -0.1095     0.1403      0.084      3.398      4.929        588 2.3221e+02   997.0833 0.0000e+00
      3.485    25.2719     8.7968    106.877 292.472195    290.673      7.929   233.3780     0.2751    -0.1240     0.1404      0.084      3.418      4.957        589 2.3142e+02   997.0894 0.0000e+00
      3.505    25.2567     8.8350    107.313 292.492755    290.778      7.930   233.6052     0.2560    -0.1961     0.1404      0.083      3.437      4.984        590 2.3221e+02   997.0943 0.0000e+00
      3.523    25.2426     8.8654    107.655 292.469971    290.865      7.933   233.4159     0.2522    -0.1240     0.1405      0.080      3.455      5.011        591 2.3101e+02   997.0982 0.0000e+00
      3.541    25.2334     8.9016    108.066 292.440600    290.897      7.936   233.6809     0.2255    -0.1816     0.1405      0.078      3.472      5.036        592 2.2974e+02   997.1023 0.0000e+00
      3.557    25.2278     8.9208    108.272 292.469351    291.036      7.939   233.3780     0.2331    -0.1672     0.1405      0.075      3.488      5.059        593 2.2854e+02   997.1061 0.0000e+00
      3.573    25.2224     8.9190    108.224 292.434247    291.032      7.938   233.4537     0.2370    -0.1961     0.1405      0.072      3.504      5.083        594 2.2733e+02   997.1085 0.0000e+00
      3.590    25.2151     8.9114    108.103 292.364294    291.009      7.940   233.5294     0.2446    -0.1240     0.1405      0.070      3.522      5.109        595 2.2662e+02   997.1100 0.0000e+00
      3.613    25.2056     8.8932    107.850 292.316367    290.983      7.944   233.5673     0.2484    -0.2105     0.1405      0.070      3.546      5.143        596 2.2498e+02   997.1115 0.0000e+00
      3.646    25.1954     8.8681    107.520 292.253851    290.969      7.942   235.3844     0.2598    -0.1528     0.1405      0.074      3.574      5.184        597 2.2208e+02   997.1136 0.0000e+00
      3.674    25.1842     8.8257    106.993 292.202060    290.968      7.945   235.1573     0.2598    -0.1816     0.1405      0.080      3.602      5.225        598 2.2123e+02   997.1162 0.0000e+00
      3.700    25.1709     8.7969    106.634 292.080776    290.914      7.947   235.5737     0.2293    -0.1961     0.1405      0.087      3.629      5.264        599 2.2018e+02   997.1189 0.0000e+00
      3.727    25.1567     8.7778    106.385 291.984718    290.866      7.948   235.6494     0.2560    -0.2105     0.1404      0.094      3.654      5.300        600 2.1863e+02   997.1219 0.0000e+00
      3.751    25.1424     8.7864    106.472 291.901544    290.888      7.950   235.6494     0.2331    -0.1816     0.1405      0.099      3.676      5.332        601 2.1735e+02   997.1254 0.0000e+00
      3.768    25.1283     8.8049    106.673 291.824249    290.857      7.952   235.8009     0.2446    -0.1816     0.1404      0.101      3.694      5.358        602 2.1592e+02   997.1292 0.0000e+00
      3.783    25.1148     8.8244    106.880 291.780892    290.940      7.956   236.1794     0.2522    -0.1816     0.1405      0.098      3.712      5.383        603 2.1532e+02   997.1330 0.0000e+00
      3.803    25.1015     8.8561    107.231 291.715499    290.909      7.957   235.8387     0.2522    -0.1240     0.1405      0.092      3.732      5.413        604 2.1299e+02   997.1367 0.0000e+00
      3.830    25.0869     8.8947    107.671 291.665628    290.988      7.959   236.6716     0.2408    -0.1961     0.1405      0.087      3.757      5.449        605 2.1140e+02   997.1403 0.0000e+00
      3.858    25.0709     8.9294    108.070 291.482924    290.839      7.958   235.9902     0.2942    -0.2249     0.1404      0.086      3.784      5.489        606 2.1045e+02   997.1438 0.0000e+00
      3.889    25.0577     8.9523    108.313 291.342784    290.811      7.961   234.9302     0.2827    -0.0951     0.1404      0.088      3.812      5.530        607 2.0713e+02   997.1477 0.0000e+00
      3.917    25.0515     8.9723    108.502 291.299964    290.847      7.962   234.5516     0.3171    -0.2393     0.1404      0.091      3.840      5.570        608 2.0566e+02   997.1519 0.0000e+00
      3.942    25.0461     8.9843    108.605 291.236208    290.869      7.966   234.1730     0.3247    -0.1240     0.1404      0.097      3.865      5.605        609 2.0440e+02   997.1554 0.0000e+00
      3.964    25.0375     8.9757    108.465 291.122114    290.791      7.966   234.5894     0.2370    -0.1095     0.1404      0.101      3.887      5.637        610 2.0282e+02   997.1571 0.0000e+00
      3.984    25.0285     8.9700    108.358 291.021893    290.708      7.969   234.4380     0.2522    -0.1528     0.1404      0.102      3.907      5.667        611 2.0188e+02   997.1586 0.0000e+00
      4.005    25.0169     8.9776    108.408 291.000880    290.760      7.973   234.4380     0.2446    -0.2682     0.1404      0.100      3.927      5.696        612 2.0012e+02   997.1609 0.0000e+00
      4.024    25.0015     8.9873    108.474 290.968259    290.755      7.971   234.7030     0.2179    -0.2393     0.1404      0.095      3.946      5.723        613 1.9855e+02   997.1633 0.0000e+00
      4.043    24.9851     8.9988    108.548 290.882491    290.766      7.973   234.2487     0.3171    -0.2682     0.1404      0.089      3.965      5.750        614 1.9713e+02   997.1664 0.0000e+00
      4.062    24.9713     9.0142    108.655 290.747593    290.685      7.976   234.1352     0.2980    -0.0519     0.1403      0.084      3.985      5.779        615 1.9550e+02   997.1703 0.0000e+00
      4.085    24.9604     9.0259    108.723 290.716112    290.782      7.978   234.4380     0.3018    -0.2105     0.1404      0.081      4.008      5.812        616 1.9403e+02   997.1746 0.0000e+00
      4.113    24.9432     9.0494    108.947 290.741696    290.862      7.978   235.6116     0.3171    -0.1240     0.1404      0.081      4.033      5.850        617 1.9298e+02   997.1784 0.0000e+00
      4.140    24.9177     9.0780    109.235 290.595789    290.813      7.980   236.9366     0.2980    -0.1240     0.1404      0.084      4.059      5.888        618 1.9099e+02   997.1813 0.0000e+00
      4.165    24.8962     9.1153    109.632 290.417653    290.682      7.983   237.7316     0.2827    -0.3114     0.1403      0.088      4.084      5.923        619 1.8943e+02   997.1858 0.0000e+00
      4.187    24.8782     9.1827    110.392 290.423351    290.893      7.982   237.6559     0.2904    -0.2105     0.1404      0.091      4.105      5.954        620 1.8856e+02   997.1924 0.0000e+00
      4.204    24.8591     9.2549    111.201 290.318739    290.874      7.984   237.4287     0.3247    -0.0807     0.1404      0.093      4.124      5.981        621 1.8761e+02   997.1980 0.0000e+00
      4.223    24.8380     9.3094    111.789 290.187865    290.867      7.987   237.9209     0.3094    -0.2970     0.1404      0.092      4.143      6.009        622 1.8623e+02   997.2027 0.0000e+00
      4.246    24.8123     9.3652    112.388 290.136222    290.921      7.987   238.0723     0.3094    -0.1095     0.1405      0.090      4.165      6.040        623 1.8499e+02   997.2077 0.0000e+00
      4.271    24.7799     9.4309    113.122 290.023026    290.931      7.989   237.8452     0.3018    -0.1240     0.1405      0.088      4.188      6.075        624 1.8390e+02   997.2132 0.0000e+00
      4.295    24.7412     9.4537    113.357 289.848743    290.910      7.992   237.7316     0.3247    -0.1384     0.1404      0.086      4.211      6.108        625 1.8283e+02   997.2199 0.0000e+00
      4.315    24.7051     9.4839    113.701 289.633105    290.872      7.994   237.5802     0.2904    -0.1816     0.1404      0.085      4.234      6.141        626 1.8210e+02   997.2281 0.0000e+00
      4.343    24.6758     9.5273    114.242 289.451389    290.929      7.995   237.5802     0.2942    -0.1816     0.1404      0.087      4.258      6.177        627 1.8147e+02   997.2381 0.0000e+00
      4.369    24.6478     9.5814    114.894 289.294924    290.970      7.995   237.4666     0.3132    -0.2393     0.1405      0.090      4.281      6.209        628 1.8182e+02   997.2475 0.0000e+00
      4.383    24.6221     9.6693    115.872 289.227883    291.083      8.001   236.1416     0.3323    -0.1816     0.1405      0.091      4.299      6.235        629 1.8158e+02   997.2549 0.0000e+00
      4.400    24.5974     9.7539    116.767 289.234902    291.248      8.000   235.8766     0.3056    -0.0951     0.1406      0.089      4.316      6.260        630 1.8135e+02   997.2622 0.0000e+00
      4.421    24.5687     9.8163    117.343 289.106278    291.287      8.000   235.9523     0.3018    -0.1240     0.1406      0.086      4.335      6.287        631 1.8148e+02   997.2689 0.0000e+00
      4.439    24.5365     9.8775    117.836 288.847995    291.144      8.005   235.8009     0.3094    -0.1528     0.1405      0.082      4.353      6.313        632 1.8168e+02   997.2751 0.0000e+00
      4.456    24.5031     9.9446    118.375 288.656332    291.143      8.006   235.4980     0.2827    -0.1384     0.1405      0.079      4.371      6.339        633 1.8186e+02   997.2824 0.0000e+00
      4.476    24.4765     9.9787    118.529 288.504823    291.160      8.008   235.0816     0.2827    -0.2537     0.1405      0.076      4.389      6.366        634 1.8258e+02   997.2906 0.0000e+00
      4.495    24.4581    10.0062    118.608 288.376607    291.244      8.009   235.4602     0.2865    -0.1816     0.1406      0.073      4.409      6.394        635 1.8244e+02   997.2991 0.0000e+00
      4.516    24.4501    10.0408    118.760 288.335980    291.344      8.011   235.8009     0.3171    -0.0807     0.1406      0.073      4.429      6.423        636 1.8224e+02   997.3059 0.0000e+00
      4.537    24.4596    10.1093    119.314 288.315470    291.450      8.013   235.6873     0.3094    -0.1240     0.1407      0.075      4.450      6.453        637 1.8333e+02   997.3107 0.0000e+00
      4.559    24.4596    10.2286    120.485 288.402203    291.559      8.014   235.7252     0.2904    -0.0807     0.1407      0.077      4.471      6.484        638 1.8307e+02   997.3129 0.0000e+00
      4.581    24.4255    10.4364    122.705 288.288075    291.442      8.015   238.2237     0.3171    -0.2105     0.1407      0.079      4.493      6.515        639 1.8378e+02   997.3105 0.0000e+00
      4.602    24.3703    10.6896    125.443 287.977454    291.036      8.017   237.7316     0.3018    -0.2105     0.1405      0.081      4.515      6.548        640 1.8398e+02   997.3106 0.0000e+00
      4.629    24.2921    10.9894    128.734 287.708710    291.072      8.016   239.2459     0.3094    -0.2970     0.1405      0.084      4.539      6.583        641 1.8383e+02   997.3192 0.0000e+00
      4.654    24.1844    11.3205    132.412 287.152564    290.736      8.020   239.6623     0.3743    -0.2249     0.1403      0.087      4.563      6.617        642 1.8421e+02   997.3330 0.0000e+00
      4.674    24.0662    11.6191    135.706 286.629713    290.738      8.022   239.8137     0.3895    -0.2105     0.1403      0.089      4.585      6.649        643 1.8476e+02   997.3527 0.0000e+00
