Data/DataNotYetUploadedToEDI/Raw_CTD/RawDownloads/062820_fcr50a.cnv
* Sea-Bird SBE19plus  Data File:
* FileName = C:\DATA\062820_fcr50_0001.hex
* Software version 2.8.0.119 SB_Terminal.dll
* Temperature SN = 7809
* Conductivity SN = 7809
* System UpLoad Time = Jun 28 2020 22:18:23
* <ApplicationData>
* <Seaterm232>
# nquan = 16
# nvalues = 6707                        
# units = specified
# name 0 = depFM: Depth [fresh water, m]
# name 1 = dz/dtM: Descent Rate [m/s]
# name 2 = sbeox0ML/L: Oxygen, SBE 43 [ml/l]
# name 3 = sbeox0PS: Oxygen, SBE 43 [% saturation]
# name 4 = specc: Specific Conductance [uS/cm]
# name 5 = c0uS/cm: Conductivity [uS/cm]
# name 6 = flECO-AFL: Fluorescence, WET Labs ECO-AFL/FL [mg/m^3]
# name 7 = ph: pH
# name 8 = orp: Oxidation Reduction Potential [mV]
# name 9 = par/sat/log: PAR/Logarithmic, Satlantic
# name 10 = turbWETntu0: Turbidity, WET Labs ECO [NTU]
# name 11 = prdM: Pressure, Strain Gauge [db]
# name 12 = prdE: Pressure, Strain Gauge [psi]
# name 13 = tv290C: Temperature [ITS-90, deg C]
# name 14 = density00: Density [density, kg/m^3]
# name 15 = flag:  0.000e+00
# span 0 =     -0.707,      9.625       
# span 1 =     -0.409,      4.389       
# span 2 =     0.0305,     8.1494       
# span 3 =      0.402,    132.314       
# span 4 =      0.034,    101.477       
# span 5 =   0.032373,  69.165364       
# span 6 =    -0.9530,    22.0961       
# span 7 =      6.181,      8.837       
# span 8 =  -318.9591,  1240.2289       
# span 9 = 1.2349e-01, 5.8067e-01       
# span 10 =    -0.3249,   954.7852      
# span 11 =     -0.694,      9.439      
# span 12 =     -1.006,     13.690      
# span 13 =     9.0433,    23.5672      
# span 14 =   997.4214,   999.8620      
# span 15 = 0.0000e+00, 0.0000e+00      
# interval = seconds: 0.25
# start_time = Jun 28 2020 08:40:34 [Instrument's time stamp, header]
# bad_flag = -9.990e-29
*END*
[from data line 3888]
      8.340      0.010     0.0403      0.442     93.531  63.956487    -0.2080      6.597  -123.7269 1.2369e-01     1.6447      8.179     11.863     9.1905   999.8419 0.0000e+00
      8.343      0.011     0.0384      0.466     93.735  64.094261    -0.1888      6.597  -123.9305 1.2368e-01     1.6486      8.183     11.866     9.1903   999.8422 0.0000e+00
      8.346      0.012     0.0371      0.499     93.795  64.134103    -0.1878      6.597  -124.4993 1.2360e-01     1.7036      8.185     11.871     9.1895   999.8425 0.0000e+00
      8.350      0.013     0.0348      0.495     93.684  64.056910    -0.2067      6.597  -124.5812 1.2359e-01     1.7947      8.189     11.877     9.1885   999.8429 0.0000e+00
      8.354      0.013     0.0352      0.472     93.768  64.114162    -0.2168      6.596  -124.3183 1.2365e-01     1.8579      8.193     11.883     9.1877   999.8431 0.0000e+00
      8.358      0.013     0.0361      0.472     94.435  64.572131    -0.2050      6.596  -124.5046 1.2370e-01     1.8490      8.196     11.889     9.1869   999.8431 0.0000e+00
      8.361      0.013     0.0426      0.502     94.995  64.954971    -0.1972      6.596  -125.1136 1.2374e-01     1.8250      8.199     11.892     9.1861   999.8434 0.0000e+00
      8.362      0.013     0.0403      0.546     94.774  64.802891    -0.1710      6.596  -125.3139 1.2376e-01     1.8767      8.201     11.894     9.1853   999.8433 0.0000e+00
      8.365      0.014     0.0369      0.562     94.627  64.703446    -0.1163      6.595  -125.1197 1.2375e-01     1.9928      8.203     11.898     9.1853   999.8432 0.0000e+00
      8.370      0.015     0.0374      0.552     95.185  65.087162    -0.0889      6.595  -125.1752 1.2370e-01     2.0622      8.210     11.907     9.1864   999.8436 0.0000e+00
      8.375      0.017     0.0389      0.530     95.698  65.438602    -0.0875      6.595  -125.4672 1.2368e-01     2.0968      8.215     11.914     9.1869   999.8439 0.0000e+00
      8.378      0.017     0.0462      0.534     95.728  65.457308    -0.1182      6.595  -125.7259 1.2372e-01     2.1374      8.215     11.915     9.1855   999.8437 0.0000e+00
      8.383      0.017     0.0452      0.548     95.613  65.376880    -0.1750      6.595  -125.4633 1.2373e-01     2.1758      8.219     11.921     9.1857   999.8435 0.0000e+00
      8.389      0.017     0.0456      0.520     95.678  65.419453    -0.2018      6.594  -124.7870 1.2370e-01     2.1826      8.228     11.934     9.1882   999.8437 0.0000e+00
      8.394      0.018     0.0413      0.490     95.836  65.527185    -0.2127      6.594  -124.6904 1.2366e-01     2.1161      8.233     11.941     9.1885   999.8440 0.0000e+00
      8.397      0.018     0.0418      0.482     95.941  65.599050    -0.2219      6.593  -125.0701 1.2361e-01     1.9558      8.234     11.942     9.1870   999.8441 0.0000e+00
      8.400      0.018     0.0472      0.491     96.019  65.652829    -0.2184      6.593  -124.9899 1.2361e-01     1.7552      8.236     11.945     9.1857   999.8441 0.0000e+00
      8.405      0.017     0.0411      0.509     96.044  65.668992    -0.2174      6.593  -124.4948 1.2365e-01     1.6482      8.242     11.954     9.1850   999.8442 0.0000e+00
      8.411      0.017     0.0389      0.513     96.044  65.667358    -0.2179      6.593  -124.4179 1.2373e-01     1.6230      8.249     11.964     9.1849   999.8443 0.0000e+00
      8.416      0.018     0.0386      0.501     96.183  65.760179    -0.2160      6.593  -124.5766 1.2377e-01     1.5885      8.255     11.972     9.1851   999.8444 0.0000e+00
      8.420      0.018     0.0387      0.505     96.394  65.901509    -0.2136      6.592  -124.3481 1.2369e-01     1.5397      8.258     11.977     9.1853   999.8444 0.0000e+00
      8.423      0.017     0.0417      0.521     96.419  65.914413    -0.2073      6.592  -124.1504 1.2365e-01     1.5486      8.259     11.978     9.1848   999.8445 0.0000e+00
      8.427      0.016     0.0422      0.526     96.240  65.789087    -0.1968      6.592  -124.1655 1.2369e-01     1.6272      8.263     11.984     9.1838   999.8445 0.0000e+00
      8.433      0.015     0.0393      0.535     96.050  65.657297    -0.1923      6.592  -124.4457 1.2374e-01     1.6653      8.269     11.993     9.1828   999.8447 0.0000e+00
      8.438      0.015     0.0401      0.556     95.957  65.592027    -0.2006      6.592  -124.9570 1.2378e-01     1.6315      8.276     12.003     9.1812   999.8450 0.0000e+00
      8.441      0.014     0.0429      0.571     95.930  65.571912    -0.2119      6.592  -124.9261 1.2372e-01     1.5965      8.279     12.007     9.1790   999.8452 0.0000e+00
      8.443      0.012     0.0420      0.562     95.889  65.541189    -0.2236      6.592  -124.5023 1.2367e-01     1.5860      8.280     12.009     9.1774   999.8452 0.0000e+00
      8.445      0.012     0.0423      0.519     95.609  65.347669    -0.2276      6.591  -124.9094 1.2371e-01     1.6755      8.282     12.012     9.1764   999.8452 0.0000e+00
      8.447      0.014     0.0453      0.471     94.844  64.820895    -0.2217      6.590  -125.9768 1.2379e-01     1.8208      8.284     12.015     9.1757   999.8453 0.0000e+00
      8.449      0.017     0.0465      0.461     94.122  64.319685    -0.2187      6.589  -126.1371 1.2386e-01     1.8667      8.286     12.018     9.1746   999.8453 0.0000e+00
      8.453      0.020     0.0465      0.465     94.214  64.371661    -0.2109      6.589  -125.5569 1.2384e-01     1.8866      8.288     12.021     9.1734   999.8455 0.0000e+00
      8.461      0.020     0.0424      0.456     94.408  64.496091    -0.2037      6.589  -125.4146 1.2376e-01     1.8898      8.295     12.031     9.1721   999.8455 0.0000e+00
      8.471      0.021     0.0359      0.455     93.847  64.108294    -0.1983      6.588  -125.5348 1.2369e-01     1.7683      8.308     12.049     9.1705   999.8454 0.0000e+00
      8.477      0.021     0.0369      0.473     93.146  63.622910    -0.1738      6.586  -125.5473 1.2366e-01     1.6193      8.316     12.061     9.1670   999.8452 0.0000e+00
      8.479      0.020     0.0385      0.498     92.920  63.457082    -0.1464      6.585  -125.2218 1.2369e-01     1.5987      8.315     12.060     9.1597   999.8460 0.0000e+00
      8.482      0.018     0.0360      0.508     92.910  63.437778    -0.1344      6.586  -124.6970 1.2369e-01     1.6561      8.316     12.061     9.1544   999.8467 0.0000e+00
      8.487      0.015     0.0362      0.498     92.946  63.453037    -0.1525      6.586  -124.6225 1.2367e-01     1.6607      8.323     12.072     9.1540   999.8463 0.0000e+00
      8.492      0.013     0.0376      0.499     93.232  63.641565    -0.2022      6.586  -124.9232 1.2368e-01     1.6203      8.329     12.080     9.1512   999.8462 0.0000e+00
      8.496      0.012     0.0406      0.516     93.482  63.810817    -0.2304      6.586  -124.6332 1.2368e-01     1.6138      8.332     12.084     9.1435   999.8468 0.0000e+00
      8.500      0.011     0.0421      0.522     93.346  63.720112    -0.2260      6.587  -123.6971 1.2370e-01     1.6165      8.335     12.090     9.1367   999.8474 0.0000e+00
      8.501      0.011     0.0394      0.511     93.018  63.498077    -0.2164      6.587  -123.6719 1.2373e-01     1.6187      8.337     12.092     9.1321   999.8477 0.0000e+00
      8.501      0.012     0.0393      0.503     92.714  63.286828    -0.2097      6.587  -124.5000 1.2371e-01     1.6405      8.337     12.091     9.1277   999.8482 0.0000e+00
      8.502      0.017     0.0421      0.508     92.600  63.199425    -0.2120      6.587  -124.5030 1.2366e-01     1.6403      8.337     12.092     9.1265   999.8485 0.0000e+00
      8.506      0.023     0.0429      0.530     92.717  63.267400    -0.2155      6.587  -123.7083 1.2367e-01     1.6499      8.340     12.097     9.1294   999.8481 0.0000e+00
      8.513      0.028     0.0407      0.543     92.848  63.346135    -0.2136      6.586  -123.4090 1.2370e-01     1.6883      8.347     12.108     9.1313   999.8479 0.0000e+00
      8.523      0.031     0.0405      0.512     92.923  63.388826    -0.2077      6.586  -123.8097 1.2370e-01     1.6924      8.357     12.121     9.1292   999.8480 0.0000e+00
      8.536      0.031     0.0400      0.462     93.044  63.465827    -0.2017      6.586  -124.0798 1.2371e-01     1.6655      8.371     12.140     9.1235   999.8484 0.0000e+00
      8.547      0.029     0.0427      0.447     93.120  63.514585    -0.1983      6.586  -123.7497 1.2371e-01     1.6715      8.384     12.160     9.1161   999.8491 0.0000e+00
      8.553      0.024     0.0459      0.473     93.056  63.469969    -0.2044      6.586  -123.1732 1.2368e-01     1.7306      8.389     12.167     9.1100   999.8497 0.0000e+00
      8.556      0.018     0.0417      0.497     93.006  63.434759    -0.2194      6.587  -123.4762 1.2367e-01     1.7975      8.390     12.169     9.1055   999.8500 0.0000e+00
      8.559      0.013     0.0361      0.501     93.058  63.470147    -0.2266      6.589  -124.4029 1.2362e-01     1.8272      8.394     12.174     9.1028   999.8503 0.0000e+00
      8.561      0.008     0.0342      0.503     93.123  63.516557    -0.2146      6.589  -124.4827 1.2357e-01     1.8497      8.397     12.178     9.1015   999.8505 0.0000e+00
      8.562      0.005     0.0389      0.519     93.164  63.551069    -0.1989      6.588  -123.9242 1.2359e-01     1.8628      8.397     12.179     9.1005   999.8505 0.0000e+00
      8.563      0.005     0.0408      0.528     93.268  63.633244    -0.1986      6.588  -124.0174 1.2369e-01     1.8492      8.398     12.180     9.1000   999.8505 0.0000e+00
      8.564      0.005     0.0407      0.526     93.414  63.747569    -0.2109      6.588  -124.9219 1.2377e-01     1.8225      8.399     12.181     9.0999   999.8506 0.0000e+00
      8.565      0.006     0.0396      0.519     93.458  63.789519    -0.2239      6.589  -125.2244 1.2376e-01     1.7795      8.399     12.182     9.1005   999.8505 0.0000e+00
      8.566      0.007     0.0421      0.490     93.402  63.759174    -0.2224      6.590  -124.7488 1.2369e-01     1.7768      8.399     12.182     9.1037   999.8503 0.0000e+00
      8.568      0.007     0.0436      0.486     93.395  63.761964    -0.2120      6.590  -124.6783 1.2366e-01     1.8241      8.401     12.185     9.1100   999.8499 0.0000e+00
      8.571      0.008     0.0412      0.506     93.477  63.823254    -0.2027      6.591  -125.1465 1.2365e-01     1.8699      8.406     12.192     9.1192   999.8493 0.0000e+00
      8.574      0.010     0.0442      0.499     93.540  63.864754    -0.2056      6.592  -125.5913 1.2369e-01     1.8840      8.409     12.196     9.1265   999.8488 0.0000e+00
      8.575      0.011     0.0380      0.492     93.576  63.882448    -0.2181      6.592  -125.3240 1.2372e-01     1.8573      8.409     12.196     9.1292   999.8485 0.0000e+00
      8.577      0.012     0.0374      0.487     93.631  63.910086    -0.2208      6.592  -124.6675 1.2369e-01     1.8904      8.410     12.198     9.1335   999.8481 0.0000e+00
      8.580      0.013     0.0436      0.492     93.697  63.944715    -0.2191      6.592  -124.7947 1.2368e-01     2.0095      8.414     12.204     9.1380   999.8479 0.0000e+00
      8.584      0.015     0.0389      0.524     93.769  63.983390    -0.2161      6.592  -125.3997 1.2367e-01     2.0960      8.419     12.211     9.1366   999.8480 0.0000e+00
      8.589      0.017     0.0400      0.549     93.802  63.996395    -0.2129      6.593  -125.0132 1.2367e-01     2.1116      8.422     12.216     9.1319   999.8484 0.0000e+00
      8.594      0.017     0.0397      0.544     93.780  63.974858    -0.2179      6.594  -123.7356 1.2368e-01     2.0966      8.427     12.223     9.1268   999.8488 0.0000e+00
      8.599      0.017     0.0376      0.531     93.789  63.977176    -0.2207      6.594  -123.3745 1.2367e-01     2.0858      8.433     12.231     9.1207   999.8494 0.0000e+00
      8.603      0.017     0.0432      0.523     93.861  64.024413    -0.2084      6.594  -124.0026 1.2367e-01     2.0838      8.437     12.237     9.1148   999.8499 0.0000e+00
      8.606      0.017     0.0453      0.519     93.885  64.037604    -0.1935      6.595  -124.0165 1.2366e-01     2.1068      8.439     12.240     9.1099   999.8503 0.0000e+00
      8.610      0.016     0.0441      0.527     93.848  64.009561    -0.1733      6.597  -123.2839 1.2364e-01     2.0895      8.443     12.244     9.1061   999.8506 0.0000e+00
      8.615      0.016     0.0422      0.541     93.841  64.003097    -0.1549      6.599  -122.8894 1.2364e-01     1.9430      8.449     12.254     9.1043   999.8507 0.0000e+00
      8.620      0.017     0.0425      0.551     93.873  64.022992    -0.1614      6.600  -123.1178 1.2373e-01     1.8119      8.455     12.261     9.1038   999.8508 0.0000e+00
      8.623      0.017     0.0411      0.547     93.932  64.059453    -0.1761      6.600  -123.5506 1.2376e-01     1.8088      8.457     12.264     9.1020   999.8510 0.0000e+00
      8.626      0.018     0.0424      0.540     94.035  64.126194    -0.1702      6.600  -123.9059 1.2368e-01     1.9060      8.459     12.269     9.1001   999.8511 0.0000e+00
      8.631      0.020     0.0439      0.544     94.234  64.258009    -0.1377      6.600  -123.9722 1.2365e-01     2.0259      8.465     12.276     9.1000   999.8511 0.0000e+00
      8.636      0.024     0.0448      0.535     94.422  64.382222    -0.1169      6.601  -124.5249 1.2366e-01     2.0567      8.470     12.285     9.0990   999.8513 0.0000e+00
      8.641      0.025     0.0447      0.504     94.387  64.357035    -0.1292      6.601  -125.5121 1.2367e-01     2.0372      8.472     12.288     9.0965   999.8515 0.0000e+00
      8.649      0.024     0.0424      0.469     94.261  64.271225    -0.1625      6.602  -125.4114 1.2369e-01     2.0307      8.479     12.297     9.0945   999.8517 0.0000e+00
      8.660      0.022     0.0448      0.472     94.300  64.297948    -0.1950      6.603  -124.6844 1.2369e-01     2.0471      8.494     12.320     9.0927   999.8520 0.0000e+00
      8.669      0.019     0.0437      0.507     94.395  64.362395    -0.2078      6.603  -125.0677 1.2369e-01     2.0982      8.505     12.336     9.0904   999.8523 0.0000e+00
      8.670      0.015     0.0413      0.521     94.380  64.351399    -0.2120      6.603  -126.3456 1.2370e-01     2.1341      8.504     12.333     9.0893   999.8524 0.0000e+00
      8.669      0.010     0.0364      0.507     94.386  64.355643    -0.2079      6.604  -126.7999 1.2368e-01     2.1030      8.500     12.327     9.0899   999.8522 0.0000e+00
      8.671      0.006     0.0365      0.501     94.472  64.413711    -0.2053      6.605  -126.4306 1.2362e-01     1.9960      8.503     12.332     9.0901   999.8522 0.0000e+00
      8.673      0.005     0.0422      0.495     94.481  64.417991    -0.2191      6.607  -126.1818 1.2362e-01     1.8706      8.506     12.337     9.0899   999.8523 0.0000e+00
      8.673      0.006     0.0432      0.480     94.467  64.407391    -0.2319      6.607  -126.2866 1.2368e-01     1.8573      8.505     12.335     9.0897   999.8523 0.0000e+00
      8.675      0.007     0.0401      0.490     94.568  64.476203    -0.2273      6.608  -126.6664 1.2371e-01     1.9040      8.508     12.338     9.0895   999.8523 0.0000e+00
      8.677      0.008     0.0400      0.502     94.677  64.550924    -0.2107      6.608  -126.4711 1.2370e-01     1.8861      8.510     12.342     9.0892   999.8524 0.0000e+00
      8.678      0.009     0.0415      0.492     94.673  64.548238    -0.2029      6.608  -125.8182 1.2366e-01     1.8468      8.510     12.343     9.0882   999.8525 0.0000e+00
      8.679      0.011     0.0368      0.484     94.612  64.507280    -0.2093      6.608  -125.6553 1.2364e-01     1.8072      8.510     12.343     9.0873   999.8525 0.0000e+00
