Data/DataNotYetUploadedToEDI/Raw_CTD/RawDownloads/062818_FCR50.cnv
* Sea-Bird SBE19plus  Data File:
* FileName = C:\DATA\062818_FCR_0001.hex
* Software version 2.6.3.104
* Temperature SN = 7809
* Conductivity SN = 7809
* System UpLoad Time = Jun 28 2018 14:56:41
* <ApplicationData>
* <Seaterm232>
# nquan = 17
# nvalues = 790                         
# units = specified
# name 0 = depFM: Depth [fresh water, m]
# name 1 = tv290C: Temperature [ITS-90, deg C]
# name 2 = sbeox0Mg/L: Oxygen, SBE 43 [mg/l]
# name 3 = sbeox0PS: Oxygen, SBE 43 [% saturation]
# name 4 = c0uS/cm: Conductivity [uS/cm]
# name 5 = specc: Specific Conductance [uS/cm]
# name 6 = ph: pH
# name 7 = orp: Oxidation Reduction Potential [mV]
# name 8 = flECO-AFL: Fluorescence, WET Labs ECO-AFL/FL [mg/m^3]
# name 9 = turbWETntu0: Turbidity, WET Labs ECO [NTU]
# name 10 = sal00: Salinity, Practical [PSU]
# name 11 = dz/dtM: Descent Rate [m/s]
# name 12 = prdM: Pressure, Strain Gauge [db]
# name 13 = prdE: Pressure, Strain Gauge [psi]
# name 14 = scan: Scan Count
# name 15 = par/sat/log: PAR/Logarithmic, Satlantic
# name 16 = flag:  0.000e+00
# span 0 =     -0.608,      9.604       
# span 1 =    10.9287,    25.4461       
# span 2 =     3.3978,    10.8711       
# span 3 =     31.695,    125.172       
# span 4 =   0.731520,  34.831673       
# span 5 =      0.726,     45.317       
# span 6 =      6.017,      7.789       
# span 7 = -1240.7455,  1240.2295       
# span 8 =    -0.5297,     4.5613       
# span 9 =    -0.3854,    41.7112       
# span 10 =     0.0120,     0.0236      
# span 11 =     -0.002,      0.167      
# span 12 =     -0.596,      9.418      
# span 13 =     -0.864,     13.660      
# span 14 =          1,        790      
# span 15 = 1.1953e-01, 9.8860e+02      
# span 16 = 0.0000e+00, 0.0000e+00      
# interval = seconds: 0.25
# start_time = Jun 28 2018 13:39:10 [Instrument's time stamp, header]
# bad_flag = -9.990e-29
*END*
[from data line 426]
      3.696    13.4359     3.6980     34.805  32.288761     41.965      6.764   286.5674     2.6365     1.0916     0.0228      0.041      3.627      5.260        427 1.5474e+01 0.0000e+00
      3.715    13.3921     3.6677     34.477  32.378520     42.153      6.761   286.4917     2.6648     1.0648     0.0229      0.041      3.642      5.283        428 1.5241e+01 0.0000e+00
      3.731    13.3296     3.6317     34.086  32.464947     42.214      6.751   286.2267     2.5111     0.9842     0.0229      0.042      3.658      5.305        429 1.5167e+01 0.0000e+00
      3.743    13.2725     3.5879     33.633  32.448095     42.264      6.743   287.0217     2.5192     0.9842     0.0229      0.045      3.674      5.329        430 1.4927e+01 0.0000e+00
      3.767    13.1682     3.5439     33.178  32.518126     42.406      6.738   287.0596     2.5799     1.0916     0.0230      0.052      3.695      5.359        431 1.4618e+01 0.0000e+00
      3.793    13.0558     3.5047     32.764  32.555746     42.541      6.730   287.3246     2.5556     0.9976     0.0230      0.060      3.717      5.390        432 1.4515e+01 0.0000e+00
      3.807    12.9817     3.4535     32.240  32.579235     42.657      6.718   287.3246     2.5233     1.0111     0.0230      0.066      3.737      5.419        433 1.4314e+01 0.0000e+00
      3.833    12.8763     3.4175     31.884  32.607555     42.860      6.713   288.1196     2.5314     1.0514     0.0231      0.073      3.761      5.454        434 1.3912e+01 0.0000e+00
      3.867    12.7502     3.3978     31.695  32.698474     43.012      6.701   288.3467     2.5394     1.0782     0.0231      0.081      3.787      5.492        435 1.3680e+01 0.0000e+00
      3.881    12.6707     3.4049     31.766  32.762675     43.282      6.688   288.1953     2.5516     0.9842     0.0232      0.084      3.804      5.517        436 1.3644e+01 0.0000e+00
      3.887    12.6237     3.4354     32.054  32.705633     43.280      6.683   288.5360     2.3373     0.9708     0.0231      0.084      3.814      5.532        437 1.3584e+01 0.0000e+00
      3.901    12.5669     3.4920     32.571  32.769511     43.519      6.679   288.9146     2.3211     1.0379     0.0232      0.080      3.827      5.549        438 1.3460e+01 0.0000e+00
      3.917    12.5003     3.5692     33.244  32.890801     43.684      6.675   288.9903     2.3373     1.0111     0.0232      0.074      3.842      5.572        439 1.3240e+01 0.0000e+00
      3.935    12.4425     3.6467     33.868  32.910575     43.824      6.669   289.7096     2.3211     1.0916     0.0233      0.069      3.857      5.595        440 1.3125e+01 0.0000e+00
      3.948    12.3877     3.7403     34.645  32.893203     43.829      6.662   289.3310     2.2079     0.8902     0.0232      0.065      3.871      5.615        441 1.3061e+01 0.0000e+00
      3.962    12.3241     3.8188     35.307  32.853138     43.895      6.660   289.5582     2.2362     0.8902     0.0232      0.059      3.885      5.635        442 1.2918e+01 0.0000e+00
      3.977    12.2638     3.8997     36.012  32.752879     43.774      6.655   289.8232     2.1917     0.7559     0.0232      0.055      3.899      5.654        443 1.2759e+01 0.0000e+00
      3.987    12.2340     3.9802     36.716  32.721453     43.847      6.650   289.8232     2.2119     0.8634     0.0232      0.055      3.909      5.669        444 1.2689e+01 0.0000e+00
      3.996    12.2280     4.0918     37.708  32.744000     43.921      6.640   289.8989     2.1512     1.0648     0.0232      0.055      3.917      5.681        445 1.2663e+01 0.0000e+00
      4.000    12.2333     4.2087     38.754  32.754497     43.991      6.633   290.3153     2.1553     1.0514     0.0232      0.050      3.922      5.688        446 1.2669e+01 0.0000e+00
      4.002    12.2374     4.3493     40.007  32.738058     43.962      6.624   290.2775     2.1593     0.9708     0.0232      0.043      3.927      5.695        447 1.2635e+01 0.0000e+00
      4.010    12.2233     4.5114     41.454  32.734807     43.955      6.620   290.5046     2.1472     1.0379     0.0232      0.036      3.940      5.714        448 1.2369e+01 0.0000e+00
      4.042    12.1586     4.6728     42.907  32.788196     44.024      6.610   290.9589     2.1351     1.0111     0.0232      0.038      3.965      5.751        449 1.2055e+01 0.0000e+00
      4.077    12.0356     4.8521     44.527  32.879202     44.154      6.601   291.1482     2.0866     0.7828     0.0233      0.046      3.996      5.796        450 1.1781e+01 0.0000e+00
      4.106    11.9176     5.0246     46.063  32.918113     44.304      6.589   291.6025     2.0704     0.8231     0.0233      0.058      4.026      5.839        451 1.1500e+01 0.0000e+00
      4.135    11.8376     5.2219     47.773  32.888077     44.379      6.579   292.7003     2.0744     0.9305     0.0233      0.073      4.052      5.876        452 1.1384e+01 0.0000e+00
      4.153    11.7836     5.4007     49.299  32.857319     44.520      6.568   292.6625     2.0704     0.8231     0.0233      0.086      4.073      5.907        453 1.1247e+01 0.0000e+00
      4.174    11.7374     5.5950     51.005  32.748856     44.428      6.561   292.7382     1.9288     1.2528     0.0232      0.096      4.093      5.937        454 1.1010e+01 0.0000e+00
      4.198    11.6943     5.8173     52.977  32.726547     44.492      6.556   292.8896     1.9410     1.2662     0.0232      0.102      4.112      5.964        455 1.0912e+01 0.0000e+00
      4.207    11.6574     6.0803     55.319  32.736835     44.548      6.547   292.8139     1.9248     1.2528     0.0232      0.098      4.125      5.983        456 1.0911e+01 0.0000e+00
      4.216    11.6131     6.3742     57.963  32.676766     44.525      6.544   292.8518     1.9410     1.2393     0.0232      0.086      4.135      5.998        457 1.0835e+01 0.0000e+00
      4.229    11.5674     6.7008     60.899  32.623393     44.493      6.541   293.0410     1.8035     1.5079     0.0232      0.074      4.147      6.016        458 1.0697e+01 0.0000e+00
      4.244    11.5356     7.0095     63.673  32.566036     44.470      6.540   293.3439     1.8116     1.5079     0.0231      0.065      4.162      6.037        459 1.0553e+01 0.0000e+00
      4.260    11.5100     7.3016     66.309  32.570237     44.527      6.537   293.2682     1.8197     1.4676     0.0231      0.059      4.177      6.058        460 1.0425e+01 0.0000e+00
      4.274    11.4644     7.5564     68.610  32.618185     44.641      6.538   293.8360     1.8075     1.4676     0.0232      0.056      4.191      6.078        461 1.0366e+01 0.0000e+00
      4.286    11.3758     7.7575     70.427  32.565689     44.596      6.536   293.4953     1.8237     1.5213     0.0232      0.053      4.204      6.098        462 1.0288e+01 0.0000e+00
      4.300    11.2802     7.9003     71.721  32.516962     44.574      6.534   293.6468     1.8197     1.4945     0.0231      0.052      4.221      6.122        463 1.0137e+01 0.0000e+00
      4.327    11.2213     8.0081     72.702  32.560230     44.761      6.531   293.8739     1.8439     1.5616     0.0232      0.057      4.247      6.160        464 9.8523e+00 0.0000e+00
      4.367    11.1765     8.0531     73.119  32.571189     44.880      6.524   294.6310     1.8116     1.3871     0.0232      0.068      4.279      6.207        465 9.5896e+00 0.0000e+00
      4.398    11.1364     8.0690     73.268  32.562671     44.952      6.515   294.2903     1.6822     1.6959     0.0232      0.079      4.309      6.250        466 9.4771e+00 0.0000e+00
      4.418    11.1125     8.0733     73.304  32.570859     45.007      6.508   294.7068     1.6660     1.7228     0.0232      0.087      4.332      6.284        467 9.3468e+00 0.0000e+00
      4.438    11.0892     8.0471     73.059  32.561021     45.058      6.508   295.0475     1.6822     1.7228     0.0232      0.094      4.352      6.311        468 9.1991e+00 0.0000e+00
      4.454    11.0679     8.0143     72.752  32.574931     45.086      6.503   294.7068     1.7024     1.6556     0.0232      0.097      4.367      6.333        469 9.1460e+00 0.0000e+00
      4.466    11.0562     7.9723     72.359  32.612871     45.194      6.498   294.5175     1.6984     1.7496     0.0232      0.095      4.379      6.352        470 9.0685e+00 0.0000e+00
      4.478    11.0478     7.9256     71.913  32.632436     45.221      6.495   295.3503     1.5043     2.2733     0.0232      0.088      4.391      6.369        471 8.9394e+00 0.0000e+00
      4.490    11.0429     7.8815     71.496  32.550591     45.157      6.494   295.3125     1.4962     2.1390     0.0232      0.076      4.403      6.386        472 8.8191e+00 0.0000e+00
      4.503    11.0411     7.8504     71.205  32.536802     45.091      6.493   295.7668     1.5043     2.1122     0.0232      0.063      4.415      6.404        473 8.7341e+00 0.0000e+00
      4.514    11.0426     7.8134     70.862  32.590291     45.252      6.494   296.4103     1.4921     2.0987     0.0232      0.055      4.427      6.422        474 8.6516e+00 0.0000e+00
      4.528    11.0476     7.7985     70.721  32.543339     45.099      6.489   296.3346     1.4274     2.3404     0.0232      0.051      4.440      6.441        475 8.5177e+00 0.0000e+00
      4.543    11.0503     7.7942     70.677  32.595234     45.252      6.487   295.8425     1.4517     2.3002     0.0232      0.050      4.454      6.461        476 8.4390e+00 0.0000e+00
      4.556    11.0482     7.8001     70.733  32.585016     45.168      6.484   296.2210     1.4477     2.2733     0.0232      0.050      4.467      6.480        477 8.3610e+00 0.0000e+00
      4.567    11.0441     7.8016     70.767  32.556053     45.165      6.483   296.0318     1.4477     2.2464     0.0232      0.050      4.482      6.501        478 8.2167e+00 0.0000e+00
      4.588    11.0393     7.8103     70.866  32.571967     45.168      6.482   296.5618     1.4113     2.2196     0.0232      0.053      4.503      6.531        479 7.9696e+00 0.0000e+00
      4.623    11.0313     7.8078     70.842  32.565212     45.173      6.474   297.4703     1.4517     2.2464     0.0232      0.060      4.534      6.576        480 7.6907e+00 0.0000e+00
      4.661    11.0189     7.8147     70.895  32.564462     45.179      6.467   298.1518     1.4436     2.3136     0.0232      0.072      4.568      6.626        481 7.4439e+00 0.0000e+00
      4.692    11.0087     7.8204     70.942  32.572904     45.188      6.461   297.2810     1.4315     2.3136     0.0232      0.085      4.598      6.668        482 7.2735e+00 0.0000e+00
      4.711    11.0027     7.8204     70.940  32.614019     45.282      6.454   297.5461     1.2091     2.5284     0.0232      0.095      4.618      6.698        483 7.1740e+00 0.0000e+00
      4.725    10.9983     7.8123     70.864  32.572610     45.217      6.450   297.3946     1.2374     2.4210     0.0232      0.099      4.633      6.719        484 7.0792e+00 0.0000e+00
      4.737    10.9946     7.7959     70.712  32.565133     45.225      6.449   298.3411     1.2212     2.5150     0.0232      0.099      4.645      6.737        485 7.0368e+00 0.0000e+00
      4.748    10.9916     7.7949     70.708  32.564018     45.230      6.448   298.1139     1.2536     2.5016     0.0232      0.093      4.656      6.753        486 6.9915e+00 0.0000e+00
      4.759    10.9939     7.7807     70.594  32.574000     45.235      6.449   298.4168     1.2212     2.9715     0.0232      0.081      4.666      6.768        487 6.9031e+00 0.0000e+00
      4.768    11.0059     7.7762     70.547  32.612021     45.316      6.448   297.6596     1.2091     2.8373     0.0232      0.066      4.676      6.783        488 6.8283e+00 0.0000e+00
      4.780    11.0176     7.7742     70.510  32.576011     45.236      6.446   298.1896     1.2374     2.9044     0.0232      0.054      4.688      6.800        489 6.7191e+00 0.0000e+00
      4.794    11.0172     7.7782     70.528  32.559503     45.221      6.445   298.6061     1.2697     2.8507     0.0232      0.047      4.701      6.819        490 6.6178e+00 0.0000e+00
      4.808    11.0116     7.7810     70.541  32.573252     45.206      6.445   298.8332     1.2253     2.8507     0.0232      0.046      4.714      6.838        491 6.5699e+00 0.0000e+00
      4.819    11.0086     7.7827     70.552  32.558895     45.207      6.443   299.3253     1.0473     3.2938     0.0232      0.046      4.725      6.854        492 6.4818e+00 0.0000e+00
      4.829    11.0072     7.7853     70.579  32.577369     45.213      6.441   299.1361     1.0554     3.2804     0.0232      0.046      4.734      6.866        493 6.4278e+00 0.0000e+00
      4.834    11.0058     7.7882     70.608  32.609575     45.295      6.439   299.8175     1.0231     3.3072     0.0232      0.045      4.741      6.876        494 6.4229e+00 0.0000e+00
      4.840    11.0038     7.7876     70.596  32.578128     45.219      6.432   299.7418     1.0392     3.3207     0.0232      0.042      4.746      6.884        495 6.4018e+00 0.0000e+00
      4.845    11.0072     7.7881     70.597  32.557196     45.221      6.431   299.4389     0.9139     3.5758     0.0232      0.039      4.754      6.896        496 6.3289e+00 0.0000e+00
      4.859    11.0152     7.7872     70.591  32.517005     45.146      6.431   299.7418     0.9139     3.4550     0.0232      0.036      4.769      6.917        497 6.1500e+00 0.0000e+00
      4.885    11.0126     7.7896     70.615  32.509525     45.142      6.431   300.3475     0.9220     3.5490     0.0232      0.038      4.793      6.951        498 5.8916e+00 0.0000e+00
      4.918    11.0006     7.7853     70.575  32.566503     45.208      6.428   300.5368     0.9018     3.6295     0.0232      0.046      4.820      6.991        499 5.6964e+00 0.0000e+00
      4.942    10.9897     7.7835     70.560  32.564714     45.212      6.419   301.6725     0.9745     3.5490     0.0232      0.057      4.842      7.023        500 5.6431e+00 0.0000e+00
      4.953    10.9823     7.7861     70.583  32.571062     45.227      6.412   301.3696     0.9786     3.5490     0.0232      0.066      4.857      7.044        501 5.6123e+00 0.0000e+00
      4.963    10.9790     7.7753     70.482  32.558609     45.241      6.409   301.2182     0.9907     3.6027     0.0232      0.072      4.869      7.062        502 5.5300e+00 0.0000e+00
      4.980    10.9812     7.7669     70.405  32.520909     45.173      6.407   301.4832     0.9665     3.5624     0.0232      0.076      4.884      7.085        503 5.4243e+00 0.0000e+00
      5.000    10.9828     7.7637     70.374  32.499365     45.177      6.410   301.3318     0.9907     3.5221     0.0232      0.077      4.903      7.113        504 5.3076e+00 0.0000e+00
      5.022    10.9790     7.7559     70.302  32.526113     45.174      6.409   301.5211     0.9745     3.4281     0.0232      0.075      4.922      7.140        505 5.2095e+00 0.0000e+00
      5.036    10.9767     7.7593     70.337  32.546931     45.249      6.408   302.9596     0.9745     3.5892     0.0232      0.069      4.937      7.161        506 5.1776e+00 0.0000e+00
      5.045    10.9781     7.7675     70.412  32.473457     45.100      6.407   302.8461     0.9867     3.4550     0.0231      0.063      4.948      7.176        507 5.1460e+00 0.0000e+00
      5.055    10.9795     7.7701     70.439  32.498931     45.180      6.409   302.6568     0.9099     3.3744     0.0232      0.060      4.959      7.191        508 5.0581e+00 0.0000e+00
      5.068    10.9794     7.7776     70.509  32.515228     45.178      6.407   302.8839     0.9301     3.3475     0.0232      0.059      4.970      7.208        509 4.9989e+00 0.0000e+00
      5.079    10.9794     7.7867     70.592  32.512485     45.176      6.405   302.5054     0.9220     3.3072     0.0232      0.056      4.982      7.226        510 4.9404e+00 0.0000e+00
