Data/DataNotYetUploadedToEDI/Raw_CTD/RawDownloads/062819_ccr50.cnv
* Sea-Bird SBE19plus  Data File:
* FileName = C:\DATA\062819_ccr50_0003.hex
* Software version 2.8.0.119
* Temperature SN = 7809
* Conductivity SN = 7809
* System UpLoad Time = Jun 28 2019 15:14:05
* <ApplicationData>
* <Seaterm232>
# nquan = 18
# nvalues = 2653                        
# units = specified
# name 0 = depFM: Depth [fresh water, m]
# name 1 = tv290C: Temperature [ITS-90, deg C]
# name 2 = sbeox0Mg/L: Oxygen, SBE 43 [mg/l]
# name 3 = sbeox0PS: Oxygen, SBE 43 [% saturation]
# name 4 = c0uS/cm: Conductivity [uS/cm]
# name 5 = specc: Specific Conductance [uS/cm]
# name 6 = ph: pH
# name 7 = orp: Oxidation Reduction Potential [mV]
# name 8 = flECO-AFL: Fluorescence, WET Labs ECO-AFL/FL [mg/m^3]
# name 9 = turbWETntu0: Turbidity, WET Labs ECO [NTU]
# name 10 = sal00: Salinity, Practical [PSU]
# name 11 = dz/dtM: Descent Rate [m/s]
# name 12 = prdM: Pressure, Strain Gauge [db]
# name 13 = prdE: Pressure, Strain Gauge [psi]
# name 14 = scan: Scan Count
# name 15 = par/sat/log: PAR/Logarithmic, Satlantic
# name 16 = density00: Density [density, kg/m^3]
# name 17 = flag:  0.000e+00
# span 0 =     -0.049,     21.125       
# span 1 =     8.8333,    28.7302       
# span 2 =     0.3743,     9.0482       
# span 3 =      3.230,    114.303       
# span 4 =  43.636041, 177.519688       
# span 5 =     58.722,    262.140       
# span 6 =      6.329,      7.026       
# span 7 =   -31.5092,   355.7705       
# span 8 =    -0.1522,     1.5683       
# span 9 =    -2.3014,    18.0161       
# span 10 =     0.0304,     0.1221      
# span 11 =     -0.159,      0.190      
# span 12 =     -0.047,     20.716      
# span 13 =     -0.067,     30.046      
# span 14 =          1,       2653      
# span 15 = -1.472e+02, 3.0201e+03      
# span 16 =   996.0532,   999.9888      
# span 17 = 0.0000e+00, 0.0000e+00      
# interval = seconds: 0.25
# start_time = Jun 28 2019 11:14:23 [Instrument's time stamp, header]
# bad_flag = -9.990e-29
*END*
[from data line 2332]
     17.741     9.0584     4.9617     42.970  45.752974     67.128      6.795   354.5212     0.4620     3.2214     0.0319      0.039     17.396     25.232       2333 1.2349e-01   999.8874 0.0000e+00
     17.752     9.0550     4.9653     42.999  45.738962     67.170      6.793   354.1048     0.4620     3.1926     0.0319      0.042     17.407     25.247       2334 1.2343e-01   999.8875 0.0000e+00
     17.757     9.0543     4.9587     42.941  45.792123     67.177      6.793   354.1048     0.4887     3.2503     0.0319      0.044     17.414     25.257       2335 1.2348e-01   999.8878 0.0000e+00
     17.762     9.0542     4.9497     42.864  45.805417     67.307      6.792   354.1805     0.5116     3.1782     0.0320      0.044     17.422     25.267       2336 1.2331e-01   999.8881 0.0000e+00
     17.776     9.0528     4.9456     42.829  45.752069     67.103      6.795   354.3698     0.4658     3.1926     0.0319      0.043     17.433     25.284       2337 1.2332e-01   999.8882 0.0000e+00
     17.790     9.0537     4.9337     42.728  45.799215     67.308      6.791   354.3319     0.4735     3.1926     0.0320      0.043     17.447     25.305       2338 1.2338e-01   999.8883 0.0000e+00
     17.808     9.0525     4.9334     42.727  45.806044     67.189      6.794   354.6726     0.4811     3.2214     0.0320      0.044     17.464     25.330       2339 1.2327e-01   999.8885 0.0000e+00
     17.827     9.0498     4.9289     42.685  45.802872     67.309      6.790   354.5212     0.5002     3.2070     0.0320      0.046     17.483     25.357       2340 1.2340e-01   999.8885 0.0000e+00
     17.848     9.0471     4.9250     42.648  45.803164     67.189      6.793   354.7862     0.4620     3.2503     0.0320      0.051     17.503     25.386       2341 1.2349e-01   999.8888 0.0000e+00
     17.872     9.0417     4.9314     42.704  45.864980     67.399      6.792   354.8241     0.4887     3.3656     0.0320      0.060     17.522     25.413       2342 1.2350e-01   999.8891 0.0000e+00
     17.883     9.0379     4.9282     42.677  45.933493     67.404      6.791   354.5212     0.4811     3.4810     0.0320      0.066     17.535     25.432       2343 1.2341e-01   999.8893 0.0000e+00
     17.889     9.0360     4.9222     42.622  45.866154     67.416      6.790   354.5969     0.4658     3.5675     0.0320      0.067     17.545     25.446       2344 1.2326e-01   999.8898 0.0000e+00
     17.901     9.0350     4.9315     42.696  45.800535     67.217      6.789   354.5212     0.4964     3.4089     0.0320      0.065     17.556     25.463       2345 1.2325e-01   999.8900 0.0000e+00
     17.917     9.0359     4.9358     42.729  45.866907     67.427      6.791   354.4455     0.4735     3.4089     0.0320      0.062     17.569     25.483       2346 1.2332e-01   999.8902 0.0000e+00
     17.929     9.0371     4.9409     42.768  45.872508     67.346      6.790   354.7105     0.4544     3.3079     0.0320      0.057     17.582     25.501       2347 1.2329e-01   999.8904 0.0000e+00
     17.941     9.0384     4.9484     42.829  45.882515     67.427      6.789   354.7105     0.4658     3.4089     0.0320      0.053     17.594     25.519       2348 1.2338e-01   999.8904 0.0000e+00
     17.954     9.0397     4.9318     42.683  45.854453     67.342      6.790   354.5212     0.4773     3.4810     0.0320      0.049     17.607     25.537       2349 1.2343e-01   999.8904 0.0000e+00
     17.967     9.0373     4.9316     42.681  45.848131     67.340      6.788   354.6726     0.4735     3.4377     0.0320      0.048     17.619     25.555       2350 1.2345e-01   999.8903 0.0000e+00
     17.979     9.0338     4.9273     42.644  45.890381     67.419      6.790   354.7484     0.4658     3.4377     0.0320      0.049     17.631     25.572       2351 1.2352e-01   999.8903 0.0000e+00
     17.991     9.0343     4.9215     42.594  45.861173     67.342      6.787   354.7484     0.4849     3.4377     0.0320      0.050     17.643     25.590       2352 1.2340e-01   999.8905 0.0000e+00
     18.005     9.0352     4.8988     42.398  45.884482     67.431      6.788   354.7484     0.4887     3.3368     0.0321      0.050     17.656     25.610       2353 1.2343e-01   999.8908 0.0000e+00
     18.019     9.0320     4.8850     42.278  45.861373     67.348      6.788   354.8998     0.5459     3.6829     0.0320      0.050     17.671     25.630       2354 1.2341e-01   999.8909 0.0000e+00
     18.036     9.0261     4.8697     42.146  45.889930     67.428      6.788   354.7105     0.5383     3.7550     0.0321      0.052     17.688     25.655       2355 1.2337e-01   999.8909 0.0000e+00
     18.056     9.0212     4.8577     42.044  45.908244     67.434      6.790   354.8241     0.5383     3.6684     0.0321      0.055     17.708     25.683       2356 1.2332e-01   999.8913 0.0000e+00
     18.078     9.0170     4.8526     42.000  45.957184     67.528      6.788   354.9376     0.5307     3.6829     0.0321      0.059     17.728     25.713       2357 1.2339e-01   999.8919 0.0000e+00
     18.098     9.0132     4.8416     41.901  46.066229     67.702      6.786   354.9376     0.4620     3.6829     0.0322      0.064     17.746     25.739       2358 1.2344e-01   999.8925 0.0000e+00
     18.111     9.0108     4.8304     41.799  46.069045     67.711      6.787   354.5212     0.4735     3.6540     0.0322      0.068     17.759     25.757       2359 1.2334e-01   999.8928 0.0000e+00
     18.118     9.0103     4.8272     41.769  46.012984     67.636      6.787   354.7484     0.4811     3.7550     0.0321      0.067     17.767     25.769       2360 1.2347e-01   999.8930 0.0000e+00
     18.124     9.0107     4.8177     41.686  46.017399     67.641      6.786   354.8619     0.4582     3.6829     0.0321      0.063     17.773     25.778       2361 1.2354e-01   999.8932 0.0000e+00
     18.129     9.0109     4.7959     41.497  46.004252     67.642      6.785   354.7484     0.5421     3.7261     0.0321      0.056     17.780     25.789       2362 1.2342e-01   999.8933 0.0000e+00
     18.142     9.0110     4.7769     41.332  45.970045     67.559      6.786   354.8241     0.5307     3.6540     0.0321      0.049     17.790     25.803       2363 1.2340e-01   999.8933 0.0000e+00
     18.151     9.0109     4.7446     41.053  46.059969     67.723      6.785   354.5969     0.5498     3.6973     0.0322      0.042     17.800     25.817       2364 1.2338e-01   999.8934 0.0000e+00
     18.161     9.0112     4.7142     40.789  46.070244     67.722      6.785   354.5591     0.5536     3.6684     0.0322      0.037     17.810     25.831       2365 1.2342e-01   999.8934 0.0000e+00
     18.171     9.0130     4.6803     40.496  46.135159     67.805      6.785   354.9376     0.5269     3.6829     0.0322      0.034     17.820     25.845       2366 1.2354e-01   999.8935 0.0000e+00
     18.181     9.0131     4.6572     40.296  46.216384     67.969      6.785   354.8241     0.5459     3.4089     0.0323      0.035     17.830     25.860       2367 1.2343e-01   999.8936 0.0000e+00
     18.192     9.0088     4.6398     40.146  46.295313     68.006      6.786   354.3698     0.5154     3.4954     0.0323      0.037     17.839     25.874       2368 1.2334e-01   999.8935 0.0000e+00
     18.200     9.0041     4.6346     40.101  46.392739     68.252      6.784   354.7862     0.5421     3.5387     0.0324      0.039     17.849     25.887       2369 1.2342e-01   999.8936 0.0000e+00
     18.210     9.0020     4.6208     39.979  46.361995     68.097      6.786   354.7484     0.5612     3.3945     0.0323      0.039     17.861     25.906       2370 1.2347e-01   999.8940 0.0000e+00
     18.231     9.0013     4.6242     40.006  46.452179     68.353      6.782   354.7484     0.5955     3.5098     0.0324      0.041     17.880     25.932       2371 1.2346e-01   999.8945 0.0000e+00
     18.256     9.0011     4.6171     39.944  46.399112     68.192      6.783   354.9755     0.5879     3.3512     0.0324      0.047     17.901     25.962       2372 1.2347e-01   999.8947 0.0000e+00
     18.274     9.0007     4.6130     39.909  46.309435     68.112      6.781   354.7484     0.5879     3.4810     0.0323      0.054     17.918     25.987       2373 1.2350e-01   999.8948 0.0000e+00
     18.284     9.0004     4.6001     39.797  46.326576     68.112      6.784   354.5212     0.6032     3.4377     0.0323      0.058     17.931     26.007       2374 1.2343e-01   999.8949 0.0000e+00
     18.298     9.0002     4.5713     39.548  46.377779     68.195      6.783   355.0512     0.5383     3.8703     0.0324      0.061     17.944     26.025       2375 1.2337e-01   999.8950 0.0000e+00
     18.311     8.9998     4.5426     39.298  46.393968     68.237      6.785   354.5212     0.5383     3.9424     0.0324      0.063     17.957     26.045       2376 1.2342e-01   999.8951 0.0000e+00
     18.327     9.0000     4.5182     39.087  46.454684     68.278      6.783   354.7862     0.5383     3.8703     0.0324      0.063     17.972     26.066       2377 1.2348e-01   999.8952 0.0000e+00
     18.342     9.0010     4.4991     38.920  46.509773     68.443      6.782   354.7484     0.5192     3.9280     0.0325      0.062     17.988     26.090       2378 1.2357e-01   999.8954 0.0000e+00
     18.361     9.0002     4.4759     38.716  46.532966     68.361      6.782   354.5591     0.4735     3.5098     0.0324      0.060     18.006     26.116       2379 1.2354e-01   999.8954 0.0000e+00
     18.379     8.9972     4.4644     38.615  46.811286     68.893      6.781   354.5591     0.4811     3.4954     0.0327      0.059     18.024     26.141       2380 1.2353e-01   999.8956 0.0000e+00
     18.398     8.9952     4.4387     38.392  46.904686     68.936      6.781   354.8619     0.4773     3.5242     0.0327      0.062     18.040     26.165       2381 1.2346e-01   999.8958 0.0000e+00
     18.411     8.9946     4.4158     38.194  46.891149     68.983      6.780   354.7484     0.4964     3.4954     0.0327      0.064     18.053     26.183       2382 1.2334e-01   999.8961 0.0000e+00
     18.416     8.9944     4.3869     37.944  46.917088     68.987      6.782   355.0134     0.4735     3.4666     0.0327      0.062     18.060     26.194       2383 1.2335e-01   999.8963 0.0000e+00
     18.422     8.9945     4.3526     37.647  46.842757     68.906      6.779   354.5969     0.5002     3.5098     0.0327      0.058     18.067     26.204       2384 1.2335e-01   999.8963 0.0000e+00
     18.432     8.9939     4.3157     37.327  46.865048     68.906      6.779   354.9376     0.4620     3.3800     0.0327      0.052     18.077     26.219       2385 1.2327e-01   999.8964 0.0000e+00
     18.448     8.9931     4.2812     37.028  47.037603     69.194      6.777   355.1269     0.4582     3.4810     0.0328      0.048     18.092     26.241       2386 1.2331e-01   999.8966 0.0000e+00
     18.467     8.9931     4.2470     36.732  47.132091     69.318      6.778   354.8998     0.4773     3.3656     0.0329      0.046     18.110     26.267       2387 1.2338e-01   999.8967 0.0000e+00
     18.487     8.9909     4.2082     36.397  47.132932     69.320      6.777   355.3162     0.5383     3.3656     0.0329      0.048     18.130     26.295       2388 1.2348e-01   999.8969 0.0000e+00
     18.507     8.9878     4.1784     36.139  47.273771     69.525      6.776   355.1269     0.5612     3.4377     0.0330      0.052     18.149     26.324       2389 1.2346e-01   999.8970 0.0000e+00
     18.526     8.9863     4.1535     35.924  47.401599     69.735      6.776   355.1648     0.5307     3.4521     0.0331      0.059     18.168     26.350       2390 1.2330e-01   999.8974 0.0000e+00
     18.543     8.9855     4.1239     35.668  47.388983     69.701      6.774   355.2405     0.5383     3.4810     0.0330      0.066     18.183     26.372       2391 1.2351e-01   999.8977 0.0000e+00
     18.555     8.9851     4.0832     35.317  47.437734     69.786      6.775   355.0891     0.4735     3.6252     0.0331      0.070     18.196     26.392       2392 1.2356e-01   999.8979 0.0000e+00
     18.568     8.9847     4.0492     35.023  47.429886     69.788      6.776   355.3162     0.4468     3.7550     0.0331      0.069     18.209     26.411       2393 1.2328e-01   999.8980 0.0000e+00
     18.583     8.9841     4.0209     34.778  47.458054     69.788      6.774   355.0134     0.4735     3.7550     0.0331      0.067     18.223     26.430       2394 1.2327e-01   999.8981 0.0000e+00
     18.595     8.9834     4.0032     34.624  47.669552     70.159      6.772   354.9376     0.4925     3.7405     0.0332      0.062     18.233     26.446       2395 1.2347e-01   999.8983 0.0000e+00
     18.601     8.9831     3.9855     34.471  47.700423     70.160      6.774   354.9376     0.4773     3.6252     0.0332      0.056     18.241     26.456       2396 1.2343e-01   999.8984 0.0000e+00
     18.607     8.9832     3.9681     34.322  47.745811     70.244      6.772   355.0891     0.4887     3.6973     0.0333      0.049     18.247     26.465       2397 1.2331e-01   999.8985 0.0000e+00
     18.612     8.9831     3.9483     34.150  47.790985     70.327      6.771   355.2405     0.4658     3.7405     0.0333      0.042     18.253     26.474       2398 1.2337e-01   999.8986 0.0000e+00
     18.620     8.9829     3.9319     34.009  47.822122     70.327      6.772   355.2405     0.4811     3.7405     0.0333      0.037     18.261     26.486       2399 1.2341e-01   999.8986 0.0000e+00
     18.632     8.9832     3.9251     33.951  47.884978     70.492      6.773   354.9376     0.4735     3.4954     0.0334      0.035     18.273     26.503       2400 1.2347e-01   999.8987 0.0000e+00
     18.648     8.9844     3.9011     33.744  47.772068     70.245      6.771   354.7484     0.4658     3.4089     0.0333      0.034     18.287     26.523       2401 1.2331e-01   999.8987 0.0000e+00
     18.663     8.9849     3.8774     33.539  47.844026     70.409      6.769   355.0891     0.4620     3.3800     0.0334      0.036     18.303     26.546       2402 1.2325e-01   999.8988 0.0000e+00
     18.681     8.9846     3.8527     33.328  47.973344     70.571      6.773   355.0891     0.4697     3.4521     0.0334      0.041     18.321     26.572       2403 1.2338e-01   999.8989 0.0000e+00
     18.703     8.9844     3.8349     33.174  48.115233     70.775      6.769   355.1648     0.4849     3.7550     0.0335      0.050     18.341     26.601       2404 1.2338e-01   999.8990 0.0000e+00
     18.722     8.9843     3.8086     32.947  48.319816     71.105      6.768   355.0134     0.4658     3.7261     0.0337      0.058     18.360     26.629       2405 1.2343e-01   999.8993 0.0000e+00
     18.741     8.9842     3.7904     32.789  48.341463     71.105      6.766   355.1648     0.4620     3.6252     0.0337      0.065     18.377     26.655       2406 1.2340e-01   999.8994 0.0000e+00
     18.756     8.9844     3.7776     32.678  48.325522     71.106      6.768   355.2784     0.4544     3.6973     0.0337      0.069     18.394     26.679       2407 1.2346e-01   999.8994 0.0000e+00
     18.774     8.9849     3.7624     32.546  48.458270     71.270      6.767   355.0134     0.4315     4.2164     0.0337      0.071     18.411     26.703       2408 1.2335e-01   999.8996 0.0000e+00
     18.791     8.9852     3.7615     32.538  48.650720     71.599      6.766   355.5434     0.4277     4.1299     0.0339      0.072     18.428     26.728       2409 1.2341e-01   999.8998 0.0000e+00
     18.808     8.9856     3.7591     32.517  48.649442     71.557      6.767   355.3541     0.4353     4.1010     0.0339      0.071     18.443     26.749       2410 1.2347e-01   999.8998 0.0000e+00
     18.818     8.9861     3.7691     32.603  48.637782     71.556      6.762   355.1648     0.4162     4.1587     0.0339      0.068     18.455     26.766       2411 1.2343e-01   999.8998 0.0000e+00
     18.828     8.9879     3.7709     32.620  48.694886     71.637      6.766   355.2405     0.4506     4.1010     0.0339      0.063     18.464     26.779       2412 1.2347e-01   999.8999 0.0000e+00
