Data/DataNotYetUploadedToEDI/Raw_CTD/RawDownloads/062818_FCR50.cnv
* Sea-Bird SBE19plus  Data File:
* FileName = C:\DATA\062818_FCR_0001.hex
* Software version 2.6.3.104
* Temperature SN = 7809
* Conductivity SN = 7809
* System UpLoad Time = Jun 28 2018 14:56:41
* <ApplicationData>
* <Seaterm232>
# nquan = 17
# nvalues = 790                         
# units = specified
# name 0 = depFM: Depth [fresh water, m]
# name 1 = tv290C: Temperature [ITS-90, deg C]
# name 2 = sbeox0Mg/L: Oxygen, SBE 43 [mg/l]
# name 3 = sbeox0PS: Oxygen, SBE 43 [% saturation]
# name 4 = c0uS/cm: Conductivity [uS/cm]
# name 5 = specc: Specific Conductance [uS/cm]
# name 6 = ph: pH
# name 7 = orp: Oxidation Reduction Potential [mV]
# name 8 = flECO-AFL: Fluorescence, WET Labs ECO-AFL/FL [mg/m^3]
# name 9 = turbWETntu0: Turbidity, WET Labs ECO [NTU]
# name 10 = sal00: Salinity, Practical [PSU]
# name 11 = dz/dtM: Descent Rate [m/s]
# name 12 = prdM: Pressure, Strain Gauge [db]
# name 13 = prdE: Pressure, Strain Gauge [psi]
# name 14 = scan: Scan Count
# name 15 = par/sat/log: PAR/Logarithmic, Satlantic
# name 16 = flag:  0.000e+00
# span 0 =     -0.608,      9.604       
# span 1 =    10.9287,    25.4461       
# span 2 =     3.3978,    10.8711       
# span 3 =     31.695,    125.172       
# span 4 =   0.731520,  34.831673       
# span 5 =      0.726,     45.317       
# span 6 =      6.017,      7.789       
# span 7 = -1240.7455,  1240.2295       
# span 8 =    -0.5297,     4.5613       
# span 9 =    -0.3854,    41.7112       
# span 10 =     0.0120,     0.0236      
# span 11 =     -0.002,      0.167      
# span 12 =     -0.596,      9.418      
# span 13 =     -0.864,     13.660      
# span 14 =          1,        790      
# span 15 = 1.1953e-01, 9.8860e+02      
# span 16 = 0.0000e+00, 0.0000e+00      
# interval = seconds: 0.25
# start_time = Jun 28 2018 13:39:10 [Instrument's time stamp, header]
# bad_flag = -9.990e-29
*END*
[from data line 256]
      1.180    23.8494     8.8702    105.078  32.207813     32.957      7.744   254.0859     4.0235     2.1793     0.0225      0.068      1.157      1.678        257 1.5549e+02 0.0000e+00
      1.201    23.8492     8.8605    104.963  32.197974     32.957      7.735   254.5781     4.0396     2.1122     0.0225      0.069      1.174      1.703        258 1.5552e+02 0.0000e+00
      1.209    23.8491     8.8443    104.769  32.205117     32.957      7.725   254.1238     4.0032     2.1122     0.0225      0.067      1.186      1.720        259 1.5592e+02 0.0000e+00
      1.219    23.8487     8.8341    104.643  32.198925     32.957      7.728   254.4645     4.0113     2.1122     0.0225      0.063      1.198      1.737        260 1.5118e+02 0.0000e+00
      1.238    23.8473     8.8131    104.387  32.176026     32.928      7.739   254.3509     4.0113     2.1927     0.0225      0.060      1.213      1.759        261 1.4789e+02 0.0000e+00
      1.253    23.8461     8.8076    104.316  32.203960     32.957      7.731   255.0324     4.0396     2.1390     0.0225      0.059      1.227      1.780        262 1.4693e+02 0.0000e+00
      1.262    23.8454     8.8102    104.343  32.193815     32.958      7.727   254.6916     4.0437     2.1122     0.0225      0.058      1.239      1.797        263 1.4429e+02 0.0000e+00
      1.276    23.8452     8.8132    104.374  32.159000     32.902      7.731   254.9188     4.0073     1.9242     0.0225      0.056      1.251      1.815        264 1.4065e+02 0.0000e+00
      1.291    23.8448     8.8041    104.261  32.187983     32.959      7.733   255.1838     4.0154     2.1524     0.0225      0.053      1.264      1.833        265 1.3885e+02 0.0000e+00
      1.299    23.8442     8.7890    104.076  32.157748     32.902      7.734   255.1081     4.0194     2.1793     0.0225      0.051      1.274      1.848        266 1.3837e+02 0.0000e+00
      1.308    23.8438     8.7750    103.908  32.196627     32.960      7.737   255.3352     4.0113     2.0584     0.0225      0.050      1.284      1.862        267 1.3688e+02 0.0000e+00
      1.320    23.8434     8.7578    103.700  32.228557     32.989      7.744   255.1081     4.0235     2.0450     0.0225      0.048      1.295      1.878        268 1.3609e+02 0.0000e+00
      1.334    23.8423     8.7549    103.662  32.147665     32.903      7.746   255.1838     4.0396     2.1122     0.0225      0.046      1.309      1.899        269 1.3500e+02 0.0000e+00
      1.352    23.8397     8.7631    103.757  32.149031     32.903      7.750   255.1081     4.0113     2.1390     0.0225      0.047      1.327      1.925        270 1.2978e+02 0.0000e+00
      1.376    23.8363     8.7678    103.811  32.197203     32.961      7.745   255.9788     4.0437     2.1659     0.0225      0.052      1.346      1.954        271 1.2684e+02 0.0000e+00
      1.391    23.8337     8.7746    103.889  32.206328     32.963      7.735   255.9788     4.0113     2.0584     0.0225      0.055      1.361      1.975        272 1.2690e+02 0.0000e+00
      1.396    23.8317     8.7883    104.047  32.196982     32.965      7.731   255.8274     4.0679     2.0584     0.0225      0.057      1.371      1.988        273 1.2698e+02 0.0000e+00
      1.407    23.8291     8.7986    104.161  32.179183     32.939      7.734   255.5624     4.0841     2.1122     0.0225      0.058      1.381      2.002        274 1.2425e+02 0.0000e+00
      1.419    23.8261     8.8043    104.213  32.198827     32.969      7.734   255.4866     4.0841     2.1390     0.0225      0.057      1.392      2.019        275 1.2233e+02 0.0000e+00
      1.432    23.8237     8.8105    104.276  32.202189     32.970      7.737   256.0545     4.1326     2.1122     0.0225      0.055      1.404      2.036        276 1.2120e+02 0.0000e+00
      1.443    23.8219     8.8146    104.315  32.204654     32.972      7.738   256.2816     4.2175     1.8705     0.0225      0.051      1.414      2.051        277 1.2008e+02 0.0000e+00
      1.450    23.8200     8.8160    104.319  32.195760     32.974      7.736   256.2438     4.1973     1.8705     0.0225      0.046      1.423      2.063        278 1.1944e+02 0.0000e+00
      1.459    23.8180     8.8161    104.309  32.213258     32.975      7.739   256.5845     4.2054     1.9107     0.0225      0.041      1.430      2.074        279 1.1831e+02 0.0000e+00
      1.465    23.8170     8.8058    104.179  32.271839     33.062      7.736   256.3574     4.2418     1.9913     0.0225      0.039      1.438      2.085        280 1.1750e+02 0.0000e+00
      1.474    23.8161     8.8004    104.068  32.211818     32.978      7.735   256.3574     4.1933     1.9376     0.0225      0.038      1.448      2.101        281 1.1432e+02 0.0000e+00
      1.493    23.8145     8.8069    103.828  32.198995     32.978      7.734   256.6981     4.1448     2.0182     0.0225      0.039      1.463      2.123        282 1.1252e+02 0.0000e+00
      1.508    23.8126     8.7963    103.303  32.198839     32.979      7.727   256.3574     4.1529     2.0719     0.0225      0.040      1.478      2.143        283 1.1137e+02 0.0000e+00
      1.518    23.8084     8.7900    102.955  32.152707     32.923      7.727   256.9252     4.1529     2.1927     0.0225      0.042      1.491      2.162        284 1.0961e+02 0.0000e+00
      1.536    23.8007     8.8291    103.232  32.197100     32.981      7.725   257.2659     4.1690     2.0987     0.0225      0.046      1.507      2.185        285 1.0779e+02 0.0000e+00
      1.555    23.7957     8.9535    104.599  32.173247     32.956      7.720   257.4931     4.0841     2.1122     0.0225      0.052      1.524      2.210        286 1.0603e+02 0.0000e+00
      1.570    23.7899     9.1426    106.658  32.152741     32.932      7.713   257.6066     4.1084     2.0719     0.0225      0.057      1.537      2.229        287 1.0564e+02 0.0000e+00
      1.575    23.7851     9.3800    109.112  32.133663     32.936      7.690   257.7202     4.0841     2.1524     0.0225      0.058      1.543      2.239        288 1.0567e+02 0.0000e+00
      1.576    23.7769     9.5985    111.396  32.108034     32.882      7.677   257.7581     4.0962     2.1927     0.0225      0.053      1.546      2.242        289 1.0494e+02 0.0000e+00
      1.578    23.7762     9.8145    113.753  32.184640     33.001      7.677   257.6066     4.2903     2.0450     0.0225      0.045      1.549      2.246        290 1.0509e+02 0.0000e+00
      1.581    23.7453    10.0527    116.397  32.156942     32.947      7.683   257.7581     4.2984     2.1927     0.0225      0.038      1.556      2.257        291 1.0361e+02 0.0000e+00
      1.603    23.5883    10.3077    119.203  32.172158     32.979      7.694   258.3638     4.2903     2.1524     0.0225      0.035      1.573      2.282        292 9.9242e+01 0.0000e+00
      1.629    23.3843    10.4969    121.216  32.195360     33.024      7.690   258.4395     4.2742     2.0450     0.0225      0.035      1.592      2.311        293 9.8440e+01 0.0000e+00
      1.639    23.2415    10.6397    122.737  32.157744     33.076      7.684   258.3259     4.3631     2.1659     0.0225      0.037      1.607      2.331        294 9.7424e+01 0.0000e+00
      1.650    23.1509    10.7419    123.813  32.130075     33.217      7.686   258.7045     4.3106     2.1122     0.0225      0.042      1.617      2.346        295 9.5936e+01 0.0000e+00
      1.659    23.1053    10.8127    124.548  32.111262     33.256      7.686   258.8559     4.3389     2.0584     0.0225      0.047      1.626      2.358        296 9.5655e+01 0.0000e+00
      1.664    23.0278    10.8543    124.985  32.121914     33.378      7.682   258.4395     4.3227     2.0853     0.0225      0.050      1.635      2.370        297 9.4370e+01 0.0000e+00
      1.677    22.8804    10.8711    125.172  31.968595     33.205      7.684   259.2345     4.4723     2.0987     0.0224      0.051      1.647      2.388        298 9.2777e+01 0.0000e+00
      1.695    22.7577    10.8484    124.930  31.827650     33.140      7.688   259.0452     4.4683     2.1524     0.0224      0.050      1.662      2.409        299 9.0857e+01 0.0000e+00
      1.708    22.6884    10.8275    124.603  31.793263     33.187      7.692   259.1967     4.4723     2.1122     0.0223      0.047      1.675      2.428        300 8.9815e+01 0.0000e+00
      1.718    22.6349    10.7883    124.012  31.774226     33.272      7.698   259.8781     4.4723     2.0450     0.0223      0.044      1.685      2.444        301 8.8613e+01 0.0000e+00
      1.728    22.5706    10.7703    123.631  31.732784     33.261      7.703   259.5374     4.4683     2.1122     0.0223      0.045      1.695      2.459        302 8.7478e+01 0.0000e+00
      1.740    22.4965    10.7371    123.045  31.666958     33.240      7.708   259.3859     4.1043     2.1927     0.0223      0.046      1.709      2.479        303 8.5773e+01 0.0000e+00
      1.760    22.4408    10.7111    122.538  31.648605     33.255      7.707   260.4081     4.1003     2.1927     0.0223      0.049      1.726      2.503        304 8.3636e+01 0.0000e+00
      1.778    22.3977    10.6866    122.051  31.607391     33.279      7.703   260.2567     4.0922     2.0987     0.0223      0.053      1.742      2.527        305 8.2668e+01 0.0000e+00
      1.791    22.3646    10.6384    121.369  31.570018     33.258      7.697   260.4459     4.0962     2.1927     0.0222      0.054      1.755      2.546        306 8.1350e+01 0.0000e+00
      1.802    22.3452    10.5953    120.739  31.546880     33.288      7.691   260.7488     4.4844     2.1793     0.0222      0.054      1.766      2.562        307 8.0302e+01 0.0000e+00
      1.810    22.3445    10.5530    120.098  31.517596     33.253      7.687   260.7488     4.5006     2.1390     0.0222      0.054      1.774      2.573        308 8.0351e+01 0.0000e+00
      1.814    22.3492    10.5049    119.387  31.547170     33.325      7.679   260.8245     4.4844     2.0853     0.0222      0.051      1.779      2.581        309 8.0081e+01 0.0000e+00
      1.819    22.3157    10.4490    118.615  31.480431     33.238      7.672   260.5595     4.4885     2.0853     0.0222      0.047      1.785      2.589        310 7.9475e+01 0.0000e+00
      1.827    22.2563    10.3931    117.889  31.452395     33.203      7.669   260.9759     4.2135     2.0719     0.0222      0.040      1.793      2.601        311 7.8225e+01 0.0000e+00
      1.839    22.1828    10.3483    117.343  31.493108     33.287      7.667   260.9759     4.2054     2.1122     0.0222      0.035      1.806      2.620        312 7.6376e+01 0.0000e+00
      1.860    22.0972    10.3117    116.939  31.370475     33.181      7.661   261.4681     4.1973     2.1524     0.0221      0.035      1.826      2.649        313 7.4347e+01 0.0000e+00
      1.887    22.0071    10.2837    116.582  31.249212     33.114      7.650   261.6574     4.2135     2.0450     0.0221      0.041      1.850      2.683        314 7.2163e+01 0.0000e+00
      1.910    21.9222    10.2786    116.259  31.258573     33.175      7.639   261.8088     4.5289     2.0719     0.0221      0.051      1.873      2.716        315 7.0397e+01 0.0000e+00
      1.931    21.8629    10.2683    115.918  31.240254     33.237      7.628   262.0359     4.5289     2.1256     0.0221      0.062      1.893      2.746        316 6.8965e+01 0.0000e+00
      1.950    21.8054    10.2596    115.649  31.153443     33.181      7.615   262.9445     4.5168     2.1659     0.0221      0.072      1.911      2.772        317 6.7738e+01 0.0000e+00
      1.964    21.7361    10.2482    115.195  31.129431     33.220      7.609   263.5124     4.5613     2.1927     0.0220      0.077      1.926      2.793        318 6.6661e+01 0.0000e+00
      1.977    21.6666    10.2107    114.426  31.092255     33.203      7.602   263.7774     4.3591     2.1659     0.0220      0.078      1.938      2.811        319 6.5588e+01 0.0000e+00
      1.988    21.6063    10.1536    113.543  31.081127     33.251      7.594   264.0424     4.3955     2.1524     0.0220      0.075      1.949      2.827        320 6.4514e+01 0.0000e+00
      1.999    21.5672    10.0722    112.413  31.024703     33.242      7.584   264.6860     4.3874     2.0584     0.0220      0.067      1.959      2.842        321 6.3982e+01 0.0000e+00
      2.007    21.5487     9.9676    111.000  30.984596     33.224      7.576   264.4588     4.4197     2.1390     0.0220      0.058      1.969      2.856        322 6.3202e+01 0.0000e+00
      2.019    21.5562     9.8399    109.300  31.042111     33.343      7.568   265.0645     4.3955     2.0987     0.0220      0.051      1.979      2.871        323 6.2322e+01 0.0000e+00
      2.027    21.5327     9.7241    107.758  30.982795     33.265      7.555   264.9131     4.3267     1.9376     0.0220      0.046      1.989      2.886        324 6.1385e+01 0.0000e+00
      2.040    21.4217     9.6138    106.329  30.880514     33.171      7.551   265.0645     4.3267     1.9913     0.0219      0.043      2.003      2.906        325 5.9725e+01 0.0000e+00
      2.062    21.3207     9.5140    105.070  30.843237     33.124      7.543   265.4810     4.3389     1.8973     0.0219      0.045      2.022      2.933        326 5.8434e+01 0.0000e+00
      2.081    21.2420     9.4482    104.145  30.880945     33.268      7.534   265.9352     4.3510     1.8705     0.0219      0.048      2.041      2.960        327 5.7383e+01 0.0000e+00
      2.101    21.0997     9.4051    103.395  30.892926     33.339      7.526   266.6167     4.0275     1.6690     0.0219      0.054      2.060      2.988        328 5.6089e+01 0.0000e+00
      2.121    20.9461     9.3757    102.768  30.887672     33.394      7.517   266.5031     4.0275     1.6422     0.0219      0.061      2.080      3.016        329 5.4715e+01 0.0000e+00
      2.142    20.8347     9.3500    102.207  30.887528     33.499      7.512   266.9574     4.0194     1.6825     0.0219      0.067      2.099      3.045        330 5.3531e+01 0.0000e+00
      2.160    20.7362     9.3028    101.483  30.833857     33.551      7.500   267.2602     4.0194     1.7899     0.0219      0.072      2.116      3.070        331 5.2544e+01 0.0000e+00
      2.174    20.6226     9.2117    100.297  30.776616     33.570      7.498   267.6767     3.7444     1.4542     0.0219      0.075      2.131      3.092        332 5.1735e+01 0.0000e+00
      2.187    20.4950     9.0571     98.417  30.721606     33.582      7.494   267.6388     3.7566     1.4139     0.0219      0.073      2.144      3.110        333 5.1052e+01 0.0000e+00
      2.197    20.3741     8.8684     96.239  30.724455     33.665      7.489   267.9038     3.7768     1.5348     0.0219      0.068      2.154      3.125        334 5.0600e+01 0.0000e+00
      2.207    20.2772     8.6488     93.768  30.773118     33.822      7.483   268.3581     3.7444     1.4945     0.0219      0.063      2.164      3.139        335 5.0089e+01 0.0000e+00
      2.216    20.2007     8.4362     91.392  30.720400     33.850      7.478   268.3203     3.3684     1.2125     0.0219      0.056      2.176      3.156        336 4.9075e+01 0.0000e+00
      2.234    20.1049     8.2525     89.274  30.671506     33.861      7.471   268.3960     3.3805     1.2259     0.0218      0.052      2.194      3.182        337 4.7690e+01 0.0000e+00
      2.262    19.9716     8.1017     87.514  30.715403     33.979      7.461   269.0395     3.3724     1.3065     0.0219      0.053      2.219      3.218        338 4.6060e+01 0.0000e+00
      2.292    19.8235     7.9881     86.146  30.725111     34.051      7.449   269.3803     3.3603     1.2528     0.0219      0.059      2.246      3.258        339 4.4550e+01 0.0000e+00
      2.319    19.6875     7.9310     85.324  30.837374     34.277      7.433   270.0238     3.1945     1.2931     0.0219      0.069      2.271      3.294        340 4.3650e+01 0.0000e+00
