Data/DataNotYetUploadedToEDI/Raw_CTD/RawDownloads/062820_fcr50a.cnv
* Sea-Bird SBE19plus  Data File:
* FileName = C:\DATA\062820_fcr50_0001.hex
* Software version 2.8.0.119 SB_Terminal.dll
* Temperature SN = 7809
* Conductivity SN = 7809
* System UpLoad Time = Jun 28 2020 22:18:23
* <ApplicationData>
* <Seaterm232>
# nquan = 16
# nvalues = 6707                        
# units = specified
# name 0 = depFM: Depth [fresh water, m]
# name 1 = dz/dtM: Descent Rate [m/s]
# name 2 = sbeox0ML/L: Oxygen, SBE 43 [ml/l]
# name 3 = sbeox0PS: Oxygen, SBE 43 [% saturation]
# name 4 = specc: Specific Conductance [uS/cm]
# name 5 = c0uS/cm: Conductivity [uS/cm]
# name 6 = flECO-AFL: Fluorescence, WET Labs ECO-AFL/FL [mg/m^3]
# name 7 = ph: pH
# name 8 = orp: Oxidation Reduction Potential [mV]
# name 9 = par/sat/log: PAR/Logarithmic, Satlantic
# name 10 = turbWETntu0: Turbidity, WET Labs ECO [NTU]
# name 11 = prdM: Pressure, Strain Gauge [db]
# name 12 = prdE: Pressure, Strain Gauge [psi]
# name 13 = tv290C: Temperature [ITS-90, deg C]
# name 14 = density00: Density [density, kg/m^3]
# name 15 = flag:  0.000e+00
# span 0 =     -0.707,      9.625       
# span 1 =     -0.409,      4.389       
# span 2 =     0.0305,     8.1494       
# span 3 =      0.402,    132.314       
# span 4 =      0.034,    101.477       
# span 5 =   0.032373,  69.165364       
# span 6 =    -0.9530,    22.0961       
# span 7 =      6.181,      8.837       
# span 8 =  -318.9591,  1240.2289       
# span 9 = 1.2349e-01, 5.8067e-01       
# span 10 =    -0.3249,   954.7852      
# span 11 =     -0.694,      9.439      
# span 12 =     -1.006,     13.690      
# span 13 =     9.0433,    23.5672      
# span 14 =   997.4214,   999.8620      
# span 15 = 0.0000e+00, 0.0000e+00      
# interval = seconds: 0.25
# start_time = Jun 28 2020 08:40:34 [Instrument's time stamp, header]
# bad_flag = -9.990e-29
*END*
[from data line 5334]
      7.393      0.014     0.0400      0.522     76.705  52.636417    -0.0947      6.820  -146.9147 1.2371e-01     1.8295      7.248     10.512     9.3060   999.8233 0.0000e+00
      7.395      0.009     0.0411      0.512     76.699  52.631958    -0.0920      6.820  -146.0605 1.2375e-01     1.8094      7.253     10.519     9.3050   999.8234 0.0000e+00
      7.397      0.005     0.0356      0.507     76.718  52.645258    -0.0863      6.820  -145.8520 1.2378e-01     1.8261      7.256     10.523     9.3059   999.8233 0.0000e+00
      7.397      0.003     0.0416      0.506     76.659  52.606681    -0.0836      6.821  -146.2868 1.2378e-01     1.8601      7.254     10.520     9.3088   999.8231 0.0000e+00
      7.398      0.003     0.0436      0.516     76.565  52.546607    -0.0875      6.820  -146.3270 1.2375e-01     1.8424      7.255     10.522     9.3086   999.8231 0.0000e+00
      7.399      0.002     0.0397      0.535     76.566  52.554044    -0.0864      6.820  -145.9073 1.2370e-01     1.8184      7.257     10.526     9.3083   999.8231 0.0000e+00
      7.399      0.002     0.0415      0.540     76.583  52.569584    -0.0797      6.820  -145.6008 1.2365e-01     1.7751      7.256     10.525     9.3088   999.8231 0.0000e+00
      7.400      0.002     0.0399      0.542     76.547  52.543959    -0.0723      6.821  -145.6321 1.2368e-01     1.6970      7.256     10.524     9.3092   999.8231 0.0000e+00
      7.400      0.001     0.0411      0.546     76.577  52.561788    -0.0648      6.821  -145.8562 1.2372e-01     1.6633      7.258     10.526     9.3122   999.8228 0.0000e+00
      7.400     -0.001     0.0436      0.520     76.627  52.594605    -0.0652      6.821  -145.9877 1.2375e-01     1.6426      7.258     10.526     9.3180   999.8223 0.0000e+00
      7.400     -0.003     0.0436      0.482     76.575  52.559672    -0.0764      6.821  -145.7588 1.2384e-01     1.6183      7.256     10.524     9.3212   999.8221 0.0000e+00
      7.400     -0.005     0.0425      0.466     76.515  52.520490    -0.0859      6.822  -145.5833 1.2388e-01     1.6102      7.257     10.525     9.3192   999.8222 0.0000e+00
      7.399     -0.005     0.0453      0.451     76.486  52.501936    -0.0851      6.822  -145.6720 1.2376e-01     1.6132      7.257     10.526     9.3167   999.8224 0.0000e+00
      7.396     -0.004     0.0427      0.460     76.427  52.462365    -0.0860      6.822  -145.9710 1.2366e-01     1.6197      7.253     10.520     9.3161   999.8225 0.0000e+00
      7.392     -0.004     0.0365      0.487     76.369  52.423115    -0.0965      6.822  -146.3595 1.2366e-01     1.5866      7.249     10.513     9.3170   999.8224 0.0000e+00
      7.392     -0.004     0.0389      0.499     76.347  52.408459    -0.1068      6.821  -146.2395 1.2368e-01     1.5557      7.247     10.511     9.3182   999.8222 0.0000e+00
      7.394     -0.004     0.0349      0.513     76.350  52.412181    -0.0967      6.819  -145.8110 1.2371e-01     1.5902      7.251     10.516     9.3192   999.8222 0.0000e+00
      7.395     -0.007     0.0357      0.523     76.430  52.468126    -0.0789      6.818  -146.1689 1.2371e-01     1.6602      7.253     10.520     9.3197   999.8221 0.0000e+00
      7.393     -0.014     0.0408      0.516     76.589  52.576773    -0.0733      6.819  -147.0393 1.2371e-01     1.6809      7.250     10.516     9.3197   999.8221 0.0000e+00
      7.391     -0.023     0.0392      0.496     76.693  52.646110    -0.0767      6.821  -147.2139 1.2375e-01     1.6347      7.248     10.512     9.3204   999.8220 0.0000e+00
      7.386     -0.031     0.0415      0.491     76.734  52.671342    -0.0905      6.821  -146.8177 1.2378e-01     1.5822      7.246     10.510     9.3212   999.8220 0.0000e+00
      7.374     -0.036     0.0423      0.492     76.770  52.691317    -0.0977      6.821  -146.8952 1.2377e-01     1.5603      7.233     10.492     9.3222   999.8219 0.0000e+00
      7.356     -0.038     0.0423      0.483     76.785  52.697070    -0.0870      6.822  -147.7211 1.2374e-01     1.6448      7.211     10.460     9.3221   999.8218 0.0000e+00
      7.342     -0.037     0.0389      0.484     76.759  52.677382    -0.0752      6.822  -148.1991 1.2371e-01     1.8152      7.197     10.439     9.3205   999.8219 0.0000e+00
      7.335     -0.033     0.0387      0.484     76.709  52.643815    -0.0792      6.821  -147.8563 1.2366e-01     1.8687      7.194     10.434     9.3191   999.8220 0.0000e+00
      7.330     -0.030     0.0409      0.469     76.656  52.608780    -0.0887      6.820  -147.2755 1.2366e-01     1.8119      7.189     10.426     9.3165   999.8222 0.0000e+00
      7.325     -0.030     0.0375      0.475     76.599  52.571338    -0.0932      6.819  -147.4588 1.2369e-01     1.7805      7.181     10.415     9.3118   999.8226 0.0000e+00
      7.322     -0.031     0.0390      0.495     76.594  52.572191    -0.0867      6.819  -148.4374 1.2368e-01     1.7285      7.182     10.416     9.3099   999.8227 0.0000e+00
      7.316     -0.032     0.0401      0.495     76.658  52.619106    -0.0578      6.819  -148.6976 1.2367e-01     1.6988      7.180     10.414     9.3117   999.8225 0.0000e+00
      7.301     -0.033     0.0364      0.507     76.674  52.630481    -0.0402      6.819  -148.1953 1.2365e-01     1.6962      7.161     10.385     9.3125   999.8224 0.0000e+00
      7.285     -0.035     0.0369      0.532     76.608  52.582689    -0.0456      6.819  -148.0428 1.2365e-01     1.6287      7.139     10.354     9.3131   999.8222 0.0000e+00
      7.278     -0.037     0.0420      0.541     76.561  52.549361    -0.0376      6.819  -148.4023 1.2370e-01     1.6377      7.135     10.348     9.3166   999.8219 0.0000e+00
      7.277     -0.037     0.0384      0.536     76.551  52.545080    -0.0095      6.820  -148.8428 1.2372e-01     1.7702      7.139     10.354     9.3199   999.8217 0.0000e+00
      7.270     -0.037     0.0399      0.501     76.526  52.530937     0.0177      6.820  -148.8938 1.2372e-01     1.8575      7.132     10.346     9.3192   999.8217 0.0000e+00
      7.257     -0.038     0.0442      0.449     76.484  52.505382     0.0238      6.820  -148.5033 1.2369e-01     1.8690      7.116     10.319     9.3165   999.8218 0.0000e+00
      7.244     -0.043     0.0428      0.437     76.455  52.490148    -0.0021      6.820  -148.3373 1.2365e-01     1.7729      7.101     10.299     9.3155   999.8218 0.0000e+00
      7.234     -0.048     0.0442      0.467     76.422  52.473780    -0.0374      6.821  -148.6076 1.2365e-01     1.5884      7.096     10.291     9.3177   999.8216 0.0000e+00
      7.223     -0.050     0.0413      0.495     76.356  52.434506    -0.0505      6.821  -148.9325 1.2371e-01     1.5255      7.086     10.276     9.3200   999.8214 0.0000e+00
      7.209     -0.049     0.0343      0.502     76.291  52.396378    -0.0462      6.820  -149.1672 1.2376e-01     1.5618      7.069     10.253     9.3218   999.8211 0.0000e+00
      7.194     -0.048     0.0333      0.493     76.279  52.393857    -0.0426      6.819  -148.7790 1.2377e-01     1.5809      7.055     10.231     9.3250   999.8208 0.0000e+00
      7.180     -0.047     0.0384      0.514     76.288  52.404029    -0.0449      6.819  -148.0237 1.2374e-01     1.5848      7.041     10.212     9.3292   999.8204 0.0000e+00
      7.168     -0.044     0.0397      0.555     76.268  52.392346    -0.0456      6.819  -148.1234 1.2372e-01     1.5753      7.029     10.194     9.3335   999.8200 0.0000e+00
      7.158     -0.041     0.0418      0.556     76.247  52.379622    -0.0422      6.819  -148.6944 1.2369e-01     1.6034      7.019     10.180     9.3381   999.8195 0.0000e+00
      7.151     -0.039     0.0379      0.532     76.241  52.377216    -0.0419      6.819  -148.2156 1.2366e-01     1.6499      7.012     10.172     9.3420   999.8192 0.0000e+00
      7.143     -0.038     0.0398      0.526     76.218  52.363265    -0.0416      6.819  -147.0668 1.2368e-01     1.6561      7.006     10.161     9.3441   999.8190 0.0000e+00
      7.132     -0.038     0.0470      0.558     76.177  52.337963    -0.0382      6.819  -147.0209 1.2372e-01     1.6100      6.994     10.143     9.3455   999.8188 0.0000e+00
      7.121     -0.038     0.0449      0.592     76.153  52.325345    -0.0390      6.818  -147.7471 1.2373e-01     1.5385      6.981     10.125     9.3466   999.8186 0.0000e+00
      7.111     -0.037     0.0424      0.570     76.165  52.337723    -0.0424      6.818  -147.5011 1.2376e-01     1.5131      6.973     10.113     9.3475   999.8185 0.0000e+00
      7.101     -0.036     0.0405      0.507     76.194  52.360607    -0.0312      6.818  -146.4557 1.2374e-01     1.6125      6.965     10.101     9.3489   999.8184 0.0000e+00
      7.091     -0.036     0.0443      0.472     76.173  52.347988     0.0010      6.818  -146.1217 1.2367e-01     1.7785      6.954     10.086     9.3507   999.8182 0.0000e+00
      7.083     -0.037     0.0498      0.478     76.115  52.312178     0.0228      6.818  -146.7316 1.2365e-01     1.8379      6.946     10.074     9.3528   999.8179 0.0000e+00
      7.076     -0.038     0.0476      0.495     76.101  52.308703     0.0232      6.819  -147.5476 1.2372e-01     1.8145      6.940     10.065     9.3559   999.8177 0.0000e+00
      7.068     -0.041     0.0387      0.499     76.091  52.305985     0.0250      6.819  -147.4709 1.2382e-01     1.7706      6.933     10.056     9.3583   999.8175 0.0000e+00
      7.057     -0.044     0.0365      0.493     76.052  52.279320     0.0253      6.819  -146.4919 1.2383e-01     1.7201      6.922     10.039     9.3587   999.8174 0.0000e+00
      7.043     -0.048     0.0380      0.497     75.992  52.240351     0.0260      6.818  -145.9509 1.2375e-01     1.7180      6.905     10.015     9.3603   999.8172 0.0000e+00
      7.030     -0.053     0.0401      0.511     75.947  52.215890     0.0337      6.818  -146.0918 1.2368e-01     1.6771      6.893      9.997     9.3662   999.8166 0.0000e+00
      7.017     -0.057     0.0407      0.526     75.969  52.237611     0.0325      6.818  -146.3886 1.2365e-01     1.6038      6.883      9.981     9.3701   999.8162 0.0000e+00
      7.002     -0.058     0.0388      0.531     75.982  52.248939     0.0210      6.818  -146.3556 1.2364e-01     1.5870      6.868      9.961     9.3681   999.8163 0.0000e+00
      6.986     -0.058     0.0399      0.536     75.948  52.225834     0.0189      6.818  -146.0361 1.2364e-01     1.5767      6.851      9.937     9.3681   999.8162 0.0000e+00
      6.969     -0.058     0.0403      0.542     75.927  52.212309     0.0362      6.818  -145.9681 1.2371e-01     1.5819      6.834      9.911     9.3744   999.8156 0.0000e+00
      6.953     -0.057     0.0429      0.532     75.923  52.212430     0.0578      6.819  -146.4806 1.2374e-01     1.6157      6.817      9.887     9.3801   999.8151 0.0000e+00
      6.940     -0.056     0.0424      0.521     75.940  52.227299     0.0603      6.819  -147.0700 1.2372e-01     1.6073      6.806      9.870     9.3809   999.8150 0.0000e+00
      6.929     -0.054     0.0426      0.540     75.994  52.265066     0.0384      6.819  -146.9845 1.2375e-01     1.5836      6.796      9.856     9.3799   999.8150 0.0000e+00
      6.915     -0.054     0.0442      0.549     76.029  52.288002     0.0214      6.818  -146.5663 1.2379e-01     1.6037      6.782      9.836     9.3804   999.8149 0.0000e+00
      6.900     -0.058     0.0431      0.512     75.976  52.250572     0.0464      6.818  -146.4018 1.2379e-01     1.6105      6.765      9.811     9.3826   999.8146 0.0000e+00
      6.888     -0.063     0.0401      0.476     75.891  52.193564     0.0920      6.819  -146.9739 1.2375e-01     1.5970      6.754      9.795     9.3857   999.8143 0.0000e+00
      6.875     -0.067     0.0431      0.459     75.852  52.170338     0.1056      6.819  -147.8906 1.2373e-01     1.5775      6.745      9.783     9.3861   999.8143 0.0000e+00
      6.855     -0.068     0.0469      0.439     75.832  52.160285     0.0867      6.818  -147.8496 1.2374e-01     1.5461      6.726      9.754     9.3847   999.8144 0.0000e+00
      6.830     -0.067     0.0400      0.419     75.793  52.135526     0.0923      6.818  -147.1671 1.2375e-01     1.6293      6.696      9.713     9.3838   999.8142 0.0000e+00
      6.809     -0.063     0.0375      0.421     75.776  52.125034     0.1354      6.818  -147.4679 1.2375e-01     1.7941      6.674      9.680     9.3838   999.8141 0.0000e+00
      6.796     -0.056     0.0371      0.445     75.826  52.160452     0.1603      6.818  -148.4744 1.2377e-01     1.8566      6.664      9.665     9.3877   999.8137 0.0000e+00
      6.785     -0.043     0.0356      0.487     75.858  52.182702     0.1642      6.817  -148.7540 1.2380e-01     1.8358      6.656      9.653     9.3903   999.8135 0.0000e+00
      6.774     -0.028     0.0325      0.528     75.797  52.140009     0.1632      6.817  -148.2677 1.2382e-01     1.8165      6.642      9.634     9.3907   999.8134 0.0000e+00
      6.765     -0.015     0.0333      0.543     75.629  52.025318     0.1378      6.817  -148.1011 1.2377e-01     1.7600      6.630      9.617     9.3920   999.8132 0.0000e+00
      6.764     -0.004     0.0352      0.563     75.311  51.812165     0.1060      6.817  -148.8040 1.2371e-01     1.6684      6.631      9.618     9.3929   999.8132 0.0000e+00
      6.769      0.007     0.0385      0.589     74.977  51.595137     0.0930      6.816  -149.3667 1.2371e-01     1.6367      6.639      9.629     9.3931   999.8132 0.0000e+00
      6.773      0.016     0.0443      0.605     74.902  51.560604     0.0952      6.815  -149.2266 1.2372e-01     1.6168      6.642      9.634     9.3920   999.8133 0.0000e+00
      6.778      0.019     0.0424      0.591     75.011  51.648689     0.1140      6.815  -148.7443 1.2372e-01     1.6337      6.644      9.637     9.3911   999.8133 0.0000e+00
      6.786      0.018     0.0452      0.547     74.995  51.644024     0.1390      6.815  -148.6119 1.2373e-01     1.7722      6.654      9.650     9.3943   999.8129 0.0000e+00
      6.795      0.015     0.0473      0.517     74.879  51.567724     0.1495      6.815  -149.0891 1.2373e-01     1.8837      6.666      9.669     9.4036   999.8121 0.0000e+00
      6.797      0.011     0.0492      0.508     74.848  51.551784     0.1554      6.815  -149.3517 1.2373e-01     1.8838      6.667      9.672     9.4173   999.8110 0.0000e+00
      6.796      0.007     0.0489      0.500     74.878  51.578320     0.1424      6.815  -149.2912 1.2371e-01     1.8078      6.663      9.663     9.4276   999.8103 0.0000e+00
      6.796      0.003     0.0427      0.481     74.867  51.571022     0.1077      6.814  -149.0464 1.2371e-01     1.6844      6.665      9.666     9.4293   999.8101 0.0000e+00
      6.797      0.000     0.0408      0.471     74.808  51.527055     0.0888      6.814  -148.7147 1.2369e-01     1.5935      6.666      9.669     9.4302   999.8100 0.0000e+00
      6.796      0.000     0.0406      0.477     74.759  51.491286     0.0754      6.814  -148.8079 1.2367e-01     1.6022      6.663      9.664     9.4358   999.8095 0.0000e+00
      6.796 3.3589e-10     0.0405      0.468     74.707  51.456087     0.0694      6.815  -149.2279 1.2368e-01     1.7202      6.665      9.666     9.4405   999.8092 0.0000e+00
      6.796 3.6947e-09     0.0383      0.439     74.650  51.419013     0.0838      6.815  -149.5767 1.2372e-01     1.8533      6.665      9.668     9.4403   999.8092 0.0000e+00
      6.796 4.0642e-08     0.0367      0.429     74.653  51.424085     0.0959      6.815  -149.0671 1.2378e-01     1.8728      6.664      9.666     9.4366   999.8094 0.0000e+00
      6.796 4.4706e-07     0.0388      0.437     74.691  51.453907     0.0928      6.815  -148.2287 1.2377e-01     1.8184      6.665      9.667     9.4352   999.8095 0.0000e+00
