Data/DataNotYetUploadedToEDI/Raw_CTD/RawDownloads/062818_FCR50.cnv
* Sea-Bird SBE19plus  Data File:
* FileName = C:\DATA\062818_FCR_0001.hex
* Software version 2.6.3.104
* Temperature SN = 7809
* Conductivity SN = 7809
* System UpLoad Time = Jun 28 2018 14:56:41
* <ApplicationData>
* <Seaterm232>
# nquan = 17
# nvalues = 790                         
# units = specified
# name 0 = depFM: Depth [fresh water, m]
# name 1 = tv290C: Temperature [ITS-90, deg C]
# name 2 = sbeox0Mg/L: Oxygen, SBE 43 [mg/l]
# name 3 = sbeox0PS: Oxygen, SBE 43 [% saturation]
# name 4 = c0uS/cm: Conductivity [uS/cm]
# name 5 = specc: Specific Conductance [uS/cm]
# name 6 = ph: pH
# name 7 = orp: Oxidation Reduction Potential [mV]
# name 8 = flECO-AFL: Fluorescence, WET Labs ECO-AFL/FL [mg/m^3]
# name 9 = turbWETntu0: Turbidity, WET Labs ECO [NTU]
# name 10 = sal00: Salinity, Practical [PSU]
# name 11 = dz/dtM: Descent Rate [m/s]
# name 12 = prdM: Pressure, Strain Gauge [db]
# name 13 = prdE: Pressure, Strain Gauge [psi]
# name 14 = scan: Scan Count
# name 15 = par/sat/log: PAR/Logarithmic, Satlantic
# name 16 = flag:  0.000e+00
# span 0 =     -0.608,      9.604       
# span 1 =    10.9287,    25.4461       
# span 2 =     3.3978,    10.8711       
# span 3 =     31.695,    125.172       
# span 4 =   0.731520,  34.831673       
# span 5 =      0.726,     45.317       
# span 6 =      6.017,      7.789       
# span 7 = -1240.7455,  1240.2295       
# span 8 =    -0.5297,     4.5613       
# span 9 =    -0.3854,    41.7112       
# span 10 =     0.0120,     0.0236      
# span 11 =     -0.002,      0.167      
# span 12 =     -0.596,      9.418      
# span 13 =     -0.864,     13.660      
# span 14 =          1,        790      
# span 15 = 1.1953e-01, 9.8860e+02      
# span 16 = 0.0000e+00, 0.0000e+00      
# interval = seconds: 0.25
# start_time = Jun 28 2018 13:39:10 [Instrument's time stamp, header]
# bad_flag = -9.990e-29
*END*
     -0.608    25.4390     8.0317     98.004   0.818308      0.809      6.063 -1240.7455    -0.1698    -0.2646     0.0120 2.1053e-16     -0.596     -0.864          1 4.6836e+02 0.0000e+00
     -0.608    25.4395     8.0360     98.053   0.783715      0.782      6.070 -1240.7455    -0.1779    -0.2243     0.0120      0.000     -0.596     -0.864          2 6.6165e+02 0.0000e+00
     -0.607    25.4406     8.0336     98.018   0.739877      0.726      6.064 -1240.7455    -0.1981    -0.1840     0.0120      0.000     -0.596     -0.864          3 4.6130e+02 0.0000e+00
     -0.608    25.4419     8.0349     98.031   0.784046      0.782      6.060 -1240.7455    -0.1860    -0.1437     0.0120     -0.000     -0.596     -0.864          4 7.2263e+02 0.0000e+00
     -0.607    25.4424     8.0363     98.050   0.787959      0.782      6.044 -1240.7455    -0.1941    -0.2377     0.0120      0.000     -0.596     -0.864          5 8.5016e+02 0.0000e+00
     -0.607    25.4429     8.0370     98.058   0.735006      0.726      6.051 -1240.7455    -0.2021    -0.2914     0.0120      0.000     -0.595     -0.863          6 7.7996e+02 0.0000e+00
     -0.607    25.4434     8.0414     98.113   0.731520      0.726      6.046 -1240.7455    -0.1779    -0.1169     0.0120      0.000     -0.595     -0.863          7 8.3500e+02 0.0000e+00
     -0.607    25.4439     8.0391     98.084   0.733085      0.726      6.049 -1240.7455    -0.1900    -0.3183     0.0120      0.000     -0.595     -0.863          8 7.3968e+02 0.0000e+00
     -0.607    25.4446     8.0389     98.080   0.733059      0.726      6.049 -1240.7455    -0.1819    -0.1034     0.0120      0.000     -0.595     -0.863          9 7.3931e+02 0.0000e+00
     -0.607    25.4459     8.0368     98.053   0.790765      0.781      6.045 -1240.7455    -0.1779     0.0040     0.0120      0.000     -0.595     -0.863         10 6.4308e+02 0.0000e+00
     -0.608    25.4461     8.0357     98.036   0.779696      0.781      6.042 -1240.7455    -0.1536     0.0308     0.0120      0.000     -0.596     -0.864         11 6.6951e+02 0.0000e+00
     -0.608    25.4438     8.0349     98.018   0.746834      0.726      6.032 -1240.7455    -0.1779    -0.0632     0.0120     -0.000     -0.596     -0.864         12 5.6558e+02 0.0000e+00
     -0.607    25.4407     8.0392     98.063   0.772448      0.781      6.063 -1240.7455    -0.1698     0.2054     0.0120     -0.000     -0.596     -0.864         13 5.0228e+02 0.0000e+00
     -0.607    25.4394     8.0362     98.020   0.747820      0.726      6.064 -1240.7455    -0.1819     0.2054     0.0120     -0.000     -0.596     -0.864         14 7.0297e+02 0.0000e+00
     -0.607    25.4400     8.0371     98.026   0.777484      0.782      6.057 -1240.7455    -0.1698     0.1248     0.0120     -0.000     -0.596     -0.864         15 4.9440e+02 0.0000e+00
     -0.607    25.4404     8.0415     98.075   0.794745      0.782      6.056 -1240.7455    -0.1779     0.2054     0.0120     -0.000     -0.596     -0.864         16 3.2919e+02 0.0000e+00
     -0.608    25.4406     8.0366     98.013   0.815158      0.809      6.057 -1240.7455    -0.1860     0.2725     0.0120     -0.000     -0.596     -0.864         17 4.9506e+02 0.0000e+00
     -0.608    25.4402     8.0395     98.047   0.781686      0.782      6.056 -1240.7455    -0.1738     0.2994     0.0120     -0.000     -0.596     -0.864         18 8.0141e+02 0.0000e+00
     -0.608    25.4391     8.0439     98.094   0.806793      0.782      6.056 -1240.7455    -0.1941     0.2860     0.0120     -0.000     -0.596     -0.864         19 9.0219e+02 0.0000e+00
     -0.608    25.4385     8.0385     98.017   0.902339      0.920      6.054 -1240.7455    -0.1698     0.0577     0.0120     -0.000     -0.596     -0.864         20 8.5069e+02 0.0000e+00
     -0.608    25.4364     8.0430     98.064   0.899632      0.865      6.053 -1240.7455    -0.1981    -0.2780     0.0120     -0.000     -0.596     -0.864         21 9.2193e+02 0.0000e+00
     -0.607    25.4321     8.0437     98.067   0.958194      0.975      6.053 -1240.7455    -0.1819    -0.3049     0.0120     -0.000     -0.596     -0.864         22 9.0242e+02 0.0000e+00
     -0.607    25.4276     8.0450     98.074   1.007100      0.975      6.054 -1240.7455    -0.1819    -0.2512     0.0120      0.000     -0.596     -0.864         23 9.2449e+02 0.0000e+00
     -0.608    25.4240     8.0448     98.065   1.016412      1.031      6.058 -1240.7455    -0.2021    -0.2646     0.0120     -0.000     -0.596     -0.864         24 7.7680e+02 0.0000e+00
     -0.608    25.4214     8.0463     98.069   1.005820      0.975      6.055 -1240.7455    -0.2021    -0.2243     0.0120      0.000     -0.596     -0.864         25 3.7002e+02 0.0000e+00
     -0.607    25.4192     8.0738     98.077   1.020281      1.031      6.062 -1240.7455    -0.1738    -0.3317     0.0120      0.000     -0.595     -0.863         26 2.2086e+02 0.0000e+00
     -0.607    25.4174     8.1226     98.084   0.998416      0.975      6.053 -1240.7455    -0.2102    -0.2512     0.0120      0.000     -0.595     -0.863         27 2.5829e+02 0.0000e+00
     -0.607    25.4165     8.1560     98.079   0.973818      0.976      6.061 -1240.7455    -0.1779    -0.2243     0.0120      0.000     -0.595     -0.863         28 2.0875e+02 0.0000e+00
     -0.607    25.4128     8.1789     98.070   0.991679      0.976      6.051 -1240.7455    -0.1658    -0.1706     0.0120      0.000     -0.595     -0.863         29 3.1108e+02 0.0000e+00
     -0.607    25.4073     8.1967     98.056   0.976187      0.976      6.022 -1240.7455    -0.1698    -0.2512     0.0120      0.000     -0.595     -0.863         30 6.1598e+02 0.0000e+00
     -0.606    25.4022     8.2155     98.094   0.993098      0.976      6.017 -1240.7455    -0.2021    -0.1303     0.0120      0.001     -0.595     -0.863         31 7.3958e+02 0.0000e+00
     -0.607    25.3998     8.2269     98.071   0.911421      0.920      6.036 -1240.7455    -0.1819    -0.1974     0.0120      0.001     -0.595     -0.863         32 7.4054e+02 0.0000e+00
     -0.606    25.3934     8.2421     98.140   1.018618      0.976      6.035 -1240.7455    -0.1860    -0.2377     0.0120      0.000     -0.595     -0.862         33 7.7163e+02 0.0000e+00
     -0.606    25.3928     8.2562     98.241   0.918905      0.976      6.089 -1240.7455    -0.1496    -0.2109     0.0120      0.000     -0.595     -0.862         34 7.6943e+02 0.0000e+00
     -0.606    25.3786     8.2746     98.422   1.035512      0.921      6.085 -1240.7455    -0.1941    -0.3854     0.0120      0.000     -0.594     -0.861         35 7.9517e+02 0.0000e+00
     -0.607    25.1953     8.2991     98.688   0.814290      0.976      6.072 -1240.7455    -0.1860    -0.2243     0.0120      0.000     -0.586     -0.849         36 8.3564e+02 0.0000e+00
     -0.580    24.8811     8.3296     99.033   5.339551      4.797      6.483  -207.4697    -0.1698    -0.2512     0.0127      0.007     -0.554     -0.803         37 8.5704e+02 0.0000e+00
     -0.503    24.6489     8.3575     99.349  16.491049     16.880      6.917  1240.2295    -0.1658    -0.0497     0.0166      0.032     -0.499     -0.723         38 8.5986e+02 0.0000e+00
     -0.446    24.4949     8.3865     99.685  26.751348     26.453      7.143   118.7462    -0.1738     0.0040     0.0202      0.066     -0.446     -0.648         39 8.5059e+02 0.0000e+00
     -0.417    24.3690     8.4036     99.888  32.903320     33.635      7.395   111.0991    -0.1860    -0.0095     0.0230      0.096     -0.409     -0.594         40 8.3374e+02 0.0000e+00
     -0.386    24.2668     8.4173    100.053  33.528919     33.544      7.556   121.8127    -0.1698    -0.0497     0.0229      0.122     -0.378     -0.548         41 8.5150e+02 0.0000e+00
     -0.352    24.1802     8.4335    100.253  32.999708     33.628      7.672   131.0877    -0.4852    41.5769     0.0229      0.143     -0.341     -0.495         42 8.7419e+02 0.0000e+00
     -0.302    24.1191     8.4384    100.313  33.057851     33.415      7.732   140.0220    -0.5095    41.5366     0.0228      0.160     -0.300     -0.435         43 8.7373e+02 0.0000e+00
     -0.266    24.0820     8.3807     99.619  32.655952     33.275      7.753   140.7792    -0.5297    41.5903     0.0227      0.167     -0.264     -0.383         44 8.5011e+02 0.0000e+00
     -0.241    24.0612     8.2872     98.509  32.728903     33.259      7.741   140.6656    -0.4650    41.7112     0.0227      0.158     -0.234     -0.339         45 8.6251e+02 0.0000e+00
     -0.206    24.0473     8.1723     97.159  32.640902     33.284      7.708   134.8734    -0.5014    41.5903     0.0227      0.143     -0.202     -0.293         46 8.9552e+02 0.0000e+00
     -0.170    24.0376     8.0475     95.688  32.706177     33.298      7.676   145.5870     1.8075     1.8705     0.0227      0.138     -0.172     -0.249         47 8.8622e+02 0.0000e+00
     -0.151    24.0296     7.9090     94.051  32.855255     33.507      7.635   154.8999     1.7995     1.8973     0.0228      0.135     -0.152     -0.220         48 7.5082e+02 0.0000e+00
     -0.145    24.0253     7.7628     92.318  33.048459     33.685      7.592   159.1021     1.8075     1.9376     0.0229      0.124     -0.141     -0.204         49 5.8331e+02 0.0000e+00
     -0.135    24.0250     7.6551     91.037  32.969859     33.633      7.589   159.0264     1.8399     1.9376     0.0228      0.107     -0.129     -0.186         50 4.9501e+02 0.0000e+00
     -0.111    24.0261     7.6053     90.439  32.804806     33.437      7.592   162.4714     1.9572     1.8973     0.0228      0.092     -0.109     -0.158         51 5.1826e+02 0.0000e+00
     -0.087    24.0299     7.6007     90.384  32.779404     33.437      7.587   167.2792     1.9491     1.8839     0.0228      0.083     -0.089     -0.129         52 7.4912e+02 0.0000e+00
     -0.075    24.0308     7.5918     90.276  32.882856     33.522      7.558   171.1028     1.9450     1.7899     0.0228      0.075     -0.076     -0.110         53 8.7900e+02 0.0000e+00
     -0.070    24.0268     7.5667     89.976  32.913292     33.576      7.533   174.5857     1.9208     1.8973     0.0228      0.065     -0.069     -0.100         54 8.6210e+02 0.0000e+00
     -0.066    24.0277     7.5283     89.518  32.741527     33.376      7.508   177.2357     2.0785     1.9510     0.0227      0.055     -0.065     -0.095         55 8.9362e+02 0.0000e+00
     -0.064    24.0355     7.4819     88.968  32.622155     33.265      7.503   179.4314     2.0866     1.9107     0.0227      0.049     -0.063     -0.091         56 8.9852e+02 0.0000e+00
     -0.063    24.0432     7.4205     88.244  32.676350     33.321      7.513   180.0750     2.0542     1.9376     0.0227      0.043     -0.062     -0.090         57 8.7076e+02 0.0000e+00
     -0.063    24.0484     7.3326     87.206  32.674080     33.316      7.520   181.1729     2.0866     1.9645     0.0227      0.032     -0.062     -0.090         58 8.9132e+02 0.0000e+00
     -0.064    24.0517     7.2330     86.026  32.684286     33.311      7.536   182.8007     2.1553     1.9913     0.0227      0.019     -0.062     -0.090         59 8.4997e+02 0.0000e+00
     -0.064    24.0514     7.1059     84.516  32.722955     33.364      7.545   185.4886     2.1472     2.0182     0.0227      0.010     -0.062     -0.091         60 7.2965e+02 0.0000e+00
     -0.065    24.0487     6.9981     83.238  32.685262     33.305      7.551   187.9872     2.1634     1.9107     0.0227      0.004     -0.062     -0.091         61 6.7448e+02 0.0000e+00
     -0.063    24.0478     6.9248     82.367  32.731192     33.362      7.557   188.3279     2.1108     1.8436     0.0227      0.002     -0.062     -0.090         62 5.8520e+02 0.0000e+00
     -0.063    24.0472     6.9308     82.440  32.725102     33.364      7.558   191.2429     2.3494     1.9779     0.0227      0.001     -0.062     -0.090         63 5.2895e+02 0.0000e+00
     -0.065    24.0458     7.0207     83.511  32.752148     33.364      7.560   192.2650     2.3453     1.9913     0.0227     -0.000     -0.063     -0.091         64 5.6722e+02 0.0000e+00
     -0.064    24.0452     7.1541     85.099  32.845804     33.507      7.557   192.4543     2.3170     1.8570     0.0228     -0.001     -0.063     -0.091         65 6.5366e+02 0.0000e+00
     -0.065    24.0464     7.3128     86.990  32.756819     33.366      7.554   191.8107     2.3332     1.9376     0.0227     -0.001     -0.063     -0.092         66 7.5840e+02 0.0000e+00
     -0.065    24.0498     7.4639     88.790  32.714619     33.366      7.553   195.5208     2.3292     1.8436     0.0227     -0.000     -0.063     -0.092         67 8.4216e+02 0.0000e+00
     -0.064    24.0539     7.6052     90.472  32.750051     33.365      7.535   194.3472     2.4788     1.9645     0.0227     -0.001     -0.063     -0.092         68 8.8080e+02 0.0000e+00
     -0.065    24.0567     7.7231     91.876  32.860992     33.506      7.521   196.0508     2.4828     1.8705     0.0228     -0.001     -0.063     -0.092         69 8.8424e+02 0.0000e+00
     -0.065    24.0588     7.8147     92.968  32.991707     33.617      7.511   197.4893     2.4788     1.8436     0.0228     -0.001     -0.063     -0.092         70 8.8840e+02 0.0000e+00
     -0.065    24.0604     7.8770     93.713  33.150802     33.786      7.506   198.9279     2.4505     1.9242     0.0229     -0.001     -0.063     -0.092         71 8.8726e+02 0.0000e+00
     -0.065    24.0614     7.9209     94.236  33.256083     33.898      7.506   200.5558     2.4667     1.8705     0.0230     -0.000     -0.064     -0.093         72 8.8626e+02 0.0000e+00
     -0.067    24.0621     7.9339     94.389  33.275846     33.897      7.510   202.7136     2.4626     1.8705     0.0230     -0.001     -0.065     -0.095         73 8.8209e+02 0.0000e+00
     -0.068    24.0633     7.9440     94.505  33.393097     34.039      7.515   204.4551     2.4788     1.8973     0.0230     -0.001     -0.066     -0.096         74 8.8287e+02 0.0000e+00
     -0.068    24.0648     7.9365     94.414  33.466021     34.095      7.519   205.7422     2.4586     1.8436     0.0230     -0.002     -0.066     -0.096         75 8.8181e+02 0.0000e+00
     -0.068    24.0663     7.9186     94.200  33.511293     34.151      7.520   206.4994     2.4667     2.0316     0.0231     -0.002     -0.066     -0.096         76 8.8016e+02 0.0000e+00
     -0.067    24.0675     7.8887     93.845  33.573993     34.207      7.524   206.9158     2.4788     1.8705     0.0231     -0.002     -0.066     -0.096         77 8.8148e+02 0.0000e+00
     -0.067    24.0685     7.8564     93.461  33.625228     34.263      7.525   206.8779     2.4667     1.8839     0.0231     -0.002     -0.066     -0.096         78 8.7997e+02 0.0000e+00
     -0.067    24.0694     7.8281     93.126  33.684770     34.319      7.530   207.2186     2.4707     1.9376     0.0231     -0.001     -0.066     -0.096         79 8.8040e+02 0.0000e+00
     -0.068    24.0708     7.8069     92.873  33.737135     34.375      7.536   207.9001     2.5071     1.8705     0.0232     -0.001     -0.066     -0.096         80 8.8054e+02 0.0000e+00
     -0.067    24.0724     7.7951     92.734  33.826957     34.460      7.546   207.8244     2.5273     1.8973     0.0232     -0.000     -0.066     -0.096         81 8.7898e+02 0.0000e+00
     -0.068    24.0726     7.7855     92.620  33.928848     34.573      7.553   208.3165     2.5637     1.9376     0.0232      0.000     -0.066     -0.096         82 8.8110e+02 0.0000e+00
     -0.068    24.0717     7.7732     92.473  33.995851     34.629      7.555   209.4901     2.5273     1.9107     0.0233     -0.000     -0.066     -0.096         83 8.8115e+02 0.0000e+00
     -0.068    24.0702     7.7618     92.337  34.069783     34.714      7.556   209.6037     2.7295     1.8570     0.0233     -0.000     -0.066     -0.096         84 8.8096e+02 0.0000e+00
     -0.067    24.0685     7.7513     92.213  34.103739     34.743      7.553   210.3229     2.7052     1.8705     0.0233     -0.000     -0.066     -0.096         85 8.8216e+02 0.0000e+00
