Data/DataNotYetUploadedToEDI/Raw_CTD/RawDownloads/062819_shr50.cnv
* Sea-Bird SBE19plus  Data File:
* FileName = C:\DATA\062819_ccr50_0004.hex
* Software version 2.8.0.119
* Temperature SN = 7809
* Conductivity SN = 7809
* System UpLoad Time = Jun 28 2019 15:15:57
* <ApplicationData>
* <Seaterm232>
# nquan = 18
# nvalues = 3854                        
# units = specified
# name 0 = depFM: Depth [fresh water, m]
# name 1 = tv290C: Temperature [ITS-90, deg C]
# name 2 = sbeox0Mg/L: Oxygen, SBE 43 [mg/l]
# name 3 = sbeox0PS: Oxygen, SBE 43 [% saturation]
# name 4 = c0uS/cm: Conductivity [uS/cm]
# name 5 = specc: Specific Conductance [uS/cm]
# name 6 = ph: pH
# name 7 = orp: Oxidation Reduction Potential [mV]
# name 8 = flECO-AFL: Fluorescence, WET Labs ECO-AFL/FL [mg/m^3]
# name 9 = turbWETntu0: Turbidity, WET Labs ECO [NTU]
# name 10 = sal00: Salinity, Practical [PSU]
# name 11 = dz/dtM: Descent Rate [m/s]
# name 12 = prdM: Pressure, Strain Gauge [db]
# name 13 = prdE: Pressure, Strain Gauge [psi]
# name 14 = scan: Scan Count
# name 15 = par/sat/log: PAR/Logarithmic, Satlantic
# name 16 = density00: Density [density, kg/m^3]
# name 17 = flag:  0.000e+00
# span 0 =     -0.429,     63.042       
# span 1 =     6.6044,    33.6155       
# span 2 =     4.2490,    15.7198       
# span 3 =     55.081,    173.362       
# span 4 =   0.578326, 320.044703       
# span 5 =      0.776,    322.123       
# span 6 =      5.890,      8.192       
# span 7 =   -70.1993,  1240.2295       
# span 8 =    -0.1674,     1.3928       
# span 9 =    -0.6863,    12.6087       
# span 10 =     0.0146,     0.1526      
# span 11 =     -0.090,      0.364      
# span 12 =     -0.420,     61.821      
# span 13 =     -0.610,     89.664      
# span 14 =          1,       3854      
# span 15 = 1.2156e-01, 7.1064e+02      
# span 16 =   994.5088,  1000.3370      
# span 17 = 0.0000e+00, 0.0000e+00      
# interval = seconds: 0.25
# start_time = Jun 28 2019 13:30:41 [Instrument's time stamp, header]
# bad_flag = -9.990e-29
*END*
[from data line 3619]
     58.185     6.6072    10.3461     84.477 196.837359    311.381      7.916   304.2846     0.0958    -0.0951     0.1437      0.084     57.060     82.758       3620 1.2370e-01  1000.3136 0.0000e+00
     58.205     6.6072    10.3525     84.529 196.807070    311.293      7.915   303.8682     0.0920    -0.1528     0.1437      0.082     57.080     82.786       3621 1.2372e-01  1000.3136 0.0000e+00
     58.226     6.6070    10.3543     84.543 196.833392    311.383      7.915   303.8682     0.1073    -0.2105     0.1437      0.081     57.099     82.815       3622 1.2370e-01  1000.3138 0.0000e+00
     58.244     6.6070    10.3612     84.600 196.804604    311.294      7.914   304.3604     0.0920    -0.1528     0.1437      0.080     57.118     82.843       3623 1.2355e-01  1000.3138 0.0000e+00
     58.263     6.6069    10.3629     84.614 196.783157    311.296      7.917   303.6411     0.1111    -0.1672     0.1437      0.078     57.138     82.871       3624 1.2353e-01  1000.3139 0.0000e+00
     58.284     6.6069    10.3515     84.521 196.800342    311.296      7.913   303.9818     0.0996    -0.2105     0.1437      0.078     57.158     82.901       3625 1.2362e-01  1000.3140 0.0000e+00
     58.308     6.6068    10.3543     84.544 196.842962    311.385      7.915   303.9439     0.1034    -0.1240     0.1437      0.078     57.182     82.935       3626 1.2356e-01  1000.3142 0.0000e+00
     58.336     6.6067    10.3465     84.480 196.849604    311.386      7.913   304.0575     0.1034    -0.3835     0.1437      0.081     57.209     82.975       3627 1.2355e-01  1000.3143 0.0000e+00
     58.366     6.6068    10.3474     84.488 196.792078    311.298      7.914   303.9439     0.0996    -0.5133     0.1437      0.087     57.237     83.016       3628 1.2366e-01  1000.3144 0.0000e+00
     58.396     6.6068    10.3458     84.474 196.795069    311.299      7.915   303.1868     0.1187    -0.3979     0.1437      0.093     57.267     83.058       3629 1.2364e-01  1000.3146 0.0000e+00
     58.425     6.6068    10.3443     84.462 196.786142    311.297      7.915   302.5811     0.1263    -0.3114     0.1437      0.099     57.294     83.098       3630 1.2368e-01  1000.3147 0.0000e+00
     58.449     6.6068    10.3358     84.392 196.803190    311.297      7.914   302.6946     0.0195    -0.4412     0.1437      0.104     57.318     83.134       3631 1.2369e-01  1000.3148 0.0000e+00
     58.472     6.6066    10.3372     84.405 196.833596    311.387      7.915   302.4296     0.0462    -0.3258     0.1437      0.106     57.343     83.170       3632 1.2354e-01  1000.3150 0.0000e+00
     58.503     6.6067    10.3390     84.419 196.808047    311.297      7.915   305.9882     0.0615    -0.2682     0.1437      0.108     57.370     83.210       3633 1.2359e-01  1000.3151 0.0000e+00
     58.531     6.6069    10.3362     84.397 196.834990    311.389      7.913   305.1554     0.0386    -0.2970     0.1437      0.108     57.399     83.250       3634 1.2361e-01  1000.3153 0.0000e+00
     58.559     6.6069    10.3271     84.323 196.800068    311.297      7.914   305.5718     0.0958    -0.2393     0.1437      0.108     57.426     83.289       3635 1.2365e-01  1000.3154 0.0000e+00
     58.585     6.6069    10.3183     84.251 196.851507    311.385      7.913   305.8368     0.1034    -0.1240     0.1437      0.107     57.453     83.328       3636 1.2368e-01  1000.3155 0.0000e+00
     58.614     6.6069    10.3257     84.312 196.890462    311.474      7.915   305.4582     0.1263    -0.1095     0.1438      0.107     57.481     83.368       3637 1.2361e-01  1000.3157 0.0000e+00
     58.642     6.6068    10.3370     84.404 196.811334    311.297      7.913   305.7611     0.0958    -0.1528     0.1437      0.108     57.508     83.408       3638 1.2368e-01  1000.3158 0.0000e+00
     58.668     6.6068    10.3398     84.427 196.830497    311.385      7.913   305.3446     0.1034    -0.3691     0.1437      0.109     57.533     83.445       3639 1.2364e-01  1000.3159 0.0000e+00
     58.692     6.6068    10.3343     84.382 196.806874    311.298      7.915   304.7011     0.0958    -0.3258     0.1437      0.108     57.558     83.481       3640 1.2370e-01  1000.3160 0.0000e+00
     58.720     6.6069    10.3370     84.405 196.840736    311.386      7.912   304.0954     0.1034    -0.3547     0.1437      0.106     57.584     83.520       3641 1.2373e-01  1000.3162 0.0000e+00
     58.747     6.6070    10.3411     84.438 196.848101    311.387      7.914   303.3382     0.0882    -0.2682     0.1437      0.106     57.612     83.560       3642 1.2368e-01  1000.3163 0.0000e+00
     58.777     6.6071    10.3538     84.541 196.857452    311.386      7.913   302.7704     0.1073    -0.3691     0.1437      0.106     57.641     83.600       3643 1.2375e-01  1000.3164 0.0000e+00
     58.805     6.6073    10.3540     84.543 196.888842    311.474      7.912   302.9975     0.1073    -0.4412     0.1438      0.107     57.667     83.638       3644 1.2364e-01  1000.3166 0.0000e+00
     58.828     6.6072    10.3486     84.498 196.809037    311.295      7.913   302.6946     0.1034    -0.4268     0.1437      0.106     57.690     83.671       3645 1.2352e-01  1000.3166 0.0000e+00
     58.847     6.6073    10.3480     84.494 196.837285    311.382      7.912   303.0354     0.0882    -0.3547     0.1437      0.104     57.710     83.701       3646 1.2365e-01  1000.3167 0.0000e+00
     58.869     6.6076    10.3519     84.526 196.853691    311.382      7.917   303.6789     0.0691    -0.1240     0.1437      0.101     57.732     83.733       3647 1.2385e-01  1000.3169 0.0000e+00
     58.895     6.6078    10.3529     84.535 196.848364    311.382      7.914   305.8368     0.0958    -0.1816     0.1437      0.099     57.756     83.768       3648 1.2358e-01  1000.3170 0.0000e+00
     58.919     6.6079    10.3592     84.586 196.903659    311.467      7.913   307.6918     0.0882    -0.0807     0.1438      0.096     57.780     83.803       3649 1.2354e-01  1000.3171 0.0000e+00
     58.944     6.6078    10.3595     84.588 196.844622    311.376      7.913   307.8432     0.1111    -0.1672     0.1437      0.094     57.805     83.839       3650 1.2369e-01  1000.3172 0.0000e+00
     58.970     6.6078    10.3499     84.510 196.802350    311.287      7.914   308.0325     0.1073    -0.0951     0.1437      0.093     57.829     83.874       3651 1.2351e-01  1000.3173 0.0000e+00
     58.994     6.6077    10.3679     84.658 196.836782    311.376      7.914   307.1239     0.1034    -0.3547     0.1437      0.093     57.853     83.909       3652 1.2352e-01  1000.3174 0.0000e+00
     59.018     6.6075    10.3671     84.653 196.861517    311.376      7.912   305.5339     0.1034    -0.3979     0.1437      0.095     57.878     83.945       3653 1.2367e-01  1000.3175 0.0000e+00
     59.046     6.6075    10.3687     84.665 196.831313    311.378      7.913   304.4739     0.0729    -0.3258     0.1437      0.098     57.904     83.983       3654 1.2376e-01  1000.3177 0.0000e+00
     59.073     6.6074    10.3707     84.682 196.814630    311.290      7.914   303.9818     0.0996    -0.4268     0.1437      0.099     57.929     84.020       3655 1.2369e-01  1000.3178 0.0000e+00
     59.097     6.6076    10.3739     84.708 196.882282    311.468      7.913   303.2625     0.0958    -0.1528     0.1438      0.099     57.954     84.055       3656 1.2367e-01  1000.3180 0.0000e+00
     59.121     6.6078    10.3586     84.583 196.866610    311.381      7.913   302.9596     0.0996    -0.2826     0.1437      0.100     57.978     84.090       3657 1.2364e-01  1000.3180 0.0000e+00
     59.145     6.6078    10.3760     84.726 196.834135    311.379      7.912   302.9975     0.1034    -0.1384     0.1437      0.099     58.002     84.124       3658 1.2346e-01  1000.3181 0.0000e+00
     59.169     6.6079    10.3608     84.601 196.862955    311.377      7.912   302.8461     0.0882    -0.2393     0.1437      0.098     58.024     84.156       3659 1.2354e-01  1000.3183 0.0000e+00
     59.190     6.6079    10.3677     84.657 196.890488    311.466      7.912   304.1332     0.0958    -0.0951     0.1438      0.097     58.044     84.185       3660 1.2351e-01  1000.3184 0.0000e+00
     59.206     6.6081    10.3692     84.669 196.859614    311.376      7.911   304.2846     0.1034    -0.1528     0.1437      0.093     58.062     84.211       3661 1.2352e-01  1000.3184 0.0000e+00
     59.223     6.6086    10.3971     84.898 196.841635    311.376      7.912   304.7389     0.0882    -0.0519     0.1437      0.088     58.080     84.237       3662 1.2373e-01  1000.3185 0.0000e+00
     59.245     6.6088    10.3822     84.776 196.912864    311.463      7.912   304.7389     0.0805    -0.1672     0.1438      0.084     58.100     84.267       3663 1.2363e-01  1000.3186 0.0000e+00
     59.269     6.6088    10.4020     84.938 196.890459    311.459      7.911   305.3446     0.0882    -0.1240     0.1438      0.082     58.123     84.300       3664 1.2355e-01  1000.3187 0.0000e+00
     59.292     6.6088    10.4321     85.184 196.869518    311.367      7.913   305.3825     0.0729    -0.0519     0.1437      0.081     58.147     84.335       3665 1.2362e-01  1000.3188 0.0000e+00
     59.317     6.6088    10.4083     84.989 196.938924    311.545      7.913   304.7768     0.0882    -0.1095     0.1438      0.082     58.172     84.371       3666 1.2367e-01  1000.3190 0.0000e+00
     59.347     6.6087    10.4081     84.986 196.983314    311.545      7.912   305.0039     0.1034    -0.1240     0.1438      0.086     58.200     84.412       3667 1.2356e-01  1000.3191 0.0000e+00
     59.379     6.6089    10.3899     84.837 196.933765    311.545      7.912   304.2846     0.1149    -0.1528     0.1438      0.093     58.230     84.455       3668 1.2350e-01  1000.3193 0.0000e+00
     59.407     6.6088    10.3843     84.789 196.881106    311.368      7.910   303.4896     0.0958    -0.1528     0.1437      0.100     58.257     84.494       3669 1.2364e-01  1000.3193 0.0000e+00
     59.428     6.6086    10.3490     84.500 196.929363    311.544      7.914   303.2246     0.0805    -0.0807     0.1438      0.103     58.278     84.525       3670 1.2360e-01  1000.3194 0.0000e+00
     59.446     6.6085    10.3697     84.668 196.873711    311.368      7.911   303.2246     0.1111    -0.0519     0.1437      0.103     58.297     84.552       3671 1.2362e-01  1000.3195 0.0000e+00
     59.464     6.6087    10.3375     84.405 196.890625    311.458      7.913   303.0354     0.0958    -0.4412     0.1438      0.100     58.316     84.581       3672 1.2351e-01  1000.3196 0.0000e+00
     59.490     6.6089    10.3629     84.612 196.908316    311.459      7.915   302.8839     0.1225    -0.3691     0.1438      0.097     58.340     84.615       3673 1.2350e-01  1000.3198 0.0000e+00
     59.517     6.6090    10.3359     84.391 196.911438    311.457      7.912   302.9975     0.0958    -0.4268     0.1437      0.094     58.366     84.652       3674 1.2363e-01  1000.3199 0.0000e+00
     59.542     6.6091    10.3556     84.552 196.946483    311.544      7.909   302.9975     0.1111    -0.3691     0.1438      0.091     58.391     84.689       3675 1.2361e-01  1000.3201 0.0000e+00
     59.567     6.6089    10.3401     84.425 196.864705    311.365      7.914   303.6411     0.1187    -0.0519     0.1437      0.090     58.416     84.725       3676 1.2362e-01  1000.3201 0.0000e+00
     59.593     6.6085    10.3334     84.371 196.893726    311.453      7.912   304.3225     0.0920    -0.1528     0.1437      0.092     58.444     84.765       3677 1.2355e-01  1000.3203 0.0000e+00
     59.627     6.6079    10.3661     84.639 196.850626    311.366      7.914   304.2089     0.1187    -0.1384     0.1437      0.098     58.475     84.811       3678 1.2374e-01  1000.3204 0.0000e+00
     59.662     6.6072    10.3334     84.372 196.798861    311.281      7.913   304.3225     0.1034    -0.0951     0.1437      0.105     58.506     84.856       3679 1.2371e-01  1000.3205 0.0000e+00
     59.690     6.6067    10.3830     84.778 196.838666    311.376      7.911   304.8525     0.1263    -0.1384     0.1437      0.111     58.534     84.896       3680 1.2362e-01  1000.3207 0.0000e+00
     59.710     6.6062    10.3847     84.792 196.801092    311.293      7.909   304.1332     0.0996    -0.2105     0.1437      0.111     58.557     84.929       3681 1.2370e-01  1000.3208 0.0000e+00
     59.733     6.6060    10.3622     84.608 196.845623    311.388      7.910   303.3004     0.0882    -0.1528     0.1437      0.110     58.577     84.959       3682 1.2371e-01  1000.3210 0.0000e+00
     59.753     6.6059    10.3923     84.854 196.842993    311.391      7.914   302.9218     0.1034    -0.0663     0.1437      0.107     58.596     84.987       3683 1.2368e-01  1000.3211 0.0000e+00
     59.771     6.6057    10.4034     84.945 196.804368    311.306      7.910   303.0732     0.1073    -0.3114     0.1437      0.101     58.616     85.015       3684 1.2367e-01  1000.3212 0.0000e+00
     59.791     6.6057    10.3991     84.909 196.833952    311.396      7.911   303.0354     0.1111    -0.3835     0.1437      0.095     58.636     85.044       3685 1.2368e-01  1000.3213 0.0000e+00
     59.813     6.6059    10.3876     84.815 196.806178    311.308      7.910   303.1489     0.1263    -0.3547     0.1437      0.087     58.659     85.077       3686 1.2362e-01  1000.3214 0.0000e+00
     59.842     6.6059    10.3627     84.611 196.838934    311.397      7.912   302.9975     0.1149    -0.4124     0.1437      0.084     58.685     85.115       3687 1.2372e-01  1000.3216 0.0000e+00
     59.871     6.6061    10.3521     84.524 196.852932    311.396      7.912   304.0575     0.0805    -0.0519     0.1437      0.086     58.713     85.155       3688 1.2365e-01  1000.3217 0.0000e+00
     59.899     6.6063    10.3516     84.521 196.848502    311.396      7.911   304.6632     0.1034    -0.0519     0.1437      0.091     58.739     85.194       3689 1.2346e-01  1000.3218 0.0000e+00
     59.922     6.6066    10.3334     84.372 196.844450    311.392      7.913   305.0039     0.1111    -0.1816     0.1437      0.095     58.764     85.232       3690 1.2354e-01  1000.3219 0.0000e+00
     59.951     6.6068    10.3123     84.200 196.857977    311.392      7.911   305.1175     0.1073    -0.1240     0.1437      0.099     58.792     85.272       3691 1.2360e-01  1000.3220 0.0000e+00
     59.984     6.6067    10.3086     84.170 196.891412    311.477      7.913   305.8368     0.0805    -0.3835     0.1438      0.105     58.824     85.317       3692 1.2360e-01  1000.3222 0.0000e+00
     60.017     6.6068    10.3235     84.292 196.862585    311.387      7.910   305.1932     0.0958    -0.3114     0.1437      0.110     58.856     85.363       3693 1.2351e-01  1000.3223 0.0000e+00
     60.048     6.6067    10.3169     84.238 196.893855    311.477      7.912   304.9282     0.0958    -0.3403     0.1438      0.114     58.886     85.408       3694 1.2355e-01  1000.3225 0.0000e+00
     60.078     6.6064    10.3306     84.350 196.852500    311.387      7.910   304.0954     0.0844    -0.4268     0.1437      0.116     58.915     85.450       3695 1.2358e-01  1000.3226 0.0000e+00
     60.104     6.6062    10.3281     84.330 196.794567    311.299      7.912   303.4896     0.0653    -0.4989     0.1437      0.117     58.942     85.489       3696 1.2338e-01  1000.3227 0.0000e+00
     60.132     6.6062    10.3299     84.344 196.786726    311.300      7.912   303.5275     0.0958    -0.3979     0.1437      0.117     58.969     85.527       3697 1.2358e-01  1000.3229 0.0000e+00
     60.158     6.6061    10.3340     84.378 196.802516    311.303      7.910   303.8682     0.0691    -0.4556     0.1437      0.117     58.994     85.563       3698 1.2373e-01  1000.3230 0.0000e+00
