Data/DataNotYetUploadedToEDI/Raw_CTD/RawDownloads/062818_FCR50.cnv
* Sea-Bird SBE19plus  Data File:
* FileName = C:\DATA\062818_FCR_0001.hex
* Software version 2.6.3.104
* Temperature SN = 7809
* Conductivity SN = 7809
* System UpLoad Time = Jun 28 2018 14:56:41
* <ApplicationData>
* <Seaterm232>
# nquan = 17
# nvalues = 790                         
# units = specified
# name 0 = depFM: Depth [fresh water, m]
# name 1 = tv290C: Temperature [ITS-90, deg C]
# name 2 = sbeox0Mg/L: Oxygen, SBE 43 [mg/l]
# name 3 = sbeox0PS: Oxygen, SBE 43 [% saturation]
# name 4 = c0uS/cm: Conductivity [uS/cm]
# name 5 = specc: Specific Conductance [uS/cm]
# name 6 = ph: pH
# name 7 = orp: Oxidation Reduction Potential [mV]
# name 8 = flECO-AFL: Fluorescence, WET Labs ECO-AFL/FL [mg/m^3]
# name 9 = turbWETntu0: Turbidity, WET Labs ECO [NTU]
# name 10 = sal00: Salinity, Practical [PSU]
# name 11 = dz/dtM: Descent Rate [m/s]
# name 12 = prdM: Pressure, Strain Gauge [db]
# name 13 = prdE: Pressure, Strain Gauge [psi]
# name 14 = scan: Scan Count
# name 15 = par/sat/log: PAR/Logarithmic, Satlantic
# name 16 = flag:  0.000e+00
# span 0 =     -0.608,      9.604       
# span 1 =    10.9287,    25.4461       
# span 2 =     3.3978,    10.8711       
# span 3 =     31.695,    125.172       
# span 4 =   0.731520,  34.831673       
# span 5 =      0.726,     45.317       
# span 6 =      6.017,      7.789       
# span 7 = -1240.7455,  1240.2295       
# span 8 =    -0.5297,     4.5613       
# span 9 =    -0.3854,    41.7112       
# span 10 =     0.0120,     0.0236      
# span 11 =     -0.002,      0.167      
# span 12 =     -0.596,      9.418      
# span 13 =     -0.864,     13.660      
# span 14 =          1,        790      
# span 15 = 1.1953e-01, 9.8860e+02      
# span 16 = 0.0000e+00, 0.0000e+00      
# interval = seconds: 0.25
# start_time = Jun 28 2018 13:39:10 [Instrument's time stamp, header]
# bad_flag = -9.990e-29
*END*
[from data line 171]
     -0.052    24.2499     5.5354     65.934  34.579721     35.101      7.571   239.4352     2.9034     2.1122     0.0235      0.001     -0.051     -0.074        172 9.4473e+02 0.0000e+00
     -0.052    24.2506     6.1641     73.328  34.578317     35.100      7.575   239.5487     2.9034     2.1927     0.0235      0.001     -0.051     -0.074        173 9.4776e+02 0.0000e+00
     -0.051    24.2512     6.9665     82.815  34.632245     35.157      7.579   239.6245     2.9276     2.1390     0.0235      0.001     -0.050     -0.073        174 9.4825e+02 0.0000e+00
     -0.051    24.2518     7.8030     92.719  34.571921     35.099      7.577   239.8895     2.9236     2.0450     0.0235      0.001     -0.050     -0.072        175 9.5354e+02 0.0000e+00
     -0.051    24.2525     8.5486    101.543  34.534761     35.042      7.579   240.0787     2.9276     2.1659     0.0235      0.001     -0.050     -0.072        176 9.5281e+02 0.0000e+00
     -0.051    24.2531     9.1812    109.024  34.589519     35.127      7.576   240.6087     2.9115     2.1659     0.0235      0.001     -0.050     -0.072        177 9.6015e+02 0.0000e+00
     -0.051    24.2539     9.6130    114.122  34.592744     35.098      7.575   240.5330     2.9195     2.2062     0.0235      0.001     -0.050     -0.072        178 9.5103e+02 0.0000e+00
     -0.051    24.2545     9.8500    116.919  34.560405     35.098      7.570   240.7223     2.9276     2.1390     0.0235      0.001     -0.050     -0.072        179 9.6815e+02 0.0000e+00
     -0.050    24.2529     9.9015    117.521  34.600109     35.097      7.565   240.6845     2.8953     2.0450     0.0235      0.001     -0.048     -0.069        180 9.4614e+02 0.0000e+00
     -0.046    24.2177     9.8019    116.332  34.484020     35.040      7.561   240.3816     2.9721     2.1390     0.0235      0.002     -0.044     -0.063        181 9.8860e+02 0.0000e+00
     -0.038    24.1379     9.6426    114.448  33.696582     34.190      7.550   239.5866     2.9923     2.1524     0.0231      0.005     -0.036     -0.052        182 9.2687e+02 0.0000e+00
     -0.026    24.0682     9.4881    112.628  32.822131     33.333      7.558   240.4573     2.9842     2.1390     0.0228      0.010     -0.026     -0.038        183 5.6431e+02 0.0000e+00
     -0.016    24.0309     9.3634    111.146  32.577156     33.133      7.570   240.5709     2.9640     2.1390     0.0227      0.016     -0.016     -0.024        184 6.1192e+02 0.0000e+00
     -0.007    24.0072     9.2654    109.971  32.607738     33.237      7.595   240.0409     2.8144     2.0719     0.0227      0.022     -0.007     -0.010        185 7.3016e+02 0.0000e+00
      0.001    23.9885     9.1946    109.118  32.576524     33.205      7.617   240.4573     2.8023     2.1390     0.0227      0.028      0.000      0.001        186 5.9100e+02 0.0000e+00
      0.006    23.9718     9.1495    108.563  32.497405     33.164      7.633   240.4573     2.8063     2.2464     0.0226      0.031      0.008      0.011        187 6.0486e+02 0.0000e+00
      0.017    23.9585     9.1145    108.129  32.409680     33.063      7.666   239.8516     2.8225     2.1390     0.0226      0.034      0.018      0.026        188 5.9358e+02 0.0000e+00
      0.033    23.9511     9.0813    107.723  32.389173     33.074      7.684   240.2302     2.9317     2.1659     0.0226      0.037      0.031      0.045        189 5.7454e+02 0.0000e+00
      0.042    23.9466     9.0413    107.241  32.404321     33.083      7.689   239.9652     2.9195     2.0853     0.0226      0.038      0.041      0.060        190 5.7737e+02 0.0000e+00
      0.051    23.9434     9.0134    106.905  32.450141     33.145      7.700   240.1923     2.9276     2.1927     0.0226      0.038      0.049      0.071        191 4.9400e+02 0.0000e+00
      0.057    23.9466     8.9816    106.530  32.510073     33.205      7.695   239.2459     2.9640     2.1256     0.0226      0.038      0.058      0.083        192 4.6126e+02 0.0000e+00
      0.068    23.9529     8.9621    106.302  32.626272     33.322      7.710   239.6623     2.9883     2.1390     0.0227      0.038      0.071      0.103        193 4.6642e+02 0.0000e+00
      0.092    23.9520     8.9474    106.134  32.779990     33.491      7.721   239.3595     2.9964     2.1390     0.0228      0.042      0.089      0.129        194 5.0810e+02 0.0000e+00
      0.113    23.9464     8.9508    106.179  32.674615     33.372      7.663   239.6245     2.9721     2.0450     0.0227      0.048      0.107      0.154        195 4.9701e+02 0.0000e+00
      0.120    23.9403     8.9542    106.221  32.520181     33.201      7.635   239.7380     2.9640     2.0450     0.0226      0.050      0.121      0.174        196 4.9900e+02 0.0000e+00
      0.137    23.9310     8.9634    106.332  32.557033     33.262      7.654   239.3595     2.9721     2.0987     0.0227      0.053      0.136      0.198        197 5.0638e+02 0.0000e+00
      0.161    23.9217     8.9635    106.327  32.450834     33.152      7.676   239.6623     3.0570     2.0987     0.0226      0.059      0.156      0.227        198 4.9423e+02 0.0000e+00
      0.180    23.9159     8.9578    106.260  32.326161     33.016      7.700   239.4730     3.0489     2.0987     0.0226      0.065      0.176      0.255        199 5.2289e+02 0.0000e+00
      0.195    23.9117     8.9543    106.224  32.386006     33.108      7.702   239.4730     3.0651     2.0584     0.0226      0.069      0.192      0.278        200 4.7419e+02 0.0000e+00
      0.210    23.9095     8.9517    106.191  32.346709     33.055      7.708   239.5109     3.0692     2.1390     0.0226      0.069      0.208      0.302        201 5.2698e+02 0.0000e+00
      0.233    23.9103     8.9481    106.147  32.315762     33.029      7.717   240.0030     3.4533     1.9107     0.0226      0.069      0.227      0.329        202 4.3940e+02 0.0000e+00
      0.251    23.9121     8.9366    106.003  32.305906     33.030      7.727   240.3059     3.4573     1.9376     0.0226      0.070      0.245      0.356        203 4.0814e+02 0.0000e+00
      0.267    23.9150     8.9361    105.979  32.329321     33.030      7.736   240.9495     3.4290     1.8436     0.0226      0.072      0.261      0.379        204 3.8211e+02 0.0000e+00
      0.282    23.9173     8.9413    106.026  32.434890     33.172      7.747   241.1009     3.4493     2.0047     0.0226      0.070      0.276      0.401        205 3.2118e+02 0.0000e+00
      0.297    23.9187     8.9518    106.135  32.471059     33.169      7.757   241.7445     3.2592     2.1122     0.0226      0.068      0.292      0.423        206 4.1117e+02 0.0000e+00
      0.313    23.9186     8.9544    106.156  32.610493     33.339      7.770   241.8959     3.2552     2.1659     0.0227      0.066      0.308      0.446        207 3.7658e+02 0.0000e+00
      0.331    23.9162     8.9473    106.066  32.557898     33.281      7.774   242.5016     3.2066     2.0316     0.0227      0.066      0.324      0.471        208 3.5904e+02 0.0000e+00
      0.349    23.9165     8.9424    106.003  32.595819     33.281      7.779   243.2966     3.2471     2.1927     0.0227      0.066      0.342      0.497        209 3.4465e+02 0.0000e+00
      0.369    23.9188     8.9396    105.968  32.948801     33.711      7.775   244.4323     3.2592     2.1256     0.0228      0.065      0.361      0.523        210 3.4082e+02 0.0000e+00
      0.385    23.9182     8.9378    105.943  32.948921     33.654      7.768   244.6973     3.2511     2.1256     0.0228      0.066      0.377      0.547        211 3.6466e+02 0.0000e+00
      0.400    23.9171     8.9239    105.774  32.862552     33.595      7.766   245.4166     3.2471     2.1659     0.0228      0.067      0.393      0.570        212 3.3348e+02 0.0000e+00
      0.418    23.9131     8.9044    105.537  32.937671     33.653      7.771   244.8488     3.2390     2.0450     0.0228      0.068      0.410      0.595        213 3.3814e+02 0.0000e+00
      0.439    23.9050     8.8938    105.409  32.914745     33.654      7.778   245.6816     3.5746     2.0450     0.0228      0.069      0.429      0.623        214 3.5671e+02 0.0000e+00
      0.456    23.8972     8.8764    105.202  32.624201     33.342      7.779   245.7195     3.5544     2.1927     0.0227      0.069      0.448      0.650        215 3.2685e+02 0.0000e+00
      0.475    23.8898     8.8657    105.077  32.320684     33.034      7.783   246.1738     3.5908     2.1793     0.0226      0.070      0.467      0.677        216 3.3112e+02 0.0000e+00
      0.496    23.8844     8.8503    104.892  32.254603     32.981      7.783   246.6659     3.5584     2.0584     0.0225      0.071      0.486      0.705        217 3.2343e+02 0.0000e+00
      0.514    23.8812     8.8460    104.840  32.261643     32.987      7.780   246.7795     3.5746     2.0450     0.0225      0.072      0.503      0.730        218 3.1626e+02 0.0000e+00
      0.529    23.8790     8.8507    104.895  32.282272     33.019      7.776   247.0823     3.4897     2.1122     0.0225      0.073      0.518      0.751        219 3.3765e+02 0.0000e+00
      0.540    23.8778     8.8741    105.171  32.258586     32.992      7.768   247.3095     3.5018     2.1659     0.0225      0.071      0.530      0.770        220 3.0340e+02 0.0000e+00
      0.553    23.8761     8.8947    105.416  32.261468     32.994      7.770   247.0445     3.5220     2.1390     0.0225      0.067      0.544      0.790        221 2.8180e+02 0.0000e+00
      0.573    23.8738     8.9181    105.693  32.249034     32.995      7.771   247.8016     3.4897     2.0316     0.0225      0.065      0.561      0.815        222 2.7877e+02 0.0000e+00
      0.592    23.8716     8.9378    105.926  32.214755     32.939      7.769   248.1045     3.7081     1.9376     0.0225      0.064      0.581      0.842        223 2.8390e+02 0.0000e+00
      0.612    23.8703     8.9504    106.075  32.244822     32.997      7.776   248.4073     3.7000     1.9107     0.0225      0.064      0.601      0.871        224 2.9684e+02 0.0000e+00
      0.635    23.8700     8.9522    106.096  32.241270     32.970      7.774   249.0509     3.7040     1.8705     0.0225      0.066      0.621      0.900        225 2.9429e+02 0.0000e+00
      0.651    23.8700     8.9542    106.118  32.248830     33.000      7.774   248.5588     3.6878     1.8839     0.0225      0.068      0.638      0.925        226 2.8925e+02 0.0000e+00
      0.667    23.8693     8.9537    106.110  32.205761     32.943      7.782   249.0888     3.7970     2.0719     0.0225      0.071      0.654      0.949        227 2.7434e+02 0.0000e+00
      0.684    23.8689     8.9418    105.963  32.205909     32.943      7.781   249.2781     3.8091     2.1256     0.0225      0.073      0.670      0.972        228 2.6261e+02 0.0000e+00
      0.698    23.8686     8.9387    105.922  32.248647     33.000      7.786   249.5431     3.8496     2.0719     0.0225      0.072      0.686      0.994        229 2.5288e+02 0.0000e+00
      0.716    23.8680     8.9288    105.801  32.211881     32.943      7.788   250.1866     3.8374     2.0316     0.0225      0.070      0.703      1.019        230 2.6384e+02 0.0000e+00
      0.735    23.8679     8.9121    105.600  32.222009     32.972      7.789   249.9973     3.7768     2.1390     0.0225      0.068      0.723      1.048        231 2.4787e+02 0.0000e+00
      0.762    23.8677     8.8968    105.417  32.265695     33.001      7.788   250.2245     3.7687     2.0316     0.0225      0.069      0.746      1.081        232 2.3605e+02 0.0000e+00
      0.783    23.8674     8.8753    105.160  32.246475     33.001      7.783   250.1109     3.7485     2.2464     0.0225      0.072      0.766      1.111        233 2.3640e+02 0.0000e+00
      0.797    23.8673     8.8587    104.962  32.216278     32.944      7.785   250.2623     3.7606     2.1122     0.0225      0.074      0.781      1.132        234 2.3033e+02 0.0000e+00
      0.808    23.8670     8.8454    104.804  32.243970     33.002      7.782   250.7545     3.6919     2.0719     0.0225      0.073      0.792      1.150        235 2.4401e+02 0.0000e+00
      0.819    23.8667     8.8390    104.726  32.271319     33.002      7.786   250.1109     3.7081     2.1659     0.0225      0.071      0.806      1.170        236 2.4362e+02 0.0000e+00
      0.841    23.8653     8.8380    104.713  32.271203     33.030      7.781   251.3981     3.6717     2.1390     0.0225      0.069      0.824      1.195        237 2.4615e+02 0.0000e+00
      0.860    23.8627     8.8362    104.691  32.214462     32.945      7.771   251.3223     3.6878     2.1927     0.0225      0.067      0.841      1.220        238 2.2802e+02 0.0000e+00
      0.872    23.8600     8.8407    104.744  32.193667     32.946      7.763   251.2466     3.6757     2.0853     0.0225      0.064      0.857      1.243        239 2.0630e+02 0.0000e+00
      0.891    23.8583     8.8447    104.790  32.208124     32.948      7.767   251.4738     3.6676     2.1122     0.0225      0.061      0.878      1.272        240 2.0754e+02 0.0000e+00
      0.922    23.8568     8.8471    104.818  32.196473     32.949      7.765   251.4359     3.6838     2.1122     0.0225      0.066      0.903      1.310        241 2.0852e+02 0.0000e+00
      0.950    23.8555     8.8412    104.748  32.208168     32.951      7.763   252.3445     3.6959     2.1793     0.0225      0.074      0.927      1.344        242 2.0639e+02 0.0000e+00
      0.960    23.8548     8.8435    104.775  32.223222     32.980      7.747   252.1931     3.7000     2.1659     0.0225      0.078      0.942      1.365        243 2.0053e+02 0.0000e+00
      0.971    23.8544     8.8406    104.739  32.207392     32.953      7.744   252.4202     3.7121     1.9645     0.0225      0.078      0.955      1.383        244 2.0276e+02 0.0000e+00
      0.989    23.8537     8.8375    104.701  32.198216     32.953      7.742   252.3066     3.7000     1.8839     0.0225      0.076      0.970      1.405        245 2.1031e+02 0.0000e+00
      1.004    23.8528     8.8331    104.649  32.204989     32.953      7.746   251.9659     3.6838     1.8705     0.0225      0.074      0.985      1.428        246 2.0430e+02 0.0000e+00
      1.020    23.8523     8.8302    104.615  32.198964     32.954      7.748   252.3066     3.7283     1.9645     0.0225      0.071      0.999      1.449        247 1.9248e+02 0.0000e+00
      1.032    23.8519     8.8361    104.685  32.205714     32.954      7.754   252.6473     3.7566     2.2330     0.0225      0.065      1.012      1.467        248 1.8436e+02 0.0000e+00
      1.043    23.8514     8.8388    104.716  32.226242     32.983      7.755   252.8366     3.7566     2.1659     0.0225      0.058      1.024      1.485        249 1.8181e+02 0.0000e+00
      1.057    23.8511     8.8465    104.807  32.203071     32.955      7.760   253.0259     3.7606     2.1122     0.0225      0.054      1.038      1.505        250 1.8408e+02 0.0000e+00
      1.074    23.8510     8.8617    104.984  32.145592     32.898      7.765   253.2909     3.7444     2.0450     0.0225      0.056      1.054      1.528        251 1.8229e+02 0.0000e+00
      1.093    23.8508     8.8755    105.145  32.149511     32.898      7.767   253.3666     4.1488     1.8973     0.0225      0.057      1.071      1.555        252 1.7490e+02 0.0000e+00
      1.113    23.8503     8.8880    105.292  32.198194     32.956      7.767   253.4424     4.1488     1.9242     0.0225      0.058      1.091      1.583        253 1.6840e+02 0.0000e+00
      1.134    23.8496     8.8924    105.343  32.203617     32.956      7.758   253.8209     4.1245     1.8705     0.0225      0.062      1.109      1.609        254 1.6548e+02 0.0000e+00
      1.146    23.8491     8.8941    105.363  32.231722     32.985      7.746   253.6316     4.1448     1.8436     0.0225      0.064      1.124      1.630        255 1.6317e+02 0.0000e+00
