Data/DataNotYetUploadedToEDI/Raw_CTD/RawDownloads/062819_shr50.cnv
* Sea-Bird SBE19plus  Data File:
* FileName = C:\DATA\062819_ccr50_0004.hex
* Software version 2.8.0.119
* Temperature SN = 7809
* Conductivity SN = 7809
* System UpLoad Time = Jun 28 2019 15:15:57
* <ApplicationData>
* <Seaterm232>
# nquan = 18
# nvalues = 3854                        
# units = specified
# name 0 = depFM: Depth [fresh water, m]
# name 1 = tv290C: Temperature [ITS-90, deg C]
# name 2 = sbeox0Mg/L: Oxygen, SBE 43 [mg/l]
# name 3 = sbeox0PS: Oxygen, SBE 43 [% saturation]
# name 4 = c0uS/cm: Conductivity [uS/cm]
# name 5 = specc: Specific Conductance [uS/cm]
# name 6 = ph: pH
# name 7 = orp: Oxidation Reduction Potential [mV]
# name 8 = flECO-AFL: Fluorescence, WET Labs ECO-AFL/FL [mg/m^3]
# name 9 = turbWETntu0: Turbidity, WET Labs ECO [NTU]
# name 10 = sal00: Salinity, Practical [PSU]
# name 11 = dz/dtM: Descent Rate [m/s]
# name 12 = prdM: Pressure, Strain Gauge [db]
# name 13 = prdE: Pressure, Strain Gauge [psi]
# name 14 = scan: Scan Count
# name 15 = par/sat/log: PAR/Logarithmic, Satlantic
# name 16 = density00: Density [density, kg/m^3]
# name 17 = flag:  0.000e+00
# span 0 =     -0.429,     63.042       
# span 1 =     6.6044,    33.6155       
# span 2 =     4.2490,    15.7198       
# span 3 =     55.081,    173.362       
# span 4 =   0.578326, 320.044703       
# span 5 =      0.776,    322.123       
# span 6 =      5.890,      8.192       
# span 7 =   -70.1993,  1240.2295       
# span 8 =    -0.1674,     1.3928       
# span 9 =    -0.6863,    12.6087       
# span 10 =     0.0146,     0.1526      
# span 11 =     -0.090,      0.364      
# span 12 =     -0.420,     61.821      
# span 13 =     -0.610,     89.664      
# span 14 =          1,       3854      
# span 15 = 1.2156e-01, 7.1064e+02      
# span 16 =   994.5088,  1000.3370      
# span 17 = 0.0000e+00, 0.0000e+00      
# interval = seconds: 0.25
# start_time = Jun 28 2019 13:30:41 [Instrument's time stamp, header]
# bad_flag = -9.990e-29
*END*
[from data line 242]
      0.062    27.9146     8.3088    106.024 310.610253    293.360      7.269   208.5437     0.1187    -0.1672     0.1418      0.001      0.061      0.089        243 6.6651e+02   996.3610 0.0000e+00
      0.063    27.8990     8.3128    106.070 310.394087    293.168      7.269   208.4679     0.1340    -0.1240     0.1417      0.001      0.061      0.089        244 6.6687e+02   996.3621 0.0000e+00
      0.063    27.8910     8.3105    106.036 310.335674    293.204      7.265   208.9222     0.1149    -0.1672     0.1417      0.002      0.061      0.089        245 6.6771e+02   996.3666 0.0000e+00
      0.062    27.8886     8.3096    106.021 310.382656    293.342      7.263   209.6415     0.0996    -0.4268     0.1418      0.002      0.061      0.089        246 6.6837e+02   996.3710 0.0000e+00
      0.062    27.8871     8.3244    106.204 310.395745    293.387      7.263   209.1115     0.1301    -0.3114     0.1418      0.002      0.061      0.089        247 6.6851e+02   996.3733 0.0000e+00
      0.063    27.8849     8.3315    106.285 310.319421    293.345      7.264   209.2251     0.1111    -0.3691     0.1418      0.001      0.061      0.089        248 6.6953e+02   996.3739 0.0000e+00
      0.063    27.8818     8.3403    106.401 310.237381    293.247      7.268   210.0201     0.1378    -0.3258     0.1417      0.001      0.061      0.089        249 6.7059e+02   996.3743 0.0000e+00
      0.063    27.8800     8.3255    106.222 310.317647    293.366      7.271   210.2472     0.1225    -0.1816     0.1418      0.000      0.061      0.089        250 6.7175e+02   996.3750 0.0000e+00
      0.062    27.8839     8.3181    106.140 310.339678    293.383      7.278   210.1715     0.1416    -0.1528     0.1418     -0.000      0.061      0.088        251 6.7238e+02   996.3759 0.0000e+00
      0.062    27.8891     8.3102    106.050 310.390180    293.448      7.282   209.9065     0.1530    -0.1816     0.1418     -0.000      0.061      0.088        252 6.7168e+02   996.3765 0.0000e+00
      0.062    27.8903     8.3039    105.980 310.435009    293.479      7.283   210.1715     0.1454    -0.1240     0.1418     -0.000      0.061      0.089        253 6.7202e+02   996.3753 0.0000e+00
      0.063    27.8881     8.2935    105.855 310.404015    293.397      7.288   210.3987     0.1301    -0.0807     0.1418     -0.000      0.061      0.089        254 6.7271e+02   996.3738 0.0000e+00
      0.062    27.8854     8.2779    105.670 310.428732    293.443      7.288   210.9287     0.1111    -0.1240     0.1418     -0.000      0.061      0.089        255 6.7234e+02   996.3735 0.0000e+00
      0.062    27.8836     8.2716    105.590 310.404241    293.402      7.293   210.8151     0.1111    -0.1672     0.1418     -0.000      0.061      0.089        256 6.7278e+02   996.3741 0.0000e+00
      0.062    27.8797     8.2715    105.583 310.374433    293.416      7.295   210.9665     0.1149    -0.2105     0.1418     -0.000      0.061      0.089        257 6.7356e+02   996.3748 0.0000e+00
      0.063    27.8757     8.2676    105.531 310.345701    293.374      7.295   210.6637     0.1149    -0.2105     0.1418      0.000      0.062      0.090        258 6.7338e+02   996.3754 0.0000e+00
      0.063    27.8769     8.2609    105.450 310.319871    293.394      7.304   210.7772     0.1187    -0.1816     0.1418      0.000      0.062      0.090        259 6.7377e+02   996.3765 0.0000e+00
      0.063    27.8824     8.2562    105.390 310.346525    293.419      7.306   211.3451     0.1378    -0.1528     0.1418      0.001      0.062      0.090        260 6.7553e+02   996.3776 0.0000e+00
      0.063    27.8890     8.2433    105.224 310.432679    293.517      7.306   211.3829     0.1492    -0.1384     0.1418      0.000      0.062      0.090        261 6.7736e+02   996.3773 0.0000e+00
      0.063    27.8951     8.2142    104.851 310.452924    293.488      7.310   210.9665     0.1378    -0.1384     0.1418      0.000      0.061      0.089        262 6.7893e+02   996.3758 0.0000e+00
      0.061    27.8999     8.1880    104.515 310.501517    293.503      7.313   210.4744     0.1111    -0.1240     0.1418     -0.000      0.060      0.087        263 6.8023e+02   996.3739 0.0000e+00
      0.061    27.9051     8.1637    104.201 310.552385    293.525      7.315   210.7772     0.1454    -0.2105     0.1418     -0.001      0.060      0.087        264 6.8101e+02   996.3721 0.0000e+00
      0.062    27.9115     8.1504    104.021 310.569800    293.495      7.319   209.4522     0.1073    -0.2105     0.1418     -0.001      0.060      0.088        265 6.8138e+02   996.3708 0.0000e+00
      0.062    27.9123     8.1507    104.016 310.599960    293.524      7.320   210.2472     0.1530    -0.1095     0.1418     -0.001      0.060      0.088        266 6.8131e+02   996.3693 0.0000e+00
      0.062    27.9089     8.1503    104.001 310.574897    293.430      7.324   211.0422     0.1340    -0.1816     0.1418     -0.001      0.060      0.088        267 6.8172e+02   996.3675 0.0000e+00
      0.062    27.9086     8.1432    103.904 310.600969    293.482      7.327   210.7394     0.1340    -0.1672     0.1418     -0.001      0.060      0.088        268 6.8305e+02   996.3672 0.0000e+00
      0.062    27.9100     8.1182    103.590 310.627580    293.501      7.326   210.8151     0.1492    -0.1240     0.1418     -0.000      0.061      0.089        269 6.8385e+02   996.3682 0.0000e+00
      0.063    27.9104     8.0924    103.276 310.601858    293.503      7.333   211.7994     0.1225    -0.1384     0.1418      0.001      0.062      0.090        270 6.8447e+02   996.3684 0.0000e+00
      0.066    27.9097     8.0745    103.063 310.572912    293.441      7.330   211.8372     0.1416    -0.0519     0.1418      0.002      0.064      0.093        271 6.8493e+02   996.3680 0.0000e+00
      0.067    27.9088     8.0428    102.666 310.543461    293.438      7.335   211.3829     0.1416    -0.1528     0.1418      0.003      0.065      0.095        272 6.8547e+02   996.3678 0.0000e+00
      0.067    27.9083     7.9899    101.990 310.518371    293.389      7.338   212.1401     0.0729    -0.1240     0.1418      0.003      0.065      0.095        273 6.8615e+02   996.3680 0.0000e+00
      0.066    27.9061     7.9042    100.892 310.544070    293.448      7.337   212.0265     0.1378    -0.2682     0.1418      0.003      0.065      0.094        274 6.8658e+02   996.3683 0.0000e+00
      0.065    27.9009     7.8374    100.041 310.511481    293.397      7.342   212.5187     0.1263    -0.1528     0.1418      0.003      0.064      0.092        275 6.8697e+02   996.3684 0.0000e+00
      0.065    27.8956     7.7830     99.353 310.498860    293.409      7.343   219.9765     0.1187    -0.1240     0.1418      0.002      0.063      0.091        276 6.8693e+02   996.3691 0.0000e+00
      0.062    27.8907     7.7511     98.952 310.499718    293.439      7.343   221.3015     0.1568    -0.0951     0.1418      0.000      0.059      0.087        277 6.8979e+02   996.3705 0.0000e+00
      0.055    27.8871     7.7341     98.743 310.450366    293.414      7.344   220.2037     0.0805    -0.1528     0.1418     -0.003      0.054      0.078        278 6.9190e+02   996.3720 0.0000e+00
      0.047    27.8894     7.7613     99.097 310.440162    293.442      7.345   222.1723     0.0653    -0.0519     0.1418     -0.008      0.047      0.068        279 6.9233e+02   996.3734 0.0000e+00
      0.042    27.8979     7.7966     99.551 310.452365    293.462      7.347   223.6487     0.0615    -0.2682     0.1418     -0.012      0.042      0.061        280 6.9416e+02   996.3743 0.0000e+00
      0.039    27.9061     7.8299     99.975 310.555328    293.556      7.349   222.9294     0.0462    -0.1816     0.1419     -0.015      0.039      0.056        281 6.9435e+02   996.3737 0.0000e+00
      0.037    27.9101     7.8427    100.138 310.612363    293.562      7.351   221.9073     0.1187    -0.1528     0.1419     -0.016      0.037      0.054        282 6.9461e+02   996.3713 0.0000e+00
      0.038    27.9098     7.8715    100.509 310.561564    293.462      7.351   220.8094     0.0882    -0.1961     0.1418     -0.016      0.037      0.054        283 6.9671e+02   996.3689 0.0000e+00
      0.039    27.9075     7.9029    100.914 310.498376    293.387      7.356   220.3173     0.1378    -0.1095     0.1418     -0.014      0.038      0.055        284 6.9843e+02   996.3678 0.0000e+00
      0.040    27.9088     7.9345    101.316 310.450704    293.334      7.356   221.7180     0.0958    -0.1672     0.1418     -0.011      0.039      0.057        285 6.9900e+02   996.3679 0.0000e+00
      0.042    27.9119     7.9736    101.820 310.500752    293.403      7.356   220.3930     0.1034    -0.1528     0.1418     -0.005      0.042      0.060        286 6.9919e+02   996.3686 0.0000e+00
      0.046    27.9158     7.9905    102.051 310.556236    293.448      7.360   220.1280     0.1378    -0.2105     0.1418     -0.000      0.045      0.065        287 7.0043e+02   996.3683 0.0000e+00
      0.050    27.9209     8.0015    102.194 310.621928    293.484      7.362   219.7494     0.1530    -0.0807     0.1418      0.004      0.049      0.071        288 7.0211e+02   996.3674 0.0000e+00
      0.053    27.9244     8.0229    102.452 310.659264    293.516      7.364   219.5980     0.1263    -0.1095     0.1418      0.007      0.053      0.077        289 7.0189e+02   996.3663 0.0000e+00
      0.059    27.9259     8.0415    102.678 310.629894    293.434      7.366   219.7873     0.1187    -0.1816     0.1418      0.010      0.058      0.084        290 7.0229e+02   996.3648 0.0000e+00
      0.066    27.9254     8.0403    102.675 310.658459    293.468      7.368   220.5444     0.1111    -0.1961     0.1418      0.013      0.064      0.093        291 7.0306e+02   996.3638 0.0000e+00
      0.072    27.9247     8.0052    102.240 310.623701    293.407      7.369   219.0680     0.1301    -0.2105     0.1418      0.016      0.071      0.103        292 7.0317e+02   996.3634 0.0000e+00
      0.080    27.9269     7.9733    101.838 310.613075    293.409      7.368   220.5065     0.1416    -0.1384     0.1418      0.019      0.077      0.112        293 7.0424e+02   996.3636 0.0000e+00
      0.084    27.9291     7.9516    101.565 310.671684    293.467      7.368   220.5444     0.1340    -0.1816     0.1418      0.021      0.082      0.119        294 7.0591e+02   996.3639 0.0000e+00
      0.088    27.9285     7.9490    101.535 310.670903    293.455      7.371   221.4530     0.1530    -0.1240     0.1418      0.022      0.088      0.127        295 7.0769e+02   996.3632 0.0000e+00
      0.098    27.9316     7.9435    101.466 310.674111    293.442      7.372   221.2258     0.1149    -0.0374     0.1418      0.024      0.095      0.138        296 7.0702e+02   996.3626 0.0000e+00
      0.105    27.9390     7.9532    101.589 310.727756    293.499      7.372   220.8094     0.0958    -0.1240     0.1418      0.025      0.102      0.148        297 7.0610e+02   996.3629 0.0000e+00
      0.108    27.9406     7.9761    101.883 310.784349    293.536      7.377   220.2794     0.1263    -0.4556     0.1419      0.025      0.106      0.154        298 7.0755e+02   996.3621 0.0000e+00
      0.111    27.9320     7.9825    101.972 310.783877    293.494      7.379   219.8630     0.1187    -0.4268     0.1418      0.023      0.109      0.158        299 7.0765e+02   996.3599 0.0000e+00
      0.115    27.9264     7.9882    102.051 310.698286    293.404      7.379   221.0365     0.1149    -0.4268     0.1418      0.022      0.112      0.161        300 7.0743e+02   996.3595 0.0000e+00
      0.115    27.9328     7.9845    102.007 310.680620    293.425      7.383   221.1123     0.0958    -0.3835     0.1418      0.019      0.110      0.160        301 7.0861e+02   996.3619 0.0000e+00
      0.107    27.9402     7.9483    101.546 310.715783    293.513      7.380   220.3930     0.1149    -0.2393     0.1418      0.014      0.103      0.150        302 7.0925e+02   996.3634 0.0000e+00
      0.094    27.9430     7.8949    100.866 310.744645    293.474      7.385   219.2573     0.1187    -0.1384     0.1418      0.005      0.094      0.137        303 7.0940e+02   996.3615 0.0000e+00
      0.089    27.9454     7.8582    100.395 310.764821    293.488      7.389   219.1437     0.1530    -0.0807     0.1418     -0.004      0.088      0.128        304 7.0924e+02   996.3595 0.0000e+00
      0.087    27.9477     7.8533    100.326 310.720682    293.391      7.392   220.8094     0.1225    -0.1672     0.1418     -0.011      0.085      0.123        305 7.0994e+02   996.3586 0.0000e+00
      0.085    27.9480     7.8695    100.526 310.769524    293.458      7.395   219.4465     0.1378    -0.3547     0.1418     -0.015      0.084      0.121        306 7.1064e+02   996.3580 0.0000e+00
      0.085    27.9473     7.8923    100.813 310.794131    293.445      7.399   219.2951     0.1149    -0.4124     0.1418     -0.018      0.083      0.120        307 7.0950e+02   996.3573 0.0000e+00
      0.084    27.9485     7.9157    101.110 310.780155    293.445      7.400   219.2573     0.1187    -0.4845     0.1418     -0.017      0.082      0.119        308 7.0762e+02   996.3573 0.0000e+00
      0.082    27.9523     7.9517    101.567 310.786914    293.448      7.402   219.4844     0.1340    -0.3835     0.1418     -0.015      0.082      0.118        309 7.0539e+02   996.3574 0.0000e+00
      0.083    27.9560     7.9816    101.941 310.785721    293.442      7.404   220.4687     0.1111    -0.3403     0.1418     -0.009      0.082      0.119        310 7.0309e+02   996.3570 0.0000e+00
      0.084    27.9574     8.0035    102.219 310.781636    293.420      7.407   220.3930     0.1301    -0.3835     0.1418     -0.005      0.082      0.119        311 7.0082e+02   996.3560 0.0000e+00
      0.083    27.9583     7.9925    102.084 310.761950    293.373      7.410   219.7873     0.1111    -0.4412     0.1418     -0.003      0.082      0.119        312 6.9955e+02   996.3549 0.0000e+00
      0.083    27.9593     7.9690    101.796 310.780170    293.392      7.414   220.6201     0.1187    -0.4268     0.1418     -0.002      0.082      0.120        313 6.9875e+02   996.3545 0.0000e+00
      0.085    27.9581     7.9478    101.535 310.788987    293.387      7.414   220.5065     0.1263    -0.0951     0.1418     -0.000      0.083      0.121        314 6.9766e+02   996.3543 0.0000e+00
      0.087    27.9546     7.9302    101.311 310.781008    293.382      7.417   214.6387     0.1111    -0.1672     0.1418      0.001      0.085      0.124        315 6.9804e+02   996.3540 0.0000e+00
      0.089    27.9514     7.9312    101.323 310.790099    293.388      7.418   218.7651     0.1301    -0.1384     0.1418      0.003      0.087      0.126        316 6.9907e+02   996.3543 0.0000e+00
      0.089    27.9490     7.9491    101.545 310.777680    293.407      7.420   220.8851     0.1149    -0.1384     0.1418      0.004      0.087      0.127        317 7.0052e+02   996.3553 0.0000e+00
      0.088    27.9476     7.9828    101.965 310.766440    293.398      7.424   220.2415     0.1263    -0.4556     0.1418      0.003      0.086      0.126        318 7.0232e+02   996.3562 0.0000e+00
      0.087    27.9456     8.0201    102.426 310.774063    293.439      7.426   220.9987     0.1263    -0.4268     0.1418      0.003      0.086      0.125        319 7.0180e+02   996.3570 0.0000e+00
      0.088    27.9418     8.0529    102.837 310.738168    293.393      7.428   221.3773     0.1530    -0.4556     0.1418      0.003      0.086      0.125        320 6.9860e+02   996.3573 0.0000e+00
      0.088    27.9403     8.0564    102.876 310.721015    293.404      7.430   220.4687     0.1378    -0.3403     0.1418      0.002      0.087      0.126        321 6.9718e+02   996.3579 0.0000e+00
