Data/DataNotYetUploadedToEDI/Raw_CTD/RawDownloads/062820_fcr50_0002_0003.cnv
* Sea-Bird SBE19plus  Data File:
* FileName = C:\DATA\062820_fcr50_0002_0003.hex
* Software version 2.8.0.119 SB_Terminal.dll
* Temperature SN = 7809
* Conductivity SN = 7809
* System UpLoad Time = Jun 28 2020 23:09:20
* <ApplicationData>
* <Seaterm232>
# nquan = 16
# nvalues = 4854                        
# units = specified
# name 0 = depFM: Depth [fresh water, m]
# name 1 = dz/dtM: Descent Rate [m/s]
# name 2 = sbeox0ML/L: Oxygen, SBE 43 [ml/l]
# name 3 = sbeox0PS: Oxygen, SBE 43 [% saturation]
# name 4 = specc: Specific Conductance [uS/cm]
# name 5 = c0uS/cm: Conductivity [uS/cm]
# name 6 = flECO-AFL: Fluorescence, WET Labs ECO-AFL/FL [mg/m^3]
# name 7 = ph: pH
# name 8 = orp: Oxidation Reduction Potential [mV]
# name 9 = par/sat/log: PAR/Logarithmic, Satlantic
# name 10 = turbWETntu0: Turbidity, WET Labs ECO [NTU]
# name 11 = prdM: Pressure, Strain Gauge [db]
# name 12 = prdE: Pressure, Strain Gauge [psi]
# name 13 = tv290C: Temperature [ITS-90, deg C]
# name 14 = density00: Density [density, kg/m^3]
# name 15 = flag:  0.000e+00
# span 0 =     -0.712,      9.629       
# span 1 =     -2.941,      4.097       
# span 2 =     0.0319,     8.1992       
# span 3 =      0.426,    128.528       
# span 4 =      1.280,    100.945       
# span 5 =   1.213912,  68.765149       
# span 6 =    -0.9784,    25.3652       
# span 7 =      6.457,      8.221       
# span 8 =  -148.7963,   856.2995       
# span 9 = 1.2344e-01, 1.2388e-01       
# span 10 =    -0.3465,   343.8442      
# span 11 =     -0.699,      9.442      
# span 12 =     -1.014,     13.695      
# span 13 =     9.0535,    23.4506      
# span 14 =   997.4501,   999.8613      
# span 15 = 0.0000e+00, 0.0000e+00      
# interval = seconds: 0.25
# start_time = Jun 28 2020 09:41:31 [Instrument's time stamp, header]
# bad_flag = -9.990e-29
*END*
     -0.712 -1.006e-08     5.4397     89.843      1.419   1.349387    -0.9459      6.828   348.2415 1.2370e-01     0.2043     -0.698     -1.013    22.5481   997.6511 0.0000e+00
     -0.712 -1.106e-07     5.4407     89.856      1.489   1.415722    -0.9552      6.827   347.1958 1.2366e-01     0.2119     -0.698     -1.013    22.5472   997.6513 0.0000e+00
     -0.712 -2.028e-07     5.4401     89.856      1.568   1.490969    -0.9510      6.826   342.7086 1.2365e-01     0.2218     -0.699     -1.014    22.5462   997.6515 0.0000e+00
     -0.712 -1.106e-07     5.4382     89.843      1.643   1.562358    -0.9427      6.827   364.5388 1.2370e-01     0.2209     -0.698     -1.013    22.5453   997.6517 0.0000e+00
     -0.712 -1.006e-08     5.4392     89.836      1.664   1.582038    -0.9408      6.833   435.3645 1.2375e-01     0.1664     -0.698     -1.012    22.5443   997.6520 0.0000e+00
     -0.712 -9.145e-10     5.4407     89.838      1.752   1.665567    -0.9468      6.838   501.2774 1.2376e-01     0.1122     -0.698     -1.013    22.5431   997.6522 0.0000e+00
     -0.712 -8.310e-11     5.4408     89.839      2.040   1.938801    -0.9388      6.835   523.2471 1.2378e-01     0.1493     -0.699     -1.013    22.5401   997.6529 0.0000e+00
     -0.712 -7.555e-12     5.4402     89.838      2.408   2.288329    -0.9302      6.826   521.4356 1.2378e-01     0.1348     -0.698     -1.013    22.5346   997.6543 0.0000e+00
     -0.712 -6.870e-13     5.4402     89.832      2.600   2.470737    -0.9383      6.817   516.1990 1.2370e-01     0.0052     -0.698     -1.012    22.5287   997.6556 0.0000e+00
     -0.712 -6.245e-14     5.4414     89.835      2.495   2.370434    -0.9419      6.814   531.9467 1.2363e-01    -0.0448     -0.698     -1.012    22.5229   997.6570 0.0000e+00
     -0.712 -5.675e-15     5.4420     89.853      2.333   2.215909    -0.9353      6.815   567.2929 1.2367e-01    -0.0231     -0.698     -1.012    22.5153   997.6588 0.0000e+00
     -0.712 -5.160e-16     5.4432     89.860      2.369   2.249533    -0.9351      6.813   588.1397 1.2373e-01    -0.1092     -0.698     -1.012    22.5066   997.6608 0.0000e+00
     -0.712 -4.691e-17     5.4432     89.861      2.458   2.333510    -0.9392      6.808   592.7385 1.2372e-01    -0.2617     -0.698     -1.012    22.4992   997.6626 0.0000e+00
     -0.712 -4.261e-18     5.4433     89.871      2.403   2.281000    -0.9367      6.804   599.5798 1.2373e-01    -0.2880     -0.698     -1.013    22.4933   997.6640 0.0000e+00
     -0.711 -3.420e-19     5.4465     89.880      2.235   2.121452    -0.9336      6.803   609.5106 1.2376e-01    -0.2559     -0.698     -1.012    22.4879   997.6652 0.0000e+00
     -0.711 4.6745e-19     5.4473     89.873      2.028   1.924850    -0.9299      6.802   615.4144 1.2376e-01    -0.2864     -0.697     -1.011    22.4798   997.6671 0.0000e+00
     -0.711 5.5265e-18     5.4476     89.859      1.834   1.741076    -0.9309      6.800   618.5643 1.2373e-01    -0.3126     -0.698     -1.012    22.4694   997.6695 0.0000e+00
     -0.711 6.0827e-17     5.4500     89.844      1.696   1.609912    -0.9262      6.800   621.8704 1.2369e-01    -0.2984     -0.697     -1.011    22.4602   997.6716 0.0000e+00
     -0.711 6.6910e-16     5.4517     89.823      1.626   1.542598    -0.9108      6.800   624.9299 1.2366e-01    -0.2528     -0.698     -1.012    22.4516   997.6736 0.0000e+00
     -0.711 7.3601e-15     5.4519     89.806      1.579   1.497328    -0.9170      6.800   628.2820 1.2368e-01    -0.1725     -0.697     -1.011    22.4441   997.6753 0.0000e+00
     -0.711 8.0961e-14     5.4511     89.811      1.521   1.442648    -0.9349      6.800   631.6848 1.2374e-01    -0.0826     -0.698     -1.011    22.4380   997.6767 0.0000e+00
     -0.711 8.9057e-13     5.4516     89.821      1.463   1.388254    -0.9357      6.801   634.1521 1.2379e-01    -0.0238     -0.697     -1.012    22.4307   997.6783 0.0000e+00
     -0.711 9.7962e-12     5.4508     89.832      1.419   1.346452    -0.9365      6.802   635.4853 1.2379e-01    -0.0113     -0.696     -1.010    22.4239   997.6799 0.0000e+00
     -0.711 1.0776e-10     5.4491     89.847      1.389   1.317313    -0.9447      6.802   636.9634 1.2377e-01    -0.0342     -0.697     -1.011    22.4196   997.6809 0.0000e+00
     -0.711 1.1853e-09     5.4510     89.852      1.359   1.289335    -0.9402      6.802   638.6882 1.2373e-01    -0.0952     -0.697     -1.011    22.4172   997.6814 0.0000e+00
     -0.711 1.3039e-08     5.4512     89.852      1.330   1.261566    -0.9288      6.803   640.1642 1.2373e-01    -0.1649     -0.697     -1.011    22.4173   997.6813 0.0000e+00
     -0.711 1.4343e-07     5.4513     89.864      1.302   1.234955    -0.9318      6.804   640.1832 1.2378e-01    -0.2242     -0.697     -1.011    22.4186   997.6811 0.0000e+00
     -0.711      0.000     5.4531     89.874      1.287   1.220975    -0.9472      6.806   638.7452 1.2377e-01    -0.2971     -0.697     -1.010    22.4206   997.6807 0.0000e+00
     -0.711      0.000     5.4525     89.865      1.285   1.219235    -0.9531      6.806   638.5222 1.2363e-01    -0.2569     -0.697     -1.011    22.4228   997.6801 0.0000e+00
     -0.711      0.000     5.4518     89.850      1.280   1.213912    -0.9448      6.807   640.2404 1.2358e-01    -0.1161     -0.697     -1.011    22.4249   997.6797 0.0000e+00
     -0.711      0.002     5.4528     89.839      1.285   1.219957    -0.9332      6.811   648.4213 1.2366e-01    -0.0714     -0.697     -1.011    22.4267   997.6793 0.0000e+00
     -0.711      0.008     5.4541     89.844      1.294   1.228981    -0.9273      6.841   723.5839 1.2373e-01    -0.0934     -0.697     -1.011    22.4288   997.6787 0.0000e+00
     -0.711      0.019     5.4524     89.859      1.919   1.829806    -0.9310      6.931   847.3749 1.2379e-01    -0.0733     -0.697     -1.010    22.4296   997.6785 0.0000e+00
     -0.710      0.035     5.4517     89.878      6.746   6.457246    -0.9307      7.091   856.2995 1.2375e-01     0.0003     -0.698     -1.012    22.4319   997.6780 0.0000e+00
     -0.704      0.055     5.4503     89.918     17.598  16.874586    -0.9327      7.327   639.1068 1.2363e-01     0.1441     -0.695     -1.008    22.4312   997.6782 0.0000e+00
     -0.686      0.078     5.4502     89.968     27.588  26.491645    -0.9363      7.593   326.8690 1.2366e-01     1.4591     -0.676     -0.981    22.4360   997.6773 0.0000e+00
     -0.660      0.103     5.4426     90.005     31.176  29.977081    -0.8022      7.818   172.3641 1.2377e-01    16.6553     -0.648     -0.940    22.5270   997.6561 0.0000e+00
     -0.629      0.125     5.4229     90.046     31.461  30.287815    -0.5415      7.975   158.7282 1.2376e-01    44.6258     -0.619     -0.897    22.7125   997.6134 0.0000e+00
     -0.594      0.139     5.4084     90.118     31.513  30.375636    -0.4062      8.077   158.0402 1.2372e-01    60.0077     -0.586     -0.850    22.8854   997.5768 0.0000e+00
     -0.552      0.142     5.4000     90.197     31.498  30.404574    -0.3872      8.142   158.8834 1.2370e-01    62.7637     -0.543     -0.788    23.0004   997.5536 0.0000e+00
     -0.505      0.137     5.3941     90.246     31.435  30.383998    -0.2074      8.184   159.7171 1.2366e-01    77.7432     -0.494     -0.715    23.0758   997.5363 0.0000e+00
     -0.464      0.128     5.3899     90.271     31.402  30.380676     0.4323      8.211   159.8611 1.2366e-01   104.9592     -0.448     -0.651    23.1280   997.5238 0.0000e+00
     -0.435      0.119     5.3893     90.304     31.369  30.364443     1.2533      8.221   159.7636 1.2366e-01   119.7780     -0.424     -0.615    23.1844   997.5106 0.0000e+00
     -0.415      0.110     5.3877     90.394     31.313  30.314629     1.6327      8.218   159.5708 1.2365e-01   120.8889     -0.408     -0.590    23.2615   997.4923 0.0000e+00
     -0.397      0.102     5.3827     90.559     31.284  30.285898     1.6530      8.214   158.9077 1.2369e-01   118.3220     -0.390     -0.566    23.3316   997.4755 0.0000e+00
     -0.373      0.100     5.3795     90.750     31.270  30.270817     1.6122      8.212   158.1979 1.2374e-01    88.6729     -0.371     -0.539    23.3761   997.4649 0.0000e+00
     -0.341      0.105     5.3776     90.961     31.261  30.259170     1.5597      8.207   158.2160 1.2373e-01    34.3200     -0.334     -0.484    23.3998   997.4594 0.0000e+00
     -0.311      0.115     5.3816     91.215     31.277  30.271943     1.5332      8.197   158.6961 1.2366e-01     4.6695     -0.300     -0.435    23.4034   997.4587 0.0000e+00
     -0.287      0.130     5.3942     91.500     31.307  30.298366     1.5202      8.184   159.4430 1.2366e-01     1.9148     -0.285     -0.413    23.3990   997.4597 0.0000e+00
     -0.260      0.148     5.4054     91.817     31.335  30.324888     1.5456      8.168   160.2772 1.2375e-01     1.5626     -0.261     -0.378    23.3975   997.4602 0.0000e+00
     -0.222      0.167     5.4176     92.237     31.349  30.338853     1.6209      8.151   160.3513 1.2380e-01     1.4755     -0.220     -0.318    23.3918   997.4618 0.0000e+00
     -0.176      0.187     5.4341     92.838     31.348  30.340339     1.6683      8.134   159.9946 1.2376e-01     1.4797     -0.176     -0.255    23.3852   997.4636 0.0000e+00
     -0.121      0.206     5.4516     93.590     31.347  30.342855     1.6705      8.116   160.3522 1.2367e-01     1.4757     -0.122     -0.177    23.3828   997.4643 0.0000e+00
     -0.058      0.223     5.4689     94.274     31.369  30.369289     1.7054      8.097   161.1478 1.2363e-01     1.4964     -0.056     -0.080    23.3823   997.4648 0.0000e+00
      0.004      0.238     5.4914     94.633     31.401  30.406189     1.7936      8.075   161.7848 1.2370e-01     1.5924      0.008      0.010    23.3822   997.4651 0.0000e+00
      0.059      0.251     5.5272     94.645     31.398  30.408370     1.8501      8.052   162.4613 1.2376e-01     1.7094      0.057      0.084    23.3846   997.4648 0.0000e+00
      0.117      0.262     5.5758     94.425     31.379  30.395674     1.8547      8.031   163.3046 1.2377e-01     1.7786      0.108      0.158    23.3930   997.4630 0.0000e+00
      0.187      0.275     5.6241     94.030     31.359  30.379565     1.7912      8.007   163.8929 1.2377e-01     1.7423      0.180      0.262    23.4012   997.4614 0.0000e+00
      0.265      0.288     5.6436     93.446     31.317  30.340482     1.6642      7.985   163.9818 1.2371e-01     1.6821      0.263      0.381    23.4089   997.4599 0.0000e+00
      0.341      0.294     5.6393     92.704     31.280  30.303763     1.5980      7.965   164.2080 1.2362e-01     1.6689      0.336      0.486    23.4192   997.4577 0.0000e+00
      0.419      0.293     5.6247     91.925     31.297  30.316232     1.6003      7.944   164.5628 1.2365e-01     1.6519      0.406      0.589    23.4287   997.4557 0.0000e+00
      0.504      0.286     5.6010     91.185     31.354  30.364352     1.5970      7.922   164.6576 1.2370e-01     1.6473      0.497      0.721    23.4336   997.4550 0.0000e+00
      0.580      0.276     5.5667     90.521     31.382  30.378060     1.6053      7.900   164.8391 1.2365e-01     1.6133      0.579      0.839    23.4360   997.4547 0.0000e+00
      0.640      0.266     5.5178     89.944     31.404  30.355073     1.6344      7.880   165.5524 1.2358e-01     1.5153      0.625      0.908    23.4371   997.4546 0.0000e+00
      0.698      0.253     5.4714     89.368     31.471  30.340109     1.6535      7.861   166.6567 1.2356e-01     1.4588      0.678      0.985    23.4294   997.4568 0.0000e+00
      0.766      0.238     5.4286     88.712     31.550  30.323889     1.6740      7.843   167.2638 1.2359e-01     1.4445      0.752      1.091    23.4142   997.4608 0.0000e+00
      0.833      0.226     5.3876     87.953     31.602  30.285717     1.8246      7.827   167.1281 1.2368e-01     1.4800      0.821      1.192    23.4126   997.4616 0.0000e+00
      0.891      0.216     5.3625     87.130     31.660  30.259086     2.1020      7.812   166.8227 1.2369e-01     1.5790      0.877      1.273    23.3525   997.4762 0.0000e+00
      0.939      0.203     5.3455     86.326     31.739  30.255533     2.2611      7.796   166.7548 1.2364e-01     1.6455      0.921      1.335    23.1984   997.5134 0.0000e+00
      0.986      0.187     5.3217     85.561     31.809  30.242647     2.2798      7.780   167.2537 1.2362e-01     1.7007      0.965      1.400    23.0463   997.5498 0.0000e+00
      1.034      0.171     5.2897     84.896     31.875  30.230053     2.3483      7.765   168.0367 1.2362e-01     1.8348      1.016      1.474    22.9107   997.5821 0.0000e+00
      1.078      0.153     5.2500     84.492     31.942  30.230023     2.4875      7.753   168.3067 1.2367e-01     2.0303      1.058      1.535    22.7775   997.6137 0.0000e+00
      1.117      0.130     5.2138     84.373     32.015  30.242201     2.5808      7.745   168.0231 1.2372e-01     2.1762      1.094      1.587    22.6589   997.6416 0.0000e+00
      1.154      0.104     5.1804     84.465     32.089  30.250340     2.5983      7.738   167.7044 1.2367e-01     2.2261      1.135      1.646    22.5341   997.6709 0.0000e+00
      1.180      0.076     5.1457     84.738     32.113  30.201466     2.4994      7.733   167.5512 1.2363e-01     2.1525      1.165      1.688    22.4059   997.7007 0.0000e+00
      1.191      0.051     5.1317     85.108     32.083  30.095246     2.3192      7.728   167.5474 1.2366e-01     1.9730      1.171      1.697    22.3093   997.7230 0.0000e+00
      1.193      0.029     5.1354     85.408     32.042  29.980961     2.2218      7.724   167.7442 1.2368e-01     1.8412      1.170      1.696    22.2282   997.7417 0.0000e+00
      1.193      0.013     5.1488     85.512     32.022  29.898028     2.1994      7.720   167.8656 1.2367e-01     1.8286      1.170      1.697    22.1368   997.7626 0.0000e+00
      1.193      0.004     5.1791     85.462     32.021  29.853689     2.1632      7.717   167.8111 1.2367e-01     1.8552      1.170      1.696    22.0230   997.7884 0.0000e+00
      1.192      0.000     5.2185     85.447     32.018  29.825431     2.0984      7.712   167.6878 1.2372e-01     1.8542      1.169      1.696    21.8939   997.8177 0.0000e+00
      1.192     -0.001     5.2532     85.651     32.017  29.810083     2.0554      7.708   167.4933 1.2372e-01     1.8846      1.169      1.695    21.7719   997.8451 0.0000e+00
      1.192      0.000     5.2690     86.090     32.010  29.794973     2.0619      7.704   167.4379 1.2371e-01     1.9140      1.169      1.695    21.6662   997.8688 0.0000e+00
      1.192 -1.817e-08     5.2679     86.611     31.987  29.769606     2.1012      7.699   167.4484 1.2371e-01     1.8322      1.169      1.696    21.5994   997.8837 0.0000e+00
      1.192 -1.999e-07     5.2657     87.084     31.972  29.757117     2.1395      7.694   167.3617 1.2368e-01     1.7191      1.169      1.695    21.5663   997.8911 0.0000e+00
      1.192 -1.999e-07     5.2793     87.449     31.981  29.770854     2.1432      7.689   167.3358 1.2368e-01     1.6803      1.169      1.695    21.5461   997.8955 0.0000e+00
      1.193 -1.815e-08     5.3132     87.643     32.009  29.808830     2.1371      7.685   167.3947 1.2373e-01     1.6722      1.170      1.696    21.5328   997.8985 0.0000e+00
      1.193 -1.489e-09     5.3487     87.624     32.020  29.835670     2.1419      7.682   167.3848 1.2376e-01     1.6551      1.170      1.696    21.5267   997.8998 0.0000e+00
      1.192 1.3995e-10     5.3781     87.438     32.007  29.841632     2.1440      7.677   167.3880 1.2373e-01     1.6453      1.169      1.695    21.5280   997.8995 0.0000e+00
      1.192 1.5395e-09     5.4017     87.191     32.030  29.880952     2.1438      7.674   167.5199 1.2368e-01     1.6220      1.169      1.696    21.5361   997.8978 0.0000e+00
      1.193 1.6934e-08     5.4128     86.951     32.063  29.930473     2.1395      7.671   167.6033 1.2366e-01     1.6139      1.170      1.696    21.5549   997.8936 0.0000e+00
