Data/DataNotYetUploadedToEDI/Raw_CTD/RawDownloads/062819_ccr50.cnv
* Sea-Bird SBE19plus  Data File:
* FileName = C:\DATA\062819_ccr50_0003.hex
* Software version 2.8.0.119
* Temperature SN = 7809
* Conductivity SN = 7809
* System UpLoad Time = Jun 28 2019 15:14:05
* <ApplicationData>
* <Seaterm232>
# nquan = 18
# nvalues = 2653                        
# units = specified
# name 0 = depFM: Depth [fresh water, m]
# name 1 = tv290C: Temperature [ITS-90, deg C]
# name 2 = sbeox0Mg/L: Oxygen, SBE 43 [mg/l]
# name 3 = sbeox0PS: Oxygen, SBE 43 [% saturation]
# name 4 = c0uS/cm: Conductivity [uS/cm]
# name 5 = specc: Specific Conductance [uS/cm]
# name 6 = ph: pH
# name 7 = orp: Oxidation Reduction Potential [mV]
# name 8 = flECO-AFL: Fluorescence, WET Labs ECO-AFL/FL [mg/m^3]
# name 9 = turbWETntu0: Turbidity, WET Labs ECO [NTU]
# name 10 = sal00: Salinity, Practical [PSU]
# name 11 = dz/dtM: Descent Rate [m/s]
# name 12 = prdM: Pressure, Strain Gauge [db]
# name 13 = prdE: Pressure, Strain Gauge [psi]
# name 14 = scan: Scan Count
# name 15 = par/sat/log: PAR/Logarithmic, Satlantic
# name 16 = density00: Density [density, kg/m^3]
# name 17 = flag:  0.000e+00
# span 0 =     -0.049,     21.125       
# span 1 =     8.8333,    28.7302       
# span 2 =     0.3743,     9.0482       
# span 3 =      3.230,    114.303       
# span 4 =  43.636041, 177.519688       
# span 5 =     58.722,    262.140       
# span 6 =      6.329,      7.026       
# span 7 =   -31.5092,   355.7705       
# span 8 =    -0.1522,     1.5683       
# span 9 =    -2.3014,    18.0161       
# span 10 =     0.0304,     0.1221      
# span 11 =     -0.159,      0.190      
# span 12 =     -0.047,     20.716      
# span 13 =     -0.067,     30.046      
# span 14 =          1,       2653      
# span 15 = -1.472e+02, 3.0201e+03      
# span 16 =   996.0532,   999.9888      
# span 17 = 0.0000e+00, 0.0000e+00      
# interval = seconds: 0.25
# start_time = Jun 28 2019 11:14:23 [Instrument's time stamp, header]
# bad_flag = -9.990e-29
*END*
[from data line 644]
      0.224    27.0781     7.9399     99.774  63.267238     60.760      6.847   275.9674     0.2904     0.7845     0.0349     -0.000      0.220      0.318        645 2.0847e+03   996.5225 0.0000e+00
      0.225    27.0790     7.9469     99.872  63.305597     60.755      6.847   275.9296     0.0615     0.0058     0.0349     -0.001      0.221      0.320        646 2.0874e+03   996.5213 0.0000e+00
      0.227    27.0778     7.9528     99.956  63.316448     60.806      6.850   276.0431     0.0615     0.0923     0.0350     -0.001      0.223      0.323        647 2.0863e+03   996.5207 0.0000e+00
      0.229    27.0773     7.9563    100.006  63.253730     60.697      6.851   276.3081     0.0462     0.0202     0.0349     -0.001      0.224      0.324        648 2.0856e+03   996.5205 0.0000e+00
      0.229    27.0781     7.9580    100.033  63.264953     60.753      6.849   276.2703     0.0462     0.0202     0.0349      0.000      0.224      0.324        649 2.0850e+03   996.5208 0.0000e+00
      0.227    27.0760     7.9636    100.098  63.243135     60.700      6.849   276.1188     0.1187    -0.1240     0.0349      0.002      0.223      0.322        650 2.0837e+03   996.5210 0.0000e+00
      0.224    27.0716     7.9812    100.310  63.221536     60.698      6.849   276.4596     0.0882    -0.2970     0.0349      0.002      0.221      0.319        651 2.0886e+03   996.5208 0.0000e+00
      0.223    27.0673     7.9905    100.418  63.232487     60.701      6.849   276.6488     0.1187    -0.1528     0.0349      0.001      0.220      0.318        652 2.0908e+03   996.5213 0.0000e+00
      0.225    27.0645     7.9872    100.374  63.229509     60.706      6.850   276.2324     0.1378    -0.1816     0.0349     -0.000      0.222      0.321        653 2.0885e+03   996.5225 0.0000e+00
      0.229    27.0623     7.9695    100.152  63.225245     60.711      6.853   276.2324     0.1034    -0.0519     0.0349     -0.000      0.224      0.325        654 2.0853e+03   996.5237 0.0000e+00
      0.230    27.0627     7.9554     99.976  63.237796     60.714      6.852   276.2324     0.1034     0.0347     0.0349      0.000      0.224      0.325        655 2.0859e+03   996.5245 0.0000e+00
      0.227    27.0678     7.9481     99.887  63.213892     60.717      6.855   276.9517     0.1111     0.0347     0.0349      0.000      0.223      0.323        656 2.0858e+03   996.5251 0.0000e+00
      0.224    27.0728     7.9449     99.850  63.195647     60.663      6.851   276.7624     0.1187     0.0058     0.0349     -0.000      0.220      0.318        657 2.0858e+03   996.5250 0.0000e+00
      0.221    27.0769     7.9501     99.920  63.260500     60.764      6.853   276.2703     0.1073     0.0058     0.0349     -0.001      0.218      0.316        658 2.0912e+03   996.5236 0.0000e+00
      0.223    27.0796     7.9541     99.975  63.251874     60.705      6.853   276.3838     0.1187     0.0779     0.0349     -0.001      0.220      0.319        659 2.0910e+03   996.5222 0.0000e+00
      0.229    27.0768     7.9546     99.988  63.265725     60.754      6.855   276.3838     0.1073    -0.0086     0.0349     -0.000      0.223      0.324        660 2.0879e+03   996.5210 0.0000e+00
      0.230    27.0716     7.9492     99.926  63.243261     60.696      6.852   276.3460     0.1034     0.0635     0.0349     -0.000      0.224      0.326        661 2.0874e+03   996.5203 0.0000e+00
      0.228    27.0669     7.9473     99.902  63.220483     60.700      6.854   276.0810     0.0996     0.0923     0.0349     -0.000      0.223      0.324        662 2.0870e+03   996.5211 0.0000e+00
      0.225    27.0651     7.9512     99.948  63.234727     60.706      6.856   276.1946     0.1263    -0.0374     0.0349      0.000      0.220      0.320        663 2.0837e+03   996.5225 0.0000e+00
      0.222    27.0658     7.9450     99.858  63.225539     60.712      6.854   276.2324     0.1454     0.1356     0.0349      0.000      0.219      0.318        664 2.0819e+03   996.5238 0.0000e+00
      0.223    27.0665     7.9482     99.887  63.231920     60.714      6.855   276.1188     0.1111     0.0635     0.0349      0.000      0.220      0.318        665 2.0830e+03   996.5243 0.0000e+00
      0.225    27.0679     7.9548     99.968  63.226787     60.713      6.857   276.5353     0.0844     0.0202     0.0349      0.000      0.221      0.321        666 2.0885e+03   996.5241 0.0000e+00
      0.228    27.0699     7.9646    100.092  63.231926     60.712      6.854   276.4217     0.0310     0.5826     0.0349     -0.001      0.223      0.323        667 2.0936e+03   996.5239 0.0000e+00
      0.227    27.0723     7.9700    100.166  63.225523     60.710      6.857   276.4974     0.0577     0.5826     0.0349     -0.001      0.223      0.323        668 2.0923e+03   996.5236 0.0000e+00
      0.226    27.0747     7.9749    100.232  63.234754     60.708      6.856   276.6867     0.0653     0.5393     0.0349     -0.000      0.222      0.322        669 2.0900e+03   996.5230 0.0000e+00
      0.225    27.0785     7.9823    100.322  63.279784     60.759      6.852   276.7246     0.0538     0.5538     0.0349      0.001      0.221      0.320        670 2.0875e+03   996.5223 0.0000e+00
      0.223    27.0818     7.9818    100.310  63.288176     60.756      6.845   276.6867     0.1187    -0.2105     0.0349      0.001      0.220      0.319        671 2.0885e+03   996.5217 0.0000e+00
      0.224    27.0820     7.9818    100.309  63.283655     60.752      6.842   276.3838     0.1034    -0.2393     0.0349      0.000      0.220      0.319        672 2.0872e+03   996.5207 0.0000e+00
      0.226    27.0797     7.9805    100.294  63.285408     60.748      6.839   276.4974     0.0805    -0.2393     0.0349     -0.000      0.221      0.321        673 2.0832e+03   996.5197 0.0000e+00
      0.227    27.0736     7.9688    100.147  63.285990     60.748      6.837   276.6110     0.0920    -0.1672     0.0349     -0.001      0.222      0.322        674 2.0850e+03   996.5197 0.0000e+00
      0.226    27.0676     7.9714    100.181  63.223581     60.697      6.843   276.7624     0.1263     0.3663     0.0349     -0.001      0.221      0.321        675 2.0894e+03   996.5203 0.0000e+00
      0.225    27.0660     7.9709    100.176  63.185037     60.650      6.845   276.8381     0.1111     0.3086     0.0349     -0.000      0.220      0.320        676 2.0872e+03   996.5219 0.0000e+00
      0.224    27.0670     7.9742    100.216  63.274617     60.765      6.847   276.9517     0.1111     0.2654     0.0349     -0.000      0.220      0.320        677 2.0848e+03   996.5236 0.0000e+00
      0.224    27.0702     7.9708    100.180  63.290146     60.766      6.845   277.1031     0.1492     0.3086     0.0349      0.000      0.220      0.320        678 2.0881e+03   996.5241 0.0000e+00
      0.226    27.0722     7.9538     99.972  63.225061     60.712      6.849   276.6488     0.1378     0.2221     0.0349      0.000      0.221      0.321        679 2.0896e+03   996.5238 0.0000e+00
      0.226    27.0703     7.9419     99.825  63.236920     60.708      6.853   277.1410     0.1187     0.3519     0.0349      0.000      0.221      0.321        680 2.0891e+03   996.5229 0.0000e+00
      0.226    27.0678     7.9412     99.818  63.275384     60.759      6.852   277.2924     0.1301     0.3086     0.0349     -0.000      0.221      0.321        681 2.0879e+03   996.5223 0.0000e+00
      0.225    27.0673     7.9475     99.902  63.236538     60.708      6.851   277.4438     0.0996     0.1933     0.0349     -0.000      0.220      0.320        682 2.0884e+03   996.5229 0.0000e+00
      0.224    27.0678     7.9417     99.833  63.225918     60.711      6.850   277.1788     0.1111     0.0347     0.0349     -0.000      0.220      0.319        683 2.0866e+03   996.5236 0.0000e+00
      0.223    27.0676     7.9413     99.825  63.229256     60.711      6.852   277.2167     0.1187     0.0347     0.0349     -0.000      0.220      0.318        684 2.0820e+03   996.5237 0.0000e+00
      0.224    27.0686     7.9413     99.820  63.232384     60.710      6.855   277.4060     0.1187     0.0202     0.0349     -0.001      0.220      0.319        685 2.0852e+03   996.5235 0.0000e+00
      0.226    27.0693     7.9460     99.874  63.222024     60.711      6.857   277.4817     0.1416     0.0779     0.0349     -0.000      0.221      0.321        686 2.0917e+03   996.5236 0.0000e+00
      0.227    27.0689     7.9476     99.889  63.242150     60.710      6.856   277.5953     0.0462     0.0347     0.0349     -0.000      0.222      0.322        687 2.0899e+03   996.5233 0.0000e+00
      0.225    27.0720     7.9470     99.882  63.266686     60.762      6.856   277.4817     0.0424    -0.0086     0.0349      0.000      0.221      0.320        688 2.0868e+03   996.5232 0.0000e+00
      0.224    27.0752     7.9464     99.877  63.250835     60.710      6.855   277.4438     0.0348    -0.0807     0.0349      0.000      0.219      0.318        689 2.0819e+03   996.5233 0.0000e+00
      0.222    27.0763     7.9457     99.873  63.261873     60.759      6.857   277.5953     0.0195    -0.0230     0.0349     -0.000      0.218      0.317        690 2.0789e+03   996.5224 0.0000e+00
      0.222    27.0777     7.9511     99.945  63.252947     60.702      6.858   277.7467     0.0348    -0.0086     0.0349     -0.001      0.219      0.317        691 2.0770e+03   996.5215 0.0000e+00
      0.224    27.0805     7.9552    100.004  63.261943     60.754      6.859   277.4438     0.1263     0.0923     0.0349     -0.001      0.220      0.319        692 2.0900e+03   996.5212 0.0000e+00
      0.227    27.0824     7.9449     99.882  63.250677     60.699      6.859   277.4817     0.0996    -0.0086     0.0349     -0.000      0.222      0.323        693 2.0923e+03   996.5208 0.0000e+00
      0.228    27.0808     7.9502     99.951  63.266966     60.750      6.859   277.5953     0.1187    -0.0663     0.0349      0.001      0.224      0.324        694 2.0913e+03   996.5201 0.0000e+00
      0.228    27.0782     7.9482     99.929  63.241670     60.693      6.860   277.6331     0.1111     0.0491     0.0349      0.002      0.224      0.324        695 2.0723e+03   996.5196 0.0000e+00
      0.227    27.0751     7.9223     99.600  63.222808     60.695      6.859   277.5196     0.1225     0.4096     0.0349      0.003      0.223      0.323        696 2.0852e+03   996.5200 0.0000e+00
      0.227    27.0729     7.9124     99.472  63.231093     60.698      6.858   277.1788     0.1530     0.3086     0.0349      0.003      0.223      0.323        697 2.0407e+03   996.5207 0.0000e+00
      0.227    27.0729     7.8980     99.285  63.231362     60.702      6.861   277.1788     0.1454     0.2509     0.0349      0.003      0.223      0.323        698 2.1064e+03   996.5216 0.0000e+00
      0.227    27.0741     7.8937     99.225  63.281823     60.758      6.861   277.1410     0.0920     0.2942     0.0349      0.002      0.222      0.322        699 1.9818e+03   996.5222 0.0000e+00
      0.226    27.0765     7.9024     99.329  63.286992     60.758      6.861   276.8381     0.1111     0.2221     0.0349      0.000      0.222      0.322        700 2.1670e+03   996.5221 0.0000e+00
      0.226    27.0794     7.9233     99.585  63.284277     60.757      6.861   277.0274     0.1073     0.1788     0.0349     -0.001      0.221      0.321        701 1.9031e+03   996.5218 0.0000e+00
      0.225    27.0835     7.9382     99.775  63.285201     60.754      6.856   276.7624     0.1111     0.3086     0.0349     -0.001      0.221      0.321        702 4.5359e+02   996.5212 0.0000e+00
      0.226    27.0874     7.9523     99.960  63.285841     60.751      6.847   277.0274     0.1149     0.3086     0.0349     -0.001      0.222      0.322        703 1.6333e+02   996.5204 0.0000e+00
      0.227    27.0893     7.9634    100.106  63.283477     60.746      6.844   276.8003     0.1607     0.0923     0.0349     -0.001      0.223      0.323        704 3.3853e+02   996.5192 0.0000e+00
      0.228    27.0900     7.9729    100.227  63.288138     60.741      6.845   276.8381     0.1530     0.0923     0.0349     -0.000      0.223      0.323        705 2.2674e+02   996.5182 0.0000e+00
      0.227    27.0889     7.9773    100.277  63.280037     60.739      6.846   276.7246     0.1607     0.0491     0.0349      0.000      0.223      0.323        706 3.3145e+02   996.5177 0.0000e+00
      0.227    27.0867     7.9774    100.265  63.234210     60.685      6.849   276.8381     0.1607    -0.0230     0.0349      0.001      0.223      0.322        707 3.9554e+02   996.5174 0.0000e+00
      0.226    27.0835     7.9752    100.233  63.285821     60.740      6.851   277.2167     0.1225     0.0635     0.0349      0.001      0.223      0.322        708 3.5952e+02   996.5177 0.0000e+00
      0.227    27.0802     7.9688    100.151  63.275155     60.742      6.851   277.2924     0.1225     0.1067     0.0349      0.001      0.223      0.323        709 2.8797e+02   996.5184 0.0000e+00
      0.229    27.0767     7.9677    100.137  63.247485     60.692      6.853   277.2546     0.0882     0.0058     0.0349      0.001      0.223      0.324        710 2.6657e+02   996.5192 0.0000e+00
      0.228    27.0734     7.9679    100.139  63.260913     60.750      6.856   277.2546     0.1187     0.0347     0.0349      0.001      0.223      0.324        711 2.9840e+02   996.5202 0.0000e+00
      0.225    27.0748     7.9726    100.196  63.199101     60.646      6.856   277.2924     0.0615     0.2798     0.0349     -0.000      0.221      0.320        712 2.4119e+02   996.5211 0.0000e+00
      0.222    27.0796     7.9800    100.287  63.265065     60.758      6.854   277.1788     0.0577     0.2942     0.0349     -0.002      0.218      0.316        713 3.4342e+02   996.5221 0.0000e+00
      0.221    27.0828     7.9835    100.331  63.297518     60.756      6.856   277.2546     0.0577     0.1500     0.0349     -0.003      0.217      0.315        714 1.7353e+02   996.5216 0.0000e+00
      0.223    27.0840     7.9930    100.454  63.277407     60.751      6.850   277.4438     0.0424     0.2509     0.0349     -0.003      0.219      0.318        715 4.5266e+02   996.5203 0.0000e+00
      0.227    27.0807     8.0017    100.565  63.290090     60.747      6.850   277.2924     0.0538     0.2509     0.0349     -0.002      0.222      0.322        716 1.9076e+03   996.5194 0.0000e+00
      0.228    27.0741     8.0067    100.630  63.281730     60.745      6.849   277.4060     0.1111     0.2221     0.0349     -0.001      0.223      0.324        717 2.1766e+03   996.5191 0.0000e+00
      0.227    27.0709     8.0031    100.578  63.228462     60.695      6.840   277.3681     0.1568     0.3230     0.0349     -0.000      0.222      0.323        718 2.0001e+03   996.5199 0.0000e+00
      0.225    27.0700     7.9982    100.510  63.237689     60.704      6.842   277.5196     0.0805     0.2509     0.0349      0.001      0.221      0.321        719 2.1261e+03   996.5218 0.0000e+00
      0.225    27.0694     7.9893    100.395  63.270252     60.761      6.843   277.5196     0.1187     0.2221     0.0349      0.002      0.221      0.320        720 2.0635e+03   996.5227 0.0000e+00
      0.225    27.0695     7.9898    100.398  63.247290     60.708      6.844   277.5953     0.1187    -0.2537     0.0349      0.002      0.221      0.320        721 2.1019e+03   996.5229 0.0000e+00
      0.225    27.0687     7.9882    100.376  63.266266     60.762      6.851   277.3681     0.1187    -0.1816     0.0349      0.001      0.221      0.320        722 2.0854e+03   996.5231 0.0000e+00
      0.225    27.0673     7.9854    100.344  63.246636     60.709      6.855   277.6710     0.1225    -0.2537     0.0349     -0.000      0.221      0.320        723 2.1006e+03   996.5231 0.0000e+00
