Data/DataNotYetUploadedToEDI/Raw_CTD/RawDownloads/062820_fcr50_0002_0003.cnv
* Sea-Bird SBE19plus  Data File:
* FileName = C:\DATA\062820_fcr50_0002_0003.hex
* Software version 2.8.0.119 SB_Terminal.dll
* Temperature SN = 7809
* Conductivity SN = 7809
* System UpLoad Time = Jun 28 2020 23:09:20
* <ApplicationData>
* <Seaterm232>
# nquan = 16
# nvalues = 4854                        
# units = specified
# name 0 = depFM: Depth [fresh water, m]
# name 1 = dz/dtM: Descent Rate [m/s]
# name 2 = sbeox0ML/L: Oxygen, SBE 43 [ml/l]
# name 3 = sbeox0PS: Oxygen, SBE 43 [% saturation]
# name 4 = specc: Specific Conductance [uS/cm]
# name 5 = c0uS/cm: Conductivity [uS/cm]
# name 6 = flECO-AFL: Fluorescence, WET Labs ECO-AFL/FL [mg/m^3]
# name 7 = ph: pH
# name 8 = orp: Oxidation Reduction Potential [mV]
# name 9 = par/sat/log: PAR/Logarithmic, Satlantic
# name 10 = turbWETntu0: Turbidity, WET Labs ECO [NTU]
# name 11 = prdM: Pressure, Strain Gauge [db]
# name 12 = prdE: Pressure, Strain Gauge [psi]
# name 13 = tv290C: Temperature [ITS-90, deg C]
# name 14 = density00: Density [density, kg/m^3]
# name 15 = flag:  0.000e+00
# span 0 =     -0.712,      9.629       
# span 1 =     -2.941,      4.097       
# span 2 =     0.0319,     8.1992       
# span 3 =      0.426,    128.528       
# span 4 =      1.280,    100.945       
# span 5 =   1.213912,  68.765149       
# span 6 =    -0.9784,    25.3652       
# span 7 =      6.457,      8.221       
# span 8 =  -148.7963,   856.2995       
# span 9 = 1.2344e-01, 1.2388e-01       
# span 10 =    -0.3465,   343.8442      
# span 11 =     -0.699,      9.442      
# span 12 =     -1.014,     13.695      
# span 13 =     9.0535,    23.4506      
# span 14 =   997.4501,   999.8613      
# span 15 = 0.0000e+00, 0.0000e+00      
# interval = seconds: 0.25
# start_time = Jun 28 2020 09:41:31 [Instrument's time stamp, header]
# bad_flag = -9.990e-29
*END*
[from data line 4520]
      3.096     -0.063     0.0386      0.549     47.243  35.813800     8.0536      6.786  -125.7394 1.2374e-01     4.6474      3.035      4.402    12.8312   999.4341 0.0000e+00
      3.082     -0.064     0.0397      0.510     46.886  35.578551     8.0751      6.786  -125.8730 1.2374e-01     4.6941      3.024      4.385    12.8552   999.4310 0.0000e+00
      3.067     -0.065     0.0395      0.476     46.309  35.176917     8.0819      6.786  -125.5321 1.2372e-01     4.7036      3.009      4.364    12.8691   999.4292 0.0000e+00
      3.050     -0.065     0.0416      0.477     45.629  34.701717     8.1071      6.786  -125.3174 1.2372e-01     4.7271      2.991      4.338    12.8677   999.4291 0.0000e+00
      3.031     -0.065     0.0421      0.508     45.333  34.528775     8.1415      6.786  -125.5135 1.2371e-01     4.8411      2.973      4.312    12.8942   999.4256 0.0000e+00
      3.013     -0.061     0.0373      0.534     45.623  34.799249     8.1535      6.786  -126.3553 1.2366e-01     4.9494      2.956      4.287    12.9420   999.4195 0.0000e+00
      2.995     -0.052     0.0340      0.534     45.838  34.989630     8.1669      6.786  -127.1503 1.2365e-01     4.9716      2.936      4.259    12.9742   999.4152 0.0000e+00
      2.979     -0.042     0.0342      0.541     45.667  34.863576     8.3134      6.786  -127.2095 1.2375e-01     5.0408      2.918      4.232    13.0167   999.4093 0.0000e+00
      2.969     -0.032     0.0370      0.560     45.247  34.544274     8.5714      6.785  -126.6406 1.2380e-01     5.2018      2.909      4.219    13.0824   999.4007 0.0000e+00
      2.968     -0.026     0.0412      0.574     44.579  34.047924     8.7110      6.784  -125.8644 1.2370e-01     5.3392      2.910      4.221    13.1442   999.3931 0.0000e+00
      2.969     -0.024     0.0381      0.575     44.071  33.684788     8.7226      6.785  -125.4826 1.2364e-01     5.4319      2.913      4.224    13.1751   999.3893 0.0000e+00
      2.967     -0.027     0.0395      0.555     43.730  33.453243     8.6543      6.787  -125.4655 1.2371e-01     5.3960      2.912      4.223    13.1690   999.3900 0.0000e+00
      2.959     -0.033     0.0414      0.523     43.286  33.151901     8.4962      6.789  -125.6578 1.2382e-01     5.2488      2.905      4.213    13.1635   999.3905 0.0000e+00
      2.946     -0.043     0.0421      0.501     43.136  33.086989     8.3938      6.790  -126.0862 1.2383e-01     5.1626      2.889      4.190    13.1816   999.3878 0.0000e+00
      2.933     -0.052     0.0431      0.506     43.206  33.176102     8.3986      6.791  -126.3438 1.2375e-01     5.1441      2.875      4.171    13.2113   999.3837 0.0000e+00
      2.919     -0.061     0.0410      0.541     43.174  33.150751     8.4101      6.792  -126.3634 1.2371e-01     5.1619      2.864      4.154    13.2461   999.3792 0.0000e+00
      2.903     -0.068     0.0381      0.576     43.204  33.161166     8.3423      6.793  -126.4957 1.2367e-01     5.1035      2.848      4.130    13.2788   999.3745 0.0000e+00
      2.885     -0.077     0.0357      0.575     43.055  33.048203     8.2180      6.795  -126.4808 1.2362e-01     4.9526      2.829      4.103    13.3553   999.3645 0.0000e+00
      2.866     -0.089     0.0361      0.553     42.375  32.546308     8.1478      6.798  -126.0968 1.2365e-01     4.8820      2.812      4.078    13.4140   999.3568 0.0000e+00
      2.843     -0.104     0.0391      0.555     41.581  31.978419     8.1518      6.800  -126.0684 1.2367e-01     4.9023      2.791      4.047    13.3901   999.3597 0.0000e+00
      2.816     -0.119     0.0436      0.574     41.150  31.701973     8.2187      6.802  -126.3953 1.2367e-01     5.0606      2.764      4.008    13.3675   999.3626 0.0000e+00
      2.783     -0.133     0.0427      0.563     40.804  31.487992     8.3073      6.803  -126.5221 1.2369e-01     5.2851      2.731      3.960    13.3690   999.3623 0.0000e+00
      2.745     -0.138     0.0392      0.529     40.404  31.231160     8.3365      6.803  -126.4827 1.2371e-01     5.3520      2.692      3.904    13.3881   999.3593 0.0000e+00
      2.703     -0.128     0.0397      0.514     40.379  31.261385     8.3423      6.801  -126.1771 1.2372e-01     5.3884      2.653      3.848    13.4437   999.3515 0.0000e+00
      2.658     -0.106     0.0432      0.516     40.362  31.282519     8.4168      6.799  -125.7521 1.2375e-01     5.7930      2.608      3.782    13.5196   999.3411 0.0000e+00
      2.618     -0.078     0.0418      0.524     39.865  30.915714     8.5314      6.799  -125.7321 1.2372e-01     6.4684      2.556      3.708    13.5843   999.3322 0.0000e+00
      2.606     -0.048     0.0373      0.546     39.301  30.506159     8.5839      6.800  -126.0211 1.2364e-01     6.7909      2.543      3.688    13.6415   999.3242 0.0000e+00
      2.618     -0.021     0.0369      0.582     38.931  30.264147     8.5840      6.801  -126.4074 1.2363e-01     6.7736      2.571      3.728    13.7156   999.3144 0.0000e+00
      2.628     -0.000     0.0372      0.617     38.715  30.146648     8.5704      6.804  -126.7039 1.2365e-01     6.7394      2.581      3.744    13.7603   999.3085 0.0000e+00
      2.630      0.010     0.0378      0.658     38.604  30.100618     8.5531      6.806  -126.3369 1.2368e-01     6.6868      2.577      3.738    13.7653   999.3075 0.0000e+00
      2.631      0.009     0.0386      0.690     38.467  30.024856     8.5456      6.808  -125.4103 1.2371e-01     6.6528      2.581      3.743    13.7976   999.3030 0.0000e+00
      2.632      0.002     0.0427      0.691     38.228  29.865061     8.5373      6.810  -124.7071 1.2374e-01     6.6036      2.580      3.741    13.8637   999.2937 0.0000e+00
      2.632     -0.005     0.0441      0.692     37.891  29.627702     8.6532      6.811  -124.2876 1.2374e-01     6.3666      2.581      3.743    13.9373   999.2836 0.0000e+00
      2.631     -0.014     0.0471      0.681     37.609  29.438835     8.9366      6.812  -123.9524 1.2373e-01     6.0188      2.581      3.743    13.9882   999.2766 0.0000e+00
      2.629     -0.024     0.0518      0.663     37.700  29.548146     9.1409      6.815  -123.5798 1.2375e-01     5.8312      2.578      3.740    14.0240   999.2715 0.0000e+00
      2.623     -0.038     0.0485      0.693     38.082  29.870929     9.1864      6.817  -122.7068 1.2374e-01     5.8144      2.575      3.735    14.0598   999.2665 0.0000e+00
      2.611     -0.054     0.0504      0.771     38.233  29.979307     9.1727      6.818  -121.5703 1.2369e-01     5.8502      2.563      3.717    14.0898   999.2621 0.0000e+00
      2.595     -0.070     0.0498      0.866     38.094  29.843487     8.9839      6.820  -120.8520 1.2364e-01     6.0577      2.547      3.693    14.1284   999.2564 0.0000e+00
      2.574     -0.085     0.0455      0.986     37.998  29.751276     8.6497      6.820  -120.4754 1.2361e-01     6.4353      2.526      3.664    14.1905   999.2476 0.0000e+00
      2.549     -0.098     0.0485      1.166     38.000  29.752537     8.4696      6.820  -120.1143 1.2366e-01     6.6055      2.501      3.627    14.2368   999.2412 0.0000e+00
      2.520     -0.108     0.0552      1.404     37.887  29.668421     8.4374      6.820  -119.7549 1.2374e-01     6.5704      2.471      3.585    14.2120   999.2446 0.0000e+00
      2.490     -0.113     0.0619      1.696     37.654  29.495506     8.3272      6.820  -119.1412 1.2375e-01     6.7317      2.443      3.543    14.1568   999.2522 0.0000e+00
      2.460     -0.115     0.0690      2.053     37.552  29.438153     8.1385      6.820  -118.1142 1.2374e-01     7.0802      2.414      3.501    14.1357   999.2550 0.0000e+00
      2.428     -0.113     0.0823      2.468     37.568  29.482520     8.0348      6.820  -117.0598 1.2374e-01     7.2817      2.381      3.453    14.1434   999.2538 0.0000e+00
      2.397     -0.109     0.1000      2.913     37.513  29.461032     7.9895      6.819  -116.2881 1.2371e-01     7.2794      2.350      3.407    14.1500   999.2527 0.0000e+00
      2.370     -0.101     0.1199      3.370     37.222  29.241809     7.6381      6.817  -115.7526 1.2366e-01     7.3617      2.322      3.368    14.1542   999.2518 0.0000e+00
      2.346     -0.091     0.1459      3.852     36.794  28.925369     7.0092      6.816  -115.1455 1.2362e-01     7.6239      2.300      3.337    14.1872   999.2470 0.0000e+00
      2.322     -0.082     0.1764      4.373     36.500  28.743460     6.6697      6.816  -114.2816 1.2362e-01     7.8062      2.278      3.303    14.2424   999.2392 0.0000e+00
      2.302     -0.077     0.2087      4.918     36.271  28.628374     6.6046      6.816  -113.4813 1.2367e-01     7.8496      2.253      3.268    14.2733   999.2347 0.0000e+00
      2.290     -0.077     0.2411      5.493     36.095  28.548936     6.1361      6.816  -112.7824 1.2368e-01     7.8398      2.246      3.257    14.2725   999.2347 0.0000e+00
      2.278     -0.080     0.2747      6.177     36.032  28.544289     5.2685      6.816  -111.6820 1.2372e-01     7.7898      2.240      3.247    14.2837   999.2328 0.0000e+00
      2.256     -0.085     0.3125      7.079     35.958  28.508804     4.7921      6.816  -110.3295 1.2377e-01     7.7598      2.213      3.209    14.3639   999.2212 0.0000e+00
      2.229     -0.091     0.3507      8.251     35.856  28.437097     4.7540      6.817  -109.1635 1.2376e-01     7.7533      2.185      3.170    14.4671   999.2062 0.0000e+00
      2.203     -0.098     0.3891      9.687     35.686  28.311647     4.7505      6.818  -108.1661 1.2371e-01     7.7447      2.161      3.135    14.5483   999.1943 0.0000e+00
      2.176     -0.103     0.4332     11.324     35.356  28.070417     4.7124      6.819  -107.3036 1.2374e-01     7.6899      2.134      3.095    14.6200   999.1837 0.0000e+00
      2.149     -0.105     0.4964     13.030     34.892  27.740644     4.6450      6.820  -106.5650 1.2384e-01     7.5721      2.107      3.056    14.6473   999.1795 0.0000e+00
      2.122     -0.107     0.5798     14.649     34.265  27.305832     4.6132      6.821  -105.6031 1.2384e-01     7.5216      2.081      3.019    14.6487   999.1791 0.0000e+00
      2.097     -0.110     0.6827     16.054     33.522  26.809463     4.6334      6.824  -104.1056 1.2374e-01     7.5593      2.057      2.983    14.6577   999.1776 0.0000e+00
      2.071     -0.113     0.8032     17.284     32.975  26.496551     4.7648      6.827  -102.4823 1.2368e-01     7.5477      2.031      2.946    14.6852   999.1734 0.0000e+00
      2.042     -0.116     0.9260     18.562     32.663  26.376965     4.9912      6.830  -100.9468 1.2372e-01     7.5188      2.003      2.906    14.7369   999.1655 0.0000e+00
      2.009     -0.120     1.0444     20.260     32.371  26.251729     5.1197      6.833   -99.2205 1.2375e-01     7.5528      1.971      2.859    14.8262   999.1519 0.0000e+00
      1.975     -0.124     1.1386     22.853     32.031  26.060753     5.1269      6.835   -97.4420 1.2372e-01     7.5478      1.936      2.808    14.9660   999.1306 0.0000e+00
      1.944     -0.124     1.2151     26.872     31.679  25.843979     4.9832      6.838   -96.1339 1.2370e-01     7.4232      1.906      2.763    15.1702   999.0993 0.0000e+00
      1.914     -0.121     1.2886     32.549     31.520  25.787356     4.7076      6.840   -95.2781 1.2371e-01     7.2820      1.879      2.726    15.3900   999.0653 0.0000e+00
      1.881     -0.117     1.3917     39.533     31.565  25.883642     4.5506      6.842   -94.3217 1.2370e-01     7.2480      1.845      2.677    15.5591   999.0386 0.0000e+00
      1.848     -0.115     1.5536     47.277     31.517  25.866556     4.5248      6.844   -93.0877 1.2366e-01     7.2880      1.808      2.622    15.6891   999.0179 0.0000e+00
      1.822     -0.114     1.8183     55.244     31.317  25.707644     4.4053      6.846   -91.4569 1.2362e-01     7.1815      1.784      2.588    15.7782   999.0035 0.0000e+00
      1.801     -0.111     2.2220     62.930     31.171  25.611352     4.1830      6.848   -89.5751 1.2362e-01     6.9220      1.769      2.566    15.9049   998.9829 0.0000e+00
      1.773     -0.103     2.7096     69.899     31.175  25.653728     4.0600      6.850   -87.8867 1.2366e-01     6.7939      1.742      2.526    16.0300   998.9626 0.0000e+00
      1.738     -0.093     3.2573     75.831     31.211  25.712647     4.0338      6.853   -86.4435 1.2368e-01     6.7993      1.701      2.468    16.0435   998.9602 0.0000e+00
      1.708     -0.082     3.8202     80.536     31.169  25.689503     3.8946      6.854   -85.1172 1.2368e-01     6.5761      1.670      2.422    16.0226   998.9634 0.0000e+00
      1.688     -0.069     4.3577     83.990     31.081  25.627618     3.6549      6.854   -83.7237 1.2372e-01     6.1204      1.654      2.397    16.0630   998.9567 0.0000e+00
      1.677     -0.057     4.8380     86.438     31.019  25.598673     3.5284      6.852   -82.1575 1.2379e-01     5.8562      1.644      2.384    16.1505   998.9424 0.0000e+00
      1.671     -0.049     5.2431     88.090     30.986  25.593275     3.5198      6.850   -80.5485 1.2380e-01     5.8188      1.639      2.377    16.2006   998.9342 0.0000e+00
      1.666     -0.048     5.5716     89.007     30.937  25.562381     3.5213      6.850   -79.0688 1.2375e-01     5.8060      1.636      2.374    16.2046   998.9334 0.0000e+00
      1.656     -0.053     5.7966     89.305     30.827  25.478853     3.4804      6.854   -77.7744 1.2367e-01     5.6664      1.627      2.360    16.2113   998.9323 0.0000e+00
      1.640     -0.060     5.9547     89.220     30.717  25.407888     3.4071      6.857   -76.5138 1.2364e-01     5.4354      1.608      2.333    16.2587   998.9243 0.0000e+00
      1.620     -0.067     6.0621     88.973     30.668  25.402062     3.3701      6.860   -75.2698 1.2365e-01     5.3482      1.588      2.304    16.3071   998.9162 0.0000e+00
      1.599     -0.073     6.1225     88.685     30.637  25.408462     3.3757      6.863   -74.1763 1.2366e-01     5.3677      1.568      2.274    16.3093   998.9157 0.0000e+00
      1.579     -0.075     6.1359     88.467     30.631  25.421875     3.4084      6.865   -72.9295 1.2368e-01     5.2242      1.548      2.245    16.3112   998.9152 0.0000e+00
      1.561     -0.075     6.1196     88.422     30.638  25.437408     3.4407      6.867   -71.4659 1.2372e-01     4.8836      1.530      2.219    16.3420   998.9100 0.0000e+00
      1.543     -0.076     6.0928     88.653     30.589  25.406008     3.4431      6.869   -70.2458 1.2377e-01     4.6490      1.514      2.196    16.4129   998.8982 0.0000e+00
      1.524     -0.080     6.0610     89.193     30.515  25.359359     3.4368      6.870   -69.2761 1.2374e-01     4.5843      1.494      2.167    16.4761   998.8875 0.0000e+00
      1.504     -0.086     6.0423     89.913     30.420  25.317383     3.4692      6.871   -68.2595 1.2366e-01     4.4794      1.475      2.139    16.4966   998.8840 0.0000e+00
      1.484     -0.094     6.0341     90.638     30.276  25.279067     3.5391      6.872   -67.2457 1.2363e-01     4.3076      1.457      2.113    16.5086   998.8820 0.0000e+00
      1.460     -0.104     6.0469     91.339     30.135  25.276743     3.5861      6.873   -66.3969 1.2366e-01     4.1891      1.434      2.079    16.5222   998.8794 0.0000e+00
      1.430     -0.117     6.0848     92.122     30.014  25.289436     3.5887      6.875   -65.5694 1.2371e-01     4.1802      1.404      2.036    16.5390   998.8764 0.0000e+00
      1.400     -0.131     6.1359     93.137     29.931  25.305826     3.5515      6.878   -64.5530 1.2372e-01     4.3374      1.372      1.991    16.5778   998.8698 0.0000e+00
      1.367     -0.143     6.1662     94.554     29.919  25.348176     3.4893      6.878   -63.5716 1.2372e-01     4.5788      1.342      1.948    16.7193   998.8455 0.0000e+00
      1.327     -0.149     6.1827     96.543     29.950  25.420992     3.4572      6.877   -62.8237 1.2372e-01     4.6961      1.305      1.892    16.9401   998.8074 0.0000e+00
