Data/DataNotYetUploadedToEDI/Raw_CTD/RawDownloads/062820_fcr50_0002_0003.cnv
* Sea-Bird SBE19plus  Data File:
* FileName = C:\DATA\062820_fcr50_0002_0003.hex
* Software version 2.8.0.119 SB_Terminal.dll
* Temperature SN = 7809
* Conductivity SN = 7809
* System UpLoad Time = Jun 28 2020 23:09:20
* <ApplicationData>
* <Seaterm232>
# nquan = 16
# nvalues = 4854                        
# units = specified
# name 0 = depFM: Depth [fresh water, m]
# name 1 = dz/dtM: Descent Rate [m/s]
# name 2 = sbeox0ML/L: Oxygen, SBE 43 [ml/l]
# name 3 = sbeox0PS: Oxygen, SBE 43 [% saturation]
# name 4 = specc: Specific Conductance [uS/cm]
# name 5 = c0uS/cm: Conductivity [uS/cm]
# name 6 = flECO-AFL: Fluorescence, WET Labs ECO-AFL/FL [mg/m^3]
# name 7 = ph: pH
# name 8 = orp: Oxidation Reduction Potential [mV]
# name 9 = par/sat/log: PAR/Logarithmic, Satlantic
# name 10 = turbWETntu0: Turbidity, WET Labs ECO [NTU]
# name 11 = prdM: Pressure, Strain Gauge [db]
# name 12 = prdE: Pressure, Strain Gauge [psi]
# name 13 = tv290C: Temperature [ITS-90, deg C]
# name 14 = density00: Density [density, kg/m^3]
# name 15 = flag:  0.000e+00
# span 0 =     -0.712,      9.629       
# span 1 =     -2.941,      4.097       
# span 2 =     0.0319,     8.1992       
# span 3 =      0.426,    128.528       
# span 4 =      1.280,    100.945       
# span 5 =   1.213912,  68.765149       
# span 6 =    -0.9784,    25.3652       
# span 7 =      6.457,      8.221       
# span 8 =  -148.7963,   856.2995       
# span 9 = 1.2344e-01, 1.2388e-01       
# span 10 =    -0.3465,   343.8442      
# span 11 =     -0.699,      9.442      
# span 12 =     -1.014,     13.695      
# span 13 =     9.0535,    23.4506      
# span 14 =   997.4501,   999.8613      
# span 15 = 0.0000e+00, 0.0000e+00      
# interval = seconds: 0.25
# start_time = Jun 28 2020 09:41:31 [Instrument's time stamp, header]
# bad_flag = -9.990e-29
*END*
[from data line 3074]
      7.054      0.020     0.0416      0.567     74.925  51.681198     0.8987      6.542  -112.1372 1.2366e-01     1.8545      6.916     10.031     9.4941   999.8060 0.0000e+00
      7.061      0.018     0.0433      0.558     74.940  51.696332     0.8682      6.542  -111.6151 1.2372e-01     1.8596      6.925     10.043     9.4927   999.8062 0.0000e+00
      7.067      0.018     0.0422      0.522     74.985  51.734375     0.8152      6.543  -111.3508 1.2364e-01     1.8767      6.931     10.053     9.4907   999.8064 0.0000e+00
      7.071      0.017     0.0427      0.497     75.015  51.760123     0.7818      6.544  -111.4370 1.2359e-01     1.8900      6.934     10.058     9.4871   999.8067 0.0000e+00
      7.074      0.016     0.0467      0.499     75.004  51.753605     0.7703      6.544  -111.7974 1.2365e-01     1.8488      6.936     10.060     9.4847   999.8069 0.0000e+00
      7.078      0.014     0.0453      0.505     75.050  51.782590     0.7508      6.544  -112.1805 1.2369e-01     1.8584      6.940     10.065     9.4879   999.8066 0.0000e+00
      7.083      0.013     0.0417      0.510     75.158  51.856533     0.7279      6.544  -112.1960 1.2365e-01     1.9035      6.947     10.075     9.4950   999.8062 0.0000e+00
      7.086      0.013     0.0380      0.500     75.192  51.885517     0.7219      6.543  -111.8994 1.2362e-01     1.9133      6.950     10.080     9.4982   999.8059 0.0000e+00
      7.087      0.012     0.0408      0.506     75.171  51.878997     0.7174      6.543  -111.7781 1.2359e-01     1.8746      6.949     10.079     9.4990   999.8058 0.0000e+00
      7.090      0.011     0.0395      0.551     75.198  51.904734     0.7017      6.543  -112.1920 1.2358e-01     1.8128      6.952     10.084     9.4962   999.8061 0.0000e+00
      7.094      0.011     0.0419      0.572     75.243  51.942661     0.6943      6.543  -112.7735 1.2364e-01     1.8187      6.958     10.091     9.4935   999.8064 0.0000e+00
      7.097      0.011     0.0398      0.551     75.246  51.956520     0.7044      6.544  -112.8729 1.2375e-01     1.8774      6.960     10.094     9.4987   999.8060 0.0000e+00
      7.098      0.010     0.0378      0.538     75.211  51.945286     0.7189      6.545  -112.6192 1.2377e-01     1.9042      6.960     10.094     9.5061   999.8053 0.0000e+00
      7.101      0.010     0.0454      0.538     75.178  51.933862     0.7263      6.545  -112.8897 1.2367e-01     1.9027      6.964     10.101     9.5093   999.8051 0.0000e+00
      7.105      0.009     0.0477      0.522     75.185  51.945431     0.7082      6.545  -113.8197 1.2363e-01     1.8936      6.968     10.107     9.5126   999.8048 0.0000e+00
      7.106      0.009     0.0432      0.509     75.198  51.958152     0.6714      6.546  -114.3992 1.2366e-01     1.8626      6.969     10.108     9.5215   999.8042 0.0000e+00
      7.107      0.010     0.0419      0.508     75.200  51.960649     0.6529      6.546  -114.1325 1.2370e-01     1.8367      6.969     10.108     9.5320   999.8033 0.0000e+00
      7.110      0.010     0.0446      0.508     75.223  51.975631     0.6568      6.545  -113.5197 1.2375e-01     1.8557      6.972     10.113     9.5392   999.8027 0.0000e+00
      7.113      0.010     0.0408      0.512     75.281  52.012268     0.6902      6.545  -113.7874 1.2374e-01     1.8862      6.976     10.117     9.5436   999.8024 0.0000e+00
      7.116      0.011     0.0402      0.513     75.309  52.022555     0.7413      6.545  -114.8742 1.2369e-01     1.8619      6.979     10.122     9.5456   999.8022 0.0000e+00
      7.120      0.012     0.0408      0.505     75.256  51.972987     0.7702      6.546  -115.2166 1.2365e-01     1.8362      6.983     10.128     9.5461   999.8022 0.0000e+00
      7.122      0.012     0.0403      0.499     75.197  51.921016     0.7820      6.546  -114.9165 1.2362e-01     1.8845      6.985     10.131     9.5462   999.8022 0.0000e+00
      7.124      0.012     0.0408      0.499     75.180  51.902246     0.7686      6.546  -114.9449 1.2362e-01     1.9306      6.986     10.132     9.5451   999.8023 0.0000e+00
      7.127      0.012     0.0414      0.493     75.144  51.873057     0.7326      6.547  -115.3029 1.2363e-01     1.9131      6.989     10.136     9.5389   999.8029 0.0000e+00
      7.131      0.012     0.0406      0.498     75.076  51.822134     0.7095      6.548  -115.7172 1.2367e-01     1.8796      6.994     10.144     9.5278   999.8038 0.0000e+00
      7.134      0.013     0.0389      0.515     75.039  51.794616     0.6885      6.548  -115.9965 1.2368e-01     1.8688      6.997     10.149     9.5191   999.8045 0.0000e+00
      7.136      0.014     0.0410      0.515     75.038  51.794385     0.6324      6.548  -116.0984 1.2365e-01     1.8853      6.998     10.150     9.5157   999.8048 0.0000e+00
      7.140      0.015     0.0385      0.522     75.068  51.819340     0.5556      6.548  -116.0024 1.2364e-01     1.9080      7.001     10.154     9.5135   999.8049 0.0000e+00
      7.145      0.016     0.0390      0.557     75.103  51.842309     0.5222      6.548  -115.7815 1.2363e-01     1.9022      7.008     10.165     9.5108   999.8051 0.0000e+00
      7.149      0.016     0.0426      0.586     75.082  51.818059     0.5245      6.548  -115.6650 1.2362e-01     1.8842      7.012     10.170     9.5087   999.8053 0.0000e+00
      7.153      0.016     0.0407      0.580     75.033  51.780163     0.5252      6.548  -115.7122 1.2364e-01     1.9309      7.012     10.170     9.5084   999.8054 0.0000e+00
      7.158      0.015     0.0404      0.561     75.001  51.765170     0.5694      6.547  -115.4058 1.2363e-01     2.0203      7.019     10.181     9.5141   999.8049 0.0000e+00
      7.164      0.013     0.0447      0.555     74.995  51.763807     0.6587      6.548  -114.6285 1.2362e-01     2.0727      7.026     10.191     9.5163   999.8048 0.0000e+00
      7.166      0.012     0.0483      0.548     75.004  51.763694     0.7086      6.549  -114.3159 1.2371e-01     2.1187      7.027     10.192     9.5032   999.8059 0.0000e+00
      7.167      0.011     0.0465      0.529     75.014  51.763788     0.7145      6.550  -114.7232 1.2378e-01     2.1302      7.027     10.193     9.4974   999.8063 0.0000e+00
      7.170      0.011     0.0440      0.515     75.026  51.764942     0.7593      6.551  -114.7347 1.2370e-01     2.0739      7.031     10.198     9.5097   999.8053 0.0000e+00
      7.172      0.011     0.0446      0.518     75.061  51.777635     0.8489      6.551  -113.8528 1.2359e-01     2.0549      7.034     10.202     9.5124   999.8051 0.0000e+00
      7.174      0.012     0.0443      0.527     75.097  51.790235     0.9021      6.550  -113.4382 1.2354e-01     2.1064      7.035     10.204     9.5036   999.8059 0.0000e+00
      7.177      0.012     0.0420      0.540     75.111  51.790246     0.9162      6.550  -114.0244 1.2358e-01     2.1479      7.039     10.208     9.5004   999.8062 0.0000e+00
      7.181      0.013     0.0404      0.553     75.102  51.777766     0.9627      6.550  -114.7454 1.2368e-01     2.1101      7.043     10.214     9.4974   999.8065 0.0000e+00
      7.185      0.015     0.0413      0.554     75.092  51.766354     1.0443      6.550  -114.6697 1.2373e-01     1.9932      7.047     10.220     9.4883   999.8072 0.0000e+00
      7.189      0.016     0.0421      0.544     75.117  51.779276     1.1014      6.550  -113.8839 1.2369e-01     1.9018      7.050     10.224     9.4789   999.8080 0.0000e+00
      7.192      0.017     0.0428      0.532     75.166  51.806981     1.1187      6.550  -113.5040 1.2363e-01     1.8638      7.052     10.227     9.4728   999.8085 0.0000e+00
      7.196      0.017     0.0449      0.535     75.230  51.847285     1.0915      6.550  -113.6902 1.2357e-01     1.8415      7.056     10.234     9.4692   999.8088 0.0000e+00
      7.202      0.018     0.0445      0.533     75.290  51.885516     1.0296      6.550  -114.0706 1.2357e-01     1.8388      7.064     10.244     9.4671   999.8091 0.0000e+00
      7.208      0.018     0.0440      0.502     75.298  51.888160     0.9908      6.551  -114.2311 1.2358e-01     1.8304      7.069     10.253     9.4637   999.8093 0.0000e+00
      7.211      0.017     0.0416      0.454     75.289  51.879247     0.9748      6.551  -113.9957 1.2362e-01     1.8092      7.071     10.256     9.4590   999.8097 0.0000e+00
      7.215      0.016     0.0428      0.431     75.328  51.904776     0.9404      6.551  -113.8918 1.2373e-01     1.8226      7.075     10.261     9.4561   999.8100 0.0000e+00
      7.220      0.015     0.0441      0.454     75.385  51.942789     0.8906      6.552  -114.3519 1.2374e-01     1.8898      7.082     10.271     9.4551   999.8101 0.0000e+00
      7.223      0.014     0.0406      0.485     75.408  51.957794     0.8587      6.552  -114.9986 1.2367e-01     1.9353      7.085     10.275     9.4532   999.8103 0.0000e+00
      7.226      0.013     0.0361      0.505     75.411  51.959177     0.8410      6.552  -115.1725 1.2367e-01     1.8915      7.086     10.278     9.4508   999.8105 0.0000e+00
      7.231      0.012     0.0319      0.518     75.411  51.959511     0.7720      6.552  -114.9050 1.2367e-01     1.7725      7.091     10.285     9.4503   999.8106 0.0000e+00
      7.234      0.012     0.0369      0.539     75.414  51.961823     0.6538      6.552  -114.5179 1.2366e-01     1.6639      7.095     10.291     9.4499   999.8106 0.0000e+00
      7.236      0.012     0.0389      0.577     75.452  51.987134     0.5853      6.553  -114.8801 1.2370e-01     1.6427      7.095     10.291     9.4484   999.8108 0.0000e+00
      7.238      0.013     0.0407      0.588     75.489  52.011499     0.5734      6.553  -115.9281 1.2372e-01     1.6535      7.097     10.294     9.4481   999.8108 0.0000e+00
      7.241      0.014     0.0415      0.548     75.477  52.002365     0.5768      6.553  -116.1770 1.2371e-01     1.6223      7.101     10.298     9.4490   999.8107 0.0000e+00
      7.245      0.015     0.0417      0.491     75.481  52.003721     0.6745      6.553  -115.7385 1.2368e-01     1.6435      7.105     10.304     9.4488   999.8108 0.0000e+00
      7.249      0.017     0.0474      0.469     75.519  52.027896     0.8579      6.554  -115.9604 1.2362e-01     1.7717      7.109     10.310     9.4481   999.8109 0.0000e+00
      7.254      0.017     0.0488      0.474     75.539  52.040612     0.9624      6.554  -116.7951 1.2363e-01     1.8678      7.114     10.317     9.4475   999.8110 0.0000e+00
      7.260      0.017     0.0447      0.483     75.525  52.030447     0.9840      6.554  -117.1416 1.2372e-01     1.8789      7.119     10.326     9.4466   999.8110 0.0000e+00
      7.265      0.016     0.0375      0.497     75.526  52.032012     0.9762      6.554  -116.9654 1.2375e-01     1.9059      7.125     10.333     9.4457   999.8112 0.0000e+00
      7.269      0.015     0.0367      0.507     75.565  52.059537     0.9349      6.554  -116.7296 1.2369e-01     1.9884      7.128     10.338     9.4448   999.8112 0.0000e+00
      7.271      0.014     0.0382      0.504     75.636  52.109203     0.9042      6.554  -116.6133 1.2365e-01     2.0518      7.130     10.342     9.4437   999.8113 0.0000e+00
      7.274      0.014     0.0383      0.531     75.751  52.187947     0.8918      6.556  -116.7639 1.2370e-01     2.0543      7.133     10.345     9.4436   999.8114 0.0000e+00
      7.277      0.014     0.0394      0.582     75.842  52.249472     0.8134      6.557  -117.0023 1.2370e-01     2.0198      7.136     10.350     9.4443   999.8113 0.0000e+00
      7.280      0.014     0.0420      0.591     75.889  52.281491     0.6625      6.557  -117.0859 1.2370e-01     1.9430      7.139     10.354     9.4450   999.8113 0.0000e+00
      7.285      0.015     0.0389      0.554     75.948  52.321040     0.5742      6.557  -116.7424 1.2370e-01     1.8813      7.143     10.360     9.4452   999.8113 0.0000e+00
      7.289      0.015     0.0409      0.515     75.986  52.346585     0.5658      6.558  -116.2913 1.2367e-01     1.8914      7.149     10.369     9.4449   999.8114 0.0000e+00
      7.293      0.015     0.0488      0.506     75.971  52.336310     0.5893      6.559  -116.3635 1.2367e-01     1.8940      7.152     10.374     9.4442   999.8115 0.0000e+00
      7.296      0.014     0.0486      0.513     75.952  52.323829     0.6298      6.559  -116.6685 1.2375e-01     1.8776      7.155     10.377     9.4434   999.8116 0.0000e+00
      7.300      0.013     0.0445      0.528     75.946  52.322694     0.6452      6.559  -116.5376 1.2379e-01     1.8993      7.159     10.383     9.4431   999.8117 0.0000e+00
      7.304      0.012     0.0396      0.528     75.940  52.322591     0.6410      6.559  -115.9855 1.2377e-01     1.9168      7.163     10.390     9.4429   999.8117 0.0000e+00
      7.307      0.011     0.0407      0.518     75.935  52.322591     0.6072      6.559  -115.7578 1.2373e-01     1.8833      7.166     10.393     9.4424   999.8118 0.0000e+00
      7.308      0.011     0.0405      0.530     75.930  52.322704     0.5418      6.559  -116.0221 1.2372e-01     1.8376      7.167     10.394     9.4427   999.8118 0.0000e+00
      7.311      0.010     0.0427      0.538     75.929  52.323953     0.5086      6.559  -116.3411 1.2370e-01     1.8442      7.169     10.397     9.4447   999.8116 0.0000e+00
      7.314      0.010     0.0434      0.518     75.947  52.337696     0.5116      6.559  -116.1740 1.2367e-01     1.8943      7.173     10.403     9.4478   999.8114 0.0000e+00
      7.317      0.011     0.0394      0.504     75.982  52.361840     0.5111      6.560  -115.6366 1.2371e-01     1.8946      7.175     10.407     9.4506   999.8112 0.0000e+00
      7.320      0.012     0.0429      0.498     75.984  52.361831     0.5031      6.561  -115.6083 1.2372e-01     1.8478      7.178     10.411     9.4526   999.8110 0.0000e+00
      7.322      0.012     0.0445      0.483     75.953  52.337582     0.4999      6.561  -115.9175 1.2365e-01     1.8434      7.181     10.415     9.4538   999.8109 0.0000e+00
      7.325      0.012     0.0407      0.467     75.934  52.322694     0.5017      6.561  -115.9330 1.2360e-01     1.8763      7.182     10.418     9.4544   999.8109 0.0000e+00
      7.329      0.012     0.0398      0.460     75.914  52.308846     0.5047      6.561  -115.7951 1.2365e-01     1.9014      7.187     10.424     9.4548   999.8109 0.0000e+00
      7.333      0.012     0.0407      0.467     75.897  52.297174     0.5369      6.561  -115.7994 1.2369e-01     1.8385      7.192     10.431     9.4542   999.8110 0.0000e+00
      7.336      0.011     0.0384      0.484     75.912  52.308596     0.5953      6.561  -115.8984 1.2365e-01     1.6990      7.194     10.434     9.4518   999.8111 0.0000e+00
      7.338      0.010     0.0371      0.496     75.927  52.319922     0.6296      6.561  -116.0468 1.2364e-01     1.6230      7.196     10.437     9.4502   999.8113 0.0000e+00
      7.341      0.010     0.0363      0.506     75.910  52.307096     0.6361      6.562  -116.2168 1.2367e-01     1.6397      7.199     10.441     9.4504   999.8113 0.0000e+00
      7.343      0.010     0.0367      0.502     75.877  52.280536     0.6265      6.562  -116.3194 1.2367e-01     1.7294      7.201     10.444     9.4507   999.8112 0.0000e+00
      7.344      0.010     0.0395      0.496     75.842  52.252829     0.5993      6.562  -116.3405 1.2367e-01     1.8149      7.202     10.445     9.4509   999.8113 0.0000e+00
      7.347      0.011     0.0391      0.517     75.806  52.226141     0.5745      6.563  -116.2998 1.2370e-01     1.8149      7.204     10.448     9.4518   999.8112 0.0000e+00
      7.351      0.013     0.0409      0.532     75.790  52.211899     0.5660      6.563  -116.4298 1.2369e-01     1.7983      7.209     10.456     9.4521   999.8112 0.0000e+00
