Data/DataNotYetUploadedToEDI/Raw_CTD/RawDownloads/062819_ccr50.cnv
* Sea-Bird SBE19plus  Data File:
* FileName = C:\DATA\062819_ccr50_0003.hex
* Software version 2.8.0.119
* Temperature SN = 7809
* Conductivity SN = 7809
* System UpLoad Time = Jun 28 2019 15:14:05
* <ApplicationData>
* <Seaterm232>
# nquan = 18
# nvalues = 2653                        
# units = specified
# name 0 = depFM: Depth [fresh water, m]
# name 1 = tv290C: Temperature [ITS-90, deg C]
# name 2 = sbeox0Mg/L: Oxygen, SBE 43 [mg/l]
# name 3 = sbeox0PS: Oxygen, SBE 43 [% saturation]
# name 4 = c0uS/cm: Conductivity [uS/cm]
# name 5 = specc: Specific Conductance [uS/cm]
# name 6 = ph: pH
# name 7 = orp: Oxidation Reduction Potential [mV]
# name 8 = flECO-AFL: Fluorescence, WET Labs ECO-AFL/FL [mg/m^3]
# name 9 = turbWETntu0: Turbidity, WET Labs ECO [NTU]
# name 10 = sal00: Salinity, Practical [PSU]
# name 11 = dz/dtM: Descent Rate [m/s]
# name 12 = prdM: Pressure, Strain Gauge [db]
# name 13 = prdE: Pressure, Strain Gauge [psi]
# name 14 = scan: Scan Count
# name 15 = par/sat/log: PAR/Logarithmic, Satlantic
# name 16 = density00: Density [density, kg/m^3]
# name 17 = flag:  0.000e+00
# span 0 =     -0.049,     21.125       
# span 1 =     8.8333,    28.7302       
# span 2 =     0.3743,     9.0482       
# span 3 =      3.230,    114.303       
# span 4 =  43.636041, 177.519688       
# span 5 =     58.722,    262.140       
# span 6 =      6.329,      7.026       
# span 7 =   -31.5092,   355.7705       
# span 8 =    -0.1522,     1.5683       
# span 9 =    -2.3014,    18.0161       
# span 10 =     0.0304,     0.1221      
# span 11 =     -0.159,      0.190      
# span 12 =     -0.047,     20.716      
# span 13 =     -0.067,     30.046      
# span 14 =          1,       2653      
# span 15 = -1.472e+02, 3.0201e+03      
# span 16 =   996.0532,   999.9888      
# span 17 = 0.0000e+00, 0.0000e+00      
# interval = seconds: 0.25
# start_time = Jun 28 2019 11:14:23 [Instrument's time stamp, header]
# bad_flag = -9.990e-29
*END*
[from data line 161]
     -0.014    27.9338     5.0360     64.279  66.807210     63.097      6.792   257.5688     0.1263     0.2365     0.0361      0.005     -0.014     -0.020        162 7.7527e+02   996.2809 0.0000e+00
     -0.017    27.9402     4.9989     63.813  66.873063     63.154      6.788   257.6066     0.1378    -0.0807     0.0361      0.004     -0.015     -0.022        163 6.9818e+02   996.2819 0.0000e+00
     -0.016    27.9415     4.9649     63.385  66.844126     63.151      6.793   257.9474     0.1034     0.0058     0.0361      0.003     -0.014     -0.021        164 7.8953e+02   996.2811 0.0000e+00
     -0.013    27.9341     4.9259     62.889  66.754184     63.011      6.792   257.6824     0.1034     0.0058     0.0361      0.001     -0.012     -0.017        165 9.1848e+02   996.2793 0.0000e+00
     -0.009    27.9224     4.8987     62.546  66.777239     63.089      6.791   257.6445     0.0691     0.0058     0.0361      0.001     -0.008     -0.013        166 1.0269e+03   996.2790 0.0000e+00
     -0.006    27.9134     4.8720     62.212  66.696718     62.966      6.794   257.8338     0.0424     0.2798     0.0361      0.002     -0.007     -0.011        167 8.1960e+02   996.2811 0.0000e+00
     -0.007    27.9125     4.8469     61.895  66.706001     63.032      6.792   257.9474     0.0577     0.4384     0.0361      0.003     -0.008     -0.011        168 6.5724e+02   996.2844 0.0000e+00
     -0.009    27.9189     4.8246     61.605  66.825053     63.123      6.794   258.2881     0.0691     0.2942     0.0361      0.004     -0.009     -0.012        169 7.1841e+02   996.2870 0.0000e+00
     -0.009    27.9270     4.8032     61.317  66.904714     63.229      6.793   258.5152     0.0462     0.2654     0.0362      0.004     -0.009     -0.013        170 9.2183e+02   996.2873 0.0000e+00
     -0.010    27.9333     4.8884     62.318  66.933333     63.221      6.794   258.5909     0.1111     0.2509     0.0362      0.004     -0.010     -0.014        171 7.5963e+02   996.2855 0.0000e+00
     -0.011    27.9392     5.4000     68.622  66.967506     63.264      6.793   258.4774     0.1187     0.2798     0.0362      0.001     -0.010     -0.015        172 6.6703e+02   996.2832 0.0000e+00
     -0.010    27.9458     6.3130     80.014  66.980895     63.257      6.791   258.7802     0.1263     0.2365     0.0362     -0.000     -0.009     -0.014        173 8.5366e+02   996.2814 0.0000e+00
     -0.009    27.9505     7.1766     90.819  67.035380     63.303      6.793   258.7424     0.1340     0.2942     0.0362     -0.001     -0.009     -0.013        174 8.4541e+02   996.2798 0.0000e+00
     -0.009    27.9533     7.9002     99.889  67.018412     63.295      6.792   258.5909     0.1034     0.0347     0.0362     -0.001     -0.010     -0.014        175 8.1731e+02   996.2779 0.0000e+00
     -0.011    27.9573     8.4663    106.990  67.002007     63.237      6.791   258.8181     0.1111     0.1212     0.0362     -0.001     -0.011     -0.016        176 6.6683e+02   996.2765 0.0000e+00
     -0.014    27.9626     8.8281    111.526  67.026112     63.312      6.794   259.1967     0.0996     0.0491     0.0362     -0.001     -0.013     -0.018        177 7.7203e+02   996.2757 0.0000e+00
     -0.014    27.9661     9.0275    114.036  67.018089     63.228      6.793   258.8559     0.1111     0.0058     0.0362     -0.002     -0.013     -0.019        178 8.8462e+02   996.2746 0.0000e+00
     -0.014    27.9611     9.0482    114.303  66.804233     63.116      6.795   259.1588     0.0691     0.0923     0.0361     -0.002     -0.013     -0.019        179 7.6555e+02   996.2730 0.0000e+00
     -0.012    27.9476     8.9189    112.680  66.906421     63.059      6.795   259.2724     0.0538     0.0635     0.0361     -0.002     -0.011     -0.017        180 6.8190e+02   996.2721 0.0000e+00
     -0.009    27.8658     8.7210    110.192  66.356701     62.801      6.796   259.4238     0.0462     0.1500     0.0360     -0.001     -0.009     -0.013        181 5.3481e+02   996.2733 0.0000e+00
     -0.009    27.6935     8.5603    108.164  64.401940     60.652      6.794   259.3481     0.0538     0.0635     0.0351     -0.000     -0.008     -0.012        182 7.2573e+02   996.2766 0.0000e+00
     -0.009    27.5430     8.4388    106.631  63.670883     60.292      6.797   259.6131     0.0424     0.0491     0.0349      0.001     -0.009     -0.013        183 8.6495e+02   996.2995 0.0000e+00
     -0.011    27.4569     8.3563    105.593  63.764792     60.443      6.795   259.6509     0.0805     0.0347     0.0349      0.002     -0.011     -0.016        184 7.3238e+02   996.3482 0.0000e+00
     -0.013    27.4070     8.2965    104.829  63.662035     60.614      6.798   259.4238     0.0500     0.0635     0.0350      0.001     -0.012     -0.018        185 7.8273e+02   996.3905 0.0000e+00
     -0.013    27.3778     8.2492    104.224  63.680189     60.661      6.799   259.3481     0.0691     0.1356     0.0350      0.000     -0.012     -0.017        186 8.0934e+02   996.4146 0.0000e+00
     -0.009    27.3597     8.2194    103.852  63.623583     60.718      6.795   259.6888     0.0310    -0.0951     0.0350      0.000     -0.008     -0.012        187 8.0653e+02   996.4285 0.0000e+00
     -0.003    27.3549     8.1958    103.570  63.673177     60.752      6.797   259.5374     0.1225     0.2509     0.0350      0.001     -0.004     -0.006        188 7.5285e+02   996.4367 0.0000e+00
     -0.001    27.3576     8.1772    103.354  63.737194     60.880      6.796   259.9538     0.1111     0.3086     0.0350      0.003     -0.002     -0.004        189 6.7170e+02   996.4417 0.0000e+00
     -0.004    27.3632     8.1631    103.195  63.721978     60.832      6.799   259.4995     0.1111     0.2654     0.0350      0.004     -0.004     -0.006        190 7.5676e+02   996.4431 0.0000e+00
     -0.006    27.3689     8.1514    103.055  63.692119     60.828      6.800   259.3481     0.1263     0.3086     0.0350      0.004     -0.006     -0.009        191 7.5219e+02   996.4423 0.0000e+00
     -0.008    27.3707     8.1406    102.918  63.715001     60.822      6.797   259.6888     0.1568     0.1067     0.0350      0.004     -0.007     -0.011        192 7.3795e+02   996.4408 0.0000e+00
     -0.009    27.3720     8.1370    102.870  63.693498     60.815      6.795   260.0674     0.1111     0.0779     0.0350      0.002     -0.007     -0.011        193 7.9160e+02   996.4391 0.0000e+00
     -0.005    27.3738     8.1402    102.910  63.718877     60.813      6.792   260.1431     0.1073     0.0491     0.0350      0.001     -0.006     -0.009        194 7.2895e+02   996.4387 0.0000e+00
     -0.004    27.3696     8.1331    102.822  63.742763     60.865      6.793   259.9917     0.1263     0.0058     0.0350     -0.000     -0.004     -0.005        195 6.4195e+02   996.4383 0.0000e+00
     -0.001    27.3656     8.1342    102.836  63.723119     60.809      6.794   260.1431     0.1034     0.3230     0.0350     -0.000     -0.002     -0.002        196 7.3001e+02   996.4378 0.0000e+00
     -0.001    27.3681     8.1421    102.930  63.743324     60.868      6.792   260.2945     0.1301     0.2221     0.0350      0.001     -0.002     -0.002        197 7.3687e+02   996.4390 0.0000e+00
     -0.003    27.3766     8.1457    102.968  63.717622     60.819      6.791   260.4838     0.1263     0.3086     0.0350      0.003     -0.003     -0.004        198 7.1145e+02   996.4401 0.0000e+00
     -0.006    27.3874     8.1435    102.932  63.755106     60.870      6.791   260.4838     0.1034     0.2654     0.0350      0.003     -0.005     -0.007        199 6.8382e+02   996.4394 0.0000e+00
     -0.006    27.3973     8.1443    102.939  63.756021     60.860      6.790   260.6352     0.0958    -0.0086     0.0350      0.002     -0.005     -0.008        200 7.1109e+02   996.4370 0.0000e+00
     -0.004    27.4018     8.1457    102.957  63.716477     60.794      6.791   260.3324     0.1034     0.0347     0.0350      0.001     -0.003     -0.005        201 7.6307e+02   996.4341 0.0000e+00
      0.000    27.4012     8.1472    102.973  63.744959     60.835      6.792   260.6352     0.1187    -0.0086     0.0350      0.000     -0.000     -0.001        202 7.2282e+02   996.4313 0.0000e+00
      0.002    27.4002     8.1504    103.022  63.720566     60.777      6.796   260.5217     0.1034    -0.0086     0.0350      0.001      0.001      0.001        203 7.7048e+02   996.4300 0.0000e+00
      0.001    27.4000     8.1528    103.065  63.746830     60.831      6.793   260.6352     0.0424     0.3086     0.0350      0.002      0.001      0.001        204 7.8399e+02   996.4303 0.0000e+00
      0.000    27.4009     8.1534    103.071  63.712276     60.779      6.794   260.7109     0.0386     0.3086     0.0350      0.002      0.000      0.000        205 7.3809e+02   996.4305 0.0000e+00
     -0.001    27.4010     8.1445    102.946  63.704223     60.779      6.795   261.0517     0.0500     0.1788     0.0350      0.003     -0.001     -0.001        206 7.4255e+02   996.4305 0.0000e+00
     -0.001    27.3980     8.1350    102.828  63.756852     60.832      6.794   260.9759     0.0310     0.1788     0.0350      0.003     -0.001     -0.001        207 7.9993e+02   996.4303 0.0000e+00
      0.000    27.3934     8.1324    102.804  63.765477     60.831      6.795   260.7109     0.0538     0.0635     0.0350      0.002      0.000      0.001        208 6.9889e+02   996.4302 0.0000e+00
      0.003    27.3894     8.1344    102.835  63.752838     60.835      6.798   261.1652     0.0577     0.0779     0.0350      0.001      0.002      0.004        209 6.1065e+02   996.4311 0.0000e+00
      0.004    27.3880     8.1366    102.874  63.713232     60.787      6.797   261.2788     0.0462    -0.0951     0.0350      0.001      0.004      0.006        210 9.0122e+02   996.4324 0.0000e+00
      0.006    27.3874     8.1370    102.880  63.755421     60.845      6.797   261.3924     0.0271     0.0923     0.0350      0.002      0.005      0.007        211 9.3253e+02   996.4335 0.0000e+00
      0.005    27.3862     8.1379    102.879  63.759687     60.847      6.798   261.2788     0.0310     0.0058     0.0350      0.003      0.005      0.007        212 7.3289e+02   996.4339 0.0000e+00
      0.005    27.3903     8.1395    102.890  63.707923     60.794      6.796   261.2788     0.1149     0.0347     0.0350      0.003      0.005      0.007        213 8.5106e+02   996.4341 0.0000e+00
      0.005    27.3975     8.1372    102.857  63.760493     60.849      6.796   261.5059     0.1073     0.0347     0.0350      0.003      0.006      0.008        214 8.2537e+02   996.4344 0.0000e+00
      0.008    27.3965     8.1357    102.836  63.812963     60.897      6.797   261.5438     0.1111     0.0923     0.0351      0.004      0.007      0.011        215 7.7381e+02   996.4333 0.0000e+00
      0.010    27.3904     8.1259    102.713  63.701970     60.782      6.795   261.5059     0.0958    -0.0374     0.0350      0.004      0.009      0.014        216 7.5849e+02   996.4312 0.0000e+00
      0.012    27.3913     8.1235    102.684  63.661222     60.730      6.797   261.4302     0.1034     0.0347     0.0350      0.004      0.011      0.016        217 6.7210e+02   996.4316 0.0000e+00
      0.012    27.3959     8.1301    102.772  63.744976     60.844      6.792   261.4681     0.1034     0.0635     0.0350      0.004      0.011      0.016        218 8.9300e+02   996.4334 0.0000e+00
      0.010    27.3997     8.1318    102.807  63.775790     60.843      6.791   261.5817     0.1263     0.1212     0.0350      0.004      0.010      0.015        219 9.1608e+02   996.4331 0.0000e+00
      0.010    27.4053     8.1374    102.894  63.800922     60.890      6.788   261.6574     0.1263     0.0058     0.0351      0.003      0.009      0.014        220 7.7001e+02   996.4317 0.0000e+00
      0.010    27.4055     8.1488    103.053  63.773045     60.833      6.789   261.8467    -0.0034     0.4384     0.0350      0.003      0.010      0.015        221 1.0935e+03   996.4307 0.0000e+00
      0.014    27.3991     8.1629    103.235  63.751129     60.826      6.787   261.7709     0.0004     0.5826     0.0350      0.002      0.012      0.018        222 9.8406e+02   996.4292 0.0000e+00
      0.014    27.3939     8.1711    103.335  63.709497     60.773      6.784   262.1495    -0.0263     0.5393     0.0350      0.002      0.014      0.020        223 7.1482e+02   996.4291 0.0000e+00
      0.014    27.3914     8.1660    103.263  63.706159     60.780      6.781   262.0359     0.0004     0.4817     0.0350      0.002      0.014      0.020        224 6.7740e+02   996.4308 0.0000e+00
      0.014    27.3910     8.1490    103.045  63.755285     60.840      6.782   262.2252     0.0538     0.2942     0.0350      0.002      0.013      0.019        225 6.3355e+02   996.4323 0.0000e+00
      0.012    27.3915     8.1351    102.876  63.707711     60.789      6.781   261.9602     0.0577     0.3807     0.0350      0.002      0.013      0.018        226 6.6647e+02   996.4329 0.0000e+00
      0.013    27.3917     8.1279    102.788  63.706017     60.790      6.783   262.1874     0.0538     0.2798     0.0350      0.002      0.013      0.018        227 6.8999e+02   996.4331 0.0000e+00
      0.012    27.3945     8.1218    102.708  63.698045     60.789      6.785   262.1117     0.0310     0.2798     0.0350      0.001      0.012      0.016        228 8.2527e+02   996.4330 0.0000e+00
      0.009    27.4016     8.1208    102.691  63.717632     60.789      6.787   261.9981     0.1263     0.0923     0.0350     -0.001      0.010      0.014        229 8.7399e+02   996.4329 0.0000e+00
      0.008    27.4103     8.1181    102.660  63.800339     60.893      6.786   262.4902     0.1225    -0.0519     0.0351     -0.003      0.009      0.012        230 7.3044e+02   996.4321 0.0000e+00
      0.008    27.4182     8.1156    102.641  63.773161     60.830      6.788   262.3388     0.1149     0.0923     0.0350     -0.004      0.009      0.012        231 6.7423e+02   996.4301 0.0000e+00
      0.010    27.4208     8.1057    102.504  63.810798     60.874      6.790   262.4145     0.1034     0.0635     0.0351     -0.003      0.009      0.013        232 8.1063e+02   996.4277 0.0000e+00
      0.009    27.4184     8.1010    102.422  63.812842     60.864      6.792   262.4145     0.0386     0.1933     0.0351     -0.003      0.010      0.014        233 6.4917e+02   996.4255 0.0000e+00
      0.011    27.4144     8.1021    102.411  63.770611     60.808      6.793   262.3767     0.0538     0.2942     0.0350     -0.001      0.012      0.016        234 7.5820e+02   996.4248 0.0000e+00
      0.015    27.4132     8.1062    102.453  63.804003     60.864      6.791   262.6038     0.0462     0.3951     0.0351      0.000      0.015      0.021        235 7.9903e+02   996.4255 0.0000e+00
      0.018    27.4170     8.1093    102.499  63.771288     60.816      6.793   262.5659     0.0653     0.2654     0.0350      0.003      0.017      0.025        236 5.9781e+02   996.4266 0.0000e+00
      0.018    27.4182     8.1043    102.443  63.751978     60.817      6.792   262.5659     0.0462     0.0635     0.0350      0.005      0.018      0.026        237 6.9313e+02   996.4269 0.0000e+00
      0.018    27.4166     8.1082    102.493  63.768686     60.813      6.793   262.3388     0.0615     0.0635     0.0350      0.006      0.017      0.025        238 7.4887e+02   996.4260 0.0000e+00
      0.017    27.4142     8.1100    102.520  63.750494     60.811      6.795   262.6038     0.0538    -0.0230     0.0350      0.006      0.016      0.024        239 6.5708e+02   996.4255 0.0000e+00
      0.016    27.4166     8.0974    102.396  63.715267     60.760      6.792   262.7552     0.0805     0.0491     0.0350      0.004      0.016      0.024        240 7.0557e+02   996.4259 0.0000e+00
      0.018    27.4223     8.1010    102.488  63.753177     60.816      6.796   262.6795     0.0157     0.0635     0.0350      0.004      0.018      0.026        241 8.0683e+02   996.4266 0.0000e+00
