Data/DataNotYetUploadedToEDI/Raw_CTD/RawDownloads/062819_shr50.cnv
* Sea-Bird SBE19plus  Data File:
* FileName = C:\DATA\062819_ccr50_0004.hex
* Software version 2.8.0.119
* Temperature SN = 7809
* Conductivity SN = 7809
* System UpLoad Time = Jun 28 2019 15:15:57
* <ApplicationData>
* <Seaterm232>
# nquan = 18
# nvalues = 3854                        
# units = specified
# name 0 = depFM: Depth [fresh water, m]
# name 1 = tv290C: Temperature [ITS-90, deg C]
# name 2 = sbeox0Mg/L: Oxygen, SBE 43 [mg/l]
# name 3 = sbeox0PS: Oxygen, SBE 43 [% saturation]
# name 4 = c0uS/cm: Conductivity [uS/cm]
# name 5 = specc: Specific Conductance [uS/cm]
# name 6 = ph: pH
# name 7 = orp: Oxidation Reduction Potential [mV]
# name 8 = flECO-AFL: Fluorescence, WET Labs ECO-AFL/FL [mg/m^3]
# name 9 = turbWETntu0: Turbidity, WET Labs ECO [NTU]
# name 10 = sal00: Salinity, Practical [PSU]
# name 11 = dz/dtM: Descent Rate [m/s]
# name 12 = prdM: Pressure, Strain Gauge [db]
# name 13 = prdE: Pressure, Strain Gauge [psi]
# name 14 = scan: Scan Count
# name 15 = par/sat/log: PAR/Logarithmic, Satlantic
# name 16 = density00: Density [density, kg/m^3]
# name 17 = flag:  0.000e+00
# span 0 =     -0.429,     63.042       
# span 1 =     6.6044,    33.6155       
# span 2 =     4.2490,    15.7198       
# span 3 =     55.081,    173.362       
# span 4 =   0.578326, 320.044703       
# span 5 =      0.776,    322.123       
# span 6 =      5.890,      8.192       
# span 7 =   -70.1993,  1240.2295       
# span 8 =    -0.1674,     1.3928       
# span 9 =    -0.6863,    12.6087       
# span 10 =     0.0146,     0.1526      
# span 11 =     -0.090,      0.364      
# span 12 =     -0.420,     61.821      
# span 13 =     -0.610,     89.664      
# span 14 =          1,       3854      
# span 15 = 1.2156e-01, 7.1064e+02      
# span 16 =   994.5088,  1000.3370      
# span 17 = 0.0000e+00, 0.0000e+00      
# interval = seconds: 0.25
# start_time = Jun 28 2019 13:30:41 [Instrument's time stamp, header]
# bad_flag = -9.990e-29
*END*
[from data line 1287]
     16.096    12.9689    11.0051    104.421 241.687980    318.185      8.116   271.7274     1.3242    -0.2682     0.1509      0.099     15.785     22.894       1288 1.0011e+01   999.5742 0.0000e+00
     16.120    12.9647    10.9996    104.362 241.675123    318.202      8.118   270.5917     1.3242    -0.2105     0.1510      0.098     15.807     22.927       1289 9.9496e+00   999.5745 0.0000e+00
     16.141    12.9603    11.0090    104.450 241.620308    318.159      8.117   270.2510     1.3280    -0.2393     0.1509      0.095     15.828     22.958       1290 9.8938e+00   999.5751 0.0000e+00
     16.162    12.9557    11.0299    104.650 241.576596    318.120      8.116   269.9481     1.3203     0.2077     0.1509      0.092     15.848     22.986       1291 9.8331e+00   999.5758 0.0000e+00
     16.178    12.9520    11.0538    104.876 241.609793    318.231      8.118   269.7967     1.3013     0.0058     0.1510      0.087     15.865     23.010       1292 9.7865e+00   999.5764 0.0000e+00
     16.193    12.9501    11.0826    105.145 241.579010    318.196      8.117   270.5160     1.2822     0.1500     0.1509      0.083     15.879     23.030       1293 9.7545e+00   999.5771 0.0000e+00
     16.205    12.9498    11.0911    105.223 241.555050    318.227      8.118   269.7967     1.3203     0.1644     0.1510      0.077     15.892     23.049       1294 9.6901e+00   999.5777 0.0000e+00
     16.218    12.9510    11.0918    105.228 241.519882    318.169      8.117   270.2131     1.1754    -0.1240     0.1509      0.071     15.904     23.067       1295 9.6734e+00   999.5779 0.0000e+00
     16.230    12.9539    11.0832    105.146 241.443170    318.096      8.112   269.7967     1.1716    -0.0807     0.1509      0.064     15.917     23.085       1296 9.6711e+00   999.5779 0.0000e+00
     16.244    12.9534    11.0733    105.052 241.351163    317.940      8.113   269.8724     1.1830    -0.2826     0.1508      0.059     15.930     23.104       1297 9.6159e+00   999.5778 0.0000e+00
     16.258    12.9490    11.0642    104.965 241.155413    317.688      8.116   269.8724     1.1983    -0.2105     0.1507      0.055     15.944     23.125       1298 9.5837e+00   999.5774 0.0000e+00
     16.275    12.9461    11.0531    104.859 241.028197    317.471      8.117   269.5317     1.0495    -0.0230     0.1506      0.053     15.960     23.148       1299 9.5377e+00   999.5775 0.0000e+00
     16.291    12.9455    11.0606    104.930 241.150264    317.732      8.115   270.3267     1.0686    -0.0086     0.1507      0.054     15.976     23.171       1300 9.4878e+00   999.5782 0.0000e+00
     16.307    12.9459    11.0664    104.985 241.153191    317.718      8.117   272.3331     1.0648     0.0923     0.1507      0.056     15.992     23.194       1301 9.4785e+00   999.5786 0.0000e+00
     16.323    12.9454    11.0809    105.123 241.174240    317.761      8.115   272.7874     1.0609     0.0058     0.1507      0.058     16.007     23.216       1302 9.4173e+00   999.5788 0.0000e+00
     16.338    12.9441    11.0975    105.281 241.213879    317.832      8.115   272.4845     1.2479    -0.1528     0.1508      0.060     16.021     23.237       1303 9.3785e+00   999.5789 0.0000e+00
     16.350    12.9430    11.1124    105.421 241.133798    317.687      8.115   272.6360     1.2708    -0.1095     0.1507      0.060     16.034     23.255       1304 9.3504e+00   999.5789 0.0000e+00
     16.362    12.9423    11.1198    105.491 241.214032    317.847      8.115   272.8631     1.2440    -0.1816     0.1508      0.059     16.045     23.272       1305 9.3262e+00   999.5791 0.0000e+00
     16.373    12.9420    11.1199    105.491 241.233774    317.856      8.113   271.9924     1.2288    -0.1528     0.1508      0.057     16.057     23.288       1306 9.3107e+00   999.5794 0.0000e+00
     16.386    12.9418    11.1169    105.461 241.228974    317.863      8.114   272.0681     1.2135    -0.1528     0.1508      0.054     16.069     23.307       1307 9.2549e+00   999.5796 0.0000e+00
     16.399    12.9417    11.1086    105.379 241.220009    317.865      8.116   272.1060     1.1906    -0.2682     0.1508      0.052     16.083     23.327       1308 9.2343e+00   999.5796 0.0000e+00
     16.416    12.9414    11.1022    105.316 241.155128    317.756      8.115   271.6895     1.1792    -0.1816     0.1507      0.051     16.099     23.350       1309 9.2158e+00   999.5797 0.0000e+00
     16.434    12.9412    11.0845    105.146 241.219912    317.867      8.113   271.9545     1.1945    -0.2393     0.1508      0.053     16.117     23.376       1310 9.1790e+00   999.5798 0.0000e+00
     16.455    12.9413    11.0702    105.009 241.229193    317.870      8.113   271.9545     1.2402    -0.1816     0.1508      0.056     16.137     23.404       1311 9.1166e+00   999.5800 0.0000e+00
     16.474    12.9415    11.0564    104.873 241.173518    317.796      8.114   272.1817     1.2631    -0.1672     0.1507      0.061     16.156     23.432       1312 9.0558e+00   999.5801 0.0000e+00
     16.493    12.9415    11.0407    104.715 241.169461    317.796      8.112   272.3710     1.2593    -0.3114     0.1507      0.065     16.174     23.458       1313 9.0220e+00   999.5801 0.0000e+00
     16.511    12.9412    11.0184    104.494 241.174371    317.795      8.113   272.1438     1.2364    -0.2682     0.1507      0.069     16.192     23.485       1314 8.9850e+00   999.5802 0.0000e+00
     16.531    12.9410    11.0132    104.435 241.107538    317.720      8.114   272.5224     1.1945    -0.1816     0.1507      0.072     16.211     23.512       1315 8.9456e+00   999.5803 0.0000e+00
     16.550    12.9406    10.9965    104.268 241.162832    317.759      8.114   273.0146     1.1792    -0.1672     0.1507      0.074     16.230     23.539       1316 8.9054e+00   999.5804 0.0000e+00
     16.569    12.9399    10.9789    104.094 241.315110    318.021      8.115   271.6517     1.1754    -0.2393     0.1508      0.075     16.249     23.566       1317 8.8740e+00   999.5806 0.0000e+00
     16.588    12.9387    10.9593    103.902 241.307192    317.950      8.114   270.9324     1.1716    -0.1961     0.1508      0.075     16.267     23.593       1318 8.8061e+00   999.5807 0.0000e+00
     16.606    12.9375    10.9472    103.783 241.442107    318.180      8.112   270.7810     1.1182    -0.2393     0.1509      0.074     16.285     23.619       1319 8.7658e+00   999.5810 0.0000e+00
     16.623    12.9369    10.9405    103.716 241.626182    318.413      8.111   270.7810     1.1182    -0.1240     0.1510      0.074     16.302     23.644       1320 8.7431e+00   999.5813 0.0000e+00
     16.641    12.9361    10.9289    103.603 241.616958    318.423      8.111   270.5917     1.1334    -0.1528     0.1510      0.073     16.319     23.669       1321 8.6809e+00   999.5815 0.0000e+00
     16.658    12.9338    10.9164    103.482 241.573335    318.353      8.112   270.6674     1.1182    -0.1528     0.1510      0.072     16.336     23.694       1322 8.6249e+00   999.5817 0.0000e+00
     16.675    12.9301    10.9080    103.401 241.500862    318.285      8.114   270.7810     1.1334    -0.1528     0.1510      0.071     16.353     23.718       1323 8.6089e+00   999.5818 0.0000e+00
     16.691    12.9258    10.8906    103.235 241.437733    318.193      8.112   270.2888     1.1296    -0.2105     0.1509      0.069     16.368     23.740       1324 8.5668e+00   999.5821 0.0000e+00
     16.707    12.9218    10.8750    103.085 241.502228    318.336      8.113   270.5538     1.1411    -0.0519     0.1510      0.068     16.384     23.764       1325 8.5090e+00   999.5827 0.0000e+00
     16.726    12.9182    10.8619    102.959 241.510419    318.372      8.110   271.8410     1.1258    -0.2682     0.1510      0.067     16.402     23.789       1326 8.4703e+00   999.5834 0.0000e+00
     16.742    12.9151    10.8428    102.776 241.457490    318.332      8.112   272.4088     1.1334     0.0347     0.1510      0.067     16.418     23.813       1327 8.4174e+00   999.5839 0.0000e+00
     16.758    12.9124    10.8199    102.558 241.448370    318.362      8.113   272.1060     1.1258     0.0058     0.1510      0.066     16.433     23.834       1328 8.3955e+00   999.5845 0.0000e+00
     16.771    12.9103    10.7970    102.338 241.402039    318.314      8.110   272.2195     1.1143    -0.0951     0.1510      0.065     16.446     23.853       1329 8.3609e+00   999.5849 0.0000e+00
     16.783    12.9090    10.7858    102.231 241.335547    318.261      8.111   272.0681     1.1182     0.0923     0.1510      0.062     16.457     23.870       1330 8.3455e+00   999.5853 0.0000e+00
     16.792    12.9077    10.7840    102.214 241.321580    318.242      8.111   272.3331     1.1372    -0.2682     0.1509      0.059     16.467     23.884       1331 8.3307e+00   999.5856 0.0000e+00
     16.801    12.9068    10.7932    102.300 241.329621    318.290      8.110   272.2574     1.1296    -0.1240     0.1510      0.055     16.477     23.898       1332 8.3203e+00   999.5858 0.0000e+00
     16.812    12.9063    10.8106    102.462 241.355482    318.301      8.112   272.7874     1.1525    -0.1961     0.1510      0.050     16.488     23.914       1333 8.2918e+00   999.5860 0.0000e+00
     16.827    12.9055    10.8403    102.744 241.319339    318.308      8.110   272.6738     1.1334    -0.1672     0.1510      0.047     16.502     23.934       1334 8.2394e+00   999.5862 0.0000e+00
     16.844    12.9048    10.8642    102.971 241.254863    318.164      8.111   272.7117     1.1868    -0.1672     0.1509      0.047     16.519     23.958       1335 8.2270e+00   999.5863 0.0000e+00
     16.862    12.9041    10.8862    103.180 241.315983    318.320      8.110   272.8253     1.1983    -0.1672     0.1510      0.049     16.536     23.982       1336 8.1757e+00   999.5865 0.0000e+00
     16.878    12.9032    10.9170    103.471 241.363022    318.326      8.113   273.1660     1.1945    -0.2249     0.1510      0.052     16.551     24.006       1337 8.1665e+00   999.5867 0.0000e+00
     16.894    12.9024    10.9401    103.690 241.375941    318.406      8.111   273.0524     1.1868    -0.1528     0.1510      0.056     16.567     24.029       1338 8.1636e+00   999.5869 0.0000e+00
     16.910    12.9014    10.9447    103.731 241.389717    318.376      8.106   272.9388     1.1868    -0.2249     0.1510      0.060     16.583     24.052       1339 8.1125e+00   999.5871 0.0000e+00
     16.926    12.9010    10.9493    103.771 241.435688    318.494      8.108   272.6360     1.1754    -0.1961     0.1511      0.063     16.600     24.076       1340 8.0520e+00   999.5873 0.0000e+00
     16.946    12.9009    10.9556    103.826 241.408540    318.429      8.108   273.2038     1.1906    -0.1672     0.1510      0.065     16.619     24.104       1341 8.0045e+00   999.5875 0.0000e+00
     16.968    12.9001    10.9525    103.792 241.393572    318.432      8.111   271.8410     1.1830    -0.2393     0.1510      0.067     16.640     24.135       1342 8.0172e+00   999.5876 0.0000e+00
     16.990    12.8995    10.9558    103.819 241.454320    318.507      8.109   271.2353     1.0609    -0.1816     0.1511      0.070     16.662     24.166       1343 7.9776e+00   999.5878 0.0000e+00
     17.013    12.8996    10.9636    103.891 241.392813    318.439      8.110   271.3110     1.0876    -0.1816     0.1510      0.074     16.684     24.198       1344 7.9244e+00   999.5880 0.0000e+00
     17.036    12.8997    10.9709    103.957 241.350378    318.370      8.108   271.3110     1.0457    -0.2393     0.1510      0.078     16.706     24.230       1345 7.8854e+00   999.5881 0.0000e+00
     17.057    12.8997    10.9868    104.103 241.357457    318.406      8.108   270.8567     1.0495    -0.1816     0.1510      0.082     16.727     24.261       1346 7.8295e+00   999.5882 0.0000e+00
     17.079    12.8995    11.0032    104.257 241.354071    318.368      8.107   271.6517     1.1372     0.0202     0.1510      0.085     16.747     24.290       1347 7.8019e+00   999.5883 0.0000e+00
     17.096    12.8991    11.0171    104.387 241.384529    318.443      8.107   271.3488     1.1334    -0.0663     0.1510      0.085     16.765     24.315       1348 7.8197e+00   999.5884 0.0000e+00
     17.111    12.8984    11.0301    104.507 241.349489    318.370      8.110   271.0838     1.1258     0.0923     0.1510      0.083     16.780     24.338       1349 7.8056e+00   999.5885 0.0000e+00
     17.127    12.8969    11.0369    104.568 241.337808    318.373      8.107   271.0838     1.1067     0.0058     0.1510      0.079     16.797     24.361       1350 7.7517e+00   999.5886 0.0000e+00
     17.146    12.8950    11.0389    104.584 241.339199    318.379      8.107   271.9167     1.1716    -0.2105     0.1510      0.075     16.815     24.387       1351 7.7287e+00   999.5888 0.0000e+00
     17.164    12.8929    11.0463    104.647 241.287893    318.317      8.107   272.7117     1.2021    -0.0807     0.1510      0.072     16.832     24.413       1352 7.7351e+00   999.5890 0.0000e+00
     17.181    12.8914    11.0385    104.560 241.311857    318.372      8.108   272.9010     1.1830    -0.2682     0.1510      0.070     16.850     24.438       1353 7.7067e+00   999.5894 0.0000e+00
     17.200    12.8901    11.0236    104.408 241.339318    318.424      8.108   273.3174     1.2097    -0.1816     0.1510      0.069     16.868     24.465       1354 7.6515e+00   999.5897 0.0000e+00
     17.220    12.8885    11.0072    104.249 241.283662    318.364      8.108   274.1503     1.0876    -0.1240     0.1510      0.069     16.887     24.493       1355 7.6423e+00   999.5900 0.0000e+00
     17.240    12.8872    10.9841    104.024 241.231451    318.299      8.109   274.6046     1.0609    -0.2105     0.1510      0.071     16.907     24.522       1356 7.5993e+00   999.5902 0.0000e+00
     17.262    12.8862    10.9716    103.896 241.224687    318.314      8.108   274.8317     1.0495    -0.1672     0.1510      0.074     16.928     24.553       1357 7.5520e+00   999.5905 0.0000e+00
     17.285    12.8853    10.9577    103.753 241.172346    318.250      8.109   274.5288     1.0686    -0.2249     0.1509      0.077     16.950     24.583       1358 7.5194e+00   999.5908 0.0000e+00
     17.305    12.8841    10.9397    103.575 241.236726    318.334      8.107   272.2953     1.0533    -0.2393     0.1510      0.078     16.970     24.612       1359 7.5072e+00   999.5910 0.0000e+00
     17.322    12.8827    10.9408    103.581 241.264314    318.414      8.107   270.4403     1.0876    -0.2537     0.1510      0.079     16.987     24.637       1360 7.5018e+00   999.5912 0.0000e+00
     17.338    12.8814    10.9402    103.569 241.167954    318.239      8.107   272.9388     1.0571    -0.2826     0.1509      0.079     17.003     24.662       1361 7.4594e+00   999.5914 0.0000e+00
     17.357    12.8784    10.9406    103.567 241.266844    318.436      8.105   273.4688     1.0419    -0.2105     0.1510      0.078     17.023     24.689       1362 7.4167e+00   999.5918 0.0000e+00
     17.381    12.8731    10.9463    103.616 241.231059    318.373      8.107   273.6581     1.2097    -0.2105     0.1510      0.077     17.045     24.722       1363 7.3801e+00   999.5920 0.0000e+00
     17.406    12.8684    10.9409    103.562 241.122689    318.249      8.107   274.2260     1.1830    -0.0807     0.1509      0.078     17.068     24.755       1364 7.3143e+00   999.5924 0.0000e+00
     17.426    12.8665    10.9450    103.598 241.102368    318.294      8.107   273.9610     1.1868    -0.1384     0.1509      0.079     17.089     24.785       1365 7.2804e+00   999.5932 0.0000e+00
     17.446    12.8641    10.9478    103.623 241.136624    318.335      8.106   273.0146     1.0991    -0.2105     0.1510      0.080     17.108     24.814       1366 7.2603e+00   999.5939 0.0000e+00
