Data/DataNotYetUploadedToEDI/Raw_CTD/RawDownloads/062820_fcr50a.cnv
* Sea-Bird SBE19plus  Data File:
* FileName = C:\DATA\062820_fcr50_0001.hex
* Software version 2.8.0.119 SB_Terminal.dll
* Temperature SN = 7809
* Conductivity SN = 7809
* System UpLoad Time = Jun 28 2020 22:18:23
* <ApplicationData>
* <Seaterm232>
# nquan = 16
# nvalues = 6707                        
# units = specified
# name 0 = depFM: Depth [fresh water, m]
# name 1 = dz/dtM: Descent Rate [m/s]
# name 2 = sbeox0ML/L: Oxygen, SBE 43 [ml/l]
# name 3 = sbeox0PS: Oxygen, SBE 43 [% saturation]
# name 4 = specc: Specific Conductance [uS/cm]
# name 5 = c0uS/cm: Conductivity [uS/cm]
# name 6 = flECO-AFL: Fluorescence, WET Labs ECO-AFL/FL [mg/m^3]
# name 7 = ph: pH
# name 8 = orp: Oxidation Reduction Potential [mV]
# name 9 = par/sat/log: PAR/Logarithmic, Satlantic
# name 10 = turbWETntu0: Turbidity, WET Labs ECO [NTU]
# name 11 = prdM: Pressure, Strain Gauge [db]
# name 12 = prdE: Pressure, Strain Gauge [psi]
# name 13 = tv290C: Temperature [ITS-90, deg C]
# name 14 = density00: Density [density, kg/m^3]
# name 15 = flag:  0.000e+00
# span 0 =     -0.707,      9.625       
# span 1 =     -0.409,      4.389       
# span 2 =     0.0305,     8.1494       
# span 3 =      0.402,    132.314       
# span 4 =      0.034,    101.477       
# span 5 =   0.032373,  69.165364       
# span 6 =    -0.9530,    22.0961       
# span 7 =      6.181,      8.837       
# span 8 =  -318.9591,  1240.2289       
# span 9 = 1.2349e-01, 5.8067e-01       
# span 10 =    -0.3249,   954.7852      
# span 11 =     -0.694,      9.439      
# span 12 =     -1.006,     13.690      
# span 13 =     9.0433,    23.5672      
# span 14 =   997.4214,   999.8620      
# span 15 = 0.0000e+00, 0.0000e+00      
# interval = seconds: 0.25
# start_time = Jun 28 2020 08:40:34 [Instrument's time stamp, header]
# bad_flag = -9.990e-29
*END*
[from data line 4972]
      8.255      0.003     0.0458      0.457     91.975  62.852587    -0.1413      6.830  -145.5303 1.2369e-01     1.8567      8.095     11.741     9.1639   999.8440 0.0000e+00
      8.256      0.002     0.0444      0.447     91.930  62.821537    -0.1368      6.830  -145.4768 1.2373e-01     1.9658      8.096     11.742     9.1642   999.8438 0.0000e+00
      8.257      0.001     0.0431      0.456     91.921  62.814995    -0.1077      6.829  -145.5807 1.2375e-01     2.1948      8.096     11.742     9.1650   999.8438 0.0000e+00
      8.258     -0.002     0.0398      0.458     91.952  62.837030    -0.0853      6.828  -145.7527 1.2372e-01     2.3244      8.098     11.745     9.1658   999.8437 0.0000e+00
      8.259     -0.006     0.0356      0.457     92.039  62.897324    -0.0851      6.828  -145.8363 1.2366e-01     2.3311      8.100     11.748     9.1663   999.8437 0.0000e+00
      8.257     -0.011     0.0354      0.487     92.054  62.908559    -0.1141      6.829  -145.9038 1.2364e-01     2.2076      8.099     11.746     9.1661   999.8437 0.0000e+00
      8.253     -0.016     0.0372      0.526     91.869  62.782233    -0.1792      6.829  -145.9664 1.2364e-01     1.9991      8.094     11.739     9.1658   999.8436 0.0000e+00
      8.247     -0.021     0.0375      0.528     91.661  62.640833    -0.2242      6.829  -145.9910 1.2365e-01     1.9037      8.088     11.730     9.1662   999.8436 0.0000e+00
      8.241     -0.025     0.0353      0.527     91.501  62.533352    -0.2190      6.829  -146.0289 1.2368e-01     1.8786      8.082     11.721     9.1667   999.8435 0.0000e+00
      8.233     -0.028     0.0383      0.525     91.355  62.435858    -0.2021      6.830  -146.0814 1.2368e-01     1.7984      8.074     11.711     9.1669   999.8436 0.0000e+00
      8.224     -0.029     0.0451      0.496     91.230  62.351667    -0.2006      6.831  -146.1085 1.2364e-01     1.6541      8.065     11.698     9.1668   999.8435 0.0000e+00
      8.216     -0.030     0.0418      0.491     91.027  62.214391    -0.2107      6.831  -146.0984 1.2360e-01     1.5420      8.056     11.685     9.1671   999.8433 0.0000e+00
      8.209     -0.030     0.0419      0.515     90.779  62.046930    -0.2290      6.831  -146.2184 1.2359e-01     1.5075      8.051     11.676     9.1682   999.8431 0.0000e+00
      8.203     -0.029     0.0446      0.512     90.584  61.915487    -0.2407      6.831  -146.4406 1.2359e-01     1.5128      8.045     11.669     9.1699   999.8429 0.0000e+00
      8.194     -0.028     0.0383      0.497     90.461  61.832438    -0.2283      6.832  -146.5467 1.2363e-01     1.5704      8.036     11.655     9.1708   999.8428 0.0000e+00
      8.185     -0.027     0.0378      0.499     90.421  61.805302    -0.2131      6.833  -146.5554 1.2369e-01     1.6209      8.026     11.640     9.1712   999.8426 0.0000e+00
      8.179     -0.027     0.0436      0.491     90.473  61.841566    -0.2093      6.833  -146.5460 1.2369e-01     1.6074      8.021     11.633     9.1723   999.8424 0.0000e+00
      8.174     -0.027     0.0416      0.485     90.542  61.889650    -0.2107      6.833  -146.5192 1.2369e-01     1.6480      8.017     11.628     9.1738   999.8422 0.0000e+00
      8.167     -0.027     0.0383      0.502     90.523  61.878338    -0.2209      6.832  -146.4890 1.2371e-01     1.7680      8.009     11.617     9.1740   999.8421 0.0000e+00
      8.160     -0.027     0.0417      0.532     90.453  61.831885    -0.2269      6.832  -146.4392 1.2371e-01     1.8576      8.002     11.606     9.1738   999.8421 0.0000e+00
      8.154     -0.028     0.0393      0.561     90.271  61.709247    -0.2171      6.832  -146.4337 1.2374e-01     1.9067      7.996     11.597     9.1744   999.8420 0.0000e+00
      8.147     -0.029     0.0382      0.575     89.927  61.475742    -0.2068      6.833  -146.5077 1.2376e-01     1.8471      7.990     11.588     9.1751   999.8420 0.0000e+00
      8.139     -0.029     0.0399      0.566     89.663  61.296082    -0.2082      6.834  -146.4738 1.2374e-01     1.6867      7.982     11.576     9.1758   999.8418 0.0000e+00
      8.130     -0.028     0.0430      0.546     89.601  61.252599    -0.2137      6.835  -146.4553 1.2371e-01     1.5810      7.972     11.562     9.1768   999.8417 0.0000e+00
      8.122     -0.026     0.0456      0.544     89.531  61.204157    -0.2166      6.835  -146.5416 1.2370e-01     1.5642      7.965     11.552     9.1782   999.8415 0.0000e+00
      8.116     -0.022     0.0469      0.546     89.461  61.155149    -0.2239      6.835  -146.6566 1.2376e-01     1.5863      7.959     11.544     9.1794   999.8412 0.0000e+00
      8.110     -0.015     0.0463      0.529     89.575  61.231919    -0.2160      6.835  -146.8988 1.2380e-01     1.6078      7.953     11.535     9.1794   999.8411 0.0000e+00
      8.105     -0.006     0.0429      0.507     89.686  61.306347    -0.1785      6.835  -146.9758 1.2377e-01     1.6188      7.947     11.527     9.1785   999.8412 0.0000e+00
      8.103      0.002     0.0436      0.502     89.577  61.229028    -0.1528      6.835  -147.0711 1.2376e-01     1.5818      7.944     11.522     9.1780   999.8412 0.0000e+00
      8.107      0.009     0.0449      0.506     89.335  61.059534    -0.1534      6.835  -147.4490 1.2376e-01     1.5385      7.948     11.529     9.1775   999.8411 0.0000e+00
      8.113      0.015     0.0429      0.501     89.212  60.972591    -0.1474      6.835  -147.5004 1.2371e-01     1.6100      7.957     11.540     9.1770   999.8413 0.0000e+00
      8.118      0.017     0.0399      0.491     89.168  60.940286    -0.1278      6.835  -147.2632 1.2371e-01     1.7598      7.961     11.547     9.1767   999.8414 0.0000e+00
      8.124      0.016     0.0402      0.493     88.773  60.668927    -0.1249      6.835  -147.3347 1.2375e-01     1.8387      7.966     11.554     9.1748   999.8416 0.0000e+00
      8.130      0.014     0.0411      0.494     88.229  60.296687    -0.1318      6.835  -147.6765 1.2376e-01     1.8435      7.974     11.565     9.1721   999.8417 0.0000e+00
      8.133      0.011     0.0407      0.489     88.071  60.188305    -0.1443      6.836  -147.8681 1.2381e-01     1.7825      7.977     11.570     9.1706   999.8417 0.0000e+00
      8.133      0.007     0.0388      0.490     88.066  60.184490    -0.1815      6.837  -147.7583 1.2388e-01     1.6511      7.975     11.567     9.1699   999.8419 0.0000e+00
      8.134      0.005     0.0399      0.490     87.978  60.123482    -0.2100      6.837  -147.7250 1.2384e-01     1.5941      7.977     11.569     9.1687   999.8418 0.0000e+00
      8.136      0.003     0.0403      0.493     88.109  60.213107    -0.2118      6.837  -147.9816 1.2376e-01     1.6071      7.980     11.574     9.1685   999.8415 0.0000e+00
      8.136      0.002     0.0384      0.497     88.444  60.442153    -0.2118      6.837  -148.1072 1.2375e-01     1.6028      7.979     11.572     9.1687   999.8415 0.0000e+00
      8.136      0.002     0.0403      0.497     88.682  60.605511    -0.2203      6.838  -147.9542 1.2373e-01     1.5761      7.978     11.571     9.1678   999.8416 0.0000e+00
      8.137      0.002     0.0391      0.496     88.858  60.726880    -0.2288      6.838  -147.6807 1.2374e-01     1.5597      7.980     11.574     9.1671   999.8415 0.0000e+00
      8.137      0.002     0.0396      0.482     88.915  60.765921    -0.2284      6.837  -147.4664 1.2376e-01     1.5759      7.981     11.575     9.1670   999.8416 0.0000e+00
      8.137      0.002     0.0407      0.472     88.814  60.696327    -0.2066      6.836  -147.5144 1.2373e-01     1.6354      7.980     11.574     9.1675   999.8418 0.0000e+00
      8.138      0.002     0.0393      0.491     88.929  60.774970    -0.1746      6.836  -147.5732 1.2370e-01     1.7289      7.980     11.575     9.1680   999.8418 0.0000e+00
      8.138      0.003     0.0409      0.522     89.285  61.017854    -0.1570      6.836  -147.4032 1.2371e-01     1.7795      7.981     11.576     9.1686   999.8418 0.0000e+00
      8.138      0.004     0.0388      0.545     89.485  61.154993    -0.1562      6.836  -147.1796 1.2370e-01     1.8356      7.981     11.575     9.1686   999.8419 0.0000e+00
      8.139      0.005     0.0365      0.535     89.310  61.035230    -0.1649      6.837  -147.2780 1.2368e-01     1.8919      7.981     11.576     9.1682   999.8417 0.0000e+00
      8.140      0.004     0.0393      0.487     89.024  60.840604    -0.1757      6.837  -147.6469 1.2368e-01     1.8769      7.982     11.577     9.1683   999.8418 0.0000e+00
      8.144      0.003     0.0423      0.462     89.014  60.835039    -0.1916      6.837  -147.5098 1.2368e-01     1.8590      7.986     11.583     9.1682   999.8420 0.0000e+00
      8.147      0.001     0.0445      0.490     89.206  60.967954    -0.2044      6.837  -146.9970 1.2366e-01     1.8817      7.990     11.589     9.1683   999.8422 0.0000e+00
      8.147     -0.003     0.0452      0.510     89.325  61.049801    -0.2154      6.837  -147.0395 1.2369e-01     1.8774      7.991     11.590     9.1682   999.8420 0.0000e+00
      8.144     -0.008     0.0382      0.510     89.065  60.871558    -0.2303      6.836  -147.4211 1.2374e-01     1.7724      7.986     11.583     9.1683   999.8418 0.0000e+00
      8.141     -0.015     0.0343      0.505     88.471  60.464842    -0.2323      6.836  -147.2229 1.2371e-01     1.6418      7.983     11.578     9.1694   999.8418 0.0000e+00
      8.139     -0.021     0.0409      0.500     87.988  60.135148    -0.2198      6.836  -146.5361 1.2371e-01     1.6033      7.982     11.577     9.1706   999.8418 0.0000e+00
      8.134     -0.025     0.0415      0.502     87.786  59.998600    -0.2026      6.836  -146.4300 1.2371e-01     1.6161      7.978     11.572     9.1706   999.8419 0.0000e+00
      8.125     -0.028     0.0409      0.494     87.631  59.893982    -0.1775      6.837  -146.8007 1.2370e-01     1.5904      7.968     11.558     9.1701   999.8418 0.0000e+00
      8.113     -0.032     0.0409      0.469     87.340  59.696192    -0.1546      6.838  -146.7165 1.2374e-01     1.5677      7.954     11.536     9.1697   999.8415 0.0000e+00
      8.104     -0.035     0.0398      0.454     87.069  59.513207    -0.1547      6.838  -146.2721 1.2379e-01     1.5821      7.947     11.525     9.1700   999.8412 0.0000e+00
      8.099     -0.035     0.0408      0.455     86.988  59.460520    -0.1607      6.838  -146.1604 1.2379e-01     1.5922      7.944     11.521     9.1713   999.8410 0.0000e+00
      8.090     -0.032     0.0406      0.461     87.048  59.503900    -0.1505      6.838  -146.4841 1.2374e-01     1.5871      7.935     11.509     9.1719   999.8410 0.0000e+00
      8.079     -0.027     0.0373      0.479     87.362  59.720048    -0.1360      6.837  -146.6576 1.2364e-01     1.5891      7.921     11.489     9.1720   999.8408 0.0000e+00
      8.069     -0.019     0.0357      0.493     88.015  60.167859    -0.1384      6.837  -146.4513 1.2364e-01     1.5819      7.911     11.474     9.1734   999.8404 0.0000e+00
      8.064     -0.008     0.0373      0.504     88.553  60.534344    -0.1506      6.837  -146.2272 1.2369e-01     1.5694      7.908     11.469     9.1754   999.8402 0.0000e+00
      8.061      0.003     0.0360      0.521     88.739  60.656659    -0.1500      6.837  -146.2717 1.2373e-01     1.6438      7.904     11.463     9.1771   999.8402 0.0000e+00
      8.064      0.013     0.0392      0.523     88.800  60.693687    -0.1404      6.837  -146.3005 1.2376e-01     1.7600      7.904     11.464     9.1778   999.8401 0.0000e+00
      8.075      0.018     0.0400      0.532     88.760  60.664347    -0.1395      6.837  -146.1449 1.2376e-01     1.8073      7.919     11.486     9.1787   999.8405 0.0000e+00
      8.088      0.020     0.0397      0.567     88.508  60.492522    -0.1490      6.837  -146.1111 1.2373e-01     1.8031      7.936     11.510     9.1786   999.8408 0.0000e+00
      8.093      0.018     0.0431      0.576     88.178  60.268155    -0.1692      6.838  -146.4944 1.2370e-01     1.7439      7.938     11.514     9.1750   999.8411 0.0000e+00
      8.093      0.013     0.0422      0.535     88.042  60.175356    -0.2019      6.839  -146.9930 1.2372e-01     1.6405      7.935     11.510     9.1714   999.8414 0.0000e+00
      8.095      0.008     0.0410      0.516     88.072  60.196496    -0.2209      6.839  -146.9779 1.2380e-01     1.5825      7.939     11.514     9.1708   999.8414 0.0000e+00
      8.096      0.003     0.0465      0.521     87.993  60.142535    -0.2164      6.839  -146.5696 1.2379e-01     1.5922      7.941     11.517     9.1715   999.8413 0.0000e+00
      8.096      0.002     0.0496      0.504     87.831  60.031210    -0.1958      6.839  -146.5310 1.2367e-01     1.6887      7.938     11.514     9.1719   999.8411 0.0000e+00
      8.096      0.002     0.0411      0.491     87.965  60.121198    -0.1719      6.838  -147.0266 1.2361e-01     1.8229      7.938     11.514     9.1721   999.8410 0.0000e+00
      8.097      0.002     0.0405      0.491     88.381  60.404586    -0.1668      6.838  -147.3138 1.2366e-01     1.8424      7.941     11.518     9.1726   999.8410 0.0000e+00
      8.097      0.002     0.0439      0.486     88.760  60.661992    -0.1621      6.839  -147.1645 1.2373e-01     1.7864      7.941     11.517     9.1727   999.8410 0.0000e+00
      8.097      0.002     0.0398      0.487     88.992  60.819032    -0.1633      6.839  -147.2855 1.2375e-01     1.7637      7.939     11.515     9.1719   999.8409 0.0000e+00
      8.098      0.001     0.0389      0.492     89.028  60.841950    -0.1714      6.839  -147.9173 1.2375e-01     1.7048      7.941     11.518     9.1712   999.8410 0.0000e+00
      8.099      0.001     0.0401      0.476     88.893  60.748473    -0.1649      6.839  -148.2642 1.2370e-01     1.5895      7.943     11.521     9.1708   999.8413 0.0000e+00
      8.098      0.001     0.0391      0.473     88.739  60.641898    -0.1608      6.839  -148.0391 1.2362e-01     1.5373      7.941     11.519     9.1699   999.8415 0.0000e+00
      8.098      0.001     0.0383      0.503     88.635  60.569973    -0.1605      6.838  -147.9489 1.2360e-01     1.5880      7.941     11.518     9.1689   999.8417 0.0000e+00
      8.099      0.000     0.0413      0.514     88.461  60.450688    -0.1510      6.837  -148.3775 1.2360e-01     1.7569      7.943     11.520     9.1678   999.8418 0.0000e+00
      8.099     -0.001     0.0380      0.516     88.117  60.216233    -0.1410      6.838  -148.6615 1.2364e-01     1.9657      7.943     11.520     9.1671   999.8418 0.0000e+00
      8.099     -0.003     0.0357      0.529     87.738  59.959005    -0.1450      6.838  -148.4565 1.2373e-01     2.0531      7.943     11.521     9.1666   999.8417 0.0000e+00
      8.099     -0.006     0.0425      0.522     87.530  59.818500    -0.1513      6.838  -148.3087 1.2379e-01     2.0580      7.943     11.521     9.1662   999.8418 0.0000e+00
      8.097     -0.009     0.0416      0.497     87.482  59.788129    -0.1512      6.837  -148.5085 1.2380e-01     1.9562      7.941     11.518     9.1660   999.8417 0.0000e+00
      8.094     -0.011     0.0402      0.484     87.470  59.782397    -0.1525      6.836  -148.8077 1.2377e-01     1.7489      7.937     11.512     9.1662   999.8415 0.0000e+00
      8.090     -0.013     0.0441      0.481     87.418  59.749199    -0.1486      6.836  -148.8287 1.2373e-01     1.6462      7.933     11.505     9.1668   999.8413 0.0000e+00
      8.086     -0.015     0.0426      0.473     87.258  59.640877    -0.1418      6.835  -148.5052 1.2370e-01     1.6415      7.929     11.500     9.1680   999.8411 0.0000e+00
      8.082     -0.017     0.0393      0.465     87.035  59.489253    -0.1565      6.835  -148.1657 1.2373e-01     1.6917      7.926     11.496     9.1697   999.8410 0.0000e+00
      8.079     -0.018     0.0386      0.482     86.870  59.377232    -0.1923      6.835  -148.1651 1.2376e-01     1.7726      7.924     11.493     9.1711   999.8408 0.0000e+00
