Data/DataNotYetUploadedToEDI/Raw_CTD/RawDownloads/062820_fcr50a.cnv
* Sea-Bird SBE19plus  Data File:
* FileName = C:\DATA\062820_fcr50_0001.hex
* Software version 2.8.0.119 SB_Terminal.dll
* Temperature SN = 7809
* Conductivity SN = 7809
* System UpLoad Time = Jun 28 2020 22:18:23
* <ApplicationData>
* <Seaterm232>
# nquan = 16
# nvalues = 6707                        
# units = specified
# name 0 = depFM: Depth [fresh water, m]
# name 1 = dz/dtM: Descent Rate [m/s]
# name 2 = sbeox0ML/L: Oxygen, SBE 43 [ml/l]
# name 3 = sbeox0PS: Oxygen, SBE 43 [% saturation]
# name 4 = specc: Specific Conductance [uS/cm]
# name 5 = c0uS/cm: Conductivity [uS/cm]
# name 6 = flECO-AFL: Fluorescence, WET Labs ECO-AFL/FL [mg/m^3]
# name 7 = ph: pH
# name 8 = orp: Oxidation Reduction Potential [mV]
# name 9 = par/sat/log: PAR/Logarithmic, Satlantic
# name 10 = turbWETntu0: Turbidity, WET Labs ECO [NTU]
# name 11 = prdM: Pressure, Strain Gauge [db]
# name 12 = prdE: Pressure, Strain Gauge [psi]
# name 13 = tv290C: Temperature [ITS-90, deg C]
# name 14 = density00: Density [density, kg/m^3]
# name 15 = flag:  0.000e+00
# span 0 =     -0.707,      9.625       
# span 1 =     -0.409,      4.389       
# span 2 =     0.0305,     8.1494       
# span 3 =      0.402,    132.314       
# span 4 =      0.034,    101.477       
# span 5 =   0.032373,  69.165364       
# span 6 =    -0.9530,    22.0961       
# span 7 =      6.181,      8.837       
# span 8 =  -318.9591,  1240.2289       
# span 9 = 1.2349e-01, 5.8067e-01       
# span 10 =    -0.3249,   954.7852      
# span 11 =     -0.694,      9.439      
# span 12 =     -1.006,     13.690      
# span 13 =     9.0433,    23.5672      
# span 14 =   997.4214,   999.8620      
# span 15 = 0.0000e+00, 0.0000e+00      
# interval = seconds: 0.25
# start_time = Jun 28 2020 08:40:34 [Instrument's time stamp, header]
# bad_flag = -9.990e-29
*END*
[from data line 181]
      1.160 9.7294e-23     7.7282    124.436     31.672  29.161216     3.3291      8.061   230.9810 1.2382e-01     2.1818      1.137      1.649    21.1531   997.9819 0.0000e+00
      1.160 1.0702e-21     7.7304    124.581     31.552  29.021937     3.3262      8.057   230.9666 1.2380e-01     2.1503      1.137      1.648    21.1243   997.9882 0.0000e+00
      1.160 1.1773e-20     7.7351    124.732     31.441  28.885854     3.3478      8.055   230.7990 1.2380e-01     2.0966      1.137      1.649    21.0978   997.9939 0.0000e+00
      1.159 1.2950e-19     7.7427    124.865     31.430  28.847961     3.3898      8.052   230.6747 1.2380e-01     2.0809      1.136      1.648    21.0694   998.0001 0.0000e+00
      1.159 1.4245e-18     7.7560    124.954     31.402  28.817489     3.4047      8.049   230.4957 1.2373e-01     2.0977      1.137      1.649    21.0318   998.0082 0.0000e+00
      1.159 1.5669e-17     7.7720    125.019     31.272  28.707724     3.4043      8.045   229.9256 1.2365e-01     2.0945      1.137      1.649    20.9896   998.0173 0.0000e+00
      1.159 1.7236e-16     7.7906    125.122     31.090  28.535781     3.4706      8.042   229.2021 1.2370e-01     2.1451      1.137      1.649    20.9328   998.0296 0.0000e+00
      1.159 1.8960e-15     7.8095    125.231     30.894  28.324413     3.5969      8.039   228.8901 1.2375e-01     2.2630      1.137      1.649    20.8677   998.0437 0.0000e+00
      1.159 2.0856e-14     7.8152    125.276     30.730  28.118507     3.6629      8.035   228.9056 1.2370e-01     2.3530      1.137      1.649    20.8696   998.0432 0.0000e+00
      1.159 2.2941e-13     7.8102    125.281     30.626  27.949121     3.6681      8.031   229.1307 1.2368e-01     2.4081      1.137      1.648    20.9070   998.0351 0.0000e+00
      1.159 2.5236e-12     7.8185    125.289     30.549  27.798677     3.6692      8.029   229.5474 1.2368e-01     2.4147      1.137      1.649    20.9041   998.0356 0.0000e+00
      1.159 2.7759e-11     7.8363    125.327     30.515  27.694919     3.6665      8.026   229.7282 1.2364e-01     2.3996      1.138      1.650    20.8512   998.0470 0.0000e+00
      1.159 3.0535e-10     7.8522    125.442     30.525  27.645979     3.6633      8.022   229.0792 1.2365e-01     2.3967      1.137      1.649    20.7556   998.0674 0.0000e+00
      1.159 3.3589e-09     7.8710    125.652     30.508  27.587459     3.6592      8.018   228.0681 1.2370e-01     2.3789      1.137      1.649    20.6286   998.0945 0.0000e+00
      1.159 3.6947e-08     7.8931    125.954     30.439  27.494759     3.6649      8.014   227.7414 1.2369e-01     2.3912      1.137      1.649    20.4902   998.1238 0.0000e+00
      1.160 4.0642e-07     7.9132    126.349     30.371  27.413159     3.7225      8.010   227.8819 1.2367e-01     2.4761      1.137      1.649    20.3660   998.1499 0.0000e+00
      1.160      0.000     7.9348    126.721     30.331  27.361980     3.8220      8.008   228.1325 1.2371e-01     2.5808      1.137      1.649    20.2699   998.1701 0.0000e+00
      1.160      0.000     7.9606    127.030     30.296  27.319962     3.8760      8.006   228.3627 1.2370e-01     2.6280      1.137      1.649    20.2008   998.1846 0.0000e+00
      1.160      0.001     7.9842    127.340     30.267  27.285696     3.8794      8.001   228.3420 1.2368e-01     2.6004      1.137      1.649    20.1542   998.1943 0.0000e+00
      1.160      0.001     8.0193    127.580     30.250  27.264819     3.8438      7.997   227.8817 1.2365e-01     2.5559      1.138      1.650    20.1233   998.2007 0.0000e+00
      1.160      0.000     8.0488    127.696     30.247  27.257820     3.7706      7.993   227.1854 1.2361e-01     2.5367      1.137      1.649    20.0989   998.2056 0.0000e+00
      1.160 1.8474e-08     8.0653    127.716     30.257  27.264496     3.7289      7.990   226.8928 1.2361e-01     2.5402      1.138      1.650    20.0810   998.2093 0.0000e+00
      1.160 2.0321e-07     8.0925    127.674     30.277  27.282104     3.7299      7.987   226.9243 1.2362e-01     2.5975      1.138      1.651    20.0687   998.2119 0.0000e+00
      1.160 2.0321e-07     8.1095    127.619     30.275  27.280429     3.7440      7.983   227.0499 1.2362e-01     2.7144      1.138      1.650    20.0602   998.2137 0.0000e+00
      1.160 1.8474e-08     8.1167    127.574     30.235  27.244242     3.7665      7.979   227.2938 1.2362e-01     2.7869      1.138      1.650    20.0527   998.2152 0.0000e+00
      1.160 1.6794e-09     8.1190    127.541     30.216  27.225156     3.7827      7.975   227.2048 1.2371e-01     2.7877      1.138      1.650    20.0475   998.2163 0.0000e+00
      1.160 1.5267e-10     8.1139    127.498     30.237  27.239948     3.7873      7.971   226.6630 1.2381e-01     2.8263      1.138      1.650    20.0483   998.2161 0.0000e+00
      1.160 1.3880e-11     8.1101    127.425     30.236  27.232802     3.7839      7.968   226.2496 1.2374e-01     2.8764      1.138      1.650    20.0523   998.2153 0.0000e+00
      1.160 1.2618e-12     8.1065    127.334     30.211  27.202170     3.7604      7.964   226.0784 1.2363e-01     2.8437      1.138      1.650    20.0521   998.2153 0.0000e+00
      1.160 1.1471e-13     8.1066    127.236     30.204  27.186724     3.7318      7.961   225.8830 1.2361e-01     2.7751      1.138      1.650    20.0462   998.2166 0.0000e+00
      1.160 1.0428e-14     8.1050    127.131     30.199  27.172896     3.7338      7.957   225.7798 1.2365e-01     2.7671      1.138      1.650    20.0407   998.2177 0.0000e+00
      1.161 9.4800e-16     8.1016    127.041     30.197  27.161817     3.7471      7.954   225.8636 1.2370e-01     2.8501      1.138      1.651    20.0314   998.2196 0.0000e+00
      1.161 8.6180e-17     8.0977    126.992     30.226  27.179620     3.7300      7.951   226.0361 1.2372e-01     2.9542      1.138      1.651    20.0162   998.2227 0.0000e+00
      1.161 7.8345e-18     8.0944    126.974     30.252  27.197852     3.6892      7.947   226.1439 1.2367e-01     2.9964      1.138      1.650    20.0007   998.2259 0.0000e+00
      1.161 7.1225e-19     8.0900    126.972     30.250  27.191961     3.6644      7.943   225.9629 1.2364e-01     3.0167      1.138      1.651    19.9850   998.2291 0.0000e+00
      1.161 6.4750e-20     8.0852    126.979     30.232  27.171821     3.6680      7.940   225.7404 1.2368e-01     3.0623      1.138      1.651    19.9681   998.2326 0.0000e+00
      1.161 5.8865e-21     8.0858    127.000     30.207  27.144625     3.7234      7.937   225.5192 1.2371e-01     3.0325      1.138      1.651    19.9536   998.2356 0.0000e+00
      1.161 5.3510e-22     8.0859    127.030     30.182  27.116845     3.8185      7.933   225.1808 1.2372e-01     2.9318      1.139      1.651    19.9449   998.2374 0.0000e+00
      1.161 4.8647e-23     8.0870    127.052     30.158  27.089648     3.8643      7.931   225.0039 1.2372e-01     2.8747      1.139      1.652    19.9401   998.2384 0.0000e+00
      1.161 4.4227e-24     8.0876    127.027     30.142  27.069508     3.8676      7.928   225.3593 1.2367e-01     2.8575      1.138      1.651    19.9355   998.2394 0.0000e+00
      1.161 4.0511e-25     8.0906    126.942     30.141  27.063617     3.8766      7.924   226.0369 1.2364e-01     2.8603      1.139      1.651    19.9275   998.2410 0.0000e+00
      1.161 7.0329e-26     8.0944    126.881     30.165  27.081850     3.8776      7.920   226.2274 1.2370e-01     2.8408      1.139      1.652    19.9175   998.2430 0.0000e+00
      1.161 3.7490e-25     8.0979    126.877     30.187  27.099669     3.8708      7.915   225.9420 1.2375e-01     2.7925      1.139      1.651    19.9076   998.2450 0.0000e+00
      1.161 4.0877e-24     8.1000    126.886     30.176  27.088760     3.8709      7.911   225.5113 1.2378e-01     2.7917      1.139      1.651    19.8979   998.2470 0.0000e+00
      1.161 4.4961e-23     8.0921    126.901     30.163  27.076813     3.8793      7.907   225.1500 1.2379e-01     2.8656      1.139      1.651    19.8891   998.2488 0.0000e+00
      1.161 4.9458e-22     8.0881    126.901     30.168  27.082079     3.8862      7.903   225.3588 1.2379e-01     2.9989      1.138      1.651    19.8836   998.2500 0.0000e+00
      1.161 5.4403e-21     8.0912    126.867     30.173  27.088999     3.8782      7.900   225.9710 1.2381e-01     3.0644      1.139      1.652    19.8812   998.2505 0.0000e+00
      1.161 5.9844e-20     8.0907    126.835     30.179  27.097063     3.8677      7.897   226.1853 1.2380e-01     3.0057      1.139      1.651    19.8792   998.2509 0.0000e+00
      1.161 6.5828e-19     8.0925    126.822     30.197  27.116143     3.9023      7.893   226.0578 1.2371e-01     2.9414      1.139      1.652    19.8787   998.2510 0.0000e+00
      1.161 7.2411e-18     8.0937    126.809     30.208  27.129415     3.9725      7.889   225.8915 1.2360e-01     2.9047      1.139      1.651    19.8804   998.2506 0.0000e+00
      1.161 7.9652e-17     8.0886    126.771     30.206  27.130673     4.0110      7.885   225.5509 1.2358e-01     2.8708      1.139      1.652    19.8843   998.2499 0.0000e+00
      1.161 8.7617e-16     8.0862    126.734     30.203  27.131355     4.0151      7.882   225.2095 1.2361e-01     2.8418      1.139      1.652    19.8890   998.2489 0.0000e+00
      1.161 9.6379e-15     8.0846    126.730     30.206  27.137664     4.0131      7.878   225.2910 1.2364e-01     2.8276      1.138      1.651    19.8933   998.2480 0.0000e+00
      1.161 1.0602e-13     8.0844    126.748     30.207  27.143534     4.0346      7.873   225.7622 1.2368e-01     2.8371      1.139      1.651    19.8994   998.2467 0.0000e+00
      1.162 1.1662e-12     8.0797    126.790     30.196  27.138901     4.0927      7.870   226.0023 1.2372e-01     2.8531      1.139      1.652    19.9052   998.2456 0.0000e+00
      1.162 1.2828e-11     8.0755    126.885     30.198  27.145086     4.1344      7.867   225.8712 1.2375e-01     2.8494      1.140      1.653    19.9096   998.2447 0.0000e+00
      1.162 1.4111e-10     8.0754    127.035     30.206  27.154897     4.1389      7.864   225.7258 1.2378e-01     2.8271      1.140      1.653    19.9153   998.2435 0.0000e+00
      1.162 1.5522e-09     8.0751    127.200     30.177  27.130670     4.1657      7.860   225.6204 1.2378e-01     2.8576      1.139      1.652    19.9237   998.2418 0.0000e+00
      1.162 1.7074e-08     8.0754    127.348     30.149  27.105875     4.2298      7.856   225.3716 1.2377e-01     2.9432      1.140      1.653    19.9327   998.2399 0.0000e+00
      1.162 1.8781e-07     8.0796    127.452     30.153  27.108830     4.2657      7.851   225.1264 1.2370e-01     3.0043      1.139      1.652    19.9399   998.2384 0.0000e+00
      1.162 1.8781e-07     8.0904    127.512     30.147  27.102970     4.2553      7.846   225.1502 1.2361e-01     3.0128      1.140      1.653    19.9457   998.2373 0.0000e+00
      1.161 1.7074e-08     8.1000    127.546     30.142  27.098443     4.2090      7.843   225.2301 1.2361e-01     3.0120      1.139      1.652    19.9491   998.2366 0.0000e+00
      1.161 1.5522e-09     8.1110    127.593     30.160  27.117523     4.1548      7.839   225.2313 1.2364e-01     3.0630      1.139      1.652    19.9498   998.2364 0.0000e+00
      1.162 1.4111e-10     8.1170    127.676     30.184  27.143385     4.1430      7.834   225.3365 1.2369e-01     3.0799      1.139      1.652    19.9484   998.2367 0.0000e+00
      1.162 1.2828e-11     8.1214    127.741     30.194  27.157425     4.1525      7.829   225.3841 1.2374e-01     3.0105      1.139      1.652    19.9448   998.2374 0.0000e+00
      1.162 1.1662e-12     8.1229    127.754     30.194  27.160422     4.1654      7.825   225.2909 1.2375e-01     3.0473      1.139      1.652    19.9446   998.2375 0.0000e+00
      1.162 1.0602e-13     8.1230    127.741     30.214  27.179617     4.1844      7.820   224.8978 1.2375e-01     3.2163      1.139      1.652    19.9508   998.2362 0.0000e+00
      1.162 9.6380e-15     8.1296    127.741     30.234  27.199223     4.1905      7.815   224.3315 1.2371e-01     3.3031      1.139      1.652    19.9590   998.2345 0.0000e+00
      1.162 8.7615e-16     8.1332    127.745     30.243  27.207193     4.1919      7.810   224.2938 1.2368e-01     3.3076      1.140      1.653    19.9663   998.2330 0.0000e+00
      1.162 7.9650e-17     8.1325    127.730     30.248  27.212555     4.1917      7.806   224.7004 1.2369e-01     3.2703      1.140      1.653    19.9715   998.2319 0.0000e+00
      1.162 7.2410e-18     8.1297    127.717     30.234  27.200626     4.1597      7.803   225.1176 1.2366e-01     3.1605      1.140      1.653    19.9746   998.2312 0.0000e+00
      1.162 6.5830e-19     8.1299    127.708     30.221  27.189825     4.1099      7.799   225.2943 1.2365e-01     3.0447      1.140      1.653    19.9764   998.2309 0.0000e+00
      1.162 5.9845e-20     8.1313    127.686     30.240  27.208817     4.0857      7.794   224.7723 1.2367e-01     3.0027      1.140      1.653    19.9773   998.2308 0.0000e+00
      1.162 5.4405e-21     8.1286    127.674     30.272  27.239965     4.0766      7.790   223.7963 1.2371e-01     3.0306      1.139      1.652    19.9783   998.2306 0.0000e+00
      1.162 4.9458e-22     8.1278    127.698     30.278  27.249275     4.0858      7.786   223.3880 1.2376e-01     3.0383      1.140      1.653    19.9785   998.2305 0.0000e+00
      1.162 4.4961e-23     8.1284    127.755     30.283  27.257967     4.1207      7.782   223.3628 1.2376e-01     3.0274      1.140      1.653    19.9791   998.2304 0.0000e+00
      1.162 4.0874e-24     8.1253    127.815     30.303  27.281627     4.1464      7.777   223.4054 1.2376e-01     3.0366      1.139      1.652    19.9819   998.2298 0.0000e+00
      1.162 3.7159e-25     8.1233    127.842     30.296  27.281637     4.1482      7.772   223.7315 1.2383e-01     3.0119      1.139      1.652    19.9867   998.2289 0.0000e+00
      1.162 3.3780e-26     8.1239    127.823     30.262  27.258089     4.1799      7.766   223.8643 1.2385e-01     2.9684      1.140      1.653    19.9930   998.2275 0.0000e+00
      1.162 3.0709e-27     8.1271    127.762     30.251  27.250654     4.2544      7.760   223.3760 1.2377e-01     2.9584      1.140      1.653    19.9996   998.2261 0.0000e+00
      1.162 2.7917e-28     8.1307    127.647     30.257  27.255174     4.2949      7.754   222.5597 1.2377e-01     2.9594      1.140      1.653    20.0082   998.2245 0.0000e+00
      1.162 2.5380e-29     8.1304    127.498     30.257  27.249295     4.2974      7.746   222.1679 1.2382e-01     2.9802      1.140      1.653    20.0214   998.2217 0.0000e+00
      1.162 2.3072e-30     8.1266    127.361     30.256  27.242995     4.2275      7.738   222.1671 1.2381e-01     3.0036      1.140      1.653    20.0344   998.2190 0.0000e+00
      1.162 2.0975e-31     8.1225    127.262     30.259  27.242427     4.0886      7.731   222.2054 1.2377e-01     3.0026      1.140      1.653    20.0403   998.2177 0.0000e+00
      1.162 1.9068e-32     8.1155    127.205     30.260  27.242437     4.0195      7.725   222.2870 1.2370e-01     3.0023      1.140      1.653    20.0362   998.2186 0.0000e+00
      1.162 1.7335e-33     8.1061    127.162     30.263  27.243109     4.0121      7.718   222.2940 1.2362e-01     2.9993      1.140      1.653    20.0241   998.2210 0.0000e+00
      1.162 1.5759e-34     8.0994    127.124     30.273  27.250544     4.0186      7.711   222.2891 1.2361e-01     3.0004      1.140      1.653    20.0141   998.2232 0.0000e+00
      1.162 1.4326e-35     8.0924    127.097     30.294  27.268901     4.0503      7.702   222.2276 1.2366e-01     3.0158      1.140      1.653    20.0110   998.2239 0.0000e+00
      1.162 1.3024e-36     8.0906    127.099     30.300  27.274772     4.0610      7.692   221.9816 1.2373e-01     3.0146      1.140      1.653    20.0099   998.2240 0.0000e+00
      1.162 1.1840e-37     8.0886    127.173     30.280  27.258098     4.0535      7.683   221.8100 1.2378e-01     3.0202      1.140      1.653    20.0055   998.2250 0.0000e+00
