Data/DataNotYetUploadedToEDI/Raw_CTD/RawDownloads/062920_fcr50b.cnv
* Sea-Bird SBE19plus  Data File:
* FileName = C:\DATA\062920_fcr50.hex
* Software version 2.8.0.119
* Temperature SN = 7809
* Conductivity SN = 7809
* System UpLoad Time = Jun 29 2020 18:21:38
* <ApplicationData>
* <Seaterm232>
# nquan = 16
# nvalues = 3178                        
# units = specified
# name 0 = depFM: Depth [fresh water, m]
# name 1 = dz/dtM: Descent Rate [m/s]
# name 2 = sbeox0ML/L: Oxygen, SBE 43 [ml/l]
# name 3 = sbeox0PS: Oxygen, SBE 43 [% saturation]
# name 4 = specc: Specific Conductance [uS/cm]
# name 5 = c0uS/cm: Conductivity [uS/cm]
# name 6 = flECO-AFL: Fluorescence, WET Labs ECO-AFL/FL [mg/m^3]
# name 7 = ph: pH
# name 8 = orp: Oxidation Reduction Potential [mV]
# name 9 = par/sat/log: PAR/Logarithmic, Satlantic
# name 10 = turbWETntu0: Turbidity, WET Labs ECO [NTU]
# name 11 = prdM: Pressure, Strain Gauge [db]
# name 12 = prdE: Pressure, Strain Gauge [psi]
# name 13 = tv290C: Temperature [ITS-90, deg C]
# name 14 = density00: Density [density, kg/m^3]
# name 15 = flag:  0.000e+00
# span 0 =     -0.685,      9.619       
# span 1 =     -0.428,      0.195       
# span 2 =     0.0361,     8.2053       
# span 3 =      0.487,    129.943       
# span 4 =      0.395,     81.458       
# span 5 =   0.415005,  56.028027       
# span 6 =    -0.9835,    37.3240       
# span 7 =     -2.034,      8.820       
# span 8 =  -130.2748,  1102.3585       
# span 9 = 1.2341e-01, 1.0392e+03       
# span 10 =    -4.9739,   363.0219      
# span 11 =     -0.672,      9.433      
# span 12 =     -0.975,     13.682      
# span 13 =     9.3221,    27.5114      
# span 14 =   996.3796,   999.8341      
# span 15 = 0.0000e+00, 0.0000e+00      
# interval = seconds: 0.25
# start_time = Jun 29 2020 05:00:17 [Instrument's time stamp, header]
# bad_flag = -9.990e-29
*END*
[from data line 272]
      0.225      0.022     6.2009    104.541     31.559  30.715892     1.5027      7.389   181.6515 3.9488e+02     1.6921      0.223      0.322    23.7024   997.3886 0.0000e+00
      0.229      0.019     6.1977    104.579     31.557  30.711384     1.5331      7.380   180.7150 3.5658e+02     1.6988      0.225      0.326    23.6876   997.3922 0.0000e+00
      0.232      0.017     6.1922    104.631     31.563  30.718937     1.5381      7.372   181.3806 4.0112e+02     1.6643      0.226      0.328    23.6798   997.3941 0.0000e+00
      0.237      0.015     6.1944    104.695     31.582  30.743782     1.5349      7.367   182.6437 4.2954e+02     1.6522      0.232      0.337    23.6654   997.3977 0.0000e+00
      0.243      0.014     6.1963    104.786     31.589  30.758028     1.5424      7.365   183.3391 4.1844e+02     1.6554      0.239      0.348    23.6578   997.3996 0.0000e+00
      0.246      0.014     6.1994    104.894     31.590  30.764313     1.5424      7.363   182.7337 4.1164e+02     1.6680      0.241      0.350    23.6512   997.4013 0.0000e+00
      0.247      0.015     6.2026    104.967     31.580  30.756337     1.5353      7.361   181.4326 4.2858e+02     1.6672      0.242      0.351    23.6540   997.4006 0.0000e+00
      0.250      0.016     6.2038    104.979     31.547  30.725033     1.5318      7.359   180.6851 4.5307e+02     1.6121      0.245      0.355    23.6682   997.3971 0.0000e+00
      0.254      0.017     6.2080    104.970     31.523  30.703033     1.5488      7.358   180.8380 4.5552e+02     1.5853      0.248      0.361    23.6800   997.3943 0.0000e+00
      0.260      0.019     6.2148    104.988     31.500  30.680663     1.5877      7.358   181.2161 4.3558e+02     1.6173      0.254      0.369    23.6897   997.3919 0.0000e+00
      0.266      0.020     6.2200    105.032     31.468  30.644877     1.6017      7.358   181.4714 4.4630e+02     1.5882      0.261      0.379    23.6906   997.3917 0.0000e+00
      0.273      0.019     6.2192    105.091     31.482  30.650983     1.5937      7.358   181.9458 4.6976e+02     1.5425      0.266      0.388    23.6899   997.3919 0.0000e+00
      0.278      0.018     6.2171    105.204     31.530  30.691040     1.5773      7.359   182.3913 4.2278e+02     1.5450      0.272      0.395    23.6954   997.3907 0.0000e+00
      0.282      0.016     6.2174    105.383     31.531  30.685101     1.5473      7.360   182.2127 3.7706e+02     1.5843      0.277      0.403    23.6986   997.3898 0.0000e+00
      0.286      0.015     6.2230    105.590     31.496  30.642619     1.5354      7.360   181.9370 4.0267e+02     1.6395      0.280      0.407    23.6875   997.3925 0.0000e+00
      0.288      0.015     6.2260    105.773     31.488  30.621457     1.5379      7.359   181.8973 4.2302e+02     1.6295      0.282      0.409    23.6724   997.3962 0.0000e+00
      0.289      0.016     6.2335    105.849     31.500  30.619535     1.5492      7.358   181.9899 3.8308e+02     1.6337      0.283      0.410    23.6639   997.3983 0.0000e+00
      0.294      0.018     6.2468    105.788     31.509  30.619360     1.5764      7.357   183.0572 3.3598e+02     1.6566      0.288      0.417    23.6562   997.4002 0.0000e+00
      0.300      0.020     6.2602    105.608     31.513  30.619334     1.6005      7.355   184.7345 3.1145e+02     1.6315      0.294      0.427    23.6436   997.4033 0.0000e+00
      0.305      0.022     6.2775    105.370     31.514  30.619209     1.6117      7.354   185.2346 3.3576e+02     1.6727      0.299      0.433    23.6181   997.4095 0.0000e+00
      0.312      0.024     6.2847    105.157     31.516  30.617846     1.6067      7.354   185.2328 3.7628e+02     1.7432      0.306      0.444    23.5925   997.4157 0.0000e+00
      0.319      0.026     6.2827    104.977     31.511  30.602851     1.6067      7.353   185.4872 3.3808e+02     1.7292      0.313      0.454    23.5791   997.4190 0.0000e+00
      0.324      0.027     6.2714    104.789     31.489  30.564781     1.6118      7.351   184.9550 2.9142e+02     1.6749      0.317      0.461    23.5744   997.4202 0.0000e+00
      0.331      0.027     6.2542    104.603     31.481  30.538160     1.6018      7.349   184.0458 2.7990e+02     1.6363      0.323      0.469    23.5758   997.4199 0.0000e+00
      0.340      0.027     6.2424    104.471     31.495  30.534701     1.5809      7.347   184.9056 2.7389e+02     1.6060      0.333      0.483    23.5726   997.4207 0.0000e+00
      0.348      0.027     6.2347    104.412     31.499  30.522940     1.5498      7.345   187.2628 2.7198e+02     1.5831      0.343      0.497    23.5576   997.4244 0.0000e+00
      0.355      0.026     6.2272    104.411     31.513  30.522817     1.5306      7.343   188.3695 2.5439e+02     1.5991      0.348      0.505    23.5284   997.4315 0.0000e+00
      0.360      0.024     6.2178    104.433     31.534  30.533197     1.5392      7.341   187.7899 2.4074e+02     1.6276      0.353      0.512    23.4937   997.4399 0.0000e+00
      0.366      0.022     6.2133    104.472     31.532  30.521548     1.5488      7.339   186.7930 2.3710e+02     1.6190      0.359      0.520    23.4676   997.4463 0.0000e+00
      0.372      0.020     6.2127    104.565     31.531  30.508843     1.5237      7.337   186.2971 2.2712e+02     1.5984      0.365      0.529    23.4437   997.4520 0.0000e+00
      0.377      0.018     6.2163    104.688     31.540  30.506443     1.4751      7.334   186.6987 2.2014e+02     1.5849      0.370      0.536    23.4207   997.4576 0.0000e+00
      0.381      0.016     6.2200    104.804     31.536  30.492508     1.4568      7.331   187.5180 2.2071e+02     1.5923      0.373      0.541    23.4067   997.4610 0.0000e+00
      0.385      0.013     6.2216    104.930     31.525  30.467230     1.4743      7.326   188.1157 2.2763e+02     1.6541      0.376      0.547    23.3939   997.4641 0.0000e+00
      0.387      0.011     6.2306    105.063     31.536  30.454545     1.5138      7.323   188.4194 2.3048e+02     1.6794      0.381      0.551    23.3740   997.4689 0.0000e+00
      0.390      0.009     6.2419    105.163     31.571  30.465989     1.5627      7.320   188.5224 2.2153e+02     1.6239      0.383      0.554    23.3546   997.4735 0.0000e+00
      0.392      0.007     6.2487    105.185     31.593  30.478678     1.5884      7.317   188.4152 2.1713e+02     1.6005      0.384      0.557    23.3414   997.4767 0.0000e+00
      0.393      0.006     6.2589    105.138     31.592  30.481078     1.5957      7.314   187.7251 2.2018e+02     1.6368      0.386      0.559    23.3237   997.4810 0.0000e+00
      0.395      0.005     6.2724    105.073     31.598  30.495012     1.6127      7.310   186.7175 2.1648e+02     1.6516      0.387      0.562    23.2820   997.4910 0.0000e+00
      0.396      0.005     6.2854    104.995     31.616  30.520282     1.6415      7.307   186.4710 2.1328e+02     1.6081      0.388      0.563    23.2340   997.5025 0.0000e+00
      0.396      0.005     6.2886    104.922     31.618  30.532864     1.6573      7.306   187.2393 2.1434e+02     1.5558      0.388      0.563    23.2213   997.5056 0.0000e+00
      0.397      0.006     6.2810    104.885     31.595  30.520277     1.6603      7.303   188.1783 2.1135e+02     1.5346      0.390      0.565    23.2372   997.5017 0.0000e+00
      0.398      0.008     6.2774    104.880     31.563  30.494995     1.6786      7.296   188.2736 2.0931e+02     1.5576      0.390      0.566    23.2482   997.4991 0.0000e+00
      0.399      0.011     6.2706    104.862     31.551  30.480945     1.7170      7.288   187.1869 2.1018e+02     1.5936      0.391      0.567    23.2591   997.4965 0.0000e+00
      0.403      0.016     6.2628    104.788     31.559  30.477276     1.7425      7.278   185.3637 2.0772e+02     1.5923      0.395      0.572    23.2786   997.4918 0.0000e+00
      0.409      0.021     6.2588    104.681     31.557  30.450615     1.7385      7.258   184.4705 2.0501e+02     1.6100      0.402      0.582    23.2971   997.4874 0.0000e+00
      0.414      0.025     6.2579    104.538     31.551  30.412316     1.7356      7.232   184.9050 2.0532e+02     1.6713      0.405      0.587    23.3066   997.4852 0.0000e+00
      0.421      0.027     6.2599    104.325     31.559  30.394797     1.7365      7.213   185.4542 2.0548e+02     1.6811      0.410      0.595    23.3009   997.4865 0.0000e+00
      0.431      0.027     6.2547    104.109     31.542  30.365639     1.7208      7.204   186.1206 2.0507e+02     1.6255      0.424      0.616    23.2895   997.4893 0.0000e+00
      0.440      0.028     6.2534    104.003     31.497  30.313506     1.7168      7.200   187.1126 2.0560e+02     1.6174      0.433      0.628    23.2479   997.4994 0.0000e+00
      0.445      0.028     6.2546    104.019     31.462  30.271971     1.7365      7.194   186.6934 2.0608e+02     1.6511      0.436      0.632    23.1840   997.5146 0.0000e+00
      0.450      0.028     6.2447    104.090     31.446  30.244080     1.7481      7.172   184.5798 2.0512e+02     1.6558      0.441      0.640    23.1431   997.5244 0.0000e+00
      0.456      0.027     6.2303    104.162     31.451  30.230013     1.7436      7.140   183.4110 2.0351e+02     1.6738      0.446      0.649    23.1259   997.5285 0.0000e+00
      0.464      0.026     6.2249    104.189     31.469  30.228734     1.7300      7.116   183.4029 2.0286e+02     1.6623      0.453      0.658    23.1170   997.5307 0.0000e+00
      0.474      0.025     6.2297    104.183     31.483  30.228594     1.7261      7.107   183.7933 2.0315e+02     1.6199      0.466      0.676    23.1067   997.5331 0.0000e+00
      0.482      0.024     6.2364    104.182     31.494  30.228301     1.7451      7.110   184.6040 2.0364e+02     1.6079      0.475      0.689    23.0865   997.5379 0.0000e+00
      0.486      0.023     6.2466    104.132     31.503  30.225182     1.7780      7.115   184.6862 2.0363e+02     1.5856      0.477      0.691    23.0514   997.5463 0.0000e+00
      0.489      0.021     6.2518    103.984     31.480  30.190867     1.8005      7.122   184.0128 2.0268e+02     1.5569      0.479      0.695    23.0200   997.5538 0.0000e+00
      0.493      0.021     6.2514    103.804     31.426  30.130574     1.7972      7.130   183.6027 2.0258e+02     1.5703      0.482      0.701    23.0001   997.5585 0.0000e+00
      0.499      0.022     6.2554    103.689     31.433  30.130564     1.7957      7.138   183.3415 2.0448e+02     1.6093      0.489      0.709    22.9873   997.5616 0.0000e+00
      0.506      0.024     6.2561    103.665     31.500  30.190739     1.8007      7.145   183.2646 2.0520e+02     1.6166      0.495      0.719    22.9690   997.5660 0.0000e+00
      0.512      0.025     6.2483    103.731     31.534  30.223739     1.8012      7.149   183.6193 2.0313e+02     1.5901      0.502      0.728    22.9433   997.5721 0.0000e+00
      0.520      0.024     6.2359    103.881     31.519  30.212378     1.8013      7.148   184.2733 2.0083e+02     1.5634      0.511      0.742    22.9317   997.5748 0.0000e+00
      0.527      0.022     6.2306    104.113     31.482  30.180249     1.8016      7.143   184.8914 2.0013e+02     1.6025      0.518      0.750    22.9212   997.5773 0.0000e+00
      0.532      0.019     6.2299    104.407     31.447  30.152476     1.8144      7.140   184.8985 2.0177e+02     1.6851      0.522      0.757    22.9126   997.5794 0.0000e+00
      0.537      0.017     6.2334    104.691     31.418  30.130348     1.8234      7.144   184.6176 2.0280e+02     1.6706      0.528      0.766    22.9182   997.5781 0.0000e+00
      0.540      0.016     6.2425    104.890     31.393  30.103023     1.8141      7.153   184.1631 2.0197e+02     1.5983      0.531      0.770    22.9202   997.5776 0.0000e+00
      0.542      0.016     6.2555    104.951     31.383  30.075848     1.8069      7.166   183.6178 2.0103e+02     1.6005      0.531      0.770    22.9239   997.5767 0.0000e+00
      0.545      0.017     6.2743    104.851     31.388  30.055502     1.8127      7.181   184.4768 1.9944e+02     1.6287      0.534      0.774    22.9368   997.5737 0.0000e+00
      0.551      0.019     6.2906    104.634     31.406  30.047304     1.8180      7.195   186.2908 1.9857e+02     1.6301      0.540      0.783    22.9518   997.5702 0.0000e+00
      0.557      0.021     6.3043    104.406     31.423  30.040125     1.8036      7.207   186.9659 1.9826e+02     1.6174      0.546      0.792    22.9487   997.5709 0.0000e+00
      0.563      0.022     6.3125    104.230     31.434  30.032109     1.7907      7.218   186.7887 1.9798e+02     1.6126      0.552      0.801    22.9142   997.5791 0.0000e+00
      0.570      0.022     6.3114    104.093     31.429  30.013797     1.8148      7.230   186.2130 1.9869e+02     1.6404      0.559      0.811    22.8700   997.5896 0.0000e+00
      0.575      0.023     6.2999    103.993     31.372  29.945573     1.8573      7.240   185.4261 1.9892e+02     1.6446      0.564      0.818    22.8299   997.5990 0.0000e+00
      0.579      0.024     6.2891    103.943     31.292  29.841591     1.8754      7.242   185.1033 1.9841e+02     1.5947      0.569      0.824    22.7918   997.6080 0.0000e+00
      0.584      0.025     6.2836    103.909     31.272  29.771543     1.8707      7.233   185.7519 1.9990e+02     1.5870      0.572      0.830    22.7615   997.6152 0.0000e+00
      0.591      0.026     6.2773    103.800     31.299  29.732937     1.8673      7.225   187.2450 2.0065e+02     1.6539      0.578      0.838    22.7417   997.6199 0.0000e+00
      0.600      0.026     6.2725    103.614     31.317  29.691910     1.8723      7.223   188.0135 1.9840e+02     1.6834      0.589      0.855    22.7272   997.6233 0.0000e+00
      0.609      0.026     6.2732    103.446     31.331  29.656028     1.8742      7.226   188.1612 1.9754e+02     1.6344      0.599      0.869    22.6961   997.6305 0.0000e+00
      0.615      0.026     6.2855    103.376     31.333  29.616216     1.8615      7.228   187.9120 1.9699e+02     1.5764      0.602      0.873    22.6067   997.6514 0.0000e+00
      0.620      0.025     6.2933    103.445     31.341  29.591121     1.8339      7.226   186.8926 1.9626e+02     1.5649      0.607      0.880    22.4859   997.6795 0.0000e+00
      0.626      0.022     6.2899    103.694     31.378  29.606302     1.8072      7.226   186.5911 1.9702e+02     1.5987      0.614      0.890    22.3945   997.7007 0.0000e+00
      0.633      0.020     6.2876    104.157     31.391  29.609427     1.7968      7.230   187.3651 1.9693e+02     1.6418      0.621      0.902    22.3185   997.7182 0.0000e+00
      0.638      0.019     6.2910    104.797     31.351  29.565464     1.7939      7.238   187.9909 1.9614e+02     1.6408      0.627      0.910    22.2481   997.7345 0.0000e+00
      0.641      0.019     6.3009    105.565     31.311  29.518803     1.7722      7.248   188.2206 1.9621e+02     1.6206      0.629      0.912    22.1963   997.7463 0.0000e+00
      0.644      0.020     6.3180    106.409     31.296  29.489307     1.7442      7.256   188.3360 1.9736e+02     1.6035      0.632      0.916    22.1644   997.7536 0.0000e+00
      0.649      0.021     6.3494    107.201     31.290  29.462554     1.7416      7.259   188.2667 1.9951e+02     1.5715      0.636      0.922    22.1540   997.7560 0.0000e+00
      0.655      0.022     6.3898    107.813     31.297  29.449055     1.7403      7.259   188.2435 2.0101e+02     1.5767      0.642      0.932    22.1503   997.7569 0.0000e+00
      0.663      0.023     6.4384    108.214     31.318  29.452935     1.7280      7.258   187.7113 2.0084e+02     1.5974      0.650      0.943    22.1366   997.7600 0.0000e+00
      0.671      0.023     6.4970    108.499     31.324  29.446006     1.7263      7.258   186.8224 2.0229e+02     1.6150      0.659      0.956    22.1112   997.7658 0.0000e+00
