Data/DataNotYetUploadedToEDI/Raw_CTD/RawDownloads/062920_fcr50a.cnv
* Sea-Bird SBE19plus  Data File:
* FileName = C:\DATA\062820_fcr50_0003_0004.hex
* Software version 2.8.0.119
* Temperature SN = 7809
* Conductivity SN = 7809
* System UpLoad Time = Jun 29 2020 11:31:03
* <ApplicationData>
* <Seaterm232>
# nquan = 16
# nvalues = 6201                        
# units = specified
# name 0 = depFM: Depth [fresh water, m]
# name 1 = dz/dtM: Descent Rate [m/s]
# name 2 = sbeox0ML/L: Oxygen, SBE 43 [ml/l]
# name 3 = sbeox0PS: Oxygen, SBE 43 [% saturation]
# name 4 = specc: Specific Conductance [uS/cm]
# name 5 = c0uS/cm: Conductivity [uS/cm]
# name 6 = flECO-AFL: Fluorescence, WET Labs ECO-AFL/FL [mg/m^3]
# name 7 = ph: pH
# name 8 = orp: Oxidation Reduction Potential [mV]
# name 9 = par/sat/log: PAR/Logarithmic, Satlantic
# name 10 = turbWETntu0: Turbidity, WET Labs ECO [NTU]
# name 11 = prdM: Pressure, Strain Gauge [db]
# name 12 = prdE: Pressure, Strain Gauge [psi]
# name 13 = tv290C: Temperature [ITS-90, deg C]
# name 14 = density00: Density [density, kg/m^3]
# name 15 = flag:  0.000e+00
# span 0 =     -0.666,      9.688       
# span 1 =     -3.857,      0.269       
# span 2 =     0.0302,     7.9125       
# span 3 =      0.408,    122.128       
# span 4 =      0.296,    171.069       
# span 5 =   0.302495, 116.726385       
# span 6 =    -3.2636,   259.7086       
# span 7 =      6.271,      8.911       
# span 8 =  -249.4052,  1109.9087       
# span 9 = 1.2350e-01, 1.4793e+03       
# span 10 =    -2.9348,   936.9732      
# span 11 =     -0.654,      9.501      
# span 12 =     -0.948,     13.779      
# span 13 =     9.0574,    26.1581      
# span 14 =   996.7496,   999.8887      
# span 15 = 0.0000e+00, 0.0000e+00      
# interval = seconds: 0.25
# start_time = Jun 28 2020 21:47:05 [Instrument's time stamp, header]
# bad_flag = -9.990e-29
*END*
[from data line 1356]
      3.573      0.012     0.0509      0.755     48.609  36.545058     7.8259      6.661   119.8265 2.8464e+01     5.3133      3.503      5.081    12.5797   999.4673 0.0000e+00
      3.575      0.010     0.0533      0.741     48.604  36.553137     7.8587      6.661   120.8165 2.8330e+01     5.2846      3.505      5.084    12.5698   999.4685 0.0000e+00
      3.577      0.009     0.0559      0.738     48.610  36.560294     7.8545      6.662   121.1820 2.8256e+01     5.2648      3.509      5.090    12.5794   999.4674 0.0000e+00
      3.578      0.010     0.0574      0.732     48.640  36.568142     7.8516      6.662   120.9767 2.8238e+01     5.2803      3.510      5.091    12.5811   999.4672 0.0000e+00
      3.579      0.012     0.0565      0.712     48.694  36.584544     7.8327      6.661   120.4854 2.8155e+01     5.3683      3.509      5.089    12.5826   999.4670 0.0000e+00
      3.583      0.014     0.0544      0.704     48.790  36.631654     7.7889      6.660   120.0596 2.7975e+01     5.5054      3.513      5.094    12.6043   999.4644 0.0000e+00
      3.588      0.016     0.0549      0.724     48.908  36.693484     7.7601      6.661   120.2164 2.7782e+01     5.5643      3.519      5.103    12.6114   999.4635 0.0000e+00
      3.593      0.017     0.0555      0.745     49.032  36.760937     7.7521      6.662   120.4877 2.7592e+01     5.5651      3.522      5.109    12.5900   999.4662 0.0000e+00
      3.598      0.017     0.0522      0.737     49.129  36.812575     7.6155      6.662   120.5002 2.7374e+01     5.5836      3.528      5.117    12.5629   999.4695 0.0000e+00
      3.603      0.016     0.0517      0.732     49.146  36.810111     7.3480      6.662   120.1960 2.7184e+01     5.5820      3.535      5.126    12.5380   999.4726 0.0000e+00
      3.607      0.014     0.0532      0.738     49.136  36.794590     7.1983      6.661   119.8215 2.7045e+01     5.5802      3.538      5.131    12.5099   999.4761 0.0000e+00
      3.611      0.011     0.0576      0.730     49.166  36.815294     7.1690      6.660   119.4132 2.6948e+01     5.5968      3.542      5.137    12.4811   999.4796 0.0000e+00
      3.613      0.008     0.0542      0.735     49.235  36.870049     7.0506      6.660   118.8730 2.6909e+01     5.6106      3.544      5.140    12.4604   999.4821 0.0000e+00
      3.614      0.007     0.0536      0.746     49.332  36.948933     6.8448      6.660   118.7102 2.6879e+01     5.6096      3.543      5.139    12.4444   999.4840 0.0000e+00
      3.615      0.008     0.0569      0.742     49.489  37.070980     6.7309      6.659   118.9938 2.6841e+01     5.5851      3.545      5.141    12.4351   999.4851 0.0000e+00
      3.616      0.009     0.0531      0.730     49.678  37.203377     6.7224      6.659   119.2047 2.6814e+01     5.5550      3.546      5.143    12.4350   999.4852 0.0000e+00
      3.617      0.010     0.0547      0.710     49.813  37.280452     6.7718      6.659   118.4205 2.6715e+01     5.6225      3.546      5.143    12.4381   999.4848 0.0000e+00
      3.620      0.012     0.0565      0.680     49.878  37.304757     6.8693      6.658   117.0840 2.6509e+01     5.7844      3.549      5.148    12.4458   999.4839 0.0000e+00
      3.625      0.012     0.0554      0.680     49.901  37.306828     6.9290      6.657   116.5534 2.6332e+01     5.8302      3.556      5.158    12.4568   999.4828 0.0000e+00
      3.630      0.012     0.0543      0.705     49.907  37.305485     6.9403      6.656   116.7374 2.6263e+01     5.7641      3.561      5.165    12.4489   999.4837 0.0000e+00
      3.633      0.011     0.0542      0.722     49.880  37.288510     7.0347      6.656   117.1577 2.6214e+01     5.7750      3.563      5.167    12.4179   999.4875 0.0000e+00
      3.634      0.009     0.0490      0.732     49.870  37.291983     7.2221      6.655   117.4195 2.6166e+01     5.8586      3.564      5.169    12.3892   999.4910 0.0000e+00
      3.636      0.007     0.0500      0.735     49.930  37.347485     7.3270      6.655   116.8908 2.6152e+01     5.8818      3.566      5.172    12.3743   999.4927 0.0000e+00
      3.637      0.007     0.0537      0.751     50.060  37.451870     7.3390      6.654   115.7553 2.6114e+01     5.8495      3.566      5.172    12.3684   999.4934 0.0000e+00
      3.638      0.008     0.0533      0.771     50.262  37.602145     7.3290      6.654   115.0482 2.6046e+01     5.8117      3.568      5.174    12.3723   999.4929 0.0000e+00
      3.640      0.010     0.0558      0.763     50.421  37.704755     7.2641      6.654   115.0521 2.5995e+01     5.8027      3.570      5.178    12.3867   999.4912 0.0000e+00
      3.642      0.011     0.0539      0.725     50.504  37.740517     7.1736      6.654   115.2866 2.5906e+01     5.8431      3.571      5.179    12.3980   999.4899 0.0000e+00
      3.646      0.012     0.0559      0.675     50.589  37.780652     7.1322      6.653   115.3024 2.5739e+01     5.8539      3.574      5.184    12.4060   999.4890 0.0000e+00
      3.651      0.013     0.0586      0.645     50.651  37.809204     7.1259      6.652   114.9847 2.5577e+01     5.8304      3.580      5.193    12.4093   999.4888 0.0000e+00
      3.655      0.013     0.0578      0.638     50.697  37.831857     7.1072      6.650   114.5423 2.5474e+01     5.7996      3.584      5.199    12.3904   999.4912 0.0000e+00
      3.657      0.013     0.0547      0.635     50.752  37.864140     7.0772      6.648   114.1699 2.5378e+01     5.7902      3.586      5.201    12.3597   999.4948 0.0000e+00
      3.659      0.012     0.0495      0.633     50.787  37.882186     7.0593      6.648   113.9238 2.5269e+01     5.8197      3.589      5.205    12.3346   999.4978 0.0000e+00
      3.662      0.010     0.0476      0.642     50.850  37.923114     7.0523      6.647   113.8025 2.5164e+01     5.8135      3.591      5.208    12.3181   999.4998 0.0000e+00
      3.665      0.010     0.0477      0.665     50.929  37.978192     6.9729      6.646   114.0806 2.5087e+01     5.7140      3.595      5.214    12.3086   999.5009 0.0000e+00
      3.668      0.010     0.0478      0.679     50.932  37.976926     6.8145      6.645   114.5331 2.5023e+01     5.5787      3.598      5.218    12.3011   999.5018 0.0000e+00
      3.670      0.009     0.0470      0.668     50.929  37.971277     6.7298      6.644   114.3699 2.4934e+01     5.5164      3.599      5.219    12.2917   999.5029 0.0000e+00
      3.672      0.008     0.0476      0.667     50.932  37.973349     6.7310      6.643   113.6559 2.4872e+01     5.5444      3.601      5.223    12.2842   999.5039 0.0000e+00
      3.674      0.006     0.0497      0.676     50.880  37.938513     6.7146      6.641   113.0418 2.4851e+01     5.5745      3.604      5.227    12.2826   999.5042 0.0000e+00
      3.676      0.005     0.0525      0.655     50.859  37.930873     6.6841      6.641   113.3968 2.4834e+01     5.5374      3.605      5.228    12.2794   999.5045 0.0000e+00
      3.677      0.004     0.0494      0.641     50.859  37.944450     6.6771      6.641   114.5064 2.4802e+01     5.5078      3.606      5.230    12.2746   999.5051 0.0000e+00
      3.678      0.003     0.0489      0.668     50.792  37.912297     6.6776      6.641   114.9289 2.4760e+01     5.5245      3.607      5.231    12.2744   999.5051 0.0000e+00
      3.678      0.002     0.0527      0.690     50.695  37.859457     6.6907      6.641   114.6329 2.4742e+01     5.4994      3.607      5.231    12.2780   999.5046 0.0000e+00
      3.678      0.002     0.0488      0.694     50.696  37.876782     6.7208      6.639   114.1114 2.4739e+01     5.4095      3.607      5.232    12.2855   999.5037 0.0000e+00
      3.679      0.003     0.0458      0.708     50.846  37.994863     6.7271      6.638   113.5281 2.4743e+01     5.3308      3.608      5.233    12.2989   999.5022 0.0000e+00
      3.679      0.005     0.0507      0.710     51.063  38.144774     6.7099      6.639   113.6035 2.4722e+01     5.3037      3.609      5.234    12.3184   999.4999 0.0000e+00
      3.680      0.008     0.0530      0.699     51.295  38.293075     6.6555      6.640   114.3339 2.4644e+01     5.3212      3.608      5.233    12.3376   999.4976 0.0000e+00
      3.682      0.011     0.0504      0.695     51.549  38.455117     6.5748      6.640   114.7016 2.4537e+01     5.3710      3.611      5.237    12.3574   999.4953 0.0000e+00
      3.686      0.015     0.0540      0.678     51.754  38.580760     6.5352      6.639   114.3498 2.4403e+01     5.3913      3.615      5.243    12.3687   999.4939 0.0000e+00
      3.691      0.017     0.0535      0.628     51.824  38.606296     6.5291      6.638   113.7805 2.4216e+01     5.3604      3.618      5.248    12.3522   999.4960 0.0000e+00
      3.696      0.018     0.0516      0.589     51.894  38.636906     6.5209      6.637   113.2390 2.3967e+01     5.3402      3.623      5.255    12.3223   999.4997 0.0000e+00
      3.703      0.018     0.0524      0.609     52.079  38.760425     6.4455      6.636   112.7930 2.3761e+01     5.3530      3.632      5.268    12.2960   999.5029 0.0000e+00
      3.708      0.018     0.0520      0.647     52.188  38.830372     6.3040      6.635   112.6034 2.3710e+01     5.3438      3.638      5.276    12.2710   999.5059 0.0000e+00
      3.710      0.017     0.0475      0.672     52.140  38.784463     6.2214      6.635   112.5815 2.3649e+01     5.2984      3.637      5.277    12.2439   999.5091 0.0000e+00
      3.714      0.014     0.0411      0.681     52.055  38.713078     6.2089      6.634   112.6138 2.3475e+01     5.2849      3.641      5.282    12.2205   999.5119 0.0000e+00
      3.719      0.010     0.0459      0.676     51.995  38.665404     6.2489      6.632   112.1333 2.3363e+01     5.3179      3.649      5.292    12.2092   999.5133 0.0000e+00
      3.722      0.008     0.0490      0.675     51.980  38.652328     6.3429      6.630   111.2472 2.3347e+01     5.3530      3.651      5.295    12.2005   999.5144 0.0000e+00
      3.722      0.007     0.0507      0.670     52.021  38.681905     6.4006      6.630   110.9332 2.3325e+01     5.3663      3.650      5.294    12.1883   999.5158 0.0000e+00
      3.723      0.007     0.0520      0.656     52.137  38.769145     6.4033      6.630   110.9186 2.3295e+01     5.3412      3.651      5.296    12.1803   999.5166 0.0000e+00
      3.724      0.007     0.0500      0.638     52.287  38.882045     6.4327      6.629   110.9840 2.3265e+01     5.2556      3.652      5.297    12.1781   999.5169 0.0000e+00
      3.725      0.008     0.0513      0.641     52.402  38.967992     6.4983      6.629   111.2074 2.3220e+01     5.1550      3.652      5.296    12.1768   999.5171 0.0000e+00
      3.727      0.010     0.0503      0.676     52.512  39.046696     6.5392      6.629   110.7804 2.3134e+01     5.1204      3.654      5.300    12.1754   999.5172 0.0000e+00
      3.731      0.012     0.0496      0.704     52.637  39.135485     6.5449      6.629   109.7796 2.3009e+01     5.1119      3.658      5.306    12.1764   999.5172 0.0000e+00
      3.735      0.013     0.0476      0.710     52.667  39.152944     6.5102      6.629   109.2587 2.2903e+01     5.0876      3.664      5.314    12.1790   999.5170 0.0000e+00
      3.739      0.013     0.0464      0.716     52.645  39.130846     6.4436      6.628   109.3868 2.2804e+01     5.0667      3.667      5.319    12.1797   999.5170 0.0000e+00
      3.742      0.013     0.0513      0.714     52.726  39.185642     6.4077      6.627   109.6936 2.2686e+01     5.0656      3.669      5.323    12.1765   999.5174 0.0000e+00
      3.745      0.012     0.0540      0.702     52.808  39.244248     6.4097      6.626   109.6128 2.2595e+01     5.1086      3.674      5.327    12.1721   999.5180 0.0000e+00
      3.748      0.011     0.0527      0.691     52.841  39.268212     6.3915      6.625   109.0979 2.2543e+01     5.1392      3.676      5.331    12.1680   999.5185 0.0000e+00
      3.750      0.011     0.0543      0.674     52.947  39.348447     6.3309      6.624   108.7172 2.2479e+01     5.0930      3.677      5.334    12.1618   999.5192 0.0000e+00
      3.753      0.011     0.0541      0.649     53.087  39.452719     6.2869      6.624   108.5370 2.2400e+01     5.0308      3.680      5.338    12.1562   999.5200 0.0000e+00
      3.756      0.012     0.0524      0.617     53.177  39.513429     6.2800      6.625   108.3815 2.2323e+01     5.0389      3.683      5.342    12.1537   999.5202 0.0000e+00
      3.759      0.013     0.0525      0.595     53.272  39.574699     6.2565      6.625   108.5575 2.2208e+01     5.0885      3.685      5.345    12.1539   999.5201 0.0000e+00
      3.763      0.015     0.0504      0.576     53.435  39.685749     6.0412      6.624   108.9445 2.2066e+01     5.1842      3.690      5.351    12.1567   999.5199 0.0000e+00
      3.767      0.016     0.0497      0.565     53.574  39.777102     5.6507      6.624   108.8454 2.1961e+01     5.3032      3.694      5.359    12.1579   999.5198 0.0000e+00
      3.771      0.016     0.0454      0.576     53.604  39.790625     5.4359      6.624   108.3059 2.1855e+01     5.3261      3.697      5.363    12.1506   999.5207 0.0000e+00
      3.776      0.015     0.0446      0.591     53.593  39.785763     5.4177      6.624   107.8418 2.1677e+01     5.3229      3.702      5.370    12.1401   999.5220 0.0000e+00
      3.781      0.014     0.0438      0.624     53.653  39.845272     5.3738      6.624   107.7075 2.1535e+01     5.3329      3.709      5.380    12.1331   999.5229 0.0000e+00
      3.784      0.014     0.0405      0.652     53.851  40.002382     5.2860      6.624   108.0594 2.1511e+01     5.3439      3.712      5.384    12.1208   999.5244 0.0000e+00
      3.786      0.015     0.0447      0.645     54.077  40.162035     5.2340      6.624   108.5683 2.1489e+01     5.3874      3.713      5.385    12.1066   999.5261 0.0000e+00
      3.788      0.015     0.0432      0.654     54.140  40.188793     5.2322      6.623   108.4406 2.1399e+01     5.3784      3.714      5.387    12.1098   999.5257 0.0000e+00
      3.792      0.014     0.0466      0.672     54.092  40.135467     5.3017      6.622   107.8913 2.1245e+01     5.3379      3.718      5.393    12.1318   999.5231 0.0000e+00
      3.798      0.014     0.0515      0.664     54.125  40.151987     5.4266      6.620   107.6058 2.1061e+01     5.3447      3.725      5.402    12.1460   999.5217 0.0000e+00
      3.804      0.013     0.0467      0.659     54.192  40.198108     5.4928      6.619   107.6558 2.0945e+01     5.3914      3.731      5.412    12.1355   999.5230 0.0000e+00
      3.807      0.012     0.0486      0.648     54.182  40.185326     5.4816      6.618   107.8931 2.0912e+01     5.4222      3.733      5.415    12.1111   999.5258 0.0000e+00
      3.808      0.010     0.0526      0.615     54.192  40.187858     5.3110      6.617   108.0666 2.0874e+01     5.4431      3.733      5.415    12.0913   999.5281 0.0000e+00
      3.810      0.009     0.0488      0.615     54.342  40.292193     5.0126      6.617   107.9467 2.0829e+01     5.5407      3.736      5.419    12.0877   999.5285 0.0000e+00
      3.812      0.011     0.0495      0.635     54.632  40.494715     4.8588      6.616   107.5626 2.0802e+01     5.6065      3.739      5.423    12.0875   999.5286 0.0000e+00
      3.813      0.014     0.0507      0.634     54.891  40.668824     4.8533      6.615   107.2936 2.0740e+01     5.5520      3.738      5.422    12.0799   999.5295 0.0000e+00
      3.816      0.016     0.0441      0.639     54.939  40.683489     4.8316      6.614   107.2747 2.0608e+01     5.4994      3.741      5.425    12.0761   999.5299 0.0000e+00
      3.821      0.018     0.0453      0.661     54.945  40.672014     4.7773      6.612   107.2482 2.0374e+01     5.5208      3.746      5.432    12.0720   999.5305 0.0000e+00
      3.830      0.019     0.0497      0.677     55.019  40.720486     4.7500      6.612   107.1457 2.0152e+01     5.5701      3.756      5.448    12.0594   999.5320 0.0000e+00
