Data/DataNotYetUploadedToEDI/Raw_CTD/RawDownloads/062920_fcr50b.cnv
* Sea-Bird SBE19plus  Data File:
* FileName = C:\DATA\062920_fcr50.hex
* Software version 2.8.0.119
* Temperature SN = 7809
* Conductivity SN = 7809
* System UpLoad Time = Jun 29 2020 18:21:38
* <ApplicationData>
* <Seaterm232>
# nquan = 16
# nvalues = 3178                        
# units = specified
# name 0 = depFM: Depth [fresh water, m]
# name 1 = dz/dtM: Descent Rate [m/s]
# name 2 = sbeox0ML/L: Oxygen, SBE 43 [ml/l]
# name 3 = sbeox0PS: Oxygen, SBE 43 [% saturation]
# name 4 = specc: Specific Conductance [uS/cm]
# name 5 = c0uS/cm: Conductivity [uS/cm]
# name 6 = flECO-AFL: Fluorescence, WET Labs ECO-AFL/FL [mg/m^3]
# name 7 = ph: pH
# name 8 = orp: Oxidation Reduction Potential [mV]
# name 9 = par/sat/log: PAR/Logarithmic, Satlantic
# name 10 = turbWETntu0: Turbidity, WET Labs ECO [NTU]
# name 11 = prdM: Pressure, Strain Gauge [db]
# name 12 = prdE: Pressure, Strain Gauge [psi]
# name 13 = tv290C: Temperature [ITS-90, deg C]
# name 14 = density00: Density [density, kg/m^3]
# name 15 = flag:  0.000e+00
# span 0 =     -0.685,      9.619       
# span 1 =     -0.428,      0.195       
# span 2 =     0.0361,     8.2053       
# span 3 =      0.487,    129.943       
# span 4 =      0.395,     81.458       
# span 5 =   0.415005,  56.028027       
# span 6 =    -0.9835,    37.3240       
# span 7 =     -2.034,      8.820       
# span 8 =  -130.2748,  1102.3585       
# span 9 = 1.2341e-01, 1.0392e+03       
# span 10 =    -4.9739,   363.0219      
# span 11 =     -0.672,      9.433      
# span 12 =     -0.975,     13.682      
# span 13 =     9.3221,    27.5114      
# span 14 =   996.3796,   999.8341      
# span 15 = 0.0000e+00, 0.0000e+00      
# interval = seconds: 0.25
# start_time = Jun 29 2020 05:00:17 [Instrument's time stamp, header]
# bad_flag = -9.990e-29
*END*
[from data line 181]
      0.425      0.002     6.3258    105.964     31.368  30.069668     1.8490      7.917   198.6984 3.6581e+02     1.6370      0.417      0.605    22.9743   997.5643 0.0000e+00
      0.425     -0.002     6.3394    106.004     31.418  30.108870     1.8563      7.791   198.2326 3.9366e+02     1.6415      0.417      0.605    22.9601   997.5677 0.0000e+00
      0.426     -0.014     6.3502    106.022     31.583  30.264787     1.8487      7.680   197.2104 3.8084e+02     1.6330      0.417      0.605    22.9503   997.5700 0.0000e+00
      0.429     -0.038     6.3628    106.092     31.730  30.432294     1.8238      7.634   195.2865 3.5462e+02     1.5684      0.419      0.608    22.9386   997.5728 0.0000e+00
      0.430     -0.070     6.3703    106.297     31.778  30.548224     1.8034      7.634   192.7815 3.4438e+02     1.5469      0.426      0.619    22.9223   997.5766 0.0000e+00
      0.415     -0.105     6.3729    106.620     31.792  30.651538     1.7926      7.665   191.6158 3.8501e+02     1.6126      0.417      0.605    22.9143   997.5785 0.0000e+00
      0.377     -0.137     6.3756    106.971     31.782  30.729969     1.7603      7.709   191.4308 4.2091e+02     1.6771      0.376      0.544    22.8918   997.5837 0.0000e+00
      0.322     -0.166     6.3735    107.291     31.710  30.735371     1.6989      7.749   191.2338 3.6927e+02     1.6742      0.317      0.460    22.9164   997.5776 0.0000e+00
      0.264     -0.190     6.3708    107.547     31.702  30.780401     1.6604      7.779   191.2113 3.3967e+02     1.6115      0.256      0.371    23.0511   997.5455 0.0000e+00
      0.213     -0.209     6.3732    107.670     31.902  31.020736     1.6483      7.802   189.6970 3.8848e+02     1.5711      0.205      0.297    23.2082   997.5079 0.0000e+00
      0.168     -0.224     6.3800    107.710     32.149  31.357381     1.5704      7.818   186.8620 4.2383e+02     1.5988      0.166      0.241    23.3411   997.4759 0.0000e+00
      0.119     -0.239     6.3822    107.888     32.249  31.615333     1.4244      7.823   185.6715 4.8463e+02     1.6374      0.123      0.178    23.4738   997.4437 0.0000e+00
      0.057     -0.257     6.3903    108.273     32.248  31.792462     1.3427      7.816   186.0578 6.4903e+02     1.6249      0.060      0.087    23.5552   997.4236 0.0000e+00
     -0.018     -0.275     6.3957    108.739     32.213  31.913197     1.3358      7.805   186.1988 7.7529e+02     1.5854     -0.018     -0.026    23.5782   997.4179 0.0000e+00
     -0.097     -0.285     6.3732    109.126     32.174  31.996799     1.3224      7.791   185.7418 7.5765e+02     1.6055     -0.096     -0.139    23.7133   997.3848 0.0000e+00
     -0.177     -0.280     6.3480    109.336     32.125  32.042131     1.1138      7.777   185.6082 7.2898e+02     1.7995     -0.172     -0.249    24.0094   997.3118 0.0000e+00
     -0.257     -0.252     6.3393    109.384     32.091  32.080766     0.7113      7.768   185.7881 7.3906e+02     2.1114     -0.255     -0.369    24.3027   997.2386 0.0000e+00
     -0.331     -0.199     6.3408    109.249     32.101  32.146813     0.4813      7.765   184.7332 7.2748e+02     2.3555     -0.332     -0.481    24.5490   997.1766 0.0000e+00
     -0.388     -0.124     6.3446    108.884     32.111  32.206330     0.4690      7.765   183.0920 6.9819e+02     3.2400     -0.388     -0.562    24.7367   997.1289 0.0000e+00
     -0.422     -0.040     6.3385    108.304     32.095  32.229451     0.6095      7.768   182.2064 6.6008e+02    12.6000     -0.424     -0.616    24.8722   997.0943 0.0000e+00
     -0.422      0.039     6.3283    107.601     31.906  32.045750     0.8642      7.770   181.8543 5.9338e+02    29.6950     -0.430     -0.624    24.9922   997.0636 0.0000e+00
     -0.382      0.099     6.3138    106.842     31.547  31.634787     0.9936      7.767   181.8468 5.0884e+02    38.9223     -0.386     -0.560    25.0629   997.0456 0.0000e+00
     -0.314      0.133     6.2830    106.003     31.356  31.320879     1.0002      7.762   182.5458 4.5489e+02    38.8834     -0.303     -0.440    25.1434   997.0253 0.0000e+00
     -0.252      0.142     6.2385    105.064     31.423  31.231980     1.0671      7.756   183.5092 4.2037e+02    29.4657     -0.235     -0.341    25.2229   997.0051 0.0000e+00
     -0.214      0.127     6.1933    104.053     31.573  31.257551     1.2016      7.750   183.6857 3.7070e+02    12.1209     -0.204     -0.295    25.2414   997.0004 0.0000e+00
     -0.195      0.098     6.1584    103.068     31.691  31.312657     1.2730      7.742   183.4758 3.1897e+02     2.6524     -0.191     -0.276    25.1817   997.0157 0.0000e+00
     -0.185      0.068     6.1349    102.319     31.724  31.327197     1.2626      7.734   182.9500 2.7267e+02     1.7420     -0.180     -0.261    24.9630   997.0719 0.0000e+00
     -0.177      0.048     6.1133    101.993     31.706  31.306442     1.2573      7.726   182.0600 2.4063e+02     1.6292     -0.173     -0.250    24.6658   997.1475 0.0000e+00
     -0.169      0.039     6.0774    102.086     31.716  31.315473     1.2759      7.718   182.8678 2.2839e+02     1.6321     -0.167     -0.241    24.4539   997.2010 0.0000e+00
     -0.160      0.037     6.0235    102.482     31.772  31.372951     1.2867      7.708   185.1458 2.2542e+02     1.6392     -0.157     -0.227    24.3715   997.2218 0.0000e+00
     -0.149      0.038     5.9754    103.062     31.817  31.430417     1.2833      7.698   186.1143 2.3181e+02     1.6120     -0.147     -0.212    24.3640   997.2238 0.0000e+00
     -0.138      0.038     5.9576    103.732     31.805  31.439321     1.2733      7.689   185.4586 2.5184e+02     1.5777     -0.136     -0.196    24.3646   997.2236 0.0000e+00
     -0.128      0.038     5.9658    104.417     31.767  31.417193     1.2604      7.682   184.3591 2.8196e+02     1.6023     -0.126     -0.181    24.3648   997.2236 0.0000e+00
     -0.118      0.037     5.9921    105.002     31.760  31.416671     1.2608      7.674   183.8322 3.1991e+02     1.6696     -0.116     -0.167    24.3579   997.2254 0.0000e+00
     -0.108      0.035     6.0261    105.398     31.772  31.433017     1.2685      7.664   184.3372 3.6395e+02     1.6705     -0.106     -0.152    24.3763   997.2209 0.0000e+00
     -0.099      0.032     6.0600    105.601     31.759  31.424502     1.2683      7.655   185.4746 4.3212e+02     1.6120     -0.097     -0.141    24.4268   997.2083 0.0000e+00
     -0.092      0.029     6.1007    105.653     31.709  31.377171     1.2682      7.648   186.3125 5.1546e+02     1.6148     -0.090     -0.131    24.4509   997.2022 0.0000e+00
     -0.085      0.027     6.1370    105.644     31.642  31.304852     1.2765      7.642   186.4669 5.1459e+02     1.6700     -0.084     -0.121    24.4520   997.2020 0.0000e+00
     -0.079      0.025     6.1584    105.604     31.603  31.247964     1.2826      7.637   186.4810 4.0961e+02     1.6624     -0.077     -0.112    24.4587   997.2003 0.0000e+00
     -0.074      0.025     6.1690    105.460     31.585  31.196858     1.2752      7.632   186.5686 2.9762e+02     1.5904     -0.071     -0.105    24.4711   997.1972 0.0000e+00
     -0.068      0.026     6.1688    105.203     31.561  31.130968     1.2637      7.626   185.8921 2.3194e+02     1.4864     -0.066     -0.096    24.4741   997.1965 0.0000e+00
     -0.061      0.026     6.1677    104.933     31.557  31.085653     1.2572      7.617   184.9257 2.6109e+02     1.4007     -0.060     -0.087    24.4689   997.1977 0.0000e+00
     -0.055      0.027     6.1713    104.698     31.594  31.092996     1.2642      7.604   185.1234 4.1065e+02     1.4127     -0.054     -0.079    24.4426   997.2044 0.0000e+00
     -0.047      0.027     6.1705    104.499     31.667  31.156262     1.2712      7.585   185.7871 5.7593e+02     1.4256     -0.046     -0.067    24.3823   997.2196 0.0000e+00
     -0.038      0.026     6.1594    104.378     31.716  31.216160     1.2465      7.563   185.9813 7.0304e+02     1.3842     -0.037     -0.054    24.3139   997.2366 0.0000e+00
     -0.031      0.022     6.1514    104.345     31.721  31.246262     1.2137      7.537   185.7505 7.4723e+02     1.3936     -0.030     -0.043    24.2402   997.2551 0.0000e+00
     -0.026      0.015     6.1449    104.412     31.720  31.266490     1.2087      7.510   184.2010 6.6153e+02     1.4366     -0.023     -0.035    24.1877   997.2682 0.0000e+00
     -0.022      0.007     6.1323    104.594     31.718  31.270444     1.2147      7.492   181.7016 5.9553e+02     1.4229     -0.021     -0.032    24.1748   997.2714 0.0000e+00
     -0.020      0.001     6.1233    104.850     31.684  31.230629     1.1812      7.487   180.8255 6.0890e+02     1.3651     -0.018     -0.026    24.1981   997.2657 0.0000e+00
     -0.021     -0.003     6.1152    105.083     31.626  31.165740     1.1094      7.491   181.1797 5.6184e+02     1.3221     -0.018     -0.025    24.2487   997.2531 0.0000e+00
     -0.027     -0.003     6.1132    105.181     31.591  31.120287     1.0706      7.500   181.7686 4.8393e+02     1.3485     -0.026     -0.038    24.2923   997.2422 0.0000e+00
     -0.034      0.001     6.1248    105.106     31.547  31.061707     1.0749      7.510   182.8695 5.2573e+02     1.4099     -0.036     -0.052    24.2949   997.2414 0.0000e+00
     -0.034      0.009     6.1438    104.933     31.540  31.028397     1.1124      7.516   182.5309 5.8404e+02     1.4811     -0.035     -0.049    24.2768   997.2459 0.0000e+00
     -0.029      0.020     6.1612    104.751     31.575  31.034712     1.1724      7.514   180.5130 5.9063e+02     1.5574     -0.028     -0.041    24.2668   997.2485 0.0000e+00
     -0.023      0.031     6.1705    104.594     31.572  31.011134     1.1994      7.504   179.2934 6.2309e+02     1.5767     -0.025     -0.037    24.2497   997.2528 0.0000e+00
     -0.011      0.038     6.1655    104.485     31.575  30.997051     1.2003      7.494   179.2280 5.8240e+02     1.5771     -0.013     -0.019    24.2329   997.2569 0.0000e+00
      0.005      0.040     6.1581    104.428     31.588  30.991302     1.2020      7.490   179.6366 5.0932e+02     1.5961      0.007      0.009    24.1883   997.2681 0.0000e+00
      0.019      0.039     6.1541    104.391     31.556  30.941601     1.2200      7.490   180.2760 4.9570e+02     1.6349      0.021      0.030    24.1307   997.2825 0.0000e+00
      0.028      0.037     6.1473    104.376     31.536  30.903625     1.2558      7.489   180.5917 4.6830e+02     1.6689      0.028      0.041    24.1041   997.2891 0.0000e+00
      0.034      0.032     6.1430    104.406     31.564  30.912759     1.2725      7.484   181.0440 4.8323e+02     1.6636      0.034      0.049    24.0800   997.2951 0.0000e+00
      0.040      0.028     6.1448    104.421     31.588  30.925126     1.2596      7.475   181.6153 5.3329e+02     1.6402      0.040      0.056    24.0488   997.3028 0.0000e+00
      0.047      0.025     6.1460    104.389     31.589  30.926250     1.2241      7.466   181.4759 5.3297e+02     1.5916      0.046      0.066    24.0208   997.3098 0.0000e+00
      0.053      0.023     6.1462    104.374     31.585  30.926351     1.1871      7.458   180.9079 5.0635e+02     1.5570      0.053      0.077    23.9927   997.3167 0.0000e+00
      0.059      0.022     6.1548    104.442     31.582  30.926359     1.1837      7.449   180.3407 5.0138e+02     1.5985      0.057      0.083    23.9570   997.3255 0.0000e+00
      0.064      0.020     6.1592    104.602     31.582  30.926350     1.2025      7.442   180.0381 5.0665e+02     1.6474      0.063      0.091    23.9371   997.3305 0.0000e+00
      0.069      0.018     6.1541    104.836     31.585  30.926235     1.1855      7.437   181.1206 5.4005e+02     1.6330      0.068      0.099    23.9431   997.3290 0.0000e+00
      0.073      0.017     6.1506    105.066     31.590  30.924979     1.1206      7.434   183.1908 5.6728e+02     1.5964      0.072      0.104    23.9530   997.3266 0.0000e+00
      0.077      0.017     6.1544    105.201     31.583  30.911150     1.0662      7.433   183.9892 5.1350e+02     1.5826      0.076      0.110    23.9577   997.3256 0.0000e+00
      0.081      0.016     6.1639    105.227     31.560  30.885896     1.0624      7.433   183.2023 4.7356e+02     1.6036      0.080      0.115    23.9566   997.3258 0.0000e+00
      0.085      0.015     6.1795    105.207     31.550  30.873408     1.0935      7.433   182.0227 4.8860e+02     1.5759      0.083      0.121    23.9543   997.3263 0.0000e+00
      0.090      0.015     6.1974    105.203     31.570  30.887033     1.1181      7.433   181.5135 5.9304e+02     1.4532      0.088      0.128    23.9439   997.3290 0.0000e+00
      0.094      0.014     6.2068    105.227     31.615  30.923734     1.1212      7.433   182.5517 6.7321e+02     1.3559      0.092      0.134    23.9281   997.3328 0.0000e+00
      0.097      0.014     6.2070    105.281     31.630  30.936507     1.1222      7.434   184.4230 5.5295e+02     1.3270      0.095      0.138    23.9265   997.3332 0.0000e+00
      0.100      0.015     6.2041    105.378     31.603  30.914582     1.1683      7.436   185.2967 4.4225e+02     1.4128      0.098      0.143    23.9264   997.3333 0.0000e+00
      0.104      0.017     6.2056    105.496     31.593  30.912408     1.2491      7.438   185.3719 4.7034e+02     1.5687      0.102      0.147    23.9130   997.3365 0.0000e+00
      0.107      0.020     6.2092    105.600     31.586  30.910234     1.2785      7.438   184.9882 5.0836e+02     1.6332      0.104      0.150    23.8973   997.3404 0.0000e+00
      0.111      0.023     6.2118    105.647     31.565  30.888299     1.2670      7.438   184.0135 5.0876e+02     1.6436      0.108      0.157    23.8919   997.3418 0.0000e+00
      0.118      0.025     6.2174    105.609     31.581  30.900956     1.2720      7.438   183.8258 5.2014e+02     1.6254      0.116      0.168    23.9032   997.3390 0.0000e+00
      0.128      0.027     6.2228    105.497     31.619  30.936389     1.3001      7.439   184.6114 5.2615e+02     1.5854      0.125      0.182    23.9209   997.3347 0.0000e+00
      0.136      0.029     6.2288    105.312     31.615  30.936066     1.3304      7.441   185.2517 4.8656e+02     1.6054      0.135      0.195    23.9282   997.3330 0.0000e+00
      0.142      0.029     6.2337    105.098     31.572  30.897050     1.3335      7.441   185.5447 4.4095e+02     1.6269      0.140      0.203    23.9231   997.3343 0.0000e+00
      0.148      0.029     6.2307    104.933     31.528  30.845308     1.3288      7.440   185.6600 4.9279e+02     1.6058      0.145      0.210    23.9147   997.3364 0.0000e+00
      0.155      0.029     6.2258    104.866     31.529  30.817983     1.3687      7.437   185.4414 5.7005e+02     1.5907      0.152      0.221    23.9130   997.3368 0.0000e+00
      0.163      0.030     6.2126    104.885     31.567  30.820382     1.4434      7.434   184.5359 5.0677e+02     1.5468      0.160      0.233    23.9195   997.3352 0.0000e+00
      0.171      0.032     6.1964    104.890     31.582  30.810824     1.4794      7.431   183.4005 5.2042e+02     1.4871      0.167      0.243    23.9321   997.3322 0.0000e+00
      0.180      0.032     6.1871    104.847     31.552  30.765820     1.4695      7.427   183.2432 6.0289e+02     1.4530      0.177      0.257    23.9264   997.3336 0.0000e+00
      0.189      0.032     6.1880    104.782     31.520  30.720310     1.4668      7.421   183.6671 5.1633e+02     1.4778      0.186      0.269    23.8707   997.3473 0.0000e+00
      0.197      0.031     6.2016    104.701     31.517  30.704645     1.4754      7.412   184.3954 4.4581e+02     1.5799      0.192      0.280    23.8030   997.3640 0.0000e+00
      0.205      0.029     6.2056    104.612     31.526  30.703274     1.4690      7.405   185.3386 4.4050e+02     1.6229      0.201      0.292    23.7684   997.3725 0.0000e+00
      0.213      0.026     6.2046    104.542     31.534  30.703719     1.4556      7.400   185.4351 4.3277e+02     1.5862      0.210      0.303    23.7474   997.3776 0.0000e+00
