Data/DataNotYetUploadedToEDI/Raw_CTD/RawDownloads/062920_fcr50b.cnv
* Sea-Bird SBE19plus  Data File:
* FileName = C:\DATA\062920_fcr50.hex
* Software version 2.8.0.119
* Temperature SN = 7809
* Conductivity SN = 7809
* System UpLoad Time = Jun 29 2020 18:21:38
* <ApplicationData>
* <Seaterm232>
# nquan = 16
# nvalues = 3178                        
# units = specified
# name 0 = depFM: Depth [fresh water, m]
# name 1 = dz/dtM: Descent Rate [m/s]
# name 2 = sbeox0ML/L: Oxygen, SBE 43 [ml/l]
# name 3 = sbeox0PS: Oxygen, SBE 43 [% saturation]
# name 4 = specc: Specific Conductance [uS/cm]
# name 5 = c0uS/cm: Conductivity [uS/cm]
# name 6 = flECO-AFL: Fluorescence, WET Labs ECO-AFL/FL [mg/m^3]
# name 7 = ph: pH
# name 8 = orp: Oxidation Reduction Potential [mV]
# name 9 = par/sat/log: PAR/Logarithmic, Satlantic
# name 10 = turbWETntu0: Turbidity, WET Labs ECO [NTU]
# name 11 = prdM: Pressure, Strain Gauge [db]
# name 12 = prdE: Pressure, Strain Gauge [psi]
# name 13 = tv290C: Temperature [ITS-90, deg C]
# name 14 = density00: Density [density, kg/m^3]
# name 15 = flag:  0.000e+00
# span 0 =     -0.685,      9.619       
# span 1 =     -0.428,      0.195       
# span 2 =     0.0361,     8.2053       
# span 3 =      0.487,    129.943       
# span 4 =      0.395,     81.458       
# span 5 =   0.415005,  56.028027       
# span 6 =    -0.9835,    37.3240       
# span 7 =     -2.034,      8.820       
# span 8 =  -130.2748,  1102.3585       
# span 9 = 1.2341e-01, 1.0392e+03       
# span 10 =    -4.9739,   363.0219      
# span 11 =     -0.672,      9.433      
# span 12 =     -0.975,     13.682      
# span 13 =     9.3221,    27.5114      
# span 14 =   996.3796,   999.8341      
# span 15 = 0.0000e+00, 0.0000e+00      
# interval = seconds: 0.25
# start_time = Jun 29 2020 05:00:17 [Instrument's time stamp, header]
# bad_flag = -9.990e-29
*END*
[from data line 1808]
      8.728      0.033     0.1440      1.761     81.012  55.649073    -0.1911      6.552   -87.8229 1.2355e-01     4.8943      8.560     12.415     9.3437   999.8282 0.0000e+00
      8.740      0.033     0.1452      1.765     81.018  55.655310    -0.1997      6.552   -87.3619 1.2356e-01     4.9111      8.574     12.435     9.3430   999.8283 0.0000e+00
      8.746      0.031     0.1459      1.781     81.022  55.661093    -0.2118      6.552   -85.9895 1.2354e-01     5.0091      8.577     12.440     9.3429   999.8283 0.0000e+00
      8.751      0.026     0.1398      1.804     81.008  55.655474    -0.2131      6.552   -85.6840 1.2357e-01     5.0827      8.581     12.446     9.3432   999.8283 0.0000e+00
      8.758      0.021     0.1420      1.814     80.996  55.650891    -0.2057      6.552   -86.3353 1.2362e-01     5.1144      8.589     12.457     9.3441   999.8282 0.0000e+00
      8.764      0.017     0.1406      1.818     81.021  55.669209    -0.1898      6.552   -86.2068 1.2357e-01     5.0842      8.596     12.467     9.3453   999.8282 0.0000e+00
      8.767      0.015     0.1427      1.843     81.046  55.686392    -0.1830      6.552   -85.3340 1.2351e-01     4.9578      8.599     12.471     9.3468   999.8281 0.0000e+00
      8.769      0.015     0.1452      1.854     81.022  55.668085    -0.1996      6.553   -84.8170 1.2349e-01     4.8561      8.600     12.474     9.3493   999.8279 0.0000e+00
      8.771      0.016     0.1460      1.802     80.979  55.638418    -0.2188      6.554   -85.0320 1.2348e-01     4.8505      8.602     12.476     9.3520   999.8277 0.0000e+00
      8.774      0.018     0.1450      1.759     80.984  55.645300    -0.2153      6.554   -85.6104 1.2348e-01     4.8896      8.604     12.479     9.3533   999.8276 0.0000e+00
      8.779      0.021     0.1468      1.769     81.044  55.687777    -0.2053      6.554   -85.7878 1.2351e-01     4.9170      8.608     12.485     9.3530   999.8277 0.0000e+00
      8.787      0.024     0.1532      1.792     81.074  55.707354    -0.2013      6.554   -85.5427 1.2352e-01     4.8732      8.617     12.498     9.3514   999.8278 0.0000e+00
      8.795      0.029     0.1429      1.784     81.050  55.691431    -0.1959      6.554   -85.4001 1.2352e-01     4.8059      8.627     12.512     9.3504   999.8279 0.0000e+00
      8.801      0.031     0.1390      1.748     81.035  55.685816    -0.1980      6.555   -85.8706 1.2361e-01     4.8597      8.630     12.517     9.3534   999.8277 0.0000e+00
      8.807      0.031     0.1417      1.738     81.055  55.702999    -0.2079      6.555   -86.8432 1.2366e-01     5.0085      8.633     12.522     9.3559   999.8275 0.0000e+00
      8.819      0.031     0.1445      1.750     81.063  55.708623    -0.2104      6.555   -87.2647 1.2361e-01     5.0930      8.647     12.541     9.3526   999.8279 0.0000e+00
      8.832      0.031     0.1452      1.767     81.038  55.690297    -0.1994      6.555   -87.0095 1.2356e-01     5.0925      8.664     12.567     9.3530   999.8279 0.0000e+00
      8.838      0.033     0.1379      1.783     81.015  55.671980    -0.1892      6.555   -87.1990 1.2354e-01     5.0708      8.670     12.574     9.3576   999.8275 0.0000e+00
      8.840      0.034     0.1392      1.788     81.030  55.677722    -0.2022      6.554   -88.0933 1.2356e-01     5.0365      8.667     12.569     9.3597   999.8274 0.0000e+00
      8.845      0.032     0.1403      1.784     81.062  55.696201    -0.2227      6.553   -88.3582 1.2357e-01     5.0562      8.671     12.576     9.3598   999.8274 0.0000e+00
      8.859      0.029     0.1415      1.783     81.072  55.704833    -0.2268      6.553   -87.9076 1.2354e-01     5.1715      8.689     12.601     9.3580   999.8276 0.0000e+00
      8.874      0.027     0.1434      1.795     81.085  55.718568    -0.2241      6.553   -87.4622 1.2354e-01     5.4001      8.705     12.627     9.3575   999.8277 0.0000e+00
      8.880      0.023     0.1433      1.790     81.103  55.735230    -0.2179      6.554   -87.4473 1.2358e-01     5.6919      8.710     12.633     9.3545   999.8280 0.0000e+00
      8.881      0.018     0.1435      1.755     81.072  55.715720    -0.2093      6.555   -88.1578 1.2357e-01     5.8163      8.708     12.629     9.3503   999.8284 0.0000e+00
      8.883      0.012     0.1418      1.735     81.011  55.673248    -0.2058      6.555   -88.6526 1.2356e-01     5.7708      8.711     12.635     9.3520   999.8282 0.0000e+00
      8.886      0.010     0.1445      1.747     81.001  55.666366    -0.2038      6.555   -88.6117 1.2360e-01     5.6908      8.715     12.640     9.3559   999.8279 0.0000e+00
      8.886      0.010     0.1454      1.763     81.042  55.696033    -0.1856      6.555   -88.2656 1.2362e-01     5.4327      8.714     12.638     9.3595   999.8277 0.0000e+00
      8.887      0.012     0.1394      1.768     81.066  55.714341    -0.1478      6.555   -87.7371 1.2362e-01     5.0537      8.713     12.638     9.3603   999.8276 0.0000e+00
      8.892      0.014     0.1381      1.777     81.039  55.697159    -0.1288      6.555   -87.8156 1.2359e-01     4.8844      8.720     12.647     9.3588   999.8277 0.0000e+00
      8.897      0.017     0.1399      1.793     81.009  55.678849    -0.1370      6.555   -88.3539 1.2354e-01     4.8623      8.726     12.657     9.3589   999.8277 0.0000e+00
      8.901      0.022     0.1422      1.802     81.009  55.683537    -0.1608      6.555   -87.8780 1.2353e-01     4.8556      8.729     12.661     9.3605   999.8276 0.0000e+00
      8.906      0.026     0.1414      1.808     81.010  55.690314    -0.1877      6.555   -86.6218 1.2358e-01     4.9058      8.733     12.666     9.3619   999.8275 0.0000e+00
      8.912      0.029     0.1419      1.798     81.012  55.697270    -0.1951      6.556   -86.5008 1.2363e-01     4.9552      8.738     12.674     9.3625   999.8275 0.0000e+00
      8.921      0.029     0.1447      1.779     81.020  55.704133    -0.2029      6.557   -87.1893 1.2356e-01     4.9377      8.748     12.687     9.3632   999.8275 0.0000e+00
      8.932      0.028     0.1438      1.782     81.033  55.709766    -0.2044      6.558   -87.0318 1.2355e-01     4.8656      8.760     12.705     9.3658   999.8274 0.0000e+00
      8.942      0.025     0.1460      1.796     81.031  55.701853    -0.1764      6.559   -86.2309 1.2359e-01     4.8045      8.771     12.720     9.3705   999.8270 0.0000e+00
      8.948      0.020     0.1445      1.799     80.996  55.671977    -0.1404      6.559   -85.8511 1.2353e-01     4.8163      8.776     12.729     9.3747   999.8267 0.0000e+00
      8.950      0.015     0.1415      1.798     80.995  55.666137    -0.1219      6.559   -85.8813 1.2346e-01     4.8717      8.777     12.731     9.3758   999.8266 0.0000e+00
      8.952      0.011     0.1423      1.799     81.043  55.694764    -0.1345      6.559   -86.0798 1.2347e-01     4.8907      8.779     12.733     9.3728   999.8269 0.0000e+00
      8.953      0.010     0.1449      1.797     81.055  55.700482    -0.1695      6.559   -86.2732 1.2355e-01     4.9083      8.780     12.734     9.3684   999.8273 0.0000e+00
      8.954      0.011     0.1442      1.797     81.011  55.671751    -0.2012      6.560   -86.0677 1.2362e-01     4.9128      8.779     12.733     9.3649   999.8275 0.0000e+00
      8.956      0.014     0.1438      1.810     80.994  55.664991    -0.2122      6.560   -85.8328 1.2358e-01     4.8769      8.783     12.739     9.3618   999.8278 0.0000e+00
      8.961      0.016     0.1445      1.815     81.009  55.682277    -0.1876      6.560   -86.3580 1.2349e-01     4.8171      8.788     12.746     9.3587   999.8281 0.0000e+00
      8.967      0.018     0.1442      1.788     81.014  55.690201    -0.1515      6.560   -87.1698 1.2348e-01     4.7043      8.793     12.753     9.3569   999.8283 0.0000e+00
      8.974      0.019     0.1435      1.776     81.021  55.697272    -0.1484      6.561   -87.3029 1.2352e-01     4.6121      8.800     12.763     9.3579   999.8281 0.0000e+00
      8.980      0.019     0.1450      1.797     81.029  55.704257    -0.1596      6.561   -87.0206 1.2357e-01     4.5944      8.808     12.774     9.3612   999.8279 0.0000e+00
      8.983      0.018     0.1477      1.812     81.033  55.711140    -0.1728      6.562   -87.1112 1.2357e-01     4.5937      8.810     12.778     9.3661   999.8276 0.0000e+00
      8.985      0.015     0.1424      1.817     81.033  55.716968    -0.1936      6.562   -87.7110 1.2355e-01     4.6042      8.810     12.777     9.3694   999.8273 0.0000e+00
      8.990      0.013     0.1405      1.812     81.018  55.711211    -0.2007      6.561   -87.9917 1.2352e-01     4.6532      8.815     12.785     9.3697   999.8273 0.0000e+00
      8.995      0.013     0.1454      1.804     81.007  55.705059    -0.2009      6.561   -87.7519 1.2351e-01     4.6357      8.822     12.795     9.3700   999.8273 0.0000e+00
      8.997      0.015     0.1449      1.815     81.007  55.706100    -0.2058      6.561   -87.5652 1.2353e-01     4.5307      8.824     12.798     9.3731   999.8271 0.0000e+00
      8.997      0.019     0.1457      1.818     81.033  55.723802    -0.1934      6.562   -87.6267 1.2354e-01     4.4474      8.822     12.796     9.3779   999.8267 0.0000e+00
      9.001      0.022     0.1461      1.805     81.050  55.728528    -0.1563      6.563   -87.8071 1.2359e-01     4.3838      8.825     12.799     9.3810   999.8264 0.0000e+00
      9.009      0.023     0.1426      1.792     81.017  55.699706    -0.1289      6.563   -87.9395 1.2364e-01     4.3461      8.834     12.812     9.3806   999.8265 0.0000e+00
      9.019      0.023     0.1465      1.795     81.005  55.692928    -0.1289      6.563   -87.9372 1.2362e-01     4.3351      8.845     12.829     9.3813   999.8265 0.0000e+00
      9.029      0.021     0.1461      1.810     81.021  55.710100    -0.1375      6.563   -87.6077 1.2352e-01     4.3869      8.856     12.845     9.3835   999.8264 0.0000e+00
      9.034      0.017     0.1445      1.805     81.027  55.716764    -0.1473      6.563   -87.1383 1.2347e-01     4.5269      8.861     12.852     9.3771   999.8270 0.0000e+00
      9.035      0.012     0.1436      1.786     81.019  55.709976    -0.1524      6.563   -87.0793 1.2353e-01     4.6203      8.860     12.851     9.3699   999.8275 0.0000e+00
      9.035      0.008     0.1422      1.761     80.996  55.691553    -0.1413      6.564   -87.3257 1.2358e-01     4.6223      8.860     12.850     9.3736   999.8272 0.0000e+00
      9.036      0.005     0.1470      1.755     80.989  55.684587    -0.1472      6.564   -87.1056 1.2356e-01     4.5860      8.861     12.852     9.3790   999.8268 0.0000e+00
      9.037      0.005     0.1444      1.783     80.999  55.689264    -0.1853      6.564   -86.4830 1.2356e-01     4.5593      8.861     12.852     9.3802   999.8267 0.0000e+00
      9.039      0.005     0.1436      1.792     80.994  55.684577    -0.2111      6.564   -86.3366 1.2360e-01     4.5738      8.863     12.855     9.3784   999.8269 0.0000e+00
      9.041      0.006     0.1412      1.763     81.004  55.691440    -0.2102      6.564   -86.6264 1.2356e-01     4.6233      8.866     12.861     9.3765   999.8270 0.0000e+00
      9.042      0.008     0.1381      1.748     81.027  55.708725    -0.1838      6.564   -86.6312 1.2353e-01     4.6780      8.867     12.862     9.3760   999.8270 0.0000e+00
      9.042      0.013     0.1443      1.767     81.017  55.702997    -0.1398      6.564   -86.2231 1.2359e-01     4.6856      8.866     12.860     9.3746   999.8272 0.0000e+00
      9.044      0.017     0.1451      1.777     80.992  55.685711    -0.1176      6.564   -85.9932 1.2362e-01     4.6470      8.868     12.862     9.3726   999.8273 0.0000e+00
      9.048      0.021     0.1410      1.769     81.003  55.690283    -0.1255      6.563   -86.1744 1.2360e-01     4.6226      8.873     12.868     9.3734   999.8273 0.0000e+00
      9.057      0.023     0.1380      1.771     81.012  55.694751    -0.1404      6.563   -86.4350 1.2363e-01     4.7344      8.880     12.880     9.3746   999.8272 0.0000e+00
      9.067      0.024     0.1427      1.771     80.985  55.676215    -0.1451      6.565   -86.5633 1.2366e-01     4.9693      8.894     12.900     9.3756   999.8272 0.0000e+00
      9.075      0.025     0.1436      1.775     80.965  55.656733    -0.1350      6.566   -86.5218 1.2361e-01     5.1280      8.902     12.911     9.3763   999.8271 0.0000e+00
      9.078      0.024     0.1404      1.786     80.972  55.649757    -0.1318      6.567   -86.4488 1.2357e-01     5.1423      8.901     12.910     9.3723   999.8275 0.0000e+00
      9.081      0.023     0.1428      1.787     80.999  55.655372    -0.1631      6.567   -86.5414 1.2360e-01     5.0729      8.903     12.913     9.3710   999.8276 0.0000e+00
      9.088      0.021     0.1416      1.786     81.021  55.661090    -0.2087      6.567   -86.6948 1.2360e-01     5.0109      8.912     12.926     9.3740   999.8274 0.0000e+00
      9.096      0.019     0.1416      1.788     81.020  55.655363    -0.2252      6.567   -86.6689 1.2355e-01     5.0445      8.921     12.939     9.3705   999.8277 0.0000e+00
      9.101      0.018     0.1440      1.771     81.011  55.649645    -0.2109      6.568   -86.5723 1.2352e-01     5.1014      8.926     12.946     9.3611   999.8285 0.0000e+00
      9.105      0.017     0.1435      1.740     81.013  55.655476    -0.1976      6.568   -86.5588 1.2356e-01     5.0812      8.929     12.950     9.3522   999.8292 0.0000e+00
      9.107      0.015     0.1427      1.713     81.017  55.662343    -0.1883      6.568   -86.5924 1.2363e-01     4.9712      8.931     12.953     9.3460   999.8297 0.0000e+00
      9.109      0.014     0.1442      1.669     81.022  55.669157    -0.1644      6.568   -86.5487 1.2365e-01     4.8364      8.933     12.956     9.3434   999.8299 0.0000e+00
      9.112      0.014     0.1430      1.634     81.024  55.674344    -0.1475      6.568   -86.4600 1.2364e-01     4.7900      8.936     12.961     9.3440   999.8299 0.0000e+00
      9.117      0.016     0.1382      1.628     80.995  55.661543    -0.1464      6.568   -86.4666 1.2361e-01     4.8223      8.941     12.968     9.3475   999.8297 0.0000e+00
      9.122      0.020     0.1388      1.609     80.957  55.641437    -0.1416      6.568   -86.4567 1.2353e-01     4.9873      8.947     12.976     9.3512   999.8294 0.0000e+00
      9.126      0.025     0.1337      1.604     80.932  55.621813    -0.1369      6.568   -86.4264 1.2347e-01     5.2392      8.950     12.981     9.3518   999.8293 0.0000e+00
      9.131      0.030     0.1287      1.642     80.940  55.614842    -0.1372      6.569   -86.4440 1.2349e-01     5.3282      8.953     12.985     9.3529   999.8293 0.0000e+00
      9.138      0.034     0.1326      1.685     80.969  55.620656    -0.1357      6.569   -86.3260 1.2359e-01     5.3073      8.959     12.994     9.3590   999.8288 0.0000e+00
      9.150      0.037     0.1283      1.702     80.994  55.628569    -0.1285      6.569   -86.2898 1.2367e-01     5.3302      8.972     13.013     9.3653   999.8284 0.0000e+00
      9.165      0.039     0.1264      1.674     81.028  55.646992    -0.1270      6.570   -86.5219 1.2367e-01     5.3651      8.990     13.039     9.3639   999.8286 0.0000e+00
      9.177      0.039     0.1323      1.629     81.040  55.652832    -0.1365      6.571   -86.6370 1.2367e-01     5.3512      9.002     13.056     9.3538   999.8293 0.0000e+00
      9.184      0.036     0.1355      1.595     81.019  55.635652    -0.1474      6.571   -86.5638 1.2365e-01     5.2994      9.006     13.063     9.3429   999.8303 0.0000e+00
      9.191      0.031     0.1385      1.556     81.013  55.629832    -0.1636      6.571   -86.6684 1.2364e-01     5.1168      9.012     13.071     9.3375   999.8308 0.0000e+00
      9.200      0.026     0.1348      1.529     81.037  55.645983    -0.1800      6.571   -86.8694 1.2364e-01     4.7907      9.022     13.084     9.3357   999.8310 0.0000e+00
