Data/DataNotYetUploadedToEDI/Raw_CTD/RawDownloads/062920_fcr50a.cnv
* Sea-Bird SBE19plus  Data File:
* FileName = C:\DATA\062820_fcr50_0003_0004.hex
* Software version 2.8.0.119
* Temperature SN = 7809
* Conductivity SN = 7809
* System UpLoad Time = Jun 29 2020 11:31:03
* <ApplicationData>
* <Seaterm232>
# nquan = 16
# nvalues = 6201                        
# units = specified
# name 0 = depFM: Depth [fresh water, m]
# name 1 = dz/dtM: Descent Rate [m/s]
# name 2 = sbeox0ML/L: Oxygen, SBE 43 [ml/l]
# name 3 = sbeox0PS: Oxygen, SBE 43 [% saturation]
# name 4 = specc: Specific Conductance [uS/cm]
# name 5 = c0uS/cm: Conductivity [uS/cm]
# name 6 = flECO-AFL: Fluorescence, WET Labs ECO-AFL/FL [mg/m^3]
# name 7 = ph: pH
# name 8 = orp: Oxidation Reduction Potential [mV]
# name 9 = par/sat/log: PAR/Logarithmic, Satlantic
# name 10 = turbWETntu0: Turbidity, WET Labs ECO [NTU]
# name 11 = prdM: Pressure, Strain Gauge [db]
# name 12 = prdE: Pressure, Strain Gauge [psi]
# name 13 = tv290C: Temperature [ITS-90, deg C]
# name 14 = density00: Density [density, kg/m^3]
# name 15 = flag:  0.000e+00
# span 0 =     -0.666,      9.688       
# span 1 =     -3.857,      0.269       
# span 2 =     0.0302,     7.9125       
# span 3 =      0.408,    122.128       
# span 4 =      0.296,    171.069       
# span 5 =   0.302495, 116.726385       
# span 6 =    -3.2636,   259.7086       
# span 7 =      6.271,      8.911       
# span 8 =  -249.4052,  1109.9087       
# span 9 = 1.2350e-01, 1.4793e+03       
# span 10 =    -2.9348,   936.9732      
# span 11 =     -0.654,      9.501      
# span 12 =     -0.948,     13.779      
# span 13 =     9.0574,    26.1581      
# span 14 =   996.7496,   999.8887      
# span 15 = 0.0000e+00, 0.0000e+00      
# interval = seconds: 0.25
# start_time = Jun 28 2020 21:47:05 [Instrument's time stamp, header]
# bad_flag = -9.990e-29
*END*
[from data line 904]
      2.288      0.012     5.3486     77.473     31.546  26.027907     5.0335      7.218   212.6106 2.0942e+02     6.7921      2.245      3.257    16.2865   998.9228 0.0000e+00
      2.290      0.013     5.3379     77.342     31.570  26.045153     5.0482      7.223   212.6647 2.1215e+02     6.7715      2.245      3.256    16.2740   998.9250 0.0000e+00
      2.292      0.014     5.3319     77.207     31.621  26.085503     5.1880      7.223   212.5837 2.1125e+02     6.7840      2.247      3.260    16.2605   998.9272 0.0000e+00
      2.294      0.014     5.3288     77.101     31.689  26.135208     5.4545      7.213   212.0612 2.0923e+02     6.8063      2.249      3.262    16.2534   998.9283 0.0000e+00
      2.298      0.015     5.3232     76.992     31.707  26.138700     5.6006      7.201   211.5960 2.0869e+02     6.8004      2.251      3.265    16.2494   998.9291 0.0000e+00
      2.305      0.015     5.3141     76.862     31.709  26.127714     5.6292      7.191   211.6048 2.0539e+02     6.7816      2.260      3.278    16.2459   998.9296 0.0000e+00
      2.311      0.015     5.3025     76.687     31.720  26.129211     5.7046      7.187   211.8235 2.0171e+02     6.7503      2.268      3.291    16.2441   998.9299 0.0000e+00
      2.314      0.014     5.2987     76.394     31.758  26.156797     5.8252      7.187   211.9180 2.0121e+02     6.7312      2.269      3.293    16.2371   998.9312 0.0000e+00
      2.315      0.013     5.2935     75.934     31.825  26.207531     5.8954      7.186   212.1446 2.0144e+02     6.7569      2.269      3.292    16.2150   998.9349 0.0000e+00
      2.317      0.010     5.2868     75.282     31.865  26.235199     5.8954      7.186   212.4978 2.0118e+02     6.7865      2.272      3.295    16.1925   998.9386 0.0000e+00
      2.322      0.008     5.2791     74.409     31.871  26.237602     5.9218      7.186   211.6284 2.0027e+02     6.7796      2.277      3.302    16.1818   998.9403 0.0000e+00
      2.325      0.007     5.2599     73.349     31.867  26.236582     6.0043      7.186   209.9794 2.0021e+02     6.7423      2.281      3.308    16.1774   998.9411 0.0000e+00
      2.326      0.006     5.2296     72.193     31.845  26.222877     6.0632      7.187   209.4230 2.0072e+02     6.7471      2.281      3.309    16.1718   998.9421 0.0000e+00
      2.326      0.004     5.1866     70.966     31.809  26.198755     6.0900      7.189   209.5467 2.0242e+02     6.8035      2.281      3.308    16.1611   998.9438 0.0000e+00
      2.326      0.003     5.1276     69.717     31.801  26.198651     6.2240      7.192   209.9268 2.0329e+02     6.8751      2.281      3.308    16.1555   998.9447 0.0000e+00
      2.327      0.003     5.0493     68.562     31.822  26.221621     6.4622      7.194   210.5776 2.0017e+02     6.9610      2.282      3.309    16.1596   998.9440 0.0000e+00
      2.328      0.004     4.9698     67.540     31.817  26.222783     6.5955      7.194   210.8762 1.9898e+02     7.0173      2.282      3.310    16.1684   998.9426 0.0000e+00
      2.329      0.005     4.8844     66.681     31.796  26.212707     6.6146      7.195   210.1814 1.9984e+02     7.0418      2.284      3.312    16.1777   998.9411 0.0000e+00
      2.331      0.006     4.7913     66.012     31.796  26.226648     6.6450      7.197   208.8021 1.9904e+02     7.0506      2.286      3.315    16.1895   998.9391 0.0000e+00
      2.332      0.007     4.7127     65.570     31.822  26.264513     6.9825      7.200   208.1372 1.9904e+02     7.0550      2.286      3.316    16.1986   998.9376 0.0000e+00
      2.333      0.008     4.6399     65.388     31.837  26.289969     7.6056      7.201   208.1652 1.9994e+02     7.0600      2.288      3.319    16.2021   998.9371 0.0000e+00
      2.335      0.008     4.5799     65.390     31.814  26.280741     7.9513      7.203   208.3662 1.9971e+02     7.0435      2.289      3.321    16.2128   998.9354 0.0000e+00
      2.338      0.007     4.5314     65.477     31.805  26.279806     8.0242      7.203   208.6744 1.9948e+02     7.0260      2.293      3.325    16.2350   998.9317 0.0000e+00
      2.341      0.007     4.4953     65.592     31.804  26.278674     8.4293      7.203   208.7947 1.9997e+02     7.0204      2.297      3.330    16.2656   998.9266 0.0000e+00
      2.343      0.006     4.4840     65.659     31.803  26.267050     9.1690      7.203   208.9599 1.9928e+02     7.0101      2.298      3.332    16.2885   998.9229 0.0000e+00
      2.343      0.006     4.4858     65.618     31.821  26.266109     9.5870      7.204   209.2090 1.9756e+02     7.0049      2.298      3.333    16.3010   998.9208 0.0000e+00
      2.344      0.007     4.4908     65.473     31.839  26.267283     9.7245      7.209   209.2256 1.9600e+02     7.0260      2.298      3.333    16.3127   998.9189 0.0000e+00
      2.344      0.011     4.5009     65.247     31.871  26.281223    10.7170      7.214   209.2462 1.9505e+02     7.0944      2.299      3.334    16.3148   998.9185 0.0000e+00
      2.345      0.016     4.5094     64.962     31.925  26.307779    12.5092      7.219   209.2011 1.9479e+02     7.1794      2.300      3.336    16.2963   998.9215 0.0000e+00
      2.349      0.020     4.5088     64.650     31.991  26.334635    13.4930      7.220   208.9377 1.9354e+02     7.2287      2.303      3.340    16.2649   998.9268 0.0000e+00
      2.357      0.022     4.5001     64.331     32.047  26.352196    13.7525      7.220   208.9864 1.9120e+02     7.2450      2.310      3.350    16.2434   998.9304 0.0000e+00
      2.367      0.024     4.4857     64.013     32.123  26.393210    15.6179      7.220   209.9621 1.8956e+02     7.3764      2.321      3.368    16.2305   998.9326 0.0000e+00
      2.374      0.024     4.4675     63.745     32.212  26.449932    19.0046      7.220   211.1854 1.8861e+02     7.6158      2.331      3.381    16.2048   998.9369 0.0000e+00
      2.379      0.023     4.4493     63.500     32.248  26.467128    20.8450      7.221   211.4733 1.8839e+02     7.7020      2.333      3.383    16.1578   998.9446 0.0000e+00
      2.383      0.020     4.4340     63.190     32.268  26.474260    21.0657      7.221   211.2925 1.8819e+02     7.6975      2.336      3.388    16.1058   998.9531 0.0000e+00
      2.388      0.016     4.4117     62.735     32.276  26.472721    21.6733      7.220   210.8917 1.8646e+02     7.8011      2.344      3.399    16.0729   998.9586 0.0000e+00
      2.392      0.014     4.3961     62.049     32.256  26.448519    22.7368      7.219   210.1555 1.8645e+02     7.9247      2.346      3.403    16.0516   998.9621 0.0000e+00
      2.395      0.012     4.3850     61.155     32.252  26.435342    23.2998      7.216   209.6178 1.8743e+02     7.9562      2.349      3.406    16.0313   998.9654 0.0000e+00
      2.399      0.009     4.3644     60.121     32.270  26.440237    23.3302      7.214   210.3274 1.8639e+02     7.9420      2.354      3.413    16.0183   998.9676 0.0000e+00
      2.401      0.007     4.3391     59.006     32.285  26.444265    23.2955      7.213   212.1102 1.8579e+02     7.9237      2.354      3.415    16.0067   998.9695 0.0000e+00
      2.401      0.007     4.2905     57.923     32.264  26.420606    22.9380      7.212   213.0189 1.8457e+02     7.8732      2.354      3.415    15.9948   998.9714 0.0000e+00
      2.401      0.006     4.2279     56.974     32.254  26.407888    22.2586      7.211   213.0545 1.8318e+02     7.7769      2.355      3.416    15.9789   998.9740 0.0000e+00
      2.403      0.005     4.1585     56.206     32.270  26.417338    21.8616      7.208   212.7985 1.8285e+02     7.6866      2.356      3.417    15.9615   998.9768 0.0000e+00
      2.406      0.005     4.0780     55.664     32.265  26.408002    21.7817      7.206   212.1603 1.8247e+02     7.6743      2.359      3.422    15.9504   998.9786 0.0000e+00
      2.408      0.004     4.0017     55.351     32.287  26.421864    21.3492      7.203   212.0494 1.8221e+02     7.7316      2.361      3.425    15.9404   998.9803 0.0000e+00
      2.408      0.003     3.9359     55.189     32.337  26.458081    20.5340      7.201   212.7485 1.8222e+02     7.7612      2.361      3.425    15.9331   998.9814 0.0000e+00
      2.408      0.002     3.8826     55.139     32.349  26.465318    20.0785      7.199   213.4716 1.8233e+02     7.7234      2.361      3.424    15.9272   998.9824 0.0000e+00
      2.409      0.001     3.8437     55.129     32.327  26.445928    20.0660      7.199   213.8231 1.8238e+02     7.6862      2.362      3.426    15.9194   998.9836 0.0000e+00
      2.409      0.001     3.8273     55.043     32.289  26.413930    20.4970      7.198   213.9872 1.8184e+02     7.6202      2.362      3.426    15.9117   998.9849 0.0000e+00
      2.409      0.001     3.8159     54.903     32.264  26.395577    21.3043      7.197   214.0801 1.8157e+02     7.5097      2.362      3.426    15.9054   998.9859 0.0000e+00
      2.409      0.001     3.8136     54.764     32.279  26.414312    21.7395      7.196   214.1720 1.8246e+02     7.4484      2.362      3.426    15.9020   998.9865 0.0000e+00
      2.409      0.001     3.8196     54.649     32.309  26.450172    21.7918      7.196   213.8935 1.8186e+02     7.4286      2.362      3.426    15.8992   998.9869 0.0000e+00
      2.409      0.001     3.8101     54.569     32.285  26.448596    22.0125      7.196   213.2933 1.8090e+02     7.4415      2.363      3.427    15.8968   998.9872 0.0000e+00
      2.409      0.002     3.7999     54.533     32.193  26.395280    22.4050      7.195   213.2825 1.8122e+02     7.5013      2.363      3.427    15.8991   998.9869 0.0000e+00
      2.410      0.003     3.7886     54.547     32.148  26.376420    22.6088      7.194   213.5905 1.8190e+02     7.5345      2.363      3.427    15.9078   998.9855 0.0000e+00
      2.411      0.003     3.7794     54.639     32.175  26.410880    22.6260      7.194   213.9205 1.8178e+02     7.4999      2.364      3.429    15.9245   998.9829 0.0000e+00
      2.412      0.004     3.7711     54.832     32.192  26.431372    22.7662      7.194   214.4323 1.8047e+02     7.5287      2.365      3.431    15.9548   998.9779 0.0000e+00
      2.413      0.005     3.7654     55.069     32.197  26.433907    23.0255      7.192   214.6161 1.8108e+02     7.6775      2.366      3.432    15.9933   998.9717 0.0000e+00
      2.414      0.005     3.7639     55.319     32.217  26.441520    23.1583      7.190   213.7341 1.8098e+02     7.7884      2.367      3.433    16.0241   998.9667 0.0000e+00
      2.415      0.005     3.7659     55.569     32.252  26.459989    23.1703      7.188   212.2005 1.7892e+02     7.7699      2.368      3.435    16.0429   998.9636 0.0000e+00
      2.417      0.004     3.7825     55.783     32.274  26.466913    23.1992      7.185   211.5601 1.7839e+02     7.6948      2.370      3.439    16.0524   998.9621 0.0000e+00
      2.419      0.003     3.7987     55.914     32.281  26.461788    23.4593      7.183   212.0136 1.7844e+02     7.7385      2.372      3.441    16.0499   998.9625 0.0000e+00
      2.419      0.003     3.8171     55.922     32.291  26.461441    23.9405      7.182   212.7798 1.7799e+02     7.8862      2.372      3.440    16.0345   998.9650 0.0000e+00
      2.419      0.003     3.8374     55.819     32.302  26.462710    24.2017      7.182   213.1673 1.7879e+02     7.9701      2.372      3.441    16.0165   998.9679 0.0000e+00
      2.419      0.004     3.8542     55.632     32.330  26.477118    24.1756      7.182   213.0845 1.8114e+02     7.9975      2.373      3.441    15.9983   998.9709 0.0000e+00
      2.420      0.006     3.8663     55.349     32.385  26.508782    23.7109      7.181   212.7253 1.8064e+02     8.0120      2.373      3.442    15.9822   998.9735 0.0000e+00
      2.421      0.008     3.8674     54.974     32.430  26.528389    22.8750      7.180   212.0075 1.7759e+02     8.0079      2.373      3.443    15.9689   998.9758 0.0000e+00
      2.424      0.010     3.8599     54.555     32.447  26.523884    22.4231      7.179   211.4609 1.7557e+02     8.0165      2.377      3.448    15.9569   998.9777 0.0000e+00
      2.428      0.010     3.8487     54.131     32.460  26.517710    22.3195      7.178   211.4512 1.7591e+02     8.0127      2.381      3.454    15.9465   998.9794 0.0000e+00
      2.432      0.010     3.8310     53.701     32.475  26.517154    21.6218      7.176   211.7183 1.7718e+02     7.9627      2.386      3.461    15.9277   998.9825 0.0000e+00
      2.435      0.009     3.8056     53.257     32.486  26.517148    20.3683      7.175   212.1098 1.7651e+02     7.9602      2.388      3.464    15.8989   998.9871 0.0000e+00
      2.435      0.006     3.7780     52.773     32.494  26.517622    19.6942      7.175   212.3984 1.7531e+02     8.0163      2.388      3.464    15.8670   998.9922 0.0000e+00
      2.436      0.004     3.7513     52.193     32.506  26.522884    19.6128      7.175   212.6269 1.7421e+02     8.0234      2.389      3.465    15.8400   998.9966 0.0000e+00
      2.437      0.002     3.7232     51.495     32.502  26.517338    19.3369      7.174   212.8931 1.7303e+02     7.9774      2.390      3.466    15.8217   998.9996 0.0000e+00
      2.437      0.002     3.6931     50.684     32.500  26.513984    18.8473      7.174   212.8637 1.7323e+02     7.9406      2.391      3.467    15.8085   999.0017 0.0000e+00
      2.437      0.003     3.6634     49.809     32.541  26.545756    18.5862      7.174   212.7021 1.7435e+02     7.9560      2.390      3.467    15.7991   999.0032 0.0000e+00
      2.437      0.006     3.6228     48.969     32.591  26.584342    18.5533      7.176   212.5735 1.7450e+02     7.9930      2.390      3.467    15.7931   999.0041 0.0000e+00
      2.438      0.008     3.5752     48.223     32.617  26.599951    18.4498      7.178   212.4272 1.7323e+02     7.9758      2.391      3.467    15.7895   999.0047 0.0000e+00
      2.441      0.011     3.5184     47.607     32.636  26.607620    17.4018      7.180   213.1706 1.7312e+02     7.8503      2.393      3.470    15.7870   999.0051 0.0000e+00
      2.446      0.013     3.4539     47.170     32.653  26.613627    15.4855      7.181   214.5918 1.7337e+02     7.7117      2.398      3.479    15.7861   999.0053 0.0000e+00
      2.450      0.015     3.3954     46.910     32.658  26.609141    14.4494      7.183   215.1572 1.7167e+02     7.7082      2.404      3.486    15.7827   999.0059 0.0000e+00
      2.454      0.016     3.3434     46.746     32.676  26.616796    14.3250      7.185   215.1017 1.6973e+02     7.7388      2.407      3.491    15.7733   999.0074 0.0000e+00
      2.458      0.016     3.3003     46.634     32.716  26.642746    13.7718      7.185   214.8676 1.6849e+02     7.6698      2.410      3.496    15.7609   999.0094 0.0000e+00
      2.461      0.015     3.2693     46.517     32.756  26.669166    12.7677      7.184   214.3054 1.6679e+02     7.5944      2.413      3.500    15.7477   999.0116 0.0000e+00
      2.465      0.013     3.2567     46.283     32.780  26.682515    12.2275      7.183   214.0684 1.6568e+02     7.5829      2.418      3.507    15.7355   999.0135 0.0000e+00
      2.470      0.012     3.2457     45.898     32.780  26.677284    12.1707      7.180   214.7560 1.6634e+02     7.5644      2.422      3.513    15.7250   999.0152 0.0000e+00
      2.473      0.009     3.2393     45.396     32.775  26.669337    12.0619      7.177   215.9081 1.6599e+02     7.5089      2.425      3.518    15.7150   999.0168 0.0000e+00
      2.475      0.007     3.2366     44.778     32.755  26.649858    11.8746      7.175   216.5542 1.6433e+02     7.4616      2.427      3.521    15.7046   999.0185 0.0000e+00
      2.476      0.004     3.2210     44.043     32.736  26.632046    11.7846      7.172   216.6313 1.6401e+02     7.4721      2.428      3.521    15.6941   999.0202 0.0000e+00
      2.476      0.003     3.1936     43.270     32.752  26.644260    11.7759      7.170   216.4971 1.6503e+02     7.4989      2.428      3.521    15.6859   999.0215 0.0000e+00
