Data/DataNotYetUploadedToEDI/Raw_CTD/RawDownloads/062920_fcr50a.cnv
* Sea-Bird SBE19plus  Data File:
* FileName = C:\DATA\062820_fcr50_0003_0004.hex
* Software version 2.8.0.119
* Temperature SN = 7809
* Conductivity SN = 7809
* System UpLoad Time = Jun 29 2020 11:31:03
* <ApplicationData>
* <Seaterm232>
# nquan = 16
# nvalues = 6201                        
# units = specified
# name 0 = depFM: Depth [fresh water, m]
# name 1 = dz/dtM: Descent Rate [m/s]
# name 2 = sbeox0ML/L: Oxygen, SBE 43 [ml/l]
# name 3 = sbeox0PS: Oxygen, SBE 43 [% saturation]
# name 4 = specc: Specific Conductance [uS/cm]
# name 5 = c0uS/cm: Conductivity [uS/cm]
# name 6 = flECO-AFL: Fluorescence, WET Labs ECO-AFL/FL [mg/m^3]
# name 7 = ph: pH
# name 8 = orp: Oxidation Reduction Potential [mV]
# name 9 = par/sat/log: PAR/Logarithmic, Satlantic
# name 10 = turbWETntu0: Turbidity, WET Labs ECO [NTU]
# name 11 = prdM: Pressure, Strain Gauge [db]
# name 12 = prdE: Pressure, Strain Gauge [psi]
# name 13 = tv290C: Temperature [ITS-90, deg C]
# name 14 = density00: Density [density, kg/m^3]
# name 15 = flag:  0.000e+00
# span 0 =     -0.666,      9.688       
# span 1 =     -3.857,      0.269       
# span 2 =     0.0302,     7.9125       
# span 3 =      0.408,    122.128       
# span 4 =      0.296,    171.069       
# span 5 =   0.302495, 116.726385       
# span 6 =    -3.2636,   259.7086       
# span 7 =      6.271,      8.911       
# span 8 =  -249.4052,  1109.9087       
# span 9 = 1.2350e-01, 1.4793e+03       
# span 10 =    -2.9348,   936.9732      
# span 11 =     -0.654,      9.501      
# span 12 =     -0.948,     13.779      
# span 13 =     9.0574,    26.1581      
# span 14 =   996.7496,   999.8887      
# span 15 = 0.0000e+00, 0.0000e+00      
# interval = seconds: 0.25
# start_time = Jun 28 2020 21:47:05 [Instrument's time stamp, header]
# bad_flag = -9.990e-29
*END*
[from data line 4791]
      9.679      0.005     0.0405      0.524    137.080  93.586782    -0.1880      6.847  -165.1581 1.2367e-01     1.8055      9.492     13.767     9.1384   999.8584 0.0000e+00
      9.681      0.005     0.0433      0.524    131.978  90.135099    -0.2063      6.848  -164.6915 1.2367e-01     1.8416      9.494     13.769     9.1284   999.8586 0.0000e+00
      9.682      0.005     0.0432      0.523    133.626  91.281921    -0.2118      6.848  -163.7995 1.2360e-01     1.8632      9.495     13.771     9.1236   999.8634 0.0000e+00
      9.684      0.005     0.0426      0.518    139.678  95.424478    -0.2158      6.848  -164.1813 1.2359e-01     1.8616      9.497     13.773     9.1225   999.8737 0.0000e+00
      9.685      0.004     0.0421      0.524    141.341  96.562967    -0.2273      6.848  -164.0588 1.2361e-01     1.8217      9.498     13.776     9.1322   999.8696 0.0000e+00
      9.686      0.003     0.0421      0.532    131.497  89.835439    -0.2354      6.848  -162.6630 1.2361e-01     1.7927      9.499     13.777     9.1483   999.8647 0.0000e+00
      9.686      0.003     0.0430      0.523    116.560  79.620702    -0.2381      6.847  -162.4479 1.2363e-01     1.8205      9.499     13.777     9.1553   999.8658 0.0000e+00
      9.687      0.002     0.0407      0.496    107.455  73.381042    -0.2313      6.846  -162.5767 1.2367e-01     1.8484      9.500     13.779     9.1564   999.8686 0.0000e+00
      9.687      0.001     0.0424      0.473    104.837  71.568720    -0.2194      6.846  -161.3807 1.2368e-01     1.8559      9.500     13.779     9.1578   999.8712 0.0000e+00
      9.687      0.001     0.0433      0.480    104.586  71.377580    -0.2179      6.846  -160.8069 1.2367e-01     1.8417      9.501     13.779     9.1578   999.8661 0.0000e+00
      9.687      0.000     0.0429      0.510    104.619  71.387784    -0.2239      6.847  -161.2312 1.2369e-01     1.8151      9.500     13.779     9.1537   999.8590 0.0000e+00
      9.687      0.000     0.0399      0.524    103.863  70.865576    -0.2244      6.847  -161.0057 1.2373e-01     1.8086      9.500     13.779     9.1433   999.8568 0.0000e+00
      9.688      0.000     0.0371      0.514    103.283  70.467175    -0.2335      6.847  -160.4025 1.2370e-01     1.7972      9.501     13.779     9.1303   999.8577 0.0000e+00
      9.688     -0.001     0.0376      0.509    103.257  70.448622    -0.2390      6.847  -160.1328 1.2365e-01     1.8139      9.501     13.779     9.1202   999.8583 0.0000e+00
      9.687     -0.001     0.0420      0.518    102.980  70.259830    -0.2235      6.847  -160.4987 1.2367e-01     1.8732      9.500     13.778     9.1149   999.8592 0.0000e+00
      9.687     -0.001     0.0435      0.537    102.640  70.028024    -0.2178      6.847  -160.8677 1.2370e-01     1.8967      9.500     13.779     9.1125   999.8586 0.0000e+00
      9.687     -0.001     0.0404      0.542    102.688  70.061485    -0.2280      6.847  -160.3797 1.2370e-01     1.8577      9.499     13.778     9.1111   999.8585 0.0000e+00
      9.686     -0.001     0.0414      0.548    102.823  70.155832    -0.2326      6.847  -160.8783 1.2366e-01     1.8138      9.499     13.777     9.1106   999.8588 0.0000e+00
      9.686     -0.001     0.0405      0.572    102.348  69.833816    -0.2253      6.848  -162.5941 1.2363e-01     1.8124      9.499     13.777     9.1111   999.8586 0.0000e+00
      9.686     -0.001     0.0447      0.593    101.818  69.473543    -0.2166      6.848  -162.6265 1.2359e-01     1.8402      9.499     13.778     9.1113   999.8584 0.0000e+00
      9.685     -0.001     0.0434      0.598    101.837  69.486727    -0.2121      6.848  -161.3561 1.2360e-01     1.8749      9.498     13.777     9.1116   999.8583 0.0000e+00
      9.685     -0.001     0.0431      0.594    101.928  69.548265    -0.2093      6.848  -161.5171 1.2362e-01     1.8890      9.498     13.776     9.1125   999.8586 0.0000e+00
      9.685     -0.001     0.0466      0.588    101.978  69.581938    -0.2115      6.848  -162.9388 1.2362e-01     1.8736      9.497     13.775     9.1136   999.8582 0.0000e+00
      9.685     -0.001     0.0481      0.578    102.064  69.639593    -0.2204      6.848  -163.2298 1.2367e-01     1.8266      9.498     13.774     9.1142   999.8577 0.0000e+00
      9.684     -0.001     0.0489      0.594    102.207  69.736827    -0.2305      6.848  -162.9709 1.2372e-01     1.7661      9.497     13.775     9.1145   999.8579 0.0000e+00
      9.684     -0.001     0.0471      0.623    102.399  69.867633    -0.2293      6.848  -163.8527 1.2372e-01     1.7613      9.497     13.774     9.1146   999.8579 0.0000e+00
      9.684     -0.001     0.0489      0.633    102.426  69.886243    -0.2151      6.848  -164.5136 1.2370e-01     1.8366      9.496     13.773     9.1140   999.8580 0.0000e+00
      9.684     -0.002     0.0447      0.631    102.630  70.025417    -0.2106      6.848  -164.2503 1.2368e-01     1.8866      9.497     13.774     9.1135   999.8581 0.0000e+00
      9.683     -0.002     0.0473      0.610    103.465  70.596862    -0.2236      6.848  -163.9382 1.2367e-01     1.8516      9.496     13.773     9.1133   999.8580 0.0000e+00
      9.683     -0.003     0.0521      0.599    104.812  71.519258    -0.2288      6.848  -164.0963 1.2368e-01     1.8247      9.496     13.772     9.1132   999.8582 0.0000e+00
      9.682     -0.005     0.0502      0.606    106.291  72.532299    -0.2268      6.848  -164.6133 1.2368e-01     1.8365      9.495     13.772     9.1133   999.8582 0.0000e+00
      9.681     -0.006     0.0526      0.583    107.241  73.182170    -0.2277      6.847  -164.1658 1.2366e-01     1.8567      9.493     13.770     9.1132   999.8581 0.0000e+00
      9.679     -0.007     0.0485      0.542    107.283  73.209894    -0.2201      6.847  -162.9018 1.2366e-01     1.8631      9.492     13.767     9.1136   999.8584 0.0000e+00
      9.677     -0.008     0.0466      0.526    106.878  72.931128    -0.2109      6.848  -162.7522 1.2371e-01     1.8787      9.490     13.763     9.1156   999.8588 0.0000e+00
      9.674     -0.008     0.0509      0.536    106.971  72.990503    -0.2124      6.849  -162.4431 1.2376e-01     2.0456      9.487     13.760     9.1178   999.8593 0.0000e+00
      9.672     -0.008     0.0475      0.548    109.750  74.881420    -0.2182      6.849  -161.0574 1.2382e-01     2.3365      9.485     13.756     9.1186   999.8596 0.0000e+00
      9.670     -0.008     0.0427      0.546    113.008  77.099329    -0.2237      6.850  -160.7970 1.2381e-01     2.5129      9.483     13.754     9.1183   999.8594 0.0000e+00
      9.668     -0.009     0.0414      0.535    110.414  75.326217    -0.2313      6.850  -161.6167 1.2372e-01     2.5291      9.481     13.751     9.1169   999.8595 0.0000e+00
      9.667     -0.012     0.0434      0.533    104.346  71.182703    -0.2352      6.850  -161.4187 1.2372e-01     2.3611      9.480     13.749     9.1146   999.8592 0.0000e+00
      9.665     -0.017     0.0445      0.538    101.003  68.899708    -0.2323      6.850  -159.9515 1.2375e-01     2.0609      9.477     13.747     9.1124   999.8603 0.0000e+00
      9.661     -0.026     0.0446      0.526    100.153  68.320612    -0.2346      6.849  -159.6229 1.2373e-01     1.8863      9.475     13.742     9.1100   999.8635 0.0000e+00
      9.656     -0.037     0.0426      0.511     99.859  68.121880    -0.2438      6.849  -160.1980 1.2372e-01     1.8294      9.471     13.736     9.1086   999.8619 0.0000e+00
      9.646     -0.048     0.0423      0.519     99.718  68.022356    -0.2477      6.850  -159.6775 1.2378e-01     1.8186      9.462     13.723     9.1072   999.8584 0.0000e+00
      9.631     -0.059     0.0445      0.531     99.708  68.007136    -0.2433      6.851  -159.0950 1.2383e-01     1.8592      9.446     13.701     9.1044   999.8579 0.0000e+00
      9.611     -0.066     0.0424      0.523     99.806  68.064969    -0.2294      6.850  -159.2635 1.2379e-01     1.8747      9.426     13.671     9.1055   999.8576 0.0000e+00
      9.590     -0.067     0.0403      0.519     99.847  68.085991    -0.2126      6.849  -159.7358 1.2376e-01     1.8686      9.404     13.639     9.1081   999.8571 0.0000e+00
      9.569     -0.062     0.0414      0.531     99.738  68.007061    -0.2122      6.848  -160.0738 1.2374e-01     1.8531      9.383     13.609     9.1059   999.8572 0.0000e+00
      9.551     -0.050     0.0445      0.555     99.730  68.000491    -0.2244      6.848  -159.8218 1.2371e-01     1.8246      9.365     13.582     9.1012   999.8574 0.0000e+00
      9.537     -0.035     0.0412      0.564     99.925  68.133666    -0.2260      6.848  -160.2172 1.2370e-01     1.7988      9.351     13.562     9.0966   999.8577 0.0000e+00
      9.530     -0.023     0.0417      0.539     99.959  68.155340    -0.2220      6.848  -161.5852 1.2367e-01     1.7821      9.342     13.550     9.0924   999.8582 0.0000e+00
      9.531     -0.017     0.0422      0.512     99.749  68.008308    -0.2244      6.848  -161.6491 1.2367e-01     1.8284      9.344     13.552     9.0896   999.8583 0.0000e+00
      9.537     -0.022     0.0449      0.497     99.567  67.881397    -0.2258      6.848  -160.6458 1.2371e-01     1.8788      9.354     13.566     9.0895   999.8582 0.0000e+00
      9.540     -0.038     0.0478      0.502     99.489  67.828542    -0.2204      6.848  -160.9836 1.2368e-01     1.8415      9.360     13.576     9.0908   999.8583 0.0000e+00
      9.533     -0.063     0.0423      0.508     99.279  67.687043    -0.2159      6.849  -162.4632 1.2362e-01     1.8238      9.354     13.566     9.0899   999.8584 0.0000e+00
      9.513     -0.095     0.0420      0.509     98.821  67.378207    -0.2191      6.851  -162.8771 1.2367e-01     1.8713      9.333     13.535     9.0871   999.8584 0.0000e+00
      9.482     -0.132     0.0385      0.523     98.094  66.891080    -0.2208      6.852  -163.1490 1.2378e-01     1.8656      9.302     13.491     9.0853   999.8583 0.0000e+00
      9.441     -0.165     0.0407      0.539     97.128  66.246329    -0.2177      6.853  -164.7171 1.2381e-01     1.8236      9.261     13.433     9.0859   999.8581 0.0000e+00
      9.393     -0.175     0.0416      0.544     97.116  66.256051    -0.2110      6.855  -165.5762 1.2376e-01     1.8095      9.213     13.362     9.0867   999.8578 0.0000e+00
      9.338     -0.150     0.0399      0.538     98.568  67.262765    -0.2153      6.855  -164.9328 1.2368e-01     1.7988      9.163     13.289     9.0881   999.8572 0.0000e+00
      9.271     -0.100     0.0427      0.533    100.378  68.503394    -0.2221      6.854  -164.4224 1.2363e-01     1.9684      9.094     13.188     9.0919   999.8564 0.0000e+00
      9.214     -0.051     0.0432      0.523    101.571  69.306946    -0.2168      6.854  -165.0842 1.2358e-01     2.3493      9.011     13.068     9.1000   999.8548 0.0000e+00
      9.218     -0.023     0.0449      0.500    101.103  68.969337    -0.2180      6.855  -165.9657 1.2357e-01     2.5938      9.010     13.069     9.1097   999.8539 0.0000e+00
      9.282     -0.013     0.0425      0.486     99.576  67.917410    -0.2179      6.856  -166.2174 1.2366e-01     2.6243      9.107     13.209     9.1190   999.8545 0.0000e+00
      9.338     -0.005     0.0433      0.491     98.899  67.457491    -0.1957      6.858  -166.0631 1.2369e-01     2.6149      9.186     13.324     9.1246   999.8551 0.0000e+00
      9.328      0.004     0.0430      0.515     99.661  67.985001    -0.1691      6.859  -165.9067 1.2365e-01     2.5834      9.173     13.305     9.1171   999.8563 0.0000e+00
      9.261      0.003     0.0397      0.550    100.612  68.638436    -0.1634      6.860  -165.9619 1.2366e-01     2.5522      9.076     13.163     9.1041   999.8565 0.0000e+00
      9.207     -0.012     0.0386      0.584    100.308  68.429840    -0.1652      6.861  -165.0097 1.2367e-01     2.9585      8.998     13.050     9.0984   999.8557 0.0000e+00
      9.222     -0.028     0.0391      0.599     99.226  67.687644    -0.1432      6.863  -163.5139 1.2367e-01     7.7709      9.024     13.089     9.1011   999.8554 0.0000e+00
      9.281     -0.035     0.0412      0.589     98.276  67.037800    -0.1078      6.865  -163.6213 1.2366e-01    16.5861      9.113     13.219     9.1071   999.8557 0.0000e+00
      9.316     -0.034     0.0444      0.574     97.834  66.737933    -0.0989      6.867  -164.6727 1.2368e-01    21.3414      9.165     13.293     9.1097   999.8564 0.0000e+00
      9.286     -0.039     0.0478      0.574     98.005  66.858573    -0.1020      6.867  -164.2677 1.2374e-01    21.4242      9.124     13.233     9.1079   999.8561 0.0000e+00
      9.216     -0.049     0.0491      0.565     98.353  67.098169    -0.1070      6.868  -162.4232 1.2377e-01    18.1717      9.027     13.092     9.1051   999.8554 0.0000e+00
      9.165     -0.053     0.0479      0.535     98.441  67.156099    -0.1311      6.870  -162.1605 1.2379e-01    12.2284      8.967     13.005     9.1040   999.8548 0.0000e+00
      9.163     -0.038     0.0451      0.502     98.291  67.050530    -0.1557      6.871  -162.6408 1.2384e-01     9.0283      8.976     13.018     9.1054   999.8545 0.0000e+00
      9.188     -0.006     0.0469      0.483     98.171  66.965799    -0.1654      6.871  -161.5198 1.2386e-01     8.8685      9.014     13.073     9.1079   999.8546 0.0000e+00
      9.211      0.022     0.0466      0.504     98.161  66.957874    -0.1627      6.871  -160.9090 1.2379e-01    10.3650      9.041     13.112     9.1092   999.8548 0.0000e+00
      9.219      0.032     0.0428      0.540     98.156  66.954706    -0.1522      6.871  -161.5360 1.2372e-01    13.1487      9.044     13.117     9.1081   999.8550 0.0000e+00
      9.219      0.024     0.0404      0.539     98.117  66.927492    -0.1433      6.873  -161.8736 1.2371e-01    14.6482      9.039     13.109     9.1058   999.8550 0.0000e+00
      9.221      0.010     0.0373      0.519     98.052  66.883069    -0.1498      6.874  -161.6356 1.2369e-01    14.9331      9.042     13.113     9.1042   999.8551 0.0000e+00
      9.224      0.000     0.0397      0.526     97.929  66.798939    -0.1448      6.874  -161.1538 1.2368e-01    16.4910      9.047     13.121     9.1039   999.8552 0.0000e+00
      9.223     -0.009     0.0454      0.546     97.743  66.672980    -0.1117      6.875  -161.5550 1.2367e-01    19.2708      9.046     13.119     9.1041   999.8552 0.0000e+00
      9.221     -0.019     0.0444      0.557     97.493  66.504155    -0.0936      6.876  -162.7864 1.2362e-01    20.7674      9.043     13.114     9.1040   999.8551 0.0000e+00
      9.218     -0.029     0.0403      0.564     97.259  66.346609    -0.0970      6.877  -162.7060 1.2366e-01    20.8535      9.041     13.113     9.1037   999.8552 0.0000e+00
      9.210     -0.037     0.0419      0.551     97.178  66.293469    -0.1054      6.877  -161.7025 1.2371e-01    20.4486      9.037     13.106     9.1036   999.8551 0.0000e+00
      9.195     -0.038     0.0451      0.532     97.193  66.306549    -0.1373      6.878  -162.4396 1.2365e-01    16.1127      9.019     13.081     9.1041   999.8549 0.0000e+00
      9.175     -0.034     0.0441      0.537     97.203  66.314092    -0.1870      6.878  -164.3054 1.2360e-01     8.2198      8.994     13.045     9.1050   999.8546 0.0000e+00
      9.162     -0.024     0.0466      0.545     97.213  66.321112    -0.2105      6.877  -164.7318 1.2362e-01     3.9474      8.980     13.025     9.1059   999.8544 0.0000e+00
      9.158     -0.012     0.0450      0.531     97.226  66.327882    -0.2110      6.877  -163.8949 1.2362e-01     3.6289      8.979     13.024     9.1072   999.8543 0.0000e+00
      9.162      0.001     0.0411      0.508     97.237  66.332386    -0.2039      6.877  -164.0805 1.2365e-01     4.5409      8.984     13.030     9.1087   999.8542 0.0000e+00
      9.170      0.009     0.0437      0.503     97.212  66.312004    -0.1809      6.877  -165.7717 1.2375e-01     6.3569      8.993     13.042     9.1092   999.8542 0.0000e+00
