Data/DataNotYetUploadedToEDI/Raw_CTD/RawDownloads/062920_fcr50a.cnv
* Sea-Bird SBE19plus  Data File:
* FileName = C:\DATA\062820_fcr50_0003_0004.hex
* Software version 2.8.0.119
* Temperature SN = 7809
* Conductivity SN = 7809
* System UpLoad Time = Jun 29 2020 11:31:03
* <ApplicationData>
* <Seaterm232>
# nquan = 16
# nvalues = 6201                        
# units = specified
# name 0 = depFM: Depth [fresh water, m]
# name 1 = dz/dtM: Descent Rate [m/s]
# name 2 = sbeox0ML/L: Oxygen, SBE 43 [ml/l]
# name 3 = sbeox0PS: Oxygen, SBE 43 [% saturation]
# name 4 = specc: Specific Conductance [uS/cm]
# name 5 = c0uS/cm: Conductivity [uS/cm]
# name 6 = flECO-AFL: Fluorescence, WET Labs ECO-AFL/FL [mg/m^3]
# name 7 = ph: pH
# name 8 = orp: Oxidation Reduction Potential [mV]
# name 9 = par/sat/log: PAR/Logarithmic, Satlantic
# name 10 = turbWETntu0: Turbidity, WET Labs ECO [NTU]
# name 11 = prdM: Pressure, Strain Gauge [db]
# name 12 = prdE: Pressure, Strain Gauge [psi]
# name 13 = tv290C: Temperature [ITS-90, deg C]
# name 14 = density00: Density [density, kg/m^3]
# name 15 = flag:  0.000e+00
# span 0 =     -0.666,      9.688       
# span 1 =     -3.857,      0.269       
# span 2 =     0.0302,     7.9125       
# span 3 =      0.408,    122.128       
# span 4 =      0.296,    171.069       
# span 5 =   0.302495, 116.726385       
# span 6 =    -3.2636,   259.7086       
# span 7 =      6.271,      8.911       
# span 8 =  -249.4052,  1109.9087       
# span 9 = 1.2350e-01, 1.4793e+03       
# span 10 =    -2.9348,   936.9732      
# span 11 =     -0.654,      9.501      
# span 12 =     -0.948,     13.779      
# span 13 =     9.0574,    26.1581      
# span 14 =   996.7496,   999.8887      
# span 15 = 0.0000e+00, 0.0000e+00      
# interval = seconds: 0.25
# start_time = Jun 28 2020 21:47:05 [Instrument's time stamp, header]
# bad_flag = -9.990e-29
*END*
[from data line 4520]
      9.436      0.005     0.0458      0.495     99.910  68.085555    -0.2245      6.807  -159.7766 1.2373e-01     1.8434      9.254     13.421     9.0696   999.8594 0.0000e+00
      9.437      0.005     0.0419      0.473     99.953  68.115591    -0.2308      6.807  -158.6156 1.2368e-01     1.8747      9.255     13.423     9.0702   999.8594 0.0000e+00
      9.438      0.004     0.0401      0.473     99.965  68.124040    -0.2276      6.807  -158.0635 1.2370e-01     1.8834      9.256     13.425     9.0707   999.8594 0.0000e+00
      9.439      0.004     0.0409      0.483     99.965  68.124145    -0.2152      6.806  -158.6932 1.2372e-01     1.8800      9.257     13.425     9.0708   999.8593 0.0000e+00
      9.440      0.004     0.0414      0.473     99.954  68.116862    -0.2142      6.807  -158.8301 1.2368e-01     1.8687      9.257     13.426     9.0715   999.8593 0.0000e+00
      9.441      0.004     0.0365      0.462     99.928  68.099538    -0.2248      6.808  -158.4273 1.2370e-01     1.8842      9.259     13.429     9.0720   999.8593 0.0000e+00
      9.443      0.004     0.0381      0.469     99.937  68.105370    -0.2292      6.808  -158.2121 1.2375e-01     1.9989      9.260     13.431     9.0716   999.8593 0.0000e+00
      9.443      0.004     0.0397      0.471     99.965  68.123812    -0.2190      6.809  -158.9819 1.2368e-01     2.1220      9.261     13.431     9.0715   999.8593 0.0000e+00
      9.444      0.004     0.0387      0.473     99.977  68.131846    -0.2069      6.809  -160.2489 1.2361e-01     2.1708      9.262     13.433     9.0719   999.8593 0.0000e+00
      9.446      0.004     0.0357      0.480     99.988  68.138942    -0.2167      6.809  -160.0231 1.2363e-01     2.2461      9.263     13.435     9.0721   999.8593 0.0000e+00
      9.447      0.004     0.0388      0.460     99.998  68.146038    -0.2312      6.809  -158.9196 1.2366e-01     2.4138      9.265     13.437     9.0720   999.8593 0.0000e+00
      9.448      0.005     0.0381      0.449    100.011  68.154086    -0.2311      6.809  -159.2958 1.2371e-01     2.5507      9.266     13.439     9.0716   999.8593 0.0000e+00
      9.449      0.005     0.0368      0.475    100.039  68.172691    -0.2249      6.810  -160.6128 1.2376e-01     2.5966      9.266     13.440     9.0713   999.8594 0.0000e+00
      9.450      0.005     0.0412      0.515    100.051  68.180296    -0.2226      6.810  -160.9918 1.2371e-01     2.5919      9.268     13.441     9.0714   999.8594 0.0000e+00
      9.452      0.005     0.0362      0.524    100.054  68.182486    -0.2225      6.809  -161.4692 1.2361e-01     2.4935      9.269     13.443     9.0713   999.8594 0.0000e+00
      9.453      0.005     0.0350      0.507    100.078  68.199158    -0.2149      6.808  -162.8568 1.2360e-01     2.3340      9.270     13.446     9.0711   999.8594 0.0000e+00
      9.455      0.004     0.0374      0.500    100.065  68.191192    -0.2154      6.809  -163.6589 1.2366e-01     2.2415      9.272     13.448     9.0707   999.8595 0.0000e+00
      9.456      0.004     0.0428      0.491    100.003  68.149737    -0.2290      6.809  -163.3382 1.2374e-01     2.2341      9.273     13.449     9.0703   999.8595 0.0000e+00
      9.456      0.003     0.0438      0.480     99.992  68.142854    -0.2263      6.809  -162.8507 1.2376e-01     2.1762      9.274     13.450     9.0705   999.8595 0.0000e+00
      9.457      0.003     0.0395      0.469    100.033  68.171537    -0.2122      6.810  -163.0985 1.2371e-01     2.0219      9.274     13.451     9.0707   999.8595 0.0000e+00
      9.458      0.004     0.0410      0.446    100.045  68.178736    -0.2107      6.810  -163.4951 1.2364e-01     1.9130      9.275     13.453     9.0711   999.8595 0.0000e+00
      9.458      0.005     0.0399      0.447    100.030  68.166328    -0.2172      6.810  -162.9142 1.2366e-01     1.8900      9.275     13.453     9.0716   999.8594 0.0000e+00
      9.459      0.005     0.0381      0.473    100.005  68.148633    -0.2240      6.810  -162.0127 1.2373e-01     1.8807      9.276     13.454     9.0722   999.8593 0.0000e+00
      9.462      0.005     0.0395      0.493    100.014  68.155482    -0.2352      6.811  -162.3172 1.2373e-01     1.8688      9.278     13.458     9.0726   999.8594 0.0000e+00
      9.464      0.006     0.0344      0.499    100.058  68.185572    -0.2382      6.812  -163.1542 1.2366e-01     1.8841      9.281     13.463     9.0724   999.8594 0.0000e+00
      9.465      0.006     0.0349      0.489    100.074  68.194641    -0.2233      6.812  -162.3235 1.2360e-01     1.8939      9.282     13.463     9.0709   999.8595 0.0000e+00
      9.466      0.006     0.0391      0.473    100.086  68.201566    -0.2170      6.812  -160.3607 1.2360e-01     1.8502      9.282     13.462     9.0696   999.8596 0.0000e+00
      9.467      0.006     0.0397      0.469    100.093  68.205734    -0.2275      6.811  -160.0726 1.2364e-01     1.8013      9.284     13.466     9.0707   999.8595 0.0000e+00
      9.469      0.006     0.0412      0.478    100.059  68.181476    -0.2367      6.811  -160.3031 1.2366e-01     1.7838      9.287     13.469     9.0714   999.8595 0.0000e+00
      9.471      0.007     0.0395      0.472    100.033  68.162514    -0.2335      6.812  -159.2755 1.2360e-01     1.7753      9.288     13.471     9.0698   999.8596 0.0000e+00
      9.472      0.007     0.0381      0.464    100.038  68.167145    -0.2178      6.813  -158.7463 1.2353e-01     1.8023      9.289     13.472     9.0692   999.8597 0.0000e+00
      9.475      0.006     0.0368      0.478    100.047  68.173912    -0.2088      6.812  -159.3250 1.2360e-01     1.8704      9.292     13.477     9.0695   999.8597 0.0000e+00
      9.477      0.006     0.0398      0.487    100.058  68.180774    -0.2094      6.812  -159.6480 1.2369e-01     1.8778      9.294     13.479     9.0683   999.8598 0.0000e+00
      9.477      0.006     0.0383      0.477    100.068  68.186552    -0.2154      6.812  -158.9523 1.2374e-01     1.8233      9.294     13.479     9.0675   999.8598 0.0000e+00
      9.478      0.007     0.0361      0.467    100.061  68.180204    -0.2154      6.812  -158.3979 1.2376e-01     1.7946      9.295     13.482     9.0684   999.8597 0.0000e+00
      9.480      0.007     0.0391      0.487    100.045  68.167588    -0.1901      6.812  -158.8828 1.2370e-01     1.8056      9.297     13.484     9.0690   999.8597 0.0000e+00
      9.482      0.007     0.0400      0.525    100.037  68.161136    -0.1671      6.812  -159.4803 1.2369e-01     1.8190      9.298     13.486     9.0684   999.8598 0.0000e+00
      9.485      0.007     0.0386      0.545    100.043  68.165758    -0.1567      6.812  -159.4276 1.2372e-01     1.8182      9.301     13.491     9.0678   999.8598 0.0000e+00
      9.487      0.007     0.0365      0.538    100.034  68.159909    -0.1504      6.812  -159.0201 1.2368e-01     1.8307      9.303     13.493     9.0672   999.8599 0.0000e+00
      9.489      0.006     0.0385      0.522    100.024  68.153979    -0.1675      6.811  -159.5428 1.2366e-01     1.8337      9.304     13.496     9.0662   999.8600 0.0000e+00
      9.490      0.005     0.0433      0.520    100.028  68.157617    -0.2010      6.811  -161.0160 1.2366e-01     1.7847      9.306     13.498     9.0657   999.8600 0.0000e+00
      9.491      0.004     0.0449      0.539    100.000  68.140329    -0.2213      6.811  -161.0874 1.2368e-01     1.7542      9.307     13.499     9.0660   999.8600 0.0000e+00
      9.492      0.003     0.0436      0.533     99.989  68.135642    -0.2220      6.812  -159.7178 1.2368e-01     1.8079      9.309     13.501     9.0663   999.8600 0.0000e+00
      9.493      0.002     0.0418      0.489    100.029  68.164522    -0.1998      6.812  -159.7712 1.2365e-01     1.8849      9.310     13.502     9.0665   999.8599 0.0000e+00
      9.493      0.002     0.0404      0.469    100.038  68.171694    -0.1628      6.812  -161.3025 1.2367e-01     1.8955      9.310     13.503     9.0668   999.8600 0.0000e+00
      9.493      0.003     0.0446      0.469    100.019  68.158794    -0.1468      6.813  -161.7990 1.2373e-01     1.8327      9.310     13.502     9.0681   999.8599 0.0000e+00
      9.493      0.006     0.0453      0.448    100.081  68.199244    -0.1598      6.814  -161.9029 1.2371e-01     1.7774      9.310     13.503     9.0694   999.8597 0.0000e+00
      9.494      0.011     0.0377      0.431    100.205  68.279391    -0.1860      6.813  -162.9030 1.2365e-01     1.7761      9.311     13.504     9.0701   999.8597 0.0000e+00
      9.495      0.015     0.0368      0.434    100.246  68.301529    -0.2060      6.812  -163.6522 1.2360e-01     1.8174      9.311     13.505     9.0708   999.8596 0.0000e+00
      9.500      0.016     0.0398      0.436    100.216  68.276226    -0.2101      6.811  -163.4762 1.2362e-01     1.8642      9.315     13.511     9.0711   999.8596 0.0000e+00
      9.509      0.016     0.0357      0.466    100.241  68.291265    -0.2171      6.809  -162.8401 1.2371e-01     1.8965      9.326     13.526     9.0706   999.8597 0.0000e+00
      9.518      0.015     0.0335      0.521    100.244  68.292669    -0.2335      6.809  -162.5857 1.2376e-01     1.8994      9.337     13.542     9.0680   999.8601 0.0000e+00
      9.520      0.012     0.0362      0.538    100.151  68.229639    -0.2457      6.809  -162.8954 1.2377e-01     1.8300      9.338     13.543     9.0647   999.8603 0.0000e+00
      9.520      0.008     0.0339      0.529    100.146  68.228358    -0.2408      6.809  -162.3685 1.2380e-01     1.7443      9.334     13.537     9.0621   999.8604 0.0000e+00
      9.520      0.004     0.0359      0.537    100.213  68.277188    -0.2133      6.809  -161.0332 1.2381e-01     1.7560      9.335     13.541     9.0613   999.8606 0.0000e+00
      9.520      0.001     0.0445      0.549    100.168  68.247973    -0.1894      6.809  -161.1192 1.2379e-01     1.8339      9.337     13.543     9.0611   999.8606 0.0000e+00
      9.520      0.001     0.0442      0.540    100.088  68.192943    -0.2004      6.809  -162.1168 1.2374e-01     1.8626      9.336     13.541     9.0608   999.8605 0.0000e+00
      9.520      0.002     0.0417      0.515    100.076  68.183880    -0.2224      6.809  -161.3081 1.2373e-01     1.8277      9.336     13.541     9.0622   999.8604 0.0000e+00
      9.521      0.003     0.0430      0.483    100.103  68.201964    -0.2259      6.809  -159.1710 1.2371e-01     1.7897      9.337     13.543     9.0642   999.8603 0.0000e+00
      9.521      0.004     0.0454      0.441    100.131  68.220899    -0.2230      6.809  -158.6480 1.2365e-01     1.8839      9.337     13.543     9.0649   999.8602 0.0000e+00
      9.522      0.005     0.0441      0.428    100.132  68.222137    -0.2254      6.808  -159.0284 1.2363e-01     2.0748      9.337     13.542     9.0644   999.8603 0.0000e+00
      9.524      0.007     0.0411      0.452    100.123  68.216924    -0.2269      6.808  -158.3499 1.2362e-01     2.1401      9.339     13.545     9.0638   999.8603 0.0000e+00
      9.527      0.009     0.0402      0.465    100.128  68.221441    -0.2219      6.809  -157.6710 1.2367e-01     2.0899      9.343     13.551     9.0635   999.8604 0.0000e+00
      9.529      0.011     0.0344      0.459    100.116  68.213182    -0.2224      6.810  -157.9615 1.2377e-01     2.0509      9.346     13.555     9.0636   999.8604 0.0000e+00
      9.532      0.012     0.0329      0.476    100.070  68.180636    -0.2321      6.810  -158.5927 1.2380e-01     2.0467      9.346     13.555     9.0635   999.8604 0.0000e+00
      9.536      0.012     0.0374      0.520    100.020  68.145731    -0.2356      6.811  -158.5918 1.2380e-01     2.0729      9.351     13.562     9.0645   999.8603 0.0000e+00
      9.540      0.012     0.0386      0.537     99.967  68.108956    -0.2258      6.812  -158.1224 1.2380e-01     2.1281      9.356     13.570     9.0657   999.8603 0.0000e+00
      9.543      0.012     0.0360      0.519     99.887  68.053805    -0.2193      6.812  -158.5954 1.2376e-01     2.1305      9.358     13.573     9.0649   999.8604 0.0000e+00
      9.545      0.011     0.0367      0.502     99.792  67.987402    -0.2238      6.811  -159.8369 1.2381e-01     1.9993      9.361     13.576     9.0642   999.8604 0.0000e+00
      9.547      0.010     0.0437      0.501     99.724  67.941701    -0.2321      6.811  -160.1414 1.2386e-01     1.8456      9.363     13.579     9.0639   999.8604 0.0000e+00
      9.550      0.008     0.0446      0.505     99.728  67.946164    -0.2431      6.811  -159.6101 1.2377e-01     1.8173      9.365     13.583     9.0635   999.8604 0.0000e+00
      9.553      0.007     0.0414      0.501     99.769  67.977803    -0.2429      6.812  -160.1246 1.2370e-01     1.8292      9.368     13.587     9.0633   999.8604 0.0000e+00
      9.555      0.006     0.0401      0.503     99.806  68.006443    -0.2295      6.812  -161.8018 1.2372e-01     1.8182      9.370     13.590     9.0623   999.8605 0.0000e+00
      9.556      0.005     0.0399      0.504     99.848  68.038213    -0.2144      6.812  -162.0784 1.2375e-01     1.8555      9.371     13.591     9.0621   999.8605 0.0000e+00
      9.556      0.005     0.0418      0.503     99.853  68.044115    -0.2127      6.813  -161.0596 1.2373e-01     1.8682      9.371     13.591     9.0635   999.8604 0.0000e+00
      9.557      0.004     0.0395      0.511     99.806  68.014251    -0.2283      6.813  -161.3577 1.2368e-01     1.8337      9.372     13.592     9.0652   999.8603 0.0000e+00
      9.558      0.004     0.0409      0.516     99.774  67.994938    -0.2311      6.813  -162.5862 1.2367e-01     1.8851      9.373     13.594     9.0673   999.8601 0.0000e+00
      9.559      0.005     0.0413      0.520     99.780  68.001295    -0.2184      6.813  -162.9206 1.2373e-01     2.0081      9.375     13.597     9.0689   999.8600 0.0000e+00
      9.561      0.005     0.0393      0.506     99.816  68.027552    -0.2166      6.813  -162.8201 1.2375e-01     2.0858      9.376     13.598     9.0700   999.8599 0.0000e+00
      9.562      0.005     0.0423      0.485     99.858  68.058166    -0.2195      6.814  -163.1771 1.2372e-01     2.1038      9.377     13.600     9.0712   999.8598 0.0000e+00
      9.564      0.005     0.0409      0.484     99.851  68.053638    -0.2163      6.814  -163.7093 1.2367e-01     2.0190      9.379     13.603     9.0724   999.8597 0.0000e+00
      9.565      0.005     0.0429      0.489     99.826  68.036366    -0.2251      6.813  -163.9210 1.2362e-01     1.8507      9.380     13.604     9.0735   999.8597 0.0000e+00
      9.566      0.004     0.0416      0.503     99.833  68.040019    -0.2398      6.813  -163.3280 1.2364e-01     1.7511      9.381     13.606     9.0745   999.8596 0.0000e+00
      9.567      0.004     0.0375      0.524     99.827  68.034242    -0.2320      6.813  -162.5616 1.2374e-01     1.7424      9.381     13.606     9.0753   999.8596 0.0000e+00
      9.568      0.004     0.0396      0.520     99.824  68.030075    -0.2077      6.813  -162.8285 1.2375e-01     1.7798      9.383     13.607     9.0756   999.8595 0.0000e+00
      9.569      0.004     0.0391      0.504     99.860  68.053197    -0.1937      6.813  -162.5106 1.2365e-01     1.8248      9.384     13.610     9.0753   999.8596 0.0000e+00
      9.570      0.004     0.0400      0.518     99.871  68.059552    -0.1959      6.814  -160.8695 1.2360e-01     1.8398      9.385     13.612     9.0746   999.8596 0.0000e+00
      9.571      0.004     0.0434      0.533     99.848  68.043354    -0.2053      6.815  -160.7095 1.2366e-01     1.8245      9.386     13.613     9.0738   999.8597 0.0000e+00
      9.572      0.004     0.0431      0.512     99.855  68.048039    -0.2116      6.815  -161.8669 1.2369e-01     1.8113      9.387     13.615     9.0729   999.8598 0.0000e+00
      9.573      0.004     0.0390      0.497     99.862  68.052627    -0.2149      6.815  -161.3558 1.2363e-01     1.8168      9.388     13.617     9.0722   999.8598 0.0000e+00
