Data/DataNotYetUploadedToEDI/Raw_CTD/RawDownloads/062920_fcr50b.cnv
* Sea-Bird SBE19plus  Data File:
* FileName = C:\DATA\062920_fcr50.hex
* Software version 2.8.0.119
* Temperature SN = 7809
* Conductivity SN = 7809
* System UpLoad Time = Jun 29 2020 18:21:38
* <ApplicationData>
* <Seaterm232>
# nquan = 16
# nvalues = 3178                        
# units = specified
# name 0 = depFM: Depth [fresh water, m]
# name 1 = dz/dtM: Descent Rate [m/s]
# name 2 = sbeox0ML/L: Oxygen, SBE 43 [ml/l]
# name 3 = sbeox0PS: Oxygen, SBE 43 [% saturation]
# name 4 = specc: Specific Conductance [uS/cm]
# name 5 = c0uS/cm: Conductivity [uS/cm]
# name 6 = flECO-AFL: Fluorescence, WET Labs ECO-AFL/FL [mg/m^3]
# name 7 = ph: pH
# name 8 = orp: Oxidation Reduction Potential [mV]
# name 9 = par/sat/log: PAR/Logarithmic, Satlantic
# name 10 = turbWETntu0: Turbidity, WET Labs ECO [NTU]
# name 11 = prdM: Pressure, Strain Gauge [db]
# name 12 = prdE: Pressure, Strain Gauge [psi]
# name 13 = tv290C: Temperature [ITS-90, deg C]
# name 14 = density00: Density [density, kg/m^3]
# name 15 = flag:  0.000e+00
# span 0 =     -0.685,      9.619       
# span 1 =     -0.428,      0.195       
# span 2 =     0.0361,     8.2053       
# span 3 =      0.487,    129.943       
# span 4 =      0.395,     81.458       
# span 5 =   0.415005,  56.028027       
# span 6 =    -0.9835,    37.3240       
# span 7 =     -2.034,      8.820       
# span 8 =  -130.2748,  1102.3585       
# span 9 = 1.2341e-01, 1.0392e+03       
# span 10 =    -4.9739,   363.0219      
# span 11 =     -0.672,      9.433      
# span 12 =     -0.975,     13.682      
# span 13 =     9.3221,    27.5114      
# span 14 =   996.3796,   999.8341      
# span 15 = 0.0000e+00, 0.0000e+00      
# interval = seconds: 0.25
# start_time = Jun 29 2020 05:00:17 [Instrument's time stamp, header]
# bad_flag = -9.990e-29
*END*
[from data line 91]
      0.416      0.001     5.1641     90.179     31.923  31.241845     1.3360      8.267   206.0177 3.5086e+02     1.5462      0.408      0.592    23.9930   997.3184 0.0000e+00
      0.416      0.001     5.1886     90.754     31.933  31.247632     1.3633      8.268   204.8950 3.3953e+02     1.5693      0.408      0.592    23.9748   997.3229 0.0000e+00
      0.416      0.001     5.2212     91.022     31.942  31.255688     1.3857      8.269   204.5016 3.1727e+02     1.6434      0.409      0.593    23.9564   997.3274 0.0000e+00
      0.416      0.001     5.2717     90.952     31.961  31.275808     1.3977      8.270   204.8756 3.5777e+02     1.6526      0.408      0.592    23.9395   997.3316 0.0000e+00
      0.416      0.000     5.3233     90.551     31.983  31.300580     1.4025      8.270   205.4585 4.1085e+02     1.6121      0.409      0.593    23.9266   997.3347 0.0000e+00
      0.416      0.000     5.3597     89.849     31.980  31.301434     1.4058      8.270   205.6986 3.5262e+02     1.6345      0.408      0.592    23.9196   997.3364 0.0000e+00
      0.416      0.000     5.3763     88.901     31.963  31.286128     1.4185      8.269   204.5092 3.0012e+02     1.6825      0.408      0.592    23.9183   997.3368 0.0000e+00
      0.417      0.001     5.3713     87.797     31.982  31.305853     1.4223      8.266   202.2637 3.1762e+02     1.6779      0.409      0.593    23.9214   997.3360 0.0000e+00
      0.417      0.001     5.3467     86.680     32.021  31.349601     1.4426      8.264   201.0904 3.5336e+02     1.6137      0.409      0.594    23.9288   997.3342 0.0000e+00
      0.417      0.001     5.3033     85.635     32.034  31.370988     1.4920      8.261   201.4214 3.7972e+02     1.5587      0.409      0.593    23.9347   997.3328 0.0000e+00
      0.418      0.001     5.2463     84.648     32.027  31.374127     1.5241      8.258   202.1368 3.6494e+02     1.5966      0.409      0.594    23.9348   997.3328 0.0000e+00
      0.418      0.001     5.1770     83.712     32.031  31.387562     1.5347      8.254   202.3405 3.6459e+02     1.6932      0.410      0.595    23.9353   997.3326 0.0000e+00
      0.418      0.001     5.1081     82.834     32.042  31.406557     1.5251      8.249   201.8199 3.9340e+02     1.7316      0.410      0.594    23.9442   997.3305 0.0000e+00
      0.419      0.001     5.0467     82.005     32.042  31.413479     1.4941      8.243   200.9182 3.7943e+02     1.6826      0.411      0.596    23.9594   997.3267 0.0000e+00
      0.419      0.001     4.9868     81.203     32.030  31.407827     1.4647      8.237   200.3003 3.5079e+02     1.6161      0.410      0.595    23.9755   997.3227 0.0000e+00
      0.419      0.001     4.9299     80.393     32.017  31.401673     1.4563      8.231   200.1989 3.3630e+02     1.6149      0.410      0.595    23.9901   997.3192 0.0000e+00
      0.419      0.001     4.8775     79.564     32.013  31.402516     1.4685      8.223   200.3812 3.1235e+02     1.6334      0.411      0.596    24.0024   997.3162 0.0000e+00
      0.419      0.001     4.8278     78.724     32.024  31.418031     1.4591      8.212   200.6972 3.1643e+02     1.5992      0.410      0.595    24.0135   997.3134 0.0000e+00
      0.419      0.001     4.7808     77.873     32.065  31.462383     1.4190      8.197   201.0937 3.3713e+02     1.5791      0.411      0.596    24.0241   997.3107 0.0000e+00
      0.419      0.001     4.7324     77.027     32.095  31.494681     1.3944      8.180   201.4758 3.4376e+02     1.5960      0.411      0.596    24.0331   997.3085 0.0000e+00
      0.420      0.001     4.6825     76.213     32.088  31.491333     1.3904      8.165   201.4463 3.6230e+02     1.6317      0.411      0.597    24.0407   997.3067 0.0000e+00
      0.420      0.001     4.6329     75.439     32.078  31.485352     1.4186      8.154   201.2528 3.8229e+02     1.6685      0.411      0.597    24.0474   997.3050 0.0000e+00
      0.420      0.001     4.5819     74.694     32.075  31.485810     1.4780      8.147   200.9420 3.9381e+02     1.6634      0.412      0.597    24.0534   997.3035 0.0000e+00
      0.420      0.001     4.5308     73.981     32.084  31.496873     1.5161      8.142   200.4416 4.0428e+02     1.6380      0.412      0.597    24.0593   997.3021 0.0000e+00
      0.421      0.001     4.4823     73.328     32.075  31.492234     1.5360      8.140   201.0531 3.9729e+02     1.6364      0.412      0.598    24.0645   997.3008 0.0000e+00
      0.421      0.000     4.4368     72.742     31.943  31.366279     1.5669      8.140   202.6579 3.5935e+02     1.6440      0.412      0.598    24.0695   997.2996 0.0000e+00
      0.420 1.8628e-08     4.3924     72.242     31.693  31.115941     1.5934      8.141   203.4119 3.2809e+02     1.6263      0.412      0.597    24.0744   997.2984 0.0000e+00
      0.420 2.0490e-07     4.3500     72.426     31.547  30.939670     1.5992      8.141   203.3725 3.5938e+02     1.5942      0.412      0.598    24.0798   997.2970 0.0000e+00
      0.420 2.0490e-07     4.3093     74.664     31.549  30.884460     1.5991      8.141   203.0423 4.1801e+02     1.5990      0.413      0.599    24.0857   997.2956 0.0000e+00
      0.420 1.8627e-08     4.2776     79.774     31.541  30.828956     1.5830      8.139   202.3439 4.2304e+02     1.6162      0.412      0.598    24.0923   997.2940 0.0000e+00
      0.420 1.6935e-09     4.2399     87.015     31.513  30.776044     1.5469      8.137   201.8119 3.8016e+02     1.5960      0.412      0.598    24.1032   997.2910 0.0000e+00
      0.421 1.5499e-10     4.2164     94.965     31.508  30.752189     1.5249      8.133   201.7727 3.3913e+02     1.5955      0.412      0.598    24.0556   997.3028 0.0000e+00
      0.421 2.5446e-11     4.3329    102.413     31.504  30.730827     1.5271      8.128   202.0420 3.2379e+02     1.6092      0.412      0.598    23.9304   997.3337 0.0000e+00
      0.421 1.3995e-10     4.6658    108.492     31.498  30.708057     1.5452      8.122   202.2285 3.2404e+02     1.6245      0.413      0.599    23.8492   997.3537 0.0000e+00
      0.421 1.5395e-09     5.1303    112.863     31.471  30.667172     1.5526      8.113   202.2207 3.2131e+02     1.6435      0.413      0.599    23.8236   997.3598 0.0000e+00
      0.421 1.6934e-08     5.6245    115.418     31.438  30.617121     1.5403      8.100   202.0339 3.1698e+02     1.6335      0.413      0.599    23.7961   997.3666 0.0000e+00
      0.421 1.8627e-07     6.0909    116.132     31.456  30.610396     1.5399      8.081   201.7767 3.2314e+02     1.6396      0.413      0.599    23.7673   997.3737 0.0000e+00
      0.421 1.8627e-07     6.4567    115.407     31.525  30.649276     1.5668      8.053   201.5192 3.4435e+02     1.6486      0.413      0.600    23.7374   997.3809 0.0000e+00
      0.421 1.6934e-08     6.7185    113.973     31.612  30.706522     1.5985      8.019   201.1579 3.3742e+02     1.6404      0.413      0.599    23.7186   997.3856 0.0000e+00
      0.421 1.5395e-09     6.8783    112.463     31.656  30.731542     1.5988      7.986   201.0222 3.0347e+02     1.6425      0.413      0.599    23.6941   997.3915 0.0000e+00
      0.422 1.3995e-10     6.9156    111.182     31.631  30.697999     1.5803      7.960   201.1687 3.0352e+02     1.6398      0.413      0.600    23.6525   997.4016 0.0000e+00
      0.422 1.2744e-11     6.8615    110.190     31.626  30.681598     1.5744      7.941   201.2089 3.1011e+02     1.6424      0.413      0.600    23.6055   997.4131 0.0000e+00
      0.422 1.3880e-12     6.7680    109.418     31.693  30.723541     1.6047      7.926   200.9909 3.0067e+02     1.6741      0.413      0.600    23.5548   997.4255 0.0000e+00
      0.422 2.6496e-12     6.6773    108.785     31.754  30.761004     1.6606      7.911   200.5121 3.5775e+02     1.7140      0.413      0.599    23.5270   997.4321 0.0000e+00
      0.422 2.7998e-11     6.6006    108.274     31.749  30.753883     1.6779      7.897   200.0663 4.3845e+02     1.7130      0.414      0.600    23.5224   997.4332 0.0000e+00
      0.422 3.0787e-10     6.5453    107.886     31.671  30.700882     1.6610      7.884   199.9024 4.5705e+02     1.6624      0.413      0.600    23.5080   997.4367 0.0000e+00
      0.422 3.3866e-09     6.5070    107.600     31.565  30.627727     1.6470      7.873   199.8204 4.3682e+02     1.6512      0.414      0.601    23.4680   997.4464 0.0000e+00
      0.422 3.7253e-08     6.4750    107.369     31.483  30.567267     1.6321      7.864   199.6777 3.6712e+02     1.6802      0.413      0.600    23.4164   997.4589 0.0000e+00
      0.422 4.0978e-07     6.4456    107.148     31.454  30.540866     1.6145      7.856   199.5532 3.0892e+02     1.6350      0.413      0.600    23.4091   997.4606 0.0000e+00
      0.422      0.000     6.4163    106.893     31.495  30.562272     1.5968      7.850   199.6057 3.0199e+02     1.5853      0.414      0.600    23.4616   997.4479 0.0000e+00
      0.422      0.000     6.3939    106.623     31.542  30.572297     1.5892      7.846   199.7968 2.9024e+02     1.5948      0.413      0.600    23.5173   997.4344 0.0000e+00
      0.422      0.001     6.3769    106.406     31.556  30.535153     1.5997      7.844   199.8853 2.8158e+02     1.6131      0.414      0.601    23.5505   997.4264 0.0000e+00
      0.422      0.001     6.3647    106.242     31.568  30.493741     1.6186      7.844   199.8150 3.1806e+02     1.6343      0.414      0.600    23.5528   997.4258 0.0000e+00
      0.423      0.001     6.3533    106.105     31.570  30.452147     1.6176      7.845   199.7210 3.5398e+02     1.6106      0.415      0.601    23.5226   997.4331 0.0000e+00
      0.423      0.001     6.3408    105.990     31.566  30.412822     1.6355      7.847   199.6956 3.2812e+02     1.5674      0.414      0.602    23.4683   997.4463 0.0000e+00
      0.423      0.000     6.3394    105.903     31.587  30.398862     1.7008      7.849   199.6796 3.3004e+02     1.5926      0.414      0.601    23.3790   997.4678 0.0000e+00
      0.423 1.8626e-08     6.3415    105.870     31.634  30.410191     1.7398      7.852   199.3561 3.6193e+02     1.6745      0.414      0.601    23.2864   997.4901 0.0000e+00
      0.423 2.0489e-07     6.3411    105.885     31.677  30.422874     1.7439      7.856   198.7951 3.4196e+02     1.6991      0.415      0.602    23.2191   997.5062 0.0000e+00
      0.423 2.0489e-07     6.3405    105.883     31.692  30.425287     1.7415      7.861   198.5748 3.4499e+02     1.6157      0.415      0.602    23.1690   997.5181 0.0000e+00
      0.423 1.8626e-08     6.3406    105.829     31.694  30.439345     1.7680      7.864   198.7579 3.9857e+02     1.5588      0.415      0.602    23.1168   997.5306 0.0000e+00
      0.423 1.6933e-09     6.3460    105.780     31.687  30.465982     1.8355      7.867   199.0303 4.1224e+02     1.5956      0.415      0.602    23.0547   997.5454 0.0000e+00
      0.423 1.5394e-10     6.3542    105.780     31.673  30.493650     1.8703      7.871   199.1153 3.6644e+02     1.6138      0.415      0.602    23.0081   997.5564 0.0000e+00
      0.423 1.3995e-11     6.3589    105.828     31.662  30.520173     1.8643      7.876   198.4089 3.3569e+02     1.5737      0.415      0.602    22.9818   997.5626 0.0000e+00
      0.423 1.2741e-12     6.3510    105.895     31.644  30.532962     1.8591      7.881   197.0283 3.6852e+02     1.5570      0.414      0.601    23.0007   997.5581 0.0000e+00
      0.423 1.3668e-13     6.3390    105.944     31.605  30.521433     1.8646      7.887   196.2742 4.2107e+02     1.5825      0.414      0.601    23.0675   997.5424 0.0000e+00
      0.423 2.4184e-13     6.3315    106.000     31.563  30.507702     1.8734      7.894   196.5188 4.2079e+02     1.6073      0.415      0.602    23.1342   997.5264 0.0000e+00
      0.423 2.5455e-12     6.3272    106.109     31.524  30.493847     1.8700      7.901   197.0605 3.8584e+02     1.6161      0.414      0.601    23.1956   997.5118 0.0000e+00
      0.423 2.7991e-11     6.3272    106.195     31.499  30.480834     1.8523      7.909   197.3170 3.7086e+02     1.6205      0.415      0.602    23.2421   997.5008 0.0000e+00
      0.423 3.0789e-10     6.3254    106.190     31.496  30.477259     1.8211      7.918   197.0396 3.5630e+02     1.5922      0.415      0.602    23.2772   997.4923 0.0000e+00
      0.423 3.3868e-09     6.3205    106.144     31.476  30.450625     1.7990      7.927   196.3731 3.5328e+02     1.5832      0.415      0.602    23.3233   997.4813 0.0000e+00
      0.423 3.7255e-08     6.3247    106.084     31.444  30.412552     1.8045      7.936   195.7984 4.3295e+02     1.6490      0.415      0.602    23.3663   997.4710 0.0000e+00
      0.423 4.0981e-07     6.3305    106.001     31.434  30.397557     1.8109      7.945   195.5110 4.9239e+02     1.6662      0.414      0.601    23.3869   997.4659 0.0000e+00
      0.423      0.000     6.3274    105.919     31.443  30.396183     1.8089      7.953   195.3069 4.0373e+02     1.6198      0.415      0.602    23.3806   997.4674 0.0000e+00
      0.424      0.000     6.3268    105.840     31.460  30.395938     1.8097      7.959   195.1372 3.2419e+02     1.6024      0.415      0.603    23.3646   997.4713 0.0000e+00
      0.424      0.001     6.3252    105.752     31.480  30.394567     1.8116      7.964   195.6958 3.7083e+02     1.6279      0.415      0.603    23.3536   997.4739 0.0000e+00
      0.424      0.001     6.3199    105.679     31.480  30.379572     1.8120      7.968   196.5552 4.1833e+02     1.6530      0.415      0.602    23.3461   997.4757 0.0000e+00
      0.424      0.001     6.3164    105.637     31.452  30.341499     1.8047      7.972   196.4073 3.8514e+02     1.6322      0.415      0.603    23.3362   997.4781 0.0000e+00
      0.424      0.001     6.3158    105.577     31.439  30.314857     1.7997      7.976   195.9726 3.4403e+02     1.6167      0.416      0.603    23.3071   997.4851 0.0000e+00
      0.424      0.001     6.3148    105.476     31.455  30.311180     1.8087      7.979   195.8593 3.6861e+02     1.6373      0.416      0.604    23.2661   997.4950 0.0000e+00
      0.424      0.001     6.3120    105.376     31.465  30.297018     1.8085      7.982   195.4686 3.9977e+02     1.6405      0.416      0.603    23.2425   997.5006 0.0000e+00
      0.425      0.001     6.3130    105.279     31.462  30.270472     1.7784      7.986   194.7761 3.5559e+02     1.6211      0.416      0.604    23.2312   997.5033 0.0000e+00
      0.425      0.000     6.3127    105.142     31.456  30.243942     1.7409      7.990   195.4020 3.0496e+02     1.6088      0.416      0.604    23.2095   997.5084 0.0000e+00
      0.425 1.8682e-08     6.3085    105.014     31.461  30.229974     1.7270      7.992   197.3570 2.8350e+02     1.6288      0.416      0.604    23.1780   997.5159 0.0000e+00
      0.425 2.0550e-07     6.3069    104.974     31.477  30.228433     1.7339      7.994   198.2808 2.6170e+02     1.6572      0.417      0.605    23.1395   997.5252 0.0000e+00
      0.425 2.1149e-07     6.3085    105.014     31.487  30.225283     1.7576      7.995   198.0540 2.7207e+02     1.6429      0.416      0.604    23.0971   997.5352 0.0000e+00
      0.425 9.1040e-08     6.3028    105.138     31.460  30.191875     1.7855      7.996   197.3685 3.1677e+02     1.6281      0.416      0.604    23.0650   997.5428 0.0000e+00
      0.425 7.9823e-07     6.2947    105.337     31.413  30.141685     1.7945      7.996   196.5307 3.4120e+02     1.6500      0.417      0.604    23.0385   997.5491 0.0000e+00
      0.425      0.000     6.2981    105.537     31.403  30.125942     1.7994      7.996   196.6144 3.2256e+02     1.6666      0.417      0.604    23.0102   997.5559 0.0000e+00
      0.425      0.000     6.3024    105.712     31.413  30.128405     1.8163      7.992   197.6061 3.0574e+02     1.6579      0.417      0.605    22.9870   997.5613 0.0000e+00
