Data/DataNotYetUploadedToEDI/Raw_CTD/RawDownloads/070220_fcr50.cnv
* Sea-Bird SBE19plus  Data File:
* FileName = C:\DATA\070220_bvr50_0001.hex
* Software version 2.8.0.119
* Temperature SN = 7809
* Conductivity SN = 7809
* System UpLoad Time = Jul 02 2020 11:47:23
* <ApplicationData>
* <Seaterm232>
# nquan = 16
# nvalues = 1566                        
# units = specified
# name 0 = depFM: Depth [fresh water, m]
# name 1 = dz/dtM: Descent Rate [m/s]
# name 2 = sbeox0ML/L: Oxygen, SBE 43 [ml/l]
# name 3 = sbeox0PS: Oxygen, SBE 43 [% saturation]
# name 4 = specc: Specific Conductance [uS/cm]
# name 5 = c0uS/cm: Conductivity [uS/cm]
# name 6 = flECO-AFL: Fluorescence, WET Labs ECO-AFL/FL [mg/m^3]
# name 7 = ph: pH
# name 8 = orp: Oxidation Reduction Potential [mV]
# name 9 = par/sat/log: PAR/Logarithmic, Satlantic
# name 10 = turbWETntu0: Turbidity, WET Labs ECO [NTU]
# name 11 = prdM: Pressure, Strain Gauge [db]
# name 12 = prdE: Pressure, Strain Gauge [psi]
# name 13 = tv290C: Temperature [ITS-90, deg C]
# name 14 = density00: Density [density, kg/m^3]
# name 15 = flag:  0.000e+00
# span 0 =     -0.668,      9.592       
# span 1 =     -0.363,      0.209       
# span 2 =     0.0433,     8.1226       
# span 3 =      0.657,    129.171       
# span 4 =      0.433,     69.419       
# span 5 =   0.439204,  49.775532       
# span 6 =    -1.9018,     9.7470       
# span 7 =      6.231,      8.937       
# span 8 =   -97.2615,  1240.2295       
# span 9 = 1.2333e-01, 1.6808e+03       
# span 10 =    -7.8491,   143.9285      
# span 11 =     -0.658,      9.407      
# span 12 =     -0.954,     13.644      
# span 13 =     9.8370,    25.7412      
# span 14 =   996.8601,   999.7855      
# span 15 = 0.0000e+00, 0.0000e+00      
# interval = seconds: 0.25
# start_time = Jul 01 2020 20:32:25 [Instrument's time stamp, header]
# bad_flag = -9.990e-29
*END*
[from data line 452]
      2.069      0.025     7.7018    116.541     29.752  25.834262     2.0920      7.280   160.1722 1.7147e+02     2.9503      2.030      2.946    18.3121   998.5628 0.0000e+00
      2.074      0.023     7.6871    116.734     29.728  25.835632     2.1307      7.274   160.0336 1.7265e+02     2.8590      2.034      2.952    18.2988   998.5655 0.0000e+00
      2.078      0.020     7.6688    116.988     29.725  25.859875     2.1403      7.271   160.2761 1.7827e+02     2.8017      2.037      2.954    18.3318   998.5592 0.0000e+00
      2.085      0.017     7.6524    117.303     29.717  25.873711     2.1323      7.272   160.8674 1.8070e+02     2.8062      2.046      2.967    18.3745   998.5513 0.0000e+00
      2.090      0.015     7.6499    117.668     29.712  25.876092     2.1493      7.274   161.2449 1.7845e+02     2.8455      2.052      2.976    18.4161   998.5434 0.0000e+00
      2.093      0.014     7.6629    118.003     29.733  25.888672     2.1832      7.277   160.7979 1.7348e+02     2.9329      2.052      2.977    18.4402   998.5388 0.0000e+00
      2.094      0.013     7.6685    118.236     29.760  25.898959     2.2080      7.280   159.9367 1.7243e+02     3.0047      2.054      2.979    18.4996   998.5276 0.0000e+00
      2.097      0.012     7.6824    118.369     29.740  25.873601     2.2106      7.284   159.4361 1.7730e+02     2.9934      2.056      2.983    18.5420   998.5195 0.0000e+00
      2.101      0.012     7.7083    118.436     29.702  25.835764     2.2052      7.288   159.3044 1.7830e+02     3.0365      2.061      2.990    18.5468   998.5186 0.0000e+00
      2.104      0.013     7.7335    118.444     29.693  25.822029     2.2097      7.293   159.5491 1.7618e+02     3.1475      2.063      2.992    18.5389   998.5201 0.0000e+00
      2.107      0.015     7.7542    118.409     29.715  25.834382     2.2075      7.297   160.1571 1.7488e+02     3.2028      2.066      2.997    18.5022   998.5272 0.0000e+00
      2.111      0.017     7.7629    118.347     29.748  25.858257     2.2072      7.301   160.5476 1.7356e+02     3.2248      2.070      3.003    18.4920   998.5291 0.0000e+00
      2.115      0.019     7.7684    118.245     29.749  25.856988     2.2443      7.303   160.5711 1.6840e+02     3.2755      2.074      3.007    18.4893   998.5295 0.0000e+00
      2.120      0.020     7.7704    118.103     29.715  25.819038     2.3031      7.304   160.5271 1.6410e+02     3.3696      2.079      3.014    18.4760   998.5321 0.0000e+00
      2.127      0.020     7.7687    117.928     29.710  25.779956     2.3364      7.304   160.4453 1.6600e+02     3.4365      2.086      3.026    18.4671   998.5339 0.0000e+00
      2.134      0.020     7.7681    117.703     29.774  25.764975     2.3421      7.302   160.2711 1.6740e+02     3.4318      2.094      3.037    18.4522   998.5367 0.0000e+00
      2.137      0.019     7.7604    117.398     29.863  25.764654     2.3340      7.300   160.1418 1.6866e+02     3.4146      2.097      3.041    18.4575   998.5357 0.0000e+00
      2.141      0.018     7.7508    116.989     29.931  25.775971     2.3144      7.299   160.1720 1.6772e+02     3.4346      2.098      3.043    18.4544   998.5363 0.0000e+00
      2.146      0.015     7.7473    116.532     29.963  25.774906     2.2955      7.301   160.2922 1.6214e+02     3.4680      2.105      3.053    18.4099   998.5448 0.0000e+00
      2.152      0.014     7.7544    116.120     29.978  25.751731     2.2868      7.305   160.8211 1.5542e+02     3.4755      2.111      3.062    18.2730   998.5707 0.0000e+00
      2.155      0.015     7.7629    115.723     30.022  25.749431     2.2859      7.308   161.4902 1.5097e+02     3.4906      2.112      3.064    18.1012   998.6027 0.0000e+00
      2.156      0.018     7.7440    115.273     30.060  25.747046     2.3133      7.308   161.6722 1.4855e+02     3.5481      2.114      3.066    18.0433   998.6135 0.0000e+00
      2.159      0.021     7.7133    114.758     30.079  25.722847     2.3700      7.307   161.6445 1.4467e+02     3.6213      2.116      3.069    18.0188   998.6180 0.0000e+00
      2.164      0.024     7.6994    114.182     30.131  25.710492     2.4085      7.304   161.4127 1.4028e+02     3.6545      2.120      3.075    17.9470   998.6314 0.0000e+00
      2.173      0.027     7.6868    113.554     30.235  25.724454     2.4161      7.302   161.1922 1.3600e+02     3.6401      2.130      3.089    17.8753   998.6446 0.0000e+00
      2.183      0.030     7.6643    112.907     30.370  25.764714     2.4151      7.300   161.3887 1.3291e+02     3.5847      2.141      3.106    17.8240   998.6540 0.0000e+00
      2.193      0.031     7.6395    112.223     30.499  25.816617     2.4147      7.295   161.7234 1.2951e+02     3.4997      2.151      3.121    17.7657   998.6647 0.0000e+00
      2.199      0.031     7.6152    111.450     30.587  25.844525     2.4120      7.291   161.9690 1.2634e+02     3.4372      2.157      3.128    17.6761   998.6811 0.0000e+00
      2.205      0.030     7.5942    110.643     30.642  25.848381     2.4106      7.291   162.1219 1.2576e+02     3.4121      2.161      3.133    17.5342   998.7067 0.0000e+00
      2.213      0.029     7.5720    109.869     30.707  25.863190     2.4262      7.292   162.1953 1.2471e+02     3.4709      2.171      3.149    17.3983   998.7311 0.0000e+00
      2.222      0.030     7.5427    109.116     30.789  25.896665     2.4580      7.293   162.2543 1.2462e+02     3.5981      2.182      3.164    17.3152   998.7460 0.0000e+00
      2.228      0.033     7.4997    108.391     30.872  25.935944     2.4803      7.291   162.4049 1.2360e+02     3.6796      2.184      3.167    17.2407   998.7592 0.0000e+00
      2.234      0.037     7.4532    107.686     30.930  25.957507     2.4868      7.286   162.4669 1.2077e+02     3.7017      2.190      3.175    17.1718   998.7713 0.0000e+00
      2.243      0.038     7.4133    106.986     30.971  25.967070     2.5556      7.280   162.2301 1.2156e+02     3.7965      2.200      3.190    17.1072   998.7826 0.0000e+00
      2.255      0.037     7.3706    106.371     31.020  25.988107     2.7021      7.275   161.8652 1.2227e+02     4.0014      2.211      3.205    17.0457   998.7935 0.0000e+00
      2.270      0.037     7.3287    105.892     31.075  26.021560     2.7983      7.273   161.7544 1.2052e+02     4.1544      2.227      3.231    16.9993   998.8016 0.0000e+00
      2.281      0.036     7.2895    105.467     31.124  26.054388     2.8216      7.270   161.9233 1.1857e+02     4.2035      2.239      3.248    16.9575   998.8090 0.0000e+00
      2.286      0.033     7.2459    105.044     31.153  26.067884     2.8219      7.261   162.0135 1.1621e+02     4.1834      2.242      3.251    16.9129   998.8167 0.0000e+00
      2.290      0.029     7.2058    104.599     31.154  26.057874     2.8405      7.254   162.0706 1.1376e+02     4.1521      2.244      3.256    16.8803   998.8224 0.0000e+00
      2.298      0.027     7.1814    104.122     31.167  26.060199     2.9037      7.253   162.2704 1.1216e+02     4.1685      2.252      3.266    16.8618   998.8256 0.0000e+00
      2.307      0.027     7.1533    103.633     31.219  26.095981     2.9471      7.254   162.1061 1.1136e+02     4.1753      2.264      3.285    16.8540   998.8270 0.0000e+00
      2.313      0.029     7.1280    103.097     31.243  26.109936     2.9549      7.252   161.3750 1.1212e+02     4.1658      2.270      3.292    16.8364   998.8301 0.0000e+00
      2.318      0.030     7.1028    102.512     31.226  26.102062     2.9879      7.252   160.8295 1.1417e+02     4.2247      2.271      3.293    16.8117   998.8344 0.0000e+00
      2.326      0.029     7.0687    101.946     31.240  26.127640     3.0416      7.257   160.8457 1.1598e+02     4.3387      2.280      3.306    16.8048   998.8356 0.0000e+00
      2.336      0.029     7.0401    101.402     31.280  26.165499     3.0697      7.263   161.1402 1.1863e+02     4.4109      2.294      3.326    16.7926   998.8377 0.0000e+00
      2.344      0.028     7.0066    100.790     31.309  26.179258     3.0694      7.268   161.2926 1.2133e+02     4.4108      2.301      3.337    16.7707   998.8415 0.0000e+00
      2.349      0.026     6.9632    100.108     31.309  26.167126     3.0481      7.270   161.4841 1.2183e+02     4.3720      2.303      3.340    16.7823   998.8396 0.0000e+00
      2.356      0.023     6.9175     99.375     31.281  26.145652     3.0220      7.271   161.9060 1.2058e+02     4.3538      2.310      3.350    16.8210   998.8329 0.0000e+00
      2.363      0.021     6.8842     98.555     31.305  26.173330     3.0118      7.274   161.7475 1.2025e+02     4.3626      2.320      3.363    16.8325   998.8310 0.0000e+00
      2.368      0.021     6.8457     97.728     31.407  26.248075     3.0105      7.277   161.1165 1.2127e+02     4.4096      2.324      3.370    16.8032   998.8361 0.0000e+00
      2.370      0.022     6.8011     96.950     31.506  26.288245     3.0067      7.277   160.9026 1.2277e+02     4.5099      2.325      3.372    16.7731   998.8413 0.0000e+00
      2.373      0.024     6.7553     96.231     31.557  26.278395     3.0037      7.274   160.9676 1.2432e+02     4.5797      2.325      3.372    16.7814   998.8397 0.0000e+00
      2.380      0.026     6.6898     95.639     31.572  26.255763     3.0118      7.269   161.1288 1.2549e+02     4.6020      2.332      3.381    16.8125   998.8345 0.0000e+00
      2.391      0.030     6.6335     95.153     31.607  26.268273     3.0283      7.261   161.8187 1.2617e+02     4.6418      2.346      3.402    16.8067   998.8357 0.0000e+00
      2.401      0.034     6.5944     94.636     31.665  26.302779     3.1088      7.248   162.6839 1.2517e+02     4.7180      2.356      3.418    16.7207   998.8505 0.0000e+00
      2.407      0.034     6.5553     94.002     31.667  26.292394     3.2503      7.237   162.8993 1.2509e+02     4.8024      2.359      3.421    16.6185   998.8678 0.0000e+00
      2.416      0.031     6.5234     93.300     31.644  26.269541     3.3281      7.232   162.8747 1.2595e+02     4.8376      2.366      3.432    16.5650   998.8769 0.0000e+00
      2.427      0.026     6.4965     92.593     31.646  26.280179     3.3426      7.232   162.9891 1.2593e+02     4.8349      2.382      3.456    16.5503   998.8795 0.0000e+00
      2.436      0.022     6.4666     91.867     31.640  26.294164     3.3499      7.235   162.8192 1.2669e+02     4.8389      2.390      3.467    16.5317   998.8827 0.0000e+00
      2.439      0.019     6.4251     91.139     31.635  26.311813     3.3313      7.240   162.5422 1.2773e+02     4.8509      2.391      3.468    16.5021   998.8877 0.0000e+00
      2.440      0.018     6.3749     90.510     31.690  26.366740     3.2892      7.246   163.1675 1.2861e+02     4.8425      2.393      3.470    16.4991   998.8881 0.0000e+00
      2.441      0.021     6.3269     90.068     31.809  26.450855     3.2602      7.248   164.3563 1.2911e+02     4.8068      2.393      3.471    16.5094   998.8865 0.0000e+00
      2.443      0.027     6.2722     89.836     31.924  26.504255     3.2672      7.240   164.6984 1.2893e+02     4.8306      2.394      3.473    16.5478   998.8800 0.0000e+00
      2.449      0.032     6.2137     89.774     31.984  26.504901     3.3354      7.232   164.4649 1.2779e+02     4.9248      2.399      3.478    16.5893   998.8729 0.0000e+00
      2.463      0.036     6.1660     89.743     32.045  26.522029     3.4364      7.231   164.2001 1.2558e+02     4.9839      2.414      3.501    16.6085   998.8698 0.0000e+00
      2.481      0.038     6.1372     89.523     32.146  26.584459     3.4863      7.234   163.9051 1.2277e+02     5.0314      2.436      3.533    16.5971   998.8719 0.0000e+00
      2.492      0.038     6.1331     88.922     32.216  26.625414     3.5001      7.239   163.8236 1.2222e+02     5.1211      2.446      3.548    16.5084   998.8869 0.0000e+00
      2.497      0.035     6.1441     87.907     32.246  26.636614     3.6606      7.244   163.9892 1.2324e+02     5.2093      2.447      3.549    16.4167   998.9023 0.0000e+00
      2.503      0.031     6.1535     86.567     32.285  26.656431     3.9679      7.249   164.3593 1.2148e+02     5.2743      2.454      3.559    16.3731   998.9096 0.0000e+00
      2.510      0.028     6.1476     84.986     32.330  26.674716     4.1351      7.251   164.5984 1.1899e+02     5.2897      2.463      3.572    16.3458   998.9142 0.0000e+00
      2.517      0.027     6.1106     83.213     32.349  26.667383     4.1465      7.250   164.4711 1.1755e+02     5.3264      2.468      3.580    16.3173   998.9190 0.0000e+00
      2.524      0.026     6.0404     81.318     32.324  26.631163     4.1726      7.249   164.2831 1.1528e+02     5.4086      2.474      3.589    16.2945   998.9228 0.0000e+00
      2.534      0.025     5.9478     79.403     32.311  26.617346     4.2220      7.249   164.1313 1.1247e+02     5.4251      2.485      3.604    16.2851   998.9245 0.0000e+00
      2.541      0.023     5.8424     77.557     32.320  26.627182     4.2484      7.250   164.0123 1.1087e+02     5.3889      2.494      3.617    16.2559   998.9294 0.0000e+00
      2.545      0.022     5.7244     75.840     32.303  26.623230     4.2529      7.252   163.9632 1.0834e+02     5.3823      2.496      3.620    16.2074   998.9374 0.0000e+00
      2.548      0.022     5.5947     74.356     32.293  26.633010     4.3149      7.255   163.8813 1.0463e+02     5.4146      2.499      3.624    16.1826   998.9414 0.0000e+00
      2.552      0.024     5.4603     73.261     32.336  26.682017     4.4355      7.259   163.8838 1.0246e+02     5.4020      2.501      3.627    16.1821   998.9415 0.0000e+00
      2.557      0.028     5.3323     72.581     32.457  26.771780     4.4993      7.260   163.9932 1.0181e+02     5.3326      2.507      3.636    16.1851   998.9410 0.0000e+00
      2.565      0.032     5.2108     72.199     32.578  26.830299     4.5048      7.256   163.9991 1.0231e+02     5.2963      2.517      3.649    16.2002   998.9386 0.0000e+00
      2.574      0.033     5.0993     71.942     32.619  26.818634     4.5110      7.252   163.8689 1.0324e+02     5.3071      2.523      3.658    16.2320   998.9335 0.0000e+00
      2.586      0.032     5.0204     71.610     32.647  26.820969     4.4700      7.251   164.0534 1.0371e+02     5.3251      2.535      3.677    16.2673   998.9277 0.0000e+00
      2.599      0.030     4.9775     71.009     32.683  26.858516     4.3708      7.252   164.7671 1.0360e+02     5.3422      2.552      3.700    16.2617   998.9287 0.0000e+00
      2.606      0.028     4.9644     69.989     32.697  26.892043     4.3128      7.255   165.1851 1.0420e+02     5.3418      2.558      3.709    16.1773   998.9427 0.0000e+00
      2.609      0.028     4.9607     68.454     32.712  26.909223     4.3215      7.258   164.9775 1.0470e+02     5.3208      2.558      3.710    16.0868   998.9575 0.0000e+00
      2.611      0.031     4.9466     66.572     32.787  26.939378     4.4383      7.258   164.7527 1.0418e+02     5.3286      2.560      3.714    16.0590   998.9621 0.0000e+00
      2.615      0.037     4.9058     64.726     32.932  27.002883     4.6477      7.253   164.6180 1.0302e+02     5.3670      2.564      3.719    16.0738   998.9597 0.0000e+00
      2.625      0.042     4.8340     63.065     33.056  27.042678     4.7550      7.244   164.3820 9.9804e+01     5.3732      2.572      3.730    16.1303   998.9505 0.0000e+00
      2.642      0.046     4.7236     61.546     33.119  27.039879     4.7533      7.235   164.7383 9.6201e+01     5.3698      2.588      3.754    16.1525   998.9469 0.0000e+00
      2.662      0.046     4.5846     60.141     33.149  27.032404     4.7134      7.228   165.7424 9.4044e+01     5.3946      2.611      3.787    16.0873   998.9577 0.0000e+00
      2.678      0.041     4.4647     58.711     33.132  27.015688     4.6353      7.224   166.2832 9.3426e+01     5.3984      2.629      3.814    15.9993   998.9722 0.0000e+00
