Data/DataNotYetUploadedToEDI/Raw_CTD/RawDownloads/070220_bvr50.cnv
* Sea-Bird SBE19plus  Data File:
* FileName = C:\DATA\070220_bvr50_0002.hex
* Software version 2.8.0.119
* Temperature SN = 7809
* Conductivity SN = 7809
* System UpLoad Time = Jul 02 2020 11:48:38
* <ApplicationData>
* <Seaterm232>
# nquan = 16
# nvalues = 2993                        
# units = specified
# name 0 = depFM: Depth [fresh water, m]
# name 1 = dz/dtM: Descent Rate [m/s]
# name 2 = sbeox0ML/L: Oxygen, SBE 43 [ml/l]
# name 3 = sbeox0PS: Oxygen, SBE 43 [% saturation]
# name 4 = specc: Specific Conductance [uS/cm]
# name 5 = c0uS/cm: Conductivity [uS/cm]
# name 6 = flECO-AFL: Fluorescence, WET Labs ECO-AFL/FL [mg/m^3]
# name 7 = ph: pH
# name 8 = orp: Oxidation Reduction Potential [mV]
# name 9 = par/sat/log: PAR/Logarithmic, Satlantic
# name 10 = turbWETntu0: Turbidity, WET Labs ECO [NTU]
# name 11 = prdM: Pressure, Strain Gauge [db]
# name 12 = prdE: Pressure, Strain Gauge [psi]
# name 13 = tv290C: Temperature [ITS-90, deg C]
# name 14 = density00: Density [density, kg/m^3]
# name 15 = flag:  0.000e+00
# span 0 =     -0.746,     11.558       
# span 1 =     -0.483,      0.205       
# span 2 =     0.0261,     7.5978       
# span 3 =      0.380,    123.482       
# span 4 =      0.412,    125.633       
# span 5 =   0.439264,  86.274048       
# span 6 =    -1.9024,   259.8541       
# span 7 =      6.261,      8.976       
# span 8 = -1020.0713,   892.4903       
# span 9 = 1.2340e-01, 3.2804e+03       
# span 10 =    -0.6085,   936.4411      
# span 11 =     -0.732,     11.334      
# span 12 =     -1.061,     16.439      
# span 13 =     9.3036,    28.3600      
# span 14 =   996.1388,   999.8596      
# span 15 = 0.0000e+00, 0.0000e+00      
# interval = seconds: 0.25
# start_time = Jul 01 2020 22:23:15 [Instrument's time stamp, header]
# bad_flag = -9.990e-29
*END*
[from data line 2441]
      6.367     -0.031     0.0451      0.579     41.616  30.762229     0.7719      6.839   -85.7225 1.0880e+01     3.4256      6.244      9.056    12.0017   999.5460 0.0000e+00
      6.371     -0.021     0.0456      0.537     41.361  30.575446     0.7857      6.840   -85.6158 1.0829e+01     3.3491      6.248      9.063    11.9958   999.5469 0.0000e+00
      6.375     -0.022     0.0465      0.506     40.714  30.105779     0.8087      6.843   -85.3288 1.0773e+01     3.3331      6.252      9.068    11.9770   999.5489 0.0000e+00
      6.375     -0.032     0.0448      0.508     40.079  29.651358     0.8209      6.847   -84.8336 1.0785e+01     3.3696      6.255      9.072    11.9622   999.5505 0.0000e+00
      6.366     -0.050     0.0450      0.499     39.792  29.458544     0.8276      6.850   -84.5335 1.0916e+01     3.3790      6.247      9.061    11.9540   999.5515 0.0000e+00
      6.346     -0.067     0.0405      0.490     39.720  29.423941     0.7943      6.854   -84.5393 1.1101e+01     3.2400      6.226      9.030    11.9565   999.5511 0.0000e+00
      6.320     -0.080     0.0358      0.513     39.695  29.423318     0.6948      6.857   -84.5595 1.1290e+01     2.9939      6.199      8.989    11.9666   999.5495 0.0000e+00
      6.294     -0.089     0.0398      0.553     39.712  29.451042     0.6353      6.858   -84.5191 1.1485e+01     2.8750      6.173      8.953    11.9868   999.5468 0.0000e+00
      6.269     -0.094     0.0374      0.587     39.942  29.632291     0.6480      6.860   -84.2233 1.1667e+01     2.8665      6.147      8.916    12.0126   999.5437 0.0000e+00
      6.245     -0.101     0.0357      0.606     40.390  29.965343     0.6577      6.860   -83.5646 1.1794e+01     2.9259      6.121      8.878    12.0369   999.5408 0.0000e+00
      6.226     -0.111     0.0381      0.600     40.694  30.179040     0.6477      6.859   -83.0931 1.1908e+01     3.0439      6.104      8.854    12.0604   999.5380 0.0000e+00
      6.205     -0.126     0.0420      0.590     40.557  30.059086     0.6309      6.858   -82.9966 1.2143e+01     3.1263      6.091      8.834    12.0804   999.5355 0.0000e+00
      6.172     -0.143     0.0444      0.599     39.857  29.530018     0.6263      6.857   -82.8278 1.2536e+01     3.1663      6.057      8.785    12.0940   999.5339 0.0000e+00
      6.127     -0.154     0.0464      0.584     39.109  28.984177     0.6493      6.853   -82.5150 1.2971e+01     3.1503      6.008      8.713    12.0993   999.5333 0.0000e+00
      6.078     -0.154     0.0461      0.555     38.896  28.851708     0.6808      6.847   -82.3981 1.3415e+01     3.1040      5.962      8.647    12.0822   999.5352 0.0000e+00
      6.027     -0.139     0.0424      0.563     38.642  28.689655     0.6926      6.842   -82.5328 1.3935e+01     3.0880      5.912      8.575    12.0509   999.5385 0.0000e+00
      5.979     -0.110     0.0468      0.585     38.163  28.356992     0.6969      6.838   -82.6817 1.4337e+01     3.0933      5.854      8.491    12.0322   999.5401 0.0000e+00
      5.951     -0.072     0.0449      0.590     38.081  28.318545     0.7419      6.836   -82.6493 1.4420e+01     3.0653      5.824      8.447    12.0424   999.5383 0.0000e+00
      5.947     -0.033     0.0398      0.600     38.108  28.351710     0.8079      6.834   -82.2270 1.4359e+01     2.9893      5.829      8.455    12.0869   999.5334 0.0000e+00
      5.955     -0.002     0.0419      0.603     37.797  28.123647     0.8273      6.831   -81.5339 1.4283e+01     2.9302      5.840      8.470    12.1232   999.5292 0.0000e+00
      5.967      0.017     0.0455      0.588     37.498  27.908166     0.8230      6.827   -81.0662 1.4168e+01     2.9348      5.851      8.485    12.1468   999.5261 0.0000e+00
      5.980      0.015     0.0435      0.598     37.470  27.903155     0.8229      6.825   -81.0457 1.4068e+01     2.9753      5.866      8.507    12.1842   999.5220 0.0000e+00
      5.990     -0.006     0.0449      0.612     37.239  27.745904     0.7788      6.825   -81.1994 1.4040e+01     3.0088      5.877      8.523    12.2030   999.5199 0.0000e+00
      5.993     -0.041     0.0471      0.597     36.844  27.465825     0.6993      6.828   -81.2040 1.4126e+01     2.9958      5.881      8.529    12.1979   999.5204 0.0000e+00
      5.984     -0.081     0.0421      0.596     36.861  27.498143     0.6532      6.831   -81.0157 1.4401e+01     2.9556      5.876      8.522    12.2035   999.5194 0.0000e+00
      5.956     -0.125     0.0447      0.610     36.677  27.375501     0.6414      6.835   -80.9875 1.4912e+01     2.9696      5.848      8.483    12.2331   999.5160 0.0000e+00
      5.909     -0.165     0.0482      0.627     35.903  26.807591     0.6136      6.839   -81.2075 1.5525e+01     2.8904      5.796      8.406    12.2519   999.5136 0.0000e+00
      5.856     -0.189     0.0434      0.679     35.506  26.530759     0.5458      6.841   -81.3523 1.6138e+01     2.6501      5.742      8.327    12.2630   999.5117 0.0000e+00
      5.799     -0.186     0.0438      0.749     35.688  26.692499     0.4896      6.842   -81.6201 1.6930e+01     2.5011      5.692      8.256    12.3023   999.5070 0.0000e+00
      5.732     -0.160     0.0469      0.817     35.640  26.669996     0.4869      6.843   -81.8643 1.7875e+01     2.4964      5.623      8.156    12.3242   999.5041 0.0000e+00
      5.671     -0.117     0.0445      0.892     35.250  26.385564     0.5319      6.844   -81.4657 1.8430e+01     2.5936      5.546      8.043    12.3199   999.5037 0.0000e+00
      5.646     -0.070     0.0510      0.984     34.948  26.171258     0.5957      6.844   -81.0161 1.8356e+01     2.7156      5.523      8.011    12.3537   999.4995 0.0000e+00
      5.654     -0.025     0.0560      1.105     34.841  26.108602     0.6196      6.844   -80.9020 1.8074e+01     2.7354      5.545      8.042    12.4039   999.4939 0.0000e+00
      5.674      0.010     0.0607      1.242     34.855  26.135447     0.6202      6.844   -80.4308 1.7842e+01     2.7304      5.564      8.069    12.4159   999.4925 0.0000e+00
      5.693      0.028     0.0665      1.367     34.985  26.242142     0.6512      6.844   -79.7929 1.7687e+01     2.7572      5.584      8.099    12.4185   999.4920 0.0000e+00
      5.705      0.028     0.0722      1.478     35.088  26.320353     0.6889      6.844   -79.3838 1.7679e+01     2.7853      5.599      8.121    12.4364   999.4899 0.0000e+00
      5.708      0.017     0.0822      1.615     35.007  26.256503     0.6944      6.844   -79.0126 1.7754e+01     2.7954      5.599      8.120    12.4666   999.4863 0.0000e+00
      5.704     -0.000     0.0929      1.752     34.721  26.040999     0.6800      6.844   -78.6599 1.7827e+01     2.7756      5.593      8.113    12.4938   999.4830 0.0000e+00
      5.702     -0.023     0.1032      1.850     34.316  25.744425     0.6475      6.844   -78.3020 1.7847e+01     2.7518      5.588      8.105    12.5065   999.4815 0.0000e+00
      5.702     -0.048     0.1083      1.930     34.086  25.588355     0.6080      6.845   -77.9552 1.7858e+01     2.7488      5.591      8.110    12.5055   999.4816 0.0000e+00
      5.697     -0.074     0.1203      1.985     34.093  25.612844     0.5931      6.846   -77.6507 1.8108e+01     2.7386      5.595      8.114    12.4978   999.4826 0.0000e+00
      5.674     -0.101     0.1327      1.990     34.139  25.659971     0.5819      6.847   -77.3737 1.8654e+01     2.7320      5.572      8.081    12.4936   999.4829 0.0000e+00
      5.634     -0.129     0.1376      1.970     33.950  25.523908     0.5672      6.848   -77.1870 1.9273e+01     2.7385      5.525      8.015    12.5008   999.4816 0.0000e+00
      5.590     -0.155     0.1443      1.955     33.470  25.172828     0.5871      6.849   -76.8557 1.9874e+01     2.6787      5.481      7.950    12.5311   999.4777 0.0000e+00
      5.548     -0.171     0.1496      1.951     33.082  24.903543     0.6322      6.849   -76.2075 2.0569e+01     2.5582      5.441      7.892    12.5655   999.4734 0.0000e+00
      5.503     -0.168     0.1489      1.997     32.996  24.868490     0.6542      6.850   -75.5445 2.1431e+01     2.4838      5.400      7.831    12.5844   999.4709 0.0000e+00
      5.452     -0.148     0.1459      2.105     32.975  24.875892     0.6440      6.851   -75.2056 2.2426e+01     2.4994      5.348      7.757    12.5863   999.4704 0.0000e+00
      5.399     -0.117     0.1457      2.240     32.693  24.675942     0.6135      6.853   -75.1216 2.3272e+01     2.5415      5.288      7.670    12.5914   999.4693 0.0000e+00
      5.362     -0.080     0.1435      2.437     32.244  24.353652     0.5802      6.854   -74.8737 2.3562e+01     2.5463      5.246      7.609    12.6303   999.4642 0.0000e+00
      5.354     -0.043     0.1456      2.735     32.024  24.213739     0.5658      6.857   -74.3591 2.3344e+01     2.5228      5.244      7.606    12.6871   999.4573 0.0000e+00
      5.364     -0.010     0.1568      3.107     32.040  24.252770     0.5633      6.859   -73.7172 2.2954e+01     2.4978      5.260      7.630    12.7239   999.4529 0.0000e+00
      5.378      0.014     0.1643      3.518     32.019  24.254800     0.5981      6.861   -73.0503 2.2569e+01     2.5185      5.276      7.652    12.7339   999.4516 0.0000e+00
      5.389      0.024     0.1773      3.945     31.901  24.174879     0.6726      6.859   -72.5758 2.2110e+01     2.5674      5.287      7.668    12.7529   999.4491 0.0000e+00
      5.394      0.017     0.2010      4.370     31.807  24.110951     0.7106      6.853   -72.2826 2.1275e+01     2.5404      5.290      7.673    12.8043   999.4426 0.0000e+00
      5.397     -0.004     0.2284      4.781     31.636  23.989239     0.7041      6.850   -71.9137 1.9926e+01     2.4659      5.293      7.677    12.8517   999.4368 0.0000e+00
      5.400     -0.037     0.2600      5.181     31.337  23.781446     0.6513      6.851   -71.5572 1.8205e+01     2.4219      5.297      7.684    12.8769   999.4337 0.0000e+00
      5.398     -0.079     0.2911      5.553     31.260  23.754904     0.5588      6.853   -71.2407 1.6317e+01     2.3866      5.299      7.685    12.8892   999.4321 0.0000e+00
      5.380     -0.125     0.3237      5.866     31.362  23.858635     0.5103      6.858   -70.7545 1.4481e+01     2.3482      5.285      7.665    12.8986   999.4308 0.0000e+00
      5.340     -0.171     0.3532      6.121     31.233  23.767254     0.5038      6.862   -70.3249 1.2742e+01     2.3348      5.245      7.606    12.9077   999.4294 0.0000e+00
      5.280     -0.210     0.3828      6.349     30.842  23.474499     0.5188      6.865   -70.0040 1.1050e+01     2.3959      5.181      7.514    12.9283   999.4264 0.0000e+00
      5.208     -0.232     0.4115      6.606     30.498  23.236321     0.5582      6.865   -69.6276 9.5032e+00     2.5034      5.108      7.408    12.9965   999.4175 0.0000e+00
      5.134     -0.227     0.4332      6.931     30.281  23.107204     0.5789      6.864   -69.3876 8.2934e+00     2.5365      5.034      7.301    13.0520   999.4102 0.0000e+00
      5.063     -0.197     0.4519      7.310     29.921  22.864688     0.5788      6.863   -69.3402 7.5281e+00     2.4867      4.962      7.197    13.0443   999.4108 0.0000e+00
      5.003     -0.151     0.4668      7.731     29.599  22.650593     0.5754      6.861   -69.0548 7.0211e+00     2.4510      4.897      7.102    13.0385   999.4110 0.0000e+00
      4.970     -0.101     0.4839      8.220     29.577  22.674857     0.6335      6.856   -68.4320 6.5616e+00     2.5172      4.862      7.052    13.0810   999.4052 0.0000e+00
      4.964     -0.056     0.5079      8.832     29.582  22.714184     0.7665      6.851   -67.7469 6.1735e+00     2.6687      4.865      7.057    13.1600   999.3952 0.0000e+00
      4.974     -0.022     0.5355      9.583     29.512  22.682221     0.8386      6.848   -66.8799 5.8790e+00     2.7724      4.877      7.074    13.2088   999.3888 0.0000e+00
      4.985     -0.002     0.5654     10.436     29.480  22.668927     0.8286      6.848   -66.0367 5.6646e+00     2.7749      4.890      7.093    13.2447   999.3840 0.0000e+00
      4.989      0.004     0.5983     11.360     29.485  22.680297     0.8067      6.848   -65.5527 5.5447e+00     2.7325      4.898      7.103    13.3323   999.3728 0.0000e+00
      4.983     -0.002     0.6410     12.302     29.499  22.692870     0.7837      6.846   -65.2446 5.4672e+00     2.7074      4.887      7.088    13.4027   999.3635 0.0000e+00
      4.977     -0.011     0.6977     13.195     29.502  22.694105     0.7712      6.846   -64.8924 5.3752e+00     2.7114      4.878      7.076    13.4286   999.3600 0.0000e+00
      4.976     -0.017     0.7598     14.004     29.507  22.695238     0.7697      6.848   -64.5638 5.2967e+00     2.7118      4.882      7.080    13.4478   999.3574 0.0000e+00
      4.973     -0.018     0.8281     14.653     29.526  22.706567     0.7650      6.850   -64.1972 5.2719e+00     2.6778      4.881      7.078    13.4607   999.3557 0.0000e+00
      4.964     -0.018     0.8996     15.078     29.529  22.704247     0.7613      6.849   -63.6428 5.2678e+00     2.6103      4.867      7.060    13.4632   999.3554 0.0000e+00
      4.957     -0.021     0.9643     15.309     29.486  22.667180     0.7635      6.845   -63.1953 5.2468e+00     2.5477      4.858      7.045    13.4589   999.3559 0.0000e+00
      4.956     -0.028     1.0260     15.379     29.446  22.638891     0.7628      6.844   -62.9159 5.2363e+00     2.5047      4.860      7.048    13.4536   999.3566 0.0000e+00
      4.956     -0.037     1.0764     15.305     29.408  22.615880     0.7632      6.846   -62.6737 5.2750e+00     2.5014      4.863      7.053    13.4501   999.3571 0.0000e+00
      4.948     -0.044     1.1053     15.140     29.350  22.579209     0.7687      6.848   -62.4183 5.3572e+00     2.5434      4.856      7.043    13.4419   999.3582 0.0000e+00
      4.931     -0.051     1.1217     14.945     29.333  22.576020     0.7715      6.851   -61.9787 5.4387e+00     2.5661      4.838      7.017    13.4288   999.3598 0.0000e+00
      4.910     -0.057     1.1270     14.744     29.323  22.577339     0.7680      6.854   -61.4891 5.5112e+00     2.5349      4.814      6.982    13.4349   999.3589 0.0000e+00
      4.891     -0.059     1.1196     14.567     29.253  22.531747     0.7555      6.855   -60.9726 5.5824e+00     2.5098      4.794      6.953    13.4495   999.3569 0.0000e+00
      4.876     -0.059     1.1050     14.440     29.161  22.468701     0.7341      6.855   -60.3786 5.6350e+00     2.5372      4.780      6.933    13.4612   999.3551 0.0000e+00
      4.864     -0.058     1.0905     14.370     29.041  22.385817     0.7098      6.855   -59.9005 5.6830e+00     2.5574      4.769      6.917    13.4785   999.3528 0.0000e+00
      4.853     -0.061     1.0744     14.384     28.898  22.290621     0.6905      6.856   -59.4936 5.7444e+00     2.5481      4.760      6.903    13.4956   999.3506 0.0000e+00
      4.841     -0.070     1.0601     14.479     28.763  22.205547     0.6823      6.857   -59.1584 5.8205e+00     2.5267      4.750      6.887    13.5089   999.3487 0.0000e+00
      4.825     -0.084     1.0513     14.596     28.622  22.118214     0.6875      6.859   -58.8591 5.9352e+00     2.5048      4.735      6.866    13.5204   999.3471 0.0000e+00
      4.804     -0.098     1.0447     14.733     28.512  22.059117     0.6955      6.860   -58.4569 6.0980e+00     2.5235      4.713      6.835    13.5346   999.3451 0.0000e+00
      4.774     -0.106     1.0444     14.971     28.484  22.061796     0.7033      6.861   -58.0804 6.2964e+00     2.5819      4.683      6.792    13.5635   999.3410 0.0000e+00
      4.738     -0.102     1.0533     15.335     28.492  22.087214     0.7146      6.862   -57.6625 6.5324e+00     2.5927      4.647      6.740    13.5951   999.3365 0.0000e+00
      4.700     -0.087     1.0616     15.805     28.428  22.049387     0.7372      6.862   -57.1038 6.7641e+00     2.5857      4.606      6.679    13.6322   999.3313 0.0000e+00
