Data/DataNotYetUploadedToEDI/Raw_CTD/RawDownloads/070220_fcr50.cnv
* Sea-Bird SBE19plus  Data File:
* FileName = C:\DATA\070220_bvr50_0001.hex
* Software version 2.8.0.119
* Temperature SN = 7809
* Conductivity SN = 7809
* System UpLoad Time = Jul 02 2020 11:47:23
* <ApplicationData>
* <Seaterm232>
# nquan = 16
# nvalues = 1566                        
# units = specified
# name 0 = depFM: Depth [fresh water, m]
# name 1 = dz/dtM: Descent Rate [m/s]
# name 2 = sbeox0ML/L: Oxygen, SBE 43 [ml/l]
# name 3 = sbeox0PS: Oxygen, SBE 43 [% saturation]
# name 4 = specc: Specific Conductance [uS/cm]
# name 5 = c0uS/cm: Conductivity [uS/cm]
# name 6 = flECO-AFL: Fluorescence, WET Labs ECO-AFL/FL [mg/m^3]
# name 7 = ph: pH
# name 8 = orp: Oxidation Reduction Potential [mV]
# name 9 = par/sat/log: PAR/Logarithmic, Satlantic
# name 10 = turbWETntu0: Turbidity, WET Labs ECO [NTU]
# name 11 = prdM: Pressure, Strain Gauge [db]
# name 12 = prdE: Pressure, Strain Gauge [psi]
# name 13 = tv290C: Temperature [ITS-90, deg C]
# name 14 = density00: Density [density, kg/m^3]
# name 15 = flag:  0.000e+00
# span 0 =     -0.668,      9.592       
# span 1 =     -0.363,      0.209       
# span 2 =     0.0433,     8.1226       
# span 3 =      0.657,    129.171       
# span 4 =      0.433,     69.419       
# span 5 =   0.439204,  49.775532       
# span 6 =    -1.9018,     9.7470       
# span 7 =      6.231,      8.937       
# span 8 =   -97.2615,  1240.2295       
# span 9 = 1.2333e-01, 1.6808e+03       
# span 10 =    -7.8491,   143.9285      
# span 11 =     -0.658,      9.407      
# span 12 =     -0.954,     13.644      
# span 13 =     9.8370,    25.7412      
# span 14 =   996.8601,   999.7855      
# span 15 = 0.0000e+00, 0.0000e+00      
# interval = seconds: 0.25
# start_time = Jul 01 2020 20:32:25 [Instrument's time stamp, header]
# bad_flag = -9.990e-29
*END*
[from data line 724]
      4.128      0.067     0.0617      0.743     66.196  48.320381     4.3784      6.773   116.8158 1.3266e+01    11.0589      4.053      5.877    11.6187   999.5866 0.0000e+00
      4.143      0.071     0.0574      0.754     65.516  47.785313     4.2177      6.768   115.1398 1.3116e+01    10.8678      4.064      5.895    11.5797   999.5911 0.0000e+00
      4.153      0.074     0.0586      0.744     64.637  47.092963     3.9179      6.762   114.3196 1.2906e+01    10.4922      4.071      5.905    11.5438   999.5950 0.0000e+00
      4.168      0.074     0.0550      0.729     64.234  46.743307     3.7578      6.755   113.3516 1.2511e+01    10.3287      4.084      5.923    11.5188   999.5979 0.0000e+00
      4.190      0.073     0.0562      0.726     64.277  46.732371     3.7504      6.749   112.0401 1.1976e+01    10.3327      4.107      5.956    11.4968   999.6003 0.0000e+00
      4.218      0.071     0.0592      0.736     64.361  46.770207     3.7325      6.744   110.4212 1.1451e+01    10.1626      4.138      6.002    11.4697   999.6031 0.0000e+00
      4.243      0.067     0.0562      0.735     64.359  46.756295     3.6940      6.741   108.9204 1.1092e+01     9.8181      4.165      6.042    11.4290   999.6072 0.0000e+00
      4.257      0.061     0.0559      0.725     64.376  46.754634     3.6757      6.739   107.8328 1.0935e+01     9.6004      4.177      6.060    11.3765   999.6127 0.0000e+00
      4.264      0.054     0.0546      0.724     64.500  46.813610     3.6739      6.737   107.3368 1.0801e+01     9.5895      4.181      6.064    11.3434   999.6163 0.0000e+00
      4.272      0.048     0.0573      0.734     64.685  46.897890     3.6821      6.734   106.8819 1.0561e+01     9.5836      4.189      6.075    11.3297   999.6178 0.0000e+00
      4.284      0.044     0.0566      0.742     64.825  46.948166     3.7181      6.731   105.7737 1.0261e+01     9.5291      4.201      6.093    11.3210   999.6188 0.0000e+00
      4.299      0.042     0.0552      0.742     64.919  46.976974     3.7468      6.729   104.5208 9.9502e+00     9.4804      4.216      6.114    11.3168   999.6194 0.0000e+00
      4.313      0.040     0.0550      0.735     65.063  47.055684     3.7326      6.727   103.5204 9.6791e+00     9.4407      4.230      6.136    11.2941   999.6218 0.0000e+00
      4.325      0.036     0.0564      0.727     65.290  47.201361     3.6710      6.725   103.2283 9.5099e+00     9.4266      4.242      6.154    11.2480   999.6267 0.0000e+00
      4.331      0.030     0.0574      0.724     65.419  47.277939     3.5840      6.724   103.2267 9.4160e+00     9.4124      4.249      6.162    11.2046   999.6314 0.0000e+00
      4.336      0.025     0.0569      0.715     65.355  47.219607     3.5484      6.721   102.4682 9.3167e+00     9.4073      4.251      6.165    11.1747   999.6345 0.0000e+00
      4.341      0.020     0.0569      0.709     65.322  47.194516     3.5550      6.719   101.3711 9.1862e+00     9.3986      4.256      6.173    11.1571   999.6364 0.0000e+00
      4.346      0.018     0.0553      0.710     65.451  47.292042     3.5494      6.720   100.5443 9.0851e+00     9.3412      4.264      6.184    11.1460   999.6378 0.0000e+00
      4.350      0.020     0.0563      0.695     65.572  47.382857     3.5754      6.722   100.2152 9.0451e+00     9.3319      4.267      6.188    11.1312   999.6393 0.0000e+00
      4.351      0.022     0.0549      0.683     65.497  47.340108     3.6412      6.722   100.0588 8.9882e+00     9.3889      4.266      6.188    11.1189   999.6405 0.0000e+00
      4.356      0.024     0.0536      0.690     65.276  47.219653     3.6773      6.721    99.5995 8.8440e+00     9.4121      4.270      6.194    11.1203   999.6403 0.0000e+00
      4.365      0.028     0.0559      0.700     65.050  47.132908     3.6788      6.719    99.0500 8.6415e+00     9.3728      4.280      6.207    11.1268   999.6398 0.0000e+00
      4.375      0.033     0.0532      0.720     64.902  47.116810     3.6495      6.717    98.4913 8.4875e+00     9.0511      4.293      6.225    11.1271   999.6399 0.0000e+00
      4.384      0.039     0.0513      0.727     64.851  47.152102     3.5896      6.715    97.7484 8.4184e+00     8.4749      4.300      6.237    11.1288   999.6397 0.0000e+00
      4.390      0.044     0.0540      0.712     64.846  47.178736     3.5549      6.712    96.8653 8.2812e+00     8.2075      4.302      6.239    11.1535   999.6371 0.0000e+00
      4.400      0.047     0.0526      0.708     64.875  47.184884     3.5544      6.710    95.9877 7.9860e+00     8.2564      4.311      6.252    11.2217   999.6300 0.0000e+00
      4.417      0.050     0.0558      0.717     64.983  47.226416     3.6020      6.709    95.1380 7.6777e+00     8.2417      4.332      6.283    11.3013   999.6217 0.0000e+00
      4.435      0.054     0.0571      0.720     65.145  47.299879     3.6925      6.706    94.2490 7.4992e+00     8.1674      4.353      6.314    11.3625   999.6153 0.0000e+00
      4.448      0.055     0.0533      0.722     65.316  47.374623     3.7420      6.704    93.3273 7.3977e+00     8.1133      4.362      6.327    11.3913   999.6123 0.0000e+00
      4.458      0.052     0.0540      0.736     65.459  47.431638     3.7435      6.702    92.4253 7.2038e+00     8.1026      4.369      6.336    11.3667   999.6149 0.0000e+00
      4.473      0.047     0.0550      0.751     65.494  47.417714     3.7484      6.701    91.4318 6.9693e+00     7.9352      4.388      6.363    11.3351   999.6184 0.0000e+00
      4.488      0.041     0.0554      0.763     65.494  47.396718     3.7534      6.699    90.4342 6.8131e+00     7.5307      4.403      6.386    11.3043   999.6218 0.0000e+00
      4.498      0.040     0.0547      0.775     65.709  47.558738     3.7476      6.698    89.8275 6.6854e+00     7.2630      4.411      6.398    11.2608   999.6265 0.0000e+00
      4.505      0.044     0.0567      0.773     66.124  47.852753     3.7542      6.696    89.5167 6.6246e+00     7.1708      4.421      6.412    11.2266   999.6301 0.0000e+00
      4.510      0.049     0.0580      0.758     66.458  48.030767     3.8431      6.693    88.9135 6.6054e+00     6.9993      4.422      6.414    11.1944   999.6335 0.0000e+00
      4.517      0.053     0.0581      0.753     66.626  48.060079     4.0018      6.690    87.8692 6.4324e+00     6.7697      4.423      6.417    11.1685   999.6361 0.0000e+00
      4.536      0.055     0.0603      0.769     66.829  48.143563     4.0907      6.687    87.1287 6.0789e+00     6.6260      4.444      6.447    11.1870   999.6344 0.0000e+00
      4.564      0.058     0.0599      0.784     67.312  48.468601     4.0976      6.685    87.0147 5.7730e+00     6.5669      4.478      6.495    11.2051   999.6329 0.0000e+00
      4.584      0.062     0.0577      0.784     67.900  48.878591     4.0845      6.682    86.6632 5.6692e+00     6.5345      4.501      6.528    11.1422   999.6397 0.0000e+00
      4.592      0.063     0.0574      0.789     68.261  49.100199     4.0569      6.678    85.6323 5.6557e+00     6.3373      4.504      6.532    11.0519   999.6490 0.0000e+00
      4.598      0.058     0.0590      0.789     68.367  49.115973     4.0312      6.677    84.2730 5.5146e+00     6.0024      4.504      6.532    11.0048   999.6537 0.0000e+00
      4.614      0.052     0.0618      0.761     68.362  49.069242     4.0214      6.676    83.3058 5.2589e+00     5.8499      4.522      6.558    10.9972   999.6547 0.0000e+00
      4.636      0.047     0.0597      0.740     68.431  49.106645     4.0152      6.675    82.8000 5.0789e+00     5.8330      4.549      6.599    10.9997   999.6549 0.0000e+00
      4.653      0.044     0.0607      0.720     68.808  49.377698     4.0038      6.675    81.7709 5.0033e+00     5.9346      4.566      6.623    10.9720   999.6579 0.0000e+00
      4.660      0.041     0.0630      0.684     69.330  49.742895     3.9973      6.673    79.7251 4.9888e+00     6.1514      4.571      6.630    10.9112   999.6640 0.0000e+00
      4.662      0.035     0.0577      0.669     69.419  49.775532     4.0038      6.671    77.0788 4.9841e+00     6.2569      4.572      6.631    10.8752   999.6676 0.0000e+00
      4.667      0.029     0.0571      0.677     69.196  49.581786     4.0157      6.669    75.1565 4.8807e+00     6.2839      4.574      6.633    10.8770   999.6674 0.0000e+00
      4.679      0.024     0.0573      0.681     69.007  49.432406     3.9885      6.668    74.6365 4.7198e+00     6.3054      4.588      6.654    10.8798   999.6673 0.0000e+00
      4.689      0.022     0.0517      0.704     68.742  49.239432     3.9233      6.668    74.5778 4.6729e+00     6.2771      4.603      6.675    10.8799   999.6677 0.0000e+00
      4.694      0.019     0.0504      0.729     68.432  49.026616     3.8852      6.668    74.1882 4.6857e+00     6.2861      4.603      6.676    10.8511   999.6706 0.0000e+00
      4.695      0.014     0.0541      0.724     68.193  48.891329     3.8806      6.667    72.5938 4.6676e+00     6.3103      4.604      6.677    10.8139   999.6741 0.0000e+00
      4.697      0.012     0.0510      0.704     68.192  48.937257     3.9148      6.666    70.4431 4.6732e+00     6.1919      4.608      6.683    10.8153   999.6740 0.0000e+00
      4.698      0.014     0.0546      0.673     68.431  49.137465     3.9836      6.665    69.4353 4.6783e+00     5.9869      4.607      6.683    10.8104   999.6743 0.0000e+00
      4.699      0.019     0.0582      0.657     68.565  49.216520     4.0168      6.664    69.0982 4.6684e+00     5.8577      4.608      6.683    10.8075   999.6746 0.0000e+00
      4.702      0.026     0.0557      0.677     68.537  49.131062     4.0115      6.663    68.0026 4.6134e+00     5.7968      4.608      6.685    10.8438   999.6709 0.0000e+00
      4.710      0.031     0.0554      0.700     68.538  49.056653     4.0425      6.661    66.0827 4.4717e+00     5.8693      4.616      6.696    10.8834   999.6669 0.0000e+00
      4.724      0.036     0.0514      0.704     68.541  49.015284     4.1062      6.660    64.8993 4.3448e+00     6.1154      4.634      6.720    10.9135   999.6641 0.0000e+00
      4.737      0.037     0.0494      0.718     68.448  48.948332     4.1331      6.659    64.7077 4.2738e+00     6.3005      4.647      6.739    10.9033   999.6652 0.0000e+00
      4.748      0.034     0.0522      0.732     68.319  48.882156     4.1292      6.658    64.6266 4.1978e+00     6.3226      4.656      6.753    10.8419   999.6714 0.0000e+00
      4.757      0.027     0.0560      0.743     68.219  48.850196     4.0979      6.658    64.0903 4.1418e+00     6.2451      4.667      6.769    10.7754   999.6780 0.0000e+00
      4.763      0.020     0.0533      0.768     68.110  48.815958     4.0406      6.656    63.0417 4.1367e+00     6.1534      4.672      6.777    10.7392   999.6816 0.0000e+00
      4.765      0.015     0.0559      0.777     68.010  48.785743     4.0081      6.654    62.1874 4.1447e+00     6.1410      4.672      6.777    10.7480   999.6807 0.0000e+00
      4.766      0.011     0.0576      0.767     67.989  48.802405     4.0097      6.654    61.8483 4.1395e+00     6.1645      4.674      6.778    10.7699   999.6785 0.0000e+00
      4.767      0.011     0.0560      0.769     68.013  48.826960     4.0219      6.653    61.5224 4.1241e+00     6.1285      4.674      6.779    10.7991   999.6756 0.0000e+00
      4.769      0.015     0.0607      0.783     68.054  48.828640     4.1084      6.652    61.0863 4.1088e+00     5.9456      4.676      6.782    10.8356   999.6719 0.0000e+00
      4.772      0.025     0.0610      0.797     68.129  48.822683     4.2834      6.650    60.7917 4.0976e+00     5.6701      4.681      6.789    10.8647   999.6691 0.0000e+00
      4.776      0.038     0.0585      0.806     68.128  48.754859     4.3917      6.649    60.0259 4.0583e+00     5.5439      4.683      6.792    10.8946   999.6661 0.0000e+00
      4.784      0.050     0.0591      0.800     68.057  48.643514     4.3973      6.646    58.8822 3.9397e+00     5.5525      4.687      6.799    10.9025   999.6653 0.0000e+00
      4.801      0.060     0.0608      0.771     68.104  48.619370     4.3522      6.642    58.6642 3.7562e+00     5.4986      4.705      6.824    10.8828   999.6674 0.0000e+00
      4.826      0.065     0.0619      0.758     68.182  48.653383     4.2851      6.639    59.2822 3.5697e+00     5.3734      4.733      6.864    10.8299   999.6728 0.0000e+00
      4.850      0.065     0.0627      0.794     68.085  48.610223     4.2528      6.636    59.2134 3.4379e+00     5.2745      4.759      6.903    10.7711   999.6787 0.0000e+00
      4.867      0.060     0.0631      0.830     67.950  48.542058     4.2583      6.634    58.4354 3.3635e+00     5.2649      4.775      6.926    10.7426   999.6815 0.0000e+00
      4.879      0.051     0.0598      0.857     67.933  48.527752     4.2457      6.632    57.7044 3.2909e+00     5.1539      4.784      6.938    10.6805   999.6876 0.0000e+00
      4.889      0.043     0.0561      0.889     67.855  48.437244     4.1954      6.631    57.0863 3.2276e+00     4.8586      4.795      6.955    10.6569   999.6901 0.0000e+00
      4.898      0.037     0.0625      0.913     67.707  48.273190     4.1555      6.629    56.4683 3.2027e+00     4.6472      4.805      6.969    10.6998   999.6859 0.0000e+00
      4.903      0.033     0.0650      0.941     67.695  48.195108     4.1359      6.627    55.3951 3.1686e+00     4.5899      4.807      6.972    10.7245   999.6834 0.0000e+00
      4.911      0.029     0.0652      0.962     67.777  48.191583     4.1305      6.625    53.8323 3.0843e+00     4.6120      4.813      6.980    10.7244   999.6835 0.0000e+00
      4.923      0.027     0.0706      0.971     67.878  48.230493     4.1371      6.623    52.0276 3.0062e+00     4.6400      4.830      7.005    10.6945   999.6865 0.0000e+00
      4.931      0.026     0.0699      0.997     67.582  48.030543     4.1403      6.623    50.0078 2.9805e+00     4.6183      4.839      7.019    10.6496   999.6907 0.0000e+00
      4.933      0.026     0.0736      1.037     66.851  47.551916     4.1401      6.623    47.8237 2.9709e+00     4.5901      4.837      7.016    10.5927   999.6963 0.0000e+00
      4.936      0.026     0.0761      1.092     66.599  47.396316     4.1252      6.622    45.4947 2.9495e+00     4.5402      4.840      7.019    10.5418   999.7012 0.0000e+00
      4.942      0.026     0.0744      1.179     66.545  47.355715     4.1033      6.621    43.2720 2.8928e+00     4.4615      4.844      7.026    10.5125   999.7040 0.0000e+00
      4.952      0.028     0.0778      1.286     65.986  46.933995     4.0947      6.620    41.3409 2.8082e+00     4.3925      4.854      7.040    10.5190   999.7035 0.0000e+00
      4.963      0.030     0.0806      1.409     65.683  46.614981     4.0968      6.617    39.6116 2.7548e+00     4.3593      4.870      7.062    10.5736   999.6978 0.0000e+00
      4.969      0.032     0.0836      1.545     65.913  46.609701     4.0906      6.616    38.1084 2.7263e+00     4.3691      4.873      7.068    10.5930   999.6960 0.0000e+00
      4.975      0.032     0.0915      1.671     65.936  46.489019     4.0866      6.616    36.7603 2.6757e+00     4.3727      4.876      7.072    10.5724   999.6981 0.0000e+00
      4.984      0.033     0.1000      1.810     65.703  46.235066     4.1154      6.615    35.3565 2.6276e+00     4.3350      4.887      7.090    10.5904   999.6961 0.0000e+00
      4.992      0.035     0.1088      2.007     65.594  46.078818     4.1433      6.613    34.2135 2.5993e+00     4.3250      4.897      7.102    10.5123   999.7034 0.0000e+00
      4.999      0.039     0.1221      2.247     65.584  45.996600     4.1481      6.613    33.3518 2.5501e+00     4.3560      4.901      7.108    10.3328   999.7205 0.0000e+00
