Data/DataNotYetUploadedToEDI/Raw_CTD/RawDownloads/070218_fcr20.cnv
* Sea-Bird SBE19plus  Data File:
* FileName = C:\DATA\070218_fcr_0003.hex
* Software version 2.6.3.104
* Temperature SN = 7809
* Conductivity SN = 7809
* System UpLoad Time = Jul 03 2018 07:36:06
* <ApplicationData>
* <Seaterm232>
# nquan = 17
# nvalues = 377                         
# units = specified
# name 0 = depFM: Depth [fresh water, m]
# name 1 = tv290C: Temperature [ITS-90, deg C]
# name 2 = sbeox0Mg/L: Oxygen, SBE 43 [mg/l]
# name 3 = sbeox0PS: Oxygen, SBE 43 [% saturation]
# name 4 = c0uS/cm: Conductivity [uS/cm]
# name 5 = specc: Specific Conductance [uS/cm]
# name 6 = ph: pH
# name 7 = orp: Oxidation Reduction Potential [mV]
# name 8 = flECO-AFL: Fluorescence, WET Labs ECO-AFL/FL [mg/m^3]
# name 9 = turbWETntu0: Turbidity, WET Labs ECO [NTU]
# name 10 = sal00: Salinity, Practical [PSU]
# name 11 = dz/dtM: Descent Rate [m/s]
# name 12 = prdM: Pressure, Strain Gauge [db]
# name 13 = prdE: Pressure, Strain Gauge [psi]
# name 14 = scan: Scan Count
# name 15 = par/sat/log: PAR/Logarithmic, Satlantic
# name 16 = flag:  0.000e+00
# span 0 =     -0.499,      3.502       
# span 1 =    15.2404,    27.9509       
# span 2 =     0.1199,    12.1204       
# span 3 =      1.222,    136.784       
# span 4 =   1.741605,  93.836857       
# span 5 =      1.651,    116.628       
# span 6 =      6.385,      7.975       
# span 7 =   160.5028,  1240.2295       
# span 8 =    -0.8491,    10.6752       
# span 9 =    -5.5552,     9.3095       
# span 10 =     0.0128,     0.0568      
# span 11 =     -0.158,      0.146      
# span 12 =     -0.490,      3.432      
# span 13 =     -0.710,      4.978      
# span 14 =          1,        377      
# span 15 = 2.1526e+01, 2.7305e+03      
# span 16 = 0.0000e+00, 0.0000e+00      
# interval = seconds: 0.25
# start_time = Jul 02 2018 16:11:23 [Instrument's time stamp, header]
# bad_flag = -9.990e-29
*END*
[from data line 256]
      1.631    24.2998    10.1817    119.386  34.519576     34.900      7.972   253.4045     5.7946     1.9779     0.0235      0.063      1.598      2.318        257 1.0547e+02 0.0000e+00
      1.645    24.2081    10.0456    117.658  34.407019     34.845      7.972   252.8745     5.8350     2.0719     0.0234      0.067      1.615      2.342        258 1.0125e+02 0.0000e+00
      1.664    24.1251     9.9300    116.268  34.424389     34.893      7.971   253.0638     5.8148     2.0316     0.0234      0.070      1.633      2.368        259 9.7415e+01 0.0000e+00
      1.686    24.0602     9.8562    115.392  34.497996     35.074      7.975   253.4802     5.1880     2.0182     0.0235      0.073      1.654      2.398        260 9.4749e+01 0.0000e+00
      1.708    23.9673     9.8525    115.247  34.700989     35.275      7.972   253.8966     5.1921     2.1524     0.0235      0.075      1.675      2.429        261 9.2526e+01 0.0000e+00
      1.729    23.8449     9.8864    115.360  34.942877     35.662      7.968   254.1995     5.2082     1.9376     0.0237      0.076      1.696      2.460        262 9.0769e+01 0.0000e+00
      1.753    23.7085     9.9309    115.586  35.234993     35.901      7.964   254.8052     5.2002     2.0182     0.0237      0.078      1.718      2.492        263 8.9033e+01 0.0000e+00
      1.773    23.5789     9.9973    116.202  35.820369     36.735      7.961   254.8431     5.2042     1.9376     0.0241      0.080      1.738      2.520        264 8.7444e+01 0.0000e+00
      1.789    23.4757    10.1285    117.367  35.815958     36.723      7.957   254.9945     5.4549     1.9913     0.0240      0.081      1.754      2.544        265 8.6879e+01 0.0000e+00
      1.804    23.3859    10.3034    118.823  35.566776     36.621      7.954   254.9945     5.4630     2.0450     0.0239      0.080      1.769      2.566        266 8.6820e+01 0.0000e+00
      1.820    23.2995    10.4691    120.284  35.300111     36.410      7.945   255.2974     5.4387     2.0316     0.0238      0.078      1.785      2.590        267 8.6334e+01 0.0000e+00
      1.839    23.2407    10.6367    121.890  34.842941     35.987      7.937   255.7138     5.4347     2.0450     0.0236      0.074      1.803      2.615        268 8.6784e+01 0.0000e+00
      1.856    23.2233    10.8250    123.872  34.682560     35.907      7.924   255.7895     6.4335     2.0719     0.0236      0.071      1.820      2.640        269 8.6757e+01 0.0000e+00
      1.875    23.2180    11.0434    126.123  34.699002     35.951      7.907   256.0545     6.4658     2.0853     0.0236      0.069      1.840      2.669        270 8.5910e+01 0.0000e+00
      1.898    23.1698    11.2646    128.250  34.674220     35.963      7.890   257.4174     6.4294     1.9913     0.0236      0.069      1.865      2.705        271 8.4138e+01 0.0000e+00
      1.934    23.0414    11.4897    130.370  34.327881     35.590      7.863   258.2502     6.4577     2.0182     0.0234      0.075      1.894      2.746        272 8.1663e+01 0.0000e+00
      1.959    22.9117    11.6499    132.065  33.558263     34.842      7.843   258.7802     8.9122     2.2062     0.0231      0.083      1.920      2.785        273 8.0069e+01 0.0000e+00
      1.981    22.8348    11.8043    133.889  33.140965     34.441      7.832   259.4617     8.8960     2.2464     0.0229      0.089      1.943      2.819        274 7.7506e+01 0.0000e+00
      2.006    22.6740    11.9388    135.439  32.978988     34.479      7.818   260.0295     8.9041     2.1524     0.0229      0.094      1.966      2.852        275 7.4975e+01 0.0000e+00
      2.027    22.4296    12.0351    136.397  32.247543     33.654      7.808   259.8781     8.8839     2.2733     0.0225      0.096      1.987      2.882        276 7.3764e+01 0.0000e+00
      2.045    22.2293    12.0908    136.784  31.827278     33.386      7.799   260.1052    10.6752     2.3673     0.0224      0.096      2.005      2.908        277 7.2353e+01 0.0000e+00
      2.061    22.0983    12.1151    136.755  31.752538     33.475      7.791   260.9381    10.6469     2.2733     0.0223      0.093      2.021      2.933        278 7.1056e+01 0.0000e+00
      2.079    22.0179    12.1204    136.393  31.628988     33.465      7.784   260.8624    10.6308     2.4479     0.0223      0.087      2.040      2.960        279 6.9701e+01 0.0000e+00
      2.102    21.9201    12.0783    135.722  31.595636     33.562      7.776   261.5059    10.6348     2.3807     0.0223      0.081      2.061      2.989        280 6.7810e+01 0.0000e+00
      2.123    21.7553    12.0239    134.948  31.467929     33.437      7.765   261.8845     7.3271     2.5553     0.0222      0.078      2.082      3.019        281 6.6095e+01 0.0000e+00
      2.144    21.5876    11.9592    133.924  31.343180     33.420      7.755   261.6574     7.3635     2.7164     0.0221      0.078      2.102      3.049        282 6.4740e+01 0.0000e+00
      2.163    21.5352    11.8668    132.497  31.276501     33.415      7.748   261.9981     7.3554     2.6224     0.0221      0.077      2.119      3.075        283 6.4107e+01 0.0000e+00
      2.177    21.5631    11.7709    131.167  31.343412     33.661      7.747   261.9602     7.3514     2.6090     0.0221      0.076      2.134      3.096        284 6.3608e+01 0.0000e+00
      2.190    21.5718    11.6574    129.766  31.378579     33.695      7.737   262.6417     7.3352     2.5284     0.0221      0.074      2.148      3.115        285 6.3135e+01 0.0000e+00
      2.204    21.5201    11.5732    128.656  31.351370     33.675      7.732   262.5659     5.5560     2.1659     0.0221      0.071      2.161      3.135        286 6.2647e+01 0.0000e+00
      2.218    21.4321    11.5040    127.569  31.258664     33.548      7.729   263.3988     5.6005     2.1927     0.0221      0.067      2.175      3.155        287 6.2169e+01 0.0000e+00
      2.233    21.3110    11.4203    126.268  31.138131     33.465      7.719   263.0202     5.6086     2.1927     0.0220      0.063      2.190      3.175        288 6.1871e+01 0.0000e+00
      2.248    21.1627    11.3460    125.026  31.086269     33.471      7.709   263.7774     5.5600     2.1927     0.0220      0.059      2.203      3.195        289 6.1276e+01 0.0000e+00
      2.259    21.0807    11.2417    123.512  31.086031     33.553      7.702   264.0802     4.7109     1.9913     0.0220      0.056      2.215      3.213        290 6.0807e+01 0.0000e+00
      2.270    21.0221    11.0682    121.196  31.138478     33.729      7.695   264.2317     4.7149     1.9510     0.0220      0.054      2.227      3.230        291 5.9784e+01 0.0000e+00
      2.284    20.9053    10.8234    118.100  31.021053     33.662      7.690   264.5345     4.6987     2.0584     0.0220      0.053      2.240      3.248        292 5.8995e+01 0.0000e+00
      2.296    20.7599    10.4914    114.183  30.906037     33.556      7.689   264.6860     4.7109     2.0853     0.0219      0.052      2.252      3.266        293 5.8717e+01 0.0000e+00
      2.308    20.6562    10.0800    109.458  31.014784     33.791      7.687   265.2160     3.8860     1.5885     0.0220      0.051      2.264      3.284        294 5.7999e+01 0.0000e+00
      2.322    20.6042     9.6076    104.175  31.034025     33.902      7.683   265.2917     3.8577     1.5885     0.0220      0.050      2.277      3.303        295 5.7376e+01 0.0000e+00
      2.335    20.5324     9.1211     98.933  30.971101     33.916      7.679   265.6324     3.8900     1.6690     0.0220      0.049      2.292      3.325        296 5.6214e+01 0.0000e+00
      2.358    20.4105     8.5910     93.293  31.004180     33.986      7.678   266.0488     3.8900     1.6422     0.0220      0.052      2.312      3.353        297 5.4944e+01 0.0000e+00
      2.379    20.2573     8.0920     87.757  31.022540     34.067      7.674   266.2002     3.4331     1.6288     0.0220      0.057      2.332      3.383        298 5.3960e+01 0.0000e+00
      2.398    20.0920     7.6314     82.515  31.096545     34.224      7.668   266.9952     3.4048     1.5750     0.0220      0.062      2.351      3.410        299 5.3010e+01 0.0000e+00
      2.417    19.9402     7.2455     78.169  31.297605     34.584      7.661   267.3360     3.3926     1.6153     0.0221      0.066      2.369      3.435        300 5.2426e+01 0.0000e+00
      2.432    19.7717     6.8762     74.058  31.513683     34.931      7.654   267.9038     3.4331     1.6153     0.0222      0.070      2.386      3.459        301 5.1603e+01 0.0000e+00
      2.449    19.5984     6.4240     68.995  31.657966     35.232      7.645   268.0174     3.3684     1.4676     0.0223      0.072      2.403      3.484        302 5.0952e+01 0.0000e+00
      2.469    19.4669     5.8610     62.791  31.592553     35.272      7.635   268.5853     3.3724     1.5616     0.0223      0.073      2.421      3.510        303 5.0508e+01 0.0000e+00
      2.486    19.3565     5.3497     57.265  31.624812     35.442      7.625   268.8881     3.3360     1.6422     0.0223      0.072      2.438      3.535        304 4.9908e+01 0.0000e+00
      2.503    19.2830     4.8783     52.215  31.914418     35.891      7.612   269.8724     3.3279     1.6153     0.0224      0.070      2.455      3.560        305 4.9406e+01 0.0000e+00
      2.520    19.3017     4.4691     47.783  32.032825     36.108      7.603   270.3267     3.3441     1.6422     0.0225      0.069      2.471      3.585        306 4.8762e+01 0.0000e+00
      2.538    19.3527     4.1292     44.066  31.922293     36.041      7.590   270.7431     3.3522     1.3602     0.0224      0.069      2.489      3.611        307 4.8396e+01 0.0000e+00
      2.556    19.2898     3.8720     41.277  32.052001     36.154      7.571   270.8567     3.3603     1.3871     0.0225      0.069      2.508      3.638        308 4.7764e+01 0.0000e+00
      2.578    19.1430     3.6757     39.162  32.731355     36.894      7.554   271.0460     3.3522     1.3333     0.0228      0.071      2.528      3.667        309 4.6847e+01 0.0000e+00
      2.598    19.0340     3.5583     37.875  33.241567     37.549      7.535   271.6517     3.3522     1.4273     0.0230      0.072      2.546      3.693        310 4.6573e+01 0.0000e+00
      2.611    18.9446     3.4462     36.641  33.166668     37.548      7.521   271.8788     3.2309     1.4676     0.0230      0.072      2.562      3.716        311 4.5974e+01 0.0000e+00
      2.629    18.8105     3.3179     35.214  33.269437     37.769      7.505   272.1060     3.2228     1.3468     0.0231      0.072      2.578      3.738        312 4.5365e+01 0.0000e+00
      2.644    18.6873     3.1850     33.733  33.677173     38.319      7.486   272.2953     3.2147     1.3736     0.0233      0.070      2.593      3.760        313 4.4859e+01 0.0000e+00
      2.658    18.6457     3.0129     31.879  33.815848     38.599      7.467   273.1281     3.2390     1.3871     0.0233      0.068      2.608      3.782        314 4.4314e+01 0.0000e+00
      2.675    18.6403     2.8049     29.614  33.630708     38.484      7.444   272.8631     3.3118     1.5616     0.0232      0.066      2.624      3.805        315 4.4043e+01 0.0000e+00
      2.692    18.5858     2.5505     26.856  33.700038     38.585      7.421   274.1503     3.3279     1.6556     0.0233      0.064      2.640      3.829        316 4.3614e+01 0.0000e+00
      2.707    18.4964     2.2912     24.075  34.204090     39.196      7.400   274.5667     3.2835     1.6019     0.0235      0.062      2.655      3.850        317 4.3401e+01 0.0000e+00
      2.722    18.4423     2.0004     20.991  34.575209     39.662      7.374   274.7560     3.3077     1.5616     0.0237      0.061      2.669      3.870        318 4.3351e+01 0.0000e+00
      2.734    18.4128     1.6846     17.664  34.572744     39.745      7.355   274.9074     3.3401     2.2196     0.0237      0.061      2.681      3.889        319 4.3057e+01 0.0000e+00
      2.747    18.3681     1.3343     13.984  34.652041     39.858      7.335   275.7024     3.3603     2.1793     0.0237      0.059      2.694      3.908        320 4.3010e+01 0.0000e+00
      2.762    18.3132     1.0379     10.877  34.921411     40.239      7.315   276.3081     3.3724     2.2599     0.0239      0.058      2.708      3.928        321 4.3291e+01 0.0000e+00
      2.777    18.2228     0.8086      8.472  35.394175     40.763      7.296   276.6867     3.3441     2.1659     0.0241      0.057      2.723      3.949        322 4.2848e+01 0.0000e+00
      2.793    18.1283     0.6353      6.648  36.288074     41.913      7.277   276.5731     3.0853     2.1390     0.0246      0.056      2.738      3.971        323 4.2052e+01 0.0000e+00
      2.807    18.0711     0.5391      5.633  36.329979     42.062      7.257   277.1788     3.0934     2.2464     0.0246      0.056      2.752      3.992        324 4.1778e+01 0.0000e+00
      2.819    17.9700     0.4798      5.004  36.409783     42.097      7.236   278.5039     3.0934     2.2196     0.0246      0.056      2.767      4.013        325 4.1307e+01 0.0000e+00
      2.840    17.8392     0.4814      5.015  37.582845     43.734      7.216   278.8824     3.0934     2.1390     0.0253      0.057      2.785      4.039        326 4.0719e+01 0.0000e+00
      2.860    17.7389     0.4960      5.164  37.954862     44.103      7.194   278.7689     3.0692     2.1524     0.0254      0.061      2.802      4.065        327 4.0292e+01 0.0000e+00
      2.873    17.6728     0.5019      5.225  37.815492     44.170      7.177   279.3746     2.9640     2.7701     0.0254      0.062      2.817      4.087        328 3.9744e+01 0.0000e+00
      2.888    17.6359     0.4865      5.064  37.756350     44.145      7.159   279.9424     2.9762     2.9178     0.0253      0.063      2.831      4.107        329 3.9479e+01 0.0000e+00
      2.901    17.6135     0.4474      4.651  37.731899     44.212      7.138   280.1317     2.9681     2.8776     0.0253      0.063      2.844      4.126        330 3.9392e+01 0.0000e+00
      2.912    17.6130     0.3929      4.075  37.786633     44.316      7.120   279.6017     2.9721     2.8776     0.0254      0.061      2.857      4.143        331 3.9289e+01 0.0000e+00
      2.926    17.5973     0.3562      3.680  37.806903     44.339      7.098   279.4881     2.8387     4.1801     0.0254      0.059      2.870      4.162        332 3.9144e+01 0.0000e+00
      2.940    17.5384     0.3262      3.357  37.943979     44.537      7.077   279.7153     2.8346     4.0726     0.0255      0.057      2.884      4.181        333 3.9046e+01 0.0000e+00
      2.953    17.4633     0.2945      3.020  38.238949     44.845      7.057   281.6081     2.8508     4.1532     0.0256      0.054      2.897      4.201        334 3.9041e+01 0.0000e+00
      2.968    17.3829     0.2632      2.692  38.715309     45.536      7.038   281.8731     2.8184     4.1532     0.0259      0.052      2.910      4.220        335 3.9124e+01 0.0000e+00
      2.981    17.3245     0.2402      2.453  39.190279     46.106      7.019   282.3653     2.9721     4.1264     0.0261      0.053      2.923      4.239        336 3.9032e+01 0.0000e+00
      2.994    17.2961     0.2243      2.288  39.131054     46.231      6.996   282.8196     2.9438     4.0324     0.0261      0.052      2.936      4.258        337 3.8777e+01 0.0000e+00
      3.006    17.2899     0.2032      2.071  39.085686     46.061      6.977   282.8953     2.9964     3.9921     0.0260      0.052      2.947      4.274        338 3.8554e+01 0.0000e+00
      3.015    17.2776     0.1774      1.807  38.979796     46.226      6.959   283.0089     2.9842     4.0995     0.0261      0.051      2.957      4.289        339 3.8285e+01 0.0000e+00
      3.026    17.2214     0.1532      1.562  39.589150     46.562      6.941   284.3339     2.8953     4.7172     0.0262      0.049      2.968      4.305        340 3.8012e+01 0.0000e+00
