Data/DataNotYetUploadedToEDI/Raw_CTD/RawDownloads/070220_fcr50.cnv
* Sea-Bird SBE19plus  Data File:
* FileName = C:\DATA\070220_bvr50_0001.hex
* Software version 2.8.0.119
* Temperature SN = 7809
* Conductivity SN = 7809
* System UpLoad Time = Jul 02 2020 11:47:23
* <ApplicationData>
* <Seaterm232>
# nquan = 16
# nvalues = 1566                        
# units = specified
# name 0 = depFM: Depth [fresh water, m]
# name 1 = dz/dtM: Descent Rate [m/s]
# name 2 = sbeox0ML/L: Oxygen, SBE 43 [ml/l]
# name 3 = sbeox0PS: Oxygen, SBE 43 [% saturation]
# name 4 = specc: Specific Conductance [uS/cm]
# name 5 = c0uS/cm: Conductivity [uS/cm]
# name 6 = flECO-AFL: Fluorescence, WET Labs ECO-AFL/FL [mg/m^3]
# name 7 = ph: pH
# name 8 = orp: Oxidation Reduction Potential [mV]
# name 9 = par/sat/log: PAR/Logarithmic, Satlantic
# name 10 = turbWETntu0: Turbidity, WET Labs ECO [NTU]
# name 11 = prdM: Pressure, Strain Gauge [db]
# name 12 = prdE: Pressure, Strain Gauge [psi]
# name 13 = tv290C: Temperature [ITS-90, deg C]
# name 14 = density00: Density [density, kg/m^3]
# name 15 = flag:  0.000e+00
# span 0 =     -0.668,      9.592       
# span 1 =     -0.363,      0.209       
# span 2 =     0.0433,     8.1226       
# span 3 =      0.657,    129.171       
# span 4 =      0.433,     69.419       
# span 5 =   0.439204,  49.775532       
# span 6 =    -1.9018,     9.7470       
# span 7 =      6.231,      8.937       
# span 8 =   -97.2615,  1240.2295       
# span 9 = 1.2333e-01, 1.6808e+03       
# span 10 =    -7.8491,   143.9285      
# span 11 =     -0.658,      9.407      
# span 12 =     -0.954,     13.644      
# span 13 =     9.8370,    25.7412      
# span 14 =   996.8601,   999.7855      
# span 15 = 0.0000e+00, 0.0000e+00      
# interval = seconds: 0.25
# start_time = Jul 01 2020 20:32:25 [Instrument's time stamp, header]
# bad_flag = -9.990e-29
*END*
[from data line 1537]
     -0.655     -0.039     5.7620     95.798     31.898  30.755914     0.5196      6.443   -60.3051 3.9082e+02   107.8989     -0.643     -0.933    23.8224   997.3554 0.0000e+00
     -0.655     -0.010     5.7205     95.957     31.495  30.308630     1.4411      6.434   -82.0183 1.1286e+02    45.4199     -0.643     -0.931    23.6544   997.3965 0.0000e+00
     -0.655     -0.001     5.7060     95.847     26.285  25.259920     1.9393      6.423   -97.2615 1.0971e+02    11.4239     -0.642     -0.931    23.4527   997.4452 0.0000e+00
     -0.655 -4.098e-07     5.7056     95.137     15.677  15.050059     1.9854      6.413   -95.4165 2.5113e+02     8.8720     -0.643     -0.932    23.3077   997.4804 0.0000e+00
     -0.655     -0.000     5.7241     93.672      8.404   8.058113     1.9793      6.399   -92.4915 4.1424e+02    13.8793     -0.644     -0.933    23.1996   997.5060 0.0000e+00
     -0.655     -0.000     5.7545     91.572      6.615   6.338085     1.9418      6.377   -88.3970 5.5958e+02    23.4542     -0.642     -0.932    23.1008   997.5300 0.0000e+00
     -0.655     -0.001     5.7630     89.154      6.109   5.850042     1.9142      6.352   -85.8325 9.3275e+02    28.6812     -0.643     -0.933    23.0219   997.5479 0.0000e+00
     -0.655     -0.001     5.7312     86.692      5.764   5.515474     1.9119      6.332   -88.8442 1.2797e+03    29.1152     -0.643     -0.932    22.9649   997.5563 0.0000e+00
     -0.655     -0.001     5.6452     84.412      5.645   5.397593     1.8857      6.319   -83.7698 1.0950e+03    28.4957     -0.642     -0.932    22.9236   997.5643 0.0000e+00
     -0.656     -0.001     5.5127     82.517      5.824   5.565251     1.5209      6.310   -75.4142 5.5285e+02    21.3968     -0.643     -0.933    22.8934   997.5717 0.0000e+00
     -0.657     -0.001     5.3650     81.132      5.907   5.641751     0.8490      6.308   -71.0175 4.9120e+02     8.4126     -0.644     -0.934    22.8720   997.5764 0.0000e+00
     -0.657     -0.001     5.2153     80.260      5.429   5.182034     0.4845      6.312   -57.2814 7.0064e+02     1.2822     -0.644     -0.934    22.8401   997.5840 0.0000e+00
     -0.657      0.000     5.0778     79.791      4.657   4.442079     0.4519      6.317   -39.3375 4.5004e+02     0.4170     -0.644     -0.934    22.7947   997.5945 0.0000e+00
     -0.656 -1.709e-08     4.9629     79.565      4.377   4.171424     0.5124      6.318   -30.2681 2.0720e+02    -1.7743     -0.643     -0.933    22.7679   997.6009 0.0000e+00
     -0.656 -1.880e-07     4.8815     79.470      4.800   4.570639     0.6430      6.314   -25.2306 4.7870e+02    -5.7116     -0.643     -0.932    22.7506   997.6050 0.0000e+00
     -0.656 -1.880e-07     4.8337     79.434      5.214   4.960572     0.7065      6.309   -25.4075 7.6011e+02    -7.8440     -0.644     -0.934    22.7217   997.6117 0.0000e+00
     -0.656 -1.709e-08     4.8133     79.414      5.148   4.894476     0.6686      6.307   -29.1373 6.8571e+02    -7.8491     -0.644     -0.934    22.6865   997.6196 0.0000e+00
     -0.656 -1.553e-09     4.8050     79.448      4.837   4.595150     0.3386      6.310   -25.5003 6.2363e+02    -5.9449     -0.644     -0.934    22.6485   997.6284 0.0000e+00
     -0.656 -1.412e-10     4.8038     79.537      4.483   4.255967    -0.2509      6.315   -18.3448 7.5453e+02    -2.4336     -0.643     -0.933    22.6082   997.6380 0.0000e+00
     -0.657 -1.284e-11     4.8081     79.623      4.108   3.897987    -0.5753      6.322   -13.0862 1.1119e+03    -0.5511     -0.644     -0.934    22.5673   997.6476 0.0000e+00
     -0.657 -1.167e-12     4.8073     79.679      3.756   3.561417    -0.6175      6.328    -8.8111 1.3759e+03    -0.4186     -0.644     -0.935    22.5298   997.6563 0.0000e+00
     -0.656 -1.061e-13     4.8129     79.723      3.473   3.290971    -0.6856      6.337    -5.7161 1.3814e+03    -0.3851     -0.644     -0.934    22.4955   997.6641 0.0000e+00
     -0.656 -9.646e-15     4.8230     79.757      3.273   3.098893    -0.7981      6.347    -0.1865 1.3826e+03    -0.3518     -0.643     -0.933    22.4648   997.6712 0.0000e+00
     -0.656 -8.842e-16     4.8319     79.778      3.117   2.949596    -0.8614      6.356     8.2296 1.3934e+03    -0.3594     -0.644     -0.934    22.4332   997.6784 0.0000e+00
     -0.656 -1.594e-16     4.8371     79.788      3.044   2.879611    -0.8690      6.360    12.4125 1.3937e+03    -0.3742     -0.643     -0.933    22.4020   997.6856 0.0000e+00
     -0.656 -9.990e-29     4.8432 -9.990e-29 -9.990e-29 -9.990e-29 -9.990e-29 -9.990e-29 -9.990e-29 1.3857e+03 -9.990e-29     -0.644     -0.934    22.3681   997.6933 0.0000e+00
     -0.656 -9.990e-29     4.8482 -9.990e-29 -9.990e-29 -9.990e-29 -9.990e-29 -9.990e-29 -9.990e-29 1.3787e+03 -9.990e-29     -0.644     -0.934    22.3376   997.7003 0.0000e+00
     -0.656 -9.990e-29     4.8524 -9.990e-29 -9.990e-29 -9.990e-29 -9.990e-29 -9.990e-29 -9.990e-29 1.3801e+03 -9.990e-29     -0.644     -0.934    22.3012   997.7086 0.0000e+00
     -0.656 -9.990e-29     4.8564 -9.990e-29 -9.990e-29 -9.990e-29 -9.990e-29 -9.990e-29 -9.990e-29 1.3829e+03 -9.990e-29     -0.644     -0.934    22.2755   997.7145 0.0000e+00
