Data/DataNotYetUploadedToEDI/Raw_CTD/RawDownloads/070218_fcr45.cnv
* Sea-Bird SBE19plus  Data File:
* FileName = C:\DATA\070218_fcr_0005.hex
* Software version 2.6.3.104
* Temperature SN = 7809
* Conductivity SN = 7809
* System UpLoad Time = Jul 03 2018 07:36:43
* <ApplicationData>
* <Seaterm232>
# nquan = 17
# nvalues = 528                         
# units = specified
# name 0 = depFM: Depth [fresh water, m]
# name 1 = tv290C: Temperature [ITS-90, deg C]
# name 2 = sbeox0Mg/L: Oxygen, SBE 43 [mg/l]
# name 3 = sbeox0PS: Oxygen, SBE 43 [% saturation]
# name 4 = c0uS/cm: Conductivity [uS/cm]
# name 5 = specc: Specific Conductance [uS/cm]
# name 6 = ph: pH
# name 7 = orp: Oxidation Reduction Potential [mV]
# name 8 = flECO-AFL: Fluorescence, WET Labs ECO-AFL/FL [mg/m^3]
# name 9 = turbWETntu0: Turbidity, WET Labs ECO [NTU]
# name 10 = sal00: Salinity, Practical [PSU]
# name 11 = dz/dtM: Descent Rate [m/s]
# name 12 = prdM: Pressure, Strain Gauge [db]
# name 13 = prdE: Pressure, Strain Gauge [psi]
# name 14 = scan: Scan Count
# name 15 = par/sat/log: PAR/Logarithmic, Satlantic
# name 16 = flag:  0.000e+00
# span 0 =     -0.523,      7.204       
# span 1 =    10.9400,    30.2453       
# span 2 =     2.1893,    12.1926       
# span 3 =     20.602,    139.917       
# span 4 =   2.097540,  37.307004       
# span 5 =      1.903,     45.911       
# span 6 =      6.224,      8.592       
# span 7 =   166.4842,  1240.2295       
# span 8 =    -0.8370,     6.7448       
# span 9 =    -0.5734,     4.8783       
# span 10 =     0.0136,     0.0245      
# span 11 =     -0.008,      0.203      
# span 12 =     -0.513,      7.064      
# span 13 =     -0.744,     10.246      
# span 14 =          1,        528      
# span 15 = 3.3442e-01, 2.8395e+03      
# span 16 = 0.0000e+00, 0.0000e+00      
# interval = seconds: 0.25
# start_time = Jul 02 2018 17:03:12 [Instrument's time stamp, header]
# bad_flag = -9.990e-29
*END*
[from data line 86]
      0.242    28.0517     6.5274     83.308  36.202490     34.102      8.105   186.0564     1.0352     1.1588     0.0241      0.058      0.237      0.344         87 5.7045e+02 0.0000e+00
      0.258    28.0332     6.4070     81.777  36.197209     34.105      8.103   186.2836     1.0069     0.8365     0.0241      0.060      0.252      0.366         88 6.4031e+02 0.0000e+00
      0.271    28.0061     6.3036     80.464  36.195230     34.111      8.101   186.3593     0.9867     0.8231     0.0241      0.062      0.267      0.388         89 6.8787e+02 0.0000e+00
      0.290    27.9838     6.2126     79.308  36.115984     34.044      8.102   186.7000     0.9867     0.8365     0.0240      0.065      0.286      0.416         90 7.3792e+02 0.0000e+00
      0.317    27.9735     6.1362     78.334  36.117888     34.062      8.103   187.6086     0.9826     0.8365     0.0240      0.070      0.310      0.449         91 6.9173e+02 0.0000e+00
      0.340    27.9595     6.0916     77.762  36.192872     34.156      8.103   188.4793     1.0433     1.0379     0.0241      0.072      0.332      0.481         92 6.2741e+02 0.0000e+00
      0.358    27.9450     6.0836     77.653  36.200628     34.161      8.103   189.8422     1.0554     0.9574     0.0241      0.073      0.351      0.509         93 5.7639e+02 0.0000e+00
      0.378    27.9369     6.1030     77.904  36.197218     34.171      8.103   190.9779     1.0271     1.0648     0.0241      0.076      0.369      0.535         94 5.2184e+02 0.0000e+00
      0.393    27.9341     6.1322     78.277  36.256440     34.233      8.101   191.1672     1.0635     1.0379     0.0241      0.078      0.386      0.559         95 5.2161e+02 0.0000e+00
      0.409    27.9357     6.1509     78.500  36.364202     34.344      8.099   191.2429     1.0878     1.0514     0.0241      0.078      0.401      0.581         96 5.2181e+02 0.0000e+00
      0.424    27.9381     6.1535     78.521  36.389358     34.372      8.101   191.7350     1.1323     1.1319     0.0241      0.076      0.416      0.603         97 5.5417e+02 0.0000e+00
      0.439    27.9417     6.1362     78.282  36.314111     34.292      8.102   192.4543     1.1161     0.9842     0.0241      0.071      0.430      0.624         98 5.6885e+02 0.0000e+00
      0.451    27.9466     6.1075     77.901  36.368869     34.343      8.102   193.0979     1.1403     1.1185     0.0241      0.065      0.442      0.641         99 5.6132e+02 0.0000e+00
      0.461    27.9502     6.0600     77.286  36.410187     34.393      8.101   193.2115     1.1161     1.0648     0.0242      0.060      0.452      0.656        100 5.6392e+02 0.0000e+00
      0.472    27.9520     5.9989     76.479  36.322006     34.285      8.102   193.6658     1.0392     0.9439     0.0241      0.056      0.464      0.673        101 5.6734e+02 0.0000e+00
      0.487    27.9495     5.9416     75.682  36.300654     34.282      8.103   194.0065     1.0635     0.9708     0.0241      0.053      0.481      0.697        102 5.7876e+02 0.0000e+00
      0.511    27.9443     5.8974     75.068  36.229149     34.202      8.103   194.3472     1.0473     1.0245     0.0241      0.054      0.503      0.729        103 5.7333e+02 0.0000e+00
      0.540    27.9473     5.8767     74.767  36.114410     34.098      8.101   194.9908     1.0312     1.0111     0.0240      0.059      0.528      0.765        104 5.6845e+02 0.0000e+00
      0.562    27.9464     5.8666     74.613  36.117205     34.102      8.103   195.5208     1.1161     0.9976     0.0240      0.065      0.550      0.797        105 5.8146e+02 0.0000e+00
      0.579    27.9359     5.8730     74.674  36.107040     34.100      8.102   195.8236     1.1161     1.0245     0.0240      0.071      0.568      0.824        106 5.7201e+02 0.0000e+00
      0.598    27.9264     5.8832     74.770  36.127060     34.100      8.102   196.4293     1.1080     0.9976     0.0240      0.077      0.585      0.849        107 5.5037e+02 0.0000e+00
      0.614    27.9148     5.8829     74.733  36.210925     34.213      8.111   196.2400     1.1282     1.0379     0.0241      0.080      0.603      0.875        108 5.3711e+02 0.0000e+00
      0.634    27.9034     5.8731     74.612  36.210284     34.192      8.129   197.0729     1.1970     1.0648     0.0241      0.081      0.621      0.901        109 5.4769e+02 0.0000e+00
      0.652    27.8967     5.8518     74.349  36.187178     34.200      8.151   197.1486     1.2010     1.0916     0.0241      0.079      0.639      0.927        110 5.5477e+02 0.0000e+00
      0.668    27.8746     5.8202     73.947  36.210026     34.207      8.177   196.9593     1.1646     1.0916     0.0241      0.075      0.657      0.953        111 5.6250e+02 0.0000e+00
      0.690    27.8280     5.7777     73.395  36.181857     34.212      8.203   197.1865     1.1767     1.0782     0.0241      0.072      0.678      0.983        112 5.6109e+02 0.0000e+00
      0.715    27.7870     5.7334     72.794  36.133267     34.145      8.226   197.6029     1.3385     1.1051     0.0240      0.073      0.701      1.017        113 5.4436e+02 0.0000e+00
      0.741    27.7603     5.6924     72.198  36.092557     34.177      8.245   197.5650     1.3102     1.1051     0.0240      0.077      0.726      1.054        114 5.5151e+02 0.0000e+00
      0.767    27.7404     5.6752     71.882  36.024930     34.097      8.262   198.0572     1.3142     1.0648     0.0240      0.082      0.751      1.090        115 5.4499e+02 0.0000e+00
      0.789    27.7247     5.6834     71.888  36.039498     34.168      8.275   198.5493     1.2940     1.1185     0.0240      0.086      0.773      1.121        116 5.4395e+02 0.0000e+00
      0.807    27.6989     5.7139     72.247  36.074444     34.180      8.291   198.7765     1.3102     1.0648     0.0240      0.088      0.792      1.149        117 5.4594e+02 0.0000e+00
      0.828    27.6761     5.7534     72.718  36.040768     34.191      8.306   199.1172     1.4355     1.0379     0.0240      0.090      0.812      1.177        118 5.1283e+02 0.0000e+00
      0.848    27.6768     5.7874     73.091  36.022100     34.154      8.322   199.2308     1.4517     1.1319     0.0240      0.089      0.829      1.203        119 4.9918e+02 0.0000e+00
      0.861    27.6837     5.7991     73.194  36.157004     34.329      8.337   199.0415     1.4477     0.9439     0.0241      0.085      0.844      1.224        120 5.0658e+02 0.0000e+00
      0.873    27.6827     5.7974     73.148  36.199132     34.354      8.353   198.0193     1.4396     1.0111     0.0241      0.078      0.856      1.242        121 4.9001e+02 0.0000e+00
      0.886    27.6738     5.7767     72.863  36.117965     34.270      8.369   197.5272     1.5649     1.0245     0.0240      0.071      0.869      1.262        122 4.7778e+02 0.0000e+00
      0.900    27.6423     5.7447     72.423  36.109721     34.271      8.385   198.3601     1.5771     1.0916     0.0240      0.065      0.884      1.282        123 4.8117e+02 0.0000e+00
      0.917    27.5859     5.7074     71.928  36.061101     34.224      8.400   198.3979     1.5568     0.9842     0.0240      0.061      0.902      1.307        124 4.6998e+02 0.0000e+00
      0.940    27.5080     5.6650     71.399  36.000530     34.190      8.419   197.1865     1.5447     1.0379     0.0240      0.061      0.924      1.339        125 4.6171e+02 0.0000e+00
      0.968    27.4357     5.6271     70.945  35.888536     34.122      8.433   198.1329     1.5487     1.0648     0.0240      0.064      0.951      1.377        126 4.6182e+02 0.0000e+00
      0.998    27.4104     5.5867     70.452  35.903924     34.171      8.446   198.7765     1.5528     1.0648     0.0240      0.071      0.977      1.415        127 4.6372e+02 0.0000e+00
      1.019    27.3894     5.5505     70.002  35.981418     34.328      8.460   198.9658     1.5771     1.1319     0.0240      0.079      0.998      1.447        128 4.5807e+02 0.0000e+00
      1.036    27.3466     5.5213     69.617  35.910759     34.235      8.474   199.1172     1.5771     1.0111     0.0240      0.085      1.016      1.473        129 4.4338e+02 0.0000e+00
      1.054    27.3123     5.5106     69.430  35.932557     34.303      8.488   199.3822     1.6943     1.0514     0.0240      0.088      1.032      1.497        130 4.3278e+02 0.0000e+00
      1.069    27.2930     5.5179     69.488  36.013619     34.384      8.503   199.6093     1.7024     0.9036     0.0240      0.087      1.047      1.518        131 4.1878e+02 0.0000e+00
      1.080    27.2752     5.5439     69.740  36.047163     34.460      8.517   199.2308     1.6943     1.1319     0.0240      0.082      1.058      1.535        132 4.1054e+02 0.0000e+00
      1.090    27.2474     5.5951     70.288  36.128095     34.526      8.525   199.3065     1.7145     1.1051     0.0241      0.073      1.066      1.547        133 4.0812e+02 0.0000e+00
      1.092    27.2281     5.6470     70.870  36.298470     34.725      8.531   199.3822     1.9491     1.2393     0.0241      0.060      1.070      1.552        134 4.0027e+02 0.0000e+00
      1.093    27.2323     5.6934     71.316  36.309679     34.744      8.542   199.4958     1.9572     1.2931     0.0241      0.048      1.073      1.556        135 3.9318e+02 0.0000e+00
      1.098    27.2505     5.7303     71.657  36.203132     34.650      8.551   199.4958     1.9733     1.3199     0.0241      0.038      1.078      1.564        136 3.8634e+02 0.0000e+00
      1.107    27.2632     5.7454     71.795  36.223464     34.674      8.560   199.7608     1.9652     1.1991     0.0241      0.031      1.087      1.576        137 3.7848e+02 0.0000e+00
      1.118    27.2691     5.7386     71.688  36.195400     34.635      8.567   199.4579     1.9814     1.3602     0.0241      0.027      1.097      1.590        138 3.7250e+02 0.0000e+00
      1.129    27.2538     5.7183     71.385  36.119418     34.546      8.575   199.3443     2.0259     1.2259     0.0241      0.026      1.110      1.609        139 3.6670e+02 0.0000e+00
      1.148    27.2150     5.6998     71.095  35.932459     34.382      8.582   199.2686     2.0138     1.3333     0.0240      0.030      1.127      1.635        140 3.5600e+02 0.0000e+00
      1.172    27.1847     5.6760     70.737  35.805245     34.230      8.583   199.2686     2.0178     1.3199     0.0239      0.038      1.148      1.666        141 3.4991e+02 0.0000e+00
      1.192    27.1248     5.6727     70.589  35.832871     34.338      8.587   199.0036     2.0259     1.2125     0.0240      0.050      1.170      1.697        142 3.4380e+02 0.0000e+00
      1.217    27.0516     5.7107     70.930  35.749805     34.222      8.589   199.0036     2.1634     1.1051     0.0239      0.061      1.193      1.730        143 3.3093e+02 0.0000e+00
      1.240    26.9909     5.7978     71.898  35.760350     34.316      8.591   199.7229     2.1553     0.9574     0.0239      0.071      1.215      1.762        144 3.2154e+02 0.0000e+00
      1.258    26.8897     5.9269     73.370  35.730801     34.312      8.592   200.0258     2.1917     1.0916     0.0239      0.078      1.235      1.792        145 3.1364e+02 0.0000e+00
      1.281    26.7941     6.0604     74.975  35.638322     34.268      8.590   200.5179     2.1634     1.0648     0.0239      0.083      1.255      1.822        146 3.0394e+02 0.0000e+00
      1.302    26.7547     6.1642     76.299  35.638215     34.338      8.591   201.3129     2.1755     1.0379     0.0239      0.086      1.275      1.849        147 2.9574e+02 0.0000e+00
      1.317    26.7359     6.2184     77.022  35.701322     34.455      8.590   201.5779     2.1472     1.0648     0.0239      0.084      1.290      1.872        148 2.8967e+02 0.0000e+00
      1.330    26.6990     6.2273     77.151  35.767431     34.562      8.591   201.5022     2.1229     1.0782     0.0239      0.080      1.304      1.892        149 2.8295e+02 0.0000e+00
      1.345    26.6524     6.2077     76.890  35.733914     34.519      8.589   201.8051     2.1512     1.0916     0.0239      0.075      1.318      1.912        150 2.8147e+02 0.0000e+00
      1.357    26.6044     6.1581     76.211  35.772704     34.599      8.586   201.5022     2.2928     1.3333     0.0239      0.069      1.331      1.931        151 2.8065e+02 0.0000e+00
      1.371    26.5199     6.0987     75.365  35.719173     34.576      8.585   201.6536     2.2766     1.3065     0.0239      0.064      1.346      1.952        152 2.7864e+02 0.0000e+00
      1.390    26.4195     6.0486     74.665  35.592950     34.472      8.582   201.8808     2.2968     1.2931     0.0239      0.061      1.367      1.982        153 2.7898e+02 0.0000e+00
      1.420    26.3279     6.0069     74.088  35.514608     34.474      8.569   202.3729     2.3049     1.2662     0.0238      0.063      1.393      2.019        154 2.7536e+02 0.0000e+00
      1.448    26.2354     5.9926     73.818  35.371847     34.381      8.561   203.2815     2.6365     1.2662     0.0238      0.068      1.419      2.057        155 2.7459e+02 0.0000e+00
      1.472    26.1984     6.0309     74.172  35.414773     34.494      8.549   203.6601     2.6284     1.2931     0.0238      0.076      1.442      2.092        156 2.7816e+02 0.0000e+00
      1.492    26.2277     6.1217     75.179  35.401918     34.559      8.537   203.1679     2.6041     1.1991     0.0238      0.082      1.461      2.120        157 2.7851e+02 0.0000e+00
      1.506    26.2642     6.2248     76.390  35.387882     34.528      8.527   203.5844     2.6244     1.2125     0.0238      0.085      1.476      2.141        158 2.8133e+02 0.0000e+00
      1.518    26.2772     6.3118     77.417  35.610203     34.781      8.514   203.7358     2.5920     1.2528     0.0239      0.085      1.488      2.158        159 2.8670e+02 0.0000e+00
      1.528    26.2645     6.3531     77.913  35.659071     34.756      8.509   203.9251     2.7942     1.3602     0.0239      0.080      1.499      2.174        160 2.8318e+02 0.0000e+00
      1.540    26.2167     6.3582     77.941  35.564312     34.692      8.501   203.9251     2.7982     1.2662     0.0239      0.072      1.512      2.192        161 2.7994e+02 0.0000e+00
      1.556    26.1378     6.3365     77.630  35.490862     34.592      8.495   204.3794     2.7821     1.1856     0.0238      0.063      1.527      2.214        162 2.8106e+02 0.0000e+00
      1.574    26.0774     6.2827     76.936  35.453911     34.624      8.487   204.7579     2.7821     1.2125     0.0238      0.057      1.542      2.238        163 2.7322e+02 0.0000e+00
      1.588    26.0301     6.2135     76.059  35.432375     34.624      8.474   204.7958     2.8831     1.4408     0.0238      0.055      1.557      2.259        164 2.6350e+02 0.0000e+00
      1.601    25.9615     6.1285     74.994  35.458382     34.719      8.465   204.9094     2.8670     1.5348     0.0238      0.054      1.573      2.283        165 2.5521e+02 0.0000e+00
      1.624    25.8725     6.0581     74.092  35.302949     34.586      8.455   205.0608     2.8710     1.5750     0.0238      0.057      1.595      2.314        166 2.4557e+02 0.0000e+00
      1.654    25.7961     6.0048     73.363  35.062350     34.387      8.444   205.8179     2.8589     1.4810     0.0237      0.065      1.622      2.352        167 2.3741e+02 0.0000e+00
      1.682    25.7524     5.9923     73.111  35.046065     34.446      8.431   206.1208     3.4007     1.5348     0.0237      0.073      1.647      2.389        168 2.2995e+02 0.0000e+00
      1.702    25.7270     6.0195     73.318  35.056340     34.500      8.418   206.7265     3.3805     1.5348     0.0237      0.080      1.668      2.419        169 2.2514e+02 0.0000e+00
      1.719    25.7163     6.0800     73.873  35.108911     34.583      8.407   207.0294     3.3724     1.5348     0.0237      0.083      1.685      2.443        170 2.2113e+02 0.0000e+00
