Data/DataNotYetUploadedToEDI/Raw_CTD/RawDownloads/070218_fcr50.cnv
* Sea-Bird SBE19plus  Data File:
* FileName = C:\DATA\070218_fcr_0001.hex
* Software version 2.6.3.104
* Temperature SN = 7809
* Conductivity SN = 7809
* System UpLoad Time = Jul 03 2018 07:35:38
* <ApplicationData>
* <Seaterm232>
# nquan = 17
# nvalues = 572                         
# units = specified
# name 0 = depFM: Depth [fresh water, m]
# name 1 = tv290C: Temperature [ITS-90, deg C]
# name 2 = sbeox0Mg/L: Oxygen, SBE 43 [mg/l]
# name 3 = sbeox0PS: Oxygen, SBE 43 [% saturation]
# name 4 = c0uS/cm: Conductivity [uS/cm]
# name 5 = specc: Specific Conductance [uS/cm]
# name 6 = ph: pH
# name 7 = orp: Oxidation Reduction Potential [mV]
# name 8 = flECO-AFL: Fluorescence, WET Labs ECO-AFL/FL [mg/m^3]
# name 9 = turbWETntu0: Turbidity, WET Labs ECO [NTU]
# name 10 = sal00: Salinity, Practical [PSU]
# name 11 = dz/dtM: Descent Rate [m/s]
# name 12 = prdM: Pressure, Strain Gauge [db]
# name 13 = prdE: Pressure, Strain Gauge [psi]
# name 14 = scan: Scan Count
# name 15 = par/sat/log: PAR/Logarithmic, Satlantic
# name 16 = flag:  0.000e+00
# span 0 =     -0.523,      9.711       
# span 1 =    11.0320,    30.1442       
# span 2 =     2.9515,    10.7642       
# span 3 =     27.641,    126.459       
# span 4 =   1.483295,  37.968103       
# span 5 =      1.322,     46.214       
# span 6 =      6.098,      8.347       
# span 7 = -1240.7455,   332.2990       
# span 8 =    -0.7197,    12.2725       
# span 9 =    -3.6619,    20.6293       
# span 10 =     0.0135,     0.0247      
# span 11 =     -0.071,      0.237      
# span 12 =     -0.513,      9.521      
# span 13 =     -0.743,     13.810      
# span 14 =          1,        572      
# span 15 = 1.2065e-01, 2.1752e+03      
# span 16 = 0.0000e+00, 0.0000e+00      
# interval = seconds: 0.25
# start_time = Jul 02 2018 13:56:46 [Instrument's time stamp, header]
# bad_flag = -9.990e-29
*END*
[from data line 86]
      0.138    27.5956     6.3280     80.343  37.562415     35.715      7.753   261.3924     1.4436     0.8365     0.0246     -0.004      0.136      0.197         87 1.1643e+03 0.0000e+00
      0.139    27.6018     6.2784     79.717  37.547664     35.686      7.750   261.1652     1.3061     0.8231     0.0246     -0.003      0.136      0.198         88 1.1920e+03 0.0000e+00
      0.139    27.6070     6.2258     79.057  37.617705     35.762      7.754   261.0138     1.3223     0.8097     0.0246     -0.002      0.136      0.198         89 1.1981e+03 0.0000e+00
      0.140    27.6107     6.1702     78.357  37.682868     35.811      7.752   261.5817     1.2697     0.7828     0.0246     -0.000      0.137      0.199         90 1.2187e+03 0.0000e+00
      0.141    27.6154     6.1057     77.544  37.674188     35.808      7.751   261.5059     1.2980     0.7425     0.0246      0.001      0.138      0.201         91 1.2637e+03 0.0000e+00
      0.141    27.6207     6.0485     76.826  37.687827     35.805      7.752   263.0202     1.3830     0.8231     0.0246      0.001      0.139      0.201         92 1.2761e+03 0.0000e+00
      0.141    27.6257     5.9891     76.079  37.725216     35.855      7.754   262.6417     1.3668     0.8768     0.0247      0.002      0.139      0.201         93 1.3069e+03 0.0000e+00
      0.142    27.6303     5.9347     75.396  37.686977     35.798      7.759   263.4745     1.3668     0.7291     0.0246      0.002      0.139      0.202         94 1.2406e+03 0.0000e+00
      0.142    27.6343     5.8786     74.692  37.676090     35.795      7.763   263.2095     1.3385     0.8499     0.0246      0.002      0.139      0.202         95 1.2189e+03 0.0000e+00
      0.143    27.6388     5.8173     73.921  37.738761     35.845      7.766   263.0960     1.3749     0.7828     0.0247      0.002      0.140      0.203         96 1.2625e+03 0.0000e+00
      0.143    27.6431     5.7632     73.241  37.786945     35.895      7.769   262.5659     1.4436     0.8499     0.0247      0.002      0.140      0.204         97 1.2552e+03 0.0000e+00
      0.144    27.6469     5.7115     72.590  37.794088     35.892      7.770   263.7774     1.4355     0.8902     0.0247      0.002      0.141      0.205         98 1.2625e+03 0.0000e+00
      0.145    27.6516     5.6655     72.010  37.729871     35.836      7.769   264.3074     1.4113     0.7828     0.0247      0.002      0.142      0.206         99 1.2510e+03 0.0000e+00
      0.145    27.6563     5.6169     71.398  37.748218     35.834      7.762   264.6860     1.4436     0.7962     0.0247      0.002      0.142      0.207        100 1.2361e+03 0.0000e+00
      0.146    27.6612     5.5808     70.945  37.771253     35.883      7.760   264.5724     1.4881     0.8902     0.0247      0.002      0.143      0.208        101 1.2638e+03 0.0000e+00
      0.147    27.6667     5.5341     70.356  37.760522     35.827      7.756   264.8374     1.5124     0.8097     0.0247      0.002      0.144      0.209        102 1.2451e+03 0.0000e+00
      0.147    27.6722     5.4933     69.841  37.820891     35.930      7.754   265.4431     1.4921     0.8365     0.0247      0.003      0.144      0.209        103 1.2006e+03 0.0000e+00
      0.147    27.6784     5.4595     69.416  37.814765     35.873      7.754   266.2002     1.4881     0.8768     0.0247      0.002      0.144      0.210        104 1.2118e+03 0.0000e+00
      0.148    27.6847     5.4226     68.952  37.827465     35.923      7.752   266.1245     1.5043     0.7962     0.0247      0.002      0.145      0.211        105 1.2399e+03 0.0000e+00
      0.148    27.6905     5.3932     68.583  37.864406     35.918      7.750   266.4652     1.4962     0.9036     0.0247      0.002      0.145      0.211        106 1.2174e+03 0.0000e+00
      0.149    27.6960     5.3580     68.142  37.887432     35.967      7.752   266.8438     1.4962     0.7559     0.0247      0.002      0.146      0.212        107 1.1739e+03 0.0000e+00
      0.149    27.7008     5.3306     67.798  37.858128     35.910      7.752   265.4052     1.4962     0.8097     0.0247      0.002      0.146      0.212        108 1.2429e+03 0.0000e+00
      0.150    27.7052     5.3114     67.559  37.841551     35.906      7.754   266.0488     1.5447     0.8097     0.0247      0.002      0.147      0.213        109 1.2596e+03 0.0000e+00
      0.150    27.7095     5.2999     67.419  37.908058     35.956      7.758   266.2760     1.5730     0.7962     0.0247      0.002      0.147      0.214        110 1.2484e+03 0.0000e+00
      0.151    27.7136     5.2958     67.368  37.894000     35.953      7.758   265.8595     1.5609     0.8365     0.0247      0.002      0.148      0.215        111 1.2378e+03 0.0000e+00
      0.152    27.7174     5.3056     67.493  37.859044     35.897      7.757   267.2602     1.5892     0.7828     0.0247      0.002      0.149      0.216        112 1.2259e+03 0.0000e+00
      0.153    27.7210     5.3350     67.883  37.892236     35.947      7.750   267.6767     1.5487     0.7425     0.0247      0.002      0.150      0.217        113 1.2410e+03 0.0000e+00
      0.153    27.7248     5.3762     68.419  37.912012     35.945      7.740   266.3517     1.6822     0.8365     0.0247      0.002      0.150      0.217        114 1.2417e+03 0.0000e+00
      0.153    27.7291     5.4052     68.794  37.893753     35.942      7.728   266.5410     1.7145     0.8365     0.0247      0.002      0.150      0.218        115 1.2465e+03 0.0000e+00
      0.154    27.7330     5.4292     69.103  37.914958     35.940      7.720   266.5410     1.6984     0.9305     0.0247      0.002      0.150      0.218        116 1.2534e+03 0.0000e+00
      0.153    27.7376     5.4373     69.209  37.944943     35.990      7.712   267.2981     1.6984     0.8231     0.0247      0.002      0.150      0.218        117 1.2405e+03 0.0000e+00
      0.153    27.7420     5.4327     69.157  37.915757     35.934      7.702   267.0710     1.6862     0.7425     0.0247      0.001      0.149      0.217        118 1.2443e+03 0.0000e+00
      0.150    27.7462     5.4162     68.955  37.951277     35.984      7.694   267.5631     1.6862     0.8097     0.0247      0.000      0.147      0.213        119 1.2494e+03 0.0000e+00
      0.145    27.7519     5.4029     68.791  37.960058     35.981      7.688   267.6767     1.6903     0.8097     0.0247     -0.002      0.143      0.208        120 1.1954e+03 0.0000e+00
      0.143    27.7524     5.3901     68.637  37.904827     35.925      7.690   267.8660     1.6984     0.8902     0.0247     -0.005      0.139      0.201        121 1.1515e+03 0.0000e+00
      0.134    27.7541     5.3840     68.568  37.901366     35.921      7.694   267.1467     1.6620     0.7828     0.0247     -0.008      0.129      0.187        122 8.7124e+02 0.0000e+00
      0.116    27.7655     5.3815     68.547  37.845720     35.868      7.725   266.3138     1.6943     0.7828     0.0247     -0.016      0.116      0.168        123 4.6283e+02 0.0000e+00
      0.106    27.7756     5.3826     68.571  37.855432     35.867      7.754   266.0110     1.7064     0.7962     0.0247     -0.023      0.105      0.153        124 5.0168e+02 0.0000e+00
      0.100    27.7812     5.3740     68.460  37.889276     35.912      7.778   267.7903     1.6943     0.8499     0.0247     -0.029      0.099      0.143        125 6.1882e+02 0.0000e+00
      0.095    27.7841     5.3545     68.205  37.862918     35.852      7.792   267.4117     1.4234     0.8231     0.0247     -0.032      0.094      0.136        126 6.3876e+02 0.0000e+00
      0.094    27.7859     5.3321     67.920  37.828907     35.848      7.799   267.0710     1.4396     0.7559     0.0247     -0.032      0.093      0.134        127 7.4076e+02 0.0000e+00
      0.095    27.7915     5.3020     67.546  37.812957     35.793      7.803   267.7524     1.4355     0.8097     0.0247     -0.029      0.091      0.132        128 8.8465e+02 0.0000e+00
      0.089    27.7982     5.2666     67.104  37.882768     35.898      7.793   267.2981     1.4557     0.8097     0.0247     -0.025      0.085      0.123        129 1.1832e+03 0.0000e+00
      0.077    27.8027     5.2388     66.747  37.919991     35.894      7.774   268.8124     1.3830     0.9171     0.0247     -0.022      0.075      0.108        130 1.3980e+03 0.0000e+00
      0.063    27.8092     5.2299     66.633  37.885273     35.889      7.774   267.9038     1.3910     0.8231     0.0247     -0.021      0.062      0.090        131 1.5668e+03 0.0000e+00
      0.051    27.8172     5.2353     66.713  37.866650     35.834      7.785   268.2445     1.3385     0.7828     0.0247     -0.024      0.050      0.072        132 1.6170e+03 0.0000e+00
      0.039    27.8260     5.2516     66.926  37.883843     35.882      7.789   267.6010     1.3506     0.7828     0.0247     -0.030      0.040      0.057        133 1.5977e+03 0.0000e+00
      0.031    27.8331     5.2585     67.013  37.863874     35.824      7.796   266.8817     1.6296     0.7962     0.0247     -0.035      0.033      0.047        134 1.6122e+03 0.0000e+00
      0.030    27.8330     5.2643     67.082  37.891497     35.871      7.801   267.1845     1.6377     0.8768     0.0247     -0.037      0.031      0.044        135 1.6051e+03 0.0000e+00
      0.032    27.8280     5.2558     66.968  37.968103     35.919      7.807   267.6010     1.6377     0.8499     0.0247     -0.036      0.032      0.046        136 1.6106e+03 0.0000e+00
      0.036    27.8281     5.2428     66.793  37.946500     35.919      7.813   268.2445     1.6256     0.8365     0.0247     -0.028      0.034      0.049        137 1.6200e+03 0.0000e+00
      0.036    27.8359     5.2217     66.509  37.918383     35.870      7.815   268.5853     1.6175     0.7694     0.0247     -0.019      0.034      0.049        138 1.6034e+03 0.0000e+00
      0.031    27.8430     5.2004     66.220  37.943773     35.922      7.800   268.7745     1.6094     0.7828     0.0247     -0.012      0.030      0.043        139 1.6256e+03 0.0000e+00
      0.026    27.8413     5.1631     65.727  37.914901     35.864      7.785   269.4560     1.6337     0.7694     0.0247     -0.007      0.023      0.033        140 1.2537e+03 0.0000e+00
      0.013    27.8409     5.1442     65.469  37.894990     35.859      7.764   266.2760     1.6377     0.8499     0.0247     -0.007      0.012      0.017        141 5.3043e+02 0.0000e+00
     -0.004    27.8494     5.1310     65.286  37.849907     35.807      7.779   266.1245     1.6134     0.7694     0.0247     -0.014     -0.001     -0.001        142 3.5442e+02 0.0000e+00
     -0.010    27.8541     5.1189     65.121  37.793041     35.755      7.790   265.7838     1.2819     0.8365     0.0247     -0.021     -0.008     -0.012        143 8.2319e+02 0.0000e+00
     -0.010    27.8527     5.1090     64.983  37.847114     35.802      7.804   267.1088     1.2980     0.8231     0.0247     -0.026     -0.010     -0.015        144 1.4768e+03 0.0000e+00
     -0.011    27.8496     5.1054     64.924  37.901255     35.852      7.815   266.8438     1.3142     0.7291     0.0247     -0.029     -0.010     -0.015        145 1.6262e+03 0.0000e+00
     -0.011    27.8445     5.1024     64.876  37.903626     35.853      7.824   266.8438     1.2900     0.8365     0.0247     -0.027     -0.010     -0.015        146 1.5824e+03 0.0000e+00
     -0.012    27.8358     5.1086     64.945  37.903483     35.855      7.836   264.4967     1.0999     0.7425     0.0247     -0.022     -0.011     -0.015        147 1.6219e+03 0.0000e+00
     -0.011    27.8230     5.1163     65.037  37.901434     35.858      7.846   264.6481     1.1080     0.7828     0.0247     -0.015     -0.011     -0.015        148 1.6050e+03 0.0000e+00
     -0.010    27.8081     5.1196     65.069  37.906180     35.864      7.853   264.6481     1.1282     0.8768     0.0247     -0.008     -0.011     -0.015        149 1.6246e+03 0.0000e+00
     -0.011    27.7924     5.1396     65.310  37.897582     35.873      7.858   264.5724     1.1161     0.7828     0.0247     -0.002     -0.011     -0.015        150 1.6238e+03 0.0000e+00
     -0.011    27.7782     5.1694     65.678  37.912141     35.883      7.861   265.4810     1.1525     0.8499     0.0247     -0.000     -0.011     -0.015        151 1.6364e+03 0.0000e+00
     -0.010    27.7660     5.2056     66.127  37.947391     35.947      7.864   265.4431     1.1727     0.7828     0.0247      0.000     -0.010     -0.014        152 1.6415e+03 0.0000e+00
     -0.010    27.7551     5.2587     66.793  37.913042     35.903      7.866   265.4810     1.1403     0.8097     0.0247      0.000     -0.010     -0.014        153 1.6492e+03 0.0000e+00
     -0.009    27.7442     5.2961     67.263  37.895574     35.912      7.869   265.5945     1.1808     0.8231     0.0247      0.001     -0.009     -0.013        154 1.6512e+03 0.0000e+00
     -0.007    27.7341     5.3383     67.793  37.909817     35.919      7.873   265.8217     1.1767     0.7559     0.0247      0.002     -0.007     -0.010        155 1.6565e+03 0.0000e+00
     -0.004    27.7246     5.3739     68.243  37.895323     35.927      7.877   264.7617     1.1606     0.6888     0.0247      0.003     -0.004     -0.005        156 1.6574e+03 0.0000e+00
      0.000    27.7167     5.3997     68.579  37.913617     35.933      7.880   264.4210     1.1767     0.9305     0.0247      0.005      0.000      0.001        157 1.6532e+03 0.0000e+00
      0.004    27.7114     5.4069     68.744  37.946378     35.993      7.883   268.5474     1.2050     0.8097     0.0247      0.007      0.004      0.006        158 1.6430e+03 0.0000e+00
      0.008    27.7028     5.4526     69.488  37.913878     35.945      7.887   267.7524     1.1727     0.7425     0.0247      0.009      0.009      0.013        159 1.6429e+03 0.0000e+00
      0.015    27.6918     5.6308     71.853  37.894743     35.949      7.887   267.6767     1.1444     1.0245     0.0247      0.012      0.016      0.023        160 1.6264e+03 0.0000e+00
      0.025    27.6824     5.9129     75.486  37.851551     35.902      7.883   266.1624     1.1767     1.0379     0.0247      0.016      0.024      0.035        161 1.6398e+03 0.0000e+00
      0.033    27.6735     6.2532     79.792  37.848991     35.909      7.877   266.1245     1.1484     1.0111     0.0247      0.020      0.033      0.048        162 1.6101e+03 0.0000e+00
      0.043    27.6663     6.5316     83.268  37.838613     35.915      7.873   268.9638     1.1646     1.1185     0.0247      0.024      0.042      0.061        163 1.6454e+03 0.0000e+00
      0.052    27.6620     6.7419     85.862  37.805150     35.869      7.869   268.6231     1.1808     0.8499     0.0247      0.028      0.051      0.074        164 1.6621e+03 0.0000e+00
      0.062    27.6565     6.8855     87.603  37.831318     35.927      7.868   268.6988     1.1767     0.7828     0.0247      0.031      0.061      0.088        165 1.3701e+03 0.0000e+00
      0.072    27.6551     6.9897     88.852  37.806051     35.876      7.871   268.2445     1.1929     0.8634     0.0247      0.034      0.070      0.102        166 1.2795e+03 0.0000e+00
      0.082    27.6611     7.0218     89.199  37.777276     35.880      7.866   268.8124     1.1767     0.8768     0.0247      0.036      0.074      0.108        167 1.5390e+03 0.0000e+00
      0.077    27.7267     6.9688     88.470  37.807810     35.882      7.832   268.8124     1.2050     0.8768     0.0247      0.034      0.064      0.093        168 1.6605e+03 0.0000e+00
      0.037    27.8505     6.8530     86.961  37.827374     35.930      7.839   267.2602     1.1929     0.8097     0.0247      0.018      0.032      0.046        169 1.5878e+03 0.0000e+00
     -0.016    27.9295     6.7090     85.104  37.752919     35.782      7.844   266.9195     1.1848     0.8365     0.0247     -0.009     -0.007     -0.011        170 1.5211e+03 0.0000e+00
