Data/DataNotYetUploadedToEDI/Raw_CTD/RawDownloads/070218_fcr30.cnv
* Sea-Bird SBE19plus  Data File:
* FileName = C:\DATA\070218_fcr_0004.hex
* Software version 2.6.3.104
* Temperature SN = 7809
* Conductivity SN = 7809
* System UpLoad Time = Jul 03 2018 07:36:24
* <ApplicationData>
* <Seaterm232>
# nquan = 17
# nvalues = 510                         
# units = specified
# name 0 = depFM: Depth [fresh water, m]
# name 1 = tv290C: Temperature [ITS-90, deg C]
# name 2 = sbeox0Mg/L: Oxygen, SBE 43 [mg/l]
# name 3 = sbeox0PS: Oxygen, SBE 43 [% saturation]
# name 4 = c0uS/cm: Conductivity [uS/cm]
# name 5 = specc: Specific Conductance [uS/cm]
# name 6 = ph: pH
# name 7 = orp: Oxidation Reduction Potential [mV]
# name 8 = flECO-AFL: Fluorescence, WET Labs ECO-AFL/FL [mg/m^3]
# name 9 = turbWETntu0: Turbidity, WET Labs ECO [NTU]
# name 10 = sal00: Salinity, Practical [PSU]
# name 11 = dz/dtM: Descent Rate [m/s]
# name 12 = prdM: Pressure, Strain Gauge [db]
# name 13 = prdE: Pressure, Strain Gauge [psi]
# name 14 = scan: Scan Count
# name 15 = par/sat/log: PAR/Logarithmic, Satlantic
# name 16 = flag:  0.000e+00
# span 0 =     -0.520,      5.424       
# span 1 =    10.9753,    28.8744       
# span 2 =     0.0000,    11.5001       
# span 3 =      0.000,    129.821       
# span 4 =   1.093114,  38.371677       
# span 5 =      1.019,     50.772       
# span 6 =      5.888,      8.395       
# span 7 = -1240.7455,  1240.2295       
# span 8 =    -0.7763,     7.3109       
# span 9 =    -0.8151,    52.9235       
# span 10 =     0.0131,     0.0264      
# span 11 =     -0.132,      0.216      
# span 12 =     -0.509,      5.318      
# span 13 =     -0.739,      7.714      
# span 14 =          1,        510      
# span 15 = 4.7599e+00, 2.7648e+03      
# span 16 = 0.0000e+00, 0.0000e+00      
# interval = seconds: 0.25
# start_time = Jul 02 2018 16:41:20 [Instrument's time stamp, header]
# bad_flag = -9.990e-29
*END*
[from data line 341]
      2.549    19.0963     7.1324     75.173  31.490881     35.488      7.680   252.5338     4.9414     1.5482     0.0222      0.084      2.500      3.626        342 7.0104e+01 0.0000e+00
      2.576    18.9730     6.9891     73.466  31.552245     35.681      7.663   252.9881     4.9656     1.3871     0.0222      0.082      2.526      3.664        343 6.9371e+01 0.0000e+00
      2.602    18.8601     6.8497     71.934  31.675042     35.908      7.647   253.3666     4.3874     1.2931     0.0223      0.084      2.553      3.702        344 6.7245e+01 0.0000e+00
      2.630    18.7678     6.7178     70.470  31.723599     36.072      7.627   253.7831     4.4278     1.2259     0.0223      0.088      2.579      3.740        345 6.5459e+01 0.0000e+00
      2.655    18.6386     6.5933     69.023  31.729090     36.167      7.615   254.4266     4.4076     1.2125     0.0223      0.092      2.604      3.778        346 6.4175e+01 0.0000e+00
      2.683    18.4795     6.4767     67.644  31.786868     36.304      7.595   254.4645     4.3874     1.1856     0.0224      0.098      2.629      3.814        347 6.3041e+01 0.0000e+00
      2.704    18.3445     6.3702     66.325  31.859312     36.508      7.582   255.3731     4.3833     1.1991     0.0224      0.101      2.651      3.845        348 6.2146e+01 0.0000e+00
      2.722    18.2256     6.2894     65.263  31.846558     36.612      7.571   255.6002     3.6434     1.1319     0.0224      0.100      2.669      3.870        349 6.1241e+01 0.0000e+00
      2.738    18.1081     6.2259     64.431  31.921414     36.821      7.559   255.4109     3.6393     1.0379     0.0224      0.095      2.685      3.895        350 6.1575e+01 0.0000e+00
      2.754    18.0026     6.1703     63.741  32.033094     37.052      7.547   256.2438     3.6312     0.9574     0.0225      0.088      2.703      3.921        351 6.1371e+01 0.0000e+00
      2.779    17.8829     6.0986     62.901  31.974507     37.087      7.536   256.9252     3.6070     1.0782     0.0225      0.084      2.726      3.954        352 6.0022e+01 0.0000e+00
      2.806    17.7610     6.0336     62.135  31.994376     37.180      7.517   257.8338     3.4493     0.7559     0.0225      0.082      2.751      3.990        353 5.8838e+01 0.0000e+00
      2.830    17.7088     5.9439     61.120  32.097376     37.443      7.499   258.2502     3.4452     0.8097     0.0225      0.082      2.775      4.025        354 5.7657e+01 0.0000e+00
      2.853    17.6566     5.8636     60.201  32.053949     37.459      7.487   258.6288     3.4452     0.8097     0.0225      0.083      2.797      4.056        355 5.6440e+01 0.0000e+00
      2.870    17.5583     5.7754     59.201  32.078121     37.564      7.470   259.0074     3.4210     0.8365     0.0225      0.085      2.813      4.081        356 5.5590e+01 0.0000e+00
      2.882    17.4441     5.6814     58.120  32.096979     37.611      7.461   258.9695     3.1622     0.8097     0.0225      0.084      2.828      4.101        357 5.4572e+01 0.0000e+00
      2.899    17.2948     5.5876     57.041  32.089814     37.699      7.453   259.3102     3.1783     0.7694     0.0225      0.082      2.844      4.125        358 5.3754e+01 0.0000e+00
      2.920    17.1328     5.4957     56.032  32.146383     37.865      7.441   259.1209     3.1783     0.7559     0.0226      0.079      2.865      4.155        359 5.3232e+01 0.0000e+00
      2.946    17.0051     5.4033     54.983  32.174900     38.032      7.428   259.6131     3.1783     0.7828     0.0226      0.077      2.887      4.187        360 5.2663e+01 0.0000e+00
      2.964    16.9175     5.2861     53.663  32.143352     38.146      7.414   260.2567     2.9640     0.8365     0.0226      0.075      2.905      4.214        361 5.2724e+01 0.0000e+00
      2.978    16.8432     5.1541     52.239  32.156058     38.262      7.405   260.5974     2.9883     0.8768     0.0226      0.073      2.920      4.235        362 5.3094e+01 0.0000e+00
      2.991    16.7696     4.9420     50.054  32.188796     38.408      7.394   260.9381     2.9842     0.8902     0.0226      0.071      2.934      4.255        363 5.3427e+01 0.0000e+00
      3.006    16.6981     4.6102     46.668  32.161959     38.410      7.383   261.2409     2.9721     0.8365     0.0226      0.070      2.949      4.278        364 5.3463e+01 0.0000e+00
      3.026    16.6247     4.2015     42.478  32.189491     38.545      7.371   261.5438     3.0085     0.7828     0.0226      0.070      2.968      4.305        365 5.3317e+01 0.0000e+00
      3.048    16.5487     3.7212     37.527  32.243526     38.644      7.356   261.9224     2.9842     0.8231     0.0226      0.069      2.988      4.334        366 5.3288e+01 0.0000e+00
      3.066    16.4510     3.2937     33.106  32.302321     38.813      7.346   262.2631     2.9802     0.7425     0.0227      0.068      3.007      4.360        367 5.3143e+01 0.0000e+00
      3.084    16.3555     2.9175     29.247  32.412892     38.985      7.336   261.9981     2.9802     0.7962     0.0227      0.068      3.024      4.385        368 5.3056e+01 0.0000e+00
      3.099    16.2915     2.6044     26.039  32.432151     39.143      7.321   262.0738     2.9802     0.7291     0.0228      0.069      3.039      4.408        369 5.2846e+01 0.0000e+00
      3.115    16.2013     2.3681     23.635  32.782512     39.575      7.312   262.3767     2.7982     0.7559     0.0229      0.070      3.055      4.431        370 5.2369e+01 0.0000e+00
      3.132    16.0893     2.1687     21.615  33.696887     40.850      7.300   262.6795     2.7901     0.8365     0.0234      0.070      3.071      4.454        371 5.2024e+01 0.0000e+00
      3.148    16.0140     1.9547     19.444  33.963222     41.213      7.290   263.3610     2.7780     0.7828     0.0235      0.069      3.086      4.477        372 5.1611e+01 0.0000e+00
      3.163    15.9803     1.7438     17.332  33.755938     41.053      7.276   263.2852     2.7901     0.7828     0.0234      0.066      3.101      4.498        373 5.1079e+01 0.0000e+00
      3.177    15.9538     1.5273     15.168  33.717647     41.129      7.263   264.0424     2.5637     0.8499     0.0234      0.063      3.115      4.518        374 5.0755e+01 0.0000e+00
      3.191    15.8957     1.3071     12.963  33.714348     41.094      7.250   264.8374     2.6001     0.7291     0.0234      0.061      3.130      4.540        375 5.0414e+01 0.0000e+00
      3.208    15.7744     1.1305     11.188  33.789718     41.290      7.234   265.4810     2.5960     0.8097     0.0235      0.061      3.148      4.565        376 4.9641e+01 0.0000e+00
      3.231    15.6242     1.0125     10.005  33.861115     41.349      7.214   266.1245     2.6244     0.7694     0.0235      0.062      3.168      4.595        377 4.8729e+01 0.0000e+00
      3.254    15.4963     0.9722      9.594  34.277965     42.053      7.194   266.6167     2.7780     0.8365     0.0238      0.065      3.191      4.629        378 4.7930e+01 0.0000e+00
      3.279    15.3743     1.0478     10.322  34.961442     43.005      7.176   266.7681     2.7942     0.6485     0.0241      0.070      3.216      4.664        379 4.7218e+01 0.0000e+00
      3.303    15.2925     1.2279     12.074  35.383183     43.722      7.155   266.8817     2.7740     0.7157     0.0244      0.076      3.239      4.697        380 4.6527e+01 0.0000e+00
      3.324    15.2240     1.4849     14.567  35.325036     43.720      7.137   267.2602     2.7901     0.7425     0.0243      0.081      3.260      4.728        381 4.5796e+01 0.0000e+00
      3.345    15.1387     1.8040     17.665  35.033858     43.496      7.120   267.2602     2.6446     0.6619     0.0242      0.086      3.279      4.755        382 4.5279e+01 0.0000e+00
      3.360    15.0959     2.1619     21.128  34.915166     43.358      7.104   267.7903     2.6607     0.8365     0.0241      0.086      3.295      4.779        383 4.4883e+01 0.0000e+00
      3.375    15.0636     2.5330     24.676  34.909281     43.526      7.087   267.9038     2.6607     0.8097     0.0242      0.084      3.309      4.800        384 4.4602e+01 0.0000e+00
      3.389    14.9926     2.8621     27.792  34.655668     43.184      7.070   268.8503     2.6486     0.8365     0.0240      0.079      3.324      4.820        385 4.4285e+01 0.0000e+00
      3.403    14.8995     3.1456     30.465  34.281774     42.802      7.055   269.0395     2.7335     0.8634     0.0238      0.072      3.339      4.843        386 4.4066e+01 0.0000e+00
      3.422    14.8305     3.3499     32.376  34.010382     42.492      7.038   268.6988     2.7214     0.8768     0.0237      0.067      3.356      4.868        387 4.3895e+01 0.0000e+00
      3.443    14.7661     3.4615     33.393  33.599584     42.139      7.024   269.8724     2.7295     0.8365     0.0235      0.065      3.376      4.896        388 4.3557e+01 0.0000e+00
      3.463    14.6870     3.4842     33.558  33.191621     41.614      7.008   270.9703     2.7254     0.8097     0.0232      0.065      3.397      4.926        389 4.3247e+01 0.0000e+00
      3.485    14.6013     3.4091     32.783  33.124304     41.680      6.992   271.2353     2.8751     0.8499     0.0232      0.068      3.419      4.958        390 4.2778e+01 0.0000e+00
      3.510    14.4965     3.2948     31.620  33.060627     41.625      6.980   271.4245     2.8872     0.8097     0.0232      0.073      3.440      4.990        391 4.2337e+01 0.0000e+00
      3.528    14.4109     3.1324     29.982  33.033661     41.711      6.968   271.5003     2.8387     0.7559     0.0232      0.077      3.460      5.019        392 4.2094e+01 0.0000e+00
      3.547    14.3182     2.9532     28.189  33.098593     41.897      6.956   272.3710     2.8468     0.7559     0.0232      0.080      3.480      5.047        393 4.1705e+01 0.0000e+00
      3.570    14.1750     2.7605     26.287  33.157795     42.057      6.947   273.2417     2.8751     0.8097     0.0232      0.083      3.500      5.077        394 4.1209e+01 0.0000e+00
      3.591    14.0277     2.5421     24.157  33.345546     42.404      6.933   273.2038     2.3292     1.2125     0.0234      0.083      3.520      5.106        395 4.0882e+01 0.0000e+00
      3.609    13.9093     2.3032     21.840  33.547061     42.810      6.922   273.7717     2.3575     1.1991     0.0235      0.082      3.538      5.132        396 4.0745e+01 0.0000e+00
      3.624    13.8142     2.0336     19.248  33.618807     43.079      6.915   273.9231     2.3292     1.1856     0.0235      0.080      3.554      5.155        397 4.0589e+01 0.0000e+00
      3.638    13.7309     1.7242     16.290  33.641849     43.210      6.907   274.3774     2.3292     1.1453     0.0235      0.076      3.569      5.176        398 4.0363e+01 0.0000e+00
      3.654    13.6571     1.3897     13.107  33.726034     43.460      6.901   274.2260     2.4343     1.8973     0.0236      0.072      3.584      5.198        399 4.0175e+01 0.0000e+00
      3.671    13.5868     1.0464      9.848  33.840303     43.662      6.896   274.1503     2.4100     1.8705     0.0237      0.069      3.601      5.223        400 3.9885e+01 0.0000e+00
      3.691    13.4951     0.7008      6.580  33.974181     43.962      6.887   274.6046     2.3979     1.9107     0.0238      0.067      3.622      5.253        401 3.9325e+01 0.0000e+00
      3.719    13.3756     0.4047      3.790  34.360186     44.476      6.875   275.0967     2.3817     1.7899     0.0240      0.068      3.648      5.290        402 3.8666e+01 0.0000e+00
      3.749    13.2514     0.1770      1.655  35.228367     45.780      6.862   275.3238     2.4747     2.1793     0.0245      0.074      3.674      5.328        403 3.8210e+01 0.0000e+00
      3.769    13.1446     0.0356      0.332  35.889231     46.760      6.850   275.2103     2.4707     2.0719     0.0249      0.079      3.695      5.358        404 3.7874e+01 0.0000e+00
      3.784    13.0503     0.0000      0.000  36.444351     47.607      6.836   275.7024     2.4586     2.0450     0.0252      0.083      3.712      5.383        405 3.7443e+01 0.0000e+00
      3.802    12.9567     0.0673      0.626  37.355277     48.986      6.825   275.7781     2.4505     2.1122     0.0257      0.085      3.728      5.407        406 3.7019e+01 0.0000e+00
      3.819    12.8711     0.2275      2.113  37.721726     49.584      6.817   276.0431     2.7376     1.8705     0.0260      0.084      3.744      5.430        407 3.6741e+01 0.0000e+00
      3.832    12.7933     0.4833      4.479  37.768035     49.707      6.807   276.0053     2.7416     1.9242     0.0260      0.081      3.759      5.451        408 3.6544e+01 0.0000e+00
      3.847    12.7119     0.8004      7.403  38.246884     50.520      6.797   276.0810     2.7093     1.9242     0.0263      0.074      3.774      5.474        409 3.6234e+01 0.0000e+00
      3.865    12.6208     1.1764     10.859  38.371677     50.772      6.785   276.0810     2.7295     1.8705     0.0264      0.068      3.791      5.499        410 3.5762e+01 0.0000e+00
      3.886    12.5140     1.6140     14.880  37.790751     50.103      6.771   276.3460     2.7012     1.8033     0.0261      0.065      3.810      5.527        411 3.5322e+01 0.0000e+00
      3.905    12.4101     2.1088     19.433  37.071501     49.259      6.757   276.6867     2.7982     1.8436     0.0256      0.066      3.830      5.555        412 3.4701e+01 0.0000e+00
      3.926    12.3163     2.6013     23.959  36.626927     48.803      6.739   276.5353     2.8225     1.8302     0.0254      0.068      3.849      5.583        413 3.4053e+01 0.0000e+00
      3.944    12.2454     3.0829     28.366  36.178818     48.380      6.723   277.0653     2.7942     1.9107     0.0252      0.070      3.868      5.610        414 3.3408e+01 0.0000e+00
      3.964    12.2098     3.5094     32.252  35.879266     48.012      6.705   279.5260     2.7982     1.8302     0.0250      0.073      3.888      5.639        415 3.2502e+01 0.0000e+00
      3.986    12.1430     3.8812     35.620  35.783708     48.108      6.691   279.7531     2.7214     1.9107     0.0250      0.076      3.908      5.669        416 3.1711e+01 0.0000e+00
      4.006    12.0358     4.1746     38.264  35.289359     47.359      6.676   280.2453     2.7497     1.9376     0.0247      0.078      3.929      5.699        417 3.0899e+01 0.0000e+00
      4.028    11.9371     4.4201     40.494  34.803953     46.883      6.664   280.3210     2.7578     1.9242     0.0244      0.079      3.950      5.730        418 3.0085e+01 0.0000e+00
      4.051    11.8478     4.5924     42.052  34.549005     46.604      6.648   280.9646     2.7295     1.8705     0.0242      0.080      3.971      5.760        419 2.9310e+01 0.0000e+00
      4.071    11.7663     4.7492     43.441  34.568658     46.804      6.639   281.5324     2.7254     1.8705     0.0243      0.082      3.990      5.787        420 2.8666e+01 0.0000e+00
      4.084    11.7127     4.9217     44.986  34.779543     47.183      6.629   282.8574     2.7133     1.8167     0.0244      0.080      4.004      5.807        421 2.8430e+01 0.0000e+00
      4.094    11.6909     5.0888     46.493  34.820444     47.364      6.623   283.8417     2.7538     1.8839     0.0245      0.077      4.016      5.824        422 2.8146e+01 0.0000e+00
      4.107    11.6681     5.2745     48.186  34.903345     47.510      6.616   283.1603     2.7538     1.9107     0.0245      0.072      4.029      5.844        423 2.7736e+01 0.0000e+00
      4.125    11.6256     5.5036     50.282  35.032295     47.765      6.611   283.2739     2.5880     3.3072     0.0246      0.067      4.046      5.868        424 2.7350e+01 0.0000e+00
      4.146    11.5724     5.7269     52.330  34.897246     47.566      6.606   283.4632     2.6041     3.2267     0.0245      0.065      4.066      5.897        425 2.6875e+01 0.0000e+00
