Data/DataNotYetUploadedToEDI/Raw_CTD/RawDownloads/070218_fcr50.cnv
* Sea-Bird SBE19plus  Data File:
* FileName = C:\DATA\070218_fcr_0001.hex
* Software version 2.6.3.104
* Temperature SN = 7809
* Conductivity SN = 7809
* System UpLoad Time = Jul 03 2018 07:35:38
* <ApplicationData>
* <Seaterm232>
# nquan = 17
# nvalues = 572                         
# units = specified
# name 0 = depFM: Depth [fresh water, m]
# name 1 = tv290C: Temperature [ITS-90, deg C]
# name 2 = sbeox0Mg/L: Oxygen, SBE 43 [mg/l]
# name 3 = sbeox0PS: Oxygen, SBE 43 [% saturation]
# name 4 = c0uS/cm: Conductivity [uS/cm]
# name 5 = specc: Specific Conductance [uS/cm]
# name 6 = ph: pH
# name 7 = orp: Oxidation Reduction Potential [mV]
# name 8 = flECO-AFL: Fluorescence, WET Labs ECO-AFL/FL [mg/m^3]
# name 9 = turbWETntu0: Turbidity, WET Labs ECO [NTU]
# name 10 = sal00: Salinity, Practical [PSU]
# name 11 = dz/dtM: Descent Rate [m/s]
# name 12 = prdM: Pressure, Strain Gauge [db]
# name 13 = prdE: Pressure, Strain Gauge [psi]
# name 14 = scan: Scan Count
# name 15 = par/sat/log: PAR/Logarithmic, Satlantic
# name 16 = flag:  0.000e+00
# span 0 =     -0.523,      9.711       
# span 1 =    11.0320,    30.1442       
# span 2 =     2.9515,    10.7642       
# span 3 =     27.641,    126.459       
# span 4 =   1.483295,  37.968103       
# span 5 =      1.322,     46.214       
# span 6 =      6.098,      8.347       
# span 7 = -1240.7455,   332.2990       
# span 8 =    -0.7197,    12.2725       
# span 9 =    -3.6619,    20.6293       
# span 10 =     0.0135,     0.0247      
# span 11 =     -0.071,      0.237      
# span 12 =     -0.513,      9.521      
# span 13 =     -0.743,     13.810      
# span 14 =          1,        572      
# span 15 = 1.2065e-01, 2.1752e+03      
# span 16 = 0.0000e+00, 0.0000e+00      
# interval = seconds: 0.25
# start_time = Jul 02 2018 13:56:46 [Instrument's time stamp, header]
# bad_flag = -9.990e-29
*END*
[from data line 426]
      5.717    11.0644     7.7000     69.946  33.101532     45.878      6.408   319.7304     1.5124     4.7843     0.0235      0.130      5.605      8.129        427 5.3038e+00 0.0000e+00
      5.747    11.0648     7.6980     69.928  33.093005     45.880      6.407   320.0333     1.4396     4.7575     0.0235      0.135      5.638      8.176        428 5.1021e+00 0.0000e+00
      5.781    11.0671     7.7041     69.987  33.104064     45.884      6.402   320.4118     1.4315     4.7306     0.0235      0.139      5.673      8.227        429 4.8273e+00 0.0000e+00
      5.823    11.0684     7.7020     69.981  33.087772     45.883      6.398   319.9575     1.4719     4.8380     0.0235      0.142      5.714      8.288        430 4.5066e+00 0.0000e+00
      5.876    11.0694     7.7022     69.998  33.053969     45.802      6.389   321.9261     1.4194     4.7038     0.0235      0.147      5.762      8.357        431 4.2370e+00 0.0000e+00
      5.926    11.0693     7.7039     70.008  33.086819     45.878      6.383   321.7368     1.2900     4.7575     0.0235      0.153      5.812      8.429        432 3.9228e+00 0.0000e+00
      5.979    11.0681     7.6912     69.884  33.106201     45.877      6.375   323.2511     1.3142     4.8112     0.0235      0.162      5.857      8.495        433 3.6383e+00 0.0000e+00
      6.012    11.0670     7.6906     69.870  33.089160     45.877      6.375   322.7968     1.3223     4.7709     0.0235      0.167      5.888      8.539        434 3.6068e+00 0.0000e+00
      6.019    11.0666     7.6833     69.800  33.108027     45.879      6.371   322.3804     1.3021     4.7575     0.0235      0.164      5.902      8.559        435 3.6310e+00 0.0000e+00
      6.025    11.0672     7.6679     69.660  33.142033     45.958      6.374   318.0268     1.2980     4.7843     0.0235      0.151      5.910      8.571        436 3.5691e+00 0.0000e+00
      6.035    11.0678     7.6713     69.693  33.106151     45.881      6.379   319.5033     1.2536     4.8380     0.0235      0.130      5.919      8.584        437 3.5147e+00 0.0000e+00
      6.045    11.0681     7.6713     69.697  33.093370     45.880      6.378   319.3518     1.2212     4.6769     0.0235      0.105      5.929      8.599        438 3.4576e+00 0.0000e+00
      6.056    11.0700     7.6763     69.748  33.098627     45.879      6.379   319.2761     1.2374     4.7306     0.0235      0.079      5.938      8.612        439 3.4094e+00 0.0000e+00
      6.063    11.0788     7.6807     69.791  33.099608     45.879      6.381   320.6011     1.2616     4.7977     0.0235      0.056      5.945      8.622        440 3.4398e+00 0.0000e+00
      6.067    11.0872     7.6791     69.767  33.151460     45.954      6.382   321.0175     1.3385     4.8112     0.0235      0.039      5.955      8.637        441 3.3567e+00 0.0000e+00
      6.088    11.0847     7.6724     69.699  33.152721     45.943      6.380   318.1783     1.3142     4.8112     0.0235      0.036      5.973      8.664        442 3.1671e+00 0.0000e+00
      6.118    11.0788     7.6736     69.712  33.098038     45.854      6.380   318.1025     1.2900     4.7843     0.0235      0.044      5.997      8.698        443 3.1113e+00 0.0000e+00
      6.136    11.0741     7.6729     69.704  33.100886     45.858      6.376   318.1025     1.2940     4.8112     0.0235      0.052      6.016      8.725        444 3.0486e+00 0.0000e+00
      6.148    11.0716     7.6703     69.674  33.149175     45.942      6.376   317.3454     1.4396     4.9992     0.0235      0.057      6.030      8.746        445 2.9657e+00 0.0000e+00
      6.164    11.0714     7.6666     69.634  33.097257     45.871      6.375   318.4054     1.4517     4.9589     0.0235      0.062      6.044      8.766        446 2.9200e+00 0.0000e+00
      6.176    11.0724     7.6758     69.724  33.106189     45.874      6.376   318.6704     1.4355     5.0126     0.0235      0.065      6.056      8.783        447 2.8922e+00 0.0000e+00
      6.185    11.0751     7.6831     69.805  33.138061     45.952      6.373   318.8597     1.4477     5.0126     0.0235      0.065      6.067      8.799        448 2.8408e+00 0.0000e+00
      6.199    11.0791     7.6964     69.936  33.116905     45.873      6.376   318.3675     1.3627     4.7575     0.0235      0.063      6.082      8.822        449 2.7636e+00 0.0000e+00
      6.223    11.0799     7.7001     69.972  33.132516     45.947      6.373   318.6325     1.3668     4.7575     0.0235      0.059      6.103      8.852        450 2.7226e+00 0.0000e+00
      6.248    11.0743     7.7024     69.990  33.118630     45.865      6.369   318.0268     1.3991     4.7709     0.0235      0.059      6.126      8.885        451 2.6237e+00 0.0000e+00
      6.268    11.0705     7.7045     70.006  33.134184     45.941      6.369   318.7461     1.3749     4.8783     0.0235      0.063      6.150      8.920        452 2.5153e+00 0.0000e+00
      6.300    11.0712     7.6959     69.925  33.172473     45.949      6.365   318.9733     1.4274     4.8783     0.0235      0.072      6.178      8.960        453 2.4076e+00 0.0000e+00
      6.333    11.0705     7.6892     69.857  33.130296     45.953      6.362   322.8347     1.4274     4.9320     0.0235      0.082      6.206      9.000        454 2.3280e+00 0.0000e+00
      6.349    11.0664     7.6797     69.767  33.068052     45.797      6.357   322.1533     1.4274     5.0260     0.0235      0.090      6.226      9.029        455 2.3020e+00 0.0000e+00
      6.363    11.0632     7.6684     69.662  33.072001     45.876      6.353   322.2668     1.4517     5.0126     0.0235      0.094      6.242      9.053        456 2.2402e+00 0.0000e+00
      6.386    11.0670     7.6611     69.587  33.066071     45.803      6.351   320.9040     1.4355     4.9589     0.0235      0.094      6.259      9.078        457 2.1839e+00 0.0000e+00
      6.399    11.0754     7.6525     69.501  33.075434     45.885      6.351   320.7904     1.5083     4.7709     0.0235      0.089      6.273      9.097        458 2.1732e+00 0.0000e+00
      6.404    11.0817     7.6453     69.435  33.119661     45.880      6.350   321.1690     1.5083     4.7306     0.0235      0.080      6.282      9.111        459 2.1688e+00 0.0000e+00
      6.415    11.0835     7.6437     69.418  33.129651     45.947      6.351   323.7811     1.4881     4.7306     0.0235      0.070      6.292      9.126        460 2.1110e+00 0.0000e+00
      6.430    11.0817     7.6481     69.457  33.122309     45.861      6.349   323.7433     1.5124     4.8112     0.0235      0.060      6.305      9.145        461 2.0546e+00 0.0000e+00
      6.442    11.0799     7.6588     69.555  33.128795     45.937      6.348   323.4404     1.5487     4.9857     0.0235      0.052      6.317      9.161        462 2.0673e+00 0.0000e+00
      6.448    11.0776     7.6611     69.577  33.121579     45.861      6.348   322.7968     1.5609     4.9320     0.0235      0.048      6.327      9.176        463 2.0286e+00 0.0000e+00
      6.465    11.0736     7.6729     69.682  33.131291     45.941      6.348   323.5918     1.5649     5.0126     0.0235      0.046      6.343      9.200        464 1.9281e+00 0.0000e+00
      6.491    11.0715     7.6707     69.662  33.116709     45.866      6.348   323.7811     1.5730     5.0126     0.0235      0.048      6.369      9.238        465 1.8541e+00 0.0000e+00
      6.529    11.0696     7.6809     69.753  33.139726     45.949      6.344   324.3490     1.4355     5.1066     0.0235      0.059      6.405      9.291        466 1.7612e+00 0.0000e+00
      6.577    11.0645     7.6853     69.792  33.102649     45.874      6.331   325.3711     1.4436     4.9589     0.0235      0.077      6.445      9.348        467 1.6627e+00 0.0000e+00
      6.607    11.0598     7.6864     69.803  33.044231     45.799      6.326   325.4847     1.4517     4.8917     0.0235      0.093      6.476      9.393        468 1.6196e+00 0.0000e+00
      6.628    11.0585     7.6770     69.716  33.093806     45.883      6.322   325.4090     1.4598     4.9455     0.0235      0.105      6.500      9.427        469 1.5961e+00 0.0000e+00
      6.649    11.0581     7.6755     69.702  33.100268     45.890      6.322   325.4847     1.4638     4.7172     0.0235      0.114      6.522      9.459        470 1.5308e+00 0.0000e+00
      6.675    11.0571     7.6814     69.754  33.095503     45.891      6.321   325.7118     1.4194     4.7709     0.0235      0.119      6.544      9.492        471 1.4624e+00 0.0000e+00
      6.696    11.0575     7.6841     69.777  33.099737     45.892      6.318   323.1376     1.4274     4.7709     0.0235      0.116      6.562      9.518        472 1.4595e+00 0.0000e+00
      6.701    11.0578     7.6829     69.767  33.094999     45.893      6.317   324.2733     1.4557     4.7709     0.0235      0.103      6.577      9.539        473 1.4523e+00 0.0000e+00
      6.725    11.0570     7.6801     69.742  33.101399     45.892      6.313   324.9926     1.5002     4.7575     0.0235      0.090      6.600      9.573        474 1.3874e+00 0.0000e+00
      6.767    11.0565     7.6765     69.709  33.091772     45.892      6.306   325.0683     1.4760     4.7977     0.0235      0.085      6.633      9.622        475 1.3197e+00 0.0000e+00
      6.800    11.0558     7.6794     69.736  33.047670     45.816      6.303   325.4847     1.4962     4.7306     0.0235      0.089      6.665      9.668        476 1.2721e+00 0.0000e+00
      6.823    11.0554     7.6806     69.748  33.096974     45.893      6.303   325.1440     1.5002     4.7843     0.0235      0.094      6.694      9.709        477 1.2391e+00 0.0000e+00
      6.858    11.0555     7.6832     69.769  33.089725     45.895      6.304   323.7054     1.4719     5.0932     0.0235      0.102      6.727      9.757        478 1.1696e+00 0.0000e+00
      6.899    11.0550     7.6868     69.798  33.056691     45.817      6.300   324.2354     1.3627     5.0126     0.0235      0.111      6.766      9.813        479 1.1226e+00 0.0000e+00
      6.939    11.0544     7.6842     69.776  33.078773     45.895      6.294   324.5761     1.3870     4.9589     0.0235      0.123      6.808      9.873        480 1.0503e+00 0.0000e+00
      6.986    11.0537     7.6857     69.789  33.062246     45.818      6.291   326.0147     1.3668     4.9589     0.0235      0.138      6.854      9.940        481 9.4753e-01 0.0000e+00
      7.043    11.0532     7.6790     69.729  33.077260     45.896      6.282   326.2040     1.3749     4.9992     0.0235      0.149      6.903     10.011        482 8.8436e-01 0.0000e+00
      7.087    11.0532     7.6720     69.664  33.119399     45.897      6.280   325.9011     1.4638     4.9857     0.0235      0.158      6.946     10.074        483 8.5397e-01 0.0000e+00
      7.118    11.0533     7.6625     69.577  33.128426     45.975      6.280   325.6361     1.4638     4.9857     0.0236      0.165      6.983     10.127        484 8.4445e-01 0.0000e+00
      7.158    11.0535     7.6565     69.521  33.066026     45.820      6.277   326.1283     1.4477     4.9455     0.0235      0.170      7.023     10.186        485 7.5913e-01 0.0000e+00
      7.209    11.0540     7.6525     69.484  33.078435     45.898      6.272   326.6583     1.4477     5.0529     0.0235      0.173      7.069     10.253        486 6.9598e-01 0.0000e+00
      7.258    11.0542     7.6479     69.444  33.112985     45.897      6.269   325.9768     1.3061     4.7709     0.0235      0.174      7.115     10.319        487 6.8992e-01 0.0000e+00
      7.297    11.0525     7.6463     69.430  33.082339     45.897      6.267   325.5983     1.3304     4.8380     0.0235      0.173      7.154     10.375        488 6.4675e-01 0.0000e+00
      7.328    11.0511     7.6467     69.433  33.116572     45.896      6.268   325.7497     1.3223     4.7575     0.0235      0.168      7.186     10.422        489 6.3626e-01 0.0000e+00
      7.358    11.0513     7.6502     69.464  33.129695     45.976      6.268   327.5290     1.2980     4.7575     0.0236      0.160      7.216     10.466        490 6.5446e-01 0.0000e+00
      7.390    11.0512     7.6565     69.520  33.066011     45.823      6.269   326.5447     1.2414     4.7709     0.0235      0.154      7.245     10.509        491 6.0220e-01 0.0000e+00
      7.415    11.0513     7.6595     69.546  33.077206     45.900      6.268   326.2797     1.2374     4.8112     0.0235      0.147      7.273     10.549        492 5.8425e-01 0.0000e+00
      7.443    11.0510     7.6702     69.643  33.115764     45.901      6.270   326.2797     1.2536     4.7709     0.0235      0.136      7.304     10.594        493 6.0168e-01 0.0000e+00
      7.487    11.0505     7.6730     69.670  33.136648     45.977      6.267   326.3554     1.2253     4.7440     0.0236      0.128      7.344     10.652        494 5.1746e-01 0.0000e+00
      7.536    11.0496     7.6736     69.676  33.110527     45.901      6.262   327.3397     1.3183     4.7575     0.0235      0.129      7.392     10.720        495 4.9050e-01 0.0000e+00
      7.588    11.0491     7.6815     69.746  33.088962     45.901      6.258   328.9297     1.3142     4.8783     0.0235      0.137      7.442     10.793        496 4.7658e-01 0.0000e+00
      7.642    11.0499     7.6895     69.821  33.104177     45.902      6.252   329.0054     1.3061     4.8112     0.0235      0.151      7.493     10.868        497 4.2455e-01 0.0000e+00
      7.692    11.0502     7.6925     69.848  33.091593     45.903      6.249   329.3083     1.3344     4.7575     0.0235      0.165      7.544     10.943        498 4.4001e-01 0.0000e+00
      7.747    11.0500     7.7030     69.943  33.104622     45.902      6.249   329.5354     1.2900     4.7709     0.0235      0.180      7.597     11.018        499 3.9113e-01 0.0000e+00
      7.800    11.0494     7.7082     69.993  33.087961     45.902      6.245   329.0433     1.2333     5.0395     0.0235      0.194      7.647     11.091        500 3.5439e-01 0.0000e+00
      7.846    11.0490     7.7085     69.994  33.112326     45.902      6.245   328.8161     1.2455     4.9589     0.0235      0.201      7.692     11.156        501 3.8592e-01 0.0000e+00
      7.885    11.0482     7.7145     70.048  33.133612     45.980      6.242   328.8161     1.2253     5.0126     0.0236      0.199      7.731     11.212        502 3.7725e-01 0.0000e+00
      7.918    11.0479     7.7058     69.967  33.061472     45.825      6.246   329.2326     1.2455     5.0260     0.0235      0.192      7.767     11.264        503 3.4203e-01 0.0000e+00
      7.957    11.0490     7.7118     70.021  33.083482     45.904      6.246   329.2326     1.3021     4.9589     0.0235      0.182      7.803     11.316        504 3.2184e-01 0.0000e+00
      7.993    11.0488     7.7035     69.945  33.106223     45.904      6.246   329.2326     1.3142     4.9857     0.0235      0.172      7.835     11.363        505 3.2354e-01 0.0000e+00
      8.016    11.0482     7.6971     69.886  33.092483     45.903      6.249   328.8161     1.3183     4.9857     0.0235      0.158      7.860     11.399        506 3.2669e-01 0.0000e+00
      8.035    11.0491     7.6907     69.827  33.100581     45.903      6.250   329.0433     1.3061     4.9320     0.0235      0.142      7.883     11.432        507 3.2401e-01 0.0000e+00
      8.065    11.0490     7.6980     69.892  33.096146     45.904      6.250   327.8697     1.2455     4.7575     0.0235      0.128      7.908     11.469        508 3.2116e-01 0.0000e+00
      8.091    11.0492     7.6915     69.831  33.038692     45.825      6.250   328.7404     1.2253     4.7575     0.0235      0.119      7.928     11.499        509 3.0084e-01 0.0000e+00
      8.096    11.0505     7.6911     69.827  33.053460     45.825      6.253   328.9676     1.2576     4.8380     0.0235      0.106      7.937     11.513        510 2.9137e-01 0.0000e+00
