Data/DataNotYetUploadedToEDI/Raw_CTD/RawDownloads/070218_fcr30.cnv
* Sea-Bird SBE19plus  Data File:
* FileName = C:\DATA\070218_fcr_0004.hex
* Software version 2.6.3.104
* Temperature SN = 7809
* Conductivity SN = 7809
* System UpLoad Time = Jul 03 2018 07:36:24
* <ApplicationData>
* <Seaterm232>
# nquan = 17
# nvalues = 510                         
# units = specified
# name 0 = depFM: Depth [fresh water, m]
# name 1 = tv290C: Temperature [ITS-90, deg C]
# name 2 = sbeox0Mg/L: Oxygen, SBE 43 [mg/l]
# name 3 = sbeox0PS: Oxygen, SBE 43 [% saturation]
# name 4 = c0uS/cm: Conductivity [uS/cm]
# name 5 = specc: Specific Conductance [uS/cm]
# name 6 = ph: pH
# name 7 = orp: Oxidation Reduction Potential [mV]
# name 8 = flECO-AFL: Fluorescence, WET Labs ECO-AFL/FL [mg/m^3]
# name 9 = turbWETntu0: Turbidity, WET Labs ECO [NTU]
# name 10 = sal00: Salinity, Practical [PSU]
# name 11 = dz/dtM: Descent Rate [m/s]
# name 12 = prdM: Pressure, Strain Gauge [db]
# name 13 = prdE: Pressure, Strain Gauge [psi]
# name 14 = scan: Scan Count
# name 15 = par/sat/log: PAR/Logarithmic, Satlantic
# name 16 = flag:  0.000e+00
# span 0 =     -0.520,      5.424       
# span 1 =    10.9753,    28.8744       
# span 2 =     0.0000,    11.5001       
# span 3 =      0.000,    129.821       
# span 4 =   1.093114,  38.371677       
# span 5 =      1.019,     50.772       
# span 6 =      5.888,      8.395       
# span 7 = -1240.7455,  1240.2295       
# span 8 =    -0.7763,     7.3109       
# span 9 =    -0.8151,    52.9235       
# span 10 =     0.0131,     0.0264      
# span 11 =     -0.132,      0.216      
# span 12 =     -0.509,      5.318      
# span 13 =     -0.739,      7.714      
# span 14 =          1,        510      
# span 15 = 4.7599e+00, 2.7648e+03      
# span 16 = 0.0000e+00, 0.0000e+00      
# interval = seconds: 0.25
# start_time = Jul 02 2018 16:41:20 [Instrument's time stamp, header]
# bad_flag = -9.990e-29
*END*
[from data line 256]
      0.860    25.8416    10.2558    124.814  34.406879     33.763      8.222   229.6301     1.7064     1.2931     0.0234      0.082      0.843      1.223        257 8.3770e+02 0.0000e+00
      0.878    25.8087    10.3532    125.908  34.376793     33.772      8.212   228.9109     1.7064     1.1856     0.0234      0.077      0.860      1.248        258 8.3290e+02 0.0000e+00
      0.894    25.7830    10.4352    126.820  34.307636     33.726      8.205   228.7594     1.6862     1.2393     0.0234      0.073      0.877      1.273        259 7.5842e+02 0.0000e+00
      0.913    25.7489    10.5149    127.714  34.344688     33.803      8.197   228.7594     1.8075     1.2393     0.0234      0.071      0.896      1.300        260 7.3352e+02 0.0000e+00
      0.935    25.6960    10.5612    128.200  34.360357     33.819      8.190   228.7973     1.8075     1.3199     0.0234      0.071      0.918      1.331        261 6.9359e+02 0.0000e+00
      0.960    25.6120    10.5542    128.031  34.347462     33.843      8.184   229.7816     1.8035     1.2528     0.0234      0.073      0.943      1.368        262 6.6556e+02 0.0000e+00
      0.991    25.5249    10.5035    127.345  34.360752     33.877      8.182   230.8037     1.7995     1.1588     0.0234      0.079      0.973      1.411        263 6.2638e+02 0.0000e+00
      1.027    25.4492    10.4139    126.177  34.373500     33.962      8.192   230.8416     1.8116     1.2259     0.0234      0.087      1.004      1.456        264 6.0817e+02 0.0000e+00
      1.054    25.3874    10.3142    124.855  34.361291     33.992      8.212   231.1444     2.1391     1.2662     0.0234      0.096      1.031      1.495        265 6.3229e+02 0.0000e+00
      1.072    25.3414    10.2051    123.435  34.346332     34.044      8.232   231.1444     2.1553     1.2931     0.0234      0.101      1.051      1.524        266 5.7602e+02 0.0000e+00
      1.089    25.2990    10.1222    122.356  34.362496     34.086      8.257   231.3337     2.1472     1.2125     0.0234      0.102      1.066      1.546        267 5.0397e+02 0.0000e+00
      1.100    25.2591    10.0678    121.615  34.400515     34.172      8.277   231.1444     2.1229     1.2662     0.0234      0.098      1.079      1.565        268 4.7096e+02 0.0000e+00
      1.113    25.2232    10.0517    121.339  34.417664     34.201      8.298   231.0687     2.3251     1.3333     0.0234      0.090      1.092      1.583        269 3.9841e+02 0.0000e+00
      1.127    25.1911    10.0647    121.393  34.370831     34.200      8.321   230.4251     2.3292     1.1856     0.0234      0.079      1.105      1.603        270 3.6860e+02 0.0000e+00
      1.141    25.1582    10.1091    121.803  34.310540     34.141      8.342   230.2737     2.3534     1.2662     0.0234      0.068      1.120      1.624        271 3.6987e+02 0.0000e+00
      1.157    25.1232    10.1676    122.405  34.285121     34.163      8.358   229.9709     2.3494     1.1856     0.0234      0.060      1.136      1.647        272 3.7454e+02 0.0000e+00
      1.177    25.0926    10.2226    122.976  34.224544     34.102      8.370   229.3273     2.5111     1.1856     0.0233      0.057      1.154      1.674        273 3.4284e+02 0.0000e+00
      1.194    25.0570    10.2713    123.430  34.208008     34.126      8.383   228.6459     2.5475     1.2125     0.0233      0.059      1.174      1.704        274 2.6536e+02 0.0000e+00
      1.223    25.0080    10.3148    123.790  34.216748     34.147      8.392   228.7973     2.5475     1.2259     0.0233      0.064      1.199      1.739        275 2.5984e+02 0.0000e+00
      1.251    24.9644    10.3644    124.262  34.184027     34.143      8.393   229.1759     2.5435     1.1856     0.0233      0.072      1.223      1.774        276 2.6773e+02 0.0000e+00
      1.268    24.9298    10.4075    124.719  34.159780     34.149      8.395   229.4409     2.7052     1.4139     0.0233      0.078      1.243      1.803        277 2.5331e+02 0.0000e+00
      1.285    24.8938    10.4395    124.975  34.157978     34.178      8.389   228.6459     2.7093     1.3602     0.0233      0.082      1.260      1.828        278 2.4991e+02 0.0000e+00
      1.302    24.8567    10.4817    125.308  34.215946     34.258      8.387   228.6837     2.7214     1.5616     0.0233      0.083      1.276      1.851        279 2.4404e+02 0.0000e+00
      1.317    24.8104    10.5118    125.489  34.354558     34.423      8.379   229.0244     2.7214     1.4676     0.0234      0.081      1.291      1.873        280 2.3636e+02 0.0000e+00
      1.333    24.7555    10.5323    125.554  34.311708     34.420      8.372   229.0244     2.8063     1.5079     0.0234      0.077      1.307      1.897        281 2.2820e+02 0.0000e+00
      1.352    24.7103    10.5492    125.600  34.180326     34.284      8.367   229.3273     2.7901     1.4139     0.0233      0.074      1.325      1.922        282 2.2548e+02 0.0000e+00
      1.368    24.6693    10.5520    125.488  34.132559     34.322      8.362   229.2894     2.7659     1.4273     0.0233      0.068      1.343      1.947        283 2.2024e+02 0.0000e+00
      1.388    24.6124    10.5453    125.273  34.015309     34.185      8.356   229.2137     2.8023     1.4139     0.0232      0.066      1.362      1.975        284 2.1756e+02 0.0000e+00
      1.411    24.5411    10.5533    125.250  33.970397     34.212      8.351   230.0844     2.7780     1.4005     0.0232      0.068      1.384      2.008        285 2.1496e+02 0.0000e+00
      1.436    24.4895    10.5820    125.490  33.951228     34.196      8.347   230.4630     3.2309     1.4408     0.0232      0.072      1.407      2.041        286 2.0958e+02 0.0000e+00
      1.457    24.4603    10.6255    125.878  34.009536     34.329      8.346   231.4094     3.2511     1.3602     0.0233      0.077      1.428      2.071        287 2.0839e+02 0.0000e+00
      1.477    24.4073    10.6784    126.346  34.046142     34.395      8.344   232.0909     3.2430     1.4945     0.0233      0.080      1.449      2.101        288 2.0566e+02 0.0000e+00
      1.500    24.3332    10.7205    126.674  34.053974     34.413      8.342   232.0530     3.2390     1.4139     0.0233      0.083      1.471      2.133        289 2.0122e+02 0.0000e+00
      1.524    24.2566    10.7568    126.931  34.207397     34.621      8.340   232.1666     4.2256     1.6288     0.0233      0.085      1.493      2.165        290 1.9874e+02 0.0000e+00
      1.541    24.1804    10.7838    127.078  34.211102     34.672      8.338   232.3559     4.2135     1.6959     0.0233      0.086      1.510      2.190        291 1.9550e+02 0.0000e+00
      1.554    24.1132    10.8038    127.152  34.227330     34.726      8.336   232.5073     4.2095     1.6288     0.0233      0.083      1.525      2.212        292 1.9410e+02 0.0000e+00
      1.571    24.0515    10.8042    127.017  34.276205     34.866      8.333   233.0752     4.2095     1.6422     0.0234      0.079      1.540      2.234        293 1.9248e+02 0.0000e+00
      1.587    23.9934    10.7855    126.656  34.061348     34.657      8.333   232.8101     4.7190     1.6690     0.0233      0.075      1.555      2.255        294 1.8858e+02 0.0000e+00
      1.600    23.9439    10.7485    126.031  33.931290     34.587      8.332   233.3780     4.7311     1.6690     0.0232      0.070      1.568      2.275        295 1.8602e+02 0.0000e+00
      1.612    23.8998    10.7015    125.289  33.933942     34.628      8.332   233.3402     4.7109     1.6422     0.0232      0.065      1.582      2.294        296 1.8363e+02 0.0000e+00
      1.627    23.8462    10.6411    124.377  33.880142     34.606      8.328   233.4916     4.7068     1.6959     0.0232      0.060      1.598      2.317        297 1.7530e+02 0.0000e+00
      1.649    23.7793    10.5697    123.308  33.731369     34.494      8.321   233.4537     4.8888     1.9107     0.0232      0.059      1.618      2.346        298 1.6931e+02 0.0000e+00
      1.673    23.7079    10.5033    122.287  33.585316     34.360      8.308   234.0594     4.9131     1.9376     0.0231      0.062      1.640      2.378        299 1.6301e+02 0.0000e+00
      1.694    23.6358    10.4428    121.322  33.439175     34.293      8.295   234.2109     4.8888     1.9242     0.0230      0.066      1.661      2.409        300 1.5448e+02 0.0000e+00
      1.714    23.5641    10.3995    120.529  33.379485     34.228      8.282   234.3623     4.8888     1.8436     0.0230      0.070      1.682      2.439        301 1.4829e+02 0.0000e+00
      1.737    23.4963    10.3943    120.181  33.718943     34.681      8.269   234.6273     4.7917     1.9107     0.0232      0.075      1.703      2.470        302 1.3880e+02 0.0000e+00
      1.759    23.4384    10.4479    120.529  33.817441     34.819      8.256   235.1194     4.7715     1.9107     0.0232      0.080      1.724      2.500        303 1.3370e+02 0.0000e+00
      1.778    23.3777    10.5446    121.366  33.642452     34.666      8.240   235.4223     4.7877     1.8302     0.0231      0.084      1.743      2.527        304 1.3306e+02 0.0000e+00
      1.795    23.2997    10.6803    122.670  33.610537     34.708      8.230   235.8766     4.7715     1.8436     0.0231      0.083      1.759      2.552        305 1.3044e+02 0.0000e+00
      1.809    23.2179    10.8341    124.205  33.530982     34.635      8.219   236.5202     4.7917     1.8705     0.0231      0.080      1.774      2.573        306 1.2924e+02 0.0000e+00
      1.823    23.1314    10.9894    125.748  33.385629     34.576      8.211   236.9744     5.2002     1.8167     0.0230      0.075      1.789      2.595        307 1.2905e+02 0.0000e+00
      1.842    23.0314    11.1435    127.263  33.168711     34.373      8.195   236.9744     5.1921     1.8705     0.0229      0.072      1.807      2.621        308 1.2697e+02 0.0000e+00
      1.863    22.9252    11.2642    128.390  33.029953     34.319      8.180   237.3530     5.1840     1.7899     0.0229      0.070      1.827      2.650        309 1.2405e+02 0.0000e+00
      1.884    22.8120    11.3519    129.126  32.994921     34.332      8.164   237.9209     5.2082     1.8705     0.0228      0.069      1.850      2.684        310 1.2048e+02 0.0000e+00
      1.915    22.6861    11.4077    129.472  32.797197     34.234      8.136   238.8295     5.2082     1.8705     0.0228      0.073      1.877      2.722        311 1.1777e+02 0.0000e+00
      1.942    22.5609    11.4564    129.752  32.475413     33.935      8.111   239.3595     5.1880     1.8167     0.0226      0.079      1.902      2.759        312 1.1708e+02 0.0000e+00
      1.962    22.4427    11.4872    129.821  32.238936     33.819      8.090   240.0787     5.2204     1.8436     0.0225      0.085      1.925      2.792        313 1.1573e+02 0.0000e+00
      1.985    22.3238    11.5001    129.679  31.994372     33.615      8.067   241.2145     5.2002     1.8167     0.0224      0.090      1.945      2.822        314 1.1730e+02 0.0000e+00
      2.005    22.2142    11.4941    129.316  31.771626     33.492      8.048   241.6687     5.4064     1.8973     0.0223      0.093      1.965      2.851        315 1.2071e+02 0.0000e+00
      2.021    22.1167    11.4709    128.746  31.626615     33.400      8.030   242.1609     5.4023     1.8436     0.0223      0.091      1.982      2.876        316 1.2185e+02 0.0000e+00
      2.040    22.0190    11.3854    127.464  31.522537     33.388      8.013   243.1830     5.3942     1.9913     0.0222      0.088      2.000      2.901        317 1.2189e+02 0.0000e+00
      2.057    21.9174    11.2668    125.931  31.367460     33.279      8.003   243.3723     5.4023     1.9242     0.0221      0.083      2.017      2.925        318 1.2089e+02 0.0000e+00
      2.073    21.8166    11.0866    123.869  31.256262     33.230      7.990   243.7130     6.1342     1.8167     0.0221      0.077      2.034      2.950        319 1.1970e+02 0.0000e+00
      2.092    21.7101    10.8747    121.506  31.186535     33.242      7.976   243.6373     6.1585     1.8839     0.0221      0.073      2.052      2.976        320 1.1748e+02 0.0000e+00
      2.112    21.5967    10.6626    118.974  31.039156     33.135      7.964   244.5838     6.1585     1.9107     0.0220      0.071      2.070      3.002        321 1.1532e+02 0.0000e+00
      2.127    21.4870    10.4715    116.426  31.024595     33.210      7.950   245.3788     6.1545     1.9779     0.0220      0.069      2.087      3.027        322 1.1431e+02 0.0000e+00
      2.145    21.3769    10.3436    114.557  30.997142     33.262      7.939   245.3409     7.1896     1.9376     0.0220      0.069      2.105      3.053        323 1.1151e+02 0.0000e+00
      2.168    21.2623    10.2134    112.658  30.984416     33.309      7.925   245.7952     7.1694     1.8302     0.0220      0.071      2.125      3.082        324 1.0521e+02 0.0000e+00
      2.186    21.1461    10.0955    110.968  30.951525     33.389      7.914   246.0980     7.1290     1.8705     0.0220      0.072      2.144      3.110        325 9.9372e+01 0.0000e+00
      2.205    21.0221     9.9405    108.959  30.860213     33.320      7.905   246.2873     7.1451     1.8302     0.0219      0.073      2.163      3.137        326 9.5261e+01 0.0000e+00
      2.226    20.8952     9.7519    106.624  30.949845     33.556      7.892   246.7795     7.1088     1.8436     0.0220      0.074      2.182      3.164        327 9.1670e+01 0.0000e+00
      2.245    20.8120     9.5260    103.905  30.988287     33.645      7.880   247.1959     6.5993     1.8033     0.0220      0.075      2.199      3.188        328 8.9817e+01 0.0000e+00
      2.254    20.7914     9.2718    100.889  30.990335     33.771      7.872   247.6123     6.6235     1.8705     0.0220      0.073      2.211      3.206        329 8.8129e+01 0.0000e+00
      2.263    20.7926     8.9741     97.425  31.036301     33.862      7.862   247.0445     6.5993     1.8167     0.0220      0.069      2.221      3.221        330 8.6880e+01 0.0000e+00
      2.277    20.7199     8.6929     94.140  31.020070     33.877      7.855   247.3852     6.6073     1.8839     0.0220      0.065      2.236      3.243        331 8.5999e+01 0.0000e+00
      2.301    20.5444     8.4557     91.342  30.980896     33.815      7.848   247.9909     5.3740     1.6288     0.0220      0.062      2.258      3.275        332 8.4002e+01 0.0000e+00
      2.328    20.3432     8.2476     88.876  31.025759     33.927      7.832   248.3316     5.3862     1.7496     0.0220      0.064      2.287      3.317        333 8.0841e+01 0.0000e+00
      2.367    20.1422     8.0933     87.009  31.082878     34.123      7.809   249.8838     5.3740     1.7228     0.0220      0.071      2.320      3.365        334 7.7969e+01 0.0000e+00
      2.401    19.9645     7.9714     85.544  31.147090     34.334      7.784   250.3759     5.3862     1.6556     0.0220      0.082      2.351      3.410        335 7.6413e+01 0.0000e+00
      2.423    19.8237     7.8646     84.176  31.361055     34.736      7.767   250.7166     5.2810     1.7765     0.0221      0.093      2.377      3.447        336 7.4562e+01 0.0000e+00
      2.448    19.6978     7.7708     82.899  31.498681     35.028      7.751   251.0952     5.2365     1.6153     0.0222      0.103      2.400      3.481        337 7.3013e+01 0.0000e+00
      2.470    19.5773     7.6625     81.523  31.509628     35.138      7.735   251.2466     5.2608     1.6556     0.0222      0.109      2.422      3.513        338 7.2694e+01 0.0000e+00
      2.490    19.4581     7.5451     80.077  31.495755     35.237      7.721   251.5116     5.2487     1.6959     0.0222      0.108      2.440      3.539        339 7.2386e+01 0.0000e+00
      2.504    19.3425     7.4183     78.545  31.516004     35.332      7.707   251.7009     4.9616     1.4945     0.0222      0.101      2.457      3.563        340 7.2044e+01 0.0000e+00
