Data/DataNotYetUploadedToEDI/Raw_CTD/RawDownloads/070220_bvr50.cnv
* Sea-Bird SBE19plus  Data File:
* FileName = C:\DATA\070220_bvr50_0002.hex
* Software version 2.8.0.119
* Temperature SN = 7809
* Conductivity SN = 7809
* System UpLoad Time = Jul 02 2020 11:48:38
* <ApplicationData>
* <Seaterm232>
# nquan = 16
# nvalues = 2993                        
# units = specified
# name 0 = depFM: Depth [fresh water, m]
# name 1 = dz/dtM: Descent Rate [m/s]
# name 2 = sbeox0ML/L: Oxygen, SBE 43 [ml/l]
# name 3 = sbeox0PS: Oxygen, SBE 43 [% saturation]
# name 4 = specc: Specific Conductance [uS/cm]
# name 5 = c0uS/cm: Conductivity [uS/cm]
# name 6 = flECO-AFL: Fluorescence, WET Labs ECO-AFL/FL [mg/m^3]
# name 7 = ph: pH
# name 8 = orp: Oxidation Reduction Potential [mV]
# name 9 = par/sat/log: PAR/Logarithmic, Satlantic
# name 10 = turbWETntu0: Turbidity, WET Labs ECO [NTU]
# name 11 = prdM: Pressure, Strain Gauge [db]
# name 12 = prdE: Pressure, Strain Gauge [psi]
# name 13 = tv290C: Temperature [ITS-90, deg C]
# name 14 = density00: Density [density, kg/m^3]
# name 15 = flag:  0.000e+00
# span 0 =     -0.746,     11.558       
# span 1 =     -0.483,      0.205       
# span 2 =     0.0261,     7.5978       
# span 3 =      0.380,    123.482       
# span 4 =      0.412,    125.633       
# span 5 =   0.439264,  86.274048       
# span 6 =    -1.9024,   259.8541       
# span 7 =      6.261,      8.976       
# span 8 = -1020.0713,   892.4903       
# span 9 = 1.2340e-01, 3.2804e+03       
# span 10 =    -0.6085,   936.4411      
# span 11 =     -0.732,     11.334      
# span 12 =     -1.061,     16.439      
# span 13 =     9.3036,    28.3600      
# span 14 =   996.1388,   999.8596      
# span 15 = 0.0000e+00, 0.0000e+00      
# interval = seconds: 0.25
# start_time = Jul 01 2020 22:23:15 [Instrument's time stamp, header]
# bad_flag = -9.990e-29
*END*
[from data line 1176]
      5.971      0.011     1.4924     19.041     26.868  21.005963     0.8515      6.797   236.5992 1.3418e+01     2.0382      5.855      8.492    13.9218   999.2973 0.0000e+00
      5.975      0.014     1.4484     19.161     26.849  20.994530     0.8302      6.796   236.6240 1.3333e+01     2.1158      5.858      8.497    14.0066   999.2855 0.0000e+00
      5.981      0.014     1.4053     19.503     26.854  21.005964     0.7738      6.796   236.6461 1.3244e+01     2.2338      5.866      8.508    14.0786   999.2756 0.0000e+00
      5.987      0.014     1.3741     19.952     26.857  21.017398     0.7320      6.795   236.6941 1.3193e+01     2.2973      5.873      8.519    14.0971   999.2730 0.0000e+00
      5.991      0.014     1.3638     20.402     26.829  21.005961     0.7162      6.794   236.7751 1.3158e+01     2.3004      5.877      8.524    14.0814   999.2752 0.0000e+00
      5.992      0.014     1.3725     20.819     26.805  20.994525     0.6967      6.793   236.8501 1.3107e+01     2.2714      5.876      8.523    14.0916   999.2738 0.0000e+00
      5.993      0.014     1.4005     21.206     26.821  21.005950     0.6780      6.793   236.9133 1.3039e+01     2.2561      5.876      8.522    14.1092   999.2712 0.0000e+00
      5.997      0.014     1.4354     21.549     26.847  21.017283     0.6621      6.792   236.9367 1.2972e+01     2.2531      5.880      8.528    14.1206   999.2697 0.0000e+00
      6.003      0.015     1.4673     21.814     26.852  21.004707     0.6471      6.791   236.9612 1.2919e+01     2.2344      5.887      8.539    14.1461   999.2662 0.0000e+00
      6.008      0.015     1.4966     22.011     26.850  20.980707     0.6490      6.790   236.9516 1.2873e+01     2.2022      5.893      8.547    14.1651   999.2635 0.0000e+00
      6.013      0.014     1.5242     22.138     26.882  20.980722     0.6657      6.789   236.9057 1.2831e+01     2.1038      5.898      8.553    14.1601   999.2642 0.0000e+00
      6.016      0.012     1.5520     22.168     26.943  21.004852     0.6685      6.789   236.9229 1.2791e+01     2.0054      5.900      8.557    14.1425   999.2668 0.0000e+00
      6.018      0.009     1.5704     22.087     26.986  21.018783     0.6540      6.788   236.9023 1.2745e+01     2.0086      5.901      8.559    14.1129   999.2709 0.0000e+00
      6.019      0.007     1.5862     21.857     27.011  21.022320     0.6331      6.788   236.8285 1.2709e+01     2.0745      5.903      8.561    14.0681   999.2772 0.0000e+00
      6.021      0.006     1.5988     21.459     27.065  21.047590     0.6073      6.788   236.8049 1.2680e+01     2.1146      5.904      8.564    14.0200   999.2838 0.0000e+00
      6.023      0.005     1.6015     20.913     27.111  21.070651     0.5894      6.787   236.7029 1.2633e+01     2.0824      5.906      8.566    13.9723   999.2905 0.0000e+00
      6.024      0.005     1.5990     20.273     27.089  21.047490     0.5890      6.786   236.5417 1.2589e+01     2.0283      5.907      8.567    13.9393   999.2951 0.0000e+00
      6.025      0.004     1.5834     19.614     27.057  21.021192     0.6590      6.785   236.4899 1.2569e+01     2.0089      5.908      8.569    13.9147   999.2985 0.0000e+00
      6.026      0.002     1.5554     18.970     27.036  21.006338     0.7965      6.783   236.5067 1.2553e+01     2.0545      5.910      8.571    13.8777   999.3036 0.0000e+00
      6.027      0.002     1.5158     18.341     27.021  20.994714     0.8691      6.782   236.4870 1.2558e+01     2.0992      5.910      8.572    13.8510   999.3074 0.0000e+00
      6.027      0.003     1.4669     17.761     27.043  21.007472     0.8599      6.782   236.4231 1.2590e+01     2.1031      5.911      8.574    13.8440   999.3082 0.0000e+00
      6.026      0.004     1.4185     17.281     27.086  21.033770     0.8478      6.782   236.3368 1.2617e+01     2.1014      5.909      8.570    13.8415   999.3086 0.0000e+00
      6.026      0.004     1.3725     16.907     27.118  21.059020     0.7892      6.782   236.2179 1.2634e+01     2.0787      5.908      8.570    13.8455   999.3080 0.0000e+00
      6.029      0.003     1.3261     16.647     27.098  21.059122     0.6659      6.783   236.1049 1.2649e+01     2.0691      5.913      8.576    13.8503   999.3073 0.0000e+00
      6.032      0.001     1.2818     16.497     27.031  21.035022     0.5878      6.783   236.0884 1.2670e+01     2.0877      5.916      8.581    13.8396   999.3089 0.0000e+00
      6.033      0.001     1.2486     16.422     26.977  21.021309     0.5794      6.782   236.1043 1.2725e+01     2.0985      5.918      8.583    13.8216   999.3113 0.0000e+00
      6.031      0.001     1.2215     16.402     26.946  21.020184     0.6029      6.781   236.0397 1.2814e+01     2.0969      5.915      8.579    13.8132   999.3125 0.0000e+00
      6.029      0.001     1.2010     16.457     26.923  21.021446     0.6425      6.780   235.9950 1.2864e+01     2.0674      5.911      8.573    13.8433   999.3084 0.0000e+00
      6.028      0.004     1.1908     16.636     26.933  21.036585     0.6583      6.780   235.9945 1.2860e+01     2.0174      5.910      8.572    13.9099   999.2991 0.0000e+00
      6.029      0.011     1.1837     16.954     26.993  21.076415     0.6505      6.778   236.1190 1.2859e+01     2.0059      5.912      8.574    13.9614   999.2921 0.0000e+00
      6.031      0.021     1.1814     17.356     27.081  21.122536     0.6808      6.776   236.3819 1.2834e+01     2.0999      5.912      8.575    13.9997   999.2868 0.0000e+00
      6.036      0.034     1.1821     17.780     27.167  21.150317     0.7488      6.773   236.4201 1.2758e+01     2.2621      5.918      8.584    14.0449   999.2804 0.0000e+00
      6.045      0.045     1.1937     18.201     27.240  21.158615     0.7854      6.770   236.2370 1.2655e+01     2.3201      5.928      8.597    14.0628   999.2780 0.0000e+00
      6.059      0.052     1.2192     18.562     27.295  21.159397     0.7901      6.768   236.0606 1.2493e+01     2.2855      5.937      8.612    14.0425   999.2809 0.0000e+00
      6.079      0.054     1.2512     18.738     27.329  21.159723     0.7971      6.768   235.9226 1.2285e+01     2.2891      5.960      8.645    14.0082   999.2859 0.0000e+00
      6.101      0.052     1.2839     18.615     27.351  21.162525     0.8022      6.767   235.8586 1.2145e+01     2.2951      5.989      8.685    13.9329   999.2965 0.0000e+00
      6.115      0.048     1.3181     18.111     27.401  21.193264     0.7946      6.766   235.8900 1.2090e+01     2.2560      6.000      8.702    13.8261   999.3111 0.0000e+00
      6.122      0.043     1.3512     17.222     27.519  21.277727     0.7815      6.766   235.9577 1.2052e+01     2.2284      6.003      8.706    13.7457   999.3221 0.0000e+00
      6.128      0.039     1.3675     16.090     27.639  21.359380     0.7685      6.766   235.9888 1.2013e+01     2.2015      6.009      8.715    13.7022   999.3281 0.0000e+00
      6.134      0.037     1.3615     14.907     27.657  21.356132     0.7222      6.765   236.0077 1.1963e+01     2.1367      6.015      8.724    13.6812   999.3309 0.0000e+00
      6.143      0.037     1.3264     13.791     27.609  21.301849     0.6503      6.764   236.0144 1.1861e+01     2.0624      6.022      8.734    13.6685   999.3327 0.0000e+00
      6.157      0.038     1.2578     12.807     27.585  21.273753     0.6055      6.763   235.8978 1.1740e+01     2.0240      6.038      8.758    13.6604   999.3339 0.0000e+00
      6.170      0.039     1.1696     11.984     27.590  21.270071     0.5813      6.762   235.6293 1.1672e+01     2.0508      6.054      8.781    13.6438   999.3363 0.0000e+00
      6.178      0.039     1.0827     11.304     27.589  21.257314     0.5864      6.761   235.4354 1.1614e+01     2.0778      6.060      8.789    13.6049   999.3416 0.0000e+00
      6.185      0.036     1.0005     10.750     27.591  21.246327     0.6193      6.761   235.3606 1.1510e+01     2.0754      6.064      8.795    13.5673   999.3465 0.0000e+00
      6.195      0.031     0.9279     10.278     27.623  21.264041     0.6356      6.760   235.2416 1.1410e+01     2.0560      6.075      8.811    13.5553   999.3482 0.0000e+00
      6.206      0.027     0.8695      9.821     27.649  21.281239     0.6402      6.759   235.1145 1.1347e+01     2.0149      6.087      8.829    13.5475   999.3493 0.0000e+00
      6.213      0.023     0.8202      9.356     27.628  21.264031     0.6655      6.758   235.0283 1.1300e+01     1.9902      6.093      8.837    13.5220   999.3528 0.0000e+00
      6.217      0.019     0.7815      8.915     27.602  21.246212     0.7039      6.758   234.9743 1.1262e+01     2.0317      6.096      8.842    13.4949   999.3563 0.0000e+00
      6.220      0.015     0.7497      8.529     27.609  21.256041     0.7134      6.758   234.9778 1.1235e+01     2.1047      6.100      8.848    13.4823   999.3580 0.0000e+00
      6.222      0.014     0.7172      8.234     27.604  21.256042     0.7029      6.757   235.0699 1.1205e+01     2.1176      6.102      8.850    13.4797   999.3584 0.0000e+00
      6.223      0.015     0.6814      8.056     27.597  21.246233     0.6927      6.757   235.1421 1.1165e+01     2.0852      6.103      8.852    13.4783   999.3586 0.0000e+00
      6.226      0.018     0.6491      7.971     27.632  21.264261     0.6753      6.756   235.1622 1.1111e+01     2.0906      6.106      8.855    13.4799   999.3584 0.0000e+00
      6.231      0.023     0.6199      7.975     27.667  21.283768     0.6644      6.755   235.2277 1.1046e+01     2.1145      6.109      8.861    13.4921   999.3568 0.0000e+00
      6.239      0.029     0.5964      8.062     27.685  21.291839     0.6659      6.755   235.2449 1.0974e+01     2.0988      6.119      8.874    13.5048   999.3552 0.0000e+00
      6.247      0.036     0.5858      8.201     27.702  21.298433     0.7415      6.754   235.1984 1.0893e+01     2.0731      6.127      8.887    13.4957   999.3564 0.0000e+00
      6.256      0.041     0.5790      8.350     27.712  21.300074     0.8912      6.753   235.1809 1.0782e+01     2.0776      6.132      8.894    13.4723   999.3595 0.0000e+00
      6.268      0.044     0.5795      8.429     27.732  21.311672     0.9696      6.753   235.2056 1.0627e+01     2.0850      6.144      8.912    13.4596   999.3613 0.0000e+00
      6.283      0.045     0.5872      8.369     27.733  21.311834     0.9638      6.752   235.2395 1.0470e+01     2.0600      6.162      8.938    13.4534   999.3621 0.0000e+00
      6.298      0.045     0.5979      8.179     27.716  21.302028     0.9553      6.750   235.2461 1.0368e+01     2.0152      6.178      8.960    13.4405   999.3639 0.0000e+00
      6.309      0.042     0.6113      7.857     27.735  21.319942     0.9228      6.749   235.2846 1.0316e+01     2.0240      6.188      8.974    13.4256   999.3660 0.0000e+00
      6.318      0.037     0.6203      7.399     27.761  21.338191     0.8486      6.748   235.3614 1.0250e+01     2.0972      6.195      8.985    13.4192   999.3669 0.0000e+00
      6.328      0.030     0.6141      6.877     27.760  21.332427     0.7921      6.747   235.4873 1.0158e+01     2.1115      6.205      9.000    13.4167   999.3673 0.0000e+00
      6.336      0.024     0.6001      6.325     27.737  21.313664     0.7645      6.747   235.6022 1.0090e+01     2.0588      6.215      9.014    13.4251   999.3662 0.0000e+00
      6.340      0.021     0.5784      5.740     27.716  21.301563     0.7245      6.747   235.5457 1.0058e+01     2.0433      6.219      9.020    13.4391   999.3643 0.0000e+00
      6.341      0.019     0.5411      5.185     27.721  21.312944     0.6802      6.747   235.4065 1.0035e+01     2.0625      6.219      9.019    13.4308   999.3654 0.0000e+00
      6.344      0.019     0.5024      4.731     27.725  21.324458     0.6584      6.746   235.3818 1.0004e+01     2.0505      6.219      9.021    13.4177   999.3673 0.0000e+00
      6.349      0.019     0.4641      4.431     27.702  21.313965     0.6517      6.744   235.5055 9.9754e+00     2.0355      6.226      9.029    13.4125   999.3679 0.0000e+00
      6.355      0.021     0.4179      4.338     27.694  21.312907     0.6372      6.742   235.5255 9.9571e+00     2.0524      6.232      9.039    13.4210   999.3668 0.0000e+00
      6.362      0.024     0.3759      4.480     27.781  21.375081     0.6170      6.742   235.3660 9.9526e+00     2.0833      6.239      9.049    13.4407   999.3642 0.0000e+00
      6.367      0.027     0.3417      4.835     27.962  21.494984     0.5975      6.742   235.2971 9.9644e+00     2.0996      6.245      9.057    13.4534   999.3626 0.0000e+00
      6.373      0.029     0.3175      5.330     28.166  21.621168     0.5738      6.741   235.2945 9.9535e+00     2.0791      6.249      9.062    13.4675   999.3607 0.0000e+00
      6.381      0.031     0.3108      5.894     28.301  21.695857     0.5874      6.740   235.2484 9.9134e+00     2.1440      6.256      9.073    13.4816   999.3588 0.0000e+00
      6.391      0.031     0.3201      6.391     28.335  21.700451     0.6390      6.739   235.2557 9.8927e+00     2.2995      6.269      9.091    13.4802   999.3591 0.0000e+00
      6.400      0.030     0.3507      6.654     28.321  21.676681     0.6632      6.738   235.2968 9.8875e+00     2.3461      6.278      9.105    13.4408   999.3645 0.0000e+00
      6.408      0.028     0.3868      6.571     28.311  21.662103     0.6602      6.737   235.3154 9.8752e+00     2.2957      6.284      9.114    13.3757   999.3731 0.0000e+00
      6.415      0.025     0.4329      6.108     28.381  21.714432     0.6027      6.735   235.3093 9.8694e+00     2.2734      6.292      9.125    13.3217   999.3803 0.0000e+00
      6.421      0.025     0.4749      5.357     28.580  21.865478     0.5029      6.735   235.3078 9.8845e+00     2.2827      6.298      9.135    13.2839   999.3853 0.0000e+00
      6.424      0.028     0.4963      4.449     28.721  21.966419     0.4640      6.735   235.3841 9.9135e+00     2.3056      6.300      9.138    13.2607   999.3882 0.0000e+00
      6.428      0.032     0.4928      3.475     28.676  21.920254     0.4656      6.734   235.5432 9.9148e+00     2.3101      6.301      9.139    13.2510   999.3895 0.0000e+00
      6.435      0.036     0.4552      2.565     28.637  21.878022     0.4560      6.733   235.6835 9.8520e+00     2.2678      6.308      9.149    13.2513   999.3894 0.0000e+00
      6.449      0.038     0.3961      1.859     28.679  21.899695     0.4715      6.732   235.7896 9.7558e+00     2.2403      6.323      9.171    13.2536   999.3893 0.0000e+00
      6.465      0.038     0.3282      1.373     28.727  21.928620     0.5103      6.732   235.8795 9.6864e+00     2.2527      6.342      9.198    13.2416   999.3911 0.0000e+00
      6.477      0.036     0.2540      1.053     28.792  21.974085     0.5243      6.731   235.8236 9.6664e+00     2.2464      6.355      9.216    13.2177   999.3942 0.0000e+00
      6.483      0.032     0.1812      0.827     28.837  22.005504     0.5267      6.730   235.7166 9.6701e+00     2.2321      6.359      9.223    13.1936   999.3973 0.0000e+00
      6.487      0.026     0.1310      0.672     28.823  21.991420     0.5485      6.730   235.7044 9.6462e+00     2.2524      6.360      9.224    13.1742   999.3998 0.0000e+00
      6.493      0.021     0.0962      0.582     28.831  21.994038     0.5776      6.729   235.7611 9.5894e+00     2.2854      6.366      9.232    13.1627   999.4013 0.0000e+00
      6.500      0.019     0.0754      0.506     28.974  22.100573     0.5926      6.727   235.7999 9.5419e+00     2.2873      6.376      9.247    13.1569   999.4022 0.0000e+00
      6.505      0.020     0.0598      0.446     29.278  22.328281     0.5874      6.725   235.7439 9.5317e+00     2.2757      6.380      9.254    13.1518   999.4029 0.0000e+00
