Data/DataNotYetUploadedToEDI/Raw_CTD/RawDownloads/070218_fcr45.cnv
* Sea-Bird SBE19plus  Data File:
* FileName = C:\DATA\070218_fcr_0005.hex
* Software version 2.6.3.104
* Temperature SN = 7809
* Conductivity SN = 7809
* System UpLoad Time = Jul 03 2018 07:36:43
* <ApplicationData>
* <Seaterm232>
# nquan = 17
# nvalues = 528                         
# units = specified
# name 0 = depFM: Depth [fresh water, m]
# name 1 = tv290C: Temperature [ITS-90, deg C]
# name 2 = sbeox0Mg/L: Oxygen, SBE 43 [mg/l]
# name 3 = sbeox0PS: Oxygen, SBE 43 [% saturation]
# name 4 = c0uS/cm: Conductivity [uS/cm]
# name 5 = specc: Specific Conductance [uS/cm]
# name 6 = ph: pH
# name 7 = orp: Oxidation Reduction Potential [mV]
# name 8 = flECO-AFL: Fluorescence, WET Labs ECO-AFL/FL [mg/m^3]
# name 9 = turbWETntu0: Turbidity, WET Labs ECO [NTU]
# name 10 = sal00: Salinity, Practical [PSU]
# name 11 = dz/dtM: Descent Rate [m/s]
# name 12 = prdM: Pressure, Strain Gauge [db]
# name 13 = prdE: Pressure, Strain Gauge [psi]
# name 14 = scan: Scan Count
# name 15 = par/sat/log: PAR/Logarithmic, Satlantic
# name 16 = flag:  0.000e+00
# span 0 =     -0.523,      7.204       
# span 1 =    10.9400,    30.2453       
# span 2 =     2.1893,    12.1926       
# span 3 =     20.602,    139.917       
# span 4 =   2.097540,  37.307004       
# span 5 =      1.903,     45.911       
# span 6 =      6.224,      8.592       
# span 7 =   166.4842,  1240.2295       
# span 8 =    -0.8370,     6.7448       
# span 9 =    -0.5734,     4.8783       
# span 10 =     0.0136,     0.0245      
# span 11 =     -0.008,      0.203      
# span 12 =     -0.513,      7.064      
# span 13 =     -0.744,     10.246      
# span 14 =          1,        528      
# span 15 = 3.3442e-01, 2.8395e+03      
# span 16 = 0.0000e+00, 0.0000e+00      
# interval = seconds: 0.25
# start_time = Jul 02 2018 17:03:12 [Instrument's time stamp, header]
# bad_flag = -9.990e-29
*END*
[from data line 341]
      4.543    11.2848     7.2418     65.878  32.557664     44.831      6.520   270.5917     4.1973     3.4550     0.0232      0.060      4.455      6.462        342 9.5220e+00 0.0000e+00
      4.555    11.2712     7.2166     65.636  32.572130     44.851      6.517   270.6674     4.2095     3.5087     0.0232      0.055      4.467      6.479        343 9.4301e+00 0.0000e+00
      4.566    11.2649     7.2162     65.626  32.563121     44.873      6.515   270.7431     4.4359     3.3744     0.0232      0.052      4.477      6.494        344 9.4183e+00 0.0000e+00
      4.576    11.2716     7.2305     65.748  32.568883     44.890      6.510   271.3488     4.4238     3.3475     0.0232      0.050      4.487      6.509        345 9.4011e+00 0.0000e+00
      4.586    11.2809     7.2696     66.095  32.564967     44.898      6.507   271.4624     4.4036     3.2804     0.0232      0.047      4.499      6.525        346 9.2957e+00 0.0000e+00
      4.601    11.2670     7.3109     66.461  32.567997     44.890      6.505   272.1060     4.3914     3.2670     0.0232      0.047      4.514      6.548        347 9.2033e+00 0.0000e+00
      4.622    11.2348     7.3617     66.916  32.505801     44.800      6.503   272.3710     4.4036     3.4012     0.0231      0.048      4.535      6.579        348 9.0244e+00 0.0000e+00
      4.653    11.2012     7.4034     67.293  32.523749     44.818      6.498   273.5067     4.7109     3.4550     0.0231      0.055      4.565      6.620        349 8.6709e+00 0.0000e+00
      4.690    11.1690     7.4434     67.657  32.664286     45.089      6.484   274.1503     4.6745     3.5221     0.0232      0.066      4.595      6.663        350 8.4962e+00 0.0000e+00
      4.711    11.1446     7.4762     67.959  32.746084     45.208      6.473   274.2638     4.6543     3.4281     0.0233      0.077      4.616      6.696        351 8.5284e+00 0.0000e+00
      4.721    11.1298     7.5023     68.193  32.807479     45.365      6.468   274.5288     4.6745     3.4415     0.0233      0.084      4.630      6.716        352 8.5670e+00 0.0000e+00
      4.733    11.1216     7.5214     68.364  32.795479     45.357      6.463   274.9074     4.4076     3.5624     0.0233      0.086      4.641      6.732        353 8.6657e+00 0.0000e+00
      4.744    11.1175     7.5272     68.413  32.790685     45.375      6.460   274.9831     4.4116     3.4550     0.0233      0.084      4.653      6.749        354 8.7684e+00 0.0000e+00
      4.758    11.1126     7.5318     68.451  32.872761     45.502      6.459   275.1724     4.4319     3.5490     0.0234      0.077      4.666      6.767        355 8.8350e+00 0.0000e+00
      4.770    11.1062     7.5296     68.429  32.930580     45.584      6.458   275.2481     4.3833     3.4952     0.0234      0.068      4.678      6.785        356 9.0108e+00 0.0000e+00
      4.781    11.1002     7.5392     68.514  32.926319     45.590      6.456   275.5131     3.8374     3.2804     0.0234      0.057      4.689      6.801        357 9.2183e+00 0.0000e+00
      4.793    11.0965     7.5379     68.501  32.937377     45.598      6.454   276.1188     3.8172     3.2938     0.0234      0.049      4.701      6.818        358 9.3967e+00 0.0000e+00
      4.806    11.0946     7.5306     68.434  32.976132     45.683      6.451   276.0431     3.8577     3.3207     0.0234      0.047      4.713      6.835        359 9.6116e+00 0.0000e+00
      4.817    11.0953     7.5283     68.411  32.996713     45.688      6.449   276.2324     3.8213     3.2535     0.0234      0.047      4.725      6.854        360 9.7635e+00 0.0000e+00
      4.833    11.0970     7.5261     68.389  32.971077     45.690      6.447   276.6867     3.6353     3.2938     0.0234      0.048      4.739      6.874        361 9.9670e+00 0.0000e+00
      4.848    11.0951     7.5247     68.374  32.948726     45.612      6.445   276.9138     3.6636     3.2804     0.0234      0.050      4.755      6.896        362 1.0199e+01 0.0000e+00
      4.864    11.0930     7.5313     68.434  32.965217     45.687      6.445   276.9138     3.6555     3.2938     0.0234      0.051      4.771      6.920        363 1.0392e+01 0.0000e+00
      4.884    11.0913     7.5294     68.421  32.950555     45.612      6.441   276.9138     3.6231     3.3341     0.0234      0.055      4.789      6.946        364 1.0644e+01 0.0000e+00
      4.902    11.0891     7.5266     68.404  32.966975     45.692      6.440   276.9896     3.5463     3.4684     0.0234      0.059      4.807      6.971        365 1.0903e+01 0.0000e+00
      4.917    11.0874     7.5259     68.391  32.944782     45.617      6.437   276.9896     3.5787     3.4012     0.0234      0.062      4.822      6.994        366 1.1182e+01 0.0000e+00
      4.933    11.0860     7.5266     68.387  32.918863     45.620      6.433   276.9896     3.5867     3.5087     0.0234      0.064      4.838      7.017        367 1.1392e+01 0.0000e+00
      4.950    11.0851     7.5311     68.426  32.939922     45.622      6.429   277.4817     3.5908     3.5758     0.0234      0.066      4.855      7.041        368 1.1625e+01 0.0000e+00
      4.967    11.0847     7.5328     68.437  32.977888     45.701      6.428   277.8224     3.5706     3.5087     0.0234      0.066      4.871      7.065        369 1.1857e+01 0.0000e+00
      4.984    11.0839     7.5391     68.487  32.990236     45.702      6.423   278.0496     2.8387     3.4012     0.0234      0.066      4.887      7.088        370 1.2064e+01 0.0000e+00
      4.999    11.0820     7.5331     68.426  32.983865     45.703      6.421   277.8981     2.8508     3.5087     0.0234      0.066      4.901      7.108        371 1.2310e+01 0.0000e+00
      5.010    11.0809     7.5302     68.399  33.045129     45.781      6.416   278.2010     2.8872     3.5221     0.0235      0.063      4.912      7.125        372 1.2565e+01 0.0000e+00
      5.020    11.0805     7.5284     68.381  33.091927     45.861      6.413   278.3903     2.8670     3.4818     0.0235      0.060      4.923      7.140        373 1.2827e+01 0.0000e+00
      5.031    11.0838     7.5317     68.408  33.044247     45.785      6.412   278.6931     2.7376     3.4550     0.0235      0.057      4.935      7.157        374 1.3027e+01 0.0000e+00
      5.045    11.0887     7.5242     68.336  33.045157     45.785      6.412   279.3746     2.7295     3.5087     0.0235      0.054      4.949      7.178        375 1.3207e+01 0.0000e+00
      5.063    11.0846     7.5187     68.286  33.090796     45.859      6.410   279.8289     2.7295     3.4952     0.0235      0.052      4.967      7.204        376 1.3210e+01 0.0000e+00
      5.085    11.0784     7.5188     68.286  33.046758     45.775      6.409   280.1696     2.7497     3.5490     0.0235      0.054      4.987      7.233        377 1.3226e+01 0.0000e+00
      5.106    11.0769     7.5154     68.261  33.040649     45.780      6.404   280.7753     2.4343     3.9249     0.0235      0.057      5.007      7.262        378 1.3307e+01 0.0000e+00
      5.125    11.0742     7.5138     68.260  33.039091     45.788      6.396   280.9646     2.4060     3.9249     0.0235      0.062      5.026      7.290        379 1.3245e+01 0.0000e+00
      5.145    11.0696     7.5126     68.263  32.989388     45.713      6.396   281.4189     2.4060     3.9518     0.0234      0.068      5.045      7.318        380 1.3272e+01 0.0000e+00
      5.164    11.0659     7.5071     68.214  33.043193     45.794      6.392   281.8731     2.4343     4.0324     0.0235      0.073      5.062      7.343        381 1.3360e+01 0.0000e+00
      5.178    11.0649     7.5048     68.189  33.090754     45.877      6.389   282.3653     2.4060     3.9518     0.0235      0.075      5.077      7.363        382 1.3451e+01 0.0000e+00
      5.189    11.0642     7.4994     68.131  33.048822     45.804      6.386   282.2896     2.4262     3.9249     0.0235      0.073      5.088      7.379        383 1.3566e+01 0.0000e+00
      5.198    11.0619     7.4979     68.112  33.036068     45.805      6.385   282.8196     2.4343     3.8981     0.0235      0.068      5.099      7.395        384 1.3602e+01 0.0000e+00
      5.210    11.0602     7.4972     68.096  33.047317     45.806      6.384   282.8574     2.4262     3.8846     0.0235      0.061      5.110      7.411        385 1.3609e+01 0.0000e+00
      5.223    11.0593     7.4964     68.078  33.034823     45.809      6.379   282.4789     2.2928     4.1129     0.0235      0.056      5.122      7.428        386 1.3651e+01 0.0000e+00
      5.234    11.0594     7.4954     68.061  33.051617     45.811      6.380   283.0467     2.2726     4.1532     0.0235      0.051      5.132      7.444        387 1.3746e+01 0.0000e+00
      5.244    11.0630     7.4933     68.036  33.085729     45.890      6.378   283.1603     2.2847     4.0995     0.0235      0.047      5.141      7.458        388 1.3847e+01 0.0000e+00
      5.251    11.0719     7.4909     68.009  33.051683     45.813      6.377   283.3496     2.2726     4.1129     0.0235      0.043      5.149      7.469        389 1.3921e+01 0.0000e+00
      5.259    11.0797     7.4897     67.996  33.034676     45.808      6.376   283.6146     2.9923     4.1801     0.0235      0.041      5.157      7.480        390 1.3939e+01 0.0000e+00
      5.268    11.0811     7.4847     67.951  33.047582     45.797      6.373   283.7282     3.0125     4.0726     0.0235      0.039      5.167      7.495        391 1.3941e+01 0.0000e+00
      5.281    11.0782     7.4833     67.939  33.035620     45.786      6.372   284.0689     2.9600     4.1801     0.0235      0.039      5.181      7.514        392 1.3819e+01 0.0000e+00
      5.300    11.0731     7.4827     67.932  33.049559     45.785      6.373   284.3717     2.9802     4.1129     0.0235      0.040      5.198      7.538        393 1.3615e+01 0.0000e+00
      5.318    11.0690     7.4770     67.878  33.089545     45.865      6.370   284.3339     2.9964     4.1264     0.0235      0.044      5.215      7.563        394 1.3545e+01 0.0000e+00
      5.335    11.0631     7.4742     67.849  33.045171     45.795      6.368   284.8260     2.4262     3.9921     0.0235      0.049      5.232      7.588        395 1.3378e+01 0.0000e+00
      5.352    11.0562     7.4795     67.894  33.045473     45.800      6.366   285.3182     2.4100     3.9115     0.0235      0.055      5.248      7.611        396 1.3257e+01 0.0000e+00
      5.366    11.0513     7.4776     67.880  33.089171     45.885      6.363   285.3560     2.4181     3.8444     0.0235      0.060      5.264      7.635        397 1.3114e+01 0.0000e+00
      5.386    11.0471     7.4765     67.871  33.050103     45.816      6.361   285.5453     2.4343     3.8981     0.0235      0.064      5.282      7.662        398 1.2820e+01 0.0000e+00
      5.408    11.0442     7.4768     67.870  33.094096     45.900      6.358   285.8482     2.1796     4.1532     0.0235      0.068      5.302      7.691        399 1.2566e+01 0.0000e+00
      5.428    11.0429     7.4748     67.848  33.093736     45.906      6.353   286.4160     2.1472     4.1801     0.0235      0.070      5.322      7.718        400 1.2308e+01 0.0000e+00
      5.445    11.0431     7.4683     67.786  33.050552     45.832      6.351   286.4917     2.1351     4.2203     0.0235      0.071      5.337      7.741        401 1.2238e+01 0.0000e+00
      5.453    11.0433     7.4660     67.763  33.088528     45.911      6.350   286.5674     2.1472     4.1532     0.0235      0.069      5.348      7.758        402 1.2177e+01 0.0000e+00
      5.465    11.0425     7.4623     67.730  33.046477     45.833      6.347   286.9082     2.0946     4.1264     0.0235      0.067      5.360      7.775        403 1.2009e+01 0.0000e+00
      5.480    11.0410     7.4536     67.659  33.043573     45.833      6.345   286.9082     2.0825     4.1398     0.0235      0.064      5.373      7.794        404 1.1843e+01 0.0000e+00
      5.493    11.0384     7.4387     67.544  33.092141     45.911      6.346   286.8703     2.0785     4.1264     0.0235      0.061      5.388      7.815        405 1.1640e+01 0.0000e+00
      5.510    11.0369     7.4446     67.601  33.045346     45.836      6.343   287.2110     2.0744     4.1264     0.0235      0.057      5.405      7.839        406 1.1420e+01 0.0000e+00
      5.531    11.0388     7.4440     67.611  32.983189     45.761      6.344   287.3624     1.9531     4.3278     0.0235      0.057      5.425      7.868        407 1.1105e+01 0.0000e+00
      5.553    11.0394     7.4458     67.623  32.991564     45.764      6.340   287.5517     1.9652     4.4889     0.0235      0.059      5.445      7.897        408 1.0883e+01 0.0000e+00
      5.572    11.0371     7.4475     67.620  33.034923     45.838      6.338   287.7032     1.9855     4.3412     0.0235      0.064      5.464      7.925        409 1.0667e+01 0.0000e+00
      5.590    11.0345     7.4491     67.624  32.988540     45.760      6.337   287.7032     1.9774     4.3143     0.0235      0.069      5.482      7.951        410 1.0410e+01 0.0000e+00
      5.610    11.0325     7.4588     67.706  32.989977     45.763      6.336   288.3089     1.9288     4.3412     0.0235      0.073      5.501      7.977        411 1.0266e+01 0.0000e+00
      5.627    11.0320     7.4615     67.726  33.033136     45.844      6.331   288.6117     1.9046     4.5426     0.0235      0.074      5.517      8.001        412 1.0073e+01 0.0000e+00
      5.640    11.0314     7.4703     67.803  32.994143     45.769      6.332   288.2710     1.9208     4.5963     0.0235      0.074      5.531      8.022        413 9.8987e+00 0.0000e+00
      5.653    11.0380     7.4571     67.684  32.979193     45.770      6.327   288.5360     1.9127     4.6098     0.0235      0.071      5.544      8.041        414 9.7489e+00 0.0000e+00
      5.665    11.0486     7.4527     67.642  32.992431     45.770      6.329   288.5739     1.8844     4.5560     0.0235      0.066      5.556      8.058        415 9.6306e+00 0.0000e+00
      5.676    11.0532     7.4459     67.581  32.977668     45.763      6.324   289.0282     1.8884     4.3546     0.0235      0.061      5.567      8.075        416 9.5436e+00 0.0000e+00
      5.690    11.0608     7.4365     67.506  32.997561     45.747      6.326   288.8389     1.9046     4.3681     0.0235      0.057      5.581      8.096        417 9.3435e+00 0.0000e+00
      5.708    11.0594     7.4228     67.389  33.026981     45.822      6.324   289.1039     1.8884     4.3278     0.0235      0.055      5.599      8.121        418 9.0809e+00 0.0000e+00
      5.730    11.0477     7.4140     67.312  33.000363     45.732      6.324   289.2175     1.9005     4.3949     0.0234      0.056      5.619      8.150        419 8.8170e+00 0.0000e+00
      5.751    11.0406     7.4109     67.285  33.030685     45.813      6.321   289.5960     1.8035     4.5292     0.0235      0.059      5.638      8.177        420 8.5710e+00 0.0000e+00
      5.767    11.0368     7.4082     67.260  32.989247     45.750      6.319   289.8610     1.8520     4.5292     0.0235      0.063      5.655      8.202        421 8.3927e+00 0.0000e+00
      5.782    11.0339     7.4112     67.287  32.933315     45.681      6.316   290.0125     1.8278     4.5829     0.0234      0.066      5.670      8.224        422 8.2374e+00 0.0000e+00
      5.797    11.0321     7.4192     67.361  32.981675     45.763      6.315   290.5425     1.8358     4.5023     0.0235      0.068      5.686      8.246        423 8.0550e+00 0.0000e+00
      5.814    11.0319     7.4243     67.398  32.988377     45.767      6.313   290.2775     1.7064     4.5023     0.0235      0.069      5.702      8.269        424 7.9181e+00 0.0000e+00
      5.830    11.0308     7.4274     67.416  32.984286     45.770      6.312   290.6560     1.6984     4.5426     0.0235      0.068      5.718      8.293        425 7.7724e+00 0.0000e+00
