Data/DataNotYetUploadedToEDI/Raw_CTD/RawDownloads/070218_fcr30.cnv
* Sea-Bird SBE19plus  Data File:
* FileName = C:\DATA\070218_fcr_0004.hex
* Software version 2.6.3.104
* Temperature SN = 7809
* Conductivity SN = 7809
* System UpLoad Time = Jul 03 2018 07:36:24
* <ApplicationData>
* <Seaterm232>
# nquan = 17
# nvalues = 510                         
# units = specified
# name 0 = depFM: Depth [fresh water, m]
# name 1 = tv290C: Temperature [ITS-90, deg C]
# name 2 = sbeox0Mg/L: Oxygen, SBE 43 [mg/l]
# name 3 = sbeox0PS: Oxygen, SBE 43 [% saturation]
# name 4 = c0uS/cm: Conductivity [uS/cm]
# name 5 = specc: Specific Conductance [uS/cm]
# name 6 = ph: pH
# name 7 = orp: Oxidation Reduction Potential [mV]
# name 8 = flECO-AFL: Fluorescence, WET Labs ECO-AFL/FL [mg/m^3]
# name 9 = turbWETntu0: Turbidity, WET Labs ECO [NTU]
# name 10 = sal00: Salinity, Practical [PSU]
# name 11 = dz/dtM: Descent Rate [m/s]
# name 12 = prdM: Pressure, Strain Gauge [db]
# name 13 = prdE: Pressure, Strain Gauge [psi]
# name 14 = scan: Scan Count
# name 15 = par/sat/log: PAR/Logarithmic, Satlantic
# name 16 = flag:  0.000e+00
# span 0 =     -0.520,      5.424       
# span 1 =    10.9753,    28.8744       
# span 2 =     0.0000,    11.5001       
# span 3 =      0.000,    129.821       
# span 4 =   1.093114,  38.371677       
# span 5 =      1.019,     50.772       
# span 6 =      5.888,      8.395       
# span 7 = -1240.7455,  1240.2295       
# span 8 =    -0.7763,     7.3109       
# span 9 =    -0.8151,    52.9235       
# span 10 =     0.0131,     0.0264      
# span 11 =     -0.132,      0.216      
# span 12 =     -0.509,      5.318      
# span 13 =     -0.739,      7.714      
# span 14 =          1,        510      
# span 15 = 4.7599e+00, 2.7648e+03      
# span 16 = 0.0000e+00, 0.0000e+00      
# interval = seconds: 0.25
# start_time = Jul 02 2018 16:41:20 [Instrument's time stamp, header]
# bad_flag = -9.990e-29
*END*
[from data line 86]
      0.008    27.8326     7.1419     90.951  35.623354     33.739      8.047   199.6851     1.3789     0.7559     0.0239      0.005      0.009      0.012         87 2.1172e+02 0.0000e+00
      0.013    27.8379     7.0334     89.567  35.599993     33.678      8.047   200.0258     1.3425     0.9976     0.0238      0.003      0.012      0.017         88 2.1189e+02 0.0000e+00
      0.015    27.8400     6.9204     88.141  35.623656     33.724      8.050   200.1393     1.3425     0.9976     0.0239      0.002      0.015      0.021         89 2.1310e+02 0.0000e+00
      0.018    27.8439     6.7966     86.607  35.593901     33.668      8.054   200.8586     1.3627     1.0111     0.0238      0.003      0.014      0.020         90 2.2054e+02 0.0000e+00
      0.010    27.8458     6.6786     85.150  35.637020     33.719      8.055   201.2372     1.3668     0.9305     0.0239      0.002      0.005      0.008         91 2.3138e+02 0.0000e+00
     -0.013    27.8462     6.5850     84.023  35.688624     33.769      8.060   201.3129     1.3385     0.9574     0.0239     -0.005     -0.011     -0.015         92 2.3451e+02 0.0000e+00
     -0.028    27.8450     6.5330     83.418  35.588994     33.663      8.061   201.4265     1.2697     1.0379     0.0238     -0.014     -0.021     -0.030         93 2.3063e+02 0.0000e+00
     -0.021    27.8394     6.5061     83.099  35.642376     33.715      8.061   209.1872     1.2940     0.9036     0.0239     -0.018     -0.017     -0.024         94 2.1950e+02 0.0000e+00
     -0.002    27.8305     6.4963     82.975  35.711163     33.795      8.059   220.2415     1.3304     1.0379     0.0239     -0.017     -0.001     -0.001         95 2.1123e+02 0.0000e+00
      0.020    27.8202     6.5102     83.147  35.651679     33.720      8.058   226.4501     1.3183     1.0514     0.0239     -0.009      0.019      0.028         96 2.0153e+02 0.0000e+00
      0.043    27.8143     6.5523     83.673  35.716405     33.805      8.053   223.6487     1.3304     0.9842     0.0239      0.006      0.038      0.054         97 2.0018e+02 0.0000e+00
      0.052    27.8127     6.6114     84.418  35.749247     33.838      8.052   211.7237     1.3587     0.9574     0.0239      0.021      0.048      0.069         98 2.0983e+02 0.0000e+00
      0.051    27.8224     6.6402     84.783  35.729443     33.815      8.048   227.2073     1.3344     0.9574     0.0239      0.035      0.048      0.069         99 2.1085e+02 0.0000e+00
      0.045    27.8480     6.6373     84.745  35.770711     33.869      8.053   227.6237     1.3749     1.0379     0.0239      0.043      0.044      0.063        100 2.0858e+02 0.0000e+00
      0.039    27.8805     6.6056     84.342  35.786864     33.863      8.056   227.8887     1.3668     0.9842     0.0239      0.039      0.036      0.052        101 2.1317e+02 0.0000e+00
      0.025    27.9239     6.5587     83.746  35.768653     33.846      8.060   227.3966     1.3506     0.9171     0.0239      0.024      0.025      0.036        102 2.1282e+02 0.0000e+00
      0.012    27.9643     6.4776     82.715  35.793363     33.826      8.065   225.5794     1.3668     1.0111     0.0239      0.004      0.012      0.017        103 2.1689e+02 0.0000e+00
      0.000    27.9811     6.3913     81.618  35.785753     33.824      8.062   211.7994     1.3547     0.8634     0.0239     -0.015     -0.002     -0.003        104 2.3361e+02 0.0000e+00
     -0.019    27.9820     6.2952     80.398  35.748444     33.719      8.059   210.7394     1.3547     1.0648     0.0239     -0.033     -0.017     -0.024        105 2.4139e+02 0.0000e+00
     -0.033    27.9775     6.2029     79.228  35.750801     33.761      8.058   210.4365     1.3506     1.0111     0.0239     -0.043     -0.022     -0.032        106 2.3172e+02 0.0000e+00
     -0.013    27.9699     6.1220     78.204  35.664182     33.629      8.058   220.0901     1.3587     0.9708     0.0239     -0.041     -0.012     -0.017        107 2.1492e+02 0.0000e+00
      0.008    27.9637     6.0514     77.310  35.618980     33.632      8.055   228.5701     1.3425     1.1051     0.0239     -0.029      0.005      0.007        108 2.1414e+02 0.0000e+00
      0.017    27.9615     5.9908     76.542  35.658767     33.637      8.057   223.4216     1.3506     1.0916     0.0239     -0.015      0.016      0.023        109 2.1455e+02 0.0000e+00
      0.023    27.9613     5.9331     75.812  35.733300     33.746      8.058   228.6459     1.3627     1.0514     0.0239      0.002      0.022      0.031        110 2.0998e+02 0.0000e+00
      0.025    27.9618     5.8908     75.279  35.733832     33.721      8.056   229.1380     1.3506     1.0514     0.0239      0.015      0.025      0.036        111 2.1113e+02 0.0000e+00
      0.026    27.9637     5.8482     74.739  35.717421     33.721      8.056   229.5166     1.3506     1.0111     0.0239      0.025      0.025      0.036        112 2.1208e+02 0.0000e+00
      0.024    27.9669     5.8116     74.277  35.724066     33.721      8.054   229.4787     1.3304     0.9574     0.0239      0.029      0.023      0.034        113 2.1334e+02 0.0000e+00
      0.021    27.9705     5.7820     73.901  35.725564     33.720      8.054   229.4030     1.3425     1.0648     0.0239      0.024      0.021      0.030        114 2.1536e+02 0.0000e+00
      0.019    27.9750     5.7504     73.499  35.745214     33.744      8.060   229.3273     1.3749     1.0245     0.0239      0.012      0.019      0.027        115 2.1765e+02 0.0000e+00
      0.018    27.9815     5.7246     73.167  35.729267     33.715      8.056   229.7437     1.3425     1.0245     0.0239      0.003      0.019      0.027        116 2.1777e+02 0.0000e+00
      0.020    27.9882     5.7136     73.022  35.715750     33.712      8.059   230.0844     1.3587     0.9439     0.0239     -0.002      0.020      0.028        117 2.1684e+02 0.0000e+00
      0.021    27.9940     5.7291     73.205  35.732376     33.708      8.059   229.7437     1.3627     0.7425     0.0239     -0.003      0.021      0.030        118 2.1633e+02 0.0000e+00
      0.022    27.9994     5.7991     74.070  35.708573     33.704      8.059   230.0466     1.3587     0.7828     0.0239     -0.003      0.021      0.031        119 2.1681e+02 0.0000e+00
      0.021    28.0045     5.9016     75.339  35.656396     33.621      8.059   230.3116     1.3506     0.7828     0.0239     -0.002      0.020      0.030        120 2.1713e+02 0.0000e+00
      0.019    28.0093     5.9913     76.441  35.737991     33.723      8.060   230.7280     1.3668     0.8097     0.0239     -0.001      0.019      0.028        121 2.1640e+02 0.0000e+00
      0.019    28.0137     6.0595     77.287  35.784972     33.746      8.059   230.6144     1.3506     1.0379     0.0239      0.000      0.019      0.027        122 2.1590e+02 0.0000e+00
      0.020    28.0172     6.0958     77.799  35.775871     33.743      8.059   230.8416     1.3830     1.1319     0.0239      0.000      0.020      0.028        123 2.1614e+02 0.0000e+00
      0.020    28.0199     6.1202     78.173  35.778972     33.741      8.059   231.2959     1.3627     0.9574     0.0239      0.000      0.020      0.029        124 2.1625e+02 0.0000e+00
      0.021    28.0213     6.1546     78.666  35.721796     33.686      8.059   230.9551     1.3547     0.9708     0.0239     -0.000      0.022      0.032        125 2.1677e+02 0.0000e+00
      0.027    28.0197     6.1775     79.023  35.728393     33.684      8.054   216.2665     1.3627     0.9574     0.0239      0.001      0.029      0.042        126 2.2764e+02 0.0000e+00
      0.040    28.0148     6.1903     79.258  35.741104     33.709      8.044   229.8194     1.3425     1.0111     0.0239      0.006      0.042      0.060        127 2.1937e+02 0.0000e+00
      0.060    28.0035     6.1901     79.289  35.646662     33.605      8.036   214.2980     1.3627     0.9708     0.0239      0.015      0.062      0.090        128 1.8061e+02 0.0000e+00
      0.090    27.9804     6.1921     79.338  35.638322     33.608      8.030   224.6330     1.3668     1.0379     0.0239      0.030      0.090      0.130        129 1.6931e+02 0.0000e+00
      0.124    27.9517     6.1867     79.288  35.632856     33.615      8.026   210.9665     1.3547     1.0514     0.0239      0.048      0.120      0.174        130 1.7782e+02 0.0000e+00
      0.154    27.9189     6.1867     79.290  35.594156     33.577      8.022   210.5501     1.3830     0.9976     0.0238      0.067      0.147      0.214        131 1.7942e+02 0.0000e+00
      0.173    27.9042     6.1877     79.301  35.686495     33.701      8.020   210.5122     1.3304     1.0782     0.0239      0.082      0.165      0.239        132 1.8090e+02 0.0000e+00
      0.178    27.9362     6.1884     79.305  35.725558     33.748      8.022   209.9065     1.3830     1.0514     0.0239      0.089      0.172      0.249        133 1.7991e+02 0.0000e+00
      0.175    27.9831     6.1894     79.315  35.723501     33.759      8.021   210.0958     1.3587     0.9842     0.0239      0.085      0.172      0.249        134 1.8135e+02 0.0000e+00
      0.173    28.0213     6.1817     79.219  35.778033     33.789      8.020   209.9065     1.4194     0.9574     0.0239      0.072      0.171      0.249        135 1.7955e+02 0.0000e+00
      0.177    28.0682     6.1689     79.070  35.776314     33.760      8.022   209.6037     1.4355     1.0379     0.0239      0.055      0.173      0.251        136 1.7321e+02 0.0000e+00
      0.179    28.1174     6.1446     78.774  35.784935     33.735      8.024   210.9287     1.4355     1.0916     0.0239      0.036      0.175      0.254        137 1.6686e+02 0.0000e+00
      0.179    28.1427     6.1079     78.312  35.796940     33.733      8.022   225.5037     1.4234     1.1319     0.0239      0.019      0.177      0.257        138 1.5954e+02 0.0000e+00
      0.185    28.1586     6.0652     77.763  35.791008     33.674      8.020   211.9508     1.4355     0.9305     0.0239      0.010      0.180      0.261        139 1.5928e+02 0.0000e+00
      0.184    28.1722     6.0183     77.161  35.821954     33.711      8.012   229.1759     1.4194     1.0379     0.0239      0.005      0.180      0.261        140 1.6069e+02 0.0000e+00
      0.181    28.1746     5.9704     76.557  35.788073     33.648      8.008   212.5944     1.4355     1.0648     0.0239      0.004      0.179      0.260        141 1.6567e+02 0.0000e+00
      0.184    28.1727     5.9257     76.003  35.773848     33.640      8.006   212.1401     1.4436     1.0916     0.0239      0.005      0.180      0.261        142 1.6771e+02 0.0000e+00
      0.186    28.1689     5.8848     75.494  35.780334     33.639      8.006   212.2158     1.4194     0.9976     0.0239      0.005      0.183      0.265        143 1.7596e+02 0.0000e+00
      0.191    28.1669     5.8557     75.134  35.750342     33.613      8.006   211.8751     1.4113     1.0245     0.0239      0.005      0.186      0.271        144 1.7560e+02 0.0000e+00
      0.194    28.1691     5.8392     74.951  35.781518     33.642      8.009   211.5344     1.4032     1.0379     0.0239      0.006      0.190      0.276        145 1.8790e+02 0.0000e+00
      0.197    28.1794     5.8511     75.142  35.771195     33.643      8.014   214.6387     1.4477     1.0648     0.0239      0.008      0.193      0.280        146 1.7744e+02 0.0000e+00
      0.198    28.1915     5.9278     76.144  35.733529     33.590      8.016   215.0930     1.4355     1.0245     0.0239      0.008      0.194      0.282        147 2.0051e+02 0.0000e+00
      0.198    28.1967     6.0569     77.815  35.769076     33.635      8.016   217.4780     1.4234     1.0111     0.0239      0.009      0.196      0.285        148 1.6072e+02 0.0000e+00
      0.204    28.1958     6.1948     79.598  35.756613     33.601      8.016   214.1465     1.4032     0.9976     0.0239      0.011      0.203      0.294        149 2.2819e+02 0.0000e+00
      0.218    28.1957     6.3024     80.993  35.719377     33.572      8.010   214.7144     1.4194     0.9842     0.0239      0.014      0.214      0.311        150 1.5155e+02 0.0000e+00
      0.233    28.2039     6.4004     82.257  35.726439     33.573      8.001   217.3265     1.3870     1.0245     0.0239      0.019      0.227      0.329        151 3.0521e+02 0.0000e+00
      0.242    28.2172     6.4719     83.175  35.718165     33.573      8.000   213.6165     1.4113     0.9842     0.0239      0.024      0.235      0.340        152 1.0783e+03 0.0000e+00
      0.242    28.2291     6.5134     83.688  35.729674     33.567      8.001   213.7680     1.4153     1.0648     0.0239      0.027      0.236      0.343        153 1.0424e+03 0.0000e+00
      0.240    28.2395     6.5090     83.596  35.771431     33.611      7.999   213.5030     1.4072     1.0648     0.0239      0.027      0.236      0.343        154 1.1983e+03 0.0000e+00
      0.243    28.2613     6.4630     82.978  35.755167     33.578      7.999   213.5408     1.1929     0.8365     0.0239      0.026      0.232      0.338        155 8.7893e+02 0.0000e+00
      0.230    28.2890     6.3935     82.063  35.779565     33.597      7.995   213.9194     1.2091     0.8097     0.0239      0.019      0.216      0.313        156 6.6475e+02 0.0000e+00
      0.185    28.3032     6.3347     81.286  35.830033     33.637      7.998   213.8058     1.1686     0.8097     0.0239     -0.001      0.179      0.259        157 1.6817e+03 0.0000e+00
      0.132    28.3109     6.2817     80.585  35.840638     33.618      8.000   214.2222     1.1606     0.7962     0.0239     -0.033      0.130      0.189        158 1.4195e+03 0.0000e+00
      0.080    28.3203     6.2352     79.970  35.884987     33.662      8.004   214.6387     1.1727     0.8097     0.0239     -0.069      0.082      0.119        159 1.4147e+03 0.0000e+00
      0.037    28.3278     6.1973     79.468  35.893464     33.657      8.006   214.4872     1.2980     0.8499     0.0239     -0.103      0.045      0.065        160 2.0689e+03 0.0000e+00
      0.020    28.3315     6.1670     79.065  35.741110     33.520      8.010   214.6387     1.3021     0.8097     0.0239     -0.125      0.026      0.038        161 1.9784e+03 0.0000e+00
      0.023    28.3311     6.1419     78.730  35.659377     33.410      8.009   214.9415     1.3223     0.7828     0.0239     -0.132      0.023      0.033        162 2.0975e+03 0.0000e+00
      0.026    28.3174     6.1173     78.405  35.757915     33.540      8.013   215.1308     1.2697     0.7828     0.0239     -0.125      0.025      0.036        163 1.8581e+03 0.0000e+00
      0.028    28.2934     6.0888     78.031  35.737110     33.487      8.015   215.2822     0.9584    -0.1706     0.0239     -0.102      0.027      0.040        164 6.4114e+02 0.0000e+00
      0.029    28.2743     6.0556     77.599  35.714927     33.496      8.018   215.3580     0.9745    -0.0229     0.0239     -0.069      0.028      0.041        165 3.8178e+02 0.0000e+00
      0.028    28.2589     6.0137     77.056  35.755870     33.537      8.018   215.2822     0.9705    -0.0363     0.0239     -0.038      0.028      0.040        166 1.0011e+03 0.0000e+00
      0.028    28.2436     5.9713     76.506  35.715825     33.523      8.021   215.6230     0.9624    -0.0900     0.0239     -0.014      0.028      0.040        167 1.4661e+03 0.0000e+00
      0.029    28.2287     5.9338     76.019  35.646141     33.454      8.027   215.3958     0.9058     0.9842     0.0239      0.000      0.028      0.041        168 1.5033e+03 0.0000e+00
      0.030    28.2155     5.8917     75.473  35.723967     33.542      8.032   216.1151     0.8937     1.0245     0.0239      0.004      0.029      0.042        169 1.6972e+03 0.0000e+00
      0.030    28.2042     5.8569     75.017  35.767267     33.604      8.034   215.9637     0.9058     1.1051     0.0239      0.003      0.029      0.043        170 1.5490e+03 0.0000e+00
