Data/DataNotYetUploadedToEDI/Raw_CTD/RawDownloads/070218_fcr20.cnv
* Sea-Bird SBE19plus  Data File:
* FileName = C:\DATA\070218_fcr_0003.hex
* Software version 2.6.3.104
* Temperature SN = 7809
* Conductivity SN = 7809
* System UpLoad Time = Jul 03 2018 07:36:06
* <ApplicationData>
* <Seaterm232>
# nquan = 17
# nvalues = 377                         
# units = specified
# name 0 = depFM: Depth [fresh water, m]
# name 1 = tv290C: Temperature [ITS-90, deg C]
# name 2 = sbeox0Mg/L: Oxygen, SBE 43 [mg/l]
# name 3 = sbeox0PS: Oxygen, SBE 43 [% saturation]
# name 4 = c0uS/cm: Conductivity [uS/cm]
# name 5 = specc: Specific Conductance [uS/cm]
# name 6 = ph: pH
# name 7 = orp: Oxidation Reduction Potential [mV]
# name 8 = flECO-AFL: Fluorescence, WET Labs ECO-AFL/FL [mg/m^3]
# name 9 = turbWETntu0: Turbidity, WET Labs ECO [NTU]
# name 10 = sal00: Salinity, Practical [PSU]
# name 11 = dz/dtM: Descent Rate [m/s]
# name 12 = prdM: Pressure, Strain Gauge [db]
# name 13 = prdE: Pressure, Strain Gauge [psi]
# name 14 = scan: Scan Count
# name 15 = par/sat/log: PAR/Logarithmic, Satlantic
# name 16 = flag:  0.000e+00
# span 0 =     -0.499,      3.502       
# span 1 =    15.2404,    27.9509       
# span 2 =     0.1199,    12.1204       
# span 3 =      1.222,    136.784       
# span 4 =   1.741605,  93.836857       
# span 5 =      1.651,    116.628       
# span 6 =      6.385,      7.975       
# span 7 =   160.5028,  1240.2295       
# span 8 =    -0.8491,    10.6752       
# span 9 =    -5.5552,     9.3095       
# span 10 =     0.0128,     0.0568      
# span 11 =     -0.158,      0.146      
# span 12 =     -0.490,      3.432      
# span 13 =     -0.710,      4.978      
# span 14 =          1,        377      
# span 15 = 2.1526e+01, 2.7305e+03      
# span 16 = 0.0000e+00, 0.0000e+00      
# interval = seconds: 0.25
# start_time = Jul 02 2018 16:11:23 [Instrument's time stamp, header]
# bad_flag = -9.990e-29
*END*
[from data line 171]
      0.146    27.4312     5.7519     72.434  35.422385     33.787      7.899   235.7252     1.4194     0.9036     0.0238      0.057      0.141      0.205        172 6.8670e+02 0.0000e+00
      0.160    27.4406     6.3646     79.921  35.409609     33.779      7.909   235.3844     1.4113     1.0379     0.0238      0.065      0.156      0.227        173 1.6703e+03 0.0000e+00
      0.173    27.4423     7.1957     90.198  35.421733     33.769      7.918   235.5737     1.4032     0.9305     0.0238      0.069      0.171      0.248        174 1.5123e+03 0.0000e+00
      0.190    27.4407     7.9961    100.141  35.407290     33.763      7.919   235.8387     1.3910     0.9171     0.0238      0.070      0.187      0.272        175 1.2180e+03 0.0000e+00
      0.210    27.4386     8.7075    108.999  35.368265     33.709      7.913   236.3309     1.3708     1.1991     0.0238      0.069      0.207      0.301        176 1.4960e+03 0.0000e+00
      0.234    27.4362     9.2828    116.155  35.351669     33.709      7.904   236.8987     1.3668     1.1319     0.0238      0.071      0.230      0.334        177 1.2658e+03 0.0000e+00
      0.260    27.4375     9.6879    121.157  35.368629     33.711      7.903   236.5580     1.3547     1.0916     0.0238      0.073      0.255      0.370        178 6.1285e+02 0.0000e+00
      0.287    27.4397     9.9172    123.960  35.406475     33.766      7.897   236.9366     1.3749     1.2931     0.0238      0.077      0.279      0.405        179 7.6483e+02 0.0000e+00
      0.307    27.4421     9.9246    124.014  35.423202     33.765      7.890   236.9744     1.3587     1.2125     0.0238      0.081      0.302      0.437        180 6.3878e+02 0.0000e+00
      0.330    27.3702     9.7665    122.013  35.347813     33.710      7.882   237.2016     1.3708     0.9708     0.0238      0.087      0.324      0.469        181 4.5712e+02 0.0000e+00
      0.352    27.1889     9.5441    119.197  35.174066     33.523      7.873   237.3909     1.3506     0.9842     0.0237      0.090      0.345      0.499        182 1.5759e+03 0.0000e+00
      0.371    27.0246     9.3375    116.593  35.046294     33.458      7.871   237.7694     1.3223     0.9574     0.0236      0.091      0.363      0.526        183 1.2368e+03 0.0000e+00
      0.386    26.9285     9.1542    114.289  35.002694     33.527      7.868   238.2616     1.3506     0.9574     0.0236      0.088      0.378      0.548        184 3.4950e+02 0.0000e+00
      0.399    26.8765     8.9984    112.314  35.050459     33.683      7.872   238.7159     1.6377     1.1588     0.0236      0.082      0.392      0.568        185 3.4000e+02 0.0000e+00
      0.414    26.8515     8.8656    110.608  35.105553     33.801      7.880   238.9809     1.6134     1.2125     0.0237      0.075      0.407      0.591        186 5.7170e+02 0.0000e+00
      0.432    26.8284     8.7655    109.311  35.052807     33.780      7.885   239.4352     1.6458     1.1319     0.0236      0.070      0.426      0.619        187 5.8810e+02 0.0000e+00
      0.457    26.7990     8.7062    108.517  35.056814     33.797      7.896   240.3059     1.5851     1.0648     0.0236      0.069      0.451      0.654        188 4.5139e+02 0.0000e+00
      0.491    26.7695     8.6841    108.164  35.100581     33.865      7.907   240.9116     1.7550     1.1185     0.0237      0.073      0.480      0.696        189 3.2450e+02 0.0000e+00
      0.519    26.7526     8.7011    108.258  35.116980     33.885      7.916   241.1766     1.7550     1.0379     0.0237      0.079      0.506      0.735        190 3.2306e+02 0.0000e+00
      0.539    26.7400     8.7276    108.474  35.125390     33.931      7.929   241.5930     1.7469     0.9842     0.0237      0.085      0.527      0.765        191 1.8524e+02 0.0000e+00
      0.557    26.7237     8.7472    108.616  35.119784     33.915      7.934   241.5173     1.7307     0.9305     0.0237      0.090      0.546      0.792        192 4.4410e+02 0.0000e+00
      0.575    26.7116     8.7505    108.567  35.153623     33.977      7.937   241.7445     1.8116     1.0648     0.0237      0.092      0.564      0.818        193 1.2980e+03 0.0000e+00
      0.593    26.7042     8.7390    108.348  35.172257     33.988      7.939   241.4416     1.7914     1.0111     0.0237      0.091      0.583      0.844        194 6.0794e+02 0.0000e+00
      0.613    26.6892     8.7200    108.047  35.155915     33.996      7.943   242.0095     1.8278     0.9842     0.0237      0.087      0.603      0.874        195 1.0159e+03 0.0000e+00
      0.636    26.6657     8.6990    107.733  35.114652     33.947      7.943   241.9716     1.7873     0.8768     0.0237      0.083      0.624      0.904        196 1.7703e+03 0.0000e+00
      0.656    26.6407     8.7155    107.892  35.134642     33.983      7.942   243.0316     2.0704     1.1453     0.0237      0.078      0.644      0.934        197 6.6149e+02 0.0000e+00
      0.676    26.6136     8.7729    108.566  35.101388     33.972      7.939   243.4480     2.0663     1.1319     0.0237      0.077      0.666      0.965        198 3.4294e+02 0.0000e+00
      0.703    26.5722     8.8561    109.546  35.007763     33.880      7.933   243.1830     2.0825     1.2125     0.0236      0.080      0.691      1.002        199 3.1111e+02 0.0000e+00
      0.736    26.5133     8.9840    111.100  35.043572     33.952      7.922   243.9402     2.0987     1.1991     0.0236      0.086      0.719      1.042        200 2.4707e+02 0.0000e+00
      0.759    26.4549     9.0992    112.522  34.997527     33.925      7.910   244.3566     2.0663     1.1185     0.0236      0.091      0.743      1.077        201 4.5974e+02 0.0000e+00
      0.778    26.4032     9.2094    113.882  35.005774     33.964      7.905   244.6216     2.3413     1.2393     0.0236      0.093      0.763      1.106        202 3.3091e+02 0.0000e+00
      0.797    26.3572     9.2981    114.931  35.122306     34.138      7.901   245.2652     2.3373     1.1185     0.0237      0.093      0.780      1.131        203 3.2655e+02 0.0000e+00
      0.809    26.3184     9.3474    115.465  35.119443     34.146      7.896   245.3409     2.3090     1.2393     0.0237      0.090      0.794      1.152        204 5.3083e+02 0.0000e+00
      0.823    26.2850     9.3687    115.656  34.979705     34.067      7.891   245.3788     2.3453     1.2125     0.0236      0.085      0.808      1.172        205 2.7955e+02 0.0000e+00
      0.839    26.2565     9.3866    115.794  34.910692     33.984      7.892   246.1359     2.4343     1.0916     0.0236      0.078      0.823      1.193        206 1.7377e+02 0.0000e+00
      0.853    26.2348     9.3974    115.824  34.968094     34.115      7.888   246.3630     2.4788     1.2125     0.0236      0.070      0.837      1.213        207 2.5383e+02 0.0000e+00
      0.866    26.2147     9.4023    115.777  34.967599     34.080      7.883   246.6659     2.4586     1.1319     0.0236      0.062      0.850      1.232        208 1.7069e+02 0.0000e+00
      0.880    26.1909     9.3852    115.482  35.029948     34.204      7.876   247.1959     2.4707     1.1991     0.0237      0.058      0.862      1.250        209 2.3265e+02 0.0000e+00
      0.891    26.1765     9.3184    114.580  35.127766     34.271      7.870   247.3473     2.5111     1.2125     0.0237      0.055      0.874      1.268        210 1.9077e+02 0.0000e+00
      0.902    26.1757     9.1954    112.943  35.231416     34.424      7.863   247.4609     2.5071     1.1319     0.0237      0.053      0.885      1.285        211 2.8545e+02 0.0000e+00
      0.916    26.1732     9.0449    110.945  35.256852     34.433      7.856   247.8016     2.4990     1.1588     0.0237      0.052      0.899      1.304        212 5.0198e+02 0.0000e+00
      0.932    26.1508     8.9119    109.153  35.244405     34.434      7.850   248.4073     2.5354     1.2125     0.0237      0.052      0.915      1.327        213 4.4704e+02 0.0000e+00
      0.951    26.1153     8.8004    107.601  35.365537     34.544      7.845   248.1045     2.5516     1.2393     0.0238      0.053      0.933      1.352        214 3.2788e+02 0.0000e+00
      0.968    26.0805     8.6834    105.946  35.461994     34.669      7.836   248.5966     2.5799     1.1453     0.0238      0.055      0.950      1.377        215 7.4599e+02 0.0000e+00
      0.986    26.0408     8.6236    105.014  35.598894     34.803      7.830   248.8995     2.5920     1.1185     0.0239      0.059      0.966      1.401        216 8.8493e+02 0.0000e+00
      1.002    25.9916     8.6954    105.783  35.610389     34.881      7.823   248.9373     2.5799     1.1722     0.0239      0.061      0.981      1.423        217 4.5121e+02 0.0000e+00
      1.013    25.9409     8.8709    107.878  35.447708     34.689      7.823   249.0131     2.8063     1.3602     0.0238      0.063      0.995      1.443        218 4.6716e+02 0.0000e+00
      1.029    25.9012     9.1090    110.760  35.208220     34.558      7.823   249.2402     2.7740     1.3871     0.0237      0.064      1.011      1.466        219 3.3485e+02 0.0000e+00
      1.051    25.8614     9.3580    113.747  35.374618     34.648      7.822   249.6566     2.7982     1.3602     0.0238      0.065      1.030      1.494        220 2.6290e+02 0.0000e+00
      1.071    25.8018     9.5616    116.106  36.130390     35.553      7.821   249.8459     2.7740     1.4542     0.0241      0.066      1.049      1.522        221 2.3135e+02 0.0000e+00
      1.089    25.7281     9.7169    117.917  36.017506     35.388      7.822   249.8838     2.7618     1.4273     0.0240      0.066      1.068      1.548        222 1.7799e+02 0.0000e+00
      1.106    25.6474     9.8276    119.231  35.485457     34.908      7.821   249.9595     2.7740     1.4408     0.0238      0.068      1.086      1.574        223 2.9741e+02 0.0000e+00
      1.126    25.5524     9.8914    119.941  35.279992     34.793      7.817   250.4516     2.7578     1.3602     0.0238      0.070      1.106      1.603        224 2.1103e+02 0.0000e+00
      1.151    25.4373     9.9207    120.216  34.908997     34.435      7.809   250.5273     2.7740     1.4676     0.0236      0.074      1.129      1.638        225 1.9671e+02 0.0000e+00
      1.178    25.3332     9.9345    120.316  34.701604     34.333      7.796   250.9438     2.7578     1.3871     0.0235      0.079      1.154      1.674        226 1.9014e+02 0.0000e+00
      1.203    25.2781     9.9338    120.225  34.648434     34.329      7.781   251.0195     3.0570     1.4676     0.0235      0.083      1.178      1.708        227 2.0957e+02 0.0000e+00
      1.221    25.2574     9.9366    120.099  34.678651     34.456      7.770   251.2088     3.0206     1.3199     0.0235      0.085      1.197      1.736        228 3.0264e+02 0.0000e+00
      1.238    25.2509     9.9538    120.095  34.693701     34.493      7.767   251.3602     3.0368     1.3333     0.0235      0.086      1.215      1.762        229 3.3707e+02 0.0000e+00
      1.258    25.2300     9.9930    120.389  34.629736     34.452      7.763   251.7766     3.0206     1.5348     0.0235      0.086      1.234      1.790        230 2.3266e+02 0.0000e+00
      1.277    25.1786    10.0528    120.962  34.639643     34.456      7.766   252.5716     3.7606     2.0853     0.0235      0.085      1.252      1.816        231 1.8487e+02 0.0000e+00
      1.294    25.1433    10.1064    121.540  34.651720     34.497      7.775   252.6473     3.7606     2.1122     0.0235      0.082      1.269      1.841        232 2.0260e+02 0.0000e+00
      1.312    25.1288    10.1564    122.113  34.644374     34.507      7.783   253.0638     3.7525     2.0450     0.0235      0.077      1.286      1.865        233 1.4715e+02 0.0000e+00
      1.328    25.1002    10.2109    122.806  34.619149     34.530      7.793   253.4424     3.7323     1.9376     0.0235      0.072      1.301      1.887        234 1.2602e+02 0.0000e+00
      1.339    25.0644    10.2496    123.325  34.534846     34.428      7.797   253.2152     3.3724     2.0047     0.0235      0.068      1.315      1.907        235 1.3081e+02 0.0000e+00
      1.354    25.0334    10.2672    123.579  34.571361     34.504      7.804   253.4424     3.3603     2.0719     0.0235      0.066      1.329      1.927        236 1.3087e+02 0.0000e+00
      1.370    24.9956    10.2700    123.685  34.544065     34.501      7.811   253.6695     3.3522     2.0450     0.0235      0.063      1.344      1.949        237 1.3796e+02 0.0000e+00
      1.387    24.9232    10.2488    123.464  34.479863     34.438      7.817   253.6316     3.3886     2.0182     0.0234      0.062      1.362      1.974        238 1.3567e+02 0.0000e+00
      1.408    24.8300    10.2124    123.035  34.502992     34.520      7.823   253.0259     3.6231     2.0853     0.0235      0.062      1.382      2.004        239 1.3223e+02 0.0000e+00
      1.432    24.7471    10.1736    122.589  34.485646     34.514      7.830   253.2152     3.6110     2.0450     0.0234      0.065      1.405      2.037        240 1.2345e+02 0.0000e+00
      1.458    24.6844    10.1407    122.104  34.501485     34.636      7.839   253.4045     3.6231     2.0719     0.0235      0.070      1.428      2.070        241 1.2192e+02 0.0000e+00
      1.476    24.6518    10.1170    121.713  34.483322     34.636      7.853   253.3288     3.6191     2.0182     0.0234      0.075      1.446      2.095        242 1.1983e+02 0.0000e+00
      1.487    24.6417    10.1058    121.442  34.478633     34.710      7.871   253.2531     3.5867     2.0182     0.0235      0.077      1.457      2.112        243 1.1689e+02 0.0000e+00
      1.494    24.6567    10.1179    121.406  34.477693     34.703      7.886   253.2152     5.4104     2.1390     0.0234      0.074      1.464      2.123        244 1.1656e+02 0.0000e+00
      1.498    24.6798    10.1387    121.475  34.514163     34.767      7.894   253.1395     5.3902     2.0853     0.0235      0.068      1.468      2.130        245 1.1550e+02 0.0000e+00
      1.501    24.6993    10.1560    121.496  34.522221     34.756      7.901   252.4202     5.3862     1.9913     0.0235      0.057      1.472      2.134        246 1.1609e+02 0.0000e+00
      1.503    24.7299    10.1612    121.406  34.526972     34.739      7.913   252.4581     5.3942     2.0182     0.0235      0.045      1.474      2.137        247 1.1815e+02 0.0000e+00
      1.504    24.7443    10.1840    121.464  34.567552     34.783      7.920   252.4581     6.4416     2.0182     0.0235      0.032      1.475      2.139        248 1.1673e+02 0.0000e+00
      1.506    24.7514    10.1968    121.429  34.560679     34.733      7.931   252.4202     6.4577     2.0450     0.0235      0.021      1.479      2.144        249 1.1842e+02 0.0000e+00
      1.513    24.7565    10.2178    121.535  34.565170     34.750      7.943   252.3823     6.4618     2.0182     0.0235      0.015      1.486      2.155        250 1.2068e+02 0.0000e+00
      1.526    24.7211    10.2551    121.766  34.532298     34.691      7.948   251.8523     6.4577     1.9913     0.0235      0.015      1.496      2.170        251 1.2368e+02 0.0000e+00
      1.537    24.6719    10.2990    122.007  34.512614     34.685      7.958   252.0795     6.3041     1.9779     0.0235      0.018      1.509      2.188        252 1.2519e+02 0.0000e+00
      1.553    24.6116    10.3343    122.113  34.530355     34.712      7.962   252.2309     6.3243     2.0719     0.0235      0.025      1.524      2.210        253 1.2036e+02 0.0000e+00
      1.573    24.5330    10.3602    122.119  34.569546     34.801      7.965   252.6473     6.3445     2.0047     0.0235      0.034      1.542      2.236        254 1.1699e+02 0.0000e+00
      1.591    24.4503    10.3567    121.843  34.552835     34.815      7.970   252.7231     6.3283     2.0584     0.0235      0.044      1.560      2.263        255 1.1233e+02 0.0000e+00
