Data/DataNotYetUploadedToEDI/Raw_CTD/RawDownloads/070220_fcr50.cnv
* Sea-Bird SBE19plus  Data File:
* FileName = C:\DATA\070220_bvr50_0001.hex
* Software version 2.8.0.119
* Temperature SN = 7809
* Conductivity SN = 7809
* System UpLoad Time = Jul 02 2020 11:47:23
* <ApplicationData>
* <Seaterm232>
# nquan = 16
# nvalues = 1566                        
# units = specified
# name 0 = depFM: Depth [fresh water, m]
# name 1 = dz/dtM: Descent Rate [m/s]
# name 2 = sbeox0ML/L: Oxygen, SBE 43 [ml/l]
# name 3 = sbeox0PS: Oxygen, SBE 43 [% saturation]
# name 4 = specc: Specific Conductance [uS/cm]
# name 5 = c0uS/cm: Conductivity [uS/cm]
# name 6 = flECO-AFL: Fluorescence, WET Labs ECO-AFL/FL [mg/m^3]
# name 7 = ph: pH
# name 8 = orp: Oxidation Reduction Potential [mV]
# name 9 = par/sat/log: PAR/Logarithmic, Satlantic
# name 10 = turbWETntu0: Turbidity, WET Labs ECO [NTU]
# name 11 = prdM: Pressure, Strain Gauge [db]
# name 12 = prdE: Pressure, Strain Gauge [psi]
# name 13 = tv290C: Temperature [ITS-90, deg C]
# name 14 = density00: Density [density, kg/m^3]
# name 15 = flag:  0.000e+00
# span 0 =     -0.668,      9.592       
# span 1 =     -0.363,      0.209       
# span 2 =     0.0433,     8.1226       
# span 3 =      0.657,    129.171       
# span 4 =      0.433,     69.419       
# span 5 =   0.439204,  49.775532       
# span 6 =    -1.9018,     9.7470       
# span 7 =      6.231,      8.937       
# span 8 =   -97.2615,  1240.2295       
# span 9 = 1.2333e-01, 1.6808e+03       
# span 10 =    -7.8491,   143.9285      
# span 11 =     -0.658,      9.407      
# span 12 =     -0.954,     13.644      
# span 13 =     9.8370,    25.7412      
# span 14 =   996.8601,   999.7855      
# span 15 = 0.0000e+00, 0.0000e+00      
# interval = seconds: 0.25
# start_time = Jul 01 2020 20:32:25 [Instrument's time stamp, header]
# bad_flag = -9.990e-29
*END*
[from data line 814]
      5.022      0.042     0.1398      2.776     65.595  45.893924     4.2175      6.612    29.9041 2.4167e+00     4.3752      4.926      7.144    10.1857   999.7338 0.0000e+00
      5.036      0.041     0.1569      3.101     65.546  45.828821     4.2459      6.612    28.0680 2.3598e+00     4.4008      4.939      7.162    10.1198   999.7398 0.0000e+00
      5.049      0.040     0.1776      3.450     65.515  45.787035     4.2492      6.612    26.8280 2.3235e+00     4.4350      4.953      7.184    10.0604   999.7452 0.0000e+00
      5.058      0.039     0.1962      3.803     65.515  45.769623     4.2191      6.612    26.1824 2.3041e+00     4.5132      4.961      7.195    10.0133   999.7494 0.0000e+00
      5.063      0.037     0.2173      4.134     65.501  45.745257     4.1671      6.612    25.5105 2.2689e+00     4.5907      4.965      7.199     9.9753   999.7528 0.0000e+00
      5.071      0.036     0.2450      4.419     65.516  45.746372     4.1364      6.613    24.4680 2.2183e+00     4.5830      4.972      7.211     9.9537   999.7547 0.0000e+00
      5.081      0.037     0.2723      4.672     65.571  45.783102     4.1430      6.613    23.3008 2.1758e+00     4.5578      4.985      7.229     9.9420   999.7558 0.0000e+00
      5.091      0.039     0.3013      4.902     65.594  45.808403     4.1707      6.613    22.5837 2.1404e+00     4.6299      4.993      7.241     9.9272   999.7571 0.0000e+00
      5.100      0.041     0.3291      5.109     65.559  45.798332     4.2043      6.613    22.2501 2.0859e+00     4.7671      4.999      7.252     9.9163   999.7581 0.0000e+00
      5.113      0.042     0.3501      5.274     65.533  45.788324     4.2163      6.613    21.6764 2.0261e+00     4.8431      5.014      7.273     9.9092   999.7587 0.0000e+00
      5.126      0.042     0.3706      5.366     65.570  45.814395     4.2008      6.612    20.9821 1.9976e+00     4.8619      5.028      7.292     9.9050   999.7592 0.0000e+00
      5.136      0.041     0.3883      5.423     65.619  45.859589     4.1115      6.612    19.6194 1.9716e+00     4.9260      5.036      7.304     9.9139   999.7586 0.0000e+00
      5.146      0.040     0.4050      5.474     65.525  45.826833     3.9568      6.613    17.5896 1.9207e+00     5.0341      5.046      7.318     9.9284   999.7573 0.0000e+00
      5.157      0.040     0.4202      5.493     65.365  45.735843     3.8750      6.614    16.4877 1.8789e+00     5.1056      5.059      7.336     9.9370   999.7566 0.0000e+00
      5.165      0.041     0.4253      5.471     65.356  45.711831     3.8667      6.614    16.3625 1.8510e+00     5.1033      5.066      7.347     9.9318   999.7571 0.0000e+00
      5.173      0.044     0.4282      5.414     65.423  45.726952     3.8660      6.614    16.2475 1.8106e+00     5.0758      5.070      7.353     9.9290   999.7574 0.0000e+00
      5.185      0.048     0.4339      5.332     65.455  45.728158     3.8860      6.614    15.0119 1.7594e+00     5.0815      5.084      7.373     9.9716   999.7537 0.0000e+00
      5.199      0.050     0.4349      5.257     65.469  45.726395     3.9178      6.613    12.9523 1.7154e+00     5.1031      5.099      7.396     9.9996   999.7511 0.0000e+00
      5.214      0.050     0.4332      5.202     65.444  45.705623     3.9359      6.613    11.8223 1.6752e+00     5.1306      5.112      7.414     9.9701   999.7538 0.0000e+00
      5.229      0.049     0.4293      5.144     65.385  45.667477     3.9526      6.613    11.6733 1.6339e+00     5.1406      5.128      7.438     9.9407   999.7566 0.0000e+00
      5.243      0.047     0.4216      5.096     65.353  45.646125     4.0616      6.613    11.6673 1.6144e+00     5.1552      5.146      7.463     9.9261   999.7579 0.0000e+00
      5.253      0.047     0.4146      5.087     65.354  45.637931     4.2530      6.612    11.1479 1.6020e+00     5.2378      5.153      7.474     9.9178   999.7586 0.0000e+00
      5.260      0.045     0.4123      5.096     65.368  45.631890     4.3592      6.610    10.2118 1.5736e+00     5.3153      5.156      7.478     9.9154   999.7589 0.0000e+00
      5.270      0.042     0.4072      5.126     65.392  45.636554     4.3729      6.609     9.4691 1.5370e+00     5.3715      5.166      7.493     9.9194   999.7586 0.0000e+00
      5.285      0.039     0.4008      5.158     65.386  45.630818     4.2851      6.609     9.0513 1.4903e+00     5.4366      5.183      7.518     9.9246   999.7582 0.0000e+00
      5.299      0.037     0.4030      5.172     65.367  45.626027     4.1077      6.609     9.1173 1.4518e+00     5.4853      5.200      7.541     9.9159   999.7591 0.0000e+00
      5.308      0.035     0.4026      5.226     65.377  45.642124     4.0112      6.609     9.3210 1.4442e+00     5.5138      5.208      7.552     9.9004   999.7604 0.0000e+00
      5.311      0.032     0.4048      5.279     65.357  45.634987     3.9868      6.610     9.1911 1.4453e+00     5.5753      5.208      7.554     9.8893   999.7614 0.0000e+00
      5.316      0.031     0.4112      5.271     65.301  45.603232     3.8697      6.611     9.0958 1.4227e+00     5.8171      5.212      7.559     9.8879   999.7615 0.0000e+00
      5.324      0.031     0.4065      5.275     65.257  45.575632     3.6634      6.610     9.1144 1.3991e+00     6.1716      5.221      7.573     9.8982   999.7607 0.0000e+00
      5.334      0.035     0.4132      5.312     65.242  45.555240     3.5524      6.610     9.5886 1.3930e+00     6.3246      5.232      7.588     9.9065   999.7600 0.0000e+00
      5.343      0.041     0.4220      5.333     65.253  45.547138     3.5295      6.610    10.6121 1.3745e+00     6.2936      5.240      7.599     9.9080   999.7598 0.0000e+00
      5.353      0.046     0.4151      5.337     65.266  45.541143     3.3772      6.610    11.1646 1.3436e+00     6.3465      5.249      7.613     9.9167   999.7591 0.0000e+00
      5.366      0.052     0.4159      5.327     65.291  45.546233     3.1122      6.608    11.1079 1.3052e+00     6.4828      5.262      7.632     9.9229   999.7587 0.0000e+00
      5.380      0.059     0.4217      5.303     65.303  45.545173     2.9680      6.606    11.1304 1.2565e+00     6.5340      5.274      7.651     9.9116   999.7597 0.0000e+00
      5.395      0.066     0.4224      5.288     65.290  45.528320     2.9300      6.606    11.7806 1.2222e+00     6.5542      5.289      7.671     9.8974   999.7610 0.0000e+00
      5.413      0.070     0.4228      5.288     65.306  45.532935     2.7203      6.606    12.7751 1.1980e+00     6.9326      5.306      7.696     9.8863   999.7621 0.0000e+00
      5.433      0.071     0.4227      5.288     65.319  45.537472     2.3589      6.604    13.4322 1.1482e+00     7.6069      5.327      7.727     9.8762   999.7630 0.0000e+00
      5.456      0.070     0.4198      5.287     65.296  45.519675     2.1752      6.602    13.8753 1.0800e+00     7.9781      5.351      7.761     9.8697   999.7637 0.0000e+00
      5.476      0.068     0.4182      5.295     65.279  45.508226     2.1583      6.600    14.2598 1.0398e+00     8.0218      5.374      7.794     9.8642   999.7643 0.0000e+00
      5.490      0.063     0.4192      5.307     65.301  45.526021     2.1447      6.599    14.6399 1.0275e+00     7.9975      5.385      7.811     9.8585   999.7649 0.0000e+00
      5.502      0.056     0.4194      5.327     65.325  45.544373     2.1542      6.598    15.1154 1.0026e+00     7.8908      5.393      7.821     9.8546   999.7652 0.0000e+00
      5.517      0.048     0.4180      5.339     65.316  45.539647     2.1871      6.598    15.5359 9.6517e-01     7.7620      5.411      7.846     9.8528   999.7655 0.0000e+00
      5.533      0.044     0.4201      5.339     65.304  45.532362     2.2077      6.598    15.9387 9.3947e-01     7.7442      5.430      7.875     9.8543   999.7654 0.0000e+00
      5.543      0.044     0.4198      5.344     65.285  45.519778     2.2135      6.598    16.3718 9.3420e-01     7.7794      5.437      7.888     9.8569   999.7652 0.0000e+00
      5.547      0.046     0.4225      5.344     65.276  45.514479     2.1620      6.597    16.9003 9.3637e-01     7.7758      5.438      7.889     9.8579   999.7652 0.0000e+00
      5.554      0.049     0.4240      5.338     65.299  45.531790     2.0521      6.596    17.5104 9.1513e-01     7.7687      5.444      7.895     9.8580   999.7652 0.0000e+00
      5.569      0.053     0.4220      5.333     65.307  45.538615     1.9996      6.596    17.8989 8.7965e-01     7.7618      5.459      7.919     9.8591   999.7652 0.0000e+00
      5.589      0.058     0.4241      5.329     65.299  45.533506     2.0047      6.595    18.0684 8.5350e-01     7.7617      5.482      7.951     9.8607   999.7651 0.0000e+00
      5.607      0.061     0.4234      5.327     65.300  45.533506     1.9229      6.594    18.0975 8.2502e-01     7.7671      5.499      7.976     9.8602   999.7652 0.0000e+00
      5.622      0.059     0.4228      5.332     65.310  45.538616     1.7553      6.594    18.5092 7.9085e-01     7.7246      5.512      7.995     9.8612   999.7652 0.0000e+00
      5.638      0.053     0.4225      5.348     65.305  45.531797     1.6658      6.594    19.5191 7.5198e-01     7.6592      5.529      8.019     9.8631   999.7651 0.0000e+00
      5.654      0.047     0.4222      5.368     65.283  45.514542     1.6696      6.594    20.2411 7.1646e-01     7.6633      5.546      8.044     9.8634   999.7652 0.0000e+00
      5.665      0.042     0.4219      5.377     65.293  45.520466     1.7068      6.592    20.3551 7.0620e-01     7.7394      5.557      8.060     9.8630   999.7653 0.0000e+00
      5.670      0.038     0.4220      5.375     65.322  45.539929     1.7630      6.591    20.7251 7.1176e-01     7.7903      5.561      8.065     9.8610   999.7655 0.0000e+00
      5.675      0.037     0.4233      5.374     65.350  45.559387     1.7952      6.591    21.7901 7.0392e-01     7.7634      5.563      8.067     9.8582   999.7657 0.0000e+00
      5.686      0.040     0.4261      5.389     65.359  45.565263     1.8004      6.591    22.6488 6.9183e-01     7.7233      5.575      8.087     9.8564   999.7659 0.0000e+00
      5.697      0.045     0.4263      5.414     65.333  45.547483     1.8164      6.590    22.7616 6.8682e-01     7.8546      5.589      8.106     9.8561   999.7660 0.0000e+00
      5.707      0.049     0.4260      5.414     65.313  45.534881     1.8464      6.588    22.5519 6.7203e-01     8.1147      5.595      8.114     9.8558   999.7661 0.0000e+00
      5.721      0.050     0.4253      5.388     65.319  45.539876     1.8662      6.587    22.8669 6.4146e-01     8.2257      5.606      8.131     9.8555   999.7662 0.0000e+00
      5.741      0.050     0.4263      5.368     65.324  45.544396     1.8748      6.587    23.7312 6.0993e-01     8.2005      5.631      8.167     9.8558   999.7663 0.0000e+00
      5.756      0.052     0.4301      5.361     65.298  45.526026     1.8741      6.587    24.3977 5.9801e-01     8.1872      5.650      8.194     9.8560   999.7663 0.0000e+00
      5.763      0.055     0.4299      5.346     65.274  45.508236     1.8392      6.587    24.8176 5.9594e-01     8.1682      5.651      8.196     9.8566   999.7663 0.0000e+00
      5.770      0.060     0.4267      5.330     65.294  45.519780     1.7765      6.587    25.1079 5.7754e-01     8.1075      5.654      8.201     9.8575   999.7662 0.0000e+00
      5.785      0.067     0.4244      5.329     65.325  45.538619     1.7458      6.586    24.8104 5.4909e-01     8.0375      5.672      8.227     9.8583   999.7662 0.0000e+00
      5.805      0.077     0.4257      5.340     65.337  45.545532     1.7546      6.586    24.2311 5.2864e-01     7.9739      5.692      8.255     9.8587   999.7663 0.0000e+00
      5.829      0.086     0.4236      5.376     65.329  45.539867     1.8160      6.586    24.6432 5.0205e-01     7.9563      5.716      8.288     9.8576   999.7665 0.0000e+00
      5.856      0.091     0.4215      5.422     65.321  45.533622     1.9353      6.585    25.7496 4.6025e-01     7.9968      5.743      8.329     9.8551   999.7668 0.0000e+00
      5.883      0.091     0.4223      5.438     65.322  45.533519     2.0146      6.585    26.3364 4.2128e-01     8.0175      5.769      8.368     9.8527   999.7671 0.0000e+00
      5.908      0.090     0.4223      5.437     65.330  45.538619     2.0211      6.584    25.7161 3.9874e-01     7.9998      5.796      8.406     9.8518   999.7674 0.0000e+00
      5.928      0.086     0.4250      5.427     65.319  45.531793     1.9757      6.583    24.6161 3.9364e-01     7.9202      5.814      8.433     9.8521   999.7675 0.0000e+00
      5.946      0.081     0.4317      5.399     65.294  45.514472     1.9037      6.582    24.5656 3.9146e-01     7.7763      5.829      8.454     9.8517   999.7676 0.0000e+00
      5.966      0.076     0.4310      5.372     65.301  45.519667     1.8665      6.581    25.3645 3.7706e-01     7.7013      5.850      8.484     9.8503   999.7678 0.0000e+00
      5.988      0.072     0.4307      5.344     65.317  45.531115     1.8688      6.581    26.1013 3.5062e-01     7.7349      5.873      8.518     9.8500   999.7679 0.0000e+00
      6.008      0.068     0.4315      5.311     65.310  45.525911     1.8742      6.581    25.8166 3.2026e-01     7.8394      5.893      8.547     9.8509   999.7679 0.0000e+00
      6.023      0.064     0.4270      5.296     65.303  45.520233     1.8653      6.581    24.7613 3.0272e-01     7.9697      5.908      8.568     9.8515   999.7679 0.0000e+00
      6.037      0.061     0.4260      5.314     65.312  45.525953     1.8572      6.580    24.4413 2.9432e-01     8.0050      5.920      8.588     9.8516   999.7680 0.0000e+00
      6.051      0.059     0.4237      5.338     65.321  45.531563     1.8616      6.579    24.8718 2.7474e-01     7.9915      5.934      8.606     9.8521   999.7680 0.0000e+00
      6.064      0.059     0.4206      5.349     65.311  45.524580     1.8506      6.578    25.3209 2.6072e-01     8.0132      5.946      8.623     9.8519   999.7681 0.0000e+00
      6.079      0.062     0.4179      5.339     65.283  45.505018     1.8206      6.578    25.4835 2.5609e-01     7.9917      5.961      8.646     9.8509   999.7682 0.0000e+00
      6.096      0.064     0.4215      5.304     65.256  45.485510     1.8037      6.578    25.4609 2.4786e-01     7.9382      5.979      8.672     9.8503   999.7684 0.0000e+00
      6.113      0.065     0.4234      5.274     65.248  45.479171     1.8002      6.578    25.4781 2.3831e-01     7.9155      5.994      8.694     9.8500   999.7685 0.0000e+00
      6.131      0.062     0.4240      5.279     65.266  45.491867     1.7874      6.578    25.6051 2.2567e-01     7.8890      6.011      8.718     9.8497   999.7686 0.0000e+00
      6.151      0.056     0.4247      5.297     65.295  45.512039     1.7633      6.578    26.1366 2.1939e-01     7.8236      6.033      8.749     9.8495   999.7687 0.0000e+00
      6.167      0.050     0.4198      5.306     65.324  45.532604     1.7464      6.579    26.8280 2.2139e-01     7.7774      6.050      8.775     9.8493   999.7688 0.0000e+00
      6.177      0.045     0.4168      5.321     65.348  45.550039     1.7361      6.579    27.0812 2.1851e-01     7.7772      6.059      8.788     9.8489   999.7689 0.0000e+00
      6.182      0.043     0.4176      5.340     65.322  45.532374     1.7341      6.578    27.1329 2.0413e-01     7.7524      6.061      8.791     9.8486   999.7689 0.0000e+00
      6.188      0.044     0.4209      5.347     65.287  45.509487     1.8362      6.577    27.2819 1.8321e-01     7.7176      6.066      8.798     9.8484   999.7690 0.0000e+00
      6.198      0.050     0.4198      5.354     65.311  45.527276     2.0277      6.577    27.5919 1.7168e-01     7.7335      6.078      8.816     9.8486   999.7690 0.0000e+00
