Data/DataNotYetUploadedToEDI/Raw_CTD/RawDownloads/070218_fcr50.cnv
* Sea-Bird SBE19plus  Data File:
* FileName = C:\DATA\070218_fcr_0001.hex
* Software version 2.6.3.104
* Temperature SN = 7809
* Conductivity SN = 7809
* System UpLoad Time = Jul 03 2018 07:35:38
* <ApplicationData>
* <Seaterm232>
# nquan = 17
# nvalues = 572                         
# units = specified
# name 0 = depFM: Depth [fresh water, m]
# name 1 = tv290C: Temperature [ITS-90, deg C]
# name 2 = sbeox0Mg/L: Oxygen, SBE 43 [mg/l]
# name 3 = sbeox0PS: Oxygen, SBE 43 [% saturation]
# name 4 = c0uS/cm: Conductivity [uS/cm]
# name 5 = specc: Specific Conductance [uS/cm]
# name 6 = ph: pH
# name 7 = orp: Oxidation Reduction Potential [mV]
# name 8 = flECO-AFL: Fluorescence, WET Labs ECO-AFL/FL [mg/m^3]
# name 9 = turbWETntu0: Turbidity, WET Labs ECO [NTU]
# name 10 = sal00: Salinity, Practical [PSU]
# name 11 = dz/dtM: Descent Rate [m/s]
# name 12 = prdM: Pressure, Strain Gauge [db]
# name 13 = prdE: Pressure, Strain Gauge [psi]
# name 14 = scan: Scan Count
# name 15 = par/sat/log: PAR/Logarithmic, Satlantic
# name 16 = flag:  0.000e+00
# span 0 =     -0.523,      9.711       
# span 1 =    11.0320,    30.1442       
# span 2 =     2.9515,    10.7642       
# span 3 =     27.641,    126.459       
# span 4 =   1.483295,  37.968103       
# span 5 =      1.322,     46.214       
# span 6 =      6.098,      8.347       
# span 7 = -1240.7455,   332.2990       
# span 8 =    -0.7197,    12.2725       
# span 9 =    -3.6619,    20.6293       
# span 10 =     0.0135,     0.0247      
# span 11 =     -0.071,      0.237      
# span 12 =     -0.513,      9.521      
# span 13 =     -0.743,     13.810      
# span 14 =          1,        572      
# span 15 = 1.2065e-01, 2.1752e+03      
# span 16 = 0.0000e+00, 0.0000e+00      
# interval = seconds: 0.25
# start_time = Jul 02 2018 13:56:46 [Instrument's time stamp, header]
# bad_flag = -9.990e-29
*END*
     -0.523    30.1442     7.3174     97.032   1.620622      1.474      6.104 -1240.7455    -0.1496    -0.0497     0.0135      0.000     -0.512     -0.743          1 4.2732e+02 0.0000e+00
     -0.523    30.1435     7.3159     97.004   1.574348      1.423      6.116 -1240.7455    -0.1941    -0.0900     0.0135     -0.000     -0.512     -0.743          2 3.0635e+02 0.0000e+00
     -0.523    30.1429     7.3185     97.030   1.567710      1.423      6.121 -1240.7455    -0.1496    -0.0095     0.0135     -0.000     -0.512     -0.743          3 5.0224e+02 0.0000e+00
     -0.523    30.1424     7.3205     97.053   1.569666      1.423      6.128 -1240.7455    -0.1658    -0.0766     0.0135     -0.000     -0.512     -0.743          4 1.5915e+03 0.0000e+00
     -0.523    30.1418     7.3227     97.082   1.571913      1.423      6.173 -1240.7455    -0.1698    -0.1169     0.0135     -0.000     -0.512     -0.743          5 1.7440e+03 0.0000e+00
     -0.523    30.1414     7.3260     97.124   1.564914      1.423      6.098 -1240.7455    -0.1779    -0.0766     0.0135     -0.000     -0.512     -0.743          6 1.7608e+03 0.0000e+00
     -0.523    30.1414     7.3279     97.149   1.578377      1.423      6.137 -1240.7455    -0.1577     0.0308     0.0135     -0.000     -0.512     -0.743          7 1.7798e+03 0.0000e+00
     -0.523    30.1410     7.3256     97.119   1.555160      1.423      6.148 -1240.7455    -0.1738    -0.0497     0.0135     -0.000     -0.512     -0.743          8 2.0869e+03 0.0000e+00
     -0.523    30.1391     7.3302     97.149   1.534594      1.373      6.147 -1240.7455    -0.1779    -0.0229     0.0135     -0.000     -0.512     -0.743          9 1.7527e+03 0.0000e+00
     -0.523    30.1354     7.3797     97.168   1.544758      1.423      6.134 -1240.7455    -0.1496    -0.0497     0.0135      0.000     -0.512     -0.743         10 8.2000e+02 0.0000e+00
     -0.523    30.1310     7.4607     97.244   1.483295      1.322      6.127 -1240.7455    -0.1415     0.0040     0.0135      0.000     -0.513     -0.743         11 1.7469e+03 0.0000e+00
     -0.523    30.1267     7.5197     97.298   1.492654      1.373      6.117 -1240.7455    -0.1577     0.0308     0.0135      0.000     -0.513     -0.743         12 2.1752e+03 0.0000e+00
     -0.522    30.1209     7.5673     97.354   1.533113      1.373      6.139 -1240.7455    -0.0889    -0.4257     0.0135      0.000     -0.512     -0.743         13 1.7518e+03 0.0000e+00
     -0.522    30.1203     7.6099     97.395   1.610589      1.474      6.141 -1240.7455    -0.1172    -0.5063     0.0135      0.000     -0.512     -0.743         14 6.3272e+02 0.0000e+00
     -0.522    30.1176     7.6534     97.537   1.633093      1.474      6.144 -1240.7455    -0.1011    -0.4929     0.0135      0.000     -0.512     -0.742         15 1.8418e+02 0.0000e+00
     -0.522    30.1210     7.6977     97.816   1.564320      1.424      6.145 -1240.7455    -0.0889    -0.4391     0.0135      0.001     -0.512     -0.742         16 2.4282e+02 0.0000e+00
     -0.522    30.1149     7.7406     98.187   1.577747      1.424      6.141 -1240.7455    -0.6955    -1.1240     0.0135      0.000     -0.512     -0.742         17 4.1441e+02 0.0000e+00
     -0.522    30.1240     7.7886     98.695   1.557169      1.424      6.125 -1240.7455    -0.6833    -1.1240     0.0135      0.001     -0.512     -0.742         18 1.6011e+03 0.0000e+00
     -0.521    30.0889     7.8332     99.194   1.589929      1.424      6.121 -1240.7455    -0.6955    -1.1240     0.0135      0.001     -0.511     -0.740         19 1.8749e+03 0.0000e+00
     -0.521    29.7174     7.8742     99.669   1.536978      1.424      6.134 -1240.7455    -0.7197    -1.1374     0.0135      0.001     -0.502     -0.728         20 1.8517e+03 0.0000e+00
     -0.494    29.1426     7.9051    100.039   1.800709      1.576      6.098 -1240.7455     0.0930    -3.6216     0.0135      0.008     -0.475     -0.688         21 1.9748e+03 0.0000e+00
     -0.438    28.7150     7.9293    100.349  12.426472     10.894      7.148 -1240.7455     0.0930    -3.6216     0.0158      0.028     -0.427     -0.618         22 1.9615e+03 0.0000e+00
     -0.375    28.3909     7.9419    100.497  30.440713     28.705      7.410   158.0421     0.0971    -3.6619     0.0222      0.059     -0.367     -0.532         23 1.9804e+03 0.0000e+00
     -0.311    28.0956     7.9469    100.549  37.347790     34.626      7.604   184.0879     0.0809    -3.6484     0.0244      0.097     -0.302     -0.437         24 1.9628e+03 0.0000e+00
     -0.235    27.8572     7.8874     99.788  36.468442     34.236      7.734   194.9150     3.8374    20.6293     0.0242      0.141     -0.232     -0.337         25 1.9584e+03 0.0000e+00
     -0.164    27.6917     7.7508     98.053  36.072214     33.899      7.769   193.7415     3.8051    20.4950     0.0240      0.185     -0.168     -0.243         26 1.9610e+03 0.0000e+00
     -0.114    27.5930     7.5960     96.104  35.794587     33.894      7.761   194.1579     3.8172    20.5621     0.0239      0.219     -0.115     -0.167         27 1.9685e+03 0.0000e+00
     -0.071    27.5345     7.4568     94.352  35.805683     33.947      7.770   202.3729     3.8496    20.4950     0.0239      0.237     -0.072     -0.104         28 1.9813e+03 0.0000e+00
     -0.034    27.4969     7.3939     93.563  35.821224     34.064      7.773   208.9222     3.7849    20.5487     0.0239      0.236     -0.036     -0.052         29 1.9876e+03 0.0000e+00
     -0.004    27.4715     7.3473     92.970  35.953246     34.208      7.774   213.9951     1.2172     0.5948     0.0240      0.220     -0.007     -0.010         30 1.9921e+03 0.0000e+00
      0.019    27.4608     7.2877     92.204  35.937996     34.233      7.767   218.6137     1.2374     0.6082     0.0240      0.196      0.016      0.023         31 1.9700e+03 0.0000e+00
      0.037    27.4614     7.2328     91.497  36.077485     34.355      7.739   223.6108     1.2455     0.7291     0.0240      0.167      0.033      0.048         32 2.0081e+03 0.0000e+00
      0.046    27.4566     7.2040     91.122  36.224539     34.550      7.689   225.4280     1.2616     0.5948     0.0241      0.135      0.045      0.066         33 1.9540e+03 0.0000e+00
      0.057    27.4497     7.1839     90.862  36.081237     34.362      7.683   228.6837     1.2172     0.8365     0.0240      0.107      0.057      0.083         34 1.6097e+03 0.0000e+00
      0.072    27.4445     7.1534     90.478  35.988900     34.312      7.682   231.0309     1.2374     0.7962     0.0240      0.087      0.070      0.103         35 1.2187e+03 0.0000e+00
      0.085    27.4417     7.1065     89.880  35.953896     34.263      7.667   233.0752     1.2657     0.7962     0.0240      0.072      0.082      0.120         36 1.1739e+03 0.0000e+00
      0.094    27.4464     7.0600     89.284  35.828222     34.160      7.644   233.2266     1.2616     0.7962     0.0239      0.059      0.091      0.132         37 1.2105e+03 0.0000e+00
      0.100    27.4520     7.0207     88.779  35.730092     34.056      7.638   234.8923     1.1808     0.7559     0.0239      0.050      0.098      0.142         38 8.3907e+02 0.0000e+00
      0.105    27.4563     6.9853     88.328  35.720124     34.052      7.648   235.8387     1.1686     0.7962     0.0239      0.043      0.103      0.150         39 5.9360e+02 0.0000e+00
      0.111    27.4544     6.9363     87.723  35.781309     34.102      7.664   237.1259     1.1646     0.8231     0.0239      0.038      0.109      0.159         40 5.0002e+02 0.0000e+00
      0.119    27.4468     6.8665     86.883  35.772577     34.099      7.680   238.2616     1.1889     0.8634     0.0239      0.035      0.115      0.166         41 5.7795e+02 0.0000e+00
      0.120    27.4392     6.8088     86.197  35.760648     34.074      7.690   238.0723     1.2455     0.7828     0.0239      0.029      0.118      0.170         42 9.7001e+02 0.0000e+00
      0.120    27.4323     6.7614     85.634  35.766497     34.105      7.692   239.2459     1.2536     0.8231     0.0239      0.023      0.118      0.171         43 1.0954e+03 0.0000e+00
      0.121    27.4296     6.7079     84.988  35.794958     34.110      7.699   239.6245     1.1970     0.8097     0.0239      0.018      0.119      0.173         44 1.0832e+03 0.0000e+00
      0.124    27.4304     6.6930     84.826  35.814206     34.168      7.705   240.6466     1.2374     0.9305     0.0239      0.014      0.120      0.175         45 1.3115e+03 0.0000e+00
      0.124    27.4278     6.7354     85.380  35.861178     34.170      7.709   242.1230     1.3061     0.8365     0.0239      0.011      0.122      0.177         46 1.4642e+03 0.0000e+00
      0.125    27.4222     6.8115     86.359  35.973768     34.329      7.711   244.8488     1.3021     0.8097     0.0240      0.008      0.122      0.177         47 1.4203e+03 0.0000e+00
      0.125    27.4177     6.8995     87.486  35.881697     34.198      7.710   245.0759     1.2900     0.8634     0.0240      0.006      0.121      0.176         48 1.4308e+03 0.0000e+00
      0.122    27.4157     6.9687     88.372  35.768155     34.121      7.707   245.9466     1.2900     0.8365     0.0239      0.003      0.120      0.175         49 1.4037e+03 0.0000e+00
      0.121    27.4253     7.0332     89.199  35.729518     34.071      7.709   245.9466     1.3021     0.8365     0.0239      0.001      0.120      0.174         50 1.2085e+03 0.0000e+00
      0.123    27.4518     7.0850     89.857  35.722177     34.072      7.713   246.5145     1.2536     0.8097     0.0239      0.001      0.120      0.174         51 1.0918e+03 0.0000e+00
      0.122    27.4808     7.1319     90.459  35.836608     34.173      7.715   247.6123     1.2253     0.8365     0.0239     -0.000      0.119      0.173         52 1.2954e+03 0.0000e+00
      0.120    27.5050     7.1702     90.954  35.942999     34.262      7.716   248.8238     1.2293     0.8499     0.0240     -0.002      0.118      0.171         53 1.2505e+03 0.0000e+00
      0.118    27.5261     7.1853     91.151  36.004973     34.296      7.714   247.3473     1.2374     0.7962     0.0240     -0.003      0.118      0.171         54 1.2231e+03 0.0000e+00
      0.124    27.5433     7.1988     91.325  36.056048     34.334      7.709   248.7859     1.2293     0.8634     0.0240     -0.002      0.121      0.175         55 1.2675e+03 0.0000e+00
      0.128    27.5549     7.2003     91.341  36.116689     34.373      7.702   249.5809     1.2536     0.8097     0.0240      0.001      0.125      0.180         56 1.1716e+03 0.0000e+00
      0.128    27.5638     7.2055     91.400  36.196420     34.441      7.704   249.3916     1.2576     0.8499     0.0241      0.003      0.127      0.183         57 1.4491e+03 0.0000e+00
      0.131    27.5708     7.2103     91.453  36.312717     34.540      7.707   250.9059     1.2293     0.8499     0.0241      0.005      0.128      0.186         58 1.2064e+03 0.0000e+00
      0.132    27.5772     7.2061     91.392  36.446490     34.667      7.713   252.7231     1.3506     0.8097     0.0242      0.006      0.130      0.189         59 1.1699e+03 0.0000e+00
      0.136    27.5822     7.1998     91.306  36.534133     34.742      7.719   253.0638     1.3749     0.7559     0.0242      0.008      0.133      0.193         60 1.3920e+03 0.0000e+00
      0.138    27.5838     7.1914     91.194  36.589206     34.792      7.723   253.2152     1.3910     0.8097     0.0242      0.010      0.135      0.196         61 1.2622e+03 0.0000e+00
      0.138    27.5879     7.1750     90.980  36.585563     34.788      7.717   252.8366     1.3587     0.8634     0.0242      0.009      0.135      0.196         62 1.3309e+03 0.0000e+00
      0.138    27.5930     7.1531     90.698  36.597984     34.787      7.717   253.5559     1.2980     0.8634     0.0242      0.007      0.135      0.196         63 1.3107e+03 0.0000e+00
      0.138    27.5962     7.1316     90.423  36.751702     34.944      7.720   255.0702     1.3061     0.8902     0.0243      0.006      0.135      0.196         64 1.2464e+03 0.0000e+00
      0.139    27.5980     7.1028     90.054  36.839148     35.020      7.720   256.2438     1.3304     0.8902     0.0243      0.005      0.136      0.197         65 1.1128e+03 0.0000e+00
      0.138    27.5964     7.0646     89.571  36.904383     35.071      7.724   256.2438     1.3061     0.8634     0.0243      0.004      0.136      0.197         66 1.1121e+03 0.0000e+00
      0.139    27.5921     7.0228     89.047  36.996768     35.176      7.731   256.1302     1.4355     0.8097     0.0244      0.002      0.137      0.198         67 1.1778e+03 0.0000e+00
      0.141    27.5869     6.9763     88.465  37.020772     35.177      7.732   256.3574     1.4517     0.9036     0.0244      0.002      0.138      0.200         68 1.0072e+03 0.0000e+00
      0.142    27.5820     6.9344     87.939  37.141449     35.313      7.729   257.2659     1.4113     0.8365     0.0244      0.002      0.139      0.202         69 9.5266e+02 0.0000e+00
      0.144    27.5784     6.9080     87.609  37.261825     35.423      7.733   256.6602     1.4355     0.8499     0.0245      0.003      0.141      0.205         70 9.9818e+02 0.0000e+00
      0.146    27.5749     6.9011     87.527  37.315865     35.479      7.733   257.6824     1.4234     0.8365     0.0245      0.004      0.142      0.206         71 8.3915e+02 0.0000e+00
      0.145    27.5714     6.8955     87.459  37.370799     35.535      7.736   257.6824     1.2980     0.7559     0.0245      0.004      0.142      0.206         72 7.6237e+02 0.0000e+00
      0.144    27.5691     6.8999     87.514  37.490063     35.643      7.743   257.7202     1.2900     0.8902     0.0246      0.004      0.141      0.205         73 7.4457e+02 0.0000e+00
      0.144    27.5673     6.9017     87.539  37.523366     35.699      7.749   257.9095     1.3142     0.9305     0.0246      0.003      0.141      0.205         74 8.1164e+02 0.0000e+00
      0.144    27.5655     6.8886     87.374  37.507318     35.647      7.751   258.1367     1.3021     0.8902     0.0246      0.002      0.141      0.205         75 8.2115e+02 0.0000e+00
      0.144    27.5658     6.8559     86.962  37.599019     35.782      7.752   257.1145     1.3547     0.8499     0.0246      0.001      0.141      0.205         76 7.4509e+02 0.0000e+00
      0.145    27.5698     6.8094     86.381  37.557549     35.703      7.757   258.3259     1.3789     0.7828     0.0246      0.001      0.142      0.206         77 9.2792e+02 0.0000e+00
      0.146    27.5747     6.7401     85.511  37.529266     35.703      7.757   258.4774     1.3789     0.7962     0.0246      0.000      0.142      0.206         78 9.3288e+02 0.0000e+00
      0.144    27.5781     6.6778     84.729  37.545234     35.700      7.757   259.3859     1.3587     0.7694     0.0246     -0.000      0.142      0.206         79 8.7954e+02 0.0000e+00
      0.145    27.5811     6.6111     83.888  37.537675     35.697      7.752   259.2345     1.3749     0.7694     0.0246      0.000      0.142      0.206         80 9.8803e+02 0.0000e+00
      0.144    27.5840     6.5608     83.257  37.568332     35.721      7.748   258.5152     1.3344     0.6754     0.0246      0.000      0.141      0.204         81 8.6027e+02 0.0000e+00
      0.141    27.5858     6.5201     82.748  37.536741     35.693      7.740   258.5531     1.3344     0.8231     0.0246     -0.001      0.138      0.200         82 8.1468e+02 0.0000e+00
      0.138    27.5864     6.4782     82.224  37.488008     35.637      7.735   259.0452     1.4072     0.8499     0.0246     -0.002      0.136      0.197         83 9.3045e+02 0.0000e+00
      0.138    27.5869     6.4472     81.837  37.480677     35.636      7.736   259.2724     1.4274     0.7559     0.0246     -0.003      0.136      0.197         84 9.6498e+02 0.0000e+00
      0.139    27.5876     6.4139     81.419  37.486541     35.636      7.738   260.1052     1.4315     0.8097     0.0246     -0.004      0.136      0.197         85 1.0412e+03 0.0000e+00
