Data/DataNotYetUploadedToEDI/Raw_CTD/RawDownloads/070220_bvr50.cnv
* Sea-Bird SBE19plus  Data File:
* FileName = C:\DATA\070220_bvr50_0002.hex
* Software version 2.8.0.119
* Temperature SN = 7809
* Conductivity SN = 7809
* System UpLoad Time = Jul 02 2020 11:48:38
* <ApplicationData>
* <Seaterm232>
# nquan = 16
# nvalues = 2993                        
# units = specified
# name 0 = depFM: Depth [fresh water, m]
# name 1 = dz/dtM: Descent Rate [m/s]
# name 2 = sbeox0ML/L: Oxygen, SBE 43 [ml/l]
# name 3 = sbeox0PS: Oxygen, SBE 43 [% saturation]
# name 4 = specc: Specific Conductance [uS/cm]
# name 5 = c0uS/cm: Conductivity [uS/cm]
# name 6 = flECO-AFL: Fluorescence, WET Labs ECO-AFL/FL [mg/m^3]
# name 7 = ph: pH
# name 8 = orp: Oxidation Reduction Potential [mV]
# name 9 = par/sat/log: PAR/Logarithmic, Satlantic
# name 10 = turbWETntu0: Turbidity, WET Labs ECO [NTU]
# name 11 = prdM: Pressure, Strain Gauge [db]
# name 12 = prdE: Pressure, Strain Gauge [psi]
# name 13 = tv290C: Temperature [ITS-90, deg C]
# name 14 = density00: Density [density, kg/m^3]
# name 15 = flag:  0.000e+00
# span 0 =     -0.746,     11.558       
# span 1 =     -0.483,      0.205       
# span 2 =     0.0261,     7.5978       
# span 3 =      0.380,    123.482       
# span 4 =      0.412,    125.633       
# span 5 =   0.439264,  86.274048       
# span 6 =    -1.9024,   259.8541       
# span 7 =      6.261,      8.976       
# span 8 = -1020.0713,   892.4903       
# span 9 = 1.2340e-01, 3.2804e+03       
# span 10 =    -0.6085,   936.4411      
# span 11 =     -0.732,     11.334      
# span 12 =     -1.061,     16.439      
# span 13 =     9.3036,    28.3600      
# span 14 =   996.1388,   999.8596      
# span 15 = 0.0000e+00, 0.0000e+00      
# interval = seconds: 0.25
# start_time = Jul 01 2020 22:23:15 [Instrument's time stamp, header]
# bad_flag = -9.990e-29
*END*
[from data line 1356]
      7.007      0.011     0.0578      0.705     31.619  23.794788     0.5940      6.638   179.6448 6.5781e+00     3.7302      6.871      9.966    12.6645   999.4671 0.0000e+00
      7.011      0.011     0.0560      0.693     31.503  23.715911     0.5938      6.639   179.2583 6.5937e+00     3.6847      6.875      9.972    12.6427   999.4698 0.0000e+00
      7.015      0.012     0.0540      0.704     31.424  23.666231     0.5746      6.640   178.9327 6.6277e+00     3.6266      6.878      9.977    12.6269   999.4718 0.0000e+00
      7.017      0.014     0.0535      0.724     31.464  23.701486     0.5429      6.639   178.5476 6.6564e+00     3.6453      6.881      9.980    12.6171   999.4731 0.0000e+00
      7.018      0.017     0.0528      0.731     31.544  23.761646     0.5253      6.637   178.0426 6.6618e+00     3.6705      6.882      9.981    12.6200   999.4728 0.0000e+00
      7.021      0.022     0.0503      0.725     31.542  23.759414     0.5236      6.636   177.6452 6.6352e+00     3.6230      6.883      9.983    12.6371   999.4706 0.0000e+00
      7.027      0.027     0.0522      0.720     31.597  23.801341     0.5223      6.635   177.3564 6.5750e+00     3.5858      6.889      9.992    12.6567   999.4682 0.0000e+00
      7.036      0.032     0.0541      0.715     31.710  23.888053     0.5100      6.634   177.0459 6.5041e+00     3.5979      6.901     10.009    12.6643   999.4673 0.0000e+00
      7.046      0.035     0.0550      0.701     31.753  23.919936     0.5089      6.632   176.7314 6.4406e+00     3.6322      6.912     10.023    12.6620   999.4677 0.0000e+00
      7.056      0.035     0.0537      0.684     31.774  23.933146     0.5184      6.632   176.3066 6.3680e+00     3.6576      6.918     10.032    12.6581   999.4681 0.0000e+00
      7.068      0.031     0.0533      0.666     31.763  23.920936     0.4529      6.631   175.8671 6.2917e+00     3.5270      6.932     10.054    12.6607   999.4679 0.0000e+00
      7.078      0.025     0.0538      0.671     31.739  23.899145     0.3267      6.629   175.4607 6.2452e+00     3.2885      6.945     10.072    12.6644   999.4677 0.0000e+00
      7.083      0.018     0.0517      0.709     31.773  23.923352     0.2704      6.628   175.0067 6.2246e+00     3.2118      6.947     10.075    12.6629   999.4678 0.0000e+00
      7.085      0.013     0.0512      0.734     31.821  23.959937     0.2682      6.627   174.6799 6.2223e+00     3.2518      6.948     10.077    12.6583   999.4684 0.0000e+00
      7.085      0.008     0.0490      0.728     31.822  23.960959     0.2243      6.626   174.4349 6.2293e+00     3.2231      6.949     10.078    12.6523   999.4691 0.0000e+00
      7.085      0.005     0.0482      0.713     31.787  23.935704     0.1499      6.626   174.1098 6.2178e+00     3.1395      6.947     10.076    12.6440   999.4701 0.0000e+00
      7.086      0.003     0.0534      0.692     31.747  23.908278     0.1122      6.626   173.7602 6.1933e+00     3.0990      6.949     10.079    12.6421   999.4703 0.0000e+00
      7.088      0.002     0.0559      0.674     31.709  23.883045     0.1119      6.625   173.3917 6.1674e+00     3.1118      6.951     10.082    12.6463   999.4699 0.0000e+00
      7.089      0.002     0.0538      0.654     31.707  23.884308     0.1274      6.625   173.0100 6.1520e+00     3.1215      6.952     10.083    12.6443   999.4702 0.0000e+00
      7.089      0.001     0.0537      0.634     31.756  23.923548     0.1565      6.626   172.6725 6.1582e+00     3.1137      6.953     10.084    12.6444   999.4701 0.0000e+00
      7.089      0.001     0.0510      0.628     31.823  23.976961     0.1776      6.626   172.3221 6.1757e+00     3.1210      6.952     10.083    12.6506   999.4694 0.0000e+00
      7.088      0.001     0.0499      0.640     31.882  24.022745     0.1826      6.625   172.0432 6.1864e+00     3.1408      6.951     10.081    12.6573   999.4685 0.0000e+00
      7.088      0.001     0.0492      0.683     31.896  24.033162     0.1784      6.624   171.8810 6.1746e+00     3.1471      6.950     10.080    12.6613   999.4680 0.0000e+00
      7.089      0.002     0.0459      0.729     31.906  24.039493     0.1739      6.624   171.6516 6.1536e+00     3.1286      6.952     10.082    12.6648   999.4676 0.0000e+00
      7.090      0.005     0.0469      0.749     31.996  24.099292     0.1762      6.624   171.2495 6.1411e+00     3.1228      6.953     10.084    12.6699   999.4671 0.0000e+00
      7.091      0.008     0.0460      0.750     32.133  24.185382     0.1864      6.624   170.8049 6.1287e+00     3.1805      6.954     10.085    12.6713   999.4669 0.0000e+00
      7.092      0.010     0.0507      0.731     32.256  24.255889     0.1927      6.623   170.5769 6.1062e+00     3.2084      6.955     10.087    12.6720   999.4668 0.0000e+00
      7.095      0.011     0.0555      0.721     32.361  24.317527     0.1860      6.622   170.4721 6.0631e+00     3.1511      6.958     10.090    12.6715   999.4668 0.0000e+00
      7.100      0.012     0.0554      0.735     32.515  24.423242     0.1815      6.622   170.2257 6.0050e+00     3.1394      6.963     10.097    12.6633   999.4679 0.0000e+00
      7.104      0.013     0.0571      0.746     32.735  24.582716     0.1864      6.622   169.8344 5.9702e+00     3.2045      6.967     10.105    12.6349   999.4714 0.0000e+00
      7.107      0.016     0.0537      0.739     32.929  24.723533     0.1876      6.621   169.4415 5.9608e+00     3.2517      6.970     10.108    12.5925   999.4767 0.0000e+00
      7.108      0.019     0.0527      0.722     33.031  24.793947     0.1681      6.620   169.1748 5.9437e+00     3.2634      6.971     10.110    12.5639   999.4802 0.0000e+00
      7.112      0.024     0.0550      0.703     33.046  24.799832     0.1312      6.620   168.9323 5.9088e+00     3.2435      6.974     10.115    12.5523   999.4816 0.0000e+00
      7.118      0.030     0.0561      0.692     33.044  24.794675     0.1141      6.620   168.5747 5.8631e+00     3.1829      6.980     10.123    12.5449   999.4826 0.0000e+00
      7.127      0.038     0.0553      0.701     33.137  24.858444     0.1231      6.618   168.1211 5.8169e+00     3.1487      6.989     10.136    12.5381   999.4836 0.0000e+00
      7.138      0.047     0.0536      0.696     33.344  25.000033     0.1253      6.616   167.5770 5.7700e+00     3.1043      7.000     10.153    12.5279   999.4849 0.0000e+00
      7.151      0.053     0.0526      0.670     33.520  25.111246     0.1131      6.613   167.0725 5.7060e+00     2.9891      7.012     10.170    12.5175   999.4862 0.0000e+00
      7.166      0.058     0.0502      0.650     33.565  25.124846     0.0996      6.611   166.7539 5.6314e+00     2.9238      7.027     10.191    12.5155   999.4866 0.0000e+00
      7.184      0.061     0.0532      0.637     33.637  25.164449     0.1038      6.609   166.4779 5.5642e+00     2.9323      7.046     10.219    12.5116   999.4871 0.0000e+00
      7.202      0.062     0.0530      0.632     33.877  25.336366     0.1165      6.606   166.1434 5.4966e+00     2.9201      7.064     10.245    12.4904   999.4898 0.0000e+00
      7.218      0.062     0.0491      0.614     34.098  25.490951     0.1095      6.604   165.8943 5.4355e+00     2.8787      7.079     10.268    12.4543   999.4943 0.0000e+00
      7.233      0.061     0.0492      0.603     34.146  25.511285     0.1052      6.602   165.7026 5.3981e+00     2.8791      7.094     10.289    12.4195   999.4985 0.0000e+00
      7.247      0.061     0.0465      0.643     34.180  25.518778     0.1127      6.600   165.3744 5.3596e+00     2.9245      7.107     10.307    12.3995   999.5009 0.0000e+00
      7.262      0.062     0.0480      0.689     34.286  25.581533     0.1148      6.598   164.9368 5.2936e+00     2.9464      7.122     10.329    12.3940   999.5018 0.0000e+00
      7.278      0.065     0.0466      0.696     34.379  25.635753     0.1495      6.595   164.5414 5.2101e+00     2.9384      7.138     10.352    12.3800   999.5037 0.0000e+00
      7.294      0.069     0.0423      0.678     34.439  25.666913     0.2177      6.591   164.2076 5.1264e+00     2.9300      7.152     10.374    12.3527   999.5069 0.0000e+00
      7.312      0.072     0.0486      0.665     34.507  25.704562     0.2518      6.588   163.9125 5.0479e+00     2.9485      7.169     10.398    12.3268   999.5101 0.0000e+00
      7.332      0.074     0.0529      0.665     34.532  25.710384     0.2672      6.585   163.5541 4.9647e+00     2.9915      7.191     10.429    12.3034   999.5130 0.0000e+00
      7.353      0.074     0.0530      0.664     34.584  25.737291     0.4038      6.584   163.1439 4.8786e+00     3.0719      7.212     10.460    12.2814   999.5157 0.0000e+00
      7.372      0.074     0.0506      0.647     34.824  25.903017     0.6445      6.583   162.8244 4.7891e+00     3.1647      7.230     10.486    12.2609   999.5182 0.0000e+00
      7.390      0.073     0.0490      0.610     35.144  26.128445     0.7745      6.580   162.4449 4.6876e+00     3.1864      7.247     10.513    12.2417   999.5206 0.0000e+00
      7.408      0.070     0.0503      0.594     35.404  26.306344     0.7934      6.578   161.9964 4.5884e+00     3.1973      7.265     10.537    12.2243   999.5228 0.0000e+00
      7.426      0.064     0.0499      0.612     35.556  26.404813     0.8254      6.578   161.6176 4.5051e+00     3.3303      7.282     10.561    12.2070   999.5249 0.0000e+00
      7.446      0.057     0.0499      0.615     35.605  26.430992     0.8744      6.577   161.1345 4.4420e+00     3.5244      7.302     10.591    12.1892   999.5271 0.0000e+00
      7.463      0.048     0.0451      0.597     35.615  26.432559     0.9087      6.576   160.5440 4.3999e+00     3.6215      7.321     10.618    12.1709   999.5294 0.0000e+00
      7.474      0.038     0.0427      0.589     35.608  26.423763     0.9160      6.574   159.9831 4.3724e+00     3.6463      7.332     10.634    12.1496   999.5320 0.0000e+00
      7.479      0.028     0.0473      0.577     35.567  26.388060     0.8959      6.574   159.5158 4.3567e+00     3.6173      7.335     10.639    12.1264   999.5348 0.0000e+00
      7.482      0.019     0.0472      0.564     35.564  26.381454     0.8654      6.574   159.1103 4.3639e+00     3.5121      7.337     10.642    12.1099   999.5367 0.0000e+00
      7.484      0.015     0.0440      0.581     35.689  26.470753     0.8533      6.573   158.5216 4.3783e+00     3.4037      7.340     10.645    12.1052   999.5372 0.0000e+00
      7.486      0.017     0.0446      0.600     35.843  26.579733     0.8543      6.573   157.7325 4.3769e+00     3.3722      7.342     10.648    12.1012   999.5377 0.0000e+00
      7.487      0.022     0.0441      0.596     36.083  26.747667     0.8671      6.574   156.7968 4.3648e+00     3.4056      7.342     10.649    12.0929   999.5387 0.0000e+00
      7.491      0.030     0.0407      0.606     36.324  26.915436     0.8941      6.574   155.8977 4.3373e+00     3.3948      7.344     10.652    12.0860   999.5395 0.0000e+00
      7.500      0.039     0.0438      0.636     36.477  27.022419     0.9142      6.572   155.2929 4.2997e+00     3.3443      7.354     10.666    12.0827   999.5400 0.0000e+00
      7.514      0.048     0.0468      0.668     36.908  27.343437     0.9187      6.570   154.8186 4.2574e+00     3.3449      7.369     10.688    12.0779   999.5406 0.0000e+00
      7.529      0.055     0.0439      0.679     37.458  27.752072     0.9105      6.570   154.3796 4.2043e+00     3.4020      7.384     10.709    12.0634   999.5424 0.0000e+00
      7.545      0.059     0.0450      0.660     37.845  28.030349     0.9114      6.570   153.9421 4.1490e+00     3.4848      7.398     10.730    12.0432   999.5450 0.0000e+00
      7.563      0.062     0.0479      0.634     38.228  28.297534     0.9196      6.570   153.4003 4.0956e+00     3.5565      7.417     10.757    12.0317   999.5462 0.0000e+00
      7.579      0.065     0.0509      0.629     38.623  28.572019     0.9142      6.568   152.8201 4.0446e+00     3.5833      7.433     10.781    12.0399   999.5456 0.0000e+00
      7.593      0.069     0.0524      0.635     38.971  28.811649     0.9223      6.564   152.2609 3.9860e+00     3.6025      7.446     10.799    12.0472   999.5450 0.0000e+00
      7.607      0.070     0.0498      0.611     39.129  28.911135     0.9600      6.560   151.6291 3.9154e+00     3.6175      7.459     10.818    12.0334   999.5468 0.0000e+00
      7.627      0.067     0.0473      0.591     39.114  28.886751     0.9981      6.555   150.8598 3.8442e+00     3.5920      7.477     10.844    12.0100   999.5497 0.0000e+00
      7.651      0.063     0.0465      0.611     39.224  28.960867     1.0012      6.551   150.0149 3.7680e+00     3.5690      7.504     10.883    11.9852   999.5528 0.0000e+00
      7.673      0.058     0.0497      0.621     39.430  29.109445     0.9892      6.548   149.1573 3.7115e+00     3.5799      7.530     10.920    11.9621   999.5557 0.0000e+00
      7.684      0.050     0.0464      0.620     39.420  29.097240     0.9948      6.547   148.2337 3.6913e+00     3.5183      7.539     10.934    11.9389   999.5585 0.0000e+00
      7.688      0.040     0.0416      0.635     39.211  28.940161     0.9930      6.545   147.2799 3.6759e+00     3.3388      7.537     10.932    11.9189   999.5607 0.0000e+00
      7.696      0.030     0.0478      0.640     39.097  28.859609     0.9873      6.543   146.5730 3.6531e+00     3.1948      7.546     10.944    11.9136   999.5613 0.0000e+00
      7.707      0.023     0.0476      0.631     39.034  28.821118     0.9915      6.542   146.0539 3.6386e+00     3.1505      7.561     10.966    11.9114   999.5618 0.0000e+00
      7.712      0.018     0.0452      0.630     38.900  28.728528     1.0063      6.541   145.5630 3.6393e+00     3.1464      7.564     10.971    11.9026   999.5628 0.0000e+00
      7.714      0.018     0.0491      0.607     38.846  28.691673     1.0415      6.540   145.0258 3.6419e+00     3.1462      7.563     10.969    11.8965   999.5633 0.0000e+00
      7.716      0.021     0.0490      0.566     39.099  28.883010     1.0641      6.539   144.3770 3.6454e+00     3.1477      7.568     10.975    11.9028   999.5625 0.0000e+00
      7.717      0.029     0.0468      0.553     39.786  29.392572     1.0704      6.538   143.9126 3.6495e+00     3.1640      7.568     10.976    11.9173   999.5610 0.0000e+00
      7.721      0.039     0.0484      0.561     40.587  29.967952     1.1174      6.538   143.6276 3.6220e+00     3.3777      7.567     10.976    11.9246   999.5601 0.0000e+00
      7.733      0.051     0.0473      0.563     41.286  30.447487     1.2038      6.536   143.2541 3.5541e+00     3.8096      7.579     10.992    11.9261   999.5600 0.0000e+00
      7.753      0.064     0.0407      0.562     41.920  30.876500     1.2563      6.533   142.8380 3.4828e+00     4.0932      7.603     11.027    11.9317   999.5594 0.0000e+00
      7.774      0.076     0.0415      0.571     42.423  31.221588     1.2654      6.530   142.4678 3.4367e+00     4.1291      7.626     11.060    11.9442   999.5585 0.0000e+00
      7.793      0.083     0.0428      0.589     42.836  31.511110     1.2668      6.526   142.1338 3.3855e+00     4.0716      7.640     11.081    11.9283   999.5606 0.0000e+00
      7.815      0.082     0.0428      0.596     43.122  31.712362     1.2928      6.523   141.7245 3.3034e+00     4.0504      7.661     11.110    11.8697   999.5675 0.0000e+00
      7.842      0.075     0.0423      0.596     43.190  31.751519     1.3507      6.522   141.2185 3.2345e+00     4.0786      7.692     11.157    11.8188   999.5737 0.0000e+00
      7.866      0.065     0.0426      0.592     43.091  31.667308     1.3853      6.521   140.8343 3.1961e+00     4.1046      7.717     11.193    11.7902   999.5770 0.0000e+00
      7.882      0.053     0.0455      0.596     42.987  31.582410     1.3863      6.520   140.6067 3.1694e+00     4.1241      7.731     11.214    11.7767   999.5788 0.0000e+00
