Data/DataNotYetUploadedToEDI/Raw_CTD/RawDownloads/070218_fcr45.cnv
* Sea-Bird SBE19plus  Data File:
* FileName = C:\DATA\070218_fcr_0005.hex
* Software version 2.6.3.104
* Temperature SN = 7809
* Conductivity SN = 7809
* System UpLoad Time = Jul 03 2018 07:36:43
* <ApplicationData>
* <Seaterm232>
# nquan = 17
# nvalues = 528                         
# units = specified
# name 0 = depFM: Depth [fresh water, m]
# name 1 = tv290C: Temperature [ITS-90, deg C]
# name 2 = sbeox0Mg/L: Oxygen, SBE 43 [mg/l]
# name 3 = sbeox0PS: Oxygen, SBE 43 [% saturation]
# name 4 = c0uS/cm: Conductivity [uS/cm]
# name 5 = specc: Specific Conductance [uS/cm]
# name 6 = ph: pH
# name 7 = orp: Oxidation Reduction Potential [mV]
# name 8 = flECO-AFL: Fluorescence, WET Labs ECO-AFL/FL [mg/m^3]
# name 9 = turbWETntu0: Turbidity, WET Labs ECO [NTU]
# name 10 = sal00: Salinity, Practical [PSU]
# name 11 = dz/dtM: Descent Rate [m/s]
# name 12 = prdM: Pressure, Strain Gauge [db]
# name 13 = prdE: Pressure, Strain Gauge [psi]
# name 14 = scan: Scan Count
# name 15 = par/sat/log: PAR/Logarithmic, Satlantic
# name 16 = flag:  0.000e+00
# span 0 =     -0.523,      7.204       
# span 1 =    10.9400,    30.2453       
# span 2 =     2.1893,    12.1926       
# span 3 =     20.602,    139.917       
# span 4 =   2.097540,  37.307004       
# span 5 =      1.903,     45.911       
# span 6 =      6.224,      8.592       
# span 7 =   166.4842,  1240.2295       
# span 8 =    -0.8370,     6.7448       
# span 9 =    -0.5734,     4.8783       
# span 10 =     0.0136,     0.0245      
# span 11 =     -0.008,      0.203      
# span 12 =     -0.513,      7.064      
# span 13 =     -0.744,     10.246      
# span 14 =          1,        528      
# span 15 = 3.3442e-01, 2.8395e+03      
# span 16 = 0.0000e+00, 0.0000e+00      
# interval = seconds: 0.25
# start_time = Jul 02 2018 17:03:12 [Instrument's time stamp, header]
# bad_flag = -9.990e-29
*END*
[from data line 171]
      1.746    25.6619     6.5314     77.637  35.165199     34.662      8.389   207.4458     3.6838     1.4005     0.0237      0.082      1.712      2.483        172 2.0852e+02 0.0000e+00
      1.759    25.6366     7.2793     85.428  35.167280     34.679      8.377   207.7486     3.7161     1.4273     0.0237      0.078      1.725      2.502        173 1.9948e+02 0.0000e+00
      1.771    25.6152     8.2450     96.015  35.244998     34.783      8.374   208.3165     3.7040     1.4810     0.0237      0.069      1.737      2.519        174 1.9092e+02 0.0000e+00
      1.783    25.5977     9.2963    107.757  35.246437     34.801      8.365   208.8087     3.6838     1.4542     0.0237      0.060      1.748      2.535        175 1.8167e+02 0.0000e+00
      1.794    25.5679    10.3314    119.305  35.254474     34.815      8.357   209.1494     3.9143     1.4273     0.0237      0.054      1.759      2.552        176 1.7250e+02 0.0000e+00
      1.807    25.5101    11.1445    128.370  35.175691     34.772      8.348   209.6037     3.8900     1.4139     0.0237      0.050      1.773      2.572        177 1.6409e+02 0.0000e+00
      1.825    25.4367    11.7285    134.913  35.136891     34.709      8.338   209.6037     3.8941     1.5616     0.0237      0.050      1.791      2.597        178 1.5505e+02 0.0000e+00
      1.846    25.3427    12.0987    139.031  35.006207     34.694      8.321   210.3987     3.8860     1.5213     0.0237      0.053      1.812      2.627        179 1.4687e+02 0.0000e+00
      1.871    25.2105    12.1926    139.917  35.012127     34.634      8.299   211.1558     3.8738     1.4676     0.0236      0.058      1.836      2.662        180 1.3958e+02 0.0000e+00
      1.897    24.8028    12.0612    138.209  34.714365     34.587      8.271   212.2158     4.5410     1.4273     0.0236      0.066      1.860      2.697        181 1.3442e+02 0.0000e+00
      1.920    24.0363    11.8240    135.207  33.122995     32.898      8.240   212.6701     4.5491     1.4139     0.0229      0.074      1.882      2.729        182 1.3173e+02 0.0000e+00
      1.939    23.3472    11.5437    131.838  32.129237     32.260      8.215   212.8972     4.5572     1.4408     0.0225      0.080      1.900      2.756        183 1.3101e+02 0.0000e+00
      1.953    22.9422    11.2609    128.558  32.036909     32.666      8.199   213.2380     4.5208     1.4810     0.0224      0.083      1.916      2.779        184 1.3144e+02 0.0000e+00
      1.968    22.6909    11.0345    125.922  31.933452     33.011      8.186   213.4651     5.0263     1.4945     0.0224      0.083      1.931      2.801        185 1.3074e+02 0.0000e+00
      1.986    22.4991    10.8586    123.808  31.902440     33.293      8.170   213.6544     4.9939     1.4676     0.0224      0.080      1.948      2.826        186 1.2956e+02 0.0000e+00
      2.006    22.3632    10.7271    122.100  31.749519     33.258      8.151   214.0708     5.0182     1.4139     0.0223      0.076      1.966      2.851        187 1.2981e+02 0.0000e+00
      2.022    22.2943    10.6323    120.707  31.738399     33.425      8.132   214.9415     5.0465     1.5079     0.0223      0.071      1.982      2.875        188 1.2862e+02 0.0000e+00
      2.037    22.2377    10.5405    119.373  31.797751     33.548      8.114   216.0394     6.0089     1.5079     0.0223      0.067      1.997      2.897        189 1.2508e+02 0.0000e+00
      2.051    22.1708    10.4622    118.157  31.764672     33.599      8.108   216.3422     5.9725     1.4408     0.0223      0.065      2.012      2.919        190 1.2199e+02 0.0000e+00
      2.068    22.0899    10.3828    116.940  31.690648     33.518      8.095   217.6294     5.9644     1.4273     0.0223      0.064      2.031      2.946        191 1.1788e+02 0.0000e+00
      2.095    21.9869    10.2997    115.742  31.593378     33.509      8.077   218.9544     6.0048     1.5213     0.0223      0.067      2.054      2.979        192 1.1545e+02 0.0000e+00
      2.120    21.9191    10.2131    114.666  31.470621     33.385      8.060   219.2573     6.7448     1.4408     0.0222      0.071      2.077      3.013        193 1.1361e+02 0.0000e+00
      2.139    21.8996    10.1374    113.849  31.487627     33.522      8.042   219.8251     6.7327     1.4005     0.0222      0.074      2.096      3.041        194 1.1289e+02 0.0000e+00
      2.154    21.8771    10.0717    113.043  31.542601     33.598      8.027   220.2415     6.7044     1.5348     0.0222      0.076      2.111      3.062        195 1.1329e+02 0.0000e+00
      2.164    21.8338    10.0336    112.153  31.550496     33.642      8.012   220.0901     6.7367     1.4408     0.0222      0.075      2.123      3.080        196 1.1131e+02 0.0000e+00
      2.179    21.7426     9.9855    111.126  31.507467     33.598      7.998   220.4687     6.3000     1.2931     0.0222      0.074      2.137      3.100        197 1.1086e+02 0.0000e+00
      2.196    21.6132     9.9167    109.884  31.358945     33.481      7.985   220.6580     6.2758     1.2393     0.0221      0.071      2.152      3.123        198 1.0962e+02 0.0000e+00
      2.211    21.4829     9.7978    108.230  31.260920     33.424      7.975   221.1501     6.2798     1.2393     0.0221      0.066      2.167      3.144        199 1.0868e+02 0.0000e+00
      2.224    21.3435     9.6487    106.452  31.244022     33.521      7.958   220.8094     6.2879     1.2528     0.0221      0.061      2.180      3.162        200 1.0713e+02 0.0000e+00
      2.234    21.1997     9.4773    104.363  31.202117     33.551      7.946   222.0208     6.2798     1.2259     0.0221      0.056      2.192      3.178        201 1.0400e+02 0.0000e+00
      2.247    21.0885     9.3079    102.211  31.135219     33.595      7.938   222.3615     6.2394     1.2259     0.0220      0.054      2.205      3.196        202 1.0005e+02 0.0000e+00
      2.263    21.0387     9.1659    100.377  31.149424     33.697      7.926   222.5508     6.2232     1.2931     0.0220      0.054      2.220      3.219        203 9.5492e+01 0.0000e+00
      2.281    21.0567     9.0346     98.691  31.184494     33.842      7.918   222.7401     6.2394     1.2796     0.0221      0.055      2.238      3.246        204 9.0988e+01 0.0000e+00
      2.303    21.0154     8.9117     97.123  31.210226     33.876      7.903   223.6108     6.2272     1.2528     0.0221      0.057      2.259      3.276        205 8.5143e+01 0.0000e+00
      2.327    20.8178     8.8040     95.751  31.295333     33.987      7.886   223.8758     5.6692     1.2662     0.0221      0.062      2.281      3.308        206 8.0125e+01 0.0000e+00
      2.347    20.5874     8.6834     94.281  31.315800     34.009      7.867   224.2544     5.6733     1.3602     0.0221      0.067      2.301      3.338        207 7.4790e+01 0.0000e+00
      2.366    20.3720     8.5859     93.051  31.303391     34.165      7.853   224.7087     5.6652     1.2393     0.0221      0.073      2.320      3.364        208 7.0192e+01 0.0000e+00
      2.382    20.2162     8.4802     91.727  31.310849     34.333      7.839   225.0494     5.6530     1.2393     0.0221      0.076      2.335      3.386        209 6.6538e+01 0.0000e+00
      2.393    20.1496     8.3667     90.388  31.306613     34.499      7.830   225.2387     5.2972     1.2125     0.0221      0.076      2.347      3.404        210 6.2773e+01 0.0000e+00
      2.405    20.0551     8.2553     89.019  31.249448     34.557      7.822   225.8066     5.2770     1.3065     0.0221      0.072      2.359      3.422        211 5.9431e+01 0.0000e+00
      2.419    19.9149     8.1276     87.622  31.263447     34.604      7.810   225.9958     5.2608     1.2796     0.0221      0.067      2.373      3.442        212 5.5966e+01 0.0000e+00
      2.436    19.7777     7.9927     86.247  31.348537     34.802      7.798   225.9201     5.3012     1.2393     0.0221      0.062      2.389      3.465        213 5.2423e+01 0.0000e+00
      2.451    19.6519     7.8745     84.941  31.380814     34.911      7.785   226.6016     5.0991     1.0916     0.0221      0.058      2.404      3.487        214 4.9672e+01 0.0000e+00
      2.468    19.5363     7.7669     83.579  31.430898     35.112      7.774   226.8666     5.1031     1.0111     0.0222      0.057      2.419      3.510        215 4.7846e+01 0.0000e+00
      2.483    19.4328     7.6645     82.179  31.464180     35.211      7.763   226.8666     5.1112     1.0379     0.0222      0.057      2.434      3.531        216 4.6496e+01 0.0000e+00
      2.496    19.3496     7.5766     80.999  31.487711     35.365      7.751   227.2451     5.0708     0.9574     0.0222      0.058      2.449      3.551        217 4.5386e+01 0.0000e+00
      2.511    19.2553     7.4883     79.816  31.520273     35.447      7.736   227.8887     5.0869     1.0916     0.0222      0.059      2.465      3.575        218 4.4352e+01 0.0000e+00
      2.534    19.1649     7.3959     78.604  31.571963     35.609      7.721   229.2516     5.0748     0.9708     0.0223      0.062      2.486      3.605        219 4.3608e+01 0.0000e+00
      2.559    19.0955     7.2810     77.311  31.630989     35.714      7.703   230.0087     5.1152     1.0514     0.0223      0.065      2.509      3.639        220 4.2991e+01 0.0000e+00
      2.581    19.0114     7.1743     76.267  31.654423     35.855      7.687   231.2580     5.1072     1.0379     0.0223      0.069      2.530      3.669        221 4.2674e+01 0.0000e+00
      2.599    18.9967     7.0826     75.189  31.631797     35.842      7.667   231.3716     5.1072     1.0648     0.0223      0.073      2.548      3.695        222 4.2762e+01 0.0000e+00
      2.613    19.0402     6.9880     73.912  31.659182     35.981      7.653   232.0909     4.4116     0.8902     0.0223      0.075      2.563      3.717        223 4.2900e+01 0.0000e+00
      2.628    19.0232     6.9049     72.716  31.679674     35.990      7.641   232.0909     4.4399     0.8902     0.0223      0.075      2.577      3.738        224 4.2817e+01 0.0000e+00
      2.643    18.9030     6.8258     71.612  31.754564     36.048      7.626   232.8101     4.4197     0.8097     0.0223      0.074      2.591      3.758        225 4.2374e+01 0.0000e+00
      2.655    18.7293     6.7355     70.450  31.773545     36.094      7.613   233.2266     4.4238     0.7828     0.0224      0.070      2.603      3.775        226 4.2116e+01 0.0000e+00
      2.664    18.5804     6.6396     69.278  31.745022     36.128      7.603   233.4537     3.7081     0.6754     0.0223      0.063      2.613      3.790        227 4.1724e+01 0.0000e+00
      2.676    18.4365     6.5216     67.906  31.819760     36.404      7.590   233.7187     3.6959     0.6485     0.0224      0.056      2.625      3.807        228 4.0865e+01 0.0000e+00
      2.690    18.2930     6.4014     66.529  31.858519     36.524      7.579   234.6273     3.6919     0.6485     0.0224      0.052      2.638      3.826        229 4.0060e+01 0.0000e+00
      2.703    18.2539     6.2768     65.124  31.904425     36.744      7.567   235.0437     3.7161     0.6351     0.0224      0.050      2.650      3.844        230 3.9115e+01 0.0000e+00
      2.715    18.2992     6.1578     63.789  31.851653     36.768      7.558   235.1573     3.5665     0.8097     0.0224      0.049      2.664      3.863        231 3.8210e+01 0.0000e+00
      2.731    18.2390     6.0300     62.382  31.864939     36.839      7.546   234.7409     3.5706     0.7828     0.0224      0.049      2.679      3.886        232 3.7013e+01 0.0000e+00
      2.751    18.0571     5.9313     61.271  31.976870     36.919      7.536   234.7030     3.5584     0.7828     0.0225      0.052      2.699      3.914        233 3.5567e+01 0.0000e+00
      2.775    17.8484     5.8519     60.361  31.979235     36.976      7.527   235.1194     3.5867     0.7828     0.0225      0.057      2.720      3.945        234 3.4290e+01 0.0000e+00
      2.796    17.6627     5.7956     59.730  31.980638     37.130      7.517   236.0280     3.5261     0.7828     0.0225      0.064      2.741      3.975        235 3.3011e+01 0.0000e+00
      2.813    17.5163     5.7497     59.221  32.034501     37.379      7.504   236.6337     3.5018     0.7157     0.0225      0.068      2.758      4.000        236 3.1902e+01 0.0000e+00
      2.828    17.3984     5.7330     59.002  32.090210     37.606      7.496   237.2016     3.5382     0.8902     0.0225      0.071      2.773      4.022        237 3.0915e+01 0.0000e+00
      2.844    17.2987     5.7231     58.849  32.059656     37.704      7.487   237.5423     3.5018     0.8634     0.0225      0.073      2.789      4.046        238 2.9951e+01 0.0000e+00
      2.862    17.2084     5.7247     58.777  32.042937     37.775      7.476   238.0723     3.6393     0.8231     0.0225      0.073      2.805      4.069        239 2.9169e+01 0.0000e+00
      2.875    17.1266     5.7306     58.743  32.081416     37.930      7.463   238.2616     3.6312     0.8902     0.0225      0.071      2.820      4.089        240 2.8470e+01 0.0000e+00
      2.888    17.0520     5.7324     58.656  32.041467     37.945      7.452   239.1702     3.5989     0.8902     0.0225      0.066      2.833      4.109        241 2.7710e+01 0.0000e+00
      2.903    16.9869     5.7204     58.362  32.033385     38.018      7.440   239.0566     3.6231     0.7694     0.0225      0.062      2.846      4.129        242 2.7091e+01 0.0000e+00
      2.917    16.9169     5.6877     57.886  32.091511     38.153      7.427   239.4730     3.6312     0.7962     0.0226      0.059      2.861      4.149        243 2.6581e+01 0.0000e+00
      2.932    16.8471     5.6456     57.354  32.058124     38.178      7.413   239.6623     3.0206     0.6351     0.0225      0.058      2.877      4.171        244 2.6027e+01 0.0000e+00
      2.950    16.8061     5.5949     56.761  31.986005     38.142      7.402   239.3973     2.9681     0.6351     0.0225      0.058      2.893      4.196        245 2.5677e+01 0.0000e+00
      2.967    16.7764     5.5208     55.941  31.973720     38.207      7.387   240.3816     3.0004     0.6754     0.0225      0.059      2.911      4.221        246 2.5319e+01 0.0000e+00
      2.987    16.7392     5.4413     55.056  32.043788     38.310      7.375   241.8202     3.0125     0.6082     0.0225      0.061      2.930      4.250        247 2.4819e+01 0.0000e+00
      3.010    16.6965     5.3574     54.170  32.076747     38.404      7.358   242.0095     3.0692     0.7022     0.0226      0.065      2.951      4.280        248 2.4549e+01 0.0000e+00
      3.030    16.6263     5.2810     53.403  32.051332     38.372      7.340   242.3502     3.0449     0.6888     0.0225      0.070      2.971      4.309        249 2.4282e+01 0.0000e+00
      3.047    16.5510     5.1861     52.478  32.105086     38.510      7.325   243.0695     3.0570     0.5814     0.0226      0.073      2.989      4.335        250 2.3953e+01 0.0000e+00
      3.067    16.4616     5.1183     51.725  32.098833     38.543      7.313   243.2966     3.0489     0.5814     0.0226      0.075      3.007      4.362        251 2.3739e+01 0.0000e+00
      3.087    16.3265     5.0715     51.097  32.088796     38.614      7.300   243.5616     2.8831     0.8634     0.0226      0.077      3.027      4.390        252 2.3479e+01 0.0000e+00
      3.107    16.2080     5.0324     50.561  32.147262     38.761      7.287   243.7509     2.8589     0.8097     0.0226      0.077      3.046      4.417        253 2.3177e+01 0.0000e+00
      3.122    16.1231     5.0001     50.124  32.144729     38.892      7.275   243.8645     2.8387     0.8097     0.0226      0.077      3.061      4.439        254 2.2989e+01 0.0000e+00
      3.136    16.0595     4.9746     49.784  32.151310     39.002      7.263   243.7888     2.8468     0.8365     0.0226      0.074      3.074      4.459        255 2.2895e+01 0.0000e+00
