Data/DataNotYetUploadedToEDI/Raw_CTD/RawDownloads/070220_bvr50.cnv
* Sea-Bird SBE19plus  Data File:
* FileName = C:\DATA\070220_bvr50_0002.hex
* Software version 2.8.0.119
* Temperature SN = 7809
* Conductivity SN = 7809
* System UpLoad Time = Jul 02 2020 11:48:38
* <ApplicationData>
* <Seaterm232>
# nquan = 16
# nvalues = 2993                        
# units = specified
# name 0 = depFM: Depth [fresh water, m]
# name 1 = dz/dtM: Descent Rate [m/s]
# name 2 = sbeox0ML/L: Oxygen, SBE 43 [ml/l]
# name 3 = sbeox0PS: Oxygen, SBE 43 [% saturation]
# name 4 = specc: Specific Conductance [uS/cm]
# name 5 = c0uS/cm: Conductivity [uS/cm]
# name 6 = flECO-AFL: Fluorescence, WET Labs ECO-AFL/FL [mg/m^3]
# name 7 = ph: pH
# name 8 = orp: Oxidation Reduction Potential [mV]
# name 9 = par/sat/log: PAR/Logarithmic, Satlantic
# name 10 = turbWETntu0: Turbidity, WET Labs ECO [NTU]
# name 11 = prdM: Pressure, Strain Gauge [db]
# name 12 = prdE: Pressure, Strain Gauge [psi]
# name 13 = tv290C: Temperature [ITS-90, deg C]
# name 14 = density00: Density [density, kg/m^3]
# name 15 = flag:  0.000e+00
# span 0 =     -0.746,     11.558       
# span 1 =     -0.483,      0.205       
# span 2 =     0.0261,     7.5978       
# span 3 =      0.380,    123.482       
# span 4 =      0.412,    125.633       
# span 5 =   0.439264,  86.274048       
# span 6 =    -1.9024,   259.8541       
# span 7 =      6.261,      8.976       
# span 8 = -1020.0713,   892.4903       
# span 9 = 1.2340e-01, 3.2804e+03       
# span 10 =    -0.6085,   936.4411      
# span 11 =     -0.732,     11.334      
# span 12 =     -1.061,     16.439      
# span 13 =     9.3036,    28.3600      
# span 14 =   996.1388,   999.8596      
# span 15 = 0.0000e+00, 0.0000e+00      
# interval = seconds: 0.25
# start_time = Jul 01 2020 22:23:15 [Instrument's time stamp, header]
# bad_flag = -9.990e-29
*END*
[from data line 2260]
      8.786     -0.117     0.0384      0.513     91.231  63.819782     0.9764      6.704  -100.7677 1.3745e+00     1.8273      8.617     12.498     9.9553   999.7812 0.0000e+00
      8.748     -0.141     0.0394      0.512     90.996  63.681238     0.9894      6.704  -100.8095 1.4453e+00     1.8502      8.580     12.444     9.9594   999.7808 0.0000e+00
      8.704     -0.154     0.0435      0.532     90.883  63.631518     0.9744      6.704  -100.7893 1.5244e+00     1.8692      8.539     12.386     9.9629   999.7803 0.0000e+00
      8.656     -0.154     0.0420      0.535     90.802  63.599938     0.9299      6.703  -100.7812 1.5994e+00     1.9537      8.488     12.310     9.9649   999.7797 0.0000e+00
      8.610     -0.139     0.0405      0.516     90.711  63.553625     0.8994      6.703  -100.9702 1.6727e+00     2.0131      8.443     12.245     9.9719   999.7787 0.0000e+00
      8.570     -0.113     0.0390      0.504     90.463  63.389297     0.8915      6.704  -101.4400 1.7281e+00     2.0036      8.403     12.187     9.9888   999.7770 0.0000e+00
      8.539     -0.083     0.0431      0.514     90.278  63.265298     0.9195      6.705  -101.8149 1.7436e+00     2.0109      8.366     12.134    10.0057   999.7753 0.0000e+00
      8.526     -0.053     0.0430      0.536     90.264  63.261765     0.9904      6.706  -101.9748 1.7409e+00     2.0670      8.355     12.118    10.0199   999.7740 0.0000e+00
      8.527     -0.028     0.0402      0.541     90.192  63.219492     1.0428      6.707  -102.0833 1.7455e+00     2.0987      8.362     12.129    10.0305   999.7731 0.0000e+00
      8.530     -0.010     0.0396      0.535     90.052  63.135457     1.0472      6.708  -102.1801 1.7485e+00     2.0848      8.366     12.134    10.0340   999.7727 0.0000e+00
      8.533     -0.001     0.0392      0.525     89.847  63.008281     1.0342      6.709  -102.1988 1.7509e+00     2.1052      8.367     12.136    10.0367   999.7724 0.0000e+00
      8.534      0.001     0.0442      0.533     89.468  62.762113     1.0286      6.710  -102.0508 1.7548e+00     2.2081      8.371     12.141    10.0395   999.7722 0.0000e+00
      8.533      0.000     0.0422      0.566     89.078  62.510256     1.0368      6.710  -101.8533 1.7480e+00     2.2991      8.370     12.139    10.0436   999.7718 0.0000e+00
      8.529      0.000     0.0427      0.562     88.861  62.377812     1.0477      6.710  -101.7044 1.7352e+00     2.3124      8.363     12.130    10.0522   999.7709 0.0000e+00
      8.527      0.000     0.0413      0.539     88.746  62.304560     1.0742      6.710  -101.6277 1.7250e+00     2.3004      8.360     12.125    10.0614   999.7700 0.0000e+00
      8.529      0.001     0.0393      0.534     88.602  62.196466     1.1282      6.712  -101.6993 1.7253e+00     2.2904      8.364     12.131    10.0717   999.7689 0.0000e+00
      8.532      0.002     0.0476      0.539     88.453  62.087550     1.1677      6.713  -101.7958 1.7347e+00     2.2608      8.369     12.137    10.0844   999.7677 0.0000e+00
      8.533      0.002     0.0445      0.554     88.314  62.004344     1.1797      6.714  -101.7622 1.7408e+00     2.2516      8.368     12.138    10.0992   999.7663 0.0000e+00
      8.534      0.001     0.0411      0.550     88.095  61.889417     1.1768      6.714  -101.7227 1.7425e+00     2.2134      8.369     12.137    10.1047   999.7658 0.0000e+00
      8.534     -0.004     0.0427      0.518     87.963  61.841774     1.1612      6.714  -101.8355 1.7477e+00     2.0741      8.370     12.139    10.0958   999.7665 0.0000e+00
      8.533     -0.013     0.0415      0.514     88.236  62.063772     1.1534      6.715  -102.0066 1.7506e+00     1.9741      8.368     12.136    10.0901   999.7669 0.0000e+00
      8.532     -0.027     0.0439      0.516     88.819  62.476690     1.1596      6.717  -102.0715 1.7488e+00     1.9660      8.366     12.134    10.0959   999.7664 0.0000e+00
      8.529     -0.047     0.0457      0.491     89.186  62.704010     1.1696      6.717  -102.1035 1.7573e+00     1.9763      8.367     12.135    10.1227   999.7640 0.0000e+00
      8.519     -0.068     0.0384      0.481     89.086  62.588219     1.1498      6.718  -102.1355 1.7869e+00     1.9618      8.359     12.123    10.1543   999.7609 0.0000e+00
      8.497     -0.084     0.0404      0.497     88.876  62.411058     1.0917      6.718  -102.1137 1.8466e+00     1.8943      8.337     12.092    10.1712   999.7594 0.0000e+00
      8.465     -0.091     0.0424      0.502     88.876  62.404725     1.0491      6.718  -102.1843 1.9295e+00     1.8113      8.303     12.043    10.1769   999.7590 0.0000e+00
      8.427     -0.087     0.0375      0.517     88.846  62.384554     1.0346      6.718  -102.3865 2.0050e+00     1.7821      8.263     11.984    10.1545   999.7610 0.0000e+00
      8.395     -0.072     0.0366      0.557     88.444  62.103631     1.0601      6.718  -102.5798 2.0509e+00     1.8498      8.226     11.932    10.1206   999.7638 0.0000e+00
      8.378     -0.050     0.0402      0.577     87.822  61.676905     1.1287      6.718  -102.6284 2.0713e+00     1.9775      8.211     11.909    10.1039   999.7651 0.0000e+00
      8.375     -0.026     0.0397      0.596     87.416  61.418836     1.1776      6.718  -102.6305 2.0713e+00     2.0565      8.213     11.911    10.1037   999.7651 0.0000e+00
      8.379     -0.005     0.0382      0.606     87.339  61.397952     1.1840      6.718  -103.0350 2.0549e+00     2.0840      8.216     11.917    10.1075   999.7649 0.0000e+00
      8.386      0.009     0.0465      0.558     87.346  61.424437     1.1670      6.718  -103.5623 2.0322e+00     2.1382      8.223     11.927    10.1047   999.7650 0.0000e+00
      8.392      0.014     0.0447      0.521     87.241  61.357846     1.1537      6.717  -103.5851 2.0159e+00     2.1966      8.232     11.939    10.1077   999.7645 0.0000e+00
      8.396      0.010     0.0462      0.540     87.142  61.291753     1.1575      6.715  -103.3968 2.0141e+00     2.2068      8.234     11.942    10.1263   999.7627 0.0000e+00
      8.399     -0.003     0.0513      0.543     87.177  61.324263     1.1646      6.715  -103.3509 2.0096e+00     2.2274      8.236     11.945    10.1497   999.7606 0.0000e+00
      8.402     -0.024     0.0432      0.511     86.781  61.051980     1.1432      6.717  -103.4601 2.0058e+00     2.2398      8.242     11.954    10.1628   999.7594 0.0000e+00
      8.400     -0.050     0.0377      0.495     85.861  60.414054     1.0903      6.718  -103.6849 2.0349e+00     2.1504      8.242     11.954    10.1639   999.7593 0.0000e+00
      8.387     -0.075     0.0441      0.506     85.366  60.092077     1.0501      6.719  -103.9176 2.1004e+00     2.0395      8.230     11.937    10.1633   999.7592 0.0000e+00
      8.360     -0.094     0.0443      0.524     85.395  60.145341     1.0380      6.719  -103.9502 2.1868e+00     1.9975      8.203     11.898    10.1712   999.7585 0.0000e+00
      8.320     -0.101     0.0390      0.521     85.580  60.295665     1.0391      6.720  -103.8214 2.2763e+00     2.0195      8.161     11.835    10.1743   999.7580 0.0000e+00
      8.280     -0.093     0.0383      0.501     85.700  60.384764     1.0455      6.723  -103.8224 2.3548e+00     2.0652      8.116     11.772    10.1725   999.7573 0.0000e+00
      8.247     -0.073     0.0391      0.480     85.451  60.206034     1.0575      6.725  -104.0489 2.4144e+00     2.0696      8.083     11.724    10.1931   999.7552 0.0000e+00
      8.230     -0.048     0.0425      0.476     85.218  60.040750     1.0601      6.726  -104.4090 2.4357e+00     2.0377      8.064     11.696    10.2184   999.7529 0.0000e+00
      8.231     -0.023     0.0409      0.479     85.206  60.038290     1.0764      6.727  -104.6484 2.4138e+00     2.0926      8.068     11.702    10.2273   999.7521 0.0000e+00
      8.242     -0.004     0.0398      0.470     85.027  59.922156     1.1214      6.727  -104.7068 2.3809e+00     2.2179      8.086     11.727    10.2304   999.7521 0.0000e+00
      8.250      0.002     0.0369      0.478     84.533  59.589638     1.1562      6.727  -104.9430 2.3611e+00     2.2819      8.092     11.737    10.2256   999.7523 0.0000e+00
      8.252     -0.008     0.0368      0.513     83.130  58.622805     1.1831      6.727  -105.3532 2.3594e+00     2.3183      8.092     11.737    10.2228   999.7525 0.0000e+00
      8.251     -0.038     0.0389      0.557     80.860  57.063092     1.1974      6.730  -105.4512 2.3724e+00     2.3138      8.093     11.738    10.2293   999.7520 0.0000e+00
      8.247     -0.088     0.0358      0.587     79.574  56.232433     1.1572      6.735  -105.1816 2.3974e+00     2.1928      8.090     11.733    10.2330   999.7515 0.0000e+00
      8.232     -0.149     0.0366      0.597     79.048  55.948764     1.0789      6.740  -104.8463 2.4624e+00     2.0577      8.080     11.718    10.2423   999.7505 0.0000e+00
      8.196     -0.209     0.0400      0.602     77.298  54.776696     1.0430      6.745  -104.4944 2.6133e+00     2.0531      8.050     11.674    10.2559   999.7488 0.0000e+00
      8.129     -0.253     0.0441      0.620     74.855  53.113632     1.0569      6.748  -104.2821 2.8693e+00     2.1380      7.983     11.579    10.2711   999.7458 0.0000e+00
      8.031     -0.266     0.0467      0.612     73.210  52.037885     1.1134      6.750  -104.4302 3.1893e+00     2.3287      7.880     11.429    10.3269   999.7398 0.0000e+00
      7.921     -0.244     0.0472      0.555     72.392  51.551174     1.2009      6.752  -104.3923 3.4831e+00     2.6078      7.761     11.257    10.3975   999.7330 0.0000e+00
      7.832     -0.194     0.0459      0.500     71.563  51.039604     1.2383      6.755  -103.9961 3.6466e+00     2.7314      7.661     11.112    10.4287   999.7287 0.0000e+00
      7.790     -0.126     0.0493      0.489     70.435  50.298175     1.2316      6.758  -103.8559 3.6355e+00     2.7248      7.620     11.052    10.4666   999.7239 0.0000e+00
      7.794     -0.056     0.0499      0.489     69.605  49.762923     1.2344      6.759  -103.9871 3.5328e+00     2.7338      7.638     11.079    10.5381   999.7167 0.0000e+00
      7.817      0.000     0.0430      0.491     69.550  49.775406     1.2438      6.760  -104.1201 3.4431e+00     2.7372      7.669     11.123    10.6085   999.7099 0.0000e+00
      7.838      0.032     0.0366      0.506     69.645  49.877627     1.2494      6.762  -104.2601 3.3975e+00     2.7320      7.689     11.152    10.6625   999.7045 0.0000e+00
      7.851      0.039     0.0381      0.521     69.060  49.474800     1.2450      6.765  -104.3890 3.3747e+00     2.7046      7.702     11.169    10.7044   999.7000 0.0000e+00
      7.858      0.032     0.0384      0.537     68.157  48.842066     1.2669      6.767  -104.3019 3.3487e+00     2.7496      7.708     11.179    10.7450   999.6957 0.0000e+00
      7.860      0.022     0.0366      0.559     67.489  48.387026     1.3326      6.769  -104.2391 3.3303e+00     2.8985      7.710     11.182    10.7857   999.6918 0.0000e+00
      7.860      0.016     0.0401      0.579     67.136  48.164001     1.3718      6.771  -104.8343 3.3211e+00     2.9595      7.708     11.179    10.8118   999.6894 0.0000e+00
      7.863      0.011     0.0400      0.580     67.028  48.113986     1.3688      6.774  -105.3893 3.2965e+00     2.9379      7.709     11.180    10.8184   999.6884 0.0000e+00
      7.869      0.006     0.0415      0.569     66.717  47.909328     1.3643      6.777  -105.1854 3.2641e+00     2.9472      7.716     11.190    10.8244   999.6875 0.0000e+00
      7.875      0.002     0.0432      0.572     65.726  47.213456     1.3644      6.779  -105.1219 3.2505e+00     2.9340      7.725     11.204    10.8437   999.6854 0.0000e+00
      7.876      0.000     0.0456      0.584     64.690  46.494329     1.3695      6.782  -105.3100 3.2655e+00     2.9149      7.728     11.207    10.8691   999.6828 0.0000e+00
      7.871     -0.004     0.0456      0.576     64.495  46.389399     1.3794      6.785  -105.0508 3.2917e+00     2.9573      7.720     11.197    10.8911   999.6807 0.0000e+00
      7.863     -0.012     0.0434      0.555     64.728  46.579792     1.3782      6.788  -104.6556 3.3030e+00     2.9661      7.709     11.182    10.9043   999.6792 0.0000e+00
      7.861     -0.024     0.0435      0.544     65.333  47.018576     1.3353      6.790  -104.3169 3.2934e+00     2.8496      7.706     11.176    10.9103   999.6781 0.0000e+00
      7.863     -0.042     0.0462      0.537     66.461  47.821432     1.2618      6.792  -103.8808 3.2771e+00     2.7160      7.712     11.185    10.9291   999.6757 0.0000e+00
      7.861     -0.064     0.0452      0.538     67.138  48.286494     1.2238      6.792  -103.6850 3.3018e+00     2.6894      7.714     11.188    10.9664   999.6721 0.0000e+00
      7.845     -0.087     0.0417      0.531     67.317  48.387310     1.2189      6.792  -103.6698 3.3981e+00     2.7334      7.700     11.168    10.9847   999.6703 0.0000e+00
      7.813     -0.108     0.0429      0.527     67.552  48.532358     1.2035      6.793  -103.5249 3.5378e+00     2.7684      7.665     11.119    10.9823   999.6703 0.0000e+00
      7.769     -0.125     0.0403      0.527     67.467  48.452743     1.1807      6.795  -103.3104 3.6700e+00     2.7344      7.618     11.050    10.9796   999.6712 0.0000e+00
      7.727     -0.136     0.0425      0.502     66.935  48.059664     1.1622      6.796  -103.0552 3.7707e+00     2.7007      7.573     10.984    10.9599   999.6731 0.0000e+00
      7.692     -0.140     0.0410      0.492     66.366  47.653094     1.1611      6.797  -103.0204 3.8555e+00     2.7726      7.540     10.936    10.9336   999.6755 0.0000e+00
      7.663     -0.136     0.0394      0.512     66.099  47.473817     1.2061      6.798  -103.1482 3.9499e+00     2.9170      7.516     10.901    10.9196   999.6770 0.0000e+00
      7.631     -0.122     0.0431      0.523     66.174  47.542981     1.2665      6.799  -102.7929 4.0675e+00     3.0395      7.486     10.858    10.9044   999.6783 0.0000e+00
      7.595     -0.101     0.0378      0.525     66.149  47.536915     1.2906      6.800  -102.2523 4.2060e+00     3.0858      7.449     10.804    10.8931   999.6791 0.0000e+00
      7.558     -0.078     0.0365      0.529     65.683  47.210000     1.2970      6.802  -102.0320 4.3244e+00     3.0993      7.408     10.744    10.8961   999.6784 0.0000e+00
      7.534     -0.053     0.0406      0.522     64.868  46.638083     1.3056      6.805  -101.9356 4.3475e+00     3.1684      7.377     10.700    10.9070   999.6769 0.0000e+00
      7.531     -0.029     0.0409      0.538     64.055  46.082456     1.3196      6.807  -101.8606 4.2865e+00     3.3032      7.380     10.704    10.9228   999.6755 0.0000e+00
      7.541     -0.008     0.0395      0.571     63.292  45.571455     1.3230      6.810  -101.7281 4.2358e+00     3.3900      7.398     10.730    10.9308   999.6748 0.0000e+00
      7.550      0.007     0.0425      0.553     62.400  44.967515     1.3083      6.814  -101.6242 4.2258e+00     3.3935      7.406     10.742    10.9331   999.6744 0.0000e+00
      7.553      0.013     0.0392      0.513     61.863  44.621332     1.2656      6.819  -101.7233 4.2218e+00     3.3800      7.408     10.744    10.9411   999.6733 0.0000e+00
      7.553      0.012     0.0397      0.489     61.812  44.623786     1.2081      6.824  -101.8082 4.2100e+00     3.3988      7.407     10.743    10.9648   999.6706 0.0000e+00
      7.554      0.009     0.0473      0.481     61.598  44.489324     1.1846      6.829  -101.7040 4.2042e+00     3.4150      7.406     10.742    11.0004   999.6669 0.0000e+00
      7.555      0.009     0.0427      0.498     61.020  44.074851     1.1816      6.832  -101.5821 4.2027e+00     3.4044      7.408     10.747    11.0276   999.6637 0.0000e+00
      7.557      0.009     0.0387      0.513     60.196  43.485106     1.2105      6.835  -101.6241 4.1824e+00     3.4766      7.410     10.748    11.0597   999.6602 0.0000e+00
