Data/DataNotYetUploadedToEDI/Raw_CTD/RawDownloads/070218_fcr20.cnv
* Sea-Bird SBE19plus  Data File:
* FileName = C:\DATA\070218_fcr_0003.hex
* Software version 2.6.3.104
* Temperature SN = 7809
* Conductivity SN = 7809
* System UpLoad Time = Jul 03 2018 07:36:06
* <ApplicationData>
* <Seaterm232>
# nquan = 17
# nvalues = 377                         
# units = specified
# name 0 = depFM: Depth [fresh water, m]
# name 1 = tv290C: Temperature [ITS-90, deg C]
# name 2 = sbeox0Mg/L: Oxygen, SBE 43 [mg/l]
# name 3 = sbeox0PS: Oxygen, SBE 43 [% saturation]
# name 4 = c0uS/cm: Conductivity [uS/cm]
# name 5 = specc: Specific Conductance [uS/cm]
# name 6 = ph: pH
# name 7 = orp: Oxidation Reduction Potential [mV]
# name 8 = flECO-AFL: Fluorescence, WET Labs ECO-AFL/FL [mg/m^3]
# name 9 = turbWETntu0: Turbidity, WET Labs ECO [NTU]
# name 10 = sal00: Salinity, Practical [PSU]
# name 11 = dz/dtM: Descent Rate [m/s]
# name 12 = prdM: Pressure, Strain Gauge [db]
# name 13 = prdE: Pressure, Strain Gauge [psi]
# name 14 = scan: Scan Count
# name 15 = par/sat/log: PAR/Logarithmic, Satlantic
# name 16 = flag:  0.000e+00
# span 0 =     -0.499,      3.502       
# span 1 =    15.2404,    27.9509       
# span 2 =     0.1199,    12.1204       
# span 3 =      1.222,    136.784       
# span 4 =   1.741605,  93.836857       
# span 5 =      1.651,    116.628       
# span 6 =      6.385,      7.975       
# span 7 =   160.5028,  1240.2295       
# span 8 =    -0.8491,    10.6752       
# span 9 =    -5.5552,     9.3095       
# span 10 =     0.0128,     0.0568      
# span 11 =     -0.158,      0.146      
# span 12 =     -0.490,      3.432      
# span 13 =     -0.710,      4.978      
# span 14 =          1,        377      
# span 15 = 2.1526e+01, 2.7305e+03      
# span 16 = 0.0000e+00, 0.0000e+00      
# interval = seconds: 0.25
# start_time = Jul 02 2018 16:11:23 [Instrument's time stamp, header]
# bad_flag = -9.990e-29
*END*
     -0.498    27.6182     6.3477     80.688   1.741605      1.651      6.398   915.4143    -0.1941    -0.7211     0.0128      0.000     -0.489     -0.709          1 1.4047e+02 0.0000e+00
     -0.498    27.6221     6.3360     80.605   1.877950      1.783      6.391   987.1159    -0.1860    -0.7077     0.0128      0.000     -0.488     -0.708          2 1.4102e+02 0.0000e+00
     -0.498    27.6234     6.3408     80.713   1.920053      1.836      6.385  1037.7689    -0.1860    -0.8957     0.0128      0.000     -0.488     -0.708          3 1.4524e+02 0.0000e+00
     -0.498    27.6245     6.3372     80.705   1.896462      1.783      6.390  1059.1961    -0.1698    -0.6271     0.0128      0.000     -0.488     -0.708          4 1.5196e+02 0.0000e+00
     -0.498    27.6257     6.3335     80.685   1.848092      1.783      6.395  1104.6248    -0.1496    -0.6809     0.0128      0.000     -0.488     -0.708          5 1.6358e+02 0.0000e+00
     -0.498    27.6280     6.3310     80.685   1.921035      1.783      6.399  1153.2714    -0.1779    -0.7748     0.0128      0.000     -0.488     -0.708          6 1.6513e+02 0.0000e+00
     -0.498    27.6314     6.3290     80.698   2.101766      2.048      6.405  1178.2193    -0.1860    -0.8017     0.0128      0.000     -0.488     -0.708          7 1.7434e+02 0.0000e+00
     -0.498    27.6361     6.3216     80.634   2.600245      2.392      6.395  1240.2295    -0.1941    -0.8823     0.0129      0.000     -0.488     -0.708          8 1.8275e+02 0.0000e+00
     -0.498    27.6421     6.3238     80.683   3.254872      3.187      6.386  1240.2295    -0.1779    -0.3452     0.0130      0.000     -0.488     -0.708          9 1.8092e+02 0.0000e+00
     -0.499    27.6647     6.3237     80.699   4.070392      3.744      6.406  1240.2295    -0.2102    -0.4123     0.0131     -0.000     -0.489     -0.709         10 1.7107e+02 0.0000e+00
     -0.498    27.7128     6.3275     80.760   4.753674      4.671      6.422  1240.2295    -0.1860    -0.3049     0.0134     -0.000     -0.489     -0.709         11 1.8364e+02 0.0000e+00
     -0.498    27.7596     6.3282     80.777   4.003544      3.689      6.432  1240.2295    -0.1981    -0.4526     0.0131     -0.000     -0.489     -0.709         12 1.7127e+02 0.0000e+00
     -0.498    27.7925     6.3325     80.836   3.345686      3.235      6.439  1240.2295    -0.1779    -0.3049     0.0130     -0.000     -0.489     -0.709         13 2.1777e+02 0.0000e+00
     -0.499    27.8180     6.3364     80.848   3.085053      2.889      6.444  1240.2295    -0.1698    -0.3452     0.0130     -0.001     -0.489     -0.710         14 1.8247e+02 0.0000e+00
     -0.499    27.8377     6.3451     80.900   3.380369      3.178      6.455  1240.2295    -0.1698    -0.3452     0.0131     -0.001     -0.489     -0.710         15 2.7714e+02 0.0000e+00
     -0.499    27.8596     6.3513     80.935   4.103363      3.942      6.459  1240.2295    -0.1860    -0.2377     0.0132     -0.001     -0.489     -0.710         16 1.6307e+02 0.0000e+00
     -0.499    27.8859     6.3546     80.929   3.606597      3.386      6.466  1240.2295    -0.2466    -0.7211     0.0131     -0.000     -0.489     -0.710         17 3.6435e+02 0.0000e+00
     -0.499    27.9079     6.3609     80.921   2.991831      2.831      6.477  1240.2295    -0.2628    -0.7614     0.0130     -0.000     -0.489     -0.710         18 1.7763e+03 0.0000e+00
     -0.499    27.9232     6.3714     80.943   2.677281      2.539      6.489  1240.2295    -0.2668    -0.7748     0.0130     -0.000     -0.490     -0.710         19 2.0739e+03 0.0000e+00
     -0.499    27.9353     6.3785     80.953   2.547183      2.380      6.497  1240.2295    -0.2628    -0.7346     0.0129     -0.000     -0.490     -0.710         20 2.2783e+03 0.0000e+00
     -0.499    27.9429     6.3881     81.041   2.206250      2.142      6.502  1240.2295    -0.8208    -1.6074     0.0129     -0.000     -0.490     -0.710         21 2.1220e+03 0.0000e+00
     -0.499    27.9497     6.3983     81.166   2.775870      2.484      6.510  1240.2295    -0.8491    -1.6074     0.0130     -0.000     -0.490     -0.710         22 4.9392e+02 0.0000e+00
     -0.499    27.9509     6.4093     81.310   2.400864      2.536      6.523  1240.2295    -0.8410    -1.6611     0.0130     -0.000     -0.488     -0.707         23 2.3251e+02 0.0000e+00
     -0.496    27.9247     6.4243     81.504   3.057851      2.431      6.540  1240.2295    -0.8208    -1.6208     0.0130      0.001     -0.473     -0.686         24 4.0052e+02 0.0000e+00
     -0.449    27.8818     6.4430     81.745   7.792056      7.779      6.498  1240.2295    -0.4973    -5.4478     0.0143      0.014     -0.438     -0.635         25 2.9803e+02 0.0000e+00
     -0.398    27.8500     6.4570     81.923  19.374867     17.541      6.932  1240.2295    -0.5176    -5.4612     0.0176      0.037     -0.391     -0.567         26 3.5481e+02 0.0000e+00
     -0.349    27.8170     6.4721     82.113  33.444556     32.583      7.300  1240.2295    -0.5378    -5.5552     0.0234      0.066     -0.344     -0.499         27 3.0892e+02 0.0000e+00
     -0.305    27.7552     6.4822     82.244  36.224344     33.713      7.518   201.1615    -0.5337    -5.4881     0.0239      0.097     -0.305     -0.443         28 2.8247e+02 0.0000e+00
     -0.281    27.6785     6.4863     82.307  35.274143     33.733      7.644   207.5594    -0.5095    -5.4075     0.0239      0.121     -0.279     -0.405         29 2.3262e+02 0.0000e+00
     -0.269    27.6232     6.4904     82.373  35.813348     33.720      7.739   199.7608     1.1646     4.7709     0.0238      0.135     -0.257     -0.373         30 2.6925e+02 0.0000e+00
     -0.234    27.5997     6.4926     82.410  35.494025     33.823      7.811   199.3065     1.1403     4.7172     0.0239      0.142     -0.224     -0.325         31 2.8139e+02 0.0000e+00
     -0.180    27.5963     6.4954     82.451  35.671568     33.805      7.845   201.2751     1.1484     4.6769     0.0238      0.146     -0.181     -0.261         32 2.7895e+02 0.0000e+00
     -0.138    27.5987     6.4969     82.478  35.533111     33.820      7.859   200.3286     1.1646     4.7843     0.0238      0.141     -0.141     -0.205         33 2.6917e+02 0.0000e+00
     -0.115    27.6014     6.4998     82.538  35.666346     33.875      7.872   199.1929     1.0231     7.7385     0.0239      0.135     -0.115     -0.167         34 2.5459e+02 0.0000e+00
     -0.098    27.6036     6.5010     82.567  35.565078     33.821      7.870   200.0258     1.0352     7.6982     0.0238      0.127     -0.099     -0.143         35 2.3724e+02 0.0000e+00
     -0.088    27.6042     6.5016     82.576  35.659136     33.872      7.874   200.6693     1.0312     7.6579     0.0239      0.119     -0.091     -0.131         36 2.3459e+02 0.0000e+00
     -0.091    27.6035     6.4979     82.534  35.727237     33.977      7.887   201.5022     1.0190     7.7250     0.0239      0.107     -0.089     -0.128         37 2.4552e+02 0.0000e+00
     -0.088    27.6051     6.4901     82.448  35.658274     33.870      7.895   201.5779     1.4274     1.0379     0.0239      0.090     -0.085     -0.122         38 2.3202e+02 0.0000e+00
     -0.077    27.6132     6.4800     82.334  35.626328     33.871      7.893   201.7672     1.4113     1.0379     0.0239      0.067     -0.077     -0.112         39 2.0957e+02 0.0000e+00
     -0.072    27.6220     6.4033     81.395  35.648361     33.870      7.893   202.5622     1.4355     0.9574     0.0239      0.044     -0.071     -0.103         40 2.0944e+02 0.0000e+00
     -0.068    27.6282     6.3756     81.074  35.630854     33.865      7.892   202.4108     1.4032     0.9842     0.0239      0.029     -0.066     -0.096         41 2.0175e+02 0.0000e+00
     -0.062    27.6313     6.4924     82.561  35.648114     33.859      7.897   202.7136     1.4113     1.0648     0.0239      0.023     -0.062     -0.090         42 1.9249e+02 0.0000e+00
     -0.060    27.6378     6.6871     85.021  35.686192     33.908      7.904   203.5465     1.4113     0.9842     0.0239      0.019     -0.060     -0.087         43 1.9152e+02 0.0000e+00
     -0.062    27.6531     6.8898     87.577  35.642779     33.853      7.908   204.0765     1.3991     1.0379     0.0239      0.017     -0.061     -0.088         44 1.8884e+02 0.0000e+00
     -0.063    27.6631     7.0845     90.022  35.642824     33.849      7.911   204.6444     1.4194     0.9574     0.0239      0.015     -0.061     -0.088         45 1.8757e+02 0.0000e+00
     -0.060    27.6633     7.2407     91.969  35.715789     33.918      7.909   205.2122     1.3344     1.0514     0.0239      0.012     -0.059     -0.085         46 1.8423e+02 0.0000e+00
     -0.056    27.6672     7.3438     93.226  35.729915     33.912      7.912   205.5908     1.3708     0.9708     0.0239      0.009     -0.055     -0.080         47 1.8021e+02 0.0000e+00
     -0.054    27.6755     7.3964     93.828  35.743871     33.938      7.915   205.8558     1.3547     1.0379     0.0239      0.007     -0.053     -0.076         48 1.7867e+02 0.0000e+00
     -0.051    27.6866     7.4077     93.925  35.728078     33.910      7.916   206.4615     1.3749     0.9036     0.0239      0.007     -0.050     -0.072         49 1.7735e+02 0.0000e+00
     -0.049    27.7101     7.4183     94.035  35.719910     33.904      7.918   206.7644     1.3304     0.9574     0.0239      0.007     -0.047     -0.068         50 1.7623e+02 0.0000e+00
     -0.045    27.7315     7.4212     94.057  35.724373     33.898      7.918   207.1808     1.3425     0.9842     0.0239      0.008     -0.043     -0.063         51 1.7458e+02 0.0000e+00
     -0.040    27.7331     7.4234     94.082  35.722517     33.882      7.917   207.4836     1.3668     0.9439     0.0239      0.011     -0.036     -0.052         52 1.7056e+02 0.0000e+00
     -0.026    27.7229     7.4158     93.981  35.722210     33.868      7.917   207.5215     1.3506     0.9439     0.0239      0.015     -0.019     -0.028         53 1.8004e+02 0.0000e+00
      0.008    27.7087     7.3989     93.755  35.695088     33.840      7.909   208.4301     1.3425     0.8902     0.0239      0.026      0.009      0.012         54 1.8254e+02 0.0000e+00
      0.043    27.6902     7.3493     93.117  35.726611     33.874      7.897   208.7329     1.3223     0.8902     0.0239      0.042      0.039      0.056         55 1.9942e+02 0.0000e+00
      0.068    27.6672     7.2869     92.309  35.712643     33.883      7.888   209.5658     1.3425     1.0111     0.0239      0.059      0.062      0.089         56 1.9301e+02 0.0000e+00
      0.078    27.6350     7.2608     91.931  35.653163     33.815      7.879   210.3608     1.3668     1.0111     0.0239      0.071      0.072      0.104         57 1.5325e+02 0.0000e+00
      0.074    27.5962     7.2094     91.223  35.622696     33.830      7.871   210.3987     1.3304     0.8634     0.0239      0.075      0.075      0.108         58 1.5048e+02 0.0000e+00
      0.076    27.5685     7.2028     91.102  35.542968     33.744      7.871   210.2472     1.3627     0.9708     0.0238      0.071      0.081      0.117         59 1.4466e+02 0.0000e+00
      0.097    27.5539     7.2962     92.271  35.574454     33.823      7.876   210.7772     1.3466     0.9708     0.0238      0.067      0.096      0.139         60 1.4681e+02 0.0000e+00
      0.120    27.5454     7.4296     93.956  35.583529     33.840      7.877   210.8529     1.3547     1.0111     0.0238      0.060      0.116      0.168         61 1.3699e+02 0.0000e+00
      0.137    27.5430     7.5354     95.297  35.531689     33.797      7.877   210.7772     1.3506     0.9574     0.0238      0.053      0.135      0.196         62 1.3776e+02 0.0000e+00
      0.156    27.5407     7.6030     96.158  35.579662     33.855      7.878   210.7394     1.3951     0.9305     0.0238      0.050      0.155      0.225         63 1.5435e+02 0.0000e+00
      0.182    27.5340     7.6073     96.218  35.583147     33.857      7.868   211.5344     1.4194     0.9708     0.0238      0.056      0.176      0.256         64 1.9920e+02 0.0000e+00
      0.200    27.5278     7.5550     95.562  35.586670     33.858      7.854   212.4429     1.3991     1.0111     0.0238      0.066      0.194      0.281         65 2.1221e+02 0.0000e+00
      0.210    27.5164     7.4744     94.548  35.634594     33.916      7.846   212.7458     1.4072     1.0245     0.0239      0.073      0.204      0.296         66 1.3168e+03 0.0000e+00
      0.216    27.4881     7.3602     93.098  35.582823     33.866      7.842   218.7651     1.4355     0.9976     0.0238      0.072      0.208      0.301         67 2.1375e+03 0.0000e+00
      0.209    27.4530     7.2227     91.338  35.532472     33.820      7.856   225.6930     1.4194     0.9976     0.0238      0.060      0.206      0.299         68 1.2148e+03 0.0000e+00
      0.206    27.4302     7.0941     89.685  35.519317     33.839      7.860   232.3559     1.4234     1.0379     0.0238      0.046      0.204      0.296         69 1.0183e+03 0.0000e+00
      0.208    27.4221     7.0052     88.536  35.480576     33.808      7.867   234.3244     1.4315     0.9708     0.0238      0.033      0.204      0.296         70 9.3901e+02 0.0000e+00
      0.208    27.4213     6.9655     87.998  35.462069     33.823      7.872   232.9237     1.4396     0.9708     0.0238      0.019      0.205      0.297         71 3.6129e+02 0.0000e+00
      0.210    27.4233     6.9653     87.958  35.483046     33.828      7.875   231.3716     1.3991     0.9439     0.0238      0.008      0.207      0.300         72 2.7449e+02 0.0000e+00
      0.215    27.4263     6.9927     88.273  35.513791     33.882      7.877   232.5073     1.4113     0.9305     0.0238      0.003      0.211      0.306         73 2.0972e+02 0.0000e+00
      0.219    27.4293     7.0153     88.534  35.483123     33.827      7.877   233.5673     1.4194     0.9842     0.0238      0.003      0.215      0.311         74 3.1468e+02 0.0000e+00
      0.222    27.4329     7.0355     88.766  35.461898     33.826      7.877   229.4409     1.4194     0.9842     0.0238      0.005      0.218      0.315         75 4.5391e+02 0.0000e+00
      0.224    27.4360     7.0683     89.159  35.480890     33.824      7.877   231.9394     1.4517     0.8902     0.0238      0.009      0.220      0.319         76 2.5964e+02 0.0000e+00
      0.225    27.4326     7.1026     89.576  35.518799     33.875      7.874   236.4823     1.4760     0.9439     0.0238      0.011      0.221      0.321         77 1.9048e+02 0.0000e+00
      0.226    27.4199     7.1267     89.870  35.533348     33.872      7.876   237.3909     1.4638     0.9036     0.0238      0.010      0.221      0.321         78 5.0430e+02 0.0000e+00
      0.225    27.4039     7.1521     90.187  35.522099     33.875      7.879   237.6937     1.4962     0.9574     0.0238      0.009      0.221      0.321         79 1.1477e+03 0.0000e+00
      0.226    27.3868     7.1715     90.434  35.532802     33.883      7.883   236.1416     1.5568     0.9439     0.0238      0.007      0.221      0.321         80 1.1967e+03 0.0000e+00
      0.225    27.3645     7.1844     90.597  35.520034     33.893      7.883   237.1259     1.5326     1.0111     0.0238      0.004      0.220      0.320         81 9.4091e+02 0.0000e+00
      0.223    27.3403     7.1944     90.722  35.478679     33.851      7.884   232.5073     1.5447     0.9842     0.0238      0.002      0.219      0.317         82 9.7469e+02 0.0000e+00
      0.220    27.3208     7.2020     90.815  35.465647     33.865      7.886   231.6366     1.5407     0.9842     0.0238     -0.001      0.216      0.313         83 8.1551e+02 0.0000e+00
      0.217    27.3053     7.1873     90.617  35.476949     33.881      7.879   224.8980     1.3547     1.0379     0.0238     -0.003      0.213      0.308         84 1.0011e+03 0.0000e+00
      0.213    27.2911     7.1503     90.144  35.464625     33.894      7.877   231.5987     1.3344     0.8902     0.0238     -0.006      0.209      0.304         85 9.6119e+02 0.0000e+00
