Data/DataNotYetUploadedToEDI/Raw_CTD/RawDownloads/070218_fcr50.cnv
* Sea-Bird SBE19plus  Data File:
* FileName = C:\DATA\070218_fcr_0001.hex
* Software version 2.6.3.104
* Temperature SN = 7809
* Conductivity SN = 7809
* System UpLoad Time = Jul 03 2018 07:35:38
* <ApplicationData>
* <Seaterm232>
# nquan = 17
# nvalues = 572                         
# units = specified
# name 0 = depFM: Depth [fresh water, m]
# name 1 = tv290C: Temperature [ITS-90, deg C]
# name 2 = sbeox0Mg/L: Oxygen, SBE 43 [mg/l]
# name 3 = sbeox0PS: Oxygen, SBE 43 [% saturation]
# name 4 = c0uS/cm: Conductivity [uS/cm]
# name 5 = specc: Specific Conductance [uS/cm]
# name 6 = ph: pH
# name 7 = orp: Oxidation Reduction Potential [mV]
# name 8 = flECO-AFL: Fluorescence, WET Labs ECO-AFL/FL [mg/m^3]
# name 9 = turbWETntu0: Turbidity, WET Labs ECO [NTU]
# name 10 = sal00: Salinity, Practical [PSU]
# name 11 = dz/dtM: Descent Rate [m/s]
# name 12 = prdM: Pressure, Strain Gauge [db]
# name 13 = prdE: Pressure, Strain Gauge [psi]
# name 14 = scan: Scan Count
# name 15 = par/sat/log: PAR/Logarithmic, Satlantic
# name 16 = flag:  0.000e+00
# span 0 =     -0.523,      9.711       
# span 1 =    11.0320,    30.1442       
# span 2 =     2.9515,    10.7642       
# span 3 =     27.641,    126.459       
# span 4 =   1.483295,  37.968103       
# span 5 =      1.322,     46.214       
# span 6 =      6.098,      8.347       
# span 7 = -1240.7455,   332.2990       
# span 8 =    -0.7197,    12.2725       
# span 9 =    -3.6619,    20.6293       
# span 10 =     0.0135,     0.0247      
# span 11 =     -0.071,      0.237      
# span 12 =     -0.513,      9.521      
# span 13 =     -0.743,     13.810      
# span 14 =          1,        572      
# span 15 = 1.2065e-01, 2.1752e+03      
# span 16 = 0.0000e+00, 0.0000e+00      
# interval = seconds: 0.25
# start_time = Jul 02 2018 13:56:46 [Instrument's time stamp, header]
# bad_flag = -9.990e-29
*END*
[from data line 171]
     -0.045    27.9264     6.6940     84.732  37.746572     35.643      7.860   267.4117     1.3183     0.8768     0.0247     -0.060     -0.040     -0.058        172 1.5396e+03 0.0000e+00
     -0.036    27.8732     7.0558     89.190  37.782204     35.679      7.866   267.1467     1.3304     0.8902     0.0247     -0.071     -0.033     -0.048        173 1.4984e+03 0.0000e+00
     -0.020    27.8176     7.4498     94.097  37.737435     35.645      7.867   266.2002     1.2819     0.7157     0.0247     -0.068     -0.019     -0.028        174 1.5229e+03 0.0000e+00
     -0.002    27.7600     7.8454     99.058  37.624335     35.574      7.859   266.9952     1.2819     0.8097     0.0246     -0.052     -0.003     -0.004        175 1.5555e+03 0.0000e+00
      0.012    27.7124     8.1820    103.289  37.537395     35.533      7.858   266.9195     1.2900     0.8365     0.0246     -0.025      0.012      0.017        176 1.5269e+03 0.0000e+00
      0.026    27.6730     8.4484    106.629  37.430414     35.465      7.854   266.9574     1.3183     0.8499     0.0245      0.009      0.026      0.037        177 1.5543e+03 0.0000e+00
      0.040    27.6387     8.6344    108.947  37.371914     35.445      7.861   266.9574     1.3142     0.8365     0.0245      0.038      0.041      0.059        178 1.5195e+03 0.0000e+00
      0.058    27.6130     8.7354    110.194  37.194980     35.311      7.860   266.4274     1.3142     0.7559     0.0245      0.053      0.057      0.083        179 1.3312e+03 0.0000e+00
      0.076    27.5937     8.7190    109.973  37.176068     35.282      7.859   266.3517     1.3061     0.7157     0.0244      0.060      0.074      0.107        180 1.3443e+03 0.0000e+00
      0.092    27.5542     8.6400    108.971  37.009890     35.219      7.865   266.8438     1.3183     0.9171     0.0244      0.062      0.090      0.130        181 1.2931e+03 0.0000e+00
      0.106    27.4739     8.5599    107.967  36.156117     34.329      7.872   266.6924     1.2697     0.8097     0.0240      0.062      0.104      0.150        182 1.0511e+03 0.0000e+00
      0.118    27.3969     8.4906    107.090  35.717586     33.981      7.869   267.0710     1.3263     0.7828     0.0239      0.061      0.114      0.165        183 1.1772e+03 0.0000e+00
      0.124    27.3534     8.4430    106.478  35.776142     34.088      7.858   266.7681     1.3061     0.7559     0.0239      0.058      0.120      0.174        184 1.2703e+03 0.0000e+00
      0.124    27.3326     8.4107    106.067  35.757041     34.111      7.850   266.9952     1.2212     0.8365     0.0239      0.052      0.121      0.176        185 1.2128e+03 0.0000e+00
      0.123    27.3220     8.3875    105.774  35.711735     34.113      7.847   266.6924     1.2536     0.7828     0.0239      0.042      0.122      0.177        186 1.4059e+03 0.0000e+00
      0.126    27.3106     8.3772    105.645  35.595288     33.993      7.853   266.4274     1.2616     0.8634     0.0238      0.032      0.127      0.184        187 1.4075e+03 0.0000e+00
      0.137    27.2954     8.3809    105.693  35.516421     33.946      7.865   266.3517     1.2455     0.7828     0.0238      0.025      0.137      0.199        188 1.2249e+03 0.0000e+00
      0.155    27.2814     8.3777    105.658  35.424343     33.847      7.875   266.5031     1.3102     0.7559     0.0238      0.024      0.152      0.220        189 1.2425e+03 0.0000e+00
      0.170    27.2738     8.3566    105.391  35.472626     33.910      7.881   266.6167     1.2859     0.8768     0.0238      0.026      0.167      0.241        190 1.1885e+03 0.0000e+00
      0.182    27.2715     8.3368    105.134  35.456340     33.919      7.886   267.0331     1.2980     0.8499     0.0238      0.031      0.182      0.264        191 1.1161e+03 0.0000e+00
      0.206    27.2741     8.3167    104.894  35.385301     33.817      7.885   266.7681     1.2980     0.8365     0.0238      0.041      0.202      0.293        192 1.1180e+03 0.0000e+00
      0.229    27.2727     8.3061    104.786  35.561036     34.033      7.882   267.1088     1.2940     1.0111     0.0238      0.053      0.221      0.321        193 1.0830e+03 0.0000e+00
      0.240    27.2667     8.3117    104.879  35.534216     33.977      7.876   266.6545     1.2697     0.9171     0.0238      0.061      0.235      0.341        194 1.0997e+03 0.0000e+00
      0.251    27.2648     8.3156    104.951  35.418679     33.871      7.874   266.8438     1.3102     1.1319     0.0238      0.065      0.245      0.356        195 1.1069e+03 0.0000e+00
      0.261    27.2650     8.3264    105.089  35.467561     33.929      7.871   266.3517     1.3223     0.9574     0.0238      0.063      0.255      0.370        196 1.1020e+03 0.0000e+00
      0.269    27.2651     8.3401    105.226  35.414068     33.877      7.875   267.9795     1.3668     0.7828     0.0238      0.059      0.264      0.383        197 1.0936e+03 0.0000e+00
      0.277    27.2661     8.3456    105.279  35.425936     33.876      7.874   267.9417     1.3506     0.7559     0.0238      0.054      0.273      0.396        198 1.0639e+03 0.0000e+00
      0.290    27.2686     8.3563    105.409  35.452793     33.930      7.877   268.1688     1.3668     0.7828     0.0238      0.049      0.285      0.413        199 1.0616e+03 0.0000e+00
      0.305    27.2679     8.3634    105.454  35.617905     34.036      7.875   268.3203     1.3547     0.8768     0.0238      0.044      0.298      0.433        200 1.0609e+03 0.0000e+00
      0.317    27.2647     8.3597    105.361  35.517031     34.035      7.873   267.8281     1.3425     0.8097     0.0238      0.042      0.312      0.453        201 1.0575e+03 0.0000e+00
      0.333    27.2712     8.3434    105.115  35.459699     33.821      7.879   267.2602     1.3830     0.7694     0.0238      0.045      0.327      0.473        202 1.0603e+03 0.0000e+00
      0.348    27.2850     8.3331    104.907  36.015496     34.545      7.876   269.0395     1.3587     0.7828     0.0241      0.048      0.339      0.491        203 1.0605e+03 0.0000e+00
      0.355    27.2974     8.3292    104.692  36.189611     34.541      7.868   268.4717     1.3668     0.8231     0.0241      0.049      0.347      0.504        204 1.0288e+03 0.0000e+00
      0.360    27.3098     8.3320    104.466  36.132746     34.612      7.859   269.3045     1.3830     0.8365     0.0241      0.049      0.354      0.514        205 1.0149e+03 0.0000e+00
      0.367    27.3098     8.3531    104.435  36.115915     34.470      7.861   269.6453     1.3183     0.7962     0.0240      0.046      0.362      0.526        206 1.0027e+03 0.0000e+00
      0.381    27.2919     8.4290    105.110  35.824995     34.302      7.863   269.8345     1.2859     0.7425     0.0240      0.043      0.375      0.543        207 9.8633e+02 0.0000e+00
      0.397    27.2830     8.6035    107.016  35.427106     33.794      7.867   267.6388     1.3061     0.7962     0.0238      0.042      0.390      0.565        208 9.9258e+02 0.0000e+00
      0.413    27.2788     8.8398    109.719  35.424775     33.913      7.868   268.9260     1.2859     0.6888     0.0238      0.043      0.405      0.588        209 9.7721e+02 0.0000e+00
      0.430    27.2561     9.1132    112.907  35.442352     33.865      7.869   269.4938     1.3668     1.1319     0.0238      0.045      0.422      0.612        210 9.3397e+02 0.0000e+00
      0.449    27.2312     9.3939    116.193  35.227294     33.707      7.869   269.8724     1.3506     0.9976     0.0237      0.050      0.441      0.640        211 8.8476e+02 0.0000e+00
      0.472    27.2100     9.6556    119.232  35.128930     33.588      7.867   272.1438     1.3749     0.9305     0.0237      0.058      0.462      0.670        212 8.7408e+02 0.0000e+00
      0.494    27.1674     9.8790    121.811  35.149574     33.658      7.862   272.3331     1.3749     1.0648     0.0237      0.066      0.483      0.700        213 8.9568e+02 0.0000e+00
      0.512    27.0790    10.0376    123.639  35.112643     33.618      7.863   269.9103     1.4517     1.0648     0.0237      0.072      0.501      0.727        214 8.6210e+02 0.0000e+00
      0.528    26.9398    10.1264    124.644  34.937650     33.484      7.866   270.5917     1.4274     1.0782     0.0236      0.074      0.517      0.750        215 8.6164e+02 0.0000e+00
      0.542    26.7836    10.1582    124.947  34.774240     33.380      7.871   270.7431     1.4436     1.0111     0.0235      0.074      0.534      0.774        216 8.9173e+02 0.0000e+00
      0.562    26.6375    10.1558    124.792  34.633947     33.335      7.875   271.3110     1.4598     1.0111     0.0235      0.074      0.554      0.804        217 8.6354e+02 0.0000e+00
      0.592    26.4992    10.1334    124.408  34.578493     33.383      7.873   271.4624     1.4436     1.0245     0.0235      0.076      0.582      0.844        218 8.3759e+02 0.0000e+00
      0.627    26.3793    10.1242    124.209  34.517108     33.422      7.883   271.6895     1.4679     1.0379     0.0234      0.081      0.612      0.888        219 7.9569e+02 0.0000e+00
      0.652    26.2795    10.1266    124.138  34.443505     33.431      7.899   271.2353     1.4315     1.0514     0.0234      0.086      0.639      0.926        220 7.8513e+02 0.0000e+00
      0.673    26.1877    10.1252    124.046  34.403250     33.482      7.925   270.8945     1.4274     0.9842     0.0234      0.090      0.665      0.964        221 7.2261e+02 0.0000e+00
      0.709    26.0965    10.1334    124.050  34.300360     33.438      7.961   270.9324     1.4315     1.0379     0.0234      0.098      0.696      1.010        222 7.0295e+02 0.0000e+00
      0.748    26.0159    10.1450    124.080  34.215731     33.416      7.998   269.6831     1.4234     1.0379     0.0233      0.109      0.730      1.059        223 7.1565e+02 0.0000e+00
      0.776    25.9589    10.1531    124.055  34.212056     33.476      8.031   267.2224     1.4315     1.0916     0.0233      0.116      0.758      1.100        224 6.5136e+02 0.0000e+00
      0.795    25.9196    10.1659    124.087  34.186353     33.501      8.065   270.3267     1.4355     1.0111     0.0233      0.117      0.782      1.133        225 6.6024e+02 0.0000e+00
      0.820    25.8798    10.1694    124.016  34.158788     33.511      8.095   268.8124     1.4274     0.9842     0.0233      0.114      0.808      1.171        226 6.4043e+02 0.0000e+00
      0.857    25.8256    10.1550    123.774  34.157422     33.537      8.125   267.4495     1.6781     1.0245     0.0233      0.113      0.838      1.216        227 6.0676e+02 0.0000e+00
      0.887    25.7782    10.1379    123.540  34.158419     33.563      8.153   266.0110     1.6984     1.0916     0.0233      0.115      0.867      1.258        228 6.3618e+02 0.0000e+00
      0.910    25.7385    10.1387    123.398  34.157568     33.599      8.177   266.2002     1.7064     0.9842     0.0233      0.114      0.891      1.293        229 6.2945e+02 0.0000e+00
      0.932    25.6962    10.1420    123.244  34.158506     33.631      8.196   265.9352     1.7145     0.9574     0.0233      0.109      0.911      1.322        230 6.0107e+02 0.0000e+00
      0.944    25.6611    10.1416    123.177  34.127620     33.629      8.210   268.4338     1.7711     1.3065     0.0233      0.101      0.925      1.342        231 5.8214e+02 0.0000e+00
      0.953    25.6199    10.1468    123.202  34.107058     33.630      8.229   267.2602     1.7550     1.2931     0.0233      0.094      0.939      1.363        232 5.5660e+02 0.0000e+00
      0.978    25.5699    10.1465    123.003  34.035835     33.597      8.248   267.4874     1.7631     1.3333     0.0233      0.088      0.961      1.394        233 5.2701e+02 0.0000e+00
      1.009    25.5154    10.1511    122.904  33.890064     33.460      8.262   268.1310     1.7914     1.1991     0.0232      0.084      0.987      1.432        234 5.2388e+02 0.0000e+00
      1.031    25.4610    10.1775    123.040  33.873312     33.492      8.282   266.6924     1.9369     1.1722     0.0232      0.080      1.011      1.467        235 5.1818e+02 0.0000e+00
      1.054    25.4106    10.2147    123.236  33.938085     33.584      8.301   267.3360     1.9733     1.1991     0.0232      0.080      1.034      1.500        236 5.1554e+02 0.0000e+00
      1.079    25.3828    10.2553    123.444  33.839136     33.537      8.317   266.9952     1.9572     1.3065     0.0232      0.083      1.058      1.534        237 5.4445e+02 0.0000e+00
      1.102    25.3672    10.2988    123.647  33.759235     33.460      8.325   267.7903     1.9572     1.3065     0.0231      0.087      1.081      1.569        238 5.2067e+02 0.0000e+00
      1.128    25.3028    10.3406    123.846  33.800302     33.563      8.330   267.9795     1.9572     1.1856     0.0232      0.093      1.105      1.603        239 4.8091e+02 0.0000e+00
      1.151    25.2176    10.3689    123.983  33.699080     33.432      8.325   268.7745     1.9450     1.1856     0.0231      0.096      1.124      1.631        240 4.7839e+02 0.0000e+00
      1.160    25.1915    10.3879    124.123  33.677633     33.476      8.323   269.0017     1.9572     1.2931     0.0231      0.091      1.136      1.648        241 4.9066e+02 0.0000e+00
      1.165    25.1688    10.3993    124.242  33.738055     33.589      8.328   267.9795     1.9895     1.2125     0.0231      0.082      1.149      1.666        242 4.7906e+02 0.0000e+00
      1.192    25.0895    10.4074    124.297  33.683228     33.552      8.337   264.3452     2.3090     1.1588     0.0231      0.078      1.172      1.700        243 4.5312e+02 0.0000e+00
      1.229    25.0164    10.4105    124.322  33.627263     33.507      8.341   265.3295     2.2887     1.2125     0.0231      0.078      1.202      1.744        244 4.4670e+02 0.0000e+00
      1.254    24.9376    10.4114    124.314  33.570481     33.509      8.343   265.7081     2.2766     1.2931     0.0231      0.080      1.230      1.785        245 4.2478e+02 0.0000e+00
      1.282    24.8256    10.4088    124.237  33.516684     33.499      8.344   265.2538     2.2968     1.3602     0.0231      0.084      1.258      1.824        246 4.1894e+02 0.0000e+00
      1.313    24.7021    10.4089    124.156  33.457010     33.497      8.342   267.7524     2.2847     1.2259     0.0230      0.091      1.285      1.864        247 4.1882e+02 0.0000e+00
      1.334    24.5624    10.4116    124.041  33.466857     33.572      8.344   267.7524     2.2079     1.0916     0.0230      0.097      1.309      1.899        248 3.9907e+02 0.0000e+00
      1.358    24.4322    10.4319    123.915  33.415515     33.628      8.347   264.8374     2.2159     1.1856     0.0230      0.104      1.333      1.933        249 3.8939e+02 0.0000e+00
      1.386    24.3435    10.4415    123.684  33.283724     33.553      8.342   265.4431     2.1917     1.2393     0.0230      0.108      1.356      1.967        250 3.7819e+02 0.0000e+00
      1.403    24.3070    10.4814    123.926  33.245422     33.643      8.333   265.4052     2.2159     1.3333     0.0230      0.103      1.375      1.994        251 3.7512e+02 0.0000e+00
      1.416    24.2965    10.5675    124.667  33.285311     33.702      8.328   265.8217     2.4505     1.2393     0.0230      0.095      1.392      2.019        252 3.7259e+02 0.0000e+00
      1.440    24.2819    10.6615    125.431  33.323087     33.814      8.318   266.5788     2.4828     1.2259     0.0230      0.090      1.410      2.045        253 3.6228e+02 0.0000e+00
      1.456    24.2737    10.7420    126.213  33.287395     33.733      8.307   266.9952     2.4869     1.2125     0.0230      0.084      1.426      2.067        254 3.5864e+02 0.0000e+00
      1.465    24.2681    10.7642    126.459  33.240773     33.746      8.298   267.7524     2.4667     1.2125     0.0230      0.076      1.439      2.087        255 3.5790e+02 0.0000e+00
