Data/DataNotYetUploadedToEDI/Raw_CTD/RawDownloads/070218_fcr45.cnv
* Sea-Bird SBE19plus  Data File:
* FileName = C:\DATA\070218_fcr_0005.hex
* Software version 2.6.3.104
* Temperature SN = 7809
* Conductivity SN = 7809
* System UpLoad Time = Jul 03 2018 07:36:43
* <ApplicationData>
* <Seaterm232>
# nquan = 17
# nvalues = 528                         
# units = specified
# name 0 = depFM: Depth [fresh water, m]
# name 1 = tv290C: Temperature [ITS-90, deg C]
# name 2 = sbeox0Mg/L: Oxygen, SBE 43 [mg/l]
# name 3 = sbeox0PS: Oxygen, SBE 43 [% saturation]
# name 4 = c0uS/cm: Conductivity [uS/cm]
# name 5 = specc: Specific Conductance [uS/cm]
# name 6 = ph: pH
# name 7 = orp: Oxidation Reduction Potential [mV]
# name 8 = flECO-AFL: Fluorescence, WET Labs ECO-AFL/FL [mg/m^3]
# name 9 = turbWETntu0: Turbidity, WET Labs ECO [NTU]
# name 10 = sal00: Salinity, Practical [PSU]
# name 11 = dz/dtM: Descent Rate [m/s]
# name 12 = prdM: Pressure, Strain Gauge [db]
# name 13 = prdE: Pressure, Strain Gauge [psi]
# name 14 = scan: Scan Count
# name 15 = par/sat/log: PAR/Logarithmic, Satlantic
# name 16 = flag:  0.000e+00
# span 0 =     -0.523,      7.204       
# span 1 =    10.9400,    30.2453       
# span 2 =     2.1893,    12.1926       
# span 3 =     20.602,    139.917       
# span 4 =   2.097540,  37.307004       
# span 5 =      1.903,     45.911       
# span 6 =      6.224,      8.592       
# span 7 =   166.4842,  1240.2295       
# span 8 =    -0.8370,     6.7448       
# span 9 =    -0.5734,     4.8783       
# span 10 =     0.0136,     0.0245      
# span 11 =     -0.008,      0.203      
# span 12 =     -0.513,      7.064      
# span 13 =     -0.744,     10.246      
# span 14 =          1,        528      
# span 15 = 3.3442e-01, 2.8395e+03      
# span 16 = 0.0000e+00, 0.0000e+00      
# interval = seconds: 0.25
# start_time = Jul 02 2018 17:03:12 [Instrument's time stamp, header]
# bad_flag = -9.990e-29
*END*
[from data line 256]
      3.159    15.9355     4.8795     48.698  32.152685     39.144      7.244   244.3945     2.8831     0.9305     0.0226      0.065      3.098      4.493        257 2.2403e+01 0.0000e+00
      3.172    15.9004     4.8244     48.092  32.141713     39.199      7.237   244.3566     2.8508     0.8499     0.0226      0.060      3.110      4.511        258 2.2284e+01 0.0000e+00
      3.185    15.9087     4.7640     47.441  32.152805     39.264      7.228   244.7730     2.8306     0.7559     0.0226      0.056      3.123      4.529        259 2.2055e+01 0.0000e+00
      3.196    15.9339     4.7089     46.842  32.138908     39.294      7.222   244.6216     3.0206     0.8634     0.0226      0.052      3.137      4.548        260 2.1775e+01 0.0000e+00
      3.213    15.8750     4.6612     46.315  32.159022     39.290      7.214   244.9623     2.9964     0.8768     0.0226      0.050      3.152      4.571        261 2.1505e+01 0.0000e+00
      3.232    15.7349     4.6173     45.825  32.157424     39.294      7.207   245.6059     2.9964     0.8365     0.0226      0.052      3.169      4.597        262 2.1303e+01 0.0000e+00
      3.251    15.6023     4.5929     45.535  32.170549     39.319      7.198   245.4923     3.0085     0.7828     0.0226      0.055      3.189      4.625        263 2.1010e+01 0.0000e+00
      3.273    15.4981     4.5749     45.338  32.231676     39.593      7.188   246.4766     2.9802     0.8097     0.0227      0.061      3.209      4.654        264 2.0744e+01 0.0000e+00
      3.290    15.4188     4.5668     45.244  32.229674     39.653      7.178   246.8552     3.0085     0.9305     0.0227      0.065      3.227      4.679        265 2.0576e+01 0.0000e+00
      3.306    15.3516     4.5680     45.224  32.291712     39.893      7.165   247.4988     3.0004     0.7559     0.0227      0.068      3.242      4.702        266 2.0372e+01 0.0000e+00
      3.322    15.2900     4.5622     45.133  32.332441     39.971      7.154   248.0666     2.9721     0.8231     0.0227      0.070      3.258      4.725        267 2.0186e+01 0.0000e+00
      3.340    15.2364     4.5554     45.003  32.267985     40.003      7.147   248.2181     3.0085     0.8365     0.0227      0.071      3.275      4.749        268 2.0018e+01 0.0000e+00
      3.355    15.1875     4.5500     44.860  32.223689     39.960      7.137   248.8995     2.9640     0.7828     0.0227      0.070      3.290      4.771        269 1.9889e+01 0.0000e+00
      3.370    15.1374     4.5447     44.724  32.239327     40.083      7.127   248.5966     2.9802     0.8231     0.0227      0.067      3.305      4.794        270 1.9669e+01 0.0000e+00
      3.387    15.0855     4.5300     44.510  32.218895     40.062      7.118   248.8995     3.0125     0.7962     0.0227      0.065      3.320      4.816        271 1.9432e+01 0.0000e+00
      3.401    15.0308     4.4909     44.069  32.189831     40.112      7.109   249.0131     3.0004     0.8097     0.0227      0.063      3.335      4.837        272 1.9343e+01 0.0000e+00
      3.414    14.9834     4.4516     43.567  32.216210     40.164      7.099   249.8838     3.1339     0.8097     0.0227      0.062      3.349      4.857        273 1.9199e+01 0.0000e+00
      3.428    14.9634     4.3848     42.785  32.275050     40.323      7.088   250.2245     3.1177     0.7962     0.0227      0.060      3.363      4.877        274 1.9006e+01 0.0000e+00
      3.445    14.9484     4.3019     41.870  32.264898     40.337      7.080   250.0731     3.0934     0.8231     0.0227      0.059      3.378      4.899        275 1.8878e+01 0.0000e+00
      3.460    14.9178     4.1990     40.778  32.258518     40.357      7.072   250.3381     3.1298     0.7559     0.0227      0.059      3.394      4.922        276 1.8759e+01 0.0000e+00
      3.477    14.8824     4.0750     39.494  32.253348     40.371      7.062   250.8681     3.1986     0.7828     0.0227      0.059      3.411      4.946        277 1.8603e+01 0.0000e+00
      3.496    14.8174     3.9551     38.271  32.271341     40.404      7.053   251.4359     3.1986     0.7559     0.0227      0.060      3.429      4.973        278 1.8414e+01 0.0000e+00
      3.516    14.7272     3.8517     37.217  32.443717     40.683      7.042   251.7766     3.2147     0.7559     0.0228      0.063      3.448      5.000        279 1.8293e+01 0.0000e+00
      3.533    14.6388     3.7805     36.447  32.513311     40.820      7.030   252.3066     3.1986     0.8365     0.0229      0.065      3.466      5.026        280 1.8139e+01 0.0000e+00
      3.553    14.5707     3.7342     35.941  32.570264     40.985      7.022   252.7609     3.4573     0.7425     0.0229      0.069      3.484      5.054        281 1.8005e+01 0.0000e+00
      3.572    14.5058     3.7074     35.648  32.669421     41.215      7.013   252.7231     3.4452     0.7022     0.0230      0.071      3.503      5.081        282 1.7864e+01 0.0000e+00
      3.591    14.3872     3.6722     35.237  32.686493     41.289      7.001   252.9881     3.4573     0.8365     0.0230      0.073      3.520      5.106        283 1.7683e+01 0.0000e+00
      3.607    14.2489     3.5812     34.278  32.875251     41.599      6.992   253.5938     3.4654     0.9171     0.0231      0.073      3.536      5.129        284 1.7601e+01 0.0000e+00
      3.619    14.1343     3.4489     32.945  32.909024     41.800      6.983   253.7074     3.4371     0.8097     0.0231      0.071      3.550      5.149        285 1.7524e+01 0.0000e+00
      3.634    14.0326     3.2571     31.055  32.703822     41.626      6.974   254.3131     3.3805     0.7962     0.0230      0.068      3.565      5.169        286 1.7423e+01 0.0000e+00
      3.650    13.9403     3.0628     29.157  32.656204     41.748      6.964   254.1995     3.3926     0.8768     0.0230      0.066      3.580      5.192        287 1.7270e+01 0.0000e+00
      3.666    13.8703     2.8700     27.284  32.760754     41.928      6.956   254.0481     3.3846     0.7962     0.0230      0.064      3.596      5.216        288 1.7127e+01 0.0000e+00
      3.684    13.8019     2.7044     25.678  32.751687     42.100      6.949   254.7295     3.3724     0.8231     0.0231      0.062      3.613      5.241        289 1.6953e+01 0.0000e+00
      3.705    13.7020     2.5787     24.456  33.053040     42.427      6.939   255.7138     3.5140     1.0514     0.0232      0.063      3.633      5.269        290 1.6763e+01 0.0000e+00
      3.724    13.6267     2.5089     23.767  33.749904     43.580      6.926   256.0166     3.5261     1.0648     0.0237      0.065      3.652      5.297        291 1.6643e+01 0.0000e+00
      3.742    13.5803     2.4558     23.238  33.723128     43.515      6.917   256.2059     3.5099     0.9976     0.0236      0.067      3.671      5.324        292 1.6437e+01 0.0000e+00
      3.764    13.4891     2.4199     22.871  33.620198     43.528      6.906   256.9252     3.4978     1.0111     0.0236      0.071      3.690      5.352        293 1.6208e+01 0.0000e+00
      3.782    13.3771     2.3702     22.374  33.878032     43.902      6.894   256.9252     3.5423     1.1051     0.0237      0.074      3.708      5.377        294 1.6059e+01 0.0000e+00
      3.797    13.2851     2.3051     21.731  33.876787     44.009      6.882   256.7738     3.5301     1.0379     0.0237      0.074      3.723      5.400        295 1.5907e+01 0.0000e+00
      3.811    13.2028     2.2468     21.156  33.829381     44.065      6.871   257.4552     3.4937     1.0916     0.0237      0.073      3.737      5.420        296 1.5832e+01 0.0000e+00
      3.824    13.1308     2.2022     20.724  33.729482     44.060      6.866   257.2659     3.5423     0.9976     0.0237      0.069      3.750      5.440        297 1.5765e+01 0.0000e+00
      3.839    13.0697     2.1893     20.602  33.823216     44.229      6.852   257.6824     3.5342     0.8097     0.0237      0.066      3.764      5.459        298 1.5612e+01 0.0000e+00
      3.852    13.0152     2.2177     20.847  34.276243     44.972      6.843   257.9852     3.5180     0.8499     0.0240      0.062      3.777      5.478        299 1.5485e+01 0.0000e+00
      3.864    12.9630     2.2901     21.488  34.648569     45.485      6.833   257.9852     3.5099     0.8097     0.0242      0.058      3.789      5.496        300 1.5350e+01 0.0000e+00
      3.877    12.9119     2.3906     22.388  34.813091     45.807      6.824   258.2502     3.4937     0.7828     0.0243      0.055      3.802      5.514        301 1.5236e+01 0.0000e+00
      3.889    12.8611     2.5171     23.529  34.694331     45.686      6.811   258.2881     3.5261     1.0514     0.0242      0.053      3.814      5.532        302 1.5177e+01 0.0000e+00
      3.902    12.8086     2.6357     24.599  34.470155     45.453      6.805   259.1209     3.5180     1.0916     0.0241      0.051      3.827      5.551        303 1.5055e+01 0.0000e+00
      3.916    12.7536     2.7590     25.712  34.380320     45.403      6.793   259.3102     3.4897     1.0111     0.0241      0.051      3.841      5.571        304 1.4857e+01 0.0000e+00
      3.933    12.6966     2.8900     26.897  34.301981     45.355      6.786   259.6131     3.5342     0.9439     0.0240      0.052      3.856      5.593        305 1.4747e+01 0.0000e+00
      3.948    12.6428     3.0197     28.069  34.211787     45.310      6.774   259.6131     3.5099     0.9574     0.0240      0.053      3.871      5.615        306 1.4671e+01 0.0000e+00
      3.962    12.6180     3.1804     29.526  34.107051     45.231      6.765   259.8024     3.6353     1.1856     0.0239      0.054      3.886      5.636        307 1.4528e+01 0.0000e+00
      3.977    12.6138     3.3661     31.206  34.224752     45.443      6.757   260.1431     3.6595     1.1051     0.0240      0.056      3.901      5.657        308 1.4372e+01 0.0000e+00
      3.992    12.5678     3.5601     32.955  34.391559     45.736      6.743   260.9759     3.6231     1.0245     0.0241      0.057      3.917      5.681        309 1.4133e+01 0.0000e+00
      4.014    12.4850     3.7705     34.850  34.403644     45.699      6.728   261.6574     3.6353     0.9842     0.0241      0.060      3.938      5.711        310 1.3881e+01 0.0000e+00
      4.039    12.4007     3.9637     36.586  34.387663     45.795      6.716   261.9224     3.5867     1.2393     0.0241      0.065      3.961      5.744        311 1.3648e+01 0.0000e+00
      4.062    12.3206     4.1799     38.538  34.233526     45.635      6.707   262.3767     3.5787     1.3333     0.0240      0.070      3.982      5.776        312 1.3440e+01 0.0000e+00
      4.081    12.2500     4.4265     40.768  34.032020     45.514      6.694   262.9067     3.5908     1.3871     0.0239      0.074      4.001      5.803        313 1.3250e+01 0.0000e+00
      4.097    12.1862     4.7248     43.473  33.897053     45.387      6.685   262.6795     3.5665     1.2259     0.0238      0.077      4.018      5.827        314 1.3105e+01 0.0000e+00
      4.114    12.1269     5.0821     46.721  33.927019     45.548      6.673   262.9445     3.5099     1.5348     0.0239      0.078      4.034      5.851        315 1.2974e+01 0.0000e+00
      4.131    12.0721     5.5036     50.556  33.905790     45.589      6.664   262.6417     3.5099     1.4273     0.0239      0.078      4.051      5.875        316 1.2827e+01 0.0000e+00
      4.146    12.0169     5.9390     54.520  33.893845     45.624      6.655   262.7931     3.5220     1.5079     0.0239      0.075      4.068      5.900        317 1.2683e+01 0.0000e+00
      4.168    11.9555     6.3583     58.337  33.852942     45.691      6.647   263.3231     3.5099     1.5348     0.0239      0.072      4.088      5.929        318 1.2392e+01 0.0000e+00
      4.192    11.8898     6.7336     61.751  33.422909     45.117      6.637   263.5124     3.3846     1.5750     0.0236      0.071      4.110      5.961        319 1.2195e+01 0.0000e+00
      4.213    11.8236     7.0473     64.607  32.975901     44.626      6.628   264.0802     3.3603     1.6959     0.0234      0.073      4.130      5.990        320 1.2067e+01 0.0000e+00
      4.230    11.7639     7.2792     66.713  32.689241     44.288      6.618   264.4967     3.4088     1.7362     0.0232      0.074      4.147      6.014        321 1.1960e+01 0.0000e+00
      4.242    11.7141     7.4338     68.107  32.504512     44.141      6.611   264.4967     3.3765     1.6825     0.0231      0.074      4.160      6.034        322 1.1911e+01 0.0000e+00
      4.255    11.6677     7.5011     68.706  32.405145     44.060      6.603   264.9888     3.5787     2.1793     0.0230      0.073      4.173      6.053        323 1.1727e+01 0.0000e+00
      4.268    11.6249     7.5181     68.844  32.308804     44.006      6.598   265.5188     3.5948     2.1122     0.0230      0.069      4.185      6.070        324 1.1604e+01 0.0000e+00
      4.279    11.5875     7.4931     68.592  32.327887     44.062      6.594   265.9731     3.5584     2.2196     0.0230      0.064      4.196      6.086        325 1.1527e+01 0.0000e+00
      4.290    11.5539     7.4617     68.281  32.440725     44.304      6.585   265.9731     3.5989     2.3270     0.0231      0.058      4.207      6.102        326 1.1447e+01 0.0000e+00
      4.303    11.5251     7.4214     67.885  32.464941     44.349      6.581   266.6167     3.5625     2.2062     0.0231      0.052      4.220      6.120        327 1.1321e+01 0.0000e+00
      4.315    11.5006     7.3854     67.529  32.446040     44.390      6.575   266.9952     3.6595     2.1524     0.0231      0.049      4.232      6.138        328 1.1236e+01 0.0000e+00
      4.328    11.4803     7.3714     67.374  32.464262     44.425      6.575   266.7681     3.6434     2.2330     0.0231      0.048      4.245      6.157        329 1.1189e+01 0.0000e+00
      4.342    11.4662     7.3615     67.259  32.442278     44.454      6.573   267.0331     3.6474     2.2599     0.0231      0.048      4.259      6.177        330 1.1000e+01 0.0000e+00
      4.358    11.4531     7.3678     67.291  32.414102     44.403      6.570   267.4117     3.6514     2.3136     0.0231      0.049      4.275      6.201        331 1.0819e+01 0.0000e+00
      4.379    11.4391     7.3737     67.318  32.440027     44.496      6.565   267.7524     3.8253     2.7970     0.0231      0.053      4.293      6.227        332 1.0697e+01 0.0000e+00
      4.397    11.4277     7.3954     67.494  32.528639     44.589      6.563   268.1310     3.8496     2.8776     0.0231      0.057      4.313      6.255        333 1.0552e+01 0.0000e+00
      4.418    11.4160     7.4165     67.678  32.659686     44.837      6.556   268.5853     3.8374     2.9313     0.0232      0.062      4.334      6.285        334 1.0345e+01 0.0000e+00
      4.442    11.4017     7.4225     67.742  32.751422     44.927      6.552   269.1153     3.8374     2.9044     0.0233      0.068      4.354      6.315        335 1.0213e+01 0.0000e+00
      4.459    11.3864     7.4185     67.722  32.770337     45.018      6.547   269.5317     4.0962     3.1461     0.0233      0.072      4.372      6.342        336 1.0124e+01 0.0000e+00
      4.476    11.3694     7.4051     67.577  32.754770     44.959      6.539   269.4560     4.0922     3.1327     0.0233      0.075      4.388      6.365        337 9.9780e+00 0.0000e+00
      4.490    11.3514     7.3865     67.357  32.770802     45.055      6.537   270.0995     4.0962     3.0924     0.0233      0.075      4.403      6.386        338 9.8566e+00 0.0000e+00
      4.504    11.3342     7.3566     67.033  32.809704     45.076      6.532   270.2510     4.1043     3.0924     0.0233      0.073      4.417      6.405        339 9.7795e+00 0.0000e+00
      4.517    11.3189     7.3242     66.687  32.795328     45.137      6.528   270.4781     4.2256     3.5087     0.0233      0.069      4.430      6.424        340 9.6702e+00 0.0000e+00
