Data/DataNotYetUploadedToEDI/Raw_CTD/RawDownloads/070218_fcr20.cnv
* Sea-Bird SBE19plus  Data File:
* FileName = C:\DATA\070218_fcr_0003.hex
* Software version 2.6.3.104
* Temperature SN = 7809
* Conductivity SN = 7809
* System UpLoad Time = Jul 03 2018 07:36:06
* <ApplicationData>
* <Seaterm232>
# nquan = 17
# nvalues = 377                         
# units = specified
# name 0 = depFM: Depth [fresh water, m]
# name 1 = tv290C: Temperature [ITS-90, deg C]
# name 2 = sbeox0Mg/L: Oxygen, SBE 43 [mg/l]
# name 3 = sbeox0PS: Oxygen, SBE 43 [% saturation]
# name 4 = c0uS/cm: Conductivity [uS/cm]
# name 5 = specc: Specific Conductance [uS/cm]
# name 6 = ph: pH
# name 7 = orp: Oxidation Reduction Potential [mV]
# name 8 = flECO-AFL: Fluorescence, WET Labs ECO-AFL/FL [mg/m^3]
# name 9 = turbWETntu0: Turbidity, WET Labs ECO [NTU]
# name 10 = sal00: Salinity, Practical [PSU]
# name 11 = dz/dtM: Descent Rate [m/s]
# name 12 = prdM: Pressure, Strain Gauge [db]
# name 13 = prdE: Pressure, Strain Gauge [psi]
# name 14 = scan: Scan Count
# name 15 = par/sat/log: PAR/Logarithmic, Satlantic
# name 16 = flag:  0.000e+00
# span 0 =     -0.499,      3.502       
# span 1 =    15.2404,    27.9509       
# span 2 =     0.1199,    12.1204       
# span 3 =      1.222,    136.784       
# span 4 =   1.741605,  93.836857       
# span 5 =      1.651,    116.628       
# span 6 =      6.385,      7.975       
# span 7 =   160.5028,  1240.2295       
# span 8 =    -0.8491,    10.6752       
# span 9 =    -5.5552,     9.3095       
# span 10 =     0.0128,     0.0568      
# span 11 =     -0.158,      0.146      
# span 12 =     -0.490,      3.432      
# span 13 =     -0.710,      4.978      
# span 14 =          1,        377      
# span 15 = 2.1526e+01, 2.7305e+03      
# span 16 = 0.0000e+00, 0.0000e+00      
# interval = seconds: 0.25
# start_time = Jul 02 2018 16:11:23 [Instrument's time stamp, header]
# bad_flag = -9.990e-29
*END*
[from data line 86]
      0.211    27.2682     6.9926     88.154  35.411773     33.859      7.880   235.6873     1.3263     1.0379     0.0238     -0.008      0.208      0.302         87 6.1122e+02 0.0000e+00
      0.215    27.2618     6.8790     86.719  35.417644     33.868      7.883   234.5137     1.2859     0.9842     0.0238     -0.008      0.211      0.306         88 2.7984e+02 0.0000e+00
      0.218    27.2597     6.7782     85.447  35.414379     33.874      7.887   231.6744     1.2980     0.8902     0.0238     -0.005      0.214      0.310         89 2.3031e+02 0.0000e+00
      0.220    27.2617     6.6880     84.306  35.415841     33.879      7.886   232.2044     1.3183     0.9574     0.0238     -0.002      0.214      0.311         90 3.6830e+02 0.0000e+00
      0.215    27.2616     6.6004     83.212  35.415826     33.880      7.885   233.8702     1.2455     0.9305     0.0238      0.000      0.212      0.307         91 1.1345e+03 0.0000e+00
      0.212    27.2608     6.5285     82.325  35.414399     33.879      7.876   227.1694     1.2940     0.9708     0.0238      0.001      0.210      0.304         92 1.8437e+03 0.0000e+00
      0.214    27.2593     6.4839     81.773  35.417617     33.879      7.875   224.8601     1.4032     1.0111     0.0238      0.001      0.211      0.306         93 1.3446e+03 0.0000e+00
      0.218    27.2523     6.4695     81.588  35.411821     33.879      7.876   224.3301     1.4194     0.9842     0.0238      0.002      0.215      0.312         94 1.2314e+03 0.0000e+00
      0.226    27.2467     6.4681     81.572  35.421613     33.880      7.877   224.0651     1.4113     0.8902     0.0238      0.003      0.220      0.320         95 1.5617e+03 0.0000e+00
      0.230    27.2466     6.4838     81.772  35.405435     33.885      7.879   225.1251     1.3991     0.9708     0.0238      0.005      0.223      0.324         96 1.2923e+03 0.0000e+00
      0.228    27.2459     6.4737     81.642  35.431958     33.888      7.880   225.5037     1.5649     1.0648     0.0238      0.006      0.218      0.317         97 6.1075e+02 0.0000e+00
      0.211    27.2442     6.4555     81.399  35.447920     33.942      7.880   224.1787     1.5649     0.9842     0.0238      0.003      0.200      0.291         98 1.8365e+02 0.0000e+00
      0.174    27.2430     6.4364     81.144  35.385568     33.835      7.872   225.1630     1.5366     0.9305     0.0238     -0.008      0.168      0.244         99 1.7704e+02 0.0000e+00
      0.130    27.2412     6.4084     80.777  35.450239     33.944      7.854   225.2387     1.5204     0.9036     0.0238     -0.030      0.126      0.183        100 2.0588e+02 0.0000e+00
      0.084    27.2474     6.3587     80.155  35.486068     33.944      7.852   225.3523     1.4557     0.9036     0.0238     -0.059      0.081      0.117        101 2.2448e+02 0.0000e+00
      0.033    27.2612     6.3014     79.444  35.459608     33.946      7.856   225.0494     1.4962     1.0111     0.0238     -0.093      0.035      0.051        102 2.2593e+02 0.0000e+00
     -0.008    27.2675     6.2442     78.728  35.483167     33.941      7.857   224.9737     1.4881     1.0648     0.0238     -0.124     -0.006     -0.009        103 2.3118e+02 0.0000e+00
     -0.046    27.2664     6.1899     78.043  35.456747     33.932      7.860   225.2387     1.4557     0.9976     0.0238     -0.148     -0.040     -0.059        104 2.3487e+02 0.0000e+00
     -0.068    27.2671     6.1485     77.524  35.433169     33.875      7.865   225.8444     1.4921     1.0379     0.0238     -0.158     -0.065     -0.094        105 2.3597e+02 0.0000e+00
     -0.083    27.2690     6.1136     77.095  35.453192     33.929      7.870   226.1473     1.4638     0.9439     0.0238     -0.153     -0.084     -0.120        106 2.4429e+02 0.0000e+00
     -0.105    27.2658     6.0745     76.651  35.431828     33.875      7.871   226.2987     1.4921     1.0111     0.0238     -0.140     -0.100     -0.144        107 2.4966e+02 0.0000e+00
     -0.117    27.2576     6.0390     76.248  35.400441     33.874      7.876   225.9580     1.4517     0.9842     0.0238     -0.121     -0.110     -0.158        108 2.4468e+02 0.0000e+00
     -0.111    27.2469     6.0228     76.059  35.432937     33.876      7.878   226.4880     1.4072     0.8634     0.0238     -0.096     -0.111     -0.159        109 2.3770e+02 0.0000e+00
     -0.110    27.2382     6.0327     76.185  35.450703     33.935      7.875   226.8287     1.3991     0.9305     0.0238     -0.069     -0.111     -0.160        110 2.3583e+02 0.0000e+00
     -0.119    27.2405     6.0897     76.903  35.437650     33.888      7.871   227.0937     1.4274     1.0514     0.0238     -0.050     -0.114     -0.165        111 2.3460e+02 0.0000e+00
     -0.117    27.2488     6.1551     77.731  35.449186     33.948      7.868   227.4723     1.4194     0.9439     0.0238     -0.033     -0.112     -0.162        112 2.2992e+02 0.0000e+00
     -0.106    27.2521     6.2009     78.353  35.436350     33.892      7.871   237.8452     1.4072     0.9305     0.0238     -0.018     -0.100     -0.146        113 2.2305e+02 0.0000e+00
     -0.085    27.2528     6.2278     78.762  35.453623     33.941      7.873   227.2451     1.4719     0.8902     0.0238     -0.001     -0.079     -0.115        114 2.1449e+02 0.0000e+00
     -0.051    27.2539     6.2647     79.266  35.427687     33.884      7.868   227.1316     1.4881     0.9574     0.0238      0.021     -0.051     -0.074        115 2.0779e+02 0.0000e+00
     -0.022    27.2639     6.3280     80.084  35.468627     33.938      7.865   227.3587     1.4962     0.8499     0.0238      0.041     -0.025     -0.036        116 2.0410e+02 0.0000e+00
     -0.002    27.2974     6.4003     81.006  35.521303     33.990      7.865   227.8887     1.4800     0.9976     0.0238      0.057     -0.005     -0.007        117 1.9752e+02 0.0000e+00
      0.009    27.3310     6.4681     81.869  35.480760     33.931      7.866   228.1159     1.5568     0.9305     0.0238      0.070      0.008      0.012        118 1.9030e+02 0.0000e+00
      0.017    27.3425     6.5151     82.467  35.459761     33.909      7.869   227.9644     1.5609     0.9842     0.0238      0.078      0.018      0.027        119 1.8669e+02 0.0000e+00
      0.030    27.3439     6.5570     82.991  35.428793     33.834      7.875   228.0780     1.5568     0.9574     0.0238      0.078      0.033      0.048        120 1.8106e+02 0.0000e+00
      0.053    27.3417     6.6158     83.694  35.400656     33.826      7.877   227.9644     1.5487     0.9305     0.0238      0.075      0.054      0.079        121 1.9134e+02 0.0000e+00
      0.084    27.3440     6.6863     84.497  35.435456     33.825      7.875   229.0244     1.5285     0.9574     0.0238      0.073      0.082      0.119        122 1.6581e+02 0.0000e+00
      0.113    27.3756     6.7723     85.531  35.504112     33.933      7.866   238.8295     1.5407     0.9574     0.0238      0.072      0.109      0.157        123 1.7842e+02 0.0000e+00
      0.134    27.4230     6.8907     87.027  35.493159     33.879      7.861   230.7280     1.5447     0.8902     0.0238      0.075      0.130      0.188        124 1.4972e+02 0.0000e+00
      0.150    27.4503     7.0371     88.902  35.508399     33.912      7.853   230.4630     1.5609     0.9305     0.0238      0.080      0.149      0.215        125 2.0159e+02 0.0000e+00
      0.171    27.4621     7.1672     90.581  35.425818     33.774      7.854   230.3873     1.7469     0.9305     0.0238      0.086      0.164      0.239        126 1.6215e+03 0.0000e+00
      0.182    27.4675     7.2756     91.978  35.417968     33.757      7.856   230.4630     1.7024     0.8902     0.0238      0.087      0.174      0.253        127 2.7305e+03 0.0000e+00
      0.183    27.4705     7.3529     92.970  35.518155     33.855      7.850   232.2044     1.7145     0.9305     0.0238      0.079      0.169      0.245        128 1.2585e+03 0.0000e+00
      0.152    27.4725     7.3803     93.319  35.479073     33.799      7.849   230.7659     1.7469     0.9305     0.0238      0.057      0.141      0.205        129 1.2526e+03 0.0000e+00
      0.096    27.4686     7.3653     93.125  35.407287     33.744      7.853   230.7659     1.4881     0.9305     0.0238      0.019      0.097      0.142        130 1.7603e+03 0.0000e+00
      0.052    27.4390     7.3050     92.365  35.370232     33.689      7.858   230.7280     1.5002     0.9842     0.0238     -0.022      0.061      0.088        131 6.6234e+02 0.0000e+00
      0.039    27.3825     7.2113     91.188  35.347243     33.692      7.861   230.9930     1.4840     1.0245     0.0238     -0.056      0.042      0.061        132 4.6190e+01 0.0000e+00
      0.036    27.3477     7.0962     89.736  35.376584     33.710      7.859   230.5387     1.4881     1.0379     0.0238     -0.079      0.033      0.048        133 5.9985e+02 0.0000e+00
      0.023    27.3480     6.9743     88.194  35.452360     33.855      7.861   230.2737     1.4355     1.1856     0.0238     -0.093      0.028      0.040        134 1.5167e+03 0.0000e+00
      0.030    27.3640     6.8520     86.645  35.430907     33.823      7.863   230.8037     1.4355     1.2393     0.0238     -0.090      0.027      0.039        135 5.6237e+02 0.0000e+00
      0.027    27.3856     6.7314     85.119  35.403298     33.823      7.866   231.1823     1.4113     1.1453     0.0238     -0.075      0.026      0.037        136 7.2894e+01 0.0000e+00
      0.022    27.4026     6.6177     83.680  35.427405     33.812      7.871   231.1823     1.4234     1.1588     0.0238     -0.051      0.023      0.034        137 4.2949e+02 0.0000e+00
      0.023    27.4114     6.5105     82.323  35.400899     33.798      7.878   230.9930     1.4113     1.1588     0.0238     -0.027      0.023      0.034        138 1.2064e+03 0.0000e+00
      0.025    27.4127     6.4077     81.022  35.376962     33.734      7.885   231.0687     1.4315     0.9574     0.0238     -0.012      0.024      0.035        139 2.0283e+03 0.0000e+00
      0.026    27.4107     6.3201     79.911  35.397873     33.782      7.890   231.1444     1.4234     0.9842     0.0238     -0.006      0.026      0.037        140 1.9862e+03 0.0000e+00
      0.027    27.4122     6.2442     78.951  35.374872     33.728      7.891   231.2201     1.4153     0.8902     0.0238     -0.003      0.026      0.038        141 2.0341e+03 0.0000e+00
      0.027    27.4163     6.1795     78.134  35.405585     33.782      7.895   231.5230     1.4113     0.9305     0.0238      0.000      0.026      0.038        142 2.0190e+03 0.0000e+00
      0.026    27.4185     6.1276     77.473  35.418965     33.781      7.896   231.1823     1.2374     0.9976     0.0238     -0.000      0.025      0.037        143 2.0057e+03 0.0000e+00
      0.025    27.4185     6.0771     76.834  35.417535     33.779      7.894   232.0909     1.2455     0.9976     0.0238      0.001      0.025      0.036        144 1.9697e+03 0.0000e+00
      0.025    27.4174     6.0295     76.233  35.466677     33.831      7.895   232.0909     1.2091     0.9305     0.0238      0.001      0.024      0.035        145 1.9782e+03 0.0000e+00
      0.024    27.4163     5.9935     75.780  35.476436     33.830      7.891   232.2044     1.2212     0.8365     0.0238      0.000      0.023      0.034        146 2.0041e+03 0.0000e+00
      0.022    27.4156     5.9715     75.506  35.464705     33.831      7.891   232.6209     1.2374     0.7694     0.0238     -0.001      0.022      0.032        147 2.0169e+03 0.0000e+00
      0.020    27.4147     5.9420     75.135  35.421962     33.779      7.884   232.3180     1.2212     0.7291     0.0238     -0.003      0.020      0.030        148 2.0179e+03 0.0000e+00
      0.020    27.4133     5.9303     74.989  35.411000     33.779      7.884   232.5830     1.2212     0.7291     0.0238     -0.004      0.020      0.029        149 2.0159e+03 0.0000e+00
      0.021    27.4112     5.9070     74.693  35.419032     33.780      7.885   233.0373     1.2091     0.7425     0.0238     -0.004      0.021      0.030        150 2.0092e+03 0.0000e+00
      0.023    27.4111     5.8724     74.253  35.411966     33.781      7.885   233.1887     1.3061     0.9439     0.0238     -0.002      0.022      0.033        151 2.0141e+03 0.0000e+00
      0.024    27.4115     5.8399     73.838  35.419795     33.782      7.882   233.6052     1.2778     0.8902     0.0238     -0.001      0.025      0.037        152 2.0140e+03 0.0000e+00
      0.029    27.4091     5.8156     73.531  35.409291     33.782      7.884   233.5673     1.2859     0.9842     0.0238      0.001      0.030      0.044        153 2.0192e+03 0.0000e+00
      0.039    27.4076     5.7877     73.179  35.425039     33.782      7.884   234.3623     1.3061     0.9574     0.0238      0.006      0.038      0.054        154 2.0156e+03 0.0000e+00
      0.046    27.4086     5.7558     72.775  35.459512     33.837      7.881   234.4002     1.2859     0.9574     0.0238      0.011      0.043      0.062        155 2.0203e+03 0.0000e+00
      0.047    27.4106     5.7193     72.314  35.425705     33.784      7.877   234.1730     1.3344     1.1856     0.0238      0.015      0.045      0.066        156 1.9985e+03 0.0000e+00
      0.047    27.4132     5.6839     71.862  35.467112     33.837      7.863   234.7787     1.3183     1.1722     0.0238      0.016      0.044      0.064        157 2.0231e+03 0.0000e+00
      0.038    27.4154     5.6571     71.517  35.467297     33.836      7.864   234.2866     1.3627     1.2259     0.0238      0.013      0.039      0.058        158 1.9756e+03 0.0000e+00
      0.036    27.4162     5.6380     71.272  35.425473     33.781      7.868   234.7787     1.3506     1.1453     0.0238      0.009      0.037      0.054        159 2.0539e+03 0.0000e+00
      0.039    27.4153     5.6289     71.160  35.459843     33.833      7.869   234.6273     1.4760     0.9439     0.0238      0.005      0.038      0.056        160 1.9208e+03 0.0000e+00
      0.041    27.4134     5.6140     70.989  35.424523     33.779      7.869   235.1194     1.5043     0.9439     0.0238      0.001      0.040      0.057        161 1.5953e+03 0.0000e+00
      0.042    27.4110     5.5954     70.773  35.410114     33.779      7.867   235.3087     1.4881     1.0111     0.0238     -0.002      0.040      0.057        162 1.9551e+03 0.0000e+00
      0.039    27.4103     5.5823     70.620  35.418460     33.780      7.866   235.3844     1.4962     1.0245     0.0238     -0.004      0.038      0.055        163 2.0646e+03 0.0000e+00
      0.036    27.4106     5.5656     70.410  35.414137     33.782      7.864   235.1194     1.5407     0.9574     0.0238     -0.004      0.037      0.053        164 2.0261e+03 0.0000e+00
      0.036    27.4109     5.5493     70.202  35.415495     33.783      7.866   234.9302     1.5164     0.8902     0.0238     -0.003      0.037      0.054        165 1.9911e+03 0.0000e+00
      0.040    27.4105     5.5354     70.023  35.416772     33.782      7.871   235.5737     1.5609     1.0111     0.0238     -0.000      0.041      0.059        166 1.8932e+03 0.0000e+00
      0.049    27.4075     5.5238     69.874  35.412548     33.782      7.880   235.3466     1.5649     0.9976     0.0238      0.003      0.052      0.074        167 1.9330e+03 0.0000e+00
      0.070    27.4032     5.5106     69.708  35.420750     33.782      7.887   235.5359     1.5487     1.1856     0.0238      0.009      0.067      0.097        168 1.9482e+03 0.0000e+00
      0.084    27.4000     5.4968     69.537  35.406566     33.784      7.880   235.3844     1.5245     1.2931     0.0238      0.018      0.083      0.121        169 1.7010e+03 0.0000e+00
      0.100    27.4029     5.4850     69.389  35.370887     33.734      7.883   235.6116     1.5487     1.2125     0.0238      0.029      0.101      0.147        170 1.1916e+03 0.0000e+00
