Data/DataNotYetUploadedToEDI/Raw_CTD/RawDownloads/070218_fcr30.cnv
* Sea-Bird SBE19plus  Data File:
* FileName = C:\DATA\070218_fcr_0004.hex
* Software version 2.6.3.104
* Temperature SN = 7809
* Conductivity SN = 7809
* System UpLoad Time = Jul 03 2018 07:36:24
* <ApplicationData>
* <Seaterm232>
# nquan = 17
# nvalues = 510                         
# units = specified
# name 0 = depFM: Depth [fresh water, m]
# name 1 = tv290C: Temperature [ITS-90, deg C]
# name 2 = sbeox0Mg/L: Oxygen, SBE 43 [mg/l]
# name 3 = sbeox0PS: Oxygen, SBE 43 [% saturation]
# name 4 = c0uS/cm: Conductivity [uS/cm]
# name 5 = specc: Specific Conductance [uS/cm]
# name 6 = ph: pH
# name 7 = orp: Oxidation Reduction Potential [mV]
# name 8 = flECO-AFL: Fluorescence, WET Labs ECO-AFL/FL [mg/m^3]
# name 9 = turbWETntu0: Turbidity, WET Labs ECO [NTU]
# name 10 = sal00: Salinity, Practical [PSU]
# name 11 = dz/dtM: Descent Rate [m/s]
# name 12 = prdM: Pressure, Strain Gauge [db]
# name 13 = prdE: Pressure, Strain Gauge [psi]
# name 14 = scan: Scan Count
# name 15 = par/sat/log: PAR/Logarithmic, Satlantic
# name 16 = flag:  0.000e+00
# span 0 =     -0.520,      5.424       
# span 1 =    10.9753,    28.8744       
# span 2 =     0.0000,    11.5001       
# span 3 =      0.000,    129.821       
# span 4 =   1.093114,  38.371677       
# span 5 =      1.019,     50.772       
# span 6 =      5.888,      8.395       
# span 7 = -1240.7455,  1240.2295       
# span 8 =    -0.7763,     7.3109       
# span 9 =    -0.8151,    52.9235       
# span 10 =     0.0131,     0.0264      
# span 11 =     -0.132,      0.216      
# span 12 =     -0.509,      5.318      
# span 13 =     -0.739,      7.714      
# span 14 =          1,        510      
# span 15 = 4.7599e+00, 2.7648e+03      
# span 16 = 0.0000e+00, 0.0000e+00      
# interval = seconds: 0.25
# start_time = Jul 02 2018 16:41:20 [Instrument's time stamp, header]
# bad_flag = -9.990e-29
*END*
[from data line 171]
      0.031    28.1844     6.1710     78.636  35.786880     33.646      8.044   215.9637     1.0069     1.0111     0.0239      0.001      0.031      0.045        172 2.0142e+02 0.0000e+00
      0.032    28.1770     6.7491     85.780  35.739273     33.574      8.044   216.2287     1.0109     1.1453     0.0239      0.002      0.031      0.045        173 3.2547e+02 0.0000e+00
      0.032    28.1708     7.4127     94.090  35.710828     33.580      8.044   216.3422     1.0271     0.9976     0.0239      0.002      0.032      0.046        174 2.4608e+02 0.0000e+00
      0.032    28.1656     8.0042    101.556  35.733310     33.584      8.047   216.5694     1.0433     0.9708     0.0239      0.002      0.032      0.046        175 2.9162e+02 0.0000e+00
      0.032    28.1612     8.5040    107.898  35.711299     33.588      8.046   216.7965     1.0190     1.0111     0.0239      0.002      0.032      0.046        176 2.6149e+02 0.0000e+00
      0.032    28.1571     8.8870    112.781  35.738225     33.592      8.045   216.9101     0.9260     0.8097     0.0239      0.001      0.031      0.046        177 2.7796e+02 0.0000e+00
      0.031    28.1520     9.1215    115.780  35.788778     33.673      8.043   216.9480     0.8937     0.7694     0.0239      0.001      0.031      0.046        178 2.7011e+02 0.0000e+00
      0.032    28.1468     9.2322    117.188  35.737362     33.597      8.045   217.4780     0.9099     0.8365     0.0239      0.000      0.031      0.046        179 2.8114e+02 0.0000e+00
      0.033    28.1385     9.2055    116.834  35.713239     33.600      8.047   217.2508     0.9422     0.7425     0.0239      0.000      0.032      0.047        180 2.7947e+02 0.0000e+00
      0.033    28.0441     9.0991    115.471  35.640854     33.525      8.046   217.7051     0.9058     1.0111     0.0239      0.000      0.032      0.047        181 2.8246e+02 0.0000e+00
      0.033    27.8532     8.9760    113.910  35.471557     33.372      8.047   217.6294     0.9260     1.0514     0.0238      0.000      0.032      0.047        182 2.8136e+02 0.0000e+00
      0.033    27.7028     8.8712    112.596  35.419765     33.376      8.048   217.5537     0.8815     0.9574     0.0238      0.001      0.032      0.047        183 2.8175e+02 0.0000e+00
      0.033    27.6310     8.7713    111.330  35.408783     33.502      8.051   218.0837     0.9099     0.9574     0.0238      0.001      0.032      0.047        184 2.7886e+02 0.0000e+00
      0.033    27.6056     8.6864    110.248  35.425988     33.595      8.052   218.4623     1.0271     0.9842     0.0238      0.001      0.032      0.047        185 2.7632e+02 0.0000e+00
      0.032    27.6069     8.6213    109.426  35.457739     33.695      8.049   218.3865     1.0109     0.9574     0.0238      0.000      0.032      0.046        186 2.7327e+02 0.0000e+00
      0.032    27.6179     8.5662    108.734  35.487937     33.710      8.050   218.5380     1.0352     0.9708     0.0238     -0.000      0.032      0.046        187 2.7186e+02 0.0000e+00
      0.033    27.6290     8.5440    108.463  35.566365     33.816      8.051   218.6894     1.0433     1.0514     0.0238     -0.000      0.032      0.047        188 2.7151e+02 0.0000e+00
      0.033    27.6302     8.5452    108.492  35.538082     33.755      8.049   218.8408     0.9665     0.8365     0.0238     -0.000      0.033      0.048        189 2.7206e+02 0.0000e+00
      0.034    27.6237     8.5558    108.641  35.523130     33.748      8.048   219.2194     0.9503     0.7559     0.0238      0.000      0.033      0.048        190 2.7388e+02 0.0000e+00
      0.034    27.6169     8.5754    108.901  35.525653     33.747      8.048   219.6737     1.0029     0.7425     0.0238      0.000      0.033      0.049        191 2.7702e+02 0.0000e+00
      0.034    27.6186     8.5970    109.182  35.475626     33.699      8.048   219.9387     0.9826     0.8902     0.0238      0.001      0.034      0.049        192 2.7832e+02 0.0000e+00
      0.034    27.6252     8.6122    109.384  35.466759     33.703      8.046   220.0901     1.0514     0.9976     0.0238      0.001      0.034      0.049        193 2.8084e+02 0.0000e+00
      0.034    27.6264     8.6176    109.456  35.477375     33.702      8.043   220.3173     1.0231     1.1185     0.0238      0.001      0.033      0.048        194 2.7787e+02 0.0000e+00
      0.033    27.6245     8.6144    109.421  35.521730     33.750      8.044   220.2415     1.0312     1.0379     0.0238      0.000      0.033      0.048        195 2.8169e+02 0.0000e+00
      0.034    27.6266     8.6044    109.316  35.530188     33.750      8.046   220.3173     1.0190     1.0245     0.0238      0.000      0.033      0.049        196 2.7538e+02 0.0000e+00
      0.035    27.6307     8.5961    109.245  35.526162     33.751      8.043   220.5823     1.1606     1.0916     0.0238      0.000      0.034      0.050        197 2.8490e+02 0.0000e+00
      0.036    27.6359     8.5928    109.214  35.526739     33.750      8.045   220.5444     1.1808     0.9708     0.0238      0.001      0.035      0.052        198 2.6683e+02 0.0000e+00
      0.039    27.6434     8.5898    109.192  35.529470     33.747      8.047   220.6580     1.1323     1.0111     0.0238      0.002      0.038      0.056        199 4.6842e+02 0.0000e+00
      0.043    27.6506     8.5873    109.188  35.582077     33.797      8.048   221.0365     1.1363     1.0648     0.0238      0.004      0.042      0.061        200 8.3470e+02 0.0000e+00
      0.047    27.6557     8.5823    109.176  35.579896     33.792      8.047   221.3394     1.1565     0.9842     0.0238      0.006      0.046      0.066        201 1.0080e+03 0.0000e+00
      0.051    27.6598     8.5817    109.215  35.532181     33.734      8.049   221.1501     1.0878     1.0379     0.0238      0.009      0.051      0.073        202 1.0761e+03 0.0000e+00
      0.057    27.6641     8.5889    109.312  35.522826     33.731      8.050   221.3773     1.1201     0.9171     0.0238      0.012      0.056      0.081        203 1.0305e+03 0.0000e+00
      0.063    27.6665     8.6001    109.451  35.532222     33.729      8.050   221.7180     1.1039     0.9708     0.0238      0.015      0.062      0.090        204 1.0275e+03 0.0000e+00
      0.069    27.6688     8.6021    109.484  35.579802     33.779      8.049   221.7180     1.0959     0.9842     0.0238      0.017      0.067      0.098        205 1.0520e+03 0.0000e+00
      0.074    27.6811     8.6079    109.569  35.582242     33.777      8.049   222.0208     1.1323     0.9574     0.0238      0.019      0.072      0.105        206 1.2840e+03 0.0000e+00
      0.078    27.6972     8.6183    109.700  35.588499     33.776      8.050   222.3237     1.1323     1.0379     0.0238      0.020      0.076      0.110        207 1.2906e+03 0.0000e+00
      0.080    27.7041     8.6175    109.689  35.631328     33.821      8.052   222.2480     1.1039     0.9574     0.0239      0.020      0.079      0.114        208 1.3058e+03 0.0000e+00
      0.083    27.7118     8.6161    109.650  35.647567     33.810      8.048   222.6644     1.0999     1.0245     0.0239      0.019      0.081      0.117        209 1.8243e+03 0.0000e+00
      0.084    27.7268     8.6181    109.634  35.627599     33.807      8.049   222.4373     1.1242     0.9976     0.0239      0.016      0.083      0.120        210 1.8915e+03 0.0000e+00
      0.086    27.7530     8.6036    109.421  35.656172     33.801      8.048   222.6644     1.0797     1.0245     0.0239      0.014      0.085      0.123        211 1.8353e+03 0.0000e+00
      0.090    27.7767     8.6024    109.374  35.730633     33.898      8.045   222.8915     1.1120     1.0111     0.0239      0.012      0.087      0.126        212 1.8829e+03 0.0000e+00
      0.088    27.7803     8.6054    109.371  35.653555     33.775      8.044   222.9673     1.0918     1.0111     0.0239      0.009      0.087      0.126        213 1.8792e+03 0.0000e+00
      0.088    27.7779     8.6032    109.293  35.574137     33.706      8.046   222.6644     0.9584     0.9574     0.0238      0.007      0.088      0.128        214 1.8507e+03 0.0000e+00
      0.095    27.7821     8.6007    109.196  35.651514     33.758      8.046   222.7401     0.9907     1.0245     0.0239      0.007      0.092      0.134        215 1.8543e+03 0.0000e+00
      0.100    27.7873     8.5992    109.106  35.705546     33.838      8.048   223.2323     0.9786     1.0782     0.0239      0.008      0.096      0.140        216 1.8100e+03 0.0000e+00
      0.099    27.7875     8.6084    109.168  35.655181     33.756      8.045   223.3080     0.9907     0.9976     0.0239      0.008      0.097      0.141        217 1.8252e+03 0.0000e+00
      0.097    27.7863     8.6177    109.265  35.684534     33.806      8.047   223.2323     1.1606     0.8768     0.0239      0.008      0.098      0.143        218 1.7927e+03 0.0000e+00
      0.104    27.7753     8.6245    109.306  35.728331     33.832      8.048   223.3080     1.1848     0.7828     0.0239      0.008      0.106      0.154        219 1.8085e+03 0.0000e+00
      0.123    27.7549     8.6263    109.241  35.630333     33.753      8.047   222.8537     1.1767     0.8097     0.0239      0.013      0.121      0.176        220 1.7715e+03 0.0000e+00
      0.143    27.7393     8.6310    109.112  35.539576     33.655      8.044   223.5730     1.1403     0.8499     0.0238      0.022      0.138      0.201        221 1.5249e+03 0.0000e+00
      0.157    27.7234     8.6216    108.796  35.574365     33.721      8.040   223.6487     1.1363     0.7694     0.0238      0.031      0.153      0.222        222 2.3296e+03 0.0000e+00
      0.168    27.7022     8.6008    108.378  35.587046     33.731      8.039   223.6487     1.2980     1.2528     0.0238      0.038      0.166      0.241        223 2.1403e+03 0.0000e+00
      0.185    27.6760     8.6192    108.503  35.583117     33.741      8.034   223.6487     1.2778     1.2662     0.0238      0.046      0.181      0.263        224 1.5793e+03 0.0000e+00
      0.201    27.6435     8.6873    109.266  35.579262     33.754      8.029   223.8758     1.2940     1.2393     0.0238      0.054      0.197      0.287        225 1.9471e+03 0.0000e+00
      0.219    27.6057     8.7846    110.437  35.532539     33.718      8.027   223.8758     1.2697     1.1991     0.0238      0.061      0.215      0.312        226 1.6851e+03 0.0000e+00
      0.238    27.5794     8.8952    111.765  35.463334     33.686      8.025   224.4058     1.0797     1.0111     0.0238      0.063      0.233      0.338        227 1.2546e+03 0.0000e+00
      0.256    27.5660     9.0181    113.195  35.487459     33.710      8.024   224.4437     1.0959     1.0111     0.0238      0.064      0.253      0.367        228 5.5086e+02 0.0000e+00
      0.281    27.5456     9.1482    114.681  35.561846     33.834      8.017   224.6330     1.1080     1.0648     0.0238      0.067      0.275      0.399        229 2.6993e+02 0.0000e+00
      0.304    27.4963     9.2628    116.009  35.489404     33.735      8.014   224.2166     1.1201     1.1185     0.0238      0.072      0.298      0.431        230 3.8987e+02 0.0000e+00
      0.324    27.4032     9.3618    117.081  35.340363     33.643      8.020   224.1787     0.9584     0.9842     0.0238      0.077      0.318      0.461        231 3.2927e+02 0.0000e+00
      0.345    27.3003     9.4147    117.529  35.183850     33.486      8.023   224.2923     0.9543     0.9976     0.0237      0.080      0.337      0.489        232 4.2494e+02 0.0000e+00
      0.362    27.2222     9.4334    117.596  35.091066     33.495      8.027   224.9358     0.9665     1.0782     0.0237      0.081      0.354      0.514        233 5.5770e+02 0.0000e+00
      0.376    27.1641     9.4378    117.548  35.070333     33.506      8.028   225.0494     0.9907     1.0379     0.0236      0.080      0.368      0.534        234 4.5786e+02 0.0000e+00
      0.389    27.1185     9.4460    117.578  35.120729     33.638      8.032   225.3144     1.2212     1.0111     0.0237      0.076      0.381      0.554        235 4.3209e+02 0.0000e+00
      0.404    27.0892     9.4730    117.816  35.058045     33.593      8.036   225.5794     1.2212     1.0245     0.0236      0.072      0.396      0.575        236 5.0142e+02 0.0000e+00
      0.420    27.0594     9.5187    118.235  35.000087     33.571      8.031   226.1473     1.2253     0.9574     0.0236      0.067      0.412      0.599        237 6.0091e+02 0.0000e+00
      0.438    27.0014     9.5734    118.767  35.044596     33.641      8.032   226.6394     1.2293     1.0111     0.0236      0.063      0.430      0.625        238 7.5150e+02 0.0000e+00
      0.458    26.9334     9.6301    119.349  34.943359     33.554      8.028   226.9044     1.2293     1.0111     0.0236      0.063      0.450      0.652        239 1.2068e+03 0.0000e+00
      0.478    26.8780     9.6935    119.989  34.888840     33.537      8.033   227.0937     1.2414     0.9305     0.0236      0.064      0.473      0.685        240 1.2785e+03 0.0000e+00
      0.511    26.7991     9.7402    120.413  34.875216     33.583      8.040   228.2294     1.2293     0.9439     0.0236      0.070      0.503      0.729        241 7.1722e+02 0.0000e+00
      0.549    26.6987     9.7724    120.678  34.782403     33.509      8.053   228.6080     1.2374     1.0111     0.0235      0.081      0.534      0.775        242 9.0555e+02 0.0000e+00
      0.572    26.6204     9.7617    120.415  34.767123     33.561      8.068   228.6080     1.1929     1.0379     0.0235      0.091      0.559      0.811        243 1.1270e+03 0.0000e+00
      0.590    26.5718     9.7142    119.739  34.775645     33.626      8.082   227.4344     1.3587     0.9574     0.0235      0.096      0.578      0.839        244 1.0030e+03 0.0000e+00
      0.609    26.5377     9.6576    118.944  34.771843     33.677      8.097   227.8130     1.3547     0.9976     0.0235      0.099      0.597      0.866        245 8.6388e+02 0.0000e+00
      0.627    26.4907     9.5967    118.073  34.712579     33.655      8.107   227.8887     1.3547     0.9574     0.0235      0.098      0.615      0.892        246 8.7129e+02 0.0000e+00
      0.645    26.4214     9.5769    117.712  34.701141     33.650      8.116   228.0780     1.3830     0.9842     0.0235      0.094      0.634      0.919        247 9.9035e+02 0.0000e+00
      0.666    26.3533     9.5867    117.763  34.756441     33.762      8.130   228.4566     1.5124     1.0648     0.0235      0.088      0.654      0.949        248 8.6074e+02 0.0000e+00
      0.691    26.2960     9.6330    118.278  34.643784     33.672      8.140   227.5480     1.5124     0.9574     0.0235      0.082      0.678      0.984        249 9.1981e+02 0.0000e+00
      0.718    26.2292     9.7063    119.102  34.574465     33.662      8.150   227.6616     1.5043     1.0648     0.0235      0.080      0.703      1.021        250 1.0199e+03 0.0000e+00
      0.744    26.1597     9.8046    120.196  34.516520     33.645      8.162   228.1159     1.4800     1.1319     0.0234      0.083      0.728      1.056        251 9.5405e+02 0.0000e+00
      0.765    26.0971     9.8956    121.121  34.449020     33.607      8.179   228.1159     1.6256     1.0111     0.0234      0.087      0.750      1.089        252 1.0158e+03 0.0000e+00
      0.788    26.0397     9.9614    121.734  34.450906     33.680      8.193   228.7973     1.6256     1.0245     0.0234      0.090      0.771      1.119        253 1.0533e+03 0.0000e+00
      0.806    25.9962    10.0361    122.476  34.425237     33.666      8.208   228.7594     1.6134     0.9708     0.0234      0.091      0.790      1.146        254 9.7484e+02 0.0000e+00
      0.824    25.9518    10.1087    123.223  34.451339     33.760      8.221   228.1537     1.6094     0.9842     0.0234      0.090      0.808      1.172        255 8.6563e+02 0.0000e+00
