Data/DataNotYetUploadedToEDI/Raw_CTD/RawDownloads/070518_fcr50.cnv
* Sea-Bird SBE19plus  Data File:
* FileName = C:\DATA\070518_bvr_0002.hex
* Software version 2.6.3.104
* Temperature SN = 7809
* Conductivity SN = 7809
* System UpLoad Time = Jul 05 2018 16:26:42
* <ApplicationData>
* <Seaterm232>
# nquan = 17
# nvalues = 997                         
# units = specified
# name 0 = depFM: Depth [fresh water, m]
# name 1 = tv290C: Temperature [ITS-90, deg C]
# name 2 = sbeox0Mg/L: Oxygen, SBE 43 [mg/l]
# name 3 = sbeox0PS: Oxygen, SBE 43 [% saturation]
# name 4 = c0uS/cm: Conductivity [uS/cm]
# name 5 = specc: Specific Conductance [uS/cm]
# name 6 = ph: pH
# name 7 = orp: Oxidation Reduction Potential [mV]
# name 8 = flECO-AFL: Fluorescence, WET Labs ECO-AFL/FL [mg/m^3]
# name 9 = turbWETntu0: Turbidity, WET Labs ECO [NTU]
# name 10 = sal00: Salinity, Practical [PSU]
# name 11 = dz/dtM: Descent Rate [m/s]
# name 12 = prdM: Pressure, Strain Gauge [db]
# name 13 = prdE: Pressure, Strain Gauge [psi]
# name 14 = scan: Scan Count
# name 15 = par/sat/log: PAR/Logarithmic, Satlantic
# name 16 = flag:  0.000e+00
# span 0 =     -0.458,      9.703       
# span 1 =    11.1102,    29.4998       
# span 2 =     3.0664,    12.2500       
# span 3 =     29.029,    151.200       
# span 4 =  -0.238728,  49.981536       
# span 5 =      0.416,     46.638       
# span 6 =     -2.354,      8.876       
# span 7 =  -350.6458,  1240.2295       
# span 8 =    -0.2102,    18.8879       
# span 9 =    -0.7748,    44.8264       
# span 10 =     0.0133,     0.0293      
# span 11 = -2.105e-16,      0.186      
# span 12 =     -0.449,      9.515      
# span 13 =     -0.651,     13.801      
# span 14 =          1,        997      
# span 15 = 1.2270e-01, 1.2870e+03      
# span 16 = 0.0000e+00, 0.0000e+00      
# interval = seconds: 0.25
# start_time = Jul 05 2018 16:25:55 [Instrument's time stamp, header]
# bad_flag = -9.990e-29
*END*
[from data line 852]
      8.177    11.1193     7.6532     69.607  33.411524     46.240      6.192   317.6104     1.4315     5.5497     0.0237      0.055      8.019     11.631        853 1.3456e-01 0.0000e+00
      8.191    11.1190     7.6595     69.662  33.420751     46.278      6.194   319.4654     1.4315     5.6437     0.0237      0.059      8.034     11.653        854 1.4261e-01 0.0000e+00
      8.213    11.1189     7.6584     69.652  33.363307     46.162      6.193   318.6704     1.4234     5.5766     0.0237      0.061      8.051     11.677        855 1.4681e-01 0.0000e+00
      8.224    11.1200     7.6626     69.690  33.334733     46.162      6.192   318.8975     1.4638     5.3886     0.0237      0.058      8.063     11.694        856 1.2792e-01 0.0000e+00
      8.228    11.1232     7.6663     69.723  33.367343     46.162      6.194   318.6704     1.4194     5.3483     0.0237      0.053      8.070     11.705        857 1.3248e-01 0.0000e+00
      8.237    11.1256     7.6666     69.726  33.382035     46.239      6.194   318.3297     1.4274     5.3483     0.0237      0.050      8.080     11.720        858 1.4189e-01 0.0000e+00
      8.254    11.1258     7.6707     69.763  33.375761     46.157      6.198   318.6704     1.3870     5.4154     0.0237      0.050      8.094     11.740        859 1.2607e-01 0.0000e+00
      8.270    11.1256     7.6696     69.751  33.404809     46.270      6.197   319.3897     1.6094     5.6706     0.0237      0.050      8.109     11.761        860 1.2546e-01 0.0000e+00
      8.282    11.1244     7.6644     69.704  33.375541     46.154      6.198   319.0111     1.6256     5.6840     0.0237      0.049      8.122     11.780        861 1.2433e-01 0.0000e+00
      8.296    11.1228     7.6559     69.626  33.382527     46.231      6.200   319.1625     1.6256     5.6303     0.0237      0.049      8.135     11.800        862 1.2776e-01 0.0000e+00
      8.310    11.1217     7.6540     69.610  33.366458     46.155      6.202   319.3140     1.6175     5.6169     0.0237      0.049      8.149     11.819        863 1.3967e-01 0.0000e+00
      8.323    11.1206     7.6507     69.579  33.336227     46.157      6.202   318.5568     1.6215     5.7243     0.0237      0.051      8.162     11.838        864 1.2790e-01 0.0000e+00
      8.336    11.1199     7.6435     69.512  33.360838     46.159      6.204   318.6704     1.5002     5.3752     0.0237      0.054      8.174     11.856        865 1.2419e-01 0.0000e+00
      8.349    11.1195     7.6464     69.538  33.424798     46.276      6.203   319.1625     1.4881     5.4557     0.0237      0.054      8.187     11.874        866 1.2577e-01 0.0000e+00
      8.360    11.1193     7.6447     69.523  33.404909     46.238      6.204   319.0490     1.4800     5.4020     0.0237      0.052      8.198     11.890        867 1.2596e-01 0.0000e+00
      8.369    11.1193     7.6479     69.552  33.355935     46.162      6.204   319.2761     1.4962     5.4826     0.0237      0.050      8.207     11.903        868 1.2427e-01 0.0000e+00
      8.377    11.1190     7.6474     69.548  33.396780     46.239      6.203   319.1247     1.4517     5.7646     0.0237      0.047      8.217     11.917        869 1.2779e-01 0.0000e+00
      8.389    11.1185     7.6489     69.563  33.354079     46.162      6.205   319.0111     1.4517     5.6034     0.0237      0.045      8.227     11.933        870 1.3687e-01 0.0000e+00
      8.402    11.1184     7.6490     69.564  33.349762     46.162      6.206   319.0868     1.4234     5.6169     0.0237      0.044      8.239     11.949        871 1.2843e-01 0.0000e+00
      8.411    11.1185     7.6448     69.525  33.372495     46.202      6.207   318.5947     1.4315     5.6303     0.0237      0.042      8.249     11.964        872 1.2270e-01 0.0000e+00
      8.422    11.1183     7.6511     69.584  33.355444     46.163      6.208   319.3140     1.3506     5.7377     0.0237      0.042      8.260     11.980        873 1.2853e-01 0.0000e+00
      8.435    11.1179     7.6478     69.558  33.400638     46.240      6.207   318.8218     1.3668     5.6303     0.0237      0.042      8.272     11.997        874 1.3582e-01 0.0000e+00
      8.447    11.1173     7.6463     69.546  33.405220     46.240      6.212   319.2383     1.3668     5.6706     0.0237      0.043      8.285     12.015        875 1.2827e-01 0.0000e+00
      8.462    11.1171     7.6514     69.591  33.349743     46.164      6.208   319.4275     1.3506     5.6169     0.0237      0.045      8.298     12.035        876 1.2352e-01 0.0000e+00
      8.476    11.1173     7.6534     69.609  33.351056     46.164      6.209   319.4275     1.4355     5.6571     0.0237      0.047      8.312     12.056        877 1.2724e-01 0.0000e+00
      8.491    11.1175     7.6583     69.658  33.373931     46.203      6.210   318.9733     1.4194     5.7377     0.0237      0.049      8.326     12.076        878 1.2358e-01 0.0000e+00
      8.503    11.1179     7.6600     69.676  33.350933     46.164      6.211   318.9733     1.4194     5.6840     0.0237      0.051      8.339     12.094        879 1.2781e-01 0.0000e+00
      8.514    11.1180     7.6647     69.719  33.350020     46.164      6.208   319.0490     1.4194     5.5766     0.0237      0.052      8.349     12.109        880 1.3630e-01 0.0000e+00
      8.524    11.1182     7.6647     69.720  33.404721     46.241      6.210   319.2383     1.4194     5.5497     0.0237      0.052      8.357     12.121        881 1.2786e-01 0.0000e+00
      8.528    11.1183     7.6668     69.738  33.401482     46.241      6.208   319.2761     1.6013     5.7377     0.0237      0.048      8.363     12.130        882 1.2400e-01 0.0000e+00
      8.531    11.1194     7.6637     69.704  33.354051     46.163      6.210   319.5411     1.6296     5.6706     0.0237      0.043      8.368     12.138        883 1.2623e-01 0.0000e+00
      8.542    11.1219     7.6583     69.651  33.374781     46.202      6.208   319.2383     1.6256     5.6571     0.0237      0.038      8.376     12.150        884 1.2490e-01 0.0000e+00
      8.553    11.1226     7.6605     69.668  33.405342     46.239      6.205   319.0111     1.6175     5.4826     0.0237      0.035      8.387     12.166        885 1.2580e-01 0.0000e+00
      8.565    11.1218     7.6595     69.658  33.404986     46.236      6.207   319.4275     1.2819     5.3886     0.0237      0.033      8.399     12.182        886 1.2532e-01 0.0000e+00
      8.577    11.1219     7.6537     69.604  33.404877     46.235      6.207   319.3518     1.2819     5.4960     0.0237      0.034      8.410     12.198        887 1.2561e-01 0.0000e+00
      8.586    11.1242     7.6495     69.566  33.405476     46.236      6.207   319.5790     1.3061     5.4826     0.0237      0.035      8.419     12.211        888 1.2543e-01 0.0000e+00
      8.593    11.1255     7.6530     69.598  33.433897     46.275      6.204   319.4275     1.2940     5.4826     0.0237      0.037      8.428     12.224        889 1.2560e-01 0.0000e+00
      8.604    11.1258     7.6590     69.653  33.399163     46.233      6.207   319.3140     1.4355     5.6571     0.0237      0.039      8.438     12.238        890 1.2546e-01 0.0000e+00
      8.614    11.1266     7.6629     69.689  33.359733     46.154      6.206   319.2761     1.4194     5.6303     0.0237      0.040      8.448     12.252        891 1.2532e-01 0.0000e+00
      8.624    11.1256     7.6640     69.699  33.394000     46.231      6.207   319.6168     1.4113     5.6571     0.0237      0.040      8.458     12.267        892 1.2537e-01 0.0000e+00
      8.636    11.1228     7.6635     69.694  33.356520     46.152      6.207   319.9575     1.4274     5.6169     0.0237      0.039      8.470     12.284        893 1.2550e-01 0.0000e+00
      8.650    11.1199     7.6669     69.724  33.347065     46.154      6.203   319.9197     1.3749     5.7108     0.0237      0.040      8.483     12.303        894 1.2550e-01 0.0000e+00
      8.663    11.1182     7.6664     69.719  33.376112     46.196      6.206   319.8061     1.3587     5.6169     0.0237      0.042      8.495     12.321        895 1.2539e-01 0.0000e+00
      8.674    11.1175     7.6610     69.669  33.350030     46.161      6.206   319.8818     1.3627     5.5766     0.0237      0.044      8.507     12.339        896 1.2544e-01 0.0000e+00
      8.689    11.1171     7.6463     69.536  33.349869     46.163      6.204   319.9575     1.3587     5.5766     0.0237      0.047      8.520     12.358        897 1.2546e-01 0.0000e+00
      8.702    11.1172     7.6410     69.488  33.405968     46.242      6.202   319.9954     1.3830     5.5900     0.0237      0.049      8.534     12.378        898 1.2534e-01 0.0000e+00
      8.716    11.1172     7.6403     69.482  33.398839     46.242      6.202   320.0333     1.3263     5.5631     0.0237      0.051      8.548     12.398        899 1.2537e-01 0.0000e+00
      8.731    11.1172     7.6394     69.474  33.358740     46.165      6.205   320.4118     1.3789     5.6840     0.0237      0.052      8.561     12.417        900 1.2543e-01 0.0000e+00
      8.743    11.1174     7.6399     69.478  33.366903     46.203      6.202   320.4875     1.3263     5.6303     0.0237      0.053      8.572     12.433        901 1.2558e-01 0.0000e+00
      8.751    11.1175     7.6441     69.516  33.359026     46.165      6.202   320.7525     1.4234     5.4289     0.0237      0.051      8.581     12.446        902 1.2556e-01 0.0000e+00
      8.760    11.1172     7.6504     69.574  33.338887     46.164      6.199   321.0175     1.4153     5.3752     0.0237      0.049      8.589     12.458        903 1.2545e-01 0.0000e+00
      8.766    11.1166     7.6580     69.643  33.362310     46.164      6.199   320.9797     1.4113     5.4154     0.0237      0.046      8.597     12.469        904 1.2536e-01 0.0000e+00
      8.775    11.1161     7.6608     69.670  33.389188     46.242      6.202   320.9797     1.3910     5.4154     0.0237      0.042      8.606     12.482        905 1.2536e-01 0.0000e+00
      8.786    11.1161     7.6629     69.689  33.364748     46.165      6.200   321.0175     1.4274     5.3886     0.0237      0.039      8.616     12.496        906 1.2548e-01 0.0000e+00
      8.795    11.1163     7.6588     69.652  33.363070     46.205      6.199   321.1690     1.4274     5.6571     0.0237      0.037      8.625     12.509        907 1.2545e-01 0.0000e+00
      8.802    11.1165     7.6652     69.713  33.361622     46.166      6.200   321.0933     1.4355     5.6437     0.0237      0.035      8.632     12.520        908 1.2539e-01 0.0000e+00
      8.810    11.1167     7.6620     69.684  33.396205     46.243      6.200   321.1690     1.4113     5.5631     0.0237      0.034      8.640     12.531        909 1.2542e-01 0.0000e+00
      8.818    11.1166     7.6613     69.679  33.408999     46.243      6.199   321.6990     1.4274     5.7108     0.0237      0.033      8.648     12.542        910 1.2536e-01 0.0000e+00
      8.827    11.1165     7.6612     69.676  33.345701     46.165      6.199   321.6611     1.2414     5.4020     0.0237      0.033      8.658     12.557        911 1.2556e-01 0.0000e+00
      8.841    11.1166     7.6627     69.687  33.356355     46.165      6.201   321.4718     1.2374     5.3080     0.0237      0.035      8.670     12.574        912 1.2558e-01 0.0000e+00
      8.854    11.1167     7.6596     69.657  33.366084     46.204      6.198   321.3204     1.1970     5.3483     0.0237      0.036      8.682     12.592        913 1.2539e-01 0.0000e+00
      8.863    11.1171     7.6599     69.659  33.363250     46.165      6.198   321.5097     1.2212     5.3886     0.0237      0.038      8.693     12.608        914 1.2553e-01 0.0000e+00
      8.877    11.1177     7.6546     69.611  33.389538     46.243      6.198   321.4340     1.3061     5.4154     0.0237      0.041      8.703     12.624        915 1.2549e-01 0.0000e+00
      8.885    11.1178     7.6486     69.556  33.363025     46.165      6.197   321.3583     1.2819     5.3617     0.0237      0.042      8.713     12.637        916 1.2542e-01 0.0000e+00
      8.892    11.1182     7.6445     69.518  33.396244     46.241      6.197   321.5475     1.2900     5.3080     0.0237      0.043      8.720     12.648        917 1.2543e-01 0.0000e+00
      8.900    11.1191     7.6340     69.422  33.407510     46.241      6.199   321.6233     1.3061     5.4557     0.0237      0.042      8.728     12.659        918 1.2544e-01 0.0000e+00
      8.908    11.1199     7.6283     69.370  33.378662     46.202      6.197   321.2825     1.4194     5.4557     0.0237      0.039      8.738     12.673        919 1.2537e-01 0.0000e+00
      8.922    11.1204     7.6226     69.318  33.402489     46.239      6.199   321.8883     1.4436     5.3349     0.0237      0.038      8.752     12.694        920 1.2552e-01 0.0000e+00
      8.945    11.1190     7.6174     69.271  33.407513     46.238      6.195   322.1533     1.4274     5.4154     0.0237      0.041      8.771     12.721        921 1.2553e-01 0.0000e+00
      8.962    11.1172     7.6223     69.316  33.402065     46.238      6.192   322.1911     1.4234     5.4020     0.0237      0.045      8.787     12.744        922 1.2536e-01 0.0000e+00
      8.971    11.1162     7.6149     69.249  33.409269     46.240      6.192   322.1154     1.6256     5.5229     0.0237      0.048      8.798     12.760        923 1.2536e-01 0.0000e+00
      8.981    11.1158     7.6250     69.340  33.398549     46.242      6.191   322.1911     1.6175     5.4154     0.0237      0.051      8.808     12.775        924 1.2531e-01 0.0000e+00
      8.993    11.1157     7.6298     69.384  33.385752     46.204      6.188   322.5697     1.6094     5.3886     0.0237      0.053      8.819     12.791        925 1.2553e-01 0.0000e+00
      9.005    11.1156     7.6326     69.410  33.395538     46.244      6.185   322.2290     1.6013     5.4289     0.0237      0.053      8.831     12.809        926 1.2552e-01 0.0000e+00
      9.018    11.1154     7.6372     69.453  33.356713     46.166      6.186   322.4940     1.6013     5.4289     0.0237      0.052      8.843     12.826        927 1.2547e-01 0.0000e+00
      9.028    11.1152     7.6444     69.518  33.345101     46.167      6.188   322.5697     1.5002     5.4691     0.0237      0.049      8.853     12.841        928 1.2548e-01 0.0000e+00
      9.038    11.1150     7.6448     69.522  33.350677     46.167      6.185   322.3804     1.4840     5.4557     0.0237      0.045      8.866     12.859        929 1.2540e-01 0.0000e+00
      9.056    11.1150     7.6480     69.551  33.409087     46.244      6.188   322.3804     1.4921     5.3886     0.0237      0.045      8.882     12.882        930 1.2547e-01 0.0000e+00
      9.076    11.1150     7.6494     69.564  33.420691     46.283      6.187   323.3647     1.4921     5.4423     0.0237      0.050      8.900     12.907        931 1.2537e-01 0.0000e+00
      9.092    11.1150     7.6541     69.606  33.365891     46.167      6.184   322.8726     1.3587     5.5631     0.0237      0.053      8.915     12.930        932 1.2545e-01 0.0000e+00
      9.103    11.1150     7.6554     69.616  33.329006     46.167      6.183   323.0618     1.3425     5.7243     0.0237      0.055      8.927     12.948        933 1.2553e-01 0.0000e+00
      9.114    11.1151     7.6571     69.632  33.288661     46.051      6.184   322.7590     1.3668     5.6571     0.0236      0.056      8.937     12.963        934 1.2545e-01 0.0000e+00
      9.125    11.1153     7.6655     69.710  33.386445     46.245      6.185   322.5697     1.3425     5.5229     0.0237      0.056      8.948     12.979        935 1.2543e-01 0.0000e+00
      9.138    11.1156     7.6616     69.674  33.414906     46.245      6.185   322.6076     1.3061     5.6034     0.0237      0.055      8.961     12.997        936 1.2542e-01 0.0000e+00
