Data/DataNotYetUploadedToEDI/Raw_CTD/RawDownloads/070518_bvr50.cnv
* Sea-Bird SBE19plus  Data File:
* FileName = C:\DATA\070518_bvr_0001.hex
* Software version 2.6.3.104
* Temperature SN = 7809
* Conductivity SN = 7809
* System UpLoad Time = Jul 05 2018 16:26:11
* <ApplicationData>
* <Seaterm232>
# nquan = 17
# nvalues = 1331                        
# units = specified
# name 0 = depFM: Depth [fresh water, m]
# name 1 = tv290C: Temperature [ITS-90, deg C]
# name 2 = sbeox0Mg/L: Oxygen, SBE 43 [mg/l]
# name 3 = sbeox0PS: Oxygen, SBE 43 [% saturation]
# name 4 = c0uS/cm: Conductivity [uS/cm]
# name 5 = specc: Specific Conductance [uS/cm]
# name 6 = ph: pH
# name 7 = orp: Oxidation Reduction Potential [mV]
# name 8 = flECO-AFL: Fluorescence, WET Labs ECO-AFL/FL [mg/m^3]
# name 9 = turbWETntu0: Turbidity, WET Labs ECO [NTU]
# name 10 = sal00: Salinity, Practical [PSU]
# name 11 = dz/dtM: Descent Rate [m/s]
# name 12 = prdM: Pressure, Strain Gauge [db]
# name 13 = prdE: Pressure, Strain Gauge [psi]
# name 14 = scan: Scan Count
# name 15 = par/sat/log: PAR/Logarithmic, Satlantic
# name 16 = flag:  0.000e+00
# span 0 =     -0.539,     10.712       
# span 1 =     7.4600,    29.0865       
# span 2 =     0.0814,    15.4111       
# span 3 =      0.679,    193.164       
# span 4 =   2.540248, 106.331585       
# span 5 =      2.741,    164.144       
# span 6 =      6.057,      9.839       
# span 7 =  -225.3762,   338.0533       
# span 8 =    -0.1941,     6.9874       
# span 9 =    -0.3317,    26.9538       
# span 10 =     0.0132,     0.0753      
# span 11 =     -0.147,      0.169      
# span 12 =     -0.528,     10.500      
# span 13 =     -0.766,     15.229      
# span 14 =          1,       1331      
# span 15 = 1.2067e-01, 2.4333e+03      
# span 16 = 0.0000e+00, 0.0000e+00      
# interval = seconds: 0.25
# start_time = Jul 05 2018 14:49:18 [Instrument's time stamp, header]
# bad_flag = -9.990e-29
*END*
[from data line 86]
      0.073    28.9015     7.9100    102.682  32.988472     30.589      9.308   116.7020     1.5487     5.4154     0.0229     -0.147      0.071      0.103         87 1.6191e+03 0.0000e+00
      0.054    28.9003     7.8862    102.375  32.977707     30.591      9.304   117.0805     1.5043     5.2812     0.0229     -0.135      0.051      0.074         88 1.5300e+03 0.0000e+00
      0.028    28.8996     7.8511    101.920  32.933923     30.541      9.307   117.5727     1.5245     5.1334     0.0229     -0.119      0.026      0.038         89 1.7215e+03 0.0000e+00
     -0.003    28.8994     7.8158    101.463  32.924348     30.541      9.305   117.8377     1.4962     5.2140     0.0229     -0.107      0.001      0.002         90 1.7395e+03 0.0000e+00
     -0.019    28.8984     7.7676    100.839  32.871009     30.490      9.306   118.4812     1.5043     5.2274     0.0228     -0.096     -0.018     -0.026         91 1.7723e+03 0.0000e+00
     -0.036    28.8972     7.7110    100.105  32.792728     30.412      9.307   118.4434     1.3910     5.2140     0.0228     -0.088     -0.032     -0.046         92 1.7452e+03 0.0000e+00
     -0.042    28.8966     7.6391     99.174  32.784542     30.413      9.309   118.9734     1.3668     5.2409     0.0228     -0.082     -0.037     -0.054         93 1.7506e+03 0.0000e+00
     -0.034    28.8962     7.5616     98.169  32.732932     30.362      9.301   119.3520     1.3749     5.1334     0.0228     -0.070     -0.035     -0.051         94 1.7181e+03 0.0000e+00
     -0.035    28.8979     7.4923     97.271  32.679036     30.310      9.300   120.2227     1.3668     5.2812     0.0228     -0.057     -0.034     -0.050         95 1.7232e+03 0.0000e+00
     -0.036    28.9009     7.4323     96.492  32.733002     30.362      9.298   120.2227     1.4072     5.2006     0.0228     -0.041     -0.035     -0.051         96 1.7780e+03 0.0000e+00
     -0.036    28.9028     7.3770     95.774  32.725078     30.361      9.304   120.9798     1.3183     5.5631     0.0228     -0.025     -0.035     -0.051         97 1.7564e+03 0.0000e+00
     -0.035    28.9040     7.3264     95.118  32.629589     30.256      9.308   121.3963     1.3223     5.6571     0.0227     -0.011     -0.035     -0.051         98 1.7483e+03 0.0000e+00
     -0.037    28.9045     7.2655     94.327  32.614612     30.255      9.307   121.7370     1.2778     5.6840     0.0227     -0.004     -0.036     -0.052         99 1.7429e+03 0.0000e+00
     -0.037    28.9050     7.2082     93.584  32.625105     30.254      9.310   122.4184     1.3061     5.6169     0.0227      0.000     -0.036     -0.052        100 1.7311e+03 0.0000e+00
     -0.036    28.9060     7.1491     92.816  32.616528     30.254      9.311   122.4563     1.3021     5.2140     0.0227      0.001     -0.035     -0.051        101 1.7288e+03 0.0000e+00
     -0.034    28.9070     7.0861     91.999  32.625284     30.254      9.307   123.0620     1.3183     5.1469     0.0227     -0.001     -0.034     -0.050        102 1.7222e+03 0.0000e+00
     -0.036    28.9077     7.0189     91.125  32.614208     30.253      9.310   123.4027     1.2900     5.2274     0.0227     -0.000     -0.036     -0.052        103 1.7024e+03 0.0000e+00
     -0.040    28.9084     6.9402     90.103  32.571006     30.201      9.309   123.7434     1.3142     5.1603     0.0227     -0.001     -0.039     -0.056        104 1.6817e+03 0.0000e+00
     -0.042    28.9092     6.8699     89.193  32.560437     30.200      9.311   123.8570     1.3668     5.4423     0.0227     -0.002     -0.041     -0.059        105 1.6867e+03 0.0000e+00
     -0.042    28.9095     6.7953     88.226  32.568057     30.200      9.306   123.7813     1.3910     5.4020     0.0227     -0.003     -0.041     -0.060        106 1.6698e+03 0.0000e+00
     -0.043    28.9099     6.7520     87.664  32.502218     30.148      9.311   124.3870     1.3749     5.3617     0.0227     -0.004     -0.042     -0.061        107 1.6414e+03 0.0000e+00
     -0.043    28.9100     6.7303     87.382  32.523758     30.147      9.309   125.3713     1.3708     5.4289     0.0227     -0.004     -0.043     -0.062        108 1.6746e+03 0.0000e+00
     -0.046    28.9100     6.7233     87.291  32.541250     30.199      9.309   125.2198     1.3587     5.4020     0.0227     -0.005     -0.043     -0.062        109 1.6414e+03 0.0000e+00
     -0.041    28.9099     6.7126     87.156  32.421147     30.043      9.310   126.0527     1.3668     5.4557     0.0227     -0.004     -0.040     -0.057        110 1.6698e+03 0.0000e+00
     -0.034    28.9097     6.7155     87.208  32.436003     30.095      9.308   125.7120     1.3749     5.4557     0.0227     -0.000     -0.033     -0.047        111 1.6293e+03 0.0000e+00
     -0.025    28.9099     6.7574     87.760  32.404150     30.043      9.309   126.2798     1.3587     5.4557     0.0227      0.005     -0.025     -0.036        112 1.6715e+03 0.0000e+00
     -0.016    28.9096     6.8556     89.036  32.401481     30.044      9.309   126.7341     1.3668     5.5229     0.0227      0.011     -0.018     -0.026        113 1.4741e+03 0.0000e+00
     -0.015    28.9098     7.0085     91.017  32.439325     30.095      9.303   127.3398     1.3830     5.2812     0.0227      0.015     -0.016     -0.024        114 1.7077e+03 0.0000e+00
     -0.019    28.9110     7.1563     92.930  32.416359     30.044      9.305   126.6206     1.3951     5.2006     0.0227      0.017     -0.020     -0.029        115 1.5993e+03 0.0000e+00
     -0.027    28.9119     7.2853     94.605  32.430062     30.095      9.304   126.9234     1.3749     5.2140     0.0227      0.014     -0.025     -0.036        116 4.0563e+02 0.0000e+00
     -0.029    28.9120     7.4053     96.180  32.274010     29.913      9.302   126.9234     1.3749     5.1469     0.0226      0.010     -0.026     -0.038        117 1.0895e+03 0.0000e+00
     -0.025    28.9122     7.5285     97.789  32.254730     29.913      9.299   127.1506     1.3547     5.4020     0.0226      0.005     -0.023     -0.033        118 1.9832e+03 0.0000e+00
     -0.016    28.9122     7.6231     99.018  32.305790     29.965      9.299   127.3398     1.3910     5.4557     0.0226      0.002     -0.016     -0.024        119 1.9428e+03 0.0000e+00
     -0.007    28.9152     7.6730     99.663  32.269772     29.913      9.299   128.5513     1.4032     5.5900     0.0226      0.003     -0.013     -0.019        120 2.0214e+03 0.0000e+00
     -0.018    28.9238     7.6619     99.517  32.507123     30.146      9.301   128.1348     1.3830     5.4154     0.0227      0.002     -0.021     -0.031        121 1.9721e+03 0.0000e+00
     -0.040    28.9296     7.6052     98.776  32.603464     30.248      9.307   128.4756     1.4355     5.4826     0.0227     -0.003     -0.037     -0.054        122 1.9867e+03 0.0000e+00
     -0.056    28.9296     7.5265     97.752  32.327792     29.958      9.309   128.2106     1.4355     5.3080     0.0226     -0.010     -0.048     -0.070        123 1.9469e+03 0.0000e+00
     -0.051    28.9269     7.4280     96.472  32.257136     29.903      9.310   129.0434     1.4436     5.3752     0.0226     -0.014     -0.047     -0.069        124 1.9581e+03 0.0000e+00
     -0.038    28.9226     7.3337     95.248  32.305908     29.955      9.306   129.4977     1.4477     5.3886     0.0226     -0.015     -0.038     -0.055        125 1.9356e+03 0.0000e+00
     -0.027    28.9234     7.2304     93.906  32.326401     29.956      9.306   129.8006     1.4315     5.1603     0.0226     -0.013     -0.030     -0.043        126 1.9335e+03 0.0000e+00
     -0.027    28.9318     7.1358     92.678  32.498507     30.140      9.301   130.1413     1.4517     5.3080     0.0227     -0.010     -0.028     -0.041        127 1.9218e+03 0.0000e+00
     -0.033    28.9375     7.0440     91.486  32.506864     30.140      9.302   130.0277     1.4436     5.2409     0.0227     -0.006     -0.032     -0.046        128 1.8974e+03 0.0000e+00
     -0.037    28.9374     6.9651     90.462  32.316000     29.954      9.301   130.4441     1.4355     5.3617     0.0226      0.002     -0.034     -0.050        129 1.8972e+03 0.0000e+00
     -0.036    28.9360     6.8979     89.590  32.261589     29.899      9.305   130.5199     1.4274     5.8317     0.0226      0.008     -0.034     -0.050        130 1.8967e+03 0.0000e+00
     -0.033    28.9345     6.8281     88.684  32.307702     29.950      9.302   131.4663     1.4274     5.8183     0.0226      0.008     -0.034     -0.049        131 1.8924e+03 0.0000e+00
     -0.036    28.9327     6.7632     87.842  32.317918     29.951      9.302   132.0720     1.4315     5.8586     0.0226      0.003     -0.036     -0.052        132 1.9006e+03 0.0000e+00
     -0.040    28.9314     6.6973     86.986  32.308182     29.952      9.300   131.5799     1.4557     5.8854     0.0226     -0.003     -0.038     -0.056        133 1.9017e+03 0.0000e+00
     -0.041    28.9312     6.6237     86.031  32.290167     29.927      9.298   132.2991     1.3951     5.4826     0.0226     -0.006     -0.040     -0.058        134 1.9081e+03 0.0000e+00
     -0.042    28.9311     6.5659     85.280  32.251379     29.902      9.298   132.3370     1.3668     5.3617     0.0226     -0.006     -0.041     -0.060        135 1.9275e+03 0.0000e+00
     -0.044    28.9313     6.4987     84.409  32.208190     29.850      9.303   132.2234     1.3587     5.3214     0.0226     -0.005     -0.042     -0.061        136 1.9380e+03 0.0000e+00
     -0.043    28.9318     6.4472     83.740  32.195652     29.850      9.307   132.5641     1.3466     5.4557     0.0226     -0.005     -0.042     -0.061        137 1.9386e+03 0.0000e+00
     -0.043    28.9320     6.3919     83.022  32.207676     29.850      9.309   133.0184     1.4113     5.4826     0.0226     -0.005     -0.042     -0.061        138 1.9359e+03 0.0000e+00
     -0.042    28.9320     6.3441     82.402  32.252532     29.902      9.314   133.1699     1.2980     5.4557     0.0226     -0.004     -0.042     -0.061        139 1.9271e+03 0.0000e+00
     -0.042    28.9326     6.2951     81.766  32.228789     29.876      9.311   133.8892     1.3223     5.4289     0.0226     -0.003     -0.042     -0.061        140 1.9212e+03 0.0000e+00
     -0.044    28.9331     6.2512     81.197  32.148268     29.798      9.314   133.4349     1.3142     5.2812     0.0226     -0.001     -0.042     -0.061        141 1.9238e+03 0.0000e+00
     -0.042    28.9332     6.2152     80.729  32.145171     29.798      9.316   134.1920     1.3183     5.5094     0.0226     -0.001     -0.041     -0.060        142 1.9331e+03 0.0000e+00
     -0.040    28.9336     6.1814     80.291  32.143684     29.797      9.316   134.2299     1.3627     5.2812     0.0226      0.001     -0.040     -0.058        143 1.9367e+03 0.0000e+00
     -0.040    28.9339     6.1473     79.848  32.150118     29.797      9.316   134.1542     1.3668     5.3617     0.0226      0.002     -0.040     -0.058        144 1.9336e+03 0.0000e+00
     -0.042    28.9344     6.1184     79.473  32.196469     29.849      9.319   134.7599     1.3789     5.2274     0.0226      0.001     -0.041     -0.060        145 1.9235e+03 0.0000e+00
     -0.044    28.9350     6.0897     79.101  32.174959     29.823      9.317   134.6463     1.3830     5.1469     0.0226      0.000     -0.042     -0.061        146 1.8970e+03 0.0000e+00
     -0.043    28.9352     6.0651     78.782  32.147234     29.797      9.318   134.9492     1.4477     5.7243     0.0226     -0.000     -0.041     -0.060        147 1.8602e+03 0.0000e+00
     -0.041    28.9355     6.0382     78.433  32.142014     29.796      9.316   135.0627     1.4477     5.6706     0.0226      0.000     -0.041     -0.060        148 1.8147e+03 0.0000e+00
     -0.042    28.9358     6.0124     78.098  32.092500     29.744      9.317   135.2520     1.4072     5.6169     0.0225      0.000     -0.042     -0.060        149 1.7682e+03 0.0000e+00
     -0.044    28.9363     5.9797     77.674  32.090246     29.744      9.316   135.3656     1.4436     5.5900     0.0225     -0.001     -0.043     -0.062        150 1.7251e+03 0.0000e+00
     -0.045    28.9366     5.9503     77.292  32.085514     29.744      9.316   135.6306     1.3061     5.6840     0.0225     -0.002     -0.043     -0.063        151 1.6939e+03 0.0000e+00
     -0.044    28.9369     5.9181     76.874  32.068734     29.718      9.317   136.1227     1.3061     5.6840     0.0225     -0.001     -0.042     -0.061        152 1.6807e+03 0.0000e+00
     -0.041    28.9371     5.8878     76.481  32.081475     29.744      9.317   136.0092     1.3263     5.6571     0.0225     -0.000     -0.041     -0.059        153 1.6686e+03 0.0000e+00
     -0.040    28.9371     5.8623     76.151  32.040007     29.692      9.306   136.6527     1.3183     5.6571     0.0225      0.001     -0.041     -0.059        154 1.6682e+03 0.0000e+00
     -0.044    28.9377     5.8310     75.745  32.031384     29.692      9.295   136.5013     1.3910     5.5497     0.0225     -0.000     -0.043     -0.062        155 1.6721e+03 0.0000e+00
     -0.046    28.9383     5.7994     75.335  32.032900     29.692      9.296   136.5392     1.3789     5.3886     0.0225     -0.001     -0.044     -0.064        156 1.6748e+03 0.0000e+00
     -0.044    28.9385     5.7738     75.002  31.978815     29.640      9.298   136.5392     1.3830     5.4154     0.0225     -0.001     -0.043     -0.062        157 1.6846e+03 0.0000e+00
     -0.042    28.9388     5.7407     74.573  31.950433     29.613      9.302   136.9177     1.3708     5.3483     0.0225      0.000     -0.041     -0.060        158 1.6905e+03 0.0000e+00
     -0.040    28.9390     5.7211     74.318  31.979267     29.639      9.305   137.1070     1.3749     5.3617     0.0225      0.001     -0.041     -0.059        159 1.7083e+03 0.0000e+00
     -0.040    28.9393     5.6966     74.001  31.972584     29.639      9.303   137.0313     1.3789     5.5363     0.0225      0.001     -0.041     -0.059        160 1.7307e+03 0.0000e+00
     -0.043    28.9398     5.6730     73.693  31.929098     29.587      9.307   137.4856     1.3708     5.4423     0.0225      0.000     -0.042     -0.060        161 1.7510e+03 0.0000e+00
     -0.043    28.9402     5.6470     73.357  31.974080     29.639      9.311   138.1670     1.3627     5.4154     0.0225      0.001     -0.042     -0.061        162 1.7705e+03 0.0000e+00
     -0.044    28.9407     5.6286     73.118  31.975908     29.638      9.312   138.0913     1.3789     5.4289     0.0225      0.001     -0.042     -0.061        163 1.7824e+03 0.0000e+00
     -0.043    28.9410     5.6063     72.830  31.956474     29.612      9.314   138.1670     1.3910     5.4020     0.0225      0.001     -0.042     -0.061        164 1.7999e+03 0.0000e+00
     -0.043    28.9413     5.5891     72.606  31.968611     29.638      9.311   138.6213     1.3910     5.4020     0.0225     -0.001     -0.042     -0.061        165 1.8166e+03 0.0000e+00
     -0.043    28.9415     5.5691     72.347  31.931150     29.586      9.310   138.9242     1.3910     5.4289     0.0225     -0.001     -0.042     -0.061        166 1.8308e+03 0.0000e+00
     -0.042    28.9419     5.5513     72.116  31.914138     29.586      9.306   139.4163     1.3506     5.3617     0.0225     -0.001     -0.042     -0.061        167 1.8491e+03 0.0000e+00
     -0.043    28.9422     5.5319     71.864  31.930479     29.586      9.306   139.1135     1.3870     5.7108     0.0225     -0.000     -0.042     -0.061        168 1.8720e+03 0.0000e+00
     -0.043    28.9423     5.5162     71.660  31.970119     29.637      9.306   139.3406     1.3910     5.7108     0.0225      0.000     -0.042     -0.060        169 1.8961e+03 0.0000e+00
     -0.042    28.9426     5.5003     71.455  31.924111     29.585      9.306   139.4163     1.3668     5.6437     0.0225      0.001     -0.041     -0.059        170 1.9246e+03 0.0000e+00
