Data/DataNotYetUploadedToEDI/Raw_CTD/RawDownloads/070518_bvr50.cnv
* Sea-Bird SBE19plus  Data File:
* FileName = C:\DATA\070518_bvr_0001.hex
* Software version 2.6.3.104
* Temperature SN = 7809
* Conductivity SN = 7809
* System UpLoad Time = Jul 05 2018 16:26:11
* <ApplicationData>
* <Seaterm232>
# nquan = 17
# nvalues = 1331                        
# units = specified
# name 0 = depFM: Depth [fresh water, m]
# name 1 = tv290C: Temperature [ITS-90, deg C]
# name 2 = sbeox0Mg/L: Oxygen, SBE 43 [mg/l]
# name 3 = sbeox0PS: Oxygen, SBE 43 [% saturation]
# name 4 = c0uS/cm: Conductivity [uS/cm]
# name 5 = specc: Specific Conductance [uS/cm]
# name 6 = ph: pH
# name 7 = orp: Oxidation Reduction Potential [mV]
# name 8 = flECO-AFL: Fluorescence, WET Labs ECO-AFL/FL [mg/m^3]
# name 9 = turbWETntu0: Turbidity, WET Labs ECO [NTU]
# name 10 = sal00: Salinity, Practical [PSU]
# name 11 = dz/dtM: Descent Rate [m/s]
# name 12 = prdM: Pressure, Strain Gauge [db]
# name 13 = prdE: Pressure, Strain Gauge [psi]
# name 14 = scan: Scan Count
# name 15 = par/sat/log: PAR/Logarithmic, Satlantic
# name 16 = flag:  0.000e+00
# span 0 =     -0.539,     10.712       
# span 1 =     7.4600,    29.0865       
# span 2 =     0.0814,    15.4111       
# span 3 =      0.679,    193.164       
# span 4 =   2.540248, 106.331585       
# span 5 =      2.741,    164.144       
# span 6 =      6.057,      9.839       
# span 7 =  -225.3762,   338.0533       
# span 8 =    -0.1941,     6.9874       
# span 9 =    -0.3317,    26.9538       
# span 10 =     0.0132,     0.0753      
# span 11 =     -0.147,      0.169      
# span 12 =     -0.528,     10.500      
# span 13 =     -0.766,     15.229      
# span 14 =          1,       1331      
# span 15 = 1.2067e-01, 2.4333e+03      
# span 16 = 0.0000e+00, 0.0000e+00      
# interval = seconds: 0.25
# start_time = Jul 05 2018 14:49:18 [Instrument's time stamp, header]
# bad_flag = -9.990e-29
*END*
[from data line 596]
     -0.035    28.9212     9.4790    123.172  33.341382     30.923      9.349   170.6107     1.9531     5.4691     0.0230      0.001     -0.035     -0.050        597 8.5210e+02 0.0000e+00
     -0.035    28.9227     9.4851    123.234  33.380250     30.946      9.347   170.3835     1.9572     5.4423     0.0230      0.000     -0.035     -0.050        598 8.5189e+02 0.0000e+00
     -0.036    28.9270     9.4983    123.375  33.397424     30.970      9.348   170.3078     1.9572     5.4557     0.0230      0.000     -0.035     -0.051        599 8.4833e+02 0.0000e+00
     -0.036    28.9328     9.4950    123.306  33.349663     30.917      9.349   170.4593     1.8763     5.6840     0.0230      0.000     -0.035     -0.051        600 8.4613e+02 0.0000e+00
     -0.035    28.9383     9.4706    122.976  33.350725     30.915      9.350   170.5728     1.9046     5.6571     0.0230      0.001     -0.035     -0.050        601 8.4622e+02 0.0000e+00
     -0.035    28.9431     9.4600    122.838  33.396100     30.963      9.352   170.7243     1.8682     5.6974     0.0230      0.001     -0.035     -0.050        602 8.4725e+02 0.0000e+00
     -0.035    28.9478     9.4722    123.008  33.411808     30.960      9.348   170.8000     1.8925     5.6034     0.0230      0.000     -0.035     -0.050        603 8.4974e+02 0.0000e+00
     -0.036    28.9525     9.5015    123.399  33.420137     30.983      9.350   170.6107     1.8803     5.6974     0.0230     -0.000     -0.035     -0.051        604 8.4938e+02 0.0000e+00
     -0.037    28.9575     9.5329    123.813  33.415388     30.955      9.350   170.8000     1.8763     5.6840     0.0230     -0.000     -0.036     -0.052        605 8.4770e+02 0.0000e+00
     -0.037    28.9609     9.5463    123.984  33.388062     30.952      9.348   170.9135     1.9046     5.6169     0.0230     -0.001     -0.036     -0.052        606 8.4401e+02 0.0000e+00
     -0.036    28.9597     9.5391    123.876  33.365177     30.897      9.350   170.8000     1.9005     5.6840     0.0230     -0.001     -0.036     -0.052        607 8.4284e+02 0.0000e+00
     -0.036    28.9514     9.5103    123.483  33.384557     30.947      9.351   170.8000     1.8844     5.6706     0.0230     -0.001     -0.035     -0.051        608 8.4214e+02 0.0000e+00
     -0.035    28.9373     9.4726    122.980  33.363944     30.896      9.349   170.9135     1.8803     5.5766     0.0230     -0.000     -0.035     -0.051        609 8.4003e+02 0.0000e+00
     -0.036    28.9255     9.4388    122.532  33.242561     30.823      9.349   170.8378     1.8682     5.6437     0.0230     -0.000     -0.036     -0.052        610 8.4062e+02 0.0000e+00
     -0.037    28.9195     9.4023    122.054  33.239079     30.780      9.351   170.9135     1.9086     5.6303     0.0230     -0.000     -0.036     -0.052        611 8.3868e+02 0.0000e+00
     -0.036    28.9193     9.3688    121.620  33.308975     30.916      9.350   171.2164     1.9046     5.6034     0.0230     -0.000     -0.036     -0.052        612 8.3740e+02 0.0000e+00
     -0.036    28.9242     9.3380    121.223  33.303851     30.841      9.347   170.8757     1.9572     5.4154     0.0230      0.000     -0.035     -0.051        613 8.3739e+02 0.0000e+00
     -0.035    28.9296     9.3365    121.208  33.304765     30.919      9.346   171.2543     1.9531     5.4826     0.0230      0.000     -0.035     -0.051        614 8.3579e+02 0.0000e+00
     -0.037    28.9321     9.3497    121.381  33.307839     30.839      9.347   171.1028     1.9612     5.4557     0.0230     -0.000     -0.036     -0.053        615 8.3475e+02 0.0000e+00
     -0.039    28.9306     9.3574    121.484  33.329678     30.939      9.344   171.1028     1.9410     5.4423     0.0230     -0.001     -0.037     -0.054        616 8.3424e+02 0.0000e+00
     -0.038    28.9239     9.3722    121.678  33.307238     30.834      9.347   171.0271     2.0097     5.7646     0.0230     -0.001     -0.036     -0.053        617 8.3103e+02 0.0000e+00
     -0.036    28.9153     9.3945    121.967  33.306111     30.913      9.345   170.9514     2.0259     5.8854     0.0230     -0.001     -0.035     -0.052        618 8.3050e+02 0.0000e+00
     -0.035    28.9092     9.4137    122.214  33.301428     30.839      9.347   171.2543     2.0340     5.8183     0.0230     -0.000     -0.035     -0.051        619 8.3414e+02 0.0000e+00
     -0.036    28.9049     9.4133    122.207  33.313069     30.922      9.346   171.6328     2.0138     5.8988     0.0230      0.000     -0.036     -0.052        620 8.3417e+02 0.0000e+00
     -0.038    28.9029     9.3507    121.397  33.291628     30.847      9.343   171.5950     2.0623     5.5900     0.0230     -0.000     -0.037     -0.054        621 8.3294e+02 0.0000e+00
     -0.039    28.9032     9.2728    120.388  33.298460     30.902      9.337   171.2921     2.0785     5.6571     0.0230     -0.001     -0.038     -0.055        622 8.2973e+02 0.0000e+00
     -0.039    28.9047     9.2391    119.952  33.274914     30.851      9.336   171.3678     2.0825     5.5900     0.0230     -0.001     -0.038     -0.054        623 8.2516e+02 0.0000e+00
     -0.037    28.9065     9.2344    119.892  33.261623     30.851      9.339   171.7464     2.0946     5.5900     0.0230     -0.000     -0.037     -0.053        624 8.2581e+02 0.0000e+00
     -0.037    28.9076     9.2336    119.878  33.344655     30.928      9.339   171.2921     2.0785     5.3617     0.0230     -0.001     -0.036     -0.053        625 8.2548e+02 0.0000e+00
     -0.037    28.9089     9.2487    120.071  33.349507     30.927      9.343   171.6707     2.1027     5.4826     0.0230     -0.001     -0.036     -0.053        626 8.2463e+02 0.0000e+00
     -0.037    28.9098     9.2540    120.136  33.344546     30.926      9.347   171.3678     2.0866     5.4826     0.0230     -0.000     -0.036     -0.052        627 8.2497e+02 0.0000e+00
     -0.036    28.9094     9.2810    120.480  33.321173     30.899      9.345   171.6707     2.0866     5.3752     0.0230      0.001     -0.035     -0.051        628 8.2373e+02 0.0000e+00
     -0.036    28.9085     9.3518    121.395  33.348939     30.925      9.345   171.8221     2.0663     5.4154     0.0230      0.001     -0.035     -0.051        629 8.2313e+02 0.0000e+00
     -0.036    28.9079     9.3995    122.013  33.339644     30.925      9.345   171.7464     2.0866     5.4423     0.0230      0.002     -0.036     -0.052        630 8.2172e+02 0.0000e+00
     -0.037    28.9086     9.4238    122.335  33.273433     30.848      9.342   171.9357     2.0542     5.4691     0.0230      0.001     -0.037     -0.053        631 8.2149e+02 0.0000e+00
     -0.039    28.9098     9.4309    122.435  33.253415     30.848      9.343   171.6707     2.0785     5.4691     0.0230     -0.000     -0.038     -0.055        632 8.2133e+02 0.0000e+00
     -0.039    28.9108     9.4349    122.496  33.275595     30.848      9.346   171.7843     2.0946     5.5094     0.0230     -0.001     -0.038     -0.055        633 8.2021e+02 0.0000e+00
     -0.038    28.9107     9.4342    122.491  33.305139     30.899      9.347   171.9357     2.1674     5.7108     0.0230     -0.001     -0.037     -0.053        634 8.2042e+02 0.0000e+00
     -0.035    28.9090     9.4378    122.539  33.275953     30.846      9.348   172.2007     2.1553     5.6571     0.0230     -0.001     -0.036     -0.052        635 8.1918e+02 0.0000e+00
     -0.037    28.9076     9.4158    122.252  33.252607     30.846      9.347   172.0114     2.1553     5.6706     0.0230     -0.000     -0.037     -0.053        636 8.1909e+02 0.0000e+00
     -0.038    28.9061     9.3967    122.003  33.274887     30.847      9.348   172.1250     2.1796     5.6840     0.0230     -0.001     -0.038     -0.055        637 8.1995e+02 0.0000e+00
     -0.039    28.9033     9.3924    121.941  33.337190     30.926      9.348   172.4657     1.9976     5.4154     0.0230     -0.001     -0.038     -0.055        638 8.1849e+02 0.0000e+00
     -0.038    28.9007     9.4086    122.143  33.352998     30.927      9.347   172.1628     1.9572     5.4557     0.0230      0.000     -0.037     -0.054        639 8.1865e+02 0.0000e+00
     -0.036    28.9008     9.4469    122.636  33.314524     30.903      9.349   172.2764     1.9410     5.3752     0.0230      0.001     -0.036     -0.052        640 8.1862e+02 0.0000e+00
     -0.036    28.9036     9.4841    123.114  33.266455     30.852      9.347   172.4278     1.9491     5.3752     0.0230      0.000     -0.036     -0.052        641 8.1721e+02 0.0000e+00
     -0.037    28.9076     9.4839    123.112  33.264549     30.852      9.342   172.4657     1.8358     5.5094     0.0230      0.000     -0.036     -0.052        642 8.1645e+02 0.0000e+00
     -0.037    28.9116     9.4698    122.929  33.346548     30.928      9.342   172.4657     1.8439     5.4020     0.0230     -0.000     -0.036     -0.052        643 8.1504e+02 0.0000e+00
     -0.036    28.9136     9.4550    122.745  33.342331     30.926      9.343   172.5035     1.8197     5.3214     0.0230      0.001     -0.035     -0.051        644 8.1426e+02 0.0000e+00
     -0.035    28.9140     9.4276    122.407  33.358758     30.924      9.344   172.9200     1.8278     5.3617     0.0230      0.002     -0.034     -0.050        645 8.1291e+02 0.0000e+00
     -0.034    28.9137     9.4174    122.297  33.355757     30.949      9.344   172.3900     1.8520     5.3752     0.0230      0.002     -0.034     -0.050        646 8.1163e+02 0.0000e+00
     -0.036    28.9125     9.4261    122.431  33.286758     30.845      9.345   172.8443     1.8358     5.4826     0.0230      0.001     -0.035     -0.051        647 8.1135e+02 0.0000e+00
     -0.036    28.9099     9.4112    122.254  33.326010     30.923      9.344   172.3143     1.8358     5.4826     0.0230      0.001     -0.035     -0.051        648 8.1065e+02 0.0000e+00
     -0.036    28.9066     9.3876    121.952  33.277253     30.845      9.346   172.8064     1.8237     5.4020     0.0230      0.000     -0.035     -0.051        649 8.1157e+02 0.0000e+00
     -0.036    28.9040     9.3911    121.996  33.258472     30.847      9.344   172.8821     1.8399     5.3349     0.0230      0.000     -0.035     -0.051        650 8.1245e+02 0.0000e+00
     -0.036    28.9024     9.4287    122.482  33.260422     30.849      9.345   172.9578     1.8925     5.6840     0.0230     -0.000     -0.036     -0.052        651 8.1198e+02 0.0000e+00
     -0.037    28.9020     9.4449    122.693  33.274829     30.850      9.344   173.0714     1.9127     5.6706     0.0230     -0.001     -0.037     -0.053        652 8.1140e+02 0.0000e+00
     -0.039    28.9024     9.4363    122.588  33.329505     30.929      9.346   173.2228     1.9127     5.6840     0.0230     -0.002     -0.038     -0.055        653 8.1150e+02 0.0000e+00
     -0.040    28.9062     9.4233    122.429  33.222034     30.800      9.341   173.0714     1.9248     5.5766     0.0230     -0.002     -0.038     -0.056        654 8.1093e+02 0.0000e+00
     -0.039    28.9141     9.4205    122.406  33.260306     30.851      9.340   173.1471     1.8965     5.3886     0.0230     -0.002     -0.037     -0.055        655 8.0987e+02 0.0000e+00
     -0.036    28.9246     9.4268    122.499  33.341183     30.927      9.339   173.1471     1.9046     5.3886     0.0230     -0.001     -0.036     -0.052        656 8.0888e+02 0.0000e+00
     -0.034    28.9349     9.4123    122.318  33.358614     30.922      9.335   173.4121     1.8642     5.4289     0.0230     -0.000     -0.035     -0.051        657 8.0598e+02 0.0000e+00
     -0.036    28.9423     9.3779    121.880  33.357227     30.942      9.335   173.2985     1.9208     5.3886     0.0230      0.000     -0.036     -0.051        658 8.0269e+02 0.0000e+00
     -0.038    28.9447     9.3600    121.652  33.372560     30.910      9.334   173.0714     1.9612     5.6974     0.0230      0.001     -0.037     -0.053        659 8.0129e+02 0.0000e+00
     -0.039    28.9435     9.3649    121.720  33.369183     30.958      9.337   172.8064     1.9612     5.5900     0.0230      0.001     -0.037     -0.054        660 8.0124e+02 0.0000e+00
     -0.038    28.9424     9.3790    121.911  33.302117     30.827      9.336   173.2228     1.9652     5.6437     0.0230      0.001     -0.037     -0.053        661 8.0127e+02 0.0000e+00
     -0.036    28.9429     9.3664    121.753  33.307750     30.905      9.339   173.3364     1.9612     5.5900     0.0230      0.001     -0.036     -0.052        662 8.0087e+02 0.0000e+00
     -0.036    28.9457     9.3550    121.606  33.302865     30.828      9.339   173.5636     1.9652     5.3886     0.0230 -4.942e-08     -0.036     -0.052        663 8.0099e+02 0.0000e+00
     -0.037    28.9509     9.3546    121.602  33.397159     30.983      9.340   173.3743     1.9693     5.3752     0.0230     -0.001     -0.037     -0.053        664 8.0002e+02 0.0000e+00
     -0.037    28.9569     9.3630    121.712  33.427634     30.956      9.337   173.3743     1.9976     5.4826     0.0230     -0.001     -0.037     -0.053        665 7.9894e+02 0.0000e+00
     -0.036    28.9620     9.3478    121.513  33.383554     30.953      9.334   173.4500     1.9733     5.4826     0.0230      0.000     -0.036     -0.052        666 7.9772e+02 0.0000e+00
     -0.036    28.9658     9.3109    121.033  33.363051     30.898      9.332   173.8286     1.8358     5.6840     0.0230      0.001     -0.036     -0.052        667 7.9639e+02 0.0000e+00
     -0.038    28.9695     9.2592    120.359  33.334530     30.895      9.328   173.7907     1.8075     5.6303     0.0230      0.001     -0.037     -0.053        668 7.9673e+02 0.0000e+00
     -0.038    28.9722     9.2482    120.213  33.359738     30.893      9.329   173.1471     1.8439     5.6303     0.0230     -0.000     -0.037     -0.054        669 7.9673e+02 0.0000e+00
     -0.037    28.9743     9.2791    120.613  33.420641     30.968      9.330   173.1471     1.8358     5.6437     0.0230     -0.000     -0.037     -0.053        670 7.9640e+02 0.0000e+00
     -0.037    28.9775     9.2982    120.859  33.407006     30.941      9.336   173.5257     1.8197     5.6706     0.0230     -0.000     -0.037     -0.053        671 7.9678e+02 0.0000e+00
     -0.038    28.9802     9.3148    121.066  33.406359     30.940      9.333   173.6393     1.8844     5.5631     0.0230     -0.000     -0.037     -0.054        672 7.9901e+02 0.0000e+00
     -0.038    28.9812     9.3258    121.197  33.451098     30.989      9.330   173.8286     1.8803     5.6706     0.0230     -0.001     -0.037     -0.054        673 7.9951e+02 0.0000e+00
     -0.038    28.9817     9.3158    121.056  33.410637     30.936      9.328   173.8286     1.8682     5.7243     0.0230     -0.001     -0.036     -0.053        674 7.9726e+02 0.0000e+00
     -0.036    28.9818     9.2711    120.467  33.397405     30.936      9.329   174.3586     1.8682     5.5900     0.0230      0.000     -0.036     -0.053        675 7.9665e+02 0.0000e+00
     -0.037    28.9813     9.2466    120.149  33.437912     30.961      9.333   173.8286     1.8075     5.6706     0.0230      0.001     -0.037     -0.053        676 7.9713e+02 0.0000e+00
     -0.038    28.9811     9.2450    120.126  33.449188     30.987      9.332   173.9043     1.7954     5.6840     0.0230      0.000     -0.038     -0.054        677 7.9685e+02 0.0000e+00
     -0.039    28.9804     9.2574    120.288  33.413024     30.936      9.334   173.7150     1.8439     5.6571     0.0230     -0.000     -0.038     -0.055        678 7.9647e+02 0.0000e+00
     -0.038    28.9789     9.2576    120.295  33.393955     30.936      9.335   173.8286     1.8318     5.7377     0.0230     -0.000     -0.037     -0.053        679 7.9504e+02 0.0000e+00
     -0.034    28.9781     9.2392    120.058  33.413613     30.936      9.333   174.1314     1.7469     5.8317     0.0230      0.001     -0.035     -0.050        680 7.9531e+02 0.0000e+00
