Data/DataNotYetUploadedToEDI/Raw_CTD/RawDownloads/070518_bvr50.cnv
* Sea-Bird SBE19plus  Data File:
* FileName = C:\DATA\070518_bvr_0001.hex
* Software version 2.6.3.104
* Temperature SN = 7809
* Conductivity SN = 7809
* System UpLoad Time = Jul 05 2018 16:26:11
* <ApplicationData>
* <Seaterm232>
# nquan = 17
# nvalues = 1331                        
# units = specified
# name 0 = depFM: Depth [fresh water, m]
# name 1 = tv290C: Temperature [ITS-90, deg C]
# name 2 = sbeox0Mg/L: Oxygen, SBE 43 [mg/l]
# name 3 = sbeox0PS: Oxygen, SBE 43 [% saturation]
# name 4 = c0uS/cm: Conductivity [uS/cm]
# name 5 = specc: Specific Conductance [uS/cm]
# name 6 = ph: pH
# name 7 = orp: Oxidation Reduction Potential [mV]
# name 8 = flECO-AFL: Fluorescence, WET Labs ECO-AFL/FL [mg/m^3]
# name 9 = turbWETntu0: Turbidity, WET Labs ECO [NTU]
# name 10 = sal00: Salinity, Practical [PSU]
# name 11 = dz/dtM: Descent Rate [m/s]
# name 12 = prdM: Pressure, Strain Gauge [db]
# name 13 = prdE: Pressure, Strain Gauge [psi]
# name 14 = scan: Scan Count
# name 15 = par/sat/log: PAR/Logarithmic, Satlantic
# name 16 = flag:  0.000e+00
# span 0 =     -0.539,     10.712       
# span 1 =     7.4600,    29.0865       
# span 2 =     0.0814,    15.4111       
# span 3 =      0.679,    193.164       
# span 4 =   2.540248, 106.331585       
# span 5 =      2.741,    164.144       
# span 6 =      6.057,      9.839       
# span 7 =  -225.3762,   338.0533       
# span 8 =    -0.1941,     6.9874       
# span 9 =    -0.3317,    26.9538       
# span 10 =     0.0132,     0.0753      
# span 11 =     -0.147,      0.169      
# span 12 =     -0.528,     10.500      
# span 13 =     -0.766,     15.229      
# span 14 =          1,       1331      
# span 15 = 1.2067e-01, 2.4333e+03      
# span 16 = 0.0000e+00, 0.0000e+00      
# interval = seconds: 0.25
# start_time = Jul 05 2018 14:49:18 [Instrument's time stamp, header]
# bad_flag = -9.990e-29
*END*
[from data line 1277]
      9.870     7.5746     0.0925      0.773  73.376855    112.635      6.940   -68.2307     1.2172     1.8839     0.0517      0.067      9.679     14.038       1278 1.2543e-01 0.0000e+00
      9.899     7.5710     0.0869      0.726  73.456609    112.699      6.939   -68.5336     1.2374     1.8167     0.0517      0.076      9.704     14.075       1279 1.2551e-01 0.0000e+00
      9.918     7.5684     0.0851      0.711  73.549510    112.889      6.941   -68.9121     1.2980     1.9107     0.0518      0.083      9.724     14.103       1280 1.2539e-01 0.0000e+00
      9.931     7.5672     0.0915      0.765  73.766407    113.246      6.940   -69.2150     1.2900     1.9645     0.0520      0.087      9.738     14.124       1281 1.2538e-01 0.0000e+00
      9.941     7.5738     0.0921      0.769  73.810711    113.297      6.945   -69.3286     1.3142     1.9376     0.0520      0.085      9.750     14.141       1282 1.2533e-01 0.0000e+00
      9.954     7.5807     0.0888      0.742  73.791531    113.302      6.945   -69.1771     1.3021     1.9645     0.0520      0.080      9.765     14.163       1283 1.2530e-01 0.0000e+00
      9.976     7.5762     0.0865      0.723  73.968572    113.495      6.948   -69.5557     1.2374     1.9107     0.0521      0.075      9.790     14.199       1284 1.2529e-01 0.0000e+00
     10.017     7.5689     0.0916      0.765  74.244132    113.984      6.946   -69.7829     1.2374     1.9107     0.0523      0.076      9.826     14.251       1285 1.2532e-01 0.0000e+00
     10.064     7.5636     0.0882      0.737  74.488657    114.260      6.948   -69.8207     1.2293     1.8705     0.0524      0.083      9.867     14.311       1286 1.2537e-01 0.0000e+00
     10.103     7.5579     0.0924      0.772  75.209536    115.488      6.950   -69.7450     1.2414     2.0182     0.0530      0.096      9.903     14.364       1287 1.2534e-01 0.0000e+00
     10.130     7.5536     0.0876      0.732  75.962147    116.625      6.950   -69.3664     1.3223     2.1524     0.0535      0.109      9.930     14.403       1288 1.2539e-01 0.0000e+00
     10.148     7.5506     0.0894      0.746  76.434700    117.378      6.950   -69.0636     1.3061     2.1122     0.0538      0.119      9.948     14.429       1289 1.2538e-01 0.0000e+00
     10.156     7.5482     0.0910      0.760  76.523457    117.565      6.953   -69.0257     1.2900     2.0719     0.0539      0.120      9.960     14.446       1290 1.2542e-01 0.0000e+00
     10.167     7.5458     0.0973      0.813  76.594676    117.576      6.956   -69.9722     1.3021     2.1390     0.0539      0.112      9.972     14.463       1291 1.2536e-01 0.0000e+00
     10.182     7.5429     0.0946      0.790  77.089072    118.488      6.960   -70.1614     1.2859     1.7899     0.0543      0.098      9.985     14.482       1292 1.2530e-01 0.0000e+00
     10.195     7.5401     0.0871      0.727  77.423921    118.884      6.959   -70.6536     1.3021     1.8436     0.0545      0.080      9.997     14.500       1293 1.2540e-01 0.0000e+00
     10.204     7.5394     0.0858      0.716  77.663990    119.367      6.960   -70.9564     1.2819     1.9242     0.0547      0.063     10.008     14.515       1294 1.2539e-01 0.0000e+00
     10.217     7.5401     0.0880      0.734  77.771107    119.464      6.962   -71.2593     1.3142     1.9242     0.0548      0.053     10.020     14.533       1295 1.2546e-01 0.0000e+00
     10.232     7.5411     0.0860      0.718  77.855321    119.639      6.962   -71.6000     1.2333     1.8973     0.0549      0.048     10.035     14.555       1296 1.2556e-01 0.0000e+00
     10.251     7.5432     0.0839      0.701  77.856400    119.636      6.965   -72.0543     1.2536     1.8973     0.0549      0.050     10.052     14.579       1297 1.2545e-01 0.0000e+00
     10.268     7.5440     0.0863      0.720  77.829206    119.547      6.969   -71.9786     1.2050     1.8839     0.0548      0.054     10.069     14.603       1298 1.2543e-01 0.0000e+00
     10.283     7.5416     0.0839      0.700  78.216104    120.184      6.970   -72.5086     1.2455     1.8302     0.0551      0.056     10.085     14.627       1299 1.2549e-01 0.0000e+00
     10.300     7.5389     0.0854      0.713  79.158249    121.558      6.970   -73.1522     1.1929     1.9913     0.0557      0.058     10.103     14.652       1300 1.2548e-01 0.0000e+00
     10.322     7.5381     0.0945      0.789  80.015422    123.031      6.972   -73.2279     1.1686     1.8839     0.0564      0.063     10.123     14.682       1301 1.2540e-01 0.0000e+00
     10.344     7.5361     0.0985      0.822  80.002834    122.869      6.975   -73.5686     1.1686     1.9107     0.0563      0.068     10.143     14.712       1302 1.2533e-01 0.0000e+00
     10.363     7.5309     0.0919      0.766  81.076302    124.507      6.976   -74.2122     1.1646     1.8705     0.0571      0.072     10.162     14.740       1303 1.2541e-01 0.0000e+00
     10.382     7.5238     0.0865      0.721  83.524994    128.432      6.977   -74.5150     1.1080     2.0182     0.0589      0.074     10.180     14.765       1304 1.2543e-01 0.0000e+00
     10.398     7.5167     0.0838      0.699  84.863172    130.434      6.981   -74.7043     1.0837     2.1390     0.0598      0.074     10.196     14.788       1305 1.2542e-01 0.0000e+00
     10.410     7.5129     0.0886      0.739  85.535302    131.453      6.981   -75.2343     1.1080     2.1256     0.0603      0.073     10.211     14.808       1306 1.2530e-01 0.0000e+00
     10.426     7.5099     0.0885      0.738  85.721181    131.913      6.983   -75.6886     1.0716     2.0182     0.0605      0.071     10.226     14.831       1307 1.2526e-01 0.0000e+00
     10.446     7.5062     0.0819      0.684  86.772635    133.178      6.985   -76.0672     1.0999     1.9913     0.0610      0.069     10.244     14.857       1308 1.2542e-01 0.0000e+00
     10.465     7.5040     0.0882      0.735  88.597821    136.593      6.984   -76.6350     1.1686     2.1256     0.0626      0.067     10.263     14.885       1309 1.2545e-01 0.0000e+00
     10.486     7.4995     0.0825      0.689  89.456406    137.258      6.982   -76.9000     1.1929     2.0853     0.0629      0.067     10.282     14.913       1310 1.2547e-01 0.0000e+00
     10.504     7.4947     0.0887      0.740  91.413837    140.843      6.984   -77.3922     1.1363     2.0987     0.0646      0.068     10.301     14.940       1311 1.2534e-01 0.0000e+00
     10.523     7.4926     0.0877      0.732  92.645200    142.459      6.983   -77.8086     1.1606     2.1390     0.0653      0.070     10.319     14.966       1312 1.2533e-01 0.0000e+00
     10.540     7.4900     0.0819      0.684  93.545153    143.860      6.984   -78.6793     1.1686     1.8973     0.0659      0.072     10.335     14.990       1313 1.2547e-01 0.0000e+00
     10.555     7.4864     0.0814      0.679  95.380153    146.890      6.984   -78.9822     1.1646     1.8705     0.0673      0.073     10.350     15.012       1314 1.2547e-01 0.0000e+00
     10.568     7.4852     0.0864      0.721  96.370247    148.195      6.986   -79.0200     1.1727     1.9376     0.0679      0.071     10.363     15.030       1315 1.2547e-01 0.0000e+00
     10.578     7.4853     0.0834      0.696  97.072568    149.507      6.987   -79.3986     1.1686     1.9645     0.0685      0.066     10.373     15.045       1316 1.2547e-01 0.0000e+00
     10.588     7.4855     0.0874      0.729  96.945523    149.166      6.987   -79.5879     1.1727     1.8302     0.0684      0.061     10.384     15.061       1317 1.2542e-01 0.0000e+00
     10.601     7.4887     0.0895      0.746  97.331582    149.727      6.987   -80.0043     1.1848     1.9376     0.0686      0.056     10.396     15.078       1318 1.2537e-01 0.0000e+00
     10.614     7.4898     0.0891      0.743  98.525916    151.755      6.989   -80.4586     1.1646     1.8436     0.0696      0.052     10.408     15.095       1319 1.2538e-01 0.0000e+00
     10.624     7.4875 -9.990e-29 -9.990e-29  99.118571    152.429      6.987   -80.7236     1.1525     1.8167     0.0699      0.048     10.418     15.110       1320 1.2543e-01 0.0000e+00
     10.633     7.4915 -9.990e-29 -9.990e-29  99.479954    153.200      6.989   -80.7236     1.1767     1.7228     0.0702      0.045     10.425     15.121       1321 1.2540e-01 0.0000e+00
     10.637     7.4993 -9.990e-29 -9.990e-29  99.236532    152.651      6.989   -81.1022     1.1929     1.7093     0.0700      0.042     10.430     15.129       1322 1.2536e-01 0.0000e+00
     10.640     7.5011 -9.990e-29 -9.990e-29  98.796696    152.072      6.995   -81.5943     1.1970     1.6959     0.0697      0.038     10.434     15.134       1323 1.2535e-01 0.0000e+00
     10.643     7.4969 -9.990e-29 -9.990e-29  98.301678    151.213      6.996   -81.5565     1.1808     1.7765     0.0693      0.033     10.437     15.138       1324 1.2540e-01 0.0000e+00
     10.645     7.4933 -9.990e-29 -9.990e-29  97.888944    150.560      6.998   -81.7079     1.1767     1.8436     0.0690      0.027     10.441     15.144       1325 1.2545e-01 0.0000e+00
     10.653     7.4876 -9.990e-29 -9.990e-29  98.328532    151.269      6.999   -82.0108     1.1686     1.7899     0.0694      0.023     10.449     15.154       1326 1.2534e-01 0.0000e+00
     10.664     7.4764 -9.990e-29 -9.990e-29  99.867038    153.617      7.002   -82.1622     1.1565     1.9107     0.0704      0.021     10.459     15.169       1327 1.2544e-01 0.0000e+00
     10.678     7.4651 -9.990e-29 -9.990e-29 102.460645    157.697      7.002   -82.4272     1.1444     1.8973     0.0723      0.023     10.472     15.189       1328 1.2535e-01 0.0000e+00
     10.694     7.4600 -9.990e-29 -9.990e-29 103.849002    160.001      7.004   -82.6543     1.1606     1.9242     0.0734      0.028     10.486     15.209       1329 1.2524e-01 0.0000e+00
     10.705 -9.990e-29 -9.990e-29 -9.990e-29 105.043057    161.521      7.007   -82.6543     1.1808     1.9779     0.0741      0.034     10.496     15.224       1330 1.2545e-01 0.0000e+00
     10.712 -9.990e-29 -9.990e-29 -9.990e-29 106.331585    164.144      7.013   -83.2979     1.1848     2.0182     0.0753      0.039     10.500     15.229       1331 1.2550e-01 0.0000e+00
