Data/DataNotYetUploadedToEDI/Raw_CTD/RawDownloads/070518_fcr50.cnv
* Sea-Bird SBE19plus  Data File:
* FileName = C:\DATA\070518_bvr_0002.hex
* Software version 2.6.3.104
* Temperature SN = 7809
* Conductivity SN = 7809
* System UpLoad Time = Jul 05 2018 16:26:42
* <ApplicationData>
* <Seaterm232>
# nquan = 17
# nvalues = 997                         
# units = specified
# name 0 = depFM: Depth [fresh water, m]
# name 1 = tv290C: Temperature [ITS-90, deg C]
# name 2 = sbeox0Mg/L: Oxygen, SBE 43 [mg/l]
# name 3 = sbeox0PS: Oxygen, SBE 43 [% saturation]
# name 4 = c0uS/cm: Conductivity [uS/cm]
# name 5 = specc: Specific Conductance [uS/cm]
# name 6 = ph: pH
# name 7 = orp: Oxidation Reduction Potential [mV]
# name 8 = flECO-AFL: Fluorescence, WET Labs ECO-AFL/FL [mg/m^3]
# name 9 = turbWETntu0: Turbidity, WET Labs ECO [NTU]
# name 10 = sal00: Salinity, Practical [PSU]
# name 11 = dz/dtM: Descent Rate [m/s]
# name 12 = prdM: Pressure, Strain Gauge [db]
# name 13 = prdE: Pressure, Strain Gauge [psi]
# name 14 = scan: Scan Count
# name 15 = par/sat/log: PAR/Logarithmic, Satlantic
# name 16 = flag:  0.000e+00
# span 0 =     -0.458,      9.703       
# span 1 =    11.1102,    29.4998       
# span 2 =     3.0664,    12.2500       
# span 3 =     29.029,    151.200       
# span 4 =  -0.238728,  49.981536       
# span 5 =      0.416,     46.638       
# span 6 =     -2.354,      8.876       
# span 7 =  -350.6458,  1240.2295       
# span 8 =    -0.2102,    18.8879       
# span 9 =    -0.7748,    44.8264       
# span 10 =     0.0133,     0.0293      
# span 11 = -2.105e-16,      0.186      
# span 12 =     -0.449,      9.515      
# span 13 =     -0.651,     13.801      
# span 14 =          1,        997      
# span 15 = 1.2270e-01, 1.2870e+03      
# span 16 = 0.0000e+00, 0.0000e+00      
# interval = seconds: 0.25
# start_time = Jul 05 2018 16:25:55 [Instrument's time stamp, header]
# bad_flag = -9.990e-29
*END*
[from data line 341]
      1.968    23.5215    12.1898    141.970  33.080044     34.050      8.772   197.8300     6.2515     1.4676     0.0229      0.031      1.931      2.801        342 1.1789e+02 0.0000e+00
      1.975    23.4698    12.2226    142.194  32.997551     33.964      8.769   197.0729     6.2232     1.4139     0.0228      0.033      1.938      2.811        343 1.1729e+02 0.0000e+00
      1.986    23.4002    12.2472    142.334  32.978193     33.985      8.763   197.4515     6.2879     1.3468     0.0228      0.035      1.947      2.825        344 1.1727e+02 0.0000e+00
      1.996    23.3335    12.2500    142.235  32.985537     34.022      8.749   197.6029     6.2717     1.4408     0.0228      0.035      1.958      2.840        345 1.1750e+02 0.0000e+00
      2.008    23.2656    12.2474    142.102  32.929127     34.013      8.736   198.2465     6.2677     1.4810     0.0228      0.035      1.969      2.856        346 1.1765e+02 0.0000e+00
      2.020    23.2054    12.2237    141.858  32.870500     34.002      8.716   198.8901     6.2798     1.4945     0.0228      0.036      1.979      2.871        347 1.1882e+02 0.0000e+00
      2.026    23.1569    12.2022    141.724  32.791643     33.963      8.699   198.5493     6.6680     1.4945     0.0228      0.036      1.987      2.882        348 1.2014e+02 0.0000e+00
      2.034    23.1053    12.1862    141.471  32.730754     33.948      8.687   198.8143     6.6761     1.4139     0.0227      0.037      1.995      2.893        349 1.2106e+02 0.0000e+00
      2.043    23.0550    12.1682    141.072  32.738725     33.981      8.674   199.5715     6.6640     1.5885     0.0227      0.038      2.003      2.905        350 1.2253e+02 0.0000e+00
      2.050    23.0046    12.1523    140.653  32.722440     34.018      8.661   198.5872     6.6680     1.5213     0.0227      0.037      2.012      2.918        351 1.2360e+02 0.0000e+00
      2.064    22.9435    12.1183    140.100  32.632430     33.938      8.648   199.4958     6.6640     1.4408     0.0227      0.036      2.023      2.935        352 1.2422e+02 0.0000e+00
      2.075    22.8841    12.0716    139.425  32.613533     33.973      8.632   199.3443     6.1625     1.5750     0.0227      0.037      2.034      2.951        353 1.2492e+02 0.0000e+00
      2.084    22.8308    12.0026    138.495  32.568059     33.959      8.618   200.0636     6.1747     1.6690     0.0227      0.037      2.043      2.964        354 1.2546e+02 0.0000e+00
      2.093    22.7818    11.9277    137.591  32.511128     33.942      8.606   200.4043     6.1545     1.7093     0.0226      0.037      2.052      2.975        355 1.2577e+02 0.0000e+00
      2.100    22.7441    11.8401    136.608  32.506487     33.980      8.594   201.1615     6.1625     1.6959     0.0226      0.038      2.058      2.985        356 1.2578e+02 0.0000e+00
      2.104    22.7574    11.7535    135.589  32.455246     33.956      8.577   199.9879     7.1775     1.4542     0.0226      0.037      2.062      2.992        357 1.2600e+02 0.0000e+00
      2.107    22.7950    11.6807    134.687  32.456306     33.983      8.565   199.7608     7.1330     1.3736     0.0226      0.033      2.066      2.997        358 1.2546e+02 0.0000e+00
      2.110    22.7741    11.6249    133.891  32.445874     33.975      8.558   200.7451     7.1613     1.4945     0.0226      0.029      2.071      3.004        359 1.2394e+02 0.0000e+00
      2.120    22.7009    11.5662    132.956  32.319959     33.799      8.549   202.7136     7.1532     1.4676     0.0226      0.025      2.080      3.017        360 1.2174e+02 0.0000e+00
      2.134    22.6170    11.4880    131.788  32.197853     33.699      8.534   203.9251     6.3566     1.4139     0.0225      0.025      2.092      3.034        361 1.1941e+02 0.0000e+00
      2.144    22.5550    11.4069    130.601  32.153045     33.691      8.517   203.3572     6.3485     1.4139     0.0225      0.027      2.102      3.048        362 1.1770e+02 0.0000e+00
      2.151    22.5049    11.3087    129.116  32.168179     33.782      8.505   201.9186     6.3445     1.5079     0.0225      0.029      2.109      3.059        363 1.1574e+02 0.0000e+00
      2.159    22.4554    11.1676    127.257  32.149399     33.795      8.491   202.6379     6.3202     1.5348     0.0225      0.031      2.115      3.068        364 1.1401e+02 0.0000e+00
      2.162    22.4405    11.0282    125.546  32.087484     33.772      8.481   202.4486     6.2434     1.2125     0.0225      0.032      2.120      3.075        365 1.1271e+02 0.0000e+00
      2.165    22.4487    10.8787    123.753  32.096991     33.808      8.473   202.2593     6.2272     1.3871     0.0225      0.032      2.124      3.082        366 1.1178e+02 0.0000e+00
      2.172    22.4429    10.7495    122.146  32.078282     33.819      8.467   202.5243     6.2232     1.2662     0.0225      0.030      2.134      3.095        367 1.1033e+02 0.0000e+00
      2.192    22.4173    10.6427    120.710  31.992165     33.693      8.457   205.5908     6.2192     1.2259     0.0224      0.030      2.149      3.118        368 1.0835e+02 0.0000e+00
      2.212    22.3587    10.5423    119.317  31.996592     33.728      8.436   204.4929     6.6478     1.4408     0.0224      0.033      2.167      3.144        369 1.0768e+02 0.0000e+00
      2.226    22.2566    10.4386    117.861  31.924511     33.657      8.418   205.3258     6.6680     1.4139     0.0224      0.038      2.182      3.166        370 1.0751e+02 0.0000e+00
      2.240    22.1533    10.3559    116.605  31.785355     33.552      8.407   205.9694     6.6761     1.3871     0.0223      0.045      2.196      3.185        371 1.0755e+02 0.0000e+00
      2.252    22.0457    10.2636    115.308  31.725008     33.565      8.388   206.1965     6.6195     1.3736     0.0223      0.050      2.209      3.205        372 1.0736e+02 0.0000e+00
      2.268    21.9067    10.1673    114.072  31.673477     33.581      8.382   207.9379     6.6437     1.4139     0.0223      0.056      2.224      3.225        373 1.0713e+02 0.0000e+00
      2.281    21.8034    10.0654    112.788  31.612314     33.595      8.358   207.8244     8.8475     1.4676     0.0223      0.059      2.235      3.241        374 1.0779e+02 0.0000e+00
      2.286    21.7534     9.9543    111.497  31.563958     33.639      8.342   208.3922     8.8475     1.4139     0.0222      0.056      2.243      3.252        375 1.0817e+02 0.0000e+00
      2.293    21.7143     9.8584    110.323  31.644752     33.801      8.333   208.6951     8.8637     1.4945     0.0223      0.050      2.249      3.262        376 1.0889e+02 0.0000e+00
      2.301    21.6557     9.7924    109.385  31.600766     33.807      8.325   209.7551     8.8273     1.4273     0.0223      0.044      2.256      3.271        377 1.0990e+02 0.0000e+00
      2.306    21.5618     9.7259    108.483  31.529766     33.715      8.318   210.0579    11.3748     1.5750     0.0222      0.039      2.261      3.280        378 1.1055e+02 0.0000e+00
      2.312    21.4517     9.6783    107.840  31.584868     33.877      8.314   210.5879    11.3748     1.5348     0.0223      0.034      2.269      3.291        379 1.1093e+02 0.0000e+00
      2.324    21.3286     9.6445    107.340  31.532220     33.826      8.313   210.9287    11.3667     1.4408     0.0222      0.032      2.282      3.310        380 1.1076e+02 0.0000e+00
      2.346    21.1875     9.6071    106.875  31.536022     33.966      8.310   211.1179    11.3627     1.4676     0.0222      0.033      2.301      3.337        381 1.0978e+02 0.0000e+00
      2.368    21.0752     9.5720    106.395  31.491230     33.966      8.292   212.9351    10.9704     1.4945     0.0222      0.039      2.321      3.366        382 1.0859e+02 0.0000e+00
      2.385    21.0015     9.5499    105.971  31.499062     34.100      8.275   213.0108    10.9745     1.5348     0.0222      0.048      2.337      3.390        383 1.0790e+02 0.0000e+00
      2.396    20.9430     9.5281    105.604  31.496679     34.185      8.257   213.2380    10.9947     1.4408     0.0222      0.054      2.349      3.406        384 1.0743e+02 0.0000e+00
      2.403    20.9177     9.4894    105.133  31.464589     34.176      8.238   213.2380    10.9866     1.4810     0.0222      0.057      2.357      3.418        385 1.0708e+02 0.0000e+00
      2.409    20.8723     9.4558    104.620  31.539031     34.345      8.224   213.7301    18.8717     1.6959     0.0222      0.057      2.364      3.428        386 1.0590e+02 0.0000e+00
      2.419    20.7800     9.4090    104.011  31.522670     34.299      8.207   214.0708    18.8757     1.7228     0.0222      0.054      2.373      3.441        387 1.0421e+02 0.0000e+00
      2.431    20.7067     9.3565    103.487  31.514619     34.365      8.187   216.9101    18.8879     1.6959     0.0222      0.049      2.383      3.456        388 1.0289e+02 0.0000e+00
      2.438    20.6505     9.2957    102.843  31.519420     34.404      8.164   216.3801    18.8677     1.7630     0.0222      0.042      2.392      3.468        389 1.0109e+02 0.0000e+00
      2.447    20.5962     9.2527    102.310  31.487076     34.460      8.150   216.8344    17.0925     1.6959     0.0222      0.037      2.400      3.480        390 9.9197e+01 0.0000e+00
      2.455    20.5691     9.2111    101.706  31.465947     34.439      8.133   217.3265    17.0885     1.6690     0.0222      0.034      2.407      3.491        391 9.7211e+01 0.0000e+00
      2.460    20.5276     9.1809    101.094  31.486437     34.544      8.119   216.4558    17.0965     1.6690     0.0222      0.033      2.414      3.501        392 9.5164e+01 0.0000e+00
      2.470    20.4427     9.1507    100.551  31.520903     34.562      8.107   216.8722    17.0965     1.7228     0.0222      0.033      2.422      3.513        393 9.3197e+01 0.0000e+00
      2.479    20.3855     9.0992     99.779  31.571333     34.686      8.091   218.6137    17.0682     1.6690     0.0222      0.033      2.430      3.525        394 9.1228e+01 0.0000e+00
      2.485    20.3598     9.0375     98.818  31.571960     34.721      8.078   219.0301    13.0165     1.4139     0.0222      0.032      2.438      3.536        395 8.9644e+01 0.0000e+00
      2.495    20.2959     8.9521     97.643  31.549804     34.767      8.067   219.9765    13.0003     1.4676     0.0222      0.031      2.448      3.550        396 8.8183e+01 0.0000e+00
      2.508    20.2520     8.8529     96.372  31.569278     34.782      8.056   220.3930    13.0367     1.4676     0.0222      0.033      2.460      3.568        397 8.7026e+01 0.0000e+00
      2.522    20.2773     8.7084     94.657  31.547743     34.835      8.043   220.9987    13.0327     1.4408     0.0222      0.036      2.473      3.587        398 8.5942e+01 0.0000e+00
      2.535    20.2904     8.5470     92.793  31.576624     34.868      8.027   221.1501    11.4921     1.2662     0.0222      0.039      2.485      3.604        399 8.5491e+01 0.0000e+00
      2.543    20.2646     8.3737     90.815  31.622307     34.940      8.012   221.2637    11.4921     1.2796     0.0223      0.042      2.495      3.618        400 8.5656e+01 0.0000e+00
      2.553    20.1885     8.2378     89.215  31.579847     34.837      8.002   221.7180    11.4840     1.2662     0.0222      0.043      2.506      3.634        401 8.5144e+01 0.0000e+00
      2.570    20.0560     8.1322     87.949  31.599809     34.920      7.988   222.2858    11.5204     1.2393     0.0223      0.045      2.518      3.652        402 8.5008e+01 0.0000e+00
      2.579    19.9477     8.0582     87.005  31.686435     35.037      7.971   222.3615    10.2709     1.3065     0.0223      0.046      2.528      3.667        403 8.5669e+01 0.0000e+00
      2.586    19.8426     8.0087     86.295  31.709296     35.207      7.960   223.3458    10.2709     1.2393     0.0223      0.045      2.538      3.681        404 8.5798e+01 0.0000e+00
      2.600    19.7017     7.9645     85.642  31.749322     35.289      7.947   224.2166    10.2547     1.1991     0.0223      0.044      2.549      3.697        405 8.6070e+01 0.0000e+00
      2.611    19.5763     7.9395     85.214  31.784935     35.465      7.934   223.6866    10.2749     1.1588     0.0224      0.043      2.560      3.712        406 8.6903e+01 0.0000e+00
      2.619    19.4798     7.8891     84.542  31.753985     35.485      7.921   224.7087     9.6401     1.2393     0.0223      0.043      2.568      3.724        407 8.7843e+01 0.0000e+00
      2.626    19.4038     7.8311     83.790  31.758243     35.646      7.908   224.8601     9.6279     1.2931     0.0223      0.041      2.574      3.734        408 8.8652e+01 0.0000e+00
      2.630    19.3458     7.7447     82.756  31.809342     35.725      7.900   225.5794     9.6037     1.2125     0.0223      0.038      2.579      3.741        409 8.9395e+01 0.0000e+00
      2.634    19.2910     7.6478     81.637  31.809047     35.848      7.888   225.8444     9.5996     1.2931     0.0224      0.033      2.585      3.750        410 8.9023e+01 0.0000e+00
      2.645    19.2227     7.5505     80.503  31.817950     35.833      7.884   226.8287     8.9405     1.2393     0.0223      0.032      2.595      3.763        411 8.7972e+01 0.0000e+00
      2.657    19.1524     7.4584     79.424  31.887248     36.033      7.868   224.7844     8.9365     1.2662     0.0224      0.031      2.607      3.781        412 8.6892e+01 0.0000e+00
      2.673    19.0714     7.3665     78.321  31.871096     35.996      7.856   225.4280     8.9324     1.2931     0.0224      0.032      2.622      3.803        413 8.4014e+01 0.0000e+00
      2.693    18.9709     7.2848     77.302  31.897386     36.147      7.846   225.6930     8.9041     1.2125     0.0224      0.037      2.640      3.828        414 8.1313e+01 0.0000e+00
      2.708    18.8685     7.2091     76.364  31.943522     36.213      7.837   226.1851     8.9365     1.1722     0.0224      0.043      2.655      3.850        415 7.8859e+01 0.0000e+00
      2.721    18.7768     7.1349     75.491  31.961981     36.360      7.825   227.4723     8.1075     1.2259     0.0224      0.050      2.667      3.868        416 7.6177e+01 0.0000e+00
      2.730    18.6996     7.0670     74.647  31.993068     36.445      7.813   227.0180     8.1156     1.2662     0.0224      0.054      2.677      3.883        417 7.3705e+01 0.0000e+00
      2.740    18.6235     6.9930     73.720  32.023490     36.586      7.799   227.5858     8.1318     1.1722     0.0225      0.055      2.687      3.897        418 7.0759e+01 0.0000e+00
      2.751    18.5585     6.9024     72.661  32.013121     36.618      7.783   226.7530     8.1237     1.2125     0.0225      0.053      2.696      3.910        419 6.8237e+01 0.0000e+00
      2.756    18.5067     6.8197     71.717  31.976357     36.650      7.766   226.8666     6.1545     1.0514     0.0225      0.049      2.703      3.921        420 6.5908e+01 0.0000e+00
      2.764    18.4509     6.7290     70.703  31.980317     36.705      7.755   227.3587     6.1868     1.1051     0.0225      0.043      2.711      3.933        421 6.3329e+01 0.0000e+00
      2.776    18.3887     6.6376     69.722  32.037874     36.811      7.745   228.3430     6.1464     1.0648     0.0225      0.038      2.722      3.948        422 6.0512e+01 0.0000e+00
      2.787    18.3120     6.5554     68.798  32.023364     36.860      7.739   230.1601     6.1625     1.0111     0.0225      0.037      2.733      3.965        423 5.7644e+01 0.0000e+00
      2.800    18.2164     6.4848     67.960  31.998399     36.847      7.728   230.6144     4.9656     0.9842     0.0225      0.037      2.747      3.984        424 5.4318e+01 0.0000e+00
      2.816    18.1327     6.4155     67.120  32.098624     37.075      7.720   230.7280     4.9697     0.8634     0.0225      0.040      2.761      4.003        425 5.1121e+01 0.0000e+00
