Data/DataNotYetUploadedToEDI/Raw_CTD/RawDownloads/070518_bvr50.cnv
* Sea-Bird SBE19plus  Data File:
* FileName = C:\DATA\070518_bvr_0001.hex
* Software version 2.6.3.104
* Temperature SN = 7809
* Conductivity SN = 7809
* System UpLoad Time = Jul 05 2018 16:26:11
* <ApplicationData>
* <Seaterm232>
# nquan = 17
# nvalues = 1331                        
# units = specified
# name 0 = depFM: Depth [fresh water, m]
# name 1 = tv290C: Temperature [ITS-90, deg C]
# name 2 = sbeox0Mg/L: Oxygen, SBE 43 [mg/l]
# name 3 = sbeox0PS: Oxygen, SBE 43 [% saturation]
# name 4 = c0uS/cm: Conductivity [uS/cm]
# name 5 = specc: Specific Conductance [uS/cm]
# name 6 = ph: pH
# name 7 = orp: Oxidation Reduction Potential [mV]
# name 8 = flECO-AFL: Fluorescence, WET Labs ECO-AFL/FL [mg/m^3]
# name 9 = turbWETntu0: Turbidity, WET Labs ECO [NTU]
# name 10 = sal00: Salinity, Practical [PSU]
# name 11 = dz/dtM: Descent Rate [m/s]
# name 12 = prdM: Pressure, Strain Gauge [db]
# name 13 = prdE: Pressure, Strain Gauge [psi]
# name 14 = scan: Scan Count
# name 15 = par/sat/log: PAR/Logarithmic, Satlantic
# name 16 = flag:  0.000e+00
# span 0 =     -0.539,     10.712       
# span 1 =     7.4600,    29.0865       
# span 2 =     0.0814,    15.4111       
# span 3 =      0.679,    193.164       
# span 4 =   2.540248, 106.331585       
# span 5 =      2.741,    164.144       
# span 6 =      6.057,      9.839       
# span 7 =  -225.3762,   338.0533       
# span 8 =    -0.1941,     6.9874       
# span 9 =    -0.3317,    26.9538       
# span 10 =     0.0132,     0.0753      
# span 11 =     -0.147,      0.169      
# span 12 =     -0.528,     10.500      
# span 13 =     -0.766,     15.229      
# span 14 =          1,       1331      
# span 15 = 1.2067e-01, 2.4333e+03      
# span 16 = 0.0000e+00, 0.0000e+00      
# interval = seconds: 0.25
# start_time = Jul 05 2018 14:49:18 [Instrument's time stamp, header]
# bad_flag = -9.990e-29
*END*
[from data line 426]
     -0.068    29.0330     7.6840    100.005  33.210691     30.725      9.346   162.8121     1.4436     4.9455     0.0230      0.001     -0.067     -0.097        427 1.4125e+03 0.0000e+00
     -0.069    29.0348     7.6848    100.016  33.216554     30.725      9.345   162.7742     1.3587     5.2140     0.0230      0.002     -0.067     -0.097        428 1.3938e+03 0.0000e+00
     -0.068    29.0367     7.6910    100.097  33.332053     30.854      9.344   162.8121     1.3951     5.1603     0.0230      0.001     -0.067     -0.097        429 1.3727e+03 0.0000e+00
     -0.068    29.0390     7.7160    100.423  33.274531     30.776      9.344   162.7364     1.3910     5.1469     0.0230      0.001     -0.067     -0.097        430 1.3537e+03 0.0000e+00
     -0.068    29.0418     7.7531    100.907  33.258484     30.774      9.345   163.1528     1.3991     5.2274     0.0230      0.001     -0.067     -0.098        431 1.3349e+03 0.0000e+00
     -0.069    29.0443     7.7972    101.484  33.263058     30.773      9.341   162.9257     1.3061     5.2409     0.0230      0.000     -0.067     -0.098        432 1.3194e+03 0.0000e+00
     -0.068    29.0463     7.8431    102.083  33.268836     30.772      9.340   163.2664     1.2980     5.2140     0.0230      0.000     -0.066     -0.096        433 1.3117e+03 0.0000e+00
     -0.066    29.0477     7.8966    102.782  33.251293     30.770      9.334   163.4557     1.3344     5.1737     0.0230      0.001     -0.064     -0.093        434 1.3049e+03 0.0000e+00
     -0.063    29.0483     7.9521    103.505  33.225582     30.717      9.328   163.5692     1.3021     5.2274     0.0230      0.002     -0.063     -0.092        435 1.2957e+03 0.0000e+00
     -0.066    29.0489     8.0142    104.315  33.330487     30.846      9.328   163.5692     1.3223     5.2812     0.0230      0.002     -0.064     -0.094        436 1.2839e+03 0.0000e+00
     -0.068    29.0496     8.0879    105.274  33.357973     30.845      9.328   163.5692     1.3142     5.3080     0.0230      0.001     -0.065     -0.095        437 1.2671e+03 0.0000e+00
     -0.066    29.0500     8.1423    105.983  33.309992     30.819      9.329   163.3799     1.3304     5.4020     0.0230      0.001     -0.064     -0.094        438 1.2484e+03 0.0000e+00
     -0.065    29.0503     8.1602    106.216  33.271582     30.767      9.333   163.3799     1.2980     5.4154     0.0230      0.002     -0.064     -0.093        439 1.2321e+03 0.0000e+00
     -0.065    29.0510     8.1755    106.415  33.257502     30.767      9.334   163.7207     1.3021     5.3214     0.0230      0.001     -0.064     -0.093        440 1.2144e+03 0.0000e+00
     -0.066    29.0519     8.1794    106.465  33.208897     30.715      9.333   163.6071     1.3910     5.4826     0.0230      0.000     -0.065     -0.094        441 1.1983e+03 0.0000e+00
     -0.066    29.0531     8.1729    106.381  33.272763     30.766      9.334   163.3421     1.4032     5.4154     0.0230     -0.000     -0.065     -0.094        442 1.1875e+03 0.0000e+00
     -0.066    29.0543     8.1682    106.319  33.326293     30.843      9.335   163.4178     1.3749     5.4154     0.0230     -0.000     -0.065     -0.094        443 1.1787e+03 0.0000e+00
     -0.066    29.0552     8.1648    106.272  33.290550     30.765      9.336   163.4557     1.3910     5.3752     0.0230      0.000     -0.065     -0.094        444 1.1727e+03 0.0000e+00
     -0.066    29.0559     8.1615    106.225  33.317243     30.842      9.340   163.2285     1.3587     5.5900     0.0230      0.000     -0.065     -0.093        445 1.1710e+03 0.0000e+00
     -0.065    29.0564     8.1759    106.410  33.233765     30.712      9.343   163.0392     1.3668     5.6169     0.0230     -0.000     -0.064     -0.092        446 1.1660e+03 0.0000e+00
     -0.065    29.0567     8.2079    106.825  33.246168     30.764      9.343   163.3799     1.3830     5.6571     0.0230     -0.000     -0.064     -0.092        447 1.1590e+03 0.0000e+00
     -0.065    29.0568     8.2452    107.308  33.272154     30.763      9.345   163.1907     1.3870     5.6571     0.0230      0.000     -0.064     -0.093        448 1.1583e+03 0.0000e+00
     -0.066    29.0570     8.2913    107.906  33.260734     30.763      9.350   163.3799     1.4557     5.8720     0.0230      0.000     -0.065     -0.094        449 1.1597e+03 0.0000e+00
     -0.066    29.0569     8.3470    108.629  33.260380     30.763      9.347   163.3799     1.4153     5.8451     0.0230      0.000     -0.065     -0.094        450 1.1589e+03 0.0000e+00
     -0.065    29.0568     8.3906    109.196  33.272594     30.763      9.348   163.3042     1.4153     5.9257     0.0230      0.000     -0.064     -0.093        451 1.1594e+03 0.0000e+00
     -0.064    29.0566     8.4364    109.788  33.334495     30.841      9.346   163.5692     1.4436     5.8586     0.0230      0.000     -0.063     -0.092        452 1.1625e+03 0.0000e+00
     -0.064    29.0562     8.4796    110.348  33.272306     30.763      9.348   163.6450     1.4396     5.6706     0.0230      0.000     -0.063     -0.092        453 1.1635e+03 0.0000e+00
     -0.065    29.0552     8.5108    110.752  33.261026     30.763      9.345   163.5314     1.4396     5.6840     0.0230      0.000     -0.064     -0.093        454 1.1617e+03 0.0000e+00
     -0.066    29.0531     8.5300    110.997  33.318879     30.815      9.342   163.8342     1.4598     5.6169     0.0230      0.000     -0.065     -0.094        455 1.1601e+03 0.0000e+00
     -0.066    29.0515     8.5511    111.267  33.348577     30.842      9.342   163.6828     1.4234     5.6169     0.0230     -0.000     -0.065     -0.094        456 1.1537e+03 0.0000e+00
     -0.066    29.0507     8.5853    111.707  33.342683     30.843      9.341   163.8721     1.4355     5.5631     0.0230     -0.000     -0.065     -0.094        457 1.1467e+03 0.0000e+00
     -0.066    29.0493     8.6341    112.337  33.355870     30.844      9.344   163.5314     1.5043     5.6571     0.0230     -0.000     -0.065     -0.094        458 1.1398e+03 0.0000e+00
     -0.065    29.0483     8.6889    113.048  33.332168     30.844      9.345   163.7964     1.5002     5.6840     0.0230     -0.001     -0.064     -0.093        459 1.1319e+03 0.0000e+00
     -0.064    29.0478     8.7155    113.392  33.283218     30.767      9.346   164.2885     1.4921     5.6706     0.0230     -0.000     -0.064     -0.092        460 1.1249e+03 0.0000e+00
     -0.065    29.0469     8.7176    113.419  33.357480     30.871      9.344   164.4400     1.5204     5.7243     0.0230     -0.000     -0.064     -0.093        461 1.1149e+03 0.0000e+00
     -0.066    29.0452     8.7018    113.213  33.358367     30.846      9.345   164.6671     1.4760     5.4154     0.0230      0.000     -0.065     -0.094        462 1.1077e+03 0.0000e+00
     -0.066    29.0438     8.6704    112.807  33.341422     30.846      9.346   164.2885     1.5124     5.4691     0.0230      0.000     -0.065     -0.094        463 1.1031e+03 0.0000e+00
     -0.066    29.0429     8.6475    112.511  33.348914     30.847      9.344   164.4778     1.5204     5.5094     0.0230      0.000     -0.065     -0.093        464 1.0979e+03 0.0000e+00
     -0.065    29.0407     8.6142    112.077  33.349045     30.848      9.346   164.1371     1.4962     5.5363     0.0230      0.000     -0.064     -0.092        465 1.0942e+03 0.0000e+00
     -0.064    29.0379     8.5862    111.713  33.400567     30.900      9.342   164.5914     1.5245     5.3886     0.0230      0.000     -0.064     -0.092        466 1.0903e+03 0.0000e+00
     -0.065    29.0352     8.5664    111.456  33.373757     30.876      9.343   164.3642     1.4800     5.3886     0.0230      0.000     -0.065     -0.093        467 1.0841e+03 0.0000e+00
     -0.067    29.0332     8.5669    111.463  33.352757     30.851      9.344   164.7428     1.5083     5.3886     0.0230     -0.001     -0.065     -0.095        468 1.0802e+03 0.0000e+00
     -0.067    29.0320     8.5845    111.693  33.397050     30.905      9.344   164.3642     1.4962     5.5229     0.0230     -0.001     -0.065     -0.095        469 1.0777e+03 0.0000e+00
     -0.065    29.0313     8.6042    111.952  33.348292     30.854      9.346   164.6671     1.5043     5.6974     0.0230     -0.000     -0.064     -0.093        470 1.0735e+03 0.0000e+00
     -0.064    29.0311     8.6331    112.328  33.265166     30.777      9.344   164.7807     1.4881     5.6169     0.0230      0.000     -0.063     -0.092        471 1.0687e+03 0.0000e+00
     -0.064    29.0310     8.6430    112.456  33.263265     30.778      9.348   164.8564     1.5083     5.6034     0.0230      0.000     -0.063     -0.092        472 1.0657e+03 0.0000e+00
     -0.065    29.0315     8.6276    112.256  33.321002     30.829      9.349   165.0457     1.4962     5.7108     0.0230      0.000     -0.064     -0.093        473 1.0634e+03 0.0000e+00
     -0.066    29.0325     8.5972    111.861  33.341583     30.855      9.346   164.7428     1.6458     5.9928     0.0230      0.000     -0.065     -0.093        474 1.0583e+03 0.0000e+00
     -0.066    29.0326     8.5613    111.393  33.356270     30.855      9.344   165.1971     1.6337     5.8183     0.0230      0.000     -0.065     -0.093        475 1.0545e+03 0.0000e+00
     -0.065    29.0325     8.5440    111.168  33.391687     30.906      9.346   164.9700     1.6256     5.7646     0.0230      0.001     -0.064     -0.092        476 1.0513e+03 0.0000e+00
     -0.064    29.0331     8.5284    110.963  33.356815     30.854      9.344   165.1971     1.6458     5.8720     0.0230      0.000     -0.064     -0.092        477 1.0470e+03 0.0000e+00
     -0.065    29.0335     8.5030    110.626  33.399668     30.906      9.343   165.0835     1.6134     5.7914     0.0230     -0.000     -0.064     -0.093        478 1.0408e+03 0.0000e+00
     -0.066    29.0339     8.4736    110.228  33.427319     30.932      9.342   165.3107     1.6660     5.6303     0.0230     -0.001     -0.064     -0.093        479 1.0346e+03 0.0000e+00
     -0.065    29.0348     8.4550    109.971  33.352057     30.854      9.340   165.1214     1.6296     5.5900     0.0230     -0.000     -0.064     -0.093        480 1.0293e+03 0.0000e+00
     -0.065    29.0350     8.4487    109.882  33.345060     30.854      9.340   165.5000     1.6094     5.6706     0.0230      0.000     -0.064     -0.093        481 1.0241e+03 0.0000e+00
     -0.065    29.0350     8.4447    109.828  33.406373     30.905      9.336   165.5000     1.6215     5.6571     0.0230      0.000     -0.064     -0.093        482 1.0196e+03 0.0000e+00
     -0.064    29.0347     8.4332    109.674  33.453679     30.957      9.336   165.5378     1.6458     5.5900     0.0230      0.000     -0.063     -0.092        483 1.0150e+03 0.0000e+00
     -0.064    29.0349     8.4326    109.666  33.404805     30.905      9.332   165.5757     1.6377     5.5363     0.0230      0.000     -0.063     -0.092        484 1.0108e+03 0.0000e+00
     -0.065    29.0348     8.4346    109.692  33.378234     30.879      9.326   165.5000     1.6215     5.6034     0.0230      0.000     -0.064     -0.093        485 1.0078e+03 0.0000e+00
     -0.065    29.0345     8.4358    109.709  33.397783     30.905      9.328   165.5000     1.6134     5.5900     0.0230      0.000     -0.064     -0.093        486 1.0055e+03 0.0000e+00
     -0.064    29.0339     8.4231    109.543  33.350822     30.853      9.331   165.6514     1.6539     5.6303     0.0230      0.000     -0.064     -0.093        487 1.0030e+03 0.0000e+00
     -0.065    29.0300     8.4154    109.439  33.347714     30.853      9.330   165.9164     1.6458     5.7108     0.0230      0.000     -0.064     -0.093        488 1.0008e+03 0.0000e+00
     -0.066    29.0222     8.4318    109.648  33.342342     30.854      9.332   165.8028     1.6094     5.6571     0.0230     -0.000     -0.064     -0.093        489 9.9791e+02 0.0000e+00
     -0.065    29.0142     8.4128    109.394  33.357507     30.856      9.331   165.6892     1.6256     5.6571     0.0230     -0.000     -0.064     -0.093        490 9.9481e+02 0.0000e+00
     -0.065    29.0108     8.4195    109.476  33.417805     30.938      9.334   165.9921     1.6377     5.6169     0.0230     -0.000     -0.063     -0.092        491 9.9245e+02 0.0000e+00
     -0.063    29.0092     8.4373    109.705  33.356269     30.865      9.335   166.0678     1.6418     5.6840     0.0230      0.000     -0.063     -0.092        492 9.9054e+02 0.0000e+00
     -0.064    29.0073     8.4516    109.888  33.345129     30.867      9.338   166.1435     1.6377     5.6571     0.0230      0.000     -0.064     -0.092        493 9.8827e+02 0.0000e+00
     -0.066    29.0069     8.4710    110.141  33.402016     30.919      9.341   166.0678     1.6377     5.6169     0.0230      0.000     -0.065     -0.094        494 9.8501e+02 0.0000e+00
     -0.067    29.0076     8.4917    110.409  33.344783     30.869      9.342   166.0678     1.6903     5.6974     0.0230     -0.000     -0.065     -0.094        495 9.8276e+02 0.0000e+00
     -0.066    29.0084     8.5228    110.814  33.357047     30.869      9.346   166.1435     1.6984     5.6974     0.0230     -0.000     -0.064     -0.093        496 9.8129e+02 0.0000e+00
     -0.064    29.0075     8.5543    111.223  33.416408     30.946      9.351   165.9921     1.6781     5.6840     0.0230     -0.000     -0.063     -0.092        497 9.7890e+02 0.0000e+00
     -0.063    29.0055     8.5821    111.585  33.359872     30.868      9.348   166.4464     1.7226     5.6169     0.0230      0.000     -0.063     -0.091        498 9.7669e+02 0.0000e+00
     -0.064    29.0032     8.6006    111.824  33.338444     30.869      9.349   166.4085     1.6862     5.5900     0.0230      0.000     -0.064     -0.092        499 9.7616e+02 0.0000e+00
     -0.066    28.9998     8.6044    111.874  33.354114     30.870      9.348   166.2950     1.6337     5.4154     0.0230     -0.000     -0.065     -0.093        500 9.7461e+02 0.0000e+00
     -0.067    28.9969     8.5897    111.687  33.340371     30.871      9.348   166.8250     1.6377     5.5229     0.0230     -0.000     -0.065     -0.094        501 9.7097e+02 0.0000e+00
     -0.066    28.9951     8.5624    111.337  33.355546     30.873      9.351   166.3707     1.6256     5.3617     0.0230      0.000     -0.064     -0.093        502 9.6947e+02 0.0000e+00
     -0.064    28.9944     8.5124    110.693  33.364884     30.901      9.348   166.4085     1.6458     5.4691     0.0230      0.000     -0.063     -0.092        503 9.6796e+02 0.0000e+00
     -0.064    28.9943     8.4679    110.118  33.358406     30.876      9.349   166.5600     1.6337     5.6840     0.0230      0.000     -0.063     -0.091        504 9.6547e+02 0.0000e+00
     -0.064    28.9943     8.4561    109.968  33.333955     30.876      9.350   166.4085     1.6539     5.6571     0.0230     -0.000     -0.063     -0.091        505 9.6564e+02 0.0000e+00
     -0.065    28.9943     8.4584    109.998  33.276697     30.799      9.350   166.8628     1.6458     5.6571     0.0230     -0.000     -0.064     -0.092        506 9.6395e+02 0.0000e+00
     -0.065    28.9945     8.4713    110.160  33.251737     30.799      9.350   166.8628     1.6539     5.6169     0.0230      0.000     -0.064     -0.093        507 9.6113e+02 0.0000e+00
     -0.066    28.9944     8.4874    110.360  33.276054     30.799      9.351   166.4085     1.6862     5.6706     0.0230      0.000     -0.064     -0.093        508 9.6094e+02 0.0000e+00
     -0.065    28.9934     8.5095    110.638  33.305743     30.850      9.353   166.6357     1.6862     5.6437     0.0230      0.000     -0.064     -0.093        509 9.5931e+02 0.0000e+00
     -0.065    28.9937     8.5314    110.906  33.274098     30.799      9.355   166.5600     1.7064     5.6571     0.0230     -0.000     -0.063     -0.092        510 9.5717e+02 0.0000e+00
