Data/DataNotYetUploadedToEDI/Raw_CTD/RawDownloads/070518_fcr50.cnv
* Sea-Bird SBE19plus  Data File:
* FileName = C:\DATA\070518_bvr_0002.hex
* Software version 2.6.3.104
* Temperature SN = 7809
* Conductivity SN = 7809
* System UpLoad Time = Jul 05 2018 16:26:42
* <ApplicationData>
* <Seaterm232>
# nquan = 17
# nvalues = 997                         
# units = specified
# name 0 = depFM: Depth [fresh water, m]
# name 1 = tv290C: Temperature [ITS-90, deg C]
# name 2 = sbeox0Mg/L: Oxygen, SBE 43 [mg/l]
# name 3 = sbeox0PS: Oxygen, SBE 43 [% saturation]
# name 4 = c0uS/cm: Conductivity [uS/cm]
# name 5 = specc: Specific Conductance [uS/cm]
# name 6 = ph: pH
# name 7 = orp: Oxidation Reduction Potential [mV]
# name 8 = flECO-AFL: Fluorescence, WET Labs ECO-AFL/FL [mg/m^3]
# name 9 = turbWETntu0: Turbidity, WET Labs ECO [NTU]
# name 10 = sal00: Salinity, Practical [PSU]
# name 11 = dz/dtM: Descent Rate [m/s]
# name 12 = prdM: Pressure, Strain Gauge [db]
# name 13 = prdE: Pressure, Strain Gauge [psi]
# name 14 = scan: Scan Count
# name 15 = par/sat/log: PAR/Logarithmic, Satlantic
# name 16 = flag:  0.000e+00
# span 0 =     -0.458,      9.703       
# span 1 =    11.1102,    29.4998       
# span 2 =     3.0664,    12.2500       
# span 3 =     29.029,    151.200       
# span 4 =  -0.238728,  49.981536       
# span 5 =      0.416,     46.638       
# span 6 =     -2.354,      8.876       
# span 7 =  -350.6458,  1240.2295       
# span 8 =    -0.2102,    18.8879       
# span 9 =    -0.7748,    44.8264       
# span 10 =     0.0133,     0.0293      
# span 11 = -2.105e-16,      0.186      
# span 12 =     -0.449,      9.515      
# span 13 =     -0.651,     13.801      
# span 14 =          1,        997      
# span 15 = 1.2270e-01, 1.2870e+03      
# span 16 = 0.0000e+00, 0.0000e+00      
# interval = seconds: 0.25
# start_time = Jul 05 2018 16:25:55 [Instrument's time stamp, header]
# bad_flag = -9.990e-29
*END*
[from data line 426]
      2.838    17.9930     6.3190     65.827  32.137225     37.263      7.695   231.2959     4.9575     0.7694     0.0225      0.045      2.784      4.037        427 4.6136e+01 0.0000e+00
      2.852    17.8972     6.2788     65.299  32.149064     37.311      7.685   231.2959     4.1448     0.9842     0.0225      0.048      2.796      4.055        428 4.3678e+01 0.0000e+00
      2.862    17.8282     6.2303     64.680  32.091541     37.318      7.673   231.7880     4.1609     1.0648     0.0225      0.049      2.806      4.070        429 4.1764e+01 0.0000e+00
      2.871    17.7768     6.1854     64.106  32.149539     37.466      7.662   231.8259     4.1529     1.0379     0.0226      0.048      2.815      4.084        430 3.9739e+01 0.0000e+00
      2.881    17.7386     6.1166     63.292  32.165882     37.560      7.651   232.5073     4.1650     1.0379     0.0226      0.046      2.825      4.097        431 3.7514e+01 0.0000e+00
      2.891    17.7206     6.0394     62.458  32.160193     37.570      7.636   232.3559     4.0154     0.7828     0.0226      0.044      2.834      4.110        432 3.5967e+01 0.0000e+00
      2.898    17.6798     5.9713     61.724  32.186297     37.672      7.626   232.5073     4.0235     0.8634     0.0226      0.041      2.842      4.121        433 3.4701e+01 0.0000e+00
      2.905    17.6101     5.8956     60.837  32.163067     37.619      7.615   232.9237     4.0275     0.8365     0.0226      0.039      2.850      4.133        434 3.3623e+01 0.0000e+00
      2.916    17.5272     5.8299     60.051  32.189114     37.722      7.606   232.9994     4.0315     0.7962     0.0226      0.037      2.861      4.150        435 3.2575e+01 0.0000e+00
      2.933    17.4205     5.7653     59.274  32.213208     37.784      7.601   233.2644     3.9911     0.7425     0.0226      0.037      2.875      4.171        436 3.1678e+01 0.0000e+00
      2.949    17.3218     5.7119     58.639  32.222073     37.890      7.589   234.4002     4.0477     0.8768     0.0226      0.040      2.890      4.191        437 3.1456e+01 0.0000e+00
      2.957    17.2396     5.6684     58.171  32.207774     37.953      7.576   234.2109     4.0032     0.7962     0.0226      0.043      2.901      4.208        438 3.1161e+01 0.0000e+00
      2.970    17.1562     5.6370     57.860  32.201393     38.042      7.569   234.9302     4.0315     0.8231     0.0226      0.045      2.913      4.225        439 3.0876e+01 0.0000e+00
      2.983    17.0738     5.5998     57.489  32.259709     38.180      7.558   234.4380     4.0275     0.8634     0.0226      0.047      2.926      4.243        440 3.0714e+01 0.0000e+00
      2.996    16.9997     5.5609     57.073  32.313160     38.324      7.545   235.4223     3.9021     0.8231     0.0227      0.050      2.937      4.260        441 3.0398e+01 0.0000e+00
      3.007    16.9715     5.5412     56.837  32.312833     38.397      7.532   235.9523     3.8860     0.7559     0.0227      0.050      2.947      4.275        442 3.0338e+01 0.0000e+00
      3.013    16.9456     5.5183     56.541  32.289806     38.435      7.516   236.0280     3.8738     0.7425     0.0227      0.048      2.955      4.286        443 3.0205e+01 0.0000e+00
      3.021    16.8670     5.5129     56.359  32.312192     38.492      7.502   236.4823     3.8658     0.8499     0.0227      0.044      2.964      4.298        444 2.9964e+01 0.0000e+00
      3.030    16.7792     5.4884     56.061  32.314645     38.514      7.497   236.8987     4.1569     0.7694     0.0227      0.041      2.974      4.314        445 2.9674e+01 0.0000e+00
      3.048    16.6912     5.4656     55.852  32.316426     38.589      7.487   237.7694     4.1245     0.8365     0.0227      0.042      2.988      4.335        446 2.9193e+01 0.0000e+00
      3.065    16.6214     5.4526     55.687  32.310008     38.668      7.473   237.6937     4.1407     0.8499     0.0227      0.043      3.002      4.355        447 2.8846e+01 0.0000e+00
      3.072    16.6028     5.4344     55.428  32.322670     38.751      7.460   237.8073     4.1367     0.8902     0.0227      0.043      3.012      4.368        448 2.8597e+01 0.0000e+00
      3.077    16.6123     5.4044     55.067  32.389666     38.918      7.446   237.6180     3.9021     0.8634     0.0227      0.043      3.018      4.377        449 2.8428e+01 0.0000e+00
      3.082    16.6210     5.3864     54.786  32.404584     38.934      7.435   238.2237     3.9183     0.8634     0.0227      0.041      3.023      4.384        450 2.8187e+01 0.0000e+00
      3.087    16.6062     5.3641     54.455  32.304115     38.824      7.428   237.9587     3.8860     0.9305     0.0227      0.039      3.029      4.393        451 2.7776e+01 0.0000e+00
      3.096    16.5803     5.3415     54.133  32.277464     38.749      7.420   238.2616     3.8819     0.8634     0.0227      0.036      3.037      4.404        452 2.7463e+01 0.0000e+00
      3.106    16.5243     5.3234     53.866  32.289479     38.829      7.413   238.3373     3.8819     0.8231     0.0227      0.033      3.047      4.418        453 2.7097e+01 0.0000e+00
      3.118    16.4241     5.2954     53.485  32.229863     38.721      7.406   239.2080     3.8900     0.8097     0.0226      0.030      3.057      4.433        454 2.6758e+01 0.0000e+00
      3.128    16.3817     5.2608     53.058  32.322017     38.937      7.391   239.0945     3.8981     0.7828     0.0227      0.030      3.066      4.447        455 2.6575e+01 0.0000e+00
      3.134    16.4002     5.2169     52.576  32.323089     39.004      7.383   239.0945     3.9183     0.8499     0.0227      0.032      3.072      4.457        456 2.6423e+01 0.0000e+00
      3.138    16.3722     5.1656     52.089  32.258217     38.974      7.372   239.8137     3.8658     0.7157     0.0227      0.033      3.077      4.463        457 2.6317e+01 0.0000e+00
      3.141    16.3134     5.1111     51.600  32.313806     39.022      7.360   239.8137     3.9264     0.8902     0.0227      0.032      3.082      4.469        458 2.6215e+01 0.0000e+00
      3.147    16.2609     5.0652     51.179  32.313220     39.048      7.351   240.0787     3.8819     0.9036     0.0227      0.030      3.089      4.480        459 2.5963e+01 0.0000e+00
      3.164    16.1814     5.0270     50.816  32.318265     39.107      7.345   241.2145     3.8860     0.7559     0.0227      0.030      3.102      4.499        460 2.5700e+01 0.0000e+00
      3.179    16.0888     4.9925     50.472  32.337203     39.187      7.325   241.1766     3.9143     0.8097     0.0227      0.031      3.117      4.521        461 2.5511e+01 0.0000e+00
      3.195    16.0103     4.9809     50.350  32.319333     39.232      7.315   242.1230     3.7161     0.8902     0.0227      0.035      3.133      4.544        462 2.5189e+01 0.0000e+00
      3.212    15.9341     4.9808     50.361  32.310884     39.318      7.303   242.3502     3.7081     0.8365     0.0227      0.041      3.149      4.568        463 2.4919e+01 0.0000e+00
      3.227    15.8517     4.9892     50.435  32.318103     39.396      7.297   242.8045     3.6919     0.7962     0.0227      0.048      3.163      4.588        464 2.4740e+01 0.0000e+00
      3.239    15.7808     5.0111     50.571  32.310386     39.466      7.282   243.2966     3.6838     0.7828     0.0227      0.054      3.174      4.603        465 2.4655e+01 0.0000e+00
      3.242    15.7482     5.0303     50.604  32.320522     39.549      7.266   243.6373     3.4533     0.8768     0.0227      0.055      3.179      4.610        466 2.4580e+01 0.0000e+00
      3.243    15.7734     5.0440     50.573  32.335177     39.650      7.250   244.0538     3.4493     0.8902     0.0227      0.050      3.181      4.613        467 2.4565e+01 0.0000e+00
      3.245    15.8277     5.0502     50.512  32.321832     39.650      7.240   244.3566     3.4493     0.8634     0.0227      0.042      3.182      4.616        468 2.4542e+01 0.0000e+00
      3.248    15.8674     5.0364     50.288  32.307489     39.624      7.236   244.2052     3.4210     0.8231     0.0227      0.033      3.184      4.619        469 2.4479e+01 0.0000e+00
      3.249    15.8893     5.0020     49.900  32.323364     39.570      7.226   244.2809     4.1286     0.5948     0.0227      0.024      3.185      4.620        470 2.4502e+01 0.0000e+00
      3.248    15.8922     4.9475     49.312  32.391017     39.635      7.219   244.9245     4.1690     0.6217     0.0228      0.015      3.185      4.620        471 2.4497e+01 0.0000e+00
      3.248    15.8897     4.8941     48.712  32.401201     39.613      7.211   244.9245     4.1529     0.6619     0.0228      0.009      3.185      4.620        472 2.4413e+01 0.0000e+00
      3.248    15.8998     4.8269     47.962  32.340335     39.542      7.205   245.6438     4.1448     0.7291     0.0227      0.005      3.185      4.620        473 2.4482e+01 0.0000e+00
      3.249    15.8887     4.7668     47.283  32.318492     39.511      7.197   245.7952     4.0558     0.8097     0.0227      0.003      3.188      4.624        474 2.4495e+01 0.0000e+00
      3.254    15.8093     4.7165     46.708  32.398729     39.603      7.191   246.1359     4.0558     0.8634     0.0228      0.004      3.199      4.641        475 2.4006e+01 0.0000e+00
      3.285    15.6616     4.6580     46.070  32.388750     39.613      7.188   247.2338     4.0760     0.8499     0.0228      0.012      3.225      4.678        476 2.3398e+01 0.0000e+00
      3.327    15.5072     4.6101     45.557  32.330920     39.587      7.180   247.7638     4.1084     0.8902     0.0227      0.029      3.257      4.724        477 2.2996e+01 0.0000e+00
      3.349    15.3921     4.5629     45.070  32.441079     39.904      7.168   248.1045     4.0922     0.7962     0.0228      0.047      3.280      4.758        478 2.2810e+01 0.0000e+00
      3.360    15.3136     4.5047     44.490  32.459298     40.058      7.157   248.7102     3.7485     0.8231     0.0228      0.062      3.294      4.778        479 2.2653e+01 0.0000e+00
      3.369    15.2699     4.4469     43.881  32.456582     40.170      7.147   248.7859     3.7768     0.8231     0.0228      0.071      3.304      4.792        480 2.2436e+01 0.0000e+00
      3.379    15.2289     4.4174     43.530  32.444511     40.250      7.139   249.0509     3.7768     0.7828     0.0228      0.076      3.314      4.807        481 2.2278e+01 0.0000e+00
      3.391    15.1642     4.3717     43.012  32.415049     40.223      7.135   249.0888     3.7525     0.8499     0.0228      0.075      3.327      4.826        482 2.2041e+01 0.0000e+00
      3.410    15.0865     4.3388     42.633  32.493271     40.403      7.134   249.3916     3.5018     0.8365     0.0229      0.070      3.344      4.849        483 2.1738e+01 0.0000e+00
      3.427    15.0059     4.3140     42.349  32.525110     40.468      7.128   249.3916     3.5261     0.8097     0.0229      0.060      3.360      4.873        484 2.1513e+01 0.0000e+00
      3.441    14.9304     4.2806     41.970  32.494070     40.547      7.119   249.5052     3.5099     0.7425     0.0229      0.053      3.374      4.893        485 2.1428e+01 0.0000e+00
      3.452    14.8727     4.2504     41.615  32.531933     40.628      7.110   249.3916     3.5140     0.7828     0.0229      0.052      3.385      4.909        486 2.1346e+01 0.0000e+00
      3.462    14.8317     4.2195     41.247  32.596642     40.845      7.102   249.8081     3.6312     0.7828     0.0229      0.053      3.395      4.924        487 2.1205e+01 0.0000e+00
      3.472    14.8121     4.1933     40.908  32.591499     40.835      7.093   249.6945     3.6150     0.7828     0.0229      0.053      3.405      4.938        488 2.1219e+01 0.0000e+00
      3.480    14.8039     4.1616     40.506  32.538359     40.876      7.083   250.4516     3.6272     0.8499     0.0229      0.051      3.415      4.954        489 2.1056e+01 0.0000e+00
      3.497    14.7661     4.1339     40.165  32.544175     40.827      7.075   251.0195     3.6555     0.8365     0.0229      0.049      3.430      4.975        490 2.0799e+01 0.0000e+00
      3.515    14.7018     4.0979     39.778  32.643581     41.043      7.069   250.6031     3.5180     0.8768     0.0230      0.048      3.446      4.999        491 2.0698e+01 0.0000e+00
      3.529    14.6305     4.0517     39.307  32.651893     41.014      7.065   251.3602     3.4937     0.7559     0.0229      0.049      3.460      5.020        492 2.0551e+01 0.0000e+00
      3.543    14.5709     3.9908     38.689  32.711772     41.221      7.060   251.6631     3.5180     0.8499     0.0230      0.051      3.472      5.037        493 2.0472e+01 0.0000e+00
      3.551    14.5260     3.9154     37.917  32.747016     41.296      7.048   251.7009     3.5180     0.7962     0.0230      0.052      3.482      5.050        494 2.0433e+01 0.0000e+00
      3.559    14.4709     3.8285     37.015  32.726681     41.358      7.040   251.9281     3.4533     0.6485     0.0230      0.051      3.491      5.063        495 2.0354e+01 0.0000e+00
      3.568    14.4054     3.7354     36.060  32.737105     41.404      7.030   252.2309     3.4412     0.6619     0.0230      0.049      3.501      5.078        496 2.0244e+01 0.0000e+00
      3.583    14.3327     3.6348     35.019  32.763723     41.498      7.030   251.6631     3.4129     0.5948     0.0230      0.048      3.516      5.100        497 2.0041e+01 0.0000e+00
      3.605    14.2401     3.5522     34.142  32.782546     41.602      7.027   252.3066     3.4169     0.6485     0.0231      0.048      3.536      5.128        498 1.9751e+01 0.0000e+00
      3.627    14.1360     3.4760     33.336  32.950946     41.857      7.023   252.4581     3.4412     0.5545     0.0231      0.050      3.556      5.158        499 1.9488e+01 0.0000e+00
      3.648    14.0551     3.4117     32.682  33.176938     42.311      7.016   252.9881     3.6434     0.9171     0.0233      0.056      3.575      5.186        500 1.9325e+01 0.0000e+00
      3.661    14.0127     3.3608     32.158  33.242720     42.425      7.007   253.6316     3.5989     0.7962     0.0233      0.061      3.589      5.206        501 1.9173e+01 0.0000e+00
      3.672    13.9852     3.2946     31.482  33.313955     42.691      7.000   253.8209     3.6150     0.8634     0.0234      0.065      3.602      5.224        502 1.9016e+01 0.0000e+00
      3.686    13.9538     3.2437     30.941  33.236600     42.559      6.991   253.3288     3.6474     0.7425     0.0233      0.067      3.614      5.240        503 1.8911e+01 0.0000e+00
      3.694    13.9034     3.1874     30.356  33.250040     42.659      6.986   253.2909     3.4573     0.8365     0.0233      0.064      3.624      5.255        504 1.8799e+01 0.0000e+00
      3.705    13.8332     3.1387     29.862  33.356554     42.803      6.979   253.7074     3.4412     0.8365     0.0234      0.059      3.634      5.270        505 1.8702e+01 0.0000e+00
      3.716    13.7601     3.1090     29.560  33.400617     42.927      6.973   253.9345     3.4210     0.6754     0.0234      0.052      3.646      5.288        506 1.8572e+01 0.0000e+00
      3.732    13.6719     3.0815     29.269  33.462127     43.081      6.966   254.3509     3.4573     0.7291     0.0235      0.048      3.662      5.311        507 1.8366e+01 0.0000e+00
      3.754    13.5627     3.0691     29.107  33.576593     43.302      6.958   254.4266     3.4048     0.8902     0.0235      0.049      3.682      5.340        508 1.8151e+01 0.0000e+00
      3.777    13.4668     3.0664     29.029  33.732696     43.621      6.948   254.9188     3.3846     0.8634     0.0236      0.054      3.703      5.371        509 1.7940e+01 0.0000e+00
      3.799    13.4109     3.0765     29.081  33.742397     43.742      6.933   254.9945     3.3886     0.8634     0.0236      0.061      3.723      5.399        510 1.7818e+01 0.0000e+00
