Data/DataNotYetUploadedToEDI/Raw_CTD/RawDownloads/070518_fcr50.cnv
* Sea-Bird SBE19plus  Data File:
* FileName = C:\DATA\070518_bvr_0002.hex
* Software version 2.6.3.104
* Temperature SN = 7809
* Conductivity SN = 7809
* System UpLoad Time = Jul 05 2018 16:26:42
* <ApplicationData>
* <Seaterm232>
# nquan = 17
# nvalues = 997                         
# units = specified
# name 0 = depFM: Depth [fresh water, m]
# name 1 = tv290C: Temperature [ITS-90, deg C]
# name 2 = sbeox0Mg/L: Oxygen, SBE 43 [mg/l]
# name 3 = sbeox0PS: Oxygen, SBE 43 [% saturation]
# name 4 = c0uS/cm: Conductivity [uS/cm]
# name 5 = specc: Specific Conductance [uS/cm]
# name 6 = ph: pH
# name 7 = orp: Oxidation Reduction Potential [mV]
# name 8 = flECO-AFL: Fluorescence, WET Labs ECO-AFL/FL [mg/m^3]
# name 9 = turbWETntu0: Turbidity, WET Labs ECO [NTU]
# name 10 = sal00: Salinity, Practical [PSU]
# name 11 = dz/dtM: Descent Rate [m/s]
# name 12 = prdM: Pressure, Strain Gauge [db]
# name 13 = prdE: Pressure, Strain Gauge [psi]
# name 14 = scan: Scan Count
# name 15 = par/sat/log: PAR/Logarithmic, Satlantic
# name 16 = flag:  0.000e+00
# span 0 =     -0.458,      9.703       
# span 1 =    11.1102,    29.4998       
# span 2 =     3.0664,    12.2500       
# span 3 =     29.029,    151.200       
# span 4 =  -0.238728,  49.981536       
# span 5 =      0.416,     46.638       
# span 6 =     -2.354,      8.876       
# span 7 =  -350.6458,  1240.2295       
# span 8 =    -0.2102,    18.8879       
# span 9 =    -0.7748,    44.8264       
# span 10 =     0.0133,     0.0293      
# span 11 = -2.105e-16,      0.186      
# span 12 =     -0.449,      9.515      
# span 13 =     -0.651,     13.801      
# span 14 =          1,        997      
# span 15 = 1.2270e-01, 1.2870e+03      
# span 16 = 0.0000e+00, 0.0000e+00      
# interval = seconds: 0.25
# start_time = Jul 05 2018 16:25:55 [Instrument's time stamp, header]
# bad_flag = -9.990e-29
*END*
[from data line 681]
      6.274    11.1423     7.6675     69.757  33.289933     46.021      6.324   298.1139     1.5892     5.6169     0.0236      0.051      6.153      8.924        682 1.1520e+00 0.0000e+00
      6.284    11.1417     7.6588     69.681  33.387021     46.211      6.326   298.4168     1.5649     5.6303     0.0237      0.050      6.164      8.939        683 1.1642e+00 0.0000e+00
      6.297    11.1409     7.6563     69.659  33.352982     46.132      6.325   298.7575     1.5487     5.3886     0.0237      0.048      6.175      8.955        684 1.1150e+00 0.0000e+00
      6.308    11.1406     7.6536     69.632  33.272980     46.017      6.325   298.7575     1.5811     5.3886     0.0236      0.047      6.186      8.971        685 1.0893e+00 0.0000e+00
      6.318    11.1397     7.6537     69.631  33.338302     46.134      6.323   299.3253     1.5487     5.4154     0.0237      0.045      6.197      8.988        686 1.0949e+00 0.0000e+00
      6.332    11.1386     7.6453     69.553  33.390314     46.173      6.323   298.9468     1.5609     5.3752     0.0237      0.044      6.212      9.009        687 1.0703e+00 0.0000e+00
      6.352    11.1381     7.6454     69.553  33.386186     46.213      6.321   299.3632     1.3627     5.6571     0.0237      0.047      6.229      9.034        688 1.0383e+00 0.0000e+00
      6.370    11.1371     7.6385     69.491  33.373094     46.137      6.319   299.2118     1.3789     5.6437     0.0237      0.051      6.245      9.058        689 1.0245e+00 0.0000e+00
      6.382    11.1359     7.6419     69.522  33.376951     46.215      6.319   299.4768     1.3506     5.6303     0.0237      0.054      6.258      9.077        690 1.0253e+00 0.0000e+00
      6.394    11.1345     7.6443     69.543  33.292422     46.023      6.317   299.7796     1.3627     5.7243     0.0236      0.056      6.268      9.092        691 1.0236e+00 0.0000e+00
      6.400    11.1341     7.6503     69.598  33.330013     46.141      6.317   300.0825     1.3587     5.7243     0.0237      0.055      6.278      9.106        692 9.8764e-01 0.0000e+00
      6.413    11.1355     7.6571     69.658  33.389481     46.181      6.315   300.1203     1.4032     5.2543     0.0237      0.054      6.293      9.127        693 9.5861e-01 0.0000e+00
      6.438    11.1361     7.6575     69.661  33.337038     46.143      6.313   301.3696     1.4153     5.3886     0.0237      0.055      6.315      9.159        694 9.0847e-01 0.0000e+00
      6.466    11.1352     7.6660     69.738  33.276653     46.025      6.309   301.1803     1.3910     5.3752     0.0236      0.059      6.338      9.193        695 8.6728e-01 0.0000e+00
      6.484    11.1338     7.6696     69.772  33.346005     46.140      6.304   301.4075     1.4436     5.4557     0.0237      0.062      6.356      9.218        696 8.7582e-01 0.0000e+00
      6.492    11.1326     7.6673     69.755  33.399011     46.219      6.300   301.5211     1.4436     5.6706     0.0237      0.064      6.366      9.234        697 8.5746e-01 0.0000e+00
      6.500    11.1321     7.6720     69.801  33.358968     46.143      6.298   302.0889     1.4436     5.6571     0.0237      0.064      6.377      9.250        698 8.5778e-01 0.0000e+00
      6.519    11.1323     7.6680     69.766  33.366182     46.184      6.294   302.4296     1.4194     5.6571     0.0237      0.066      6.391      9.270        699 8.6234e-01 0.0000e+00
      6.533    11.1327     7.6633     69.723  33.360380     46.146      6.293   302.0889     1.4477     5.6571     0.0237      0.065      6.404      9.289        700 8.2866e-01 0.0000e+00
      6.539    11.1325     7.6614     69.704  33.395846     46.223      6.292   302.3161     1.5043     5.6437     0.0237      0.059      6.414      9.303        701 8.1062e-01 0.0000e+00
      6.550    11.1318     7.6608     69.696  33.411011     46.222      6.290   302.7704     1.4881     5.5497     0.0237      0.052      6.424      9.318        702 8.1040e-01 0.0000e+00
      6.565    11.1312     7.6607     69.693  33.341507     46.145      6.290   302.5811     1.4800     5.6571     0.0237      0.047      6.437      9.336        703 7.9874e-01 0.0000e+00
      6.575    11.1305     7.6573     69.661  33.363720     46.146      6.293   302.7704     1.4881     5.6840     0.0237      0.046      6.447      9.351        704 7.7588e-01 0.0000e+00
      6.582    11.1302     7.6677     69.754  33.413024     46.263      6.287   302.3539     1.4355     5.4154     0.0237      0.046      6.455      9.362        705 7.7324e-01 0.0000e+00
      6.589    11.1316     7.6649     69.730  33.369118     46.148      6.289   302.3539     1.4315     5.3886     0.0237      0.043      6.461      9.371        706 7.6750e-01 0.0000e+00
      6.594    11.1339     7.6723     69.797  33.388703     46.225      6.291   302.2025     1.4234     5.3214     0.0237      0.038      6.466      9.379        707 7.4882e-01 0.0000e+00
      6.600    11.1356     7.6705     69.780  33.418305     46.224      6.290   302.7325     1.4274     5.3214     0.0237      0.034      6.473      9.389        708 7.4969e-01 0.0000e+00
      6.609    11.1363     7.6654     69.734  33.391592     46.221      6.290   302.6189     1.5730     5.6437     0.0237      0.033      6.483      9.403        709 7.3384e-01 0.0000e+00
      6.624    11.1364     7.6661     69.740  33.362636     46.141      6.294   302.8839     1.5609     5.6303     0.0237      0.032      6.497      9.422        710 7.3858e-01 0.0000e+00
      6.640    11.1356     7.6630     69.709  33.365372     46.179      6.294   302.6568     1.5649     5.7377     0.0237      0.034      6.511      9.442        711 7.2491e-01 0.0000e+00
      6.651    11.1339     7.6582     69.664  33.417842     46.217      6.293   302.4296     1.5771     5.6303     0.0237      0.037      6.521      9.457        712 6.8726e-01 0.0000e+00
      6.656    11.1324     7.6499     69.588  33.386305     46.218      6.292   302.5811     1.5568     5.6840     0.0237      0.039      6.527      9.466        713 6.7416e-01 0.0000e+00
      6.659    11.1314     7.6536     69.622  33.374963     46.143      6.291   302.8839     1.5568     5.3617     0.0237      0.039      6.533      9.475        714 6.9060e-01 0.0000e+00
      6.669    11.1310     7.6440     69.545  33.431958     46.300      6.294   303.3004     1.5811     5.4826     0.0237      0.039      6.540      9.486        715 7.1147e-01 0.0000e+00
      6.678    11.1314     7.6404     69.523  33.374689     46.146      6.292   303.1489     1.5366     5.3617     0.0237      0.038      6.548      9.497        716 6.7648e-01 0.0000e+00
      6.684    11.1314     7.6396     69.509  33.357267     46.186      6.292   302.6568     1.5730     5.3483     0.0237      0.034      6.553      9.505        717 6.6996e-01 0.0000e+00
      6.686    11.1311     7.6499     69.597  33.364673     46.146      6.291   302.9218     1.5124     5.5631     0.0237      0.029      6.557      9.510        718 6.8755e-01 0.0000e+00
      6.688    11.1314     7.6534     69.628  33.335815     46.146      6.291   302.8461     1.5124     5.6169     0.0237      0.024      6.563      9.520        719 6.7848e-01 0.0000e+00
      6.706    11.1311     7.6590     69.682  33.363522     46.147      6.292   303.5654     1.4962     5.6303     0.0237      0.025      6.579      9.542        720 6.5453e-01 0.0000e+00
      6.733    11.1295     7.6653     69.743  33.389505     46.224      6.286   304.6254     1.4800     5.6840     0.0237      0.032      6.600      9.574        721 6.4130e-01 0.0000e+00
      6.753    11.1287     7.6683     69.774  33.362794     46.147      6.283   304.7011     1.4234     5.6840     0.0237      0.041      6.620      9.602        722 6.3954e-01 0.0000e+00
      6.765    11.1282     7.6754     69.844  33.367108     46.188      6.279   304.7768     1.4436     5.5631     0.0237      0.048      6.634      9.622        723 6.1145e-01 0.0000e+00
      6.776    11.1286     7.6736     69.827  33.354481     46.150      6.277   304.5496     1.4396     5.6169     0.0237      0.053      6.646      9.638        724 6.3069e-01 0.0000e+00
      6.788    11.1353     7.6737     69.826  33.408166     46.228      6.277   304.4361     1.4396     5.6169     0.0237      0.058      6.659      9.658        725 6.3433e-01 0.0000e+00
      6.808    11.1413     7.6638     69.738  33.389265     46.227      6.275   304.6632     1.4274     5.5631     0.0237      0.063      6.677      9.685        726 5.6705e-01 0.0000e+00
      6.831    11.1379     7.6602     69.706  33.289034     46.026      6.277   304.6632     1.4436     5.7108     0.0236      0.066      6.696      9.713        727 5.4444e-01 0.0000e+00
      6.847    11.1337     7.6548     69.657  33.325308     46.133      6.277   304.6254     1.4396     5.6706     0.0237      0.065      6.711      9.734        728 5.5499e-01 0.0000e+00
      6.852    11.1337     7.6449     69.568  33.344119     46.100      6.271   305.8368     1.4355     5.6840     0.0236      0.060      6.720      9.748        729 5.2406e-01 0.0000e+00
      6.862    11.1355     7.6405     69.529  33.384249     46.221      6.270   305.4961     1.4113     5.5631     0.0237      0.058      6.730      9.762        730 5.1385e-01 0.0000e+00
      6.875    11.1374     7.6351     69.475  33.364337     46.143      6.268   305.8746     1.4436     5.6034     0.0237      0.057      6.740      9.777        731 5.5191e-01 0.0000e+00
      6.884    11.1400     7.6321     69.443  33.339242     46.141      6.271   305.1554     1.4517     5.6571     0.0237      0.054      6.750      9.791        732 5.3768e-01 0.0000e+00
      6.892    11.1428     7.6357     69.470  33.356168     46.139      6.270   305.2689     1.4396     5.6034     0.0237      0.049      6.759      9.803        733 5.0796e-01 0.0000e+00
      6.900    11.1428     7.6344     69.453  33.402586     46.213      6.272   305.6854     1.4315     5.5766     0.0237      0.042      6.766      9.813        734 5.0619e-01 0.0000e+00
      6.906    11.1420     7.6359     69.464  33.429754     46.247      6.269   306.6696     1.3668     5.4020     0.0237      0.037      6.773      9.823        735 5.2555e-01 0.0000e+00
      6.913    11.1427     7.6394     69.495  33.411324     46.209      6.272   306.8589     1.3506     5.3886     0.0237      0.034      6.780      9.834        736 5.1504e-01 0.0000e+00
      6.921    11.1433     7.6395     69.495  33.395866     46.210      6.270   306.7454     1.3789     5.4020     0.0237      0.033      6.788      9.845        737 4.8893e-01 0.0000e+00
      6.930    11.1433     7.6405     69.504  33.360024     46.132      6.271   305.6854     1.3587     5.4154     0.0237      0.031      6.796      9.856        738 4.9777e-01 0.0000e+00
      6.939    11.1442     7.6410     69.507  33.337305     46.131      6.272   305.8368     1.4355     5.3080     0.0237      0.030      6.806      9.870        739 5.0116e-01 0.0000e+00
      6.951    11.1444     7.6507     69.594  33.364829     46.131      6.273   305.6854     1.4032     5.3886     0.0237      0.032      6.818      9.888        740 4.9756e-01 0.0000e+00
      6.966    11.1421     7.6546     69.628  33.414739     46.246      6.274   307.5782     1.4396     5.3483     0.0237      0.035      6.831      9.908        741 4.8143e-01 0.0000e+00
      6.980    11.1385     7.6593     69.671  33.364159     46.130      6.272   307.2375     1.4396     5.4826     0.0237      0.039      6.844      9.927        742 4.5907e-01 0.0000e+00
      6.991    11.1350     7.6621     69.695  33.338806     46.133      6.275   306.9725     1.4355     5.4423     0.0237      0.042      6.855      9.943        743 4.6640e-01 0.0000e+00
      7.001    11.1322     7.6660     69.731  33.357324     46.137      6.272   307.3889     1.4234     5.3886     0.0237      0.045      6.867      9.961        744 4.6826e-01 0.0000e+00
      7.018    11.1305     7.6670     69.740  33.341115     46.142      6.270   306.7454     1.4396     5.4423     0.0237      0.048      6.882      9.982        745 4.7111e-01 0.0000e+00
      7.035    11.1297     7.6701     69.768  33.358979     46.145      6.274   306.6318     1.4517     5.4423     0.0237      0.051      6.896     10.002        746 4.6372e-01 0.0000e+00
      7.043    11.1291     7.6629     69.702  33.364750     46.186      6.271   308.3732     1.5568     5.6840     0.0237      0.052      6.906     10.016        747 4.2796e-01 0.0000e+00
      7.047    11.1288     7.6605     69.681  33.363590     46.148      6.269   308.6004     1.5730     5.6303     0.0237      0.049      6.912     10.025        748 4.4824e-01 0.0000e+00
      7.056    11.1285     7.6535     69.617  33.390079     46.227      6.270   309.0168     1.5487     5.6840     0.0237      0.046      6.918     10.035        749 4.5994e-01 0.0000e+00
      7.062    11.1276     7.6513     69.599  33.361441     46.150      6.270   308.7518     1.5487     5.6840     0.0237      0.042      6.926     10.046        750 4.4972e-01 0.0000e+00
      7.073    11.1269     7.6501     69.597  33.339918     46.150      6.266   308.4868     1.4962     5.5094     0.0237      0.039      6.936     10.060        751 4.1897e-01 0.0000e+00
      7.085    11.1264     7.6426     69.533  33.357553     46.151      6.267   308.6004     1.4840     5.4154     0.0237      0.037      6.946     10.075        752 4.0544e-01 0.0000e+00
      7.091    11.1262     7.6453     69.568  33.369150     46.191      6.264   308.5625     1.4881     5.3080     0.0237      0.034      6.953     10.085        753 4.4271e-01 0.0000e+00
      7.095    11.1262     7.6437     69.564  33.355141     46.153      6.266   308.9032     1.4800     5.3617     0.0237      0.031      6.958     10.091        754 4.2379e-01 0.0000e+00
      7.098    11.1261     7.6529     69.657  33.345331     46.153      6.265   309.0925     1.4962     5.3752     0.0237      0.030      6.963     10.098        755 4.1734e-01 0.0000e+00
      7.104    11.1259     7.6516     69.650  33.411015     46.230      6.265   310.3797     1.4679     5.3886     0.0237      0.029      6.973     10.113        756 4.2605e-01 0.0000e+00
      7.130    11.1256     7.6628     69.742  33.332711     46.153      6.265   310.8718     1.4274     5.4557     0.0237      0.032      6.993     10.143        757 3.9570e-01 0.0000e+00
      7.159    11.1261     7.6652     69.751  33.294501     46.037      6.257   311.0232     1.4436     5.5363     0.0236      0.039      7.017     10.178        758 3.8614e-01 0.0000e+00
      7.178    11.1261     7.6703     69.791  33.399256     46.270      6.252   308.9789     1.4355     5.4826     0.0237      0.047      7.038     10.208        759 3.8059e-01 0.0000e+00
      7.196    11.1278     7.6661     69.749  33.380280     46.153      6.254   309.8875     1.3749     5.4557     0.0237      0.056      7.054     10.230        760 3.7325e-01 0.0000e+00
      7.204    11.1325     7.6663     69.749  33.318115     46.153      6.247   309.9632     1.3991     5.3886     0.0237      0.063      7.063     10.244        761 3.8884e-01 0.0000e+00
      7.206    11.1357     7.6644     69.730  33.298683     46.036      6.243   311.2882     1.3466     5.4020     0.0236      0.065      7.067     10.250        762 3.8966e-01 0.0000e+00
      7.210    11.1416     7.6594     69.682  33.374807     46.222      6.238   311.4018     1.3344     5.4154     0.0237      0.061      7.071     10.255        763 3.7925e-01 0.0000e+00
      7.214    11.1485     7.6592     69.675  33.371659     46.141      6.237   311.0989     1.4153     5.7108     0.0237      0.052      7.076     10.263        764 3.6550e-01 0.0000e+00
      7.224    11.1539     7.6497     69.585  33.361911     46.172      6.238   309.0168     1.4274     5.7108     0.0237      0.040      7.086     10.278        765 3.5412e-01 0.0000e+00
