Data/DataNotYetUploadedToEDI/Raw_CTD/RawDownloads/070620_fcr50.cnv
* Sea-Bird SBE19plus  Data File:
* FileName = C:\DATA\070620_fcr50_0001.hex
* Software version 2.8.0.119
* Temperature SN = 7809
* Conductivity SN = 7809
* System UpLoad Time = Jul 06 2020 11:11:28
* <ApplicationData>
* <Seaterm232>
# nquan = 16
# nvalues = 3787                        
# units = specified
# name 0 = depFM: Depth [fresh water, m]
# name 1 = dz/dtM: Descent Rate [m/s]
# name 2 = sbeox0ML/L: Oxygen, SBE 43 [ml/l]
# name 3 = sbeox0PS: Oxygen, SBE 43 [% saturation]
# name 4 = specc: Specific Conductance [uS/cm]
# name 5 = c0uS/cm: Conductivity [uS/cm]
# name 6 = flECO-AFL: Fluorescence, WET Labs ECO-AFL/FL [mg/m^3]
# name 7 = ph: pH
# name 8 = orp: Oxidation Reduction Potential [mV]
# name 9 = par/sat/log: PAR/Logarithmic, Satlantic
# name 10 = turbWETntu0: Turbidity, WET Labs ECO [NTU]
# name 11 = prdM: Pressure, Strain Gauge [db]
# name 12 = prdE: Pressure, Strain Gauge [psi]
# name 13 = tv290C: Temperature [ITS-90, deg C]
# name 14 = density00: Density [density, kg/m^3]
# name 15 = flag:  0.000e+00
# span 0 =     -0.625,      9.762       
# span 1 =     -0.312,      0.172       
# span 2 =     0.0300,     8.4177       
# span 3 =      0.414,    136.124       
# span 4 =      0.219,    153.798       
# span 5 =   0.232916, 109.153302       
# span 6 =    -3.2366,    24.4972       
# span 7 =      5.858,      8.846       
# span 8 = -1240.7455,   735.7006       
# span 9 = 1.2342e-01, 1.7418e+03       
# span 10 =    -6.1625,   561.5253      
# span 11 =     -0.613,      9.574      
# span 12 =     -0.889,     13.886      
# span 13 =    10.1096,    28.1269      
# span 14 =   996.2061,   999.7740      
# span 15 = 0.0000e+00, 0.0000e+00      
# interval = seconds: 0.25
# start_time = Jul 05 2020 21:24:12 [Instrument's time stamp, header]
# bad_flag = -9.990e-29
*END*
[from data line 1356]
      4.233      0.012     0.0474      0.620     58.629  43.072687     9.1373      6.665   210.3946 1.8706e+01    10.5991      4.150      6.019    11.7432   999.5709 0.0000e+00
      4.235      0.012     0.0482      0.659     58.694  43.109312     9.1718      6.663   210.5391 1.8638e+01    10.6561      4.153      6.023    11.7400   999.5712 0.0000e+00
      4.238      0.011     0.0464      0.692     58.761  43.145238     9.1862      6.662   211.5303 1.8565e+01    10.7323      4.157      6.029    11.7404   999.5712 0.0000e+00
      4.242      0.011     0.0445      0.688     58.842  43.189633     9.2537      6.661   211.7967 1.8512e+01    10.9026      4.160      6.033    11.7380   999.5716 0.0000e+00
      4.245      0.011     0.0465      0.651     58.877  43.201697     9.3678      6.660   211.3515 1.8453e+01    11.1703      4.162      6.038    11.7314   999.5723 0.0000e+00
      4.247      0.011     0.0501      0.631     58.927  43.227608     9.4311      6.658   211.0508 1.8406e+01    11.3260      4.165      6.041    11.7215   999.5735 0.0000e+00
      4.249      0.011     0.0534      0.636     59.230  43.439421     9.4380      6.657   210.8281 1.8370e+01    11.3774      4.167      6.044    11.7097   999.5747 0.0000e+00
      4.252      0.013     0.0541      0.649     59.740  43.794703     9.3459      6.656   210.8098 1.8337e+01    11.7229      4.170      6.048    11.6969   999.5762 0.0000e+00
      4.254      0.016     0.0481      0.645     60.107  44.031649     9.1567      6.654   211.0014 1.8294e+01    12.3440      4.172      6.050    11.6840   999.5776 0.0000e+00
      4.257      0.018     0.0473      0.625     60.225  44.082319     9.0479      6.653   210.8224 1.8179e+01    12.6735      4.173      6.052    11.6746   999.5786 0.0000e+00
      4.263      0.018     0.0480      0.632     60.186  44.026396     9.0422      6.653   210.4517 1.8000e+01    12.7205      4.180      6.062    11.6707   999.5793 0.0000e+00
      4.272      0.018     0.0496      0.656     60.158  43.990308     9.0021      6.652   210.0469 1.7861e+01    12.8774      4.190      6.077    11.6573   999.5810 0.0000e+00
      4.277      0.017     0.0506      0.669     60.220  44.026871     8.9055      6.651   209.5417 1.7801e+01    13.1284      4.196      6.085    11.6258   999.5846 0.0000e+00
      4.280      0.015     0.0453      0.663     60.314  44.087565     8.8371      6.648   209.3337 1.7772e+01    13.2490      4.198      6.088    11.5920   999.5884 0.0000e+00
      4.281      0.013     0.0482      0.653     60.503  44.216258     8.8143      6.647   209.4253 1.7721e+01    13.2368      4.199      6.090    11.5685   999.5909 0.0000e+00
      4.283      0.013     0.0501      0.659     60.739  44.376635     8.8207      6.646   209.5305 1.7648e+01    13.2553      4.201      6.092    11.5578   999.5920 0.0000e+00
      4.286      0.014     0.0517      0.655     60.933  44.502993     8.8574      6.646   208.9707 1.7560e+01    13.4038      4.203      6.095    11.5528   999.5926 0.0000e+00
      4.290      0.017     0.0511      0.630     61.090  44.601262     8.8959      6.645   207.9054 1.7431e+01    13.6258      4.205      6.100    11.5457   999.5934 0.0000e+00
      4.295      0.020     0.0483      0.603     61.126  44.612470     8.9048      6.643   207.4044 1.7276e+01    13.7071      4.211      6.107    11.5382   999.5943 0.0000e+00
      4.301      0.023     0.0511      0.585     61.095  44.574998     8.8883      6.641   207.3871 1.7130e+01    13.7009      4.218      6.118    11.5289   999.5954 0.0000e+00
      4.308      0.025     0.0506      0.583     61.140  44.592591     8.8295      6.640   207.0083 1.6985e+01    13.8248      4.225      6.128    11.5157   999.5969 0.0000e+00
      4.314      0.025     0.0480      0.614     61.220  44.634709     8.7382      6.639   206.0933 1.6820e+01    14.0388      4.231      6.135    11.5018   999.5986 0.0000e+00
      4.321      0.024     0.0454      0.644     61.247  44.639809     8.6907      6.638   205.5306 1.6632e+01    14.1595      4.238      6.146    11.4888   999.6000 0.0000e+00
      4.329      0.023     0.0448      0.639     61.197  44.590754     8.6737      6.637   205.7117 1.6463e+01    14.1505      4.246      6.158    11.4775   999.6012 0.0000e+00
      4.335      0.023     0.0428      0.637     61.067  44.485983     8.5622      6.636   206.0463 1.6342e+01    14.1020      4.252      6.167    11.4652   999.6026 0.0000e+00
      4.339      0.024     0.0469      0.650     60.947  44.388818     8.3636      6.635   205.7898 1.6243e+01    14.0873      4.255      6.172    11.4507   999.6042 0.0000e+00
      4.344      0.024     0.0513      0.645     60.922  44.368223     8.2555      6.634   204.9338 1.6126e+01    14.1098      4.258      6.178    11.4388   999.6055 0.0000e+00
      4.349      0.023     0.0481      0.630     60.998  44.427443     8.2372      6.634   204.1280 1.5964e+01    14.1339      4.264      6.185    11.4293   999.6065 0.0000e+00
      4.357      0.022     0.0477      0.615     61.145  44.533461     8.0467      6.633   203.3608 1.5770e+01    14.2079      4.272      6.196    11.4209   999.6074 0.0000e+00
      4.365      0.021     0.0508      0.595     61.380  44.697773     7.6791      6.631   202.5408 1.5635e+01    14.3174      4.282      6.210    11.4105   999.6086 0.0000e+00
      4.370      0.019     0.0496      0.592     61.743  44.953904     7.4730      6.629   201.9559 1.5570e+01    14.3599      4.287      6.217    11.4078   999.6088 0.0000e+00
      4.373      0.017     0.0477      0.616     62.025  45.154264     7.4528      6.629   201.2795 1.5502e+01    14.3777      4.288      6.219    11.4172   999.6078 0.0000e+00
      4.376      0.015     0.0476      0.625     62.105  45.215653     7.4262      6.628   200.2992 1.5428e+01    14.3615      4.291      6.224    11.4166   999.6079 0.0000e+00
      4.379      0.014     0.0449      0.598     62.220  45.315215     7.3707      6.627   199.2235 1.5323e+01    14.2325      4.293      6.227    11.4073   999.6090 0.0000e+00
      4.383      0.014     0.0439      0.582     62.322  45.405733     7.3340      6.626   197.6510 1.5213e+01    14.1222      4.298      6.233    11.4010   999.6099 0.0000e+00
      4.387      0.015     0.0476      0.594     62.255  45.357775     7.3260      6.625   195.6558 1.5138e+01    14.1262      4.303      6.240    11.3949   999.6107 0.0000e+00
      4.390      0.015     0.0498      0.610     62.284  45.370265     7.3110      6.624   193.7702 1.5040e+01    14.1439      4.304      6.242    11.3943   999.6107 0.0000e+00
      4.394      0.015     0.0446      0.610     62.552  45.556732     7.1539      6.622   191.8881 1.4897e+01    14.1993      4.308      6.248    11.4114   999.6090 0.0000e+00
      4.399      0.015     0.0436      0.591     62.863  45.771107     6.8663      6.622   190.0212 1.4768e+01    14.3159      4.314      6.258    11.4323   999.6069 0.0000e+00
      4.402      0.016     0.0453      0.583     63.275  46.057523     6.7044      6.621   188.4057 1.4688e+01    14.3519      4.317      6.262    11.4297   999.6071 0.0000e+00
      4.405      0.018     0.0472      0.612     63.787  46.416579     6.6754      6.619   187.1533 1.4587e+01    14.3255      4.320      6.265    11.4167   999.6085 0.0000e+00
      4.410      0.018     0.0473      0.650     64.097  46.620314     6.5911      6.617   186.0638 1.4460e+01    14.2364      4.325      6.273    11.4147   999.6088 0.0000e+00
      4.415      0.018     0.0448      0.640     64.218  46.679559     6.4481      6.617   184.7831 1.4343e+01    14.0644      4.329      6.278    11.4036   999.6101 0.0000e+00
      4.420      0.018     0.0433      0.620     64.268  46.688411     6.3771      6.616   183.3701 1.4218e+01    13.9967      4.334      6.287    11.3902   999.6117 0.0000e+00
      4.426      0.017     0.0457      0.634     64.261  46.663821     6.3614      6.616   181.8855 1.4093e+01    14.0017      4.341      6.296    11.3854   999.6125 0.0000e+00
      4.431      0.016     0.0524      0.645     64.239  46.636205     6.3253      6.615   180.3403 1.3964e+01    13.9527      4.345      6.302    11.3667   999.6145 0.0000e+00
      4.435      0.014     0.0490      0.629     64.299  46.671967     6.2936      6.613   179.0556 1.3866e+01    13.9198      4.348      6.307    11.3402   999.6175 0.0000e+00
      4.437      0.012     0.0456      0.592     64.456  46.778740     6.2832      6.612   177.9680 1.3821e+01    13.9127      4.351      6.312    11.3181   999.6198 0.0000e+00
      4.439      0.010     0.0491      0.566     64.564  46.847776     6.2765      6.611   176.8271 1.3783e+01    13.9013      4.354      6.315    11.3037   999.6212 0.0000e+00
      4.441      0.010     0.0503      0.586     64.701  46.935225     6.1839      6.610   175.9296 1.3720e+01    13.8506      4.355      6.316    11.2951   999.6222 0.0000e+00
      4.443      0.010     0.0489      0.618     64.998  47.137617     6.0025      6.610   175.2034 1.3639e+01    13.7471      4.357      6.319    11.2898   999.6228 0.0000e+00
      4.446      0.011     0.0455      0.610     65.194  47.263013     5.8955      6.609   174.1560 1.3563e+01    13.6793      4.361      6.324    11.2862   999.6233 0.0000e+00
      4.449      0.012     0.0412      0.591     65.189  47.244951     5.8816      6.608   172.9017 1.3482e+01    13.6830      4.363      6.327    11.2778   999.6242 0.0000e+00
      4.452      0.013     0.0443      0.603     65.273  47.300188     5.7481      6.606   171.8254 1.3370e+01    13.6541      4.365      6.332    11.2677   999.6252 0.0000e+00
      4.457      0.013     0.0495      0.616     65.441  47.422904     5.4832      6.606   170.9512 1.3270e+01    13.5704      4.371      6.339    11.2594   999.6263 0.0000e+00
      4.460      0.012     0.0471      0.617     65.577  47.522282     5.3399      6.606   170.1608 1.3204e+01    13.4948      4.375      6.345    11.2456   999.6278 0.0000e+00
      4.462      0.012     0.0435      0.628     65.703  47.612808     5.3221      6.605   169.3239 1.3127e+01    13.4270      4.375      6.346    11.2305   999.6293 0.0000e+00
      4.465      0.012     0.0467      0.632     65.818  47.691987     5.3060      6.604   168.4041 1.3052e+01    13.4031      4.378      6.350    11.2281   999.6298 0.0000e+00
      4.468      0.012     0.0483      0.630     65.863  47.717665     5.2691      6.603   167.5578 1.2998e+01    13.4458      4.382      6.355    11.2313   999.6295 0.0000e+00
      4.471      0.013     0.0460      0.648     65.812  47.669280     5.2190      6.602   166.9216 1.2929e+01    13.4968      4.385      6.359    11.2319   999.6294 0.0000e+00
      4.474      0.013     0.0491      0.668     65.749  47.614929     5.1960      6.601   166.2184 1.2821e+01    13.4705      4.388      6.364    11.2310   999.6296 0.0000e+00
      4.478      0.013     0.0487      0.653     65.688  47.568482     5.1919      6.600   165.0769 1.2711e+01    13.4028      4.391      6.369    11.2286   999.6300 0.0000e+00
      4.482      0.012     0.0476      0.632     65.662  47.552172     5.2459      6.599   163.7887 1.2633e+01    13.3993      4.396      6.376    11.2239   999.6305 0.0000e+00
      4.486      0.012     0.0492      0.636     65.737  47.608218     5.3719      6.597   162.8604 1.2577e+01    13.4625      4.399      6.381    11.2135   999.6315 0.0000e+00
      4.488      0.011     0.0531      0.608     65.839  47.674661     5.4472      6.597   162.4572 1.2542e+01    13.5149      4.402      6.385    11.2049   999.6323 0.0000e+00
      4.490      0.011     0.0510      0.564     66.015  47.784053     5.4407      6.598   162.1836 1.2512e+01    13.5170      4.404      6.387    11.2038   999.6325 0.0000e+00
      4.492      0.012     0.0458      0.568     66.318  47.978377     5.3792      6.598   161.2724 1.2453e+01    13.4887      4.405      6.388    11.2060   999.6323 0.0000e+00
      4.495      0.015     0.0513      0.583     66.557  48.119254     5.2857      6.598   159.6143 1.2373e+01    13.4472      4.409      6.393    11.2117   999.6317 0.0000e+00
      4.499      0.018     0.0474      0.565     66.652  48.153898     5.2442      6.596   157.9672 1.2285e+01    13.4272      4.411      6.398    11.2068   999.6322 0.0000e+00
      4.504      0.020     0.0405      0.552     66.675  48.143218     5.2502      6.595   156.6719 1.2150e+01    13.4531      4.415      6.404    11.1895   999.6340 0.0000e+00
      4.511      0.020     0.0435      0.578     66.660  48.117088     5.2245      6.594   155.4821 1.1990e+01    13.5883      4.424      6.417    11.1725   999.6361 0.0000e+00
      4.518      0.020     0.0464      0.597     66.630  48.091946     5.1622      6.593   154.3356 1.1887e+01    13.7910      4.432      6.429    11.1475   999.6388 0.0000e+00
      4.523      0.019     0.0437      0.601     66.630  48.093218     5.1172      6.592   153.0490 1.1837e+01    13.8791      4.435      6.433    11.1179   999.6420 0.0000e+00
      4.527      0.016     0.0397      0.606     66.689  48.132466     5.1001      6.591   151.7130 1.1793e+01    13.8641      4.439      6.439    11.0967   999.6440 0.0000e+00
      4.529      0.014     0.0460      0.611     66.777  48.185500     5.0978      6.590   150.8303 1.1745e+01    13.8149      4.442      6.443    11.0860   999.6451 0.0000e+00
      4.532      0.014     0.0463      0.632     66.852  48.226443     5.1082      6.589   150.2067 1.1662e+01    13.7304      4.444      6.446    11.0840   999.6454 0.0000e+00
      4.535      0.014     0.0456      0.665     66.899  48.246493     5.1120      6.588   149.4209 1.1571e+01    13.6672      4.448      6.452    11.0888   999.6448 0.0000e+00
      4.539      0.015     0.0475      0.671     66.990  48.300918     5.1060      6.587   148.0395 1.1490e+01    13.6337      4.451      6.457    11.0874   999.6450 0.0000e+00
      4.544      0.016     0.0460      0.627     67.105  48.376488     5.0922      6.585   146.3245 1.1395e+01    13.6005      4.456      6.463    11.0772   999.6461 0.0000e+00
      4.548      0.016     0.0483      0.587     67.135  48.398196     4.9928      6.585   145.2910 1.1305e+01    13.4368      4.461      6.470    11.0673   999.6472 0.0000e+00
      4.552      0.016     0.0517      0.595     67.174  48.436396     4.8199      6.584   144.9210 1.1222e+01    13.1655      4.464      6.475    11.0562   999.6484 0.0000e+00
      4.557      0.017     0.0541      0.603     67.279  48.520872     4.7187      6.583   144.5187 1.1145e+01    13.0321      4.468      6.481    11.0466   999.6494 0.0000e+00
      4.561      0.018     0.0480      0.596     67.296  48.530601     4.6939      6.582   143.0943 1.1080e+01    12.9909      4.473      6.488    11.0405   999.6501 0.0000e+00
      4.565      0.018     0.0428      0.612     67.161  48.427023     4.6062      6.579   141.0345 1.0994e+01    12.9421      4.476      6.491    11.0394   999.6502 0.0000e+00
      4.570      0.018     0.0461      0.632     66.955  48.284500     4.4405      6.577   139.7471 1.0862e+01    12.9573      4.480      6.498    11.0495   999.6492 0.0000e+00
      4.576      0.017     0.0479      0.618     66.722  48.140865     4.3497      6.577   139.1431 1.0727e+01    13.0034      4.487      6.508    11.0618   999.6480 0.0000e+00
      4.581      0.016     0.0441      0.593     66.516  48.023846     4.3386      6.576   138.3783 1.0638e+01    12.9844      4.493      6.517    11.0572   999.6485 0.0000e+00
      4.584      0.015     0.0469      0.584     66.375  47.949141     4.2586      6.575   137.2109 1.0583e+01    12.6935      4.496      6.521    11.0455   999.6498 0.0000e+00
      4.587      0.013     0.0507      0.592     66.241  47.872623     4.1065      6.574   136.2130 1.0535e+01    12.1981      4.498      6.524    11.0491   999.6493 0.0000e+00
      4.590      0.011     0.0473      0.587     66.115  47.797168     4.0165      6.573   135.6058 1.0488e+01    11.9722      4.501      6.528    11.0707   999.6470 0.0000e+00
