Data/DataNotYetUploadedToEDI/Raw_CTD/RawDownloads/070620_fcr50.cnv
* Sea-Bird SBE19plus  Data File:
* FileName = C:\DATA\070620_fcr50_0001.hex
* Software version 2.8.0.119
* Temperature SN = 7809
* Conductivity SN = 7809
* System UpLoad Time = Jul 06 2020 11:11:28
* <ApplicationData>
* <Seaterm232>
# nquan = 16
# nvalues = 3787                        
# units = specified
# name 0 = depFM: Depth [fresh water, m]
# name 1 = dz/dtM: Descent Rate [m/s]
# name 2 = sbeox0ML/L: Oxygen, SBE 43 [ml/l]
# name 3 = sbeox0PS: Oxygen, SBE 43 [% saturation]
# name 4 = specc: Specific Conductance [uS/cm]
# name 5 = c0uS/cm: Conductivity [uS/cm]
# name 6 = flECO-AFL: Fluorescence, WET Labs ECO-AFL/FL [mg/m^3]
# name 7 = ph: pH
# name 8 = orp: Oxidation Reduction Potential [mV]
# name 9 = par/sat/log: PAR/Logarithmic, Satlantic
# name 10 = turbWETntu0: Turbidity, WET Labs ECO [NTU]
# name 11 = prdM: Pressure, Strain Gauge [db]
# name 12 = prdE: Pressure, Strain Gauge [psi]
# name 13 = tv290C: Temperature [ITS-90, deg C]
# name 14 = density00: Density [density, kg/m^3]
# name 15 = flag:  0.000e+00
# span 0 =     -0.625,      9.762       
# span 1 =     -0.312,      0.172       
# span 2 =     0.0300,     8.4177       
# span 3 =      0.414,    136.124       
# span 4 =      0.219,    153.798       
# span 5 =   0.232916, 109.153302       
# span 6 =    -3.2366,    24.4972       
# span 7 =      5.858,      8.846       
# span 8 = -1240.7455,   735.7006       
# span 9 = 1.2342e-01, 1.7418e+03       
# span 10 =    -6.1625,   561.5253      
# span 11 =     -0.613,      9.574      
# span 12 =     -0.889,     13.886      
# span 13 =    10.1096,    28.1269      
# span 14 =   996.2061,   999.7740      
# span 15 = 0.0000e+00, 0.0000e+00      
# interval = seconds: 0.25
# start_time = Jul 05 2020 21:24:12 [Instrument's time stamp, header]
# bad_flag = -9.990e-29
*END*
[from data line 2080]
      6.457      0.007     0.0511      0.554     47.554  33.397318     1.7359      6.397   131.3167 1.8171e-01     8.9703      6.332      9.185    10.1130   999.7409 0.0000e+00
      6.459      0.008     0.0513      0.572     47.521  33.373298     1.7144      6.397   131.0981 1.6581e-01     8.9354      6.334      9.186    10.1131   999.7409 0.0000e+00
      6.461      0.009     0.0476      0.561     47.523  33.374443     1.6848      6.396   130.8011 1.5889e-01     8.9332      6.336      9.190    10.1131   999.7409 0.0000e+00
      6.464      0.009     0.0423      0.552     47.575  33.411151     1.6737      6.395   130.6521 1.6126e-01     8.9781      6.338      9.195    10.1130   999.7409 0.0000e+00
      6.467      0.009     0.0424      0.587     47.612  33.436418     1.6760      6.395   130.5866 1.6559e-01     8.9979      6.342      9.198    10.1126   999.7410 0.0000e+00
      6.470      0.008     0.0470      0.609     47.597  33.426139     1.6930      6.396   130.5261 1.6242e-01     8.9664      6.345      9.202    10.1122   999.7410 0.0000e+00
      6.472      0.008     0.0445      0.605     47.579  33.413771     1.7179      6.397   130.6083 1.5209e-01     8.9400      6.346      9.205    10.1119   999.7410 0.0000e+00
      6.473      0.007     0.0405      0.617     47.579  33.413781     1.7286      6.396   130.8056 1.5322e-01     8.9537      6.347      9.206    10.1117   999.7411 0.0000e+00
      6.474      0.006     0.0475      0.641     47.597  33.426264     1.7371      6.395   131.0196 1.5329e-01     8.9607      6.349      9.209    10.1114   999.7411 0.0000e+00
      6.476      0.006     0.0493      0.654     47.613  33.437792     1.7724      6.395   131.0442 1.4716e-01     8.9548      6.351      9.211    10.1112   999.7411 0.0000e+00
      6.478      0.006     0.0464      0.658     47.597  33.426264     1.8315      6.394   130.5005 1.5086e-01     8.9521      6.353      9.214    10.1113   999.7411 0.0000e+00
      6.480      0.006     0.0483      0.649     47.579  33.413783     1.8601      6.394   129.8672 1.5385e-01     8.9282      6.354      9.216    10.1113   999.7411 0.0000e+00
      6.481      0.005     0.0512      0.628     47.579  33.413794     1.8604      6.394   129.9260 1.4765e-01     8.9060      6.355      9.217    10.1116   999.7411 0.0000e+00
      6.482      0.005     0.0515      0.619     47.597  33.426389     1.8833      6.393   130.1795 1.4704e-01     8.8894      6.356      9.219    10.1118   999.7411 0.0000e+00
      6.483      0.005     0.0520      0.608     47.615  33.439165     1.9176      6.393   130.3495 1.4626e-01     8.8648      6.358      9.221    10.1118   999.7411 0.0000e+00
      6.484      0.005     0.0523      0.573     47.619  33.441367     1.9319      6.392   130.6059 1.4196e-01     8.8833      6.359      9.223    10.1118   999.7411 0.0000e+00
      6.486      0.004     0.0482      0.558     47.635  33.453008     1.9228      6.392   130.2674 1.4103e-01     8.9416      6.361      9.226    10.1118   999.7411 0.0000e+00
      6.487      0.004     0.0488      0.579     47.635  33.453008     1.8556      6.392   129.4411 1.3827e-01     9.0205      6.362      9.227    10.1116   999.7412 0.0000e+00
      6.487      0.003     0.0496      0.582     47.618  33.441367     1.7396      6.391   129.0470 1.4042e-01     9.0817      6.362      9.227    10.1115   999.7412 0.0000e+00
      6.488      0.003     0.0444      0.562     47.615  33.439164     1.6734      6.391   129.0293 1.4567e-01     9.0980      6.363      9.229    10.1116   999.7412 0.0000e+00
      6.489      0.003     0.0419      0.566     47.597  33.426379     1.6663      6.392   129.3139 1.4496e-01     9.1487      6.363      9.229    10.1114   999.7412 0.0000e+00
      6.489      0.003     0.0468      0.584     47.579  33.413679     1.6630      6.392   129.8203 1.4801e-01     9.1793      6.364      9.230    10.1115   999.7412 0.0000e+00
      6.489      0.004     0.0473      0.583     47.577  33.412525     1.6142      6.391   129.6452 1.6158e-01     9.1590      6.364      9.230    10.1117   999.7411 0.0000e+00
      6.490      0.005     0.0428      0.579     47.577  33.412420     1.5246      6.390   128.8316 1.6532e-01     9.1783      6.365      9.231    10.1119   999.7412 0.0000e+00
      6.491      0.007     0.0439      0.598     47.577  33.412412     1.4755      6.390   128.4153 1.4984e-01     9.2067      6.365      9.232    10.1118   999.7411 0.0000e+00
      6.494      0.009     0.0473      0.626     47.578  33.412421     1.4790      6.391   128.5688 1.3959e-01     9.2273      6.368      9.236    10.1116   999.7412 0.0000e+00
      6.498      0.011     0.0459      0.639     47.578  33.412536     1.5189      6.392   128.8818 1.4242e-01     9.2908      6.372      9.242    10.1115   999.7412 0.0000e+00
      6.500      0.012     0.0445      0.639     47.580  33.413794     1.5761      6.392   129.0158 1.4565e-01     9.3557      6.374      9.245    10.1114   999.7412 0.0000e+00
      6.503      0.012     0.0469      0.641     47.600  33.427638     1.5987      6.392   128.9849 1.4255e-01     9.3606      6.377      9.250    10.1114   999.7412 0.0000e+00
      6.508      0.011     0.0497      0.638     47.636  33.453009     1.5925      6.391   128.9380 1.3834e-01     9.3153      6.383      9.257    10.1112   999.7413 0.0000e+00
      6.511      0.009     0.0512      0.629     47.655  33.466749     1.5583      6.391   128.8797 1.4103e-01     9.1852      6.387      9.263    10.1110   999.7413 0.0000e+00
      6.512      0.008     0.0493      0.605     47.655  33.466861     1.4995      6.390   128.7958 1.4365e-01     8.9893      6.386      9.264    10.1108   999.7413 0.0000e+00
      6.513      0.007     0.0514      0.575     47.637  33.454371     1.4633      6.390   128.6119 1.4442e-01     8.8699      6.387      9.263    10.1108   999.7413 0.0000e+00
      6.514      0.007     0.0500      0.578     47.621  33.442626     1.4540      6.390   128.5492 1.4827e-01     8.8738      6.388      9.265    10.1108   999.7414 0.0000e+00
      6.515      0.009     0.0500      0.591     47.634  33.451761     1.4633      6.390   128.9841 1.4600e-01     8.8312      6.389      9.266    10.1110   999.7414 0.0000e+00
      6.518      0.012     0.0487      0.588     47.614  33.437918     1.4710      6.389   129.5678 1.3848e-01     8.6635      6.391      9.270    10.1109   999.7414 0.0000e+00
      6.521      0.014     0.0432      0.596     47.564  33.402154     1.4618      6.389   129.6702 1.3562e-01     8.5634      6.396      9.276    10.1108   999.7414 0.0000e+00
      6.526      0.016     0.0455      0.626     47.561  33.400055     1.4566      6.388   129.4478 1.3366e-01     8.5476      6.399      9.282    10.1109   999.7414 0.0000e+00
      6.531      0.018     0.0476      0.637     47.578  33.412536     1.4941      6.388   129.2015 1.3430e-01     8.5069      6.405      9.289    10.1107   999.7415 0.0000e+00
      6.536      0.018     0.0460      0.634     47.598  33.426162     1.5620      6.388   129.4452 1.3990e-01     8.4829      6.410      9.297    10.1106   999.7415 0.0000e+00
      6.541      0.018     0.0455      0.639     47.614  33.437907     1.5912      6.388   130.1587 1.3972e-01     8.4975      6.414      9.302    10.1107   999.7415 0.0000e+00
      6.545      0.017     0.0505      0.614     47.600  33.427628     1.5893      6.388   130.4283 1.3576e-01     8.4780      6.418      9.308    10.1108   999.7415 0.0000e+00
      6.550      0.017     0.0510      0.570     47.601  33.428783     1.5968      6.389   130.2961 1.3555e-01     8.4190      6.423      9.316    10.1108   999.7415 0.0000e+00
      6.554      0.016     0.0484      0.569     47.634  33.451876     1.6437      6.389   130.2813 1.3669e-01     8.4360      6.429      9.324    10.1110   999.7415 0.0000e+00
      6.557      0.016     0.0519      0.584     47.636  33.453031     1.7081      6.388   130.1623 1.3465e-01     8.5112      6.431      9.327    10.1109   999.7416 0.0000e+00
      6.561      0.016     0.0498      0.601     47.621  33.442757     1.7261      6.387   130.0628 1.3567e-01     8.5390      6.434      9.331    10.1109   999.7415 0.0000e+00
      6.566      0.015     0.0420      0.619     47.638  33.454554     1.7189      6.387   130.3681 1.3893e-01     8.4974      6.439      9.339    10.1110   999.7416 0.0000e+00
      6.570      0.014     0.0451      0.618     47.659  33.468762     1.7259      6.386   130.5851 1.3216e-01     8.4891      6.443      9.345    10.1110   999.7416 0.0000e+00
      6.573      0.014     0.0462      0.633     47.686  33.487641     1.7530      6.386   130.6206 1.2666e-01     8.6100      6.446      9.350    10.1110   999.7416 0.0000e+00
      6.577      0.014     0.0463      0.672     47.692  33.492465     1.7798      6.386   130.6252 1.2965e-01     8.7240      6.450      9.355    10.1110   999.7416 0.0000e+00
      6.580      0.013     0.0506      0.688     47.651  33.463632     1.7830      6.386   130.3830 1.3179e-01     8.7345      6.453      9.360    10.1108   999.7417 0.0000e+00
      6.582      0.013     0.0477      0.662     47.640  33.456292     1.7829      6.387   130.1873 1.3199e-01     8.8053      6.455      9.362    10.1108   999.7417 0.0000e+00
      6.585      0.014     0.0485      0.611     47.656  33.467162     1.7881      6.387   130.3240 1.3049e-01     8.9957      6.458      9.366    10.1108   999.7417 0.0000e+00
      6.590      0.015     0.0542      0.578     47.657  33.468166     1.7883      6.386   130.5731 1.2652e-01     9.1141      6.463      9.374    10.1110   999.7418 0.0000e+00
      6.594      0.018     0.0555      0.590     47.657  33.468422     1.7949      6.386   130.6180 1.2392e-01     9.1044      6.467      9.380    10.1112   999.7417 0.0000e+00
      6.598      0.020     0.0531      0.600     47.660  33.470265     1.8011      6.386   130.6090 1.2369e-01     8.9810      6.471      9.385    10.1113   999.7417 0.0000e+00
      6.603      0.021     0.0479      0.592     47.688  33.490446     1.7969      6.385   130.6367 1.2364e-01     8.7900      6.475      9.391    10.1114   999.7417 0.0000e+00
      6.609      0.021     0.0429      0.597     47.733  33.522067     1.8004      6.385   130.2646 1.2365e-01     8.7179      6.481      9.400    10.1113   999.7418 0.0000e+00
      6.616      0.021     0.0471      0.606     47.752  33.535333     1.8153      6.385   129.6369 1.2400e-01     8.7614      6.489      9.411    10.1114   999.7418 0.0000e+00
      6.622      0.021     0.0484      0.598     47.736  33.523940     1.8343      6.384   129.4146 1.2447e-01     8.7669      6.495      9.420    10.1113   999.7418 0.0000e+00
      6.626      0.020     0.0456      0.590     47.718  33.511222     1.8476      6.384   129.6407 1.2442e-01     8.7150      6.499      9.425    10.1113   999.7418 0.0000e+00
      6.630      0.019     0.0468      0.572     47.713  33.508452     1.8525      6.384   129.9626 1.2539e-01     8.6835      6.501      9.430    10.1115   999.7419 0.0000e+00
      6.635      0.018     0.0490      0.541     47.688  33.490448     1.8557      6.384   130.2089 1.2652e-01     8.6945      6.507      9.437    10.1116   999.7419 0.0000e+00
      6.640      0.018     0.0466      0.548     47.679  33.483898     1.7999      6.383   130.0375 1.2517e-01     8.7114      6.512      9.445    10.1116   999.7419 0.0000e+00
      6.645      0.018     0.0461      0.566     47.691  33.492715     1.6740      6.382   129.4382 1.2377e-01     8.6810      6.516      9.451    10.1116   999.7419 0.0000e+00
      6.650      0.017     0.0472      0.580     47.659  33.470153     1.5930      6.383   129.0722 1.2367e-01     8.6364      6.521      9.458    10.1116   999.7420 0.0000e+00
      6.655      0.015     0.0396      0.603     47.651  33.464904     1.5836      6.384   129.1402 1.2379e-01     8.6522      6.527      9.467    10.1114   999.7420 0.0000e+00
      6.659      0.013     0.0435      0.608     47.689  33.492704     1.5889      6.384   129.3996 1.2394e-01     8.7002      6.531      9.472    10.1113   999.7420 0.0000e+00
      6.661      0.011     0.0456      0.627     47.681  33.489023     1.5609      6.383   129.7126 1.2392e-01     8.6677      6.533      9.476    10.1113   999.7420 0.0000e+00
      6.663      0.009     0.0438      0.657     47.671  33.483855     1.4934      6.382   129.9997 1.2530e-01     8.5349      6.535      9.478    10.1114   999.7420 0.0000e+00
      6.665      0.008     0.0498      0.666     47.683  33.493665     1.4499      6.382   130.2046 1.2694e-01     8.4333      6.536      9.479    10.1117   999.7420 0.0000e+00
      6.666      0.008     0.0464      0.668     47.663  33.480734     1.4551      6.382   130.4688 1.2810e-01     8.4343      6.537      9.481    10.1127   999.7419 0.0000e+00
      6.668      0.009     0.0488      0.663     47.625  33.454415     1.4887      6.382   130.7850 1.2891e-01     8.5126      6.539      9.483    10.1148   999.7417 0.0000e+00
      6.671      0.011     0.0531      0.630     47.590  33.429250     1.5129      6.382   131.0167 1.2659e-01     8.5910      6.541      9.487    10.1177   999.7415 0.0000e+00
      6.674      0.014     0.0522      0.582     47.593  33.430280     1.5090      6.381   131.2052 1.2555e-01     8.6267      6.545      9.492    10.1197   999.7413 0.0000e+00
      6.677      0.016     0.0527      0.560     47.647  33.466864     1.5083      6.381   131.3434 1.2670e-01     8.6353      6.548      9.497    10.1202   999.7413 0.0000e+00
      6.681      0.017     0.0532      0.562     47.683  33.490873     1.5620      6.381   131.4827 1.2530e-01     8.5231      6.551      9.502    10.1200   999.7413 0.0000e+00
      6.687      0.017     0.0507      0.552     47.651  33.466751     1.6630      6.381   131.5128 1.2380e-01     8.3002      6.557      9.510    10.1197   999.7413 0.0000e+00
      6.692      0.016     0.0444      0.544     47.598  33.429011     1.7183      6.380   131.3641 1.2366e-01     8.1714      6.564      9.520    10.1190   999.7414 0.0000e+00
      6.696      0.015     0.0432      0.578     47.578  33.415282     1.7058      6.380   131.2334 1.2362e-01     8.1678      6.567      9.524    10.1173   999.7416 0.0000e+00
      6.700      0.014     0.0451      0.621     47.595  33.427659     1.6073      6.381   131.1371 1.2360e-01     8.1876      6.571      9.530    10.1153   999.7419 0.0000e+00
      6.702      0.013     0.0442      0.642     47.630  33.451763     1.4343      6.381   131.1463 1.2357e-01     8.2049      6.574      9.534    10.1140   999.7420 0.0000e+00
      6.704      0.012     0.0403      0.641     47.632  33.452906     1.3301      6.380   131.3441 1.2355e-01     8.2056      6.574      9.535    10.1136   999.7420 0.0000e+00
      6.707      0.012     0.0458      0.612     47.616  33.441483     1.3194      6.380   131.5491 1.2351e-01     8.1622      6.577      9.540    10.1136   999.7420 0.0000e+00
      6.711      0.012     0.0499      0.592     47.615  33.440547     1.3624      6.379   131.6461 1.2351e-01     8.1257      6.582      9.546    10.1138   999.7420 0.0000e+00
      6.714      0.013     0.0506      0.594     47.617  33.441597     1.4305      6.379   131.6569 1.2356e-01     8.1429      6.585      9.550    10.1139   999.7420 0.0000e+00
      6.717      0.013     0.0524      0.594     47.635  33.454177     1.4557      6.379   131.6799 1.2355e-01     8.1640      6.587      9.553    10.1136   999.7421 0.0000e+00
      6.721      0.013     0.0474      0.587     47.651  33.465737     1.4487      6.379   131.7520 1.2354e-01     8.1749      6.591      9.560    10.1134   999.7421 0.0000e+00
      6.725      0.013     0.0458      0.586     47.636  33.454476     1.4507      6.378   131.8400 1.2355e-01     8.2057      6.595      9.566    10.1132   999.7421 0.0000e+00
