Data/DataNotYetUploadedToEDI/Raw_CTD/RawDownloads/070620_fcr50.cnv
* Sea-Bird SBE19plus  Data File:
* FileName = C:\DATA\070620_fcr50_0001.hex
* Software version 2.8.0.119
* Temperature SN = 7809
* Conductivity SN = 7809
* System UpLoad Time = Jul 06 2020 11:11:28
* <ApplicationData>
* <Seaterm232>
# nquan = 16
# nvalues = 3787                        
# units = specified
# name 0 = depFM: Depth [fresh water, m]
# name 1 = dz/dtM: Descent Rate [m/s]
# name 2 = sbeox0ML/L: Oxygen, SBE 43 [ml/l]
# name 3 = sbeox0PS: Oxygen, SBE 43 [% saturation]
# name 4 = specc: Specific Conductance [uS/cm]
# name 5 = c0uS/cm: Conductivity [uS/cm]
# name 6 = flECO-AFL: Fluorescence, WET Labs ECO-AFL/FL [mg/m^3]
# name 7 = ph: pH
# name 8 = orp: Oxidation Reduction Potential [mV]
# name 9 = par/sat/log: PAR/Logarithmic, Satlantic
# name 10 = turbWETntu0: Turbidity, WET Labs ECO [NTU]
# name 11 = prdM: Pressure, Strain Gauge [db]
# name 12 = prdE: Pressure, Strain Gauge [psi]
# name 13 = tv290C: Temperature [ITS-90, deg C]
# name 14 = density00: Density [density, kg/m^3]
# name 15 = flag:  0.000e+00
# span 0 =     -0.625,      9.762       
# span 1 =     -0.312,      0.172       
# span 2 =     0.0300,     8.4177       
# span 3 =      0.414,    136.124       
# span 4 =      0.219,    153.798       
# span 5 =   0.232916, 109.153302       
# span 6 =    -3.2366,    24.4972       
# span 7 =      5.858,      8.846       
# span 8 = -1240.7455,   735.7006       
# span 9 = 1.2342e-01, 1.7418e+03       
# span 10 =    -6.1625,   561.5253      
# span 11 =     -0.613,      9.574      
# span 12 =     -0.889,     13.886      
# span 13 =    10.1096,    28.1269      
# span 14 =   996.2061,   999.7740      
# span 15 = 0.0000e+00, 0.0000e+00      
# interval = seconds: 0.25
# start_time = Jul 05 2020 21:24:12 [Instrument's time stamp, header]
# bad_flag = -9.990e-29
*END*
[from data line 2260]
      7.027      0.013     0.0433      0.590     47.807  33.594622     1.2505      6.360   130.7439 1.2349e-01     8.4635      6.891      9.994    10.1494   999.7403 0.0000e+00
      7.031      0.013     0.0445      0.616     47.801  33.589383     1.3663      6.361   130.4705 1.2356e-01     8.4827      6.895     10.000    10.1415   999.7411 0.0000e+00
      7.034      0.012     0.0486      0.623     47.828  33.606679     1.5620      6.361   129.9206 1.2359e-01     8.5384      6.898     10.004    10.1364   999.7416 0.0000e+00
      7.036      0.011     0.0442      0.628     47.838  33.613393     1.6624      6.360   129.5160 1.2355e-01     8.5543      6.900     10.008    10.1343   999.7418 0.0000e+00
      7.039      0.010     0.0456      0.628     47.830  33.607104     1.6541      6.359   129.2771 1.2355e-01     8.5026      6.903     10.012    10.1333   999.7419 0.0000e+00
      7.042      0.010     0.0502      0.622     47.811  33.594093     1.6146      6.359   129.2701 1.2360e-01     8.5999      6.906     10.016    10.1319   999.7420 0.0000e+00
      7.044      0.009     0.0483      0.615     47.794  33.582983     1.5653      6.359   129.5174 1.2365e-01     8.8382      6.908     10.019    10.1304   999.7422 0.0000e+00
      7.046      0.008     0.0500      0.605     47.816  33.599673     1.5453      6.358   129.7719 1.2364e-01     8.9468      6.909     10.021    10.1298   999.7422 0.0000e+00
      7.048      0.008     0.0495      0.595     47.824  33.605544     1.5446      6.357   129.8518 1.2358e-01     8.9515      6.912     10.026    10.1297   999.7422 0.0000e+00
      7.050      0.008     0.0490      0.595     47.801  33.590518     1.5671      6.357   129.6231 1.2354e-01     8.9635      6.914     10.027    10.1299   999.7422 0.0000e+00
      7.051      0.008     0.0485      0.607     47.824  33.608352     1.6264      6.357   129.3296 1.2357e-01     8.9888      6.915     10.029    10.1303   999.7422 0.0000e+00
      7.054      0.008     0.0479      0.617     47.852  33.630820     1.6608      6.357   129.1423 1.2360e-01     8.9827      6.918     10.033    10.1314   999.7421 0.0000e+00
      7.056      0.007     0.0464      0.628     47.815  33.608361     1.6578      6.358   128.9930 1.2360e-01     8.9241      6.920     10.036    10.1321   999.7421 0.0000e+00
      7.058      0.007     0.0461      0.636     47.783  33.590621     1.6477      6.358   129.3313 1.2357e-01     8.8979      6.922     10.039    10.1331   999.7419 0.0000e+00
      7.060      0.006     0.0484      0.623     47.801  33.606687     1.5661      6.358   130.0495 1.2356e-01     9.0774      6.924     10.042    10.1348   999.7418 0.0000e+00
      7.061      0.005     0.0482      0.601     47.805  33.612257     1.4248      6.358   130.2780 1.2359e-01     9.4468      6.924     10.043    10.1373   999.7416 0.0000e+00
      7.062      0.004     0.0494      0.593     47.777  33.594517     1.3516      6.358   129.8560 1.2362e-01     9.6220      6.925     10.044    10.1423   999.7412 0.0000e+00
      7.063      0.003     0.0508      0.578     47.758  33.582562     1.3383      6.358   129.2493 1.2361e-01     9.5482      6.926     10.046    10.1471   999.7408 0.0000e+00
      7.064      0.003     0.0497      0.566     47.774  33.594619     1.3508      6.357   129.0515 1.2359e-01     9.3106      6.927     10.047    10.1504   999.7405 0.0000e+00
      7.064      0.003     0.0457      0.585     47.802  33.613389     1.3873      6.357   129.7872 1.2359e-01     8.9460      6.927     10.047    10.1530   999.7403 0.0000e+00
      7.064      0.004     0.0477      0.613     47.812  33.619148     1.4081      6.358   131.0034 1.2359e-01     8.7447      6.927     10.047    10.1550   999.7400 0.0000e+00
      7.065      0.004     0.0457      0.637     47.787  33.600793     1.4026      6.358   131.4528 1.2360e-01     8.6963      6.929     10.049    10.1569   999.7398 0.0000e+00
      7.066      0.005     0.0424      0.625     47.761  33.581824     1.3686      6.358   131.0050 1.2365e-01     8.5663      6.930     10.051    10.1579   999.7398 0.0000e+00
      7.068      0.005     0.0469      0.587     47.759  33.580152     1.3307      6.358   130.3216 1.2363e-01     8.3750      6.931     10.053    10.1572   999.7398 0.0000e+00
      7.070      0.005     0.0474      0.585     47.760  33.580577     1.3252      6.357   129.9861 1.2358e-01     8.2712      6.933     10.056    10.1555   999.7400 0.0000e+00
      7.072      0.005     0.0516      0.612     47.767  33.586960     1.3404      6.357   130.4763 1.2352e-01     8.2391      6.935     10.058    10.1541   999.7401 0.0000e+00
      7.072      0.005     0.0509      0.628     47.772  33.593881     1.3717      6.357   131.3453 1.2351e-01     8.2951      6.936     10.059    10.1537   999.7402 0.0000e+00
      7.073      0.004     0.0437      0.614     47.776  33.600803     1.4176      6.356   131.7172 1.2362e-01     8.5026      6.936     10.060    10.1536   999.7402 0.0000e+00
      7.074      0.004     0.0457      0.591     47.777  33.607204     1.4466      6.355   131.5314 1.2368e-01     8.6874      6.937     10.062    10.1531   999.7402 0.0000e+00
      7.076      0.004     0.0483      0.569     47.768  33.607836     1.4559      6.355   131.1631 1.2360e-01     8.7103      6.939     10.064    10.1541   999.7402 0.0000e+00
      7.077      0.004     0.0509      0.542     47.760  33.608451     1.4247      6.355   130.9632 1.2355e-01     8.6077      6.940     10.065    10.1575   999.7398 0.0000e+00
      7.078      0.005     0.0482      0.522     47.761  33.614644     1.3558      6.355   131.0077 1.2360e-01     8.4764      6.940     10.066    10.1614   999.7395 0.0000e+00
      7.079      0.006     0.0462      0.518     47.762  33.619259     1.3189      6.355   131.0991 1.2362e-01     8.4616      6.942     10.068    10.1675   999.7390 0.0000e+00
      7.080      0.007     0.0453      0.540     47.732  33.600805     1.3211      6.355   131.2940 1.2362e-01     8.4979      6.942     10.069    10.1755   999.7382 0.0000e+00
      7.082      0.007     0.0420      0.571     47.701  33.581882     1.3157      6.355   131.4712 1.2357e-01     8.4689      6.944     10.072    10.1825   999.7377 0.0000e+00
      7.085      0.008     0.0413      0.611     47.696  33.580833     1.3014      6.354   131.4342 1.2352e-01     8.4540      6.949     10.078    10.1886   999.7371 0.0000e+00
      7.087      0.009     0.0391      0.646     47.706  33.588122     1.3018      6.353   131.1052 1.2353e-01     8.4551      6.951     10.081    10.1926   999.7367 0.0000e+00
      7.089      0.009     0.0428      0.652     47.736  33.606557     1.3106      6.354   130.6767 1.2359e-01     8.4483      6.951     10.082    10.1950   999.7365 0.0000e+00
      7.090      0.009     0.0444      0.655     47.750  33.613364     1.3213      6.354   130.5556 1.2364e-01     8.4408      6.953     10.086    10.1988   999.7361 0.0000e+00
      7.093      0.008     0.0478      0.665     47.742  33.606971     1.3265      6.353   130.5876 1.2362e-01     8.3634      6.956     10.089    10.2020   999.7359 0.0000e+00
      7.097      0.008     0.0526      0.672     47.722  33.592711     1.3161      6.353   130.7190 1.2356e-01     8.2343      6.959     10.094    10.2016   999.7359 0.0000e+00
      7.099      0.008     0.0506      0.667     47.692  33.567861     1.3106      6.353   130.9398 1.2352e-01     8.1839      6.962     10.097    10.1979   999.7363 0.0000e+00
      7.100      0.008     0.0516      0.648     47.688  33.560316     1.3170      6.353   130.5040 1.2350e-01     8.2352      6.963     10.098    10.1939   999.7367 0.0000e+00
      7.101      0.008     0.0521      0.631     47.699  33.564931     1.3081      6.354   129.5804 1.2352e-01     8.2712      6.964     10.100    10.1942   999.7366 0.0000e+00
      7.104      0.007     0.0533      0.626     47.693  33.560192     1.2794      6.354   129.2370 1.2357e-01     8.2412      6.967     10.104    10.1951   999.7366 0.0000e+00
      7.106      0.007     0.0530      0.611     47.701  33.566479     1.2558      6.353   129.3635 1.2364e-01     8.2167      6.969     10.108    10.1913   999.7369 0.0000e+00
      7.108      0.006     0.0510      0.594     47.716  33.577495     1.2510      6.353   129.6462 1.2369e-01     8.2143      6.970     10.110    10.1842   999.7375 0.0000e+00
      7.109      0.006     0.0487      0.591     47.696  33.566478     1.2318      6.353   130.0747 1.2364e-01     8.2118      6.971     10.111    10.1790   999.7380 0.0000e+00
      7.110      0.005     0.0499      0.605     47.681  33.560179     1.1763      6.353   129.8122 1.2360e-01     8.2555      6.973     10.114    10.1810   999.7378 0.0000e+00
      7.112      0.005     0.0483      0.630     47.684  33.564803     1.1323      6.353   128.8811 1.2358e-01     8.2964      6.975     10.116    10.1830   999.7377 0.0000e+00
      7.112      0.005     0.0459      0.646     47.677  33.558930     1.1199      6.352   128.4535 1.2356e-01     8.2592      6.975     10.116    10.1811   999.7379 0.0000e+00
      7.113      0.005     0.0466      0.654     47.670  33.552622     1.1889      6.352   128.7717 1.2358e-01     8.2867      6.976     10.117    10.1836   999.7376 0.0000e+00
      7.115      0.005     0.0463      0.655     47.673  33.551983     1.3457      6.352   129.2012 1.2360e-01     8.3883      6.977     10.119    10.1908   999.7370 0.0000e+00
      7.116      0.006     0.0507      0.645     47.679  33.551203     1.4422      6.352   129.3438 1.2363e-01     8.3896      6.978     10.121    10.1940   999.7367 0.0000e+00
      7.118      0.008     0.0506      0.635     47.681  33.543191     1.4505      6.352   129.2061 1.2368e-01     8.3372      6.980     10.124    10.1909   999.7370 0.0000e+00
      7.119      0.010     0.0515      0.632     47.661  33.518555     1.4559      6.352   128.8264 1.2365e-01     8.3038      6.982     10.126    10.1898   999.7371 0.0000e+00
      7.122      0.011     0.0522      0.626     47.656  33.507122     1.4698      6.352   128.6254 1.2357e-01     8.2607      6.984     10.129    10.1894   999.7371 0.0000e+00
      7.127      0.013     0.0505      0.616     47.697  33.531849     1.4654      6.352   128.8408 1.2356e-01     8.2278      6.988     10.135    10.1833   999.7377 0.0000e+00
      7.131      0.013     0.0496      0.630     47.747  33.563714     1.4498      6.352   129.1073 1.2360e-01     8.1798      6.993     10.143    10.1734   999.7386 0.0000e+00
      7.133      0.013     0.0495      0.652     47.765  33.575131     1.4533      6.352   129.1801 1.2363e-01     8.1623      6.995     10.146    10.1591   999.7399 0.0000e+00
      7.136      0.012     0.0502      0.661     47.716  33.542989     1.5166      6.352   129.2047 1.2363e-01     8.3252      6.998     10.150    10.1497   999.7407 0.0000e+00
      7.140      0.012     0.0471      0.667     47.643  33.492346     1.6239      6.352   129.2320 1.2358e-01     8.5693      7.002     10.156    10.1503   999.7408 0.0000e+00
      7.142      0.011     0.0492      0.652     47.614  33.470438     1.6736      6.351   129.0799 1.2353e-01     8.6763      7.004     10.158    10.1447   999.7412 0.0000e+00
      7.145      0.011     0.0525      0.614     47.610  33.468457     1.6591      6.351   128.9149 1.2355e-01     8.6580      7.007     10.161    10.1406   999.7417 0.0000e+00
      7.148      0.012     0.0512      0.581     47.610  33.468395     1.6486      6.351   128.9585 1.2358e-01     8.5885      7.010     10.167    10.1480   999.7410 0.0000e+00
      7.151      0.012     0.0535      0.566     47.611  33.469695     1.6422      6.350   129.0911 1.2356e-01     8.4876      7.013     10.171    10.1478   999.7410 0.0000e+00
      7.154      0.012     0.0520      0.549     47.628  33.484165     1.6201      6.350   129.3136 1.2354e-01     8.4342      7.015     10.174    10.1433   999.7415 0.0000e+00
      7.157      0.013     0.0483      0.534     47.672  33.516452     1.5906      6.350   129.5824 1.2359e-01     8.4231      7.019     10.180    10.1466   999.7411 0.0000e+00
      7.161      0.013     0.0446      0.547     47.714  33.542815     1.5241      6.349   129.5877 1.2372e-01     8.3539      7.023     10.185    10.1465   999.7412 0.0000e+00
      7.164      0.014     0.0449      0.566     47.730  33.549110     1.4370      6.349   129.4638 1.2375e-01     8.2834      7.024     10.188    10.1449   999.7413 0.0000e+00
      7.167      0.015     0.0438      0.594     47.708  33.529102     1.4052      6.350   129.2897 1.2367e-01     8.2580      7.028     10.194    10.1496   999.7409 0.0000e+00
      7.171      0.015     0.0399      0.622     47.660  33.491256     1.4058      6.351   129.0317 1.2361e-01     8.2180      7.033     10.200    10.1526   999.7407 0.0000e+00
      7.175      0.014     0.0440      0.631     47.639  33.472229     1.3774      6.350   129.2694 1.2358e-01     8.3493      7.036     10.205    10.1479   999.7412 0.0000e+00
      7.179      0.013     0.0438      0.645     47.668  33.489402     1.3299      6.350   129.9271 1.2353e-01     8.7119      7.041     10.212    10.1418   999.7417 0.0000e+00
      7.183      0.012     0.0464      0.660     47.698  33.508528     1.3171      6.350   130.1868 1.2346e-01     8.9636      7.045     10.218    10.1376   999.7421 0.0000e+00
      7.186      0.011     0.0505      0.645     47.706  33.513113     1.3373      6.349   130.0862 1.2344e-01     8.9900      7.047     10.221    10.1329   999.7425 0.0000e+00
      7.189      0.010     0.0490      0.615     47.752  33.544838     1.3462      6.349   130.0011 1.2342e-01     8.9625      7.050     10.224    10.1284   999.7429 0.0000e+00
      7.191      0.009     0.0505      0.614     47.795  33.574853     1.3385      6.349   130.0179 1.2347e-01     8.9740      7.052     10.227    10.1253   999.7432 0.0000e+00
      7.192      0.008     0.0533      0.629     47.772  33.558753     1.3298      6.349   130.3750 1.2359e-01     8.9916      7.053     10.229    10.1230   999.7435 0.0000e+00
      7.195      0.007     0.0518      0.626     47.746  33.540543     1.3268      6.349   130.9637 1.2357e-01     8.9697      7.055     10.233    10.1218   999.7436 0.0000e+00
      7.197      0.007     0.0467      0.603     47.751  33.545025     1.3312      6.349   131.1990 1.2348e-01     8.9145      7.058     10.236    10.1215   999.7436 0.0000e+00
      7.199      0.006     0.0479      0.585     47.753  33.549494     1.3546      6.349   131.0690 1.2353e-01     8.7701      7.060     10.239    10.1213   999.7437 0.0000e+00
      7.199      0.006     0.0505      0.595     47.723  33.531125     1.4093      6.349   130.9414 1.2363e-01     8.5628      7.060     10.240    10.1212   999.7437 0.0000e+00
      7.200      0.006     0.0497      0.606     47.693  33.513298     1.4668      6.348   130.8600 1.2364e-01     8.4678      7.061     10.242    10.1215   999.7436 0.0000e+00
      7.202      0.006     0.0479      0.603     47.706  33.524299     1.4877      6.348   130.8598 1.2360e-01     8.4799      7.063     10.244    10.1225   999.7436 0.0000e+00
      7.203      0.007     0.0442      0.607     47.721  33.537240     1.4426      6.348   131.0248 1.2356e-01     8.5376      7.064     10.245    10.1251   999.7434 0.0000e+00
      7.204      0.009     0.0473      0.607     47.727  33.542861     1.3597      6.347   131.2197 1.2360e-01     8.6170      7.065     10.247    10.1290   999.7429 0.0000e+00
      7.207      0.010     0.0487      0.589     47.707  33.528814     1.3251      6.347   131.3242 1.2368e-01     8.6498      7.067     10.250    10.1318   999.7427 0.0000e+00
      7.210      0.011     0.0465      0.587     47.658  33.494308     1.3294      6.346   131.3412 1.2371e-01     8.6592      7.071     10.255    10.1339   999.7426 0.0000e+00
      7.214      0.011     0.0482      0.625     47.675  33.506361     1.3073      6.346   131.1674 1.2371e-01     8.6279      7.075     10.261    10.1365   999.7424 0.0000e+00
