Data/DataNotYetUploadedToEDI/Raw_CTD/RawDownloads/070620_fcr50.cnv
* Sea-Bird SBE19plus  Data File:
* FileName = C:\DATA\070620_fcr50_0001.hex
* Software version 2.8.0.119
* Temperature SN = 7809
* Conductivity SN = 7809
* System UpLoad Time = Jul 06 2020 11:11:28
* <ApplicationData>
* <Seaterm232>
# nquan = 16
# nvalues = 3787                        
# units = specified
# name 0 = depFM: Depth [fresh water, m]
# name 1 = dz/dtM: Descent Rate [m/s]
# name 2 = sbeox0ML/L: Oxygen, SBE 43 [ml/l]
# name 3 = sbeox0PS: Oxygen, SBE 43 [% saturation]
# name 4 = specc: Specific Conductance [uS/cm]
# name 5 = c0uS/cm: Conductivity [uS/cm]
# name 6 = flECO-AFL: Fluorescence, WET Labs ECO-AFL/FL [mg/m^3]
# name 7 = ph: pH
# name 8 = orp: Oxidation Reduction Potential [mV]
# name 9 = par/sat/log: PAR/Logarithmic, Satlantic
# name 10 = turbWETntu0: Turbidity, WET Labs ECO [NTU]
# name 11 = prdM: Pressure, Strain Gauge [db]
# name 12 = prdE: Pressure, Strain Gauge [psi]
# name 13 = tv290C: Temperature [ITS-90, deg C]
# name 14 = density00: Density [density, kg/m^3]
# name 15 = flag:  0.000e+00
# span 0 =     -0.625,      9.762       
# span 1 =     -0.312,      0.172       
# span 2 =     0.0300,     8.4177       
# span 3 =      0.414,    136.124       
# span 4 =      0.219,    153.798       
# span 5 =   0.232916, 109.153302       
# span 6 =    -3.2366,    24.4972       
# span 7 =      5.858,      8.846       
# span 8 = -1240.7455,   735.7006       
# span 9 = 1.2342e-01, 1.7418e+03       
# span 10 =    -6.1625,   561.5253      
# span 11 =     -0.613,      9.574      
# span 12 =     -0.889,     13.886      
# span 13 =    10.1096,    28.1269      
# span 14 =   996.2061,   999.7740      
# span 15 = 0.0000e+00, 0.0000e+00      
# interval = seconds: 0.25
# start_time = Jul 05 2020 21:24:12 [Instrument's time stamp, header]
# bad_flag = -9.990e-29
*END*
     -0.624 -4.313e-19     4.3893     80.293      0.256   0.272096    -0.9425      6.368 -1240.7455 7.3642e+01    -0.0229     -0.612     -0.888    28.1232   996.2072 0.0000e+00
     -0.624 -3.921e-20     4.3874     80.277      0.279   0.296043    -0.9316      6.364 -1240.7455 7.8429e+01    -0.0869     -0.612     -0.888    28.1235   996.2071 0.0000e+00
     -0.625 -3.565e-21     4.3885     80.285      0.269   0.285554    -0.9221      6.344 -1240.7455 8.1933e+01    -0.0839     -0.613     -0.889    28.1239   996.2070 0.0000e+00
     -0.625 -3.240e-22     4.3892     80.292      0.256   0.271960    -0.9318      6.330 -1240.7455 8.2946e+01    -0.0897     -0.613     -0.889    28.1244   996.2069 0.0000e+00
     -0.625 -2.923e-23     4.3882     80.285      0.243   0.258366    -0.9348      6.329 -1240.7455 8.7984e+01    -0.0881     -0.613     -0.889    28.1251   996.2067 0.0000e+00
     -0.625 -1.363e-25     4.3859     80.280      0.233   0.247878    -0.9293      6.319 -1240.7455 1.0637e+02    -0.0645     -0.613     -0.889    28.1258   996.2065 0.0000e+00
     -0.625 2.7715e-23     4.3874     80.270      0.256   0.271836    -0.9235      6.255 -1240.7455 1.3571e+02    -0.0786     -0.613     -0.889    28.1264   996.2062 0.0000e+00
     -0.625 3.0752e-22     4.3886     80.276      0.277   0.294670    -0.9218      6.113 -1240.7455 1.8132e+02    -0.0874     -0.613     -0.888    28.1269   996.2061 0.0000e+00
     -0.625 3.3830e-21     4.3865     80.295      0.255   0.270589    -0.9270      5.953 -1240.7455 2.7641e+02    -0.0678     -0.612     -0.888    28.1269   996.2062 0.0000e+00
     -0.625 3.7213e-20     4.3879     80.296      0.220   0.234048    -0.9292      5.861 -1240.7455 3.4261e+02    -0.0480     -0.613     -0.889    28.1267   996.2062 0.0000e+00
     -0.625 4.0934e-19     4.3859     80.296      0.219   0.232916    -0.9203      5.858 -1240.7455 4.0352e+02    -0.0549     -0.613     -0.889    28.1258   996.2065 0.0000e+00
     -0.625 4.5027e-18     4.3864     80.293      0.241   0.256904    -0.9140      5.917 -1240.7455 4.7466e+02    -0.1166     -0.613     -0.888    28.1247   996.2067 0.0000e+00
     -0.625 4.9530e-17     4.3894     80.287      0.255   0.270704    -0.9197      6.002 -1240.7455 3.9790e+02    -0.2098     -0.613     -0.888    28.1239   996.2070 0.0000e+00
     -0.625 5.4483e-16     4.3875     80.284      0.257   0.273080    -0.9229      6.087 -1240.7455 3.2535e+02    -0.2552     -0.613     -0.889    28.1227   996.2074 0.0000e+00
     -0.625 5.9931e-15     4.3887     80.292      0.269   0.285644    -0.9246      6.163 -1240.7455 4.0311e+02    -0.2868     -0.613     -0.888    28.1217   996.2077 0.0000e+00
     -0.625 6.5924e-14     4.3882     80.312      0.279   0.295926    -0.9299      6.227 -1240.7455 4.2713e+02    -0.3177     -0.613     -0.888    28.1205   996.2081 0.0000e+00
     -0.625 7.2517e-13     4.3881     80.333      0.255   0.270714    -0.9294      6.272 -1240.7455 2.7969e+02    -0.2854     -0.613     -0.888    28.1188   996.2084 0.0000e+00
     -0.624 7.9769e-12     4.3879     80.346      0.221   0.234184    -0.9198      6.302 -1240.7455 1.4489e+02    -0.2743     -0.612     -0.888    28.1167   996.2090 0.0000e+00
     -0.624 8.7745e-11     4.3883     80.344      0.221   0.234298    -0.9187      6.321 -1240.7455 1.1814e+02    -0.3208     -0.612     -0.888    28.1149   996.2095 0.0000e+00
     -0.624 9.6520e-10     4.3900     80.331      0.256   0.272095    -0.9255      6.331 -1240.7455 1.2664e+02    -0.3322     -0.612     -0.887    28.1139   996.2098 0.0000e+00
     -0.625 1.0617e-08     4.3910     80.308      0.292   0.311121    -0.9160      6.337 -1240.7455 1.4164e+02    -0.3091     -0.613     -0.888    28.1129   996.2102 0.0000e+00
     -0.625 1.1679e-07     4.3927     80.308      0.307   0.326101    -0.9089      6.340 -1240.7453 1.4877e+02    -0.3162     -0.613     -0.888    28.1112   996.2106 0.0000e+00
     -0.624      0.000     4.3913     80.326      0.307   0.326524    -0.9249      6.342 -1240.7428 1.5632e+02    -0.3495     -0.612     -0.888    28.1101   996.2109 0.0000e+00
     -0.624      0.000     4.3922     80.331      0.297   0.316242    -0.9283      6.344 -1240.7160 1.6851e+02    -0.4021     -0.612     -0.887    28.1099   996.2110 0.0000e+00
     -0.624      0.000     4.3890     80.343      0.309   0.328470    -0.9117      6.339 -1240.4213 1.7393e+02    -0.8153     -0.612     -0.887    28.1103   996.2109 0.0000e+00
     -0.624      0.002     4.3893     80.358      0.566   0.601050    -0.9156      6.277 -1237.1790 1.7172e+02    -1.5693     -0.612     -0.888    28.1096   996.2111 0.0000e+00
     -0.624      0.009     4.3920     80.357      3.287   3.485298    -0.9372      6.400 -1201.5135 1.8082e+02    -1.9991     -0.612     -0.888    28.1098   996.2110 0.0000e+00
     -0.624      0.027     4.3905     80.354     11.049  11.695003    -1.0017      6.834  -809.1935 2.2809e+02    -2.1330     -0.612     -0.888    28.1089   996.2112 0.0000e+00
     -0.623      0.056     4.3918     80.370     22.011  23.243729    -1.5906      7.185   -97.8561 5.8268e+02    -3.1877     -0.613     -0.888    28.1103   996.2110 0.0000e+00
     -0.618      0.090     4.3932     80.390     30.473  32.107018    -2.6589      7.418   275.6719 1.2095e+03    -5.1736     -0.612     -0.887    28.1084   996.2114 0.0000e+00
     -0.594      0.123     4.3926     80.399     33.246  34.951687    -3.2366      7.699   296.6776 1.5471e+03    -6.1625     -0.594     -0.862    28.1125   996.2105 0.0000e+00
     -0.546      0.150     4.3966     80.394     33.006  34.611757    -3.2354      7.974   294.3869 1.5993e+03    -4.8789     -0.539     -0.782    28.0463   996.2310 0.0000e+00
     -0.487      0.167     4.4133     80.375     32.600  34.088372    -2.6827      8.189   291.5972 1.6305e+03    10.2436     -0.473     -0.685    27.8517   996.2899 0.0000e+00
     -0.432      0.172     4.4282     80.366     32.371  33.762929    -1.6654      8.346   288.0710 1.4388e+03    37.9780     -0.422     -0.613    27.6778   996.3423 0.0000e+00
     -0.386      0.166     4.4371     80.398     32.269  33.595457    -1.1105      8.485   283.0700 1.2376e+03    53.0113     -0.377     -0.547    27.5676   996.3736 0.0000e+00
     -0.348      0.150     4.4480     80.465     32.235  33.522725    -1.0375      8.606   278.3661 1.4522e+03    53.1673     -0.337     -0.488    27.4327   996.4111 0.0000e+00
     -0.318      0.131     4.4596     80.562     32.311  33.581416    -0.7353      8.694   274.6462 1.6999e+03    40.0713     -0.314     -0.455    27.2666   996.4574 0.0000e+00
     -0.288      0.113     4.4691     80.698     32.408  33.670563    -0.1947      8.753   271.3907 1.7316e+03    15.8985     -0.284     -0.411    27.1270   996.4961 0.0000e+00
     -0.257      0.097     4.4787     80.869     32.455  33.712289     0.1008      8.801   269.4622 1.7194e+03     2.7362     -0.250     -0.362    27.0372   996.5210 0.0000e+00
     -0.232      0.086     4.4869     81.033     32.513  33.768660     0.1392      8.836   269.3975 1.7041e+03     1.5379     -0.225     -0.327    26.9822   996.5361 0.0000e+00
     -0.215      0.077     4.4942     81.170     32.649  33.907988     0.1455      8.846   269.6619 1.6882e+03     1.4107     -0.209     -0.303    26.9543   996.5439 0.0000e+00
     -0.202      0.068     4.5029     81.321     32.801  34.064431     0.1676      8.832   269.0444 1.4851e+03     1.4041     -0.198     -0.289    26.9386   996.5483 0.0000e+00
     -0.189      0.058     4.5144     81.491     32.872  34.137376     0.2254      8.816   268.4708 1.2981e+03     1.3892     -0.189     -0.274    26.9295   996.5509 0.0000e+00
     -0.171      0.048     4.5251     81.643     32.882  34.155453     0.2629      8.809   268.0610 1.4946e+03     1.3679     -0.168     -0.243    26.9239   996.5525 0.0000e+00
     -0.154      0.039     4.5308     81.748     32.809  34.092666     0.2679      8.809   267.1874 1.7087e+03     1.3514     -0.146     -0.211    26.9218   996.5533 0.0000e+00
     -0.145      0.030     4.5398     81.796     32.601  33.885848     0.2951      8.809   266.1678 1.7329e+03     1.2930     -0.140     -0.202    26.9208   996.5536 0.0000e+00
     -0.143      0.020     4.5505     81.796     32.348  33.621809     0.3530      8.804   265.3693 1.7373e+03     1.2120     -0.140     -0.203    26.9137   996.5555 0.0000e+00
     -0.143      0.012     4.5590     81.715     32.176  33.438191     0.3957      8.797   264.6738 1.7390e+03     1.1606     -0.140     -0.203    26.9243   996.5527 0.0000e+00
     -0.142      0.008     4.5621     81.409     32.184  33.442311     0.4113      8.789   264.0401 1.7408e+03     1.1536     -0.139     -0.202    26.9544   996.5444 0.0000e+00
     -0.142      0.010     4.5641     81.196     32.343  33.608165     0.4081      8.772   263.4719 1.7418e+03     1.1610     -0.139     -0.200    26.9700   996.5400 0.0000e+00
     -0.141      0.014     4.5625     82.076     32.577  33.857285     0.3946      8.748   262.2769 1.7411e+03     1.1467     -0.138     -0.201    26.9660   996.5410 0.0000e+00
     -0.138      0.018     4.5653     84.346     32.929  34.233665     0.3920      8.729   260.5188 1.7331e+03     1.1528     -0.137     -0.200    26.9539   996.5443 0.0000e+00
     -0.129      0.023     4.5488     87.086     33.276  34.605702     0.4041      8.717   259.6808 1.6791e+03     1.1656     -0.127     -0.184    26.9433   996.5472 0.0000e+00
     -0.119      0.026     4.5050     89.406     33.395  34.738815     0.4364      8.704   259.6300 1.4970e+03     1.1302     -0.115     -0.166    26.9458   996.5467 0.0000e+00
     -0.113      0.026     4.5430     91.028     33.296  34.637547     0.4872      8.692   258.8721 1.1732e+03     1.1019     -0.112     -0.162    26.9582   996.5434 0.0000e+00
     -0.107      0.024     4.6983     92.028     33.069  34.396530     0.5230      8.681   257.7452 8.1594e+02     1.1322     -0.107     -0.156    26.9728   996.5395 0.0000e+00
     -0.099      0.020     4.8677     92.708     32.864  34.172415     0.5351      8.670   257.5347 5.3981e+02     1.1884     -0.096     -0.139    26.9927   996.5342 0.0000e+00
     -0.093      0.016     4.9973     93.244     32.791  34.085131     0.5476      8.661   257.9613 3.9187e+02     1.1978     -0.090     -0.130    27.0101   996.5294 0.0000e+00
     -0.091      0.012     5.0881     93.502     32.756  34.039141     0.5687      8.657   257.9989 3.5511e+02     1.1432     -0.089     -0.131    27.0119   996.5290 0.0000e+00
     -0.091      0.011     5.1354     93.373     32.663  33.933588     0.5899      8.657   257.8173 3.7999e+02     1.1117     -0.089     -0.129    27.0015   996.5317 0.0000e+00
     -0.090      0.011     5.1702     92.936     32.566  33.824091     0.6039      8.654   258.0022 4.2154e+02     1.1598     -0.088     -0.128    26.9850   996.5362 0.0000e+00
     -0.089      0.013     5.2075     92.246     32.482  33.730414     0.6431      8.644   258.2552 4.6052e+02     1.2101     -0.087     -0.127    26.9657   996.5415 0.0000e+00
     -0.086      0.016     5.2264     91.264     32.387  33.625793     0.7006      8.631   258.2093 4.9193e+02     1.1701     -0.086     -0.125    26.9510   996.5456 0.0000e+00
     -0.080      0.018     5.2165     89.944     32.400  33.637762     0.7172      8.620   257.7914 5.1423e+02     1.0889     -0.079     -0.115    26.9392   996.5488 0.0000e+00
     -0.071      0.020     5.1925     88.327     32.565  33.811672     0.7207      8.610   257.1599 5.3118e+02     1.0863     -0.069     -0.100    26.9252   996.5526 0.0000e+00
     -0.066      0.021     5.1565     86.577     32.755  34.015384     0.7430      8.603   256.4249 5.4245e+02     1.1387     -0.064     -0.093    26.9138   996.5557 0.0000e+00
     -0.062      0.021     5.1033     84.996     32.923  34.197319     0.7768      8.598   255.5289 5.5067e+02     1.1730     -0.061     -0.088    26.9053   996.5580 0.0000e+00
     -0.057      0.020     5.0302     84.059     33.076  34.361725     0.8045      8.594   254.7597 5.5848e+02     1.1579     -0.056     -0.081    26.9006   996.5594 0.0000e+00
     -0.053      0.020     4.9350     84.057     33.187  34.480372     0.8025      8.589   254.2661 5.6350e+02     1.0931     -0.052     -0.075    26.9063   996.5579 0.0000e+00
     -0.048      0.020     4.8325     84.762     33.255  34.553196     0.8004      8.583   253.6905 5.6791e+02     1.0761     -0.048     -0.069    26.9173   996.5550 0.0000e+00
     -0.042      0.019     4.7315     85.810     33.305  34.607714     0.8072      8.581   253.0482 5.6987e+02     1.1246     -0.041     -0.060    26.9288   996.5519 0.0000e+00
     -0.035      0.017     4.6695     87.026     33.327  34.631922     0.8087      8.583   252.7806 5.6447e+02     1.1649     -0.035     -0.050    26.9378   996.5494 0.0000e+00
     -0.030      0.015     4.6772     88.280     33.289  34.592091     0.8089      8.586   252.8640 5.5364e+02     1.1509     -0.029     -0.042    26.9428   996.5482 0.0000e+00
     -0.027      0.013     4.7251     89.346     33.208  34.506835     0.7996      8.587   253.0244 5.3556e+02     1.0931     -0.026     -0.038    26.9464   996.5472 0.0000e+00
     -0.026      0.010     4.7851     90.046     33.132  34.425980     0.7923      8.586   253.0849 5.1006e+02     1.0842     -0.025     -0.037    26.9496   996.5464 0.0000e+00
     -0.025      0.008     4.8542     90.367     33.086  34.375902     0.7968      8.582   252.9929 4.7974e+02     1.1114     -0.024     -0.035    26.9519   996.5457 0.0000e+00
     -0.023      0.006     4.9298     90.404     33.060  34.345506     0.7965      8.577   252.8586 4.4439e+02     1.0786     -0.022     -0.033    26.9518   996.5458 0.0000e+00
     -0.021      0.006     4.9939     90.218     33.030  34.312268     0.7986      8.572   252.7512 4.0909e+02     1.0305     -0.020     -0.029    26.9494   996.5464 0.0000e+00
     -0.019      0.005     5.0326     89.748     33.012  34.291276     0.8222      8.567   252.7268 3.7674e+02     1.0799     -0.019     -0.027    26.9459   996.5473 0.0000e+00
     -0.018      0.004     5.0488     88.966     33.005  34.282045     0.8523      8.564   253.0804 3.4811e+02     1.1608     -0.018     -0.027    26.9423   996.5483 0.0000e+00
     -0.017      0.004     5.0486     88.014     32.990  34.264106     0.8667      8.562   253.9295 3.2626e+02     1.1502     -0.017     -0.025    26.9388   996.5492 0.0000e+00
     -0.016      0.003     5.0412     87.085     32.991  34.264730     0.8629      8.560   254.5605 3.2081e+02     1.1231     -0.016     -0.023    26.9345   996.5505 0.0000e+00
     -0.016      0.002     5.0169     86.260     33.014  34.289590     0.8541      8.559   254.3432 3.4285e+02     1.1421     -0.016     -0.023    26.9315   996.5513 0.0000e+00
     -0.016      0.002     4.9697     85.503     33.033  34.310876     0.8559      8.558   253.3676 3.9034e+02     1.1738     -0.016     -0.023    26.9289   996.5520 0.0000e+00
     -0.015      0.002     4.9125     84.845     33.050  34.331747     0.8652      8.558   251.9698 4.6130e+02     1.1973     -0.014     -0.021    26.9245   996.5532 0.0000e+00
     -0.015      0.002     4.8588     84.387     33.066  34.351588     0.8707      8.558   250.8653 5.4979e+02     1.1867     -0.014     -0.021    26.9224   996.5538 0.0000e+00
     -0.015      0.003     4.8151     84.196     33.071  34.360423     0.8657      8.558   250.3380 6.4043e+02     1.1479     -0.014     -0.021    26.9240   996.5533 0.0000e+00
     -0.014      0.005     4.7716     84.296     33.082  34.375126     0.8619      8.557   249.7244 7.3764e+02     1.1059     -0.014     -0.020    26.9276   996.5524 0.0000e+00
     -0.013      0.006     4.7314     84.668     33.105  34.402466     0.8725      8.557   249.0387 8.6421e+02     1.0907     -0.013     -0.019    26.9327   996.5510 0.0000e+00
     -0.011      0.009     4.7049     85.253     33.136  34.437186     0.8801      8.554   248.8450 9.9738e+02     1.1013     -0.011     -0.016    26.9372   996.5497 0.0000e+00
