Data/DataNotYetUploadedToEDI/Raw_CTD/RawDownloads/070819_fcr30.cnv
* Sea-Bird SBE19plus  Data File:
* FileName = C:\DATA\070819_fcr50_0004.hex
* Software version 2.8.0.119
* Temperature SN = 7809
* Conductivity SN = 7809
* System UpLoad Time = Jul 08 2019 15:01:52
* <ApplicationData>
* <Seaterm232>
# nquan = 18
# nvalues = 699                         
# units = specified
# name 0 = depFM: Depth [fresh water, m]
# name 1 = tv290C: Temperature [ITS-90, deg C]
# name 2 = sbeox0Mg/L: Oxygen, SBE 43 [mg/l]
# name 3 = sbeox0PS: Oxygen, SBE 43 [% saturation]
# name 4 = c0uS/cm: Conductivity [uS/cm]
# name 5 = specc: Specific Conductance [uS/cm]
# name 6 = ph: pH
# name 7 = orp: Oxidation Reduction Potential [mV]
# name 8 = flECO-AFL: Fluorescence, WET Labs ECO-AFL/FL [mg/m^3]
# name 9 = turbWETntu0: Turbidity, WET Labs ECO [NTU]
# name 10 = sal00: Salinity, Practical [PSU]
# name 11 = dz/dtM: Descent Rate [m/s]
# name 12 = prdM: Pressure, Strain Gauge [db]
# name 13 = prdE: Pressure, Strain Gauge [psi]
# name 14 = scan: Scan Count
# name 15 = par/sat/log: PAR/Logarithmic, Satlantic
# name 16 = density00: Density [density, kg/m^3]
# name 17 = flag:  0.000e+00
# span 0 =     -0.607,      5.346       
# span 1 =    10.8775,    27.2661       
# span 2 =     0.1344,    13.8567       
# span 3 =      1.261,    158.633       
# span 4 =   2.336735,  37.503497       
# span 5 =      2.723,     46.978       
# span 6 =      6.065,      7.282       
# span 7 =   -21.9313,   311.5154       
# span 8 =    -0.2628,     8.4616       
# span 9 =    -1.9697,    39.7611       
# span 10 =     0.0122,     0.0248      
# span 11 =     -0.267,      0.262      
# span 12 =     -0.594,      5.243      
# span 13 =     -0.862,      7.604      
# span 14 =          1,        699      
# span 15 = 1.5855e+00, 2.5819e+03      
# span 16 =   996.4592,   999.6615      
# span 17 = 0.0000e+00, 0.0000e+00      
# interval = seconds: 0.25
# start_time = Jul 08 2019 11:25:12 [Instrument's time stamp, header]
# bad_flag = -9.990e-29
*END*
[from data line 644]
      5.035    11.1141     2.5075     22.754  28.566179     39.509      6.711   306.8968     1.0991    12.7241     0.0208      0.036      4.939      7.163        645 3.1326e+00   999.6330 0.0000e+00
      5.046    11.0960     2.5171     22.838  28.489885     39.442      6.711   306.9725     0.9084    11.4263     0.0208      0.037      4.949      7.178        646 2.9925e+00   999.6338 0.0000e+00
      5.060    11.0765     2.5233     22.890  28.460141     39.379      6.711   307.1996     0.8969    11.3974     0.0207      0.039      4.960      7.195        647 2.9386e+00   999.6353 0.0000e+00
      5.069    11.0655     2.5329     22.973  28.514327     39.515      6.710   307.5025     0.8740    11.3542     0.0208      0.038      4.970      7.209        648 2.9107e+00   999.6373 0.0000e+00
      5.075    11.0635     2.5377     23.013  28.511332     39.498      6.708   307.4268     0.8893    11.4263     0.0208      0.035      4.978      7.221        649 2.8479e+00   999.6393 0.0000e+00
      5.086    11.0626     2.5382     23.013  28.493500     39.510      6.709   307.6918     0.9122    11.3974     0.0208      0.034      4.988      7.235        650 2.7724e+00   999.6405 0.0000e+00
      5.096    11.0566     2.5434     23.056  28.506898     39.512      6.709   307.6161     0.9312    11.0081     0.0208      0.037      4.997      7.247        651 2.7502e+00   999.6407 0.0000e+00
      5.102    11.0505     2.5515     23.124  28.494659     39.513      6.708   307.9947     0.8816    10.8927     0.0208      0.038      5.004      7.257        652 2.7093e+00   999.6408 0.0000e+00
      5.109    11.0448     2.5544     23.149  28.449484     39.442      6.708   307.9947     0.8969    11.0081     0.0207      0.036      5.011      7.268        653 2.6295e+00   999.6415 0.0000e+00
      5.119    11.0339     2.5557     23.162  28.444624     39.449      6.708   307.8432     0.9084    11.0514     0.0207      0.034      5.019      7.281        654 2.5891e+00   999.6421 0.0000e+00
      5.127    11.0236     2.5478     23.086  28.411839     39.416      6.708   308.3354     0.9007    10.7630     0.0207      0.033      5.028      7.293        655 2.5545e+00   999.6427 0.0000e+00
      5.135    11.0172     2.5205     22.830  28.371792     39.351      6.710   308.1461     0.8931    10.7341     0.0207      0.033      5.036      7.304        656 2.5272e+00   999.6439 0.0000e+00
      5.143    11.0108     2.4926     22.573  28.346346     39.362      6.707   308.4868     0.9007    10.7341     0.0207      0.032      5.044      7.315        657 2.4492e+00   999.6450 0.0000e+00
      5.150    11.0023     2.4567     22.246  28.325013     39.292      6.707   308.3354     0.8740    10.6764     0.0206      0.031      5.051      7.326        658 2.4273e+00   999.6456 0.0000e+00
      5.157    10.9945     2.4176     21.888  28.427965     39.492      6.708   308.3354     0.8969    10.1429     0.0207      0.031      5.057      7.336        659 2.4267e+00   999.6464 0.0000e+00
      5.163    10.9872     2.3711     21.459  28.514466     39.579      6.707   308.4111     0.8855    10.0852     0.0208      0.031      5.066      7.347        660 2.3586e+00   999.6473 0.0000e+00
      5.177    10.9777     2.3345     21.122  28.602481     39.743      6.706   308.3354     0.9236    10.0708     0.0208      0.031      5.078      7.364        661 2.2774e+00   999.6482 0.0000e+00
      5.191    10.9684     2.2956     20.768  28.792424     39.984      6.703   308.7139     0.8855     9.9987     0.0209      0.033      5.090      7.383        662 2.2082e+00   999.6491 0.0000e+00
      5.202    10.9661     2.2735     20.563  28.900201     40.188      6.701   308.6382     0.9122     9.4940     0.0210      0.036      5.100      7.398        663 2.1855e+00   999.6502 0.0000e+00
      5.210    10.9678     2.2503     20.351  28.853476     40.082      6.703   308.7897     0.9045     9.4652     0.0210      0.038      5.109      7.411        664 2.1364e+00   999.6511 0.0000e+00
      5.218    10.9600     2.2278     20.159  28.909824     40.201      6.703   308.9789     0.9160     9.3642     0.0210      0.039      5.117      7.422        665 2.1271e+00   999.6514 0.0000e+00
      5.228    10.9450     2.2058     19.974  28.978203     40.277      6.702   308.5625     0.8931     9.3498     0.0211      0.040      5.127      7.435        666 2.0742e+00   999.6513 0.0000e+00
      5.237    10.9360     2.1854     19.790  29.035005     40.363      6.698   308.8275     0.8435     7.8502     0.0211      0.040      5.136      7.448        667 2.0213e+00   999.6522 0.0000e+00
      5.244    10.9322     2.1680     19.629  29.046512     40.419      6.697   308.8275     0.8511     7.8357     0.0211      0.039      5.143      7.460        668 2.0402e+00   999.6537 0.0000e+00
      5.252    10.9237     2.1515     19.477  28.993512     40.313      6.696   308.6382     0.8435     7.8357     0.0211      0.036      5.152      7.472        669 1.9918e+00   999.6547 0.0000e+00
      5.265    10.9084     2.1354     19.329  29.071340     40.472      6.696   308.4111     0.8359     7.7637     0.0211      0.035      5.162      7.486        670 1.9250e+00   999.6551 0.0000e+00
      5.272    10.8969     2.1284     19.264  29.275533     40.715      6.694   308.3354     0.8473     7.8790     0.0212      0.035      5.170      7.499        671 1.9006e+00   999.6561 0.0000e+00
      5.280    10.8932     2.1223     19.203  29.361529     40.926      6.696   308.7518     0.9084     7.8646     0.0213      0.035      5.178      7.510        672 1.8764e+00   999.6577 0.0000e+00
      5.290    10.8828     2.1160     19.142  29.290202     40.746      6.695   308.5625     0.9007     7.8069     0.0212      0.035      5.187      7.523        673 1.7878e+00   999.6589 0.0000e+00
      5.299    10.8775     2.1213     19.186  29.364303     40.943      6.695   308.2218     0.9236     7.8646     0.0213      0.035      5.196      7.537        674 1.7457e+00   999.6594 0.0000e+00
      5.307    10.9024     2.1257     19.225  29.328566     40.839      6.693   307.9568     0.8816     7.7492     0.0213      0.035      5.203      7.547        675 1.7442e+00   999.6604 0.0000e+00
      5.310    10.9306     2.1319     19.286  29.305054     40.846      6.691   307.8811     0.9465     7.5618     0.0213      0.034      5.207      7.553        676 1.7384e+00   999.6609 0.0000e+00
      5.313    10.9328     2.1349     19.325  29.304687     40.817      6.690   307.3889     0.9541     7.6195     0.0213      0.031      5.210      7.557        677 1.7360e+00   999.6585 0.0000e+00
      5.315    10.9268     2.1283     19.274  29.269765     40.706      6.687   307.5404     0.9961     7.5618     0.0212      0.026      5.213      7.560        678 1.7318e+00   999.6556 0.0000e+00
      5.317    10.9201     2.1108     19.117  29.378131     40.899      6.689   307.6161     0.9618     7.5329     0.0213      0.023      5.215      7.563        679 1.7521e+00   999.6554 0.0000e+00
      5.319    10.9143     2.0821     18.859  29.406827     40.905      6.686   307.5404     1.0113     7.5185     0.0213      0.018      5.217      7.566        680 1.7499e+00   999.6560 0.0000e+00
      5.322    10.9098     2.0332     18.416  29.382181     40.913      6.686   307.4268     1.0342     7.5906     0.0213      0.014      5.220      7.570        681 1.7188e+00   999.6567 0.0000e+00
      5.326    10.8988     1.9741     17.882  29.319929     40.803      6.686   307.0482     1.0266     7.6195     0.0213      0.011      5.223      7.575        682 1.6947e+00   999.6573 0.0000e+00
      5.328    10.8877     1.9158     17.360  29.306550     40.808      6.683   307.0861     1.0190     7.5474     0.0213      0.010      5.225      7.579        683 1.6963e+00   999.6578 0.0000e+00
      5.331    10.8808     1.8596     16.856  29.517336     41.093      6.681   307.5404     1.0686     8.2107     0.0214      0.010      5.228      7.583        684 1.7023e+00   999.6590 0.0000e+00
      5.333    10.8792     1.8178     16.482  29.857505     41.611      6.682   307.1239     1.0648     8.2972     0.0216      0.010      5.230      7.585        685 1.6835e+00   999.6603 0.0000e+00
      5.334    10.8917     1.7856     16.194  30.216387     42.086      6.681   306.9725     1.1105     8.3260     0.0218      0.010      5.231      7.587        686 1.6709e+00   999.6611 0.0000e+00
      5.336    10.9171     1.7898     16.237  30.729799     42.828      6.679   307.2375     1.1105     8.2828     0.0221      0.010      5.233      7.589        687 1.6695e+00   999.6615 0.0000e+00
      5.337    10.9343 -9.990e-29 -9.990e-29  31.085076     43.319      6.676   306.9346     1.0152     8.9461     0.0223      0.009      5.234      7.591        688 1.6675e+00   999.6605 0.0000e+00
      5.339    10.9387 -9.990e-29 -9.990e-29  30.988968     43.132      6.678   306.7075     1.0381     8.8307     0.0223      0.008      5.235      7.593        689 1.6798e+00   999.6579 0.0000e+00
      5.339    10.9435 -9.990e-29 -9.990e-29  30.997531     43.111      6.675   306.9346     1.0266     9.1191     0.0223      0.007      5.236      7.594        690 1.6669e+00   999.6561 0.0000e+00
      5.340    10.9450 -9.990e-29 -9.990e-29  31.133668     43.339      6.676   307.0104     1.0342     8.8596     0.0224      0.005      5.236      7.595        691 1.6401e+00   999.6558 0.0000e+00
      5.340    10.9487 -9.990e-29 -9.990e-29  30.878802     42.945      6.674   306.9346     1.0113     8.8740     0.0222      0.004      5.236      7.595        692 1.6511e+00   999.6552 0.0000e+00
      5.340    10.9624 -9.990e-29 -9.990e-29  30.396253     42.283      6.672   307.0482     1.0152     8.1674     0.0219      0.004      5.237      7.595        693 1.6414e+00   999.6548 0.0000e+00
      5.341    10.9765 -9.990e-29 -9.990e-29  30.104691     41.852      6.672   306.8968     1.0228     8.3116     0.0217      0.003      5.238      7.596        694 1.6319e+00   999.6544 0.0000e+00
      5.342    10.9870 -9.990e-29 -9.990e-29  30.026941     41.757      6.673   306.8211     1.0381     8.3260     0.0217      0.002      5.239      7.598        695 1.6426e+00   999.6529 0.0000e+00
      5.343    11.0013 -9.990e-29 -9.990e-29  29.870852     41.509      6.675   307.0482     1.0342     8.2107     0.0216      0.003      5.240      7.600        696 1.6170e+00   999.6513 0.0000e+00
      5.345    11.0111 -9.990e-29 -9.990e-29  29.736038     41.302      6.670   307.1239     1.0838     8.0665     0.0215      0.003      5.241      7.602        697 1.6041e+00   999.6503 0.0000e+00
      5.346 -9.990e-29 -9.990e-29 -9.990e-29  29.661440     41.210      6.670   307.0104     1.1182     8.0953     0.0215      0.003      5.243      7.604        698 1.5977e+00   999.6488 0.0000e+00
      5.346 -9.990e-29 -9.990e-29 -9.990e-29  29.578546     41.041      6.671   307.3511     1.0876     8.1097     0.0214      0.004      5.243      7.604        699 1.5855e+00   999.6478 0.0000e+00
