Data/DataNotYetUploadedToEDI/Raw_CTD/RawDownloads/070819_fcr30.cnv
* Sea-Bird SBE19plus  Data File:
* FileName = C:\DATA\070819_fcr50_0004.hex
* Software version 2.8.0.119
* Temperature SN = 7809
* Conductivity SN = 7809
* System UpLoad Time = Jul 08 2019 15:01:52
* <ApplicationData>
* <Seaterm232>
# nquan = 18
# nvalues = 699                         
# units = specified
# name 0 = depFM: Depth [fresh water, m]
# name 1 = tv290C: Temperature [ITS-90, deg C]
# name 2 = sbeox0Mg/L: Oxygen, SBE 43 [mg/l]
# name 3 = sbeox0PS: Oxygen, SBE 43 [% saturation]
# name 4 = c0uS/cm: Conductivity [uS/cm]
# name 5 = specc: Specific Conductance [uS/cm]
# name 6 = ph: pH
# name 7 = orp: Oxidation Reduction Potential [mV]
# name 8 = flECO-AFL: Fluorescence, WET Labs ECO-AFL/FL [mg/m^3]
# name 9 = turbWETntu0: Turbidity, WET Labs ECO [NTU]
# name 10 = sal00: Salinity, Practical [PSU]
# name 11 = dz/dtM: Descent Rate [m/s]
# name 12 = prdM: Pressure, Strain Gauge [db]
# name 13 = prdE: Pressure, Strain Gauge [psi]
# name 14 = scan: Scan Count
# name 15 = par/sat/log: PAR/Logarithmic, Satlantic
# name 16 = density00: Density [density, kg/m^3]
# name 17 = flag:  0.000e+00
# span 0 =     -0.607,      5.346       
# span 1 =    10.8775,    27.2661       
# span 2 =     0.1344,    13.8567       
# span 3 =      1.261,    158.633       
# span 4 =   2.336735,  37.503497       
# span 5 =      2.723,     46.978       
# span 6 =      6.065,      7.282       
# span 7 =   -21.9313,   311.5154       
# span 8 =    -0.2628,     8.4616       
# span 9 =    -1.9697,    39.7611       
# span 10 =     0.0122,     0.0248      
# span 11 =     -0.267,      0.262      
# span 12 =     -0.594,      5.243      
# span 13 =     -0.862,      7.604      
# span 14 =          1,        699      
# span 15 = 1.5855e+00, 2.5819e+03      
# span 16 =   996.4592,   999.6615      
# span 17 = 0.0000e+00, 0.0000e+00      
# interval = seconds: 0.25
# start_time = Jul 08 2019 11:25:12 [Instrument's time stamp, header]
# bad_flag = -9.990e-29
*END*
[from data line 161]
      0.130    26.7519     4.8217     60.236  36.313965     35.081      6.791   230.8037     2.2397     2.3851     0.0241      0.001      0.128      0.185        162 1.6085e+03   996.6007 0.0000e+00
      0.130    26.7501     4.8081     60.063  36.324616     35.083      6.791   231.2580     2.2473     2.3851     0.0241      0.001      0.128      0.185        163 1.7184e+03   996.6012 0.0000e+00
      0.130    26.7483     4.7929     59.872  36.364238     35.138      6.791   231.0309     2.1901     2.3707     0.0242      0.000      0.128      0.185        164 1.4991e+03   996.6017 0.0000e+00
      0.130    26.7462     4.7785     59.690  36.383194     35.139      6.792   231.1823     2.1558     2.4283     0.0242      0.000      0.128      0.185        165 1.2553e+03   996.6022 0.0000e+00
      0.129    26.7443     4.7681     59.562  36.389929     35.167      6.793   231.2580     2.1672     2.3130     0.0242     -0.000      0.128      0.185        166 1.0480e+03   996.6027 0.0000e+00
      0.130    26.7422     4.7630     59.503  36.326222     35.088      6.792   231.4851     2.1787     2.4283     0.0241     -0.000      0.128      0.185        167 1.1920e+03   996.6033 0.0000e+00
      0.131    26.7405     4.7653     59.535  36.314307     35.089      6.793   231.5609     2.1024     2.4139     0.0241      0.000      0.129      0.187        168 1.9899e+03   996.6037 0.0000e+00
      0.134    26.7393     4.7683     59.574  36.315856     35.090      6.795   231.6744     2.1138     2.2986     0.0241      0.001      0.132      0.191        169 1.6937e+03   996.6043 0.0000e+00
      0.137    26.7388     4.7698     59.595  36.324295     35.091      6.796   231.7501     2.1214     2.4572     0.0241      0.003      0.134      0.194        170 8.2567e+02   996.6048 0.0000e+00
      0.138    26.7396     4.7963     59.993  36.333440     35.119      6.791   231.5230     2.0947     2.5004     0.0242      0.004      0.135      0.196        171 9.3869e+02   996.6052 0.0000e+00
      0.138    26.7389     5.0876     63.823  36.274842     35.039      6.798   231.9016     2.0451     2.5149     0.0241      0.005      0.136      0.197        172 1.3398e+03   996.6053 0.0000e+00
      0.139    26.7364     5.7829     72.699  36.308318     35.092      6.800   231.8259     2.0604     2.4428     0.0241      0.006      0.137      0.198        173 9.6604e+02   996.6051 0.0000e+00
      0.140    26.7344     6.6359     83.523  36.321414     35.093      6.800   232.0909     2.0871     2.4860     0.0241      0.006      0.137      0.199        174 1.1865e+03   996.6053 0.0000e+00
      0.140    26.7337     7.4645     94.014  36.317813     35.094      6.803   232.2423     2.0490     2.3995     0.0241      0.005      0.137      0.199        175 1.8246e+03   996.6059 0.0000e+00
      0.139    26.7347     8.2176    103.536  36.312799     35.096      6.805   232.4316     2.0642     2.4572     0.0241      0.004      0.137      0.199        176 1.5011e+03   996.6065 0.0000e+00
      0.141    26.7385     8.7620    110.415  36.357288     35.123      6.805   231.8259     2.0680     2.4860     0.0242      0.003      0.139      0.202        177 1.1803e+03   996.6067 0.0000e+00
      0.147    26.7415     9.1252    115.004  36.351351     35.149      6.804   232.0530     2.0375     2.6014     0.0242      0.003      0.144      0.209        178 1.3002e+03   996.6064 0.0000e+00
      0.151    26.7443     9.3074    117.310  36.290554     35.039      6.792   232.4694     2.0680     2.4428     0.0241      0.005      0.148      0.214        179 1.3038e+03   996.6054 0.0000e+00
      0.153    26.7451     9.2948    117.154  36.284776     35.091      6.786   232.2801     2.0451     2.4139     0.0241      0.007      0.150      0.217        180 1.0544e+03   996.6046 0.0000e+00
      0.154    26.8127     9.1640    115.507  36.299271     35.035      6.785   232.4694     2.1024     2.5293     0.0241      0.008      0.151      0.219        181 1.0344e+03   996.6038 0.0000e+00
      0.155    26.9675     9.0044    113.497  36.835568     35.601      6.787   232.8480     2.1176     2.5004     0.0243      0.009      0.151      0.219        182 1.6550e+03   996.6038 0.0000e+00
      0.154    27.0901     8.8578    111.651  37.365802     36.070      6.789   232.5073     2.1024     2.3851     0.0246      0.009      0.150      0.218        183 1.3155e+03   996.5854 0.0000e+00
      0.151    27.1552     8.7300    110.041  37.328558     35.903      6.793   232.5830     2.1100     2.4428     0.0245      0.007      0.150      0.216        184 1.4169e+03   996.5430 0.0000e+00
      0.151    27.1936     8.6435    108.949  37.326380     35.821      6.796   232.6209     2.1901     2.6302     0.0245      0.004      0.150      0.216        185 2.1780e+03   996.5092 0.0000e+00
      0.154    27.2122     8.5755    108.093  37.368454     35.829      6.799   233.0752     2.1977     2.5870     0.0245      0.002      0.151      0.219        186 1.6892e+03   996.4913 0.0000e+00
      0.156    27.2232     8.5305    107.527  37.394702     35.803      6.803   233.1130     2.1787     2.6014     0.0245      0.001      0.152      0.220        187 1.4055e+03   996.4807 0.0000e+00
      0.155    27.2291     8.4831    106.929  37.382600     35.817      6.806   233.4159     2.1863     2.6014     0.0246      0.000      0.151      0.219        188 1.3528e+03   996.4755 0.0000e+00
      0.153    27.2333     8.4470    106.476  37.353870     35.730      6.805   233.3023     2.2206     2.4428     0.0245      0.000      0.150      0.218        189 1.8171e+03   996.4724 0.0000e+00
      0.153    27.2347     8.4158    106.083  37.430451     35.859      6.806   233.1887     2.2511     2.3562     0.0246      0.000      0.150      0.218        190 2.4055e+03   996.4708 0.0000e+00
      0.154    27.2355     8.3981    105.860  37.405835     35.776      6.803   233.2644     2.2588     2.4860     0.0245      0.001      0.151      0.218        191 1.7310e+03   996.4697 0.0000e+00
      0.154    27.2365     8.3940    105.809  37.354866     35.775      6.798   233.4159     2.2511     2.5149     0.0245      0.001      0.151      0.219        192 1.5514e+03   996.4693 0.0000e+00
      0.155    27.2371     8.3962    105.836  37.404972     35.775      6.799   233.5294     2.2969     2.4283     0.0245      0.000      0.152      0.220        193 2.0688e+03   996.4691 0.0000e+00
      0.156    27.2372     8.3942    105.809  37.432385     35.854      6.803   233.5294     2.2969     2.4572     0.0246      0.000      0.153      0.221        194 1.4335e+03   996.4688 0.0000e+00
      0.156    27.2370     8.3961    105.830  37.350386     35.720      6.803   233.6052     2.2817     2.3562     0.0245      0.001      0.153      0.221        195 1.0179e+03   996.4686 0.0000e+00
      0.155    27.2373     8.4027    105.913  37.358840     35.773      6.803   233.9459     2.3160     2.5149     0.0245      0.001      0.152      0.220        196 1.3707e+03   996.4686 0.0000e+00
      0.155    27.2382     8.4064    105.959  37.332959     35.720      6.808   233.6809     2.3046     2.5581     0.0245      0.001      0.152      0.220        197 1.1448e+03   996.4686 0.0000e+00
      0.156    27.2384     8.4025    105.911  37.323323     35.720      6.807   233.9459     2.2893     2.5004     0.0245      0.001      0.153      0.221        198 1.4162e+03   996.4685 0.0000e+00
      0.157    27.2387     8.3908    105.767  37.400466     35.799      6.813   234.2109     2.2626     2.5870     0.0246      0.001      0.154      0.223        199 2.3356e+03   996.4683 0.0000e+00
      0.157    27.2393     8.3797    105.627  37.385135     35.773      6.812   234.4002     2.2931     2.6302     0.0245      0.001      0.154      0.223        200 1.2451e+03   996.4682 0.0000e+00
      0.156    27.2395     8.3618    105.403  37.372038     35.772      6.815   234.6273     2.2473     2.4860     0.0245      0.001      0.154      0.223        201 9.2582e+02   996.4682 0.0000e+00
      0.157    27.2394     8.3582    105.356  37.387129     35.772      6.812   234.4380     2.2397     2.3274     0.0245      0.001      0.155      0.224        202 1.5271e+03   996.4680 0.0000e+00
      0.160    27.2390     8.3618    105.401  37.366356     35.772      6.814   234.7787     2.2550     2.4139     0.0245      0.002      0.157      0.227        203 2.1526e+03   996.4680 0.0000e+00
      0.162    27.2381     8.3786    105.611  37.397889     35.772      6.816   234.7787     2.2550     2.3995     0.0245      0.003      0.158      0.229        204 2.5819e+03   996.4680 0.0000e+00
      0.161    27.2369     8.4015    105.899  37.436791     35.852      6.813   234.8166     2.2092     2.3562     0.0246      0.003      0.158      0.229        205 1.5641e+03   996.4681 0.0000e+00
      0.161    27.2362     8.4210    106.144  37.406850     35.773      6.817   234.6273     2.3694     2.4139     0.0245      0.003      0.158      0.229        206 1.4756e+03   996.4684 0.0000e+00
      0.162    27.2362     8.4358    106.330  37.435152     35.854      6.819   234.9302     2.3770     2.3562     0.0246      0.003      0.159      0.230        207 1.5402e+03   996.4687 0.0000e+00
      0.162    27.2371     8.4505    106.515  37.342299     35.721      6.821   235.3844     2.3427     2.3418     0.0245      0.003      0.159      0.230        208 1.4776e+03   996.4689 0.0000e+00
      0.161    27.2385     8.4559    106.582  37.374226     35.774      6.819   235.0816     2.3770     2.3995     0.0245      0.002      0.158      0.229        209 1.1958e+03   996.4689 0.0000e+00
      0.161    27.2389     8.4505    106.515  37.454691     35.854      6.821   234.9302     2.2855     2.4572     0.0246      0.002      0.158      0.229        210 1.4215e+03   996.4686 0.0000e+00
      0.161    27.2390     8.4331    106.295  37.390339     35.772      6.822   235.4980     2.3198     2.4428     0.0245      0.000      0.158      0.228        211 1.9003e+03   996.4683 0.0000e+00
      0.160    27.2388     8.4101    106.005  37.365404     35.772      6.822   235.4602     2.2855     2.3995     0.0245     -0.001      0.157      0.227        212 1.2483e+03   996.4681 0.0000e+00
      0.159    27.2383     8.3950    105.815  37.396816     35.772      6.823   235.4223     2.2893     2.3851     0.0245     -0.001      0.157      0.227        213 1.0408e+03   996.4681 0.0000e+00
      0.159    27.2377     8.3820    105.651  37.440154     35.852      6.822   235.2330     2.1253     2.5149     0.0246     -0.001      0.157      0.227        214 1.1723e+03   996.4682 0.0000e+00
      0.161    27.2369     8.3775    105.596  37.341107     35.719      6.823   235.4602     2.1405     2.4716     0.0245     -0.001      0.158      0.228        215 1.2425e+03   996.4683 0.0000e+00
      0.162    27.2368     8.3743    105.557  37.371901     35.773      6.824   235.7630     2.1253     2.3995     0.0245     -0.000      0.159      0.230        216 1.5873e+03   996.4685 0.0000e+00
      0.162    27.2365     8.3866    105.713  37.461102     35.854      6.825   235.9144     2.1214     2.3274     0.0246      0.000      0.159      0.230        217 1.4349e+03   996.4687 0.0000e+00
      0.161    27.2360     8.3955    105.823  37.378275     35.774      6.824   235.8009     2.3427     2.4139     0.0245      0.001      0.158      0.229        218 1.2448e+03   996.4688 0.0000e+00
      0.160    27.2361     8.4014    105.895  37.326799     35.720      6.827   235.9523     2.3618     2.4428     0.0245      0.001      0.157      0.227        219 1.2699e+03   996.4688 0.0000e+00
      0.159    27.2360     8.4050    105.938  37.376985     35.774      6.825   235.9144     2.3847     2.4572     0.0245      0.000      0.155      0.226        220 1.2710e+03   996.4689 0.0000e+00
      0.158    27.2360     8.3998    105.878  37.404728     35.801      6.825   235.8766     2.3732     2.3851     0.0246     -0.001      0.155      0.225        221 1.2754e+03   996.4689 0.0000e+00
      0.158    27.2357     8.4043    105.943  37.381181     35.774      6.824   235.8009     2.2817     2.3851     0.0245     -0.002      0.155      0.225        222 1.2701e+03   996.4689 0.0000e+00
      0.159    27.2358     8.4102    106.024  37.376652     35.774      6.825   236.0280     2.2969     2.4572     0.0245     -0.002      0.156      0.226        223 1.1297e+03   996.4689 0.0000e+00
      0.161    27.2364     8.4138    106.068  37.380727     35.774      6.825   235.8009     2.3198     2.4860     0.0245     -0.002      0.157      0.228        224 1.0702e+03   996.4690 0.0000e+00
      0.162    27.2367     8.4110    106.033  37.376109     35.774      6.827   235.8009     2.3046     2.3707     0.0245     -0.000      0.158      0.229        225 1.5138e+03   996.4690 0.0000e+00
      0.161    27.2372     8.4142    106.081  37.382399     35.774      6.828   236.4066     2.2817     2.4139     0.0245      0.001      0.157      0.228        226 1.5394e+03   996.4688 0.0000e+00
      0.160    27.2377     8.4177    106.135  37.402536     35.800      6.827   236.1037     2.1176     2.3995     0.0246      0.001      0.157      0.227        227 1.0400e+03   996.4687 0.0000e+00
      0.159    27.2372     8.4272    106.260  37.380686     35.773      6.827   236.1794     2.1062     2.3995     0.0245      0.001      0.157      0.227        228 1.1492e+03   996.4686 0.0000e+00
      0.161    27.2356     8.4311    106.313  37.468862     35.853      6.829   236.2930     2.1291     2.4716     0.0246      0.001      0.158      0.228        229 1.2001e+03   996.4684 0.0000e+00
      0.163    27.2347     8.4271    106.267  37.440981     35.854      6.831   236.6337     2.1253     2.3562     0.0246      0.002      0.155      0.224        230 1.2119e+03   996.4686 0.0000e+00
      0.150    27.2370     8.4178    106.154  37.356112     35.721      6.828   236.2930     2.1672     2.5437     0.0245     -0.002      0.135      0.196        231 1.4733e+03   996.4691 0.0000e+00
      0.100    27.2420     8.4057    106.004  37.426300     35.855      6.823   236.1794     2.1520     2.5437     0.0246     -0.018      0.086      0.126        232 1.3227e+03   996.4690 0.0000e+00
      0.016    27.2452     8.3966    105.891  37.412904     35.773      6.813   236.2173     2.1596     2.6735     0.0245     -0.051      0.010      0.015        233 1.6536e+03   996.4680 0.0000e+00
     -0.084    27.2444     8.3803    105.686  37.432054     35.850      6.809   235.8766     2.1825     2.5870     0.0246     -0.101     -0.080     -0.116        234 1.8036e+03   996.4661 0.0000e+00
     -0.177    27.2444     8.3639    105.478  37.402465     35.768      6.814   236.1416     2.0451     2.4428     0.0245     -0.159     -0.163     -0.236        235 1.6824e+03   996.4648 0.0000e+00
     -0.235    27.2486     8.3467    105.253  37.360816     35.768      6.820   236.0659     2.0680     2.4283     0.0245     -0.211     -0.225     -0.326        236 1.6898e+03   996.4649 0.0000e+00
     -0.275    27.2535     8.3198    104.903  37.394977     35.768      6.821   235.9902     2.0719     2.5149     0.0245     -0.247     -0.271     -0.393        237 1.3253e+03   996.4647 0.0000e+00
     -0.321    27.2564     8.3001    104.639  37.389587     35.792      6.818   235.3466     2.0604     2.3851     0.0246     -0.267     -0.311     -0.450        238 9.9923e+02   996.4634 0.0000e+00
     -0.356    27.2586     8.2866    104.458  37.397157     35.762      6.821   235.4602     1.9231     1.7073     0.0245     -0.263     -0.336     -0.488        239 1.2173e+03   996.4619 0.0000e+00
     -0.350    27.2610     8.2771    104.331  37.444825     35.840      6.824   236.0280     1.9116     1.6785     0.0246     -0.228     -0.337     -0.489        240 1.6370e+03   996.4610 0.0000e+00
     -0.328    27.2633     8.2663    104.185  37.478443     35.839      6.825   236.2930     1.9345     1.8371     0.0246     -0.171     -0.319     -0.462        241 1.7441e+03   996.4605 0.0000e+00
