Data/DataNotYetUploadedToEDI/Raw_CTD/RawDownloads/070819_fcr20.cnv
* Sea-Bird SBE19plus  Data File:
* FileName = C:\DATA\070819_fcr50_0003.hex
* Software version 2.8.0.119
* Temperature SN = 7809
* Conductivity SN = 7809
* System UpLoad Time = Jul 08 2019 15:01:30
* <ApplicationData>
* <Seaterm232>
# nquan = 18
# nvalues = 441                         
# units = specified
# name 0 = depFM: Depth [fresh water, m]
# name 1 = tv290C: Temperature [ITS-90, deg C]
# name 2 = sbeox0Mg/L: Oxygen, SBE 43 [mg/l]
# name 3 = sbeox0PS: Oxygen, SBE 43 [% saturation]
# name 4 = c0uS/cm: Conductivity [uS/cm]
# name 5 = specc: Specific Conductance [uS/cm]
# name 6 = ph: pH
# name 7 = orp: Oxidation Reduction Potential [mV]
# name 8 = flECO-AFL: Fluorescence, WET Labs ECO-AFL/FL [mg/m^3]
# name 9 = turbWETntu0: Turbidity, WET Labs ECO [NTU]
# name 10 = sal00: Salinity, Practical [PSU]
# name 11 = dz/dtM: Descent Rate [m/s]
# name 12 = prdM: Pressure, Strain Gauge [db]
# name 13 = prdE: Pressure, Strain Gauge [psi]
# name 14 = scan: Scan Count
# name 15 = par/sat/log: PAR/Logarithmic, Satlantic
# name 16 = density00: Density [density, kg/m^3]
# name 17 = flag:  0.000e+00
# span 0 =     -0.608,      3.043       
# span 1 =    18.2027,    27.3075       
# span 2 =     0.0209,    12.8334       
# span 3 =      0.222,    146.989       
# span 4 =   0.000963,  63.887450       
# span 5 =      0.654,     73.956       
# span 6 =      5.736,      6.894       
# span 7 =   223.3080,   730.5194       
# span 8 =    -0.1483,     5.9934       
# span 9 =    -0.5854,   137.3253       
# span 10 =     0.0120,     0.0385      
# span 11 =     -0.159,      0.296      
# span 12 =     -0.596,      2.984      
# span 13 =     -0.865,      4.327      
# span 14 =          1,        441      
# span 15 = 5.7466e+00, 5.0562e+02      
# span 16 =   996.4481,   998.6019      
# span 17 = 0.0000e+00, 0.0000e+00      
# interval = seconds: 0.25
# start_time = Jul 08 2019 11:19:18 [Instrument's time stamp, header]
# bad_flag = -9.990e-29
*END*
[from data line 161]
     -0.002    26.9864     4.6110     57.715  36.378177     34.978      6.370   235.3844     3.2163     5.4853     0.0242      0.001     -0.001     -0.002        162 3.2343e+02   996.5363 0.0000e+00
     -0.001    26.9846     4.6326     57.954  36.341843     34.952      6.370   235.4980     3.2392     5.4421     0.0241      0.000     -0.001     -0.002        163 3.1698e+02   996.5365 0.0000e+00
     -0.001    26.9819     4.6607     58.276  36.320510     34.925      6.373   235.6116     3.2315     5.6584     0.0241      0.000     -0.001     -0.001        164 3.1445e+02   996.5368 0.0000e+00
     -0.000    26.9774     4.6917     58.631  36.315824     34.927      6.373   235.7252     3.2125     5.5718     0.0241     -0.000     -0.000     -0.000        165 3.2388e+02   996.5373 0.0000e+00
      0.000    26.9698     4.7300     59.078  36.377308     34.982      6.374   235.8766     3.2010     5.5863     0.0242      0.000      0.000      0.000        166 3.2732e+02   996.5381 0.0000e+00
      0.001    26.9591     4.7670     59.514  36.362531     34.985      6.374   235.8387     3.2239     5.5430     0.0242      0.001      0.000      0.001        167 3.2813e+02   996.5393 0.0000e+00
      0.001    26.9445     4.8103     60.032  36.334216     34.937      6.376   236.2173     3.2964     5.7881     0.0241      0.001      0.001      0.002        168 3.2738e+02   996.5414 0.0000e+00
      0.001    26.9243     4.8482     60.487  36.382917     35.024      6.376   235.9144     3.2811     5.8314     0.0242      0.001      0.001      0.002        169 3.1961e+02   996.5444 0.0000e+00
      0.001    26.9000     4.8849     60.934  36.331565     34.954      6.377   236.2930     3.2964     5.8747     0.0241      0.001      0.001      0.001        170 3.1495e+02   996.5483 0.0000e+00
      0.001    26.8744     4.9221     61.470  36.309227     34.967      6.379   235.7252     3.2697     5.7449     0.0241      0.001      0.001      0.001        171 3.2815e+02   996.5539 0.0000e+00
      0.001    26.8463     5.1323     64.310  36.321823     34.984      6.379   235.8766     3.1972     5.4565     0.0241      0.001      0.001      0.001        172 3.2825e+02   996.5606 0.0000e+00
      0.000    26.8170     5.7920     72.770  36.315901     35.001      6.378   236.1037     3.2315     5.6007     0.0241      0.000      0.001      0.001        173 3.1768e+02   996.5677 0.0000e+00
      0.001    26.7877     6.5881     82.894  36.346244     35.047      6.376   236.1794     3.2392     5.5142     0.0242      0.000      0.001      0.001        174 3.2066e+02   996.5753 0.0000e+00
      0.000    26.7565     7.3866     93.010  36.372978     35.094      6.374   236.4066     3.2315     5.5430     0.0242     -0.000      0.000      0.001        175 3.1877e+02   996.5832 0.0000e+00
      0.000    26.7270     8.0842    101.830  36.371548     35.113      6.374   236.2552     3.2964     5.5574     0.0242     -0.000 4.6401e-07      0.001        176 3.1165e+02   996.5913 0.0000e+00
      0.000    26.7027     8.6396    108.848  36.377674     35.135      6.374   236.3687     3.2773     5.5430     0.0242     -0.000      0.000      0.001        177 3.1697e+02   996.5999 0.0000e+00
      0.000    26.6819     9.0383    113.883  36.365371     35.155      6.375   236.2173     3.2811     5.4997     0.0242     -0.000      0.000      0.001        178 3.2585e+02   996.6079 0.0000e+00
      0.001    26.6659     9.2768    116.895  36.386873     35.171      6.378   236.3309     3.3040     5.5718     0.0242     -0.000      0.001      0.002        179 3.2199e+02   996.6145 0.0000e+00
      0.002    26.6553     9.3081    117.295  36.439828     35.266      6.378   237.0123     3.2964     5.5863     0.0242      0.000      0.002      0.003        180 3.2231e+02   996.6202 0.0000e+00
      0.002    26.7252     9.2023    115.965  36.388380     35.196      6.377   236.8609     3.3956     5.5430     0.0242      0.001      0.002      0.003        181 3.2531e+02   996.6245 0.0000e+00
      0.001    26.9030     9.0575    114.143  36.806520     35.609      6.377   236.5580     3.4108     5.5574     0.0243      0.001      0.002      0.003        182 3.1754e+02   996.6275 0.0000e+00
      0.002    27.0560     8.9109    112.296  37.430835     36.212      6.378   236.7094     3.4032     5.6151     0.0246      0.001      0.002      0.003        183 3.1891e+02   996.6086 0.0000e+00
      0.003    27.1366     8.8031    110.938  37.478404     36.082      6.379   237.0123     3.3994     5.5574     0.0246      0.001      0.002      0.003        184 3.2568e+02   996.5601 0.0000e+00
      0.003    27.1789     8.7123    109.795  37.458495     35.979      6.382   236.8609     3.3269     5.4421     0.0246      0.001      0.002      0.003        185 3.2624e+02   996.5181 0.0000e+00
      0.001    27.1989     8.6407    108.893  37.514811     35.975      6.382   236.7094     3.3269     5.5142     0.0246      0.001      0.001      0.002        186 3.2152e+02   996.4958 0.0000e+00
      0.000    27.2103     8.5841    108.179  37.467545     35.894      6.380   237.0123     3.3383     5.5574     0.0246     -0.000      0.000      0.001        187 3.1219e+02   996.4840 0.0000e+00
     -0.000    27.2158     8.5514    107.766  37.458021     35.880      6.382   236.9366     3.3574     5.7016     0.0246     -0.001      0.000      0.001        188 3.1148e+02   996.4785 0.0000e+00
      0.000    27.2195     8.5338    107.542  37.467379     35.872      6.385   237.1259     3.3651     5.9179     0.0246     -0.001      0.001      0.002        189 3.1593e+02   996.4754 0.0000e+00
      0.003    27.2220     8.5251    107.431  37.515163     35.922      6.384   237.1259     3.3383     5.9468     0.0246     -0.000      0.002      0.003        190 3.1925e+02   996.4739 0.0000e+00
      0.002    27.2238     8.5165    107.320  37.517095     35.919      6.385   237.5044     3.3269     5.8747     0.0246     -0.000      0.002      0.004        191 3.2335e+02   996.4729 0.0000e+00
      0.003    27.2247     8.5150    107.299  37.524245     35.917      6.386   237.7694     3.3498     5.9900     0.0246      0.000      0.003      0.004        192 3.2096e+02   996.4721 0.0000e+00
      0.003    27.2253     8.5271    107.450  37.565535     35.970      6.386   237.5044     3.3612     6.2640     0.0246      0.001      0.003      0.004        193 3.1584e+02   996.4717 0.0000e+00
      0.002    27.2258     8.5349    107.549  37.524980     35.916      6.388   237.3530     3.3689     6.1342     0.0246      0.001      0.002      0.003        194 3.1459e+02   996.4714 0.0000e+00
      0.002    27.2263     8.5330    107.525  37.515442     35.915      6.392   237.3909     3.3383     6.1198     0.0246      0.001      0.002      0.003        195 3.1547e+02   996.4712 0.0000e+00
      0.002    27.2264     8.5367    107.569  37.518132     35.915      6.391   237.5802     3.3574     6.2352     0.0246      0.001      0.002      0.003        196 3.2108e+02   996.4711 0.0000e+00
      0.002    27.2262     8.5337    107.527  37.521632     35.914      6.393   237.3530     3.2735     6.4659     0.0246      0.000      0.002      0.003        197 3.2023e+02   996.4709 0.0000e+00
      0.002    27.2253     8.5258    107.425  37.511088     35.915      6.396   237.4666     3.3116     6.4082     0.0246     -0.000      0.003      0.004        198 3.1246e+02   996.4710 0.0000e+00
      0.004    27.2246     8.5151    107.293  37.471983     35.861      6.397   237.4287     3.3078     6.4226     0.0246      0.000      0.004      0.005        199 3.1446e+02   996.4710 0.0000e+00
      0.004    27.2238     8.4976    107.072  37.511025     35.915      6.401   237.3530     3.3002     6.3505     0.0246      0.000      0.004      0.005        200 3.2213e+02   996.4711 0.0000e+00
      0.004    27.2223     8.4866    106.932  37.521773     35.916      6.403   237.6937     3.2392     6.3649     0.0246      0.001      0.004      0.005        201 3.1784e+02   996.4714 0.0000e+00
      0.004    27.2210     8.4807    106.859  37.517881     35.916      6.401   237.5423     3.3383     5.7881     0.0246      0.001      0.005      0.007        202 3.1559e+02   996.4716 0.0000e+00
      0.007    27.2204     8.4819    106.880  37.515870     35.917      6.404   237.6180     3.3536     5.7881     0.0246      0.002      0.006      0.010        203 3.1779e+02   996.4721 0.0000e+00
      0.009    27.2204     8.4838    106.910  37.524276     35.918      6.405   237.6559     3.3269     5.8314     0.0246      0.003      0.009      0.013        204 3.1903e+02   996.4725 0.0000e+00
      0.012    27.2203     8.4874    106.961  37.566692     35.972      6.407   237.3530     3.3383     5.8170     0.0246      0.004      0.012      0.016        205 3.2288e+02   996.4727 0.0000e+00
      0.014    27.2192     8.4934    107.038  37.522356     35.919      6.407   237.5802     3.3383     6.8840     0.0246      0.005      0.014      0.019        206 3.1397e+02   996.4726 0.0000e+00
      0.015    27.2169     8.5007    107.126  37.520179     35.919      6.409   237.6559     3.3307     6.9129     0.0246      0.006      0.014      0.020        207 3.0818e+02   996.4727 0.0000e+00
      0.013    27.2160     8.5139    107.290  37.569400     35.973      6.409   237.6559     3.3574     6.9417     0.0246      0.006      0.013      0.019        208 3.0765e+02   996.4730 0.0000e+00
      0.013    27.2171     8.5203    107.365  37.520372     35.921      6.409   237.8452     3.3841     6.8264     0.0246      0.006      0.013      0.019        209 2.9925e+02   996.4736 0.0000e+00
      0.014    27.2169     8.5241    107.407  37.521923     35.922      6.411   237.7316     3.2697     6.5091     0.0246      0.005      0.014      0.020        210 2.9923e+02   996.4739 0.0000e+00
      0.014    27.2165     8.5219    107.378  37.567472     35.974      6.406   237.7316     3.2964     6.4659     0.0246      0.003      0.014      0.020        211 2.9799e+02   996.4736 0.0000e+00
      0.014    27.2175     8.5225    107.394  37.522958     35.921      6.411   238.1480     3.2849     6.4803     0.0246      0.002      0.013      0.019        212 3.0624e+02   996.4735 0.0000e+00
      0.013    27.2201     8.5231    107.413  37.518048     35.921      6.411   237.9209     3.2735     6.4370     0.0246      0.000      0.012      0.017        213 3.1897e+02   996.4737 0.0000e+00
      0.010    27.2235     8.5266    107.463  37.573583     35.974      6.412   237.9209     3.2697     5.9612     0.0246     -0.001      0.011      0.015        214 3.0053e+02   996.4734 0.0000e+00
      0.010    27.2265     8.5290    107.493  37.572390     35.972      6.412   238.0345     3.2773     5.9179     0.0246     -0.002      0.011      0.015        215 3.0595e+02   996.4727 0.0000e+00
      0.012    27.2269     8.5304    107.509  37.519533     35.916      6.413   238.2995     3.3040     6.0765     0.0246     -0.001      0.012      0.018        216 3.1841e+02   996.4718 0.0000e+00
      0.015    27.2248     8.5382    107.606  37.520816     35.914      6.413   238.4130     3.2468     6.1054     0.0246     -0.001      0.014      0.020        217 3.0853e+02   996.4710 0.0000e+00
      0.015    27.2231     8.5428    107.662  37.570789     35.967      6.412   238.4130     3.2315     6.6533     0.0246     -0.000      0.014      0.021        218 3.0553e+02   996.4709 0.0000e+00
      0.014    27.2211     8.5486    107.735  37.516615     35.916      6.411   238.4887     3.2201     6.7543     0.0246      0.001      0.014      0.020        219 3.1367e+02   996.4714 0.0000e+00
      0.013    27.2179     8.5542    107.808  37.469694     35.863      6.409   238.9809     3.1972     6.6245     0.0246      0.001      0.013      0.019        220 3.0073e+02   996.4719 0.0000e+00
      0.013    27.2171     8.5554    107.825  37.510638     35.918      6.408   239.0566     3.2430     6.6966     0.0246      0.001      0.010      0.014        221 3.1327e+02   996.4725 0.0000e+00
      0.003    27.2215     8.5538    107.807  37.524934     35.920      6.402   238.4509     3.2048     6.6101     0.0246     -0.001      0.001      0.002        222 3.6004e+02   996.4733 0.0000e+00
     -0.012    27.2270     8.5575    107.855  37.570447     35.974      6.398   238.1480     3.2315     7.0282     0.0246     -0.008     -0.009     -0.013        223 3.5861e+02   996.4735 0.0000e+00
     -0.016    27.2302     8.5569    107.846  37.572540     35.971      6.403   238.5645     3.2125     7.1292     0.0246     -0.014     -0.015     -0.022        224 3.8042e+02   996.4723 0.0000e+00
     -0.019    27.2305     8.5585    107.865  37.522328     35.914      6.399   238.0723     3.2315     7.0427     0.0246     -0.019     -0.019     -0.027        225 4.0045e+02   996.4707 0.0000e+00
     -0.021    27.2294     8.5610    107.895  37.573661     35.965      6.394   238.4509     3.2239     7.2157     0.0246     -0.022     -0.021     -0.031        226 3.8481e+02   996.4698 0.0000e+00
     -0.025    27.2284     8.5644    107.931  37.567926     35.965      6.390   238.2616     3.1896     5.7593     0.0246     -0.022     -0.023     -0.034        227 3.8005e+02   996.4697 0.0000e+00
     -0.025    27.2275     8.5641    107.921  37.529464     35.912      6.390   238.1859     3.1476     5.7593     0.0246     -0.021     -0.023     -0.034        228 3.5970e+02   996.4700 0.0000e+00
     -0.021    27.2277     8.5559    107.815  37.562257     35.967      6.395   238.7916     3.1476     5.6728     0.0246     -0.016     -0.020     -0.029        229 3.6215e+02   996.4703 0.0000e+00
     -0.015    27.2288     8.5491    107.732  37.586389     35.967      6.400   238.7916     3.1514     5.8170     0.0246     -0.008     -0.014     -0.020        230 3.5963e+02   996.4706 0.0000e+00
     -0.007    27.2299     8.5474    107.713  37.558703     35.967      6.404   238.6023     2.9836     7.7204     0.0246      0.001     -0.008     -0.011        231 3.2698e+02   996.4706 0.0000e+00
     -0.002    27.2309     8.5455    107.691  37.537440     35.913      6.406   238.5645     2.9950     7.8502     0.0246      0.007     -0.003     -0.004        232 3.5015e+02   996.4703 0.0000e+00
      0.000    27.2315     8.5494    107.743  37.553578     35.966      6.404   238.6023     2.9569     7.6771     0.0246      0.012     -0.000     -0.001        233 3.5738e+02   996.4700 0.0000e+00
      0.001    27.2310     8.5496    107.747  37.538618     35.911      6.410   238.6780     2.9874     7.7781     0.0246      0.015      0.001      0.001        234 3.4262e+02   996.4697 0.0000e+00
      0.002    27.2305     8.5564    107.829  37.556057     35.964      6.415   238.3373     3.3231     6.3938     0.0246      0.016      0.003      0.004        235 3.4873e+02   996.4695 0.0000e+00
      0.006    27.2292     8.5634    107.911  37.531875     35.911      6.421   238.5266     3.3536     6.5668     0.0246      0.015      0.006      0.009        236 3.4481e+02   996.4697 0.0000e+00
      0.011    27.2261     8.5672    107.950  37.568714     35.965      6.423   238.6023     3.3574     6.4803     0.0246      0.014      0.010      0.014        237 3.3773e+02   996.4699 0.0000e+00
      0.013    27.2226     8.5716    107.993  37.569485     35.966      6.424   238.0723     3.3460     6.3217     0.0246      0.012      0.012      0.017        238 3.3670e+02   996.4702 0.0000e+00
      0.013    27.2214     8.5755    108.038  37.530916     35.915      6.421   238.3373     3.2659     7.3166     0.0246      0.010      0.012      0.017        239 3.4187e+02   996.4711 0.0000e+00
      0.012    27.2225     8.5729    108.014  37.557441     35.971      6.423   238.2616     3.2849     7.4032     0.0246      0.008      0.011      0.016        240 3.3905e+02   996.4721 0.0000e+00
      0.011    27.2240     8.5668    107.956  37.536475     35.918      6.427   238.2616     3.2964     7.3743     0.0246      0.007      0.011      0.016        241 3.3546e+02   996.4724 0.0000e+00
