Data/DataNotYetUploadedToEDI/Raw_CTD/RawDownloads/070820_ccr50_halfcast.cnv
* Sea-Bird SBE19plus  Data File:
* FileName = C:\DATA\070920_fcr50_0001.hex
* Software version 2.8.0.119
* Temperature SN = 7809
* Conductivity SN = 7809
* System UpLoad Time = Jul 09 2020 11:53:18
* <ApplicationData>
* <Seaterm232>
# nquan = 16
# nvalues = 1315                        
# units = specified
# name 0 = depFM: Depth [fresh water, m]
# name 1 = dz/dtM: Descent Rate [m/s]
# name 2 = sbeox0ML/L: Oxygen, SBE 43 [ml/l]
# name 3 = sbeox0PS: Oxygen, SBE 43 [% saturation]
# name 4 = specc: Specific Conductance [uS/cm]
# name 5 = c0uS/cm: Conductivity [uS/cm]
# name 6 = flECO-AFL: Fluorescence, WET Labs ECO-AFL/FL [mg/m^3]
# name 7 = ph: pH
# name 8 = orp: Oxidation Reduction Potential [mV]
# name 9 = par/sat/log: PAR/Logarithmic, Satlantic
# name 10 = turbWETntu0: Turbidity, WET Labs ECO [NTU]
# name 11 = prdM: Pressure, Strain Gauge [db]
# name 12 = prdE: Pressure, Strain Gauge [psi]
# name 13 = tv290C: Temperature [ITS-90, deg C]
# name 14 = density00: Density [density, kg/m^3]
# name 15 = flag:  0.000e+00
# span 0 =     -0.487,     18.179       
# span 1 =     -0.560,      0.313       
# span 2 =     2.3558,     7.6389       
# span 3 =     29.732,    129.845       
# span 4 =      3.009,     92.002       
# span 5 =   3.034968,  63.038625       
# span 6 =    -1.8452,     3.4342       
# span 7 =      6.332,      8.769       
# span 8 = -1240.7455,   223.9419       
# span 9 = 1.2345e-01, 1.5280e+03       
# span 10 =    -7.7957,   156.7396      
# span 11 =     -0.478,     17.835      
# span 12 =     -0.693,     25.868      
# span 13 =     9.2487,    28.3691      
# span 14 =   996.1567,   999.8839      
# span 15 = 0.0000e+00, 0.0000e+00      
# interval = seconds: 0.25
# start_time = Jul 07 2020 20:43:41 [Instrument's time stamp, header]
# bad_flag = -9.990e-29
*END*
     -0.486 1.5256e-16     5.4510     95.017      3.009   3.034968    -0.8884      6.332 -1240.7455 6.4925e+02    -0.2539     -0.477     -0.691    25.4299   996.9425 0.0000e+00
     -0.486 1.6781e-15     5.4508     95.018      3.044   3.070974    -0.9018      6.337 -1240.7455 9.4820e+02    -0.3006     -0.476     -0.691    25.4305   996.9422 0.0000e+00
     -0.486 1.8459e-14     5.4500     95.011      3.123   3.149641    -0.9211      6.342 -1240.7455 1.2845e+03    -0.2656     -0.476     -0.691    25.4316   996.9420 0.0000e+00
     -0.486 2.0305e-13     5.4505     95.001      3.198   3.225888    -0.9317      6.346 -1240.7455 1.3851e+03    -0.2429     -0.477     -0.691    25.4313   996.9421 0.0000e+00
     -0.486 2.2336e-12     5.4501     95.004      3.268   3.295974    -0.9349      6.346 -1240.7455 1.3029e+03    -0.3006     -0.477     -0.692    25.4300   996.9424 0.0000e+00
     -0.486 2.4569e-11     5.4509     95.009      3.334   3.363506    -0.9310      6.344 -1240.7455 1.1161e+03    -0.3113     -0.477     -0.691    25.4294   996.9426 0.0000e+00
     -0.486 2.7026e-10     5.4504     95.000      3.379   3.408875    -0.9221      6.343 -1240.7455 8.3903e+02    -0.2357     -0.476     -0.691    25.4294   996.9426 0.0000e+00
     -0.487 2.9729e-09     5.4490     94.993      3.434   3.464394    -0.9227      6.340 -1240.7453 6.3592e+02    -0.2438     -0.477     -0.692    25.4293   996.9427 0.0000e+00
     -0.487 3.2702e-08     5.4494     95.012      3.623   3.654659    -0.9389      6.335 -1240.7428 5.7941e+02    -0.3060     -0.477     -0.692    25.4301   996.9425 0.0000e+00
     -0.486 3.5972e-07     5.4505     95.041      4.216   4.252186    -0.9558      6.332 -1240.7162 5.9757e+02    -0.3017     -0.477     -0.692    25.4308   996.9422 0.0000e+00
     -0.486      0.000     5.4492     95.048      5.321   5.367041    -0.9547      6.340 -1240.4235 6.3802e+02    -0.2602     -0.477     -0.692    25.4317   996.9420 0.0000e+00
     -0.486      0.000     5.4479     95.042      6.371   6.426526    -0.9837      6.355 -1237.2036 8.2290e+02    -0.1817     -0.477     -0.691    25.4325   996.9419 0.0000e+00
     -0.486      0.000     5.4496     95.044      7.492   7.558131    -1.0674      6.383 -1201.7851 1.1386e+03    -0.1081     -0.476     -0.692    25.4331   996.9417 0.0000e+00
     -0.486      0.005     5.4523     95.046     15.979  16.134505    -1.1276      6.606  -812.1806 1.1699e+03    -0.0913     -0.477     -0.691    25.4316   996.9423 0.0000e+00
     -0.486      0.023     5.4525     95.046     36.527  37.004922    -1.1489      7.021  -126.8419 8.8956e+02    -0.2540     -0.477     -0.692    25.4327   996.9421 0.0000e+00
     -0.486      0.057     5.4511     95.041     54.429  55.491472    -1.3245      7.324   197.5736 7.1331e+02    -2.2121     -0.476     -0.691    25.4303   996.9432 0.0000e+00
     -0.484      0.105     5.4519     95.030     58.145  59.849207    -1.6582      7.583   184.7076 7.6332e+02    -5.8101     -0.478     -0.693    25.4340   996.9420 0.0000e+00
     -0.467      0.159     5.4521     95.015     55.607  57.827586    -1.8452      7.942   167.8389 8.0852e+02    -7.7769     -0.474     -0.688    25.4286   996.9439 0.0000e+00
     -0.414      0.211     5.4500     95.018     53.852  56.462287    -1.8414      8.282   156.2296 7.0312e+02    -7.7957     -0.417     -0.605    25.4470   996.9482 0.0000e+00
     -0.333      0.251     5.4116     95.120     52.895  55.793172    -1.4399      8.514   151.9763 6.0798e+02    -5.6600     -0.328     -0.475    25.8308   996.8554 0.0000e+00
     -0.241      0.273     5.3444     95.380     52.366  55.454754    -0.6811      8.645   151.1728 6.3544e+02    -1.6618     -0.236     -0.342    26.5107   996.6730 0.0000e+00
     -0.155      0.274     5.2930     95.773     52.091  55.292713    -0.2679      8.720   150.5576 7.6053e+02     0.5149     -0.144     -0.210    27.0454   996.5262 0.0000e+00
     -0.085      0.257     5.2520     96.243     52.029  55.295059    -0.2399      8.759   150.2161 9.5140e+02     0.6762     -0.078     -0.114    27.4560   996.4123 0.0000e+00
     -0.028      0.229     5.2262     96.775     52.237  55.546733    -0.2468      8.769   149.1094 1.0956e+03     0.7687     -0.023     -0.035    27.7766   996.3223 0.0000e+00
      0.019      0.196     5.2235     97.363     52.456  55.794988    -0.2476      8.768   146.8992 9.6670e+02     0.9475      0.021      0.030    27.9705   996.2675 0.0000e+00
      0.064      0.161     5.2356     97.932     52.346  55.692456    -0.2397      8.767   144.4860 6.1991e+02     1.0190      0.060      0.086    28.0864   996.2346 0.0000e+00
      0.109      0.129     5.2564     98.381     52.051  55.386867    -0.2280      8.758   142.0441 4.5242e+02     0.9809      0.111      0.160    28.1438   996.2184 0.0000e+00
      0.144      0.100     5.2828     98.682     51.828  55.149038    -0.2387      8.739   140.0883 5.7889e+02     0.9327      0.150      0.217    28.1660   996.2123 0.0000e+00
      0.161      0.074     5.3154     98.934     51.671  54.976488    -0.2638      8.714   139.2511 7.2043e+02     0.8479      0.161      0.233    28.1743   996.2101 0.0000e+00
      0.168      0.052     5.3482     99.482     51.597  54.888484    -0.2645      8.682   138.9766 7.0136e+02     0.7446      0.165      0.238    28.1922   996.2050 0.0000e+00
      0.173      0.033     5.3709    100.363     51.625  54.910691    -0.2480      8.646   138.4903 6.9579e+02     0.7140      0.171      0.248    28.2014   996.2023 0.0000e+00
      0.176      0.020     5.3885    100.758     51.640  54.927393    -0.2358      8.613   138.1895 7.1555e+02     0.7181      0.172      0.250    28.1983   996.2031 0.0000e+00
      0.181      0.014     5.3936     99.960     51.607  54.899883    -0.2309      8.587   138.3518 7.7791e+02     0.7256      0.175      0.255    28.1954   996.2039 0.0000e+00
      0.188      0.010     5.4164     98.115     51.597  54.895660    -0.2368      8.568   138.6457 9.3848e+02     0.7367      0.185      0.270    28.1826   996.2076 0.0000e+00
      0.191      0.006     5.4906     95.705     51.631  54.939863    -0.2504      8.552   138.9030 8.9558e+02     0.7149      0.190      0.275    28.1697   996.2113 0.0000e+00
      0.189      0.002     5.5300     93.188     51.666  54.989738    -0.2618      8.538   139.2265 7.2957e+02     0.7016      0.184      0.267    28.1737   996.2102 0.0000e+00
      0.186     -0.001     5.4760     90.886     51.711  55.054093    -0.2503      8.523   139.9756 7.1102e+02     0.7820      0.181      0.263    28.1842   996.2072 0.0000e+00
      0.186     -0.002     5.3660     88.895     51.788  55.146356    -0.2162      8.501   140.8190 6.9097e+02     0.8972      0.182      0.264    28.1891   996.2057 0.0000e+00
      0.184     -0.001     5.2249     87.289     51.790  55.152545    -0.2022      8.470   141.0776 5.7277e+02     0.9275      0.182      0.263    28.1954   996.2040 0.0000e+00
      0.183      0.002     5.0785     86.179     51.705  55.065413    -0.2149      8.440   140.9515 5.2801e+02     0.9084      0.178      0.258    28.2095   996.1999 0.0000e+00
      0.184      0.006     4.9521     85.505     51.683  55.045608    -0.2167      8.418   141.1008 6.1877e+02     0.8379      0.179      0.260    28.2271   996.1948 0.0000e+00
      0.188      0.010     4.8411     85.040     51.738  55.103648    -0.1953      8.401   141.6786 7.0907e+02     0.7270      0.186      0.269    28.2389   996.1916 0.0000e+00
      0.191      0.013     4.7497     84.564     51.826  55.195515    -0.1762      8.385   142.2601 7.9377e+02     0.7001      0.187      0.272    28.2396   996.1914 0.0000e+00
      0.194      0.014     4.6899     83.885     52.013  55.394148    -0.1761      8.367   142.6247 9.6502e+02     0.7191      0.187      0.271    28.2420   996.1906 0.0000e+00
      0.199      0.012     4.6590     82.890     52.267  55.663287    -0.1943      8.345   142.8173 1.0249e+03     0.7506      0.196      0.283    28.2472   996.1892 0.0000e+00
      0.204      0.009     4.6371     81.648     52.499  55.908922    -0.2248      8.318   142.9537 8.9326e+02     0.8068      0.202      0.293    28.2467   996.1893 0.0000e+00
      0.207      0.005     4.6150     80.353     52.656  56.077407    -0.2480      8.292   143.2413 8.1185e+02     0.8492      0.203      0.294    28.2437   996.1902 0.0000e+00
      0.207      0.000     4.5817     79.306     52.687  56.112444    -0.2562      8.269   143.6282 7.7840e+02     0.9202      0.204      0.296    28.2429   996.1906 0.0000e+00
      0.206     -0.005     4.5248     78.851     52.654  56.078465    -0.2674      8.248   143.8458 8.3593e+02     0.9441      0.203      0.295    28.2423   996.1908 0.0000e+00
      0.202     -0.007     4.4542     79.206     52.624  56.047696    -0.2776      8.229   144.0650 9.4430e+02     0.8286      0.198      0.287    28.2407   996.1913 0.0000e+00
      0.197     -0.007     4.3773     80.295     52.573  55.994500    -0.2753      8.211   144.5580 9.0215e+02     0.6908      0.193      0.278    28.2420   996.1910 0.0000e+00
      0.194     -0.005     4.3128     81.817     52.525  55.943439    -0.2677      8.193   144.9022 9.8813e+02     0.6508      0.190      0.276    28.2439   996.1904 0.0000e+00
      0.193     -0.002     4.2829     83.520     52.520  55.938481    -0.2532      8.180   144.8711 1.1007e+03     0.6889      0.188      0.273    28.2442   996.1903 0.0000e+00
      0.194      0.003     4.3032     85.164     52.516  55.934561    -0.2426      8.166   145.0424 8.3818e+02     0.7399      0.189      0.274    28.2460   996.1898 0.0000e+00
      0.197      0.006     4.3711     86.466     52.480  55.896032    -0.2447      8.146   145.3389 6.6045e+02     0.7184      0.194      0.282    28.2487   996.1890 0.0000e+00
      0.200      0.008     4.4575     87.243     52.441  55.853750    -0.2499      8.126   145.1869 8.3067e+02     0.6353      0.196      0.284    28.2482   996.1892 0.0000e+00
      0.202      0.008     4.5543     87.460     52.395  55.804451    -0.2485      8.113   145.1824 9.5045e+02     0.6276      0.197      0.286    28.2468   996.1896 0.0000e+00
      0.205      0.006     4.6509     87.227     52.339  55.744588    -0.2367      8.099   145.3713 8.6614e+02     0.6930      0.201      0.292    28.2485   996.1891 0.0000e+00
      0.206      0.003     4.7246     86.770     52.300  55.701623    -0.2319      8.088   145.1471 7.5743e+02     0.7395      0.204      0.296    28.2491   996.1890 0.0000e+00
      0.206     -0.000     4.7684     86.300     52.268  55.666082    -0.2471      8.082   145.1399 7.6436e+02     0.7444      0.201      0.292    28.2465   996.1897 0.0000e+00
      0.206     -0.002     4.7775     85.850     52.236  55.632455    -0.2682      8.072   145.6282 9.1739e+02     0.7173      0.202      0.293    28.2468   996.1896 0.0000e+00
      0.205     -0.002     4.7607     85.403     52.217  55.612635    -0.2767      8.050   146.0597 1.0770e+03     0.6865      0.202      0.293    28.2482   996.1891 0.0000e+00
      0.201     -0.001     4.7300     84.939     52.222  55.616996    -0.2641      8.018   146.2277 9.8252e+02     0.6813      0.196      0.285    28.2444   996.1902 0.0000e+00
      0.200      0.000     4.7053     84.303     52.227  55.621661    -0.2403      7.985   146.5422 7.9334e+02     0.6889      0.193      0.280    28.2419   996.1909 0.0000e+00
      0.203      0.001     4.6824     83.508     52.210  55.605518    -0.2367      7.949   146.9362 7.2759e+02     0.6752      0.199      0.289    28.2450   996.1901 0.0000e+00
      0.205      0.001     4.6544     82.724     52.215  55.612369    -0.2395      7.907   146.8617 7.2492e+02     0.6866      0.203      0.295    28.2460   996.1898 0.0000e+00
      0.205      0.000     4.6371     82.038     52.245  55.640979    -0.2166      7.877   146.5871 8.0996e+02     0.7924      0.201      0.291    28.2428   996.1906 0.0000e+00
      0.205     -0.001     4.6011     81.468     52.240  55.633844    -0.1889      7.871   146.4560 9.0557e+02     0.8899      0.202      0.292    28.2413   996.1911 0.0000e+00
      0.205     -0.002     4.5519     81.009     52.198  55.589622    -0.1716      7.881   146.3949 8.3591e+02     0.9054      0.204      0.296    28.2462   996.1897 0.0000e+00
      0.202     -0.001     4.5090     80.663     52.161  55.550929    -0.1890      7.896   146.1919 7.7336e+02     0.8415      0.198      0.287    28.2486   996.1889 0.0000e+00
      0.198      0.001     4.4706     80.372     52.158  55.547118    -0.2370      7.910   145.9814 1.0193e+03     0.7358      0.192      0.279    28.2424   996.1907 0.0000e+00
      0.200      0.003     4.4414     80.143     52.153  55.543544    -0.2556      7.919   146.0869 1.2293e+03     0.6915      0.195      0.283    28.2397   996.1915 0.0000e+00
      0.204      0.005     4.4142     80.129     52.117  55.507710    -0.2431      7.917   146.4351 1.0858e+03     0.6838      0.201      0.292    28.2425   996.1907 0.0000e+00
      0.207      0.006     4.3978     80.379     52.102  55.494975    -0.2379      7.901   146.8358 1.2015e+03     0.6771      0.204      0.296    28.2439   996.1903 0.0000e+00
      0.209      0.006     4.3831     80.736     52.122  55.516603    -0.2413      7.874   147.1462 1.5280e+03     0.6786      0.205      0.297    28.2419   996.1909 0.0000e+00
      0.210      0.003     4.3650     80.982     52.121  55.515133    -0.2452      7.846   147.3492 1.4059e+03     0.6685      0.207      0.298    28.2414   996.1910 0.0000e+00
      0.212      0.001     4.3633     81.078     52.084  55.477212    -0.2558      7.822   147.5684 1.1178e+03     0.6575      0.209      0.303    28.2465   996.1897 0.0000e+00
      0.212     -0.000     4.3798     81.158     52.046  55.439213    -0.2559      7.802   147.8176 1.0683e+03     0.6824      0.209      0.303    28.2506   996.1884 0.0000e+00
      0.209      0.000     4.4053     81.236     52.046  55.436807    -0.2462      7.787   148.0392 1.1488e+03     0.7299      0.205      0.297    28.2491   996.1888 0.0000e+00
      0.207      0.002     4.4200     81.210     52.060  55.448116    -0.2434      7.774   148.3545 1.1416e+03     0.7519      0.201      0.292    28.2478   996.1892 0.0000e+00
      0.207      0.005     4.4194     81.043     52.066  55.448911    -0.2415      7.756   148.3605 1.1313e+03     0.7069      0.202      0.294    28.2510   996.1882 0.0000e+00
      0.208      0.007     4.4241     80.769     52.072  55.446409    -0.2420      7.740   147.8539 1.1431e+03     0.6320      0.204      0.296    28.2544   996.1873 0.0000e+00
      0.212      0.007     4.4315     80.376     52.051  55.417843    -0.2400      7.735   147.5643 1.0532e+03     0.6016      0.207      0.299    28.2506   996.1884 0.0000e+00
      0.218      0.006     4.4313     79.837     51.995  55.357586    -0.2364      7.736   147.6111 1.0192e+03     0.6149      0.216      0.313    28.2471   996.1895 0.0000e+00
      0.222      0.003     4.4207     79.219     51.932  55.289510    -0.2369      7.740   147.7321 1.1352e+03     0.6549      0.221      0.319    28.2444   996.1902 0.0000e+00
      0.219      0.001     4.4071     78.645     51.879  55.229915    -0.2359      7.742   147.9953 1.2378e+03     0.6732      0.214      0.310    28.2323   996.1937 0.0000e+00
      0.215     -0.001     4.3879     78.234     51.862  55.208670    -0.2434      7.737   148.3840 1.1887e+03     0.6991      0.209      0.304    28.2258   996.1956 0.0000e+00
      0.214     -0.003     4.3561     78.018     51.878  55.223193    -0.2521      7.726   148.6465 1.0467e+03     0.7959      0.209      0.304    28.2274   996.1950 0.0000e+00
      0.214     -0.003     4.3204     77.902     51.875  55.214956    -0.2457      7.710   148.6736 8.8510e+02     0.8827      0.209      0.304    28.2262   996.1954 0.0000e+00
      0.215     -0.002     4.2865     77.714     51.840  55.172587    -0.2327      7.690   148.7974 8.6933e+02     0.8903      0.210      0.304    28.2215   996.1966 0.0000e+00
