Data/DataNotYetUploadedToEDI/Raw_CTD/RawDownloads/070819_fcr20.cnv
* Sea-Bird SBE19plus  Data File:
* FileName = C:\DATA\070819_fcr50_0003.hex
* Software version 2.8.0.119
* Temperature SN = 7809
* Conductivity SN = 7809
* System UpLoad Time = Jul 08 2019 15:01:30
* <ApplicationData>
* <Seaterm232>
# nquan = 18
# nvalues = 441                         
# units = specified
# name 0 = depFM: Depth [fresh water, m]
# name 1 = tv290C: Temperature [ITS-90, deg C]
# name 2 = sbeox0Mg/L: Oxygen, SBE 43 [mg/l]
# name 3 = sbeox0PS: Oxygen, SBE 43 [% saturation]
# name 4 = c0uS/cm: Conductivity [uS/cm]
# name 5 = specc: Specific Conductance [uS/cm]
# name 6 = ph: pH
# name 7 = orp: Oxidation Reduction Potential [mV]
# name 8 = flECO-AFL: Fluorescence, WET Labs ECO-AFL/FL [mg/m^3]
# name 9 = turbWETntu0: Turbidity, WET Labs ECO [NTU]
# name 10 = sal00: Salinity, Practical [PSU]
# name 11 = dz/dtM: Descent Rate [m/s]
# name 12 = prdM: Pressure, Strain Gauge [db]
# name 13 = prdE: Pressure, Strain Gauge [psi]
# name 14 = scan: Scan Count
# name 15 = par/sat/log: PAR/Logarithmic, Satlantic
# name 16 = density00: Density [density, kg/m^3]
# name 17 = flag:  0.000e+00
# span 0 =     -0.608,      3.043       
# span 1 =    18.2027,    27.3075       
# span 2 =     0.0209,    12.8334       
# span 3 =      0.222,    146.989       
# span 4 =   0.000963,  63.887450       
# span 5 =      0.654,     73.956       
# span 6 =      5.736,      6.894       
# span 7 =   223.3080,   730.5194       
# span 8 =    -0.1483,     5.9934       
# span 9 =    -0.5854,   137.3253       
# span 10 =     0.0120,     0.0385      
# span 11 =     -0.159,      0.296      
# span 12 =     -0.596,      2.984      
# span 13 =     -0.865,      4.327      
# span 14 =          1,        441      
# span 15 = 5.7466e+00, 5.0562e+02      
# span 16 =   996.4481,   998.6019      
# span 17 = 0.0000e+00, 0.0000e+00      
# interval = seconds: 0.25
# start_time = Jul 08 2019 11:19:18 [Instrument's time stamp, header]
# bad_flag = -9.990e-29
*END*
[from data line 81]
     -0.012    27.1909     6.1787     77.792  37.095605     35.531      6.378   228.4944     3.0484     5.7593     0.0244      0.001     -0.012     -0.017         82 3.3184e+02   996.4779 0.0000e+00
     -0.014    27.1883     6.1509     77.440  37.097761     35.534      6.375   228.4187     3.0408     5.8602     0.0244      0.000     -0.013     -0.019         83 3.4692e+02   996.4791 0.0000e+00
     -0.015    27.1889     6.1165     77.002  37.047601     35.484      6.374   228.4566     3.0866     5.7160     0.0244     -0.000     -0.014     -0.020         84 3.5716e+02   996.4806 0.0000e+00
     -0.013    27.1897     6.0802     76.542  37.039490     35.486      6.375   228.7973     3.0980     5.7449     0.0244     -0.000     -0.013     -0.019         85 3.5547e+02   996.4813 0.0000e+00
     -0.012    27.1897     6.0411     76.046  36.989316     35.432      6.375   228.9109     3.1018     5.7881     0.0244     -0.000     -0.012     -0.017         86 3.2308e+02   996.4811 0.0000e+00
     -0.011    27.1881     6.0010     75.537  36.991502     35.431      6.375   229.2894     3.0751     5.9035     0.0244     -0.000     -0.011     -0.015         87 3.0140e+02   996.4809 0.0000e+00
     -0.011    27.1845     5.9634     75.061  37.036769     35.485      6.376   229.4030     3.2315     5.7593     0.0244      0.000     -0.011     -0.015         88 3.1316e+02   996.4809 0.0000e+00
     -0.011    27.1803     5.9224     74.542  36.992251     35.432      6.373   229.5544     3.2163     5.7016     0.0244      0.000     -0.011     -0.016         89 3.3649e+02   996.4813 0.0000e+00
     -0.012    27.1767     5.8771     73.969  36.987635     35.435      6.376   229.4787     3.1972     5.7016     0.0244      0.001     -0.012     -0.017         90 3.4891e+02   996.4823 0.0000e+00
     -0.013    27.1745     5.8428     73.534  36.983247     35.438      6.373   229.5544     3.2201     5.7737     0.0244      0.001     -0.012     -0.017         91 3.3110e+02   996.4836 0.0000e+00
     -0.012    27.1732     5.8077     73.089  36.908811     35.360      6.373   229.5544     3.1056     5.7881     0.0244      0.001     -0.011     -0.016         92 3.2886e+02   996.4845 0.0000e+00
     -0.011    27.1713     5.7748     72.671  36.902462     35.361      6.369   229.9330     3.0942     5.8170     0.0244      0.001     -0.010     -0.015         93 3.3211e+02   996.4851 0.0000e+00
     -0.010    27.1688     5.7386     72.211  36.902243     35.362      6.367   230.0087     3.0904     5.6728     0.0244      0.000     -0.010     -0.015         94 3.1831e+02   996.4855 0.0000e+00
     -0.011    27.1659     5.7078     71.820  36.849813     35.310      6.368   230.1980     3.0675     5.7016     0.0243      0.000     -0.011     -0.016         95 3.2050e+02   996.4860 0.0000e+00
     -0.012    27.1629     5.6752     71.407  36.878806     35.339      6.367   230.0087     3.0789     5.7305     0.0243      0.000     -0.011     -0.016         96 3.2880e+02   996.4867 0.0000e+00
     -0.012    27.1603     5.6504     71.090  36.895798     35.367      6.367   230.4251     3.0332     5.5430     0.0244      0.000     -0.011     -0.016         97 3.2684e+02   996.4874 0.0000e+00
     -0.012    27.1579     5.6240     70.754  36.858303     35.316      6.366   230.6901     3.0370     5.6295     0.0243      0.000     -0.012     -0.017         98 3.1787e+02   996.4883 0.0000e+00
     -0.013    27.1555     5.5956     70.392  36.895833     35.371      6.365   230.8794     3.0408     5.4853     0.0244     -0.000     -0.012     -0.017         99 3.4460e+02   996.4890 0.0000e+00
     -0.013    27.1533     5.5677     70.038  36.849094     35.319      6.364   230.7280     3.0255     5.5142     0.0243     -0.001     -0.012     -0.017        100 3.4486e+02   996.4897 0.0000e+00
     -0.011    27.1512     5.5369     69.646  36.797932     35.267      6.364   231.2580     3.0217     5.8314     0.0243     -0.001     -0.011     -0.016        101 3.0479e+02   996.4903 0.0000e+00
     -0.011    27.1485     5.5101     69.305  36.870601     35.349      6.362   231.0687     3.0255     5.7593     0.0243     -0.000     -0.011     -0.016        102 3.3398e+02   996.4909 0.0000e+00
     -0.012    27.1453     5.4852     68.988  36.847565     35.324      6.360   231.3716     3.0408     5.7593     0.0243     -0.000     -0.012     -0.017        103 3.2944e+02   996.4915 0.0000e+00
     -0.012    27.1421     5.4630     68.706  36.796966     35.272      6.361   231.0309     3.0370     5.7593     0.0243      0.000     -0.012     -0.017        104 2.9983e+02   996.4922 0.0000e+00
     -0.013    27.1393     5.4386     68.396  36.844665     35.328      6.359   231.4094     3.0484     5.6439     0.0243     -0.000     -0.012     -0.017        105 3.2289e+02   996.4931 0.0000e+00
     -0.012    27.1367     5.4125     68.064  36.847474     35.330      6.364   231.6744     3.0637     5.5430     0.0243      0.000     -0.011     -0.016        106 3.5371e+02   996.4940 0.0000e+00
     -0.012    27.1337     5.3933     67.818  36.763839     35.251      6.366   231.6366     3.0522     5.6007     0.0243      0.000     -0.011     -0.016        107 3.4885e+02   996.4948 0.0000e+00
     -0.012    27.1305     5.3766     67.605  36.741307     35.226      6.367   232.1287     3.0522     5.5430     0.0243      0.000     -0.011     -0.016        108 3.1719e+02   996.4955 0.0000e+00
     -0.012    27.1271     5.3606     67.401  36.727343     35.228      6.364   232.0530     3.0408     5.7593     0.0243     -0.000     -0.012     -0.017        109 3.2077e+02   996.4963 0.0000e+00
     -0.012    27.1240     5.3417     67.159  36.692315     35.177      6.366   231.9016     3.0255     5.8026     0.0243     -0.000     -0.012     -0.017        110 3.2187e+02   996.4972 0.0000e+00
     -0.012    27.1209     5.3233     66.924  36.725630     35.233      6.365   232.0530     3.0446     5.8458     0.0243      0.000     -0.011     -0.016        111 3.1870e+02   996.4981 0.0000e+00
     -0.011    27.1174     5.3043     66.681  36.745153     35.235      6.363   232.2044     3.0522     5.8314     0.0243      0.000     -0.010     -0.015        112 3.2470e+02   996.4990 0.0000e+00
     -0.010    27.1146     5.2823     66.400  36.756925     35.264      6.364   232.1666     3.0484     5.8170     0.0243      0.001     -0.009     -0.014        113 3.1625e+02   996.4999 0.0000e+00
     -0.009    27.1119     5.2642     66.168  36.740617     35.239      6.359   232.4694     3.0179     5.7593     0.0243      0.001     -0.008     -0.012        114 3.2519e+02   996.5008 0.0000e+00
     -0.008    27.1092     5.2416     65.881  36.735816     35.241      6.356   232.3180     3.0294     5.8170     0.0243      0.002     -0.008     -0.012        115 3.4427e+02   996.5016 0.0000e+00
     -0.008    27.1061     5.2223     65.634  36.733266     35.243      6.355   232.4694     3.0255     5.7593     0.0243      0.002     -0.008     -0.011        116 3.2569e+02   996.5024 0.0000e+00
     -0.007    27.1029     5.1975     65.318  36.684522     35.191      6.351   232.3180     3.0713     5.8170     0.0243      0.003     -0.007     -0.010        117 3.1295e+02   996.5031 0.0000e+00
     -0.006    27.1002     5.1731     65.007  36.707574     35.220      6.353   232.9237     2.9225     5.5142     0.0243      0.003     -0.006     -0.009        118 3.2051e+02   996.5040 0.0000e+00
     -0.005    27.0972     5.1476     64.683  36.734212     35.249      6.354   232.4694     2.8958     5.6439     0.0243      0.003     -0.005     -0.008        119 3.1512e+02   996.5048 0.0000e+00
     -0.005    27.0943     5.1292     64.447  36.681006     35.197      6.352   232.7344     2.8958     5.4709     0.0243      0.003     -0.005     -0.007        120 3.0912e+02   996.5056 0.0000e+00
     -0.004    27.0911     5.1092     64.193  36.684887     35.199      6.355   232.7344     2.9264     5.5430     0.0243      0.003     -0.005     -0.007        121 3.1732e+02   996.5064 0.0000e+00
     -0.005    27.0874     5.0927     63.981  36.670117     35.201      6.353   232.7344     3.0408     5.7593     0.0243      0.002     -0.005     -0.007        122 3.3105e+02   996.5072 0.0000e+00
     -0.004    27.0838     5.0714     63.709  36.640120     35.150      6.351   232.8859     3.0255     5.7881     0.0243      0.002     -0.004     -0.006        123 3.2087e+02   996.5081 0.0000e+00
     -0.003    27.0805     5.0391     63.300  36.692585     35.233      6.358   232.8480     3.0294     5.7305     0.0243      0.002     -0.003     -0.004        124 3.0877e+02   996.5091 0.0000e+00
     -0.001    27.0773     5.0329     63.220  36.634462     35.155      6.361   233.1509     3.0103     5.7881     0.0243      0.002     -0.002     -0.003        125 3.2118e+02   996.5101 0.0000e+00
     -0.003    27.0742     5.0140     62.980  36.564282     35.104      6.366   233.4916     3.1667     5.5718     0.0242      0.002     -0.003     -0.004        126 3.2706e+02   996.5110 0.0000e+00
     -0.004    27.0709     4.9929     62.710  36.572483     35.106      6.367   233.2644     3.2010     5.4997     0.0242      0.001     -0.004     -0.005        127 3.1974e+02   996.5119 0.0000e+00
     -0.004    27.0672     4.9775     62.514  36.564988     35.108      6.359   233.1130     3.1171     5.5863     0.0242      0.001     -0.004     -0.005        128 3.1079e+02   996.5127 0.0000e+00
     -0.003    27.0632     4.9529     62.201  36.573610     35.110      6.356   233.3780     3.1324     5.5430     0.0242      0.001     -0.003     -0.005        129 3.0652e+02   996.5136 0.0000e+00
     -0.003    27.0595     4.9329     61.946  36.591390     35.139      6.356   233.7566     3.0751     5.5142     0.0242      0.000     -0.003     -0.005        130 3.2288e+02   996.5147 0.0000e+00
     -0.003    27.0563     4.9165     61.737  36.572498     35.115      6.357   233.5673     3.0980     5.5142     0.0242     -0.000     -0.003     -0.004        131 3.2456e+02   996.5158 0.0000e+00
     -0.002    27.0530     4.8973     61.494  36.567488     35.118      6.364   233.9459     3.1018     5.4132     0.0242     -0.000     -0.003     -0.004        132 3.1543e+02   996.5168 0.0000e+00
     -0.003    27.0499     4.8788     61.257  36.567993     35.120      6.368   234.0216     3.0942     5.6439     0.0242     -0.000     -0.003     -0.004        133 3.1784e+02   996.5177 0.0000e+00
     -0.002    27.0469     4.8582     60.996  36.571872     35.122      6.370   234.0973     3.0446     5.8170     0.0242      0.000     -0.003     -0.004        134 3.1474e+02   996.5186 0.0000e+00
     -0.003    27.0442     4.8437     60.811  36.562662     35.124      6.369   234.2487     3.0027     5.8026     0.0242      0.000     -0.003     -0.005        135 3.1245e+02   996.5194 0.0000e+00
     -0.004    27.0414     4.8265     60.593  36.520187     35.073      6.370   234.2866     3.0332     5.8170     0.0242      0.000     -0.003     -0.005        136 3.1312e+02   996.5202 0.0000e+00
     -0.003    27.0382     4.8077     60.354  36.506195     35.074      6.370   234.4380     3.0370     5.7305     0.0242     -0.000     -0.003     -0.004        137 3.1347e+02   996.5210 0.0000e+00
     -0.002    27.0351     4.7914     60.147  36.520807     35.076      6.367   234.1730     3.0255     5.6872     0.0242      0.000     -0.002     -0.003        138 3.1811e+02   996.5217 0.0000e+00
     -0.002    27.0319     4.7776     59.970  36.502004     35.078      6.367   234.1730     3.2201     5.7881     0.0242      0.000     -0.002     -0.003        139 3.1876e+02   996.5226 0.0000e+00
     -0.002    27.0287     4.7585     59.727  36.440694     35.000      6.364   234.2866     3.2315     5.8026     0.0242      0.000     -0.002     -0.003        140 3.1411e+02   996.5234 0.0000e+00
     -0.002    27.0260     4.7421     59.519  36.508205     35.083      6.363   234.2487     3.2354     5.7593     0.0242      0.001     -0.002     -0.004        141 3.2458e+02   996.5244 0.0000e+00
     -0.003    27.0231     4.7297     59.361  36.506893     35.085      6.363   234.3623     3.1972     5.7593     0.0242      0.000     -0.002     -0.004        142 3.2776e+02   996.5252 0.0000e+00
     -0.002    27.0199     4.7118     59.133  36.442329     35.006      6.362   234.4380     3.0980     5.7737     0.0242      0.001     -0.002     -0.004        143 3.2254e+02   996.5260 0.0000e+00
     -0.002    27.0171     4.7031     59.023  36.499651     35.089      6.364   234.4380     3.1133     5.8026     0.0242      0.001     -0.002     -0.003        144 3.2063e+02   996.5268 0.0000e+00
     -0.002    27.0147     4.6849     58.793  36.524460     35.091      6.365   234.7409     3.0980     5.7305     0.0242      0.000     -0.002     -0.003        145 3.1765e+02   996.5277 0.0000e+00
     -0.003    27.0125     4.6717     58.626  36.500359     35.093      6.367   234.8544     3.1056     5.7881     0.0242     -0.000     -0.003     -0.004        146 3.1777e+02   996.5284 0.0000e+00
     -0.003    27.0101     4.6575     58.447  36.440743     35.014      6.364   234.8544     3.1591     5.4853     0.0242     -0.000     -0.003     -0.004        147 3.1754e+02   996.5291 0.0000e+00
     -0.003    27.0075     4.6426     58.260  36.420847     35.015      6.368   234.5894     3.1476     5.6007     0.0242     -0.000     -0.003     -0.004        148 3.1830e+02   996.5297 0.0000e+00
     -0.003    27.0044     4.6263     58.055  36.436217     35.017      6.364   235.0059     3.1476     5.5574     0.0242     -0.000     -0.002     -0.004        149 3.1619e+02   996.5304 0.0000e+00
     -0.003    27.0017     4.6179     57.949  36.421616     35.019      6.359   235.1573     3.1705     5.4853     0.0242     -0.000     -0.002     -0.004        150 3.1670e+02   996.5311 0.0000e+00
     -0.002    26.9993     4.6047     57.783  36.439019     35.021      6.361   235.1573     3.1514     5.5286     0.0242     -0.000     -0.002     -0.004        151 3.1492e+02   996.5319 0.0000e+00
     -0.003    26.9967     4.5918     57.620  36.444195     35.049      6.361   235.0059     3.1552     5.5430     0.0242     -0.000     -0.003     -0.004        152 3.1166e+02   996.5326 0.0000e+00
     -0.004    26.9945     4.5861     57.546  36.385541     34.971      6.364   235.0816     3.1629     5.5286     0.0242     -0.000     -0.003     -0.004        153 3.1733e+02   996.5333 0.0000e+00
     -0.003    26.9927     4.5769     57.428  36.423112     35.026      6.363   235.3466     3.1514     5.5574     0.0242      0.000     -0.002     -0.004        154 3.3015e+02   996.5340 0.0000e+00
     -0.003    26.9915     4.5714     57.354  36.427076     35.027      6.361   235.5737     3.0904     5.8747     0.0242      0.000     -0.002     -0.004        155 3.3787e+02   996.5345 0.0000e+00
     -0.002    26.9906     4.5648     57.264  36.380609     34.975      6.363   235.1573     3.0751     5.7593     0.0242      0.000     -0.002     -0.003        156 3.3027e+02   996.5351 0.0000e+00
     -0.001    26.9899     4.5671     57.282  36.392036     35.003      6.365   235.4223     3.0980     5.7016     0.0242      0.000     -0.001     -0.002        157 3.1625e+02   996.5355 0.0000e+00
     -0.000    26.9891     4.5691     57.292  36.383221     34.976      6.363   235.2330     3.0904     5.7881     0.0242      0.001     -0.000     -0.001        158 3.1294e+02   996.5357 0.0000e+00
      0.000    26.9887     4.5762     57.360  36.361946     34.977      6.363   235.3087     3.0980     5.7449     0.0242      0.001     -0.000     -0.001        159 3.2305e+02   996.5359 0.0000e+00
     -0.001    26.9885     4.5832     57.422  36.329612     34.924      6.368   235.3466     3.2315     5.5863     0.0241      0.002     -0.001     -0.002        160 3.2694e+02   996.5361 0.0000e+00
