Data/DataNotYetUploadedToEDI/Raw_CTD/RawDownloads/070820_ccr50_halfcast.cnv
* Sea-Bird SBE19plus  Data File:
* FileName = C:\DATA\070920_fcr50_0001.hex
* Software version 2.8.0.119
* Temperature SN = 7809
* Conductivity SN = 7809
* System UpLoad Time = Jul 09 2020 11:53:18
* <ApplicationData>
* <Seaterm232>
# nquan = 16
# nvalues = 1315                        
# units = specified
# name 0 = depFM: Depth [fresh water, m]
# name 1 = dz/dtM: Descent Rate [m/s]
# name 2 = sbeox0ML/L: Oxygen, SBE 43 [ml/l]
# name 3 = sbeox0PS: Oxygen, SBE 43 [% saturation]
# name 4 = specc: Specific Conductance [uS/cm]
# name 5 = c0uS/cm: Conductivity [uS/cm]
# name 6 = flECO-AFL: Fluorescence, WET Labs ECO-AFL/FL [mg/m^3]
# name 7 = ph: pH
# name 8 = orp: Oxidation Reduction Potential [mV]
# name 9 = par/sat/log: PAR/Logarithmic, Satlantic
# name 10 = turbWETntu0: Turbidity, WET Labs ECO [NTU]
# name 11 = prdM: Pressure, Strain Gauge [db]
# name 12 = prdE: Pressure, Strain Gauge [psi]
# name 13 = tv290C: Temperature [ITS-90, deg C]
# name 14 = density00: Density [density, kg/m^3]
# name 15 = flag:  0.000e+00
# span 0 =     -0.487,     18.179       
# span 1 =     -0.560,      0.313       
# span 2 =     2.3558,     7.6389       
# span 3 =     29.732,    129.845       
# span 4 =      3.009,     92.002       
# span 5 =   3.034968,  63.038625       
# span 6 =    -1.8452,     3.4342       
# span 7 =      6.332,      8.769       
# span 8 = -1240.7455,   223.9419       
# span 9 = 1.2345e-01, 1.5280e+03       
# span 10 =    -7.7957,   156.7396      
# span 11 =     -0.478,     17.835      
# span 12 =     -0.693,     25.868      
# span 13 =     9.2487,    28.3691      
# span 14 =   996.1567,   999.8839      
# span 15 = 0.0000e+00, 0.0000e+00      
# interval = seconds: 0.25
# start_time = Jul 07 2020 20:43:41 [Instrument's time stamp, header]
# bad_flag = -9.990e-29
*END*
[from data line 272]
      2.522      0.051     6.7118    118.044     44.338  45.079530     0.6628      7.442   169.5820 2.5703e+02     0.9279      2.474      3.589    26.2753   996.7440 0.0000e+00
      2.532      0.056     6.6748    119.019     44.093  44.672000     0.6726      7.446   169.7170 2.5314e+02     0.9884      2.482      3.600    26.0730   996.7983 0.0000e+00
      2.546      0.061     6.6370    119.872     44.237  44.648737     0.6933      7.448   169.4707 2.6204e+02     1.0039      2.495      3.618    25.9866   996.8215 0.0000e+00
      2.564      0.064     6.6435    120.684     44.498  44.797997     0.7227      7.449   169.0987 2.6227e+02     0.9431      2.515      3.647    25.9670   996.8266 0.0000e+00
      2.584      0.065     6.7154    121.613     44.496  44.762416     0.7410      7.452   169.3495 2.4322e+02     0.9060      2.535      3.676    25.8618   996.8543 0.0000e+00
      2.604      0.065     6.8043    122.650     44.266  44.535911     0.7433      7.456   169.7502 2.3753e+02     0.9327      2.555      3.706    25.6523   996.9096 0.0000e+00
      2.621      0.063     6.8749    123.554     44.034  44.281341     0.7879      7.460   169.8138 2.4105e+02     0.9227      2.574      3.733    25.4394   996.9653 0.0000e+00
      2.635      0.060     6.9371    124.117     43.855  44.033306     0.8800      7.463   169.8603 2.4095e+02     0.8880      2.584      3.748    25.2901   997.0044 0.0000e+00
      2.647      0.059     6.9913    124.441     43.732  43.822216     0.9323      7.467   170.0534 2.4599e+02     0.9253      2.594      3.763    25.2742   997.0084 0.0000e+00
      2.661      0.060     7.0523    124.771     43.626  43.633412     0.9525      7.471   170.2566 2.3855e+02     0.9617      2.608      3.784    25.3159   996.9976 0.0000e+00
      2.676      0.063     7.1130    125.180     43.473  43.400905     1.1242      7.475   170.3387 2.2957e+02     1.0195      2.623      3.806    25.2990   997.0020 0.0000e+00
      2.693      0.068     7.1539    125.524     43.202  43.042261     1.4355      7.479   170.3582 2.2735e+02     1.1425      2.640      3.830    25.2050   997.0263 0.0000e+00
      2.711      0.074     7.1816    125.740     42.923  42.661393     1.5976      7.483   170.3198 2.1132e+02     1.2134      2.658      3.855    25.0873   997.0566 0.0000e+00
      2.729      0.079     7.2093    125.904     42.863  42.477493     1.6056      7.486   170.3043 2.0316e+02     1.1900      2.676      3.881    25.0030   997.0784 0.0000e+00
      2.749      0.081     7.2507    126.039     42.977  42.468999     1.6185      7.488   170.3432 2.0456e+02     1.2030      2.695      3.908    24.9150   997.1009 0.0000e+00
      2.773      0.081     7.2857    126.210     43.082  42.495041     1.7339      7.490   170.2732 1.9003e+02     1.3364      2.718      3.942    24.8130   997.1269 0.0000e+00
      2.798      0.079     7.3088    126.540     43.090  42.474862     1.9331      7.491   170.2324 1.7848e+02     1.3950      2.744      3.981    24.7049   997.1544 0.0000e+00
      2.821      0.074     7.3415    127.051     43.040  42.415415     2.0334      7.494   170.1949 1.7344e+02     1.3627      2.770      4.017    24.5440   997.1951 0.0000e+00
      2.837      0.066     7.3704    127.656     43.051  42.411033     2.0314      7.496   170.0775 1.6499e+02     1.3923      2.784      4.037    24.3815   997.2361 0.0000e+00
      2.851      0.057     7.3892    128.258     43.075  42.421860     2.0614      7.498   170.1038 1.6057e+02     1.4781      2.795      4.054    24.2883   997.2595 0.0000e+00
      2.865      0.047     7.4103    128.831     43.013  42.355866     2.1482      7.500   170.1686 1.5337e+02     1.6102      2.811      4.077    24.2751   997.2629 0.0000e+00
      2.875      0.038     7.4422    129.342     42.974  42.311355     2.2134      7.503   170.0866 1.4457e+02     1.6849      2.820      4.090    24.2761   997.2626 0.0000e+00
      2.883      0.032     7.4844    129.688     43.002  42.328017     2.2208      7.506   169.8862 1.3811e+02     1.6599      2.827      4.100    24.2470   997.2699 0.0000e+00
      2.891      0.028     7.5222    129.826     42.983  42.303397     2.1890      7.509   169.6385 1.3174e+02     1.6168      2.838      4.116    24.2296   997.2743 0.0000e+00
      2.896      0.028     7.5549    129.845     42.821  42.140622     2.1530      7.513   169.5013 1.2747e+02     1.6108      2.842      4.121    24.2335   997.2733 0.0000e+00
      2.899      0.032     7.5889    129.811     42.650  41.946838     2.1485      7.515   169.4318 1.2282e+02     1.6555      2.841      4.121    24.2280   997.2747 0.0000e+00
      2.905      0.035     7.6143    129.708     42.692  41.928114     2.1628      7.516   169.2276 1.1801e+02     1.6420      2.847      4.129    24.2055   997.2803 0.0000e+00
      2.915      0.036     7.6199    129.520     42.807  41.977617     2.2022      7.517   168.9248 1.1447e+02     1.5852      2.855      4.142    24.1985   997.2821 0.0000e+00
      2.931      0.035     7.6177    129.278     42.841  41.973995     2.2622      7.519   168.6105 1.1006e+02     1.5866      2.873      4.167    24.2091   997.2795 0.0000e+00
      2.947      0.032     7.6198    129.103     42.831  41.947741     2.2868      7.522   168.3526 1.0557e+02     1.6245      2.894      4.196    24.1930   997.2835 0.0000e+00
      2.955      0.027     7.6262    129.060     42.803  41.914065     2.2805      7.524   168.3023 1.0375e+02     1.6663      2.900      4.206    24.1011   997.3063 0.0000e+00
      2.955      0.024     7.6293    129.097     42.777  41.884204     2.2629      7.526   168.3465 1.0338e+02     1.6806      2.899      4.204    24.0069   997.3297 0.0000e+00
      2.954      0.023     7.6158    129.177     42.741  41.840586     2.2262      7.528   168.2848 1.0284e+02     1.6601      2.896      4.200    23.9741   997.3378 0.0000e+00
      2.956      0.027     7.6051    129.266     42.685  41.767522     2.1992      7.531   168.1592 1.0355e+02     1.6582      2.896      4.199    23.9602   997.3411 0.0000e+00
      2.964      0.035     7.6069    129.314     42.580  41.635527     2.1946      7.533   168.1178 1.0353e+02     1.6914      2.905      4.213    23.9535   997.3429 0.0000e+00
      2.977      0.045     7.6085    129.264     42.437  41.450644     2.2271      7.533   168.1278 1.0218e+02     1.7526      2.919      4.234    23.9539   997.3428 0.0000e+00
      2.992      0.055     7.6156    129.053     42.359  41.309360     2.2872      7.534   168.0222 1.0301e+02     1.8153      2.934      4.255    23.9448   997.3451 0.0000e+00
      3.007      0.062     7.6247    128.665     42.385  41.260141     2.3208      7.535   167.9589 1.0385e+02     1.8309      2.948      4.276    23.9249   997.3501 0.0000e+00
      3.025      0.065     7.6336    128.189     42.424  41.236284     2.3380      7.535   168.0512 1.0377e+02     1.8382      2.965      4.302    23.8897   997.3587 0.0000e+00
      3.044      0.066     7.6389    127.767     42.387  41.147768     2.3615      7.534   168.1917 1.0402e+02     1.8690      2.986      4.331    23.8417   997.3705 0.0000e+00
      3.060      0.067     7.6388    127.459     42.312  41.014991     2.4520      7.534   168.1957 1.0276e+02     1.9625      3.002      4.354    23.7626   997.3899 0.0000e+00
      3.075      0.067     7.6287    127.210     42.262  40.900274     2.6035      7.534   168.0996 1.0284e+02     2.0764      3.016      4.374    23.6582   997.4155 0.0000e+00
      3.092      0.067     7.6068    126.952     42.133  40.712736     2.6761      7.534   168.2339 1.0290e+02     2.1131      3.031      4.397    23.5869   997.4329 0.0000e+00
      3.110      0.069     7.5870    126.677     41.818  40.334215     2.6809      7.532   168.6153 9.8881e+01     2.1317      3.049      4.423    23.5400   997.4443 0.0000e+00
      3.128      0.075     7.5809    126.332     41.463  39.877929     2.7197      7.529   169.0111 9.6995e+01     2.1651      3.068      4.450    23.4664   997.4621 0.0000e+00
      3.144      0.085     7.5807    125.771     41.315  39.575144     2.7823      7.528   169.2343 9.7731e+01     2.1729      3.083      4.471    23.3792   997.4832 0.0000e+00
      3.163      0.094     7.5745    124.996     41.375  39.465710     2.8088      7.528   169.3352 9.4577e+01     2.1230      3.099      4.496    23.3113   997.4996 0.0000e+00
      3.188      0.097     7.5682    124.173     41.491  39.443094     2.8105      7.528   169.2837 9.0500e+01     2.0760      3.123      4.530    23.2398   997.5167 0.0000e+00
      3.222      0.095     7.5720    123.425     41.567  39.428439     2.8409      7.531   169.2145 8.9404e+01     2.1547      3.158      4.581    23.1076   997.5482 0.0000e+00
      3.257      0.091     7.5697    122.900     41.607  39.415335     2.8995      7.535   169.4447 8.8427e+01     2.3193      3.197      4.638    22.8918   997.5995 0.0000e+00
      3.282      0.084     7.5481    122.674     41.637  39.411527     2.9470      7.538   169.7442 8.5832e+01     2.4180      3.224      4.676    22.6707   997.6515 0.0000e+00
      3.294      0.076     7.5223    122.656     41.632  39.382356     2.9575      7.541   169.9097 8.3993e+01     2.4219      3.232      4.687    22.5056   997.6900 0.0000e+00
      3.304      0.068     7.4866    122.751     41.585  39.316468     2.9318      7.544   170.0696 8.2922e+01     2.4003      3.237      4.695    22.4055   997.7133 0.0000e+00
      3.319      0.063     7.4591    122.920     41.538  39.249540     2.9025      7.547   170.3009 8.0455e+01     2.3968      3.254      4.720    22.3556   997.7249 0.0000e+00
      3.337      0.063     7.4545    123.080     41.527  39.207778     2.8991      7.549   170.4694 7.7364e+01     2.4139      3.273      4.748    22.3196   997.7333 0.0000e+00
      3.356      0.063     7.4596    123.120     41.548  39.192289     2.9004      7.551   170.4723 7.5157e+01     2.4359      3.291      4.773    22.2909   997.7399 0.0000e+00
      3.374      0.061     7.4683    123.030     41.578  39.189159     2.8710      7.553   170.4217 7.3807e+01     2.4912      3.309      4.799    22.2685   997.7452 0.0000e+00
      3.391      0.058     7.4840    122.905     41.582  39.169890     2.8199      7.555   170.4604 7.2274e+01     2.5673      3.327      4.826    22.2437   997.7509 0.0000e+00
      3.405      0.054     7.5031    122.820     41.579  39.149681     2.7981      7.557   170.5959 7.1262e+01     2.6010      3.340      4.845    22.2046   997.7598 0.0000e+00
      3.415      0.053     7.5123    122.786     41.585  39.135189     2.8071      7.560   170.6833 7.1581e+01     2.6233      3.348      4.856    22.1563   997.7709 0.0000e+00
      3.425      0.053     7.5099    122.794     41.534  39.058118     2.8138      7.562   170.7428 7.1621e+01     2.6309      3.357      4.869    22.1170   997.7800 0.0000e+00
      3.438      0.055     7.5038    122.799     41.354  38.852449     2.8129      7.561   170.8843 7.1234e+01     2.5899      3.372      4.890    22.0905   997.7861 0.0000e+00
      3.453      0.058     7.5016    122.729     41.163  38.615889     2.8155      7.561   170.9322 7.1510e+01     2.5747      3.386      4.911    22.0756   997.7896 0.0000e+00
      3.469      0.059     7.5020    122.484     41.191  38.546087     2.8352      7.562   170.8060 7.1880e+01     2.6526      3.401      4.933    22.0541   997.7946 0.0000e+00
      3.486      0.057     7.5097    121.986     41.336  38.579543     2.8415      7.564   170.8208 7.1412e+01     2.7424      3.418      4.957    22.0139   997.8038 0.0000e+00
      3.503      0.052     7.5171    121.328     41.396  38.576003     2.7769      7.566   171.0252 7.0831e+01     2.7330      3.437      4.985    21.9753   997.8126 0.0000e+00
      3.518      0.046     7.5217    120.699     41.414  38.566667     2.6748      7.568   171.1262 7.0939e+01     2.6766      3.454      5.009    21.9254   997.8239 0.0000e+00
      3.526      0.039     7.5301    120.206     41.386  38.530091     2.6271      7.569   171.0958 7.0521e+01     2.6436      3.459      5.017    21.7898   997.8544 0.0000e+00
      3.532      0.033     7.5195    119.864     41.306  38.451080     2.6284      7.570   171.0872 6.9886e+01     2.6432      3.462      5.020    21.6323   997.8897 0.0000e+00
      3.539      0.029     7.4814    119.652     41.233  38.372936     2.6331      7.571   171.1937 6.9953e+01     2.6385      3.471      5.034    21.5757   997.9024 0.0000e+00
      3.546      0.029     7.4442    119.553     41.094  38.219912     2.6365      7.572   171.4387 6.9443e+01     2.6208      3.478      5.045    21.5549   997.9071 0.0000e+00
      3.552      0.032     7.4158    119.523     40.912  37.997072     2.6312      7.572   171.7261 6.9194e+01     2.6007      3.482      5.052    21.5376   997.9109 0.0000e+00
      3.559      0.035     7.3951    119.451     40.913  37.899807     2.6169      7.573   171.9147 6.9399e+01     2.5672      3.489      5.060    21.5422   997.9099 0.0000e+00
      3.569      0.036     7.3831    119.241     41.065  37.932242     2.6172      7.575   171.9991 6.8493e+01     2.5932      3.499      5.074    21.5334   997.9120 0.0000e+00
      3.581      0.036     7.3817    118.935     41.143  37.944842     2.6345      7.575   172.1442 6.8036e+01     2.6393      3.512      5.094    21.5050   997.9182 0.0000e+00
      3.593      0.035     7.3890    118.648     41.141  37.925142     2.6449      7.575   172.2925 6.8324e+01     2.6447      3.525      5.113    21.4611   997.9280 0.0000e+00
      3.602      0.033     7.4074    118.397     41.112  37.884427     2.6477      7.576   172.3285 6.8109e+01     2.6585      3.534      5.126    21.3243   997.9581 0.0000e+00
      3.608      0.032     7.4192    118.170     41.008  37.769861     2.6870      7.576   172.4945 6.8698e+01     2.6688      3.537      5.130    21.1452   997.9975 0.0000e+00
      3.614      0.032     7.4034    117.981     40.813  37.555332     2.7667      7.576   172.8364 6.9739e+01     2.6665      3.543      5.138    21.0894   998.0097 0.0000e+00
      3.621      0.035     7.3863    117.795     40.651  37.321367     2.8210      7.576   173.1068 7.0224e+01     2.6655      3.552      5.150    21.0927   998.0090 0.0000e+00
      3.627      0.041     7.3741    117.482     40.635  37.162095     2.8275      7.575   173.3543 7.1433e+01     2.6570      3.556      5.157    21.0708   998.0138 0.0000e+00
      3.638      0.048     7.3624    116.915     40.736  37.089019     2.8079      7.571   173.5928 7.2416e+01     2.6312      3.565      5.170    21.0493   998.0185 0.0000e+00
      3.654      0.054     7.3537    116.015     40.880  37.072198     2.8124      7.567   173.5805 7.2356e+01     2.6282      3.584      5.197    21.0284   998.0230 0.0000e+00
      3.671      0.056     7.3598    114.758     41.011  37.085433     2.8635      7.565   173.4643 7.2489e+01     2.6552      3.602      5.222    20.9328   998.0437 0.0000e+00
      3.689      0.056     7.3727    113.225     41.096  37.121972     2.9010      7.565   173.5646 7.2316e+01     2.6491      3.617      5.246    20.7274   998.0880 0.0000e+00
      3.705      0.053     7.3701    111.593     41.092  37.133168     2.8937      7.565   173.7606 7.1550e+01     2.6231      3.635      5.272    20.5096   998.1344 0.0000e+00
      3.717      0.048     7.3416    110.030     41.020  37.093904     2.8614      7.566   173.8546 7.0763e+01     2.6155      3.647      5.289    20.3215   998.1741 0.0000e+00
      3.726      0.043     7.2816    108.692     40.953  37.028045     2.8244      7.568   173.8417 6.9929e+01     2.6259      3.654      5.300    20.1762   998.2046 0.0000e+00
      3.735      0.038     7.1857    107.713     40.932  36.971482     2.8097      7.570   173.7762 6.8862e+01     2.6453      3.663      5.312    20.1324   998.2137 0.0000e+00
