Data/DataNotYetUploadedToEDI/Raw_CTD/RawDownloads/070819_fcr30.cnv
* Sea-Bird SBE19plus  Data File:
* FileName = C:\DATA\070819_fcr50_0004.hex
* Software version 2.8.0.119
* Temperature SN = 7809
* Conductivity SN = 7809
* System UpLoad Time = Jul 08 2019 15:01:52
* <ApplicationData>
* <Seaterm232>
# nquan = 18
# nvalues = 699                         
# units = specified
# name 0 = depFM: Depth [fresh water, m]
# name 1 = tv290C: Temperature [ITS-90, deg C]
# name 2 = sbeox0Mg/L: Oxygen, SBE 43 [mg/l]
# name 3 = sbeox0PS: Oxygen, SBE 43 [% saturation]
# name 4 = c0uS/cm: Conductivity [uS/cm]
# name 5 = specc: Specific Conductance [uS/cm]
# name 6 = ph: pH
# name 7 = orp: Oxidation Reduction Potential [mV]
# name 8 = flECO-AFL: Fluorescence, WET Labs ECO-AFL/FL [mg/m^3]
# name 9 = turbWETntu0: Turbidity, WET Labs ECO [NTU]
# name 10 = sal00: Salinity, Practical [PSU]
# name 11 = dz/dtM: Descent Rate [m/s]
# name 12 = prdM: Pressure, Strain Gauge [db]
# name 13 = prdE: Pressure, Strain Gauge [psi]
# name 14 = scan: Scan Count
# name 15 = par/sat/log: PAR/Logarithmic, Satlantic
# name 16 = density00: Density [density, kg/m^3]
# name 17 = flag:  0.000e+00
# span 0 =     -0.607,      5.346       
# span 1 =    10.8775,    27.2661       
# span 2 =     0.1344,    13.8567       
# span 3 =      1.261,    158.633       
# span 4 =   2.336735,  37.503497       
# span 5 =      2.723,     46.978       
# span 6 =      6.065,      7.282       
# span 7 =   -21.9313,   311.5154       
# span 8 =    -0.2628,     8.4616       
# span 9 =    -1.9697,    39.7611       
# span 10 =     0.0122,     0.0248      
# span 11 =     -0.267,      0.262      
# span 12 =     -0.594,      5.243      
# span 13 =     -0.862,      7.604      
# span 14 =          1,        699      
# span 15 = 1.5855e+00, 2.5819e+03      
# span 16 =   996.4592,   999.6615      
# span 17 = 0.0000e+00, 0.0000e+00      
# interval = seconds: 0.25
# start_time = Jul 08 2019 11:25:12 [Instrument's time stamp, header]
# bad_flag = -9.990e-29
*END*
[from data line 563]
      4.312    12.5868     0.1381      1.292  35.085314     46.524      6.815   302.0132     2.4724     7.2013     0.0245      0.034      4.228      6.132        564 1.2195e+01   999.4544 0.0000e+00
      4.321    12.5405     0.1387      1.296  34.794181     46.182      6.814   301.9375     2.4686     7.1869     0.0243      0.035      4.237      6.145        565 1.2023e+01   999.4608 0.0000e+00
      4.329    12.5345     0.1408      1.316  34.782196     46.267      6.814   301.9753     2.4877     7.1724     0.0243      0.036      4.245      6.157        566 1.1906e+01   999.4692 0.0000e+00
      4.338    12.5313     0.1394      1.302  34.833558     46.400      6.811   302.0889     2.5029     7.6483     0.0244      0.036      4.254      6.170        567 1.1850e+01   999.4750 0.0000e+00
      4.347    12.5096     0.1451      1.353  34.611752     46.107      6.809   302.1646     2.4838     7.5185     0.0242      0.036      4.262      6.182        568 1.1924e+01   999.4756 0.0000e+00
      4.355    12.5128     0.1463      1.362  34.376678     45.777      6.808   302.5054     2.5029     7.7781     0.0241      0.035      4.271      6.194        569 1.1971e+01   999.4759 0.0000e+00
      4.364    12.5196     0.1463      1.361  34.414918     45.878      6.806   302.5811     2.4953     7.6195     0.0241      0.035      4.280      6.207        570 1.1887e+01   999.4786 0.0000e+00
      4.375    12.4813     0.1515      1.408  34.119679     45.504      6.802   302.9218     2.3694     7.6483     0.0240      0.035      4.290      6.221        571 1.1715e+01   999.4781 0.0000e+00
      4.383    12.4333     0.1569      1.458  33.618076     44.746      6.797   302.6568     2.3961     7.6483     0.0236      0.035      4.299      6.235        572 1.1508e+01   999.4771 0.0000e+00
      4.393    12.3894     0.1528      1.420  33.557558     44.798      6.795   303.0354     2.3885     7.5618     0.0237      0.035      4.309      6.249        573 1.1300e+01   999.4817 0.0000e+00
      4.405    12.3480     0.1555      1.444  33.394952     44.590      6.793   303.2246     2.3770     7.6050     0.0235      0.037      4.320      6.265        574 1.1007e+01   999.4875 0.0000e+00
      4.418    12.3210     0.1502      1.395  33.050049     44.197      6.792   303.9818     2.1825     7.5474     0.0234      0.039      4.331      6.282        575 1.0732e+01   999.4927 0.0000e+00
      4.428    12.3029     0.1437      1.335  32.949721     44.095      6.789   304.3604     2.1825     7.6195     0.0233      0.040      4.341      6.297        576 1.0555e+01   999.4976 0.0000e+00
      4.436    12.2692     0.1398      1.299  32.986472     44.203      6.788   304.2846     2.1901     7.6339     0.0233      0.041      4.350      6.309        577 1.0334e+01   999.5008 0.0000e+00
      4.444    12.2126     0.1403      1.304  32.945065     44.148      6.783   303.6032     2.1901     7.5762     0.0233      0.040      4.358      6.321        578 1.0139e+01   999.5030 0.0000e+00
      4.453    12.1602     0.1415      1.315  32.942000     44.188      6.784   303.5275     2.1214     7.4897     0.0233      0.040      4.368      6.334        579 9.9897e+00   999.5070 0.0000e+00
      4.464    12.1197     0.1462      1.358  32.990300     44.331      6.782   303.7168     2.1100     7.6195     0.0233      0.039      4.378      6.349        580 9.7504e+00   999.5138 0.0000e+00
      4.476    12.0861     0.1507      1.399  32.944239     44.319      6.781   303.2246     2.1100     7.4897     0.0233      0.039      4.387      6.363        581 9.5479e+00   999.5199 0.0000e+00
      4.481    12.0607     0.1540      1.430  32.940086     44.367      6.778   303.6789     2.1443     7.4897     0.0233      0.037      4.393      6.372        582 9.4704e+00   999.5246 0.0000e+00
      4.484    12.0433     0.1630      1.514  32.936228     44.407      6.774   303.4896     2.2893     7.5618     0.0233      0.034      4.397      6.377        583 9.4469e+00   999.5285 0.0000e+00
      4.486    12.0329     0.1668      1.550  32.889793     44.362      6.773   303.4139     2.3313     7.5906     0.0233      0.031      4.399      6.380        584 9.4019e+00   999.5315 0.0000e+00
      4.488    12.0302     0.1706      1.584  32.879361     44.383      6.770   303.1868     2.3046     7.6195     0.0233      0.027      4.401      6.383        585 9.3542e+00   999.5334 0.0000e+00
      4.490    12.0376     0.1837      1.705  32.889958     44.396      6.770   302.6189     2.2740     7.5762     0.0233      0.022      4.403      6.386        586 9.2794e+00   999.5347 0.0000e+00
      4.492    12.0549     0.1852      1.719  32.876612     44.398      6.766   302.7325     2.2855     7.5329     0.0233      0.017      4.406      6.391        587 9.2355e+00   999.5350 0.0000e+00
      4.497    12.0659     0.1905      1.768  32.836711     44.315      6.765   302.2403     2.2473     7.5618     0.0233      0.013      4.411      6.398        588 9.1051e+00   999.5341 0.0000e+00
      4.506    12.0631     0.1960      1.816  32.821089     44.293      6.769   302.4296     2.2550     7.5329     0.0233      0.012      4.421      6.413        589 8.8231e+00   999.5321 0.0000e+00
      4.525    12.0442     0.2053      1.898  32.777526     44.205      6.762   302.5432     2.2435     7.6339     0.0232      0.017      4.438      6.437        590 8.4313e+00   999.5310 0.0000e+00
      4.548    12.0254     0.2140      1.976  32.772400     44.208      6.764   302.2782     2.2550     7.6050     0.0232      0.027      4.457      6.465        591 8.0719e+00   999.5314 0.0000e+00
      4.564    12.0282     0.2294      2.116  32.768210     44.231      6.761   302.3539     2.1977     8.5712     0.0232      0.038      4.472      6.486        592 7.9858e+00   999.5336 0.0000e+00
      4.569    12.0389     0.2521      2.324  32.782747     44.255      6.757   302.1646     2.1787     8.5279     0.0232      0.045      4.482      6.500        593 7.8707e+00   999.5358 0.0000e+00
      4.579    12.0392     0.2799      2.579  32.813576     44.325      6.753   302.1646     2.1710     8.4414     0.0233      0.050      4.490      6.513        594 7.6925e+00   999.5355 0.0000e+00
      4.589    12.0140     0.3248      2.992  32.729843     44.162      6.753   301.7482     2.1787     8.5423     0.0232      0.052      4.500      6.527        595 7.5389e+00   999.5344 0.0000e+00
      4.598    11.9945     0.3750      3.455  32.709165     44.161      6.751   302.0132     2.0108     9.3931     0.0232      0.051      4.508      6.538        596 7.5008e+00   999.5343 0.0000e+00
      4.601    12.0091     0.4353      4.013  32.631899     44.078      6.745   302.0889     1.9994     9.3931     0.0231      0.046      4.514      6.547        597 7.4764e+00   999.5372 0.0000e+00
      4.609    12.0003     0.4945      4.564  32.677857     44.141      6.747   302.4675     1.9879     9.3498     0.0232      0.038      4.525      6.563        598 7.1923e+00   999.5395 0.0000e+00
      4.633    11.9294     0.5550      5.128  32.592717     44.083      6.747   302.4675     1.9803     9.3787     0.0231      0.037      4.546      6.593        599 6.6842e+00   999.5379 0.0000e+00
      4.665    11.8373     0.6009      5.558  32.086001     43.301      6.745   302.9975     1.7590    10.3015     0.0228      0.044      4.571      6.630        600 6.3275e+00   999.5389 0.0000e+00
      4.685    11.7713     0.6353      5.880  31.856614     43.158      6.745   302.9596     1.7476    10.3015     0.0227      0.054      4.591      6.659        601 6.2301e+00   999.5470 0.0000e+00
      4.696    11.7361     0.6572      6.083  31.900442     43.268      6.741   303.1868     1.7438    10.3015     0.0227      0.060      4.606      6.681        602 6.0103e+00   999.5574 0.0000e+00
      4.712    11.7139     0.6691      6.184  31.912977     43.421      6.739   302.8461     1.7476    10.2871     0.0228      0.066      4.617      6.697        603 5.9264e+00   999.5648 0.0000e+00
      4.715    11.6915     0.6622      6.110  31.781785     43.234      6.738   303.2246     1.4882    10.9216     0.0227      0.067      4.622      6.703        604 6.0026e+00   999.5687 0.0000e+00
      4.712    11.6754     0.6528      6.011  31.619294     43.070      6.735   303.3004     1.5187    11.0369     0.0226      0.062      4.621      6.702        605 5.9549e+00   999.5711 0.0000e+00
      4.710    11.6864     0.6322      5.811  31.641145     43.096      6.735   303.1111     1.5073    10.9360     0.0226      0.050      4.619      6.699        606 5.9911e+00   999.5736 0.0000e+00
      4.708    11.7187     0.6201      5.695  31.873115     43.458      6.736   303.4518     1.4920    10.9648     0.0227      0.033      4.619      6.699        607 5.9724e+00   999.5754 0.0000e+00
      4.712    11.7592     0.6260      5.747  31.923191     43.522      6.735   303.6789     1.5225    10.9648     0.0228      0.019      4.621      6.702        608 5.9222e+00   999.5742 0.0000e+00
      4.715    11.8128     0.6567      6.029  31.904740     43.406      6.733   303.7925     1.3738    10.9937     0.0227      0.010      4.623      6.706        609 5.9202e+00   999.5707 0.0000e+00
      4.715    11.8538     0.7215      6.628  32.103471     43.701      6.734   303.7168     1.3852    10.9648     0.0229      0.005      4.625      6.708        610 5.8897e+00   999.5663 0.0000e+00
      4.717    11.8796     0.8072      7.414  32.179553     43.675      6.731   303.7168     1.4119    10.9937     0.0229      0.002      4.628      6.712        611 5.8537e+00   999.5604 0.0000e+00
      4.724    11.8789     0.8988      8.247  32.224845     43.739      6.731   304.0575     1.3814    10.9648     0.0229      0.004      4.636      6.724        612 5.6546e+00   999.5558 0.0000e+00
      4.742    11.8217     0.9957      9.126  31.928572     43.294      6.730   304.0954     1.3738    11.2100     0.0228      0.012      4.649      6.744        613 5.4681e+00   999.5529 0.0000e+00
      4.756    11.7453     1.0842      9.931  31.363091     42.495      6.729   304.0954     1.3966    11.2244     0.0224      0.020      4.663      6.764        614 5.4053e+00   999.5527 0.0000e+00
      4.767    11.6585     1.1638     10.656  31.091600     42.225      6.730   304.1711     1.3966    11.2244     0.0223      0.028      4.675      6.781        615 5.2768e+00   999.5590 0.0000e+00
      4.781    11.5799     1.2295     11.253  30.785048     41.892      6.731   304.3604     1.4043    11.1811     0.0221      0.035      4.686      6.797        616 5.1372e+00   999.5675 0.0000e+00
      4.789    11.5423     1.2862     11.767  30.529889     41.612      6.727   304.1332     1.4996    11.8012     0.0219      0.041      4.695      6.810        617 5.1230e+00   999.5771 0.0000e+00
      4.794    11.5260     1.3294     12.152  30.549982     41.779      6.726   304.4361     1.5187    11.9165     0.0220      0.044      4.702      6.820        618 5.0445e+00   999.5857 0.0000e+00
      4.803    11.5311     1.3693     12.507  30.463802     41.668      6.724   304.5118     1.5263    11.9165     0.0219      0.044      4.711      6.832        619 4.9082e+00   999.5898 0.0000e+00
      4.814    11.5510     1.4100     12.873  30.459395     41.687      6.724   304.3604     1.4767    12.0175     0.0219      0.042      4.720      6.846        620 4.8210e+00   999.5916 0.0000e+00
      4.821    11.5460     1.4631     13.352  30.555472     41.834      6.724   304.7389     1.3394    13.4450     0.0220      0.038      4.728      6.858        621 4.7351e+00   999.5911 0.0000e+00
      4.829    11.5039     1.5277     13.938  30.403489     41.581      6.724   304.9282     1.3356    13.4739     0.0219      0.035      4.738      6.872        622 4.6094e+00   999.5889 0.0000e+00
      4.844    11.4570     1.6117     14.707  30.144876     41.243      6.722   304.8904     1.3280    13.5027     0.0217      0.035      4.750      6.889        623 4.4895e+00   999.5894 0.0000e+00
      4.855    11.4286     1.7192     15.701  30.107019     41.215      6.722   305.0039     1.3242    13.5027     0.0217      0.036      4.761      6.905        624 4.4586e+00   999.5940 0.0000e+00
      4.865    11.4123     1.8203     16.639  30.183977     41.421      6.721   305.3446     1.3165    13.4450     0.0218      0.038      4.772      6.921        625 4.3451e+00   999.5992 0.0000e+00
      4.878    11.3954     1.9177     17.527  29.930616     41.070      6.720   304.8904     1.3165    13.4595     0.0216      0.041      4.784      6.939        626 4.2163e+00   999.6022 0.0000e+00
      4.892    11.3745     2.0041     18.292  29.681679     40.743      6.719   305.0039     1.3280    13.5748     0.0214      0.043      4.798      6.959        627 4.1045e+00   999.6038 0.0000e+00
      4.909    11.3414     2.0562     18.749  29.605000     40.686      6.720   305.1932     1.3470    13.4883     0.0214      0.047      4.814      6.982        628 3.9415e+00   999.6057 0.0000e+00
      4.926    11.3071     2.0761     18.927  29.226156     40.172      6.721   305.1175     1.3165    13.4739     0.0212      0.051      4.829      7.003        629 3.8567e+00   999.6079 0.0000e+00
      4.936    11.2860     2.0763     18.922  28.938515     39.785      6.717   305.3825     1.1258    13.7479     0.0210      0.053      4.838      7.017        630 3.8309e+00   999.6113 0.0000e+00
      4.937    11.2670     2.0689     18.841  29.014972     39.978      6.716   305.1932     1.1487    13.7046     0.0211      0.050      4.840      7.021        631 3.8524e+00   999.6149 0.0000e+00
      4.935    11.2572     2.0728     18.864  29.101395     40.076      6.717   305.4204     1.1334    13.6902     0.0211      0.045      4.840      7.021        632 3.8449e+00   999.6172 0.0000e+00
      4.936    11.2664     2.0755     18.883  29.245722     40.330      6.714   305.1932     1.1449    13.7479     0.0212      0.037      4.842      7.023        633 3.8061e+00   999.6193 0.0000e+00
      4.941    11.2994     2.0904     19.015  29.398242     40.532      6.716   305.1554     1.0113    13.1855     0.0213      0.029      4.846      7.029        634 3.7587e+00   999.6203 0.0000e+00
      4.948    11.3390     2.1207     19.284  29.474470     40.639      6.714   305.3068     1.0113    13.1566     0.0213      0.022      4.853      7.039        635 3.7092e+00   999.6194 0.0000e+00
      4.956    11.3327     2.1641     19.671  29.506359     40.640      6.714   305.3068     1.0190    13.2864     0.0214      0.017      4.862      7.051        636 3.6328e+00   999.6161 0.0000e+00
      4.968    11.2763     2.2112     20.090  29.121543     40.095      6.716   305.5718     1.0075    13.2720     0.0211      0.017      4.871      7.065        637 3.5728e+00   999.6118 0.0000e+00
      4.976    11.2337     2.2586     20.516  28.709103     39.448      6.716   305.8746     1.0152    13.0124     0.0209      0.020      4.878      7.075        638 3.5566e+00   999.6122 0.0000e+00
      4.977    11.2233     2.2994     20.885  28.953138     39.935      6.715   306.0261     0.9999    12.9548     0.0210      0.024      4.883      7.081        639 3.5185e+00   999.6183 0.0000e+00
      4.983    11.2082     2.3459     21.307  29.084482     40.136      6.717   306.2532     1.0419    13.0557     0.0211      0.027      4.891      7.093        640 3.4335e+00   999.6229 0.0000e+00
      5.002    11.1775     2.3857     21.665  28.782660     39.722      6.715   306.2532     1.0609    13.0413     0.0209      0.030      4.905      7.114        641 3.2514e+00   999.6239 0.0000e+00
      5.021    11.1494     2.4265     22.033  28.617769     39.508      6.715   306.5561     1.0915    12.7529     0.0208      0.036      4.919      7.135        642 3.2161e+00   999.6255 0.0000e+00
      5.023    11.1369     2.4622     22.355  28.667580     39.618      6.711   306.5182     1.0571    12.7241     0.0209      0.037      4.926      7.145        643 3.2216e+00   999.6287 0.0000e+00
