Data/DataNotYetUploadedToEDI/Raw_CTD/RawDownloads/070819_fcr30.cnv
* Sea-Bird SBE19plus  Data File:
* FileName = C:\DATA\070819_fcr50_0004.hex
* Software version 2.8.0.119
* Temperature SN = 7809
* Conductivity SN = 7809
* System UpLoad Time = Jul 08 2019 15:01:52
* <ApplicationData>
* <Seaterm232>
# nquan = 18
# nvalues = 699                         
# units = specified
# name 0 = depFM: Depth [fresh water, m]
# name 1 = tv290C: Temperature [ITS-90, deg C]
# name 2 = sbeox0Mg/L: Oxygen, SBE 43 [mg/l]
# name 3 = sbeox0PS: Oxygen, SBE 43 [% saturation]
# name 4 = c0uS/cm: Conductivity [uS/cm]
# name 5 = specc: Specific Conductance [uS/cm]
# name 6 = ph: pH
# name 7 = orp: Oxidation Reduction Potential [mV]
# name 8 = flECO-AFL: Fluorescence, WET Labs ECO-AFL/FL [mg/m^3]
# name 9 = turbWETntu0: Turbidity, WET Labs ECO [NTU]
# name 10 = sal00: Salinity, Practical [PSU]
# name 11 = dz/dtM: Descent Rate [m/s]
# name 12 = prdM: Pressure, Strain Gauge [db]
# name 13 = prdE: Pressure, Strain Gauge [psi]
# name 14 = scan: Scan Count
# name 15 = par/sat/log: PAR/Logarithmic, Satlantic
# name 16 = density00: Density [density, kg/m^3]
# name 17 = flag:  0.000e+00
# span 0 =     -0.607,      5.346       
# span 1 =    10.8775,    27.2661       
# span 2 =     0.1344,    13.8567       
# span 3 =      1.261,    158.633       
# span 4 =   2.336735,  37.503497       
# span 5 =      2.723,     46.978       
# span 6 =      6.065,      7.282       
# span 7 =   -21.9313,   311.5154       
# span 8 =    -0.2628,     8.4616       
# span 9 =    -1.9697,    39.7611       
# span 10 =     0.0122,     0.0248      
# span 11 =     -0.267,      0.262      
# span 12 =     -0.594,      5.243      
# span 13 =     -0.862,      7.604      
# span 14 =          1,        699      
# span 15 = 1.5855e+00, 2.5819e+03      
# span 16 =   996.4592,   999.6615      
# span 17 = 0.0000e+00, 0.0000e+00      
# interval = seconds: 0.25
# start_time = Jul 08 2019 11:25:12 [Instrument's time stamp, header]
# bad_flag = -9.990e-29
*END*
     -0.605    25.1087     7.3808     90.741   6.172863      5.840      6.158   311.5154     0.1835     1.3324     0.0128 2.1053e-16     -0.593     -0.861          1 4.7999e+02   997.0464 0.0000e+00
     -0.606    25.2700     7.3310     90.736   9.095555      9.405      6.162   310.3797     0.1835     1.3180     0.0139     -0.000     -0.594     -0.862          2 4.5875e+02   997.0438 0.0000e+00
     -0.606    25.3943     7.2951     90.754   7.775769      7.695      6.164   308.8275     0.1759     1.3324     0.0134     -0.000     -0.594     -0.862          3 5.1610e+02   997.0260 0.0000e+00
     -0.606    25.4438     7.2666     90.794   5.921341      5.729      6.166   302.6568    -0.2132     0.3086     0.0129     -0.000     -0.594     -0.862          4 5.5634e+02   996.9840 0.0000e+00
     -0.607    25.4991     7.2601     90.970   7.763535      7.872      6.167   293.4953    -0.1712     0.3807     0.0136     -0.001     -0.594     -0.862          5 5.6240e+02   996.9522 0.0000e+00
     -0.606    25.5327     7.2692     91.238   6.400482      6.345      6.173   286.4160    -0.1674     0.3086     0.0131     -0.001     -0.594     -0.862          6 5.4411e+02   996.9390 0.0000e+00
     -0.606    25.5126     7.2952     91.654   4.599460      4.405      6.169   280.6996    -0.1789     0.3951     0.0126     -0.001     -0.594     -0.862          7 5.2632e+02   996.9242 0.0000e+00
     -0.606    25.4948     7.3187     91.996   3.495253      3.713      6.166   275.8917    -0.2017     0.2798     0.0124     -0.001     -0.594     -0.862          8 5.4379e+02   996.9151 0.0000e+00
     -0.606    25.4570     7.3508     92.441   3.839476      3.355      6.164   269.7210     1.0953    -1.9264     0.0124     -0.000     -0.593     -0.861          9 5.6177e+02   996.9206 0.0000e+00
     -0.606    25.5089     7.3802     92.809   2.336735      3.053      6.164   242.8423     1.0800    -1.9264     0.0123      0.000     -0.588     -0.853         10 5.8297e+02   996.9249 0.0000e+00
     -0.592    25.8466     7.4080     93.101   3.974869      2.723      6.065   -21.9313     1.0533    -1.9697     0.0122      0.004     -0.557     -0.809         11 6.1075e+02   996.9352 0.0000e+00
     -0.503    26.2249     7.4299     93.330  22.847053     23.326      6.303   242.1987     1.0609    -1.9264     0.0191      0.030     -0.486     -0.705         12 6.3555e+02   996.9269 0.0000e+00
     -0.394    26.5047     7.4377     93.411  37.027258     36.472      6.659   199.1929    -0.2551    -1.6525     0.0245      0.078     -0.392     -0.568         13 6.4665e+02   996.8426 0.0000e+00
     -0.303    26.7464     7.4337     93.376  37.205302     36.264      6.958   199.3443    -0.2475    -1.6957     0.0245      0.135     -0.303     -0.439         14 6.3774e+02   996.7425 0.0000e+00
     -0.226    26.9047     7.4209     93.248  37.230702     36.173      7.152   201.5779    -0.2628    -1.6380     0.0245      0.193     -0.233     -0.338         15 6.3081e+02   996.6674 0.0000e+00
     -0.184    26.9996     7.4430     93.562  37.291852     36.004      7.243   203.0165    -0.2551    -1.7822     0.0245      0.237     -0.187     -0.271         16 6.1009e+02   996.6021 0.0000e+00
     -0.162    27.0531     7.4616     93.818  37.188354     35.840      7.280   247.6502     1.8811     5.2114     0.0245      0.260     -0.161     -0.232         17 6.1020e+02   996.5587 0.0000e+00
     -0.145    27.0833     7.4980     94.295  37.181608     35.722      7.282   210.3987     1.8773     5.2979     0.0245      0.258     -0.137     -0.198         18 6.4184e+02   996.5329 0.0000e+00
     -0.109    27.1077     7.5295     94.720  37.181656     35.738      7.277   248.0666     1.8887     5.3555     0.0245      0.235     -0.109     -0.157         19 6.7084e+02   996.5182 0.0000e+00
     -0.079    27.1062     7.5158     94.578  37.069726     35.558      7.259   247.8016     1.8697     5.2979     0.0244      0.192     -0.084     -0.122         20 6.1771e+02   996.5100 0.0000e+00
     -0.072    27.0730     7.4737     94.063  37.024534     35.540      7.234   228.4566     2.2168     2.4139     0.0244      0.146     -0.073     -0.106         21 5.5834e+02   996.5033 0.0000e+00
     -0.073    27.0447     7.4178     93.366  37.000805     35.487      7.214   222.1723     2.2473     2.4139     0.0244      0.108     -0.072     -0.105         22 6.1287e+02   996.5037 0.0000e+00
     -0.077    27.0351     7.3807     92.905  36.980718     35.511      7.198   231.9016     2.2359     2.4428     0.0244      0.077     -0.074     -0.108         23 6.3584e+02   996.5128 0.0000e+00
     -0.077    27.0430     7.3784     92.882  36.990275     35.530      7.176   237.1637     2.2588     2.4572     0.0244      0.056     -0.075     -0.109         24 6.0454e+02   996.5206 0.0000e+00
     -0.077    27.0635     7.3745     92.837  36.988923     35.537      7.154   250.9816     2.2740     2.4139     0.0244      0.040     -0.076     -0.111         25 5.1962e+02   996.5233 0.0000e+00
     -0.080    27.0845     7.3365     92.357  37.100945     35.639      7.130   244.9623     2.3198     2.4572     0.0244      0.023     -0.080     -0.116         26 5.1140e+02   996.5211 0.0000e+00
     -0.090    27.0975     7.2857     91.723  37.147214     35.678      7.102   253.9724     2.3160     2.3851     0.0245      0.004     -0.083     -0.121         27 5.9935e+02   996.5154 0.0000e+00
     -0.085    27.1092     7.2358     91.098  37.168414     35.664      7.083   237.5044     2.3198     2.4716     0.0245     -0.006     -0.077     -0.112         28 6.3157e+02   996.5097 0.0000e+00
     -0.058    27.1270     7.1810     90.410  37.193093     35.709      7.059   253.3288     2.3084     2.3851     0.0245     -0.001     -0.063     -0.091         29 6.3516e+02   996.5062 0.0000e+00
     -0.053    27.1439     7.1113     89.530  37.116494     35.593      7.039   254.0481     2.3236     2.3851     0.0244      0.007     -0.056     -0.081         30 6.3410e+02   996.5031 0.0000e+00
     -0.059    27.1530     7.0056     88.197  37.145193     35.635      7.020   253.9724     2.3694     2.4572     0.0245      0.012     -0.058     -0.084         31 6.2600e+02   996.4981 0.0000e+00
     -0.065    27.1570     6.9054     86.935  37.216640     35.677      7.004   254.7295     2.3465     2.5293     0.0245      0.012     -0.062     -0.090         32 6.1786e+02   996.4933 0.0000e+00
     -0.066    27.1608     6.8004     85.618  37.205383     35.670      6.990   253.5559     2.3503     2.4283     0.0245      0.012     -0.063     -0.091         33 6.1670e+02   996.4909 0.0000e+00
     -0.063    27.1646     6.7096     84.479  37.218467     35.668      6.978   254.2752     2.4190     2.3851     0.0245      0.012     -0.060     -0.087         34 6.1515e+02   996.4898 0.0000e+00
     -0.056    27.1659     6.6329     83.520  37.200354     35.665      6.966   223.4973     2.3961     2.4283     0.0245      0.011     -0.053     -0.078         35 6.1558e+02   996.4888 0.0000e+00
     -0.045    27.1659     6.5976     83.079  37.109382     35.556      6.959   222.3237     2.4190     2.3851     0.0244      0.009     -0.045     -0.066         36 6.2407e+02   996.4877 0.0000e+00
     -0.038    27.1686     6.6268     83.451  37.094596     35.554      6.951   221.1123     2.4266     2.4139     0.0244      0.007     -0.038     -0.055         37 6.1306e+02   996.4873 0.0000e+00
     -0.032    27.1713     6.7094     84.493  37.100212     35.555      6.943   220.1280     2.4915     2.3995     0.0244      0.013     -0.032     -0.047         38 5.6886e+02   996.4874 0.0000e+00
     -0.028    27.1723     6.8339     86.058  37.102393     35.553      6.936   220.0144     2.4381     2.4139     0.0244      0.019     -0.029     -0.042         39 5.4556e+02   996.4867 0.0000e+00
     -0.029    27.1710     6.9552     87.584  37.151152     35.605      6.927   219.7115     2.4762     2.3562     0.0245      0.022     -0.029     -0.041         40 5.5104e+02   996.4859 0.0000e+00
     -0.030    27.1688     7.0851     89.222  37.158071     35.604      6.915   220.0144     2.4762     2.4428     0.0245      0.020     -0.029     -0.041         41 5.6357e+02   996.4857 0.0000e+00
     -0.029    27.1690     7.1993     90.664  37.153053     35.605      6.898   219.2573     2.6097     2.2986     0.0245      0.017     -0.029     -0.041         42 5.7114e+02   996.4861 0.0000e+00
     -0.028    27.1716     7.2992     91.925  37.157398     35.606      6.882   219.4465     2.6135     2.3562     0.0245      0.012     -0.029     -0.041         43 5.6636e+02   996.4866 0.0000e+00
     -0.029    27.1755     7.3314     92.331  37.152663     35.606      6.872   219.1815     2.5830     2.3562     0.0245      0.006     -0.029     -0.042         44 5.5449e+02   996.4866 0.0000e+00
     -0.030    27.1793     7.3362     92.393  37.158945     35.604      6.864   219.1437     2.6174     2.3851     0.0245      0.003     -0.029     -0.042         45 5.3770e+02   996.4859 0.0000e+00
     -0.029    27.1821     7.3280     92.291  37.149580     35.602      6.857   219.0680     2.6059     2.4139     0.0245      0.000     -0.028     -0.041         46 5.2882e+02   996.4847 0.0000e+00
     -0.028    27.1846     7.3158     92.136  37.105048     35.545      6.851   218.9544     2.5983     2.3418     0.0244      0.000     -0.028     -0.040         47 5.2545e+02   996.4837 0.0000e+00
     -0.027    27.1857     7.3139     92.108  37.155093     35.597      6.844   218.8408     2.5754     2.3851     0.0245      0.001     -0.027     -0.039         48 5.2697e+02   996.4830 0.0000e+00
     -0.027    27.1841     7.3159     92.122  37.205837     35.649      6.838   219.0301     2.5830     2.4572     0.0245      0.001     -0.027     -0.039         49 5.3922e+02   996.4823 0.0000e+00
     -0.027    27.1830     7.3182     92.144  37.160437     35.595      6.835   219.1058     2.7089     2.6302     0.0245      0.001     -0.027     -0.039         50 5.5606e+02   996.4819 0.0000e+00
     -0.028    27.1842     7.3273     92.257  37.152322     35.596      6.834   219.2951     2.7776     2.5581     0.0245      0.001     -0.027     -0.040         51 5.7259e+02   996.4825 0.0000e+00
     -0.028    27.1865     7.3268     92.251  37.156666     35.596      6.828   219.2951     2.7967     2.5004     0.0245      0.001     -0.027     -0.040         52 5.8211e+02   996.4827 0.0000e+00
     -0.028    27.1885     7.2981     91.890  37.155032     35.596      6.827   219.6737     2.8081     2.6302     0.0245      0.001     -0.027     -0.040         53 5.8214e+02   996.4824 0.0000e+00
     -0.027    27.1894     7.2360     91.108  37.154355     35.594      6.826   219.8251     2.7814     2.5004     0.0245      0.000     -0.026     -0.039         54 5.8139e+02   996.4818 0.0000e+00
     -0.025    27.1900     7.1536     90.067  37.157507     35.593      6.825   219.8251     2.8386     2.5437     0.0245      0.001     -0.025     -0.036         55 5.7315e+02   996.4812 0.0000e+00
     -0.024    27.1905     7.0504     88.766  37.151108     35.592      6.824   220.1280     2.8615     2.5149     0.0245      0.001     -0.024     -0.035         56 5.7302e+02   996.4810 0.0000e+00
     -0.025    27.1905     6.9427     87.411  37.103047     35.538      6.823   220.1280     2.8539     2.3562     0.0244      0.002     -0.023     -0.034         57 5.7194e+02   996.4808 0.0000e+00
     -0.023    27.1874     6.8324     86.018  37.098777     35.538      6.819   220.3173     2.8272     2.3707     0.0244      0.003     -0.020     -0.030         58 5.8026e+02   996.4806 0.0000e+00
     -0.015    27.1812     6.7204     84.603  37.156423     35.591      6.817   219.9387     2.9340     2.4572     0.0245      0.005     -0.014     -0.021         59 5.6318e+02   996.4807 0.0000e+00
     -0.008    27.1766     6.6230     83.370  37.149850     35.593      6.804   220.3551     2.8920     2.4860     0.0245      0.008     -0.009     -0.013         60 4.8284e+02   996.4816 0.0000e+00
     -0.005    27.1751     6.5254     82.135  37.106958     35.544      6.788   220.6958     2.9264     2.4428     0.0244      0.011     -0.006     -0.009         61 5.1060e+02   996.4833 0.0000e+00
     -0.005    27.1754     6.4452     81.119  37.091261     35.547      6.783   220.8473     2.9111     2.3562     0.0244      0.012     -0.005     -0.008         62 5.3538e+02   996.4846 0.0000e+00
     -0.005    27.1760     6.3698     80.166  37.050846     35.495      6.781   220.9608     2.9759     2.5004     0.0244      0.013     -0.005     -0.008         63 5.4732e+02   996.4850 0.0000e+00
     -0.006    27.1753     6.3081     79.385  36.979446     35.441      6.782   221.4151     2.9798     2.5725     0.0244      0.011     -0.006     -0.009         64 5.8608e+02   996.4848 0.0000e+00
     -0.006    27.1734     6.2411     78.536  36.943038     35.387      6.784   221.3773     2.9759     2.6158     0.0244      0.010     -0.006     -0.009         65 6.7153e+02   996.4847 0.0000e+00
     -0.007    27.1726     6.1847     77.821  36.977616     35.441      6.783   221.4530     2.9683     2.5870     0.0244      0.006     -0.006     -0.009         66 7.0470e+02   996.4849 0.0000e+00
     -0.005    27.1725     6.1307     77.135  36.995684     35.442      6.781   221.5287     2.9759     2.3995     0.0244      0.002     -0.005     -0.008         67 6.4588e+02   996.4854 0.0000e+00
     -0.004    27.1706     6.0846     76.551  36.979822     35.443      6.780   221.6044     2.9759     2.3707     0.0244      0.001     -0.004     -0.006         68 6.5235e+02   996.4857 0.0000e+00
     -0.003    27.1669     6.0402     75.987  36.908451     35.363      6.775   221.9830     2.9683     2.3851     0.0244      0.001     -0.003     -0.005         69 6.6733e+02   996.4856 0.0000e+00
     -0.003    27.1625     5.9912     75.366  36.847425     35.311      6.772   221.9830     2.9836     2.4139     0.0243      0.001     -0.003     -0.005         70 5.8802e+02   996.4862 0.0000e+00
     -0.004    27.1579     5.9484     74.822  36.818690     35.286      6.771   222.0965     2.7890     2.5149     0.0243      0.001     -0.004     -0.006         71 5.1486e+02   996.4872 0.0000e+00
     -0.005    27.1539     5.9055     74.277  36.796039     35.262      6.771   222.0965     2.7890     2.3707     0.0243      0.001     -0.004     -0.006         72 4.9850e+02   996.4884 0.0000e+00
     -0.004    27.1506     5.8610     73.711  36.845982     35.319      6.768   222.3615     2.7700     2.5293     0.0243      0.001     -0.003     -0.004         73 3.6918e+02   996.4897 0.0000e+00
     -0.001    27.1475     5.8086     73.046  36.845444     35.322      6.765   222.0965     2.8043     2.3851     0.0243      0.002     -0.002     -0.001         74 3.8504e+02   996.4908 0.0000e+00
      0.000    27.1438     5.7784     72.661  36.855979     35.324      6.764   222.3615     2.7776     2.5437     0.0243      0.002     -0.000      0.001         75 4.1041e+02   996.4917 0.0000e+00
      0.001    27.1395     5.7346     72.107  36.862506     35.353      6.764   222.4751     2.6822     2.3995     0.0243      0.002      0.000      0.001         76 3.6341e+02   996.4926 0.0000e+00
      0.000    27.1352     5.7041     71.722  36.807687     35.275      6.766   222.8158     2.6479     2.3995     0.0243      0.003      0.001      0.001         77 3.4091e+02   996.4936 0.0000e+00
      0.002    27.1315     5.6784     71.394  36.835297     35.332      6.765   222.2858     2.6670     2.3851     0.0243      0.003      0.002      0.003         78 3.3263e+02   996.4948 0.0000e+00
      0.005    27.1280     5.6557     71.105  36.857784     35.335      6.766   222.7401     2.6517     2.5004     0.0243      0.004      0.005      0.007         79 3.2147e+02   996.4960 0.0000e+00
      0.009    27.1245     5.6275     70.748  36.838977     35.337      6.769   222.7401     2.5258     2.4283     0.0243      0.006      0.008      0.011         80 3.2100e+02   996.4970 0.0000e+00
