Data/DataNotYetUploadedToEDI/Raw_CTD/RawDownloads/070819_fcr20.cnv
* Sea-Bird SBE19plus  Data File:
* FileName = C:\DATA\070819_fcr50_0003.hex
* Software version 2.8.0.119
* Temperature SN = 7809
* Conductivity SN = 7809
* System UpLoad Time = Jul 08 2019 15:01:30
* <ApplicationData>
* <Seaterm232>
# nquan = 18
# nvalues = 441                         
# units = specified
# name 0 = depFM: Depth [fresh water, m]
# name 1 = tv290C: Temperature [ITS-90, deg C]
# name 2 = sbeox0Mg/L: Oxygen, SBE 43 [mg/l]
# name 3 = sbeox0PS: Oxygen, SBE 43 [% saturation]
# name 4 = c0uS/cm: Conductivity [uS/cm]
# name 5 = specc: Specific Conductance [uS/cm]
# name 6 = ph: pH
# name 7 = orp: Oxidation Reduction Potential [mV]
# name 8 = flECO-AFL: Fluorescence, WET Labs ECO-AFL/FL [mg/m^3]
# name 9 = turbWETntu0: Turbidity, WET Labs ECO [NTU]
# name 10 = sal00: Salinity, Practical [PSU]
# name 11 = dz/dtM: Descent Rate [m/s]
# name 12 = prdM: Pressure, Strain Gauge [db]
# name 13 = prdE: Pressure, Strain Gauge [psi]
# name 14 = scan: Scan Count
# name 15 = par/sat/log: PAR/Logarithmic, Satlantic
# name 16 = density00: Density [density, kg/m^3]
# name 17 = flag:  0.000e+00
# span 0 =     -0.608,      3.043       
# span 1 =    18.2027,    27.3075       
# span 2 =     0.0209,    12.8334       
# span 3 =      0.222,    146.989       
# span 4 =   0.000963,  63.887450       
# span 5 =      0.654,     73.956       
# span 6 =      5.736,      6.894       
# span 7 =   223.3080,   730.5194       
# span 8 =    -0.1483,     5.9934       
# span 9 =    -0.5854,   137.3253       
# span 10 =     0.0120,     0.0385      
# span 11 =     -0.159,      0.296      
# span 12 =     -0.596,      2.984      
# span 13 =     -0.865,      4.327      
# span 14 =          1,        441      
# span 15 = 5.7466e+00, 5.0562e+02      
# span 16 =   996.4481,   998.6019      
# span 17 = 0.0000e+00, 0.0000e+00      
# interval = seconds: 0.25
# start_time = Jul 08 2019 11:19:18 [Instrument's time stamp, header]
# bad_flag = -9.990e-29
*END*
     -0.607    25.3192     7.3277     89.227   0.713735      0.709      5.822   730.3680    -0.0759     0.3519     0.0120 2.1053e-16     -0.596     -0.864          1 1.4568e+02   996.9705 0.0000e+00
     -0.607    25.3207     7.3272     89.222   0.743840      0.737      5.825   730.5194    -0.0759     0.2798     0.0120 2.1053e-16     -0.596     -0.864          2 1.5662e+02   996.9707 0.0000e+00
     -0.607    25.3232     7.3258     89.206   0.794920      0.792      5.827   719.9573    -0.0606     0.4384     0.0120 1.0527e-16     -0.596     -0.864          3 1.5926e+02   996.9704 0.0000e+00
     -0.608    25.3260     7.3283     89.238   0.738914      0.737      5.842   702.5429    -0.1407    -0.1240     0.0120     -0.000     -0.596     -0.865          4 1.5830e+02   996.9701 0.0000e+00
     -0.608    25.3277     7.3332     89.298   0.665628      0.654      5.847   693.9493    -0.1369    -0.0951     0.0120     -0.000     -0.596     -0.865          5 1.5573e+02   996.9694 0.0000e+00
     -0.607    25.3289     7.3345     89.314   0.738213      0.737      5.840   616.6070    -0.0911    -0.0663     0.0120     -0.000     -0.595     -0.864          6 1.5953e+02   996.9687 0.0000e+00
     -0.607    25.3292     7.3347     89.317   0.737329      0.737      5.829   674.9829    -0.1216    -0.0807     0.0120      0.000     -0.595     -0.864          7 1.5749e+02   996.9683 0.0000e+00
     -0.607    25.3301     7.3214     89.313   0.666728      0.654      5.823   673.9986    -0.1293    -0.0374     0.0120      0.000     -0.596     -0.864          8 1.4652e+02   996.9680 0.0000e+00
     -0.607    25.3306     7.2736     89.379   0.737329      0.737      5.820   672.7493    -0.1407     0.3807     0.0120      0.000     -0.596     -0.864          9 1.4866e+02   996.9679 0.0000e+00
     -0.608    25.3313     7.2299     89.463   0.738214      0.737      5.817   670.9700    -0.1178     0.4096     0.0120      0.000     -0.596     -0.864         10 1.5577e+02   996.9676 0.0000e+00
     -0.607    25.3316     7.2111     89.753   0.754372      0.737      5.814   669.3421    -0.1216     0.3086     0.0120      0.000     -0.596     -0.864         11 1.5804e+02   996.9675 0.0000e+00
     -0.608    25.3330     7.2255     90.316   0.628475      0.654      5.809   667.8278    -0.1369     0.2798     0.0120      0.000     -0.596     -0.864         12 1.5784e+02   996.9673 0.0000e+00
     -0.607    25.3323     7.2765     91.206   0.717399      0.654      5.813   667.6385    -0.1216    -0.3114     0.0120      0.000     -0.596     -0.864         13 1.5900e+02   996.9673 0.0000e+00
     -0.608    25.3351     7.3400     92.154   0.643706      0.737      5.820   668.4714    -0.1293    -0.3403     0.0120     -0.000     -0.596     -0.864         14 1.5715e+02   996.9668 0.0000e+00
     -0.607    25.3320     7.4091     93.107   0.897676      0.737      5.826   674.9450    -0.1254    -0.2393     0.0120     -0.000     -0.596     -0.864         15 1.7562e+02   996.9671 0.0000e+00
     -0.607    25.3376     7.4633     93.835   0.490085      0.737      5.839   678.8443    -0.1483    -0.3114     0.0120      0.000     -0.596     -0.864         16 2.5461e+02   996.9663 0.0000e+00
     -0.608    25.3293     7.4994     94.321   1.091783      0.681      5.852   679.1850    -0.1102    -0.5421     0.0120     -0.000     -0.595     -0.862         17 3.3517e+02   996.9673 0.0000e+00
     -0.608    25.4435     7.5276     94.701   0.000963      0.654      5.869   643.0692    -0.1102    -0.5566     0.0120     -0.000     -0.584     -0.847         18 3.5681e+02   996.9655 0.0000e+00
     -0.574    25.8175     7.5285     94.726   4.865157      3.589      5.736   520.1467    -0.1407    -0.5854     0.0123      0.008     -0.542     -0.787         19 3.9369e+02   996.9686 0.0000e+00
     -0.477    26.2141     7.5222     94.647  25.288401     26.012      6.100   269.0017    -0.1331    -0.5277     0.0202      0.041     -0.455     -0.660         20 3.8945e+02   996.9447 0.0000e+00
     -0.342    26.5284     7.4969     94.320  37.438928     36.657      6.460   223.3080     0.2293    11.2677     0.0245      0.099     -0.337     -0.490         21 3.3822e+02   996.8507 0.0000e+00
     -0.211    26.7708     7.4787     94.084  37.216694     36.437      6.716   262.4145     0.2522    11.1956     0.0246      0.175     -0.231     -0.335         22 3.7051e+02   996.7458 0.0000e+00
     -0.159    26.9222     7.4751     94.046  37.445451     36.262      6.842   235.3466     0.2331    11.2965     0.0246      0.238     -0.165     -0.239         23 3.7567e+02   996.6615 0.0000e+00
     -0.127    27.0167     7.4494     93.736  37.331896     36.096      6.894   266.9574     0.2370    11.1379     0.0246      0.281     -0.131     -0.190         24 3.4808e+02   996.5957 0.0000e+00
     -0.113    27.0670     7.3690     92.739  37.357889     35.935      6.888   267.6010     2.6326     2.9042     0.0245      0.296     -0.114     -0.165         25 3.7031e+02   996.5543 0.0000e+00
     -0.110    27.0955     7.2709     91.516  37.294479     35.872      6.871   258.0231     2.6708     2.7744     0.0245      0.279     -0.106     -0.154         26 4.0109e+02   996.5284 0.0000e+00
     -0.102    27.1140     7.1751     90.319  37.232945     35.729      6.840   248.6345     2.6631     2.7600     0.0245      0.231     -0.096     -0.140         27 4.0563e+02   996.5144 0.0000e+00
     -0.081    27.1290     7.0942     89.309  37.138084     35.656      6.805   263.6638     2.6517     2.8321     0.0245      0.167     -0.079     -0.115         28 3.8403e+02   996.5066 0.0000e+00
     -0.059    27.1366     7.0228     88.414  37.116162     35.590      6.769   260.8624     2.6746     2.7311     0.0244      0.108     -0.063     -0.092         29 3.8301e+02   996.5017 0.0000e+00
     -0.055    27.1377     6.9715     87.777  37.082404     35.580      6.724   264.1181     2.7814     4.3029     0.0244      0.067     -0.055     -0.080         30 3.9252e+02   996.4975 0.0000e+00
     -0.054    27.1328     6.9675     87.734  37.061548     35.521      6.687   253.4045     2.7890     4.3317     0.0244      0.050     -0.053     -0.077         31 3.9873e+02   996.4953 0.0000e+00
     -0.054    27.1284     6.9588     87.631  37.142113     35.627      6.657   264.7238     2.7967     4.4615     0.0245      0.041     -0.053     -0.077         32 4.0551e+02   996.4951 0.0000e+00
     -0.054    27.1321     6.9668     87.735  37.219222     35.684      6.634   263.8910     2.8157     4.4038     0.0245      0.034     -0.053     -0.077         33 4.1038e+02   996.4965 0.0000e+00
     -0.055    27.1407     6.9799     87.902  37.261941     35.741      6.614   264.3831     2.7852     7.0427     0.0245      0.028     -0.054     -0.078         34 4.0998e+02   996.4977 0.0000e+00
     -0.056    27.1493     6.9862     87.979  37.266764     35.738      6.595   260.7488     2.7814     6.8264     0.0245      0.018     -0.055     -0.080         35 4.0507e+02   996.4967 0.0000e+00
     -0.058    27.1564     6.9870     87.988  37.272490     35.733      6.585   255.7516     2.7967     6.9273     0.0245      0.007     -0.056     -0.081         36 3.9872e+02   996.4943 0.0000e+00
     -0.057    27.1623     6.9890     88.017  37.314083     35.780      6.576   235.3466     2.8043     6.9706     0.0245     -0.000     -0.055     -0.079         37 3.9656e+02   996.4919 0.0000e+00
     -0.054    27.1667     6.9991     88.148  37.274270     35.722      6.568   233.0373     2.7928     7.2157     0.0245     -0.001     -0.051     -0.073         38 3.9596e+02   996.4900 0.0000e+00
     -0.044    27.1697     7.0291     88.530  37.262763     35.718      6.563   230.4630     2.8043     7.1724     0.0245      0.002     -0.043     -0.061         39 3.8464e+02   996.4885 0.0000e+00
     -0.032    27.1747     7.0925     89.333  37.269129     35.715      6.551   230.4251     2.7738     7.1724     0.0245      0.008     -0.034     -0.049         40 3.9640e+02   996.4872 0.0000e+00
     -0.028    27.1800     7.1701     90.313  37.266344     35.713      6.533   229.3273     2.8081     7.1580     0.0245      0.013     -0.029     -0.042         41 4.1136e+02   996.4864 0.0000e+00
     -0.028    27.1839     7.2372     91.162  37.206956     35.656      6.520   229.0623     2.8539     6.2640     0.0245      0.017     -0.028     -0.040         42 4.2666e+02   996.4851 0.0000e+00
     -0.028    27.1865     7.2952     91.896  37.224493     35.652      6.513   228.4187     2.8653     6.1054     0.0245      0.018     -0.028     -0.040         43 4.4956e+02   996.4836 0.0000e+00
     -0.028    27.1872     7.3240     92.263  37.244517     35.703      6.501   228.2673     2.8615     6.2928     0.0245      0.018     -0.027     -0.039         44 4.6311e+02   996.4825 0.0000e+00
     -0.026    27.1863     7.3308     92.354  37.182034     35.594      6.496   227.6616     2.8615     6.2928     0.0245      0.015     -0.025     -0.035         45 4.5160e+02   996.4818 0.0000e+00
     -0.020    27.1857     7.3113     92.111  37.242981     35.701      6.486   227.6616     2.8462     5.2979     0.0245      0.013     -0.020     -0.030         46 3.9279e+02   996.4816 0.0000e+00
     -0.017    27.1873     7.2768     91.679  37.227940     35.648      6.481   227.1694     2.8501     5.3267     0.0245      0.010     -0.018     -0.026         47 3.8170e+02   996.4819 0.0000e+00
     -0.017    27.1898     7.2373     91.183  37.200751     35.648      6.477   227.2830     2.8386     5.3267     0.0245      0.007     -0.018     -0.026         48 4.0640e+02   996.4821 0.0000e+00
     -0.019    27.1929     7.1863     90.542  37.217547     35.647      6.470   227.0558     2.8615     5.4276     0.0245      0.006     -0.019     -0.027         49 4.0550e+02   996.4816 0.0000e+00
     -0.020    27.1957     7.1392     89.948  37.207038     35.645      6.465   226.7530     2.8539     5.3555     0.0245      0.006     -0.019     -0.028         50 4.0496e+02   996.4809 0.0000e+00
     -0.020    27.1975     7.0890     89.315  37.213827     35.643      6.462   226.7908     2.7967     5.9756     0.0245      0.005     -0.019     -0.028         51 4.0467e+02   996.4800 0.0000e+00
     -0.019    27.1996     7.0467     88.782  37.209096     35.641      6.456   226.7908     2.7738     5.9323     0.0245      0.003     -0.018     -0.027         52 4.1034e+02   996.4792 0.0000e+00
     -0.018    27.2017     7.0104     88.327  37.212926     35.640      6.452   226.9423     2.7814     6.1054     0.0245      0.002     -0.017     -0.025         53 4.1404e+02   996.4787 0.0000e+00
     -0.018    27.2045     6.9831     87.985  37.209060     35.639      6.452   226.7908     2.8081     6.0765     0.0245      0.000     -0.017     -0.025         54 4.0903e+02   996.4782 0.0000e+00
     -0.019    27.2075     6.9738     87.869  37.154634     35.584      6.447   226.7530     2.7814     6.0765     0.0245     -0.000     -0.018     -0.026         55 4.0888e+02   996.4776 0.0000e+00
     -0.018    27.2091     6.9650     87.758  37.162114     35.582      6.442   226.8666     2.7890     5.9612     0.0245      0.000     -0.018     -0.026         56 4.1688e+02   996.4768 0.0000e+00
     -0.018    27.2106     6.9579     87.667  37.199750     35.633      6.437   227.3208     2.7852     5.9323     0.0245      0.001     -0.018     -0.026         57 4.1872e+02   996.4760 0.0000e+00
     -0.019    27.2118     6.9428     87.468  37.167068     35.579      6.435   226.7908     2.7928     5.9756     0.0245      0.001     -0.018     -0.026         58 4.1040e+02   996.4755 0.0000e+00
     -0.018    27.2122     6.9233     87.211  37.143516     35.578      6.430   226.8666     2.8615     5.8026     0.0245      0.000     -0.018     -0.026         59 4.0573e+02   996.4750 0.0000e+00
     -0.019    27.2124     6.9011     86.929  37.169787     35.577      6.426   227.0558     2.8539     5.8314     0.0245     -0.000     -0.018     -0.026         60 4.0582e+02   996.4748 0.0000e+00
     -0.019    27.2124     6.8775     86.636  37.193643     35.630      6.424   226.6773     2.8386     5.7449     0.0245     -0.001     -0.018     -0.026         61 4.0351e+02   996.4747 0.0000e+00
     -0.017    27.2123     6.8561     86.370  37.173099     35.576      6.422   226.7530     2.8386     5.8314     0.0245     -0.000     -0.017     -0.025         62 4.0500e+02   996.4746 0.0000e+00
     -0.016    27.2129     6.8474     86.261  37.195354     35.630      6.419   227.0558     2.9264     6.0477     0.0245      0.001     -0.017     -0.024         63 4.1246e+02   996.4746 0.0000e+00
     -0.018    27.2143     6.8264     85.995  37.165947     35.576      6.417   226.9801     2.9073     6.0621     0.0245      0.001     -0.018     -0.025         64 4.1137e+02   996.4746 0.0000e+00
     -0.019    27.2152     6.7900     85.533  37.150424     35.576      6.414   227.1316     2.9073     5.9468     0.0245      0.000     -0.018     -0.026         65 4.0978e+02   996.4745 0.0000e+00
     -0.019    27.2155     6.7405     84.905  37.155401     35.575      6.410   227.3587     2.9073     5.9468     0.0245      0.000     -0.018     -0.026         66 4.1173e+02   996.4741 0.0000e+00
     -0.016    27.2145     6.6700     84.018  37.159754     35.574      6.409   227.0937     2.9645     5.5574     0.0245      0.000     -0.016     -0.022         67 3.6144e+02   996.4738 0.0000e+00
     -0.012    27.2085     6.6061     83.216  37.204277     35.628      6.406   227.3587     2.9607     5.5574     0.0245      0.002     -0.012     -0.017         68 3.2321e+02   996.4738 0.0000e+00
     -0.009    27.2015     6.5529     82.546  37.159262     35.575      6.401   227.3966     2.9759     5.5718     0.0245      0.003     -0.011     -0.015         69 3.5296e+02   996.4741 0.0000e+00
     -0.011    27.2001     6.5111     82.017  37.097234     35.526      6.398   227.2830     2.9683     5.7160     0.0244      0.004     -0.011     -0.017         70 3.5191e+02   996.4757 0.0000e+00
     -0.014    27.2026     6.4848     81.680  37.103662     35.531      6.394   227.4344     2.9874     5.5286     0.0244      0.004     -0.013     -0.020         71 3.7198e+02   996.4776 0.0000e+00
     -0.015    27.2050     6.4643     81.414  37.091995     35.531      6.391   227.5101     2.9225     5.4997     0.0244      0.003     -0.014     -0.021         72 3.8046e+02   996.4781 0.0000e+00
     -0.015    27.2056     6.4413     81.120  37.111755     35.530      6.388   227.6994     2.9187     5.5718     0.0244      0.002     -0.014     -0.020         73 3.2880e+02   996.4774 0.0000e+00
     -0.013    27.2046     6.4300     80.979  37.138341     35.581      6.389   227.7373     2.9035     5.5574     0.0245      0.001     -0.013     -0.019         74 3.4384e+02   996.4766 0.0000e+00
     -0.013    27.2023     6.3956     80.547  37.118178     35.528      6.386   227.9266     2.9149     5.6439     0.0244     -0.000     -0.013     -0.018         75 3.5333e+02   996.4765 0.0000e+00
     -0.012    27.1997     6.3665     80.180  37.136847     35.582      6.383   228.0780     3.1209     5.6872     0.0245     -0.001     -0.013     -0.018         76 3.4414e+02   996.4768 0.0000e+00
     -0.013    27.2000     6.3348     79.779  37.115108     35.530      6.381   228.0780     3.1819     5.8026     0.0244     -0.001     -0.013     -0.019         77 3.7295e+02   996.4774 0.0000e+00
     -0.014    27.2016     6.3041     79.387  37.085962     35.532      6.379   228.1537     3.1667     5.7305     0.0244     -0.000     -0.013     -0.019         78 3.6929e+02   996.4782 0.0000e+00
     -0.014    27.2019     6.2704     78.956  37.054580     35.478      6.381   228.1537     3.1629     5.8458     0.0244      0.001     -0.012     -0.018         79 3.5089e+02   996.4781 0.0000e+00
     -0.011    27.2004     6.2406     78.577  37.035622     35.477      6.378   228.3809     3.0217     5.7305     0.0244      0.001     -0.011     -0.016         80 3.4333e+02   996.4776 0.0000e+00
