Data/DataNotYetUploadedToEDI/Raw_CTD/RawDownloads/070819_fcr20.cnv
* Sea-Bird SBE19plus  Data File:
* FileName = C:\DATA\070819_fcr50_0003.hex
* Software version 2.8.0.119
* Temperature SN = 7809
* Conductivity SN = 7809
* System UpLoad Time = Jul 08 2019 15:01:30
* <ApplicationData>
* <Seaterm232>
# nquan = 18
# nvalues = 441                         
# units = specified
# name 0 = depFM: Depth [fresh water, m]
# name 1 = tv290C: Temperature [ITS-90, deg C]
# name 2 = sbeox0Mg/L: Oxygen, SBE 43 [mg/l]
# name 3 = sbeox0PS: Oxygen, SBE 43 [% saturation]
# name 4 = c0uS/cm: Conductivity [uS/cm]
# name 5 = specc: Specific Conductance [uS/cm]
# name 6 = ph: pH
# name 7 = orp: Oxidation Reduction Potential [mV]
# name 8 = flECO-AFL: Fluorescence, WET Labs ECO-AFL/FL [mg/m^3]
# name 9 = turbWETntu0: Turbidity, WET Labs ECO [NTU]
# name 10 = sal00: Salinity, Practical [PSU]
# name 11 = dz/dtM: Descent Rate [m/s]
# name 12 = prdM: Pressure, Strain Gauge [db]
# name 13 = prdE: Pressure, Strain Gauge [psi]
# name 14 = scan: Scan Count
# name 15 = par/sat/log: PAR/Logarithmic, Satlantic
# name 16 = density00: Density [density, kg/m^3]
# name 17 = flag:  0.000e+00
# span 0 =     -0.608,      3.043       
# span 1 =    18.2027,    27.3075       
# span 2 =     0.0209,    12.8334       
# span 3 =      0.222,    146.989       
# span 4 =   0.000963,  63.887450       
# span 5 =      0.654,     73.956       
# span 6 =      5.736,      6.894       
# span 7 =   223.3080,   730.5194       
# span 8 =    -0.1483,     5.9934       
# span 9 =    -0.5854,   137.3253       
# span 10 =     0.0120,     0.0385      
# span 11 =     -0.159,      0.296      
# span 12 =     -0.596,      2.984      
# span 13 =     -0.865,      4.327      
# span 14 =          1,        441      
# span 15 = 5.7466e+00, 5.0562e+02      
# span 16 =   996.4481,   998.6019      
# span 17 = 0.0000e+00, 0.0000e+00      
# interval = seconds: 0.25
# start_time = Jul 08 2019 11:19:18 [Instrument's time stamp, header]
# bad_flag = -9.990e-29
*END*
[from data line 403]
      2.816    19.4684     2.0070     21.743  39.135638     43.962      6.503   264.6102     4.7689    12.6664     0.0258      0.062      2.760      4.002        404 7.9382e+00   998.3436 0.0000e+00
      2.822    19.4492     1.9511     21.132  39.077412     43.968      6.501   264.8374     4.8032    12.5222     0.0258      0.060      2.769      4.015        405 7.8870e+00   998.3454 0.0000e+00
      2.832    19.4386     1.9152     20.702  39.044560     43.846      6.500   265.3295     4.7803    12.5510     0.0258      0.058      2.779      4.030        406 7.7100e+00   998.3460 0.0000e+00
      2.847    19.3926     1.9346     20.816  39.384002     44.337      6.499   266.0110     5.3754    12.4789     0.0260      0.055      2.792      4.049        407 7.5403e+00   998.3501 0.0000e+00
      2.862    19.2725     1.9715     21.131  39.899841     44.850      6.497   266.2760     5.3411    12.5078     0.0262      0.052      2.805      4.068        408 7.4291e+00   998.3525 0.0000e+00
      2.872    19.1944     1.9913     21.337  40.210639     45.334      6.495   266.3895     5.3831    12.5222     0.0264      0.048      2.815      4.082        409 7.3995e+00   998.3619 0.0000e+00
      2.877    19.2176     1.9103     20.466  40.093931     45.240      6.488   267.0331     5.3754    12.5366     0.0263      0.044      2.821      4.092        410 7.3393e+00   998.3858 0.0000e+00
      2.882    19.2398     1.6813     17.975  40.045132     45.322      6.488   268.2445     5.9934    12.5799     0.0263      0.041      2.826      4.099        411 7.2494e+00   998.4013 0.0000e+00
      2.886    19.2208     1.3971     14.909  40.123202     45.358      6.486   268.0174     5.9515    12.5943     0.0263      0.038      2.829      4.103        412 7.2824e+00   998.3968 0.0000e+00
      2.884    19.2185     1.0869     11.586  39.996774     45.208      6.484   268.7367     5.9362    12.4789     0.0263      0.032      2.829      4.103        413 7.2777e+00   998.3923 0.0000e+00
      2.884    19.2373     0.7772      8.285  39.846777     45.040      6.481   269.1153     5.9400    12.6520     0.0262      0.025      2.829      4.103        414 7.2386e+00   998.3961 0.0000e+00
      2.886    19.2247     0.4669      4.978  39.894911     45.106      6.480   269.4938     5.9629    12.4933     0.0262      0.017      2.831      4.107        415 7.2201e+00   998.3965 0.0000e+00
      2.890    19.1212     0.2316      2.468  40.114716     45.337      6.477   270.2131     5.5471    13.3008     0.0263      0.011      2.836      4.113        416 7.1442e+00   998.3929 0.0000e+00
      2.899    18.8986     0.0803      0.855  40.995984     46.298      6.477   271.4245     5.5356    13.1855     0.0267      0.010      2.845      4.126        417 7.0073e+00   998.3958 0.0000e+00
      2.913    18.7123     0.0209      0.222  43.778156     49.569      6.473   271.8410     5.5204    13.2143     0.0281      0.013      2.859      4.146        418 6.8030e+00   998.4174 0.0000e+00
      2.935    18.6912     0.0254      0.271  45.189909     51.670      6.474   272.0681     5.5585    13.1999     0.0289      0.021      2.878      4.174        419 6.5888e+00   998.4615 0.0000e+00
      2.956    18.6804     0.0677      0.720  44.308483     50.458      6.469   273.2417     5.2381    13.1422     0.0283      0.033      2.898      4.203        420 6.4150e+00   998.4975 0.0000e+00
      2.974    18.5832     0.1196      1.271  46.120384     52.841      6.465   273.6203     5.2610    13.0845     0.0294      0.046      2.916      4.230        421 6.2527e+00   998.5024 0.0000e+00
      2.990    18.4907     0.1846      1.961  49.458079     56.594      6.459   273.2038     5.2267    12.9980     0.0310      0.056      2.932      4.252        422 6.1549e+00   998.5057 0.0000e+00
      3.004    18.4380     0.2440      2.590  51.392804     59.002      6.452   274.5667     5.2457    12.9692     0.0320      0.063      2.944      4.270        423 6.0752e+00   998.5253 0.0000e+00
      3.013    18.4378     0.2820      2.996  53.142900     61.021      6.446   273.4688     4.3073    14.0939     0.0329      0.065      2.953      4.283        424 6.0272e+00   998.5437 0.0000e+00
      3.017    18.4458     0.3110      3.304  53.715889     61.997      6.441   273.7717     4.3340    14.1516     0.0333      0.062      2.958      4.290        425 6.0285e+00   998.5539 0.0000e+00
      3.019    18.4151     0.3182      3.380  53.141452     60.969      6.434   274.3774     4.3340    14.1228     0.0328      0.053      2.960      4.294        426 6.0117e+00   998.5538 0.0000e+00
      3.021    18.3815     0.3179      3.376  53.145941     61.336      6.430   274.6803     4.3302    14.2381     0.0330      0.042      2.963      4.297        427 5.9755e+00   998.5522 0.0000e+00
      3.023    18.3475     0.3150      3.343  54.570456     62.580      6.424   274.3017     4.0708    15.1466     0.0335      0.032      2.965      4.300        428 5.9248e+00   998.5586 0.0000e+00
      3.025    18.3383     0.3073      3.260  56.589177     65.519      6.420   274.9453     4.0479    14.9591     0.0348      0.023      2.967      4.303        429 5.8954e+00   998.5658 0.0000e+00
      3.028    18.3297 -9.990e-29 -9.990e-29  57.812168     66.385      6.413   275.3996     4.0822    15.1466     0.0352      0.016      2.969      4.307        430 5.9036e+00   998.5727 0.0000e+00
      3.030    18.2940 -9.990e-29 -9.990e-29  59.189178     68.554      6.409   275.1724     4.0517    15.0168     0.0361      0.011      2.971      4.310        431 5.8983e+00   998.5750 0.0000e+00
      3.032    18.2522 -9.990e-29 -9.990e-29  61.521169     70.666      6.404   275.2481     3.6550    14.8582     0.0370      0.009      2.974      4.313        432 5.8619e+00   998.5776 0.0000e+00
      3.035    18.2427 -9.990e-29 -9.990e-29  63.722263     73.955      6.402   277.0274     3.6435    14.8582     0.0385      0.009      2.977      4.317        433 5.8643e+00   998.5851 0.0000e+00
      3.037    18.2692 -9.990e-29 -9.990e-29  62.562468     72.117      6.397   277.3681     3.6283    14.7861     0.0377      0.009      2.979      4.320        434 5.8495e+00   998.5925 0.0000e+00
      3.040    18.2647 -9.990e-29 -9.990e-29  61.480795     71.105      6.392   276.4596     3.6321    14.8726     0.0372      0.009      2.981      4.323        435 5.8308e+00   998.5940 0.0000e+00
      3.040    18.2547 -9.990e-29 -9.990e-29  62.308734     72.020      6.389   276.2324     3.6550    14.9303     0.0376      0.009      2.982      4.325        436 5.8436e+00   998.5894 0.0000e+00
      3.041    18.2537 -9.990e-29 -9.990e-29  63.045425     72.779      6.392   276.3081     3.8877    15.1322     0.0380      0.008      2.982      4.326        437 5.8244e+00   998.5905 0.0000e+00
      3.042    18.2247 -9.990e-29 -9.990e-29  63.887450     73.956      6.386   276.4217     3.9029    15.0024     0.0385      0.007      2.983      4.327        438 5.8253e+00   998.5926 0.0000e+00
      3.042    18.2027 -9.990e-29 -9.990e-29  63.575457     73.409      6.384   276.8003     3.9029    15.1322     0.0382      0.006      2.984      4.327        439 5.7838e+00   998.5928 0.0000e+00
      3.042 -9.990e-29 -9.990e-29 -9.990e-29  62.929224     72.843      6.382   276.5731     3.8991    15.0024     0.0380      0.005      2.984      4.327        440 5.7466e+00   998.5979 0.0000e+00
      3.043 -9.990e-29 -9.990e-29 -9.990e-29  62.733173     72.528      6.377   276.1188     3.6016    15.2475     0.0378      0.003      2.984      4.327        441 5.7702e+00   998.6019 0.0000e+00
