Data/DataNotYetUploadedToEDI/Raw_CTD/RawDownloads/070820_ccr50_halfcast.cnv
* Sea-Bird SBE19plus  Data File:
* FileName = C:\DATA\070920_fcr50_0001.hex
* Software version 2.8.0.119
* Temperature SN = 7809
* Conductivity SN = 7809
* System UpLoad Time = Jul 09 2020 11:53:18
* <ApplicationData>
* <Seaterm232>
# nquan = 16
# nvalues = 1315                        
# units = specified
# name 0 = depFM: Depth [fresh water, m]
# name 1 = dz/dtM: Descent Rate [m/s]
# name 2 = sbeox0ML/L: Oxygen, SBE 43 [ml/l]
# name 3 = sbeox0PS: Oxygen, SBE 43 [% saturation]
# name 4 = specc: Specific Conductance [uS/cm]
# name 5 = c0uS/cm: Conductivity [uS/cm]
# name 6 = flECO-AFL: Fluorescence, WET Labs ECO-AFL/FL [mg/m^3]
# name 7 = ph: pH
# name 8 = orp: Oxidation Reduction Potential [mV]
# name 9 = par/sat/log: PAR/Logarithmic, Satlantic
# name 10 = turbWETntu0: Turbidity, WET Labs ECO [NTU]
# name 11 = prdM: Pressure, Strain Gauge [db]
# name 12 = prdE: Pressure, Strain Gauge [psi]
# name 13 = tv290C: Temperature [ITS-90, deg C]
# name 14 = density00: Density [density, kg/m^3]
# name 15 = flag:  0.000e+00
# span 0 =     -0.487,     18.179       
# span 1 =     -0.560,      0.313       
# span 2 =     2.3558,     7.6389       
# span 3 =     29.732,    129.845       
# span 4 =      3.009,     92.002       
# span 5 =   3.034968,  63.038625       
# span 6 =    -1.8452,     3.4342       
# span 7 =      6.332,      8.769       
# span 8 = -1240.7455,   223.9419       
# span 9 = 1.2345e-01, 1.5280e+03       
# span 10 =    -7.7957,   156.7396      
# span 11 =     -0.478,     17.835      
# span 12 =     -0.693,     25.868      
# span 13 =     9.2487,    28.3691      
# span 14 =   996.1567,   999.8839      
# span 15 = 0.0000e+00, 0.0000e+00      
# interval = seconds: 0.25
# start_time = Jul 07 2020 20:43:41 [Instrument's time stamp, header]
# bad_flag = -9.990e-29
*END*
[from data line 91]
      0.216      0.000     4.2538     76.845     51.867  55.199255    -0.1875      7.628   149.1982 9.5927e+02     0.7061      0.213      0.310    28.2189   996.1974 0.0000e+00
      0.212      0.000     4.2520     76.175     51.921  55.256655    -0.1930      7.586   148.9883 9.7263e+02     0.6252      0.207      0.300    28.2120   996.1993 0.0000e+00
      0.210     -0.001     4.2447     75.313     51.939  55.277884    -0.1987      7.555   148.7252 9.5820e+02     0.6302      0.204      0.295    28.2057   996.2011 0.0000e+00
      0.213     -0.001     4.2232     74.253     51.927  55.265389    -0.1989      7.542   148.4253 1.0928e+03     0.6981      0.209      0.303    28.2065   996.2009 0.0000e+00
      0.216     -0.001     4.1960     73.048     51.907  55.232611    -0.2146      7.542   148.2024 1.2554e+03     0.7258      0.214      0.310    28.2061   996.2011 0.0000e+00
      0.215     -0.000     4.1606     71.842     51.897  55.199145    -0.2362      7.548   148.1813 1.1658e+03     0.6903      0.212      0.307    28.2040   996.2016 0.0000e+00
      0.212     -0.000     4.1132     70.766     51.901  55.178300    -0.2507      7.550   148.2555 1.3239e+03     0.6462      0.208      0.300    28.2066   996.2010 0.0000e+00
      0.211     -0.001     4.0547     69.838     51.909  55.171087    -0.2557      7.545   148.2388 1.4185e+03     0.6391      0.206      0.298    28.2118   996.1994 0.0000e+00
      0.211     -0.001     3.9859     69.035     51.919  55.175429    -0.2499      7.535   148.2379 1.1039e+03     0.6723      0.206      0.299    28.2031   996.2018 0.0000e+00
      0.214      0.000     3.9190     68.382     51.913  55.167277    -0.2372      7.522   148.5030 1.0172e+03     0.7046      0.209      0.304    28.1747   996.2100 0.0000e+00
      0.215      0.003     3.8623     67.928     51.881  55.136028    -0.2352      7.513   148.7770 1.0550e+03     0.7211      0.211      0.307    28.1468   996.2180 0.0000e+00
      0.213      0.005     3.8137     67.695     51.856  55.115193    -0.2450      7.507   148.7970 8.8106e+02     0.7005      0.210      0.304    28.1335   996.2218 0.0000e+00
      0.212      0.009     3.7692     67.654     51.845  55.105927    -0.2510      7.504   148.9171 7.7597e+02     0.6615      0.206      0.299    28.1282   996.2234 0.0000e+00
      0.214      0.014     3.7326     67.731     51.828  55.087505    -0.2412      7.499   149.3682 9.4635e+02     0.6606      0.208      0.301    28.1255   996.2241 0.0000e+00
      0.219      0.019     3.7073     67.902     51.822  55.083006    -0.2307      7.485   149.8640 1.2423e+03     0.6901      0.215      0.311    28.1286   996.2233 0.0000e+00
      0.226      0.024     3.6939     68.129     51.851  55.115053    -0.2391      7.451   150.0933 1.3418e+03     0.7086      0.221      0.321    28.1367   996.2210 0.0000e+00
      0.234      0.026     3.6944     68.287     51.891  55.157401    -0.2469      7.408   149.9041 1.2005e+03     0.7470      0.227      0.330    28.1395   996.2201 0.0000e+00
      0.244      0.024     3.6986     68.279     51.885  55.150403    -0.2493      7.383   149.5554 1.0608e+03     0.8454      0.239      0.348    28.1361   996.2211 0.0000e+00
      0.253      0.023     3.7074     68.079     51.835  55.093964    -0.2485      7.383   149.5773 1.1708e+03     0.9375      0.252      0.366    28.1399   996.2201 0.0000e+00
      0.257      0.023     3.7235     67.727     51.801  55.046648    -0.2379      7.391   149.7384 1.3750e+03     0.9678      0.254      0.369    28.1436   996.2191 0.0000e+00
      0.256      0.025     3.7340     67.297     51.791  55.022905    -0.2355      7.399   149.6963 1.2883e+03     0.9033      0.249      0.362    28.1384   996.2206 0.0000e+00
      0.257      0.031     3.7339     66.862     51.772  54.997418    -0.2389      7.409   149.7559 1.1304e+03     0.7744      0.249      0.361    28.1411   996.2198 0.0000e+00
      0.267      0.042     3.7220     66.510     51.704  54.929025    -0.2407      7.415   150.1148 1.0736e+03     0.6807      0.260      0.377    28.1414   996.2198 0.0000e+00
      0.280      0.062     3.7022     66.383     51.597  54.831143    -0.2474      7.415   150.8531 1.0122e+03     0.6622      0.277      0.400    28.1252   996.2244 0.0000e+00
      0.295      0.087     3.6785     66.702     51.515  54.766704    -0.2531      7.413   151.8854 1.0068e+03     0.7575      0.287      0.416    28.1113   996.2285 0.0000e+00
      0.315      0.112     3.6533     67.489     51.452  54.721580    -0.2531      7.411   153.0452 9.9910e+02     0.9059      0.304      0.440    28.1044   996.2305 0.0000e+00
      0.347      0.136     3.6321     68.644     51.379  54.666678    -0.2467      7.412   154.1221 8.9775e+02     0.9449      0.336      0.487    28.1078   996.2297 0.0000e+00
      0.389      0.155     3.6183     70.788     51.296  54.611046    -0.2519      7.417   154.8387 7.9996e+02     0.8863      0.380      0.552    28.1262   996.2246 0.0000e+00
      0.439      0.164     3.6314     74.998     51.203  54.557121    -0.2585      7.419   155.1702 8.8272e+02     0.8152      0.430      0.623    28.1495   996.2181 0.0000e+00
      0.490      0.160     3.6830     81.292     51.132  54.522859    -0.2504      7.414   155.1190 9.8750e+02     0.7375      0.480      0.697    28.1717   996.2119 0.0000e+00
      0.539      0.143     3.7327     88.282     51.099  54.514431    -0.2489      7.410   154.9075 9.3142e+02     0.7029      0.532      0.773    28.1883   996.2074 0.0000e+00
      0.578      0.116     3.8157     94.494     51.089  54.518773    -0.2414      7.411   154.8503 8.8335e+02     0.7053      0.573      0.831    28.2188   996.1989 0.0000e+00
      0.603      0.086     4.0397     99.367     51.076  54.511868    -0.2350      7.413   154.7717 8.5347e+02     0.6642      0.596      0.865    28.2708   996.1841 0.0000e+00
      0.615      0.056     4.4141    102.844     51.058  54.494478    -0.2488      7.414   154.5595 9.5334e+02     0.6512      0.606      0.879    28.3148   996.1715 0.0000e+00
      0.620      0.029     4.8274    104.847     51.061  54.499048    -0.2548      7.414   154.4358 1.0965e+03     0.7197      0.609      0.883    28.3400   996.1643 0.0000e+00
      0.621      0.009     5.1694    105.333     51.064  54.503619    -0.2509      7.411   154.3946 1.0905e+03     0.7378      0.609      0.883    28.3526   996.1607 0.0000e+00
      0.621     -0.003     5.4330    104.583     51.048  54.486231    -0.2495      7.407   154.4913 1.1100e+03     0.6987      0.610      0.885    28.3576   996.1592 0.0000e+00
      0.618     -0.008     5.6241    103.211     51.043  54.479350    -0.2473      7.404   154.7452 1.1325e+03     0.6582      0.608      0.882    28.3593   996.1587 0.0000e+00
      0.611     -0.008     5.7358    101.801     51.048  54.483930    -0.2527      7.404   154.9690 1.0762e+03     0.6257      0.599      0.869    28.3597   996.1585 0.0000e+00
      0.604     -0.004     5.7573    100.631     51.042  54.478098    -0.2671      7.402   155.2185 8.9074e+02     0.6498      0.591      0.857    28.3611   996.1580 0.0000e+00
      0.602      0.003     5.7021     99.701     51.035  54.472346    -0.2599      7.397   155.3526 7.2739e+02     0.7093      0.589      0.854    28.3617   996.1579 0.0000e+00
      0.605      0.011     5.6158     98.991     51.039  54.477901    -0.2418      7.394   155.3006 6.7669e+02     0.7267      0.594      0.861    28.3594   996.1586 0.0000e+00
      0.612      0.019     5.5334     98.524     51.041  54.481759    -0.2387      7.395   155.2780 6.8410e+02     0.6892      0.600      0.870    28.3576   996.1592 0.0000e+00
      0.621      0.025     5.4723     98.254     51.015  54.455474    -0.2411      7.399   155.2514 6.9986e+02     0.6673      0.608      0.882    28.3586   996.1589 0.0000e+00
      0.630      0.028     5.4217     98.100     50.975  54.414153    -0.2520      7.400   155.2372 7.6359e+02     0.6677      0.618      0.897    28.3603   996.1585 0.0000e+00
      0.636      0.030     5.3814     98.010     50.987  54.426759    -0.2557      7.401   155.1921 8.9831e+02     0.6594      0.623      0.904    28.3621   996.1579 0.0000e+00
      0.642      0.033     5.3570     97.961     51.038  54.480865    -0.2482      7.402   155.2219 1.0209e+03     0.6696      0.629      0.913    28.3642   996.1574 0.0000e+00
      0.650      0.037     5.3442     97.908     51.053  54.496705    -0.2469      7.401   155.5118 1.0948e+03     0.6884      0.637      0.924    28.3660   996.1569 0.0000e+00
      0.659      0.043     5.3368     97.817     51.048  54.491243    -0.2394      7.396   155.5995 9.7984e+02     0.6805      0.645      0.936    28.3666   996.1567 0.0000e+00
      0.669      0.050     5.3317     97.704     51.035  54.478338    -0.2150      7.394   155.5084 8.5892e+02     0.6770      0.655      0.950    28.3661   996.1569 0.0000e+00
      0.683      0.060     5.3303     97.621     51.024  54.467703    -0.1908      7.394   155.6140 8.6749e+02     0.6806      0.667      0.968    28.3656   996.1571 0.0000e+00
      0.701      0.070     5.3284     97.600     51.044  54.489684    -0.1848      7.393   155.7581 8.3889e+02     0.6898      0.688      0.997    28.3657   996.1572 0.0000e+00
      0.720      0.080     5.3229     97.608     51.044  54.490056    -0.1810      7.390   155.9611 8.2938e+02     0.7202      0.705      1.023    28.3662   996.1571 0.0000e+00
      0.742      0.085     5.3156     97.575     51.027  54.472199    -0.1734      7.385   156.1754 9.8288e+02     0.7047      0.724      1.051    28.3672   996.1569 0.0000e+00
      0.767      0.086     5.3099     97.502     51.021  54.464329    -0.1880      7.379   156.1984 1.0556e+03     0.6400      0.751      1.091    28.3676   996.1569 0.0000e+00
      0.793      0.083     5.3096     97.456     51.016  54.458408    -0.2053      7.374   156.1525 8.5358e+02     0.6230      0.778      1.128    28.3681   996.1569 0.0000e+00
      0.817      0.078     5.3120     97.460     51.022  54.464117    -0.1916      7.372   156.2227 6.9117e+02     0.6711      0.805      1.167    28.3687   996.1569 0.0000e+00
      0.836      0.072     5.3102     97.488     51.028  54.469840    -0.1749      7.374   156.5302 6.9231e+02     0.7079      0.823      1.192    28.3691   996.1568 0.0000e+00
      0.849      0.065     5.3040     97.526     51.023  54.464100    -0.1747      7.378   156.9454 6.8061e+02     0.7584      0.832      1.207    28.3685   996.1570 0.0000e+00
      0.862      0.060     5.3014     97.585     51.018  54.458216    -0.1796      7.383   157.1990 6.5100e+02     0.8357      0.846      1.227    28.3673   996.1575 0.0000e+00
      0.876      0.057     5.3025     97.655     51.022  54.462210    -0.1865      7.386   157.3590 7.4805e+02     0.8531      0.858      1.245    28.3662   996.1578 0.0000e+00
      0.891      0.055     5.3046     97.725     51.009  54.448884    -0.1821      7.389   157.5039 8.0239e+02     0.8657      0.874      1.267    28.3654   996.1581 0.0000e+00
      0.907      0.054     5.3058     97.764     50.986  54.424116    -0.1551      7.392   157.6611 7.0946e+02     0.8506      0.892      1.294    28.3651   996.1583 0.0000e+00
      0.921      0.052     5.3098     97.754     50.981  54.416804    -0.1267      7.394   157.8833 6.9073e+02     0.7386      0.904      1.312    28.3645   996.1586 0.0000e+00
      0.934      0.049     5.3135     97.721     50.990  54.423986    -0.1252      7.396   158.0397 7.8900e+02     0.6447      0.915      1.327    28.3641   996.1587 0.0000e+00
      0.946      0.045     5.3178     97.661     51.015  54.447436    -0.1357      7.397   158.0892 8.5058e+02     0.6424      0.928      1.346    28.3644   996.1586 0.0000e+00
      0.957      0.043     5.3215     97.591     51.017  54.446266    -0.1308      7.398   158.2233 1.0879e+03     0.7449      0.939      1.361    28.3645   996.1587 0.0000e+00
      0.966      0.041     5.3186     97.549     50.987  54.409838    -0.1229      7.400   158.3703 1.3102e+03     0.8887      0.948      1.375    28.3637   996.1589 0.0000e+00
      0.975      0.040     5.3187     97.529     50.972  54.388068    -0.1170      7.402   158.4034 9.7349e+02     0.9382      0.956      1.387    28.3614   996.1596 0.0000e+00
      0.985      0.040     5.3151     97.527     50.962  54.373586    -0.1161      7.402   158.4518 6.6289e+02     0.8982      0.965      1.400    28.3578   996.1607 0.0000e+00
      0.996      0.041     5.3100     97.547     50.955  54.361754    -0.1127      7.402   158.5250 6.2895e+02     0.8511      0.978      1.418    28.3539   996.1620 0.0000e+00
      1.007      0.042     5.3093     97.575     50.968  54.372028    -0.0849      7.402   158.6865 5.7281e+02     0.7801      0.989      1.434    28.3498   996.1631 0.0000e+00
      1.017      0.043     5.3082     97.610     50.970  54.370778    -0.0567      7.403   158.8550 5.3090e+02     0.6925      0.997      1.446    28.3449   996.1645 0.0000e+00
      1.028      0.044     5.3085     97.653     50.951  54.346632    -0.0397      7.403   158.8422 5.0773e+02     0.6841      1.007      1.460    28.3399   996.1661 0.0000e+00
      1.039      0.045     5.3104     97.683     50.943  54.334127    -0.0310      7.403   158.7897 5.1370e+02     0.7824      1.019      1.477    28.3361   996.1671 0.0000e+00
      1.051      0.049     5.3124     97.719     50.957  54.346612    -0.0275      7.402   158.9092 6.5841e+02     0.8845      1.031      1.495    28.3326   996.1682 0.0000e+00
      1.063      0.055     5.3139     97.785     50.982  54.370549    -0.0169      7.397   159.1676 8.7108e+02     0.8891      1.043      1.513    28.3296   996.1691 0.0000e+00
      1.076      0.062     5.3180     97.824     50.983  54.369489    -0.0081      7.384   159.3325 8.0890e+02     0.8723      1.054      1.530    28.3259   996.1702 0.0000e+00
      1.091      0.067     5.3193     97.803     50.953  54.333786    -0.0066      7.372   159.4411 5.9246e+02     0.8869      1.067      1.548    28.3215   996.1715 0.0000e+00
      1.111      0.071     5.3199     97.735     50.943  54.319948     0.0018      7.361   159.6209 5.7745e+02     0.8948      1.088      1.579    28.3188   996.1724 0.0000e+00
      1.134      0.073     5.3264     97.635     50.953  54.329197     0.0077      7.349   159.6994 6.4625e+02     0.8989      1.114      1.615    28.3163   996.1733 0.0000e+00
      1.156      0.071     5.3292     97.560     50.945  54.318586    -0.0028      7.342   159.7015 5.9882e+02     0.8681      1.135      1.645    28.3136   996.1741 0.0000e+00
      1.175      0.068     5.3273     97.530     50.947  54.318671    -0.0102      7.341   159.8187 5.7807e+02     0.8656      1.152      1.671    28.3108   996.1750 0.0000e+00
      1.191      0.064     5.3247     97.517     50.959  54.330217     0.0034      7.346   159.9114 5.7857e+02     0.9030      1.169      1.696    28.3079   996.1759 0.0000e+00
      1.204      0.062     5.3174     97.514     50.962  54.331164     0.0376      7.352   159.9622 4.9357e+02     0.9081      1.181      1.713    28.3059   996.1766 0.0000e+00
      1.215      0.062     5.3127     97.515     50.963  54.330124     0.0599      7.358   160.2605 4.5722e+02     0.8921      1.190      1.726    28.3042   996.1771 0.0000e+00
      1.229      0.063     5.3129     97.510     50.953  54.317639     0.0541      7.359   160.5926 4.7513e+02     0.8477      1.204      1.746    28.3027   996.1776 0.0000e+00
      1.247      0.063     5.3117     97.525     50.945  54.307228     0.0533      7.356   160.6230 4.3619e+02     0.8517      1.223      1.773    28.3014   996.1781 0.0000e+00
      1.267      0.063     5.3120     97.593     50.970  54.331271     0.0596      7.355   160.5419 4.1238e+02     0.9069      1.242      1.802    28.2993   996.1787 0.0000e+00
