Data/DataNotYetUploadedToEDI/Raw_CTD/RawDownloads/070820_ccr50_halfcast.cnv
* Sea-Bird SBE19plus  Data File:
* FileName = C:\DATA\070920_fcr50_0001.hex
* Software version 2.8.0.119
* Temperature SN = 7809
* Conductivity SN = 7809
* System UpLoad Time = Jul 09 2020 11:53:18
* <ApplicationData>
* <Seaterm232>
# nquan = 16
# nvalues = 1315                        
# units = specified
# name 0 = depFM: Depth [fresh water, m]
# name 1 = dz/dtM: Descent Rate [m/s]
# name 2 = sbeox0ML/L: Oxygen, SBE 43 [ml/l]
# name 3 = sbeox0PS: Oxygen, SBE 43 [% saturation]
# name 4 = specc: Specific Conductance [uS/cm]
# name 5 = c0uS/cm: Conductivity [uS/cm]
# name 6 = flECO-AFL: Fluorescence, WET Labs ECO-AFL/FL [mg/m^3]
# name 7 = ph: pH
# name 8 = orp: Oxidation Reduction Potential [mV]
# name 9 = par/sat/log: PAR/Logarithmic, Satlantic
# name 10 = turbWETntu0: Turbidity, WET Labs ECO [NTU]
# name 11 = prdM: Pressure, Strain Gauge [db]
# name 12 = prdE: Pressure, Strain Gauge [psi]
# name 13 = tv290C: Temperature [ITS-90, deg C]
# name 14 = density00: Density [density, kg/m^3]
# name 15 = flag:  0.000e+00
# span 0 =     -0.487,     18.179       
# span 1 =     -0.560,      0.313       
# span 2 =     2.3558,     7.6389       
# span 3 =     29.732,    129.845       
# span 4 =      3.009,     92.002       
# span 5 =   3.034968,  63.038625       
# span 6 =    -1.8452,     3.4342       
# span 7 =      6.332,      8.769       
# span 8 = -1240.7455,   223.9419       
# span 9 = 1.2345e-01, 1.5280e+03       
# span 10 =    -7.7957,   156.7396      
# span 11 =     -0.478,     17.835      
# span 12 =     -0.693,     25.868      
# span 13 =     9.2487,    28.3691      
# span 14 =   996.1567,   999.8839      
# span 15 = 0.0000e+00, 0.0000e+00      
# interval = seconds: 0.25
# start_time = Jul 07 2020 20:43:41 [Instrument's time stamp, header]
# bad_flag = -9.990e-29
*END*
[from data line 904]
     10.919      0.099     2.3746     30.256     85.709  59.951020    -0.1769      6.903   220.5373 1.2357e-01     2.2396     10.713     15.537    10.0164   999.7837 0.0000e+00
     10.935      0.097     2.3692     30.389     85.785  59.990996    -0.1698      6.902   220.6076 1.2357e-01     2.2355     10.727     15.558     9.9969   999.7855 0.0000e+00
     10.947      0.101     2.3704     30.530     85.815  59.995041    -0.1713      6.901   220.5643 1.2359e-01     2.1934     10.730     15.564     9.9830   999.7867 0.0000e+00
     10.968      0.111     2.3791     30.679     85.850  59.999900    -0.1953      6.898   220.6160 1.2363e-01     2.2111     10.749     15.591     9.9767   999.7874 0.0000e+00
     11.003      0.127     2.3914     30.808     85.950  60.049723    -0.2406      6.895   220.8018 1.2362e-01     2.3125     10.788     15.647     9.9723   999.7880 0.0000e+00
     11.043      0.146     2.4013     30.890     86.035  60.089128    -0.2615      6.892   220.8320 1.2357e-01     2.3886     10.831     15.709     9.9647   999.7889 0.0000e+00
     11.083      0.159     2.4130     30.930     86.072  60.095109    -0.2471      6.889   220.7234 1.2359e-01     2.3767     10.867     15.762     9.9540   999.7900 0.0000e+00
     11.127      0.163     2.4264     30.937     86.138  60.122017    -0.2101      6.888   220.5209 1.2361e-01     2.2721     10.908     15.821     9.9421   999.7912 0.0000e+00
     11.175      0.157     2.4386     30.902     86.219  60.160307    -0.1573      6.890   220.3633 1.2361e-01     2.1534     10.961     15.897     9.9305   999.7926 0.0000e+00
     11.221      0.147     2.4452     30.835     86.266  60.176825    -0.1324      6.893   220.4523 1.2361e-01     2.1086     11.009     15.967     9.9190   999.7938 0.0000e+00
     11.257      0.135     2.4483     30.745     86.311  60.194643    -0.1291      6.894   220.6508 1.2366e-01     2.1424     11.043     16.016     9.9074   999.7950 0.0000e+00
     11.286      0.122     2.4503     30.621     86.405  60.248644    -0.1456      6.894   220.7839 1.2372e-01     2.1845     11.069     16.054     9.8961   999.7961 0.0000e+00
     11.311      0.112     2.4480     30.484     86.524  60.321441    -0.1983      6.894   220.8575 1.2374e-01     2.1709     11.092     16.087     9.8851   999.7972 0.0000e+00
     11.336      0.104     2.4421     30.375     86.614  60.375904    -0.2418      6.894   220.8529 1.2372e-01     2.1157     11.118     16.125     9.8759   999.7982 0.0000e+00
     11.361      0.099     2.4366     30.266     86.658  60.398846    -0.2528      6.894   220.7276 1.2371e-01     2.0663     11.141     16.159     9.8683   999.7989 0.0000e+00
     11.386      0.094     2.4272     30.148     86.680  60.408214    -0.2548      6.894   220.6330 1.2365e-01     2.0889     11.164     16.193     9.8613   999.7997 0.0000e+00
     11.414      0.092     2.4131     30.045     86.710  60.425627    -0.2558      6.893   220.6557 1.2360e-01     2.1487     11.195     16.238     9.8556   999.8004 0.0000e+00
     11.439      0.096     2.4076     29.934     86.707  60.418766    -0.2472      6.892   220.7441 1.2367e-01     2.1715     11.223     16.278     9.8510   999.8008 0.0000e+00
     11.456      0.105     2.3998     29.830     86.677  60.388791    -0.2458      6.891   220.8410 1.2375e-01     2.1580     11.236     16.296     9.8461   999.8014 0.0000e+00
     11.471      0.115     2.3876     29.772     86.687  60.380878    -0.2581      6.891   220.8809 1.2374e-01     2.1234     11.243     16.307     9.8427   999.8018 0.0000e+00
     11.501      0.122     2.3828     29.740     86.720  60.386608    -0.2616      6.890   220.8823 1.2369e-01     2.1297     11.271     16.348     9.8413   999.8020 0.0000e+00
     11.546      0.123     2.3727     29.732     86.754  60.394517    -0.2496      6.890   220.8582 1.2364e-01     2.1659     11.323     16.422     9.8392   999.8025 0.0000e+00
     11.592      0.118     2.3626     29.802     86.788  60.412944    -0.2372      6.890   220.7621 1.2364e-01     2.1492     11.373     16.494     9.8344   999.8031 0.0000e+00
     11.627      0.105     2.3603     29.945     86.785  60.418787    -0.2548      6.889   220.6662 1.2366e-01     2.1339     11.408     16.545     9.8254   999.8040 0.0000e+00
     11.650      0.086     2.3590     30.142     86.748  60.401642    -0.3002      6.889   220.7317 1.2365e-01     2.1528     11.428     16.576     9.8147   999.8051 0.0000e+00
     11.662      0.067     2.3558     30.412     86.741  60.396268    -0.3287      6.890   220.8649 1.2361e-01     2.1381     11.438     16.590     9.8033   999.8061 0.0000e+00
     11.668      0.056     2.3621     30.700     86.784  60.417343    -0.3223      6.891   220.8999 1.2359e-01     2.1266     11.442     16.596     9.7986   999.8066 0.0000e+00
     11.674      0.052     2.3756     30.950     86.873  60.465834    -0.3093      6.891   220.8969 1.2357e-01     2.1516     11.445     16.601     9.8072   999.8058 0.0000e+00
     11.686      0.057     2.3866     31.169     86.997  60.537794    -0.3137      6.890   220.9144 1.2355e-01     2.1658     11.456     16.616     9.8146   999.8052 0.0000e+00
     11.705      0.068     2.4123     31.349     87.092  60.588466    -0.3278      6.889   220.9396 1.2356e-01     2.1610     11.478     16.647     9.8132   999.8055 0.0000e+00
     11.726      0.083     2.4372     31.491     87.183  60.633723    -0.3280      6.888   220.9443 1.2361e-01     2.1284     11.501     16.681     9.8073   999.8061 0.0000e+00
     11.746      0.097     2.4558     31.643     87.313  60.703743    -0.3161      6.887   220.9709 1.2361e-01     2.1146     11.519     16.706     9.7991   999.8069 0.0000e+00
     11.769      0.102     2.4751     31.875     87.386  60.736133    -0.3167      6.887   221.0892 1.2361e-01     2.2001     11.538     16.733     9.7910   999.8077 0.0000e+00
     11.802      0.097     2.4893     32.196     87.363  60.707635    -0.3163      6.886   221.2553 1.2364e-01     2.3372     11.571     16.783     9.7825   999.8086 0.0000e+00
     11.839      0.086     2.5007     32.673     87.324  60.676846    -0.3020      6.886   221.4303 1.2364e-01     2.3994     11.613     16.844     9.7723   999.8097 0.0000e+00
     11.869      0.073     2.5092     33.396     87.324  60.681559    -0.2969      6.886   221.5711 1.2363e-01     2.3690     11.646     16.892     9.7596   999.8110 0.0000e+00
     11.882      0.058     2.5307     34.339     87.342  60.701090    -0.3112      6.886   221.6677 1.2364e-01     2.2780     11.657     16.908     9.7477   999.8121 0.0000e+00
     11.882      0.043     2.5544     35.450     87.371  60.722390    -0.3219      6.885   221.6516 1.2363e-01     2.1576     11.651     16.900     9.7401   999.8127 0.0000e+00
     11.882      0.033     2.5875     36.695     87.413  60.748474    -0.3124      6.883   221.5481 1.2358e-01     2.1154     11.649     16.896     9.7374   999.8129 0.0000e+00
     11.889      0.029     2.6475     37.925     87.437  60.762314    -0.3005      6.883   221.4486 1.2357e-01     2.1444     11.657     16.907     9.7423   999.8125 0.0000e+00
     11.901      0.031     2.7238     38.977     87.441  60.762644    -0.3031      6.883   221.3956 1.2363e-01     2.1317     11.671     16.926     9.7489   999.8120 0.0000e+00
     11.912      0.032     2.8109     39.821     87.430  60.752464    -0.3152      6.883   221.5087 1.2366e-01     2.0985     11.683     16.944     9.7485   999.8122 0.0000e+00
     11.922      0.032     2.9151     40.461     87.451  60.766300    -0.3227      6.883   221.5252 1.2366e-01     2.1202     11.692     16.957     9.7453   999.8125 0.0000e+00
     11.931      0.029     3.0201     40.908     87.503  60.802855    -0.3261      6.883   221.4241 1.2370e-01     2.1546     11.700     16.970     9.7436   999.8127 0.0000e+00
     11.936      0.027     3.1016     41.194     87.518  60.813211    -0.3284      6.882   221.4908 1.2368e-01     2.2046     11.706     16.978     9.7426   999.8128 0.0000e+00
     11.940      0.027     3.1699     41.374     87.544  60.827982    -0.3309      6.880   221.5573 1.2363e-01     2.2794     11.709     16.983     9.7410   999.8129 0.0000e+00
     11.944      0.030     3.2200     41.529     87.590  60.854372    -0.3288      6.879   221.5394 1.2361e-01     2.3030     11.713     16.988     9.7398   999.8131 0.0000e+00
     11.951      0.036     3.2546     41.691     87.635  60.878126    -0.3220      6.879   221.5329 1.2362e-01     2.3185     11.719     16.998     9.7416   999.8130 0.0000e+00
     11.961      0.046     3.2763     41.841     87.713  60.924553    -0.3341      6.879   221.6517 1.2364e-01     2.3641     11.730     17.013     9.7419   999.8130 0.0000e+00
     11.973      0.056     3.2875     41.947     87.792  60.970932    -0.3596      6.879   221.8565 1.2364e-01     2.4086     11.741     17.029     9.7395   999.8133 0.0000e+00
     11.989      0.064     3.2992     42.017     87.838  60.994106    -0.3739      6.878   221.8585 1.2361e-01     2.4443     11.755     17.049     9.7362   999.8136 0.0000e+00
     12.009      0.065     3.3136     42.097     87.879  61.014129    -0.3730      6.878   221.8483 1.2360e-01     2.4520     11.775     17.077     9.7318   999.8141 0.0000e+00
     12.033      0.061     3.3268     42.203     87.899  61.022400    -0.3782      6.878   221.9905 1.2363e-01     2.4332     11.801     17.116     9.7273   999.8146 0.0000e+00
     12.054      0.056     3.3356     42.303     87.916  61.030557    -0.3792      6.877   222.0290 1.2364e-01     2.4224     11.824     17.150     9.7228   999.8152 0.0000e+00
     12.066      0.052     3.3400     42.426     87.946  61.049217    -0.3562      6.874   222.1421 1.2363e-01     2.3910     11.835     17.166     9.7172   999.8157 0.0000e+00
     12.070      0.055     3.3451     42.629     87.964  61.057392    -0.3296      6.871   222.3258 1.2361e-01     2.3620     11.838     17.169     9.7120   999.8161 0.0000e+00
     12.073      0.065     3.3573     42.946     87.985  61.065852    -0.3149      6.870   222.3563 1.2357e-01     2.4151     11.838     17.169     9.7088   999.8164 0.0000e+00
     12.083      0.079     3.3627     43.382     88.029  61.087966    -0.3213      6.870   222.3385 1.2357e-01     2.5865     11.844     17.178     9.7073   999.8166 0.0000e+00
     12.108      0.092     3.3713     43.902     88.104  61.134137    -0.3299      6.871   222.2830 1.2364e-01     2.8550     11.867     17.212     9.7066   999.8168 0.0000e+00
     12.147      0.102     3.3867     44.444     88.174  61.179314    -0.3242      6.871   222.2010 1.2372e-01     3.0180     11.914     17.279     9.7045   999.8172 0.0000e+00
     12.187      0.106     3.4116     44.939     88.188  61.189410    -0.3187      6.870   222.2082 1.2373e-01     3.0467     11.957     17.342     9.7005   999.8177 0.0000e+00
     12.217      0.102     3.4485     45.371     88.188  61.192676    -0.3117      6.868   222.2837 1.2372e-01     3.1336     11.983     17.381     9.6952   999.8183 0.0000e+00
     12.237      0.096     3.4911     45.757     88.222  61.218810    -0.3061      6.867   222.3394 1.2368e-01     3.2443     12.002     17.408     9.6914   999.8188 0.0000e+00
     12.252      0.092     3.5376     46.073     88.272  61.251232    -0.3177      6.866   222.3658 1.2360e-01     3.2527     12.016     17.427     9.6894   999.8190 0.0000e+00
     12.267      0.096     3.5767     46.250     88.306  61.266984    -0.3277      6.865   222.4304 1.2360e-01     3.2351     12.028     17.446     9.6890   999.8191 0.0000e+00
     12.289      0.106     3.6100     46.295     88.345  61.282177    -0.3123      6.864   222.5180 1.2361e-01     3.3400     12.047     17.473     9.6925   999.8189 0.0000e+00
     12.319      0.119     3.6404     46.271     88.403  61.307829    -0.2843      6.863   222.4785 1.2361e-01     3.5595     12.079     17.517     9.6949   999.8189 0.0000e+00
     12.358      0.131     3.6697     46.213     88.445  61.322955    -0.2571      6.863   222.3832 1.2364e-01     3.7263     12.118     17.576     9.6927   999.8193 0.0000e+00
     12.398      0.141     3.6835     46.130     88.483  61.337968    -0.2407      6.863   222.3987 1.2364e-01     3.7439     12.159     17.635     9.6882   999.8199 0.0000e+00
     12.436      0.146     3.6847     46.044     88.531  61.362262    -0.2292      6.862   222.4937 1.2359e-01     3.7035     12.197     17.690     9.6817   999.8206 0.0000e+00
     12.473      0.148     3.6832     45.978     88.543  61.362514    -0.2036      6.861   222.5857 1.2357e-01     3.6832     12.232     17.741     9.6727   999.8215 0.0000e+00
     12.508      0.151     3.6789     45.901     88.525  61.341007    -0.1885      6.861   222.6504 1.2360e-01     3.7051     12.266     17.791     9.6639   999.8225 0.0000e+00
     12.544      0.156     3.6730     45.815     88.562  61.356362    -0.1894      6.861   222.6740 1.2364e-01     3.7623     12.300     17.840     9.6579   999.8231 0.0000e+00
     12.582      0.163     3.6641     45.769     88.672  61.421082    -0.1958      6.860   222.6126 1.2364e-01     3.7222     12.337     17.893     9.6531   999.8237 0.0000e+00
     12.625      0.173     3.6617     45.724     88.788  61.488107    -0.2187      6.860   222.5108 1.2365e-01     3.5642     12.380     17.955     9.6489   999.8243 0.0000e+00
     12.672      0.183     3.6565     45.597     88.868  61.531342    -0.2374      6.859   222.5611 1.2366e-01     3.4648     12.426     18.023     9.6444   999.8249 0.0000e+00
     12.721      0.192     3.6465     45.377     88.930  61.562576    -0.2404      6.858   222.7048 1.2361e-01     3.4820     12.474     18.093     9.6384   999.8256 0.0000e+00
     12.773      0.198     3.6454     45.108     89.016  61.611561    -0.2454      6.857   222.7001 1.2353e-01     3.4966     12.526     18.167     9.6319   999.8264 0.0000e+00
     12.825      0.202     3.6459     44.809     89.127  61.678811    -0.2500      6.857   222.6756 1.2352e-01     3.4017     12.578     18.243     9.6245   999.8274 0.0000e+00
     12.877      0.203     3.6364     44.474     89.229  61.740265    -0.2480      6.857   222.7532 1.2354e-01     3.2616     12.627     18.315     9.6170   999.8283 0.0000e+00
     12.929      0.202     3.6174     44.132     89.303  61.782710    -0.2507      6.857   222.8642 1.2358e-01     3.2098     12.679     18.389     9.6103   999.8291 0.0000e+00
     12.983      0.200     3.5959     43.856     89.357  61.810746    -0.2538      6.857   222.9838 1.2367e-01     3.2224     12.733     18.467     9.6044   999.8298 0.0000e+00
     13.033      0.200     3.5735     43.721     89.391  61.825068    -0.2471      6.857   222.9955 1.2366e-01     3.3459     12.782     18.539     9.5992   999.8306 0.0000e+00
     13.081      0.200     3.5463     43.742     89.409  61.828779    -0.2371      6.856   222.9192 1.2364e-01     3.6036     12.828     18.606     9.5941   999.8313 0.0000e+00
     13.130      0.202     3.5173     43.882     89.461  61.855608    -0.2372      6.854   222.9222 1.2370e-01     3.7287     12.876     18.674     9.5889   999.8319 0.0000e+00
     13.181      0.206     3.4931     44.082     89.534  61.895269    -0.2383      6.853   223.0324 1.2368e-01     3.6919     12.925     18.746     9.5838   999.8326 0.0000e+00
     13.234      0.214     3.4823     44.298     89.597  61.927046    -0.2226      6.852   223.1325 1.2363e-01     3.6737     12.978     18.824     9.5789   999.8333 0.0000e+00
     13.289      0.224     3.4856     44.505     89.702  61.985635    -0.1992      6.851   223.0995 1.2363e-01     3.6802     13.032     18.902     9.5743   999.8339 0.0000e+00
     13.346      0.232     3.4992     44.612     89.882  62.095315    -0.1849      6.851   222.9778 1.2365e-01     3.6662     13.086     18.980     9.5691   999.8346 0.0000e+00
     13.407      0.239     3.5173     44.565     90.110  62.236472    -0.1828      6.851   222.9522 1.2364e-01     3.6423     13.145     19.064     9.5633   999.8354 0.0000e+00
