Data/DataNotYetUploadedToEDI/Raw_CTD/RawDownloads/070920_fcr50_b.cnv
* Sea-Bird SBE19plus  Data File:
* FileName = C:\DATA\070920_fcr50_b_0004.hex
* Software version 2.8.0.119
* Temperature SN = 7809
* Conductivity SN = 7809
* System UpLoad Time = Jul 09 2020 18:52:36
* <ApplicationData>
* <Seaterm232>
# nquan = 16
# nvalues = 2110                        
# units = specified
# name 0 = depFM: Depth [fresh water, m]
# name 1 = dz/dtM: Descent Rate [m/s]
# name 2 = sbeox0ML/L: Oxygen, SBE 43 [ml/l]
# name 3 = sbeox0PS: Oxygen, SBE 43 [% saturation]
# name 4 = specc: Specific Conductance [uS/cm]
# name 5 = c0uS/cm: Conductivity [uS/cm]
# name 6 = flECO-AFL: Fluorescence, WET Labs ECO-AFL/FL [mg/m^3]
# name 7 = ph: pH
# name 8 = orp: Oxidation Reduction Potential [mV]
# name 9 = par/sat/log: PAR/Logarithmic, Satlantic
# name 10 = turbWETntu0: Turbidity, WET Labs ECO [NTU]
# name 11 = prdM: Pressure, Strain Gauge [db]
# name 12 = prdE: Pressure, Strain Gauge [psi]
# name 13 = tv290C: Temperature [ITS-90, deg C]
# name 14 = density00: Density [density, kg/m^3]
# name 15 = flag:  0.000e+00
# span 0 =     -0.662,      9.669       
# span 1 =     -0.782,      4.245       
# span 2 =    -0.0398,     8.4771       
# span 3 =     -0.480,    140.547       
# span 4 =      0.970,    309.611       
# span 5 =   1.091547, 220.651743       
# span 6 =    -0.9214,    31.5811       
# span 7 =      5.890,      8.889       
# span 8 =  -335.0815,   260.0040       
# span 9 = 1.2326e-01, 8.2871e+02       
# span 10 =    -0.3608,   286.8633      
# span 11 =     -0.649,      9.482      
# span 12 =     -0.942,     13.753      
# span 13 =    10.3029,    31.2838      
# span 14 =   995.2617,   999.8067      
# span 15 = 0.0000e+00, 0.0000e+00      
# interval = seconds: 0.25
# start_time = Jul 09 2020 02:22:06 [Instrument's time stamp, header]
# bad_flag = -9.990e-29
*END*
[from data line 2080]
     -0.139     -0.472     0.0753      1.009    287.737 208.356128     1.3068      6.402   129.4475 4.1019e+02    35.3900     -0.121     -0.175    11.1659   999.6961 0.0000e+00
     -0.264     -0.432     0.0725      1.052    288.144 208.690208     1.9236      6.347   131.2591 3.7846e+02   100.9676     -0.237     -0.344    11.1752   999.6946 0.0000e+00
     -0.425     -0.379     0.0741      1.060    289.009 209.340985     3.0511      6.309   131.1871 3.4243e+02   221.0980     -0.429     -0.622    11.1850   999.6927 0.0000e+00
     -0.560     -0.314     0.0686      1.078    289.488 209.696195     3.6672      6.286   130.6417 3.1838e+02   286.1593     -0.580     -0.841    11.1950   999.6908 0.0000e+00
     -0.625     -0.238     0.0795      1.093    288.888 209.272709     3.6797      6.269   130.6016 3.0209e+02   286.8633     -0.631     -0.915    11.2041   999.6896 0.0000e+00
     -0.640     -0.152     0.0825      1.105    288.383 208.957034     3.2107      6.254   130.9602 2.9023e+02   230.0900     -0.629     -0.912    11.2108   999.6890 0.0000e+00
     -0.640     -0.074     0.0796      1.087    288.593 209.207746     2.3362      6.242   130.8486 2.8786e+02   125.1471     -0.627     -0.910    11.2154   999.6890 0.0000e+00
     -0.641     -0.024     0.0839      1.037    288.446 209.231957     1.8621      6.232   130.6282 3.0967e+02    68.0781     -0.629     -0.913    11.2163   999.6893 0.0000e+00
     -0.641     -0.004     0.0830      1.013    287.546 208.737877     1.8934      6.218   130.1874 3.7125e+02    65.6061     -0.628     -0.911    11.2146   999.6890 0.0000e+00
     -0.641 -4.064e-07     0.0859      1.026    286.779 208.354307     2.7819      6.197   128.9618 4.5607e+02    95.9784     -0.627     -0.910    11.2229   999.6877 0.0000e+00
     -0.641     -0.000     0.0850      1.033    286.756 208.498620     4.4313      6.169   127.9410 5.1666e+02   152.4737     -0.628     -0.911    11.2421   999.6862 0.0000e+00
     -0.641     -0.000     0.0780      1.030    286.395 208.370827     5.3363      6.141   127.3096 5.3305e+02   182.9491     -0.629     -0.912    11.2643   999.6838 0.0000e+00
     -0.641     -0.001     0.0759      1.038    284.909 207.385189     5.4090      6.117   127.6081 5.3414e+02   181.9979     -0.629     -0.912    11.2925   999.6803 0.0000e+00
     -0.641     -0.001     0.0792      1.063    283.920 206.693413     5.2529      6.101   129.3136 5.4758e+02   141.1790     -0.628     -0.911    11.3251   999.6764 0.0000e+00
     -0.641     -0.000     0.0794      1.088    284.560 207.110611     3.6969      6.088   130.4640 5.7424e+02    65.7337     -0.628     -0.912    11.3537   999.6736 0.0000e+00
     -0.642 -1.157e-12     0.0781      1.078    286.183 208.205573     0.9018      6.076   129.9014 5.9815e+02    24.3627     -0.629     -0.913    11.3772   999.6712 0.0000e+00
     -0.642 -1.272e-11     0.0791      1.048    287.886 209.372409    -0.6097      6.056   128.9644 6.1515e+02    20.4462     -0.629     -0.913    11.3969   999.6681 0.0000e+00
     -0.642 -1.400e-10     0.0807      1.042    288.981 210.146176    -0.7407      6.022   128.6857 6.4371e+02    19.6842     -0.630     -0.913    11.4029   999.6670 0.0000e+00
     -0.642 -1.540e-09     0.0845      1.054    289.723 210.712556    -0.7199      5.981   128.7684 6.7317e+02    15.2175     -0.629     -0.912    11.3912   999.6687 0.0000e+00
     -0.642 -1.694e-08     0.0837      1.056    290.623 211.419844    -0.6544      5.946   129.4487 6.6607e+02     7.0896     -0.629     -0.913    11.3724   999.6714 0.0000e+00
     -0.642 -1.863e-07     0.0784      1.040    290.422 211.336763    -0.6154      5.925   130.4573 6.3040e+02     2.7108     -0.630     -0.914    11.3577   999.6737 0.0000e+00
     -0.642 -1.863e-07     0.0796      1.055    287.979 209.643921    -0.6116      5.910   129.7785 6.0798e+02     2.8553     -0.630     -0.914    11.3537   999.6745 0.0000e+00
     -0.642 -1.693e-08     0.0803      1.090    284.203 207.017682    -0.5412      5.898   126.6613 6.0752e+02     8.6657     -0.630     -0.913    11.3605   999.6738 0.0000e+00
     -0.642 -1.538e-09     0.0825      1.078    279.457 203.711855    -0.4122      5.890   125.7218 6.0154e+02    19.3692     -0.630     -0.914    11.3704   999.6734 0.0000e+00
     -0.642 -1.272e-10     0.0781      1.065    273.819 199.749251    -0.3496      5.890   128.7428 5.4800e+02    25.2209     -0.630     -0.913    11.3808   999.6725 0.0000e+00
     -0.642      0.000     0.0786      1.071    270.897 197.686034    -0.3468      5.891   130.6649 4.2772e+02    25.7219     -0.630     -0.913    11.3933   999.6700 0.0000e+00
     -0.642 -9.990e-29     0.0868 -9.990e-29 -9.990e-29 -9.990e-29 -9.990e-29 -9.990e-29 -9.990e-29 2.8750e+02 -9.990e-29     -0.629     -0.913    11.4167   999.6660 0.0000e+00
     -0.642 -9.990e-29     0.0813 -9.990e-29 -9.990e-29 -9.990e-29 -9.990e-29 -9.990e-29 -9.990e-29 1.8730e+02 -9.990e-29     -0.629     -0.913    11.4444   999.6615 0.0000e+00
     -0.641 -9.990e-29     0.0798 -9.990e-29 -9.990e-29 -9.990e-29 -9.990e-29 -9.990e-29 -9.990e-29 1.3731e+02 -9.990e-29     -0.629     -0.912    11.4764   999.6554 0.0000e+00
     -0.641 -9.990e-29     0.0835 -9.990e-29 -9.990e-29 -9.990e-29 -9.990e-29 -9.990e-29 -9.990e-29 1.2279e+02 -9.990e-29     -0.629     -0.912    11.4975   999.6511 0.0000e+00
