Data/DataNotYetUploadedToEDI/Raw_CTD/RawDownloads/070920_fcr50_b.cnv
* Sea-Bird SBE19plus  Data File:
* FileName = C:\DATA\070920_fcr50_b_0004.hex
* Software version 2.8.0.119
* Temperature SN = 7809
* Conductivity SN = 7809
* System UpLoad Time = Jul 09 2020 18:52:36
* <ApplicationData>
* <Seaterm232>
# nquan = 16
# nvalues = 2110                        
# units = specified
# name 0 = depFM: Depth [fresh water, m]
# name 1 = dz/dtM: Descent Rate [m/s]
# name 2 = sbeox0ML/L: Oxygen, SBE 43 [ml/l]
# name 3 = sbeox0PS: Oxygen, SBE 43 [% saturation]
# name 4 = specc: Specific Conductance [uS/cm]
# name 5 = c0uS/cm: Conductivity [uS/cm]
# name 6 = flECO-AFL: Fluorescence, WET Labs ECO-AFL/FL [mg/m^3]
# name 7 = ph: pH
# name 8 = orp: Oxidation Reduction Potential [mV]
# name 9 = par/sat/log: PAR/Logarithmic, Satlantic
# name 10 = turbWETntu0: Turbidity, WET Labs ECO [NTU]
# name 11 = prdM: Pressure, Strain Gauge [db]
# name 12 = prdE: Pressure, Strain Gauge [psi]
# name 13 = tv290C: Temperature [ITS-90, deg C]
# name 14 = density00: Density [density, kg/m^3]
# name 15 = flag:  0.000e+00
# span 0 =     -0.662,      9.669       
# span 1 =     -0.782,      4.245       
# span 2 =    -0.0398,     8.4771       
# span 3 =     -0.480,    140.547       
# span 4 =      0.970,    309.611       
# span 5 =   1.091547, 220.651743       
# span 6 =    -0.9214,    31.5811       
# span 7 =      5.890,      8.889       
# span 8 =  -335.0815,   260.0040       
# span 9 = 1.2326e-01, 8.2871e+02       
# span 10 =    -0.3608,   286.8633      
# span 11 =     -0.649,      9.482      
# span 12 =     -0.942,     13.753      
# span 13 =    10.3029,    31.2838      
# span 14 =   995.2617,   999.8067      
# span 15 = 0.0000e+00, 0.0000e+00      
# interval = seconds: 0.25
# start_time = Jul 09 2020 02:22:06 [Instrument's time stamp, header]
# bad_flag = -9.990e-29
*END*
[from data line 1085]
      6.186      0.031     0.6582      8.428     44.976  31.918988     2.5280      6.541    75.0120 1.2334e-01     9.0960      6.068      8.801    10.4864   999.7044 0.0000e+00
      6.191      0.032     0.6573      8.402     44.993  31.932093     2.5206      6.542    76.3332 1.2332e-01     9.2050      6.074      8.809    10.4837   999.7047 0.0000e+00
      6.195      0.030     0.6608      8.396     45.002  31.939526     2.5100      6.542    76.2461 1.2334e-01     9.4631      6.074      8.810    10.4820   999.7048 0.0000e+00
      6.203      0.028     0.6639      8.405     45.008  31.945409     2.4955      6.542    74.7336 1.2338e-01     9.6070      6.080      8.817    10.4810   999.7049 0.0000e+00
      6.216      0.026     0.6562      8.409     44.999  31.939774     2.4698      6.542    74.0487 1.2343e-01     9.5710      6.099      8.846    10.4823   999.7049 0.0000e+00
      6.226      0.025     0.6562      8.404     44.992  31.934850     2.3703      6.541    74.2457 1.2343e-01     9.4399      6.109      8.861    10.4838   999.7048 0.0000e+00
      6.228      0.022     0.6549      8.423     45.011  31.949317     2.1985      6.539    74.7072 1.2336e-01     9.2584      6.106      8.855    10.4837   999.7048 0.0000e+00
      6.231      0.019     0.6563      8.452     45.062  31.987800     2.0897      6.537    75.4986 1.2335e-01     9.1274      6.109      8.860    10.4868   999.7045 0.0000e+00
      6.236      0.017     0.6579      8.467     45.104  32.019466     2.0663      6.537    75.9846 1.2340e-01     9.0577      6.117      8.872    10.4887   999.7044 0.0000e+00
      6.240      0.017     0.6543      8.464     45.096  32.014956     2.0967      6.536    76.0232 1.2340e-01     9.0683      6.120      8.877    10.4859   999.7047 0.0000e+00
      6.242      0.017     0.6576      8.454     45.067  31.996709     2.1711      6.535    76.1370 1.2341e-01     9.1175      6.120      8.877    10.4869   999.7045 0.0000e+00
      6.247      0.017     0.6604      8.450     45.050  31.989193     2.2224      6.535    76.3280 1.2344e-01     9.1034      6.124      8.883    10.4913   999.7042 0.0000e+00
      6.255      0.018     0.6614      8.437     45.039  31.987528     2.2308      6.535    76.5265 1.2345e-01     9.0701      6.135      8.898    10.4934   999.7041 0.0000e+00
      6.260      0.020     0.6614      8.424     45.015  31.976588     2.2815      6.535    76.9024 1.2347e-01     9.1614      6.142      8.907    10.4939   999.7041 0.0000e+00
      6.261      0.021     0.6589      8.422     45.021  31.983820     2.3966      6.535    77.4314 1.2348e-01     9.3486      6.138      8.903    10.4954   999.7039 0.0000e+00
      6.264      0.020     0.6605      8.416     45.059  32.011515     2.4687      6.535    77.8457 1.2348e-01     9.4451      6.139      8.905    10.5007   999.7034 0.0000e+00
      6.273      0.020     0.6584      8.413     45.032  31.994212     2.4865      6.534    78.0404 1.2344e-01     9.4012      6.153      8.924    10.5092   999.7027 0.0000e+00
      6.283      0.020     0.6563      8.413     44.984  31.964957     2.4873      6.533    78.2372 1.2343e-01     9.1957      6.165      8.941    10.5166   999.7020 0.0000e+00
      6.286      0.022     0.6579      8.408     44.992  31.975037     2.4780      6.531    78.5040 1.2344e-01     8.9516      6.166      8.942    10.5194   999.7017 0.0000e+00
      6.287      0.022     0.6561      8.414     45.010  31.989201     2.4788      6.530    78.8575 1.2341e-01     8.8876      6.165      8.941    10.5184   999.7019 0.0000e+00
      6.291      0.019     0.6563      8.430     45.041  32.009323     2.4785      6.529    78.8114 1.2336e-01     8.9016      6.168      8.946    10.5209   999.7016 0.0000e+00
      6.299      0.017     0.6568      8.442     45.074  32.027977     2.4739      6.529    78.2051 1.2331e-01     8.8815      6.177      8.958    10.5270   999.7010 0.0000e+00
      6.308      0.017     0.6550      8.443     45.074  32.024402     2.4708      6.530    77.9796 1.2331e-01     8.9194      6.189      8.976    10.5322   999.7006 0.0000e+00
      6.312      0.017     0.6559      8.433     45.082  32.029547     2.4703      6.530    78.4074 1.2336e-01     9.0161      6.191      8.980    10.5353   999.7003 0.0000e+00
      6.312      0.017     0.6578      8.417     45.077  32.026729     2.4767      6.529    79.0756 1.2345e-01     9.0543      6.189      8.977    10.5326   999.7006 0.0000e+00
      6.313      0.020     0.6588      8.394     45.026  31.990336     2.4818      6.528    79.5200 1.2347e-01     9.0381      6.190      8.979    10.5249   999.7014 0.0000e+00
      6.317      0.025     0.6593      8.369     45.002  31.970204     2.5414      6.527    79.0476 1.2340e-01     9.0613      6.195      8.985    10.5203   999.7018 0.0000e+00
      6.323      0.030     0.6579      8.356     45.015  31.973655     2.6624      6.526    77.9244 1.2336e-01     9.0942      6.198      8.991    10.5198   999.7019 0.0000e+00
      6.334      0.034     0.6569      8.352     45.016  31.968605     2.7344      6.524    77.3839 1.2334e-01     9.0918      6.209      9.005    10.5222   999.7016 0.0000e+00
      6.349      0.035     0.6551      8.342     45.028  31.972585     2.7449      6.523    77.4162 1.2336e-01     9.1017      6.227      9.031    10.5244   999.7015 0.0000e+00
      6.362      0.034     0.6525      8.340     45.013  31.958325     2.6838      6.522    77.8843 1.2341e-01     9.1108      6.243      9.054    10.5197   999.7021 0.0000e+00
      6.369      0.032     0.6517      8.372     44.970  31.923084     2.5581      6.522    78.8276 1.2339e-01     9.0643      6.248      9.061    10.5123   999.7028 0.0000e+00
      6.370      0.029     0.6523      8.403     44.985  31.927170     2.4844      6.521    78.9266 1.2335e-01     9.0211      6.246      9.059    10.5055   999.7034 0.0000e+00
      6.374      0.025     0.6513      8.418     45.018  31.944273     2.4794      6.520    77.9628 1.2335e-01     9.0348      6.249      9.063    10.5000   999.7040 0.0000e+00
      6.384      0.025     0.6492      8.438     45.016  31.939526     2.4780      6.521    77.1557 1.2340e-01     9.0237      6.261      9.080    10.4970   999.7043 0.0000e+00
      6.393      0.027     0.6537      8.425     45.010  31.933220     2.4486      6.521    76.9111 1.2339e-01     8.9207      6.271      9.096    10.4922   999.7048 0.0000e+00
      6.398      0.032     0.6577      8.396     45.012  31.931460     2.4106      6.519    77.1571 1.2333e-01     8.8194      6.273      9.099    10.4834   999.7056 0.0000e+00
      6.404      0.036     0.6555      8.393     45.001  31.918252     2.4093      6.517    77.6350 1.2331e-01     8.8285      6.280      9.106    10.4752   999.7065 0.0000e+00
      6.413      0.038     0.6612      8.377     44.981  31.900410     2.5281      6.516    78.6448 1.2333e-01     8.9626      6.290      9.122    10.4731   999.7067 0.0000e+00
      6.424      0.039     0.6590      8.347     44.993  31.906074     2.7210      6.515    79.9887 1.2338e-01     9.1011      6.299      9.136    10.4723   999.7068 0.0000e+00
      6.437      0.037     0.6536      8.347     45.020  31.923283     2.8062      6.514    80.2902 1.2344e-01     9.0961      6.312      9.155    10.4675   999.7074 0.0000e+00
      6.451      0.032     0.6570      8.356     45.015  31.918139     2.7954      6.514    79.9668 1.2345e-01     9.0394      6.327      9.177    10.4616   999.7080 0.0000e+00
      6.461      0.027     0.6552      8.349     45.003  31.907321     2.7813      6.513    79.4330 1.2344e-01     9.0335      6.339      9.193    10.4564   999.7085 0.0000e+00
      6.464      0.022     0.6507      8.345     45.025  31.919377     2.7215      6.512    78.5687 1.2341e-01     8.9561      6.340      9.196    10.4532   999.7088 0.0000e+00
      6.464      0.020     0.6518      8.328     45.054  31.937012     2.6163      6.510    79.9282 1.2341e-01     8.8255      6.338      9.193    10.4518   999.7090 0.0000e+00
      6.465      0.022     0.6547      8.308     45.048  31.930195     2.5585      6.510    83.3079 1.2341e-01     8.7927      6.339      9.195    10.4510   999.7090 0.0000e+00
      6.468      0.027     0.6510      8.301     45.010  31.900402     2.5563      6.510    84.8441 1.2339e-01     8.8337      6.341      9.197    10.4477   999.7093 0.0000e+00
      6.477      0.033     0.6533      8.294     45.003  31.894019     2.6464      6.509    84.7356 1.2337e-01     8.9438      6.348      9.207    10.4432   999.7098 0.0000e+00
      6.492      0.038     0.6511      8.306     45.035  31.916466     2.8084      6.507    83.8898 1.2337e-01     9.0593      6.366      9.233    10.4403   999.7102 0.0000e+00
      6.507      0.042     0.6481      8.315     45.037  31.918017     2.8851      6.506    82.3607 1.2340e-01     9.0633      6.384      9.258    10.4377   999.7105 0.0000e+00
      6.516      0.045     0.6503      8.298     45.032  31.912768     2.8773      6.506    83.1115 1.2341e-01     9.0271      6.392      9.270    10.4346   999.7109 0.0000e+00
      6.523      0.045     0.6468      8.276     45.041  31.916447     2.8572      6.505    85.9981 1.2340e-01     9.0328      6.394      9.273    10.4318   999.7111 0.0000e+00
      6.533      0.043     0.6496      8.257     45.020  31.899050     2.8330      6.503    87.4072 1.2340e-01     9.0982      6.405      9.290    10.4320   999.7111 0.0000e+00
      6.548      0.041     0.6515      8.250     45.013  31.892763     2.8232      6.502    86.9846 1.2340e-01     9.1653      6.423      9.316    10.4335   999.7111 0.0000e+00
      6.562      0.039     0.6482      8.246     45.031  31.903882     2.8241      6.501    86.2228 1.2341e-01     9.1581      6.436      9.335    10.4314   999.7113 0.0000e+00
      6.572      0.036     0.6476      8.244     45.037  31.906597     2.8055      6.499    85.7678 1.2344e-01     9.0786      6.446      9.349    10.4278   999.7117 0.0000e+00
      6.578      0.035     0.6448      8.249     45.066  31.925575     2.7695      6.498    85.7855 1.2340e-01     8.9942      6.451      9.358    10.4252   999.7120 0.0000e+00
      6.584      0.038     0.6452      8.249     45.093  31.943000     2.7517      6.497    86.2648 1.2335e-01     8.9619      6.456      9.364    10.4234   999.7122 0.0000e+00
      6.589      0.045     0.6450      8.272     45.073  31.926935     2.7530      6.496    87.0893 1.2335e-01     8.9286      6.461      9.371    10.4223   999.7123 0.0000e+00
      6.598      0.054     0.6440      8.342     45.067  31.921685     2.6994      6.496    87.9251 1.2333e-01     8.9346      6.466      9.380    10.4206   999.7125 0.0000e+00
      6.615      0.064     0.6458      8.384     45.098  31.942961     2.5990      6.495    88.3683 1.2333e-01     9.0352      6.484      9.404    10.4183   999.7128 0.0000e+00
      6.638      0.071     0.6448      8.371     45.081  31.930385     2.5600      6.494    88.2320 1.2335e-01     9.1140      6.510      9.442    10.4163   999.7131 0.0000e+00
      6.662      0.072     0.6445      8.376     45.034  31.896526     2.5620      6.493    87.7395 1.2336e-01     9.1319      6.532      9.475    10.4147   999.7134 0.0000e+00
      6.683      0.069     0.6533      8.400     45.060  31.914257     2.5466      6.493    87.0590 1.2341e-01     9.1144      6.554      9.506    10.4135   999.7136 0.0000e+00
      6.701      0.062     0.6593      8.418     45.117  31.954433     2.6030      6.493    86.4578 1.2348e-01     9.0734      6.574      9.535    10.4129   999.7138 0.0000e+00
      6.714      0.053     0.6522      8.432     45.096  31.938161     2.7375      6.491    86.4068 1.2348e-01     9.0487      6.586      9.552    10.4122   999.7139 0.0000e+00
      6.722      0.044     0.6550      8.403     45.055  31.907846     2.8093      6.489    86.6146 1.2348e-01     9.0563      6.592      9.561    10.4112   999.7140 0.0000e+00
      6.731      0.035     0.6580      8.367     45.053  31.905132     2.8043      6.488    86.9919 1.2353e-01     9.0968      6.599      9.572    10.4105   999.7141 0.0000e+00
      6.741      0.029     0.6572      8.383     45.054  31.905349     2.7333      6.487    87.4418 1.2353e-01     9.4349      6.611      9.588    10.4100   999.7142 0.0000e+00
      6.750      0.024     0.6620      8.395     45.062  31.910465     2.6097      6.487    86.6323 1.2348e-01    10.0197      6.622      9.604    10.4089   999.7143 0.0000e+00
      6.755      0.024     0.6582      8.354     45.052  31.903542     2.5491      6.487    85.0343 1.2349e-01    10.2977      6.626      9.610    10.4070   999.7145 0.0000e+00
      6.757      0.026     0.6514      8.315     45.025  31.885094     2.5540      6.486    84.6407 1.2351e-01    10.2897      6.626      9.610    10.4063   999.7146 0.0000e+00
      6.759      0.030     0.6559      8.313     45.015  31.877757     2.5642      6.484    85.4012 1.2351e-01     9.9917      6.628      9.612    10.4062   999.7146 0.0000e+00
      6.764      0.034     0.6597      8.323     45.016  31.878276     2.5867      6.482    86.2270 1.2346e-01     9.4068      6.629      9.615    10.4048   999.7148 0.0000e+00
      6.777      0.037     0.6526      8.318     45.034  31.891371     2.6162      6.481    86.4515 1.2339e-01     9.1227      6.642      9.634    10.4047   999.7148 0.0000e+00
      6.796      0.039     0.6491      8.315     45.059  31.909194     2.6249      6.481    85.7923 1.2340e-01     9.1661      6.668      9.671    10.4056   999.7148 0.0000e+00
      6.810      0.039     0.6501      8.340     45.052  31.903426     2.5390      6.480    84.8823 1.2346e-01     9.1079      6.682      9.693    10.4055   999.7149 0.0000e+00
      6.815      0.036     0.6517      8.368     45.029  31.885074     2.3696      6.479    84.5689 1.2348e-01     8.9333      6.683      9.692    10.4051   999.7150 0.0000e+00
      6.819      0.032     0.6512      8.387     45.019  31.877643     2.2650      6.478    84.7563 1.2347e-01     8.8404      6.685      9.696    10.4049   999.7150 0.0000e+00
      6.826      0.029     0.6486      8.420     45.019  31.877020     2.2561      6.478    85.0825 1.2345e-01     8.8770      6.696      9.711    10.4057   999.7150 0.0000e+00
      6.834      0.029     0.6526      8.435     45.021  31.877541     2.2817      6.477    85.3301 1.2343e-01     9.0330      6.702      9.720    10.4054   999.7150 0.0000e+00
      6.841      0.030     0.6558      8.423     45.031  31.883942     2.3166      6.476    85.5124 1.2342e-01     9.2165      6.706      9.727    10.4024   999.7153 0.0000e+00
      6.852      0.033     0.6546      8.415     45.041  31.890968     2.3347      6.475    85.9107 1.2345e-01     9.2755      6.719      9.745    10.4010   999.7155 0.0000e+00
      6.862      0.042     0.6595      8.385     45.052  31.899044     2.3379      6.473    86.4459 1.2348e-01     9.2999      6.732      9.764    10.4016   999.7155 0.0000e+00
      6.867      0.053     0.6617      8.340     45.080  31.918135     2.3462      6.471    86.8213 1.2344e-01     9.3400      6.735      9.768    10.4002   999.7157 0.0000e+00
      6.872      0.064     0.6575      8.330     45.100  31.931458     2.4058      6.469    86.9217 1.2340e-01     9.2800      6.734      9.766    10.3993   999.7158 0.0000e+00
      6.891      0.072     0.6595      8.320     45.104  31.933237     2.5258      6.466    86.8856 1.2340e-01     9.1585      6.752      9.792    10.4003   999.7157 0.0000e+00
      6.922      0.077     0.6574      8.293     45.114  31.939638     2.5950      6.465    86.8156 1.2341e-01     9.0716      6.790      9.849    10.4004   999.7159 0.0000e+00
      6.953      0.080     0.6500      8.309     45.124  31.945405     2.5939      6.465    86.8498 1.2336e-01     9.0881      6.824      9.897    10.3990   999.7162 0.0000e+00
      6.973      0.079     0.6519      8.359     45.117  31.939525     2.5984      6.465    87.1269 1.2333e-01     9.1517      6.840      9.921    10.3981   999.7164 0.0000e+00
