Data/DataNotYetUploadedToEDI/Raw_CTD/RawDownloads/070918_fcr10.cnv
* Sea-Bird SBE19plus  Data File:
* FileName = C:\DATA\070918_fcr_0001.hex
* Software version 2.6.3.104
* Temperature SN = 7809
* Conductivity SN = 7809
* System UpLoad Time = Jul 10 2018 08:12:13
* <ApplicationData>
* <Seaterm232>
# nquan = 17
# nvalues = 221                         
# units = specified
# name 0 = depFM: Depth [fresh water, m]
# name 1 = tv290C: Temperature [ITS-90, deg C]
# name 2 = sbeox0Mg/L: Oxygen, SBE 43 [mg/l]
# name 3 = sbeox0PS: Oxygen, SBE 43 [% saturation]
# name 4 = c0uS/cm: Conductivity [uS/cm]
# name 5 = specc: Specific Conductance [uS/cm]
# name 6 = ph: pH
# name 7 = orp: Oxidation Reduction Potential [mV]
# name 8 = flECO-AFL: Fluorescence, WET Labs ECO-AFL/FL [mg/m^3]
# name 9 = turbWETntu0: Turbidity, WET Labs ECO [NTU]
# name 10 = sal00: Salinity, Practical [PSU]
# name 11 = dz/dtM: Descent Rate [m/s]
# name 12 = prdM: Pressure, Strain Gauge [db]
# name 13 = prdE: Pressure, Strain Gauge [psi]
# name 14 = scan: Scan Count
# name 15 = par/sat/log: PAR/Logarithmic, Satlantic
# name 16 = flag:  0.000e+00
# span 0 =     -0.475,      2.638       
# span 1 =    20.2324,    28.5967       
# span 2 =    -0.0533,    12.5793       
# span 3 =     -0.590,    143.263       
# span 4 =   0.516516,  83.003772       
# span 5 =      0.579,     91.356       
# span 6 =      6.265,      7.881       
# span 7 = -1137.3195,  1240.2295       
# span 8 =    -0.2385,     4.4804       
# span 9 =    -0.7346,    12.2503       
# span 10 =     0.0130,     0.0468      
# span 11 =     -0.030,      0.167      
# span 12 =     -0.466,      2.586      
# span 13 =     -0.675,      3.751      
# span 14 =          1,        221      
# span 15 = 5.5601e+01, 2.8146e+03      
# span 16 = 0.0000e+00, 0.0000e+00      
# interval = seconds: 0.25
# start_time = Jul 09 2018 16:10:00 [Instrument's time stamp, header]
# bad_flag = -9.990e-29
*END*
     -0.474    28.5955     7.7375     99.900   0.732799      0.683      6.281  -435.2568    -0.1334    -0.6137     0.0131 6.3159e-16     -0.465     -0.675          1 2.2619e+03 0.0000e+00
     -0.474    28.5957     7.7390     99.919   0.673332      0.631      6.282  -451.8761    -0.1658    -0.6271     0.0131      0.000     -0.465     -0.675          2 2.3177e+03 0.0000e+00
     -0.474    28.5959     7.7335     99.848   0.629013      0.579      6.275  -475.9155    -0.1698    -0.7346     0.0131      0.000     -0.465     -0.675          3 2.2080e+03 0.0000e+00
     -0.474    28.5960     7.7350     99.868   0.669529      0.631      6.273  -495.5634    -0.1779    -0.5063     0.0131      0.000     -0.465     -0.675          4 2.3512e+03 0.0000e+00
     -0.474    28.5962     7.7322     99.831   0.682123      0.631      6.273  -530.2785    -0.1577    -0.3989     0.0131      0.000     -0.465     -0.675          5 2.1917e+03 0.0000e+00
     -0.474    28.5962     7.7279     99.774   0.672552      0.631      6.274  -564.2743    -0.1253    -0.4257     0.0131      0.000     -0.465     -0.675          6 9.9755e+02 0.0000e+00
     -0.474    28.5962     7.7302     99.804   0.681439      0.631      6.281  -583.2408    -0.1617    -0.4391     0.0131     -0.000     -0.465     -0.675          7 7.9072e+01 0.0000e+00
     -0.475    28.5961     7.7286     99.783   0.671063      0.631      6.280  -600.1630    -0.1617    -0.2914     0.0131     -0.000     -0.465     -0.675          8 9.0750e+02 0.0000e+00
     -0.474    28.5963     7.7330     99.839   0.626252      0.579      6.277  -621.3252    -0.1658    -0.1706     0.0131     -0.000     -0.465     -0.675          9 1.1984e+03 0.0000e+00
     -0.474    28.5964     7.7377     99.899   0.618781      0.579      6.276  -638.9666    -0.1860    -0.2512     0.0131     -0.000     -0.465     -0.675         10 5.4373e+02 0.0000e+00
     -0.474    28.5966     7.7379     99.901   0.680361      0.631      6.276  -656.2674    -0.1496    -0.2512     0.0131     -0.000     -0.465     -0.675         11 1.4218e+03 0.0000e+00
     -0.474    28.5967     7.7340     99.852   0.668043      0.631      6.279  -671.6753    -0.1415    -0.2243     0.0131      0.000     -0.465     -0.675         12 7.1451e+02 0.0000e+00
     -0.475    28.5966     7.7467    100.015   0.634110      0.579      6.280  -691.8532    -0.1617    -0.3183     0.0131     -0.000     -0.465     -0.675         13 2.1641e+02 0.0000e+00
     -0.475    28.5967     7.7413     99.945   0.663376      0.631      6.281  -714.4161    -0.1738    -0.2243     0.0131     -0.000     -0.465     -0.675         14 1.0795e+03 0.0000e+00
     -0.475    28.5961     7.7577    100.156   0.631623      0.579      6.284  -726.2276    -0.1253    -0.2243     0.0131     -0.000     -0.465     -0.675         15 9.8280e+01 0.0000e+00
     -0.474    28.5958     7.7390     99.915   0.614414      0.579      6.288  -737.3198    -0.1577    -0.1974     0.0131      0.000     -0.465     -0.675         16 2.8438e+02 0.0000e+00
     -0.475    28.5956     7.7390     99.914   0.684791      0.631      6.292  -753.1820    -0.1819    -0.0497     0.0131     -0.000     -0.465     -0.675         17 2.2197e+03 0.0000e+00
     -0.474    28.5954     7.7448     99.988   0.721678      0.683      6.294  -772.6406    -0.1253    -0.0766     0.0131     -0.000     -0.465     -0.675         18 2.6311e+03 0.0000e+00
     -0.474    28.5953     7.7492    100.043   0.686935      0.631      6.296  -786.8371    -0.1496    -0.0363     0.0131      0.000     -0.465     -0.675         19 2.0778e+03 0.0000e+00
     -0.475    28.5950     7.7572    100.146   0.668817      0.631      6.292  -793.2728    -0.1617     0.0577     0.0131      0.000     -0.465     -0.675         20 2.0640e+03 0.0000e+00
     -0.474    28.5948     7.7481    100.028   0.685013      0.631      6.288  -807.5828    -0.1536    -0.2780     0.0131      0.000     -0.465     -0.675         21 2.3791e+03 0.0000e+00
     -0.474    28.5947     7.7602    100.183   0.666778      0.631      6.291  -825.9058    -0.1860    -0.2646     0.0131      0.000     -0.465     -0.675         22 2.6605e+03 0.0000e+00
     -0.475    28.5946     7.7574    100.146   0.632297      0.579      6.289  -843.7744    -0.1496    -0.1437     0.0131     -0.000     -0.466     -0.675         23 2.3064e+03 0.0000e+00
     -0.475    28.5944     7.7591    100.165   0.668711      0.631      6.299  -859.0309    -0.1577    -0.2512     0.0131     -0.000     -0.466     -0.675         24 5.5134e+02 0.0000e+00
     -0.475    28.5943     7.7536    100.094   0.680673      0.631      6.297  -875.0445    -0.1577    -0.2512     0.0131     -0.000     -0.465     -0.675         25 6.7621e+02 0.0000e+00
     -0.475    28.5941     7.7400     99.895   0.676624      0.631      6.297  -880.4959    -0.1658    -0.2512     0.0131     -0.000     -0.465     -0.675         26 1.7729e+03 0.0000e+00
     -0.475    28.5937     7.7563     99.868   0.673752      0.631      6.298  -882.6159    -0.1455    -0.1706     0.0131     -0.000     -0.465     -0.675         27 1.4460e+03 0.0000e+00
     -0.475    28.5930     7.7861     99.951   0.625034      0.579      6.298  -888.2945    -0.1294    -0.2646     0.0131     -0.000     -0.465     -0.675         28 2.3038e+03 0.0000e+00
     -0.475    28.5927     7.8091     99.985   0.618827      0.579      6.304  -869.2145    -0.1698    -0.2377     0.0131     -0.000     -0.465     -0.675         29 2.7467e+03 0.0000e+00
     -0.474    28.5919     7.8116     99.802   0.681477      0.631      6.327  -852.0651    -0.1617    -0.2243     0.0131      0.000     -0.465     -0.675         30 2.5637e+03 0.0000e+00
     -0.475    28.5917     7.8254     99.806   0.665493      0.631      6.372  -785.5121    -0.1294    -0.2377     0.0131      0.000     -0.465     -0.675         31 2.7200e+03 0.0000e+00
     -0.474    28.5902     7.8635    100.141   0.697932      0.631      6.344  -864.3309    -0.1617    -0.2646     0.0131      0.000     -0.465     -0.675         32 2.6172e+03 0.0000e+00
     -0.474    28.5912     7.8820    100.238   0.700318      0.684      6.290  -929.5589    -0.1617    -0.1974     0.0131      0.000     -0.465     -0.675         33 2.4762e+03 0.0000e+00
     -0.475    28.5877     7.8928    100.196   0.780945      0.684      6.265  -968.7033    -0.2385    -0.2512     0.0131      0.000     -0.465     -0.675         34 2.4471e+03 0.0000e+00
     -0.474    28.5917     7.8984    100.003   0.597593      0.631      6.274  -987.3669    -0.2224    -0.1706     0.0131      0.000     -0.465     -0.675         35 2.7991e+03 0.0000e+00
     -0.474    28.5702     7.9128     99.960   0.810074      0.631      6.291  -991.2662    -0.2021    -0.2109     0.0131      0.000     -0.464     -0.674         36 2.5818e+03 0.0000e+00
     -0.474    28.4417     7.9393    100.079   0.516516      0.684      6.277 -1137.3195    -0.2183    -0.2243     0.0131      0.000     -0.458     -0.664         37 2.1103e+03 0.0000e+00
     -0.450    28.2685     7.9735    100.302   1.407013      0.970      6.530  -168.7417     0.2265    -0.6540     0.0130      0.006     -0.439     -0.637         38 1.7899e+03 0.0000e+00
     -0.421    28.1213     8.0005    100.472   9.000048      8.544      6.543  -108.2080     0.2305    -0.6809     0.0147      0.019     -0.417     -0.604         39 2.1629e+03 0.0000e+00
     -0.406    27.9980     8.0274    100.673  18.433291     17.296      6.648   113.1434     0.2143    -0.6271     0.0176      0.031     -0.399     -0.579         40 2.1094e+03 0.0000e+00
     -0.394    27.9000     8.0598    100.957  17.985631     17.345      6.777  1240.2295     0.2305    -0.7211     0.0176      0.043     -0.385     -0.560         41 4.4652e+02 0.0000e+00
     -0.379    27.8140     8.0752    101.038  21.882035     19.571      7.037  1240.2295    -0.0970     0.0040     0.0184      0.053     -0.373     -0.542         42 5.5040e+02 0.0000e+00
     -0.373    27.7368     8.0422    100.536  35.313550     34.579      7.247   302.0889    -0.1011    -0.0900     0.0242      0.059     -0.356     -0.517         43 1.7151e+03 0.0000e+00
     -0.336    27.6329     7.9281     99.039  37.498295     34.767      7.451   285.6967    -0.0889     0.0040     0.0243      0.067     -0.322     -0.467         44 2.6391e+03 0.0000e+00
     -0.276    27.4893     7.7433     96.677  36.121492     34.687      7.543   288.8389    -0.1051    -0.0229     0.0242      0.082     -0.273     -0.396         45 2.8146e+03 0.0000e+00
     -0.226    27.3600     7.5423     94.128  36.760070     34.647      7.604   278.1253    -0.1132    12.2503     0.0242      0.097     -0.223     -0.323         46 2.7660e+03 0.0000e+00
     -0.178    27.2415     7.3678     91.919  36.199451     34.638      7.650   265.7081    -0.0970    12.2503     0.0241      0.117     -0.178     -0.258         47 2.6558e+03 0.0000e+00
     -0.140    27.1246     7.2347     90.226  36.404017     34.668      7.668   268.6988    -0.1051    12.1831     0.0241      0.138     -0.142     -0.205         48 1.7657e+03 0.0000e+00
     -0.115    27.0308     7.1164     88.713  36.119994     34.614      7.668   270.5917    -0.0849    12.1965     0.0241      0.152     -0.114     -0.165         49 9.2639e+02 0.0000e+00
     -0.091    26.9551     7.0322     87.617  36.226729     34.719      7.630   268.8881    -0.0930    12.1428     0.0241      0.158     -0.090     -0.131         50 4.2952e+02 0.0000e+00
     -0.071    26.8874     6.9667     86.733  36.093293     34.701      7.586   254.1238     1.8844     5.6706     0.0241      0.153     -0.064     -0.094         51 1.8388e+02 0.0000e+00
     -0.034    26.8260     6.9270     86.141  36.078493     34.697      7.543   227.5858     1.8844     5.6169     0.0240      0.141     -0.028     -0.041         52 4.7510e+02 0.0000e+00
      0.020    26.7758     6.9221     85.970  36.037579     34.742      7.519   227.5101     1.9248     5.6303     0.0240      0.132      0.020      0.029         53 1.6626e+03 0.0000e+00
      0.075    26.7365     6.9353     86.022  36.084927     34.784      7.528   226.6773     1.9005     5.5900     0.0240      0.134      0.071      0.104         54 1.6792e+03 0.0000e+00
      0.123    26.7060     6.9779     86.456  36.138232     34.925      7.549   226.2230     2.1472     2.1122     0.0241      0.142      0.118      0.171         55 9.0133e+02 0.0000e+00
      0.162    26.6824     7.1321     88.307  36.089901     34.844      7.561   228.7594     2.1432     2.1390     0.0240      0.154      0.153      0.222         56 4.5064e+02 0.0000e+00
      0.182    26.6633     7.4050     91.664  36.174755     34.999      7.562   228.5323     2.1472     2.1390     0.0241      0.160      0.177      0.257         57 7.3735e+02 0.0000e+00
      0.197    26.6437     7.6798     95.062  36.210600     35.016      7.568   228.2673     2.1715     2.0987     0.0241      0.157      0.199      0.288         58 6.8126e+02 0.0000e+00
      0.232    26.6200     7.8812     97.570  36.104620     34.947      7.573   229.5923     2.3898     1.4139     0.0241      0.151      0.230      0.333         59 1.3965e+02 0.0000e+00
      0.276    26.5905     7.9994     99.038  36.069388     34.906      7.578   228.9487     2.4060     1.5616     0.0240      0.142      0.267      0.388         60 1.3571e+02 0.0000e+00
      0.308    26.5465     8.0340     99.425  36.046849     34.922      7.579   229.8194     2.4100     1.4408     0.0240      0.131      0.302      0.438         61 1.0251e+02 0.0000e+00
      0.342    26.4842     7.9928     98.855  35.954732     34.834      7.591   235.5737     2.4303     1.4408     0.0240      0.124      0.334      0.485         62 9.6615e+01 0.0000e+00
      0.374    26.4133     7.8814     97.408  35.828144     34.755      7.593   235.4980     2.4262     1.6959     0.0240      0.122      0.363      0.526         63 8.7334e+01 0.0000e+00
      0.392    26.3424     7.7032     95.140  35.729881     34.689      7.606   233.7566     2.4060     1.6556     0.0239      0.122      0.384      0.558         64 9.0988e+01 0.0000e+00
      0.405    26.2816     7.4961     92.529  35.632181     34.655      7.619   231.7123     2.4222     1.7496     0.0239      0.120      0.415      0.603         65 6.9721e+01 0.0000e+00
      0.480    26.2449     7.3135     90.225  35.593871     34.649      7.640   234.3244     2.4222     1.6288     0.0239      0.128      0.474      0.688         66 9.1468e+01 0.0000e+00
      0.565    26.2311     7.2139     88.956  35.718275     34.826      7.669   232.9616     2.5556     1.5213     0.0239      0.143      0.537      0.780         67 1.2737e+02 0.0000e+00
      0.591    26.2291     7.1877     88.596  35.892600     35.015      7.701   233.6430     2.5597     1.4945     0.0240      0.153      0.581      0.843         68 1.3371e+02 0.0000e+00
      0.629    26.2373     7.1841     88.519  35.940446     35.078      7.720   234.4002     2.5516     1.5079     0.0240      0.164      0.612      0.888         69 1.8306e+02 0.0000e+00
      0.650    26.2390     7.2058     88.761  35.896005     35.026      7.750   233.8323     2.5718     1.4676     0.0240      0.167      0.634      0.920         70 1.6123e+02 0.0000e+00
      0.661    26.2171     7.2538     89.333  35.829277     34.965      7.769   234.7787     2.5677     1.4945     0.0240      0.162      0.648      0.940         71 1.3269e+02 0.0000e+00
      0.673    26.1832     7.3068     89.972  35.697247     34.827      7.786   235.6494     3.1339     1.4676     0.0239      0.150      0.660      0.957         72 1.3636e+02 0.0000e+00
      0.686    26.1447     7.3451     90.437  35.585787     34.734      7.796   235.5737     3.1055     1.4542     0.0239      0.128      0.671      0.972         73 1.2912e+02 0.0000e+00
      0.691    26.1069     7.3530     90.538  35.523132     34.702      7.805   234.8166     3.1136     1.4139     0.0238      0.092      0.677      0.981         74 1.3609e+02 0.0000e+00
      0.693    26.0741     7.3230     90.176  35.537976     34.728      7.820   234.8544     3.1339     1.5885     0.0238      0.062      0.677      0.982         75 1.4432e+02 0.0000e+00
      0.685    26.0444     7.2605     89.416  35.567330     34.809      7.828   234.6273     3.2066     1.4273     0.0239      0.044      0.673      0.977         76 1.5250e+02 0.0000e+00
      0.683    26.0195     7.1855     88.501  35.545934     34.776      7.836   235.6494     3.1824     1.4273     0.0238      0.026      0.671      0.974         77 1.5059e+02 0.0000e+00
      0.685    25.9964     7.1485     88.050  35.564622     34.851      7.820   234.9680     3.1905     1.4542     0.0239      0.015      0.672      0.974         78 1.5330e+02 0.0000e+00
      0.685    25.9759     7.1537     88.113  35.484774     34.758      7.818   236.5959     3.1783     1.5348     0.0238      0.008      0.673      0.977         79 1.3792e+02 0.0000e+00
      0.690    25.9604     7.1948     88.618  35.467370     34.774      7.815   235.7252     2.6931     1.6959     0.0238      0.003      0.676      0.981         80 1.1931e+02 0.0000e+00
      0.693    25.9481     7.2601     89.422  35.467661     34.788      7.817   235.9144     2.6810     1.6690     0.0238      0.000      0.678      0.984         81 1.0900e+02 0.0000e+00
      0.693    25.9394     7.3392     90.398  35.484421     34.799      7.821   235.8387     2.6810     1.6690     0.0238      0.001      0.679      0.985         82 9.9648e+01 0.0000e+00
      0.691    25.9363     7.4299     91.517  35.505836     34.862      7.824   236.0280     2.6607     1.6959     0.0238      0.003      0.678      0.984         83 9.5954e+01 0.0000e+00
      0.691    25.9386     7.5051     92.445  35.441017     34.758      7.828   235.6494     2.9721     1.5348     0.0238      0.005      0.678      0.984         84 9.6008e+01 0.0000e+00
      0.693    25.9426     7.5539     93.045  35.505776     34.870      7.836   236.2173     3.0247     1.5348     0.0238      0.005      0.679      0.986         85 9.6645e+01 0.0000e+00
