Data/DataNotYetUploadedToEDI/Raw_CTD/RawDownloads/070920_fcr50.cnv
* Sea-Bird SBE19plus  Data File:
* FileName = C:\DATA\070920_fcr50_0002.hex
* Software version 2.8.0.119
* Temperature SN = 7809
* Conductivity SN = 7809
* System UpLoad Time = Jul 09 2020 11:53:59
* <ApplicationData>
* <Seaterm232>
# nquan = 16
# nvalues = 1603                        
# units = specified
# name 0 = depFM: Depth [fresh water, m]
# name 1 = dz/dtM: Descent Rate [m/s]
# name 2 = sbeox0ML/L: Oxygen, SBE 43 [ml/l]
# name 3 = sbeox0PS: Oxygen, SBE 43 [% saturation]
# name 4 = specc: Specific Conductance [uS/cm]
# name 5 = c0uS/cm: Conductivity [uS/cm]
# name 6 = flECO-AFL: Fluorescence, WET Labs ECO-AFL/FL [mg/m^3]
# name 7 = ph: pH
# name 8 = orp: Oxidation Reduction Potential [mV]
# name 9 = par/sat/log: PAR/Logarithmic, Satlantic
# name 10 = turbWETntu0: Turbidity, WET Labs ECO [NTU]
# name 11 = prdM: Pressure, Strain Gauge [db]
# name 12 = prdE: Pressure, Strain Gauge [psi]
# name 13 = tv290C: Temperature [ITS-90, deg C]
# name 14 = density00: Density [density, kg/m^3]
# name 15 = flag:  0.000e+00
# span 0 =     -0.657,      9.692       
# span 1 =     -0.327,      0.229       
# span 2 =    -0.0464,     8.4245       
# span 3 =     -0.570,    138.157       
# span 4 =      3.687,    275.422       
# span 5 =   3.812325, 199.110597       
# span 6 =    -0.9627,    15.9660       
# span 7 =      5.995,      8.862       
# span 8 = -1240.7455,   408.3785       
# span 9 = 1.2342e-01, 1.1014e+03       
# span 10 =    -0.3393,   431.4408      
# span 11 =     -0.645,      9.504      
# span 12 =     -0.936,     13.785      
# span 13 =    10.2293,    26.9785      
# span 14 =   996.5386,   999.7875      
# span 15 = 0.0000e+00, 0.0000e+00      
# interval = seconds: 0.25
# start_time = Jul 08 2020 20:42:08 [Instrument's time stamp, header]
# bad_flag = -9.990e-29
*END*
[from data line 543]
      2.970      0.032     1.2126     14.239     37.796  30.610729     4.9251      7.287   190.1834 8.6047e+01     2.8153      2.914      4.227    15.3120   999.0838 0.0000e+00
      2.980      0.034     1.1426     14.326     37.955  30.730963     5.0582      7.288   190.0209 8.5136e+01     2.7936      2.924      4.240    15.3248   999.0819 0.0000e+00
      2.989      0.035     1.0684     14.825     38.218  30.906882     5.2929      7.287   189.8479 8.3929e+01     2.8297      2.931      4.252    15.3969   999.0707 0.0000e+00
      2.998      0.034     1.0096     15.627     38.540  31.088186     5.4355      7.285   189.3831 8.2513e+01     2.8741      2.940      4.265    15.4766   999.0583 0.0000e+00
      3.008      0.032     0.9820     16.518     38.754  31.146572     5.4568      7.283   189.7353 8.1080e+01     2.8844      2.950      4.278    15.5064   999.0539 0.0000e+00
      3.016      0.031     0.9905     17.318     38.832  31.105139     5.4652      7.282   190.9230 7.9796e+01     2.8506      2.959      4.290    15.4875   999.0569 0.0000e+00
      3.023      0.030     1.0271     17.929     38.892  31.094648     5.4884      7.279   191.4402 7.8731e+01     2.8087      2.965      4.300    15.4533   999.0624 0.0000e+00
      3.029      0.028     1.0924     18.230     38.982  31.146545     5.5087      7.276   191.4285 7.7669e+01     2.8247      2.970      4.307    15.3516   999.0782 0.0000e+00
      3.036      0.028     1.1647     18.154     39.087  31.225042     5.5205      7.274   191.2120 7.6575e+01     2.8712      2.977      4.318    15.1736   999.1058 0.0000e+00
      3.045      0.028     1.2245     17.720     39.250  31.345867     5.5252      7.273   190.8013 7.5732e+01     2.8568      2.987      4.332    15.0226   999.1288 0.0000e+00
      3.051      0.030     1.2747     17.012     39.440  31.465409     5.5272      7.271   190.7643 7.5090e+01     2.7878      2.993      4.341    14.9532   999.1393 0.0000e+00
      3.057      0.032     1.2976     16.159     39.598  31.528372     5.5457      7.269   191.2804 7.4308e+01     2.7573      2.997      4.347    14.9412   999.1411 0.0000e+00
      3.065      0.033     1.2913     15.274     39.706  31.536056     5.5667      7.266   192.1371 7.3283e+01     2.7978      3.003      4.356    14.9404   999.1413 0.0000e+00
      3.075      0.033     1.2594     14.424     39.738  31.494777     5.5812      7.263   192.6053 7.2136e+01     2.8645      3.015      4.373    14.9373   999.1419 0.0000e+00
      3.087      0.032     1.2058     13.609     39.764  31.473315     5.6264      7.261   192.4671 7.0959e+01     2.8778      3.028      4.391    14.9056   999.1467 0.0000e+00
      3.097      0.029     1.1457     12.809     39.770  31.466843     5.7030      7.259   192.1867 6.9855e+01     2.8213      3.038      4.407    14.8133   999.1605 0.0000e+00
      3.104      0.025     1.0829     12.029     39.682  31.416513     5.7531      7.256   192.0546 6.8898e+01     2.7990      3.046      4.417    14.7018   999.1771 0.0000e+00
      3.107      0.020     1.0252     11.272     39.572  31.372356     5.7747      7.253   192.0743 6.7903e+01     2.8488      3.047      4.419    14.6146   999.1899 0.0000e+00
      3.110      0.016     0.9696     10.583     39.517  31.377111     5.8787      7.251   192.1666 6.6814e+01     2.8736      3.049      4.422    14.5572   999.1983 0.0000e+00
      3.113      0.013     0.9116     10.048     39.521  31.410628     6.0564      7.249   192.3966 6.5911e+01     2.8581      3.053      4.429    14.5429   999.2005 0.0000e+00
      3.117      0.013     0.8565      9.697     39.589  31.460427     6.1402      7.246   192.7047 6.5433e+01     2.8676      3.056      4.433    14.5724   999.1961 0.0000e+00
      3.119      0.015     0.8005      9.525     39.725  31.535099     6.1487      7.244   193.0519 6.5318e+01     2.8861      3.059      4.437    14.6304   999.1876 0.0000e+00
      3.122      0.018     0.7469      9.525     39.888  31.615543     6.2063      7.242   193.2394 6.5231e+01     2.8762      3.061      4.440    14.7060   999.1765 0.0000e+00
      3.126      0.022     0.7079      9.657     40.033  31.671661     6.3024      7.240   192.8204 6.4922e+01     2.8508      3.065      4.445    14.7554   999.1692 0.0000e+00
      3.132      0.025     0.6839      9.846     40.148  31.705974     6.3570      7.237   192.2883 6.4451e+01     2.8533      3.071      4.454    14.7424   999.1712 0.0000e+00
      3.140      0.027     0.6717      9.996     40.212  31.713126     6.3609      7.234   192.3980 6.3767e+01     2.8728      3.078      4.465    14.6932   999.1786 0.0000e+00
      3.150      0.029     0.6741     10.041     40.213  31.694638     6.3595      7.230   192.7701 6.2692e+01     2.8799      3.089      4.480    14.6317   999.1877 0.0000e+00
      3.158      0.031     0.6862      9.946     40.179  31.672758     6.3592      7.226   193.3460 6.1074e+01     2.8707      3.098      4.493    14.5527   999.1993 0.0000e+00
      3.164      0.033     0.7039      9.691     40.195  31.702356     6.3565      7.223   194.1127 5.8829e+01     2.8301      3.103      4.500    14.4757   999.2105 0.0000e+00
      3.171      0.037     0.7172      9.321     40.299  31.798746     6.3555      7.220   194.1242 5.6098e+01     2.8007      3.109      4.509    14.4181   999.2188 0.0000e+00
      3.179      0.043     0.7209      8.885     40.416  31.886525     6.3957      7.213   193.3996 5.3058e+01     2.8244      3.117      4.521    14.3919   999.2227 0.0000e+00
      3.189      0.049     0.7160      8.435     40.537  31.938879     6.4888      7.203   193.0947 4.9841e+01     2.8771      3.126      4.533    14.4073   999.2205 0.0000e+00
      3.203      0.054     0.6945      8.042     40.686  31.987570     6.5470      7.194   193.4499 4.6615e+01     2.8884      3.138      4.552    14.4333   999.2168 0.0000e+00
      3.222      0.058     0.6672      7.733     40.815  32.031037     6.5462      7.189   193.9947 4.3855e+01     2.8575      3.160      4.584    14.4557   999.2137 0.0000e+00
      3.240      0.060     0.6348      7.466     40.934  32.083689     6.5462      7.185   194.4322 4.2085e+01     2.8811      3.181      4.613    14.4663   999.2123 0.0000e+00
      3.254      0.062     0.6010      7.203     41.115  32.179996     6.5746      7.180   194.4386 4.1179e+01     2.9331      3.191      4.628    14.4066   999.2210 0.0000e+00
      3.267      0.066     0.5736      6.937     41.357  32.307166     6.6126      7.174   194.3295 4.0724e+01     2.9376      3.201      4.644    14.2958   999.2369 0.0000e+00
      3.282      0.071     0.5538      6.628     41.591  32.415711     6.6251      7.168   194.7475 4.0529e+01     2.9009      3.218      4.668    14.2252   999.2471 0.0000e+00
      3.298      0.077     0.5367      6.263     41.768  32.477151     6.6115      7.162   195.4499 4.0288e+01     2.8333      3.233      4.689    14.1910   999.2520 0.0000e+00
      3.319      0.083     0.5168      5.847     41.942  32.542356     6.5053      7.157   195.9388 3.9595e+01     2.8065      3.251      4.715    14.1388   999.2594 0.0000e+00
      3.346      0.086     0.5014      5.392     42.134  32.632973     6.3143      7.154   196.1844 3.8610e+01     2.8515      3.282      4.760    14.0607   999.2706 0.0000e+00
      3.374      0.086     0.4794      4.894     42.264  32.684433     6.2093      7.152   196.2680 3.7766e+01     2.8630      3.312      4.803    13.9686   999.2837 0.0000e+00
      3.397      0.084     0.4545      4.351     42.366  32.720365     6.1987      7.149   196.2620 3.7076e+01     2.8425      3.332      4.832    13.8720   999.2972 0.0000e+00
      3.416      0.084     0.4244      3.835     42.541  32.813569     6.2714      7.146   196.3697 3.6537e+01     2.8439      3.351      4.859    13.7857   999.3091 0.0000e+00
      3.432      0.088     0.3918      3.389     42.751  32.923012     6.4401      7.141   196.7104 3.6233e+01     2.8453      3.366      4.882    13.7187   999.3183 0.0000e+00
      3.449      0.095     0.3581      2.997     42.975  33.028371     6.5510      7.137   197.2843 3.5985e+01     2.8596      3.380      4.903    13.6618   999.3261 0.0000e+00
      3.471      0.104     0.3150      2.638     43.214  33.135625     6.5824      7.133   197.8879 3.5516e+01     2.8449      3.399      4.931    13.6117   999.3329 0.0000e+00
      3.502      0.112     0.2771      2.288     43.406  33.204516     6.8763      7.130   198.2429 3.4761e+01     2.7357      3.431      4.976    13.5692   999.3388 0.0000e+00
      3.541      0.117     0.2458      1.912     43.534  33.226727     7.4436      7.125   198.3935 3.3970e+01     2.6041      3.473      5.038    13.5101   999.3471 0.0000e+00
      3.578      0.116     0.2181      1.544     43.606  33.213734     7.7670      7.120   198.4183 3.3445e+01     2.5580      3.512      5.096    13.4282   999.3581 0.0000e+00
      3.607      0.110     0.1924      1.228     43.701  33.237700     7.8116      7.116   198.4564 3.2953e+01     2.5908      3.538      5.131    13.3377   999.3702 0.0000e+00
      3.633      0.100     0.1691      0.924     43.851  33.326090     7.8400      7.113   198.5098 3.2223e+01     2.5886      3.563      5.167    13.2431   999.3827 0.0000e+00
      3.656      0.091     0.1408      0.634     43.978  33.394108     8.0909      7.110   198.4614 3.1600e+01     2.5657      3.590      5.207    13.1569   999.3939 0.0000e+00
      3.673      0.085     0.1107      0.414     44.078  33.425552     8.5567      7.107   198.3877 3.0995e+01     2.5882      3.602      5.224    13.0744   999.4045 0.0000e+00
      3.689      0.080     0.0911      0.288     44.170  33.452414     8.8178      7.104   198.3074 2.9977e+01     2.6202      3.614      5.241    13.0114   999.4126 0.0000e+00
      3.714      0.074     0.0683      0.253     44.216  33.465034     8.9686      7.101   198.2645 2.8871e+01     2.6442      3.643      5.283    12.9976   999.4147 0.0000e+00
      3.738      0.067     0.0444      0.275     44.209  33.451213    10.3995      7.097   198.2987 2.8135e+01     2.7060      3.669      5.321    12.9767   999.4175 0.0000e+00
      3.755      0.057     0.0285      0.327     44.166  33.412198    13.0049      7.093   198.3774 2.7635e+01     2.8535      3.682      5.342    12.9112   999.4257 0.0000e+00
      3.768      0.045     0.0182      0.397     44.126  33.374017    14.4154      7.091   198.4414 2.7282e+01     2.9847      3.697      5.362    12.8538   999.4331 0.0000e+00
      3.778      0.034     0.0179      0.498     44.126  33.370272    14.4740      7.090   198.3844 2.7211e+01     3.0226      3.707      5.378    12.8334   999.4357 0.0000e+00
      3.782      0.027     0.0193      0.610     44.114  33.366904    13.5893      7.088   198.3769 2.7260e+01     2.9680      3.709      5.380    12.8311   999.4359 0.0000e+00
      3.783      0.027     0.0241      0.685     44.041  33.333304    11.9199      7.087   198.5222 2.7259e+01     2.8743      3.709      5.379    12.8245   999.4367 0.0000e+00
      3.785      0.032     0.0286      0.749     44.008  33.344748    11.0083      7.085   198.6783 2.7202e+01     2.8502      3.711      5.383    12.8132   999.4381 0.0000e+00
      3.791      0.039     0.0356      0.804     44.005  33.378417    11.0072      7.080   198.8881 2.6987e+01     2.8822      3.715      5.388    12.8046   999.4392 0.0000e+00
      3.804      0.044     0.0478      0.845     43.960  33.359720    11.8682      7.076   199.0803 2.6500e+01     2.9182      3.726      5.404    12.8098   999.4386 0.0000e+00
      3.824      0.046     0.0498      0.887     43.990  33.372507    13.4463      7.074   198.8514 2.5862e+01     2.9429      3.750      5.439    12.8343   999.4356 0.0000e+00
      3.844      0.046     0.0558      0.918     44.079  33.406109    14.3042      7.071   198.2704 2.5475e+01     2.9745      3.774      5.474    12.8795   999.4302 0.0000e+00
      3.855      0.041     0.0602      0.955     44.115  33.385258    14.4117      7.069   197.9059 2.5421e+01     3.0250      3.783      5.487    12.9359   999.4232 0.0000e+00
      3.859      0.034     0.0613      0.996     44.140  33.374144    14.8310      7.067   197.8872 2.5411e+01     3.0053      3.781      5.485    12.9488   999.4214 0.0000e+00
      3.864      0.028     0.0668      1.036     44.165  33.398598    15.5787      7.065   198.0443 2.5442e+01     2.9076      3.789      5.495    12.9371   999.4230 0.0000e+00
      3.870      0.026     0.0670      1.095     44.178  33.427131    15.9660      7.064   198.1703 2.5669e+01     2.8391      3.797      5.508    12.9032   999.4273 0.0000e+00
      3.875      0.027     0.0705      1.142     44.227  33.465348    15.8981      7.063   197.9477 2.5993e+01     2.8297      3.799      5.510    12.8238   999.4372 0.0000e+00
      3.881      0.029     0.0745      1.142     44.280  33.479976    14.8054      7.061   197.4182 2.6259e+01     2.8620      3.804      5.518    12.7837   999.4422 0.0000e+00
      3.890      0.030     0.0755      1.130     44.321  33.477054    12.7977      7.060   197.1027 2.6496e+01     2.8869      3.814      5.533    12.8036   999.4398 0.0000e+00
      3.900      0.030     0.0815      1.154     44.373  33.493427    11.6977      7.058   197.0583 2.6734e+01     2.8559      3.825      5.548    12.8368   999.4357 0.0000e+00
      3.909      0.030     0.0866      1.189     44.397  33.487566    11.5957      7.056   197.0533 2.6957e+01     2.8304      3.835      5.561    12.8462   999.4346 0.0000e+00
      3.915      0.029     0.0849      1.189     44.412  33.469618    11.6130      7.053   197.0424 2.7152e+01     2.8881      3.840      5.569    12.8057   999.4398 0.0000e+00
      3.921      0.027     0.0819      1.160     44.430  33.466740    11.8967      7.052   197.1844 2.7200e+01     3.0036      3.845      5.576    12.7536   999.4462 0.0000e+00
      3.927      0.025     0.0853      1.119     44.414  33.452750    12.4314      7.051   197.3938 2.7086e+01     3.0942      3.851      5.586    12.7396   999.4480 0.0000e+00
      3.934      0.025     0.0897      1.087     44.382  33.427366    12.7378      7.049   197.1650 2.6921e+01     3.0908      3.858      5.596    12.7161   999.4509 0.0000e+00
      3.941      0.026     0.0889      1.071     44.365  33.413626    12.8166      7.047   196.7411 2.6711e+01     3.0318      3.865      5.605    12.6699   999.4566 0.0000e+00
      3.947      0.029     0.0866      1.050     44.340  33.413517    13.4309      7.046   196.4840 2.6469e+01     3.0663      3.871      5.614    12.6511   999.4590 0.0000e+00
      3.953      0.031     0.0828      1.031     44.291  33.426077    14.5669      7.044   196.7237 2.6197e+01     3.1998      3.875      5.621    12.6587   999.4580 0.0000e+00
      3.961      0.032     0.0798      1.044     44.221  33.438636    15.1845      7.041   197.4020 2.5841e+01     3.2725      3.882      5.630    12.6598   999.4579 0.0000e+00
      3.971      0.032     0.0800      1.053     44.149  33.438544    15.2053      7.037   197.7162 2.5441e+01     3.2580      3.893      5.646    12.6438   999.4600 0.0000e+00
      3.981      0.031     0.0785      1.042     44.099  33.425028    14.8558      7.035   197.6839 2.5127e+01     3.2315      3.905      5.665    12.6606   999.4579 0.0000e+00
      3.991      0.028     0.0745      1.039     44.068  33.402144    14.2201      7.034   197.4411 2.4924e+01     3.2259      3.915      5.678    12.7254   999.4501 0.0000e+00
      3.996      0.024     0.0777      1.032     44.099  33.415662    13.8805      7.032   197.1036 2.4759e+01     3.2246      3.919      5.685    12.8094   999.4396 0.0000e+00
      4.000      0.021     0.0794      1.043     44.188  33.461553    13.8215      7.030   197.8197 2.4595e+01     3.2164      3.923      5.690    12.8823   999.4305 0.0000e+00
