Data/DataNotYetUploadedToEDI/Raw_CTD/RawDownloads/070920_fcr50.cnv
* Sea-Bird SBE19plus  Data File:
* FileName = C:\DATA\070920_fcr50_0002.hex
* Software version 2.8.0.119
* Temperature SN = 7809
* Conductivity SN = 7809
* System UpLoad Time = Jul 09 2020 11:53:59
* <ApplicationData>
* <Seaterm232>
# nquan = 16
# nvalues = 1603                        
# units = specified
# name 0 = depFM: Depth [fresh water, m]
# name 1 = dz/dtM: Descent Rate [m/s]
# name 2 = sbeox0ML/L: Oxygen, SBE 43 [ml/l]
# name 3 = sbeox0PS: Oxygen, SBE 43 [% saturation]
# name 4 = specc: Specific Conductance [uS/cm]
# name 5 = c0uS/cm: Conductivity [uS/cm]
# name 6 = flECO-AFL: Fluorescence, WET Labs ECO-AFL/FL [mg/m^3]
# name 7 = ph: pH
# name 8 = orp: Oxidation Reduction Potential [mV]
# name 9 = par/sat/log: PAR/Logarithmic, Satlantic
# name 10 = turbWETntu0: Turbidity, WET Labs ECO [NTU]
# name 11 = prdM: Pressure, Strain Gauge [db]
# name 12 = prdE: Pressure, Strain Gauge [psi]
# name 13 = tv290C: Temperature [ITS-90, deg C]
# name 14 = density00: Density [density, kg/m^3]
# name 15 = flag:  0.000e+00
# span 0 =     -0.657,      9.692       
# span 1 =     -0.327,      0.229       
# span 2 =    -0.0464,     8.4245       
# span 3 =     -0.570,    138.157       
# span 4 =      3.687,    275.422       
# span 5 =   3.812325, 199.110597       
# span 6 =    -0.9627,    15.9660       
# span 7 =      5.995,      8.862       
# span 8 = -1240.7455,   408.3785       
# span 9 = 1.2342e-01, 1.1014e+03       
# span 10 =    -0.3393,   431.4408      
# span 11 =     -0.645,      9.504      
# span 12 =     -0.936,     13.785      
# span 13 =    10.2293,    26.9785      
# span 14 =   996.5386,   999.7875      
# span 15 = 0.0000e+00, 0.0000e+00      
# interval = seconds: 0.25
# start_time = Jul 08 2020 20:42:08 [Instrument's time stamp, header]
# bad_flag = -9.990e-29
*END*
[from data line 1085]
      7.436      0.001     0.5156      6.776     44.734  31.605027     2.0932      6.483   173.9763 1.2369e-01     9.5016      7.292     10.577    10.3040   999.7271 0.0000e+00
      7.436      0.001     0.5166      6.784     44.775  31.635448     2.1542      6.482   173.7645 1.2369e-01     9.4681      7.292     10.577    10.3110   999.7265 0.0000e+00
      7.436      0.001     0.5199      6.799     44.762  31.628017     2.2670      6.482   173.7444 1.2370e-01     9.4346      7.292     10.577    10.3162   999.7260 0.0000e+00
      7.436      0.001     0.5303      6.817     44.688  31.578628     2.3318      6.481   173.9914 1.2368e-01     9.4399      7.293     10.578    10.3206   999.7255 0.0000e+00
      7.436      0.002     0.5319      6.826     44.637  31.545866     2.3560      6.481   174.3415 1.2363e-01     9.4981      7.293     10.577    10.3235   999.7253 0.0000e+00
      7.437      0.005     0.5313      6.840     44.638  31.549128     2.3307      6.481   174.4503 1.2363e-01     9.5205      7.293     10.578    10.3249   999.7253 0.0000e+00
      7.437      0.007     0.5324      6.852     44.644  31.554629     2.2359      6.481   174.5333 1.2363e-01     9.5046      7.294     10.579    10.3264   999.7251 0.0000e+00
      7.439      0.009     0.5356      6.870     44.636  31.548932     2.1633      6.480   174.8283 1.2361e-01     9.4771      7.294     10.580    10.3293   999.7248 0.0000e+00
      7.443      0.010     0.5338      6.894     44.631  31.543692     2.1493      6.481   175.0915 1.2364e-01     9.4621      7.298     10.585    10.3336   999.7244 0.0000e+00
      7.448      0.010     0.5368      6.905     44.647  31.554717     2.1898      6.481   175.2214 1.2367e-01     9.4613      7.304     10.594    10.3371   999.7241 0.0000e+00
      7.451      0.010     0.5365      6.902     44.648  31.555342     2.2621      6.480   175.3654 1.2363e-01     9.4336      7.308     10.600    10.3381   999.7240 0.0000e+00
      7.452      0.010     0.5378      6.891     44.643  31.551249     2.2891      6.479   175.4559 1.2361e-01     9.4012      7.309     10.600    10.3374   999.7241 0.0000e+00
      7.453      0.009     0.5412      6.890     44.669  31.568670     2.2684      6.478   175.4555 1.2364e-01     9.4123      7.308     10.599    10.3353   999.7243 0.0000e+00
      7.456      0.008     0.5409      6.889     44.678  31.575642     2.2221      6.477   175.5332 1.2359e-01     9.4650      7.312     10.605    10.3345   999.7244 0.0000e+00
      7.459      0.008     0.5418      6.883     44.671  31.572111     2.1673      6.478   175.7065 1.2354e-01     9.4894      7.315     10.610    10.3361   999.7242 0.0000e+00
      7.461      0.009     0.5390      6.880     44.693  31.589417     2.1406      6.479   176.0023 1.2357e-01     9.4327      7.317     10.612    10.3354   999.7243 0.0000e+00
      7.463      0.009     0.5402      6.877     44.698  31.594552     2.1374      6.478   176.3567 1.2357e-01     9.3981      7.318     10.614    10.3332   999.7245 0.0000e+00
      7.466      0.009     0.5401      6.863     44.663  31.570743     2.1481      6.478   176.2055 1.2356e-01     9.4136      7.321     10.619    10.3337   999.7246 0.0000e+00
      7.468      0.009     0.5391      6.848     44.641  31.555337     2.2119      6.478   175.5514 1.2362e-01     9.3795      7.324     10.623    10.3366   999.7243 0.0000e+00
      7.469      0.010     0.5391      6.859     44.613  31.535174     2.3083      6.476   175.1593 1.2364e-01     9.2951      7.325     10.624    10.3381   999.7241 0.0000e+00
      7.471      0.012     0.5390      6.872     44.587  31.517299     2.3510      6.475   175.1634 1.2355e-01     9.2166      7.327     10.626    10.3396   999.7240 0.0000e+00
      7.474      0.012     0.5383      6.854     44.607  31.529548     2.3563      6.475   175.5151 1.2356e-01     9.1859      7.329     10.629    10.3417   999.7238 0.0000e+00
      7.478      0.013     0.5350      6.838     44.648  31.556380     2.3822      6.475   176.0559 1.2363e-01     9.2671      7.333     10.635    10.3408   999.7239 0.0000e+00
      7.483      0.015     0.5372      6.865     44.695  31.587931     2.4248      6.474   175.8511 1.2359e-01     9.4100      7.340     10.645    10.3403   999.7240 0.0000e+00
      7.487      0.017     0.5400      6.913     44.705  31.593794     2.4520      6.474   175.0185 1.2356e-01     9.4717      7.343     10.650    10.3411   999.7239 0.0000e+00
      7.490      0.019     0.5369      6.929     44.666  31.563820     2.4537      6.474   174.6795 1.2355e-01     9.4629      7.344     10.652    10.3396   999.7242 0.0000e+00
      7.494      0.021     0.5339      6.890     44.643  31.542752     2.5316      6.473   174.7628 1.2349e-01     9.4755      7.347     10.657    10.3357   999.7245 0.0000e+00
      7.500      0.024     0.5371      6.818     44.631  31.529402     2.7064      6.472   174.9934 1.2350e-01     9.5211      7.354     10.667    10.3338   999.7247 0.0000e+00
      7.508      0.027     0.5431      6.765     44.639  31.529287     2.8026      6.472   175.4032 1.2359e-01     9.5333      7.364     10.680    10.3345   999.7247 0.0000e+00
      7.516      0.029     0.5444      6.739     44.664  31.541362     2.7991      6.472   175.6732 1.2364e-01     9.4856      7.371     10.690    10.3318   999.7249 0.0000e+00
      7.522      0.031     0.5415      6.727     44.683  31.548492     2.7208      6.472   175.6776 1.2364e-01     9.4252      7.376     10.697    10.3253   999.7256 0.0000e+00
      7.531      0.032     0.5332      6.731     44.695  31.552049     2.5809      6.472   175.2839 1.2367e-01     9.4212      7.385     10.710    10.3191   999.7262 0.0000e+00
      7.540      0.035     0.5294      6.738     44.658  31.520913     2.5094      6.472   174.7849 1.2367e-01     9.4717      7.396     10.726    10.3142   999.7267 0.0000e+00
      7.548      0.037     0.5285      6.742     44.621  31.489258     2.4946      6.471   174.7203 1.2361e-01     9.4861      7.402     10.736    10.3075   999.7273 0.0000e+00
      7.557      0.037     0.5266      6.750     44.625  31.486536     2.4796      6.470   175.1049 1.2357e-01     9.4585      7.409     10.746    10.2999   999.7281 0.0000e+00
      7.569      0.038     0.5281      6.764     44.632  31.487990     2.5286      6.470   175.8217 1.2359e-01     9.4807      7.422     10.764    10.2946   999.7286 0.0000e+00
      7.580      0.043     0.5286      6.764     44.663  31.506834     2.6384      6.469   176.6762 1.2360e-01     9.5147      7.435     10.784    10.2895   999.7291 0.0000e+00
      7.589      0.052     0.5289      6.764     44.693  31.524031     2.7006      6.467   177.1761 1.2353e-01     9.4912      7.443     10.797    10.2827   999.7298 0.0000e+00
      7.595      0.060     0.5289      6.757     44.673  31.505585     2.6991      6.464   177.1346 1.2353e-01     9.4367      7.445     10.799    10.2756   999.7305 0.0000e+00
      7.608      0.066     0.5320      6.742     44.635  31.474140     2.7724      6.462   177.0347 1.2358e-01     9.4053      7.454     10.812    10.2721   999.7308 0.0000e+00
      7.634      0.072     0.5302      6.732     44.622  31.461045     2.9572      6.462   176.9142 1.2357e-01     9.4556      7.485     10.856    10.2695   999.7312 0.0000e+00
      7.663      0.078     0.5311      6.698     44.646  31.474151     3.0738      6.462   176.7107 1.2355e-01     9.4955      7.519     10.906    10.2650   999.7318 0.0000e+00
      7.683      0.078     0.5313      6.646     44.694  31.505702     3.0763      6.462   177.3272 1.2358e-01     9.4754      7.537     10.931    10.2601   999.7323 0.0000e+00
      7.698      0.071     0.5279      6.601     44.724  31.525293     2.9868      6.462   178.5172 1.2360e-01     9.4188      7.546     10.944    10.2546   999.7329 0.0000e+00
      7.716      0.058     0.5301      6.585     44.718  31.520678     2.8310      6.461   178.8820 1.2357e-01     9.3263      7.565     10.973    10.2497   999.7334 0.0000e+00
      7.736      0.045     0.5263      6.592     44.703  31.513351     2.7565      6.461   178.7259 1.2361e-01     9.2842      7.590     11.008    10.2459   999.7339 0.0000e+00
      7.747      0.034     0.5217      6.599     44.675  31.500152     2.7538      6.461   178.4361 1.2364e-01     9.2863      7.602     11.026    10.2429   999.7342 0.0000e+00
      7.750      0.024     0.5175      6.600     44.648  31.487991     2.6644      6.460   177.9592 1.2355e-01     9.2496      7.601     11.024    10.2409   999.7344 0.0000e+00
      7.750      0.017     0.5161      6.590     44.649  31.493221     2.4965      6.459   178.5522 1.2355e-01     9.1835      7.599     11.021    10.2401   999.7345 0.0000e+00
      7.751      0.015     0.5183      6.575     44.654  31.499943     2.4123      6.459   180.0147 1.2364e-01     9.1733      7.601     11.025    10.2434   999.7342 0.0000e+00
      7.751      0.018     0.5180      6.565     44.658  31.505814     2.4183      6.459   180.5848 1.2366e-01     9.2297      7.602     11.025    10.2523   999.7333 0.0000e+00
      7.755      0.024     0.5185      6.559     44.648  31.500774     2.4449      6.459   180.1971 1.2370e-01     9.2469      7.602     11.026    10.2612   999.7325 0.0000e+00
      7.766      0.033     0.5174      6.565     44.648  31.502446     2.4769      6.457   179.6296 1.2368e-01     9.2101      7.614     11.043    10.2653   999.7322 0.0000e+00
      7.779      0.043     0.5156      6.574     44.681  31.526027     2.4899      6.456   179.4007 1.2355e-01     9.1967      7.630     11.067    10.2688   999.7319 0.0000e+00
      7.788      0.057     0.5154      6.584     44.692  31.532116     2.4970      6.455   180.0111 1.2351e-01     9.2225      7.637     11.077    10.2731   999.7317 0.0000e+00
      7.797      0.072     0.5139      6.602     44.670  31.512611     2.6012      6.453   181.1595 1.2358e-01     9.3502      7.642     11.085    10.2753   999.7314 0.0000e+00
      7.814      0.087     0.5153      6.621     44.635  31.480530     2.7868      6.452   181.8428 1.2361e-01     9.5394      7.659     11.109    10.2766   999.7313 0.0000e+00
      7.842      0.098     0.5161      6.616     44.619  31.461450     2.8719      6.451   181.7334 1.2360e-01     9.6224      7.689     11.152    10.2767   999.7315 0.0000e+00
      7.876      0.103     0.5160      6.578     44.643  31.472249     2.8761      6.449   181.2993 1.2360e-01     9.7004      7.723     11.201    10.2757   999.7317 0.0000e+00
      7.911      0.102     0.5180      6.537     44.667  31.484189     2.8947      6.449   181.1546 1.2357e-01     9.7961      7.760     11.255    10.2711   999.7323 0.0000e+00
      7.942      0.095     0.5200      6.503     44.663  31.478921     2.9072      6.448   181.3597 1.2354e-01     9.7146      7.792     11.303    10.2622   999.7333 0.0000e+00
      7.963      0.090     0.5211      6.473     44.654  31.471998     2.9025      6.448   181.7147 1.2354e-01     9.5395      7.811     11.330    10.2525   999.7343 0.0000e+00
      7.975      0.087     0.5162      6.455     44.643  31.463933     2.8855      6.447   182.1771 1.2356e-01     9.4296      7.822     11.345    10.2448   999.7351 0.0000e+00
      7.988      0.085     0.5129      6.464     44.617  31.444854     2.8735      6.446   182.3904 1.2356e-01     9.4160      7.831     11.358    10.2401   999.7356 0.0000e+00
      8.008      0.080     0.5110      6.492     44.599  31.431646     2.8236      6.445   182.3145 1.2356e-01     9.6153      7.847     11.381    10.2375   999.7359 0.0000e+00
      8.041      0.074     0.5078      6.494     44.599  31.431126     2.7118      6.445   182.1200 1.2361e-01     9.9518      7.884     11.435    10.2369   999.7361 0.0000e+00
      8.074      0.065     0.5064      6.462     44.610  31.438576     2.6375      6.444   181.6744 1.2358e-01    10.1190      7.926     11.495    10.2367   999.7363 0.0000e+00
      8.090      0.052     0.5065      6.452     44.636  31.458281     2.6116      6.444   181.2284 1.2353e-01    10.1266      7.940     11.516    10.2360   999.7364 0.0000e+00
      8.091      0.036     0.5108      6.466     44.662  31.479035     2.4746      6.444   181.1148 1.2359e-01     9.9753      7.934     11.507    10.2352   999.7364 0.0000e+00
      8.091      0.021     0.5118      6.449     44.686  31.499174     2.2307      6.444   181.1611 1.2359e-01     9.6284      7.932     11.505    10.2348   999.7365 0.0000e+00
      8.092      0.015     0.5064      6.425     44.700  31.511448     2.0952      6.444   181.4448 1.2349e-01     9.3996      7.937     11.511    10.2346   999.7365 0.0000e+00
      8.093      0.015     0.5050      6.440     44.684  31.500548     2.0853      6.444   181.7914 1.2348e-01     9.3726      7.935     11.509    10.2356   999.7365 0.0000e+00
      8.095      0.018     0.5099      6.465     44.674  31.494270     2.1483      6.445   181.3939 1.2355e-01     9.4036      7.935     11.509    10.2387   999.7362 0.0000e+00
      8.105      0.021     0.5069      6.498     44.679  31.498988     2.2762      6.445   180.5970 1.2357e-01     9.4656      7.947     11.527    10.2424   999.7359 0.0000e+00
      8.115      0.026     0.5019      6.536     44.669  31.494156     2.3540      6.444   180.3292 1.2356e-01     9.5051      7.961     11.547    10.2456   999.7357 0.0000e+00
      8.120      0.031     0.5063      6.555     44.677  31.499286     2.3548      6.443   180.3072 1.2360e-01     9.4685      7.965     11.552    10.2463   999.7356 0.0000e+00
      8.123      0.037     0.5073      6.586     44.678  31.497574     2.4098      6.443   180.4175 1.2364e-01     9.3669      7.963     11.550    10.2455   999.7357 0.0000e+00
      8.130      0.046     0.5091      6.616     44.649  31.473454     2.5604      6.443   180.8889 1.2361e-01     9.2726      7.970     11.559    10.2482   999.7355 0.0000e+00
      8.144      0.057     0.5151      6.600     44.637  31.461429     2.6603      6.442   181.2740 1.2353e-01     9.2205      7.985     11.581    10.2519   999.7352 0.0000e+00
      8.160      0.070     0.5133      6.576     44.666  31.479065     2.6725      6.440   181.1164 1.2351e-01     9.1834      8.002     11.606    10.2512   999.7354 0.0000e+00
      8.180      0.080     0.5167      6.588     44.692  31.496360     2.6793      6.439   180.6175 1.2356e-01     9.1679      8.019     11.630    10.2471   999.7358 0.0000e+00
      8.205      0.087     0.5220      6.599     44.671  31.480191     2.7045      6.439   180.4036 1.2358e-01     9.2380      8.045     11.668    10.2422   999.7364 0.0000e+00
      8.233      0.090     0.5186      6.584     44.662  31.473902     2.7390      6.439   180.5959 1.2357e-01     9.3786      8.076     11.714    10.2381   999.7369 0.0000e+00
      8.258      0.089     0.5145      6.563     44.677  31.483774     2.7443      6.439   180.9632 1.2360e-01     9.4268      8.099     11.747    10.2359   999.7373 0.0000e+00
      8.278      0.083     0.5176      6.530     44.662  31.472654     2.7302      6.438   181.2312 1.2362e-01     9.3742      8.117     11.773    10.2344   999.7375 0.0000e+00
      8.299      0.073     0.5200      6.517     44.653  31.466348     2.6827      6.437   181.1697 1.2363e-01     9.3950      8.139     11.804    10.2333   999.7376 0.0000e+00
      8.320      0.063     0.5161      6.532     44.660  31.470971     2.5990      6.437   180.9074 1.2361e-01     9.5408      8.162     11.836    10.2330   999.7378 0.0000e+00
      8.336      0.058     0.5171      6.548     44.651  31.465110     2.5674      6.436   180.7269 1.2357e-01     9.6952      8.178     11.861    10.2327   999.7379 0.0000e+00
      8.344      0.055     0.5117      6.569     44.643  31.458927     2.5674      6.436   180.7940 1.2360e-01     9.7167      8.183     11.869    10.2323   999.7379 0.0000e+00
      8.350      0.055     0.5108      6.586     44.644  31.459654     2.5896      6.435   181.0310 1.2361e-01     9.5949      8.185     11.871    10.2324   999.7379 0.0000e+00
