Data/DataNotYetUploadedToEDI/Raw_CTD/RawDownloads/070918_FCR50.cnv
* Sea-Bird SBE19plus  Data File:
* FileName = C:\DATA\070918_FCR50_0001.hex
* Software version 2.6.3.104
* Temperature SN = 7809
* Conductivity SN = 7809
* System UpLoad Time = Jul 09 2018 10:04:35
* <ApplicationData>
* <Seaterm232>
# nquan = 17
# nvalues = 602                         
# units = specified
# name 0 = depFM: Depth [fresh water, m]
# name 1 = tv290C: Temperature [ITS-90, deg C]
# name 2 = sbeox0Mg/L: Oxygen, SBE 43 [mg/l]
# name 3 = sbeox0PS: Oxygen, SBE 43 [% saturation]
# name 4 = c0uS/cm: Conductivity [uS/cm]
# name 5 = specc: Specific Conductance [uS/cm]
# name 6 = ph: pH
# name 7 = orp: Oxidation Reduction Potential [mV]
# name 8 = flECO-AFL: Fluorescence, WET Labs ECO-AFL/FL [mg/m^3]
# name 9 = turbWETntu0: Turbidity, WET Labs ECO [NTU]
# name 10 = sal00: Salinity, Practical [PSU]
# name 11 = dz/dtM: Descent Rate [m/s]
# name 12 = prdM: Pressure, Strain Gauge [db]
# name 13 = prdE: Pressure, Strain Gauge [psi]
# name 14 = scan: Scan Count
# name 15 = par/sat/log: PAR/Logarithmic, Satlantic
# name 16 = flag:  0.000e+00
# span 0 =     -0.488,      9.717       
# span 1 =    11.2276,    25.8859       
# span 2 =     3.2539,    14.3992       
# span 3 =     30.902,    167.938       
# span 4 = -61.402372, 117.397277       
# span 5 =     -0.345,     61.119       
# span 6 =     -2.576,      8.473       
# span 7 = -1240.7455,  1240.2295       
# span 8 =    -2.2563,     7.7436       
# span 9 =    -3.4873,    29.9349       
# span 10 =     0.0000,     0.0303      
# span 11 =     -0.061,      0.237      
# span 12 =     -0.478,      9.528      
# span 13 =     -0.694,     13.819      
# span 14 =          1,        602      
# span 15 = -7.336e+01, 1.9203e+03      
# span 16 = 0.0000e+00, 0.0000e+00      
# interval = seconds: 0.25
# start_time = Jul 09 2018 13:48:10 [Instrument's time stamp, header]
# bad_flag = -9.990e-29
*END*
     -0.488    22.4663     8.3040     95.829   0.622243      0.801     -2.576 -1240.7455    -0.3032     0.0040     0.0109 -4.211e-16     -0.478     -0.694          1 7.2062e+01 0.0000e+00
     -0.488    22.4661     8.3041     95.837   0.151434     -0.022     -2.576 -1240.7455    -0.3073     0.0174     0.0000      0.000     -0.478     -0.694          2 8.6924e+01 0.0000e+00
     -0.488    22.4663     8.3076     95.877   0.713563      0.919     -2.576 -1240.7455    -0.2992    -0.0900     0.0109      0.000     -0.478     -0.694          3 5.6891e+01 0.0000e+00
     -0.488    22.4666     8.3037     95.832   0.620505      0.537     -2.576 -1240.7455    -0.2305    -0.0229     0.0109      0.000     -0.478     -0.694          4 1.0496e+02 0.0000e+00
     -0.488    22.4671     8.3020     95.812   0.604245      0.654     -2.576 -1240.7455    -0.2305     0.0845     0.0109      0.000     -0.478     -0.694          5 2.7267e+01 0.0000e+00
     -0.488    22.4672     8.3044     95.841   1.073832      1.095     -2.576 -1240.7455    -0.2264     0.0845     0.0109      0.000     -0.478     -0.694          6 1.6636e+02 0.0000e+00
     -0.487    22.4674     8.2981     95.769   1.452179      1.477     -2.576 -1240.7455    -0.2628    -0.0497     0.0110      0.000     -0.478     -0.693          7 4.0651e+02 0.0000e+00
     -0.487    22.4677     8.3038     95.836   0.983818      1.095     -2.576 -1240.7455    -0.2952    -0.0363     0.0109      0.000     -0.478     -0.693          8 1.9453e+02 0.0000e+00
     -0.488    22.4677     8.3037     95.835   0.345798      0.155     -2.576 -1240.7455    -0.1698    -0.0229     0.0111      0.000     -0.478     -0.693          9 -9.979e+00 0.0000e+00
     -0.487    22.4677     8.3068     95.871   0.591707      0.772     -2.576 -1240.7455    -0.2021     0.0308     0.0109      0.000     -0.478     -0.693         10 2.3894e+02 0.0000e+00
     -0.488    22.4676     8.3025     95.821   0.787619      0.595     -2.576 -1240.7455    -0.1860    -0.0497     0.0109      0.000     -0.478     -0.693         11 -7.336e+01 0.0000e+00
     -0.487    22.4676     8.3004     95.798   0.474860      0.713     -2.576 -1240.7455    -0.1698     0.0308     0.0109      0.000     -0.478     -0.693         12 4.4126e+02 0.0000e+00
     -0.487    22.4674     8.3079     95.885  -0.039512     -0.345     -2.576 -1240.7455    -0.3154    -0.7077     0.0000      0.000     -0.478     -0.693         13 1.4049e+03 0.0000e+00
     -0.487    22.4676     8.3065     95.870   0.675778      0.919     -2.576 -1240.7455    -0.2992    -0.6674     0.0109      0.000     -0.478     -0.693         14 4.9880e+02 0.0000e+00
     -0.487    22.4678     8.3037     95.841   0.748780      0.595     -2.576 -1240.7455    -0.2952    -0.6943     0.0109      0.000     -0.478     -0.693         15 1.5721e+03 0.0000e+00
     -0.487    22.4683     8.2852     95.842   0.580623      0.654     -2.576 -1240.7455    -0.2911    -0.7211     0.0109      0.000     -0.478     -0.693         16 1.8738e+03 0.0000e+00
     -0.487    22.4683     8.1636     95.891   0.771202      0.713     -2.576 -1240.7455    -0.2466    -0.6271     0.0109      0.000     -0.478     -0.693         17 1.6959e+02 0.0000e+00
     -0.487    22.4698     8.0527     95.930   0.624082      0.595     -2.576 -1240.7455    -0.2588    -0.6003     0.0109      0.000     -0.478     -0.693         18 4.3896e+01 0.0000e+00
     -0.487    22.4685     7.9749     95.921   0.698676      0.654     -2.576 -1240.7455    -0.2385    -0.6674     0.0109      0.000     -0.478     -0.693         19 9.5394e+01 0.0000e+00
     -0.486    22.4709     7.9193     95.929   0.756664      0.713     -2.576 -1240.7455    -0.2385    -0.7211     0.0109      0.000     -0.478     -0.693         20 5.1034e+01 0.0000e+00
     -0.487    22.4669     7.8788     95.936   0.602759      0.595     -2.576 -1240.7455    -0.8370    -3.3664     0.0109      0.000     -0.478     -0.693         21 1.0171e+02 0.0000e+00
     -0.486    22.4735     7.8555     95.982   0.761777      0.654     -2.576 -1240.7455    -0.8289    -3.3396     0.0109      0.000     -0.478     -0.693         22 5.1006e+01 0.0000e+00
     -0.487    22.4634     7.8530     96.150   0.629027      0.713     -2.576 -1240.7455    -0.8208    -3.4336     0.0109      0.000     -0.478     -0.693         23 1.3532e+02 0.0000e+00
     -0.486    22.4815     7.8681     96.441   0.877272      0.595     -2.576 -1240.7455    -0.8289    -3.4336     0.0109      0.000     -0.477     -0.692         24 2.5422e+01 0.0000e+00
     -0.486    22.4553     7.9047     96.948   0.392259      0.595     -2.576 -1240.7455    -0.8410    -3.4873     0.0109      0.000     -0.476     -0.691         25 2.2562e+02 0.0000e+00
     -0.486    22.6235     7.9436     97.452   4.975008      0.654     -2.576 -1240.7455    -0.3599    -0.3720     0.0109      0.000     -0.471     -0.684         26 4.3284e+02 0.0000e+00
     -0.473    23.3729     7.9900     98.032  28.195684      0.654     -2.576 -1240.7455    -0.3801    -0.3989     0.0109      0.004     -0.446     -0.647         27 3.5866e+02 0.0000e+00
     -0.402    24.1488     8.0314     98.557  65.502054     16.692     -1.042  1240.2295    -0.3962    -0.4391     0.0157      0.025     -0.389     -0.564         28 1.3953e+03 0.0000e+00
     -0.315    24.6537     8.0805     99.145  95.880604     34.452      2.977   298.4168    -0.3882    -0.4257     0.0230      0.063     -0.319     -0.463         29 1.8848e+03 0.0000e+00
     -0.264    25.0462     8.1195     99.600 108.700578     36.256      5.199   264.8374    -2.2361    -1.2851     0.0239      0.104     -0.260     -0.378         30 1.7365e+03 0.0000e+00
     -0.215    25.3236     8.1626    100.126 114.101554     35.822      6.569   254.6538    -2.2442    -1.2717     0.0239      0.143     -0.209     -0.303         31 1.8210e+03 0.0000e+00
     -0.157    25.5155     8.2543    101.241 117.225712     35.324      7.318   252.9502    -2.2280    -1.2045     0.0238      0.179     -0.154     -0.224         32 1.7615e+03 0.0000e+00
     -0.101    25.6269     8.2794    101.526 117.397277     34.931      7.652   243.8645    -2.2563    -1.2717     0.0237      0.208     -0.096     -0.138         33 1.8054e+03 0.0000e+00
     -0.030    25.6889     8.2147    100.721 116.439737     34.746      7.840   246.4009     1.2293    29.8274     0.0237      0.231     -0.036     -0.051         34 1.7495e+03 0.0000e+00
      0.022    25.7211     8.1276     99.648 114.446973     34.613      7.951   251.7009     1.2172    29.9349     0.0237      0.237      0.018      0.027         35 1.8091e+03 0.0000e+00
      0.065    25.7363     8.0365     98.540 112.060714     34.462      8.013   250.8681     1.2212    29.8006     0.0236      0.226      0.064      0.093         36 1.7489e+03 0.0000e+00
      0.111    25.7437     7.9488     97.483 109.547729     34.439      8.043   246.9309     1.2293    29.7737     0.0236      0.215      0.104      0.151         37 1.2896e+03 0.0000e+00
      0.142    25.7515     7.8697     96.521 107.127198     34.374      8.055   246.8173     1.7995     1.4676     0.0236      0.207      0.135      0.195         38 6.9447e+02 0.0000e+00
      0.159    25.7442     7.8154     95.853 104.315411     34.314      8.066   247.2716     1.8116     1.5616     0.0236      0.190      0.156      0.225         39 4.1301e+02 0.0000e+00
      0.177    25.7321     7.8210     95.918 101.493076     34.308      8.071   248.2559     1.8237     1.5616     0.0236      0.167      0.171      0.247         40 4.1623e+02 0.0000e+00
      0.184    25.7294     7.8718     96.534  99.041903     34.259      8.074   246.2873     1.8197     1.5348     0.0236      0.138      0.181      0.262         41 2.5853e+02 0.0000e+00
      0.192    25.7241     7.9135     97.050  96.647944     34.322      8.069   246.0980     2.0097     1.5079     0.0236      0.108      0.189      0.274         42 2.0255e+02 0.0000e+00
      0.204    25.7128     7.9258     97.206  94.113497     34.269      8.065   246.8552     2.0016     1.4810     0.0236      0.084      0.199      0.289         43 2.1684e+02 0.0000e+00
      0.214    25.7059     7.9100     97.014  91.785690     34.272      8.062   247.1202     2.0016     1.4810     0.0236      0.065      0.208      0.302         44 2.1273e+02 0.0000e+00
      0.218    25.7037     7.8718     96.538  89.759210     34.280      8.073   243.5616     2.0138     1.5348     0.0236      0.049      0.215      0.312         45 2.0677e+02 0.0000e+00
      0.225    25.7083     7.8042     95.703  88.031972     34.395      8.087   241.3659     1.9976     1.5616     0.0236      0.040      0.222      0.322         46 1.7865e+02 0.0000e+00
      0.236    25.7186     7.7079     94.527  86.479400     34.341      8.106   241.1009     2.1310     1.5348     0.0236      0.035      0.228      0.330         47 2.0570e+02 0.0000e+00
      0.233    25.7225     7.5801     92.971  84.846296     34.448      8.123   239.9273     2.1310     1.4408     0.0236      0.030      0.228      0.330         48 3.0758e+02 0.0000e+00
      0.226    25.7217     7.4531     91.423  83.056206     34.386      8.139   238.5266     2.1229     1.4676     0.0236      0.024      0.223      0.325         49 4.9187e+02 0.0000e+00
      0.225    25.7197     7.3457     90.114  81.277158     34.384      8.154   237.6937     2.1391     1.4676     0.0236      0.017      0.221      0.321         50 6.8886e+02 0.0000e+00
      0.225    25.7166     7.2436     88.869  79.572778     34.384      8.165   238.1102     2.1270     1.1856     0.0236      0.009      0.221      0.320         51 9.1862e+02 0.0000e+00
      0.224    25.7179     7.1845     88.146  77.972695     34.330      8.173   240.2302     2.1472     1.3199     0.0236      0.004      0.220      0.319         52 9.7485e+02 0.0000e+00
      0.224    25.7215     7.1620     87.872  76.533582     34.278      8.174   238.5266     2.1229     1.2528     0.0236     -0.000      0.220      0.319         53 1.0985e+03 0.0000e+00
      0.225    25.7218     7.2031     88.377  75.109163     34.332      8.173   239.7380     2.1229     1.3065     0.0236     -0.004      0.220      0.319         54 1.2363e+03 0.0000e+00
      0.224    25.7177     7.2847     89.379  73.594211     34.329      8.174   239.1323     2.1391     1.5079     0.0236     -0.005      0.220      0.320         55 1.0129e+03 0.0000e+00
      0.225    25.7147     7.4084     90.900  72.176864     34.384      8.176   238.7537     2.1229     1.5213     0.0236     -0.002      0.221      0.321         56 1.2367e+03 0.0000e+00
      0.226    25.7174     7.5449     92.576  70.969058     34.387      8.178   238.8295     2.1391     1.4139     0.0236     -0.000      0.221      0.321         57 1.4169e+03 0.0000e+00
      0.227    25.7238     7.6761     94.192  70.000310     34.499      8.175   238.0345     2.1229     1.5482     0.0236      0.001      0.221      0.321         58 8.3801e+02 0.0000e+00
      0.226    25.7302     7.7894     95.585  69.075434     34.607      8.176   237.5802     2.2240     1.4676     0.0237      0.001      0.221      0.321         59 1.0352e+03 0.0000e+00
      0.226    25.7353     7.8725     96.606  68.138799     34.686      8.175   235.1952     2.1998     1.5213     0.0237      0.001      0.221      0.321         60 1.1942e+03 0.0000e+00
      0.225    25.7391     7.9209     97.201  67.241074     34.846      8.167   236.8230     2.1876     1.4676     0.0238      0.001      0.219      0.319         61 8.7775e+02 0.0000e+00
      0.221    25.7407     7.9330     97.352  66.256141     34.898      8.164   235.4223     2.2240     1.4408     0.0238     -0.001      0.217      0.315         62 1.0726e+03 0.0000e+00
      0.219    25.7421     7.9369     97.403  65.298604     35.006      8.170   235.9902     2.3009     1.3065     0.0239     -0.002      0.216      0.313         63 1.1269e+03 0.0000e+00
      0.220    25.7427     7.9306     97.335  64.300240     35.005      8.176   236.4066     2.3049     1.3468     0.0239     -0.003      0.217      0.314         64 9.5657e+02 0.0000e+00
      0.223    25.7434     7.9252     97.273  63.285780     35.004      8.183   236.4066     2.2766     1.2393     0.0239     -0.003      0.218      0.317         65 8.9568e+02 0.0000e+00
      0.224    25.7448     7.9261     97.284  62.326105     34.948      8.189   233.5673     2.2523     1.2393     0.0238     -0.002      0.220      0.319         66 9.0656e+02 0.0000e+00
      0.225    25.7462     7.9195     97.207  61.397716     34.948      8.196   233.6430     2.2847     1.2796     0.0238     -0.001      0.221      0.320         67 1.0362e+03 0.0000e+00
      0.225    25.7491     7.9113     97.108  60.550987     34.891      8.201   232.6587     2.2645     1.2393     0.0238      0.001      0.221      0.320         68 1.6605e+03 0.0000e+00
      0.225    25.7507     7.8922     96.874  59.744353     34.946      8.207   232.6966     2.2685     1.2125     0.0238      0.002      0.221      0.320         69 1.0616e+03 0.0000e+00
      0.226    25.7513     7.8807     96.731  58.936458     34.944      8.213   233.7944     2.2604     1.3468     0.0238      0.003      0.221      0.321         70 6.0380e+02 0.0000e+00
      0.226    25.7525     7.8579     96.448  58.184499     34.998      8.220   232.5073     2.2604     1.2125     0.0239      0.003      0.221      0.321         71 1.3012e+03 0.0000e+00
      0.226    25.7534     7.8369     96.181  57.432152     34.997      8.224   232.5073     2.1876     1.4542     0.0239      0.002      0.221      0.321         72 1.0918e+03 0.0000e+00
      0.225    25.7557     7.8134     95.868  56.783323     35.051      8.225   232.7344     2.2079     1.3602     0.0239      0.001      0.220      0.320         73 7.4273e+02 0.0000e+00
      0.224    25.7603     7.7866     95.527  56.320189     35.189      8.222   232.7344     2.2159     1.2125     0.0239      0.000      0.219      0.319         74 7.0268e+02 0.0000e+00
      0.223    25.7628     7.7636     95.243  55.724218     35.242      8.222   232.1287     2.1998     1.2931     0.0240     -0.001      0.219      0.317         75 1.2929e+03 0.0000e+00
      0.223    25.7636     7.7380     94.919  55.121026     35.294      8.221   232.8859     2.1391     1.3333     0.0240     -0.001      0.219      0.317         76 1.1387e+03 0.0000e+00
      0.223    25.7654     7.7249     94.755  54.553474     35.375      8.222   235.1952     2.1472     1.2796     0.0240     -0.002      0.219      0.317         77 6.5683e+02 0.0000e+00
      0.223    25.7662     7.7037     94.494  53.878325     35.292      8.220   235.2709     2.1553     1.4005     0.0240     -0.002      0.219      0.317         78 8.5561e+02 0.0000e+00
      0.223    25.7661     7.6828     94.235  53.260446     35.345      8.221   235.4223     2.1351     1.2125     0.0240     -0.002      0.218      0.316         79 6.5239e+02 0.0000e+00
      0.221    25.7649     7.6656     94.003  52.589714     35.290      8.219   235.6494     2.3170     1.3468     0.0240     -0.002      0.216      0.315         80 1.0953e+03 0.0000e+00
      0.220    25.7636     7.6467     93.760  51.999065     35.345      8.216   234.6652     2.3292     1.2796     0.0240     -0.002      0.216      0.314         81 1.7513e+03 0.0000e+00
      0.221    25.7580     7.6309     93.565  51.323884     35.401      8.218   234.2866     2.3373     1.4408     0.0240     -0.001      0.216      0.314         82 1.9203e+03 0.0000e+00
      0.221    25.7449     7.6240     93.485  50.389578     35.402      8.216   237.6937     2.3656     1.2931     0.0240     -0.001      0.215      0.312         83 1.3714e+03 0.0000e+00
      0.217    25.7377     7.6106     93.330  49.651260     35.405      8.209   236.4823     2.2564     1.2796     0.0240     -0.003      0.213      0.309         84 1.0172e+03 0.0000e+00
      0.216    25.7355     7.5820     92.989  49.066366     35.360      8.205   235.1573     2.2766     1.2931     0.0240     -0.003      0.213      0.309         85 1.4385e+03 0.0000e+00
