Data/DataNotYetUploadedToEDI/Raw_CTD/RawDownloads/070918_fcr10.cnv
* Sea-Bird SBE19plus  Data File:
* FileName = C:\DATA\070918_fcr_0001.hex
* Software version 2.6.3.104
* Temperature SN = 7809
* Conductivity SN = 7809
* System UpLoad Time = Jul 10 2018 08:12:13
* <ApplicationData>
* <Seaterm232>
# nquan = 17
# nvalues = 221                         
# units = specified
# name 0 = depFM: Depth [fresh water, m]
# name 1 = tv290C: Temperature [ITS-90, deg C]
# name 2 = sbeox0Mg/L: Oxygen, SBE 43 [mg/l]
# name 3 = sbeox0PS: Oxygen, SBE 43 [% saturation]
# name 4 = c0uS/cm: Conductivity [uS/cm]
# name 5 = specc: Specific Conductance [uS/cm]
# name 6 = ph: pH
# name 7 = orp: Oxidation Reduction Potential [mV]
# name 8 = flECO-AFL: Fluorescence, WET Labs ECO-AFL/FL [mg/m^3]
# name 9 = turbWETntu0: Turbidity, WET Labs ECO [NTU]
# name 10 = sal00: Salinity, Practical [PSU]
# name 11 = dz/dtM: Descent Rate [m/s]
# name 12 = prdM: Pressure, Strain Gauge [db]
# name 13 = prdE: Pressure, Strain Gauge [psi]
# name 14 = scan: Scan Count
# name 15 = par/sat/log: PAR/Logarithmic, Satlantic
# name 16 = flag:  0.000e+00
# span 0 =     -0.475,      2.638       
# span 1 =    20.2324,    28.5967       
# span 2 =    -0.0533,    12.5793       
# span 3 =     -0.590,    143.263       
# span 4 =   0.516516,  83.003772       
# span 5 =      0.579,     91.356       
# span 6 =      6.265,      7.881       
# span 7 = -1137.3195,  1240.2295       
# span 8 =    -0.2385,     4.4804       
# span 9 =    -0.7346,    12.2503       
# span 10 =     0.0130,     0.0468      
# span 11 =     -0.030,      0.167      
# span 12 =     -0.466,      2.586      
# span 13 =     -0.675,      3.751      
# span 14 =          1,        221      
# span 15 = 5.5601e+01, 2.8146e+03      
# span 16 = 0.0000e+00, 0.0000e+00      
# interval = seconds: 0.25
# start_time = Jul 09 2018 16:10:00 [Instrument's time stamp, header]
# bad_flag = -9.990e-29
*END*
[from data line 86]
      0.694    25.9543     7.6358     94.066  35.571545     34.921      7.845   237.0502     2.9964     1.4273     0.0239      0.003      0.681      0.987         87 9.8207e+01 0.0000e+00
      0.694    25.9570     7.6543     94.294  35.589970     34.917      7.847   236.8987     2.9398     1.4945     0.0239      0.002      0.681      0.987         88 1.0125e+02 0.0000e+00
      0.694    25.9564     7.6343     94.054  35.580261     34.913      7.851   237.3530     2.9317     1.5616     0.0239      0.001      0.681      0.987         89 1.0465e+02 0.0000e+00
      0.693    25.9556     7.5827     93.426  35.583628     34.911      7.850   237.1259     2.9236     1.4408     0.0239      0.001      0.680      0.986         90 1.1212e+02 0.0000e+00
      0.693    25.9554     7.5295     92.763  35.585779     34.911      7.852   237.3152     2.9276     1.4542     0.0239      0.001      0.679      0.985         91 1.2105e+02 0.0000e+00
      0.693    25.9559     7.4912     92.282  35.577583     34.912      7.854   236.9744     2.9074     1.4676     0.0239      0.000      0.679      0.985         92 1.3481e+02 0.0000e+00
      0.693    25.9575     7.4405     91.651  35.534511     34.857      7.855   237.8830     2.8872     1.5348     0.0238     -0.000      0.677      0.983         93 1.4309e+02 0.0000e+00
      0.688    25.9582     7.3629     90.692  35.580066     34.912      7.851   238.1859     2.8953     1.4945     0.0239     -0.002      0.671      0.974         94 1.5618e+02 0.0000e+00
      0.673    25.9578     7.3150     90.103  35.639522     34.965      7.853   239.5109     2.8508     1.5885     0.0239     -0.007      0.661      0.959         95 1.7188e+02 0.0000e+00
      0.660    25.9607     7.2646     89.486  35.579148     34.910      7.860   238.1859     2.8953     1.4139     0.0239     -0.014      0.657      0.953         96 1.6280e+02 0.0000e+00
      0.681    25.9651     7.2371     89.148  35.536568     34.855      7.847   238.9430     2.8063     1.4676     0.0238     -0.013      0.667      0.966         97 1.5874e+02 0.0000e+00
      0.695    25.9656     7.2479     89.281  35.573880     34.908      7.830   238.6780     2.8225     1.5885     0.0239     -0.008      0.677      0.981         98 1.5865e+02 0.0000e+00
      0.696    25.9687     7.2842     89.729  35.592028     34.905      7.827   239.7759     2.8063     1.5482     0.0239     -0.002      0.677      0.981         99 1.4288e+02 0.0000e+00
      0.680    25.9730     7.3202     90.169  35.632614     34.960      7.832   238.9052     2.7618     1.4273     0.0239     -0.002      0.663      0.961        100 1.6136e+02 0.0000e+00
      0.650    25.9695     7.3324     90.321  35.642001     34.958      7.847   238.7537     2.8548     1.5348     0.0239     -0.008      0.643      0.933        101 1.6393e+02 0.0000e+00
      0.640    25.9635     7.3243     90.227  35.580344     34.900      7.854   238.9052     2.8710     1.4810     0.0239     -0.014      0.631      0.915        102 2.0201e+02 0.0000e+00
      0.638    25.9595     7.3042     89.989  35.531399     34.848      7.859   239.1702     2.8831     1.4810     0.0238     -0.018      0.628      0.910        103 2.0862e+02 0.0000e+00
      0.641    25.9578     7.2881     89.800  35.524967     34.851      7.862   239.6245     2.8751     1.4810     0.0238     -0.024      0.628      0.912        104 3.4386e+02 0.0000e+00
      0.643    25.9586     7.2760     89.661  35.588350     34.909      7.863   239.8137     2.8063     1.4810     0.0239     -0.030      0.630      0.915        105 4.3812e+02 0.0000e+00
      0.645    25.9603     7.2515     89.372  35.630467     34.965      7.866   240.0787     2.8225     1.4676     0.0239     -0.029      0.631      0.916        106 6.3938e+02 0.0000e+00
      0.643    25.9609     7.2181     88.970  35.591184     34.910      7.865   240.3816     2.8104     1.5885     0.0239     -0.021      0.632      0.917        107 7.2119e+02 0.0000e+00
      0.646    25.9612     7.1671     88.352  35.577922     34.909      7.869   240.4573     2.8063     1.4945     0.0239     -0.009      0.636      0.923        108 7.1056e+02 0.0000e+00
      0.658    25.9611     7.1071     87.623  35.587656     34.908      7.857   241.1009     2.9964     1.4945     0.0239      0.004      0.642      0.933        109 8.6139e+02 0.0000e+00
      0.660    25.9596     7.0338     86.730  35.579070     34.908      7.844   240.8359     2.9721     1.4945     0.0239      0.010      0.647      0.939        110 7.7303e+02 0.0000e+00
      0.663    25.9603     6.9366     85.542  35.588608     34.908      7.828   241.0630     3.0085     1.4945     0.0239      0.012      0.649      0.942        111 8.3928e+02 0.0000e+00
      0.663    25.9641     6.8337     84.283  35.635103     34.964      7.823   241.4416     2.9721     1.4810     0.0239      0.013      0.649      0.942        112 6.8212e+02 0.0000e+00
      0.661    25.9696     6.7359     83.087  35.639838     34.963      7.825   241.3280     2.9721     1.4810     0.0239      0.012      0.648      0.940        113 5.5651e+02 0.0000e+00
      0.659    25.9758     6.6440     81.963  35.642028     34.961      7.832   241.6687     3.0449     1.4408     0.0239      0.010      0.647      0.938        114 5.5608e+02 0.0000e+00
      0.660    25.9825     6.5563     80.889  35.721348     35.039      7.841   241.4037     3.0570     1.4273     0.0239      0.008      0.647      0.938        115 5.0776e+02 0.0000e+00
      0.660    25.9896     6.4749     79.893  35.719071     35.035      7.843   241.4416     3.0611     1.5482     0.0239      0.004      0.647      0.938        116 4.1633e+02 0.0000e+00
      0.661    25.9962     6.4034     79.018  35.733834     35.030      7.848   242.0095     3.0570     1.4945     0.0239      0.000      0.648      0.939        117 3.4786e+02 0.0000e+00
      0.662    26.0026     6.3453     78.305  35.791947     35.108      7.852   241.8202     2.9964     1.5213     0.0240     -0.000      0.649      0.941        118 4.4466e+02 0.0000e+00
      0.663    26.0092     6.3033     77.790  35.735721     35.021      7.856   241.9337     2.9923     1.4810     0.0239     -0.000      0.650      0.942        119 4.5591e+02 0.0000e+00
      0.663    26.0159     6.2680     77.358  35.774145     35.071      7.859   242.2366     2.9883     1.4408     0.0239      0.001      0.650      0.942        120 4.2482e+02 0.0000e+00
      0.663    26.0228     6.2314     76.912  35.773783     35.067      7.865   242.5016     2.9883     1.4810     0.0239      0.002      0.650      0.942        121 3.9544e+02 0.0000e+00
      0.663    26.0296     6.1978     76.502  35.736168     35.007      7.867   242.9180     2.9398     1.2931     0.0239      0.002      0.650      0.943        122 3.0878e+02 0.0000e+00
      0.663    26.0361     6.1594     76.032  35.791294     35.085      7.872   243.2588     2.9195     1.3602     0.0240      0.002      0.650      0.943        123 2.5203e+02 0.0000e+00
      0.663    26.0423     6.1235     75.595  35.794149     35.053      7.872   242.8802     2.9195     1.2796     0.0239      0.001      0.650      0.943        124 2.6873e+02 0.0000e+00
      0.664    26.0482     6.0906     75.194  35.762270     35.048      7.873   243.7130     2.9357     1.2796     0.0239      0.001      0.649      0.941        125 2.3928e+02 0.0000e+00
      0.658    26.0535     6.0540     74.739  35.741990     34.989      7.871   242.9938     3.0125     1.3333     0.0239     -0.001      0.645      0.935        126 2.2910e+02 0.0000e+00
      0.652    26.0580     6.0264     74.401  35.760067     35.040      7.874   244.7352     3.0085     1.2931     0.0239     -0.004      0.642      0.930        127 2.1098e+02 0.0000e+00
      0.653    26.0608     6.0086     74.187  35.739771     34.982      7.877   243.8645     2.9802     1.1856     0.0239     -0.005      0.643      0.932        128 2.0428e+02 0.0000e+00
      0.661    26.0630     6.0015     74.093  35.737590     35.006      7.877   244.0538     2.9964     1.2393     0.0239     -0.004      0.650      0.942        129 1.9462e+02 0.0000e+00
      0.674    26.0662     6.0100     74.194  35.733122     34.977      7.881   244.9245     2.9519     1.2528     0.0239      0.000      0.661      0.959        130 1.8720e+02 0.0000e+00
      0.686    26.0701     6.0147     74.255  35.715672     34.975      7.881   244.5459     2.9559     1.3199     0.0239      0.008      0.674      0.977        131 1.7495e+02 0.0000e+00
      0.700    26.0735     6.0376     74.538  35.729647     34.973      7.874   244.9623     2.9236     1.2528     0.0239      0.017      0.688      0.998        132 1.5909e+02 0.0000e+00
      0.719    26.0767     6.0754     75.000  35.715728     34.970      7.873   244.8488     2.9438     1.2796     0.0239      0.029      0.705      1.023        133 1.5014e+02 0.0000e+00
      0.739    26.0815     6.1036     75.336  35.732992     34.968      7.868   245.5680     2.9519     1.2259     0.0239      0.042      0.723      1.048        134 1.4276e+02 0.0000e+00
      0.751    26.0842     6.1330     75.684  35.797134     35.048      7.861   245.1138     2.9883     1.4945     0.0240      0.052      0.739      1.072        135 1.3894e+02 0.0000e+00
      0.771    26.0822     6.2093     76.614  35.784194     35.017      7.857   245.3030     3.0085     1.5348     0.0239      0.059      0.759      1.102        136 1.4073e+02 0.0000e+00
      0.803    26.0850     6.3327     78.125  35.778754     35.015      7.847   246.5145     3.0125     1.4139     0.0239      0.067      0.781      1.133        137 1.4220e+02 0.0000e+00
      0.811    26.0884     6.4821     79.959  35.774245     35.017      7.823   245.4166     2.9802     1.5348     0.0239      0.070      0.796      1.154        138 1.4015e+02 0.0000e+00
      0.820    26.0840     6.6318     81.800  35.730487     34.960      7.831   245.4923     3.0692     1.5616     0.0239      0.070      0.811      1.175        139 1.4278e+02 0.0000e+00
      0.851    26.0815     6.7735     83.543  35.744234     34.985      7.833   246.7795     3.0772     1.5482     0.0239      0.072      0.831      1.205        140 1.4296e+02 0.0000e+00
      0.866    26.0832     6.8894     84.970  35.727480     34.961      7.830   246.4766     3.0570     1.6153     0.0239      0.072      0.851      1.235        141 1.4011e+02 0.0000e+00
      0.887    26.0836     6.9844     86.137  35.632710     34.880      7.843   246.2873     3.0692     1.4542     0.0239      0.073      0.876      1.271        142 1.4130e+02 0.0000e+00
      0.931    26.0802     7.0537     86.987  35.654571     34.879      7.846   247.0445     3.1864     1.4676     0.0239      0.081      0.907      1.316        143 1.4078e+02 0.0000e+00
      0.953    26.0718     7.1005     87.561  35.700272     34.961      7.853   246.2495     3.1905     1.5616     0.0239      0.086      0.936      1.357        144 1.3818e+02 0.0000e+00
      0.981    26.0606     7.1251     87.865  35.605493     34.827      7.867   247.1202     3.1743     1.5616     0.0239      0.091      0.966      1.401        145 1.3695e+02 0.0000e+00
      1.025    26.0517     7.1116     87.689  35.624235     34.887      7.876   247.3473     3.1986     1.4676     0.0239      0.105      1.003      1.454        146 1.3702e+02 0.0000e+00
      1.059    26.0440     7.0952     87.480  35.647294     34.895      7.877   247.4988     3.2592     1.4408     0.0239      0.116      1.038      1.505        147 1.3656e+02 0.0000e+00
      1.092    26.0374     7.0567     87.006  35.636119     34.901      7.875   247.2338     3.2713     1.4139     0.0239      0.122      1.071      1.552        148 1.3238e+02 0.0000e+00
      1.125    26.0335     6.9967     86.264  35.638149     34.906      7.872   247.3095     3.2633     1.4945     0.0239      0.129      1.101      1.595        149 1.2772e+02 0.0000e+00
      1.148    26.0308     6.9187     85.306  35.644773     34.911      7.864   247.4230     3.2754     1.5348     0.0239      0.129      1.127      1.635        150 1.2377e+02 0.0000e+00
      1.177    26.0288     6.8365     84.297  35.716852     34.995      7.853   248.4073     3.3441     1.4139     0.0239      0.126      1.152      1.671        151 1.1973e+02 0.0000e+00
      1.200    26.0264     6.7540     83.285  35.696738     34.970      7.840   248.1045     3.3199     1.4676     0.0239      0.123      1.175      1.706        152 1.1824e+02 0.0000e+00
      1.221    26.0230     6.6789     82.366  35.640147     34.916      7.835   248.2559     3.3158     1.4139     0.0239      0.116      1.200      1.741        153 1.1738e+02 0.0000e+00
      1.254    26.0216     6.6221     81.672  35.638992     34.918      7.826   249.4295     3.3118     1.4945     0.0239      0.109      1.227      1.780        154 1.1743e+02 0.0000e+00
      1.278    26.0213     6.5676     81.006  35.638861     34.920      7.813   249.3916     3.3279     1.4139     0.0239      0.105      1.251      1.813        155 1.1757e+02 0.0000e+00
      1.291    26.0160     6.5259     80.497  35.640310     34.922      7.806   249.2402     3.3199     1.2528     0.0239      0.099      1.271      1.843        156 1.1621e+02 0.0000e+00
      1.323    26.0119     6.4823     79.967  35.637190     34.921      7.797   250.3002     3.2996     1.2259     0.0239      0.097      1.291      1.874        157 1.1716e+02 0.0000e+00
      1.336    26.0118     6.4465     79.530  35.642747     34.925      7.787   250.1109     3.3037     1.2662     0.0239      0.093      1.305      1.894        158 1.1890e+02 0.0000e+00
      1.336    26.0111     6.4011     78.968  35.633397     34.928      7.779   250.8681     3.2996     1.3602     0.0239      0.084      1.310      1.899        159 1.2007e+02 0.0000e+00
      1.337    26.0122     6.4119     79.086  35.648827     34.928      7.777   251.0195     3.4654     1.5482     0.0239      0.072      1.310      1.899        160 1.2126e+02 0.0000e+00
      1.334    26.0158     6.4811     79.916  35.712518     35.011      7.771   251.3223     3.4493     1.4139     0.0239      0.056      1.309      1.898        161 1.2493e+02 0.0000e+00
      1.333    26.0198     6.5849     81.159  35.732082     35.010      7.771   251.0195     3.4573     1.4945     0.0239      0.038      1.307      1.896        162 1.2170e+02 0.0000e+00
      1.333    26.0239     6.7434     83.068  35.743112     35.035      7.766   251.2466     3.4573     1.4676     0.0239      0.024      1.306      1.895        163 1.1679e+02 0.0000e+00
      1.331    26.0282     6.9310     85.349  35.728447     35.005      7.763   251.7388     3.3805     1.4810     0.0239      0.012      1.306      1.894        164 1.2264e+02 0.0000e+00
      1.333    26.0324     7.1300     87.763  35.631699     34.920      7.760   251.7009     3.3724     1.4810     0.0239      0.001      1.307      1.896        165 1.2505e+02 0.0000e+00
      1.335    26.0361     7.3019     89.838  35.655906     34.917      7.763   252.0038     3.3805     1.4542     0.0239     -0.002      1.310      1.900        166 1.2564e+02 0.0000e+00
      1.341    26.0408     7.4351     91.445  35.698318     34.996      7.755   252.0038     3.3846     1.3468     0.0239      0.001      1.314      1.905        167 1.2902e+02 0.0000e+00
      1.341    26.0452     7.5187     92.443  35.667890     34.911      7.755   252.2688     3.5261     1.4542     0.0239      0.003      1.314      1.906        168 1.3089e+02 0.0000e+00
      1.335    26.0431     7.5601     92.917  35.723430     35.018      7.756   252.1552     3.5140     1.4810     0.0239      0.003      1.318      1.912        169 1.2728e+02 0.0000e+00
      1.359    26.0327     7.5854     93.193  35.658855     34.905      7.755   252.0038     3.5220     1.4945     0.0239      0.009      1.338      1.942        170 1.2075e+02 0.0000e+00
