Data/DataNotYetUploadedToEDI/Raw_CTD/RawDownloads/070918_fcr30.cnv
* Sea-Bird SBE19plus  Data File:
* FileName = C:\DATA\070918_fcr_0003.hex
* Software version 2.6.3.104
* Temperature SN = 7809
* Conductivity SN = 7809
* System UpLoad Time = Jul 10 2018 08:12:39
* <ApplicationData>
* <Seaterm232>
# nquan = 17
# nvalues = 257                         
# units = specified
# name 0 = depFM: Depth [fresh water, m]
# name 1 = tv290C: Temperature [ITS-90, deg C]
# name 2 = sbeox0Mg/L: Oxygen, SBE 43 [mg/l]
# name 3 = sbeox0PS: Oxygen, SBE 43 [% saturation]
# name 4 = c0uS/cm: Conductivity [uS/cm]
# name 5 = specc: Specific Conductance [uS/cm]
# name 6 = ph: pH
# name 7 = orp: Oxidation Reduction Potential [mV]
# name 8 = flECO-AFL: Fluorescence, WET Labs ECO-AFL/FL [mg/m^3]
# name 9 = turbWETntu0: Turbidity, WET Labs ECO [NTU]
# name 10 = sal00: Salinity, Practical [PSU]
# name 11 = dz/dtM: Descent Rate [m/s]
# name 12 = prdM: Pressure, Strain Gauge [db]
# name 13 = prdE: Pressure, Strain Gauge [psi]
# name 14 = scan: Scan Count
# name 15 = par/sat/log: PAR/Logarithmic, Satlantic
# name 16 = flag:  0.000e+00
# span 0 =     -0.489,      5.448       
# span 1 =    11.2833,    26.7504       
# span 2 =    -1.0815,     8.3409       
# span 3 =    -10.300,    100.884       
# span 4 =   0.877510,  39.102929       
# span 5 =      0.891,     49.808       
# span 6 =      6.146,      8.588       
# span 7 =   174.0178,  1034.7403       
# span 8 =    -2.4747,     6.8742       
# span 9 =    -3.7021,    36.9040       
# span 10 =     0.0115,     0.0265      
# span 11 =     -0.018,      0.382      
# span 12 =     -0.479,      5.342      
# span 13 =     -0.694,      7.748      
# span 14 =          1,        257      
# span 15 = -1.487e+02, 2.7070e+03      
# span 16 = 0.0000e+00, 0.0000e+00      
# interval = seconds: 0.25
# start_time = Jul 09 2018 16:53:40 [Instrument's time stamp, header]
# bad_flag = -9.990e-29
*END*
     -0.487    23.9364     8.3357     98.915   0.877510      0.891      6.184   874.0363    -0.1617    -0.6406     0.0115      0.000     -0.478     -0.693          1 2.3289e+03 0.0000e+00
     -0.487    23.9365     8.3380     98.942   0.922803      0.948      6.191   865.2155    -0.1415    -0.5869     0.0115 -1.053e-16     -0.478     -0.693          2 3.8389e+02 0.0000e+00
     -0.487    23.9369     8.3372     98.932   0.990252      1.005      6.190   855.2591    -0.1779    -0.6943     0.0115      0.000     -0.478     -0.693          3 -1.487e+02 0.0000e+00
     -0.487    23.9372     8.3355     98.913   1.089638      1.119      6.192   855.1834    -0.1415    -0.3720     0.0115     -0.000     -0.478     -0.693          4 3.4125e+02 0.0000e+00
     -0.487    23.9374     8.3374     98.936   1.095188      1.119      6.184   863.3984    -0.1860    -0.4391     0.0115     -0.000     -0.478     -0.693          5 1.4669e+03 0.0000e+00
     -0.487    23.9377     8.3367     98.927   1.101774      1.119      6.185   862.9820    -0.1617    -0.5063     0.0115     -0.000     -0.478     -0.693          6 1.8652e+03 0.0000e+00
     -0.488    23.9380     8.3367     98.927   1.259085      1.290      6.186   864.1555    -0.1698    -0.3989     0.0115     -0.000     -0.478     -0.693          7 1.6331e+03 0.0000e+00
     -0.487    23.9384     8.3403     98.970   1.313918      1.347      6.189   868.2063    -0.1738    -0.4929     0.0115     -0.000     -0.478     -0.693          8 1.7611e+03 0.0000e+00
     -0.488    23.9385     8.3382     98.945   1.329609      1.347      6.219   939.3022    -0.1779    -0.3989     0.0115     -0.000     -0.478     -0.693          9 1.8180e+03 0.0000e+00
     -0.487    23.9382     8.3359     98.918   1.387594      1.433      6.284  1034.7403    -0.1698    -0.4794     0.0115     -0.000     -0.478     -0.693         10 1.9291e+03 0.0000e+00
     -0.488    23.9384     8.3377     98.938   1.419400      1.433      6.193   958.1551    -0.1415    -0.4526     0.0115     -0.000     -0.478     -0.693         11 1.9827e+03 0.0000e+00
     -0.487    23.9384     8.3399     98.965   1.438066      1.490      6.189   950.3944    -0.1496    -0.5063     0.0115     -0.000     -0.478     -0.693         12 2.0791e+03 0.0000e+00
     -0.487    23.9382     8.3399     98.965   1.423581      1.433      6.238   795.4068    -0.1779    -0.5197     0.0115     -0.000     -0.478     -0.693         13 1.9095e+03 0.0000e+00
     -0.488    23.9384     8.3396     98.962   1.496641      1.547      6.264   768.6417    -0.1698    -0.4660     0.0115     -0.000     -0.478     -0.694         14 1.7562e+03 0.0000e+00
     -0.488    23.9386     8.3398     98.964   1.465574      1.490      6.228   770.4967    -0.1536    -0.3989     0.0115     -0.000     -0.479     -0.694         15 1.7184e+03 0.0000e+00
     -0.488    23.9387     8.3395     98.960   1.462245      1.490      6.221   769.5503    -0.1900    -0.4257     0.0115     -0.000     -0.479     -0.694         16 1.7660e+03 0.0000e+00
     -0.488    23.9387     8.3371     98.932   1.500785      1.547      6.198   773.1088    -0.1698    -0.1840     0.0115     -0.000     -0.479     -0.694         17 1.8944e+03 0.0000e+00
     -0.488    23.9385     8.3409     98.977   1.417611      1.433      6.162   793.3246    -0.1698    -0.1572     0.0115     -0.000     -0.479     -0.694         18 1.9865e+03 0.0000e+00
     -0.488    23.9384     8.3380     98.943   1.388106      1.433      6.171   790.8260    -0.1617    -0.2377     0.0115     -0.000     -0.479     -0.694         19 1.9983e+03 0.0000e+00
     -0.488    23.9385     8.3353     98.911   1.419071      1.433      6.148   808.8082    -0.1860    -0.2243     0.0115     -0.000     -0.479     -0.694         20 2.0317e+03 0.0000e+00
     -0.488    23.9384     8.3357     98.916   1.408684      1.461      6.146   811.6475    -0.1941    -0.5466     0.0115     -0.000     -0.479     -0.694         21 1.8961e+03 0.0000e+00
     -0.488    23.9383     8.3361     98.920   1.282604      1.290      6.165   815.8118    -0.1617    -0.4794     0.0115     -0.000     -0.479     -0.694         22 1.8847e+03 0.0000e+00
     -0.487    23.9383     8.3364     98.925   1.250293      1.290      6.165   824.8219    -0.1577    -0.3183     0.0115      0.000     -0.478     -0.693         23 1.7251e+03 0.0000e+00
     -0.487    23.9384     8.3334     98.889   1.271250      1.290      6.179   816.5311    -0.1536    -0.3989     0.0115      0.000     -0.478     -0.693         24 1.9922e+03 0.0000e+00
     -0.488    23.9384     8.3379     98.943   1.256524      1.290      6.215   782.2703    -0.1658    -0.3854     0.0115      0.000     -0.478     -0.693         25 2.0244e+03 0.0000e+00
     -0.488    23.9383     8.3358     98.919   1.268620      1.290      6.220   751.6059    -0.1536    -0.3452     0.0115      0.000     -0.478     -0.694         26 2.4421e+03 0.0000e+00
     -0.488    23.9385     8.3314     98.867   1.256196      1.290      6.211   755.0509    -0.1455    -0.4660     0.0115      0.000     -0.478     -0.694         27 1.7827e+03 0.0000e+00
     -0.488    23.9384     8.3374     98.939   1.212769      1.233      6.208   745.4731    -0.1860    -0.4660     0.0115      0.000     -0.478     -0.694         28 8.4695e+02 0.0000e+00
     -0.488    23.9386     8.3362     98.926   1.145021      1.176      6.213   731.3144    -0.1698    -0.3989     0.0115     -0.000     -0.478     -0.694         29 1.4834e+03 0.0000e+00
     -0.488    23.9388     8.3334     98.893   1.103651      1.119      6.209   726.0523    -0.2305    -0.6406     0.0115     -0.000     -0.478     -0.694         30 6.4521e+02 0.0000e+00
     -0.488    23.9387     8.3357     98.921   1.086610      1.119      6.214   714.6951    -0.2385    -0.6406     0.0115     -0.000     -0.478     -0.694         31 1.5600e+03 0.0000e+00
     -0.488    23.9390     8.3372     98.939   1.107014      1.119      6.212   706.8965    -0.2385    -0.7211     0.0115     -0.000     -0.478     -0.694         32 2.2072e+03 0.0000e+00
     -0.488    23.9392     8.3348     98.911   1.137473      1.176      6.216   698.5679    -0.2021    -0.6003     0.0115     -0.000     -0.479     -0.694         33 1.8303e+03 0.0000e+00
     -0.488    23.9393     8.3335     98.896   1.048704      1.062      6.211   696.6751    -0.1779    -0.2780     0.0115     -0.000     -0.479     -0.694         34 2.0403e+03 0.0000e+00
     -0.488    23.9395     8.3315     98.873   1.039843      1.062      6.191   695.2365    -0.1698    -0.2243     0.0115      0.000     -0.478     -0.693         35 1.7396e+03 0.0000e+00
     -0.488    23.9400     8.3353     98.919   1.089286      1.119      6.188   704.7387    -0.1658    -0.2109     0.0115      0.000     -0.478     -0.693         36 1.7114e+03 0.0000e+00
     -0.488    23.9404     8.3327     98.888   1.046387      1.062      6.195   694.5172    -0.1617    -0.1706     0.0115      0.000     -0.478     -0.694         37 1.6164e+03 0.0000e+00
     -0.488    23.9407     8.3302     98.859   1.034018      1.062      6.204   679.2229    -0.1779    -0.2377     0.0115      0.000     -0.478     -0.694         38 1.6416e+03 0.0000e+00
     -0.488    23.9409     8.3348     98.913   1.045466      1.062      6.207   672.9764    -0.1536    -0.3317     0.0115     -0.000     -0.478     -0.694         39 1.6091e+03 0.0000e+00
     -0.488    23.9412     8.3334     98.897   1.032140      1.062      6.205   681.2293    -0.1496    -0.2243     0.0115      0.000     -0.479     -0.694         40 1.6059e+03 0.0000e+00
     -0.489    23.9415     8.3297     98.854   0.991389      1.005      6.204   677.2921    -0.1334    -0.2243     0.0115     -0.000     -0.479     -0.694         41 1.5903e+03 0.0000e+00
     -0.488    23.9417     8.3370     98.941   0.977753      1.005      6.207   672.4843    -0.1617    -0.2377     0.0115     -0.000     -0.479     -0.694         42 1.5919e+03 0.0000e+00
     -0.488    23.9423     8.3311     98.871   0.989896      1.005      6.207   666.6543    -0.1900    -0.3720     0.0115     -0.000     -0.479     -0.694         43 1.5810e+03 0.0000e+00
     -0.488    23.9426     8.3354     98.923   1.035490      1.062      6.207   659.1207    -0.1617    -0.1706     0.0115     -0.000     -0.479     -0.694         44 1.5659e+03 0.0000e+00
     -0.489    23.9426     8.3305     98.865   0.980225      1.005      6.205   666.7678    -0.1698    -0.1169     0.0115     -0.000     -0.479     -0.694         45 1.5268e+03 0.0000e+00
     -0.488    23.9429     8.3346     98.914   0.940245      0.948      6.212   655.1835    -0.1698    -0.2243     0.0115     -0.000     -0.479     -0.694         46 1.5043e+03 0.0000e+00
     -0.488    23.9431     8.3291     98.849   1.026030      1.062      6.212   653.0635    -0.1738    -0.4929     0.0115     -0.000     -0.479     -0.694         47 1.4812e+03 0.0000e+00
     -0.488    23.9434     8.3331     98.897   0.991894      1.005      6.216   647.4606    -0.1536    -0.3720     0.0115     -0.000     -0.479     -0.694         48 1.4765e+03 0.0000e+00
     -0.488    23.9436     8.3310     98.873   0.923514      0.948      6.213   649.0885    -0.1819    -0.4929     0.0115      0.000     -0.478     -0.694         49 1.4580e+03 0.0000e+00
     -0.488    23.9437     8.3313     98.877   0.933486      0.948      6.202   673.7336    -0.1658    -0.4526     0.0115      0.000     -0.478     -0.694         50 1.4207e+03 0.0000e+00
     -0.488    23.9440     8.3354     98.925   0.979483      1.005      6.182   722.6830    -0.1455    -0.3854     0.0115      0.000     -0.478     -0.694         51 1.5554e+03 0.0000e+00
     -0.488    23.9442     8.3347     98.917   0.984700      1.005      6.192   722.8723    -0.1334    -0.3586     0.0115      0.000     -0.478     -0.694         52 1.6965e+03 0.0000e+00
     -0.488    23.9444     8.3330     98.896   0.986207      1.005      6.203   716.7773    -0.1213    -0.3854     0.0115      0.000     -0.479     -0.694         53 1.7624e+03 0.0000e+00
     -0.488    23.9446     8.3357     98.929   0.977607      1.005      6.212   719.0487    -0.1860    -0.5331     0.0115     -0.000     -0.479     -0.694         54 1.7688e+03 0.0000e+00
     -0.488    23.9448     8.3355     98.927   0.936189      0.948      6.214   724.0458    -0.0283    -0.0363     0.0115      0.000     -0.478     -0.694         55 1.8359e+03 0.0000e+00
     -0.488    23.9452     8.3315     98.879   0.978538      1.005      6.218   714.7330    -0.0323     0.0711     0.0115      0.000     -0.478     -0.693         56 1.7675e+03 0.0000e+00
     -0.487    23.9454     8.3314     98.879   0.984119      1.005      6.217   729.3080    -0.0323     0.0845     0.0115      0.000     -0.478     -0.693         57 1.6250e+03 0.0000e+00
     -0.488    23.9455     8.3324     98.890   0.988456      1.005      6.224   708.4487    -0.0283    -0.1034     0.0115      0.000     -0.478     -0.693         58 1.8756e+03 0.0000e+00
     -0.488    23.9457     8.3317     98.883   1.032353      1.062      6.225   702.8458     0.0405    -0.0095     0.0115      0.000     -0.478     -0.693         59 1.9478e+03 0.0000e+00
     -0.488    23.9459     8.3336     98.905   1.166346      1.176      6.227   700.8015     0.0526     0.0980     0.0115      0.000     -0.478     -0.694         60 1.8875e+03 0.0000e+00
     -0.488    23.9460     8.3365     98.943   1.443456      1.489      6.230   696.2208     0.0122    -0.0363     0.0115      0.000     -0.478     -0.694         61 1.9085e+03 0.0000e+00
     -0.489    23.9460     8.3293     98.864   1.575717      1.603      6.229   692.4350     0.0405    -0.0229     0.0115     -0.000     -0.478     -0.694         62 1.8886e+03 0.0000e+00
     -0.488    23.9459     8.3242     98.811   1.623508      1.660      6.224   689.4443     0.0405     0.0174     0.0115     -0.000     -0.478     -0.694         63 1.9262e+03 0.0000e+00
     -0.488    23.9460     8.3114     98.667   1.739274      1.774      6.225   686.4536    -0.1698    -0.1974     0.0115     -0.000     -0.479     -0.694         64 1.9411e+03 0.0000e+00
     -0.489    23.9461     8.2549     98.537   1.727729      1.774      6.222   684.8257    -0.1658    -0.2243     0.0115     -0.001     -0.479     -0.694         65 1.9274e+03 0.0000e+00
     -0.488    23.9462     8.1297     98.372   1.637876      1.660      6.223   678.2386    -0.1577    -0.2780     0.0115     -0.000     -0.479     -0.694         66 1.9356e+03 0.0000e+00
     -0.488    23.9463     8.0318     98.185   1.614229      1.660      6.227   669.0014    -0.1536    -0.2377     0.0115     -0.000     -0.478     -0.694         67 2.0135e+03 0.0000e+00
     -0.487    23.9463     7.9544     97.941   1.697939      1.717      6.231   661.7707    -0.1698    -0.4123     0.0115      0.000     -0.478     -0.694         68 2.2473e+03 0.0000e+00
     -0.488    23.9466     7.8886     97.701   1.652131      1.717      6.239   635.0813    -0.1698    -0.3989     0.0115      0.000     -0.479     -0.694         69 2.4642e+03 0.0000e+00
     -0.488    23.9466     7.8400     97.476   1.730452      1.717      6.241   622.5506    -0.1577    -0.4660     0.0115      0.000     -0.479     -0.694         70 2.3921e+03 0.0000e+00
     -0.487    23.9487     7.8136     97.353   1.659688      1.774      6.243   608.8084    -0.1496    -0.3989     0.0115      0.000     -0.478     -0.693         71 2.5013e+03 0.0000e+00
     -0.487    23.9515     7.7911     97.197   1.858630      1.774      6.237   604.8334     0.7764    -3.7021     0.0115      0.000     -0.478     -0.693         72 2.3064e+03 0.0000e+00
     -0.488    23.9565     7.7830     97.173   1.542089      1.774      6.236   605.4012     0.7683    -3.6081     0.0115      0.000     -0.478     -0.693         73 1.7657e+03 0.0000e+00
     -0.488    23.9593     7.8668     98.263   1.994401      1.717      6.236   599.3441     0.7683    -3.6350     0.0115      0.000     -0.477     -0.692         74 1.9615e+03 0.0000e+00
     -0.488    24.2724     7.9316     99.109   1.177301      1.717      6.235   594.9148     0.7926    -3.5276     0.0115      0.000     -0.471     -0.684         75 8.6276e+02 0.0000e+00
     -0.470    24.9709     7.9704     99.578   3.062296      2.258      6.251   501.8616    -1.1484    -1.8222     0.0116      0.005     -0.442     -0.643         76 5.2294e+02 0.0000e+00
     -0.393    25.5461     8.0447    100.443  20.205814     20.833      6.898   309.3954    -1.1281    -1.8759     0.0178      0.028     -0.381     -0.553         77 2.4461e+03 0.0000e+00
     -0.304    25.9337     8.0630    100.576  34.952249     35.310      7.490   272.9388    -1.1281    -1.7417     0.0238      0.069     -0.307     -0.446         78 2.7070e+03 0.0000e+00
     -0.247    26.2596     8.0055     99.742  35.686465     35.087      7.784   272.4467    -1.1241    -1.8625     0.0238      0.113     -0.252     -0.365         79 2.3575e+03 0.0000e+00
     -0.219    26.4713     7.8835     98.155  35.508661     34.979      7.920   300.1203    -2.4464    36.8502     0.0239      0.148     -0.220     -0.318         80 2.4379e+03 0.0000e+00
     -0.204    26.5916     7.7144     95.990  35.855445     34.895      7.990   317.6861    -2.4342    36.8502     0.0239      0.169     -0.204     -0.295         81 2.3494e+03 0.0000e+00
     -0.199    26.6614     7.5618     94.004  35.729269     34.750      8.017   308.4489    -2.4625    36.7831     0.0239      0.174     -0.196     -0.285         82 2.5028e+03 0.0000e+00
     -0.197    26.7056     7.4399     92.387  35.813865     34.671      8.018   306.7075    -2.4585    36.9040     0.0239      0.159     -0.190     -0.276         83 2.3675e+03 0.0000e+00
     -0.188    26.7311     7.4038     91.846  35.779759     34.651      8.003   320.6768    -2.4747    36.7831     0.0239      0.129     -0.168     -0.243         84 2.5141e+03 0.0000e+00
     -0.139    26.7504     7.4807     92.727  36.038599     34.810      7.949   181.2486     1.5124     0.4605     0.0240      0.097     -0.081     -0.117         85 2.1281e+03 0.0000e+00
