Data/DataNotYetUploadedToEDI/Raw_CTD/RawDownloads/070920_fcr50_b.cnv
* Sea-Bird SBE19plus  Data File:
* FileName = C:\DATA\070920_fcr50_b_0004.hex
* Software version 2.8.0.119
* Temperature SN = 7809
* Conductivity SN = 7809
* System UpLoad Time = Jul 09 2020 18:52:36
* <ApplicationData>
* <Seaterm232>
# nquan = 16
# nvalues = 2110                        
# units = specified
# name 0 = depFM: Depth [fresh water, m]
# name 1 = dz/dtM: Descent Rate [m/s]
# name 2 = sbeox0ML/L: Oxygen, SBE 43 [ml/l]
# name 3 = sbeox0PS: Oxygen, SBE 43 [% saturation]
# name 4 = specc: Specific Conductance [uS/cm]
# name 5 = c0uS/cm: Conductivity [uS/cm]
# name 6 = flECO-AFL: Fluorescence, WET Labs ECO-AFL/FL [mg/m^3]
# name 7 = ph: pH
# name 8 = orp: Oxidation Reduction Potential [mV]
# name 9 = par/sat/log: PAR/Logarithmic, Satlantic
# name 10 = turbWETntu0: Turbidity, WET Labs ECO [NTU]
# name 11 = prdM: Pressure, Strain Gauge [db]
# name 12 = prdE: Pressure, Strain Gauge [psi]
# name 13 = tv290C: Temperature [ITS-90, deg C]
# name 14 = density00: Density [density, kg/m^3]
# name 15 = flag:  0.000e+00
# span 0 =     -0.662,      9.669       
# span 1 =     -0.782,      4.245       
# span 2 =    -0.0398,     8.4771       
# span 3 =     -0.480,    140.547       
# span 4 =      0.970,    309.611       
# span 5 =   1.091547, 220.651743       
# span 6 =    -0.9214,    31.5811       
# span 7 =      5.890,      8.889       
# span 8 =  -335.0815,   260.0040       
# span 9 = 1.2326e-01, 8.2871e+02       
# span 10 =    -0.3608,   286.8633      
# span 11 =     -0.649,      9.482      
# span 12 =     -0.942,     13.753      
# span 13 =    10.3029,    31.2838      
# span 14 =   995.2617,   999.8067      
# span 15 = 0.0000e+00, 0.0000e+00      
# interval = seconds: 0.25
# start_time = Jul 09 2020 02:22:06 [Instrument's time stamp, header]
# bad_flag = -9.990e-29
*END*
[from data line 724]
      3.103      0.025     1.0412     11.522     39.295  31.732203    12.3742      7.182   134.1730 3.1439e+01     2.7964      3.039      4.409    15.4460   999.0641 0.0000e+00
      3.113      0.027     0.9582     11.167     39.391  31.792727    12.1299      7.177   135.4991 3.1026e+01     2.8680      3.053      4.429    15.4289   999.0668 0.0000e+00
      3.122      0.029     0.8866     11.008     39.490  31.854222    11.9964      7.171   136.1467 3.0801e+01     2.9523      3.063      4.444    15.4148   999.0692 0.0000e+00
      3.127      0.029     0.8363     11.010     39.575  31.904694    11.9899      7.166   136.1518 3.0569e+01     2.9917      3.065      4.446    15.3964   999.0720 0.0000e+00
      3.134      0.029     0.8042     11.085     39.665  31.958824    11.9948      7.163   135.6468 3.0209e+01     2.9671      3.072      4.454    15.3723   999.0758 0.0000e+00
      3.143      0.030     0.7759     11.212     39.743  32.001115    12.0645      7.161   134.6865 2.9937e+01     2.9294      3.084      4.473    15.3521   999.0790 0.0000e+00
      3.149      0.032     0.7667     11.349     39.816  32.035326    12.2135      7.158   134.8655 2.9729e+01     2.9477      3.088      4.478    15.3299   999.0825 0.0000e+00
      3.155      0.033     0.7713     11.461     39.874  32.055197    12.3087      7.155   136.2626 2.9365e+01     2.9823      3.091      4.483    15.3044   999.0864 0.0000e+00
      3.166      0.032     0.7753     11.570     39.903  32.051009    12.3283      7.152   137.3826 2.8926e+01     2.9701      3.104      4.501    15.2830   999.0899 0.0000e+00
      3.178      0.032     0.7865     11.667     39.929  32.048098    12.2969      7.149   137.8242 2.8550e+01     2.9021      3.117      4.521    15.2587   999.0936 0.0000e+00
      3.187      0.032     0.7983     11.738     39.996  32.083414    12.2253      7.147   137.7303 2.8272e+01     2.8134      3.127      4.536    15.2265   999.0987 0.0000e+00
      3.192      0.031     0.8044     11.771     40.107  32.160758    12.1872      7.144   137.5377 2.8117e+01     2.7904      3.131      4.542    15.1917   999.1041 0.0000e+00
      3.197      0.031     0.8143     11.748     40.198  32.221875    12.1515      7.139   137.3885 2.7947e+01     2.8294      3.133      4.545    15.1573   999.1094 0.0000e+00
      3.203      0.031     0.8213     11.657     40.255  32.251337    11.6686      7.134   137.5614 2.7639e+01     2.8394      3.140      4.555    15.1242   999.1145 0.0000e+00
      3.212      0.031     0.8273     11.530     40.295  32.263173    10.7555      7.129   138.5096 2.7295e+01     2.8079      3.150      4.569    15.1019   999.1178 0.0000e+00
      3.222      0.030     0.8301     11.397     40.291  32.238063    10.2376      7.125   139.2161 2.6926e+01     2.7922      3.159      4.581    15.0904   999.1197 0.0000e+00
      3.233      0.028     0.8297     11.232     40.272  32.201498    10.1659      7.122   139.2215 2.6610e+01     2.8213      3.172      4.600    15.0771   999.1218 0.0000e+00
      3.241      0.023     0.8227     11.032     40.297  32.201730     9.9557      7.120   138.9187 2.6502e+01     2.7824      3.181      4.614    15.0569   999.1250 0.0000e+00
      3.245      0.019     0.8120     10.836     40.367  32.240840     9.5651      7.119   137.7918 2.6450e+01     2.6651      3.182      4.615    15.0311   999.1289 0.0000e+00
      3.247      0.017     0.8056     10.634     40.450  32.293670     9.3437      7.117   136.6098 2.6385e+01     2.5705      3.184      4.618    15.0034   999.1330 0.0000e+00
      3.248      0.017     0.7939     10.417     40.517  32.332894     9.3288      7.115   136.7587 2.6352e+01     2.4966      3.186      4.621    14.9763   999.1371 0.0000e+00
      3.250      0.017     0.7786     10.219     40.540  32.334392     9.3943      7.113   137.1828 2.6226e+01     2.4922      3.185      4.620    14.9501   999.1410 0.0000e+00
      3.256      0.020     0.7655     10.043     40.535  32.311761     9.4975      7.113   137.5223 2.5988e+01     2.5171      3.192      4.630    14.9294   999.1442 0.0000e+00
      3.265      0.023     0.7531      9.884     40.555  32.313032     9.5369      7.112   138.1089 2.5806e+01     2.4895      3.203      4.646    14.9142   999.1466 0.0000e+00
      3.271      0.027     0.7351      9.748     40.615  32.349751     9.5270      7.110   136.8767 2.5724e+01     2.4673      3.209      4.654    14.8986   999.1489 0.0000e+00
      3.276      0.030     0.7227      9.626     40.663  32.375019     9.5301      7.107   134.3248 2.5584e+01     2.4888      3.211      4.657    14.8776   999.1522 0.0000e+00
      3.284      0.030     0.7105      9.501     40.674  32.364743     9.5842      7.104   133.3247 2.5272e+01     2.5433      3.219      4.668    14.8515   999.1561 0.0000e+00
      3.294      0.030     0.6991      9.351     40.684  32.352379     9.6760      7.103   133.3884 2.4875e+01     2.5426      3.230      4.685    14.8324   999.1589 0.0000e+00
      3.304      0.031     0.6900      9.166     40.706  32.352402     9.7154      7.101   133.9764 2.4597e+01     2.4805      3.241      4.701    14.8225   999.1605 0.0000e+00
      3.311      0.032     0.6821      8.951     40.741  32.364999     9.7167      7.098   135.0997 2.4477e+01     2.4799      3.248      4.711    14.8086   999.1626 0.0000e+00
      3.316      0.030     0.6743      8.721     40.775  32.377776     9.8066      7.095   134.5805 2.4258e+01     2.5348      3.250      4.713    14.7826   999.1665 0.0000e+00
      3.324      0.028     0.6640      8.464     40.792  32.379968     9.9727      7.093   132.6025 2.3843e+01     2.5945      3.258      4.725    14.7545   999.1706 0.0000e+00
      3.335      0.026     0.6518      8.219     40.816  32.391497    10.0556      7.092   131.8345 2.3542e+01     2.6180      3.273      4.746    14.7336   999.1738 0.0000e+00
      3.341      0.026     0.6348      8.010     40.823  32.390261    10.0362      7.089   132.0905 2.3461e+01     2.5785      3.279      4.755    14.7166   999.1764 0.0000e+00
      3.344      0.025     0.6211      7.805     40.805  32.365008     9.8915      7.086   132.6015 2.3309e+01     2.5638      3.277      4.753    14.6996   999.1789 0.0000e+00
      3.349      0.023     0.6008      7.607     40.794  32.339955     9.6316      7.084   133.4521 2.3002e+01     2.6123      3.283      4.761    14.6839   999.1812 0.0000e+00
      3.357      0.022     0.5820      7.438     40.814  32.341119     9.4781      7.082   133.5131 2.2735e+01     2.6492      3.294      4.778    14.6755   999.1825 0.0000e+00
      3.364      0.022     0.5699      7.293     40.871  32.379067     9.4371      7.080   132.8222 2.2561e+01     2.6331      3.300      4.786    14.6707   999.1833 0.0000e+00
      3.368      0.023     0.5546      7.182     40.924  32.418082     9.1546      7.077   132.4989 2.2431e+01     2.5892      3.304      4.792    14.6581   999.1850 0.0000e+00
      3.372      0.022     0.5399      7.107     40.947  32.432150     8.6476      7.074   132.6152 2.2291e+01     2.5639      3.307      4.796    14.6330   999.1887 0.0000e+00
      3.377      0.022     0.5290      7.032     40.947  32.422258     8.3808      7.072   132.9381 2.2006e+01     2.5670      3.311      4.800    14.6129   999.1918 0.0000e+00
      3.386      0.022     0.5181      6.947     40.970  32.425369     8.3409      7.070   133.3046 2.1695e+01     2.5589      3.321      4.816    14.6056   999.1929 0.0000e+00
      3.393      0.023     0.5096      6.875     41.046  32.469743     8.2509      7.068   133.5183 2.1563e+01     2.5341      3.331      4.831    14.6031   999.1933 0.0000e+00
      3.396      0.026     0.5063      6.816     41.124  32.514622     8.1233      7.066   133.6296 2.1483e+01     2.5079      3.330      4.830    14.6025   999.1934 0.0000e+00
      3.399      0.027     0.5009      6.761     41.160  32.523846     8.0758      7.064   133.7050 2.1267e+01     2.5173      3.331      4.831    14.5899   999.1952 0.0000e+00
      3.407      0.027     0.4942      6.724     41.180  32.517791     8.0959      7.062   133.7408 2.0925e+01     2.5779      3.339      4.843    14.5674   999.1986 0.0000e+00
      3.418      0.026     0.4893      6.704     41.195  32.504840     8.0904      7.060   133.8042 2.0583e+01     2.5888      3.352      4.861    14.5500   999.2013 0.0000e+00
      3.428      0.026     0.4862      6.683     41.213  32.494124     7.9798      7.057   133.8695 2.0315e+01     2.4774      3.363      4.878    14.5308   999.2041 0.0000e+00
      3.435      0.027     0.4813      6.628     41.268  32.515089     7.7883      7.055   133.6699 2.0162e+01     2.3294      3.369      4.888    14.5071   999.2075 0.0000e+00
      3.437      0.028     0.4793      6.525     41.358  32.567950     7.6833      7.054   133.4564 2.0090e+01     2.2754      3.371      4.890    14.4795   999.2115 0.0000e+00
      3.440      0.028     0.4786      6.400     41.449  32.625653     7.6834      7.052   133.6104 1.9914e+01     2.3396      3.371      4.889    14.4493   999.2159 0.0000e+00
      3.447      0.029     0.4781      6.247     41.483  32.641723     7.7316      7.050   133.8976 1.9574e+01     2.4538      3.379      4.900    14.4189   999.2203 0.0000e+00
      3.459      0.033     0.4758      6.062     41.490  32.635334     7.8090      7.048   134.3482 1.9241e+01     2.5228      3.394      4.922    14.3900   999.2246 0.0000e+00
      3.471      0.039     0.4665      5.865     41.560  32.675285     7.8564      7.044   134.8421 1.9031e+01     2.5561      3.406      4.940    14.3674   999.2279 0.0000e+00
      3.478      0.044     0.4588      5.672     41.670  32.744050     7.8748      7.039   135.1375 1.8863e+01     2.6161      3.411      4.947    14.3514   999.2302 0.0000e+00
      3.486      0.049     0.4482      5.503     41.810  32.832265     7.8503      7.033   134.7365 1.8567e+01     2.6302      3.416      4.955    14.3412   999.2318 0.0000e+00
      3.500      0.055     0.4341      5.366     42.032  32.980457     7.7795      7.023   133.6926 1.8195e+01     2.5892      3.432      4.978    14.3271   999.2339 0.0000e+00
      3.516      0.061     0.4201      5.228     42.193  33.076451     7.7440      7.012   133.5301 1.7876e+01     2.5673      3.449      5.002    14.3072   999.2367 0.0000e+00
      3.532      0.062     0.4060      5.089     42.190  33.041135     7.7451      7.004   134.4056 1.7462e+01     2.5715      3.460      5.018    14.2882   999.2395 0.0000e+00
      3.554      0.058     0.3928      4.967     42.176  32.997568     7.6499      6.999   135.1577 1.6937e+01     2.5028      3.483      5.052    14.2628   999.2433 0.0000e+00
      3.576      0.049     0.3855      4.834     42.209  32.993802     7.4697      6.995   134.3632 1.6628e+01     2.3538      3.513      5.095    14.2308   999.2481 0.0000e+00
      3.588      0.038     0.3757      4.702     42.243  32.995562     7.3783      6.994   132.3721 1.6595e+01     2.2816      3.521      5.109    14.1950   999.2533 0.0000e+00
      3.590      0.028     0.3641      4.591     42.298  33.018815     7.3462      6.994   131.3025 1.6594e+01     2.2815      3.520      5.105    14.1540   999.2590 0.0000e+00
      3.591      0.021     0.3587      4.517     42.400  33.084588     7.1858      6.994   131.0667 1.6579e+01     2.3186      3.522      5.109    14.1143   999.2646 0.0000e+00
      3.591      0.018     0.3473      4.482     42.509  33.156291     6.9178      6.995   131.3278 1.6572e+01     2.3530      3.522      5.108    14.0785   999.2696 0.0000e+00
      3.594      0.021     0.3384      4.473     42.567  33.187794     6.7665      6.996   132.1372 1.6479e+01     2.3187      3.522      5.109    14.0472   999.2740 0.0000e+00
      3.601      0.026     0.3296      4.469     42.617  33.211670     6.7489      6.996   132.2487 1.6308e+01     2.2816      3.531      5.121    14.0254   999.2770 0.0000e+00
      3.611      0.031     0.3245      4.469     42.693  33.254609     6.7529      6.995   131.3847 1.6131e+01     2.2821      3.542      5.137    14.0116   999.2790 0.0000e+00
      3.622      0.032     0.3226      4.527     42.730  33.262794     6.7952      6.992   130.4677 1.5932e+01     2.2910      3.551      5.151    13.9970   999.2812 0.0000e+00
      3.632      0.030     0.3221      4.599     42.735  33.247158     6.8603      6.989   129.9368 1.5741e+01     2.2862      3.563      5.167    13.9793   999.2837 0.0000e+00
      3.642      0.025     0.3240      4.634     42.767  33.255879     6.8815      6.987   129.6978 1.5656e+01     2.2585      3.573      5.182    13.9634   999.2859 0.0000e+00
      3.647      0.019     0.3196      4.681     42.766  33.241316     6.8801      6.985   129.7292 1.5663e+01     2.2642      3.577      5.188    13.9450   999.2885 0.0000e+00
      3.649      0.014     0.3265      4.751     42.725  33.197971     6.8336      6.983   130.6600 1.5682e+01     2.3214      3.578      5.189    13.9190   999.2922 0.0000e+00
      3.650      0.009     0.3350      4.812     42.710  33.175942     6.7196      6.982   131.6597 1.5686e+01     2.3663      3.579      5.191    13.8936   999.2956 0.0000e+00
      3.651      0.005     0.3337      4.864     42.709  33.165298     6.6468      6.979   131.0625 1.5692e+01     2.3611      3.581      5.194    13.8755   999.2982 0.0000e+00
      3.653      0.004     0.3376      4.898     42.680  33.132723     6.6304      6.978   130.0637 1.5720e+01     2.2927      3.582      5.196    13.8602   999.3004 0.0000e+00
      3.653      0.004     0.3448      4.917     42.648  33.099323     6.5686      6.977   129.6500 1.5756e+01     2.2607      3.582      5.196    13.8463   999.3022 0.0000e+00
      3.653      0.007     0.3480      4.946     42.710  33.142155     6.4627      6.977   129.4159 1.5782e+01     2.3166      3.583      5.196    13.8351   999.3037 0.0000e+00
      3.654      0.012     0.3526      4.969     42.882  33.269894     6.4082      6.974   130.7609 1.5800e+01     2.3501      3.583      5.197    13.8240   999.3052 0.0000e+00
      3.654      0.019     0.3556      4.955     43.032  33.374773     6.3969      6.967   133.1786 1.5802e+01     2.3230      3.583      5.197    13.8118   999.3069 0.0000e+00
      3.658      0.024     0.3552      4.914     43.084  33.395006     6.4596      6.962   133.7824 1.5696e+01     2.2630      3.584      5.200    13.8006   999.3083 0.0000e+00
      3.669      0.030     0.3583      4.874     43.108  33.387601     6.6135      6.959   133.2435 1.5461e+01     2.2426      3.596      5.216    13.7950   999.3091 0.0000e+00
      3.683      0.035     0.3613      4.830     43.173  33.412112     6.7030      6.959   132.5996 1.5307e+01     2.3171      3.615      5.243    13.7928   999.3097 0.0000e+00
      3.692      0.040     0.3598      4.755     43.236  33.437535     6.7019      6.958   131.5891 1.5280e+01     2.3743      3.623      5.253    13.7808   999.3114 0.0000e+00
      3.698      0.040     0.3558      4.642     43.265  33.441148     6.6676      6.957   132.4691 1.5164e+01     2.3511      3.624      5.255    13.7545   999.3150 0.0000e+00
      3.708      0.038     0.3534      4.511     43.305  33.455779     6.6120      6.955   135.0663 1.4902e+01     2.3113      3.635      5.272    13.7218   999.3194 0.0000e+00
      3.723      0.036     0.3515      4.351     43.364  33.487515     6.5826      6.954   136.1468 1.4687e+01     2.3041      3.653      5.298    13.6906   999.3238 0.0000e+00
      3.734      0.034     0.3469      4.145     43.406  33.507588     6.5799      6.953   135.8972 1.4618e+01     2.3330      3.664      5.314    13.6641   999.3275 0.0000e+00
      3.740      0.032     0.3374      3.904     43.419  33.508113     6.5697      6.952   135.1465 1.4563e+01     2.3185      3.667      5.318    13.6426   999.3304 0.0000e+00
