Data/DataNotYetUploadedToEDI/Raw_CTD/RawDownloads/070920_bvr50.cnv
* Sea-Bird SBE19plus  Data File:
* FileName = C:\DATA\070920_fcr50_0003.hex
* Software version 2.8.0.119
* Temperature SN = 7809
* Conductivity SN = 7809
* System UpLoad Time = Jul 09 2020 11:58:43
* <ApplicationData>
* <Seaterm232>
# nquan = 16
# nvalues = 6905                        
# units = specified
# name 0 = depFM: Depth [fresh water, m]
# name 1 = dz/dtM: Descent Rate [m/s]
# name 2 = sbeox0ML/L: Oxygen, SBE 43 [ml/l]
# name 3 = sbeox0PS: Oxygen, SBE 43 [% saturation]
# name 4 = specc: Specific Conductance [uS/cm]
# name 5 = c0uS/cm: Conductivity [uS/cm]
# name 6 = flECO-AFL: Fluorescence, WET Labs ECO-AFL/FL [mg/m^3]
# name 7 = ph: pH
# name 8 = orp: Oxidation Reduction Potential [mV]
# name 9 = par/sat/log: PAR/Logarithmic, Satlantic
# name 10 = turbWETntu0: Turbidity, WET Labs ECO [NTU]
# name 11 = prdM: Pressure, Strain Gauge [db]
# name 12 = prdE: Pressure, Strain Gauge [psi]
# name 13 = tv290C: Temperature [ITS-90, deg C]
# name 14 = density00: Density [density, kg/m^3]
# name 15 = flag:  0.000e+00
# span 0 =     -0.748,     11.753       
# span 1 =     -0.226,      0.109       
# span 2 =     0.0290,     7.6332       
# span 3 =      0.393,    130.145       
# span 4 =      0.723,    333.285       
# span 5 =   0.742332, 236.861627       
# span 6 =    -0.9365,    11.1518       
# span 7 =      6.273,      8.926       
# span 8 = -1240.7455,   236.6860       
# span 9 = 1.2346e-01, 1.2409e+03       
# span 10 =     0.3929,    25.1587      
# span 11 =     -0.734,     11.526      
# span 12 =     -1.064,     16.717      
# span 13 =     8.9896,    28.0390      
# span 14 =   996.2390,   999.9448      
# span 15 = 0.0000e+00, 0.0000e+00      
# interval = seconds: 0.25
# start_time = Jul 08 2020 22:14:35 [Instrument's time stamp, header]
# bad_flag = -9.990e-29
*END*
[from data line 6780]
      0.149     -0.036     4.6530     92.362     26.794  28.113243     2.9519      7.211   119.8187 4.0416e+02     1.1667      0.145      0.209    27.3995   996.4208 0.0000e+00
      0.139     -0.036     4.7234     94.390     26.804  28.131836     2.8779      7.215   119.6286 4.3601e+02     1.1473      0.136      0.198    27.4101   996.4177 0.0000e+00
      0.130     -0.035     4.8439     95.916     26.790  28.123451     2.8536      7.222   119.7166 4.7203e+02     1.1533      0.129      0.187    27.4227   996.4142 0.0000e+00
      0.120     -0.033     4.9812     96.876     26.800  28.138730     2.8584      7.228   120.0213 5.0228e+02     1.1363      0.116      0.170    27.4382   996.4098 0.0000e+00
      0.110     -0.030     5.1135     97.302     26.846  28.189720     2.8504      7.229   120.1301 5.2233e+02     1.0789      0.107      0.156    27.4556   996.4049 0.0000e+00
      0.103     -0.028     5.2287     97.270     26.886  28.232498     2.8425      7.224   120.0861 5.5825e+02     0.9754      0.101      0.146    27.4714   996.4005 0.0000e+00
      0.099     -0.027     5.3128     96.940     26.806  28.148503     2.8493      7.214   120.0050 6.0366e+02     0.9486      0.097      0.140    27.4839   996.3970 0.0000e+00
      0.095     -0.027     5.3637     96.510     26.725  28.062188     2.8657      7.209   119.8380 6.3789e+02     0.9956      0.093      0.135    27.4928   996.3944 0.0000e+00
      0.088     -0.028     5.3860     96.038     26.739  28.076923     2.8792      7.217   119.9598 6.5629e+02     0.9593      0.086      0.125    27.4980   996.3930 0.0000e+00
      0.079     -0.030     5.3811     95.491     26.735  28.072941     2.8972      7.234   120.1008 6.7954e+02     0.9561      0.076      0.112    27.4987   996.3929 0.0000e+00
      0.071     -0.031     5.3574     94.932     26.678  28.014038     2.9310      7.252   119.9079 7.2415e+02     1.0946      0.071      0.103    27.4970   996.3932 0.0000e+00
      0.062     -0.031     5.3334     94.522     26.660  27.999050     2.9542      7.262   119.8653 7.6435e+02     1.1925      0.061      0.088    27.4955   996.3935 0.0000e+00
      0.052     -0.030     5.3094     94.352     26.674  28.018595     2.9590      7.251   119.9292 7.7418e+02     1.2130      0.049      0.072    27.4942   996.3938 0.0000e+00
      0.045     -0.029     5.2778     94.422     26.648  27.996643     2.9400      7.225   119.9063 7.7464e+02     1.2046      0.045      0.064    27.4943   996.3939 0.0000e+00
      0.039     -0.029     5.2423     94.688     26.635  27.987362     2.8963      7.199   119.9328 7.7868e+02     1.1587      0.038      0.054    27.4970   996.3930 0.0000e+00
      0.033     -0.030     5.2174     95.087     26.675  28.033244     2.8790      7.179   119.8193 7.9018e+02     1.1394      0.032      0.047    27.5045   996.3909 0.0000e+00
      0.027     -0.033     5.2074     95.549     26.803  28.170818     2.8845      7.174   119.5663 8.3522e+02     1.1432      0.028      0.040    27.5149   996.3880 0.0000e+00
      0.019     -0.035     5.2113     96.017     26.943  28.318688     2.8475      7.189   119.5412 9.0365e+02     1.1016      0.019      0.027    27.5233   996.3856 0.0000e+00
      0.008     -0.035     5.2267     96.447     26.989  28.362183     2.7751      7.215   119.7739 9.5654e+02     1.0481      0.010      0.013    27.5312   996.3833 0.0000e+00
     -0.006     -0.034     5.2489     96.724     27.076  28.442977     2.7336      7.242   119.9704 9.7474e+02     1.0452     -0.005     -0.008    27.5409   996.3805 0.0000e+00
     -0.018     -0.031     5.2755     96.751     27.116  28.470909     2.7281      7.263   120.1968 9.6583e+02     1.0327     -0.020     -0.029    27.5486   996.3783 0.0000e+00
     -0.023     -0.026     5.3005     96.517     26.989  28.319288     2.6698      7.275   120.5323 9.4371e+02     1.0349     -0.024     -0.035    27.5501   996.3780 0.0000e+00
     -0.025     -0.022     5.3285     96.032     26.946  28.258967     2.5537      7.280   120.6704 9.5532e+02     1.1055     -0.023     -0.034    27.5409   996.3805 0.0000e+00
     -0.028     -0.018     5.3482     95.394     27.068  28.375884     2.4882      7.281   120.6625 9.6948e+02     1.1658     -0.026     -0.037    27.5212   996.3861 0.0000e+00
     -0.033     -0.017     5.3509     94.714     27.159  28.464253     2.4682      7.279   120.7816 9.2951e+02     1.2140     -0.033     -0.047    27.4930   996.3940 0.0000e+00
     -0.038     -0.017     5.3430     94.099     27.140  28.439349     2.3890      7.271   120.8191 9.2116e+02     1.2077     -0.037     -0.053    27.4568   996.4040 0.0000e+00
     -0.043     -0.018     5.3160     93.695     27.099  28.391931     2.2641      7.260   120.5144 9.4282e+02     1.0902     -0.042     -0.061    27.4261   996.4126 0.0000e+00
     -0.047     -0.020     5.2800     93.534     27.047  28.334951     2.2072      7.250   120.2801 9.4096e+02     0.9597     -0.047     -0.068    27.4086   996.4175 0.0000e+00
     -0.051     -0.020     5.2430     93.564     26.973  28.257865     2.2164      7.246   120.3960 9.5062e+02     0.9010     -0.048     -0.069    27.3967   996.4208 0.0000e+00
     -0.056     -0.020     5.2046     93.750     26.936  28.221084     2.2226      7.251   120.5381 9.7716e+02     0.8947     -0.054     -0.078    27.3861   996.4237 0.0000e+00
     -0.063     -0.020     5.1835     94.045     26.920  28.207406     2.2252      7.261   120.6217 9.9647e+02     0.9524     -0.062     -0.091    27.3773   996.4261 0.0000e+00
     -0.069     -0.020     5.1767     94.380     26.930  28.219346     2.2384      7.273   120.6327 9.9248e+02     1.0841     -0.069     -0.100    27.3723   996.4275 0.0000e+00
     -0.073     -0.020     5.1783     94.684     26.947  28.238592     2.2485      7.283   120.5854 9.7777e+02     1.1472     -0.071     -0.103    27.3731   996.4271 0.0000e+00
     -0.077     -0.019     5.1893     94.913     26.895  28.186384     2.2521      7.293   120.5656 9.6933e+02     1.1324     -0.075     -0.109    27.3782   996.4257 0.0000e+00
     -0.081     -0.018     5.2065     95.064     26.807  28.095564     2.2721      7.300   120.5661 9.6227e+02     1.1110     -0.079     -0.115    27.3837   996.4242 0.0000e+00
     -0.086     -0.017     5.2263     95.146     26.740  28.028546     2.3002      7.305   120.7634 9.6290e+02     1.0949     -0.083     -0.121    27.3869   996.4232 0.0000e+00
     -0.091     -0.016     5.2436     95.136     26.718  28.010400     2.3147      7.310   121.1444 9.7413e+02     1.1436     -0.090     -0.131    27.3899   996.4225 0.0000e+00
     -0.096     -0.015     5.2562     95.028     26.704  28.003032     2.3240      7.312   121.3866 9.8788e+02     1.1848     -0.094     -0.137    27.3933   996.4215 0.0000e+00
     -0.100     -0.014     5.2635     94.909     26.635  27.939473     2.3171      7.310   121.2823 9.9841e+02     1.1809     -0.098     -0.142    27.3959   996.4206 0.0000e+00
     -0.102     -0.014     5.2684     94.872     26.566  27.876239     2.2886      7.298   121.0023 9.9434e+02     1.1985     -0.101     -0.146    27.4015   996.4191 0.0000e+00
     -0.104     -0.014     5.2678     94.931     26.554  27.872804     2.2646      7.277   121.0128 9.8913e+02     1.1927     -0.102     -0.149    27.4115   996.4163 0.0000e+00
     -0.107     -0.014     5.2581     95.077     26.569  27.897955     2.2657      7.254   121.3224 9.9637e+02     1.1451     -0.104     -0.151    27.4245   996.4126 0.0000e+00
     -0.111     -0.014     5.2475     95.302     26.587  27.926631     2.3212      7.235   121.4774 1.0340e+03     1.0695     -0.108     -0.157    27.4409   996.4081 0.0000e+00
     -0.116     -0.015     5.2441     95.557     26.617  27.965821     2.4107      7.223   121.4232 1.0684e+03     0.9644     -0.115     -0.166    27.4597   996.4028 0.0000e+00
     -0.120     -0.015     5.2460     95.776     26.637  27.991211     2.4519      7.214   121.3562 1.0524e+03     0.9046     -0.119     -0.172    27.4770   996.3979 0.0000e+00
     -0.124     -0.016     5.2523     95.923     26.623  27.979906     2.4570      7.209   121.4407 1.0380e+03     0.8954     -0.121     -0.176    27.4946   996.3929 0.0000e+00
     -0.127     -0.016     5.2641     96.013     26.598  27.956003     2.5395      7.208   121.6717 1.0326e+03     0.9562     -0.124     -0.181    27.5133   996.3877 0.0000e+00
     -0.130     -0.017     5.2782     96.043     26.596  27.955928     2.6755      7.208   121.7391 1.0296e+03     1.0905     -0.128     -0.185    27.5284   996.3835 0.0000e+00
     -0.135     -0.019     5.2905     96.002     26.617  27.978994     2.7280      7.209   121.5667 1.0558e+03     1.1461     -0.132     -0.192    27.5379   996.3809 0.0000e+00
     -0.140     -0.020     5.2971     95.897     26.619  27.981177     2.7171      7.211   121.3942 1.1088e+03     1.1134     -0.138     -0.200    27.5429   996.3794 0.0000e+00
     -0.146     -0.019     5.3020     95.793     26.619  27.982321     2.7162      7.216   121.3747 1.1762e+03     1.0729     -0.144     -0.207    27.5456   996.3786 0.0000e+00
     -0.152     -0.017     5.3037     95.797     26.627  27.992825     2.7264      7.223   121.5033 1.2220e+03     1.0342     -0.149     -0.216    27.5500   996.3774 0.0000e+00
     -0.158     -0.012     5.3010     95.917     26.613  27.981323     2.7450      7.229   121.6583 1.2359e+03     0.9889     -0.156     -0.227    27.5537   996.3763 0.0000e+00
     -0.162     -0.007     5.2945     96.061     26.598  27.970114     2.7499      7.226   121.8721 1.2394e+03     0.9364     -0.161     -0.233    27.5518   996.3767 0.0000e+00
     -0.162     -0.002     5.2855     96.163     26.608  27.984170     2.7283      7.195   122.0237 1.2409e+03     0.9153     -0.160     -0.232    27.5517   996.3768 0.0000e+00
     -0.160     -0.001     5.2849     96.205     26.643  28.024421     2.6844      7.136   121.8563 1.2386e+03     1.0073     -0.158     -0.228    27.5578   996.3751 0.0000e+00
     -0.155     -0.002     5.2936     96.148     26.689  28.076195     2.6296      7.081   121.7408 1.2320e+03     1.1567     -0.152     -0.221    27.5651   996.3731 0.0000e+00
     -0.153     -0.006     5.3026     95.999     26.712  28.102711     2.5991      7.043   121.8327 1.2247e+03     1.1762     -0.148     -0.215    27.5718   996.3712 0.0000e+00
     -0.156     -0.012     5.3065     95.825     26.698  28.091301     2.5927      7.019   121.8487 1.2206e+03     1.1057     -0.151     -0.218    27.5795   996.3691 0.0000e+00
     -0.163     -0.018     5.3101     95.701     26.672  28.065110     2.5811      7.008   121.8482 1.2186e+03     1.0605     -0.160     -0.232    27.5867   996.3670 0.0000e+00
     -0.171     -0.023     5.3060     95.660     26.647  28.039768     2.5631      7.007   121.8259 1.2149e+03     1.0413     -0.169     -0.244    27.5922   996.3654 0.0000e+00
     -0.178     -0.024     5.2956     95.669     26.644  28.038625     2.5472      7.009   121.7512 1.2061e+03     1.0118     -0.174     -0.251    27.5978   996.3639 0.0000e+00
     -0.186     -0.021     5.2842     95.714     26.654  28.051293     2.5320      6.997   121.8062 1.1911e+03     0.9438     -0.182     -0.265    27.6025   996.3625 0.0000e+00
     -0.192     -0.016     5.2758     95.771     26.667  28.066078     2.5028      6.968   121.9739 1.1805e+03     0.8712     -0.189     -0.274    27.6045   996.3619 0.0000e+00
     -0.196     -0.011     5.2753     95.801     26.689  28.090519     2.4805      6.942   122.0589 1.1914e+03     0.8543     -0.194     -0.282    27.6063   996.3614 0.0000e+00
     -0.197     -0.006     5.2750     95.782     26.690  28.093087     2.4915      6.932   122.0597 1.2139e+03     0.9116     -0.194     -0.282    27.6091   996.3606 0.0000e+00
     -0.194     -0.002     5.2776     95.674     26.692  28.097133     2.4922      6.929   122.2411 1.2218e+03     0.9468     -0.189     -0.274    27.6130   996.3595 0.0000e+00
     -0.194     -0.001     5.2819     95.516     26.732  28.139436     2.4028      6.925   122.5312 1.2186e+03     0.9365     -0.189     -0.276    27.6178   996.3582 0.0000e+00
     -0.194     -0.001     5.2822     95.406     26.812  28.223985     2.2598      6.922   122.4702 1.2174e+03     0.9577     -0.191     -0.278    27.6219   996.3570 0.0000e+00
     -0.195     -0.003     5.2832     95.374     26.878  28.294785     2.2032      6.930   121.7617 1.2092e+03     0.9629     -0.192     -0.277    27.6240   996.3564 0.0000e+00
     -0.195     -0.005     5.2764     95.416     26.880  28.297709     2.2145      6.950   121.1915 1.1801e+03     0.9318     -0.191     -0.278    27.6250   996.3562 0.0000e+00
     -0.197     -0.006     5.2638     95.516     26.901  28.322780     2.1969      6.977   121.5990 1.1163e+03     0.9248     -0.193     -0.278    27.6263   996.3558 0.0000e+00
     -0.200     -0.006     5.2587     95.651     27.040  28.471056     2.1139      7.002   121.7849 1.0172e+03     0.9462     -0.196     -0.284    27.6273   996.3555 0.0000e+00
     -0.204     -0.005     5.2563     95.771     27.191  28.631542     2.0018      7.030   121.2883 8.6422e+02     0.9507     -0.199     -0.290    27.6279   996.3554 0.0000e+00
     -0.205     -0.002     5.2591     95.780     27.654  29.121405     1.9482      7.068   121.4450 7.6187e+02     0.9451     -0.202     -0.292    27.6295   996.3549 0.0000e+00
     -0.205      0.001     5.2645     95.625     28.321  29.826458     1.9431      7.116   122.2171 8.8597e+02     0.9462     -0.202     -0.292    27.6342   996.3536 0.0000e+00
     -0.204      0.004     5.2718     95.311     28.533  30.051421     1.9780      7.160   122.6223 1.0684e+03     0.8961     -0.200     -0.290    27.6396   996.3522 0.0000e+00
     -0.201      0.005     5.2810     94.853     28.487  30.001868     2.0364      7.187   122.4719 1.0033e+03     0.8881     -0.198     -0.287    27.6432   996.3511 0.0000e+00
     -0.198      0.005     5.2820     94.264     28.417  29.925153     2.0582      7.200   122.4638 8.2629e+02     0.9874     -0.194     -0.281    27.6462   996.3504 0.0000e+00
     -0.196      0.004     5.2724     93.558     29.288  30.836700     2.0697      7.210   122.9545 8.9493e+02     1.0322     -0.191     -0.277    27.6509   996.3495 0.0000e+00
     -0.195      0.003     5.2547     92.768     30.232  31.823780     2.1182      7.220   123.2425 1.1124e+03     0.9830     -0.190     -0.276    27.6560   996.3479 0.0000e+00
     -0.196      0.001     5.2289     91.909     29.168  30.693739     2.1967      7.235   123.1926 1.1893e+03     0.9426     -0.192     -0.279    27.6560   996.3481 0.0000e+00
     -0.197      0.001     5.1973     90.929     27.846  29.291069     2.2557      7.256   123.1255 1.1254e+03     0.9558     -0.194     -0.281    27.6482   996.3500 0.0000e+00
     -0.197      0.001     5.1586     89.858     27.588  29.011780     2.2683      7.275   122.9476 9.7774e+02     0.9708     -0.193     -0.280    27.6376   996.3532 0.0000e+00
     -0.196      0.002     5.1146     88.825     27.488  28.902775     2.2255      7.290   122.6771 8.0735e+02     0.9180     -0.193     -0.279    27.6274   996.3571 0.0000e+00
     -0.195      0.002     5.0716     87.915     27.329  28.734306     2.1577      7.300   122.4352 6.8385e+02     0.8662     -0.193     -0.279    27.6094   996.3612 0.0000e+00
     -0.194      0.002     5.0193     87.283     27.284  28.687566     2.1347      7.309   122.1740 6.0919e+02     0.8941     -0.191     -0.277    27.5860   996.3672 0.0000e+00
     -0.193      0.002     4.9570     87.182     27.372  28.781688     2.1386      7.319   122.1004 7.0564e+02     0.9458     -0.189     -0.275    27.5715   996.3715 0.0000e+00
     -0.193      0.002     4.9005     87.717     27.442  28.857384     2.0909      7.325   122.4059 9.0338e+02     1.0112     -0.189     -0.274    27.5659   996.3729 0.0000e+00
     -0.193      0.001     4.8481     88.742     27.486  28.905034     1.9964      7.327   122.7696 9.0951e+02     1.1008     -0.189     -0.274    27.5643   996.3734 0.0000e+00
