Data/DataNotYetUploadedToEDI/Raw_CTD/RawDownloads/070918_fcr30.cnv
* Sea-Bird SBE19plus  Data File:
* FileName = C:\DATA\070918_fcr_0003.hex
* Software version 2.6.3.104
* Temperature SN = 7809
* Conductivity SN = 7809
* System UpLoad Time = Jul 10 2018 08:12:39
* <ApplicationData>
* <Seaterm232>
# nquan = 17
# nvalues = 257                         
# units = specified
# name 0 = depFM: Depth [fresh water, m]
# name 1 = tv290C: Temperature [ITS-90, deg C]
# name 2 = sbeox0Mg/L: Oxygen, SBE 43 [mg/l]
# name 3 = sbeox0PS: Oxygen, SBE 43 [% saturation]
# name 4 = c0uS/cm: Conductivity [uS/cm]
# name 5 = specc: Specific Conductance [uS/cm]
# name 6 = ph: pH
# name 7 = orp: Oxidation Reduction Potential [mV]
# name 8 = flECO-AFL: Fluorescence, WET Labs ECO-AFL/FL [mg/m^3]
# name 9 = turbWETntu0: Turbidity, WET Labs ECO [NTU]
# name 10 = sal00: Salinity, Practical [PSU]
# name 11 = dz/dtM: Descent Rate [m/s]
# name 12 = prdM: Pressure, Strain Gauge [db]
# name 13 = prdE: Pressure, Strain Gauge [psi]
# name 14 = scan: Scan Count
# name 15 = par/sat/log: PAR/Logarithmic, Satlantic
# name 16 = flag:  0.000e+00
# span 0 =     -0.489,      5.448       
# span 1 =    11.2833,    26.7504       
# span 2 =    -1.0815,     8.3409       
# span 3 =    -10.300,    100.884       
# span 4 =   0.877510,  39.102929       
# span 5 =      0.891,     49.808       
# span 6 =      6.146,      8.588       
# span 7 =   174.0178,  1034.7403       
# span 8 =    -2.4747,     6.8742       
# span 9 =    -3.7021,    36.9040       
# span 10 =     0.0115,     0.0265      
# span 11 =     -0.018,      0.382      
# span 12 =     -0.479,      5.342      
# span 13 =     -0.694,      7.748      
# span 14 =          1,        257      
# span 15 = -1.487e+02, 2.7070e+03      
# span 16 = 0.0000e+00, 0.0000e+00      
# interval = seconds: 0.25
# start_time = Jul 09 2018 16:53:40 [Instrument's time stamp, header]
# bad_flag = -9.990e-29
*END*
[from data line 171]
      3.105    24.3616     8.0572     85.740  34.419268     34.943      7.843   224.5573     5.4670     1.2662     0.0234      0.174      3.046      4.418        172 9.0612e+01 0.0000e+00
      3.147    24.1225     8.0193     82.241  34.392958     34.859      7.815   224.8601     4.4238     1.2931     0.0234      0.165      3.094      4.488        173 8.6788e+01 0.0000e+00
      3.218    23.3359     7.7990     78.180  34.230088     34.651      7.782   228.1537     4.3955     1.2393     0.0233      0.170      3.156      4.578        174 8.0532e+01 0.0000e+00
      3.291    22.6623     7.1177     70.350  34.206785     34.812      7.742   228.6080     4.3914     1.2931     0.0233      0.179      3.218      4.668        175 7.7690e+01 0.0000e+00
      3.333    22.4776     5.9601     58.370  34.303482     35.471      7.713   228.7594     4.3995     1.2931     0.0234      0.183      3.267      4.739        176 7.6422e+01 0.0000e+00
      3.373    22.2430     4.6343     45.114  34.287984     35.997      7.682   229.9330     4.2822     1.1185     0.0234      0.188      3.313      4.806        177 7.2993e+01 0.0000e+00
      3.435    21.8452     3.2763     31.763  34.107724     35.893      7.653   231.5230     4.2459     1.1588     0.0233      0.202      3.367      4.883        178 7.0291e+01 0.0000e+00
      3.491    21.6499     2.0043     19.379  34.112777     36.100      7.623   231.6366     4.2944     1.0648     0.0233      0.214      3.415      4.953        179 6.8653e+01 0.0000e+00
      3.518    21.8109     0.8985      8.661  34.281821     36.591      7.595   231.9773     4.2863     1.0648     0.0234      0.209      3.446      4.998        180 6.8253e+01 0.0000e+00
      3.534    20.7987    -0.0480     -0.461  34.164403     36.631      7.578   232.5073     3.5261     1.1319     0.0234      0.193      3.466      5.027        181 6.6576e+01 0.0000e+00
      3.551    18.4010    -0.7470     -7.150  34.436912     36.732      7.558   231.7880     3.5099     1.1722     0.0235      0.167      3.484      5.054        182 6.5965e+01 0.0000e+00
      3.573    16.5611    -1.0370     -9.901  35.277338     38.496      7.538   231.9773     3.5180     1.0379     0.0239      0.143      3.510      5.091        183 6.4520e+01 0.0000e+00
      3.613    15.5138    -1.0815    -10.300  35.966121     41.453      7.523   233.7566     3.5220     1.0648     0.0244      0.131      3.549      5.147        184 6.2163e+01 0.0000e+00
      3.671    14.8349    -0.9827     -9.335  36.724465     44.175      7.494   235.0059     3.4048     1.0111     0.0249      0.126      3.598      5.219        185 6.0048e+01 0.0000e+00
      3.722    14.4242    -0.8193     -7.762  37.745359     46.589      7.467   234.5516     3.3926     1.1453     0.0256      0.125      3.648      5.290        186 5.8140e+01 0.0000e+00
      3.766    14.1392    -0.6284     -5.938  38.670810     48.549      7.437   234.6652     3.3724     1.1319     0.0262      0.134      3.691      5.353        187 5.7055e+01 0.0000e+00
      3.801    13.9580    -0.3969     -3.744  39.102929     49.602      7.406   235.9902     3.3967     1.0916     0.0265      0.148      3.729      5.408        188 5.5651e+01 0.0000e+00
      3.840    13.8289    -0.1572     -1.481  38.987611     49.808      7.377   237.6937     3.3643     1.0111     0.0265      0.161      3.766      5.462        189 5.4313e+01 0.0000e+00
      3.879    13.6941     0.0894      0.841  38.636495     49.582      7.344   238.7159     3.1055     1.2259     0.0263      0.169      3.802      5.515        190 5.2856e+01 0.0000e+00
      3.913    13.5267     0.3178      2.986  38.205140     49.198      7.313   238.7537     3.1460     1.3333     0.0261      0.168      3.836      5.564        191 5.1989e+01 0.0000e+00
      3.945    13.3792     0.5301      4.970  37.537094     48.508      7.285   240.0409     3.1419     1.2125     0.0257      0.160      3.867      5.609        192 5.0465e+01 0.0000e+00
      3.974    13.2651     0.7358      6.884  37.094968     48.099      7.261   240.4195     3.0934     1.2125     0.0255      0.147      3.895      5.650        193 4.9534e+01 0.0000e+00
      3.997    13.1509     0.9617      8.982  36.946075     48.179      7.236   240.3816     3.1177     1.6825     0.0255      0.136      3.921      5.687        194 4.8701e+01 0.0000e+00
      4.024    13.0322     1.2113     11.296  36.625005     47.807      7.214   241.4416     3.1096     1.7630     0.0253      0.128      3.950      5.729        195 4.7292e+01 0.0000e+00
      4.062    12.9173     1.4812     13.789  36.456476     47.806      7.193   242.8045     3.1177     1.7899     0.0252      0.124      3.986      5.781        196 4.5683e+01 0.0000e+00
      4.106    12.8034     1.7854     16.597  36.325374     47.734      7.171   243.2966     3.1298     1.6690     0.0252      0.124      4.024      5.837        197 4.4272e+01 0.0000e+00
      4.141    12.7195     2.1075     19.579  36.254337     47.804      7.150   243.0695     5.0263     2.7433     0.0251      0.125      4.058      5.886        198 4.3012e+01 0.0000e+00
      4.167    12.6582     2.4602     22.847  36.218678     47.914      7.129   242.8802     5.0101     2.6896     0.0251      0.127      4.084      5.923        199 4.1839e+01 0.0000e+00
      4.185    12.6047     2.8208     26.168  36.013887     47.723      7.113   242.4259     5.0182     2.6493     0.0250      0.125      4.104      5.953        200 4.0978e+01 0.0000e+00
      4.203    12.5458     3.1634     29.303  35.827069     47.577      7.097   243.2209     5.0425     2.8104     0.0249      0.121      4.124      5.982        201 3.9842e+01 0.0000e+00
      4.230    12.4547     3.4916     32.287  35.650398     47.386      7.077   244.0159     4.6704     3.3207     0.0248      0.116      4.149      6.017        202 3.8242e+01 0.0000e+00
      4.258    12.3576     3.7838     34.919  35.344006     47.085      7.062   244.5838     4.6624     3.3878     0.0247      0.110      4.175      6.056        203 3.6905e+01 0.0000e+00
      4.284    12.2817     4.0764     37.560  35.140685     46.866      7.044   245.0002     4.6785     3.3744     0.0245      0.102      4.205      6.098        204 3.5652e+01 0.0000e+00
      4.320    12.2112     4.3151     39.721  35.013713     46.913      7.023   246.5902     4.6785     3.3610     0.0245      0.099      4.241      6.151        205 3.3423e+01 0.0000e+00
      4.371    12.1368     4.5065     41.459  34.819925     46.634      7.002   246.8930     3.9830     5.1872     0.0244      0.107      4.281      6.210        206 3.1725e+01 0.0000e+00
      4.405    12.0755     4.6590     42.841  34.788729     46.796      6.986   246.8552     3.9709     5.2812     0.0244      0.117      4.315      6.258        207 3.0901e+01 0.0000e+00
      4.423    12.0467     4.7875     43.988  34.726334     46.703      6.971   247.1202     3.9668     5.2140     0.0243      0.124      4.337      6.290        208 3.0081e+01 0.0000e+00
      4.440    12.0294     4.8968     44.958  34.660345     46.781      6.957   247.1959     3.9385     5.2946     0.0243      0.125      4.354      6.315        209 2.9563e+01 0.0000e+00
      4.456    11.9843     5.0015     45.889  34.603960     46.666      6.946   247.4988     3.9871     5.2140     0.0243      0.119      4.373      6.343        210 2.8624e+01 0.0000e+00
      4.481    11.9191     5.0883     46.658  34.292347     46.346      6.936   247.4988     3.5180     6.9999     0.0241      0.111      4.402      6.386        211 2.7026e+01 0.0000e+00
      4.531    11.8425     5.1803     47.483  34.484664     46.517      6.919   249.3538     3.4857     6.8925     0.0242      0.110      4.451      6.457        212 2.4022e+01 0.0000e+00
      4.609    11.7555     5.3084     48.643  34.957800     47.470      6.895   250.9816     3.4897     6.9194     0.0246      0.119      4.511      6.544        213 2.1170e+01 0.0000e+00
      4.659    11.6866     5.4525     49.968  34.711928     46.999      6.877   250.6409     3.5261     6.9328     0.0243      0.132      4.558      6.611        214 2.0843e+01 0.0000e+00
      4.674    11.6443     5.6206     51.496  34.642390     47.188      6.864   251.0573     2.9923     8.3696     0.0244      0.144      4.583      6.647        215 2.0556e+01 0.0000e+00
      4.689    11.6192     5.8210     53.304  34.688481     47.238      6.852   251.2088     2.9964     8.3964     0.0244      0.150      4.601      6.673        216 2.0108e+01 0.0000e+00
      4.710    11.5969     5.9912     54.847  34.565629     47.179      6.841   251.0952     2.9964     8.3964     0.0243      0.150      4.622      6.704        217 1.9697e+01 0.0000e+00
      4.740    11.5634     6.1392     56.190  34.350438     46.905      6.831   251.8902     2.9721     8.3830     0.0242      0.144      4.652      6.748        218 1.8662e+01 0.0000e+00
      4.783    11.5302     6.2735     57.407  34.125892     46.590      6.820   252.0795     2.6122     8.2219     0.0241      0.135      4.691      6.804        219 1.7625e+01 0.0000e+00
      4.827    11.5014     6.3812     58.393  34.014686     46.556      6.811   252.2309     2.6001     8.2756     0.0240      0.125      4.729      6.859        220 1.6946e+01 0.0000e+00
      4.856    11.4770     6.4653     59.156  33.777085     46.178      6.794   252.3445     2.5960     8.1682     0.0238      0.115      4.757      6.900        221 1.6947e+01 0.0000e+00
      4.870    11.4582     6.5705     60.100  33.769151     46.290      6.780   252.7609     2.6122     8.2219     0.0239      0.114      4.777      6.928        222 1.6705e+01 0.0000e+00
      4.887    11.4470     6.6346     60.671  33.698350     46.170      6.777   252.8745     2.6607     8.2487     0.0238      0.116      4.793      6.952        223 1.6267e+01 0.0000e+00
      4.905    11.4489     6.6949     61.208  33.627957     46.115      6.769   252.9502     2.6688     8.3024     0.0238      0.113      4.811      6.978        224 1.5824e+01 0.0000e+00
      4.924    11.4390     6.7633     61.825  33.678826     46.208      6.764   252.7231     2.6729     8.1413     0.0238      0.105      4.831      7.007        225 1.5096e+01 0.0000e+00
      4.950    11.4166     6.8027     62.185  33.575737     46.050      6.758   253.1016     2.6527     8.2084     0.0238      0.095      4.856      7.043        226 1.4220e+01 0.0000e+00
      4.981    11.4040     6.8420     62.534  33.519002     45.987      6.750   253.5181     2.2847     8.7724     0.0237      0.087      4.884      7.084        227 1.3268e+01 0.0000e+00
      5.009    11.3947     6.8925     62.972  33.541845     46.054      6.740   253.7452     2.2766     8.9067     0.0237      0.085      4.912      7.124        228 1.2366e+01 0.0000e+00
      5.036    11.3865     6.9409     63.397  33.458350     45.954      6.729   254.1995     2.2968     8.8261     0.0237      0.090      4.938      7.161        229 1.1522e+01 0.0000e+00
      5.059    11.3853     6.9656     63.619  33.356013     45.812      6.723   254.5781     2.2685     8.8261     0.0236      0.096      4.960      7.193        230 1.0914e+01 0.0000e+00
      5.078    11.3805     7.0058     63.980  33.461616     45.977      6.713   254.3509     2.2685     8.8664     0.0237      0.099      4.979      7.222        231 1.0469e+01 0.0000e+00
      5.096    11.3680     7.0360     64.243  33.504869     46.054      6.705   254.5781     1.9733     9.8601     0.0237      0.098      4.999      7.250        232 9.8408e+00 0.0000e+00
      5.117    11.3567     7.0536     64.398  33.420810     45.907      6.698   254.5781     1.9774     9.9406     0.0237      0.095      5.018      7.278        233 9.4181e+00 0.0000e+00
      5.136    11.3468     7.0770     64.611  33.358637     45.885      6.689   254.8431     1.9895     9.8332     0.0237      0.089      5.038      7.306        234 8.9507e+00 0.0000e+00
      5.157    11.3408     7.0761     64.602  33.285690     45.745      6.686   255.4866     1.9693     9.8869     0.0236      0.084      5.059      7.336        235 8.3058e+00 0.0000e+00
      5.181    11.3407     7.0716     64.559  33.244694     45.757      6.680   255.6381     1.6498     8.4233     0.0236      0.081      5.080      7.367        236 7.9184e+00 0.0000e+00
      5.202    11.3334     7.0562     64.418  33.291036     45.766      6.675   255.6759     1.6539     8.4367     0.0236      0.080      5.104      7.402        237 7.4999e+00 0.0000e+00
      5.231    11.3171     7.0310     64.190  33.376301     45.957      6.667   255.7138     1.6579     8.4636     0.0237      0.083      5.131      7.442        238 6.9479e+00 0.0000e+00
      5.265    11.3060     6.9957     63.879  33.375831     45.890      6.664   256.4709     1.6377     8.4233     0.0236      0.089      5.160      7.484        239 6.5272e+00 0.0000e+00
      5.289    11.3030     6.9630     63.581  33.410248     46.026      6.658   256.2816     1.5690     7.2416     0.0237      0.095      5.183      7.517        240 6.3260e+00 0.0000e+00
      5.301    11.2984     6.9282     63.273  33.422444     46.002      6.650   256.5845     1.5771     7.3625     0.0237      0.095      5.200      7.542        241 5.9817e+00 0.0000e+00
      5.320    11.2907     6.8898     62.942  33.390313     46.005      6.647   256.5845     1.6054     7.4565     0.0237      0.094      5.217      7.567        242 5.7034e+00 0.0000e+00
      5.339    11.2866     6.8646     62.723  33.420581     46.011      6.640   256.7738     1.5771     7.3893     0.0237      0.092      5.235      7.592        243 5.6193e+00 0.0000e+00
      5.354    11.2859     6.8288     62.397  33.444092     46.098      6.637   256.9252     1.5528     6.0465     0.0237      0.086      5.252      7.617        244 5.4238e+00 0.0000e+00
      5.374    11.2851     6.8316     62.423  33.479682     46.103      6.629   257.2281     1.5730     6.1405     0.0237      0.081      5.271      7.645        245 5.2003e+00 0.0000e+00
      5.397    11.2842 -9.990e-29 -9.990e-29  33.465260     46.143      6.625   257.6824     1.5649     6.1943     0.0237      0.076      5.291      7.674        246 5.0315e+00 0.0000e+00
      5.415    11.2833 -9.990e-29 -9.990e-29  33.373072     45.951      6.618   257.6824     1.5932     6.1137     0.0236      0.072      5.307      7.697        247 4.9694e+00 0.0000e+00
      5.423    11.2861 -9.990e-29 -9.990e-29  33.386816     46.029      6.614   258.1745     1.6741     5.3886     0.0237      0.070      5.317      7.712        248 4.9174e+00 0.0000e+00
      5.428    11.2920 -9.990e-29 -9.990e-29  33.418502     46.030      6.606   258.5531     1.6984     5.3886     0.0237      0.066      5.323      7.721        249 4.8300e+00 0.0000e+00
      5.434    11.2938 -9.990e-29 -9.990e-29  33.452265     46.104      6.602   259.2345     1.6862     5.4557     0.0237      0.059      5.329      7.729        250 4.7223e+00 0.0000e+00
      5.439    11.3000 -9.990e-29 -9.990e-29  33.463420     46.095      6.597   259.4995     1.6903     5.4557     0.0237      0.050      5.334      7.736        251 4.6467e+00 0.0000e+00
      5.443    11.3132 -9.990e-29 -9.990e-29  33.434272     46.056      6.592   259.8402     1.7469     5.6169     0.0237      0.041      5.338      7.741        252 4.5895e+00 0.0000e+00
      5.445    11.3209 -9.990e-29 -9.990e-29  33.399570     46.009      6.587   259.6888     1.7550     5.6169     0.0237      0.031      5.340      7.744        253 4.5541e+00 0.0000e+00
      5.446    11.3222 -9.990e-29 -9.990e-29  33.358323     45.915      6.583   260.3702     1.7469     5.6303     0.0236      0.022      5.340      7.746        254 4.5028e+00 0.0000e+00
      5.447    11.3223 -9.990e-29 -9.990e-29  33.396630     45.982      6.578   259.9538     1.7792     5.7108     0.0237      0.016      5.341      7.747        255 4.4562e+00 0.0000e+00
