Data/DataNotYetUploadedToEDI/Raw_CTD/RawDownloads/070918_fcr10.cnv
* Sea-Bird SBE19plus  Data File:
* FileName = C:\DATA\070918_fcr_0001.hex
* Software version 2.6.3.104
* Temperature SN = 7809
* Conductivity SN = 7809
* System UpLoad Time = Jul 10 2018 08:12:13
* <ApplicationData>
* <Seaterm232>
# nquan = 17
# nvalues = 221                         
# units = specified
# name 0 = depFM: Depth [fresh water, m]
# name 1 = tv290C: Temperature [ITS-90, deg C]
# name 2 = sbeox0Mg/L: Oxygen, SBE 43 [mg/l]
# name 3 = sbeox0PS: Oxygen, SBE 43 [% saturation]
# name 4 = c0uS/cm: Conductivity [uS/cm]
# name 5 = specc: Specific Conductance [uS/cm]
# name 6 = ph: pH
# name 7 = orp: Oxidation Reduction Potential [mV]
# name 8 = flECO-AFL: Fluorescence, WET Labs ECO-AFL/FL [mg/m^3]
# name 9 = turbWETntu0: Turbidity, WET Labs ECO [NTU]
# name 10 = sal00: Salinity, Practical [PSU]
# name 11 = dz/dtM: Descent Rate [m/s]
# name 12 = prdM: Pressure, Strain Gauge [db]
# name 13 = prdE: Pressure, Strain Gauge [psi]
# name 14 = scan: Scan Count
# name 15 = par/sat/log: PAR/Logarithmic, Satlantic
# name 16 = flag:  0.000e+00
# span 0 =     -0.475,      2.638       
# span 1 =    20.2324,    28.5967       
# span 2 =    -0.0533,    12.5793       
# span 3 =     -0.590,    143.263       
# span 4 =   0.516516,  83.003772       
# span 5 =      0.579,     91.356       
# span 6 =      6.265,      7.881       
# span 7 = -1137.3195,  1240.2295       
# span 8 =    -0.2385,     4.4804       
# span 9 =    -0.7346,    12.2503       
# span 10 =     0.0130,     0.0468      
# span 11 =     -0.030,      0.167      
# span 12 =     -0.466,      2.586      
# span 13 =     -0.675,      3.751      
# span 14 =          1,        221      
# span 15 = 5.5601e+01, 2.8146e+03      
# span 16 = 0.0000e+00, 0.0000e+00      
# interval = seconds: 0.25
# start_time = Jul 09 2018 16:10:00 [Instrument's time stamp, header]
# bad_flag = -9.990e-29
*END*
[from data line 171]
      1.428    25.9909     7.6939     93.905  35.537055     34.804      7.728   252.0795     3.4371     1.3333     0.0238      0.041      1.408      2.042        172 1.1809e+02 0.0000e+00
      1.480    25.9623     7.9349     96.202  35.462979     34.760      7.720   253.4045     3.4695     1.3065     0.0238      0.066      1.452      2.105        173 1.1048e+02 0.0000e+00
      1.532    25.9423     8.1668     98.436  35.484553     34.778      7.717   253.6316     3.4493     1.2931     0.0238      0.094      1.492      2.164        174 1.1063e+02 0.0000e+00
      1.548    25.9199     8.3115     99.610  35.569534     34.907      7.712   253.7074     3.4654     1.2393     0.0239      0.115      1.520      2.205        175 1.0784e+02 0.0000e+00
      1.573    25.8956     8.3988    100.102  35.535182     34.866      7.711   254.5024     3.4493     1.1722     0.0238      0.130      1.547      2.244        176 1.0308e+02 0.0000e+00
      1.612    25.8750     8.4290    100.057  35.527315     34.881      7.699   254.4266     3.7849     1.4676     0.0238      0.141      1.578      2.289        177 1.0389e+02 0.0000e+00
      1.640    25.8587     8.4106     99.554  35.520018     34.898      7.696   254.4266     3.7970     1.4408     0.0238      0.138      1.613      2.339        178 1.0217e+02 0.0000e+00
      1.682    25.8353     8.3601     98.739  35.425644     34.802      7.692   254.9566     3.7525     1.4810     0.0238      0.135      1.654      2.399        179 9.9545e+01 0.0000e+00
      1.738    25.8194     8.3037     97.871  35.466828     34.869      7.678   255.9788     3.7889     1.4676     0.0238      0.139      1.701      2.467        180 9.7704e+01 0.0000e+00
      1.781    25.7379     8.2909     97.549  35.468775     34.883      7.668   255.9788     3.8051     1.4542     0.0238      0.141      1.742      2.527        181 9.6437e+01 0.0000e+00
      1.810    25.4566     8.4158     98.740  35.245288     34.677      7.660   256.0545     3.7606     1.4810     0.0237      0.144      1.774      2.573        182 9.5170e+01 0.0000e+00
      1.837    25.0918     8.6983    101.783  35.448397     34.891      7.657   256.2816     3.7889     1.5348     0.0238      0.150      1.803      2.614        183 9.4018e+01 0.0000e+00
      1.869    24.7750     9.1618    107.015  35.838876     35.563      7.649   256.7738     3.7606     1.5079     0.0240      0.150      1.833      2.658        184 9.2075e+01 0.0000e+00
      1.900    24.4649     9.8214    114.479  36.123728     35.988      7.641   256.9631     4.2297     1.4810     0.0241      0.145      1.865      2.705        185 8.9036e+01 0.0000e+00
      1.937    24.1725    10.6209    123.484  36.606648     36.835      7.630   257.8717     4.2135     1.5213     0.0243      0.141      1.898      2.753        186 8.7242e+01 0.0000e+00
      1.969    23.9528    11.3917    131.718  36.958271     37.291      7.619   258.0609     4.2216     1.6153     0.0245      0.133      1.930      2.800        187 8.5906e+01 0.0000e+00
      2.000    23.8027    12.0324    138.357  36.813342     37.516      7.607   258.5909     4.2378     1.5348     0.0245      0.126      1.960      2.843        188 8.5145e+01 0.0000e+00
      2.027    23.6818    12.4441    142.390  36.698174     37.368      7.596   259.5752     4.1529     1.4273     0.0243      0.123      1.989      2.885        189 8.4504e+01 0.0000e+00
      2.058    23.5763    12.5793    143.263  36.211926     37.255      7.579   260.9381     4.1609     1.4810     0.0243      0.124      2.017      2.926        190 8.3769e+01 0.0000e+00
      2.084    23.4787    12.3637    140.334  35.490736     36.255      7.567   261.0895     4.1852     1.4945     0.0238      0.123      2.047      2.969        191 8.1550e+01 0.0000e+00
      2.122    23.3318    11.6591    132.258  34.659589     35.905      7.556   262.6795     4.1529     1.5616     0.0236      0.122      2.079      3.015        192 7.9002e+01 0.0000e+00
      2.153    23.1940    10.6754    120.923  33.213029     34.014      7.539   262.9445     4.0396     1.9107     0.0228      0.121      2.106      3.054        193 7.8540e+01 0.0000e+00
      2.164    23.0927     9.5550    107.895  32.872317     34.177      7.531   262.4902     4.0356     1.8705     0.0229      0.115      2.124      3.081        194 7.7273e+01 0.0000e+00
      2.184    22.9907     8.5007     95.755  32.740899     33.842      7.530   262.9445     3.9992     1.9645     0.0227      0.109      2.144      3.110        195 7.5770e+01 0.0000e+00
      2.212    22.8435     7.4678     83.816  32.546328     33.908      7.530   263.7017     4.0315     1.9645     0.0227      0.104      2.171      3.150        196 7.3876e+01 0.0000e+00
      2.248    22.5674     6.3923     71.533  32.491778     33.812      7.528   264.6481     4.0113     1.8302     0.0226      0.103      2.204      3.197        197 7.1313e+01 0.0000e+00
      2.284    22.2712     5.3822     60.125  32.097158     33.556      7.521   264.0802     3.7889     2.1793     0.0225      0.105      2.239      3.247        198 6.9633e+01 0.0000e+00
      2.318    22.0191     4.3750     48.840  31.940338     33.555      7.520   263.7017     3.7687     2.2196     0.0224      0.108      2.273      3.297        199 6.7867e+01 0.0000e+00
      2.353    21.7728     3.4040     37.978  31.649203     33.494      7.512   264.1181     3.7687     2.2330     0.0223      0.113      2.308      3.346        200 6.6324e+01 0.0000e+00
      2.389    21.6055     2.3968     26.680  32.044458     34.003      7.503   264.9131     3.7768     2.2464     0.0224      0.121      2.338      3.390        201 6.6075e+01 0.0000e+00
      2.407    21.5670     1.5942     17.709  32.189883     34.539      7.490   264.3074     3.4776     3.3341     0.0226      0.127      2.361      3.424        202 6.5609e+01 0.0000e+00
      2.425    21.4901     0.9434     10.469  32.268951     34.428      7.476   265.0645     3.4573     3.2535     0.0225      0.124      2.383      3.456        203 6.3929e+01 0.0000e+00
      2.461    21.3383     0.4164      4.620  34.615071     37.271      7.459   265.3674     3.4533     3.3072     0.0236      0.121      2.410      3.496        204 6.3267e+01 0.0000e+00
      2.485    21.2010     0.1252      1.389  35.586797     38.323      7.446   265.4052     3.4452     3.2670     0.0240      0.114      2.438      3.537        205 6.1885e+01 0.0000e+00
      2.515    21.0238    -0.0166     -0.184  38.029125     40.718      7.422   265.8595     3.7849     3.0790     0.0250      0.110      2.466      3.577        206 5.9966e+01 0.0000e+00
      2.544    20.8692    -0.0533     -0.590  43.826531     47.787      7.400   266.0110     3.8011     3.1193     0.0279      0.107      2.493      3.616        207 5.8863e+01 0.0000e+00
      2.568    20.7810     0.0589      0.651  47.210217     51.018      7.378   266.2381     3.7889     3.1193     0.0293      0.105      2.517      3.651        208 5.7604e+01 0.0000e+00
      2.588    20.7465     0.2743      3.031  50.285696     54.996      7.349   266.4274     3.7687     3.1193     0.0309      0.103      2.535      3.676        209 5.6977e+01 0.0000e+00
      2.596    20.7096 -9.990e-29 -9.990e-29  50.771722     55.501      7.325   267.2602     4.2054     3.6698     0.0311      0.099      2.548      3.694        210 5.6388e+01 0.0000e+00
      2.611    20.5975 -9.990e-29 -9.990e-29  55.272156     59.854      7.302   268.4338     4.2216     3.7235     0.0330      0.092      2.560      3.713        211 5.5824e+01 0.0000e+00
      2.624    20.4924 -9.990e-29 -9.990e-29  67.487821     74.372      7.278   268.6231     4.2337     3.7504     0.0393      0.081      2.571      3.728        212 5.5601e+01 0.0000e+00
      2.628    20.4394 -9.990e-29 -9.990e-29  71.679800     78.525      7.247   269.0395     4.2378     3.7369     0.0412      0.069      2.577      3.737        213 5.5698e+01 0.0000e+00
      2.631    20.4307 -9.990e-29 -9.990e-29  73.578856     80.580      7.222   268.9638     4.4723     4.5426     0.0420      0.056      2.580      3.742        214 5.5923e+01 0.0000e+00
      2.634    20.4415 -9.990e-29 -9.990e-29  80.814109     89.212      7.197   269.7588     4.4723     4.5158     0.0459      0.043      2.582      3.745        215 5.6043e+01 0.0000e+00
      2.634    20.4188 -9.990e-29 -9.990e-29  83.003772     91.356      7.170   267.2981     4.4804     4.5292     0.0468      0.032      2.584      3.747        216 5.6144e+01 0.0000e+00
      2.636    20.3552 -9.990e-29 -9.990e-29  78.729650     86.707      7.146   266.1245     4.4561     4.6098     0.0447      0.023      2.585      3.749        217 5.6200e+01 0.0000e+00
      2.636    20.2736 -9.990e-29 -9.990e-29  73.947363     81.235      7.123   264.5345     4.0841     3.6027     0.0423      0.017      2.585      3.750        218 5.6661e+01 0.0000e+00
      2.637    20.2324 -9.990e-29 -9.990e-29  73.263244     80.730      7.103   262.1495     4.1245     3.5087     0.0421      0.010      2.586      3.750        219 5.7202e+01 0.0000e+00
      2.637 -9.990e-29 -9.990e-29 -9.990e-29  73.845574     81.683      7.081   261.7709     4.0922     3.6295     0.0425      0.006      2.586      3.751        220 5.7468e+01 0.0000e+00
      2.638 -9.990e-29 -9.990e-29 -9.990e-29  73.282165     80.829      7.061   261.4681     4.1003     3.4281     0.0421      0.004      2.586      3.751        221 5.7648e+01 0.0000e+00
