Data/DataNotYetUploadedToEDI/Raw_CTD/RawDownloads/070918_fcr20.cnv
* Sea-Bird SBE19plus  Data File:
* FileName = C:\DATA\070918_fcr_0002.hex
* Software version 2.6.3.104
* Temperature SN = 7809
* Conductivity SN = 7809
* System UpLoad Time = Jul 10 2018 08:12:27
* <ApplicationData>
* <Seaterm232>
# nquan = 17
# nvalues = 202                         
# units = specified
# name 0 = depFM: Depth [fresh water, m]
# name 1 = tv290C: Temperature [ITS-90, deg C]
# name 2 = sbeox0Mg/L: Oxygen, SBE 43 [mg/l]
# name 3 = sbeox0PS: Oxygen, SBE 43 [% saturation]
# name 4 = c0uS/cm: Conductivity [uS/cm]
# name 5 = specc: Specific Conductance [uS/cm]
# name 6 = ph: pH
# name 7 = orp: Oxidation Reduction Potential [mV]
# name 8 = flECO-AFL: Fluorescence, WET Labs ECO-AFL/FL [mg/m^3]
# name 9 = turbWETntu0: Turbidity, WET Labs ECO [NTU]
# name 10 = sal00: Salinity, Practical [PSU]
# name 11 = dz/dtM: Descent Rate [m/s]
# name 12 = prdM: Pressure, Strain Gauge [db]
# name 13 = prdE: Pressure, Strain Gauge [psi]
# name 14 = scan: Scan Count
# name 15 = par/sat/log: PAR/Logarithmic, Satlantic
# name 16 = flag:  0.000e+00
# span 0 =     -0.476,      3.646       
# span 1 =    14.4602,    26.8430       
# span 2 =    -1.5178,     8.6102       
# span 3 =    -15.021,    104.496       
# span 4 =  -0.504312, 224.439234       
# span 5 =      0.196,    283.462       
# span 6 =      6.016,      8.248       
# span 7 =    82.6683,  1240.2295       
# span 8 =    -2.5798,     8.0833       
# span 9 =    -7.6365,     5.6840       
# span 10 =     0.0121,     0.1349      
# span 11 =     -0.028,      0.218      
# span 12 =     -0.467,      3.574      
# span 13 =     -0.677,      5.185      
# span 14 =          1,        202      
# span 15 = -3.638e+01, 3.9950e+03      
# span 16 = 0.0000e+00, 0.0000e+00      
# interval = seconds: 0.25
# start_time = Jul 09 2018 16:28:10 [Instrument's time stamp, header]
# bad_flag = -9.990e-29
*END*
     -0.476    25.7238     8.1904    100.408   0.506767      0.502      6.025  1240.2295    -0.1496    -0.0363     0.0121 2.1053e-16     -0.466     -0.676          1 1.4062e+02 0.0000e+00
     -0.476    25.7253     8.1926    100.436   0.513964      0.502      6.027  1240.2295    -0.1658    -0.0229     0.0121 2.1053e-16     -0.466     -0.676          2 1.4201e+02 0.0000e+00
     -0.475    25.7261     8.1923    100.439   0.561434      0.557      6.031  1240.2295    -0.1860    -0.1169     0.0121      0.000     -0.466     -0.676          3 1.5152e+02 0.0000e+00
     -0.476    25.7250     8.1897    100.409   0.566114      0.557      6.031  1240.2295    -0.1738    -0.0229     0.0121     -0.000     -0.467     -0.677          4 1.4318e+02 0.0000e+00
     -0.476    25.7219     8.1910    100.427   0.567350      0.557      6.035  1240.2295    -0.1415     0.0174     0.0121     -0.000     -0.467     -0.677          5 1.5328e+02 0.0000e+00
     -0.476    25.7179     8.1934    100.465   0.559897      0.557      6.038  1240.2295    -0.1617     0.0308     0.0121     -0.000     -0.467     -0.677          6 1.1649e+02 0.0000e+00
     -0.476    25.7127     8.1902    100.440   0.516179      0.502      6.038  1240.2295    -0.1860    -0.0095     0.0121     -0.000     -0.467     -0.677          7 1.5876e+02 0.0000e+00
     -0.476    25.7079     8.1887    100.444   0.503333      0.502      6.036  1240.2295    -0.1698     0.1651     0.0121     -0.000     -0.467     -0.677          8 7.9587e+01 0.0000e+00
     -0.475    25.7048     8.1875    100.449   0.516673      0.502      6.040  1240.2295    -0.2345     0.2860     0.0121     -0.000     -0.467     -0.677          9 2.1598e+02 0.0000e+00
     -0.476    25.7026     8.1816    100.393   0.558788      0.557      6.039  1240.2295    -0.2345     0.2054     0.0121     -0.000     -0.467     -0.677         10 1.2607e+03 0.0000e+00
     -0.476    25.7012     8.1809    100.397   0.569343      0.557      6.040  1240.2295    -0.2345     0.1920     0.0121     -0.000     -0.467     -0.677         11 1.5695e+03 0.0000e+00
     -0.475    25.7021     8.1833    100.437   0.562750      0.557      6.048  1240.2295    -0.2183     0.2054     0.0121      0.000     -0.466     -0.676         12 1.4310e+03 0.0000e+00
     -0.475    25.7050     8.1769    100.366   0.566993      0.557      6.051  1240.2295    -0.1536     0.5142     0.0121      0.000     -0.466     -0.676         13 1.1975e+03 0.0000e+00
     -0.476    25.7062     8.1771    100.377   0.564062      0.557      6.058  1240.2295    -0.1536     0.4068     0.0121      0.000     -0.467     -0.677         14 2.6032e+02 0.0000e+00
     -0.476    25.7075     8.1807    100.430   0.566398      0.557      6.053  1240.2295    -0.1698     0.3934     0.0121     -0.000     -0.467     -0.677         15 7.3249e+01 0.0000e+00
     -0.475    25.7121     8.1771    100.395   0.564086      0.557      6.046  1240.2295    -0.1415     0.4337     0.0121      0.000     -0.467     -0.677         16 1.4898e+02 0.0000e+00
     -0.476    25.7206     8.1803    100.445   0.566939      0.557      6.039  1240.2295    -0.1860     0.4605     0.0121     -0.000     -0.467     -0.677         17 7.7115e+01 0.0000e+00
     -0.475    25.7324     8.1786    100.434   0.562847      0.557      6.040  1240.2295    -0.1617     0.3128     0.0121      0.000     -0.467     -0.677         18 1.1609e+02 0.0000e+00
     -0.476    25.7431     8.1795    100.451   0.628391      0.612      6.045  1240.2295    -0.1415     0.4605     0.0121     -0.000     -0.467     -0.677         19 1.0366e+02 0.0000e+00
     -0.476    25.7518     8.1765    100.422   0.663008      0.667      6.045  1240.2295    -0.1698     0.4605     0.0121     -0.000     -0.467     -0.677         20 1.2687e+02 0.0000e+00
     -0.475    25.7590     8.1774    100.439   0.578980      0.557      6.049  1240.2295    -0.1455     0.2591     0.0121      0.000     -0.467     -0.677         21 1.1622e+02 0.0000e+00
     -0.476    25.7643     8.1755    100.421   0.614539      0.612      6.056  1240.2295    -0.1658     0.0845     0.0121      0.000     -0.467     -0.677         22 1.1259e+02 0.0000e+00
     -0.476    25.7690     8.1608    100.423   0.618756      0.612      6.049  1240.2295    -0.1738     0.2457     0.0121      0.000     -0.466     -0.677         23 9.1441e+01 0.0000e+00
     -0.476    25.7735     8.1165    100.430   0.573731      0.557      6.039  1240.2295    -0.1455     0.2054     0.0121     -0.000     -0.466     -0.677         24 8.7401e+01 0.0000e+00
     -0.476    25.7785     8.0832    100.434   0.611359      0.612      6.029  1240.2295    -0.0323     0.6082     0.0121     -0.000     -0.466     -0.677         25 8.4655e+01 0.0000e+00
     -0.475    25.7836     8.0611    100.424   0.571929      0.557      6.016  1240.2295    -0.0444     0.5545     0.0121     -0.000     -0.466     -0.676         26 7.9341e+01 0.0000e+00
     -0.475    25.7896     8.0477    100.405   0.563589      0.557      6.048  1240.2295    -0.0283     0.6754     0.0121      0.000     -0.466     -0.676         27 7.6682e+01 0.0000e+00
     -0.476    25.7938     8.0444    100.465   0.562525      0.557      6.062  1240.2295    -0.0404     0.7157     0.0121      0.000     -0.466     -0.676         28 7.4236e+01 0.0000e+00
     -0.475    25.7987     8.0367    100.444   0.573251      0.556      6.087  1240.2295    -0.0485     0.6217     0.0121      0.000     -0.466     -0.676         29 7.9503e+01 0.0000e+00
     -0.476    25.8009     8.0307    100.433   0.550241      0.556      6.090  1240.2295    -0.2305     0.5679     0.0121      0.000     -0.466     -0.677         30 8.3252e+01 0.0000e+00
     -0.476    25.8070     8.0291    100.434   0.591161      0.556      6.084  1240.2295    -0.2385     0.7559     0.0121      0.000     -0.466     -0.677         31 9.7326e+01 0.0000e+00
     -0.476    25.8059     8.0284    100.434   0.522327      0.556      6.074  1240.2295    -0.2305     0.5814     0.0122      0.000     -0.466     -0.677         32 9.5614e+01 0.0000e+00
     -0.476    25.9186     8.0273    100.434   0.635905      0.556      6.072  1240.2295    -0.2507     0.5814     0.0122      0.000     -0.466     -0.677         33 1.1700e+02 0.0000e+00
     -0.476    26.2041     8.0268    100.423   0.390603      0.501      6.452  1240.2295    -1.7670    -5.5686     0.0122     -0.000     -0.463     -0.672         34 1.0615e+02 0.0000e+00
     -0.463    26.4446     8.0298    100.458   0.413118      0.226      6.561  1240.2295    -1.8075    -5.6626     0.0123      0.003     -0.454     -0.659         35 1.4097e+02 0.0000e+00
     -0.450    26.5835     8.0210    100.393  -0.073050      0.198      6.701  1240.2295    -1.7711    -5.5820     0.0124      0.009     -0.446     -0.646         36 8.6051e+01 0.0000e+00
     -0.450    26.6710     8.0335    100.512   0.640360      0.197      6.749  1240.2295    -1.7711    -5.6895     0.0125      0.013     -0.441     -0.639         37 1.8972e+02 0.0000e+00
     -0.446    26.7227     8.0746    100.764  -0.504312      0.196      6.706  1240.2295    -0.9624    -7.5828     0.0125      0.017     -0.434     -0.631         38 3.8353e+01 0.0000e+00
     -0.432    26.7670     8.1221    101.035   2.358086      1.114      6.939  1240.2295    -0.9543    -7.5425     0.0124      0.022     -0.424     -0.616         39 3.1017e+02 0.0000e+00
     -0.421    26.7997     8.1577    101.250  15.114715     15.708      7.032  1240.2295    -0.9421    -7.5291     0.0166      0.027     -0.413     -0.599         40 1.6288e+03 0.0000e+00
     -0.410    26.8133     8.1698    101.261  18.747713     17.583      7.152  1240.2295    -0.9583    -7.6365     0.0173      0.032     -0.403     -0.584         41 1.8994e+03 0.0000e+00
     -0.400    26.8164     8.1843    101.346  18.067758     17.625      7.301  1240.2295    -2.0339    -1.0568     0.0174      0.035     -0.394     -0.571         42 1.7084e+03 0.0000e+00
     -0.397    26.8226     8.2374    101.923  18.035039     17.513      7.416  1240.2295    -2.0622    -1.0971     0.0173      0.034     -0.385     -0.559         43 1.9001e+03 0.0000e+00
     -0.384    26.8199     8.3347    103.053  24.004322     22.416      7.560   332.1476    -2.0501    -1.0837     0.0192      0.036     -0.368     -0.534         44 2.1144e+03 0.0000e+00
     -0.346    26.8194     8.4056    103.865  35.213323     35.056      7.710   297.3946    -2.0460    -1.1508     0.0241      0.046     -0.336     -0.488         45 2.4297e+03 0.0000e+00
     -0.304    26.8430     8.4492    104.348  37.319759     35.084      7.764   257.4552    -2.0582    -1.1240     0.0242      0.060     -0.288     -0.418         46 2.4072e+03 0.0000e+00
     -0.229    26.8194     8.4642    104.496  41.280169     40.479      7.773   270.2510    -2.5758    -6.8980     0.0264      0.086     -0.222     -0.323         47 2.4202e+03 0.0000e+00
     -0.148    26.6785     8.4394    104.196  41.734443     40.056      7.790   216.8344    -2.5353    -6.9383     0.0262      0.123     -0.151     -0.219         48 2.3053e+03 0.0000e+00
     -0.088    26.5034     8.3737    103.392  37.139882     35.837      7.795   216.4937    -2.5798    -6.9114     0.0245      0.161     -0.088     -0.128         49 2.5470e+03 0.0000e+00
     -0.029    26.3785     8.2387    101.726  36.230427     35.018      7.832   214.8658    -2.5272    -6.9651     0.0241      0.196     -0.037     -0.054         50 2.1286e+03 0.0000e+00
      0.003    26.3020     8.0578     99.490  35.925456     34.894      7.858   214.4872     1.2980    -0.0363     0.0240      0.218     -0.004     -0.005         51 3.1095e+02 0.0000e+00
      0.017    26.2502     7.8679     97.143  35.858598     34.870      7.869   214.7901     1.2900     0.0577     0.0240      0.218      0.015      0.021         52 -3.638e+01 0.0000e+00
      0.026    26.2066     7.6780     94.797  35.928137     35.030      7.882   215.8501     1.3223    -0.0229     0.0240      0.198      0.026      0.038         53 1.7717e+02 0.0000e+00
      0.037    26.1670     7.4962     92.548  35.838957     34.956      7.895   216.4180     1.2940    -0.0229     0.0240      0.167      0.039      0.057         54 4.4540e+01 0.0000e+00
      0.054    26.1328     7.3549     90.790  35.732345     34.877      7.903   215.3201     2.0987     0.9976     0.0239      0.128      0.061      0.088         55 1.2818e+02 0.0000e+00
      0.094    26.1026     7.2566     89.554  35.675284     34.877      7.914   214.6765     2.0785     0.9305     0.0239      0.101      0.099      0.143         56 7.4892e+01 0.0000e+00
      0.154    26.0842     7.1999     88.845  35.613411     34.791      7.924   216.0394     2.0946     1.0782     0.0239      0.096      0.149      0.217         57 1.5528e+02 0.0000e+00
      0.208    26.0859     7.1612     88.370  35.750047     35.002      7.941   214.6387     2.0987     1.0514     0.0239      0.104      0.199      0.288         58 2.2721e+02 0.0000e+00
      0.247    26.0909     7.1123     87.769  35.742519     34.961      7.975   214.3737     2.3170     1.0379     0.0239      0.122      0.235      0.342         59 4.1364e+02 0.0000e+00
      0.266    26.0908     7.0544     87.054  35.711761     34.959      8.008   214.3358     2.3251     0.9842     0.0239      0.137      0.256      0.372         60 7.2571e+02 0.0000e+00
      0.272    26.0899     6.9888     86.243  35.729009     34.956      8.043   214.6008     2.3373     1.0916     0.0239      0.142      0.265      0.384         61 5.4253e+02 0.0000e+00
      0.271    26.0889     6.9770     86.096  35.691394     34.929      8.068   215.2065     2.3777     1.0648     0.0239      0.133      0.265      0.385         62 1.1340e+03 0.0000e+00
      0.268    26.0878     7.0255     86.691  35.639942     34.875      8.085   215.3580     1.8358     0.5814     0.0239      0.110      0.265      0.384         63 7.5093e+02 0.0000e+00
      0.271    26.0850     7.1117     87.747  35.644753     34.875      8.100   216.4937     1.7995     0.6082     0.0239      0.079      0.268      0.389         64 1.6828e+03 0.0000e+00
      0.279    26.0762     7.2271     89.157  35.715065     34.958      8.106   216.6072     1.8075     0.5948     0.0239      0.048      0.275      0.399         65 3.9950e+03 0.0000e+00
      0.291    26.0631     7.3456     90.607  35.641413     34.878      8.115   216.6830     1.8278     0.6619     0.0239      0.028      0.284      0.411         66 1.7791e+03 0.0000e+00
      0.298    26.0570     7.4906     92.388  35.588124     34.829      8.124   217.4022     1.8358     0.6082     0.0239      0.019      0.291      0.421         67 7.4533e+02 0.0000e+00
      0.301    26.0588     7.5999     93.726  35.633097     34.893      8.133   218.4623     1.8358     1.0916     0.0239      0.017      0.293      0.426         68 3.4570e+02 0.0000e+00
      0.300    26.0604     7.6989     94.935  35.585452     34.843      8.140   218.5758     1.8156     0.9842     0.0239      0.018      0.293      0.425         69 3.6241e+02 0.0000e+00
      0.296    26.0601     7.7725     95.827  35.588108     34.841      8.143   219.1058     1.8399     1.2393     0.0239      0.018      0.291      0.421         70 1.0106e+03 0.0000e+00
      0.293    26.0589     7.7961     96.102  35.570476     34.840      8.147   219.9387     1.8520     1.1185     0.0239      0.015      0.286      0.415         71 1.2994e+03 0.0000e+00
      0.284    26.0578     7.7759     95.842  35.548076     34.786      8.146   219.9008     1.8803     1.2931     0.0238      0.007      0.281      0.407         72 2.1709e+03 0.0000e+00
      0.280    26.0560     7.7110     95.038  35.615983     34.896      8.146   220.8473     1.8884     1.3065     0.0239     -0.002      0.277      0.402         73 1.3768e+03 0.0000e+00
      0.282    26.0508     7.6696     94.534  35.545283     34.787      8.143   221.3773     1.9005     1.2125     0.0238     -0.008      0.277      0.402         74 1.7110e+03 0.0000e+00
      0.284    26.0426     7.6759     94.616  35.517432     34.788      8.149   221.7180     1.8803     1.2796     0.0238     -0.011      0.280      0.407         75 2.1424e+03 0.0000e+00
      0.292    26.0357     7.7215     95.185  35.591329     34.847      8.154   221.6423     2.0946     1.1185     0.0239     -0.008      0.284      0.412         76 2.5204e+03 0.0000e+00
      0.292    26.0311     7.7944     96.091  35.571952     34.852      8.150   222.2858     2.0825     1.0782     0.0239     -0.004      0.282      0.408         77 1.7776e+03 0.0000e+00
      0.277    26.0255     7.8723     97.048  35.541551     34.802      8.148   222.0965     2.0704     0.9976     0.0238     -0.004      0.271      0.392         78 9.7173e+02 0.0000e+00
      0.257    26.0178     7.9230     97.664  35.569853     34.860      8.153   222.6644     2.0785     1.0648     0.0239     -0.009      0.257      0.372         79 7.5383e+02 0.0000e+00
      0.253    26.0089     7.9231     97.655  35.536733     34.809      8.156   223.1944     2.2159     1.2931     0.0238     -0.013      0.248      0.360         80 5.7902e+02 0.0000e+00
      0.246    26.0002     7.8813     97.133  35.523453     34.814      8.157   223.5351     2.2240     1.2393     0.0238     -0.019      0.242      0.351         81 1.3974e+03 0.0000e+00
      0.241    25.9938     7.8034     96.166  35.527066     34.820      8.156   223.7244     2.2200     1.2662     0.0238     -0.026      0.238      0.346         82 1.0670e+03 0.0000e+00
      0.243    25.9922     7.7107     95.017  35.472927     34.772      8.157   224.0651     2.1917     1.2662     0.0238     -0.028      0.240      0.349         83 1.9873e+02 0.0000e+00
      0.253    25.9950     7.6156     93.841  35.472203     34.776      8.158   224.0651     2.1836     1.3065     0.0238     -0.025      0.248      0.361         84 5.2056e+02 0.0000e+00
      0.266    25.9980     7.5330     92.810  35.527970     34.832      8.152   224.7466     2.1432     1.3065     0.0238     -0.014      0.258      0.376         85 1.1466e+03 0.0000e+00
