Data/DataNotYetUploadedToEDI/Raw_CTD/RawDownloads/070920_fcr50_b.cnv
* Sea-Bird SBE19plus  Data File:
* FileName = C:\DATA\070920_fcr50_b_0004.hex
* Software version 2.8.0.119
* Temperature SN = 7809
* Conductivity SN = 7809
* System UpLoad Time = Jul 09 2020 18:52:36
* <ApplicationData>
* <Seaterm232>
# nquan = 16
# nvalues = 2110                        
# units = specified
# name 0 = depFM: Depth [fresh water, m]
# name 1 = dz/dtM: Descent Rate [m/s]
# name 2 = sbeox0ML/L: Oxygen, SBE 43 [ml/l]
# name 3 = sbeox0PS: Oxygen, SBE 43 [% saturation]
# name 4 = specc: Specific Conductance [uS/cm]
# name 5 = c0uS/cm: Conductivity [uS/cm]
# name 6 = flECO-AFL: Fluorescence, WET Labs ECO-AFL/FL [mg/m^3]
# name 7 = ph: pH
# name 8 = orp: Oxidation Reduction Potential [mV]
# name 9 = par/sat/log: PAR/Logarithmic, Satlantic
# name 10 = turbWETntu0: Turbidity, WET Labs ECO [NTU]
# name 11 = prdM: Pressure, Strain Gauge [db]
# name 12 = prdE: Pressure, Strain Gauge [psi]
# name 13 = tv290C: Temperature [ITS-90, deg C]
# name 14 = density00: Density [density, kg/m^3]
# name 15 = flag:  0.000e+00
# span 0 =     -0.662,      9.669       
# span 1 =     -0.782,      4.245       
# span 2 =    -0.0398,     8.4771       
# span 3 =     -0.480,    140.547       
# span 4 =      0.970,    309.611       
# span 5 =   1.091547, 220.651743       
# span 6 =    -0.9214,    31.5811       
# span 7 =      5.890,      8.889       
# span 8 =  -335.0815,   260.0040       
# span 9 = 1.2326e-01, 8.2871e+02       
# span 10 =    -0.3608,   286.8633      
# span 11 =     -0.649,      9.482      
# span 12 =     -0.942,     13.753      
# span 13 =    10.3029,    31.2838      
# span 14 =   995.2617,   999.8067      
# span 15 = 0.0000e+00, 0.0000e+00      
# interval = seconds: 0.25
# start_time = Jul 09 2020 02:22:06 [Instrument's time stamp, header]
# bad_flag = -9.990e-29
*END*
[from data line 1537]
      8.677     -0.026     0.0398      0.568    287.222 206.648055     2.2493      6.375   109.0870 1.2348e-01     9.0454      8.506     12.338    10.9749   999.7564 0.0000e+00
      8.679     -0.023     0.0463      0.592    287.194 206.622438     2.2780      6.376   109.3639 1.2346e-01     9.1443      8.515     12.349    10.9739   999.7565 0.0000e+00
      8.678     -0.024     0.0427      0.602    287.183 206.608359     2.3206      6.377   109.4396 1.2345e-01     9.2867      8.513     12.346    10.9730   999.7566 0.0000e+00
      8.671     -0.030     0.0400      0.573    287.187 206.605820     2.3255      6.377   109.4860 1.2343e-01     9.3251      8.503     12.332    10.9722   999.7566 0.0000e+00
      8.662     -0.041     0.0449      0.540    287.175 206.591741     2.3182      6.377   109.3220 1.2348e-01     9.3336      8.495     12.321    10.9711   999.7567 0.0000e+00
      8.650     -0.052     0.0451      0.550    287.147 206.566122     2.2800      6.378   108.8330 1.2352e-01     9.3900      8.484     12.306    10.9700   999.7567 0.0000e+00
      8.635     -0.060     0.0483      0.562    287.135 206.552043     2.1885      6.379   108.4789 1.2345e-01     9.3885      8.469     12.284    10.9690   999.7568 0.0000e+00
      8.617     -0.063     0.0451      0.564    287.140 206.549505     2.1368      6.379   108.3960 1.2343e-01     9.3504      8.452     12.259    10.9680   999.7568 0.0000e+00
      8.595     -0.061     0.0384      0.549    287.128 206.535437     2.1404      6.379   108.7775 1.2348e-01     9.3752      8.429     12.227    10.9671   999.7568 0.0000e+00
      8.575     -0.057     0.0440      0.505    287.100 206.509935     2.1273      6.379   110.1655 1.2348e-01     9.5171      8.405     12.192    10.9660   999.7568 0.0000e+00
      8.560     -0.055     0.0432      0.484    287.090 206.497135     2.0927      6.380   111.3256 1.2345e-01     9.7269      8.391     12.170    10.9651   999.7568 0.0000e+00
      8.555     -0.053     0.0437      0.504    287.114 206.508665     2.0754      6.380   111.6200 1.2346e-01     9.8174      8.390     12.167    10.9640   999.7569 0.0000e+00
      8.551     -0.048     0.0443      0.496    287.139 206.521340     2.0798      6.380   111.9179 1.2348e-01     9.8211      8.391     12.169    10.9630   999.7570 0.0000e+00
      8.537     -0.045     0.0379      0.469    287.149 206.522397     2.1076      6.381   111.2284 1.2347e-01     9.7381      8.376     12.148    10.9622   999.7570 0.0000e+00
      8.515     -0.046     0.0352      0.491    287.156 206.521443     2.1636      6.381   110.5102 1.2347e-01     9.5345      8.346     12.105    10.9611   999.7569 0.0000e+00
      8.500     -0.050     0.0405      0.516    287.146 206.509808     2.2044      6.381   110.3754 1.2345e-01     9.4191      8.330     12.082    10.9602   999.7570 0.0000e+00
      8.495     -0.055     0.0402      0.526    287.153 206.509702     2.2004      6.382   109.1678 1.2343e-01     9.3727      8.333     12.086    10.9593   999.7571 0.0000e+00
      8.489     -0.058     0.0327      0.561    287.176 206.520166     2.1051      6.382   108.7288 1.2342e-01     9.2139      8.329     12.082    10.9583   999.7572 0.0000e+00
      8.472     -0.063     0.0385      0.576    287.167 206.508329     1.9495      6.382   109.1981 1.2343e-01     9.0099      8.309     12.051    10.9572   999.7572 0.0000e+00
      8.450     -0.068     0.0414      0.553    287.155 206.494566     1.8728      6.381   109.5069 1.2341e-01     8.8973      8.286     12.016    10.9564   999.7571 0.0000e+00
      8.430     -0.069     0.0380      0.530    287.145 206.481756     1.8741      6.381   111.5168 1.2337e-01     8.8484      8.268     11.992    10.9554   999.7572 0.0000e+00
      8.409     -0.063     0.0449      0.520    287.152 206.481431     1.9551      6.381   113.8831 1.2342e-01     8.9344      8.248     11.962    10.9544   999.7572 0.0000e+00
      8.386     -0.051     0.0459      0.533    287.172 206.490627     2.1081      6.380   114.8002 1.2350e-01     9.1471      8.221     11.922    10.9536   999.7571 0.0000e+00
      8.372     -0.038     0.0421      0.556    287.144 206.464941     2.1890      6.380   115.0340 1.2354e-01     9.2565      8.204     11.898    10.9527   999.7571 0.0000e+00
      8.370     -0.024     0.0409      0.555    287.098 206.426850     2.1993      6.379   113.3543 1.2352e-01     9.2619      8.209     11.905    10.9516   999.7573 0.0000e+00
      8.372     -0.014     0.0392      0.524    287.088 206.414040     2.2805      6.379   111.0978 1.2350e-01     9.2119      8.214     11.913    10.9507   999.7574 0.0000e+00
      8.371     -0.009     0.0409      0.507    287.129 206.438044     2.4262      6.379   110.3783 1.2350e-01     9.0987      8.208     11.906    10.9498   999.7575 0.0000e+00
      8.371     -0.014     0.0435      0.509    287.169 206.461084     2.5026      6.380   109.3019 1.2345e-01     9.0265      8.207     11.904    10.9488   999.7575 0.0000e+00
      8.371     -0.030     0.0446      0.513    287.142 206.436638     2.4977      6.380   109.3544 1.2339e-01     9.0253      8.211     11.910    10.9478   999.7577 0.0000e+00
      8.368     -0.051     0.0393      0.528    287.097 206.398452     2.3200      6.380   110.4961 1.2339e-01     8.9814      8.209     11.905    10.9469   999.7577 0.0000e+00
      8.355     -0.071     0.0383      0.541    287.083 206.383353     1.9846      6.380   110.9755 1.2342e-01     8.8736      8.198     11.890    10.9461   999.7578 0.0000e+00
      8.330     -0.090     0.0402      0.561    287.088 206.382075     1.8091      6.381   113.2573 1.2347e-01     8.8204      8.173     11.854    10.9451   999.7578 0.0000e+00
      8.295     -0.104     0.0382      0.586    287.097 206.382999     1.8104      6.383   116.0585 1.2349e-01     8.8525      8.133     11.797    10.9442   999.7577 0.0000e+00
      8.261     -0.109     0.0417      0.593    287.120 206.394518     1.8478      6.384   116.9679 1.2345e-01     8.9525      8.099     11.747    10.9433   999.7576 0.0000e+00
      8.230     -0.104     0.0414      0.593    287.126 206.393354     1.9082      6.384   116.5952 1.2344e-01     9.0691      8.072     11.707    10.9423   999.7575 0.0000e+00
      8.201     -0.093     0.0427      0.576    287.099 206.368929     1.9388      6.384   114.6492 1.2347e-01     9.1286      8.041     11.662    10.9414   999.7575 0.0000e+00
      8.179     -0.079     0.0467      0.541    287.087 206.355179     1.9326      6.384   111.5939 1.2352e-01     9.1230      8.016     11.626    10.9404   999.7575 0.0000e+00
      8.165     -0.063     0.0451      0.514    287.094 206.355081     2.0047      6.383   109.5094 1.2358e-01     9.1047      8.005     11.612    10.9396   999.7575 0.0000e+00
      8.153     -0.045     0.0466      0.512    287.119 206.367742     2.1616      6.383   109.2340 1.2357e-01     9.1135      7.998     11.600    10.9386   999.7576 0.0000e+00
      8.140     -0.030     0.0453      0.535    287.143 206.380258     2.2465      6.384   110.0710 1.2347e-01     9.1256      7.981     11.575    10.9377   999.7575 0.0000e+00
      8.131     -0.018     0.0412      0.561    287.148 206.378419     2.2683      6.385   112.4034 1.2344e-01     9.1140      7.968     11.557    10.9369   999.7576 0.0000e+00
      8.133     -0.009     0.0391      0.555    287.110 206.345512     2.3877      6.385   114.8928 1.2339e-01     9.1109      7.975     11.567    10.9359   999.7577 0.0000e+00
      8.138     -0.003     0.0385      0.507    287.057 206.302351     2.5831      6.385   115.7343 1.2338e-01     9.1222      7.984     11.579    10.9350   999.7579 0.0000e+00
      8.139      0.002     0.0412      0.474    287.067 206.304522     2.6670      6.386   116.2966 1.2347e-01     9.0787      7.981     11.576    10.9342   999.7579 0.0000e+00
      8.138      0.004     0.0440      0.477    287.079 206.307765     2.6484      6.386   115.4967 1.2348e-01     9.0312      7.981     11.574    10.9332   999.7580 0.0000e+00
      8.139      0.002     0.0450      0.486    287.044 206.277550     2.6251      6.386   113.8927 1.2341e-01     9.0289      7.983     11.577    10.9323   999.7581 0.0000e+00
      8.140      0.000     0.0383      0.499    287.025 206.259170     2.5942      6.386   113.2504 1.2335e-01     9.0161      7.983     11.578    10.9314   999.7582 0.0000e+00
      8.140     -0.001     0.0348      0.523    287.057 206.277517     2.5804      6.386   111.6881 1.2338e-01     9.0139      7.982     11.577    10.9305   999.7583 0.0000e+00
      8.140     -0.004     0.0377      0.549    287.106 206.307386     2.5832      6.386   110.9205 1.2344e-01     9.0368      7.982     11.577    10.9298   999.7584 0.0000e+00
      8.140     -0.011     0.0370      0.563    287.104 206.300336     2.5033      6.386   111.5409 1.2347e-01     9.1208      7.983     11.578    10.9288   999.7585 0.0000e+00
      8.139     -0.021     0.0384      0.565    287.049 206.256274     2.3389      6.386   111.6181 1.2345e-01     9.2752      7.982     11.577    10.9280   999.7585 0.0000e+00
      8.135     -0.031     0.0400      0.561    287.009 206.222589     2.2553      6.386   113.0582 1.2345e-01     9.3582      7.980     11.573    10.9272   999.7586 0.0000e+00
      8.124     -0.040     0.0429      0.530    287.003 206.213033     2.2650      6.386   115.2725 1.2351e-01     9.3686      7.971     11.559    10.9261   999.7587 0.0000e+00
      8.108     -0.048     0.0442      0.495    286.999 206.204727     2.2655      6.386   115.9345 1.2355e-01     9.2978      7.951     11.533    10.9252   999.7587 0.0000e+00
      8.092     -0.053     0.0428      0.475    286.980 206.186147     2.2614      6.386   115.5567 1.2350e-01     9.1558      7.935     11.508    10.9244   999.7587 0.0000e+00
      8.077     -0.054     0.0452      0.470    286.978 206.180375     2.2728      6.386   114.3172 1.2342e-01     9.1273      7.921     11.488    10.9236   999.7587 0.0000e+00
      8.063     -0.054     0.0407      0.492    287.010 206.198934     2.2796      6.386   112.5630 1.2344e-01     9.1593      7.906     11.467    10.9226   999.7587 0.0000e+00
      8.051     -0.055     0.0375      0.525    287.045 206.218551     2.2764      6.386   111.7272 1.2349e-01     9.1303      7.894     11.449    10.9218   999.7587 0.0000e+00
      8.041     -0.060     0.0368      0.538    287.061 206.225569     2.2727      6.385   111.8688 1.2346e-01     9.1207      7.886     11.437    10.9208   999.7588 0.0000e+00
      8.028     -0.067     0.0349      0.524    287.060 206.219798     2.2729      6.384   112.1252 1.2341e-01     9.1457      7.876     11.423    10.9200   999.7588 0.0000e+00
      8.010     -0.077     0.0381      0.535    287.057 206.212767     2.2591      6.384   113.1062 1.2342e-01     9.1240      7.857     11.396    10.9192   999.7588 0.0000e+00
      7.987     -0.084     0.0405      0.575    287.052 206.204561     2.1536      6.383   114.1791 1.2348e-01     9.1667      7.832     11.359    10.9183   999.7588 0.0000e+00
      7.962     -0.084     0.0435      0.581    287.031 206.184561     1.9796      6.381   114.3424 1.2351e-01     9.3185      7.808     11.324    10.9175   999.7588 0.0000e+00
      7.935     -0.074     0.0392      0.547    287.008 206.162932     1.8823      6.378   114.5644 1.2347e-01     9.3801      7.784     11.290    10.9166   999.7587 0.0000e+00
      7.907     -0.057     0.0394      0.521    286.976 206.135017     1.8819      6.377   114.7992 1.2339e-01     9.3283      7.752     11.243    10.9158   999.7587 0.0000e+00
      7.887     -0.036     0.0463      0.510    286.938 206.103019     2.0324      6.377   114.6867 1.2338e-01     9.2415      7.726     11.205    10.9151   999.7586 0.0000e+00
      7.887     -0.013     0.0464      0.487    286.935 206.096018     2.3001      6.377   114.2364 1.2342e-01     9.1191      7.730     11.212    10.9141   999.7587 0.0000e+00
      7.898      0.007     0.0418      0.466    286.967 206.114360     2.4397      6.377   113.6561 1.2343e-01     9.0501      7.749     11.239    10.9132   999.7589 0.0000e+00
      7.907      0.022     0.0391      0.446    286.999 206.132802     2.4519      6.376   113.4355 1.2344e-01     9.0942      7.756     11.248    10.9124   999.7590 0.0000e+00
      7.914      0.025     0.0409      0.423    286.998 206.127012     2.4660      6.374   113.4619 1.2347e-01     9.2751      7.758     11.252    10.9116   999.7591 0.0000e+00
      7.924      0.014     0.0370      0.436    286.978 206.108339     2.4960      6.373   113.5446 1.2351e-01     9.5546      7.770     11.270    10.9108   999.7592 0.0000e+00
      7.934     -0.007     0.0356      0.475    286.971 206.099012     2.5285      6.374   113.6613 1.2355e-01     9.7274      7.782     11.288    10.9100   999.7594 0.0000e+00
      7.938     -0.031     0.0357      0.493    286.949 206.078241     2.5241      6.375   113.7546 1.2354e-01     9.7514      7.788     11.296    10.9091   999.7595 0.0000e+00
      7.927     -0.051     0.0309      0.509    286.915 206.049183     2.3295      6.375   113.7256 1.2350e-01     9.5704      7.780     11.284    10.9083   999.7595 0.0000e+00
      7.901     -0.066     0.0324      0.547    286.947 206.067636     1.9873      6.375   113.6550 1.2345e-01     9.2209      7.750     11.241    10.9076   999.7594 0.0000e+00
      7.867     -0.077     0.0383      0.570    287.012 206.109370     1.8110      6.375   113.8472 1.2344e-01     9.0273      7.711     11.185    10.9067   999.7594 0.0000e+00
      7.839     -0.086     0.0381      0.566    287.014 206.105810     1.7995      6.374   114.0714 1.2348e-01     9.0156      7.681     11.140    10.9058   999.7593 0.0000e+00
      7.825     -0.093     0.0378      0.549    286.996 206.088604     1.8101      6.374   114.2144 1.2349e-01     9.0792      7.671     11.124    10.9050   999.7593 0.0000e+00
      7.816     -0.099     0.0433      0.523    287.009 206.093324     1.8341      6.374   114.5439 1.2345e-01     9.2123      7.671     11.126    10.9043   999.7594 0.0000e+00
      7.796     -0.106     0.0450      0.525    287.023 206.098883     1.8515      6.374   114.5279 1.2341e-01     9.3211      7.653     11.100    10.9034   999.7594 0.0000e+00
      7.761     -0.115     0.0436      0.550    287.019 206.091826     1.8678      6.375   114.2789 1.2340e-01     9.3638      7.612     11.041    10.9026   999.7593 0.0000e+00
      7.718     -0.124     0.0435      0.546    286.998 206.071988     1.9069      6.375   114.2003 1.2344e-01     9.3165      7.567     10.976    10.9019   999.7592 0.0000e+00
      7.678     -0.129     0.0392      0.523    286.975 206.051006     1.9621      6.375   113.6630 1.2342e-01     9.1950      7.525     10.914    10.9010   999.7591 0.0000e+00
      7.647     -0.127     0.0389      0.520    286.953 206.030121     1.9917      6.375   112.9449 1.2334e-01     9.1314      7.497     10.873    10.9002   999.7590 0.0000e+00
      7.621     -0.117     0.0446      0.542    286.934 206.011447     1.9973      6.375   112.6589 1.2335e-01     9.1311      7.476     10.843    10.8994   999.7590 0.0000e+00
      7.593     -0.106     0.0425      0.560    286.948 206.017207     2.0593      6.376   112.7008 1.2342e-01     9.1913      7.447     10.800    10.8986   999.7589 0.0000e+00
      7.563     -0.095     0.0396      0.533    286.980 206.035764     2.1787      6.376   113.2789 1.2342e-01     9.3100      7.414     10.753    10.8979   999.7588 0.0000e+00
      7.538     -0.087     0.0394      0.484    286.998 206.043830     2.2482      6.376   114.4011 1.2338e-01     9.3640      7.390     10.718    10.8969   999.7588 0.0000e+00
      7.518     -0.082     0.0417      0.471    287.014 206.050744     2.2610      6.376   115.3422 1.2339e-01     9.3644      7.372     10.692    10.8962   999.7588 0.0000e+00
      7.502     -0.075     0.0452      0.489    287.027 206.055359     2.3048      6.376   115.6230 1.2346e-01     9.3486      7.357     10.670    10.8955   999.7588 0.0000e+00
