Data/DataNotYetUploadedToEDI/Raw_CTD/RawDownloads/070920_bvr50.cnv
* Sea-Bird SBE19plus  Data File:
* FileName = C:\DATA\070920_fcr50_0003.hex
* Software version 2.8.0.119
* Temperature SN = 7809
* Conductivity SN = 7809
* System UpLoad Time = Jul 09 2020 11:58:43
* <ApplicationData>
* <Seaterm232>
# nquan = 16
# nvalues = 6905                        
# units = specified
# name 0 = depFM: Depth [fresh water, m]
# name 1 = dz/dtM: Descent Rate [m/s]
# name 2 = sbeox0ML/L: Oxygen, SBE 43 [ml/l]
# name 3 = sbeox0PS: Oxygen, SBE 43 [% saturation]
# name 4 = specc: Specific Conductance [uS/cm]
# name 5 = c0uS/cm: Conductivity [uS/cm]
# name 6 = flECO-AFL: Fluorescence, WET Labs ECO-AFL/FL [mg/m^3]
# name 7 = ph: pH
# name 8 = orp: Oxidation Reduction Potential [mV]
# name 9 = par/sat/log: PAR/Logarithmic, Satlantic
# name 10 = turbWETntu0: Turbidity, WET Labs ECO [NTU]
# name 11 = prdM: Pressure, Strain Gauge [db]
# name 12 = prdE: Pressure, Strain Gauge [psi]
# name 13 = tv290C: Temperature [ITS-90, deg C]
# name 14 = density00: Density [density, kg/m^3]
# name 15 = flag:  0.000e+00
# span 0 =     -0.748,     11.753       
# span 1 =     -0.226,      0.109       
# span 2 =     0.0290,     7.6332       
# span 3 =      0.393,    130.145       
# span 4 =      0.723,    333.285       
# span 5 =   0.742332, 236.861627       
# span 6 =    -0.9365,    11.1518       
# span 7 =      6.273,      8.926       
# span 8 = -1240.7455,   236.6860       
# span 9 = 1.2346e-01, 1.2409e+03       
# span 10 =     0.3929,    25.1587      
# span 11 =     -0.734,     11.526      
# span 12 =     -1.064,     16.717      
# span 13 =     8.9896,    28.0390      
# span 14 =   996.2390,   999.9448      
# span 15 = 0.0000e+00, 0.0000e+00      
# interval = seconds: 0.25
# start_time = Jul 08 2020 22:14:35 [Instrument's time stamp, header]
# bad_flag = -9.990e-29
*END*
[from data line 1537]
      3.673      0.008     4.9678     76.471     24.544  21.048609     9.8709      7.348   209.7069 1.0347e+01     2.8110      3.603      5.225    17.8595   998.6525 0.0000e+00
      3.675      0.008     4.9890     76.938     24.530  21.036301    10.0238      7.347   209.7045 1.0324e+01     2.8337      3.604      5.227    17.8655   998.6514 0.0000e+00
      3.677      0.008     5.0116     77.326     24.546  21.048516    10.3391      7.346   209.7582 1.0293e+01     2.8659      3.606      5.230    17.8712   998.6504 0.0000e+00
      3.679      0.009     5.0452     77.622     24.575  21.069481    10.5074      7.344   209.7543 1.0252e+01     2.8583      3.608      5.233    17.8765   998.6495 0.0000e+00
      3.681      0.009     5.0786     77.814     24.615  21.099545    10.5039      7.343   209.7434 1.0222e+01     2.8440      3.610      5.237    17.8753   998.6497 0.0000e+00
      3.683      0.009     5.1118     77.855     24.615  21.094940    10.4011      7.342   209.7984 1.0203e+01     2.8303      3.612      5.239    17.8735   998.6501 0.0000e+00
      3.686      0.009     5.1376     77.753     24.599  21.077219    10.2184      7.341   209.9026 1.0193e+01     2.8308      3.615      5.243    17.8738   998.6500 0.0000e+00
      3.689      0.009     5.1573     77.550     24.603  21.075504    10.1164      7.341   209.9706 1.0188e+01     2.8498      3.618      5.248    17.8655   998.6515 0.0000e+00
      3.691      0.010     5.1742     77.280     24.612  21.074206    10.0930      7.340   209.9330 1.0178e+01     2.8535      3.619      5.250    17.8536   998.6538 0.0000e+00
      3.693      0.010     5.1768     76.938     24.611  21.061513     9.9446      7.338   209.9645 1.0163e+01     2.8414      3.621      5.252    17.8448   998.6554 0.0000e+00
      3.696      0.011     5.1698     76.466     24.610  21.048841     9.6762      7.338   210.0933 1.0144e+01     2.8401      3.625      5.257    17.8370   998.6568 0.0000e+00
      3.699      0.012     5.1566     75.874     24.616  21.047792     9.5381      7.338   210.2000 1.0128e+01     2.8384      3.627      5.261    17.8286   998.6583 0.0000e+00
      3.702      0.012     5.1390     75.183     24.621  21.048830     9.5242      7.337   210.3074 1.0119e+01     2.8199      3.631      5.266    17.8122   998.6613 0.0000e+00
      3.706      0.012     5.1233     74.420     24.640  21.061389     9.4985      7.336   210.3595 1.0104e+01     2.8230      3.634      5.270    17.7835   998.6666 0.0000e+00
      3.709      0.012     5.0928     73.683     24.656  21.072814     9.4665      7.334   210.3145 1.0078e+01     2.8419      3.637      5.275    17.7564   998.6715 0.0000e+00
      3.712      0.011     5.0541     73.053     24.643  21.060133     9.4510      7.332   210.2785 1.0053e+01     2.8429      3.642      5.281    17.7463   998.6734 0.0000e+00
      3.714      0.009     5.0092     72.576     24.613  21.034883     9.4542      7.332   210.3555 1.0029e+01     2.8348      3.644      5.284    17.7430   998.6740 0.0000e+00
      3.716      0.009     4.9553     72.266     24.596  21.021171     9.4572      7.331   210.4710 9.9996e+00     2.8133      3.645      5.286    17.7342   998.6757 0.0000e+00
      3.718      0.009     4.9057     72.101     24.596  21.021172     9.5837      7.330   210.5555 9.9843e+00     2.8227      3.647      5.289    17.7273   998.6769 0.0000e+00
      3.720      0.010     4.8626     72.034     24.615  21.034894     9.8383      7.327   210.6030 9.9763e+00     2.8794      3.648      5.291    17.7255   998.6772 0.0000e+00
      3.722      0.010     4.8304     72.016     24.652  21.060249     9.9705      7.325   210.6160 9.9323e+00     2.9150      3.649      5.293    17.7253   998.6773 0.0000e+00
      3.726      0.010     4.8100     71.984     24.679  21.074085    10.0003      7.326   210.7117 9.8595e+00     2.9105      3.653      5.299    17.7280   998.6768 0.0000e+00
      3.730      0.009     4.8003     71.907     24.689  21.075345    10.3030      7.326   210.8141 9.8027e+00     2.8590      3.659      5.306    17.7302   998.6764 0.0000e+00
      3.733      0.009     4.7967     71.790     24.695  21.075474    10.8545      7.326   210.9075 9.7850e+00     2.8073      3.662      5.311    17.7272   998.6770 0.0000e+00
      3.733      0.010     4.7989     71.620     24.702  21.075641    11.1480      7.325   211.0666 9.7800e+00     2.8339      3.661      5.310    17.7145   998.6792 0.0000e+00
      3.733      0.011     4.7998     71.326     24.714  21.077359    11.1518      7.323   211.1887 9.7524e+00     2.8726      3.660      5.308    17.6924   998.6833 0.0000e+00
      3.736      0.013     4.7958     70.884     24.750  21.096236    10.9965      7.321   211.2655 9.7082e+00     2.8975      3.662      5.311    17.6747   998.6865 0.0000e+00
      3.741      0.015     4.7887     70.380     24.783  21.113636    10.7098      7.320   211.3073 9.6602e+00     2.9635      3.668      5.320    17.6680   998.6878 0.0000e+00
      3.747      0.018     4.7800     69.844     24.775  21.097487    10.5468      7.318   211.3497 9.6167e+00     2.9826      3.675      5.330    17.6604   998.6892 0.0000e+00
      3.752      0.020     4.7648     69.247     24.779  21.091200    10.5028      7.315   211.4341 9.5882e+00     2.9916      3.679      5.337    17.6412   998.6927 0.0000e+00
      3.757      0.020     4.7328     68.596     24.802  21.101029    10.1780      7.314   211.5536 9.5644e+00     3.0730      3.684      5.344    17.6141   998.6976 0.0000e+00
      3.762      0.019     4.7017     67.926     24.795  21.089493     9.5858      7.314   211.6756 9.5354e+00     3.1077      3.690      5.351    17.5908   998.7018 0.0000e+00
      3.766      0.018     4.6691     67.286     24.782  21.078526     9.2655      7.313   211.7052 9.5031e+00     3.0686      3.693      5.357    17.5743   998.7048 0.0000e+00
      3.771      0.017     4.6302     66.715     24.799  21.095251     9.2331      7.312   211.6534 9.4806e+00     3.0124      3.698      5.364    17.5546   998.7084 0.0000e+00
      3.776      0.016     4.5884     66.192     24.803  21.101484     9.2228      7.310   211.6509 9.4778e+00     2.9772      3.703      5.371    17.5318   998.7126 0.0000e+00
      3.780      0.016     4.5434     65.713     24.788  21.090477     9.1975      7.309   211.6752 9.4782e+00     2.9857      3.706      5.376    17.5193   998.7149 0.0000e+00
      3.784      0.015     4.4989     65.350     24.785  21.089001     9.1465      7.308   211.6882 9.4626e+00     3.0124      3.710      5.381    17.5210   998.7145 0.0000e+00
      3.787      0.014     4.4611     65.135     24.778  21.083632     9.1121      7.307   211.7229 9.4276e+00     3.0250      3.713      5.386    17.5278   998.7133 0.0000e+00
      3.791      0.014     4.4270     65.052     24.784  21.088982     9.1054      7.304   211.7504 9.3926e+00     3.0013      3.717      5.392    17.5335   998.7123 0.0000e+00
      3.795      0.014     4.3908     65.081     24.787  21.090277     9.0749      7.301   211.8486 9.3711e+00     2.9666      3.721      5.397    17.5382   998.7114 0.0000e+00
      3.798      0.014     4.3663     65.160     24.802  21.099279     9.0201      7.301   211.9640 9.3554e+00     2.9828      3.724      5.402    17.5406   998.7111 0.0000e+00
      3.800      0.014     4.3525     65.245     24.851  21.134406     8.9957      7.299   212.0273 9.3273e+00     3.0253      3.726      5.405    17.5419   998.7108 0.0000e+00
      3.804      0.013     4.3464     65.323     24.860  21.134521     8.9990      7.297   212.1839 9.2769e+00     3.0344      3.729      5.409    17.5430   998.7107 0.0000e+00
      3.809      0.011     4.3509     65.362     24.830  21.100656     9.0990      7.295   212.3951 9.2364e+00     3.0238      3.735      5.417    17.5419   998.7109 0.0000e+00
      3.812      0.010     4.3582     65.298     24.846  21.105401     9.2980      7.294   212.5156 9.2232e+00     3.0003      3.739      5.423    17.5323   998.7126 0.0000e+00
      3.814      0.008     4.3648     65.098     24.883  21.128477     9.4128      7.292   212.5224 9.2128e+00     2.9912      3.740      5.425    17.5165   998.7156 0.0000e+00
      3.815      0.007     4.3720     64.798     24.888  21.126003     9.4281      7.291   212.4773 9.1959e+00     3.0162      3.741      5.426    17.5047   998.7176 0.0000e+00
      3.816      0.005     4.3777     64.425     24.909  21.138889     9.2924      7.291   212.4867 9.1811e+00     3.0282      3.742      5.427    17.4886   998.7204 0.0000e+00
      3.817      0.005     4.3774     63.986     24.934  21.157459     9.0116      7.289   212.6360 9.1687e+00     3.0332      3.742      5.428    17.4660   998.7246 0.0000e+00
      3.818      0.005     4.3631     63.497     24.940  21.160286     8.8564      7.287   212.8190 9.1580e+00     3.0419      3.744      5.430    17.4485   998.7277 0.0000e+00
      3.819      0.006     4.3438     62.986     24.958  21.173068     8.8456      7.286   212.8934 9.1450e+00     3.0313      3.745      5.432    17.4368   998.7298 0.0000e+00
      3.821      0.006     4.3196     62.477     24.974  21.185183     8.8333      7.286   212.9323 9.1241e+00     3.0068      3.747      5.435    17.4287   998.7313 0.0000e+00
      3.823      0.005     4.2901     62.002     24.969  21.179943     8.8128      7.285   212.9449 9.1068e+00     2.9861      3.749      5.438    17.4233   998.7322 0.0000e+00
      3.825      0.004     4.2573     61.606     24.960  21.173114     8.8169      7.282   212.9605 9.0964e+00     2.9867      3.752      5.441    17.4186   998.7331 0.0000e+00
      3.826      0.004     4.2226     61.293     24.951  21.166036     8.8357      7.280   213.0347 9.0964e+00     3.0144      3.754      5.444    17.4127   998.7342 0.0000e+00
      3.826      0.004     4.1889     61.052     24.939  21.157772     8.8496      7.278   213.0681 9.1061e+00     3.0128      3.753      5.444    17.4077   998.7350 0.0000e+00
      3.826      0.004     4.1548     60.907     24.909  21.136608     8.8508      7.278   213.1066 9.1069e+00     2.9668      3.751      5.441    17.4090   998.7348 0.0000e+00
      3.826      0.005     4.1284     60.895     24.863  21.100390     8.8413      7.277   213.1546 9.0888e+00     2.9734      3.751      5.441    17.4105   998.7345 0.0000e+00
      3.828      0.007     4.1084     60.987     24.865  21.100333     8.8402      7.276   213.2184 9.0554e+00     3.0235      3.754      5.445    17.4094   998.7347 0.0000e+00
      3.832      0.009     4.0910     61.135     24.914  21.135921     8.8374      7.274   213.3615 9.0357e+00     3.0240      3.758      5.450    17.4128   998.7341 0.0000e+00
      3.835      0.011     4.0790     61.344     24.939  21.150201     8.7503      7.273   213.4234 9.0326e+00     2.9793      3.761      5.454    17.4238   998.7322 0.0000e+00
      3.838      0.012     4.0780     61.560     24.945  21.146151     8.5873      7.272   213.5359 9.0092e+00     2.9631      3.763      5.459    17.4341   998.7303 0.0000e+00
      3.841      0.013     4.0872     61.712     24.963  21.150359     8.5075      7.271   213.7760 8.9652e+00     3.0001      3.767      5.464    17.4294   998.7312 0.0000e+00
      3.843      0.013     4.0965     61.767     24.958  21.137651     8.5097      7.269   213.8312 8.9258e+00     3.0487      3.769      5.467    17.4130   998.7342 0.0000e+00
      3.846      0.013     4.1131     61.649     24.941  21.119315     8.4901      7.266   213.7729 8.8915e+00     3.0697      3.772      5.471    17.4015   998.7362 0.0000e+00
      3.851      0.013     4.1324     61.330     24.940  21.118886     8.4610      7.266   213.8458 8.8376e+00     3.0832      3.777      5.477    17.3853   998.7391 0.0000e+00
      3.856      0.012     4.1430     60.889     24.953  21.132468     8.4541      7.265   214.0240 8.7723e+00     3.1094      3.782      5.485    17.3575   998.7441 0.0000e+00
      3.859      0.012     4.1526     60.458     24.978  21.156716     8.4732      7.263   214.1210 8.7305e+00     3.1116      3.785      5.490    17.3377   998.7477 0.0000e+00
      3.861      0.011     4.1454     60.130     24.975  21.158430     8.6546      7.262   214.0721 8.6977e+00     3.0750      3.786      5.490    17.3316   998.7487 0.0000e+00
      3.862      0.010     4.1218     59.933     24.965  21.153190     8.9869      7.260   214.0346 8.6566e+00     3.0110      3.787      5.493    17.3333   998.7484 0.0000e+00
      3.865      0.010     4.0883     59.900     24.968  21.156778     9.1721      7.258   214.0980 8.6110e+00     2.9895      3.789      5.496    17.3382   998.7475 0.0000e+00
      3.868      0.010     4.0556     60.027     24.946  21.138393     9.1876      7.256   214.2370 8.5603e+00     3.0215      3.793      5.502    17.3459   998.7463 0.0000e+00
      3.871      0.010     4.0342     60.257     24.927  21.121148     9.1636      7.255   214.3387 8.5264e+00     3.0200      3.796      5.506    17.3560   998.7445 0.0000e+00
      3.873      0.009     4.0178     60.503     24.951  21.138499     9.0442      7.252   214.3802 8.5110e+00     3.0055      3.798      5.509    17.3629   998.7432 0.0000e+00
      3.876      0.008     4.0162     60.694     24.978  21.157938     8.8700      7.250   214.3943 8.4828e+00     3.0178      3.800      5.512    17.3655   998.7428 0.0000e+00
      3.879      0.006     4.0260     60.827     24.993  21.165943     8.7931      7.249   214.4236 8.4459e+00     3.0318      3.804      5.517    17.3652   998.7427 0.0000e+00
      3.880      0.004     4.0437     60.885     25.008  21.171875     8.7912      7.249   214.5625 8.4250e+00     3.0373      3.806      5.520    17.3622   998.7433 0.0000e+00
      3.880      0.003     4.0632     60.822     25.008  21.166240     8.7806      7.248   214.6969 8.4203e+00     3.0151      3.805      5.518    17.3573   998.7442 0.0000e+00
      3.879      0.003     4.0757     60.663     25.008  21.161211     8.7701      7.245   214.8448 8.4264e+00     2.9704      3.804      5.517    17.3502   998.7455 0.0000e+00
      3.879      0.004     4.0855     60.442     25.031  21.174486     8.7775      7.243   215.0595 8.4197e+00     2.9774      3.804      5.517    17.3396   998.7474 0.0000e+00
      3.880      0.005     4.0932     60.138     25.068  21.199908     8.7845      7.242   215.2280 8.3926e+00     3.0308      3.805      5.519    17.3255   998.7499 0.0000e+00
      3.883      0.007     4.0882     59.729     25.091  21.214925     8.7117      7.240   215.0763 8.3829e+00     3.0319      3.808      5.522    17.3147   998.7518 0.0000e+00
      3.885      0.009     4.0769     59.230     25.110  21.229228     8.5749      7.240   214.9448 8.3892e+00     2.9908      3.810      5.525    17.3061   998.7533 0.0000e+00
      3.887      0.009     4.0647     58.690     25.129  21.246017     8.5029      7.238   215.4450 8.3863e+00     2.9803      3.812      5.528    17.2930   998.7556 0.0000e+00
      3.890      0.009     4.0455     58.138     25.107  21.227686     8.4999      7.235   215.9628 8.3764e+00     3.0072      3.815      5.533    17.2783   998.7583 0.0000e+00
      3.893      0.008     4.0195     57.640     25.072  21.197816     8.4817      7.233   216.0431 8.3728e+00     3.0419      3.819      5.538    17.2681   998.7601 0.0000e+00
      3.895      0.007     3.9833     57.273     25.079  21.201923     8.4249      7.232   215.9851 8.3824e+00     3.0568      3.820      5.540    17.2670   998.7603 0.0000e+00
      3.896      0.007     3.9474     57.048     25.095  21.213934     8.3858      7.230   216.0359 8.3989e+00     3.0502      3.820      5.540    17.2700   998.7598 0.0000e+00
      3.897      0.006     3.9083     56.950     25.100  21.216211     8.3909      7.228   216.1412 8.4117e+00     3.0309      3.822      5.543    17.2720   998.7594 0.0000e+00
      3.899      0.006     3.8718     56.935     25.119  21.229459     8.4386      7.226   216.1400 8.4147e+00     2.9948      3.823      5.545    17.2709   998.7596 0.0000e+00
