Data/DataNotYetUploadedToEDI/Raw_CTD/RawDownloads/070918_FCR50.cnv
* Sea-Bird SBE19plus  Data File:
* FileName = C:\DATA\070918_FCR50_0001.hex
* Software version 2.6.3.104
* Temperature SN = 7809
* Conductivity SN = 7809
* System UpLoad Time = Jul 09 2018 10:04:35
* <ApplicationData>
* <Seaterm232>
# nquan = 17
# nvalues = 602                         
# units = specified
# name 0 = depFM: Depth [fresh water, m]
# name 1 = tv290C: Temperature [ITS-90, deg C]
# name 2 = sbeox0Mg/L: Oxygen, SBE 43 [mg/l]
# name 3 = sbeox0PS: Oxygen, SBE 43 [% saturation]
# name 4 = c0uS/cm: Conductivity [uS/cm]
# name 5 = specc: Specific Conductance [uS/cm]
# name 6 = ph: pH
# name 7 = orp: Oxidation Reduction Potential [mV]
# name 8 = flECO-AFL: Fluorescence, WET Labs ECO-AFL/FL [mg/m^3]
# name 9 = turbWETntu0: Turbidity, WET Labs ECO [NTU]
# name 10 = sal00: Salinity, Practical [PSU]
# name 11 = dz/dtM: Descent Rate [m/s]
# name 12 = prdM: Pressure, Strain Gauge [db]
# name 13 = prdE: Pressure, Strain Gauge [psi]
# name 14 = scan: Scan Count
# name 15 = par/sat/log: PAR/Logarithmic, Satlantic
# name 16 = flag:  0.000e+00
# span 0 =     -0.488,      9.717       
# span 1 =    11.2276,    25.8859       
# span 2 =     3.2539,    14.3992       
# span 3 =     30.902,    167.938       
# span 4 = -61.402372, 117.397277       
# span 5 =     -0.345,     61.119       
# span 6 =     -2.576,      8.473       
# span 7 = -1240.7455,  1240.2295       
# span 8 =    -2.2563,     7.7436       
# span 9 =    -3.4873,    29.9349       
# span 10 =     0.0000,     0.0303      
# span 11 =     -0.061,      0.237      
# span 12 =     -0.478,      9.528      
# span 13 =     -0.694,     13.819      
# span 14 =          1,        602      
# span 15 = -7.336e+01, 1.9203e+03      
# span 16 = 0.0000e+00, 0.0000e+00      
# interval = seconds: 0.25
# start_time = Jul 09 2018 13:48:10 [Instrument's time stamp, header]
# bad_flag = -9.990e-29
*END*
[from data line 256]
      1.750    25.5801    10.8593    129.260  32.480289     34.411      8.016   250.5273     3.1783     1.0514     0.0236      0.071      1.709      2.480        257 1.9227e+02 0.0000e+00
      1.764    25.5740    11.5181    136.645  32.393857     34.418      8.011   250.3759     3.1662     1.1319     0.0236      0.077      1.727      2.506        258 1.9135e+02 0.0000e+00
      1.772    25.5685    12.2101    144.277  32.295087     34.425      8.008   249.9973     3.1783     1.0514     0.0236      0.078      1.741      2.525        259 1.8882e+02 0.0000e+00
      1.791    25.4884    12.8409    151.150  29.965886     34.429      8.008   250.3759     3.1622     1.0111     0.0236      0.076      1.758      2.549        260 1.8313e+02 0.0000e+00
      1.814    25.3356    13.4019    157.496  25.222220     34.212      8.007   250.5652     3.2471     1.0514     0.0235      0.079      1.776      2.576        261 1.8071e+02 0.0000e+00
      1.828    25.1797    13.8167    162.225  20.441990     33.821      8.003   250.5652     3.2673     0.9842     0.0233      0.080      1.791      2.597        262 1.8233e+02 0.0000e+00
      1.836    24.9687    14.1248    165.402  14.433053     33.929      8.001   250.0731     3.2511     1.0782     0.0233      0.074      1.801      2.611        263 1.8098e+02 0.0000e+00
      1.844    24.7610    14.3092    167.191   8.622980     33.750      7.998   251.0195     3.2228     1.0782     0.0232      0.062      1.808      2.621        264 1.8050e+02 0.0000e+00
      1.848    24.5669    14.3885    167.938   3.525970     33.841      7.992   250.9816     3.4129     1.1319     0.0232      0.052      1.814      2.631        265 1.8058e+02 0.0000e+00
      1.858    24.3176    14.3992    167.934  -3.069428     33.842      7.992   250.7166     3.4371     1.1319     0.0231      0.048      1.824      2.645        266 1.7565e+02 0.0000e+00
      1.872    24.1007    14.3691    167.479  -8.636559     33.661      7.995   251.0195     3.4210     1.1319     0.0230      0.045      1.839      2.668        267 1.7180e+02 0.0000e+00
      1.896    23.9211    14.2938    166.531 -12.750961     33.665      8.000   251.1709     3.4493     1.1722     0.0229      0.044      1.864      2.704        268 1.7048e+02 0.0000e+00
      1.937    23.7082    14.2073    165.447 -17.723254     33.642      7.999   251.3223     3.4290     0.9976     0.0229      0.051      1.899      2.754        269 1.6467e+02 0.0000e+00
      1.976    23.5076    14.1290    164.349 -22.226692     33.507      8.031   251.5873     3.4210     1.0514     0.0228      0.067      1.932      2.802        270 1.5934e+02 0.0000e+00
      1.996    23.4201    14.0550    163.342 -23.032162     33.539      8.080   252.0038     3.4412     1.1051     0.0227      0.082      1.954      2.834        271 1.5672e+02 0.0000e+00
      2.003    23.3660    13.9942    162.546 -22.608167     33.796      8.126   250.6409     3.4412     1.0648     0.0228      0.090      1.968      2.855        272 1.5450e+02 0.0000e+00
      2.024    23.2320    13.9485    161.898 -24.801448     33.741      8.185   250.7166     3.5787     1.0245     0.0227      0.096      1.988      2.883        273 1.5018e+02 0.0000e+00
      2.054    23.1132    13.9135    161.341 -26.614050     33.485      8.241   250.1866     3.5827     1.0648     0.0226      0.099      2.012      2.917        274 1.4566e+02 0.0000e+00
      2.074    23.0563    13.8629    160.681 -26.352053     33.496      8.289   250.3759     3.5625     1.1453     0.0226      0.097      2.031      2.945        275 1.4524e+02 0.0000e+00
      2.083    23.0161    13.8197    160.042 -25.485148     33.578      8.322   248.3316     3.5503     1.0648     0.0226      0.088      2.043      2.963        276 1.4365e+02 0.0000e+00
      2.093    22.9826    13.8008    159.529 -24.394216     33.704      8.350   247.1202     3.8981     1.2662     0.0226      0.075      2.052      2.977        277 1.4143e+02 0.0000e+00
      2.102    22.9617    13.7869    158.946 -23.017554     33.733      8.368   246.6280     3.8819     1.2259     0.0226      0.066      2.060      2.989        278 1.4052e+02 0.0000e+00
      2.108    22.9347    13.7637    158.208 -21.945895     33.697      8.392   246.4766     3.8738     1.2931     0.0226      0.060      2.068      2.999        279 1.3867e+02 0.0000e+00
      2.117    22.8785    13.7124    157.350 -21.803429     33.626      8.406   246.0980     3.8577     1.2125     0.0225      0.054      2.075      3.009        280 1.3828e+02 0.0000e+00
      2.123    22.8295    13.6763    156.813 -21.435331     33.584      8.415   246.2873     3.7606     1.1051     0.0225      0.044      2.080      3.017        281 1.3881e+02 0.0000e+00
      2.123    22.8011    13.6521    156.132 -20.399785     33.626      8.419   245.3409     3.7606     1.1319     0.0225      0.033      2.081      3.019        282 1.3909e+02 0.0000e+00
      2.123    22.7616    13.6046    155.124 -19.747153     33.659      8.426   246.1359     3.7364     1.1185     0.0225      0.025      2.082      3.020        283 1.3997e+02 0.0000e+00
      2.125    22.7158    13.5090    153.472 -19.279469     33.680      8.435   245.9845     3.7727     1.1588     0.0225      0.020      2.084      3.023        284 1.4076e+02 0.0000e+00
      2.129    22.6886    13.2903    150.501 -18.286195     33.736      8.446   246.7795     3.7687     1.0648     0.0225      0.016      2.090      3.031        285 1.4036e+02 0.0000e+00
      2.141    22.6443    12.9917    146.835 -17.949185     33.624      8.454   246.8552     3.5706     1.1051     0.0225      0.015      2.100      3.046        286 1.3919e+02 0.0000e+00
      2.155    22.5474    12.6325    142.300 -19.176260     33.582      8.462   247.0066     3.5706     1.0648     0.0224      0.018      2.115      3.068        287 1.3789e+02 0.0000e+00
      2.175    22.4091    12.2075    136.907 -21.603996     33.497      8.467   247.7259     3.5584     0.9574     0.0224      0.024      2.133      3.094        288 1.3555e+02 0.0000e+00
      2.195    22.2547    11.7598    131.538 -24.439734     33.477      8.470   248.1045     3.5382     1.0782     0.0224      0.034      2.151      3.119        289 1.3425e+02 0.0000e+00
      2.208    22.1693    11.2819    126.172 -24.993849     33.575      8.469   247.4988     3.4412     1.1319     0.0224      0.045      2.166      3.141        290 1.3398e+02 0.0000e+00
      2.223    22.1194    10.7587    120.397 -24.493821     33.715      8.473   246.8173     3.4493     1.0916     0.0224      0.053      2.182      3.165        291 1.3195e+02 0.0000e+00
      2.246    21.9938    10.3359    115.586 -26.302517     33.689      8.471   247.4230     3.4412     0.9574     0.0223      0.062      2.201      3.193        292 1.3032e+02 0.0000e+00
      2.264    21.8329    10.0218    112.047 -29.053430     33.778      8.461   246.7038     3.4452     1.1185     0.0224      0.067      2.221      3.223        293 1.2964e+02 0.0000e+00
      2.286    21.6469     9.8020    109.698 -32.513949     33.755      8.455   245.9845     3.7606     1.3199     0.0223      0.071      2.242      3.253        294 1.2611e+02 0.0000e+00
      2.310    21.4830     9.6917    108.406 -35.121485     33.927      8.447   247.1580     3.7606     1.4139     0.0223      0.074      2.262      3.281        295 1.2540e+02 0.0000e+00
      2.320    21.3779     9.6449    107.400 -35.922501     34.004      8.426   246.7795     3.7525     1.3333     0.0223      0.074      2.277      3.302        296 1.2668e+02 0.0000e+00
      2.336    21.2074     9.6342    106.959 -38.595756     34.156      8.418   246.9688     3.7364     1.3333     0.0223      0.073      2.294      3.327        297 1.2353e+02 0.0000e+00
      2.364    20.9861     9.6667    107.405 -42.518097     34.410      8.402   247.6123     4.9414     1.3065     0.0224      0.075      2.314      3.356        298 1.2176e+02 0.0000e+00
      2.377    20.8496     9.6665    107.755 -43.901688     34.598      8.372   248.0288     4.9575     1.3333     0.0224      0.075      2.328      3.376        299 1.2137e+02 0.0000e+00
      2.379    20.8424     9.6283    107.576 -41.493763     34.707      8.345   248.5966     4.9575     1.2931     0.0224      0.069      2.333      3.383        300 1.2157e+02 0.0000e+00
      2.381    20.8686     9.6026    106.754 -38.156471     34.810      8.322   249.0509     4.9252     1.2662     0.0224      0.060      2.335      3.386        301 1.2219e+02 0.0000e+00
      2.384    20.8391     9.5883    105.975 -36.555680     34.816      8.306   249.3538     5.0586     1.2125     0.0224      0.050      2.338      3.391        302 1.2043e+02 0.0000e+00
      2.388    20.8254     9.5697    105.284 -34.549364     34.822      8.287   250.9059     5.6005     1.2931     0.0224      0.040      2.342      3.396        303 1.2023e+02 0.0000e+00
      2.390    20.8771     9.5233    104.462 -30.691212     34.818      8.272   251.5873     5.5641     1.2931     0.0224      0.032      2.344      3.401        304 1.2093e+02 0.0000e+00
      2.394    20.8409     9.4272    103.220 -29.589975     34.827      8.263   251.3981     5.6005     1.3065     0.0224      0.022      2.349      3.408        305 1.1940e+02 0.0000e+00
      2.405    20.6238     9.2973    101.588 -33.824355     34.789      8.246   251.6631     5.5641     1.2931     0.0224      0.016      2.358      3.419        306 1.1787e+02 0.0000e+00
      2.413    20.4723     9.1667     99.835 -35.920581     34.932      8.225   251.5495     5.0182     1.2125     0.0224      0.017      2.364      3.429        307 1.1777e+02 0.0000e+00
      2.413    20.5063     9.0185     97.941 -32.550642     35.045      8.206   252.7988     5.0546     1.3333     0.0224      0.019      2.367      3.433        308 1.1795e+02 0.0000e+00
      2.415    20.6810     8.8334     95.729 -25.117770     35.193      8.191   253.0638     5.0546     1.2796     0.0224      0.019      2.369      3.436        309 1.1797e+02 0.0000e+00
      2.419    20.7746     8.6333     93.233 -20.348496     35.132      8.181   253.2152     5.0303     1.3065     0.0224      0.019      2.377      3.447        310 1.1672e+02 0.0000e+00
      2.437    20.5449     8.4151     90.570 -25.318133     35.004      8.172   254.0859     4.8120     1.3199     0.0224      0.022      2.395      3.473        311 1.1283e+02 0.0000e+00
      2.470    20.2379     8.2050     88.135 -32.361875     34.914      8.155   254.2752     4.8201     1.3065     0.0224      0.031      2.420      3.510        312 1.0942e+02 0.0000e+00
      2.495    20.0139     8.0277     86.102 -36.709650     35.109      8.138   255.0324     4.8443     1.3065     0.0224      0.043      2.444      3.544        313 1.0778e+02 0.0000e+00
      2.509    19.8592     7.8623     84.086 -38.856337     35.338      8.118   253.2531     4.8443     1.3065     0.0224      0.052      2.460      3.568        314 1.0634e+02 0.0000e+00
      2.521    19.7699     7.7057     82.014 -39.023686     35.490      8.101   253.0259     5.2689     1.3333     0.0224      0.061      2.474      3.588        315 1.0491e+02 0.0000e+00
      2.539    19.6628     7.5747     80.312 -39.657302     35.639      8.081   254.6916     5.2810     1.3333     0.0224      0.069      2.494      3.617        316 1.0156e+02 0.0000e+00
      2.569    19.5029     7.4454     78.823 -41.787981     35.774      8.056   254.7674     5.2649     1.4542     0.0225      0.078      2.522      3.657        317 9.6919e+01 0.0000e+00
      2.606    19.3625     7.2995     77.229 -43.261057     35.920      8.021   256.9252     5.2689     1.2931     0.0225      0.086      2.552      3.701        318 9.4870e+01 0.0000e+00
      2.628    19.2517     7.1597     75.660 -43.877016     36.051      7.988   258.2502     7.2705     1.4945     0.0225      0.088      2.578      3.738        319 9.3305e+01 0.0000e+00
      2.652    19.0821     7.0124     73.961 -46.162495     36.167      7.961   259.5374     7.2826     1.4676     0.0225      0.090      2.604      3.775        320 8.9323e+01 0.0000e+00
      2.686    18.9146     6.8760     72.378 -48.209607     36.410      7.937   259.3102     7.2826     1.4408     0.0226      0.096      2.630      3.814        321 8.7012e+01 0.0000e+00
      2.706    18.8164     6.7431     70.806 -48.264925     36.523      7.914   260.1809     7.2745     1.4945     0.0226      0.102      2.652      3.846        322 8.6135e+01 0.0000e+00
      2.722    18.7421     6.6403     69.491 -47.629052     36.662      7.896   261.0138     7.7436     1.5348     0.0226      0.103      2.672      3.876        323 8.3251e+01 0.0000e+00
      2.749    18.5978     6.5532     68.316 -49.038906     36.744      7.877   261.2031     7.7315     1.4676     0.0226      0.102      2.698      3.913        324 8.0113e+01 0.0000e+00
      2.783    18.3655     6.4703     67.188 -52.967857     36.805      7.855   262.7931     7.7315     1.4408     0.0226      0.100      2.727      3.954        325 7.8033e+01 0.0000e+00
      2.808    18.1789     6.3874     66.096 -55.306915     37.053      7.832   263.3988     7.7396     1.4945     0.0226      0.098      2.751      3.989        326 7.6663e+01 0.0000e+00
      2.822    18.1041     6.2892     64.864 -54.396753     37.288      7.812   263.1717     7.7032     1.3736     0.0226      0.097      2.767      4.013        327 7.5733e+01 0.0000e+00
      2.834    18.0719     6.1607     63.360 -52.348994     37.353      7.794   263.2852     5.8957     1.2931     0.0226      0.092      2.780      4.032        328 7.4562e+01 0.0000e+00
      2.848    18.0133     6.0293     61.872 -51.061914     37.481      7.779   263.4745     5.9118     1.2931     0.0226      0.085      2.793      4.051        329 7.2972e+01 0.0000e+00
      2.861    17.9208     5.8972     60.446 -50.856444     37.443      7.766   264.1938     5.9118     1.1991     0.0226      0.079      2.805      4.069        330 7.2105e+01 0.0000e+00
      2.873    17.8239     5.7801     59.245 -50.721834     37.559      7.749   264.1560     5.9118     1.3602     0.0226      0.072      2.817      4.086        331 7.1584e+01 0.0000e+00
      2.883    17.7041     5.6796     58.241 -51.286368     37.641      7.734   264.3452     5.4104     1.0379     0.0226      0.061      2.831      4.106        332 6.9975e+01 0.0000e+00
      2.906    17.5421     5.5934     57.385 -52.955628     37.823      7.718   264.5724     5.3942     1.1185     0.0227      0.055      2.856      4.142        333 6.6792e+01 0.0000e+00
      2.949    17.3551     5.5233     56.667 -55.201983     38.190      7.691   265.3674     5.3821     1.0648     0.0228      0.061      2.894      4.198        334 6.2620e+01 0.0000e+00
      2.999    17.1679     5.4824     56.179 -57.551879     38.271      7.663   266.0110     5.3942     1.0379     0.0228      0.078      2.937      4.259        335 6.0479e+01 0.0000e+00
      3.034    16.9984     5.4678     55.976 -59.283842     38.505      7.644   266.0110     4.8645     1.2528     0.0228      0.096      2.973      4.312        336 5.9501e+01 0.0000e+00
      3.065    16.8417     5.4570     55.821 -60.667902     38.546      7.623   266.8817     4.8443     1.3871     0.0228      0.111      3.003      4.356        337 5.8127e+01 0.0000e+00
      3.090    16.7057     5.4580     55.757 -61.402372     38.633      7.606   266.9195     4.8281     1.2393     0.0227      0.123      3.028      4.391        338 5.7376e+01 0.0000e+00
      3.107    16.6019     5.4494     55.668 -61.097750     38.779      7.590   267.3360     4.8160     1.2662     0.0227      0.128      3.048      4.421        339 5.6711e+01 0.0000e+00
      3.129    16.5468     5.4530     55.650 -59.408868     38.905      7.572   268.6231     4.7675     1.0648     0.0227      0.127      3.069      4.451        340 5.5800e+01 0.0000e+00
