Data/DataNotYetUploadedToEDI/Raw_CTD/RawDownloads/070918_fcr30.cnv
* Sea-Bird SBE19plus  Data File:
* FileName = C:\DATA\070918_fcr_0003.hex
* Software version 2.6.3.104
* Temperature SN = 7809
* Conductivity SN = 7809
* System UpLoad Time = Jul 10 2018 08:12:39
* <ApplicationData>
* <Seaterm232>
# nquan = 17
# nvalues = 257                         
# units = specified
# name 0 = depFM: Depth [fresh water, m]
# name 1 = tv290C: Temperature [ITS-90, deg C]
# name 2 = sbeox0Mg/L: Oxygen, SBE 43 [mg/l]
# name 3 = sbeox0PS: Oxygen, SBE 43 [% saturation]
# name 4 = c0uS/cm: Conductivity [uS/cm]
# name 5 = specc: Specific Conductance [uS/cm]
# name 6 = ph: pH
# name 7 = orp: Oxidation Reduction Potential [mV]
# name 8 = flECO-AFL: Fluorescence, WET Labs ECO-AFL/FL [mg/m^3]
# name 9 = turbWETntu0: Turbidity, WET Labs ECO [NTU]
# name 10 = sal00: Salinity, Practical [PSU]
# name 11 = dz/dtM: Descent Rate [m/s]
# name 12 = prdM: Pressure, Strain Gauge [db]
# name 13 = prdE: Pressure, Strain Gauge [psi]
# name 14 = scan: Scan Count
# name 15 = par/sat/log: PAR/Logarithmic, Satlantic
# name 16 = flag:  0.000e+00
# span 0 =     -0.489,      5.448       
# span 1 =    11.2833,    26.7504       
# span 2 =    -1.0815,     8.3409       
# span 3 =    -10.300,    100.884       
# span 4 =   0.877510,  39.102929       
# span 5 =      0.891,     49.808       
# span 6 =      6.146,      8.588       
# span 7 =   174.0178,  1034.7403       
# span 8 =    -2.4747,     6.8742       
# span 9 =    -3.7021,    36.9040       
# span 10 =     0.0115,     0.0265      
# span 11 =     -0.018,      0.382      
# span 12 =     -0.479,      5.342      
# span 13 =     -0.694,      7.748      
# span 14 =          1,        257      
# span 15 = -1.487e+02, 2.7070e+03      
# span 16 = 0.0000e+00, 0.0000e+00      
# interval = seconds: 0.25
# start_time = Jul 09 2018 16:53:40 [Instrument's time stamp, header]
# bad_flag = -9.990e-29
*END*
[from data line 86]
      0.244    26.7077     7.7357     95.816  36.286960     35.023      7.985   174.0178     1.5043     0.4337     0.0241      0.201      0.218      0.317         87 3.4866e+02 0.0000e+00
      0.320    26.6537     7.8516     97.243  36.082389     34.894      8.022   175.6078     1.5043     0.5008     0.0241      0.272      0.312      0.454         88 4.8484e+02 0.0000e+00
      0.402    26.5913     7.9265     98.187  35.864945     34.647      8.051   176.3271     1.6296     1.0111     0.0240      0.337      0.382      0.556         89 4.8021e+02 0.0000e+00
      0.449    26.5516     8.0107     99.238  35.727154     34.601      8.078   179.0529     1.6377     1.1588     0.0239      0.378      0.429      0.623         90 7.2137e+02 0.0000e+00
      0.463    26.5176     8.0813    100.093  35.749706     34.618      8.092   179.8857     1.6094     1.0648     0.0239      0.382      0.450      0.652         91 6.4108e+02 0.0000e+00
      0.466    26.4659     8.1130    100.473  35.866565     34.806      8.110   180.3400     1.6337     1.0648     0.0240      0.344      0.455      0.660         92 7.6518e+02 0.0000e+00
      0.464    26.4058     8.0925    100.214  35.730037     34.666      8.127   180.6807     1.6498     1.0379     0.0239      0.266      0.453      0.657         93 8.3012e+02 0.0000e+00
      0.456    26.3493     8.0557     99.759  35.415452     34.402      8.142   181.3621     1.6175     1.0379     0.0238      0.158      0.448      0.651         94 9.1568e+02 0.0000e+00
      0.453    26.3073     8.0170     99.287  35.309042     34.334      8.154   182.5736     1.6175     1.0379     0.0238      0.091      0.448      0.650         95 6.7916e+02 0.0000e+00
      0.464    26.2824     7.9671     98.680  35.298999     34.372      8.158   183.2929     1.6337     1.0916     0.0238      0.049      0.449      0.651         96 4.7423e+02 0.0000e+00
      0.454    26.2651     7.9354     98.295  35.309346     34.401      8.161   184.4286     1.6377     0.9842     0.0238      0.014      0.445      0.645         97 4.8158e+02 0.0000e+00
      0.443    26.2601     7.9460     98.434  35.296184     34.416      8.170   184.2014     1.6377     1.0648     0.0238     -0.004      0.440      0.638         98 5.0005e+02 0.0000e+00
      0.450    26.2693     7.9754     98.805  35.315391     34.429      8.184   184.3907     1.6094     1.0379     0.0238     -0.009      0.446      0.647         99 7.9348e+02 0.0000e+00
      0.475    26.2726     8.0037     99.157  35.344767     34.486      8.186   185.4886     1.6377     1.1319     0.0238     -0.002      0.457      0.664        100 7.2589e+02 0.0000e+00
      0.472    26.2630     8.0141     99.280  35.259632     34.371      8.188   186.1322     1.5690     1.1319     0.0237      0.004      0.456      0.661        101 7.7048e+02 0.0000e+00
      0.446    26.2554     7.9798     98.848  35.243395     34.368      8.194   186.2836     1.5730     1.1856     0.0237      0.003      0.440      0.638        102 1.0234e+03 0.0000e+00
      0.428    26.2532     7.9192     98.075  35.305657     34.430      8.198   186.0943     1.5690     1.0916     0.0238     -0.005      0.424      0.614        103 9.4956e+02 0.0000e+00
      0.421    26.2535     7.8481     97.128  35.300779     34.435      8.196   187.4193     1.5649     0.9842     0.0238     -0.014      0.416      0.603        104 8.2146e+02 0.0000e+00
      0.421    26.2575     7.8031     96.486  35.308782     34.436      8.197   187.8357     1.5487     1.0514     0.0238     -0.018      0.419      0.608        105 4.5360e+02 0.0000e+00
      0.440    26.2632     7.8042     96.395  35.355012     34.491      8.201   188.2522     1.6094     1.1319     0.0238     -0.016      0.439      0.637        106 3.5771e+02 0.0000e+00
      0.485    26.2680     7.8863     97.319  35.302560     34.433      8.206   189.8800     1.6377     1.1051     0.0238     -0.006      0.474      0.686        107 4.6369e+02 0.0000e+00
      0.520    26.2722     7.9965     98.624  35.255428     34.375      8.203   190.1829     1.6660     1.0782     0.0237      0.013      0.509      0.739        108 4.6913e+02 0.0000e+00
      0.552    26.2757     8.0997     99.863  35.295038     34.426      8.205   190.9400     1.6013     1.0111     0.0238      0.044      0.544      0.789        109 4.9916e+02 0.0000e+00
      0.593    26.2765     8.1640    100.617  35.312580     34.424      8.209   191.1293     1.8803     1.0379     0.0238      0.080      0.581      0.843        110 5.5969e+02 0.0000e+00
      0.630    26.2735     8.1874    100.858  35.352225     34.476      8.207   191.6593     1.9046     1.0648     0.0238      0.109      0.616      0.893        111 8.5403e+02 0.0000e+00
      0.659    26.2696     8.1929    100.884  35.305014     34.421      8.205   191.9243     1.8803     1.0782     0.0238      0.128      0.647      0.938        112 7.9378e+02 0.0000e+00
      0.689    26.2555     8.1893    100.818  35.312019     34.423      8.207   192.4543     1.8965     1.0514     0.0238      0.137      0.678      0.984        113 5.8618e+02 0.0000e+00
      0.726    26.2197     8.1606    100.455  35.343509     34.480      8.213   192.7950     2.0057     1.2393     0.0238      0.138      0.712      1.034        114 6.1117e+02 0.0000e+00
      0.763    26.1697     8.1055     99.762  35.265827     34.380      8.214   193.4765     2.0259     1.3065     0.0237      0.135      0.751      1.090        115 6.9993e+02 0.0000e+00
      0.808    26.1114     8.0484     99.019  35.230758     34.405      8.217   193.3629     2.0178     1.3199     0.0237      0.138      0.799      1.160        116 8.3233e+02 0.0000e+00
      0.880    26.0603     8.0274     98.721  35.120256     34.301      8.235   194.1579     2.0219     1.2528     0.0237      0.150      0.853      1.238        117 7.2649e+02 0.0000e+00
      0.918    26.0294     8.0591     99.083  35.106797     34.341      8.253   193.9308     2.1593     1.0379     0.0237      0.158      0.896      1.300        118 7.5668e+02 0.0000e+00
      0.944    26.0101     8.1002     99.572  35.099248     34.375      8.275   193.7036     2.1229     1.0648     0.0237      0.163      0.931      1.351        119 6.0237e+02 0.0000e+00
      0.991    25.9892     8.1217     99.823  35.011049     34.286      8.291   193.3629     2.1310     1.1319     0.0236      0.169      0.976      1.416        120 4.1677e+02 0.0000e+00
      1.052    25.9631     8.1066     99.620  35.038636     34.354      8.299   194.4229     2.1836     1.1051     0.0237      0.178      1.036      1.503        121 4.1566e+02 0.0000e+00
      1.131    25.9413     8.0652     99.098  35.005614     34.313      8.308   194.4986     2.3211     1.1588     0.0236      0.191      1.100      1.596        122 3.4591e+02 0.0000e+00
      1.182    25.9291     7.9855     98.107  34.992842     34.331      8.318   194.0065     2.3332     1.1051     0.0236      0.200      1.148      1.665        123 3.6988e+02 0.0000e+00
      1.196    25.9237     7.8747     96.734  34.995229     34.346      8.328   194.1579     2.3453     1.0379     0.0236      0.195      1.176      1.705        124 3.5628e+02 0.0000e+00
      1.221    25.9147     7.7520     95.209  34.943340     34.299      8.332   195.1043     2.3373     1.0245     0.0236      0.184      1.205      1.748        125 3.9880e+02 0.0000e+00
      1.268    25.8938     7.6504     93.887  34.998111     34.358      8.331   195.2936     2.3575     0.9574     0.0236      0.181      1.253      1.818        126 3.5419e+02 0.0000e+00
      1.348    25.8713     7.5687     92.733  35.045701     34.418      8.326   195.7858     2.4869     1.0514     0.0237      0.186      1.317      1.910        127 2.7597e+02 0.0000e+00
      1.409    25.8557     7.5262     92.090  35.002747     34.378      8.323   196.1643     2.4626     1.0648     0.0236      0.188      1.376      1.996        128 2.8692e+02 0.0000e+00
      1.450    25.8461     7.5294     92.158  34.932947     34.338      8.321   196.2779     2.4707     1.1319     0.0236      0.185      1.424      2.066        129 2.8445e+02 0.0000e+00
      1.501    25.8388     7.5824     92.854  34.895324     34.294      8.314   196.5429     2.4869     1.1319     0.0236      0.186      1.473      2.136        130 2.5393e+02 0.0000e+00
      1.555    25.8296     7.6729     93.981  34.930951     34.355      8.303   197.5650     2.7376     1.0245     0.0236      0.197      1.524      2.211        131 2.5391e+02 0.0000e+00
      1.609    25.8222     7.7594     95.029  34.888615     34.305      8.278   197.9058     2.7295     1.0379     0.0236      0.211      1.572      2.280        132 2.4249e+02 0.0000e+00
      1.642    25.8157     7.8307     95.839  34.888701     34.311      8.262   198.1708     2.7376     1.1051     0.0236      0.210      1.608      2.332        133 2.5988e+02 0.0000e+00
      1.668    25.8097     7.8487     95.981  34.930848     34.371      8.250   198.6251     2.7538     1.0648     0.0236      0.195      1.637      2.374        134 2.7330e+02 0.0000e+00
      1.698    25.7979     7.8338     95.783  34.895480     34.320      8.242   198.6629     3.1015     1.0916     0.0236      0.174      1.668      2.419        135 2.6401e+02 0.0000e+00
      1.735    25.7549     7.8071     95.504  34.932719     34.380      8.237   199.0793     3.1419     1.0648     0.0236      0.161      1.709      2.479        136 2.6853e+02 0.0000e+00
      1.798    25.6652     7.8029     95.490  34.943823     34.387      8.234   199.8743     3.1379     0.9439     0.0236      0.159      1.762      2.556        137 2.5234e+02 0.0000e+00
      1.857    25.5969     7.8262     95.794  34.881672     34.361      8.270   199.2686     3.1136     0.9439     0.0236      0.161      1.813      2.630        138 2.9100e+02 0.0000e+00
      1.891    25.6090     7.8511     96.079  34.832149     34.367      8.330   198.6251     3.5827     1.0514     0.0236      0.161      1.850      2.684        139 2.6927e+02 0.0000e+00
      1.915    25.6386     7.8640     96.202  34.827548     34.416      8.382   199.5336     3.5827     0.9708     0.0236      0.160      1.875      2.720        140 2.4639e+02 0.0000e+00
      1.933    25.6493     7.8481     95.978  34.828110     34.404      8.422   198.9658     3.5706     1.0514     0.0236      0.158      1.895      2.749        141 2.6719e+02 0.0000e+00
      1.948    25.6424     7.8160     95.602  34.831453     34.386      8.457   198.2086     3.5746     0.9708     0.0236      0.149      1.916      2.780        142 2.1891e+02 0.0000e+00
      1.982    25.6064     7.7786     95.173  34.823378     34.378      8.487   198.7386     4.8564     1.2662     0.0236      0.137      1.949      2.827        143 2.1488e+02 0.0000e+00
      2.033    25.5627     7.7714     95.092  34.778840     34.327      8.511   198.4736     4.8362     1.3199     0.0236      0.129      1.994      2.891        144 2.2286e+02 0.0000e+00
      2.083    25.5541     7.7928     95.347  34.768259     34.352      8.535   198.5493     4.8605     1.2662     0.0236      0.123      2.036      2.952        145 2.2540e+02 0.0000e+00
      2.108    25.5796     7.8288     95.764  34.777248     34.382      8.555   198.4736     4.8201     1.2662     0.0236      0.122      2.065      2.995        146 2.4592e+02 0.0000e+00
      2.126    25.6026     7.8624     96.110  34.767670     34.388      8.571   198.8901     4.8443     1.2259     0.0236      0.124      2.086      3.025        147 2.2157e+02 0.0000e+00
      2.146    25.6110     7.8952     96.480  34.720872     34.314      8.581   198.8901     5.2285     1.4139     0.0235      0.126      2.107      3.056        148 2.4007e+02 0.0000e+00
      2.174    25.6017     7.9296     96.903  34.687198     34.272      8.588   196.9215     5.2244     1.4945     0.0235      0.126      2.136      3.099        149 2.2885e+02 0.0000e+00
      2.215    25.5807     7.9469     97.115  34.690941     34.265      8.588   196.9972     5.2487     1.5079     0.0235      0.125      2.176      3.156        150 2.0113e+02 0.0000e+00
      2.267    25.5658     7.9714     97.403  34.686553     34.273      8.578   197.6029     5.1921     1.4408     0.0235      0.125      2.222      3.223        151 2.0186e+02 0.0000e+00
      2.314    25.5739     7.9867     97.567  34.692663     34.286      8.566   198.2465     5.1638     1.4945     0.0235      0.127      2.265      3.286        152 1.9650e+02 0.0000e+00
      2.346    25.5906     8.0025     97.529  34.713003     34.325      8.556   198.2843     5.1638     1.6153     0.0235      0.132      2.300      3.336        153 2.0802e+02 0.0000e+00
      2.378    25.5940     8.0738     97.514  34.690903     34.291      8.537   198.7008     5.1395     1.4945     0.0235      0.142      2.330      3.380        154 1.8194e+02 0.0000e+00
      2.405    25.5908     8.1390     97.949  34.631195     34.224      8.509   199.6093     5.1557     1.4945     0.0235      0.147      2.360      3.423        155 1.7912e+02 0.0000e+00
      2.435    25.5767     8.1922     98.666  34.639022     34.222      8.483   200.1015     5.2244     1.4408     0.0235      0.147      2.395      3.475        156 1.7176e+02 0.0000e+00
      2.491    25.5404     8.2362     99.107  34.621849     34.225      8.443   203.1679     5.2285     1.5885     0.0235      0.148      2.442      3.543        157 1.6244e+02 0.0000e+00
      2.546    25.5237     8.2807     98.920  34.593257     34.178      8.384   207.2565     5.2487     1.4408     0.0235      0.150      2.488      3.610        158 1.6362e+02 0.0000e+00
      2.573    25.5216     8.2633     98.246  34.644956     34.286      8.334   206.8022     5.2163     1.4273     0.0235      0.148      2.522      3.659        159 1.5736e+02 0.0000e+00
      2.600    25.5281     8.1738     97.532  34.646491     34.271      8.295   210.2851     5.7824     1.5348     0.0235      0.147      2.548      3.696        160 1.4778e+02 0.0000e+00
      2.623    25.5114     8.1031     96.901  34.621011     34.270      8.256   211.8751     5.7986     1.4676     0.0235      0.145      2.572      3.731        161 1.4855e+02 0.0000e+00
      2.646    25.5156     8.0381     96.150  34.587699     34.214      8.221   213.9194     5.7824     1.5348     0.0235      0.140      2.600      3.771        162 1.4698e+02 0.0000e+00
      2.683    25.3521     8.0013     95.303  34.569325     34.219      8.180   215.9258     5.8188     1.4408     0.0235      0.135      2.641      3.830        163 1.3112e+02 0.0000e+00
      2.751    24.9061     8.0455     94.411  34.584570     34.227      8.129   218.3108     6.8500     1.4945     0.0235      0.136      2.698      3.912        164 1.2593e+02 0.0000e+00
      2.818    24.6851     8.1004     93.791  34.598402     34.343      8.071   218.9165     6.8419     1.5213     0.0235      0.143      2.754      3.993        165 1.1521e+02 0.0000e+00
      2.852    24.7388     8.0882     93.411  34.581858     34.653      8.031   219.1058     6.8540     1.4005     0.0235      0.152      2.798      4.057        166 1.1411e+02 0.0000e+00
      2.890    24.6711     8.1025     93.088  34.575661     34.788      7.997   222.5508     6.8742     1.4945     0.0235      0.165      2.840      4.119        167 1.0847e+02 0.0000e+00
      2.949    24.2954     8.1331     92.784  34.517247     34.703      7.957   224.0651     6.8500     1.5885     0.0235      0.179      2.893      4.196        168 9.9633e+01 0.0000e+00
      3.014    24.0538     8.1242     92.249  34.476635     34.680      7.919   225.1251     5.4630     1.2393     0.0234      0.195      2.945      4.272        169 9.7841e+01 0.0000e+00
      3.043    24.2214     8.0407     91.680  34.566944     35.069      7.891   224.6330     5.4509     1.2931     0.0235      0.199      2.981      4.324        170 9.6344e+01 0.0000e+00
