Data/DataNotYetUploadedToEDI/Raw_CTD/RawDownloads/070918_fcr45.cnv
* Sea-Bird SBE19plus  Data File:
* FileName = C:\DATA\070918_fcr_0004.hex
* Software version 2.6.3.104
* Temperature SN = 7809
* Conductivity SN = 7809
* System UpLoad Time = Jul 10 2018 08:12:53
* <ApplicationData>
* <Seaterm232>
# nquan = 17
# nvalues = 244                         
# units = specified
# name 0 = depFM: Depth [fresh water, m]
# name 1 = tv290C: Temperature [ITS-90, deg C]
# name 2 = sbeox0Mg/L: Oxygen, SBE 43 [mg/l]
# name 3 = sbeox0PS: Oxygen, SBE 43 [% saturation]
# name 4 = c0uS/cm: Conductivity [uS/cm]
# name 5 = specc: Specific Conductance [uS/cm]
# name 6 = ph: pH
# name 7 = orp: Oxidation Reduction Potential [mV]
# name 8 = flECO-AFL: Fluorescence, WET Labs ECO-AFL/FL [mg/m^3]
# name 9 = turbWETntu0: Turbidity, WET Labs ECO [NTU]
# name 10 = sal00: Salinity, Practical [PSU]
# name 11 = dz/dtM: Descent Rate [m/s]
# name 12 = prdM: Pressure, Strain Gauge [db]
# name 13 = prdE: Pressure, Strain Gauge [psi]
# name 14 = scan: Scan Count
# name 15 = par/sat/log: PAR/Logarithmic, Satlantic
# name 16 = flag:  0.000e+00
# span 0 =     -0.495,      7.248       
# span 1 =    11.1605,    26.7491       
# span 2 =     6.9647,    10.5057       
# span 3 =     63.421,    105.117       
# span 4 =   0.945125,  35.482367       
# span 5 =      0.986,     46.383       
# span 6 =      6.187,      8.645       
# span 7 =  -414.0567,   261.1652       
# span 8 =    -2.4666,    11.2454       
# span 9 =    -4.9778,    32.5130       
# span 10 =     0.0108,     0.0245      
# span 11 =     -0.016,      0.236      
# span 12 =     -0.486,      7.107      
# span 13 =     -0.704,     10.307      
# span 14 =          1,        244      
# span 15 = 1.0858e+00, 2.9175e+03      
# span 16 = 0.0000e+00, 0.0000e+00      
# interval = seconds: 0.25
# start_time = Jul 09 2018 17:11:49 [Instrument's time stamp, header]
# bad_flag = -9.990e-29
*END*
[from data line 86]
      0.479    26.3897     7.7548     96.361  34.916035     33.998      8.229   181.5893     1.6134     1.0379     0.0236      0.000      0.466      0.676         87 5.6869e+02 0.0000e+00
      0.457    26.3819     7.7525     96.328  34.963473     33.993      8.234   181.7407     1.6620     1.0648     0.0236     -0.004      0.450      0.654         88 5.8428e+02 0.0000e+00
      0.443    26.3753     7.7361     96.114  35.091199     34.154      8.239   182.1571     1.6256     1.0916     0.0237     -0.011      0.438      0.635         89 5.5669e+02 0.0000e+00
      0.438    26.3806     7.7266     95.966  35.172277     34.214      8.242   182.8764     1.6054     0.9574     0.0237     -0.016      0.433      0.629         90 8.1359e+02 0.0000e+00
      0.444    26.3932     7.7102     95.734  35.307429     34.355      8.246   183.5200     1.6175     1.0648     0.0238     -0.016      0.443      0.643         91 5.3751e+02 0.0000e+00
      0.475    26.4116     7.7134     95.756  35.456835     34.514      8.246   184.3529     1.5932     1.0379     0.0238     -0.009      0.467      0.678         92 4.5088e+02 0.0000e+00
      0.508    26.4310     7.7382     96.019  35.371887     34.397      8.240   185.2993     1.6781     1.1319     0.0238     -0.000      0.498      0.722         93 6.0702e+02 0.0000e+00
      0.538    26.4490     7.7936     96.691  35.353826     34.384      8.242   185.5643     1.6822     1.1722     0.0238      0.021      0.530      0.768         94 4.5853e+02 0.0000e+00
      0.573    26.4588     7.8460     97.330  35.360674     34.372      8.240   186.2836     1.6862     1.0514     0.0238      0.051      0.565      0.819         95 5.3838e+02 0.0000e+00
      0.616    26.4525     7.8873     97.788  35.422669     34.414      8.238   186.6622     1.6660     1.1185     0.0238      0.084      0.609      0.883         96 5.3234e+02 0.0000e+00
      0.675    26.4423     7.9036     97.893  35.454610     34.461      8.229   187.0029     1.7550     1.0916     0.0238      0.117      0.659      0.955         97 4.9026e+02 0.0000e+00
      0.723    26.4393     7.8944     97.704  35.320922     34.303      8.223   187.0029     1.7671     1.1588     0.0238      0.143      0.706      1.024         98 6.1055e+02 0.0000e+00
      0.761    26.4337     7.8553     97.165  35.351787     34.364      8.229   187.6086     1.7631     1.0379     0.0238      0.158      0.750      1.088         99 4.9219e+02 0.0000e+00
      0.812    26.4157     7.7861     96.243  35.416204     34.420      8.240   188.2143     1.7267     1.0648     0.0238      0.168      0.802      1.163        100 4.5345e+02 0.0000e+00
      0.882    26.4010     7.7267     95.430  35.418702     34.424      8.257   187.8357     1.9774     1.1319     0.0238      0.183      0.864      1.253        101 5.2632e+02 0.0000e+00
      0.950    26.3882     7.6970     95.007  35.289367     34.327      8.288   187.9114     1.9288     1.0514     0.0238      0.199      0.919      1.333        102 4.7976e+02 0.0000e+00
      0.975    26.3652     7.6996     95.005  35.072996     34.093      8.323   187.4950     1.9491     1.0514     0.0237      0.204      0.956      1.386        103 4.9863e+02 0.0000e+00
      1.003    26.3544     7.7030     95.024  35.094840     34.155      8.353   187.4193     1.9572     1.0916     0.0237      0.198      0.986      1.431        104 4.6224e+02 0.0000e+00
      1.043    26.3484     7.6999     94.958  35.113905     34.172      8.371   187.8357     2.0946     1.1051     0.0237      0.188      1.020      1.480        105 4.6007e+02 0.0000e+00
      1.071    26.3167     7.7074     95.011  35.108591     34.178      8.384   187.8736     2.0906     1.0648     0.0237      0.177      1.055      1.531        106 4.6094e+02 0.0000e+00
      1.118    26.2643     7.7342     95.314  35.249745     34.318      8.388   187.9872     2.0866     1.0648     0.0237      0.169      1.099      1.594        107 4.2990e+02 0.0000e+00
      1.174    26.2209     7.7430     95.399  35.294133     34.393      8.393   189.0472     2.1027     1.1185     0.0238      0.161      1.148      1.664        108 4.1816e+02 0.0000e+00
      1.218    26.1898     7.7348     95.278  35.171993     34.293      8.393   189.0472     2.2604     1.0379     0.0237      0.155      1.192      1.728        109 4.2081e+02 0.0000e+00
      1.253    26.1513     7.7161     95.031  35.105198     34.267      8.394   190.0315     2.2483     1.0111     0.0237      0.154      1.233      1.788        110 4.2444e+02 0.0000e+00
      1.301    26.1068     7.6980     94.776  35.169680     34.343      8.392   190.8265     2.2604     1.0111     0.0237      0.164      1.282      1.859        111 3.8698e+02 0.0000e+00
      1.371    26.0738     7.6923     94.664  35.151080     34.368      8.392   191.5079     2.2685     1.1185     0.0237      0.177      1.340      1.944        112 3.8961e+02 0.0000e+00
      1.425    26.0542     7.6732     94.373  35.009740     34.235      8.400   191.2050     2.2604     1.0648     0.0236      0.188      1.392      2.019        113 3.7230e+02 0.0000e+00
      1.461    26.0402     7.6412     93.903  34.989712     34.256      8.407   191.4322     2.4343     1.0245     0.0236      0.193      1.435      2.082        114 3.7604e+02 0.0000e+00
      1.506    26.0239     7.5961     93.277  34.998077     34.269      8.412   191.7350     2.4505     1.0514     0.0236      0.193      1.482      2.149        115 3.6506e+02 0.0000e+00
      1.565    26.0020     7.5414     92.538  34.999340     34.279      8.413   192.3407     2.4950     1.0916     0.0236      0.194      1.538      2.231        116 3.3096e+02 0.0000e+00
      1.637    25.9853     7.4644     91.539  34.988150     34.290      8.407   192.5300     2.4747     1.0514     0.0236      0.204      1.599      2.320        117 3.3483e+02 0.0000e+00
      1.690    25.9722     7.3915     90.563  34.893386     34.195      8.411   192.6057     2.7254     1.1319     0.0236      0.211      1.653      2.397        118 3.1358e+02 0.0000e+00
      1.728    25.9608     7.3510     89.872  34.880028     34.206      8.419   193.0979     2.7295     1.0245     0.0236      0.209      1.698      2.463        119 3.1056e+02 0.0000e+00
      1.778    25.9509     7.3711     89.922  34.945469     34.270      8.419   193.0979     2.7295     1.0514     0.0236      0.204      1.749      2.536        120 3.0417e+02 0.0000e+00
      1.844    25.9328     7.4109     90.261  34.989894     34.333      8.433   193.2115     2.7214     1.0514     0.0236      0.209      1.809      2.624        121 2.8055e+02 0.0000e+00
      1.911    25.9082     7.4432     90.545  34.943374     34.284      8.477   193.0979     3.0085     1.0648     0.0236      0.218      1.872      2.715        122 2.7647e+02 0.0000e+00
      1.970    25.8750     7.4664     90.716  34.944055     34.296      8.536   192.7193     3.0206     1.0916     0.0236      0.222      1.932      2.801        123 2.6465e+02 0.0000e+00
      2.028    25.8313     7.5140     90.868  34.989057     34.368      8.591   189.6529     3.0287     1.0648     0.0236      0.223      1.989      2.884        124 2.4978e+02 0.0000e+00
      2.089    25.7886     7.6076     91.384  34.946696     34.335      8.624   189.3500     3.0449     1.1453     0.0236      0.225      2.042      2.961        125 2.5273e+02 0.0000e+00
      2.128    25.7490     7.7219     92.046  34.878163     34.310      8.643   189.6529     3.7283     1.0648     0.0236      0.226      2.084      3.022        126 2.3702e+02 0.0000e+00
      2.158    25.7169     7.8303     92.867  34.837113     34.284      8.645   190.5236     3.6838     1.0648     0.0236      0.221      2.117      3.071        127 2.3644e+02 0.0000e+00
      2.190    25.6643     7.9165     93.446  34.819863     34.311      8.642   191.0536     3.6757     1.0648     0.0236      0.206      2.153      3.122        128 2.3206e+02 0.0000e+00
      2.237    25.5482     8.0038     93.842  34.840336     34.333      8.636   192.4543     3.7040     1.0379     0.0236      0.189      2.198      3.188        129 2.1482e+02 0.0000e+00
      2.299    25.4316     8.0831     94.227  34.870967     34.422      8.608   194.0822     4.4319     1.3468     0.0236      0.180      2.252      3.266        130 2.1497e+02 0.0000e+00
      2.352    25.3381     8.1375     94.480  34.841087     34.447      8.567   194.0443     4.3874     1.3602     0.0236      0.177      2.302      3.338        131 2.0535e+02 0.0000e+00
      2.390    25.2800     8.1737     94.432  34.818259     34.528      8.524   196.7700     4.4036     1.2931     0.0236      0.174      2.344      3.399        132 1.9602e+02 0.0000e+00
      2.431    25.1994     8.1984     94.067  34.780804     34.533      8.474   200.5179     4.3631     1.2259     0.0236      0.173      2.385      3.459        133 1.9515e+02 0.0000e+00
      2.473    24.9581     8.1714     93.301  34.769115     34.579      8.433   200.8208     4.4036     1.1722     0.0236      0.177      2.431      3.525        134 1.8024e+02 0.0000e+00
      2.533    24.5842     8.1139     92.344  34.625245     34.485      8.385   202.0322     7.2422     1.4408     0.0235      0.185      2.484      3.603        135 1.6997e+02 0.0000e+00
      2.594    24.1842     8.0592     91.410  34.485401     34.493      8.329   202.7136     7.2179     1.5482     0.0234      0.191      2.536      3.678        136 1.6886e+02 0.0000e+00
      2.627    23.9044     7.9964     90.471  34.587385     34.887      8.283   204.7201     7.2179     1.5482     0.0235      0.189      2.576      3.735        137 1.6100e+02 0.0000e+00
      2.658    23.6500     7.9575     89.731  34.587464     35.152      8.249   207.0294     7.2260     1.4676     0.0235      0.181      2.611      3.786        138 1.5832e+02 0.0000e+00
      2.700    23.2975     7.9544     89.400  34.337197     35.118      8.215   207.7486    11.2454     1.9913     0.0234      0.177      2.652      3.847        139 1.5009e+02 0.0000e+00
      2.755    22.9922     7.9850     89.379  34.009302     34.927      8.174   208.2787    11.2171     2.0182     0.0233      0.179      2.701      3.918        140 1.3996e+02 0.0000e+00
      2.809    22.7790     8.0639     89.888  33.809427     35.013      8.127   210.2094    11.2292     1.8839     0.0232      0.180      2.752      3.991        141 1.3582e+02 0.0000e+00
      2.854    22.5148     8.1814     90.670  33.637111     35.031      8.089   210.6637    11.2130     1.9913     0.0231      0.179      2.798      4.058        142 1.2874e+02 0.0000e+00
      2.898    22.1641     8.3607     91.780  33.482503     35.040      8.050   211.6479     9.2276     1.4810     0.0231      0.177      2.842      4.121        143 1.2450e+02 0.0000e+00
      2.941    21.9088     8.5314     92.791  33.468158     35.202      8.010   212.2158     9.2357     1.5750     0.0231      0.177      2.882      4.180        144 1.2013e+02 0.0000e+00
      2.975    21.7352     8.6968     93.792  33.447507     35.471      7.978   213.3894     9.2478     1.5079     0.0231      0.179      2.917      4.231        145 1.1730e+02 0.0000e+00
      3.007    21.5676     8.8258     94.547  33.419380     35.603      7.952   214.3358     9.2398     1.4945     0.0230      0.175      2.948      4.276        146 1.1437e+02 0.0000e+00
      3.036    21.4287     8.9426     95.138  33.443970     35.791      7.926   214.9794     8.2814     1.2393     0.0231      0.165      2.977      4.318        147 1.1080e+02 0.0000e+00
      3.064    21.2660     9.0442     95.582  33.416995     35.866      7.903   215.1308     8.3097     1.2931     0.0230      0.151      3.007      4.361        148 1.0768e+02 0.0000e+00
      3.099    21.0894     9.0792     95.744  33.304752     35.875      7.878   215.2822     8.3138     1.2393     0.0230      0.139      3.040      4.409        149 1.0355e+02 0.0000e+00
      3.134    20.8854     9.0870     95.728  33.168558     35.827      7.856   215.3958     8.2935     1.3333     0.0229      0.133      3.078      4.464        150 1.0029e+02 0.0000e+00
      3.184    20.6736     9.1004     95.561  33.082431     35.898      7.829   216.9101     7.4080     1.2931     0.0229      0.132      3.126      4.533        151 9.3095e+01 0.0000e+00
      3.244    20.3702     9.1509     95.690  33.056164     36.000      7.802   217.8944     7.4039     1.2393     0.0229      0.141      3.178      4.608        152 8.8796e+01 0.0000e+00
      3.289    19.9036     9.2024     95.809  33.082721     36.228      7.775   219.5980     7.4242     1.3065     0.0229      0.153      3.226      4.678        153 8.5676e+01 0.0000e+00
      3.337    19.4317     9.2490     95.633  33.168105     36.525      7.752   220.3930     7.4201     1.2528     0.0230      0.165      3.273      4.747        154 8.1019e+01 0.0000e+00
      3.387    19.0180     9.2607     95.066  33.187288     36.978      7.727   221.5287     7.4201     1.2931     0.0230      0.177      3.323      4.819        155 7.8308e+01 0.0000e+00
      3.441    18.6819     9.2711     94.795  33.118354     37.238      7.701   223.0808     6.1545     1.2528     0.0230      0.188      3.374      4.894        156 7.4817e+01 0.0000e+00
      3.496    18.3405     9.3145     94.809  33.194792     37.721      7.675   222.9673     6.1504     1.3333     0.0230      0.197      3.421      4.961        157 7.2896e+01 0.0000e+00
      3.525    18.0253     9.4445     95.553  33.359245     38.167      7.650   222.3615     6.1747     1.3333     0.0231      0.196      3.453      5.007        158 7.2758e+01 0.0000e+00
      3.539    17.9114     9.6305     96.823  33.447649     38.595      7.635   223.0051     6.1747     1.2931     0.0232      0.182      3.474      5.038        159 7.1479e+01 0.0000e+00
      3.563    17.8606     9.8665     98.462  33.529756     38.952      7.622   222.9673     4.3267     1.0514     0.0232      0.164      3.500      5.076        160 6.9703e+01 0.0000e+00
      3.603    17.7052    10.0715     99.817  33.553745     39.113      7.603   222.9294     4.3429     0.9976     0.0233      0.152      3.539      5.134        161 6.7449e+01 0.0000e+00
      3.662    17.5057    10.2322    100.884  33.477173     39.028      7.579   223.5730     4.3389     0.9574     0.0232      0.146      3.592      5.210        162 6.4651e+01 0.0000e+00
      3.723    17.2896    10.3521    101.585  33.506467     39.236      7.547   224.5194     4.3591     1.1319     0.0232      0.148      3.649      5.293        163 6.2471e+01 0.0000e+00
      3.776    16.9600    10.4320    101.869  33.576666     39.489      7.520   224.7087     3.8091     1.0111     0.0233      0.154      3.704      5.373        164 6.0608e+01 0.0000e+00
      3.833    16.6238    10.4842    102.023  33.567835     39.686      7.492   225.6173     3.7768     0.9976     0.0233      0.168      3.762      5.457        165 5.8263e+01 0.0000e+00
      3.901    16.4257    10.5057    102.008  33.636189     40.066      7.462   225.9201     3.8213     1.1051     0.0233      0.192      3.822      5.543        166 5.5925e+01 0.0000e+00
      3.957    16.2130    10.4632    101.599  33.788299     40.599      7.432   226.7151     3.8213     1.0916     0.0234      0.213      3.877      5.623        167 5.4612e+01 0.0000e+00
      4.001    15.9308    10.3960    100.896  33.882828     40.885      7.407   229.8194     3.7808     1.1319     0.0235      0.222      3.928      5.697        168 5.3219e+01 0.0000e+00
      4.059    15.6303    10.3189     99.860  33.933842     41.166      7.375   230.0466     3.7525     1.0245     0.0235      0.224      3.988      5.785        169 5.0871e+01 0.0000e+00
      4.144    15.2880    10.1237     97.661  34.051137     41.589      7.337   232.0909     3.7485     1.0111     0.0236      0.230      4.057      5.884        170 4.8749e+01 0.0000e+00
