Data/DataNotYetUploadedToEDI/Raw_CTD/RawDownloads/070918_fcr45.cnv
* Sea-Bird SBE19plus  Data File:
* FileName = C:\DATA\070918_fcr_0004.hex
* Software version 2.6.3.104
* Temperature SN = 7809
* Conductivity SN = 7809
* System UpLoad Time = Jul 10 2018 08:12:53
* <ApplicationData>
* <Seaterm232>
# nquan = 17
# nvalues = 244                         
# units = specified
# name 0 = depFM: Depth [fresh water, m]
# name 1 = tv290C: Temperature [ITS-90, deg C]
# name 2 = sbeox0Mg/L: Oxygen, SBE 43 [mg/l]
# name 3 = sbeox0PS: Oxygen, SBE 43 [% saturation]
# name 4 = c0uS/cm: Conductivity [uS/cm]
# name 5 = specc: Specific Conductance [uS/cm]
# name 6 = ph: pH
# name 7 = orp: Oxidation Reduction Potential [mV]
# name 8 = flECO-AFL: Fluorescence, WET Labs ECO-AFL/FL [mg/m^3]
# name 9 = turbWETntu0: Turbidity, WET Labs ECO [NTU]
# name 10 = sal00: Salinity, Practical [PSU]
# name 11 = dz/dtM: Descent Rate [m/s]
# name 12 = prdM: Pressure, Strain Gauge [db]
# name 13 = prdE: Pressure, Strain Gauge [psi]
# name 14 = scan: Scan Count
# name 15 = par/sat/log: PAR/Logarithmic, Satlantic
# name 16 = flag:  0.000e+00
# span 0 =     -0.495,      7.248       
# span 1 =    11.1605,    26.7491       
# span 2 =     6.9647,    10.5057       
# span 3 =     63.421,    105.117       
# span 4 =   0.945125,  35.482367       
# span 5 =      0.986,     46.383       
# span 6 =      6.187,      8.645       
# span 7 =  -414.0567,   261.1652       
# span 8 =    -2.4666,    11.2454       
# span 9 =    -4.9778,    32.5130       
# span 10 =     0.0108,     0.0245      
# span 11 =     -0.016,      0.236      
# span 12 =     -0.486,      7.107      
# span 13 =     -0.704,     10.307      
# span 14 =          1,        244      
# span 15 = 1.0858e+00, 2.9175e+03      
# span 16 = 0.0000e+00, 0.0000e+00      
# interval = seconds: 0.25
# start_time = Jul 09 2018 17:11:49 [Instrument's time stamp, header]
# bad_flag = -9.990e-29
*END*
     -0.494    22.0671     8.5697     98.154   1.096132      1.164      6.190  -221.8933    -0.1213     0.2054     0.0108 -4.211e-16     -0.485     -0.703          1 2.3821e+03 0.0000e+00
     -0.495    22.0673     8.5700     98.158   1.035094      1.104      6.191  -233.9319    -0.1738     0.2457     0.0108     -0.000     -0.485     -0.704          2 2.8250e+02 0.0000e+00
     -0.495    22.0679     8.5672     98.128   0.993332      1.045      6.189  -246.1977    -0.1698     0.1785     0.0108     -0.000     -0.485     -0.704          3 1.5632e+02 0.0000e+00
     -0.495    22.0685     8.5699     98.159   0.970463      1.045      6.192  -253.2012    -0.0525     0.9036     0.0108     -0.000     -0.485     -0.704          4 1.8580e+03 0.0000e+00
     -0.495    22.0691     8.5699     98.159   0.945125      0.986      6.195  -261.3784    -0.0283     0.8499     0.0108     -0.000     -0.485     -0.704          5 2.1744e+03 0.0000e+00
     -0.495    22.0695     8.5712     98.175   1.024862      1.104      6.193  -254.5263    -0.0485     0.7828     0.0108     -0.000     -0.485     -0.704          6 2.0718e+03 0.0000e+00
     -0.495    22.0699     8.5699     98.161   1.048874      1.104      6.189  -262.7413    -0.0444     0.8097     0.0108     -0.000     -0.485     -0.704          7 2.0073e+03 0.0000e+00
     -0.494    22.0704     8.5694     98.156   1.152102      1.223      6.187  -265.5049    -0.2385    -0.1437     0.0108     -0.000     -0.485     -0.703          8 1.8576e+03 0.0000e+00
     -0.494    22.0709     8.5699     98.162   1.251685      1.341      6.191  -269.9342    -0.2305    -0.1034     0.0108      0.000     -0.485     -0.703          9 1.6553e+03 0.0000e+00
     -0.494    22.0714     8.5699     98.163   1.221018      1.282      6.193  -270.1613    -0.2507    -0.2243     0.0108      0.000     -0.485     -0.703         10 1.4842e+03 0.0000e+00
     -0.495    22.0719     8.5702     98.167   1.249481      1.341      6.188  -274.5149    -0.2385    -0.1572     0.0108      0.000     -0.485     -0.704         11 1.4764e+03 0.0000e+00
     -0.495    22.0725     8.5700     98.165   1.334693      1.401      6.189  -275.4235    -0.2385    -0.2646     0.0108      0.000     -0.485     -0.704         12 1.4978e+03 0.0000e+00
     -0.495    22.0729     8.5721     98.190   1.440657      1.549      6.188  -275.0070    -0.1577    -0.6406     0.0108      0.000     -0.485     -0.704         13 1.5146e+03 0.0000e+00
     -0.495    22.0733     8.5727     98.197   1.472901      1.549      6.189  -287.7649    -0.1941    -0.6271     0.0108     -0.000     -0.486     -0.704         14 1.5729e+03 0.0000e+00
     -0.495    22.0736     8.5715     98.185   1.442603      1.549      6.190  -288.7114    -0.1698    -0.6540     0.0108     -0.000     -0.486     -0.704         15 1.6677e+03 0.0000e+00
     -0.495    22.0738     8.5721     98.193   1.419148      1.489      6.201  -294.3521    -0.2021    -0.6003     0.0108     -0.000     -0.486     -0.704         16 1.6775e+03 0.0000e+00
     -0.495    22.0744     8.5742     98.217   1.442876      1.549      6.204  -298.5921    -1.0513    -2.1445     0.0108     -0.001     -0.486     -0.704         17 1.6210e+03 0.0000e+00
     -0.495    22.0748     8.5709     98.181   1.413074      1.489      6.208  -305.1793    -1.0958    -2.2788     0.0108     -0.000     -0.486     -0.704         18 1.5397e+03 0.0000e+00
     -0.495    22.0751     8.5701     98.174   1.397020      1.489      6.211  -311.0471    -1.0877    -2.1982     0.0108     -0.000     -0.486     -0.704         19 1.4549e+03 0.0000e+00
     -0.495    22.0754     8.5703     98.179   1.403640      1.489      6.213  -319.6029    -1.0715    -2.1848     0.0108     -0.000     -0.485     -0.704         20 1.4245e+03 0.0000e+00
     -0.495    22.0756     8.5688     98.165   1.404837      1.489      6.211  -324.0322    -0.0808     1.9913     0.0108      0.000     -0.485     -0.704         21 1.4633e+03 0.0000e+00
     -0.495    22.0760     8.5673     98.151   1.395529      1.489      6.212  -335.5408    -0.0768     1.9510     0.0108      0.000     -0.485     -0.704         22 1.4392e+03 0.0000e+00
     -0.495    22.0765     8.5661     98.142   1.326399      1.400      6.217  -327.2500    -0.0930     1.9107     0.0108      0.000     -0.485     -0.704         23 1.3857e+03 0.0000e+00
     -0.495    22.0768     8.5696     98.185   1.313222      1.400      6.216  -341.3708    -0.1011     2.0182     0.0108      0.000     -0.485     -0.704         24 1.4706e+03 0.0000e+00
     -0.494    22.0774     8.5650     98.134   1.323105      1.400      6.219  -349.2830     0.0162    -4.9375     0.0108      0.000     -0.485     -0.704         25 1.5303e+03 0.0000e+00
     -0.495    22.0778     8.5644     98.129   1.314100      1.400      6.220  -360.4508     0.0162    -4.9778     0.0108      0.000     -0.485     -0.704         26 1.5004e+03 0.0000e+00
     -0.494    22.0785     8.5695     98.189   1.265213      1.341      6.219  -368.7794     0.0324    -4.9509     0.0108      0.000     -0.485     -0.703         27 1.4473e+03 0.0000e+00
     -0.494    22.0792     8.5676     98.170   1.206299      1.282      6.217  -379.4552     0.0445    -4.8838     0.0108      0.000     -0.485     -0.703         28 1.4116e+03 0.0000e+00
     -0.494    22.0803     8.5566     98.173   1.209773      1.282      6.214  -389.5252     0.0324    -4.9241     0.0108      0.000     -0.485     -0.703         29 1.4497e+03 0.0000e+00
     -0.495    22.0814     8.4174     98.194   1.201675      1.282      6.217  -395.0524     1.1646    -0.3854     0.0108      0.000     -0.485     -0.703         30 1.6047e+03 0.0000e+00
     -0.494    22.0838     8.2337     98.190   1.216377      1.282      6.213  -402.5103     1.1606    -0.4257     0.0108      0.000     -0.485     -0.703         31 1.7570e+03 0.0000e+00
     -0.494    22.0844     8.1271     98.239   1.191476      1.282      6.220  -407.0531     1.1808    -0.3989     0.0108      0.000     -0.485     -0.703         32 1.6791e+03 0.0000e+00
     -0.494    22.0887     8.0625     98.245   1.173449      1.222      6.218  -410.4603     1.1889    -0.4257     0.0108      0.000     -0.485     -0.703         33 1.4941e+03 0.0000e+00
     -0.495    22.0870     8.0175     98.190   1.120383      1.222      6.218  -414.0567    -0.5054    -0.4794     0.0108      0.000     -0.485     -0.703         34 1.3812e+03 0.0000e+00
     -0.494    22.0932     7.9875     98.139   1.139088      1.163      6.204  -394.0302    -0.4771    -0.3854     0.0108     -0.000     -0.485     -0.703         35 1.3964e+03 0.0000e+00
     -0.494    22.0851     7.9529     98.083   1.475855      1.607      6.208  -399.5952    -0.4771    -0.3989     0.0108      0.000     -0.485     -0.703         36 1.4821e+03 0.0000e+00
     -0.494    22.1005     7.9245     98.091   1.589508      1.667      6.208  -407.3181    -0.4933    -0.5063     0.0108      0.000     -0.485     -0.703         37 1.6109e+03 0.0000e+00
     -0.494    22.0785     7.8947     98.010   1.500976      1.607      6.217  -385.1338    -0.4448    -2.7890     0.0108      0.000     -0.485     -0.703         38 1.8323e+03 0.0000e+00
     -0.494    22.1898     7.8766     97.990   1.763680      1.844      6.234  -359.4287    -0.4286    -2.7890     0.0109     -0.000     -0.485     -0.703         39 1.9851e+03 0.0000e+00
     -0.494    23.0334     7.8621     97.945   1.617874      1.785      6.241  -374.6473    -0.4084    -2.7488     0.0108     -0.000     -0.483     -0.699         40 2.0164e+03 0.0000e+00
     -0.487    24.1922     7.8564     97.972   1.504782      1.487      6.239  -373.4737    -0.4367    -2.8293     0.0108      0.002     -0.475     -0.688         41 2.0721e+03 0.0000e+00
     -0.468    24.9309     7.8445     97.899   0.986576      1.198      6.242  -372.2244     8.3582     5.5363     0.0111      0.008     -0.462     -0.670         42 2.0470e+03 0.0000e+00
     -0.463    25.3655     7.8374     97.865   1.937073      1.652      6.244  -375.1773     8.3623     5.5094     0.0116      0.014     -0.444     -0.645         43 2.0725e+03 0.0000e+00
     -0.427    25.6400     7.8317     97.843  13.797210     13.644      6.393  -326.6443     8.3785     5.4826     0.0154      0.028     -0.409     -0.593         44 2.1611e+03 0.0000e+00
     -0.358    25.8221     7.8290     97.822  29.597590     29.799      7.056   220.8851     8.3663     5.4960     0.0217      0.055     -0.355     -0.515         45 2.4189e+03 0.0000e+00
     -0.303    26.0252     7.8309     97.839  34.962835     34.438      7.534   188.4036     5.2608    -1.4328     0.0236      0.087     -0.305     -0.442         46 2.2200e+03 0.0000e+00
     -0.271    26.2286     7.8329     97.851  35.014545     34.483      7.730   196.6943    -2.4342    -1.5000     0.0237      0.115     -0.272     -0.395         47 1.0372e+03 0.0000e+00
     -0.257    26.3900     7.8400     97.909  35.374883     34.644      7.760   201.5022    -2.4423    -1.5402     0.0238      0.133     -0.256     -0.372         48 6.3304e+02 0.0000e+00
     -0.255    26.5072     7.8504     98.002  35.404016     34.562      7.747   199.6093    -2.4666    -1.5268     0.0238      0.135     -0.251     -0.364         49 7.4046e+02 0.0000e+00
     -0.254    26.5837     7.8622     98.145  35.482367     34.507      7.792   199.1551    -2.4423    -1.5268     0.0238      0.125     -0.249     -0.360         50 4.6933e+02 0.0000e+00
     -0.251    26.6397     7.8797     98.347  35.455241     34.429      7.853   203.8494     1.8884    32.3922     0.0238      0.106     -0.246     -0.357         51 3.2010e+02 0.0000e+00
     -0.248    26.6816     7.8978     98.599  35.378402     34.270      7.883   185.3372     1.9046    32.5130     0.0238      0.075     -0.243     -0.353         52 2.0249e+02 0.0000e+00
     -0.246    26.7146     7.9270     98.993  35.281380     34.179      7.903   203.6979     1.8965    32.3385     0.0237      0.043     -0.241     -0.349         53 3.0443e+02 0.0000e+00
     -0.244    26.7408     7.9604     99.412  34.953157     33.799      7.953   206.2344     1.8803    32.3116     0.0236      0.022     -0.239     -0.347         54 1.9356e+02 0.0000e+00
     -0.243    26.7491     7.9981     99.863  34.778516     33.616      7.996   206.8022     1.3749    10.3435     0.0235      0.012     -0.236     -0.342         55 2.6324e+02 0.0000e+00
     -0.235    26.7446     8.0463    100.451  34.875910     33.706      8.045   212.1022     1.3668    10.2495     0.0236      0.010     -0.229     -0.331         56 3.4718e+02 0.0000e+00
     -0.221    26.7379     8.0799    100.859  34.891255     33.701      8.088   212.0265     1.3506    10.2898     0.0236      0.014     -0.214     -0.310         57 5.5463e+02 0.0000e+00
     -0.198    26.7187     8.1255    101.371  34.878042     33.704      8.117   213.7301     1.3627    10.2898     0.0236      0.023     -0.194     -0.281         58 1.0153e+03 0.0000e+00
     -0.175    26.7010     8.1566    101.703  34.773728     33.601      8.122   216.4937     1.2212     1.0379     0.0235      0.034     -0.172     -0.249         59 4.9240e+02 0.0000e+00
     -0.153    26.6949     8.3123    103.570  34.783825     33.612      8.095   183.0657     1.2172     1.0916     0.0235      0.046     -0.146     -0.211         60 5.3955e+02 0.0000e+00
     -0.116    26.6890     8.4021    104.599  34.924799     33.788      8.080   174.5100     1.2455     1.0379     0.0236      0.063     -0.110     -0.160         61 4.8267e+02 0.0000e+00
     -0.070    26.7014     8.4438    105.117  34.894861     33.735      8.093   170.1185     1.2616     1.0379     0.0236      0.084     -0.065     -0.094         62 1.1506e+03 0.0000e+00
     -0.013    26.7185     8.4385    105.053  34.880399     33.742      8.117   166.2192     1.3506     1.0648     0.0236      0.109     -0.010     -0.015         63 1.7087e+03 0.0000e+00
      0.052    26.7192     8.3917    104.448  34.942798     33.786      8.157   166.1435     1.3547     1.0514     0.0236      0.136      0.050      0.071         64 1.7898e+03 0.0000e+00
      0.111    26.7089     8.3321    103.650  34.935829     33.775      8.188   165.2728     1.3547     1.1185     0.0236      0.162      0.105      0.152         65 2.9175e+03 0.0000e+00
      0.159    26.7016     8.2471    102.528  34.889067     33.721      8.210   165.9921     1.3749     1.0379     0.0236      0.183      0.152      0.220         66 1.3946e+03 0.0000e+00
      0.195    26.6939     8.1805    101.631  34.823053     33.674      8.232   166.5978     1.3547     1.0648     0.0236      0.196      0.189      0.275         67 6.8013e+02 0.0000e+00
      0.225    26.6639     8.1202    100.850  34.958674     33.787      8.242   166.9007     1.5528     1.1051     0.0236      0.198      0.224      0.325         68 1.1453e+03 0.0000e+00
      0.268    26.6329     8.1041    100.632  35.224459     34.088      8.247   167.6200     1.5366     1.0514     0.0237      0.192      0.259      0.376         69 5.7488e+02 0.0000e+00
      0.299    26.5910     8.0905    100.453  35.263370     34.109      8.250   168.5664     1.5568     1.1051     0.0237      0.180      0.288      0.418         70 6.7247e+02 0.0000e+00
      0.312    26.5478     8.0566    100.028  35.295800     34.183      8.250   169.0585     1.5771     1.1319     0.0237      0.158      0.314      0.455         71 8.0716e+02 0.0000e+00
      0.354    26.5432     8.0070     99.407  35.243432     34.156      8.244   170.3835     1.5407     1.0514     0.0237      0.142      0.345      0.501         72 1.1553e+03 0.0000e+00
      0.385    26.5461     7.9273     98.400  35.061648     33.997      8.234   172.1250     1.5649     1.1856     0.0237      0.130      0.381      0.552         73 9.2909e+02 0.0000e+00
      0.428    26.5326     7.8549     97.478  34.988220     33.943      8.236   173.5257     1.5245     1.1051     0.0236      0.128      0.416      0.604         74 7.9326e+02 0.0000e+00
      0.460    26.5044     7.7855     96.632  35.067908     33.997      8.224   173.6393     1.5932     1.1185     0.0237      0.128      0.445      0.646         75 9.1308e+02 0.0000e+00
      0.476    26.4674     7.7177     95.806  35.229390     34.194      8.227   175.3428     1.5568     1.0245     0.0237      0.125      0.462      0.670         76 5.3917e+02 0.0000e+00
      0.479    26.4327     7.6548     95.029  35.261774     34.215      8.236   175.4564     1.5447     1.0782     0.0237      0.114      0.468      0.678         77 5.6614e+02 0.0000e+00
      0.477    26.4130     7.6165     94.540  35.235220     34.238      8.238   176.6300     1.5730     1.0111     0.0237      0.100      0.468      0.679         78 4.5257e+02 0.0000e+00
      0.476    26.4042     7.6005     94.330  35.203139     34.208      8.239   177.7278     1.5649     1.0379     0.0237      0.082      0.468      0.679         79 5.0156e+02 0.0000e+00
      0.478    26.3984     7.5932     94.248  35.153429     34.193      8.241   178.1821     1.5690     1.1588     0.0237      0.058      0.469      0.681         80 7.6847e+02 0.0000e+00
      0.481    26.3958     7.5878     94.202  35.059838     34.091      8.241   178.8257     1.5609     1.1722     0.0237      0.037      0.471      0.684         81 5.4299e+02 0.0000e+00
      0.484    26.3934     7.5766     94.095  34.993390     34.040      8.243   179.6207     1.5407     1.0379     0.0236      0.019      0.470      0.681         82 5.0510e+02 0.0000e+00
      0.470    26.3825     7.6021     94.445  34.939556     33.987      8.240   179.5071     1.5649     1.1319     0.0236      0.004      0.460      0.667         83 5.8442e+02 0.0000e+00
      0.450    26.3714     7.6443     94.999  35.067520     34.098      8.239   179.7721     1.6296     1.0782     0.0237     -0.007      0.454      0.659         84 5.9481e+02 0.0000e+00
      0.475    26.3786     7.7014     95.727  35.160368     34.240      8.235   181.2864     1.6256     1.0648     0.0237     -0.007      0.464      0.672         85 6.8130e+02 0.0000e+00
