Data/DataNotYetUploadedToEDI/Raw_CTD/RawDownloads/070918_fcr20.cnv
* Sea-Bird SBE19plus  Data File:
* FileName = C:\DATA\070918_fcr_0002.hex
* Software version 2.6.3.104
* Temperature SN = 7809
* Conductivity SN = 7809
* System UpLoad Time = Jul 10 2018 08:12:27
* <ApplicationData>
* <Seaterm232>
# nquan = 17
# nvalues = 202                         
# units = specified
# name 0 = depFM: Depth [fresh water, m]
# name 1 = tv290C: Temperature [ITS-90, deg C]
# name 2 = sbeox0Mg/L: Oxygen, SBE 43 [mg/l]
# name 3 = sbeox0PS: Oxygen, SBE 43 [% saturation]
# name 4 = c0uS/cm: Conductivity [uS/cm]
# name 5 = specc: Specific Conductance [uS/cm]
# name 6 = ph: pH
# name 7 = orp: Oxidation Reduction Potential [mV]
# name 8 = flECO-AFL: Fluorescence, WET Labs ECO-AFL/FL [mg/m^3]
# name 9 = turbWETntu0: Turbidity, WET Labs ECO [NTU]
# name 10 = sal00: Salinity, Practical [PSU]
# name 11 = dz/dtM: Descent Rate [m/s]
# name 12 = prdM: Pressure, Strain Gauge [db]
# name 13 = prdE: Pressure, Strain Gauge [psi]
# name 14 = scan: Scan Count
# name 15 = par/sat/log: PAR/Logarithmic, Satlantic
# name 16 = flag:  0.000e+00
# span 0 =     -0.476,      3.646       
# span 1 =    14.4602,    26.8430       
# span 2 =    -1.5178,     8.6102       
# span 3 =    -15.021,    104.496       
# span 4 =  -0.504312, 224.439234       
# span 5 =      0.196,    283.462       
# span 6 =      6.016,      8.248       
# span 7 =    82.6683,  1240.2295       
# span 8 =    -2.5798,     8.0833       
# span 9 =    -7.6365,     5.6840       
# span 10 =     0.0121,     0.1349      
# span 11 =     -0.028,      0.218      
# span 12 =     -0.467,      3.574      
# span 13 =     -0.677,      5.185      
# span 14 =          1,        202      
# span 15 = -3.638e+01, 3.9950e+03      
# span 16 = 0.0000e+00, 0.0000e+00      
# interval = seconds: 0.25
# start_time = Jul 09 2018 16:28:10 [Instrument's time stamp, header]
# bad_flag = -9.990e-29
*END*
[from data line 86]
      0.284    26.0053     7.5383     92.823  35.479434     34.773      8.142   224.0651     2.1472     1.2796     0.0238      0.014      0.283      0.411         87 5.5876e+02 0.0000e+00
      0.313    26.0040     7.6420     94.100  35.521822     34.825      8.137   223.5730     2.1027     1.2662     0.0238      0.028      0.308      0.446         88 5.0295e+02 0.0000e+00
      0.343    25.9991     7.7956     95.995  35.469407     34.768      8.129   223.8380     2.0259     1.3333     0.0238      0.046      0.333      0.483         89 6.8024e+02 0.0000e+00
      0.362    25.9934     7.9473     97.864  35.426033     34.714      8.131   223.4594     2.0178     1.3065     0.0238      0.060      0.358      0.518         90 6.4994e+02 0.0000e+00
      0.391    25.9893     8.0598     99.243  35.516486     34.827      8.135   223.8758     2.0259     1.1722     0.0238      0.073      0.383      0.556         91 9.6625e+02 0.0000e+00
      0.419    25.9851     8.1058     99.799  35.534788     34.831      8.133   223.9137     2.0097     1.2662     0.0238      0.084      0.410      0.594         92 1.6201e+03 0.0000e+00
      0.443    25.9820     8.0808     99.466  35.521889     34.834      8.144   224.7087     2.0380     1.2528     0.0238      0.093      0.435      0.630         93 1.0242e+03 0.0000e+00
      0.469    25.9787     7.9886     98.293  35.473225     34.782      8.147   225.5416     2.0138     1.3065     0.0238      0.100      0.457      0.663         94 8.4705e+02 0.0000e+00
      0.485    25.9722     7.8490     96.545  35.476722     34.784      8.154   226.0716     2.0057     1.2662     0.0238      0.100      0.480      0.697         95 7.5800e+02 0.0000e+00
      0.516    25.9579     7.6927     94.597  35.517540     34.841      8.169   226.5637     2.0340     1.2931     0.0238      0.098      0.514      0.746         96 8.8931e+02 0.0000e+00
      0.577    25.9416     7.5394     92.688  35.481746     34.791      8.184   227.3208     2.1836     1.1856     0.0238      0.107      0.559      0.811         97 9.1302e+02 0.0000e+00
      0.614    25.9399     7.4091     91.069  35.461956     34.800      8.193   227.0558     2.2079     1.3333     0.0238      0.118      0.595      0.863         98 5.8669e+02 0.0000e+00
      0.628    25.9432     7.3152     89.897  35.482859     34.812      8.211   227.6237     2.1917     1.2931     0.0238      0.121      0.617      0.895         99 5.7834e+02 0.0000e+00
      0.648    25.9425     7.2687     89.312  35.515054     34.867      8.217   228.0780     2.2119     1.2259     0.0238      0.121      0.635      0.921        100 5.9276e+02 0.0000e+00
      0.666    25.9397     7.2481     89.045  35.481208     34.811      8.225   227.5480     2.5435     1.2931     0.0238      0.119      0.655      0.950        101 7.1443e+02 0.0000e+00
      0.689    25.9336     7.2477     89.026  35.465664     34.811      8.232   228.1159     2.5354     1.2393     0.0238      0.114      0.677      0.982        102 7.5227e+02 0.0000e+00
      0.715    25.9196     7.2083     88.536  35.475083     34.813      8.239   228.2673     2.5152     1.2931     0.0238      0.108      0.705      1.022        103 5.6325e+02 0.0000e+00
      0.752    25.8984     7.1599     87.940  35.410174     34.762      8.238   228.0023     2.5677     1.3333     0.0238      0.101      0.741      1.075        104 5.0454e+02 0.0000e+00
      0.800    25.8810     7.0968     87.166  35.368502     34.717      8.239   228.3809     2.7376     1.2931     0.0238      0.100      0.784      1.137        105 6.8305e+02 0.0000e+00
      0.844    25.8666     7.0250     86.286  35.349005     34.731      8.241   228.3430     2.7416     1.2662     0.0238      0.111      0.826      1.198        106 6.0699e+02 0.0000e+00
      0.881    25.8528     6.9554     85.430  35.375132     34.743      8.242   228.2673     2.7699     1.2393     0.0238      0.126      0.866      1.255        107 5.6033e+02 0.0000e+00
      0.925    25.8416     6.9183     84.979  35.395311     34.808      8.241   229.1001     2.7457     1.3333     0.0238      0.140      0.907      1.315        108 5.6987e+02 0.0000e+00
      0.968    25.8311     6.9011     84.764  35.323901     34.708      8.246   229.1380     3.0287     1.2393     0.0238      0.153      0.951      1.379        109 5.8601e+02 0.0000e+00
      1.017    25.8220     6.8983     84.727  35.345379     34.770      8.248   229.8194     2.9802     1.2528     0.0238      0.163      0.997      1.446        110 5.6566e+02 0.0000e+00
      1.067    25.8137     6.8947     84.679  35.368589     34.777      8.246   230.1601     2.9883     1.2528     0.0238      0.171      1.040      1.509        111 4.8808e+02 0.0000e+00
      1.097    25.8057     6.8806     84.505  35.354337     34.784      8.247   229.8194     2.9923     1.2931     0.0238      0.171      1.074      1.558        112 5.5818e+02 0.0000e+00
      1.123    25.8017     6.8570     84.217  35.363120     34.789      8.246   230.1601     2.9681     1.1453     0.0238      0.164      1.100      1.596        113 4.7454e+02 0.0000e+00
      1.146    25.8006     6.8237     83.809  35.357664     34.795      8.241   230.9173     3.2066     1.2125     0.0238      0.155      1.123      1.629        114 3.9105e+02 0.0000e+00
      1.166    25.8018     6.7980     83.487  35.361130     34.798      8.241   231.1823     3.1905     1.2393     0.0238      0.143      1.145      1.661        115 4.4291e+02 0.0000e+00
      1.191    25.8023     6.8047     83.546  35.358808     34.798      8.237   230.9551     3.1905     1.2931     0.0238      0.129      1.171      1.698        116 3.8205e+02 0.0000e+00
      1.225    25.8026     6.8470     84.031  35.301242     34.743      8.234   231.1066     3.1986     1.2796     0.0238      0.117      1.204      1.746        117 4.1454e+02 0.0000e+00
      1.268    25.8043     6.8877     84.517  35.314143     34.742      8.227   231.4473     3.2835     1.2662     0.0238      0.112      1.241      1.799        118 4.9554e+02 0.0000e+00
      1.300    25.8027     6.9160     84.859  35.402067     34.852      8.207   231.8637     3.3118     1.3065     0.0238      0.111      1.272      1.845        119 3.7299e+02 0.0000e+00
      1.322    25.7999     6.9323     85.059  35.369764     34.795      8.200   231.7880     3.3158     1.1856     0.0238      0.113      1.296      1.880        120 3.6906e+02 0.0000e+00
      1.344    25.7984     6.9384     85.129  35.354342     34.797      8.201   232.0530     3.2875     1.2931     0.0238      0.115      1.317      1.911        121 3.9004e+02 0.0000e+00
      1.363    25.7978     6.9700     85.494  35.361945     34.799      8.203   232.1287     3.4007     1.0648     0.0238      0.114      1.337      1.940        122 3.1805e+02 0.0000e+00
      1.385    25.7987     7.0417     86.339  35.300989     34.745      8.206   232.2423     3.4048     1.0379     0.0238      0.110      1.358      1.969        123 3.5722e+02 0.0000e+00
      1.406    25.7995     7.1315     87.399  35.311573     34.745      8.205   232.8101     3.3684     1.0111     0.0238      0.103      1.382      2.004        124 4.1132e+02 0.0000e+00
      1.435    25.7952     7.1941     88.132  35.348775     34.800      8.198   232.8101     3.3684     1.0245     0.0238      0.096      1.414      2.051        125 3.8103e+02 0.0000e+00
      1.487    25.7792     7.2304     88.544  35.314007     34.744      8.175   234.2487     3.4573     1.3333     0.0238      0.097      1.456      2.112        126 3.0094e+02 0.0000e+00
      1.532    25.7582     7.2373     88.592  35.295526     34.747      8.144   235.1573     3.4290     1.2662     0.0238      0.108      1.496      2.168        127 3.0010e+02 0.0000e+00
      1.553    25.7483     7.2334     88.504  35.312462     34.758      8.122   234.4380     3.4493     1.2393     0.0238      0.117      1.523      2.208        128 3.4054e+02 0.0000e+00
      1.574    25.7462     7.2289     88.402  35.292939     34.773      8.110   234.7787     3.4250     1.1991     0.0238      0.122      1.546      2.241        129 3.0071e+02 0.0000e+00
      1.602    25.7457     7.1989     88.006  35.260518     34.724      8.091   235.3466     3.7081     1.2125     0.0237      0.125      1.571      2.278        130 2.4937e+02 0.0000e+00
      1.628    25.7426     7.1479     87.372  35.293500     34.781      8.078   235.1573     3.6757     1.3602     0.0238      0.124      1.600      2.321        131 2.2328e+02 0.0000e+00
      1.667    25.7283     7.0899     86.671  35.311209     34.781      8.071   235.1952     3.7242     1.1991     0.0238      0.124      1.639      2.377        132 2.0079e+02 0.0000e+00
      1.720    25.7056     7.0308     85.961  35.238482     34.728      8.056   236.0280     3.6838     1.2393     0.0237      0.126      1.686      2.445        133 1.9282e+02 0.0000e+00
      1.768    25.6804     6.9969     85.569  35.176410     34.655      8.034   236.7852     3.6959     1.1856     0.0237      0.129      1.728      2.506        134 1.8602e+02 0.0000e+00
      1.796    25.6590     6.9713     85.283  35.240178     34.753      8.012   236.9744     4.0275     1.2259     0.0237      0.135      1.761      2.554        135 1.9074e+02 0.0000e+00
      1.825    25.6391     6.9465     85.001  35.248108     34.771      8.002   237.3530     4.0235     1.2125     0.0237      0.142      1.791      2.598        136 1.9443e+02 0.0000e+00
      1.860    25.6164     6.9463     84.996  35.255525     34.785      7.988   237.9966     4.0194     1.2662     0.0237      0.147      1.826      2.649        137 1.8050e+02 0.0000e+00
      1.901    25.5907     6.9845     85.440  35.230957     34.799      7.973   238.6023     4.0073     1.2662     0.0237      0.149      1.866      2.706        138 1.6859e+02 0.0000e+00
      1.947    25.5630     7.0709     86.462  35.130406     34.677      7.953   239.5866     4.3914     1.2931     0.0237      0.152      1.903      2.759        139 1.6858e+02 0.0000e+00
      1.968    25.5435     7.1591     87.504  35.143413     34.749      7.934   239.4352     4.3995     1.2662     0.0237      0.145      1.928      2.797        140 1.7159e+02 0.0000e+00
      1.984    25.5375     7.2222     88.249  35.185126     34.769      7.920   240.4573     4.4197     1.2528     0.0237      0.133      1.946      2.822        141 1.6008e+02 0.0000e+00
      2.001    25.5420     7.2467     88.524  35.226794     34.865      7.901   239.9652     4.4238     1.2931     0.0237      0.122      1.962      2.846        142 1.6660e+02 0.0000e+00
      2.016    25.5514     7.2333     88.350  35.180538     34.786      7.894   241.0252     4.7190     1.1856     0.0237      0.113      1.979      2.871        143 1.8253e+02 0.0000e+00
      2.040    25.5649     7.2047     87.994  35.153723     34.783      7.878   241.2145     4.7432     1.2662     0.0237      0.102      1.999      2.900        144 1.7880e+02 0.0000e+00
      2.060    25.5823     7.1921     87.819  35.171193     34.777      7.864   241.8580     4.7311     1.2662     0.0237      0.090      2.017      2.927        145 1.8743e+02 0.0000e+00
      2.072    25.5956     7.2092     87.945  35.158792     34.767      7.852   242.0852     4.7473     1.2931     0.0237      0.078      2.032      2.949        146 1.8548e+02 0.0000e+00
      2.086    25.5943     7.2487     88.322  35.169148     34.755      7.832   241.8202     4.7311     1.4139     0.0237      0.069      2.051      2.974        147 1.7991e+02 0.0000e+00
      2.116    25.5792     7.2854     88.655  35.187955     34.773      7.819   242.3502     4.7270     1.4139     0.0237      0.071      2.081      3.018        148 1.8096e+02 0.0000e+00
      2.165    25.5568     7.3075     88.757  35.165040     34.747      7.802   242.8802     4.7311     1.3468     0.0237      0.081      2.119      3.073        149 1.7193e+02 0.0000e+00
      2.197    25.5351     7.3011     88.582  35.108695     34.702      7.788   242.9559     4.7149     1.4945     0.0237      0.092      2.152      3.121        150 1.6716e+02 0.0000e+00
      2.220    25.5183     7.2799     88.176  35.109797     34.717      7.783   243.2966     4.8160     1.4945     0.0237      0.101      2.177      3.157        151 1.6407e+02 0.0000e+00
      2.244    25.5042     7.2631     87.705  35.104366     34.733      7.779   244.0159     4.8362     1.4139     0.0237      0.106      2.198      3.187        152 1.6118e+02 0.0000e+00
      2.257    25.4960     7.2658     87.447  35.115465     34.744      7.771   243.3723     4.8362     1.5482     0.0237      0.108      2.215      3.212        153 1.6462e+02 0.0000e+00
      2.273    25.4927     7.2761     87.235  35.125650     34.782      7.774   243.9780     4.8039     1.4945     0.0237      0.106      2.236      3.242        154 1.6795e+02 0.0000e+00
      2.309    25.4791     7.2902     87.105  35.062040     34.704      7.777   244.5838     4.8120     1.4945     0.0237      0.104      2.266      3.286        155 1.5519e+02 0.0000e+00
      2.347    25.4276     7.3047     87.015  35.046345     34.706      7.781   244.9245     5.1880     1.6825     0.0237      0.101      2.302      3.339        156 1.3975e+02 0.0000e+00
      2.388    25.3644     7.3371     86.983  35.056216     34.715      7.780   245.6059     5.2082     1.6153     0.0237      0.101      2.338      3.392        157 1.3940e+02 0.0000e+00
      2.419    25.2905     7.3998     87.284  35.049768     34.751      7.772   246.1738     5.2123     1.7630     0.0237      0.108      2.370      3.438        158 1.3198e+02 0.0000e+00
      2.445    25.1944     7.4896     87.880  35.054392     34.796      7.773   246.6659     5.2204     1.7093     0.0237      0.115      2.397      3.476        159 1.2424e+02 0.0000e+00
      2.469    25.1300     7.6004     88.616  35.050491     34.844      7.765   247.0445     5.0384     2.0182     0.0237      0.120      2.419      3.509        160 1.2501e+02 0.0000e+00
      2.485    25.0379     7.7276     89.497  35.054659     34.915      7.759   246.8552     5.0222     1.8705     0.0237      0.121      2.441      3.541        161 1.1631e+02 0.0000e+00
      2.515    24.8755     7.8698     90.511  35.049246     34.956      7.752   247.8395     5.0182     1.9107     0.0237      0.117      2.468      3.580        162 1.1270e+02 0.0000e+00
      2.553    24.6941     7.9907     91.567  35.057267     35.020      7.740   249.1645     5.0101     1.8705     0.0237      0.113      2.499      3.625        163 1.1307e+02 0.0000e+00
      2.577    24.4881     8.1107     92.738  35.104042     35.192      7.731   249.5809     6.0776     1.6959     0.0237      0.108      2.527      3.665        164 1.0838e+02 0.0000e+00
      2.601    24.3051     8.2430     94.009  35.109737     35.319      7.717   250.9059     6.0817     1.7899     0.0237      0.104      2.550      3.699        165 1.0865e+02 0.0000e+00
      2.623    24.1364     8.3838     95.224  35.050269     35.411      7.704   251.2466     6.1059     1.6959     0.0237      0.103      2.573      3.732        166 1.0573e+02 0.0000e+00
      2.646    23.8859     8.5039     96.156  35.059515     35.544      7.692   251.8145     6.0776     1.6556     0.0237      0.102      2.599      3.769        167 1.0070e+02 0.0000e+00
      2.681    23.6159     8.5876     96.648  35.039005     35.661      7.677   252.6095     8.0833     1.7228     0.0237      0.104      2.631      3.816        168 1.0010e+02 0.0000e+00
      2.721    23.3321     8.6102     96.594  34.957257     35.734      7.650   253.5181     8.0469     1.6556     0.0237      0.109      2.669      3.871        169 9.5790e+01 0.0000e+00
      2.760    23.0042     8.5921     96.033  34.538571     35.558      7.624   253.5181     8.0388     1.6959     0.0235      0.114      2.713      3.934        170 9.1799e+01 0.0000e+00
