Data/DataNotYetUploadedToEDI/Raw_CTD/RawDownloads/070920_fcr50.cnv
* Sea-Bird SBE19plus  Data File:
* FileName = C:\DATA\070920_fcr50_0002.hex
* Software version 2.8.0.119
* Temperature SN = 7809
* Conductivity SN = 7809
* System UpLoad Time = Jul 09 2020 11:53:59
* <ApplicationData>
* <Seaterm232>
# nquan = 16
# nvalues = 1603                        
# units = specified
# name 0 = depFM: Depth [fresh water, m]
# name 1 = dz/dtM: Descent Rate [m/s]
# name 2 = sbeox0ML/L: Oxygen, SBE 43 [ml/l]
# name 3 = sbeox0PS: Oxygen, SBE 43 [% saturation]
# name 4 = specc: Specific Conductance [uS/cm]
# name 5 = c0uS/cm: Conductivity [uS/cm]
# name 6 = flECO-AFL: Fluorescence, WET Labs ECO-AFL/FL [mg/m^3]
# name 7 = ph: pH
# name 8 = orp: Oxidation Reduction Potential [mV]
# name 9 = par/sat/log: PAR/Logarithmic, Satlantic
# name 10 = turbWETntu0: Turbidity, WET Labs ECO [NTU]
# name 11 = prdM: Pressure, Strain Gauge [db]
# name 12 = prdE: Pressure, Strain Gauge [psi]
# name 13 = tv290C: Temperature [ITS-90, deg C]
# name 14 = density00: Density [density, kg/m^3]
# name 15 = flag:  0.000e+00
# span 0 =     -0.657,      9.692       
# span 1 =     -0.327,      0.229       
# span 2 =    -0.0464,     8.4245       
# span 3 =     -0.570,    138.157       
# span 4 =      3.687,    275.422       
# span 5 =   3.812325, 199.110597       
# span 6 =    -0.9627,    15.9660       
# span 7 =      5.995,      8.862       
# span 8 = -1240.7455,   408.3785       
# span 9 = 1.2342e-01, 1.1014e+03       
# span 10 =    -0.3393,   431.4408      
# span 11 =     -0.645,      9.504      
# span 12 =     -0.936,     13.785      
# span 13 =    10.2293,    26.9785      
# span 14 =   996.5386,   999.7875      
# span 15 = 0.0000e+00, 0.0000e+00      
# interval = seconds: 0.25
# start_time = Jul 08 2020 20:42:08 [Instrument's time stamp, header]
# bad_flag = -9.990e-29
*END*
[from data line 814]
      4.947      0.008     0.5193      6.787     44.646  31.522289     3.4810      6.730   137.9006 2.9090e+00    12.7453      4.852      7.037    10.2896   999.7168 0.0000e+00
      4.948      0.013     0.5259      6.782     44.658  31.528047     3.4870      6.730   139.5519 2.8742e+00    12.7413      4.852      7.037    10.2933   999.7165 0.0000e+00
      4.951      0.018     0.5274      6.765     44.673  31.534769     3.4820      6.729   140.4567 2.8115e+00    12.7608      4.853      7.039    10.2974   999.7161 0.0000e+00
      4.957      0.023     0.5305      6.748     44.678  31.540111     3.5065      6.728   140.3234 2.7177e+00    12.7762      4.859      7.048    10.3017   999.7157 0.0000e+00
      4.966      0.026     0.5337      6.738     44.649  31.529198     3.5740      6.726   140.1773 2.6280e+00    12.7892      4.871      7.064    10.3015   999.7158 0.0000e+00
      4.976      0.026     0.5320      6.757     44.641  31.529718     3.6120      6.725   139.9802 2.5500e+00    12.7814      4.881      7.079    10.2969   999.7163 0.0000e+00
      4.984      0.025     0.5304      6.808     44.667  31.546407     3.6221      6.724   140.0907 2.4660e+00    12.7509      4.888      7.090    10.2905   999.7169 0.0000e+00
      4.989      0.024     0.5297      6.871     44.663  31.540651     3.6100      6.723   141.0834 2.4103e+00    12.7976      4.895      7.099    10.2902   999.7169 0.0000e+00
      4.991      0.024     0.5269      6.925     44.641  31.523562     3.5795      6.723   141.8301 2.3740e+00    12.9333      4.895      7.100    10.3072   999.7154 0.0000e+00
      4.994      0.025     0.5289      6.994     44.653  31.530126     3.5686      6.723   142.0646 2.2960e+00    12.9838      4.896      7.099    10.3184   999.7144 0.0000e+00
      5.002      0.025     0.5332      7.066     44.688  31.556560     3.5544      6.722   142.1115 2.1725e+00    12.9631      4.903      7.111    10.3106   999.7151 0.0000e+00
      5.013      0.024     0.5398      7.095     44.723  31.589389     3.5221      6.721   141.8814 2.0595e+00    12.9914      4.917      7.131    10.3062   999.7156 0.0000e+00
      5.023      0.023     0.5424      7.117     44.738  31.609832     3.5031      6.720   141.6044 2.0009e+00    13.0512      4.929      7.147    10.3067   999.7156 0.0000e+00
      5.028      0.020     0.5472      7.150     44.731  31.613404     3.5055      6.718   141.6876 1.9696e+00    13.0686      4.931      7.151    10.3018   999.7160 0.0000e+00
      5.029      0.015     0.5570      7.140     44.736  31.632590     3.5133      6.718   142.4573 1.9282e+00    13.0298      4.931      7.152    10.3009   999.7161 0.0000e+00
      5.032      0.010     0.5559      7.105     44.728  31.651481     3.5016      6.717   143.1677 1.8905e+00    12.9948      4.934      7.157    10.3141   999.7150 0.0000e+00
      5.034      0.007     0.5564      7.099     44.699  31.651499     3.3834      6.714   143.3071 1.8666e+00    12.9538      4.936      7.160    10.3271   999.7138 0.0000e+00
      5.035      0.005     0.5626      7.081     44.659  31.632831     3.1901      6.712   143.2834 1.8321e+00    12.8777      4.937      7.161    10.3310   999.7134 0.0000e+00
      5.035      0.004     0.5607      7.034     44.636  31.616125     3.0909      6.711   143.3110 1.7841e+00    12.7953      4.938      7.162    10.3471   999.7119 0.0000e+00
      5.036      0.003     0.5536      6.991     44.681  31.639837     3.0615      6.710   143.1250 1.7585e+00    12.7129      4.939      7.163    10.3816   999.7088 0.0000e+00
      5.037      0.003     0.5563      6.957     44.732  31.665742     2.8729      6.709   142.9276 1.7485e+00    12.3960      4.940      7.165    10.4086   999.7062 0.0000e+00
      5.038      0.003     0.5553      6.944     44.757  31.675534     2.5460      6.708   143.1607 1.7265e+00    11.8828      4.940      7.165    10.4174   999.7054 0.0000e+00
      5.038      0.004     0.5490      6.923     44.785  31.694780     2.3801      6.707   143.5350 1.7041e+00    11.6570      4.941      7.166    10.4149   999.7056 0.0000e+00
      5.038      0.006     0.5475      6.870     44.790  31.708104     2.3654      6.706   143.9247 1.6849e+00    11.6225      4.941      7.166    10.4045   999.7066 0.0000e+00
      5.039      0.008     0.5431      6.822     44.767  31.709753     2.3678      6.705   144.2584 1.6570e+00    11.4316      4.941      7.167    10.3906   999.7078 0.0000e+00
      5.042      0.009     0.5435      6.797     44.757  31.714738     2.3899      6.705   144.1283 1.6201e+00    11.2029      4.943      7.171    10.3808   999.7088 0.0000e+00
      5.047      0.012     0.5440      6.780     44.740  31.704941     2.4029      6.704   143.7293 1.5858e+00    11.1231      4.949      7.178    10.3781   999.7092 0.0000e+00
      5.051      0.017     0.5367      6.748     44.678  31.654749     2.4212      6.703   143.7361 1.5621e+00    11.1192      4.953      7.184    10.3898   999.7080 0.0000e+00
      5.053      0.020     0.5328      6.714     44.647  31.615429     2.5242      6.700   144.2104 1.5329e+00    11.0882      4.955      7.187    10.4164   999.7056 0.0000e+00
      5.057      0.021     0.5309      6.700     44.670  31.610191     2.6948      6.699   144.7313 1.4764e+00    11.0569      4.957      7.191    10.4331   999.7041 0.0000e+00
      5.065      0.020     0.5308      6.680     44.660  31.591396     2.7966      6.699   144.9587 1.4095e+00    11.0837      4.966      7.202    10.4319   999.7042 0.0000e+00
      5.075      0.020     0.5280      6.639     44.643  31.578511     2.8300      6.699   144.7232 1.3706e+00    11.1727      4.979      7.221    10.4281   999.7045 0.0000e+00
      5.080      0.022     0.5239      6.601     44.645  31.581287     2.9074      6.698   144.2923 1.3590e+00    11.2742      4.984      7.229    10.4068   999.7066 0.0000e+00
      5.081      0.026     0.5249      6.586     44.624  31.561521     3.0164      6.697   144.1364 1.3410e+00    11.3488      4.982      7.226    10.3719   999.7099 0.0000e+00
      5.083      0.030     0.5241      6.599     44.596  31.529852     3.0714      6.696   144.2152 1.2960e+00    11.3540      4.984      7.228    10.3606   999.7108 0.0000e+00
      5.090      0.035     0.5196      6.642     44.596  31.515593     3.0853      6.696   144.3844 1.2278e+00    11.3379      4.989      7.235    10.3660   999.7104 0.0000e+00
      5.103      0.039     0.5159      6.704     44.614  31.516001     3.0891      6.695   144.6339 1.1518e+00    11.3595      5.001      7.255    10.3692   999.7102 0.0000e+00
      5.119      0.041     0.5151      6.782     44.655  31.534770     3.1176      6.693   144.6499 1.0931e+00    11.4781      5.022      7.283    10.3646   999.7108 0.0000e+00
      5.134      0.040     0.5159      6.849     44.689  31.552179     3.1820      6.691   144.4069 1.0563e+00    11.6736      5.037      7.305    10.3483   999.7123 0.0000e+00
      5.144      0.035     0.5203      6.884     44.670  31.536134     3.2105      6.689   144.3622 1.0356e+00    11.7665      5.046      7.319    10.3306   999.7139 0.0000e+00
      5.151      0.027     0.5248      6.918     44.663  31.531116     3.2032      6.687   144.5399 1.0318e+00    11.7767      5.053      7.329    10.3171   999.7152 0.0000e+00
      5.154      0.019     0.5317      6.984     44.694  31.554960     3.1135      6.686   144.7480 1.0283e+00    11.7628      5.054      7.331    10.3052   999.7163 0.0000e+00
      5.156      0.013     0.5390      7.069     44.711  31.570637     2.9275      6.685   144.9856 1.0262e+00    11.6664      5.056      7.334    10.2976   999.7170 0.0000e+00
      5.160      0.009     0.5397      7.135     44.734  31.593775     2.8133      6.683   145.1761 1.0294e+00    11.5726      5.062      7.342    10.2956   999.7172 0.0000e+00
      5.162      0.005     0.5414      7.168     44.787  31.644393     2.7914      6.680   145.3310 1.0307e+00    11.5221      5.063      7.343    10.2963   999.7172 0.0000e+00
      5.162      0.003     0.5470      7.188     44.807  31.675089     2.7204      6.679   145.5675 1.0362e+00    11.2958      5.062      7.341    10.2980   999.7171 0.0000e+00
      5.162      0.002     0.5549      7.198     44.751  31.647714     2.5840      6.680   145.8849 1.0522e+00    10.8964      5.063      7.343    10.3014   999.7167 0.0000e+00
      5.162      0.002     0.5611      7.203     44.724  31.630644     2.4967      6.680   146.2428 1.0779e+00    10.6414      5.062      7.342    10.3082   999.7161 0.0000e+00
      5.162      0.003     0.5616      7.194     44.766  31.659040     2.4857      6.679   146.6256 1.0986e+00    10.5807      5.062      7.342    10.3222   999.7149 0.0000e+00
      5.162      0.006     0.5635      7.140     44.784  31.673820     2.5358      6.679   146.8139 1.1128e+00    10.7807      5.062      7.342    10.3453   999.7127 0.0000e+00
      5.163      0.008     0.5642      7.071     44.789  31.682449     2.6256      6.678   146.7986 1.1250e+00    11.1712      5.062      7.342    10.3628   999.7111 0.0000e+00
      5.166      0.009     0.5636      7.024     44.805  31.699925     2.6755      6.676   146.9556 1.1254e+00    11.3546      5.065      7.346    10.3618   999.7111 0.0000e+00
      5.171      0.009     0.5658      6.996     44.787  31.694794     2.6805      6.675   147.3361 1.1272e+00    11.3155      5.072      7.357    10.3552   999.7118 0.0000e+00
      5.175      0.009     0.5592      6.988     44.759  31.683874     2.6765      6.675   147.6992 1.1307e+00    11.1786      5.077      7.364    10.3592   999.7115 0.0000e+00
      5.176      0.008     0.5526      6.990     44.766  31.694785     2.6846      6.674   147.9902 1.1205e+00    11.0045      5.076      7.362    10.3667   999.7108 0.0000e+00
      5.177      0.008     0.5497      6.991     44.771  31.699834     2.7021      6.673   147.9292 1.1157e+00    10.9272      5.077      7.363    10.3722   999.7103 0.0000e+00
      5.178      0.009     0.5466      6.969     44.745  31.681473     2.6980      6.671   147.5650 1.1218e+00    10.9311      5.079      7.366    10.3809   999.7095 0.0000e+00
      5.179      0.011     0.5469      6.928     44.715  31.663121     2.6730      6.670   147.6306 1.1184e+00    10.9141      5.078      7.365    10.3933   999.7083 0.0000e+00
      5.181      0.013     0.5466      6.902     44.715  31.668283     2.6478      6.670   148.1200 1.1009e+00    10.8924      5.080      7.367    10.3998   999.7078 0.0000e+00
      5.186      0.013     0.5478      6.890     44.727  31.680443     2.6315      6.670   148.5776 1.0759e+00    10.9092      5.085      7.375    10.4003   999.7077 0.0000e+00
      5.193      0.012     0.5465      6.875     44.727  31.683258     2.6184      6.669   148.9479 1.0514e+00    10.8770      5.094      7.389    10.3984   999.7079 0.0000e+00
      5.198      0.011     0.5409      6.851     44.747  31.702328     2.6041      6.668   148.8112 1.0264e+00    10.8129      5.099      7.396    10.4002   999.7078 0.0000e+00
      5.198      0.009     0.5397      6.846     44.765  31.720679     2.5256      6.666   148.1291 1.0023e+00    10.5800      5.096      7.392    10.4109   999.7068 0.0000e+00
      5.198      0.008     0.5390      6.867     44.750  31.714807     2.3751      6.666   147.9282 9.8085e-01    10.1555      5.098      7.393    10.4125   999.7066 0.0000e+00
      5.199      0.006     0.5381      6.876     44.715  31.694777     2.2911      6.665   148.3611 9.5488e-01     9.9717      5.099      7.395    10.4138   999.7064 0.0000e+00
      5.200      0.006     0.5354      6.893     44.665  31.668850     2.2830      6.663   148.7172 9.1174e-01     9.9369      5.098      7.395    10.4224   999.7057 0.0000e+00
      5.203      0.007     0.5334      6.950     44.630  31.655120     2.3148      6.662   149.1365 8.4948e-01     9.8029      5.103      7.401    10.4274   999.7054 0.0000e+00
      5.206      0.007     0.5383      6.983     44.621  31.655676     2.3898      6.661   149.8168 7.8938e-01     9.7254      5.107      7.407    10.4329   999.7048 0.0000e+00
      5.207      0.007     0.5375      6.946     44.654  31.675581     2.4359      6.660   149.8016 7.4183e-01     9.7211      5.106      7.406    10.4369   999.7044 0.0000e+00
      5.208      0.007     0.5362      6.898     44.713  31.705444     2.4435      6.659   149.0387 7.0354e-01     9.7168      5.107      7.407    10.4461   999.7035 0.0000e+00
      5.210      0.008     0.5439      6.873     44.716  31.699495     2.5097      6.658   148.7663 6.7206e-01     9.7417      5.109      7.410    10.4644   999.7018 0.0000e+00
      5.212      0.010     0.5485      6.859     44.668  31.667085     2.6454      6.658   149.0031 6.3674e-01     9.8163      5.112      7.414    10.4742   999.7009 0.0000e+00
      5.214      0.014     0.5424      6.869     44.613  31.630813     2.7299      6.658   149.4932 6.0128e-01     9.8976      5.114      7.417    10.4696   999.7013 0.0000e+00
      5.217      0.019     0.5376      6.889     44.549  31.578174     2.7489      6.657   150.2179 5.8330e-01     9.9700      5.115      7.419    10.4505   999.7031 0.0000e+00
      5.222      0.024     0.5380      6.901     44.521  31.538207     2.8280      6.655   150.4519 5.7211e-01    10.0385      5.120      7.426    10.4367   999.7045 0.0000e+00
      5.229      0.029     0.5346      6.909     44.549  31.528227     2.9807      6.654   150.1724 5.5009e-01    10.1081      5.127      7.436    10.4450   999.7037 0.0000e+00
      5.239      0.033     0.5366      6.905     44.584  31.520919     3.0683      6.653   150.1074 5.2203e-01    10.1591      5.136      7.450    10.4520   999.7030 0.0000e+00
      5.250      0.037     0.5391      6.890     44.609  31.513256     3.0778      6.652   150.2683 4.9976e-01    10.1738      5.149      7.469    10.4446   999.7038 0.0000e+00
      5.260      0.039     0.5393      6.863     44.609  31.498997     3.0765      6.651   150.4824 4.8927e-01    10.1832      5.159      7.483    10.4219   999.7059 0.0000e+00
      5.269      0.039     0.5415      6.844     44.586  31.475397     3.0428      6.649   150.8901 4.7723e-01    10.1698      5.165      7.491    10.3839   999.7095 0.0000e+00
      5.279      0.038     0.5408      6.849     44.600  31.481684     2.9744      6.648   151.5836 4.4437e-01    10.1499      5.176      7.507    10.3436   999.7134 0.0000e+00
      5.290      0.037     0.5408      6.860     44.649  31.511561     2.9279      6.647   152.2426 4.0952e-01    10.1485      5.191      7.528    10.3155   999.7160 0.0000e+00
      5.299      0.037     0.5380      6.887     44.672  31.519410     2.9283      6.646   152.3181 3.9971e-01    10.1525      5.198      7.538    10.3001   999.7175 0.0000e+00
      5.306      0.036     0.5354      6.940     44.675  31.513123     2.9600      6.646   151.9812 4.0065e-01    10.1642      5.202      7.545    10.2931   999.7181 0.0000e+00
      5.315      0.033     0.5376      6.983     44.662  31.498978     2.9970      6.646   151.6965 3.8863e-01    10.1522      5.212      7.560    10.2920   999.7183 0.0000e+00
      5.325      0.031     0.5379      7.010     44.632  31.475274     3.0140      6.646   151.7148 3.6893e-01    10.1444      5.223      7.576    10.2876   999.7187 0.0000e+00
      5.335      0.029     0.5386      7.001     44.640  31.480305     3.0222      6.645   152.5464 3.6261e-01    10.1390      5.233      7.589    10.2763   999.7198 0.0000e+00
      5.341      0.028     0.5457      6.943     44.664  31.496360     3.0487      6.644   153.8369 3.6120e-01    10.0876      5.238      7.597    10.2658   999.7208 0.0000e+00
      5.346      0.026     0.5484      6.899     44.641  31.479056     3.0757      6.643   154.3249 3.4747e-01    10.0035      5.242      7.603    10.2597   999.7214 0.0000e+00
