Data/DataNotYetUploadedToEDI/Raw_CTD/RawDownloads/070918_FCR50.cnv
* Sea-Bird SBE19plus  Data File:
* FileName = C:\DATA\070918_FCR50_0001.hex
* Software version 2.6.3.104
* Temperature SN = 7809
* Conductivity SN = 7809
* System UpLoad Time = Jul 09 2018 10:04:35
* <ApplicationData>
* <Seaterm232>
# nquan = 17
# nvalues = 602                         
# units = specified
# name 0 = depFM: Depth [fresh water, m]
# name 1 = tv290C: Temperature [ITS-90, deg C]
# name 2 = sbeox0Mg/L: Oxygen, SBE 43 [mg/l]
# name 3 = sbeox0PS: Oxygen, SBE 43 [% saturation]
# name 4 = c0uS/cm: Conductivity [uS/cm]
# name 5 = specc: Specific Conductance [uS/cm]
# name 6 = ph: pH
# name 7 = orp: Oxidation Reduction Potential [mV]
# name 8 = flECO-AFL: Fluorescence, WET Labs ECO-AFL/FL [mg/m^3]
# name 9 = turbWETntu0: Turbidity, WET Labs ECO [NTU]
# name 10 = sal00: Salinity, Practical [PSU]
# name 11 = dz/dtM: Descent Rate [m/s]
# name 12 = prdM: Pressure, Strain Gauge [db]
# name 13 = prdE: Pressure, Strain Gauge [psi]
# name 14 = scan: Scan Count
# name 15 = par/sat/log: PAR/Logarithmic, Satlantic
# name 16 = flag:  0.000e+00
# span 0 =     -0.488,      9.717       
# span 1 =    11.2276,    25.8859       
# span 2 =     3.2539,    14.3992       
# span 3 =     30.902,    167.938       
# span 4 = -61.402372, 117.397277       
# span 5 =     -0.345,     61.119       
# span 6 =     -2.576,      8.473       
# span 7 = -1240.7455,  1240.2295       
# span 8 =    -2.2563,     7.7436       
# span 9 =    -3.4873,    29.9349       
# span 10 =     0.0000,     0.0303      
# span 11 =     -0.061,      0.237      
# span 12 =     -0.478,      9.528      
# span 13 =     -0.694,     13.819      
# span 14 =          1,        602      
# span 15 = -7.336e+01, 1.9203e+03      
# span 16 = 0.0000e+00, 0.0000e+00      
# interval = seconds: 0.25
# start_time = Jul 09 2018 13:48:10 [Instrument's time stamp, header]
# bad_flag = -9.990e-29
*END*
[from data line 86]
      0.219    25.7284     7.4779     91.716  48.043924     35.476      8.208   233.7566     2.2685     1.3065     0.0240     -0.002      0.214      0.311         87 1.0472e+03 0.0000e+00
      0.219    25.7282     7.4211     91.018  47.514987     35.370      8.209   232.6587     2.2483     1.3333     0.0240     -0.001      0.214      0.310         88 1.3713e+03 0.0000e+00
      0.217    25.7255     7.3713     90.406  47.039843     35.398      8.214   235.7630     2.3292     1.2259     0.0240     -0.001      0.211      0.306         89 9.3445e+02 0.0000e+00
      0.209    25.7151     7.3518     90.161  46.251197     35.316      8.215   235.1952     2.3332     1.3333     0.0240     -0.003      0.202      0.293         90 1.1123e+03 0.0000e+00
      0.192    25.7077     7.3189     89.754  45.619948     35.262      8.224   233.9459     2.3453     1.3602     0.0240     -0.009      0.187      0.272         91 1.3660e+03 0.0000e+00
      0.172    25.7068     7.3270     89.847  45.329906     35.381      8.235   232.6966     2.3251     1.3736     0.0240     -0.018      0.172      0.250         92 7.2168e+02 0.0000e+00
      0.165    25.7094     7.3454     90.066  45.051559     35.330      8.243   232.5073     2.2968     1.1856     0.0240     -0.027      0.164      0.238         93 7.2833e+02 0.0000e+00
      0.164    25.7155     7.3509     90.125  44.920008     35.359      8.248   233.6052     2.3413     1.3468     0.0240     -0.033      0.162      0.234         94 1.7281e+03 0.0000e+00
      0.165    25.7208     7.3480     90.081  44.747506     35.329      8.251   234.1730     2.3373     1.2796     0.0240     -0.034      0.162      0.234         95 1.3380e+03 0.0000e+00
      0.165    25.7233     7.3305     89.859  44.452557     35.270      8.248   234.5894     2.3251     1.2662     0.0240     -0.032      0.162      0.234         96 1.0496e+03 0.0000e+00
      0.165    25.7232     7.2986     89.457  44.144273     35.266      8.244   235.3087     2.3979     1.2528     0.0240     -0.026      0.162      0.234         97 1.2905e+03 0.0000e+00
      0.165    25.7224     7.2520     88.870  43.827631     35.265      8.240   236.1416     2.3898     1.3333     0.0240     -0.018      0.162      0.234         98 1.0566e+03 0.0000e+00
      0.164    25.7209     7.1967     88.175  43.497555     35.265      8.238   235.5737     2.4060     1.3468     0.0240     -0.009      0.161      0.233         99 1.0071e+03 0.0000e+00
      0.164    25.7185     7.1299     87.337  43.126997     35.238      8.239   233.0752     2.3736     1.2393     0.0239     -0.002      0.161      0.233        100 1.0314e+03 0.0000e+00
      0.164    25.7154     7.0637     86.508  42.746229     35.211      8.243   234.1352     2.3817     1.4945     0.0239     -0.001      0.161      0.233        101 1.1772e+03 0.0000e+00
      0.164    25.7117     6.9954     85.656  42.386247     35.213      8.245   234.3623     2.3817     1.4810     0.0239     -0.000      0.161      0.234        102 1.4422e+03 0.0000e+00
      0.164    25.7077     6.9285     84.823  42.089423     35.270      8.246   233.8702     2.3817     1.5885     0.0240     -0.000      0.161      0.234        103 1.2411e+03 0.0000e+00
      0.165    25.7026     6.8621     83.993  41.699862     35.273      8.247   233.5673     2.3817     1.5616     0.0240     -0.000      0.161      0.234        104 1.0658e+03 0.0000e+00
      0.165    25.6980     6.8011     83.231  41.232375     35.138      8.247   233.7944     2.5637     1.3602     0.0239     -0.000      0.162      0.235        105 1.2790e+03 0.0000e+00
      0.166    25.6934     6.7526     82.623  40.939308     35.196      8.248   230.9551     2.5071     1.4139     0.0239      0.001      0.163      0.236        106 1.2061e+03 0.0000e+00
      0.168    25.6864     6.7111     82.105  40.564499     35.227      8.244   231.5987     2.5192     1.3333     0.0239      0.002      0.165      0.238        107 1.0994e+03 0.0000e+00
      0.169    25.6767     6.6833     81.757  40.034585     35.147      8.236   232.6587     2.5152     1.2393     0.0239      0.002      0.165      0.240        108 1.1674e+03 0.0000e+00
      0.169    25.6654     6.6497     81.340  39.509476     35.152      8.232   234.8544     2.4424     1.3199     0.0239      0.003      0.165      0.240        109 1.1595e+03 0.0000e+00
      0.169    25.6535     6.6278     81.067  38.986858     35.104      8.231   233.7187     2.4464     1.3199     0.0239      0.003      0.165      0.240        110 1.1843e+03 0.0000e+00
      0.168    25.6422     6.6059     80.795  38.544479     35.167      8.230   233.2266     2.4950     1.2393     0.0239      0.003      0.164      0.239        111 1.0658e+03 0.0000e+00
      0.167    25.6328     6.5880     80.571  38.073279     35.065      8.229   232.8101     2.4505     1.2931     0.0239      0.002      0.162      0.235        112 1.0300e+03 0.0000e+00
      0.160    25.6233     6.5726     80.377  37.621471     35.018      8.223   231.9394     2.4545     1.2796     0.0238     -0.001      0.157      0.228        113 1.2912e+03 0.0000e+00
      0.156    25.6124     6.5554     80.159  37.223591     35.024      8.225   232.9616     2.4505     1.2931     0.0238     -0.005      0.154      0.223        114 1.3103e+03 0.0000e+00
      0.156    25.6022     6.5382     79.941  36.843594     35.031      8.225   231.0687     2.4747     1.2662     0.0238     -0.007      0.153      0.221        115 1.5147e+03 0.0000e+00
      0.155    25.5930     6.5143     79.638  36.523038     35.038      8.224   230.9551     2.4262     1.3602     0.0238     -0.008      0.152      0.220        116 1.4723e+03 0.0000e+00
      0.155    25.5856     6.4889     79.315  36.310234     35.100      8.220   232.5830     2.4343     1.2931     0.0239     -0.009      0.152      0.219        117 1.1765e+03 0.0000e+00
      0.154    25.5803     6.4699     79.071  36.121132     35.107      8.219   232.2423     2.4707     1.2931     0.0239     -0.008      0.152      0.219        118 1.1666e+03 0.0000e+00
      0.155    25.5763     6.4504     78.824  35.929285     35.057      8.220   232.9237     2.4343     1.3333     0.0238     -0.007      0.152      0.220        119 1.2620e+03 0.0000e+00
      0.155    25.5731     6.4254     78.509  35.807585     35.060      8.223   233.1509     2.4424     1.2662     0.0238     -0.004      0.152      0.220        120 1.2449e+03 0.0000e+00
      0.154    25.5701     6.4052     78.250  35.712745     35.063      8.225   232.5073     2.4626     1.2125     0.0238     -0.002      0.152      0.220        121 1.2594e+03 0.0000e+00
      0.155    25.5666     6.3796     77.924  35.646483     35.121      8.222   232.1666     2.5880     1.2662     0.0239     -0.001      0.152      0.220        122 1.2965e+03 0.0000e+00
      0.155    25.5629     6.3511     77.563  35.530503     35.123      8.222   234.7030     2.6082     1.3468     0.0239     -0.000      0.152      0.220        123 1.2775e+03 0.0000e+00
      0.154    25.5582     6.3228     77.224  35.336336     35.070      8.225   233.7944     2.5718     1.3065     0.0238     -0.000      0.151      0.219        124 1.4457e+03 0.0000e+00
      0.154    25.5521     6.2980     76.845  35.149944     35.072      8.225   234.0973     2.5799     1.2125     0.0238     -0.000      0.151      0.219        125 1.2822e+03 0.0000e+00
      0.155    25.5447     6.2838     76.533  34.939617     35.076      8.226   232.7344     2.5152     1.2931     0.0238      0.000      0.152      0.220        126 1.1900e+03 0.0000e+00
      0.155    25.5362     6.2852     76.485  34.696381     35.080      8.227   233.1130     2.5475     1.2662     0.0238     -0.000      0.152      0.220        127 1.3343e+03 0.0000e+00
      0.155    25.5281     6.3242     76.953  34.480033     35.085      8.227   235.8387     2.5111     1.3468     0.0238      0.000      0.152      0.220        128 1.1766e+03 0.0000e+00
      0.155    25.5224     6.4050     77.965  34.337341     35.091      8.233   234.9302     2.5192     1.3736     0.0238      0.000      0.153      0.221        129 1.0052e+03 0.0000e+00
      0.158    25.5153     6.5129     79.327  34.166640     35.097      8.233   235.9144     2.3858     1.2662     0.0238      0.001      0.154      0.224        130 1.0584e+03 0.0000e+00
      0.159    25.5080     6.6267     80.756  33.981312     35.101      8.235   236.6716     2.3979     1.3333     0.0238      0.002      0.156      0.226        131 1.2460e+03 0.0000e+00
      0.160    25.4971     6.7370     82.143  33.597286     34.995      8.234   235.2330     2.4262     1.2796     0.0238      0.003      0.156      0.226        132 1.3619e+03 0.0000e+00
      0.160    25.4906     6.8220     83.222  33.467042     35.000      8.237   234.9302     2.3979     1.2931     0.0238      0.003      0.156      0.226        133 1.0745e+03 0.0000e+00
      0.158    25.4920     6.8841     84.029  33.608438     35.062      8.230   236.7094     2.3575     1.3065     0.0238      0.003      0.150      0.217        134 1.1550e+03 0.0000e+00
      0.140    25.4373     6.9110     84.378  31.928732     34.958      8.204   234.8166     2.5111     1.4945     0.0238     -0.002      0.132      0.192        135 9.5027e+02 0.0000e+00
      0.105    25.3424     6.9067     84.356  29.066239     34.899      8.214   236.5959     2.5071     1.5348     0.0237     -0.016      0.105      0.152        136 1.8545e+02 0.0000e+00
      0.076    25.2942     6.8762     84.012  27.781043     34.854      8.219   240.7980     2.5314     1.5885     0.0237     -0.034      0.080      0.116        137 9.8447e+01 0.0000e+00
      0.065    25.2895     6.8534     83.743  27.983949     35.061      8.216   233.6430     2.5314     1.5482     0.0238     -0.049      0.067      0.097        138 1.5409e+02 0.0000e+00
      0.062    25.3100     6.8066     83.192  28.913953     35.093      8.225   232.9237     2.5758     1.1856     0.0238     -0.058      0.062      0.090        139 1.2651e+02 0.0000e+00
      0.062    25.3429     6.7569     82.585  30.207244     35.208      8.235   232.2423     2.5677     1.3065     0.0238     -0.061      0.060      0.088        140 1.7821e+02 0.0000e+00
      0.061    25.3725     6.7158     82.083  31.325016     35.193      8.241   232.8859     2.5799     1.2662     0.0238     -0.057      0.060      0.087        141 2.0975e+02 0.0000e+00
      0.060    25.3994     6.6724     81.548  32.319084     35.225      8.244   233.1887     2.6082     1.3468     0.0238     -0.047      0.060      0.087        142 1.8456e+02 0.0000e+00
      0.061    25.4293     6.6310     81.038  33.352091     35.205      8.248   234.1352     2.4505     1.2662     0.0238     -0.032      0.060      0.087        143 2.1517e+02 0.0000e+00
      0.064    25.4590     6.6002     80.662  34.329794     35.186      8.255   234.9302     2.4626     1.2662     0.0238     -0.014      0.063      0.092        144 3.0709e+02 0.0000e+00
      0.070    25.4741     6.5588     80.155  34.877993     35.221      8.258   236.1416     2.4586     1.3736     0.0239     -0.002      0.069      0.100        145 2.6611e+02 0.0000e+00
      0.076    25.4934     6.5202     79.680  35.439723     35.144      8.250   232.4316     2.4505     1.2393     0.0238      0.005      0.075      0.109        146 2.3844e+02 0.0000e+00
      0.084    25.5116     6.4906     79.308  36.055481     35.190      8.251   232.9994     2.5475     1.3333     0.0239      0.010      0.083      0.121        147 1.4496e+02 0.0000e+00
      0.095    25.5198     6.4571     78.878  36.318410     35.231      8.241   234.8544     2.5273     1.2528     0.0239      0.016      0.089      0.129        148 1.6375e+02 0.0000e+00
      0.092    25.5313     6.4250     78.461  36.511029     35.052      8.192   232.1287     2.5233     1.2931     0.0238      0.019      0.088      0.127        149 3.5996e+02 0.0000e+00
      0.082    25.5337     6.3924     78.036  36.512645     35.048      8.183   232.6587     2.5314     1.2931     0.0238      0.017      0.083      0.120        150 3.0791e+02 0.0000e+00
      0.081    25.5322     6.3544     77.547  36.397510     34.983      8.194   231.4473     2.3898     1.2662     0.0238      0.013      0.080      0.117        151 4.6889e+02 0.0000e+00
      0.084    25.5300     6.3171     77.071  36.277898     34.983      8.205   231.9394     2.3898     1.3871     0.0238      0.009      0.081      0.119        152 8.2124e+02 0.0000e+00
      0.085    25.5267     6.2854     76.671  36.153344     34.983      8.215   231.7880     2.3453     1.2931     0.0238      0.004      0.083      0.121        153 9.1904e+02 0.0000e+00
      0.086    25.5269     6.2594     76.341  36.070192     34.930      8.225   232.8101     2.3939     1.2662     0.0238      0.001      0.083      0.121        154 1.1514e+03 0.0000e+00
      0.082    25.5267     6.2255     75.912  36.048122     34.932      8.219   233.1509     2.4020     1.2393     0.0238     -0.003      0.081      0.117        155 1.1490e+03 0.0000e+00
      0.078    25.5246     6.1936     75.466  35.995096     34.987      8.219   232.9994     2.2685     1.3199     0.0238     -0.005      0.077      0.112        156 8.6432e+02 0.0000e+00
      0.076    25.5169     6.1768     75.170  35.703751     34.932      8.217   232.9237     2.2847     1.2931     0.0238     -0.004      0.074      0.108        157 1.1171e+03 0.0000e+00
      0.072    25.5028     6.1629     74.970  35.241483     34.933      8.230   232.1666     2.2362     1.2259     0.0238     -0.004      0.072      0.105        158 1.3007e+03 0.0000e+00
      0.074    25.4858     6.1544     74.875  34.684724     34.883      8.239   232.3937     2.2564     1.2796     0.0237     -0.006      0.072      0.104        159 1.0708e+03 0.0000e+00
      0.072    25.4672     6.1553     74.902  34.131418     34.893      8.243   232.5830     2.3332     1.2662     0.0237     -0.008      0.071      0.102        160 1.1501e+03 0.0000e+00
      0.070    25.4490     6.1585     74.958  33.614284     34.905      8.252   232.4316     2.3494     1.1856     0.0237     -0.008      0.069      0.100        161 1.2218e+03 0.0000e+00
      0.070    25.4347     6.1699     75.132  33.248556     34.918      8.264   233.2266     2.3373     1.2528     0.0237     -0.008      0.069      0.101        162 7.8503e+02 0.0000e+00
      0.075    25.4247     6.1947     75.491  33.048753     34.986      8.274   233.5673     2.3170     1.3333     0.0238     -0.004      0.072      0.105        163 2.3229e+02 0.0000e+00
      0.077    25.4156     6.2341     76.047  32.821088     34.940      8.280   233.9837     2.4586     1.3065     0.0237     -0.001      0.072      0.105        164 1.5457e+02 0.0000e+00
      0.071    25.4042     6.2644     76.493  32.532468     34.947      8.276   233.5294     2.4424     1.3736     0.0237     -0.001      0.067      0.098        165 7.4676e+02 0.0000e+00
      0.060    25.3619     6.2937     76.902  31.282943     34.870      8.277   233.1509     2.4505     1.2662     0.0237     -0.003      0.055      0.081        166 1.3083e+03 0.0000e+00
      0.040    25.2991     6.3093     77.107  29.488186     34.878      8.288   232.8101     2.4343     1.3065     0.0237     -0.011      0.040      0.059        167 1.3895e+03 0.0000e+00
      0.023    25.2745     6.3192     77.228  28.985635     34.934      8.301   232.6966     2.3817     1.2393     0.0237     -0.020      0.028      0.040        168 1.3838e+03 0.0000e+00
      0.023    25.2815     6.3198     77.275  29.452211     35.036      8.307   232.5830     2.4060     1.3199     0.0238     -0.027      0.025      0.035        169 1.3810e+03 0.0000e+00
      0.028    25.2923     6.3470     77.658  30.005385     35.051      8.314   232.7344     2.3939     1.3199     0.0238     -0.030      0.027      0.039        170 1.3888e+03 0.0000e+00
