Data/DataNotYetUploadedToEDI/Raw_CTD/RawDownloads/070920_bvr50.cnv
* Sea-Bird SBE19plus  Data File:
* FileName = C:\DATA\070920_fcr50_0003.hex
* Software version 2.8.0.119
* Temperature SN = 7809
* Conductivity SN = 7809
* System UpLoad Time = Jul 09 2020 11:58:43
* <ApplicationData>
* <Seaterm232>
# nquan = 16
# nvalues = 6905                        
# units = specified
# name 0 = depFM: Depth [fresh water, m]
# name 1 = dz/dtM: Descent Rate [m/s]
# name 2 = sbeox0ML/L: Oxygen, SBE 43 [ml/l]
# name 3 = sbeox0PS: Oxygen, SBE 43 [% saturation]
# name 4 = specc: Specific Conductance [uS/cm]
# name 5 = c0uS/cm: Conductivity [uS/cm]
# name 6 = flECO-AFL: Fluorescence, WET Labs ECO-AFL/FL [mg/m^3]
# name 7 = ph: pH
# name 8 = orp: Oxidation Reduction Potential [mV]
# name 9 = par/sat/log: PAR/Logarithmic, Satlantic
# name 10 = turbWETntu0: Turbidity, WET Labs ECO [NTU]
# name 11 = prdM: Pressure, Strain Gauge [db]
# name 12 = prdE: Pressure, Strain Gauge [psi]
# name 13 = tv290C: Temperature [ITS-90, deg C]
# name 14 = density00: Density [density, kg/m^3]
# name 15 = flag:  0.000e+00
# span 0 =     -0.748,     11.753       
# span 1 =     -0.226,      0.109       
# span 2 =     0.0290,     7.6332       
# span 3 =      0.393,    130.145       
# span 4 =      0.723,    333.285       
# span 5 =   0.742332, 236.861627       
# span 6 =    -0.9365,    11.1518       
# span 7 =      6.273,      8.926       
# span 8 = -1240.7455,   236.6860       
# span 9 = 1.2346e-01, 1.2409e+03       
# span 10 =     0.3929,    25.1587      
# span 11 =     -0.734,     11.526      
# span 12 =     -1.064,     16.717      
# span 13 =     8.9896,    28.0390      
# span 14 =   996.2390,   999.9448      
# span 15 = 0.0000e+00, 0.0000e+00      
# interval = seconds: 0.25
# start_time = Jul 08 2020 22:14:35 [Instrument's time stamp, header]
# bad_flag = -9.990e-29
*END*
[from data line 1808]
      4.436      0.009     1.9879     28.855     26.416  21.536095     3.8385      6.971   226.4587 5.3070e+00     3.2477      4.350      6.309    15.8244   999.0063 0.0000e+00
      4.438      0.009     1.9935     28.835     26.444  21.548674     3.7562      6.969   226.5619 5.2686e+00     3.1987      4.352      6.312    15.8191   999.0071 0.0000e+00
      4.441      0.009     1.9997     28.747     26.455  21.549809     3.7448      6.967   226.6488 5.2393e+00     3.1822      4.355      6.316    15.8032   999.0097 0.0000e+00
      4.443      0.010     2.0019     28.613     26.462  21.549811     3.7587      6.966   226.6485 5.2142e+00     3.1855      4.357      6.319    15.7824   999.0130 0.0000e+00
      4.445      0.011     2.0030     28.450     26.467  21.548691     3.7806      6.965   226.6445 5.2078e+00     3.2030      4.359      6.323    15.7586   999.0169 0.0000e+00
      4.448      0.012     2.0050     28.230     26.458  21.536272     3.8001      6.965   226.6874 5.2015e+00     3.2226      4.362      6.327    15.7385   999.0201 0.0000e+00
      4.451      0.014     1.9982     28.017     26.451  21.526473     3.8041      6.965   226.7365 5.1705e+00     3.2168      4.365      6.330    15.7253   999.0222 0.0000e+00
      4.455      0.015     1.9874     27.858     26.492  21.557026     3.8198      6.964   226.7216 5.1412e+00     3.2357      4.369      6.336    15.7153   999.0238 0.0000e+00
      4.459      0.015     1.9804     27.717     26.536  21.588613     3.9327      6.962   226.5080 5.1331e+00     3.2455      4.372      6.342    15.7049   999.0255 0.0000e+00
      4.464      0.014     1.9615     27.575     26.546  21.591318     4.1098      6.960   226.3909 5.1285e+00     3.1984      4.377      6.349    15.6943   999.0272 0.0000e+00
      4.469      0.013     1.9457     27.450     26.552  21.589737     4.1975      6.959   226.7677 5.1226e+00     3.1813      4.383      6.358    15.6873   999.0283 0.0000e+00
      4.472      0.012     1.9370     27.343     26.537  21.569481     4.2005      6.958   227.1059 5.1046e+00     3.2095      4.385      6.360    15.6824   999.0291 0.0000e+00
      4.473      0.011     1.9276     27.217     26.506  21.536634     4.1274      6.956   227.1243 5.0852e+00     3.2304      4.385      6.360    15.6751   999.0302 0.0000e+00
      4.474      0.011     1.9176     27.050     26.481  21.509645     3.9810      6.955   227.1627 5.0798e+00     3.2281      4.388      6.363    15.6651   999.0318 0.0000e+00
      4.477      0.012     1.9087     26.852     26.474  21.496807     3.8904      6.954   227.3120 5.0675e+00     3.2152      4.390      6.368    15.6515   999.0341 0.0000e+00
      4.481      0.013     1.9039     26.647     26.495  21.508228     3.8703      6.953   227.3810 5.0482e+00     3.2463      4.394      6.374    15.6364   999.0365 0.0000e+00
      4.485      0.013     1.8960     26.466     26.518  21.520900     3.7571      6.952   227.3095 5.0290e+00     3.2953      4.398      6.380    15.6228   999.0386 0.0000e+00
      4.490      0.013     1.8844     26.334     26.525  21.523196     3.5145      6.951   227.3067 5.0080e+00     3.2929      4.403      6.387    15.6100   999.0407 0.0000e+00
      4.493      0.012     1.8706     26.229     26.539  21.535981     3.3593      6.950   227.3469 4.9889e+00     3.2521      4.407      6.392    15.5972   999.0427 0.0000e+00
      4.495      0.012     1.8562     26.152     26.546  21.548662     3.3586      6.950   227.3660 4.9789e+00     3.2141      4.407      6.392    15.5849   999.0446 0.0000e+00
      4.496      0.012     1.8425     26.138     26.536  21.549700     3.5154      6.949   227.4522 4.9774e+00     3.2105      4.409      6.394    15.5739   999.0464 0.0000e+00
      4.499      0.011     1.8351     26.193     26.526  21.548548     3.7866      6.947   227.6150 4.9758e+00     3.2432      4.412      6.399    15.5651   999.0478 0.0000e+00
      4.504      0.011     1.8281     26.304     26.506  21.534731     3.9294      6.946   227.6993 4.9615e+00     3.2659      4.417      6.406    15.5651   999.0479 0.0000e+00
      4.508      0.011     1.8200     26.458     26.474  21.509481     3.9352      6.946   227.6108 4.9435e+00     3.2456      4.422      6.413    15.5815   999.0453 0.0000e+00
      4.511      0.011     1.8189     26.622     26.456  21.496901     3.9327      6.945   227.5776 4.9436e+00     3.2376      4.423      6.416    15.6039   999.0417 0.0000e+00
      4.512      0.011     1.8224     26.774     26.466  21.509459     3.8987      6.943   227.6420 4.9445e+00     3.2719      4.424      6.417    15.6162   999.0398 0.0000e+00
      4.514      0.011     1.8302     26.925     26.492  21.534491     3.8206      6.940   227.6149 4.9305e+00     3.3177      4.426      6.420    15.6193   999.0393 0.0000e+00
      4.517      0.012     1.8417     27.056     26.504  21.545915     3.7609      6.938   227.5944 4.9134e+00     3.3101      4.429      6.425    15.6198   999.0392 0.0000e+00
      4.521      0.013     1.8543     27.151     26.478  21.520760     3.7297      6.936   227.6518 4.9034e+00     3.2487      4.432      6.430    15.6232   999.0387 0.0000e+00
      4.524      0.015     1.8630     27.236     26.443  21.483990     3.5582      6.935   227.7064 4.8987e+00     3.2624      4.436      6.434    15.6320   999.0373 0.0000e+00
      4.527      0.015     1.8740     27.295     26.455  21.481810     3.2321      6.935   227.8243 4.8955e+00     3.3040      4.439      6.437    15.6424   999.0357 0.0000e+00
      4.531      0.014     1.8844     27.318     26.485  21.494380     3.0391      6.934   227.9591 4.8779e+00     3.2361      4.443      6.443    15.6466   999.0350 0.0000e+00
      4.536      0.014     1.8888     27.317     26.514  21.509133     3.0172      6.933   228.0451 4.8448e+00     3.1628      4.450      6.453    15.6385   999.0364 0.0000e+00
      4.540      0.014     1.8972     27.283     26.548  21.533344     3.0344      6.931   228.1762 4.8289e+00     3.2074      4.454      6.459    15.6207   999.0392 0.0000e+00
      4.542      0.013     1.9023     27.215     26.550  21.533467     3.0650      6.929   228.2541 4.8194e+00     3.2942      4.454      6.460    15.5969   999.0429 0.0000e+00
      4.544      0.012     1.9040     27.110     26.523  21.510618     3.0827      6.927   228.2126 4.8030e+00     3.3207      4.456      6.463    15.5720   999.0469 0.0000e+00
      4.547      0.011     1.9056     26.964     26.525  21.510733     3.0956      6.926   228.2759 4.7909e+00     3.2871      4.460      6.468    15.5549   999.0496 0.0000e+00
      4.552      0.011     1.9031     26.803     26.557  21.534851     3.1828      6.926   228.4176 4.7759e+00     3.2653      4.465      6.474    15.5488   999.0505 0.0000e+00
      4.556      0.012     1.8986     26.665     26.577  21.548564     3.3359      6.925   228.4635 4.7533e+00     3.2634      4.468      6.480    15.5487   999.0506 0.0000e+00
      4.558      0.013     1.8916     26.555     26.579  21.549706     3.4116      6.924   228.4862 4.7286e+00     3.2294      4.470      6.483    15.5475   999.0508 0.0000e+00
      4.560      0.014     1.8810     26.485     26.578  21.548666     3.4111      6.923   228.6069 4.7121e+00     3.1969      4.472      6.486    15.5444   999.0513 0.0000e+00
      4.563      0.015     1.8681     26.483     26.564  21.535984     3.4151      6.921   228.7177 4.6950e+00     3.2145      4.474      6.489    15.5402   999.0520 0.0000e+00
      4.567      0.015     1.8593     26.518     26.554  21.523198     3.4220      6.921   228.7073 4.6596e+00     3.2356      4.478      6.494    15.5358   999.0527 0.0000e+00
      4.573      0.015     1.8517     26.557     26.563  21.520893     3.4280      6.920   228.7383 4.6238e+00     3.2124      4.484      6.503    15.5332   999.0532 0.0000e+00
      4.578      0.015     1.8450     26.618     26.558  21.508108     3.4205      6.917   228.8349 4.6141e+00     3.1737      4.489      6.513    15.5354   999.0529 0.0000e+00
      4.582      0.014     1.8462     26.685     26.553  21.495427     3.3885      6.915   228.8430 4.6173e+00     3.1464      4.494      6.517    15.5369   999.0526 0.0000e+00
      4.584      0.012     1.8505     26.682     26.559  21.494377     3.2709      6.915   228.5779 4.6224e+00     3.1569      4.496      6.521    15.5254   999.0544 0.0000e+00
      4.586      0.011     1.8528     26.625     26.560  21.495416     3.0762      6.915   228.2113 4.6243e+00     3.1975      4.497      6.523    15.5059   999.0575 0.0000e+00
      4.588      0.012     1.8571     26.564     26.569  21.507983     2.9704      6.914   228.1966 4.6168e+00     3.1910      4.499      6.526    15.4875   999.0604 0.0000e+00
      4.590      0.015     1.8671     26.477     26.575  21.519513     2.9641      6.912   228.6578 4.6092e+00     3.1469      4.501      6.528    15.4705   999.0630 0.0000e+00
      4.594      0.017     1.8656     26.369     26.558  21.507993     2.9811      6.911   229.2277 4.5951e+00     3.1452      4.503      6.531    15.4590   999.0649 0.0000e+00
      4.599      0.019     1.8589     26.249     26.547  21.495529     3.0140      6.910   229.4085 4.5606e+00     3.2045      4.509      6.539    15.4579   999.0651 0.0000e+00
      4.607      0.019     1.8571     26.129     26.557  21.495634     3.0281      6.910   229.2955 4.5201e+00     3.2455      4.518      6.553    15.4706   999.0631 0.0000e+00
      4.613      0.019     1.8486     26.046     26.585  21.509252     3.0176      6.909   229.1511 4.4968e+00     3.2287      4.525      6.563    15.4883   999.0604 0.0000e+00
      4.617      0.018     1.8413     26.008     26.624  21.533342     3.0871      6.908   229.0398 4.4780e+00     3.2417      4.529      6.568    15.4927   999.0597 0.0000e+00
      4.620      0.017     1.8333     25.982     26.631  21.533237     3.2586      6.906   228.9823 4.4661e+00     3.2998      4.531      6.572    15.4835   999.0611 0.0000e+00
      4.623      0.015     1.8239     25.915     26.607  21.507987     3.3653      6.905   229.0582 4.4625e+00     3.3140      4.533      6.575    15.4669   999.0638 0.0000e+00
      4.627      0.015     1.8189     25.805     26.582  21.481688     3.3749      6.904   229.2686 4.4410e+00     3.2416      4.538      6.581    15.4487   999.0666 0.0000e+00
      4.632      0.015     1.8170     25.674     26.573  21.468912     3.4327      6.903   229.3761 4.4205e+00     3.1450      4.543      6.589    15.4353   999.0687 0.0000e+00
      4.637      0.015     1.8181     25.502     26.594  21.480329     3.5582      6.902   229.3246 4.4202e+00     3.1421      4.548      6.595    15.4247   999.0704 0.0000e+00
      4.641      0.015     1.8136     25.284     26.616  21.492898     3.6335      6.900   229.2482 4.4199e+00     3.2062      4.551      6.601    15.4142   999.0720 0.0000e+00
      4.644      0.014     1.8048     25.073     26.622  21.494049     3.6368      6.899   229.2276 4.4057e+00     3.2330      4.554      6.605    15.4031   999.0738 0.0000e+00
      4.648      0.013     1.7973     24.870     26.627  21.494249     3.6080      6.898   229.3336 4.3797e+00     3.2263      4.558      6.610    15.3919   999.0755 0.0000e+00
      4.650      0.013     1.7865     24.645     26.634  21.495299     3.4382      6.898   229.4965 4.3532e+00     3.2273      4.560      6.614    15.3820   999.0771 0.0000e+00
      4.652      0.014     1.7691     24.455     26.654  21.506735     3.1477      6.897   229.5628 4.3366e+00     3.2459      4.562      6.618    15.3723   999.0786 0.0000e+00
      4.655      0.015     1.7543     24.343     26.659  21.505698     2.9950      6.895   229.7050 4.3285e+00     3.2452      4.565      6.621    15.3649   999.0798 0.0000e+00
      4.660      0.015     1.7431     24.255     26.634  21.482752     2.9750      6.893   229.9257 4.3231e+00     3.2192      4.569      6.627    15.3589   999.0807 0.0000e+00
      4.665      0.015     1.7246     24.178     26.637  21.482952     2.9439      6.892   229.9947 4.3134e+00     3.2399      4.574      6.635    15.3501   999.0821 0.0000e+00
      4.669      0.015     1.7098     24.154     26.668  21.508108     2.9144      6.891   230.0221 4.2939e+00     3.2895      4.579      6.642    15.3401   999.0837 0.0000e+00
      4.674      0.014     1.7053     24.159     26.697  21.533254     2.8953      6.890   229.8264 4.2737e+00     3.2700      4.584      6.649    15.3315   999.0850 0.0000e+00
      4.677      0.012     1.7002     24.174     26.695  21.533349     2.8748      6.890   229.5223 4.2689e+00     3.2098      4.587      6.653    15.3242   999.0862 0.0000e+00
      4.679      0.010     1.6915     24.204     26.665  21.509250     2.8670      6.889   229.7011 4.2735e+00     3.1793      4.588      6.655    15.3203   999.0868 0.0000e+00
      4.680      0.010     1.6921     24.223     26.649  21.495530     2.8773      6.889   230.0085 4.2751e+00     3.2103      4.590      6.657    15.3221   999.0865 0.0000e+00
      4.683      0.010     1.6930     24.230     26.648  21.494293     2.8938      6.888   230.0558 4.2673e+00     3.2762      4.592      6.660    15.3265   999.0859 0.0000e+00
      4.685      0.011     1.6922     24.255     26.647  21.494293     2.8949      6.886   229.7568 4.2554e+00     3.2889      4.594      6.663    15.3290   999.0855 0.0000e+00
      4.688      0.012     1.6969     24.308     26.648  21.495531     2.8627      6.884   229.2324 4.2580e+00     3.2611      4.597      6.668    15.3284   999.0856 0.0000e+00
      4.692      0.012     1.6972     24.342     26.667  21.509260     2.8281      6.883   229.3081 4.2566e+00     3.2495      4.601      6.674    15.3269   999.0858 0.0000e+00
      4.696      0.012     1.6974     24.355     26.702  21.533463     2.8205      6.883   229.8984 4.2443e+00     3.2507      4.606      6.680    15.3267   999.0859 0.0000e+00
      4.700      0.012     1.6975     24.371     26.710  21.534504     2.8089      6.882   230.1748 4.2465e+00     3.2419      4.609      6.685    15.3279   999.0857 0.0000e+00
      4.702      0.011     1.7042     24.356     26.700  21.521841     2.7550      6.881   230.1542 4.2440e+00     3.2122      4.611      6.687    15.3301   999.0854 0.0000e+00
      4.704      0.011     1.7064     24.300     26.685  21.507176     2.6925      6.880   230.0793 4.2256e+00     3.2003      4.613      6.690    15.3294   999.0856 0.0000e+00
      4.706      0.012     1.7051     24.212     26.657  21.484014     2.6831      6.879   230.0438 4.2121e+00     3.2344      4.616      6.693    15.3193   999.0871 0.0000e+00
      4.709      0.013     1.7100     24.087     26.672  21.495440     2.6989      6.879   230.0685 4.2026e+00     3.2811      4.618      6.698    15.3067   999.0891 0.0000e+00
      4.713      0.015     1.7082     23.926     26.702  21.518499     2.6927      6.878   230.1208 4.1965e+00     3.2853      4.622      6.704    15.2991   999.0902 0.0000e+00
      4.717      0.016     1.7044     23.759     26.694  21.509161     2.7130      6.876   230.2457 4.1880e+00     3.2852      4.626      6.709    15.2934   999.0912 0.0000e+00
      4.722      0.016     1.6985     23.620     26.702  21.509371     2.7824      6.875   230.2885 4.1693e+00     3.3140      4.630      6.715    15.2907   999.0916 0.0000e+00
      4.727      0.015     1.6898     23.500     26.723  21.521023     2.8155      6.873   229.9495 4.1476e+00     3.2901      4.635      6.723    15.2927   999.0913 0.0000e+00
      4.731      0.014     1.6780     23.386     26.730  21.523217     2.8087      6.871   229.4163 4.1309e+00     3.2366      4.641      6.731    15.2926   999.0914 0.0000e+00
      4.735      0.013     1.6647     23.286     26.748  21.535891     2.8722      6.869   229.4343 4.1218e+00     3.2168      4.644      6.735    15.2849   999.0925 0.0000e+00
      4.737      0.013     1.6566     23.197     26.765  21.547439     3.0013      6.868   229.9087 4.1201e+00     3.2217      4.645      6.737    15.2728   999.0944 0.0000e+00
