Data/DataNotYetUploadedToEDI/Raw_CTD/RawDownloads/070918_FCR50.cnv
* Sea-Bird SBE19plus  Data File:
* FileName = C:\DATA\070918_FCR50_0001.hex
* Software version 2.6.3.104
* Temperature SN = 7809
* Conductivity SN = 7809
* System UpLoad Time = Jul 09 2018 10:04:35
* <ApplicationData>
* <Seaterm232>
# nquan = 17
# nvalues = 602                         
# units = specified
# name 0 = depFM: Depth [fresh water, m]
# name 1 = tv290C: Temperature [ITS-90, deg C]
# name 2 = sbeox0Mg/L: Oxygen, SBE 43 [mg/l]
# name 3 = sbeox0PS: Oxygen, SBE 43 [% saturation]
# name 4 = c0uS/cm: Conductivity [uS/cm]
# name 5 = specc: Specific Conductance [uS/cm]
# name 6 = ph: pH
# name 7 = orp: Oxidation Reduction Potential [mV]
# name 8 = flECO-AFL: Fluorescence, WET Labs ECO-AFL/FL [mg/m^3]
# name 9 = turbWETntu0: Turbidity, WET Labs ECO [NTU]
# name 10 = sal00: Salinity, Practical [PSU]
# name 11 = dz/dtM: Descent Rate [m/s]
# name 12 = prdM: Pressure, Strain Gauge [db]
# name 13 = prdE: Pressure, Strain Gauge [psi]
# name 14 = scan: Scan Count
# name 15 = par/sat/log: PAR/Logarithmic, Satlantic
# name 16 = flag:  0.000e+00
# span 0 =     -0.488,      9.717       
# span 1 =    11.2276,    25.8859       
# span 2 =     3.2539,    14.3992       
# span 3 =     30.902,    167.938       
# span 4 = -61.402372, 117.397277       
# span 5 =     -0.345,     61.119       
# span 6 =     -2.576,      8.473       
# span 7 = -1240.7455,  1240.2295       
# span 8 =    -2.2563,     7.7436       
# span 9 =    -3.4873,    29.9349       
# span 10 =     0.0000,     0.0303      
# span 11 =     -0.061,      0.237      
# span 12 =     -0.478,      9.528      
# span 13 =     -0.694,     13.819      
# span 14 =          1,        602      
# span 15 = -7.336e+01, 1.9203e+03      
# span 16 = 0.0000e+00, 0.0000e+00      
# interval = seconds: 0.25
# start_time = Jul 09 2018 13:48:10 [Instrument's time stamp, header]
# bad_flag = -9.990e-29
*END*
[from data line 341]
      3.167    16.5655     5.4411     55.377 -52.529551     39.055      7.528   267.9795     4.7917     1.0379     0.0228      0.102      3.102      4.500        342 5.5214e+01 0.0000e+00
      3.170    16.5902     5.4276     55.250 -48.786558     39.123      7.504   268.8124     4.7675     1.0648     0.0228      0.085      3.111      4.512        343 5.5003e+01 0.0000e+00
      3.181    16.5880     5.4069     55.052 -46.051333     39.036      7.491   268.6988     4.6057     1.0111     0.0228      0.072      3.121      4.527        344 5.4503e+01 0.0000e+00
      3.196    16.5335     5.3893     54.808 -44.856512     39.013      7.479   268.8503     4.5936     1.0379     0.0228      0.063      3.134      4.545        345 5.4120e+01 0.0000e+00
      3.208    16.4876     5.3722     54.340 -43.384490     39.147      7.465   270.7053     4.6017     1.0648     0.0228      0.056      3.146      4.564        346 5.3561e+01 0.0000e+00
      3.222    16.4469     5.3653     53.923 -41.975702     39.067      7.454   270.8945     4.6138     1.0648     0.0228      0.052      3.157      4.580        347 5.3418e+01 0.0000e+00
      3.228    16.3892     5.3529     53.527 -41.046332     39.110      7.439   270.2510     4.5896     1.0245     0.0228      0.046      3.167      4.594        348 5.3320e+01 0.0000e+00
      3.238    16.3853     5.3218     53.010 -38.515386     39.213      7.427   270.5917     4.7149     1.1319     0.0228      0.043      3.179      4.612        349 5.2363e+01 0.0000e+00
      3.262    16.3337     5.2670     52.295 -37.518089     39.273      7.418   270.0238     4.7109     1.1319     0.0228      0.046      3.198      4.639        350 5.1386e+01 0.0000e+00
      3.284    16.2216     5.1855     51.328 -38.219273     39.341      7.404   270.5160     4.7149     1.0916     0.0228      0.052      3.216      4.664        351 5.1087e+01 0.0000e+00
      3.290    16.2060     5.0679     50.080 -36.158268     39.453      7.389   272.2953     4.7311     1.1185     0.0229      0.054      3.225      4.676        352 5.1065e+01 0.0000e+00
      3.290    16.2200     4.9411     48.785 -33.412874     39.437      7.375   272.7117     4.5127     1.0782     0.0228      0.051      3.227      4.681        353 5.1069e+01 0.0000e+00
      3.292    16.2290     4.8156     47.447 -30.826245     39.509      7.364   273.2796     4.5127     1.0916     0.0228      0.046      3.230      4.686        354 5.1047e+01 0.0000e+00
      3.298    16.1674     4.6699     45.891 -30.336236     39.501      7.353   273.4688     4.5289     1.1453     0.0228      0.041      3.245      4.706        355 4.9925e+01 0.0000e+00
      3.337    15.9194     4.5301     44.462 -35.244193     39.558      7.337   274.3396     4.5208     0.9708     0.0229      0.045      3.279      4.755        356 4.7596e+01 0.0000e+00
      3.395    15.6186     4.4131     43.296 -41.510346     39.544      7.317   275.4753     3.7727     1.0379     0.0228      0.058      3.325      4.822        357 4.6040e+01 0.0000e+00
      3.435    15.3814     4.3079     42.197 -45.631717     39.927      7.297   274.5667     3.7768     1.0648     0.0229      0.074      3.367      4.883        358 4.4912e+01 0.0000e+00
      3.471    15.2016     4.2313     41.287 -47.950869     40.291      7.280   275.7781     3.7687     1.1722     0.0229      0.094      3.405      4.938        359 4.3591e+01 0.0000e+00
      3.510    15.0495     4.1725     40.550 -49.429373     40.597      7.268   275.6267     3.7606     1.1991     0.0230      0.118      3.441      4.991        360 4.2310e+01 0.0000e+00
      3.546    14.9102     4.1180     39.916 -50.428060     40.883      7.254   276.3460     3.6757     0.8231     0.0230      0.139      3.473      5.037        361 4.1456e+01 0.0000e+00
      3.567    14.8319     4.0682     39.317 -49.642782     41.176      7.241   276.9138     3.6797     0.8365     0.0231      0.148      3.494      5.067        362 4.1401e+01 0.0000e+00
      3.573    14.7899     4.0030     38.544 -47.993854     41.252      7.227   277.0653     3.7121     0.8634     0.0231      0.142      3.510      5.090        363 4.0937e+01 0.0000e+00
      3.599    14.6941     3.9089     37.475 -47.872357     41.333      7.211   275.2103     3.7161     0.8365     0.0231      0.126      3.537      5.129        364 3.9348e+01 0.0000e+00
      3.650    14.5759     3.8069     36.377 -48.154501     41.725      7.196   276.6110     3.5827     1.0916     0.0232      0.116      3.573      5.182        365 3.8136e+01 0.0000e+00
      3.679    14.5180     3.6887     35.186 -46.791909     42.003      7.174   275.9296     3.5706     1.0648     0.0233      0.112      3.601      5.222        366 3.8116e+01 0.0000e+00
      3.684    14.4986     3.5692     34.040 -44.548056     42.131      7.162   277.7089     3.5544     1.0648     0.0233      0.105      3.617      5.246        367 3.7746e+01 0.0000e+00
      3.704    14.4236     3.4594     32.990 -44.016390     42.085      7.151   277.8981     3.5706     1.0782     0.0233      0.097      3.638      5.276        368 3.6785e+01 0.0000e+00
      3.742    14.2478     3.3614     32.006 -46.235472     42.210      7.137   278.0496     3.5706     1.1185     0.0233      0.098      3.672      5.326        369 3.5681e+01 0.0000e+00
      3.788    14.0680     3.2919     31.287 -48.323677     42.573      7.120   277.7846     3.5463     0.9574     0.0235      0.107      3.711      5.383        370 3.4715e+01 0.0000e+00
      3.823    13.9445     3.2544     30.905 -48.863897     42.908      7.103   277.5196     3.5503     0.8902     0.0235      0.116      3.746      5.433        371 3.4095e+01 0.0000e+00
      3.848    13.8137     3.2539     30.902 -49.586963     43.181      7.091   277.6331     3.5463     0.8231     0.0236      0.117      3.776      5.476        372 3.3357e+01 0.0000e+00
      3.881    13.6423     3.2688     31.040 -51.319941     43.635      7.073   278.1631     3.5867     0.9036     0.0237      0.117      3.808      5.522        373 3.2489e+01 0.0000e+00
      3.920    13.4502     3.3053     31.399 -53.659762     43.858      7.055   278.6931     3.5706     0.8097     0.0238      0.126      3.842      5.571        374 3.1722e+01 0.0000e+00
      3.951    13.2996     3.3462     31.757 -54.779464     44.193      7.040   279.7910     3.5503     0.8365     0.0239      0.134      3.871      5.615        375 3.1141e+01 0.0000e+00
      3.973    13.2229     3.3862     32.093 -53.808296     44.383      7.024   280.2074     3.5625     0.8097     0.0239      0.133      3.893      5.647        376 3.0778e+01 0.0000e+00
      3.987    13.2133     3.4175     32.377 -51.011632     44.592      7.010   279.8289     3.5342     0.8097     0.0239      0.122      3.908      5.667        377 3.0616e+01 0.0000e+00
      3.993    13.2074     3.4450     32.633 -48.199359     44.609      6.992   280.0939     3.5099     1.0648     0.0239      0.107      3.918      5.682        378 3.0348e+01 0.0000e+00
      4.006    13.1413     3.4487     32.686 -47.170818     44.692      6.982   280.0939     3.5099     1.0782     0.0239      0.094      3.931      5.700        379 2.9953e+01 0.0000e+00
      4.024    13.0579     3.4377     32.562 -46.623560     44.696      6.969   280.0939     3.4735     1.1051     0.0239      0.083      3.945      5.720        380 2.9689e+01 0.0000e+00
      4.035    13.0232     3.4222     32.342 -44.680882     44.960      6.956   282.8196     3.4937     1.0379     0.0240      0.069      3.954      5.735        381 2.9600e+01 0.0000e+00
      4.036    13.0214     3.4252     32.242 -41.999611     44.948      6.941   282.4031     3.5625     1.3199     0.0240      0.055      3.958      5.741        382 2.9548e+01 0.0000e+00
      4.038    13.0219     3.4264     32.099 -39.341681     44.992      6.926   283.0846     3.5787     1.2662     0.0240      0.043      3.960      5.744        383 2.9494e+01 0.0000e+00
      4.040    13.0328     3.4500     32.196 -36.434318     44.988      6.916   283.5389     3.5544     1.3333     0.0240      0.035      3.965      5.750        384 2.9376e+01 0.0000e+00
      4.049    12.9934     3.5024     32.600 -35.079133     44.994      6.906   282.9332     3.5463     1.3602     0.0240      0.030      3.976      5.766        385 2.8831e+01 0.0000e+00
      4.076    12.9347     3.6206     33.665 -34.208751     45.085      6.897   283.0846     3.6070     1.3333     0.0240      0.032      3.992      5.790        386 2.8405e+01 0.0000e+00
      4.085    12.9140     3.8519     35.791 -32.325665     45.245      6.879   285.8103     3.6191     1.2931     0.0241      0.033      4.003      5.805        387 2.8405e+01 0.0000e+00
      4.083    12.9126     4.1431     38.472 -30.084769     45.207      6.866   286.1132     3.6474     1.2931     0.0240      0.031      4.005      5.809        388 2.8514e+01 0.0000e+00
      4.084    12.9315     4.4994     41.759 -27.309797     45.227      6.854   287.6275     3.6434     1.1856     0.0240      0.031      4.010      5.816        389 2.8308e+01 0.0000e+00
      4.100    12.9064     4.8674     45.174 -25.786224     45.308      6.845   286.4160     3.6191     1.1991     0.0241      0.034      4.030      5.845        390 2.7435e+01 0.0000e+00
      4.146    12.8043     5.2213     48.440 -26.635838     45.205      6.830   287.0974     3.5625     1.3065     0.0240      0.045      4.066      5.898        391 2.6541e+01 0.0000e+00
      4.192    12.6277     5.5463     51.399 -29.629225     44.980      6.816   286.4917     3.5625     1.3468     0.0239      0.062      4.110      5.962        392 2.5838e+01 0.0000e+00
      4.236    12.4176     5.8140     53.825 -33.494684     44.915      6.803   287.5517     3.5625     1.3199     0.0238      0.081      4.155      6.026        393 2.5054e+01 0.0000e+00
      4.283    12.2449     6.0144     55.599 -36.314831     44.607      6.783   288.3846     3.5746     1.3199     0.0236      0.102      4.198      6.089        394 2.4168e+01 0.0000e+00
      4.324    12.1336     6.1571     56.791 -36.967720     44.935      6.770   289.3310     3.6231     1.2796     0.0237      0.128      4.233      6.140        395 2.3698e+01 0.0000e+00
      4.342    12.0836     6.2713     57.719 -35.694456     45.404      6.755   289.8989     3.6272     1.3871     0.0238      0.145      4.253      6.169        396 2.3686e+01 0.0000e+00
      4.344    12.0559     6.3606     58.463 -34.115971     45.430      6.747   290.6939     3.6272     1.3333     0.0238      0.145      4.261      6.181        397 2.3609e+01 0.0000e+00
      4.351    12.0262     6.4547     59.267 -32.611765     45.412      6.740   291.0346     3.6191     1.2931     0.0238      0.130      4.269      6.192        398 2.3493e+01 0.0000e+00
      4.363    12.0049     6.5763     60.318 -30.851172     45.523      6.731   289.5203     3.4169     1.2662     0.0238      0.106      4.283      6.212        399 2.3090e+01 0.0000e+00
      4.388    12.0023     6.6915     61.308 -28.686290     45.483      6.725   290.5425     3.4129     1.2931     0.0238      0.086      4.304      6.242        400 2.2574e+01 0.0000e+00
      4.415    11.9854     6.8173     62.420 -26.999581     45.511      6.715   290.2775     3.4371     1.3333     0.0238      0.073      4.328      6.277        401 2.2160e+01 0.0000e+00
      4.437    11.9398     6.9427     63.537 -26.177372     45.437      6.706   290.1260     3.4452     1.3602     0.0237      0.065      4.349      6.308        402 2.1798e+01 0.0000e+00
      4.453    11.8934     7.0645     64.607 -25.348863     45.533      6.699   291.2996     3.3603     1.4139     0.0238      0.064      4.366      6.333        403 2.1705e+01 0.0000e+00
      4.464    11.8294     7.1749     65.575 -25.053592     45.591      6.691   291.2996     3.3401     1.4273     0.0238      0.068      4.386      6.361        404 2.1268e+01 0.0000e+00
      4.502    11.7320     7.2885     66.584 -25.732725     45.647      6.677   290.6560     3.3603     1.4676     0.0238      0.078      4.418      6.407        405 2.0387e+01 0.0000e+00
      4.549    11.6382     7.3735     67.352 -26.265123     45.726      6.664   291.2239     3.3684     1.5616     0.0238      0.092      4.454      6.461        406 1.9893e+01 0.0000e+00
      4.573    11.5787     7.4424     67.972 -25.834449     45.848      6.650   291.4510     3.4412     2.0182     0.0238      0.100      4.482      6.502        407 1.9694e+01 0.0000e+00
      4.590    11.5349     7.5110     68.588 -24.962739     45.967      6.643   291.3753     3.4129     1.9376     0.0238      0.102      4.503      6.533        408 1.9303e+01 0.0000e+00
      4.616    11.4866     7.5514     68.947 -24.267563     46.040      6.635   292.4353     3.4210     1.8705     0.0238      0.104      4.528      6.568        409 1.8741e+01 0.0000e+00
      4.648    11.4401     7.5995     69.374 -23.516582     46.096      6.629   292.7382     3.4412     1.9376     0.0238      0.108      4.557      6.610        410 1.8302e+01 0.0000e+00
      4.678    11.4113     7.6298     69.646 -22.283290     46.233      6.618   292.2839     3.4250     1.9913     0.0239      0.112      4.588      6.655        411 1.7812e+01 0.0000e+00
      4.712    11.3896     7.6452     69.787 -20.952678     46.216      6.613   292.2839     3.1339     2.9178     0.0238      0.115      4.621      6.701        412 1.7226e+01 0.0000e+00
      4.746    11.3601     7.6528     69.853 -19.886677     46.252      6.603   292.8139     3.1096     2.8641     0.0238      0.113      4.651      6.746        413 1.6750e+01 0.0000e+00
      4.770    11.3318     7.6513     69.835 -18.768389     46.279      6.597   293.4575     3.1096     2.9715     0.0238      0.112      4.675      6.781        414 1.6351e+01 0.0000e+00
      4.788    11.3139     7.6368     69.705 -17.407819     46.394      6.592   293.8739     3.1258     3.0790     0.0239      0.113      4.692      6.806        415 1.6250e+01 0.0000e+00
      4.795    11.3076     7.6251     69.604 -15.804364     46.353      6.580   293.8739     3.0085     3.5624     0.0238      0.108      4.706      6.825        416 1.6151e+01 0.0000e+00
      4.812    11.3020     7.6159     69.521 -14.210622     46.454      6.576   294.8960     2.9681     3.5758     0.0239      0.098      4.725      6.853        417 1.5639e+01 0.0000e+00
      4.847    11.2949     7.6102     69.463 -12.741811     46.384      6.571   295.2746     2.9721     3.5355     0.0238      0.092      4.755      6.897        418 1.4995e+01 0.0000e+00
      4.887    11.2883     7.5759     69.150 -11.276697     46.468      6.563   295.7668     2.9721     3.5758     0.0239      0.091      4.791      6.949        419 1.4386e+01 0.0000e+00
      4.923    11.2811     7.5794     69.186  -9.869323     46.477      6.553   295.4639     2.9802     4.1801     0.0239      0.095      4.824      6.997        420 1.3960e+01 0.0000e+00
      4.947    11.2783     7.5735     69.134  -8.443593     46.486      6.546   295.7668     2.9640     4.2338     0.0239      0.099      4.850      7.035        421 1.3821e+01 0.0000e+00
      4.967    11.2786     7.5735     69.132  -6.984452     46.418      6.542   296.3346     3.0166     4.1264     0.0238      0.104      4.878      7.075        422 1.3241e+01 0.0000e+00
      5.012    11.2763     7.5672     69.075  -5.588978     46.499      6.530   299.2496     2.9721     4.1935     0.0239      0.115      4.915      7.128        423 1.2328e+01 0.0000e+00
      5.056    11.2737     7.5569     68.981  -4.266159     46.498      6.520   298.9089     2.6931     4.6366     0.0239      0.127      4.950      7.180        424 1.1998e+01 0.0000e+00
      5.075    11.2753     7.5523     68.939  -2.955459     46.424      6.515   299.0982     2.7133     4.6769     0.0238      0.129      4.975      7.215        425 1.1931e+01 0.0000e+00
