Data/DataNotYetUploadedToEDI/Raw_CTD/RawDownloads/070918_fcr45.cnv
* Sea-Bird SBE19plus  Data File:
* FileName = C:\DATA\070918_fcr_0004.hex
* Software version 2.6.3.104
* Temperature SN = 7809
* Conductivity SN = 7809
* System UpLoad Time = Jul 10 2018 08:12:53
* <ApplicationData>
* <Seaterm232>
# nquan = 17
# nvalues = 244                         
# units = specified
# name 0 = depFM: Depth [fresh water, m]
# name 1 = tv290C: Temperature [ITS-90, deg C]
# name 2 = sbeox0Mg/L: Oxygen, SBE 43 [mg/l]
# name 3 = sbeox0PS: Oxygen, SBE 43 [% saturation]
# name 4 = c0uS/cm: Conductivity [uS/cm]
# name 5 = specc: Specific Conductance [uS/cm]
# name 6 = ph: pH
# name 7 = orp: Oxidation Reduction Potential [mV]
# name 8 = flECO-AFL: Fluorescence, WET Labs ECO-AFL/FL [mg/m^3]
# name 9 = turbWETntu0: Turbidity, WET Labs ECO [NTU]
# name 10 = sal00: Salinity, Practical [PSU]
# name 11 = dz/dtM: Descent Rate [m/s]
# name 12 = prdM: Pressure, Strain Gauge [db]
# name 13 = prdE: Pressure, Strain Gauge [psi]
# name 14 = scan: Scan Count
# name 15 = par/sat/log: PAR/Logarithmic, Satlantic
# name 16 = flag:  0.000e+00
# span 0 =     -0.495,      7.248       
# span 1 =    11.1605,    26.7491       
# span 2 =     6.9647,    10.5057       
# span 3 =     63.421,    105.117       
# span 4 =   0.945125,  35.482367       
# span 5 =      0.986,     46.383       
# span 6 =      6.187,      8.645       
# span 7 =  -414.0567,   261.1652       
# span 8 =    -2.4666,    11.2454       
# span 9 =    -4.9778,    32.5130       
# span 10 =     0.0108,     0.0245      
# span 11 =     -0.016,      0.236      
# span 12 =     -0.486,      7.107      
# span 13 =     -0.704,     10.307      
# span 14 =          1,        244      
# span 15 = 1.0858e+00, 2.9175e+03      
# span 16 = 0.0000e+00, 0.0000e+00      
# interval = seconds: 0.25
# start_time = Jul 09 2018 17:11:49 [Instrument's time stamp, header]
# bad_flag = -9.990e-29
*END*
[from data line 171]
      4.240    14.7277     8.5680     80.818  34.446193     42.738      7.283   232.6966     3.6231     1.5885     0.0239      0.233      4.160      6.034        172 4.6713e+01 0.0000e+00
      4.286    14.5059     7.8645     73.188  34.678565     43.395      7.261   232.8101     3.6150     1.4945     0.0240      0.227      4.204      6.097        173 4.5398e+01 0.0000e+00
      4.333    14.2880     7.3856     68.207  34.782505     43.763      7.240   233.7566     3.6231     1.5079     0.0241      0.218      4.249      6.162        174 4.4110e+01 0.0000e+00
      4.379    14.1228     7.1049     65.331  34.880455     44.146      7.218   233.7187     3.6231     1.4945     0.0242      0.212      4.293      6.227        175 4.2914e+01 0.0000e+00
      4.422    14.0301     7.0310     64.492  35.001642     44.541      7.194   234.2866     3.6150     1.5616     0.0243      0.203      4.335      6.287        176 4.1809e+01 0.0000e+00
      4.459    14.0241     7.1360     65.364  35.046998     44.793      7.176   234.4380     3.6150     1.5213     0.0243      0.188      4.372      6.340        177 4.0901e+01 0.0000e+00
      4.492    14.0031     7.3444     67.216  35.328275     45.230      7.158   234.5894     3.6555     1.4676     0.0245      0.171      4.406      6.389        178 4.0239e+01 0.0000e+00
      4.526    13.8707     7.6600     70.060  35.363439     45.371      7.144   234.8544     3.6514     1.4676     0.0245      0.162      4.442      6.442        179 3.9031e+01 0.0000e+00
      4.571    13.7348     7.8001     71.316  35.448127     45.327      7.122   235.5737     3.6272     1.5213     0.0245      0.159      4.484      6.503        180 3.7699e+01 0.0000e+00
      4.619    13.4157     7.7786     71.097  35.222905     45.479      7.106   235.9902     3.5867     2.7298     0.0245      0.157      4.530      6.569        181 3.6556e+01 0.0000e+00
      4.666    12.7323     7.6379     69.795  33.953304     43.663      7.087   237.2016     3.5787     2.7164     0.0237      0.158      4.577      6.638        182 3.5085e+01 0.0000e+00
      4.716    12.1229     7.4712     68.258  33.498994     43.671      7.069   237.8452     3.5746     2.6224     0.0236      0.162      4.625      6.708        183 3.3813e+01 0.0000e+00
      4.764    11.7903     7.3215     66.878  33.623491     44.498      7.049   238.7537     3.5544     2.7433     0.0236      0.169      4.677      6.783        184 3.1997e+01 0.0000e+00
      4.829    11.5965     7.2064     65.818  33.591046     45.290      7.027   240.3437     3.5099     2.4881     0.0237      0.181      4.733      6.864        185 2.9637e+01 0.0000e+00
      4.883    11.4902     7.1385     65.188  33.658256     45.705      7.007   240.1545     3.5099     2.4613     0.0238      0.194      4.784      6.939        186 2.8071e+01 0.0000e+00
      4.922    11.4288     7.1067     64.888  33.658645     46.018      6.992   240.3816     3.5099     2.4479     0.0238      0.199      4.827      7.001        187 2.6548e+01 0.0000e+00
      4.961    11.3920     7.1141     64.949  33.649972     46.077      6.977   242.2745     3.5018     2.5150     0.0238      0.197      4.870      7.063        188 2.4747e+01 0.0000e+00
      5.014    11.3649     7.1060     64.872  33.669104     46.230      6.959   243.4102     2.9115     4.2472     0.0238      0.196      4.920      7.135        189 2.2488e+01 0.0000e+00
      5.075    11.3483     7.1156     64.955  33.634866     46.200      6.937   243.7888     2.9115     4.1264     0.0238      0.197      4.970      7.208        190 2.0866e+01 0.0000e+00
      5.112    11.3351     7.1366     65.143  33.573976     46.158      6.921   243.2588     2.9276     4.1398     0.0238      0.194      5.011      7.267        191 2.0243e+01 0.0000e+00
      5.141    11.3248     7.1589     65.342  33.626270     46.255      6.913   244.0538     2.9195     4.1666     0.0238      0.185      5.048      7.322        192 1.8836e+01 0.0000e+00
      5.193    11.3162     7.1804     65.534  33.629107     46.272      6.896   244.8866     2.1998     5.6706     0.0238      0.178      5.096      7.392        193 1.7272e+01 0.0000e+00
      5.255    11.3086     7.2027     65.738  33.570451     46.208      6.883   246.8930     2.2281     5.7377     0.0238      0.180      5.156      7.477        194 1.5744e+01 0.0000e+00
      5.323    11.3025     7.2276     65.965  33.580647     46.219      6.863   247.8773     2.2159     5.6571     0.0238      0.190      5.217      7.566        195 1.4324e+01 0.0000e+00
      5.377    11.2958     7.2495     66.161  33.675735     46.383      6.848   247.3852     2.2119     5.6437     0.0238      0.198      5.272      7.647        196 1.3600e+01 0.0000e+00
      5.426    11.2895     7.2703     66.346  33.630055     46.314      6.832   248.1423     2.1917     5.6840     0.0238      0.202      5.328      7.728        197 1.2487e+01 0.0000e+00
      5.498    11.2858     7.2900     66.520  33.578186     46.245      6.814   249.1266     2.0016     6.1405     0.0238      0.212      5.392      7.819        198 1.1198e+01 0.0000e+00
      5.568    11.2831     7.2933     66.544  33.621667     46.330      6.795   248.1802     2.0097     6.1674     0.0238      0.228      5.454      7.909        199 1.0448e+01 0.0000e+00
      5.614    11.2799     7.3095     66.683  33.635261     46.335      6.788   247.3473     1.9935     6.0868     0.0238      0.236      5.504      7.983        200 9.9653e+00 0.0000e+00
      5.655    11.2772     7.3057     66.644  33.620582     46.338      6.778   247.8773     1.9895     6.1137     0.0238      0.231      5.552      8.053        201 9.2701e+00 0.0000e+00
      5.718    11.2744     7.2954     66.543  33.639936     46.343      6.765   249.3159     1.7954     6.0868     0.0238      0.226      5.609      8.136        202 8.2279e+00 0.0000e+00
      5.788    11.2722     7.2989     66.568  33.611177     46.346      6.749   249.7323     1.7873     6.1137     0.0238      0.226      5.670      8.223        203 7.5966e+00 0.0000e+00
      5.836    11.2720     7.2915     66.497  33.537750     46.196      6.738   249.8838     1.8197     6.1137     0.0237      0.226      5.720      8.296        204 7.2485e+00 0.0000e+00
      5.874    11.2714     7.2956     66.530  33.553380     46.275      6.728   249.6945     1.8116     6.0868     0.0238      0.219      5.761      8.354        205 6.9645e+00 0.0000e+00
      5.910    11.2694     7.2909     66.483  33.532415     46.199      6.723   250.3002     1.8116     6.1405     0.0237      0.206      5.801      8.414        206 6.5717e+00 0.0000e+00
      5.964    11.2666     7.2977     66.543  33.504531     46.199      6.709   251.5116     1.8035     6.0600     0.0237      0.198      5.850      8.484        207 5.9456e+00 0.0000e+00
      6.021    11.2629     7.2889     66.460  33.499116     46.164      6.697   252.1931     1.8075     6.0600     0.0237      0.198      5.902      8.560        208 5.5624e+00 0.0000e+00
      6.068    11.2585     7.2884     66.451  33.509499     46.205      6.690   252.3823     1.8075     6.1003     0.0237      0.195      5.952      8.632        209 5.2104e+00 0.0000e+00
      6.119    11.2536     7.2830     66.399  33.521264     46.211      6.677   252.8745     1.7590     6.3420     0.0237      0.190      6.003      8.707        210 4.8205e+00 0.0000e+00
      6.178    11.2500     7.2797     66.369  33.573444     46.292      6.666   253.5559     1.7833     6.3688     0.0238      0.190      6.056      8.784        211 4.4599e+00 0.0000e+00
      6.229    11.2456     7.2736     66.314  33.563191     46.299      6.654   253.3288     1.7469     6.3688     0.0238      0.196      6.105      8.855        212 4.2441e+00 0.0000e+00
      6.268    11.2414     7.2681     66.262  33.534027     46.226      6.651   253.7074     1.7550     6.3957     0.0237      0.200      6.147      8.915        213 4.0619e+00 0.0000e+00
      6.309    11.2388     7.2649     66.230  33.550428     46.309      6.641   254.5024     1.7469     6.3151     0.0238      0.198      6.187      8.972        214 3.7730e+00 0.0000e+00
      6.349    11.2357     7.2555     66.142  33.483471     46.161      6.632   254.7295     1.7590     6.2345     0.0237      0.190      6.223      9.026        215 3.6089e+00 0.0000e+00
      6.379    11.2334     7.2555     66.142  33.498732     46.241      6.630   254.3509     1.7388     6.2211     0.0237      0.179      6.258      9.076        216 3.4507e+00 0.0000e+00
      6.417    11.2322     7.2489     66.082  33.472126     46.168      6.622   255.2216     1.7671     6.2748     0.0237      0.170      6.296      9.132        217 3.2067e+00 0.0000e+00
      6.467    11.2302     7.2478     66.068  33.397960     46.094      6.610   255.5624     1.7388     6.3420     0.0237      0.163      6.339      9.193        218 3.0417e+00 0.0000e+00
      6.505    11.2276     7.2250     65.854  33.413096     46.095      6.603   255.9788     1.9410     6.1674     0.0237      0.156      6.379      9.252        219 2.9468e+00 0.0000e+00
      6.542    11.2257     7.2307     65.899  33.423634     46.136      6.598   256.8495     1.9491     6.0197     0.0237      0.154      6.422      9.313        220 2.7392e+00 0.0000e+00
      6.598    11.2254     7.2383     65.963  33.414503     46.101      6.587   257.8338     1.9652     6.0197     0.0237      0.158      6.472      9.387        221 2.4988e+00 0.0000e+00
      6.660    11.2258     7.2393     65.966  33.394807     46.103      6.574   258.2881     1.9572     6.1137     0.0237      0.168      6.524      9.462        222 2.3389e+00 0.0000e+00
      6.699    11.2246     7.2384     65.948  33.418492     46.104      6.569   257.5309     1.9531     6.3554     0.0237      0.175      6.564      9.520        223 2.2633e+00 0.0000e+00
      6.721    11.2226     7.2268     65.828  33.444340     46.180      6.563   258.2124     1.9086     6.2211     0.0237      0.176      6.592      9.560        224 2.2151e+00 0.0000e+00
      6.745    11.2213     7.2155     65.708  33.421950     46.105      6.564   258.0988     1.9491     6.2748     0.0237      0.169      6.619      9.599        225 2.0981e+00 0.0000e+00
      6.781    11.2211     7.2014     65.568  33.416698     46.146      6.559   258.0609     1.9531     6.3151     0.0237      0.159      6.652      9.648        226 1.9866e+00 0.0000e+00
      6.822    11.2209     7.1919     65.476  33.361910     46.032      6.556   258.4017     1.7792     6.3151     0.0236      0.153      6.695      9.711        227 1.8896e+00 0.0000e+00
      6.879    11.2185     7.1615     65.196  33.341856     46.032      6.543   260.2188     1.7671     6.3285     0.0236      0.151      6.749      9.788        228 1.7180e+00 0.0000e+00
      6.945    11.2145     7.1207     64.822  33.352687     46.032      6.530   260.4459     1.7671     6.3420     0.0236      0.154      6.805      9.869        229 1.5926e+00 0.0000e+00
      6.989    11.2103     7.0833     64.482  33.348433     46.035      6.524   260.1052     1.7752     6.3285     0.0236      0.160      6.852      9.938        230 1.5096e+00 0.0000e+00
      7.028    11.2067     7.0280     63.985  33.317499     46.002      6.520   260.7488     1.7995     6.2748     0.0236      0.171      6.895     10.000        231 1.4151e+00 0.0000e+00
      7.077    11.2028     6.9647     63.421  33.272563     45.930      6.510   260.3702     1.8318     6.2883     0.0236      0.184      6.939     10.064        232 1.3590e+00 0.0000e+00
      7.122    11.1963 -9.990e-29 -9.990e-29  33.256077     45.935      6.504   260.1809     1.8318     6.3688     0.0236      0.191      6.981     10.124        233 1.2776e+00 0.0000e+00
      7.155    11.1865 -9.990e-29 -9.990e-29  33.278705     45.939      6.501   260.0295     1.8035     6.2614     0.0236      0.188      7.014     10.172        234 1.2042e+00 0.0000e+00
      7.178    11.1756 -9.990e-29 -9.990e-29  33.333373     46.064      6.502   260.0295     1.6862     6.1003     0.0237      0.176      7.038     10.207        235 1.1935e+00 0.0000e+00
      7.196    11.1681 -9.990e-29 -9.990e-29  33.365983     46.076      6.500   260.2567     1.6741     6.1674     0.0237      0.157      7.056     10.234        236 1.1919e+00 0.0000e+00
      7.212    11.1643 -9.990e-29 -9.990e-29  33.416063     46.206      6.499   260.4838     1.6903     6.1003     0.0237      0.135      7.072     10.257        237 1.1669e+00 0.0000e+00
      7.227    11.1619 -9.990e-29 -9.990e-29  33.419333     46.177      6.501   260.5217     1.7064     6.1540     0.0237      0.118      7.085     10.276        238 1.1453e+00 0.0000e+00
      7.236    11.1609 -9.990e-29 -9.990e-29  33.450883     46.259      6.501   260.5974     1.6781     6.0600     0.0237      0.098      7.094     10.290        239 1.1199e+00 0.0000e+00
      7.240    11.1605 -9.990e-29 -9.990e-29  33.465768     46.262      6.497   260.9759     1.7186     6.1137     0.0237      0.077      7.100     10.297        240 1.1326e+00 0.0000e+00
      7.244    11.1659 -9.990e-29 -9.990e-29  33.460122     46.264      6.494   261.0138     1.7145     6.0600     0.0237      0.058      7.103     10.302        241 1.1259e+00 0.0000e+00
      7.245    11.1719 -9.990e-29 -9.990e-29  33.457911     46.263      6.494   261.1652     1.6903     6.0734     0.0237      0.044      7.105     10.305        242 1.0858e+00 0.0000e+00
      7.246 -9.990e-29 -9.990e-29 -9.990e-29  33.438864     46.219      6.493   260.1809     1.6862     6.1271     0.0237      0.032      7.106     10.306        243 1.1021e+00 0.0000e+00
      7.248 -9.990e-29 -9.990e-29 -9.990e-29  33.454168     46.248      6.492   260.2567     1.5447     5.9123     0.0237      0.023      7.107     10.307        244 1.1217e+00 0.0000e+00
