Data/DataNotYetUploadedToEDI/Raw_CTD/RawDownloads/070920_fcr50.cnv
* Sea-Bird SBE19plus  Data File:
* FileName = C:\DATA\070920_fcr50_0002.hex
* Software version 2.8.0.119
* Temperature SN = 7809
* Conductivity SN = 7809
* System UpLoad Time = Jul 09 2020 11:53:59
* <ApplicationData>
* <Seaterm232>
# nquan = 16
# nvalues = 1603                        
# units = specified
# name 0 = depFM: Depth [fresh water, m]
# name 1 = dz/dtM: Descent Rate [m/s]
# name 2 = sbeox0ML/L: Oxygen, SBE 43 [ml/l]
# name 3 = sbeox0PS: Oxygen, SBE 43 [% saturation]
# name 4 = specc: Specific Conductance [uS/cm]
# name 5 = c0uS/cm: Conductivity [uS/cm]
# name 6 = flECO-AFL: Fluorescence, WET Labs ECO-AFL/FL [mg/m^3]
# name 7 = ph: pH
# name 8 = orp: Oxidation Reduction Potential [mV]
# name 9 = par/sat/log: PAR/Logarithmic, Satlantic
# name 10 = turbWETntu0: Turbidity, WET Labs ECO [NTU]
# name 11 = prdM: Pressure, Strain Gauge [db]
# name 12 = prdE: Pressure, Strain Gauge [psi]
# name 13 = tv290C: Temperature [ITS-90, deg C]
# name 14 = density00: Density [density, kg/m^3]
# name 15 = flag:  0.000e+00
# span 0 =     -0.657,      9.692       
# span 1 =     -0.327,      0.229       
# span 2 =    -0.0464,     8.4245       
# span 3 =     -0.570,    138.157       
# span 4 =      3.687,    275.422       
# span 5 =   3.812325, 199.110597       
# span 6 =    -0.9627,    15.9660       
# span 7 =      5.995,      8.862       
# span 8 = -1240.7455,   408.3785       
# span 9 = 1.2342e-01, 1.1014e+03       
# span 10 =    -0.3393,   431.4408      
# span 11 =     -0.645,      9.504      
# span 12 =     -0.936,     13.785      
# span 13 =    10.2293,    26.9785      
# span 14 =   996.5386,   999.7875      
# span 15 = 0.0000e+00, 0.0000e+00      
# interval = seconds: 0.25
# start_time = Jul 08 2020 20:42:08 [Instrument's time stamp, header]
# bad_flag = -9.990e-29
*END*
[from data line 1447]
      4.280     -0.110     0.4679      5.977     44.903  31.692425     2.2061      6.360   183.9577 3.7652e+00    10.3744      4.200      6.092    10.2843   999.7142 0.0000e+00
      4.250     -0.134     0.4648      6.056     44.894  31.690864     2.2019      6.370   183.5312 4.1015e+00    10.4489      4.174      6.055    10.2833   999.7142 0.0000e+00
      4.204     -0.149     0.4642      6.150     44.826  31.647727     2.2639      6.376   182.9485 4.5768e+00    10.4785      4.129      5.988    10.2832   999.7140 0.0000e+00
      4.144     -0.149     0.4657      6.211     44.776  31.614989     2.8506      6.378   183.2786 5.0631e+00    10.8353      4.063      5.892    10.2836   999.7137 0.0000e+00
      4.089     -0.133     0.4672      6.246     44.771  31.612272     3.8882      6.377   184.5118 5.4021e+00    11.5362      4.003      5.807    10.2867   999.7131 0.0000e+00
      4.053     -0.103     0.4742      6.269     44.777  31.614877     4.4432      6.374   185.2112 5.5439e+00    11.9485      3.967      5.755    10.2926   999.7124 0.0000e+00
      4.038     -0.068     0.4841      6.268     44.826  31.646477     4.5054      6.370   185.2821 5.5491e+00    12.0446      3.956      5.737    10.2987   999.7117 0.0000e+00
      4.036     -0.036     0.4879      6.259     44.875  31.677108     4.5839      6.363   185.0250 5.5098e+00    12.0114      3.957      5.739    10.3028   999.7113 0.0000e+00
      4.039     -0.018     0.4895      6.264     44.866  31.668000     4.7053      6.354   184.5113 5.4456e+00    11.8554      3.960      5.744    10.3038   999.7113 0.0000e+00
      4.045     -0.020     0.4927      6.264     44.861  31.663248     4.7714      6.348   184.4058 5.3818e+00    11.7729      3.967      5.753    10.3012   999.7115 0.0000e+00
      4.048     -0.037     0.4921      6.277     44.890  31.683102     4.7724      6.348   184.6954 5.4059e+00    11.7691      3.973      5.763    10.2967   999.7120 0.0000e+00
      4.041     -0.063     0.4894      6.315     44.937  31.717702     4.7563      6.351   184.7440 5.5531e+00    11.7405      3.969      5.757    10.2919   999.7125 0.0000e+00
      4.021     -0.093     0.4925      6.342     44.999  31.764367     4.6619      6.354   184.4760 5.8440e+00    11.5646      3.947      5.726    10.2887   999.7126 0.0000e+00
      3.987     -0.120     0.4910      6.378     45.048  31.803199     4.4902      6.359   184.0362 6.2569e+00    11.2555      3.912      5.674    10.2870   999.7126 0.0000e+00
      3.945     -0.139     0.4905      6.425     45.045  31.806535     4.3969      6.362   183.5568 6.6776e+00    11.0932      3.870      5.612    10.2863   999.7125 0.0000e+00
      3.900     -0.144     0.4970      6.429     45.035  31.804710     4.4199      6.363   183.0675 7.0536e+00    11.0783      3.825      5.546    10.2879   999.7121 0.0000e+00
      3.857     -0.139     0.4968      6.410     45.085  31.844587     4.7299      6.362   182.5082 7.4099e+00    10.9386      3.782      5.485    10.2917   999.7116 0.0000e+00
      3.818     -0.132     0.4988      6.421     45.257  31.971459     5.2934      6.361   182.0422 7.6970e+00    10.7089      3.740      5.425    10.2967   999.7110 0.0000e+00
      3.790     -0.131     0.5062      6.430     45.557  32.196650     5.5884      6.362   181.5641 7.8580e+00    10.6010      3.711      5.382    10.3028   999.7103 0.0000e+00
      3.773     -0.132     0.5051      6.398     45.727  32.346673     5.6164      6.364   180.9432 8.0202e+00    10.5958      3.701      5.368    10.3088   999.7097 0.0000e+00
      3.749     -0.134     0.5004      6.353     45.639  32.326101     5.7649      6.363   180.3857 8.3810e+00    10.5766      3.685      5.344    10.3138   999.7091 0.0000e+00
      3.707     -0.143     0.5035      6.306     45.594  32.328657     6.0210      6.358   179.3837 8.9405e+00    10.5062      3.641      5.280    10.3169   999.7087 0.0000e+00
      3.655     -0.160     0.5059      6.227     45.814  32.504509     6.1574      6.353   177.9486 9.4403e+00    10.4320      3.579      5.191    10.3249   999.7078 0.0000e+00
      3.613     -0.183     0.5013      6.131     46.113  32.739202     6.2019      6.352   177.0580 9.7490e+00    10.3310      3.538      5.130    10.3601   999.7044 0.0000e+00
      3.580     -0.200     0.4959      6.023     46.256  32.882152     6.6168      6.353   176.5312 1.0188e+01     9.6285      3.518      5.102    10.4179   999.6989 0.0000e+00
      3.533     -0.204     0.4948      5.891     46.198  32.900495     7.3968      6.353   176.2251 1.1014e+01     8.3590      3.474      5.040    10.4578   999.6949 0.0000e+00
      3.465     -0.197     0.4864      5.756     46.023  32.834143     7.8225      6.348   176.2825 1.2059e+01     7.6159      3.400      4.930    10.4702   999.6935 0.0000e+00
      3.392     -0.186     0.4785      5.599     45.983  32.841367     7.8915      6.336   175.3318 1.2994e+01     7.4415      3.322      4.817    10.4872   999.6916 0.0000e+00
      3.335     -0.172     0.4715      5.412     46.167  32.987882     8.2887      6.325   173.1626 1.3496e+01     6.9023      3.259      4.726    10.5324   999.6871 0.0000e+00
      3.305     -0.155     0.4576      5.240     46.352  33.146295     9.0002      6.320   171.6506 1.3621e+01     5.9719      3.234      4.691    10.6057   999.6799 0.0000e+00
      3.290     -0.138     0.4484      5.068     46.396  33.233925     9.3899      6.324   171.1605 1.3851e+01     5.4621      3.230      4.687    10.6811   999.6726 0.0000e+00
      3.268     -0.125     0.4365      4.853     46.282  33.222595     9.4235      6.330   171.1947 1.4434e+01     5.4072      3.211      4.657    10.7187   999.6688 0.0000e+00
      3.231     -0.116     0.4189      4.633     46.088  33.136289     9.4167      6.334   171.5479 1.5178e+01     5.3771      3.171      4.599    10.7194   999.6686 0.0000e+00
      3.188     -0.110     0.4063      4.452     45.979  33.078789     9.4032      6.330   171.0425 1.5839e+01     5.2356      3.125      4.531    10.7355   999.6669 0.0000e+00
      3.151     -0.104     0.3950      4.297     46.016  33.098454     9.3841      6.318   169.5585 1.6341e+01     5.0343      3.086      4.475    10.8070   999.6597 0.0000e+00
      3.127     -0.097     0.3756      4.147     46.156  33.183686     9.3669      6.308   168.4905 1.6601e+01     4.9696      3.061      4.439    10.8976   999.6505 0.0000e+00
      3.116     -0.092     0.3555      3.974     46.297  33.284436     9.3201      6.306   168.0233 1.6673e+01     4.9681      3.053      4.428    10.9601   999.6442 0.0000e+00
      3.107     -0.092     0.3436      3.803     46.374  33.364843     8.9416      6.308   167.8671 1.6919e+01     4.9818      3.052      4.427    10.9816   999.6420 0.0000e+00
      3.086     -0.096     0.3312      3.683     46.336  33.394483     8.2717      6.312   167.8927 1.7472e+01     5.1008      3.032      4.397    10.9637   999.6437 0.0000e+00
      3.053     -0.101     0.3215      3.582     46.224  33.389064     7.9149      6.314   167.8162 1.8148e+01     5.2054      2.994      4.342    10.9386   999.6461 0.0000e+00
      3.016     -0.102     0.3080      3.487     46.185  33.426311     7.8890      6.307   167.5450 1.8890e+01     5.2174      2.959      4.290    10.9342   999.6465 0.0000e+00
      2.980     -0.102     0.2903      3.429     46.166  33.464189     7.9582      6.298   166.8508 1.9529e+01     5.3489      2.920      4.234    10.9581   999.6439 0.0000e+00
      2.954     -0.103     0.2844      3.404     46.088  33.466386     8.0940      6.298   166.0477 1.9755e+01     5.6278      2.888      4.190    11.0222   999.6373 0.0000e+00
      2.943     -0.104     0.2759      3.382     45.966  33.452951     8.1673      6.307   165.5783 1.9849e+01     5.8081      2.886      4.186    11.1223   999.6269 0.0000e+00
      2.932     -0.108     0.2664      3.357     45.814  33.428722     8.1670      6.318   165.3908 2.0385e+01     5.8462      2.884      4.183    11.1934   999.6196 0.0000e+00
      2.902     -0.116     0.2618      3.297     45.708  33.427343     8.0433      6.326   165.6733 2.1348e+01     5.8148      2.851      4.135    11.2346   999.6151 0.0000e+00
      2.858     -0.131     0.2615      3.189     45.661  33.436358     7.7973      6.333   165.8105 2.2328e+01     5.7370      2.801      4.063    11.2979   999.6083 0.0000e+00
      2.818     -0.148     0.2581      3.062     45.615  33.410870     7.6523      6.339   164.8997 2.3084e+01     5.6952      2.759      4.002    11.3790   999.5994 0.0000e+00
      2.784     -0.159     0.2570      2.920     45.573  33.372987     7.6262      6.344   163.8671 2.3858e+01     5.7221      2.732      3.962    11.4840   999.5880 0.0000e+00
      2.746     -0.161     0.2535      2.791     45.550  33.359016     7.3948      6.348   163.4770 2.4963e+01     5.2722      2.698      3.913    11.5782   999.5777 0.0000e+00
      2.698     -0.155     0.2416      2.698     45.540  33.368863     6.9430      6.347   163.4534 2.6221e+01     4.2724      2.646      3.838    11.6249   999.5724 0.0000e+00
      2.649     -0.147     0.2346      2.656     45.505  33.365160     6.6939      6.340   164.0114 2.7352e+01     3.6927      2.595      3.763    11.6280   999.5717 0.0000e+00
      2.609     -0.142     0.2209      2.664     45.395  33.314271     6.6722      6.332   164.8038 2.8183e+01     3.6536      2.555      3.705    11.6046   999.5741 0.0000e+00
      2.580     -0.137     0.2118      2.713     45.255  33.261214     6.6615      6.329   164.9454 2.8736e+01     3.6619      2.527      3.665    11.6059   999.5739 0.0000e+00
      2.557     -0.133     0.2037      2.797     45.133  33.231317     6.6307      6.330   164.5200 2.9420e+01     3.5870      2.509      3.641    11.6371   999.5704 0.0000e+00
      2.529     -0.134     0.2002      2.878     44.854  33.079761     6.5768      6.332   163.6179 3.0495e+01     3.4694      2.485      3.604    11.6559   999.5682 0.0000e+00
      2.491     -0.146     0.2023      2.971     43.985  32.507486     6.5434      6.335   162.6420 3.1715e+01     3.4414      2.443      3.543    11.6794   999.5654 0.0000e+00
      2.452     -0.167     0.2033      3.093     42.503  31.578309     6.5138      6.339   162.9589 3.2771e+01     3.4894      2.402      3.483    11.7416   999.5582 0.0000e+00
      2.414     -0.186     0.2134      3.252     41.163  30.918322     6.2471      6.343   164.2668 3.3991e+01     3.4995      2.371      3.439    11.8167   999.5498 0.0000e+00
      2.367     -0.192     0.2166      3.490     40.524  30.872631     5.7700      6.345   164.8618 3.5916e+01     3.3917      2.329      3.377    11.8757   999.5429 0.0000e+00
      2.302     -0.186     0.2235      3.914     40.321  31.089818     5.5040      6.344   164.8179 3.8315e+01     3.2506      2.259      3.277    11.9141   999.5379 0.0000e+00
      2.234     -0.172     0.2327      4.839     39.994  31.070443     5.4633      6.339   164.5096 4.0480e+01     3.2011      2.185      3.169    12.0584   999.5206 0.0000e+00
      2.184     -0.156     0.2398      6.739     39.419  30.765508     5.2973      6.334   163.5434 4.1630e+01     3.1704      2.130      3.089    12.5072   999.4669 0.0000e+00
      2.160     -0.140     0.2541     10.039     38.920  30.511762     4.9837      6.332   162.7727 4.1837e+01     3.0859      2.114      3.066    13.1300   999.3893 0.0000e+00
      2.148     -0.125     0.2726     14.701     38.681  30.476862     4.8006      6.335   163.1061 4.2378e+01     3.0029      2.112      3.063    13.6231   999.3247 0.0000e+00
      2.127     -0.117     0.3259     20.212     38.591  30.534039     4.7714      6.338   163.7035 4.3769e+01     2.9566      2.091      3.032    13.8885   999.2885 0.0000e+00
      2.092     -0.120     0.4478     26.093     38.528  30.568829     4.7439      6.342   163.5428 4.5446e+01     2.9731      2.054      2.979    14.0124   999.2710 0.0000e+00
      2.052     -0.134     0.6824     32.008     38.394  30.516946     4.6969      6.348   162.8838 4.6977e+01     3.0316      2.011      2.917    14.1792   999.2472 0.0000e+00
      2.015     -0.148     1.0317     37.652     38.054  30.287441     4.6612      6.355   162.4463 4.8339e+01     3.0453      1.974      2.862    14.4095   999.2142 0.0000e+00
      1.982     -0.155     1.4308     42.757     37.628  30.014399     4.6363      6.362   162.4688 4.9868e+01     3.0015      1.947      2.823    14.5810   999.1893 0.0000e+00
      1.942     -0.154     1.8522     46.972     37.318  29.880225     4.5298      6.367   162.7259 5.1719e+01     2.9137      1.907      2.767    14.6788   999.1748 0.0000e+00
      1.895     -0.148     2.2782     50.013     37.142  29.870669     4.3557      6.371   163.2327 5.3657e+01     2.8424      1.856      2.693    14.7490   999.1642 0.0000e+00
      1.850     -0.140     2.6814     52.093     37.042  29.899015     4.2772      6.366   163.8640 5.5421e+01     2.8600      1.812      2.628    14.7799   999.1593 0.0000e+00
      1.813     -0.132     3.0473     53.710     36.875  29.842446     4.2767      6.356   164.3351 5.6706e+01     2.8858      1.774      2.573    14.8468   999.1490 0.0000e+00
      1.786     -0.123     3.3459     55.200     36.611  29.694312     4.2729      6.347   164.4547 5.7642e+01     2.8459      1.748      2.536    15.0252   999.1220 0.0000e+00
      1.765     -0.118     3.5370     56.722     36.376  29.567127     4.3265      6.344   164.1058 5.8800e+01     2.8234      1.732      2.512    15.2203   999.0922 0.0000e+00
      1.741     -0.118     3.6549     58.330     36.311  29.573530     4.4195      6.344   163.0417 6.0330e+01     2.8548      1.710      2.481    15.3726   999.0686 0.0000e+00
      1.710     -0.125     3.7540     59.960     36.327  29.644925     4.4537      6.344   161.4837 6.2213e+01     2.8828      1.680      2.437    15.4657   999.0540 0.0000e+00
      1.674     -0.137     3.8476     61.554     36.213  29.605712     4.4244      6.346   160.8415 6.4368e+01     2.8866      1.643      2.383    15.5504   999.0404 0.0000e+00
      1.636     -0.148     3.9443     63.196     35.918  29.416679     4.1420      6.351   161.3852 6.6391e+01     2.7640      1.603      2.326    15.6410   999.0259 0.0000e+00
      1.597     -0.157     4.0513     64.864     35.485  29.135685     3.6425      6.356   162.2933 6.8364e+01     2.5328      1.568      2.275    15.7170   999.0137 0.0000e+00
      1.555     -0.163     4.1615     66.398     35.011  28.872717     3.3825      6.359   163.0455 7.0557e+01     2.3916      1.527      2.215    15.8019   999.0000 0.0000e+00
      1.510     -0.164     4.2594     67.787     34.658  28.774794     3.3440      6.358   163.0810 7.2602e+01     2.3607      1.478      2.145    15.8782   998.9874 0.0000e+00
      1.467     -0.161     4.3680     69.177     34.467  28.840065     3.2450      6.345   162.7215 7.4636e+01     2.2966      1.438      2.086    15.9362   998.9779 0.0000e+00
      1.425     -0.156     4.4823     70.758     34.316  28.900956     3.0914      6.317   162.8289 7.6977e+01     2.2005      1.400      2.030    16.0234   998.9634 0.0000e+00
      1.383     -0.154     4.5709     72.790     34.231  29.003768     3.0211      6.297   163.1750 7.9167e+01     2.1945      1.354      1.963    16.1953   998.9349 0.0000e+00
      1.347     -0.155     4.6337     75.576     34.128  29.195232     3.0252      6.299   163.3790 8.1035e+01     2.1893      1.316      1.908    16.4798   998.8873 0.0000e+00
      1.317     -0.158     4.6869     79.294     33.794  29.313164     2.9978      6.314   163.7463 8.3296e+01     2.1383      1.294      1.877    16.8687   998.8210 0.0000e+00
      1.282     -0.161     4.7612     83.870     33.352  29.351781     2.9572      6.329   164.0878 8.6681e+01     2.1270      1.263      1.832    17.1351   998.7746 0.0000e+00
