Data/DataNotYetUploadedToEDI/Raw_CTD/RawDownloads/070918_fcr20.cnv
* Sea-Bird SBE19plus  Data File:
* FileName = C:\DATA\070918_fcr_0002.hex
* Software version 2.6.3.104
* Temperature SN = 7809
* Conductivity SN = 7809
* System UpLoad Time = Jul 10 2018 08:12:27
* <ApplicationData>
* <Seaterm232>
# nquan = 17
# nvalues = 202                         
# units = specified
# name 0 = depFM: Depth [fresh water, m]
# name 1 = tv290C: Temperature [ITS-90, deg C]
# name 2 = sbeox0Mg/L: Oxygen, SBE 43 [mg/l]
# name 3 = sbeox0PS: Oxygen, SBE 43 [% saturation]
# name 4 = c0uS/cm: Conductivity [uS/cm]
# name 5 = specc: Specific Conductance [uS/cm]
# name 6 = ph: pH
# name 7 = orp: Oxidation Reduction Potential [mV]
# name 8 = flECO-AFL: Fluorescence, WET Labs ECO-AFL/FL [mg/m^3]
# name 9 = turbWETntu0: Turbidity, WET Labs ECO [NTU]
# name 10 = sal00: Salinity, Practical [PSU]
# name 11 = dz/dtM: Descent Rate [m/s]
# name 12 = prdM: Pressure, Strain Gauge [db]
# name 13 = prdE: Pressure, Strain Gauge [psi]
# name 14 = scan: Scan Count
# name 15 = par/sat/log: PAR/Logarithmic, Satlantic
# name 16 = flag:  0.000e+00
# span 0 =     -0.476,      3.646       
# span 1 =    14.4602,    26.8430       
# span 2 =    -1.5178,     8.6102       
# span 3 =    -15.021,    104.496       
# span 4 =  -0.504312, 224.439234       
# span 5 =      0.196,    283.462       
# span 6 =      6.016,      8.248       
# span 7 =    82.6683,  1240.2295       
# span 8 =    -2.5798,     8.0833       
# span 9 =    -7.6365,     5.6840       
# span 10 =     0.0121,     0.1349      
# span 11 =     -0.028,      0.218      
# span 12 =     -0.467,      3.574      
# span 13 =     -0.677,      5.185      
# span 14 =          1,        202      
# span 15 = -3.638e+01, 3.9950e+03      
# span 16 = 0.0000e+00, 0.0000e+00      
# interval = seconds: 0.25
# start_time = Jul 09 2018 16:28:10 [Instrument's time stamp, header]
# bad_flag = -9.990e-29
*END*
[from data line 171]
      2.865    22.2925     8.2950     89.152  33.987933     35.402      7.535   259.6131     5.3862     1.8570     0.0233      0.141      2.800      4.062        172 8.2833e+01 0.0000e+00
      2.878    22.0901     8.0786     84.925  34.443736     36.163      7.497   260.5217     5.4306     1.9242     0.0235      0.148      2.824      4.097        173 8.1634e+01 0.0000e+00
      2.898    21.9824     7.4079     76.680  34.222030     36.176      7.465   260.4081     5.4145     1.9376     0.0234      0.148      2.845      4.127        174 7.7739e+01 0.0000e+00
      2.927    21.8412     6.2591     64.171  34.175019     36.263      7.431   260.4459     5.3983     1.8705     0.0234      0.144      2.874      4.169        175 7.5304e+01 0.0000e+00
      2.966    21.6380     4.7986     48.926  33.760945     35.994      7.398   261.5438     5.4023     1.8839     0.0232      0.137      2.914      4.226        176 7.1749e+01 0.0000e+00
      3.021    21.3994     3.1814     32.343  33.699460     35.828      7.353   262.3009     3.9830     2.8776     0.0231      0.135      2.958      4.290        177 6.8796e+01 0.0000e+00
      3.057    21.1663     1.7664     17.925  33.628840     36.260      7.309   261.6574     3.9951     2.9178     0.0232      0.133      2.994      4.342        178 6.7589e+01 0.0000e+00
      3.080    20.9981     0.5329      5.373  34.115820     36.441      7.253   259.4617     3.9466     2.8910     0.0232      0.129      3.021      4.382        179 6.6375e+01 0.0000e+00
      3.106    20.8030    -0.5345     -5.349  33.360428     36.631      7.185   255.9788     3.9345     2.7970     0.0232      0.130      3.046      4.418        180 6.5295e+01 0.0000e+00
      3.132    20.0957    -1.2139    -12.098  34.687638     36.882      7.114   218.0080     3.2996     5.6303     0.0233      0.133      3.073      4.458        181 6.3865e+01 0.0000e+00
      3.164    18.8519    -1.4907    -14.804  52.817478     57.728      7.048   195.2179     3.2996     5.5900     0.0321      0.132      3.107      4.506        182 6.1445e+01 0.0000e+00
      3.209    17.7519    -1.5178    -15.021  74.849629     83.361      6.987   185.9050     3.3279     5.5363     0.0432      0.130      3.151      4.570        183 5.7919e+01 0.0000e+00
      3.267    17.0149    -1.3540    -13.341  82.782127     94.389      6.921   170.1185     3.3320     5.6571     0.0478      0.133      3.200      4.640        184 5.4671e+01 0.0000e+00
      3.309    16.5508    -1.1470    -11.270  80.289467     94.195      6.865   161.9414     3.1096     5.6571     0.0474      0.137      3.241      4.699        185 5.2918e+01 0.0000e+00
      3.335    16.2878    -0.9644     -9.462  79.319368     93.700      6.819   150.6599     3.1096     5.6840     0.0469      0.144      3.271      4.743        186 5.0421e+01 0.0000e+00
      3.362    16.1552    -0.7707     -7.560  82.563631    100.161      6.793   141.3849     3.1096     5.6706     0.0497      0.149      3.297      4.782        187 4.8993e+01 0.0000e+00
      3.386    16.0576    -0.6128     -6.012  82.613796     99.338      6.774   134.8734     3.1015     5.6840     0.0492      0.147      3.329      4.829        188 4.6489e+01 0.0000e+00
      3.442    15.7611    -0.4906     -4.814  80.862180     98.953      6.756   127.3398     2.6163     3.3475     0.0490      0.149      3.374      4.894        189 4.1440e+01 0.0000e+00
      3.493    15.4169    -0.3802     -3.733  78.590607     94.998      6.737   120.8284     2.6082     3.4012     0.0472      0.151      3.416      4.954        190 3.9915e+01 0.0000e+00
      3.511    15.2140 -9.990e-29 -9.990e-29  77.207478     95.293      6.730   116.2477     2.6203     3.3207     0.0472      0.144      3.442      4.991        191 3.9510e+01 0.0000e+00
      3.526    15.0580 -9.990e-29 -9.990e-29  78.749440     96.711      6.721   111.0991     2.6163     3.2804     0.0478      0.133      3.459      5.016        192 3.9038e+01 0.0000e+00
      3.544    14.8840 -9.990e-29 -9.990e-29  78.960575     99.089      6.719   106.5562     2.7780     2.1390     0.0488      0.125      3.477      5.042        193 3.8890e+01 0.0000e+00
      3.565    14.6843 -9.990e-29 -9.990e-29  83.721962    103.026      6.720   103.6033     2.8144     2.0584     0.0505      0.118      3.498      5.072        194 3.8233e+01 0.0000e+00
      3.592    14.5413 -9.990e-29 -9.990e-29  93.815321    119.223      6.721   100.9533     2.7982     2.0047     0.0578      0.110      3.520      5.106        195 3.7935e+01 0.0000e+00
      3.611    14.4772 -9.990e-29 -9.990e-29 132.575621    163.159      6.721    97.5840     2.7821     2.0182     0.0781      0.100      3.540      5.135        196 3.7779e+01 0.0000e+00
      3.627    14.4602 -9.990e-29 -9.990e-29 193.616422    249.320      6.721    94.5176     2.8589     2.2062     0.1186      0.085      3.555      5.155        197 3.8024e+01 0.0000e+00
      3.636    14.4663 -9.990e-29 -9.990e-29 215.525323    270.667      6.723    91.7540     2.8629     2.1927     0.1288      0.074      3.564      5.169        198 3.8599e+01 0.0000e+00
      3.639    14.4839 -9.990e-29 -9.990e-29 216.540006    275.944      6.721    88.9904     2.8548     2.3270     0.1313      0.069      3.569      5.176        199 3.9491e+01 0.0000e+00
      3.642    14.5018 -9.990e-29 -9.990e-29 220.412465    278.122      6.718    85.9997     2.8508     2.2330     0.1323      0.061      3.572      5.180        200 4.0448e+01 0.0000e+00
      3.644 -9.990e-29 -9.990e-29 -9.990e-29 221.688919    281.502      6.719    84.7126     2.7821     2.4479     0.1339      0.049      3.574      5.184        201 4.0919e+01 0.0000e+00
      3.646 -9.990e-29 -9.990e-29 -9.990e-29 224.439234    283.462      6.718    82.6683     2.7901     2.4076     0.1349      0.036      3.574      5.185        202 4.0926e+01 0.0000e+00
