Data/DataNotYetUploadedToEDI/Raw_CTD/RawDownloads/070920_bvr50.cnv
* Sea-Bird SBE19plus  Data File:
* FileName = C:\DATA\070920_fcr50_0003.hex
* Software version 2.8.0.119
* Temperature SN = 7809
* Conductivity SN = 7809
* System UpLoad Time = Jul 09 2020 11:58:43
* <ApplicationData>
* <Seaterm232>
# nquan = 16
# nvalues = 6905                        
# units = specified
# name 0 = depFM: Depth [fresh water, m]
# name 1 = dz/dtM: Descent Rate [m/s]
# name 2 = sbeox0ML/L: Oxygen, SBE 43 [ml/l]
# name 3 = sbeox0PS: Oxygen, SBE 43 [% saturation]
# name 4 = specc: Specific Conductance [uS/cm]
# name 5 = c0uS/cm: Conductivity [uS/cm]
# name 6 = flECO-AFL: Fluorescence, WET Labs ECO-AFL/FL [mg/m^3]
# name 7 = ph: pH
# name 8 = orp: Oxidation Reduction Potential [mV]
# name 9 = par/sat/log: PAR/Logarithmic, Satlantic
# name 10 = turbWETntu0: Turbidity, WET Labs ECO [NTU]
# name 11 = prdM: Pressure, Strain Gauge [db]
# name 12 = prdE: Pressure, Strain Gauge [psi]
# name 13 = tv290C: Temperature [ITS-90, deg C]
# name 14 = density00: Density [density, kg/m^3]
# name 15 = flag:  0.000e+00
# span 0 =     -0.748,     11.753       
# span 1 =     -0.226,      0.109       
# span 2 =     0.0290,     7.6332       
# span 3 =      0.393,    130.145       
# span 4 =      0.723,    333.285       
# span 5 =   0.742332, 236.861627       
# span 6 =    -0.9365,    11.1518       
# span 7 =      6.273,      8.926       
# span 8 = -1240.7455,   236.6860       
# span 9 = 1.2346e-01, 1.2409e+03       
# span 10 =     0.3929,    25.1587      
# span 11 =     -0.734,     11.526      
# span 12 =     -1.064,     16.717      
# span 13 =     8.9896,    28.0390      
# span 14 =   996.2390,   999.9448      
# span 15 = 0.0000e+00, 0.0000e+00      
# interval = seconds: 0.25
# start_time = Jul 08 2020 22:14:35 [Instrument's time stamp, header]
# bad_flag = -9.990e-29
*END*
[from data line 5515]
      5.031     -0.024     0.0344      0.466    313.031 218.718097     2.7771      6.826   -18.1167 6.5336e+00     2.7188      4.933      7.154     9.9298   999.8474 0.0000e+00
      5.027     -0.023     0.0356      0.475    313.051 218.737347     2.7726      6.825   -17.7835 6.5484e+00     2.7484      4.930      7.150     9.9306   999.8473 0.0000e+00
      5.022     -0.023     0.0350      0.469    313.121 218.791373     2.7857      6.824   -17.6004 6.6005e+00     2.7681      4.926      7.146     9.9315   999.8473 0.0000e+00
      5.015     -0.023     0.0341      0.479    313.210 218.859044     2.7644      6.823   -17.3655 6.6690e+00     2.7843      4.918      7.133     9.9323   999.8472 0.0000e+00
      5.008     -0.023     0.0375      0.507    313.283 218.915215     2.7064      6.824   -17.0940 6.7067e+00     2.8418      4.910      7.121     9.9332   999.8471 0.0000e+00
      5.002     -0.023     0.0385      0.523    313.337 218.958260     2.6755      6.824   -16.8993 6.7402e+00     2.8808      4.905      7.115     9.9341   999.8470 0.0000e+00
      4.995     -0.022     0.0359      0.501    313.382 218.995297     2.6679      6.822   -16.6460 6.7737e+00     2.8779      4.898      7.103     9.9348   999.8470 0.0000e+00
      4.990     -0.019     0.0374      0.469    313.442 219.042852     2.6427      6.820   -16.6990 6.7991e+00     2.8748      4.892      7.096     9.9356   999.8469 0.0000e+00
      4.986     -0.016     0.0402      0.464    313.494 219.085009     2.6183      6.818   -16.6791 6.8306e+00     2.8777      4.890      7.092     9.9365   999.8468 0.0000e+00
      4.982     -0.014     0.0430      0.469    313.537 219.120807     2.6115      6.817   -16.0618 6.8420e+00     2.8789      4.885      7.085     9.9373   999.8468 0.0000e+00
      4.979     -0.012     0.0400      0.459    313.580 219.155507     2.5892      6.816   -15.8601 6.8366e+00     2.8892      4.883      7.082     9.9383   999.8467 0.0000e+00
      4.976     -0.011     0.0355      0.439    313.613 219.184390     2.4631      6.816   -16.2187 6.8264e+00     2.8997      4.880      7.078     9.9392   999.8466 0.0000e+00
      4.973     -0.011     0.0366      0.440    313.646 219.213894     2.2506      6.816   -16.0095 6.7979e+00     2.8683      4.877      7.074     9.9401   999.8465 0.0000e+00
      4.971     -0.010     0.0377      0.474    313.699 219.256099     2.1275      6.816   -15.1384 6.7658e+00     2.8185      4.875      7.071     9.9410   999.8465 0.0000e+00
      4.968     -0.008     0.0366      0.489    313.769 219.310479     2.1093      6.817   -14.5476 6.7437e+00     2.8116      4.872      7.067     9.9418   999.8464 0.0000e+00
      4.966     -0.007     0.0344      0.463    313.829 219.359112     2.1444      6.817   -14.3729 6.7390e+00     2.8201      4.870      7.063     9.9427   999.8463 0.0000e+00
      4.964     -0.006     0.0329      0.439    313.873 219.395870     2.2178      6.817   -14.1444 6.7452e+00     2.8176      4.868      7.059     9.9437   999.8462 0.0000e+00
      4.963     -0.006     0.0381      0.442    313.920 219.434741     2.2533      6.817   -13.8504 6.7496e+00     2.8165      4.867      7.058     9.9445   999.8462 0.0000e+00
      4.963     -0.007     0.0407      0.454    314.018 219.508916     2.2497      6.818   -13.5718 6.7461e+00     2.8405      4.868      7.060     9.9456   999.8461 0.0000e+00
      4.963     -0.008     0.0361      0.466    314.124 219.588323     2.1548      6.819   -13.3562 6.7414e+00     2.9368      4.868      7.060     9.9465   999.8461 0.0000e+00
      4.960     -0.009     0.0335      0.484    314.169 219.626405     1.9648      6.819   -13.1358 6.7592e+00     3.0193      4.865      7.056     9.9472   999.8460 0.0000e+00
      4.955     -0.012     0.0350      0.506    314.194 219.649183     1.8590      6.819   -12.8863 6.7995e+00     3.0133      4.859      7.047     9.9484   999.8459 0.0000e+00
      4.951     -0.015     0.0359      0.519    314.218 219.671622     1.8580      6.820   -12.6632 6.8338e+00     3.0019      4.856      7.042     9.9493   999.8458 0.0000e+00
      4.949     -0.017     0.0367      0.506    314.258 219.705602     1.9140      6.820   -12.3312 6.8538e+00     2.9839      4.853      7.039     9.9502   999.8458 0.0000e+00
      4.945     -0.018     0.0379      0.469    314.298 219.739860     2.0122      6.820   -11.8828 6.8847e+00     2.9336      4.850      7.036     9.9512   999.8457 0.0000e+00
      4.940     -0.017     0.0402      0.442    314.327 219.765654     2.0637      6.821   -11.5447 6.9384e+00     2.9086      4.846      7.029     9.9520   999.8456 0.0000e+00
      4.933     -0.015     0.0416      0.438    314.403 219.825369     2.0686      6.821   -11.1685 6.9989e+00     2.9221      4.838      7.016     9.9528   999.8455 0.0000e+00
      4.927     -0.014     0.0412      0.433    314.481 219.885531     2.0811      6.820   -10.6892 7.0465e+00     2.8903      4.829      7.005     9.9538   999.8454 0.0000e+00
      4.925     -0.014     0.0365      0.429    314.517 219.916729     2.1008      6.819   -10.3957 7.0710e+00     2.7989      4.828      7.003     9.9548   999.8453 0.0000e+00
      4.926     -0.013     0.0336      0.444    314.551 219.946440     2.1162      6.819   -10.1149 7.0995e+00     2.7780      4.831      7.007     9.9558   999.8452 0.0000e+00
      4.925     -0.013     0.0353      0.461    314.603 219.988622     2.1149      6.819    -9.7889 7.1685e+00     2.8096      4.833      7.009     9.9568   999.8452 0.0000e+00
      4.920     -0.013     0.0342      0.472    314.672 220.042527     2.0659      6.818    -9.5511 7.2511e+00     2.8040      4.825      7.000     9.9576   999.8451 0.0000e+00
      4.913     -0.015     0.0330      0.505    314.726 220.085893     1.9994      6.816    -9.2193 7.3129e+00     2.8125      4.815      6.984     9.9586   999.8450 0.0000e+00
      4.909     -0.019     0.0350      0.529    314.778 220.128735     1.9794      6.815    -8.8738 7.3609e+00     2.8440      4.813      6.981     9.9596   999.8449 0.0000e+00
      4.906     -0.021     0.0374      0.505    314.838 220.176302     1.9851      6.815    -8.6436 7.4055e+00     2.8420      4.812      6.980     9.9606   999.8448 0.0000e+00
      4.902     -0.021     0.0358      0.482    314.881 220.212754     1.9833      6.815    -8.4147 7.4622e+00     2.8230      4.808      6.974     9.9613   999.8448 0.0000e+00
      4.895     -0.021     0.0399      0.483    314.924 220.249289     1.9864      6.814    -8.0853 7.5297e+00     2.8542      4.801      6.963     9.9622   999.8447 0.0000e+00
      4.887     -0.021     0.0444      0.485    314.985 220.297853     2.0034      6.812    -7.7588 7.5984e+00     2.9103      4.791      6.949     9.9632   999.8446 0.0000e+00
      4.882     -0.022     0.0393      0.502    315.053 220.351666     2.0169      6.812    -7.6501 7.6664e+00     2.9169      4.786      6.942     9.9642   999.8445 0.0000e+00
      4.878     -0.022     0.0365      0.516    315.096 220.387633     2.0457      6.812    -7.5461 7.7210e+00     2.8656      4.784      6.938     9.9653   999.8444 0.0000e+00
      4.873     -0.021     0.0394      0.499    315.123 220.412541     2.1036      6.814    -7.3613 7.7705e+00     2.8393      4.779      6.931     9.9662   999.8443 0.0000e+00
      4.868     -0.020     0.0372      0.494    315.183 220.460710     2.1441      6.814    -7.2219 7.8447e+00     2.8743      4.775      6.925     9.9672   999.8442 0.0000e+00
      4.862     -0.019     0.0393      0.504    315.261 220.521766     2.1546      6.814    -6.8931 7.9363e+00     2.8768      4.768      6.915     9.9682   999.8442 0.0000e+00
      4.856     -0.018     0.0429      0.484    315.328 220.574416     2.1736      6.814    -6.4837 8.0059e+00     2.8350      4.762      6.906     9.9690   999.8441 0.0000e+00
      4.851     -0.017     0.0381      0.446    315.334 220.584979     2.2204      6.815    -6.2300 8.0494e+00     2.8495      4.757      6.900     9.9701   999.8439 0.0000e+00
      4.848     -0.017     0.0379      0.425    315.325 220.585447     2.2538      6.817    -5.9757 8.0819e+00     2.8796      4.753      6.894     9.9711   999.8439 0.0000e+00
      4.846     -0.016     0.0415      0.430    315.400 220.644121     2.2532      6.818    -5.6458 8.1184e+00     2.8220      4.753      6.893     9.9721   999.8438 0.0000e+00
      4.842     -0.014     0.0388      0.453    315.496 220.718041     2.2510      6.818    -5.3397 8.1694e+00     2.7702      4.751      6.890     9.9731   999.8437 0.0000e+00
      4.837     -0.014     0.0344      0.467    315.567 220.774780     2.2554      6.818    -5.1140 8.2173e+00     2.7684      4.745      6.880     9.9740   999.8437 0.0000e+00
      4.832     -0.014     0.0328      0.444    315.620 220.817828     2.2490      6.818    -4.8959 8.2449e+00     2.7661      4.738      6.871     9.9751   999.8435 0.0000e+00
      4.829     -0.014     0.0331      0.422    315.663 220.854296     2.2408      6.818    -4.6807 8.2576e+00     2.7770      4.734      6.866     9.9761   999.8434 0.0000e+00
      4.828     -0.013     0.0359      0.449    315.713 220.895514     2.3281      6.817    -4.4910 8.2773e+00     2.7970      4.735      6.867     9.9771   999.8434 0.0000e+00
      4.824     -0.012     0.0385      0.483    315.756 220.931950     2.5035      6.817    -4.2370 8.3097e+00     2.8375      4.731      6.863     9.9782   999.8433 0.0000e+00
      4.820     -0.011     0.0357      0.483    315.809 220.974642     2.5962      6.816    -3.8474 8.3332e+00     2.8537      4.727      6.855     9.9792   999.8432 0.0000e+00
      4.817     -0.011     0.0304      0.459    315.875 221.027455     2.6011      6.816    -3.3937 8.3501e+00     2.8217      4.724      6.850     9.9802   999.8431 0.0000e+00
      4.815     -0.010     0.0357      0.442    315.910 221.058178     2.6387      6.815    -3.0529 8.3830e+00     2.8280      4.721      6.848     9.9811   999.8430 0.0000e+00
      4.812     -0.008     0.0397      0.466    315.947 221.089957     2.7072      6.815    -2.8252 8.4155e+00     2.8614      4.719      6.844     9.9821   999.8430 0.0000e+00
      4.810     -0.008     0.0383      0.487    316.033 221.155521     2.7332      6.815    -2.6192 8.4323e+00     2.8816      4.717      6.841     9.9831   999.8429 0.0000e+00
      4.809     -0.008     0.0370      0.481    316.103 221.210500     2.7142      6.814    -2.3691 8.4456e+00     2.9009      4.716      6.840     9.9840   999.8428 0.0000e+00
      4.808     -0.009     0.0323      0.481    316.140 221.242374     2.6592      6.814    -2.1233 8.4690e+00     2.8887      4.715      6.838     9.9851   999.8427 0.0000e+00
      4.807     -0.010     0.0372      0.476    316.190 221.284741     2.5734      6.813    -1.9711 8.5243e+00     2.8375      4.715      6.838     9.9861   999.8426 0.0000e+00
      4.804     -0.010     0.0404      0.465    316.257 221.338513     2.5161      6.811    -1.7327 8.6103e+00     2.7968      4.712      6.834     9.9869   999.8426 0.0000e+00
      4.799     -0.009     0.0365      0.465    316.307 221.380195     2.5006      6.810    -1.5637 8.7082e+00     2.8085      4.705      6.824     9.9878   999.8425 0.0000e+00
      4.795     -0.008     0.0387      0.458    316.333 221.404457     2.4813      6.809    -1.3916 8.8187e+00     2.8754      4.701      6.819     9.9889   999.8424 0.0000e+00
      4.793     -0.008     0.0381      0.453    316.373 221.439746     2.4544      6.808    -0.8561 8.9255e+00     2.9531      4.700      6.817     9.9900   999.8423 0.0000e+00
      4.793     -0.008     0.0358      0.475    316.430 221.486666     2.4524      6.808    -0.4241 9.0116e+00     2.9932      4.701      6.818     9.9911   999.8423 0.0000e+00
      4.793     -0.009     0.0371      0.489    316.473 221.523474     2.4660      6.807    -0.1261 9.1153e+00     3.0169      4.702      6.818     9.9921   999.8422 0.0000e+00
      4.791     -0.010     0.0368      0.477    316.521 221.564577     2.5051      6.804     0.1668 9.2449e+00     3.0675      4.700      6.816     9.9931   999.8421 0.0000e+00
      4.787     -0.013     0.0338      0.471    316.560 221.599391     2.5721      6.803     0.3636 9.3665e+00     3.0914      4.695      6.810     9.9941   999.8420 0.0000e+00
      4.783     -0.016     0.0382      0.481    316.585 221.624196     2.6088      6.802     0.6193 9.4724e+00     3.0645      4.690      6.801     9.9953   999.8419 0.0000e+00
      4.778     -0.017     0.0400      0.486    316.645 221.672374     2.6153      6.800     0.7625 9.5715e+00     3.0515      4.688      6.799     9.9964   999.8418 0.0000e+00
      4.773     -0.016     0.0369      0.480    316.723 221.733601     2.6595      6.799     0.8905 9.6752e+00     3.0717      4.682      6.790     9.9975   999.8417 0.0000e+00
      4.767     -0.015     0.0366      0.480    316.793 221.788101     2.7435      6.798     1.1345 9.7812e+00     3.0679      4.673      6.778     9.9987   999.8416 0.0000e+00
      4.763     -0.013     0.0380      0.475    316.828 221.818989     2.7908      6.797     1.3905 9.8827e+00     3.0063      4.671      6.775     9.9999   999.8414 0.0000e+00
      4.761     -0.011     0.0395      0.460    316.866 221.850895     2.7932      6.796     1.6616 9.9792e+00     2.9791      4.670      6.773    10.0009   999.8414 0.0000e+00
      4.760     -0.009     0.0368      0.458    316.953 221.917710     2.7531      6.796     2.0040 1.0088e+01     2.9788      4.669      6.771    10.0018   999.8413 0.0000e+00
      4.759     -0.008     0.0386      0.476    317.042 221.986401     2.6786      6.796     2.3466 1.0205e+01     2.9344      4.668      6.770    10.0029   999.8413 0.0000e+00
      4.757     -0.008     0.0376      0.486    317.111 222.040998     2.6454      6.797     2.5351 1.0314e+01     2.9224      4.665      6.766    10.0038   999.8412 0.0000e+00
      4.755     -0.008     0.0362      0.490    317.136 222.065481     2.6465      6.798     2.6478 1.0427e+01     2.9713      4.663      6.763    10.0047   999.8411 0.0000e+00
      4.753     -0.008     0.0349      0.503    317.161 222.090292     2.6069      6.799     2.7629 1.0554e+01     3.0099      4.661      6.761    10.0056   999.8411 0.0000e+00
      4.750     -0.008     0.0381      0.493    317.236 222.148861     2.5477      6.800     2.8953 1.0701e+01     3.0114      4.658      6.756    10.0065   999.8410 0.0000e+00
      4.748     -0.008     0.0392      0.486    317.296 222.197239     2.5316      6.801     3.0432 1.0871e+01     3.0244      4.656      6.752    10.0075   999.8409 0.0000e+00
      4.746     -0.008     0.0370      0.499    317.331 222.226911     2.5366      6.800     2.9158 1.1042e+01     3.0636      4.654      6.750    10.0087   999.8408 0.0000e+00
      4.744     -0.008     0.0417      0.489    317.358 222.251446     2.6078      6.798     2.5596 1.1205e+01     3.0738      4.653      6.748    10.0098   999.8407 0.0000e+00
      4.742     -0.007     0.0384      0.452    317.422 222.301765     2.7631      6.798     2.8668 1.1364e+01     3.0449      4.651      6.745    10.0108   999.8407 0.0000e+00
      4.741     -0.007     0.0369      0.433    317.536 222.387005     2.8593      6.799     3.8765 1.1526e+01     3.0233      4.649      6.743    10.0118   999.8406 0.0000e+00
      4.738     -0.007     0.0407      0.444    317.617 222.449484     2.8654      6.800     4.6157 1.1668e+01     3.0191      4.647      6.739    10.0127   999.8405 0.0000e+00
      4.736     -0.007     0.0399      0.471    317.652 222.480787     2.8362      6.800     4.9213 1.1752e+01     2.9931      4.645      6.736    10.0134   999.8404 0.0000e+00
      4.735     -0.007     0.0346      0.489    317.684 222.509308     2.8024      6.800     5.1618 1.1780e+01     2.9839      4.643      6.734    10.0144   999.8404 0.0000e+00
