Data/DataNotYetUploadedToEDI/Raw_CTD/RawDownloads/071019_bvr50_d.cnv
* Sea-Bird SBE19plus  Data File:
* FileName = C:\DATA\071019_bvr_0003.hex
* Software version 2.8.0.119
* Temperature SN = 7809
* Conductivity SN = 7809
* System UpLoad Time = Jul 12 2019 13:01:50
* <ApplicationData>
* <Seaterm232>
# nquan = 18
# nvalues = 974                         
# units = specified
# name 0 = depFM: Depth [fresh water, m]
# name 1 = tv290C: Temperature [ITS-90, deg C]
# name 2 = sbeox0Mg/L: Oxygen, SBE 43 [mg/l]
# name 3 = sbeox0PS: Oxygen, SBE 43 [% saturation]
# name 4 = c0uS/cm: Conductivity [uS/cm]
# name 5 = specc: Specific Conductance [uS/cm]
# name 6 = ph: pH
# name 7 = orp: Oxidation Reduction Potential [mV]
# name 8 = flECO-AFL: Fluorescence, WET Labs ECO-AFL/FL [mg/m^3]
# name 9 = turbWETntu0: Turbidity, WET Labs ECO [NTU]
# name 10 = sal00: Salinity, Practical [PSU]
# name 11 = dz/dtM: Descent Rate [m/s]
# name 12 = prdM: Pressure, Strain Gauge [db]
# name 13 = prdE: Pressure, Strain Gauge [psi]
# name 14 = scan: Scan Count
# name 15 = par/sat/log: PAR/Logarithmic, Satlantic
# name 16 = density00: Density [density, kg/m^3]
# name 17 = flag:  0.000e+00
# span 0 =     -0.671,     10.570       
# span 1 =     8.4026,    27.6352       
# span 2 =    -0.2595,     8.3543       
# span 3 =     -2.395,    106.031       
# span 4 =   0.498530, 142.396616       
# span 5 =      0.575,    216.409       
# span 6 =      5.882,      7.421       
# span 7 =  -954.1661,   314.8468       
# span 8 =    -0.1560,    25.7996       
# span 9 =    -0.6431,    64.8227       
# span 10 =     0.0110,     0.1002      
# span 11 =     -0.041,      0.117      
# span 12 =     -0.658,     10.362      
# span 13 =     -0.954,     15.028      
# span 14 =          1,        974      
# span 15 = 9.8085e-02, 3.4003e-01      
# span 16 =   996.3561,   999.9530      
# span 17 = 0.0000e+00, 0.0000e+00      
# interval = seconds: 0.25
# start_time = Jul 10 2019 22:11:09 [Instrument's time stamp, header]
# bad_flag = -9.990e-29
*END*
[from data line 724]
      7.248    10.0068     0.1117      0.986  43.131769     61.504      5.959   163.3799     5.0397     4.2308     0.0299      0.049      7.107     10.307        725 1.2366e-01   999.7557 0.0000e+00
      7.258     9.9873     0.1071      0.945  43.781397     62.528      5.957   162.1307     5.0130     4.2020     0.0303      0.044      7.117     10.322        726 1.2351e-01   999.7575 0.0000e+00
      7.266     9.9711     0.1059      0.934  44.356554     63.321      5.954   161.1085     5.4861     3.7261     0.0307      0.039      7.127     10.337        727 1.2372e-01   999.7595 0.0000e+00
      7.279     9.9545     0.1114      0.982  45.202845     64.595      5.953   159.9349     5.4708     3.7261     0.0312      0.037      7.140     10.355        728 1.2379e-01   999.7618 0.0000e+00
      7.296     9.9352     0.1131      0.997  46.434280     66.382      5.950   159.1778     5.4899     3.7550     0.0320      0.041      7.155     10.376        729 1.2373e-01   999.7639 0.0000e+00
      7.311     9.9164     0.1118      0.985  47.597691     68.092      5.947   158.3071     5.4899     3.8703     0.0328      0.045      7.168     10.395        730 1.2373e-01   999.7660 0.0000e+00
      7.320     9.9025     0.1174      1.034  48.202680     69.010      5.946   157.5878     5.5051     3.7261     0.0332      0.047      7.177     10.410        731 1.2364e-01   999.7680 0.0000e+00
      7.325     9.8923     0.1104      0.971  48.231477     69.047      5.946   156.6792     4.8032     3.6252     0.0332      0.046      7.184     10.420        732 1.2361e-01   999.7698 0.0000e+00
      7.335     9.8788     0.1151      1.013  48.392146     69.315      5.942   155.9599     4.7651     3.5387     0.0333      0.045      7.194     10.434        733 1.2365e-01   999.7711 0.0000e+00
      7.349     9.8643     0.1174      1.032  48.744077     69.855      5.940   154.8242     4.7765     3.4954     0.0335      0.045      7.205     10.450        734 1.2365e-01   999.7722 0.0000e+00
      7.355     9.8539     0.1132      0.996  48.742431     69.882      5.943   154.2185     4.7994     3.6540     0.0335      0.043      7.213     10.462        735 1.2354e-01   999.7734 0.0000e+00
      7.361     9.8404     0.1110      0.976  48.661088     69.751      5.939   152.8935     4.3989     3.3079     0.0335      0.039      7.222     10.474        736 1.2367e-01   999.7747 0.0000e+00
      7.378     9.8184     0.1163      1.022  48.459815     69.572      5.938   151.0006     4.4141     3.2791     0.0334      0.038      7.235     10.493        737 1.2368e-01   999.7756 0.0000e+00
      7.393     9.7985     0.1080      0.948  47.777132     68.515      5.937   148.8806     4.3760     3.2935     0.0329      0.039      7.247     10.511        738 1.2368e-01   999.7765 0.0000e+00
      7.398     9.7833     0.1125      0.988  47.612888     68.359      5.935   147.4799     4.3454     3.3224     0.0328      0.040      7.257     10.525        739 1.2380e-01   999.7783 0.0000e+00
      7.410     9.7611     0.1101      0.967  47.507766     68.318      5.932   145.7006     4.5743     3.1061     0.0328      0.042      7.270     10.545        740 1.2374e-01   999.7800 0.0000e+00
      7.434     9.7326     0.1098      0.963  47.344577     67.945      5.932   144.0349     4.6010     3.0340     0.0326      0.045      7.289     10.572        741 1.2362e-01   999.7814 0.0000e+00
      7.453     9.7093     0.1088      0.954  47.904950     68.993      5.928   142.4827     4.5667     3.1349     0.0331      0.050      7.308     10.599        742 1.2367e-01   999.7837 0.0000e+00
      7.468     9.6908     0.1099      0.964  47.996503     69.051      5.925   141.1577     4.5553     3.0051     0.0331      0.056      7.324     10.622        743 1.2384e-01   999.7862 0.0000e+00
      7.482     9.6748     0.1113      0.975  48.090577     69.258      5.924   139.9463     3.9678     3.3368     0.0332      0.060      7.336     10.641        744 1.2374e-01   999.7882 0.0000e+00
      7.492     9.6654     0.1120      0.981  48.469916     69.899      5.918   138.7727     3.9830     3.3800     0.0335      0.059      7.345     10.654        745 1.2365e-01   999.7901 0.0000e+00
      7.496     9.6572     0.1095      0.959  48.354727     69.690      5.916   137.0313     3.9678     3.3512     0.0334      0.057      7.354     10.666        746 1.2376e-01   999.7914 0.0000e+00
      7.510     9.6421     0.1119      0.980  48.708393     70.232      5.914   133.3970     3.9830     3.3800     0.0336      0.056      7.365     10.683        747 1.2373e-01   999.7924 0.0000e+00
      7.525     9.6269     0.1117      0.978  49.364226     71.256      5.913   131.9584     3.9335     2.8177     0.0341      0.052      7.377     10.700        748 1.2366e-01   999.7935 0.0000e+00
      7.530     9.6162     0.1069      0.935  49.169542     70.965      5.912   130.2549     3.9335     2.9186     0.0339      0.046      7.386     10.713        749 1.2367e-01   999.7947 0.0000e+00
      7.539     9.5995     0.1174      1.028  48.950679     70.634      5.911   128.6270     3.9602     2.8032     0.0338      0.041      7.397     10.728        750 1.2374e-01   999.7959 0.0000e+00
      7.560     9.5796     0.1067      0.933  49.695926     71.785      5.909   125.7498     3.9449     2.8753     0.0343      0.042      7.414     10.753        751 1.2383e-01   999.7973 0.0000e+00
      7.581     9.5644     0.1095      0.957  50.584880     73.112      5.906   124.1598     3.9449     3.2214     0.0349      0.046      7.431     10.778        752 1.2377e-01   999.7992 0.0000e+00
      7.591     9.5505     0.1047      0.915  50.958267     73.680      5.906   122.9863     3.9563     3.1061     0.0351      0.050      7.444     10.797        753 1.2376e-01   999.8012 0.0000e+00
      7.601     9.5369     0.1004      0.877  51.247916     74.116      5.906   122.3805     3.9487     2.9763     0.0353      0.053      7.455     10.813        754 1.2372e-01   999.8026 0.0000e+00
      7.615     9.5238     0.0980      0.856  51.736966     74.874      5.905   121.2070     3.9563     3.1205     0.0356      0.053      7.469     10.832        755 1.2373e-01   999.8041 0.0000e+00
      7.632     9.5105     0.1098      0.959  52.129151     75.470      5.905   119.9198     3.9678     3.0484     0.0359      0.055      7.484     10.853        756 1.2370e-01   999.8055 0.0000e+00
      7.645     9.4983     0.1044      0.911  52.391079     75.863      5.903   118.4055     3.7694     3.1349     0.0360      0.057      7.496     10.871        757 1.2356e-01   999.8067 0.0000e+00
      7.654     9.4884     0.1013      0.884  52.538056     76.135      5.904   116.7777     3.7542     3.1061     0.0362      0.055      7.506     10.886        758 1.2359e-01   999.8080 0.0000e+00
      7.661     9.4780     0.1016      0.887  52.687737     76.324      5.902   115.4527     3.7656     3.1205     0.0362      0.050      7.517     10.901        759 1.2372e-01   999.8091 0.0000e+00
      7.679     9.4636     0.1035      0.902  53.035287     76.913      5.903   112.2348     3.7656     3.1349     0.0365      0.048      7.534     10.927        760 1.2379e-01   999.8101 0.0000e+00
      7.709     9.4469     0.1064      0.928  53.529235     77.585      5.901   109.8877     3.8343     3.3512     0.0368      0.053      7.558     10.963        761 1.2378e-01   999.8114 0.0000e+00
      7.733     9.4292     0.1085      0.946  53.941662     78.307      5.899   108.0705     3.8381     3.2791     0.0371      0.060      7.583     10.998        762 1.2381e-01   999.8129 0.0000e+00
      7.754     9.4103     0.1051      0.916  54.331378     78.791      5.903   106.4426     3.8610     3.3224     0.0373      0.066      7.605     11.030        763 1.2381e-01   999.8145 0.0000e+00
      7.779     9.3942     0.1036      0.902  54.823974     79.684      5.895   104.9662     3.8686     3.3079     0.0377      0.073      7.628     11.064        764 1.2376e-01   999.8164 0.0000e+00
      7.804     9.3822     0.1093      0.952  56.413628     81.800      5.898   103.9441     3.4681     2.9763     0.0387      0.082      7.652     11.099        765 1.2363e-01   999.8189 0.0000e+00
      7.827     9.3701     0.1057      0.920  58.612437     85.414      5.893   102.9219     3.4566     2.8753     0.0403      0.089      7.674     11.130        766 1.2361e-01   999.8213 0.0000e+00
      7.844     9.3568     0.1108      0.964  59.326233     86.135      5.893   102.4676     3.4757     2.8465     0.0406      0.092      7.692     11.156        767 1.2371e-01   999.8227 0.0000e+00
      7.860     9.3456     0.0988      0.860  59.530480     86.694      5.891   101.5212     3.4528     2.8465     0.0408      0.089      7.706     11.176        768 1.2364e-01   999.8240 0.0000e+00
      7.868     9.3351     0.1043      0.908  59.634053     86.728      5.891   100.4233     2.7928     2.7600     0.0408      0.081      7.717     11.192        769 1.2355e-01   999.8251 0.0000e+00
      7.878     9.3203     0.0946      0.823  59.494045     86.634      5.889    99.3255     2.7700     2.7023     0.0408      0.073      7.729     11.211        770 1.2360e-01   999.8260 0.0000e+00
      7.900     9.3021     0.0906      0.788  59.526707     86.660      5.889    96.0698     2.7814     2.6735     0.0408      0.068      7.748     11.237        771 1.2359e-01   999.8269 0.0000e+00
      7.924     9.2869     0.1012      0.880  59.652755     86.901      5.889    95.1990     2.7814     2.6735     0.0409      0.065      7.767     11.266        772 1.2367e-01   999.8283 0.0000e+00
      7.937     9.2786     0.0926      0.805  59.930595     87.355      5.887    94.4419     2.0528     2.9763     0.0411      0.062      7.782     11.287        773 1.2370e-01   999.8300 0.0000e+00
      7.946     9.2699     0.1008      0.876  60.189745     87.761      5.888    93.7605     2.0757     2.8321     0.0413      0.060      7.793     11.303        774 1.2375e-01   999.8313 0.0000e+00
      7.961     9.2572     0.1067      0.928  60.724788     88.557      5.886    92.0569     2.0528     2.8321     0.0416      0.059      7.807     11.323        775 1.2374e-01   999.8323 0.0000e+00
      7.976     9.2460     0.1093      0.950  61.490116     89.721      5.887    90.6562     2.0451     2.9042     0.0422      0.060      7.821     11.343        776 1.2342e-01   999.8334 0.0000e+00
      7.987     9.2382     0.1017      0.883  62.026502     90.531      5.887    89.5205     2.1138     2.6446     0.0425      0.060      7.831     11.359        777 1.2378e-01   999.8348 0.0000e+00
      7.994     9.2318     0.1065      0.925  62.282742     90.927      5.885    89.0283     2.2244     2.6446     0.0427      0.056      7.841     11.373        778 1.2396e-01   999.8359 0.0000e+00
      8.007     9.2245     0.1032      0.897  62.565899     91.357      5.887    87.4762     2.2473     2.6302     0.0429      0.050      7.854     11.392        779 1.2372e-01   999.8367 0.0000e+00
      8.028     9.2164     0.0991      0.861  63.128167     92.190      5.884    86.5676     2.2626     2.7744     0.0433      0.049      7.869     11.413        780 1.2388e-01   999.8376 0.0000e+00
      8.036     9.2109     0.1008      0.876  63.363501     92.619      5.885    85.8862     2.2473     2.6590     0.0434      0.049      7.879     11.428        781 1.2359e-01   999.8384 0.0000e+00
      8.039     9.2069     0.1009      0.876  63.133611     92.191      5.887    83.7283     2.1863     2.8465     0.0432      0.047      7.886     11.438        782 1.2370e-01   999.8389 0.0000e+00
      8.052     9.2006     0.0991      0.860  63.532972     92.860      5.887    82.9333     2.1748     2.7023     0.0435      0.045      7.898     11.454        783 1.2377e-01   999.8396 0.0000e+00
      8.070     9.1924     0.1030      0.893  64.290956     93.974      5.886    81.5326     2.1901     2.6879     0.0440      0.045      7.912     11.474        784 1.2371e-01   999.8404 0.0000e+00
      8.078     9.1850     0.1013      0.879  64.534742     94.359      5.883    80.5861     2.1863     2.7600     0.0442      0.045      7.923     11.490        785 1.2387e-01   999.8410 0.0000e+00
      8.088     9.1794     0.1023      0.887  64.743104     94.628      5.887    79.4126     2.1787     2.7023     0.0443      0.045      7.933     11.505        786 1.2354e-01   999.8418 0.0000e+00
      8.102     9.1735     0.0996      0.864  65.100050     95.262      5.887    78.5418     2.1748     2.7023     0.0446      0.044      7.946     11.524        787 1.2363e-01   999.8427 0.0000e+00
      8.118     9.1667     0.1031      0.894  65.337004     95.523      5.885    77.5576     2.1787     2.5581     0.0447      0.045      7.962     11.547        788 1.2382e-01   999.8433 0.0000e+00
      8.135     9.1587     0.0984      0.853  65.575996     95.990      5.884    76.4218     2.1748     2.7311     0.0449      0.049      7.979     11.572        789 1.2370e-01   999.8440 0.0000e+00
      8.155     9.1489     0.0925      0.802  65.960103     96.459      5.885    75.3240     1.8353     2.9186     0.0452      0.055      7.996     11.597        790 1.2369e-01   999.8448 0.0000e+00
      8.170     9.1409     0.0912      0.790  66.431993     97.300      5.884    74.4911     1.8315     2.9186     0.0455      0.057      8.009     11.617        791 1.2360e-01   999.8457 0.0000e+00
      8.177     9.1355     0.0944      0.818  66.532081     97.370      5.883    74.3018     1.8277     2.8465     0.0456      0.057      8.018     11.630        792 1.2362e-01   999.8466 0.0000e+00
      8.183     9.1298     0.0925      0.802  66.547867     97.474      5.884    73.7718     1.7934     2.9474     0.0456      0.056      8.027     11.643        793 1.2377e-01   999.8472 0.0000e+00
      8.198     9.1217     0.0931      0.806  66.709157     97.694      5.883    72.9390     1.8239     2.6014     0.0457      0.055      8.040     11.661        794 1.2388e-01   999.8478 0.0000e+00
      8.215     9.1118     0.0994      0.861  66.598487     97.587      5.884    72.4847     1.8124     2.5581     0.0456      0.053      8.055     11.683        795 1.2366e-01   999.8483 0.0000e+00
      8.228     9.1027     0.0963      0.834  66.359120     97.201      5.886    71.5761     1.8201     2.6446     0.0455      0.051      8.068     11.702        796 1.2354e-01   999.8488 0.0000e+00
      8.239     9.0943     0.1047      0.907  66.324411     97.229      5.882    70.7433     1.8315     2.6590     0.0455      0.049      8.080     11.719        797 1.2382e-01   999.8496 0.0000e+00
      8.251     9.0866     0.0979      0.848  66.374568     97.296      5.884    70.3647     1.7781     2.8177     0.0455      0.048      8.090     11.734        798 1.2364e-01   999.8504 0.0000e+00
      8.261     9.0824     0.1034      0.895  66.385749     97.361      5.882    69.7968     1.7552     2.9186     0.0455      0.048      8.099     11.746        799 1.2362e-01   999.8511 0.0000e+00
      8.263     9.0796     0.0964      0.834  66.399544     97.383      5.882    69.2668     1.7590     2.9474     0.0455      0.046      8.105     11.755        800 1.2364e-01   999.8517 0.0000e+00
      8.273     9.0730     0.1012      0.875  66.387086     97.395      5.882    68.3961     1.7667     3.0051     0.0455      0.044      8.116     11.770        801 1.2359e-01   999.8521 0.0000e+00
      8.292     9.0625     0.0942      0.815  66.193500     97.115      5.884    67.3740     1.8315     2.6735     0.0454      0.042      8.131     11.793        802 1.2377e-01   999.8523 0.0000e+00
      8.308     9.0522     0.0906      0.784  65.987509     96.806      5.884    66.3140     1.8239     2.7023     0.0453      0.042      8.146     11.815        803 1.2375e-01   999.8527 0.0000e+00
      8.319     9.0438     0.0955      0.826  65.960812     96.836      5.883    65.6325     1.8048     2.6302     0.0453      0.044      8.158     11.833        804 1.2370e-01   999.8536 0.0000e+00
