Data/DataNotYetUploadedToEDI/Raw_CTD/RawDownloads/071019_bvr50_d.cnv
* Sea-Bird SBE19plus  Data File:
* FileName = C:\DATA\071019_bvr_0003.hex
* Software version 2.8.0.119
* Temperature SN = 7809
* Conductivity SN = 7809
* System UpLoad Time = Jul 12 2019 13:01:50
* <ApplicationData>
* <Seaterm232>
# nquan = 18
# nvalues = 974                         
# units = specified
# name 0 = depFM: Depth [fresh water, m]
# name 1 = tv290C: Temperature [ITS-90, deg C]
# name 2 = sbeox0Mg/L: Oxygen, SBE 43 [mg/l]
# name 3 = sbeox0PS: Oxygen, SBE 43 [% saturation]
# name 4 = c0uS/cm: Conductivity [uS/cm]
# name 5 = specc: Specific Conductance [uS/cm]
# name 6 = ph: pH
# name 7 = orp: Oxidation Reduction Potential [mV]
# name 8 = flECO-AFL: Fluorescence, WET Labs ECO-AFL/FL [mg/m^3]
# name 9 = turbWETntu0: Turbidity, WET Labs ECO [NTU]
# name 10 = sal00: Salinity, Practical [PSU]
# name 11 = dz/dtM: Descent Rate [m/s]
# name 12 = prdM: Pressure, Strain Gauge [db]
# name 13 = prdE: Pressure, Strain Gauge [psi]
# name 14 = scan: Scan Count
# name 15 = par/sat/log: PAR/Logarithmic, Satlantic
# name 16 = density00: Density [density, kg/m^3]
# name 17 = flag:  0.000e+00
# span 0 =     -0.671,     10.570       
# span 1 =     8.4026,    27.6352       
# span 2 =    -0.2595,     8.3543       
# span 3 =     -2.395,    106.031       
# span 4 =   0.498530, 142.396616       
# span 5 =      0.575,    216.409       
# span 6 =      5.882,      7.421       
# span 7 =  -954.1661,   314.8468       
# span 8 =    -0.1560,    25.7996       
# span 9 =    -0.6431,    64.8227       
# span 10 =     0.0110,     0.1002      
# span 11 =     -0.041,      0.117      
# span 12 =     -0.658,     10.362      
# span 13 =     -0.954,     15.028      
# span 14 =          1,        974      
# span 15 = 9.8085e-02, 3.4003e-01      
# span 16 =   996.3561,   999.9530      
# span 17 = 0.0000e+00, 0.0000e+00      
# interval = seconds: 0.25
# start_time = Jul 10 2019 22:11:09 [Instrument's time stamp, header]
# bad_flag = -9.990e-29
*END*
[from data line 885]
      9.373     8.7264     0.0861      0.740  67.994253    100.678      5.940    24.1788     1.0762     3.3224     0.0469      0.059      9.187     13.325        886 1.2364e-01   999.8819 0.0000e+00
      9.390     8.7189     0.0850      0.730  68.039517    100.820      5.940    23.8003     1.0724     3.2791     0.0469      0.067      9.204     13.350        887 1.2368e-01   999.8833 0.0000e+00
      9.395     8.7159     0.0925      0.794  68.043444    100.869      5.938    23.7245     1.0686     3.2214     0.0469      0.070      9.213     13.362        888 1.2352e-01   999.8846 0.0000e+00
      9.400     8.7192     0.0832      0.714  67.989380    100.811      5.940    23.2703     1.0876     3.3512     0.0469      0.068      9.219     13.371        889 1.2360e-01   999.8851 0.0000e+00
      9.407     8.7274     0.0854      0.733  67.988078    100.817      5.943    22.8160     1.0915     3.5387     0.0469      0.064      9.227     13.383        890 1.2376e-01   999.8854 0.0000e+00
      9.421     8.7234     0.0906      0.777  68.134115    101.018      5.944    22.3238     1.0762     3.4666     0.0470      0.060      9.240     13.402        891 1.2351e-01   999.8853 0.0000e+00
      9.440     8.7128     0.0861      0.739  68.490339    101.528      5.945    21.9831     1.1029     3.5098     0.0472      0.055      9.256     13.425        892 1.2348e-01   999.8851 0.0000e+00
      9.455     8.7060     0.0865      0.742  68.643026    101.792      5.945    21.9074     1.1067     3.5963     0.0474      0.048      9.272     13.447        893 1.2368e-01   999.8855 0.0000e+00
      9.468     8.6985     0.0868      0.745  68.626810    101.741      5.946    21.6424     1.1029     3.3800     0.0473      0.045      9.288     13.471        894 1.2374e-01   999.8863 0.0000e+00
      9.492     8.6908     0.0906      0.777  68.837044    102.134      5.947    21.1881     1.0762     3.4089     0.0475      0.050      9.309     13.503        895 1.2378e-01   999.8870 0.0000e+00
      9.522     8.6827     0.0851      0.730  69.093807    102.489      5.946    20.6960     1.0686     3.2647     0.0477      0.062      9.334     13.538        896 1.2380e-01   999.8878 0.0000e+00
      9.541     8.6768     0.0871      0.747  69.286847    102.845      5.946    20.1281     1.1029     3.3224     0.0478      0.071      9.353     13.564        897 1.2371e-01   999.8886 0.0000e+00
      9.546     8.6736     0.0916      0.786  69.249866    102.786      5.944    20.2795     0.9999     3.0916     0.0478      0.073      9.363     13.579        898 1.2352e-01   999.8891 0.0000e+00
      9.555     8.6691     0.0871      0.747  69.199203    102.721      5.949    19.4088     1.0113     3.1637     0.0478      0.071      9.375     13.597        899 1.2363e-01   999.8896 0.0000e+00
      9.578     8.6616     0.0768      0.659  69.498323    103.188      5.948    18.5760     1.0190     3.1061     0.0480      0.069      9.392     13.622        900 1.2373e-01   999.8901 0.0000e+00
      9.598     8.6544     0.0874      0.750  69.827526    103.700      5.948    18.1974     1.0495     3.1926     0.0482      0.069      9.409     13.648        901 1.2365e-01   999.8907 0.0000e+00
      9.610     8.6518     0.0834      0.715  70.006597    103.972      5.948    18.6138     1.1067     3.1205     0.0483      0.066      9.424     13.669        902 1.2362e-01   999.8913 0.0000e+00
      9.624     8.6458     0.0824      0.706  70.136348    104.203      5.951    18.1217     1.1029     3.1061     0.0484      0.061      9.438     13.689        903 1.2364e-01   999.8920 0.0000e+00
      9.639     8.6389     0.0823      0.705  70.408197    104.585      5.952    17.5160     1.0571     3.1637     0.0486      0.058      9.451     13.707        904 1.2366e-01   999.8924 0.0000e+00
      9.648     8.6368     0.0882      0.755  70.469805    104.769      5.953    17.5917     1.0915     3.0340     0.0487      0.057      9.461     13.721        905 1.2359e-01   999.8929 0.0000e+00
      9.654     8.6291     0.0882      0.755  70.504971    104.710      5.951    17.3645     1.0762     3.0340     0.0486      0.056      9.471     13.736        906 1.2378e-01   999.8934 0.0000e+00
      9.672     8.6215     0.0949      0.812  70.750360    105.253      5.951    16.8724     1.2059     3.1782     0.0489      0.054      9.487     13.760        907 1.2394e-01   999.8938 0.0000e+00
      9.696     8.6194     0.0889      0.761  70.936272    105.364      5.953    16.1152     1.2212     3.1493     0.0489      0.053      9.509     13.790        908 1.2368e-01   999.8945 0.0000e+00
      9.719     8.6160     0.0911      0.780  71.193898    105.968      5.953    15.8124     1.1868     3.1205     0.0492      0.056      9.529     13.820        909 1.2375e-01   999.8953 0.0000e+00
      9.733     8.6160     0.0897      0.768  71.409425    106.101      5.951    15.8124     1.2059     3.0195     0.0493      0.060      9.544     13.842        910 1.2382e-01   999.8956 0.0000e+00
      9.743     8.6257     0.0900      0.770  71.499296    106.443      5.953    15.4717     1.0762     3.0484     0.0494      0.062      9.558     13.861        911 1.2383e-01   999.8960 0.0000e+00
      9.762     8.6237     0.0845      0.722  71.646116    106.446      5.957    15.0552     1.0762     3.1349     0.0494      0.064      9.575     13.886        912 1.2394e-01   999.8962 0.0000e+00
      9.785     8.6009     0.0801      0.685  72.740814    108.201      5.954    14.6009     1.0915     3.1349     0.0502      0.069      9.595     13.915        913 1.2377e-01   999.8962 0.0000e+00
      9.802     8.5774     0.0756      0.646  73.818401    109.788      5.956    14.6009     1.0876     3.1349     0.0509      0.071      9.613     13.941        914 1.2370e-01   999.8970 0.0000e+00
      9.817     8.5593     0.0836      0.715  74.224129    110.406      5.958    14.9417     1.3928     3.2503     0.0512      0.069      9.629     13.966        915 1.2380e-01   999.8989 0.0000e+00
      9.838     8.5446     0.0819      0.700  75.383188    112.232      5.955    14.4495     1.3928     3.3800     0.0520      0.068      9.648     13.993        916 1.2379e-01   999.9012 0.0000e+00
      9.859     8.5350     0.0772      0.660  76.236041    113.669      5.959    14.1467     1.4043     3.3079     0.0527      0.070      9.665     14.018        917 1.2370e-01   999.9031 0.0000e+00
      9.870     8.5307     0.0822      0.702  75.983639    113.176      5.958    13.9574     1.4005     3.2791     0.0524      0.070      9.678     14.037        918 1.2368e-01   999.9041 0.0000e+00
      9.879     8.5342     0.0824      0.704  76.053628    113.418      5.958    13.5409     1.0228     2.8609     0.0525      0.069      9.690     14.055        919 1.2363e-01   999.9048 0.0000e+00
      9.895     8.5375     0.0898      0.768  76.356810    113.849      5.958    13.2759     1.0495     2.9763     0.0527      0.065      9.707     14.079        920 1.2374e-01   999.9053 0.0000e+00
      9.920     8.5261     0.0883      0.754  77.625607    115.633      5.959    12.6324     1.0457     2.8321     0.0536      0.064      9.730     14.111        921 1.2385e-01   999.9058 0.0000e+00
      9.948     8.5090     0.0928      0.793  79.671541    118.914      5.957    12.0267     1.0342     2.8753     0.0551      0.067      9.753     14.145        922 1.2378e-01   999.9068 0.0000e+00
      9.966     8.4975     0.0877      0.749  80.284785    119.667      5.955    11.9509     0.9541     3.2791     0.0554      0.070      9.771     14.172        923 1.2364e-01   999.9081 0.0000e+00
      9.976     8.4894     0.0879      0.751  80.158993    119.643      5.955    12.2538     0.9312     3.2647     0.0554      0.070      9.785     14.192        924 1.2374e-01   999.9092 0.0000e+00
      9.992     8.4830     0.0916      0.782  80.273604    119.769      5.955    11.5345     0.9694     3.4089     0.0554      0.071      9.801     14.215        925 1.2376e-01   999.9101 0.0000e+00
     10.015     8.4791     0.0870      0.743  81.092597    121.050      5.955    11.1181     0.9618     3.3079     0.0560      0.074      9.819     14.241        926 1.2362e-01   999.9112 0.0000e+00
     10.030     8.4798     0.0854      0.729  81.931711    122.412      5.956    11.3831     1.0228     3.1926     0.0566      0.074      9.834     14.263        927 1.2363e-01   999.9122 0.0000e+00
     10.039     8.4847     0.0852      0.728  82.466872    123.053      5.954    11.3831     1.0381     3.3079     0.0569      0.069      9.847     14.282        928 1.2375e-01   999.9128 0.0000e+00
     10.055     8.4894     0.0873      0.746  83.872223    125.308      5.957    11.2695     1.0457     3.3945     0.0580      0.064      9.862     14.302        929 1.2380e-01   999.9136 0.0000e+00
     10.073     8.4884     0.0754      0.644  84.697911    126.501      5.954    11.2317     1.0381     3.3079     0.0585      0.061      9.878     14.326        930 1.2368e-01   999.9138 0.0000e+00
     10.088     8.4813     0.0791      0.676  84.201910    125.690      5.953    11.0045     1.0075     3.3079     0.0581      0.061      9.893     14.349        931 1.2371e-01   999.9133 0.0000e+00
     10.103     8.4726     0.0817      0.698  83.746825    125.024      5.955    10.8152     1.0152     3.2935     0.0578      0.061      9.907     14.369        932 1.2371e-01   999.9132 0.0000e+00
     10.116     8.4663     0.0857      0.732  83.719541    125.010      5.955    10.8152     1.0228     3.3368     0.0578      0.059      9.919     14.386        933 1.2381e-01   999.9137 0.0000e+00
     10.123     8.4635     0.0870      0.743  83.819990    125.209      5.955    10.5124     1.0304     3.3079     0.0579      0.056      9.927     14.398        934 1.2384e-01   999.9144 0.0000e+00
     10.128     8.4628     0.0859      0.733  83.859471    125.275      5.954    10.3988     1.0381     3.3368     0.0579      0.052      9.933     14.408        935 1.2375e-01   999.9149 0.0000e+00
     10.138     8.4609     0.0810      0.692  83.878355    125.327      5.954    10.2095     1.0266     2.8321     0.0580      0.049      9.943     14.422        936 1.2384e-01   999.9151 0.0000e+00
     10.153     8.4601     0.0863      0.737  83.945023    125.414      5.953     9.7174     1.0266     2.9186     0.0580      0.045      9.956     14.440        937 1.2380e-01   999.9153 0.0000e+00
     10.165     8.4649     0.0880      0.752  83.895329    125.378      5.955     9.6416     1.0266     2.8609     0.0580      0.042      9.967     14.455        938 1.2375e-01   999.9154 0.0000e+00
     10.169     8.4714     0.0785      0.670  83.851082    125.257      5.955     9.4145     1.0457     2.8465     0.0579      0.039      9.974     14.466        939 1.2372e-01   999.9155 0.0000e+00
     10.178     8.4748     0.0799      0.682  83.732736    125.154      5.956     9.4145     1.0609     3.3079     0.0579      0.037      9.985     14.482        940 1.2364e-01   999.9151 0.0000e+00
     10.200     8.4692     0.0831      0.709  83.804960    125.088      5.957     8.4302     1.0342     3.3368     0.0578      0.040     10.004     14.509        941 1.2369e-01   999.9148 0.0000e+00
     10.224     8.4569     0.0796      0.679  84.503850    126.288      5.955     7.4081     1.0495     3.3656     0.0584      0.047     10.024     14.539        942 1.2376e-01   999.9150 0.0000e+00
     10.242     8.4514     0.0818      0.698  84.853296    126.726      5.953     7.7488     1.0113     3.2358     0.0586      0.053     10.042     14.564        943 1.2364e-01   999.9157 0.0000e+00
     10.254     8.4498     0.0847      0.723  84.944531    126.943      5.957     7.5216     1.0533     3.5675     0.0587      0.057     10.054     14.583        944 1.2360e-01   999.9167 0.0000e+00
     10.263     8.4462     0.0857      0.732  85.311246    127.506      5.956     7.2945     1.0686     3.5675     0.0589      0.059     10.064     14.596        945 1.2363e-01   999.9173 0.0000e+00
     10.269     8.4441     0.0831      0.709  85.436699    127.721      5.954     7.1431     1.0915     3.5387     0.0590      0.058     10.070     14.606        946 1.2366e-01   999.9175 0.0000e+00
     10.275     8.4418     0.0852      0.727  85.412273    127.652      5.957     7.2188     1.0991     3.5242     0.0590      0.056     10.078     14.618        947 1.2378e-01   999.9178 0.0000e+00
     10.289     8.4382     0.0835      0.713  86.054648    128.622      5.956     6.6131     1.0381     3.2935     0.0595      0.051     10.091     14.635        948 1.2368e-01   999.9183 0.0000e+00
     10.306     8.4370     0.0766      0.654  87.400232    130.682      5.957     5.9316     1.0113     3.3800     0.0604      0.046     10.104     14.655        949 1.2361e-01   999.9193 0.0000e+00
     10.315     8.4380     0.0790      0.674  88.134793    131.827      5.958     6.0074     1.0266     3.3512     0.0609      0.042     10.113     14.669        950 1.2374e-01   999.9200 0.0000e+00
     10.319     8.4386     0.0825      0.704  87.903588    131.413      5.959     6.0452     1.0266     3.2503     0.0607      0.039     10.121     14.680        951 1.2369e-01   999.9200 0.0000e+00
     10.329     8.4350     0.0758      0.647  88.460463    132.204      5.958     5.5909     0.9618     3.0628     0.0611      0.038     10.131     14.695        952 1.2364e-01   999.9202 0.0000e+00
     10.346     8.4285     0.0770      0.657  89.997095    134.630      5.960     5.1745     0.9770     3.1205     0.0622      0.041     10.147     14.718        953 1.2358e-01   999.9211 0.0000e+00
     10.367     8.4250     0.0801      0.683  90.567168    135.440      5.960     4.6445     0.9732     3.2358     0.0626      0.046     10.166     14.745        954 1.2366e-01   999.9219 0.0000e+00
     10.385     8.4248     0.0833      0.711  90.336146    135.090      5.959     4.3795     0.9808     2.9907     0.0624      0.050     10.184     14.771        955 1.2377e-01   999.9222 0.0000e+00
     10.401     8.4239     0.0729      0.622  90.462892    135.314      5.957     4.1145     1.0228     3.5819     0.0625      0.054     10.200     14.794        956 1.2372e-01   999.9227 0.0000e+00
     10.417     8.4198     0.0852      0.727  91.092903    136.236      5.962     4.2281     1.0228     3.5531     0.0629      0.057     10.216     14.816        957 1.2374e-01   999.9230 0.0000e+00
     10.432     8.4153     0.0795      0.678  92.018561    137.663      5.959     3.9631     1.0419     3.5675     0.0636      0.062     10.232     14.840        958 1.2379e-01   999.9236 0.0000e+00
     10.451     8.4116     0.0822      0.702  92.817543    138.854      5.960     4.1523     0.9961     3.5387     0.0641      0.066     10.249     14.865        959 1.2380e-01   999.9244 0.0000e+00
     10.470     8.4083     0.0887      0.757  93.278415    139.585      5.959     3.6602     1.3394     3.5531     0.0645      0.068     10.266     14.889        960 1.2377e-01   999.9251 0.0000e+00
     10.482     8.4057     0.0826      0.705  93.495621    139.894      5.957     2.9409     1.3051     3.6252     0.0646      0.066     10.277     14.906        961 1.2382e-01   999.9256 0.0000e+00
     10.487     8.4042     0.0849      0.724  93.438820    139.866      5.959     3.1681     1.3318     3.6684     0.0646      0.062     10.284     14.916        962 1.2364e-01   999.9258 0.0000e+00
     10.492     8.4033 -9.990e-29 -9.990e-29  93.497706    139.876      5.958     3.0923     1.3394     3.6396     0.0646      0.056     10.289     14.922        963 1.2356e-01   999.9259 0.0000e+00
     10.495     8.4026 -9.990e-29 -9.990e-29  93.660101    140.260      5.959     2.6381     1.3585     3.4666     0.0648      0.048     10.292     14.927        964 1.2371e-01   999.9261 0.0000e+00
