Data/DataNotYetUploadedToEDI/Raw_CTD/RawDownloads/071019_bvr50_d.cnv
* Sea-Bird SBE19plus  Data File:
* FileName = C:\DATA\071019_bvr_0003.hex
* Software version 2.8.0.119
* Temperature SN = 7809
* Conductivity SN = 7809
* System UpLoad Time = Jul 12 2019 13:01:50
* <ApplicationData>
* <Seaterm232>
# nquan = 18
# nvalues = 974                         
# units = specified
# name 0 = depFM: Depth [fresh water, m]
# name 1 = tv290C: Temperature [ITS-90, deg C]
# name 2 = sbeox0Mg/L: Oxygen, SBE 43 [mg/l]
# name 3 = sbeox0PS: Oxygen, SBE 43 [% saturation]
# name 4 = c0uS/cm: Conductivity [uS/cm]
# name 5 = specc: Specific Conductance [uS/cm]
# name 6 = ph: pH
# name 7 = orp: Oxidation Reduction Potential [mV]
# name 8 = flECO-AFL: Fluorescence, WET Labs ECO-AFL/FL [mg/m^3]
# name 9 = turbWETntu0: Turbidity, WET Labs ECO [NTU]
# name 10 = sal00: Salinity, Practical [PSU]
# name 11 = dz/dtM: Descent Rate [m/s]
# name 12 = prdM: Pressure, Strain Gauge [db]
# name 13 = prdE: Pressure, Strain Gauge [psi]
# name 14 = scan: Scan Count
# name 15 = par/sat/log: PAR/Logarithmic, Satlantic
# name 16 = density00: Density [density, kg/m^3]
# name 17 = flag:  0.000e+00
# span 0 =     -0.671,     10.570       
# span 1 =     8.4026,    27.6352       
# span 2 =    -0.2595,     8.3543       
# span 3 =     -2.395,    106.031       
# span 4 =   0.498530, 142.396616       
# span 5 =      0.575,    216.409       
# span 6 =      5.882,      7.421       
# span 7 =  -954.1661,   314.8468       
# span 8 =    -0.1560,    25.7996       
# span 9 =    -0.6431,    64.8227       
# span 10 =     0.0110,     0.1002      
# span 11 =     -0.041,      0.117      
# span 12 =     -0.658,     10.362      
# span 13 =     -0.954,     15.028      
# span 14 =          1,        974      
# span 15 = 9.8085e-02, 3.4003e-01      
# span 16 =   996.3561,   999.9530      
# span 17 = 0.0000e+00, 0.0000e+00      
# interval = seconds: 0.25
# start_time = Jul 10 2019 22:11:09 [Instrument's time stamp, header]
# bad_flag = -9.990e-29
*END*
[from data line 81]
     -0.070    27.4019     6.5080     82.205  27.660817     26.387      6.765   243.2588     0.6947     0.9719     0.0208     -0.005     -0.070     -0.101         82 1.2378e-01   996.4171 0.0000e+00
     -0.070    27.3910     6.4601     81.590  27.659898     26.386      6.731   243.2588     0.7252     0.9719     0.0208     -0.003     -0.071     -0.103         83 1.2379e-01   996.4164 0.0000e+00
     -0.078    27.3844     6.4090     80.933  27.608066     26.337      6.716   243.7130     0.6909     1.1594     0.0208     -0.003     -0.075     -0.109         84 1.2373e-01   996.4189 0.0000e+00
     -0.082    27.3710     6.3750     80.497  27.666082     26.396      6.706   243.2588     0.6833     1.1161     0.0208     -0.004     -0.079     -0.114         85 1.2368e-01   996.4220 0.0000e+00
     -0.080    27.3556     6.3488     80.170  27.706185     26.453      6.700   243.4859     0.7100     1.1450     0.0209     -0.006     -0.080     -0.115         86 1.2355e-01   996.4238 0.0000e+00
     -0.081    27.3497     6.3405     80.071  27.676645     26.406      6.678   245.0759     0.7062     1.1017     0.0208     -0.007     -0.080     -0.116         87 1.2373e-01   996.4276 0.0000e+00
     -0.084    27.3536     6.3360     80.018  27.643606     26.414      6.674   245.5302     0.7138     0.8710     0.0208     -0.007     -0.082     -0.120         88 1.2383e-01   996.4319 0.0000e+00
     -0.087    27.3586     6.3370     80.030  27.569579     26.310      6.668   246.1359     0.6871     0.8277     0.0208     -0.008     -0.086     -0.124         89 1.2376e-01   996.4334 0.0000e+00
     -0.090    27.3600     6.3293     79.924  27.591046     26.362      6.662   246.3630     0.7100     0.8854     0.0208     -0.009     -0.088     -0.128         90 1.2365e-01   996.4324 0.0000e+00
     -0.093    27.3595     6.3158     79.736  27.676134     26.412      6.657   246.2116     0.7100     0.8710     0.0208     -0.009     -0.091     -0.132         91 1.2368e-01   996.4310 0.0000e+00
     -0.094    27.3564     6.2811     79.279  27.700658     26.465      6.643   246.5523     0.6871     0.8422     0.0209     -0.008     -0.092     -0.133         92 1.2368e-01   996.4306 0.0000e+00
     -0.094    27.3496     6.2402     78.755  27.679009     26.412      6.637   247.3473     0.7100     0.9719     0.0208     -0.008     -0.091     -0.132         93 1.2360e-01   996.4307 0.0000e+00
     -0.091    27.3414     6.1976     78.186  27.703074     26.467      6.628   247.6502     0.7024     0.8277     0.0209     -0.007     -0.090     -0.130         94 1.2376e-01   996.4316 0.0000e+00
     -0.090    27.3371     6.1527     77.585  27.670710     26.417      6.622   248.1045     0.7252     0.8710     0.0208     -0.005     -0.088     -0.128         95 1.2373e-01   996.4335 0.0000e+00
     -0.089    27.3391     6.0950     76.860  27.600803     26.368      6.614   248.4831     0.7138     0.8277     0.0208     -0.002     -0.087     -0.126         96 1.2367e-01   996.4357 0.0000e+00
     -0.089    27.3433     6.0339     76.090  27.612348     26.370      6.607   248.5588     0.7825     1.2171     0.0208      0.001     -0.087     -0.126         97 1.2369e-01   996.4370 0.0000e+00
     -0.089    27.3464     5.9844     75.459  27.656344     26.422      6.598   248.8616     0.7748     1.0440     0.0208      0.002     -0.088     -0.127         98 1.2378e-01   996.4364 0.0000e+00
     -0.091    27.3460     5.9353     74.832  27.664536     26.420      6.582   249.1266     0.7786     1.0873     0.0208      0.002     -0.090     -0.130         99 1.2371e-01   996.4352 0.0000e+00
     -0.095    27.3398     5.8847     74.187  27.661395     26.419      6.572   249.4673     0.7939     1.1306     0.0208      0.001     -0.093     -0.135        100 1.2364e-01   996.4344 0.0000e+00
     -0.098    27.3265     5.8324     73.531  27.660253     26.419      6.571   249.4673     0.7672     1.1594     0.0208     -0.002     -0.097     -0.141        101 1.2372e-01   996.4345 0.0000e+00
     -0.105    27.3147     5.7767     72.822  27.665957     26.422      6.568   249.9216     0.7748     1.1882     0.0208     -0.006     -0.102     -0.149        102 1.2371e-01   996.4362 0.0000e+00
     -0.111    27.3082     5.7295     72.213  27.654297     26.429      6.562   249.7702     0.7519     1.0585     0.0208     -0.010     -0.107     -0.155        103 1.2372e-01   996.4398 0.0000e+00
     -0.112    27.2856     5.7061     71.915  27.615525     26.382      6.555   249.6945     0.7634     1.0585     0.0208     -0.013     -0.109     -0.157        104 1.2370e-01   996.4430 0.0000e+00
     -0.109    27.2618     5.7053     71.904  27.595727     26.384      6.542   250.0352     0.7825     0.9431     0.0208     -0.013     -0.108     -0.156        105 1.2353e-01   996.4448 0.0000e+00
     -0.110    27.2616     5.7123     71.998  27.560456     26.342      6.528   250.7166     0.7748     0.8854     0.0208     -0.012     -0.108     -0.156        106 1.2360e-01   996.4512 0.0000e+00
     -0.110    27.2635     5.7082     71.888  27.481701     26.302      6.517   251.6252     0.7519     0.8998     0.0208     -0.010     -0.107     -0.155        107 1.2366e-01   996.4578 0.0000e+00
     -0.108    27.2588     5.6996     71.665  27.427154     26.221      6.505   251.2845     0.7786     0.9719     0.0207     -0.006     -0.106     -0.154        108 1.2363e-01   996.4578 0.0000e+00
     -0.107    27.2524     5.6917     71.487  27.480236     26.300      6.494   251.3981     0.7405     0.9575     0.0208     -0.003     -0.106     -0.154        109 1.2376e-01   996.4573 0.0000e+00
     -0.108    27.2479     5.6979     71.515  27.415641     26.222      6.484   250.9816     0.7367     1.0152     0.0207      0.000     -0.108     -0.157        110 1.2379e-01   996.4585 0.0000e+00
     -0.113    27.2495     5.7102     71.648  27.359436     26.172      6.468   251.4738     0.7100     0.9719     0.0207      0.000     -0.115     -0.167        111 1.2369e-01   996.4603 0.0000e+00
     -0.130    27.2437     5.7380     71.989  27.372457     26.201      6.439   250.1488     0.7329     0.9287     0.0207     -0.005     -0.131     -0.190        112 1.2362e-01   996.4614 0.0000e+00
     -0.158    27.2343     5.7623     72.290  27.369816     26.174      6.418   250.0731     0.7100     0.8422     0.0207     -0.017     -0.152     -0.220        113 1.2377e-01   996.4609 0.0000e+00
     -0.175    27.2309     5.7891     72.609  27.392344     26.230      6.414   250.3002     0.7252     0.8422     0.0207     -0.030     -0.167     -0.242        114 1.2383e-01   996.4624 0.0000e+00
     -0.177    27.2317     5.7998     72.730  27.433287     26.235      6.413   250.3381     0.7138     0.9143     0.0207     -0.039     -0.170     -0.246        115 1.2371e-01   996.4650 0.0000e+00
     -0.166    27.2339     5.7979     72.704  27.526213     26.370      6.402   249.9216     0.7252     0.8710     0.0208     -0.041     -0.164     -0.237        116 1.2372e-01   996.4660 0.0000e+00
     -0.159    27.1879     5.7889     72.592  27.424806     26.237      6.374   250.3381     0.7024     0.8998     0.0207     -0.036     -0.160     -0.232        117 1.2375e-01   996.4658 0.0000e+00
     -0.166    27.1016     5.7702     72.353  27.352138     26.181      6.343   250.3002     0.7443     0.9287     0.0207     -0.030     -0.162     -0.234        118 1.2365e-01   996.4652 0.0000e+00
     -0.167    27.0377     5.7372     71.927  27.379682     26.231      6.336   250.7545     0.7138     0.8566     0.0207     -0.021     -0.165     -0.239        119 1.2359e-01   996.4779 0.0000e+00
     -0.171    27.0005     5.6933     71.283  27.360926     26.249      6.331   251.3981     0.7214     0.9287     0.0207     -0.010     -0.169     -0.244        120 1.2369e-01   996.5018 0.0000e+00
     -0.177    26.9825     5.6396     70.533  27.345888     26.280      6.332   251.2088     0.6947     0.8998     0.0207     -0.003     -0.175     -0.253        121 1.2362e-01   996.5194 0.0000e+00
     -0.186    26.9778     5.5778     69.742  27.309557     26.246      6.313   251.3223     0.7214     0.8998     0.0207     -0.004     -0.181     -0.263        122 1.2363e-01   996.5296 0.0000e+00
     -0.191    26.9735     5.5228     69.066  27.346911     26.308      6.311   250.9816     0.7176     0.9575     0.0207     -0.010     -0.186     -0.270        123 1.2386e-01   996.5345 0.0000e+00
     -0.192    26.9619     5.4712     68.425  27.358650     26.311      6.314   250.4516     0.7138     0.8998     0.0207     -0.016     -0.188     -0.273        124 1.2379e-01   996.5358 0.0000e+00
     -0.194    26.9503     5.4176     67.742  27.294950     26.259      6.325   250.6409     0.7138     0.8566     0.0207     -0.018     -0.187     -0.271        125 1.2374e-01   996.5369 0.0000e+00
     -0.186    26.9500     5.3679     67.101  27.278083     26.238      6.322   251.2845     0.6489     0.8566     0.0207     -0.014     -0.182     -0.263        126 1.2368e-01   996.5401 0.0000e+00
     -0.177    26.9486     5.3208     66.489  27.290784     26.271      6.316   251.2466     0.6604     1.0008     0.0207     -0.008     -0.175     -0.253        127 1.2365e-01   996.5433 0.0000e+00
     -0.172    26.9488     5.2787     65.947  27.249526     26.218      6.309   251.2088     0.6909     0.8854     0.0207     -0.000     -0.170     -0.247        128 1.2384e-01   996.5435 0.0000e+00
     -0.173    26.9334     5.2422     65.481  27.240565     26.217      6.299   251.2466     0.6680     0.8854     0.0207      0.006     -0.168     -0.243        129 1.2380e-01   996.5439 0.0000e+00
     -0.168    26.8657     5.2053     65.008  27.242696     26.219      6.292   251.1331     0.6680     0.9287     0.0207      0.012     -0.163     -0.237        130 1.2365e-01   996.5438 0.0000e+00
     -0.158    26.8027     5.1702     64.558  27.246877     26.224      6.294   251.6252     0.7672     0.8710     0.0207      0.017     -0.156     -0.226        131 1.2366e-01   996.5481 0.0000e+00
     -0.150    26.7882     5.1353     64.112  27.235370     26.261      6.288   251.5116     0.7748     0.8710     0.0207      0.021     -0.149     -0.216        132 1.2367e-01   996.5667 0.0000e+00
     -0.147    26.7967     5.1018     63.683  27.227415     26.265      6.279   252.0416     0.7939     1.0008     0.0206      0.022     -0.146     -0.211        133 1.2364e-01   996.5839 0.0000e+00
     -0.148    26.8009     5.0687     63.266  27.227176     26.300      6.270   252.3445     0.7710     0.8422     0.0207      0.020     -0.144     -0.209        134 1.2361e-01   996.5878 0.0000e+00
     -0.146    26.7906     5.0440     62.956  27.206056     26.241      6.262   252.1173     0.7825     0.8422     0.0206      0.017     -0.142     -0.206        135 1.2370e-01   996.5855 0.0000e+00
     -0.140    26.7738     5.0135     62.570  27.224078     26.293      6.257   252.6095     0.7672     0.8422     0.0207      0.017     -0.137     -0.198        136 1.2372e-01   996.5844 0.0000e+00
     -0.132    26.7555     4.9838     62.192  27.204746     26.244      6.257   252.9124     0.7863     0.8998     0.0206      0.018     -0.129     -0.187        137 1.2359e-01   996.5873 0.0000e+00
     -0.123    26.7415     4.9596     61.882  27.230116     26.307      6.259   253.2152     0.7596     0.8710     0.0207      0.018     -0.121     -0.176        138 1.2365e-01   996.5918 0.0000e+00
     -0.116    26.7323     4.9293     61.495  27.222132     26.289      6.258   253.2909     0.7252     0.8133     0.0206      0.019     -0.115     -0.166        139 1.2370e-01   996.5969 0.0000e+00
     -0.111    26.7229     4.9048     61.183  27.185069     26.269      6.262   253.6695     0.6795     0.7989     0.0206      0.020     -0.110     -0.159        140 1.2363e-01   996.6007 0.0000e+00
     -0.109    26.7132     4.8749     60.802  27.187386     26.274      6.261   253.8966     0.7405     0.9287     0.0206      0.022     -0.107     -0.155        141 1.2370e-01   996.6033 0.0000e+00
     -0.107    26.7039     4.8504     60.487  27.189631     26.279      6.263   254.3888     0.7176     0.8998     0.0206      0.023     -0.106     -0.154        142 1.2377e-01   996.6058 0.0000e+00
     -0.107    26.6951     4.8270     60.189  27.182275     26.283      6.261   254.3131     0.7672     0.9287     0.0206      0.020     -0.106     -0.154        143 1.2361e-01   996.6085 0.0000e+00
     -0.109    26.6904     4.8175     60.072  27.137303     26.234      6.261   254.5402     0.8092     1.0152     0.0206      0.016     -0.107     -0.155        144 1.2363e-01   996.6110 0.0000e+00
     -0.110    26.6889     4.8003     59.864  27.186363     26.293      6.257   254.5024     0.7786     0.9719     0.0206      0.010     -0.108     -0.157        145 1.2364e-01   996.6134 0.0000e+00
     -0.112    26.6853     4.7893     59.730  27.210086     26.322      6.259   255.1459     0.7825     0.8422     0.0206      0.004     -0.110     -0.158        146 1.2352e-01   996.6146 0.0000e+00
     -0.112    26.6789     4.7748     59.546  27.137402     26.242      6.258   255.6759     0.8397     0.8566     0.0206      0.000     -0.110     -0.159        147 1.2370e-01   996.6151 0.0000e+00
     -0.112    26.6713     4.7640     59.409  27.128715     26.244      6.259   255.5245     0.8168     0.8133     0.0206     -0.002     -0.110     -0.158        148 1.2365e-01   996.6161 0.0000e+00
     -0.111    26.6639     4.7557     59.300  27.132036     26.247      6.258   255.9031     0.8549     0.8133     0.0206     -0.002     -0.109     -0.158        149 1.2360e-01   996.6178 0.0000e+00
     -0.111    26.6571     4.7439     59.148  27.133270     26.251      6.257   256.3574     0.8473     0.9864     0.0206     -0.002     -0.109     -0.157        150 1.2372e-01   996.6199 0.0000e+00
     -0.110    26.6498     4.7462     59.177  27.127182     26.254      6.258   256.1302     0.8282     0.8277     0.0206     -0.001     -0.108     -0.157        151 1.2358e-01   996.6219 0.0000e+00
     -0.110    26.6416     4.7264     58.932  27.080376     26.204      6.257   256.6224     0.6947     0.9143     0.0206     -0.000     -0.108     -0.157        152 1.2363e-01   996.6237 0.0000e+00
     -0.111    26.6363     4.7246     58.907  27.102662     26.235      6.255   256.4709     0.7138     0.8277     0.0206      0.000     -0.108     -0.157        153 1.2356e-01   996.6257 0.0000e+00
     -0.110    26.6374     4.7224     58.876  27.129070     26.266      6.254   256.9631     0.7367     0.9143     0.0206      0.001     -0.108     -0.157        154 1.2358e-01   996.6280 0.0000e+00
     -0.110    26.6429     4.7250     58.906  27.077133     26.214      6.253   256.7359     0.7176     0.8998     0.0206      0.001     -0.109     -0.158        155 1.2367e-01   996.6294 0.0000e+00
     -0.114    26.6459     4.7277     58.944  27.078435     26.214      6.247   257.0766     0.8321     0.9719     0.0206     -0.000     -0.111     -0.161        156 1.2381e-01   996.6291 0.0000e+00
     -0.114    26.6438     4.7223     58.883  27.127449     26.265      6.246   256.8495     0.8549     1.2171     0.0206     -0.001     -0.112     -0.162        157 1.2375e-01   996.6276 0.0000e+00
     -0.113    26.6406     4.7175     58.827  27.134617     26.264      6.240   257.1902     0.8511     1.1450     0.0206     -0.002     -0.112     -0.162        158 1.2359e-01   996.6267 0.0000e+00
     -0.115    26.6353     4.7174     58.836  27.099134     26.238      6.237   257.1524     0.8511     1.1161     0.0206     -0.002     -0.112     -0.162        159 1.2376e-01   996.6273 0.0000e+00
     -0.115    26.6310     4.7343     59.060  27.082746     26.212      6.230   257.3795     0.7176     1.1161     0.0206     -0.003     -0.110     -0.160        160 1.2369e-01   996.6282 0.0000e+00
