Data/DataNotYetUploadedToEDI/Raw_CTD/RawDownloads/071019_bvr50_d.cnv
* Sea-Bird SBE19plus  Data File:
* FileName = C:\DATA\071019_bvr_0003.hex
* Software version 2.8.0.119
* Temperature SN = 7809
* Conductivity SN = 7809
* System UpLoad Time = Jul 12 2019 13:01:50
* <ApplicationData>
* <Seaterm232>
# nquan = 18
# nvalues = 974                         
# units = specified
# name 0 = depFM: Depth [fresh water, m]
# name 1 = tv290C: Temperature [ITS-90, deg C]
# name 2 = sbeox0Mg/L: Oxygen, SBE 43 [mg/l]
# name 3 = sbeox0PS: Oxygen, SBE 43 [% saturation]
# name 4 = c0uS/cm: Conductivity [uS/cm]
# name 5 = specc: Specific Conductance [uS/cm]
# name 6 = ph: pH
# name 7 = orp: Oxidation Reduction Potential [mV]
# name 8 = flECO-AFL: Fluorescence, WET Labs ECO-AFL/FL [mg/m^3]
# name 9 = turbWETntu0: Turbidity, WET Labs ECO [NTU]
# name 10 = sal00: Salinity, Practical [PSU]
# name 11 = dz/dtM: Descent Rate [m/s]
# name 12 = prdM: Pressure, Strain Gauge [db]
# name 13 = prdE: Pressure, Strain Gauge [psi]
# name 14 = scan: Scan Count
# name 15 = par/sat/log: PAR/Logarithmic, Satlantic
# name 16 = density00: Density [density, kg/m^3]
# name 17 = flag:  0.000e+00
# span 0 =     -0.671,     10.570       
# span 1 =     8.4026,    27.6352       
# span 2 =    -0.2595,     8.3543       
# span 3 =     -2.395,    106.031       
# span 4 =   0.498530, 142.396616       
# span 5 =      0.575,    216.409       
# span 6 =      5.882,      7.421       
# span 7 =  -954.1661,   314.8468       
# span 8 =    -0.1560,    25.7996       
# span 9 =    -0.6431,    64.8227       
# span 10 =     0.0110,     0.1002      
# span 11 =     -0.041,      0.117      
# span 12 =     -0.658,     10.362      
# span 13 =     -0.954,     15.028      
# span 14 =          1,        974      
# span 15 = 9.8085e-02, 3.4003e-01      
# span 16 =   996.3561,   999.9530      
# span 17 = 0.0000e+00, 0.0000e+00      
# interval = seconds: 0.25
# start_time = Jul 10 2019 22:11:09 [Instrument's time stamp, header]
# bad_flag = -9.990e-29
*END*
[from data line 644]
      6.487    11.6006     0.1801      1.647  24.772430     33.712      6.106   313.5218    25.7958     4.7643     0.0186      0.049      6.359      9.223        645 1.2367e-01   999.5757 0.0000e+00
      6.497    11.5565     0.1658      1.514  24.831399     33.878      6.104   312.8025    25.7996     4.7499     0.0186      0.049      6.369      9.237        646 1.2381e-01   999.5818 0.0000e+00
      6.501    11.5319     0.1668      1.521  24.825033     33.899      6.101   313.0675    25.7882     4.6490     0.0186      0.046      6.375      9.247        647 1.2382e-01   999.5888 0.0000e+00
      6.506    11.5069     0.1713      1.561  24.750753     33.863      6.102   312.7647    24.5446     5.7593     0.0186      0.042      6.381      9.256        648 1.2379e-01   999.5936 0.0000e+00
      6.516    11.4663     0.1697      1.546  24.834999     33.963      6.099   312.8025    24.5217     5.8170     0.0186      0.040      6.390      9.268        649 1.2371e-01   999.5963 0.0000e+00
      6.526    11.4208     0.1708      1.555  24.957150     34.214      6.099   312.8025    24.5408     5.8170     0.0187      0.038      6.399      9.282        650 1.2359e-01   999.5991 0.0000e+00
      6.534    11.3971     0.1726      1.572  25.013411     34.254      6.098   312.3104    24.5141     5.8026     0.0187      0.036      6.408      9.294        651 1.2364e-01   999.6035 0.0000e+00
      6.543    11.4319     0.1625      1.481  25.090805     34.487      6.099   312.7268    18.8072     6.2207     0.0188      0.033      6.416      9.307        652 1.2370e-01   999.6085 0.0000e+00
      6.553    11.4679     0.1633      1.487  25.275514     34.665      6.097   312.3861    18.8301     6.2928     0.0188      0.032      6.426      9.320        653 1.2367e-01   999.6112 0.0000e+00
      6.561    11.4323     0.1615      1.471  25.405554     34.937      6.098   312.1211    18.8034     6.2928     0.0190      0.033      6.436      9.334        654 1.2368e-01   999.6076 0.0000e+00
      6.572    11.3519     0.1594      1.451  25.965652     35.474      6.098   311.9318    18.8186     6.3794     0.0192      0.035      6.446      9.350        655 1.2376e-01   999.6040 0.0000e+00
      6.588    11.2806     0.1596      1.452  27.036979     37.235      6.095   311.3639    24.0906     6.5091     0.0200      0.038      6.459      9.369        656 1.2373e-01   999.6084 0.0000e+00
      6.601    11.2435     0.1634      1.486  27.686101     37.969      6.094   311.1747    24.0754     6.4659     0.0202      0.040      6.471      9.386        657 1.2381e-01   999.6173 0.0000e+00
      6.610    11.2161     0.1614      1.466  28.564416     39.431      6.094   310.2661    24.1021     6.5524     0.0208      0.042      6.480      9.399        658 1.2378e-01   999.6253 0.0000e+00
      6.613    11.1935     0.1567      1.424  29.024797     40.047      6.090   309.9254    24.1135     6.4226     0.0211      0.042      6.484      9.405        659 1.2379e-01   999.6294 0.0000e+00
      6.613    11.1875     0.1594      1.448  28.860992     39.808      6.088   309.5468     8.7477     6.4803     0.0210      0.038      6.485      9.406        660 1.2377e-01   999.6322 0.0000e+00
      6.613    11.1880     0.1510      1.371  28.797903     39.833      6.088   309.2439     8.7667     6.5380     0.0210      0.033      6.486      9.407        661 1.2365e-01   999.6345 0.0000e+00
      6.615    11.1913     0.1498      1.361  28.836696     39.762      6.088   308.5247     8.7362     6.5668     0.0209      0.026      6.488      9.410        662 1.2364e-01   999.6351 0.0000e+00
      6.620    11.1896     0.1541      1.401  29.701476     41.074      6.086   307.9189     8.7400     6.5956     0.0215      0.020      6.492      9.415        663 1.2370e-01   999.6355 0.0000e+00
      6.624    11.1867     0.1516      1.378  30.387998     41.995      6.088   307.2754     9.2932     6.2207     0.0219      0.014      6.496      9.422        664 1.2367e-01   999.6356 0.0000e+00
      6.629    11.1744     0.1574      1.431  30.470909     42.074      6.085   306.3668     9.3008     6.1919     0.0219      0.011      6.501      9.429        665 1.2362e-01   999.6358 0.0000e+00
      6.636    11.1430     0.1527      1.388  31.168524     43.042      6.083   305.0039     9.3046     6.3217     0.0223      0.012      6.508      9.439        666 1.2380e-01   999.6364 0.0000e+00
      6.645    11.1079     0.1514      1.376  32.097464     44.406      6.086   304.2089     9.2703     6.3505     0.0229      0.016      6.516      9.450        667 1.2377e-01   999.6382 0.0000e+00
      6.651    11.0897     0.1491      1.357  32.248081     44.601      6.083   303.9061     9.2856     6.2928     0.0230      0.020      6.523      9.460        668 1.2368e-01   999.6415 0.0000e+00
      6.657    11.0952     0.1530      1.393  32.047731     44.372      6.083   303.7546    13.0431     6.3217     0.0229      0.023      6.529      9.469        669 1.2367e-01   999.6451 0.0000e+00
      6.666    11.0917     0.1604      1.458  32.169032     44.552      6.082   303.4518    13.0202     6.2352     0.0229      0.025      6.537      9.481        670 1.2378e-01   999.6470 0.0000e+00
      6.674    11.0677     0.1634      1.486  32.719358     45.316      6.082   302.8461    13.0049     6.3794     0.0233      0.027      6.544      9.492        671 1.2381e-01   999.6468 0.0000e+00
      6.680    11.0735     0.1705      1.549  32.962881     45.708      6.085   302.3161    13.0278     6.3649     0.0235      0.028      6.550      9.500        672 1.2369e-01   999.6473 0.0000e+00
      6.682    11.1003     0.1775      1.611  32.488207     45.003      6.083   301.9753    15.5341     6.5956     0.0231      0.027      6.554      9.505        673 1.2367e-01   999.6496 0.0000e+00
      6.686    11.0969     0.1854      1.679  32.243401     44.689      6.079   301.7482    15.5303     6.5091     0.0230      0.025      6.559      9.513        674 1.2370e-01   999.6489 0.0000e+00
      6.696    11.0959     0.1891      1.710  31.963819     44.302      6.079   300.9532    15.5189     6.4659     0.0228      0.024      6.567      9.525        675 1.2377e-01   999.6461 0.0000e+00
      6.707    11.1002     0.1903      1.717  31.443563     43.499      6.077   298.8332    15.5341     6.4947     0.0225      0.025      6.577      9.539        676 1.2374e-01   999.6462 0.0000e+00
      6.716    11.0975     0.1987      1.791  31.764947     44.001      6.077   297.7353    10.5330     6.3217     0.0227      0.027      6.586      9.551        677 1.2378e-01   999.6465 0.0000e+00
      6.723    11.1237     0.1919      1.728  32.571259     45.117      6.078   296.4103    10.4986     6.2784     0.0232      0.028      6.592      9.561        678 1.2380e-01   999.6465 0.0000e+00
      6.727    11.1466     0.1868      1.682  32.869739     45.547      6.072   296.1075    10.5139     6.3649     0.0234      0.028      6.597      9.568        679 1.2379e-01   999.6469 0.0000e+00
      6.731    11.1218     0.1740      1.567  33.230552     45.939      6.069   295.6153    10.4910     6.2207     0.0236      0.028      6.601      9.574        680 1.2370e-01   999.6443 0.0000e+00
      6.736    11.0958     0.1612      1.451  33.514875     46.448      6.069   294.8203    13.4475     6.5668     0.0238      0.028      6.605      9.579        681 1.2361e-01   999.6421 0.0000e+00
      6.737    11.0889     0.1574      1.415  33.167783     45.825      6.065   293.9496    13.4398     6.5380     0.0235      0.025      6.608      9.584        682 1.2364e-01   999.6446 0.0000e+00
      6.741    11.0371     0.1461      1.312  33.218038     46.052      6.064   291.9432    13.4131     6.3794     0.0236      0.021      6.614      9.592        683 1.2366e-01   999.6473 0.0000e+00
      6.754    10.9405     0.1364      1.223  34.696895     47.954      6.063   285.3182    13.4207     6.4803     0.0244      0.019      6.625      9.608        684 1.2367e-01   999.6488 0.0000e+00
      6.771    10.8572     0.1365      1.224  36.661353     51.006      6.063   282.1003    17.6132     6.4947     0.0257      0.023      6.640      9.630        685 1.2373e-01   999.6550 0.0000e+00
      6.787    10.7906     0.1342      1.202  35.811069     49.864      6.059   276.4217    17.6361     6.6245     0.0252      0.029      6.655      9.654        686 1.2382e-01   999.6646 0.0000e+00
      6.804    10.7372     0.1315      1.177  33.947412     47.175      6.059   270.7810    17.6513     6.6101     0.0240      0.037      6.670      9.675        687 1.2370e-01   999.6722 0.0000e+00
      6.814    10.7062     0.1334      1.195  34.120709     47.770      6.057   268.2445    17.6093     6.5235     0.0242      0.044      6.681      9.691        688 1.2355e-01   999.6788 0.0000e+00
      6.821    10.6846     0.1328      1.189  35.239796     49.171      6.053   265.4052    17.5941     6.5380     0.0248      0.048      6.689      9.702        689 1.2360e-01   999.6847 0.0000e+00
      6.829    10.6712     0.1268      1.135  36.170057     50.816      6.047   262.6795    19.8372     6.2784     0.0255      0.050      6.696      9.712        690 1.2358e-01   999.6883 0.0000e+00
      6.835    10.6573     0.1343      1.202  35.867178     50.142      6.044   260.2188    19.8372     6.2496     0.0252      0.048      6.704      9.724        691 1.2368e-01   999.6902 0.0000e+00
      6.845    10.6205     0.1355      1.211  34.757329     48.831      6.042   255.8652    19.8372     6.3361     0.0246      0.043      6.715      9.740        692 1.2384e-01   999.6910 0.0000e+00
      6.863    10.5722     0.1296      1.157  33.609968     47.008      6.040   250.4138    19.8334     6.3073     0.0238      0.041      6.730      9.761        693 1.2376e-01   999.6919 0.0000e+00
      6.879    10.5298     0.1297      1.158  33.146466     46.587      6.035   247.4230    17.7429     6.3794     0.0236      0.041      6.745      9.782        694 1.2375e-01   999.6954 0.0000e+00
      6.890    10.4970     0.1281      1.143  33.348810     46.808      6.031   244.7730    17.7734     6.3361     0.0237      0.042      6.756      9.799        695 1.2380e-01   999.7001 0.0000e+00
      6.900    10.4742     0.1247      1.112  33.595224     47.335      6.027   242.7666    17.7352     6.4226     0.0239      0.044      6.766      9.813        696 1.2358e-01   999.7044 0.0000e+00
      6.909    10.4558     0.1258      1.121  34.113986     47.969      6.022   239.5487    17.7391     6.3361     0.0242      0.046      6.776      9.828        697 1.2354e-01   999.7078 0.0000e+00
      6.919    10.4410     0.1225      1.092  34.658960     48.944      6.022   234.2109    12.0932     6.5668     0.0246      0.047      6.786      9.843        698 1.2371e-01   999.7102 0.0000e+00
      6.932    10.4293     0.1261      1.124  35.850708     50.387      6.017   226.7908    12.1008     6.5380     0.0252      0.047      6.797      9.859        699 1.2370e-01   999.7126 0.0000e+00
      6.943    10.4199     0.1284      1.143  37.372441     52.930      6.014   221.7558    12.1047     6.4226     0.0263      0.046      6.808      9.875        700 1.2377e-01   999.7148 0.0000e+00
      6.952    10.4060     0.1273      1.133  38.425674     54.012      6.010   218.2730    12.1161     6.5668     0.0268      0.043      6.820      9.892        701 1.2370e-01   999.7165 0.0000e+00
      6.969    10.3781     0.1237      1.100  37.948232     53.908      6.009   212.7079     9.8005     6.5668     0.0267      0.043      6.836      9.914        702 1.2372e-01   999.7173 0.0000e+00
      6.990    10.3408     0.1259      1.120  35.655008     50.024      6.009   207.8244     9.7929     6.5380     0.0250      0.047      6.854      9.941        703 1.2369e-01   999.7176 0.0000e+00
      7.008    10.3054     0.1267      1.127  34.818860     49.393      6.008   203.8115     9.7929     6.5668     0.0247      0.052      6.871      9.966        704 1.2356e-01   999.7199 0.0000e+00
      7.022    10.2772     0.1249      1.111  35.432498     49.959      6.000   201.5401     9.7929     6.5956     0.0250      0.056      6.885      9.987        705 1.2379e-01   999.7237 0.0000e+00
      7.035    10.2583     0.1246      1.108  36.106384     51.274      5.999   199.9879     7.3820     5.4132     0.0255      0.059      6.899     10.006        706 1.2372e-01   999.7273 0.0000e+00
      7.048    10.2481     0.1204      1.071  38.010679     53.651      5.995   197.6029     7.4087     5.3700     0.0266      0.060      6.911     10.024        707 1.2356e-01   999.7309 0.0000e+00
      7.059    10.2394     0.1221      1.086  40.561024     57.759      5.992   196.5429     7.3782     5.3267     0.0283      0.060      6.923     10.041        708 1.2370e-01   999.7340 0.0000e+00
      7.070    10.2283     0.1231      1.094  41.528018     58.767      5.989   196.0508     7.3896     5.4853     0.0288      0.058      6.933     10.056        709 1.2374e-01   999.7355 0.0000e+00
      7.079    10.2153     0.1213      1.078  41.846279     59.454      5.987   195.2558     7.3667     5.3267     0.0291      0.053      6.942     10.069        710 1.2361e-01   999.7365 0.0000e+00
      7.087    10.1988     0.1214      1.078  42.239993     59.910      5.984   194.7258     6.4321     4.4471     0.0293      0.047      6.951     10.081        711 1.2360e-01   999.7377 0.0000e+00
      7.098    10.1795     0.1180      1.047  42.431322     60.249      5.981   192.1136     6.3978     4.5192     0.0294      0.044      6.960     10.095        712 1.2370e-01   999.7390 0.0000e+00
      7.106    10.1686     0.1216      1.079  42.645739     60.595      5.979   189.0850     6.3902     4.4615     0.0296      0.041      6.968     10.107        713 1.2371e-01   999.7407 0.0000e+00
      7.114    10.1633     0.1179      1.045  42.714286     60.668      5.976   187.4950     6.3749     4.4327     0.0296      0.038      6.978     10.120        714 1.2379e-01   999.7425 0.0000e+00
      7.128    10.1531     0.1146      1.015  42.820347     60.926      5.978   183.9364     5.1618     3.6829     0.0297      0.037      6.989     10.136        715 1.2364e-01   999.7436 0.0000e+00
      7.138    10.1489     0.1225      1.085  42.602691     60.536      5.975   180.4157     5.1389     3.5531     0.0295      0.038      6.999     10.151        716 1.2364e-01   999.7441 0.0000e+00
      7.145    10.1547     0.1196      1.059  42.362617     60.277      5.973   178.1821     5.1237     3.5531     0.0294      0.037      7.009     10.166        717 1.2376e-01   999.7449 0.0000e+00
      7.159    10.1573     0.1164      1.030  42.318708     60.164      5.974   174.6614     5.1122     3.6540     0.0294      0.039      7.023     10.186        718 1.2363e-01   999.7454 0.0000e+00
      7.182    10.1363     0.1185      1.048  42.301600     60.195      5.974   171.6707     5.4899     3.5819     0.0294      0.043      7.042     10.214        719 1.2365e-01   999.7448 0.0000e+00
      7.202    10.1017     0.1167      1.032  42.176396     59.950      5.971   170.0807     5.4899     3.5675     0.0293      0.049      7.060     10.239        720 1.2367e-01   999.7446 0.0000e+00
      7.213    10.0783     0.1151      1.018  42.267011     60.146      5.968   168.3014     5.5051     3.5531     0.0293      0.054      7.071     10.256        721 1.2365e-01   999.7466 0.0000e+00
      7.218    10.0598     0.1220      1.079  42.366707     60.366      5.963   167.0900     5.4822     3.5387     0.0294      0.055      7.079     10.267        722 1.2373e-01   999.7498 0.0000e+00
      7.225    10.0422     0.1164      1.029  42.348789     60.325      5.961   166.0300     5.0207     4.3173     0.0294      0.053      7.087     10.277        723 1.2376e-01   999.7520 0.0000e+00
