Data/DataNotYetUploadedToEDI/Raw_CTD/RawDownloads/071118_ccr50.cnv
* Sea-Bird SBE19plus  Data File:
* FileName = C:\DATA\071618_fcr_0001.hex
* Software version 2.6.3.104
* Temperature SN = 7809
* Conductivity SN = 7809
* System UpLoad Time = Jul 16 2018 10:01:54
* <ApplicationData>
* <Seaterm232>
# nquan = 17
# nvalues = 1323                        
# units = specified
# name 0 = depFM: Depth [fresh water, m]
# name 1 = tv290C: Temperature [ITS-90, deg C]
# name 2 = sbeox0Mg/L: Oxygen, SBE 43 [mg/l]
# name 3 = sbeox0PS: Oxygen, SBE 43 [% saturation]
# name 4 = c0uS/cm: Conductivity [uS/cm]
# name 5 = specc: Specific Conductance [uS/cm]
# name 6 = ph: pH
# name 7 = orp: Oxidation Reduction Potential [mV]
# name 8 = flECO-AFL: Fluorescence, WET Labs ECO-AFL/FL [mg/m^3]
# name 9 = turbWETntu0: Turbidity, WET Labs ECO [NTU]
# name 10 = sal00: Salinity, Practical [PSU]
# name 11 = dz/dtM: Descent Rate [m/s]
# name 12 = prdM: Pressure, Strain Gauge [db]
# name 13 = prdE: Pressure, Strain Gauge [psi]
# name 14 = scan: Scan Count
# name 15 = par/sat/log: PAR/Logarithmic, Satlantic
# name 16 = flag:  0.000e+00
# span 0 =     -0.010,     20.904       
# span 1 =    10.1572,    28.6687       
# span 2 =     0.3991,    10.9736       
# span 3 =      3.553,    128.042       
# span 4 =  83.705476,  99.968590       
# span 5 =     82.380,    142.345       
# span 6 =      6.732,      8.081       
# span 7 =   225.1251,   330.5576       
# span 8 =     0.3801,     5.3579       
# span 9 =     0.0845,     5.2006       
# span 10 =     0.0444,     0.0666      
# span 11 =     -0.254,      0.185      
# span 12 =     -0.005,     20.499      
# span 13 =     -0.008,     29.731      
# span 14 =          1,       1323      
# span 15 = 1.2154e-01, 5.8396e+02      
# span 16 = 0.0000e+00, 0.0000e+00      
# interval = seconds: 0.25
# start_time = Jul 11 2018 14:22:35 [Instrument's time stamp, header]
# bad_flag = -9.990e-29
*END*
[from data line 171]
      0.093    28.5868     5.5252     71.385  88.936709     82.978      8.032   242.6909     1.1120     0.1785     0.0448      0.007      0.091      0.132        172 5.2639e+02 0.0000e+00
      0.087    28.5860     6.1901     80.006  88.929947     82.957      8.032   242.7666     1.1323     0.2054     0.0448      0.005      0.087      0.126        173 5.2643e+02 0.0000e+00
      0.086    28.5860     6.9537     89.893  88.929267     82.962      8.033   243.1073     1.1039     0.1517     0.0448      0.003      0.085      0.123        174 5.2491e+02 0.0000e+00
      0.085    28.5845     7.5888     98.110  88.997030     83.041      8.035   243.6373     1.1080     0.1785     0.0449     -0.000      0.082      0.118        175 5.2634e+02 0.0000e+00
      0.077    28.5816     8.0968    104.680  88.934825     82.963      8.034   243.4480     1.1363     0.1383     0.0448     -0.006      0.073      0.106        176 5.2830e+02 0.0000e+00
      0.061    28.5777     8.4979    109.865  88.976944     83.018      8.035   243.3723     1.1201     0.1920     0.0449     -0.014      0.060      0.087        177 5.2990e+02 0.0000e+00
      0.045    28.5749     8.7312    112.881  89.004087     83.048      8.038   243.4480     1.0999     0.3800     0.0449     -0.023      0.047      0.067        178 5.3093e+02 0.0000e+00
      0.036    28.5741     8.8022    113.798  88.930786     82.976      8.042   243.6373     1.1484     0.3934     0.0448     -0.030      0.038      0.055        179 5.3363e+02 0.0000e+00
      0.035    28.5744     8.7311    112.878  88.889756     82.954      8.042   243.8645     1.1201     0.4337     0.0448     -0.032      0.035      0.051        180 5.3787e+02 0.0000e+00
      0.036    28.5916     8.5746    110.856  88.817265     82.877      8.041   243.8645     1.1403     0.3665     0.0448     -0.032      0.036      0.052        181 5.4061e+02 0.0000e+00
      0.039    28.6242     8.4186    108.842  88.812852     82.877      8.043   244.0916     1.0473     0.1383     0.0448     -0.029      0.037      0.055        182 5.4453e+02 0.0000e+00
      0.040    28.6468     8.3005    107.316  89.014187     83.034      8.044   243.8645     1.0433     0.2188     0.0449     -0.023      0.038      0.055        183 5.4853e+02 0.0000e+00
      0.037    28.6576     8.1979    105.990  89.101930     83.086      8.044   244.3188     1.0554     0.1517     0.0449     -0.015      0.036      0.051        184 5.5163e+02 0.0000e+00
      0.031    28.6625     8.1171    104.943  89.060453     82.974      8.046   244.5838     1.0635     0.2322     0.0448     -0.009      0.032      0.046        185 5.5259e+02 0.0000e+00
      0.029    28.6635     8.0590    104.190  89.154984     83.087      8.045   244.5838     1.0635     0.3934     0.0449     -0.005      0.030      0.043        186 5.5358e+02 0.0000e+00
      0.033    28.6635     8.0117    103.576  89.132952     83.028      8.045   244.8488     1.1120     0.4874     0.0449     -0.003      0.032      0.046        187 5.5666e+02 0.0000e+00
      0.037    28.6628     7.9824    103.195  89.117600     83.026      8.045   244.3566     1.1161     0.4471     0.0449     -0.002      0.036      0.051        188 5.5694e+02 0.0000e+00
      0.041    28.6623     7.9813    103.179  89.174088     83.078      8.045   244.7730     1.1444     0.3800     0.0449     -0.001      0.038      0.055        189 5.5786e+02 0.0000e+00
      0.039    28.6624     7.9866    103.247  89.122126     83.027      8.038   245.0002     1.1484     0.4337     0.0449      0.000      0.038      0.054        190 5.5797e+02 0.0000e+00
      0.036    28.6630     7.9930    103.331  89.122794     83.028      8.037   244.8488     1.1080     0.1383     0.0449      0.001      0.035      0.051        191 5.5718e+02 0.0000e+00
      0.034    28.6641     8.0003    103.427  89.173257     83.080      8.037   245.5680     1.1161     0.2188     0.0449      0.002      0.033      0.048        192 5.5717e+02 0.0000e+00
      0.031    28.6652     8.0007    103.435  89.118797     83.027      8.034   245.4545     1.1323     0.1651     0.0449      0.001      0.031      0.044        193 5.5414e+02 0.0000e+00
      0.029    28.6649     7.9996    103.423  89.131096     83.025      8.034   245.3409     1.1403     0.2322     0.0449     -0.001      0.030      0.044        194 5.5326e+02 0.0000e+00
      0.033    28.6639     8.0022    103.459  89.157951     83.075      8.035   245.5680     1.1161     0.2054     0.0449     -0.003      0.034      0.050        195 5.5173e+02 0.0000e+00
      0.043    28.6627     8.0000    103.429  89.055639     82.945      8.032   244.4323     1.1161     0.1785     0.0448     -0.002      0.043      0.062        196 5.4738e+02 0.0000e+00
      0.056    28.6613     7.9982    103.404  89.109741     83.025      8.032   244.5080     1.1363     0.0845     0.0449      0.004      0.053      0.077        197 5.4599e+02 0.0000e+00
      0.065    28.6600     7.9967    103.384  89.179833     83.079      8.029   244.6595     1.1039     0.1517     0.0449      0.012      0.061      0.089        198 5.4538e+02 0.0000e+00
      0.067    28.6594     7.9875    103.266  89.117093     83.029      8.021   244.6973     1.0352     0.4202     0.0449      0.018      0.064      0.092        199 5.4486e+02 0.0000e+00
      0.063    28.6593     7.9909    103.310  89.128349     83.031      8.008   244.3945     1.0635     0.4337     0.0449      0.021      0.062      0.089        200 5.4675e+02 0.0000e+00
      0.058    28.6595     7.9990    103.413  89.106355     83.032      8.009   244.4323     1.0554     0.3800     0.0449      0.020      0.059      0.085        201 5.4757e+02 0.0000e+00
      0.060    28.6605     8.0015    103.446  89.055257     82.954      8.011   244.5080     1.0635     0.4068     0.0448      0.016      0.058      0.084        202 5.4789e+02 0.0000e+00
      0.060    28.6620     8.0070    103.518  89.162204     83.084      8.010   244.6973     0.9907     0.3531     0.0449      0.011      0.058      0.084        203 5.4838e+02 0.0000e+00
      0.058    28.6634     8.0128    103.593  89.181414     83.083      8.011   244.8866     0.9948     0.3800     0.0449      0.003      0.056      0.081        204 5.4948e+02 0.0000e+00
      0.054    28.6642     8.0135    103.603  89.120558     83.028      8.008   245.1138     0.9948     0.4068     0.0449     -0.003      0.052      0.076        205 5.5032e+02 0.0000e+00
      0.047    28.6639     8.0121    103.583  89.178464     83.078      8.009   245.3030     0.9948     0.3800     0.0449     -0.008      0.046      0.067        206 5.5127e+02 0.0000e+00
      0.039    28.6630     8.0107    103.562  89.168821     83.077      8.014   245.6816     1.0554     0.2054     0.0449     -0.011      0.039      0.057        207 5.5312e+02 0.0000e+00
      0.032    28.6626     8.0099    103.550  89.132556     83.025      8.016   245.6438     1.0312     0.2322     0.0449     -0.014      0.034      0.049        208 5.5338e+02 0.0000e+00
      0.033    28.6628     8.0136    103.592  89.164123     83.079      8.017   245.7195     1.0473     0.1785     0.0449     -0.015      0.032      0.046        209 5.5492e+02 0.0000e+00
      0.032    28.6626     8.0157    103.615  89.189010     83.079      8.017   246.3630     1.0595     0.2054     0.0449     -0.017      0.031      0.045        210 5.5734e+02 0.0000e+00
      0.029    28.6624     8.0085    103.521  89.161058     83.079      8.012   246.4009     1.0635     0.2591     0.0449     -0.017      0.029      0.043        211 5.5910e+02 0.0000e+00
      0.029    28.6625     7.9995    103.406  89.139438     83.027      8.015   246.0980     1.0473     0.1785     0.0449     -0.015      0.033      0.048        212 5.6357e+02 0.0000e+00
      0.045    28.6626     7.9936    103.331  89.156443     83.080      8.021   245.2652     1.0392     0.1920     0.0449     -0.008      0.047      0.068        213 5.6525e+02 0.0000e+00
      0.071    28.6631     7.9906    103.296  89.139895     83.027      8.015   245.0759     1.0595     0.2054     0.0449      0.007      0.067      0.097        214 5.6467e+02 0.0000e+00
      0.088    28.6637     7.9850    103.225  89.160032     83.079      8.013   245.0002     0.9867     0.1383     0.0449      0.022      0.084      0.122        215 5.6926e+02 0.0000e+00
      0.098    28.6626     7.9960    103.367  89.131383     83.027      8.016   244.9623     1.0190     0.2322     0.0449      0.034      0.096      0.139        216 5.6816e+02 0.0000e+00
      0.107    28.6611     8.0126    103.581  89.116076     83.025      8.020   244.6973     0.9745     0.2322     0.0449      0.043      0.107      0.155        217 5.6394e+02 0.0000e+00
      0.122    28.6595     8.0292    103.795  89.179081     83.079      8.023   245.2273     0.9867     0.2054     0.0449      0.051      0.120      0.174        218 5.6355e+02 0.0000e+00
      0.137    28.6567     8.0445    103.988  89.112449     83.029      8.028   244.8866     0.9826     0.0980     0.0449      0.057      0.134      0.194        219 5.6043e+02 0.0000e+00
      0.151    28.6541     8.0615    104.205  89.050322     82.953      8.030   244.6973     0.9907     0.4337     0.0448      0.058      0.147      0.213        220 5.5349e+02 0.0000e+00
      0.164    28.6537     8.0683    104.290  89.107720     83.036      8.028   245.0002     0.9948     0.3800     0.0449      0.055      0.157      0.228        221 5.4744e+02 0.0000e+00
      0.167    28.6546     8.0690    104.295  89.130228     83.040      8.016   245.0002     0.9948     0.4605     0.0449      0.049      0.160      0.232        222 5.4513e+02 0.0000e+00
      0.159    28.6559     8.0599    104.174  89.111520     83.041      8.015   244.9245     0.9705     0.4337     0.0449      0.041      0.155      0.225        223 5.4309e+02 0.0000e+00
      0.148    28.6572     8.0568    104.133  89.131003     83.040      8.018   245.0002     1.0797     0.5008     0.0449      0.031      0.146      0.212        224 5.4271e+02 0.0000e+00
      0.141    28.6581     8.0562    104.123  89.165454     83.090      8.027   245.1895     1.0352     0.3800     0.0449      0.018      0.139      0.202        225 5.3772e+02 0.0000e+00
      0.138    28.6581     8.0661    104.248  89.128118     83.035      8.035   245.5680     1.0797     0.3934     0.0449      0.004      0.134      0.195        226 5.3858e+02 0.0000e+00
      0.132    28.6580     8.0739    104.357  89.028785     82.956      8.038   245.4545     1.0635     0.3128     0.0448     -0.008      0.128      0.185        227 5.3147e+02 0.0000e+00
      0.121    28.6573     8.0778    104.414  89.051182     82.956      8.038   245.3030     0.9341     0.5277     0.0448     -0.019      0.117      0.170        228 5.1748e+02 0.0000e+00
      0.105    28.6552     8.0715    104.335  89.100244     83.035      8.041   245.3409     0.9058     0.4874     0.0449     -0.029      0.106      0.153        229 5.2207e+02 0.0000e+00
      0.097    28.6535     8.0584    104.167  89.056935     82.957      8.044   245.4923     0.9260     0.5545     0.0448     -0.033      0.100      0.145        230 5.1956e+02 0.0000e+00
      0.103    28.6515     8.0563    104.141  89.105080     83.039      8.046   245.4166     0.9179     0.4471     0.0449     -0.031      0.103      0.150        231 5.1217e+02 0.0000e+00
      0.115    28.6492     8.0474    104.026  89.129540     83.041      8.046   245.4923     1.0231     0.4605     0.0449     -0.023      0.110      0.160        232 5.0538e+02 0.0000e+00
      0.120    28.6478     8.0416    103.951  89.115706     83.044      8.046   245.6059     0.9826     0.4068     0.0449     -0.015      0.114      0.165        233 4.9396e+02 0.0000e+00
      0.112    28.6471     8.0431    103.972  89.122298     83.048      8.045   245.6059     0.9584     0.3531     0.0449     -0.010      0.110      0.160        234 5.0092e+02 0.0000e+00
      0.105    28.6455     8.0458    104.008  89.121339     83.050      8.045   245.1516     0.9705     0.4068     0.0449     -0.005      0.106      0.155        235 5.1026e+02 0.0000e+00
      0.109    28.6449     8.0443    103.989  89.116901     83.051      8.044   245.4545     1.0676     0.2322     0.0449      0.000      0.110      0.160        236 5.0165e+02 0.0000e+00
      0.123    28.6486     8.0401    103.937  89.127820     83.053      8.036   245.3409     1.0635     0.1114     0.0449      0.007      0.121      0.175        237 5.0502e+02 0.0000e+00
      0.136    28.6522     8.0299    103.807  89.167223     83.107      8.024   245.5680     1.0473     0.2054     0.0449      0.012      0.131      0.190        238 5.0549e+02 0.0000e+00
      0.142    28.6535     8.0091    103.540  89.127338     83.049      8.023   245.1895     1.0837     0.1383     0.0449      0.014      0.138      0.200        239 5.0396e+02 0.0000e+00
      0.144    28.6545     8.0042    103.477  89.117982     83.043      8.027   245.1138     1.0069     0.2054     0.0449      0.016      0.138      0.201        240 5.1306e+02 0.0000e+00
      0.138    28.6550     8.0127    103.587  89.178862     83.093      8.031   245.3409     0.9867     0.1517     0.0449      0.017      0.133      0.194        241 5.1877e+02 0.0000e+00
      0.126    28.6552     8.0257    103.755  89.111044     83.040      8.035   245.4923     1.0069     0.1785     0.0449      0.016      0.123      0.179        242 5.1491e+02 0.0000e+00
      0.114    28.6552     8.0425    103.971  89.053701     82.960      8.039   245.9088     1.0029     0.2054     0.0448      0.008      0.110      0.159        243 5.0898e+02 0.0000e+00
      0.095    28.6557     8.0451    104.003  89.161016     83.091      8.033   246.6280     1.0109     0.4068     0.0449     -0.007      0.091      0.132        244 5.1528e+02 0.0000e+00
      0.068    28.6563     8.0364    103.890  89.185642     83.091      8.025   246.0223     0.9948     0.4605     0.0449     -0.027      0.067      0.097        245 5.2037e+02 0.0000e+00
      0.044    28.6568     8.0256    103.751  89.112260     83.038      8.027   246.3630     1.0109     0.5008     0.0449     -0.046      0.043      0.062        246 5.2072e+02 0.0000e+00
      0.020    28.6580     8.0211    103.692  89.133394     83.037      8.034   246.6659     0.9826     0.4068     0.0449     -0.063      0.021      0.030        247 5.2529e+02 0.0000e+00
     -0.000    28.6591     8.0186    103.656  89.159341     83.088      8.040   246.6280     0.9867     0.3262     0.0449     -0.075      0.004      0.004        248 5.2518e+02 0.0000e+00
     -0.010    28.6601     8.0229    103.708  89.139440     83.034      8.048   247.1202     0.9826     0.2054     0.0449     -0.079     -0.005     -0.008        249 5.2377e+02 0.0000e+00
     -0.005    28.6608     8.0233    103.711  89.158156     83.085      8.053   247.0066     0.9826     0.1785     0.0449     -0.074     -0.001     -0.002        250 5.2428e+02 0.0000e+00
      0.011    28.6609     8.0289    103.783  89.136046     83.031      8.053   246.9688     1.0029     0.2054     0.0449     -0.060      0.014      0.020        251 5.2285e+02 0.0000e+00
      0.036    28.6606     8.0296    103.792  89.166956     83.082      8.051   246.6280     0.9948     0.1785     0.0449     -0.035      0.032      0.046        252 5.2665e+02 0.0000e+00
      0.047    28.6599     8.0316    103.820  89.119690     83.030      8.048   246.2873     0.9422     0.4337     0.0449     -0.008      0.042      0.061        253 5.2512e+02 0.0000e+00
      0.045    28.6591     8.0270    103.762  89.046189     82.952      8.046   246.3252     0.9139     0.3531     0.0448      0.012      0.045      0.066        254 5.2521e+02 0.0000e+00
      0.049    28.6589     8.0188    103.659  89.169220     83.084      8.046   246.1738     0.9422     0.3665     0.0449      0.027      0.048      0.069        255 5.2158e+02 0.0000e+00
