Data/DataNotYetUploadedToEDI/Raw_CTD/RawDownloads/071118_ccr50.cnv
* Sea-Bird SBE19plus  Data File:
* FileName = C:\DATA\071618_fcr_0001.hex
* Software version 2.6.3.104
* Temperature SN = 7809
* Conductivity SN = 7809
* System UpLoad Time = Jul 16 2018 10:01:54
* <ApplicationData>
* <Seaterm232>
# nquan = 17
# nvalues = 1323                        
# units = specified
# name 0 = depFM: Depth [fresh water, m]
# name 1 = tv290C: Temperature [ITS-90, deg C]
# name 2 = sbeox0Mg/L: Oxygen, SBE 43 [mg/l]
# name 3 = sbeox0PS: Oxygen, SBE 43 [% saturation]
# name 4 = c0uS/cm: Conductivity [uS/cm]
# name 5 = specc: Specific Conductance [uS/cm]
# name 6 = ph: pH
# name 7 = orp: Oxidation Reduction Potential [mV]
# name 8 = flECO-AFL: Fluorescence, WET Labs ECO-AFL/FL [mg/m^3]
# name 9 = turbWETntu0: Turbidity, WET Labs ECO [NTU]
# name 10 = sal00: Salinity, Practical [PSU]
# name 11 = dz/dtM: Descent Rate [m/s]
# name 12 = prdM: Pressure, Strain Gauge [db]
# name 13 = prdE: Pressure, Strain Gauge [psi]
# name 14 = scan: Scan Count
# name 15 = par/sat/log: PAR/Logarithmic, Satlantic
# name 16 = flag:  0.000e+00
# span 0 =     -0.010,     20.904       
# span 1 =    10.1572,    28.6687       
# span 2 =     0.3991,    10.9736       
# span 3 =      3.553,    128.042       
# span 4 =  83.705476,  99.968590       
# span 5 =     82.380,    142.345       
# span 6 =      6.732,      8.081       
# span 7 =   225.1251,   330.5576       
# span 8 =     0.3801,     5.3579       
# span 9 =     0.0845,     5.2006       
# span 10 =     0.0444,     0.0666      
# span 11 =     -0.254,      0.185      
# span 12 =     -0.005,     20.499      
# span 13 =     -0.008,     29.731      
# span 14 =          1,       1323      
# span 15 = 1.2154e-01, 5.8396e+02      
# span 16 = 0.0000e+00, 0.0000e+00      
# interval = seconds: 0.25
# start_time = Jul 11 2018 14:22:35 [Instrument's time stamp, header]
# bad_flag = -9.990e-29
*END*
[from data line 511]
      4.313    23.1485    10.7297    122.919  84.202261     86.890      7.975   269.6074     2.8751     0.8499     0.0455      0.090      4.231      6.137        512 4.9978e+01 0.0000e+00
      4.364    22.9455    10.7102    122.585  84.193273     87.114      7.967   269.6831     2.8589     0.7828     0.0456      0.100      4.270      6.194        513 4.8843e+01 0.0000e+00
      4.386    22.8117    10.7247    122.526  83.934819     87.126      7.960   269.4938     2.9964     0.7828     0.0456      0.108      4.294      6.229        514 4.8733e+01 0.0000e+00
      4.388    22.7573    10.7563    122.617  83.959246     87.557      7.958   269.5317     2.9842     0.8365     0.0457      0.110      4.304      6.242        515 4.8760e+01 0.0000e+00
      4.392    22.7319    10.7778    122.606  84.044167     87.891      7.953   269.6453     3.0004     0.7962     0.0458      0.106      4.312      6.254        516 4.8304e+01 0.0000e+00
      4.410    22.7021    10.8034    122.732  83.977934     87.899      7.953   269.5695     2.9762     0.8499     0.0458      0.099      4.329      6.278        517 4.7541e+01 0.0000e+00
      4.439    22.6135    10.8230    122.756  83.952562     87.948      7.944   270.2888     3.0409     0.7828     0.0459      0.092      4.354      6.315        518 4.6668e+01 0.0000e+00
      4.471    22.4398    10.8081    122.324  83.897408     87.911      7.939   270.3645     3.0853     0.8902     0.0458      0.084      4.382      6.355        519 4.5765e+01 0.0000e+00
      4.495    22.2558    10.7478    121.424  83.897978     88.103      7.934   270.6674     3.0409     0.8902     0.0459      0.077      4.403      6.386        520 4.5421e+01 0.0000e+00
      4.504    22.1331    10.6590    120.272  83.922233     88.428      7.926   270.1753     3.0692     0.8499     0.0460      0.072      4.415      6.404        521 4.5421e+01 0.0000e+00
      4.509    22.0735    10.5867    119.304  83.986320     88.866      7.925   270.3267     3.1702     0.7962     0.0462      0.072      4.425      6.418        522 4.5043e+01 0.0000e+00
      4.525    22.0228    10.5836    119.048  83.967064     89.064      7.923   271.0081     3.1986     0.8902     0.0462      0.074      4.441      6.441        523 4.4242e+01 0.0000e+00
      4.554    21.9310    10.5777    118.709  83.857153     89.060      7.916   271.0081     3.1824     0.9574     0.0462      0.076      4.465      6.476        524 4.3499e+01 0.0000e+00
      4.580    21.8147    10.5645    118.323  83.885354     89.179      7.906   271.4245     3.1945     0.7828     0.0462      0.075      4.487      6.508        525 4.3212e+01 0.0000e+00
      4.592    21.7102    10.5573    118.134  83.902311     89.390      7.902   271.7653     3.2633     0.7962     0.0463      0.070      4.503      6.532        526 4.2951e+01 0.0000e+00
      4.605    21.6369    10.5736    118.261  83.865881     89.548      7.899   272.1060     3.2511     0.8768     0.0464      0.067      4.519      6.554        527 4.2346e+01 0.0000e+00
      4.628    21.5544    10.5944    118.357  83.871358     89.785      7.894   272.1817     3.2430     0.8499     0.0464      0.069      4.539      6.583        528 4.1709e+01 0.0000e+00
      4.651    21.4444    10.6092    118.243  83.865882     89.890      7.887   272.2574     3.2349     0.9036     0.0465      0.075      4.557      6.610        529 4.1385e+01 0.0000e+00
      4.661    21.3524    10.6168    118.002  83.843064     90.050      7.882   272.3710     3.4210     0.8499     0.0465      0.076      4.569      6.627        530 4.1238e+01 0.0000e+00
      4.666    21.2886    10.5886    117.524  83.780941     90.175      7.877   272.2953     3.3967     0.8768     0.0465      0.070      4.578      6.641        531 4.1031e+01 0.0000e+00
      4.679    21.2221    10.5674    117.247  83.705476     90.294      7.877   272.5224     3.3886     0.8902     0.0466      0.062      4.592      6.661        532 4.0562e+01 0.0000e+00
      4.703    21.1277    10.5410    116.937  83.728979     90.417      7.872   272.7874     3.3643     0.8231     0.0466      0.059      4.613      6.691        533 3.9881e+01 0.0000e+00
      4.731    21.0104    10.4812    116.243  83.930148     90.788      7.863   272.9388     3.5746     0.8097     0.0468      0.063      4.636      6.724        534 3.9383e+01 0.0000e+00
      4.748    20.9088    10.4363    115.519  84.138978     91.188      7.858   273.1660     3.5706     0.7828     0.0469      0.065      4.651      6.745        535 3.9360e+01 0.0000e+00
      4.746    20.8611    10.3876    114.620  84.182704     91.481      7.853   274.0367     3.6029     0.8097     0.0470      0.062      4.655      6.752        536 3.9433e+01 0.0000e+00
      4.746    20.8365    10.2815    113.380  84.173151     91.656      7.850   274.0746     3.5544     0.8231     0.0471      0.056      4.660      6.758        537 3.9312e+01 0.0000e+00
      4.760    20.7775    10.1697    112.339  84.121245     91.719      7.849   273.8853     3.5827     0.8634     0.0471      0.053      4.676      6.782        538 3.8557e+01 0.0000e+00
      4.799    20.6570    10.0780    111.570  84.039258     91.644      7.839   275.0588     3.6393     0.7694     0.0471      0.057      4.709      6.829        539 3.7265e+01 0.0000e+00
      4.846    20.5201    10.0237    110.953  84.096850     91.853      7.827   275.2103     3.6757     0.8231     0.0471      0.066      4.744      6.880        540 3.6629e+01 0.0000e+00
      4.866    20.4477    10.0057    110.370  84.138838     92.126      7.820   275.2860     3.6474     0.8365     0.0472      0.073      4.764      6.910        541 3.6644e+01 0.0000e+00
      4.863    20.4285    10.0000    109.896  84.076320     92.348      7.815   275.8538     3.6555     0.8365     0.0473      0.074      4.768      6.915        542 3.6897e+01 0.0000e+00
      4.856    20.4217     9.9898    109.543  84.055871     92.461      7.811   275.8160     3.8819     1.0379     0.0473      0.072      4.769      6.916        543 3.6798e+01 0.0000e+00
      4.870    20.4072     9.9677    109.348  84.075187     92.530      7.812   275.8538     3.9021     1.0245     0.0473      0.072      4.783      6.937        544 3.6069e+01 0.0000e+00
      4.906    20.3059     9.9323    109.200  84.082045     92.545      7.808   276.3460     3.9102     1.0379     0.0473      0.072      4.811      6.977        545 3.5216e+01 0.0000e+00
      4.940    20.1553     9.8933    108.910  84.166267     92.664      7.799   276.4974     3.9264     1.1856     0.0474      0.071      4.837      7.015        546 3.4785e+01 0.0000e+00
      4.949    20.1208     9.8654    108.364  84.178521     92.898      7.792   276.7624     3.9466     1.0111     0.0475      0.063      4.846      7.029        547 3.5047e+01 0.0000e+00
      4.936    20.2077     9.8483    107.802  84.156091     93.162      7.790   277.2546     3.9345     1.0245     0.0476      0.053      4.841      7.021        548 3.5464e+01 0.0000e+00
      4.924    20.3154     9.8263    107.247  84.194309     93.318      7.784   277.0653     3.9507     1.0782     0.0476      0.046      4.837      7.015        549 3.5400e+01 0.0000e+00
      4.938    20.3052     9.8216    106.856  84.101270     92.984      7.780   277.3303     3.9385     0.9708     0.0475      0.044      4.850      7.034        550 3.4668e+01 0.0000e+00
      4.975    20.1365     9.7993    106.303  84.123157     92.820      7.774   277.7089     4.0235     0.8097     0.0474      0.046      4.881      7.079        551 3.3622e+01 0.0000e+00
      5.019    19.9459     9.7586    105.652  84.166985     92.865      7.765   278.0117     4.0235     0.9305     0.0475      0.050      4.915      7.129        552 3.2843e+01 0.0000e+00
      5.043    19.8392     9.6967    104.793  84.135940     93.195      7.757   278.1253     4.0437     0.9976     0.0476      0.055      4.932      7.154        553 3.3083e+01 0.0000e+00
      5.025    19.8582     9.6272    103.867  84.191679     93.648      7.752   277.8981     4.0315     0.8097     0.0477      0.055      4.923      7.140        554 3.3957e+01 0.0000e+00
      4.992    19.9694     9.5421    102.784  84.216727     93.910      7.747   278.5796     4.2701     1.0514     0.0478      0.050      4.905      7.113        555 3.4223e+01 0.0000e+00
      4.988    20.0274     9.4559    101.720  84.194070     93.833      7.744   278.7689     4.2984     1.1051     0.0478      0.043      4.903      7.110        556 3.3743e+01 0.0000e+00
      5.017    19.9215     9.3733    100.720  84.190133     93.602      7.736   279.0339     4.2701     1.1051     0.0477      0.037      4.925      7.142        557 3.2827e+01 0.0000e+00
      5.058    19.7484     9.2866     99.708  84.162077     93.437      7.730   279.3367     4.2701     1.0916     0.0477      0.032      4.960      7.194        558 3.1970e+01 0.0000e+00
      5.097    19.6005     9.2030     98.780  84.080301     93.575      7.722   279.2989     4.3672     0.9036     0.0477      0.034      4.999      7.250        559 3.1251e+01 0.0000e+00
      5.136    19.4430     9.1445     98.102  84.143352     94.002      7.717   279.7153     4.3510     0.8365     0.0478      0.047      5.038      7.306        560 3.0388e+01 0.0000e+00
      5.178    19.2992     9.0953     97.499  84.262168     94.466      7.707   279.9424     4.3591     0.9036     0.0480      0.075      5.074      7.359        561 2.9734e+01 0.0000e+00
      5.209    19.1980     9.0671     97.086  84.289376     94.803      7.702   279.6017     4.3672     0.8365     0.0481      0.109      5.104      7.402        562 2.9399e+01 0.0000e+00
      5.226    19.1102     9.0563     96.781  84.317777     95.178      7.698   279.7531     4.3186     0.8902     0.0482      0.131      5.124      7.432        563 2.9099e+01 0.0000e+00
      5.243    19.0255     9.0214     96.286  84.345902     95.391      7.693   279.8667     5.0869     1.2259     0.0483      0.133      5.143      7.461        564 2.8664e+01 0.0000e+00
      5.268    18.9472     8.9822     95.853  84.373421     95.647      7.693   280.3589     5.0627     1.3333     0.0484      0.124      5.168      7.496        565 2.8048e+01 0.0000e+00
      5.301    18.8808     8.9560     95.585  84.402556     95.829      7.686   280.7753     5.1314     1.2393     0.0485      0.114      5.197      7.537        566 2.7440e+01 0.0000e+00
      5.328    18.8261     8.9179     95.160  84.428662     96.065      7.677   281.4946     5.1112     1.2259     0.0485      0.107      5.220      7.571        567 2.7136e+01 0.0000e+00
      5.341    18.7873     8.8838     94.813  84.459942     96.210      7.672   281.2296     5.2446     1.2393     0.0486      0.098      5.234      7.591        568 2.7112e+01 0.0000e+00
      5.343    18.7708     8.8701     94.516  84.482628     96.393      7.667   281.5324     5.2002     1.2393     0.0487      0.086      5.240      7.600        569 2.7135e+01 0.0000e+00
      5.347    18.7452     8.8624     94.116  84.459954     96.417      7.664   281.6460     5.2082     1.2528     0.0487      0.076      5.248      7.613        570 2.6851e+01 0.0000e+00
      5.367    18.7085     8.8639     93.761  84.428741     96.451      7.662   282.0246     5.2365     1.2528     0.0487      0.070      5.266      7.638        571 2.6351e+01 0.0000e+00
      5.395    18.6496     8.8526     93.369  84.462040     96.507      7.656   281.7974     5.2365     1.2796     0.0487      0.066      5.292      7.675        572 2.5847e+01 0.0000e+00
      5.427    18.5578     8.8091     92.749  84.626658     96.815      7.650   282.2139     5.2204     1.3199     0.0488      0.066      5.318      7.712        573 2.5417e+01 0.0000e+00
      5.446    18.4933     8.7561     92.104  84.759069     97.067      7.644   282.1003     5.2608     1.2662     0.0489      0.066      5.334      7.735        574 2.5387e+01 0.0000e+00
      5.442    18.4872     8.6801     91.264  84.743285     97.282      7.640   282.7439     5.2082     1.3065     0.0490      0.065      5.335      7.736        575 2.5647e+01 0.0000e+00
      5.431    18.4890     8.5842     90.145  84.646392     97.292      7.634   283.0467     5.1152     1.1991     0.0490      0.060      5.330      7.730        576 2.5618e+01 0.0000e+00
      5.434    18.4858     8.4931     88.987  84.612142     97.278      7.631   283.1224     5.0950     1.2393     0.0490      0.053      5.334      7.735        577 2.5406e+01 0.0000e+00
      5.449    18.4869     8.3991     87.850  84.607547     97.264      7.630   283.0089     5.1112     1.2393     0.0490      0.045      5.352      7.761        578 2.4963e+01 0.0000e+00
      5.488    18.4127     8.2999     86.711  84.622384     97.285      7.625   284.1824     5.1072     1.2393     0.0490      0.042      5.388      7.813        579 2.4057e+01 0.0000e+00
      5.544    18.2455     8.2214     85.894  84.742333     97.427      7.613   284.5610     5.2244     1.2125     0.0490      0.051      5.435      7.882        580 2.3270e+01 0.0000e+00
      5.592    18.0563     8.1522     85.190  84.815061     97.667      7.601   284.7124     5.2285     1.2393     0.0491      0.070      5.480      7.949        581 2.2646e+01 0.0000e+00
      5.630    17.9125     8.1035     84.500  84.799542     98.041      7.595   284.7882     5.2406     1.2528     0.0492      0.096      5.515      7.999        582 2.2306e+01 0.0000e+00
      5.649    17.8285     8.0586     83.803  84.821283     98.480      7.586   285.1289     5.2446     1.1856     0.0494      0.120      5.537      8.029        583 2.2227e+01 0.0000e+00
      5.657    17.7827     8.0197     83.193  84.847671     98.872      7.582   285.3560     5.2729     1.4139     0.0495      0.132      5.550      8.049        584 2.2033e+01 0.0000e+00
      5.673    17.7603     7.9759     82.605  84.826331     99.001      7.581   285.5074     5.2972     1.4139     0.0496      0.130      5.569      8.077        585 2.1608e+01 0.0000e+00
      5.708    17.6990     7.9151     81.910  84.847945     99.172      7.579   285.9239     5.2729     1.4676     0.0496      0.122      5.600      8.122        586 2.1021e+01 0.0000e+00
      5.751    17.5932     7.8498     81.155  84.820830     99.157      7.566   286.0753     5.2891     1.5348     0.0496      0.113      5.637      8.176        587 2.0552e+01 0.0000e+00
      5.785    17.5072     7.7613     80.100  84.860119     99.361      7.561   285.9617     5.3053     1.2796     0.0497      0.106      5.667      8.219        588 2.0253e+01 0.0000e+00
      5.800    17.4519     7.6762     79.085  84.918047     99.682      7.555   285.7346     5.2810     1.2662     0.0498      0.101      5.683      8.242        589 2.0297e+01 0.0000e+00
      5.799    17.4552     7.6011     78.191  84.867769     99.813      7.553   286.5296     5.2891     1.2125     0.0498      0.095      5.689      8.251        590 2.0351e+01 0.0000e+00
      5.804    17.4588     7.5125     77.174  84.863325     99.946      7.545   286.4917     5.2770     1.1991     0.0499      0.090      5.701      8.269        591 1.9950e+01 0.0000e+00
      5.839    17.3623     7.4447     76.383  84.864173     99.940      7.542   286.8703     5.2810     1.2931     0.0499      0.089      5.730      8.310        592 1.9299e+01 0.0000e+00
      5.883    17.2278     7.3833     75.671  84.866728     99.916      7.534   287.3246     5.2042     1.2796     0.0499      0.089      5.766      8.363        593 1.8799e+01 0.0000e+00
      5.916    17.1119     7.3254     75.020  85.038556    100.358      7.528   287.6275     5.2123     1.2125     0.0500      0.088      5.796      8.406        594 1.8597e+01 0.0000e+00
      5.931    17.0337     7.2775     74.476  85.155860    100.837      7.525   287.4760     5.2365     1.2528     0.0502      0.086      5.815      8.433        595 1.8531e+01 0.0000e+00
