Data/DataNotYetUploadedToEDI/Raw_CTD/RawDownloads/071118_ccr50.cnv
* Sea-Bird SBE19plus  Data File:
* FileName = C:\DATA\071618_fcr_0001.hex
* Software version 2.6.3.104
* Temperature SN = 7809
* Conductivity SN = 7809
* System UpLoad Time = Jul 16 2018 10:01:54
* <ApplicationData>
* <Seaterm232>
# nquan = 17
# nvalues = 1323                        
# units = specified
# name 0 = depFM: Depth [fresh water, m]
# name 1 = tv290C: Temperature [ITS-90, deg C]
# name 2 = sbeox0Mg/L: Oxygen, SBE 43 [mg/l]
# name 3 = sbeox0PS: Oxygen, SBE 43 [% saturation]
# name 4 = c0uS/cm: Conductivity [uS/cm]
# name 5 = specc: Specific Conductance [uS/cm]
# name 6 = ph: pH
# name 7 = orp: Oxidation Reduction Potential [mV]
# name 8 = flECO-AFL: Fluorescence, WET Labs ECO-AFL/FL [mg/m^3]
# name 9 = turbWETntu0: Turbidity, WET Labs ECO [NTU]
# name 10 = sal00: Salinity, Practical [PSU]
# name 11 = dz/dtM: Descent Rate [m/s]
# name 12 = prdM: Pressure, Strain Gauge [db]
# name 13 = prdE: Pressure, Strain Gauge [psi]
# name 14 = scan: Scan Count
# name 15 = par/sat/log: PAR/Logarithmic, Satlantic
# name 16 = flag:  0.000e+00
# span 0 =     -0.010,     20.904       
# span 1 =    10.1572,    28.6687       
# span 2 =     0.3991,    10.9736       
# span 3 =      3.553,    128.042       
# span 4 =  83.705476,  99.968590       
# span 5 =     82.380,    142.345       
# span 6 =      6.732,      8.081       
# span 7 =   225.1251,   330.5576       
# span 8 =     0.3801,     5.3579       
# span 9 =     0.0845,     5.2006       
# span 10 =     0.0444,     0.0666      
# span 11 =     -0.254,      0.185      
# span 12 =     -0.005,     20.499      
# span 13 =     -0.008,     29.731      
# span 14 =          1,       1323      
# span 15 = 1.2154e-01, 5.8396e+02      
# span 16 = 0.0000e+00, 0.0000e+00      
# interval = seconds: 0.25
# start_time = Jul 11 2018 14:22:35 [Instrument's time stamp, header]
# bad_flag = -9.990e-29
*END*
[from data line 766]
      9.331    11.1941     8.0238     73.081  87.334651    120.636      7.007   313.1432     1.8278     1.8973     0.0571      0.069      9.150     13.270        767 2.0668e+00 0.0000e+00
      9.336    11.1996     8.0154     72.997  87.335542    120.641      7.010   313.2190     1.7954     1.8705     0.0571      0.054      9.158     13.282        768 2.0856e+00 0.0000e+00
      9.347    11.1949     8.0167     72.987  87.381482    120.713      7.009   313.1054     1.8278     1.8839     0.0571      0.047      9.170     13.300        769 2.0346e+00 0.0000e+00
      9.368    11.1808     8.0079     72.886  87.336949    120.616      7.008   313.6732     1.8278     1.9376     0.0571      0.048      9.190     13.328        770 1.9448e+00 0.0000e+00
      9.396    11.1694     7.9985     72.787  87.331491    120.631      7.005   313.6354     1.7226     1.9510     0.0571      0.053      9.215     13.366        771 1.9009e+00 0.0000e+00
      9.427    11.1600     7.9876     72.679  87.328809    120.681      7.004   313.7111     1.7024     1.8839     0.0571      0.060      9.243     13.407        772 1.8497e+00 0.0000e+00
      9.455    11.1528     7.9673     72.486  87.251095    120.601      7.001   313.5597     1.7024     1.8436     0.0571      0.069      9.268     13.442        773 1.7931e+00 0.0000e+00
      9.471    11.1514     7.9491     72.312  87.249810    120.633      7.000   313.4461     1.6862     1.9107     0.0571      0.078      9.285     13.466        774 1.7943e+00 0.0000e+00
      9.477    11.1516     7.9209     72.048  87.330421    120.773      6.999   313.5218     1.6781     1.9107     0.0571      0.083      9.293     13.479        775 1.8286e+00 0.0000e+00
      9.481    11.1594     7.8950     71.805  87.329194    120.778      6.996   314.1275     1.7105     1.9510     0.0571      0.081      9.298     13.485        776 1.8277e+00 0.0000e+00
      9.485    11.1725     7.8619     71.495  87.340543    120.776      6.994   314.0518     1.7064     1.9376     0.0571      0.072      9.304     13.494        777 1.8028e+00 0.0000e+00
      9.495    11.1696     7.8256     71.157  87.375765    120.831      6.992   313.5218     1.7024     2.0182     0.0572      0.059      9.315     13.510        778 1.7681e+00 0.0000e+00
      9.516    11.1560     7.7984     70.906  87.255619    120.588      6.993   314.0518     1.6539     1.8839     0.0571      0.050      9.334     13.537        779 1.6719e+00 0.0000e+00
      9.541    11.1441     7.7943     70.866  87.192703    120.524      6.991   314.1275     1.6215     1.8705     0.0570      0.046      9.355     13.568        780 1.6132e+00 0.0000e+00
      9.561    11.1358     7.7811     70.744  87.216185    120.607      6.991   313.9761     1.6418     1.8570     0.0571      0.047      9.374     13.596        781 1.6550e+00 0.0000e+00
      9.575    11.1303     7.7801     70.733  87.196675    120.609      6.990   313.9761     1.5973     1.8705     0.0571      0.053      9.390     13.619        782 1.6537e+00 0.0000e+00
      9.590    11.1254     7.7904     70.823  87.187261    120.636      6.988   313.7868     1.6134     1.9107     0.0571      0.061      9.407     13.643        783 1.5940e+00 0.0000e+00
      9.612    11.1207     7.8107     71.005  87.168441    120.616      6.988   314.3547     1.6256     1.9107     0.0571      0.068      9.427     13.672        784 1.5519e+00 0.0000e+00
      9.635    11.1160     7.8462     71.325  87.190372    120.670      6.987   313.7868     1.6175     1.9376     0.0571      0.074      9.449     13.704        785 1.5324e+00 0.0000e+00
      9.657    11.1113     7.8825     71.652  87.189712    120.687      6.987   313.8625     1.6377     1.8436     0.0571      0.077      9.473     13.738        786 1.5009e+00 0.0000e+00
      9.684    11.1062     7.9026     71.832  87.169269    120.663      6.985   314.1275     1.9491     1.9107     0.0571      0.079      9.498     13.775        787 1.4480e+00 0.0000e+00
      9.712    11.1014     7.9097     71.894  87.186085    120.718      6.983   314.1654     1.9491     1.9645     0.0571      0.083      9.523     13.812        788 1.4090e+00 0.0000e+00
      9.737    11.0988     7.9237     72.014  87.198526    120.735      6.983   314.3547     1.9612     1.9107     0.0571      0.088      9.546     13.845        789 1.3686e+00 0.0000e+00
      9.754    11.0974     7.9332     72.093  87.213262    120.790      6.978   314.7711     1.9329     1.9376     0.0571      0.092      9.563     13.870        790 1.3508e+00 0.0000e+00
      9.763    11.0960     7.9275     72.034  87.197486    120.760      6.977   314.8468     1.8439     2.1390     0.0571      0.090      9.573     13.885        791 1.3747e+00 0.0000e+00
      9.770    11.0948     7.9267     72.021  87.218162    120.803      6.977   314.8468     1.8197     2.1524     0.0571      0.083      9.581     13.896        792 1.3534e+00 0.0000e+00
      9.777    11.0930     7.9170     71.928  87.247004    120.847      6.978   314.8468     1.8237     2.1524     0.0571      0.072      9.588     13.906        793 1.3281e+00 0.0000e+00
      9.784    11.0912     7.9197     71.949  87.191330    120.773      6.977   314.8090     1.8156     2.1122     0.0571      0.061      9.597     13.919        794 1.3642e+00 0.0000e+00
      9.796    11.0897     7.9101     71.866  87.168511    120.741      6.977   314.7711     1.8278     2.0853     0.0571      0.050      9.608     13.935        795 1.3402e+00 0.0000e+00
      9.812    11.0879     7.9068     71.850  87.186200    120.785      6.975   314.9604     1.6862     1.9510     0.0571      0.042      9.622     13.955        796 1.2992e+00 0.0000e+00
      9.826    11.0861     7.9006     71.786  87.199052    120.791      6.975   314.8468     1.6943     1.9376     0.0571      0.040      9.636     13.975        797 1.2813e+00 0.0000e+00
      9.838    11.0842     7.9023     71.784  87.211987    120.834      6.975   314.9225     1.6781     1.9107     0.0571      0.041      9.649     13.995        798 1.2679e+00 0.0000e+00
      9.854    11.0806     7.9006     71.755  87.199840    120.803      6.975   315.3390     1.6984     1.9376     0.0571      0.045      9.665     14.018        799 1.2730e+00 0.0000e+00
      9.873    11.0758     7.8938     71.689  87.243908    120.886      6.972   315.3390     1.7064     2.2464     0.0572      0.051      9.687     14.050        800 1.2219e+00 0.0000e+00
      9.909    11.0715     7.9026     71.759  87.276090    120.938      6.972   315.4525     1.6943     2.2464     0.0572      0.061      9.715     14.091        801 1.1387e+00 0.0000e+00
      9.938    11.0680     7.9085     71.803  87.189530    120.836      6.970   315.6418     1.6943     2.2196     0.0571      0.072      9.742     14.130        802 1.1131e+00 0.0000e+00
      9.956    11.0653     7.9161     71.868  87.202962    120.852      6.967   315.8690     1.6862     2.2196     0.0571      0.080      9.762     14.159        803 1.1039e+00 0.0000e+00
      9.969    11.0626     7.9445     72.122  87.259381    120.979      6.964   315.4147     1.8075     2.0987     0.0572      0.083      9.777     14.179        804 1.1048e+00 0.0000e+00
      9.982    11.0663     7.9789     72.432  87.208526    120.873      6.964   315.8311     1.8439     2.0987     0.0571      0.084      9.789     14.197        805 1.0998e+00 0.0000e+00
      9.993    11.0735     8.0192     72.794  87.236518    120.958      6.964   315.7554     1.8237     2.0719     0.0572      0.081      9.801     14.215        806 1.0681e+00 0.0000e+00
     10.008    11.0697     8.0666     73.220  87.343487    121.065      6.961   315.2632     1.8520     2.1390     0.0572      0.075      9.816     14.237        807 1.0728e+00 0.0000e+00
     10.029    11.0590     8.1111     73.622  87.313283    121.036      6.965   315.8311     1.7671     2.0987     0.0572      0.069      9.836     14.266        808 1.0184e+00 0.0000e+00
     10.052    11.0514     8.1439     73.916  87.274103    120.936      6.962   315.6418     1.7711     1.9913     0.0572      0.064      9.857     14.297        809 9.7250e-01 0.0000e+00
     10.074    11.0479     8.1785     74.226  87.362514    121.164      6.961   315.8690     1.7590     2.0719     0.0573      0.064      9.880     14.330        810 9.7944e-01 0.0000e+00
     10.099    11.0428     8.1954     74.372  87.351943    121.115      6.960   315.7554     1.7590     2.1390     0.0572      0.069      9.906     14.367        811 9.3756e-01 0.0000e+00
     10.131    11.0364     8.1932     74.347  87.435943    121.279      6.958   316.2854     1.8439     2.0719     0.0573      0.079      9.933     14.407        812 9.1550e-01 0.0000e+00
     10.158    11.0337     8.1847     74.265  87.525600    121.414      6.957   316.5125     1.8237     2.2062     0.0574      0.088      9.958     14.443        813 8.9439e-01 0.0000e+00
     10.176    11.0319     8.1671     74.099  87.448519    121.319      6.953   316.3990     1.8358     2.1659     0.0573      0.094      9.977     14.471        814 8.6233e-01 0.0000e+00
     10.189    11.0301     8.1429     73.873  87.442670    121.328      6.954   316.3611     1.8278     1.9779     0.0573      0.094      9.992     14.493        815 8.5958e-01 0.0000e+00
     10.203    11.0279     8.1201     73.661  87.443679    121.334      6.953   316.2475     1.6943     2.1927     0.0573      0.090     10.006     14.512        816 8.4361e-01 0.0000e+00
     10.216    11.0256     8.0966     73.444  87.447267    121.340      6.954   316.3232     1.6781     2.1122     0.0573      0.083     10.019     14.531        817 8.3997e-01 0.0000e+00
     10.229    11.0242     8.0696     73.194  87.497678    121.425      6.952   316.3611     1.6903     2.1659     0.0574      0.075     10.032     14.550        818 8.3833e-01 0.0000e+00
     10.243    11.0223     8.0390     72.913  87.440418    121.356      6.951   316.7018     1.6781     2.1122     0.0573      0.066     10.046     14.570        819 8.3789e-01 0.0000e+00
     10.260    11.0194     8.0194     72.732  87.340118    121.204      6.951   316.3990     1.6943     2.1793     0.0573      0.059     10.062     14.594        820 8.2913e-01 0.0000e+00
     10.278    11.0158     7.9975     72.530  87.384621    121.289      6.950   316.2854     1.7064     2.1122     0.0573      0.057     10.081     14.621        821 7.8690e-01 0.0000e+00
     10.300    11.0126     7.9819     72.383  87.444507    121.376      6.949   316.7018     1.7024     2.0987     0.0574      0.059     10.101     14.650        822 7.8924e-01 0.0000e+00
     10.322    11.0098     7.9638     72.211  87.384534    121.311      6.950   316.3232     1.6822     2.1122     0.0573      0.064     10.123     14.682        823 7.7400e-01 0.0000e+00
     10.346    11.0061     7.9487     72.066  87.399790    121.321      6.949   316.7018     1.6984     2.1659     0.0573      0.070     10.147     14.717        824 7.1573e-01 0.0000e+00
     10.374    11.0025     7.9408     71.988  87.366056    121.331      6.945   316.7018     1.6781     2.2464     0.0573      0.077     10.172     14.753        825 7.0804e-01 0.0000e+00
     10.398    10.9996     7.9285     71.871  87.277846    121.148      6.942   316.8911     1.7024     2.0584     0.0572      0.084     10.194     14.784        826 6.9494e-01 0.0000e+00
     10.411    10.9969     7.9206     71.793  87.301426    121.278      6.941   316.9668     1.6701     2.0584     0.0573      0.087     10.209     14.807        827 6.9588e-01 0.0000e+00
     10.423    10.9942     7.8941     71.546  87.277245    121.170      6.943   316.5125     1.6943     2.1390     0.0573      0.085     10.220     14.823        828 6.9983e-01 0.0000e+00
     10.431    10.9922     7.8656     71.283  87.307942    121.296      6.941   316.8532     1.4962     2.1122     0.0573      0.079     10.230     14.837        829 6.7722e-01 0.0000e+00
     10.440    10.9905     7.8128     70.800  87.292963    121.227      6.940   316.5125     1.4840     2.0450     0.0573      0.071     10.240     14.852        830 6.8880e-01 0.0000e+00
     10.455    10.9880     7.7614     70.330  87.236420    121.195      6.941   316.6261     1.5124     2.0987     0.0573      0.062     10.254     14.871        831 6.8193e-01 0.0000e+00
     10.470    10.9847     7.7082     69.845  87.259372    121.201      6.940   316.8911     1.4679     2.0584     0.0573      0.055     10.271     14.896        832 6.5656e-01 0.0000e+00
     10.494    10.9803     7.6451     69.270  87.264402    121.248      6.938   317.1940     1.3627     2.1256     0.0573      0.053     10.293     14.928        833 6.2443e-01 0.0000e+00
     10.523    10.9756     7.6020     68.874  87.200429    121.143      6.937   317.1182     1.3749     2.0853     0.0572      0.057     10.318     14.966        834 6.4745e-01 0.0000e+00
     10.547    10.9717     7.5670     68.552  87.130847    121.080      6.936   317.3833     1.3910     2.1927     0.0572      0.065     10.343     15.001        835 6.2928e-01 0.0000e+00
     10.570    10.9682     7.5445     68.343  87.113124    121.057      6.936   317.6861     1.3951     2.0450     0.0572      0.075     10.367     15.036        836 5.7415e-01 0.0000e+00
     10.597    10.9644     7.5461     68.351  87.073818    121.031      6.933   317.3833     1.5649     2.0853     0.0572      0.085     10.393     15.073        837 5.8341e-01 0.0000e+00
     10.625    10.9604     7.5563     68.439  87.090564    121.042      6.933   317.9890     1.5568     2.1524     0.0572      0.093     10.419     15.112        838 5.5086e-01 0.0000e+00
     10.653    10.9572     7.5745     68.601  87.151759    121.172      6.933   317.7997     1.5407     2.0853     0.0572      0.099     10.445     15.149        839 5.6015e-01 0.0000e+00
     10.675    10.9546     7.5847     68.698  87.146342    121.147      6.932   317.6104     1.5528     2.1122     0.0572      0.101     10.466     15.180        840 5.4267e-01 0.0000e+00
     10.689    10.9524     7.6116     68.947  87.186514    121.235      6.932   318.0268     1.6458     2.2867     0.0573      0.098     10.482     15.202        841 4.9063e-01 0.0000e+00
     10.701    10.9504     7.6338     69.145  87.220707    121.283      6.931   318.2161     1.6458     2.1659     0.0573      0.092     10.494     15.220        842 5.0105e-01 0.0000e+00
     10.714    10.9480     7.6373     69.170  87.192998    121.252      6.928   317.8375     1.6337     2.2733     0.0573      0.085     10.508     15.239        843 5.2074e-01 0.0000e+00
     10.730    10.9448     7.6364     69.154  87.191266    121.258      6.928   318.1025     1.6377     2.2330     0.0573      0.077     10.524     15.263        844 5.2221e-01 0.0000e+00
     10.751    10.9419     7.6370     69.153  87.222865    121.306      6.929   318.1783     1.6175     2.1122     0.0573      0.070     10.545     15.294        845 4.8865e-01 0.0000e+00
     10.778    10.9386     7.6297     69.083  87.183412    121.277      6.928   317.5725     1.6094     2.1524     0.0573      0.068     10.571     15.332        846 4.8900e-01 0.0000e+00
     10.810    10.9346     7.6265     69.050  87.151164    121.209      6.927   318.0268     1.6256     2.1390     0.0572      0.071     10.599     15.372        847 4.7737e-01 0.0000e+00
     10.837    10.9315     7.6156     68.949  87.203532    121.337      6.925   317.9511     1.6175     2.1256     0.0573      0.079     10.622     15.407        848 4.6247e-01 0.0000e+00
     10.850    10.9300     7.6047     68.847  87.147980    121.234      6.923   318.4054     1.6377     2.4881     0.0573      0.085     10.637     15.427        849 4.8673e-01 0.0000e+00
     10.853    10.9328     7.6054     68.852  87.131096    121.244      6.923   318.3297     1.6377     2.4479     0.0573      0.084     10.644     15.437        850 4.7437e-01 0.0000e+00
     10.858    10.9361     7.6059     68.855  87.224548    121.367      6.924   318.1783     1.6458     2.4344     0.0573      0.079     10.650     15.447        851 4.4331e-01 0.0000e+00
