Data/DataNotYetUploadedToEDI/Raw_CTD/RawDownloads/071118_ccr50.cnv
* Sea-Bird SBE19plus  Data File:
* FileName = C:\DATA\071618_fcr_0001.hex
* Software version 2.6.3.104
* Temperature SN = 7809
* Conductivity SN = 7809
* System UpLoad Time = Jul 16 2018 10:01:54
* <ApplicationData>
* <Seaterm232>
# nquan = 17
# nvalues = 1323                        
# units = specified
# name 0 = depFM: Depth [fresh water, m]
# name 1 = tv290C: Temperature [ITS-90, deg C]
# name 2 = sbeox0Mg/L: Oxygen, SBE 43 [mg/l]
# name 3 = sbeox0PS: Oxygen, SBE 43 [% saturation]
# name 4 = c0uS/cm: Conductivity [uS/cm]
# name 5 = specc: Specific Conductance [uS/cm]
# name 6 = ph: pH
# name 7 = orp: Oxidation Reduction Potential [mV]
# name 8 = flECO-AFL: Fluorescence, WET Labs ECO-AFL/FL [mg/m^3]
# name 9 = turbWETntu0: Turbidity, WET Labs ECO [NTU]
# name 10 = sal00: Salinity, Practical [PSU]
# name 11 = dz/dtM: Descent Rate [m/s]
# name 12 = prdM: Pressure, Strain Gauge [db]
# name 13 = prdE: Pressure, Strain Gauge [psi]
# name 14 = scan: Scan Count
# name 15 = par/sat/log: PAR/Logarithmic, Satlantic
# name 16 = flag:  0.000e+00
# span 0 =     -0.010,     20.904       
# span 1 =    10.1572,    28.6687       
# span 2 =     0.3991,    10.9736       
# span 3 =      3.553,    128.042       
# span 4 =  83.705476,  99.968590       
# span 5 =     82.380,    142.345       
# span 6 =      6.732,      8.081       
# span 7 =   225.1251,   330.5576       
# span 8 =     0.3801,     5.3579       
# span 9 =     0.0845,     5.2006       
# span 10 =     0.0444,     0.0666      
# span 11 =     -0.254,      0.185      
# span 12 =     -0.005,     20.499      
# span 13 =     -0.008,     29.731      
# span 14 =          1,       1323      
# span 15 = 1.2154e-01, 5.8396e+02      
# span 16 = 0.0000e+00, 0.0000e+00      
# interval = seconds: 0.25
# start_time = Jul 11 2018 14:22:35 [Instrument's time stamp, header]
# bad_flag = -9.990e-29
*END*
[from data line 256]
      0.052    28.6580     8.0267    103.760  89.128537     83.033      8.041   246.2495     0.9503     0.2054     0.0449      0.033      0.054      0.078        257 5.1953e+02 0.0000e+00
      0.060    28.6565     8.0292    103.792  89.107768     83.033      8.046   246.1359     0.9341     0.2860     0.0449      0.027      0.060      0.087        258 5.1511e+02 0.0000e+00
      0.069    28.6546     8.0324    103.832  89.051901     82.956      8.044   246.0602     0.9301     0.1517     0.0448      0.021      0.067      0.098        259 5.1064e+02 0.0000e+00
      0.076    28.6535     8.0361    103.878  89.108855     83.036      8.045   246.0602     0.9220     0.2054     0.0449      0.017      0.075      0.110        260 5.1636e+02 0.0000e+00
      0.087    28.6530     8.0271    103.761  89.126099     83.040      8.049   246.1359     0.9948     0.2188     0.0449      0.020      0.083      0.122        261 5.1685e+02 0.0000e+00
      0.093    28.6532     8.0163    103.620  89.030442     82.963      8.049   246.7038     0.9786     0.1785     0.0448      0.024      0.088      0.128        262 5.1507e+02 0.0000e+00
      0.089    28.6538     7.9902    103.285  89.049484     82.964      8.051   246.5902     0.9503     0.1248     0.0448      0.024      0.086      0.124        263 5.1453e+02 0.0000e+00
      0.081    28.6548     7.9784    103.135  89.102403     83.042      8.050   246.4766     0.9988     0.1517     0.0449      0.020      0.078      0.114        264 5.1719e+02 0.0000e+00
      0.069    28.6560     7.9648    102.959  89.053792     82.962      8.051   246.5145     1.0029     0.2591     0.0448      0.012      0.073      0.106        265 5.1107e+02 0.0000e+00
      0.075    28.6562     7.9419    102.663  89.109978     83.039      8.053   246.7038     1.0190     0.2591     0.0449      0.005      0.077      0.113        266 5.1004e+02 0.0000e+00
      0.094    28.6560     7.9258    102.454  89.181159     83.089      8.048   246.7038     0.9826     0.2591     0.0449      0.003      0.089      0.130        267 5.1491e+02 0.0000e+00
      0.102    28.6559     7.8946    102.050  89.113888     83.037      8.045   247.0823     0.9988     0.2457     0.0449      0.005      0.097      0.141        268 5.1189e+02 0.0000e+00
      0.100    28.6550     7.8681    101.707  89.074753     82.985      8.036   247.0445     0.9907     0.3800     0.0449      0.005      0.097      0.141        269 5.1523e+02 0.0000e+00
      0.096    28.6543     7.8544    101.528  89.110918     83.038      8.036   246.8552     0.9948     0.3531     0.0449      0.007      0.095      0.138        270 5.1512e+02 0.0000e+00
      0.095    28.6537     7.8387    101.322  89.187824     83.091      8.038   247.1202     0.9867     0.3665     0.0449      0.010      0.093      0.135        271 5.1390e+02 0.0000e+00
      0.094    28.6536     7.8377    101.299  89.157461     83.092      8.042   246.9688     1.0190     0.3934     0.0449      0.012      0.093      0.135        272 5.1355e+02 0.0000e+00
      0.093    28.6544     7.8490    101.420  89.059499     82.963      8.047   246.7795     0.9948     0.1114     0.0448      0.010      0.093      0.136        273 5.1543e+02 0.0000e+00
      0.099    28.6554     7.8519    101.434  89.101585     83.041      8.051   247.3852     1.0109     0.2054     0.0449      0.005      0.097      0.140        274 5.1582e+02 0.0000e+00
      0.102    28.6557     7.8600    101.517  89.134821     83.040      8.053   247.0445     0.9948     0.0980     0.0449      0.000      0.101      0.146        275 5.1450e+02 0.0000e+00
      0.107    28.6556     7.8704    101.660  89.107344     83.038      8.054   247.1959     0.9745     0.2054     0.0449      0.002      0.107      0.155        276 5.1378e+02 0.0000e+00
      0.118    28.6552     7.8714    101.691  89.135778     83.038      8.053   247.0445     0.9665     0.2054     0.0449      0.008      0.117      0.170        277 5.1174e+02 0.0000e+00
      0.136    28.6545     7.8587    101.541  89.099435     83.038      8.048   247.4609     0.9907     0.3397     0.0449      0.017      0.129      0.187        278 5.1275e+02 0.0000e+00
      0.139    28.6541     7.8488    101.417  89.063366     82.960      8.035   247.0445     0.9826     0.4337     0.0448      0.024      0.135      0.196        279 5.1004e+02 0.0000e+00
      0.139    28.6530     7.8466    101.381  89.091459     83.040      8.036   247.4609     1.0029     0.4605     0.0449      0.027      0.139      0.201        280 5.0783e+02 0.0000e+00
      0.147    28.6515     7.8465    101.360  89.094210     82.988      8.037   247.3473     0.9745     0.5277     0.0449      0.029      0.144      0.209        281 5.1554e+02 0.0000e+00
      0.154    28.6451     7.8326    101.170  89.089678     83.042      8.042   247.3473     0.9826     0.2054     0.0449      0.029      0.154      0.223        282 5.0728e+02 0.0000e+00
      0.170    28.6323     7.8086    100.857  89.007893     82.914      8.047   247.4230     0.9584     0.1785     0.0448      0.031      0.169      0.245        283 5.0818e+02 0.0000e+00
      0.193    28.6180     7.8033    100.787  88.987844     82.949      8.051   247.2716     0.9948     0.2322     0.0448      0.036      0.189      0.273        284 4.9857e+02 0.0000e+00
      0.214    28.6077     7.8175    100.966  88.936224     82.892      8.049   247.5745     0.9867     0.2860     0.0448      0.041      0.209      0.303        285 4.5379e+02 0.0000e+00
      0.231    28.6113     7.8339    101.175  88.982940     82.965      8.048   247.3473     1.0716     0.2457     0.0448      0.048      0.228      0.331        286 4.3970e+02 0.0000e+00
      0.254    28.6219     7.8373    101.206  89.048666     83.061      8.040   247.0445     1.0595     0.1517     0.0449      0.059      0.247      0.358        287 4.3485e+02 0.0000e+00
      0.270    28.6292     7.8426    101.256  89.003121     82.975      8.028   246.7416     1.0635     0.1920     0.0448      0.068      0.259      0.376        288 4.3333e+02 0.0000e+00
      0.266    28.6317     7.8577    101.434  89.099090     83.090      8.015   246.7038     1.0716     0.1383     0.0449      0.067      0.263      0.381        289 4.2459e+02 0.0000e+00
      0.268    28.6266     7.8768    101.663  89.048167     83.000      8.019   246.5523     1.0473     0.3397     0.0449      0.061      0.268      0.388        290 4.1191e+02 0.0000e+00
      0.285    28.6166     7.8801    101.694  88.977278     82.945      8.031   246.7416     1.0109     0.3262     0.0448      0.054      0.283      0.410        291 4.1608e+02 0.0000e+00
      0.310    28.6105     7.8699    101.551  89.008893     82.978      8.039   246.5145     1.0392     0.3397     0.0448      0.050      0.303      0.440        292 4.0217e+02 0.0000e+00
      0.331    28.6090     7.8615    101.436  88.979093     82.968      8.043   246.5523     1.0271     0.4068     0.0448      0.050      0.321      0.466        293 3.9581e+02 0.0000e+00
      0.339    28.6075     7.8586    101.397  88.984637     82.977      8.044   247.0066     1.1242     0.2591     0.0448      0.050      0.332      0.482        294 3.8885e+02 0.0000e+00
      0.348    28.6060     7.8603    101.419  89.002000     83.006      8.047   246.8552     1.1161     0.2860     0.0449      0.049      0.342      0.496        295 3.8250e+02 0.0000e+00
      0.360    28.6037     7.8634    101.458  88.987225     82.982      8.052   246.9688     1.1403     0.1517     0.0448      0.052      0.354      0.514        296 3.8274e+02 0.0000e+00
      0.375    28.5965     7.8634    101.461  88.973290     82.985      8.055   247.2716     1.1120     0.1785     0.0448      0.056      0.369      0.534        297 3.7341e+02 0.0000e+00
      0.392    28.5863     7.8549    101.349  88.959872     82.961      8.055   247.4609     1.1080     0.4202     0.0448      0.058      0.386      0.559        298 3.6563e+02 0.0000e+00
      0.412    28.5764     7.8592    101.396  88.914722     82.947      8.052   247.8395     1.1323     0.3665     0.0448      0.056      0.405      0.587        299 3.5853e+02 0.0000e+00
      0.435    28.5674     7.8663    101.477  88.880811     82.910      8.052   248.0288     1.0999     0.4337     0.0448      0.057      0.426      0.618        300 3.5750e+02 0.0000e+00
      0.457    28.5601     7.8635    101.430  88.883144     82.952      8.050   248.8238     1.1201     0.3262     0.0448      0.062      0.447      0.647        301 3.5425e+02 0.0000e+00
      0.474    28.5539     7.8685    101.487  88.822624     82.887      8.053   249.0131     1.1929     0.4068     0.0448      0.069      0.463      0.671        302 3.4979e+02 0.0000e+00
      0.486    28.5499     7.8876    101.727  88.807460     82.899      8.053   249.4295     1.2010     0.4202     0.0448      0.072      0.476      0.690        303 3.4695e+02 0.0000e+00
      0.496    28.5491     7.8937    101.797  88.842554     82.934      8.056   249.8081     1.1970     0.3800     0.0448      0.071      0.487      0.707        304 3.4418e+02 0.0000e+00
      0.509    28.5492     7.8848    101.676  88.808693     82.914      8.055   250.4516     1.1848     0.3262     0.0448      0.068      0.498      0.722        305 3.3955e+02 0.0000e+00
      0.517    28.5495     7.8747    101.543  88.819868     82.915      8.057   250.5652     1.1929     0.3397     0.0448      0.061      0.508      0.737        306 3.3820e+02 0.0000e+00
      0.528    28.5506     7.8697    101.475  88.888121     82.994      8.056   250.6031     1.1767     0.3665     0.0448      0.054      0.520      0.754        307 3.3502e+02 0.0000e+00
      0.545    28.5489     7.8688    101.461  88.812961     82.915      8.060   251.2088     1.1848     0.3800     0.0448      0.050      0.536      0.777        308 3.2851e+02 0.0000e+00
      0.566    28.5440     7.8696    101.466  88.824196     82.913      8.057   252.0038     1.1889     0.3531     0.0448      0.049      0.556      0.806        309 3.2628e+02 0.0000e+00
      0.590    28.5382     7.8550    101.276  88.874139     82.994      8.052   252.4202     1.1970     0.3800     0.0448      0.054      0.578      0.837        310 3.2152e+02 0.0000e+00
      0.610    28.5325     7.8575    101.306  88.780547     82.871      8.050   252.8745     1.1929     0.3531     0.0448      0.060      0.598      0.867        311 3.1553e+02 0.0000e+00
      0.627    28.5285     7.8662    101.416  88.821734     82.959      8.051   253.2152     1.1970     0.4068     0.0448      0.066      0.619      0.897        312 3.1305e+02 0.0000e+00
      0.658    28.5250     7.8660    101.409  88.822889     82.941      8.053   253.2531     1.1848     0.3397     0.0448      0.074      0.646      0.935        313 3.0379e+02 0.0000e+00
      0.689    28.5202     7.8714    101.473  88.808852     82.948      8.056   253.3666     1.1970     0.3128     0.0448      0.084      0.672      0.974        314 2.9945e+02 0.0000e+00
      0.707    28.5165     7.8718    101.472  88.839210     82.979      8.056   253.4802     1.2374     0.3934     0.0448      0.090      0.691      1.001        315 3.0228e+02 0.0000e+00
      0.715    28.5145     7.8708    101.456  88.755379     82.908      8.056   253.7831     1.2616     0.4337     0.0448      0.088      0.701      1.017        316 2.9772e+02 0.0000e+00
      0.724    28.5129     7.8790    101.559  88.764506     82.913      8.061   253.4424     1.2374     0.4337     0.0448      0.083      0.711      1.031        317 2.9689e+02 0.0000e+00
      0.737    28.5110     7.8995    101.821  88.827857     82.995      8.064   253.5181     1.2616     0.3934     0.0448      0.075      0.723      1.049        318 2.9363e+02 0.0000e+00
      0.752    28.5088     7.9050    101.891  88.765750     82.919      8.069   253.8966     1.3061     0.2322     0.0448      0.069      0.738      1.069        319 2.9132e+02 0.0000e+00
      0.766    28.5074     7.9102    101.956  88.752592     82.922      8.066   253.9345     1.2859     0.1383     0.0448      0.062      0.751      1.089        320 2.8959e+02 0.0000e+00
      0.778    28.5063     7.9168    102.039  88.784764     82.952      8.067   253.9345     1.2900     0.0845     0.0448      0.054      0.763      1.107        321 2.8449e+02 0.0000e+00
      0.791    28.5045     7.9231    102.119  88.755451     82.928      8.065   254.0859     1.2980     0.1114     0.0448      0.049      0.777      1.126        322 2.8354e+02 0.0000e+00
      0.806    28.5023     7.9233    102.120  88.759337     82.929      8.070   254.1995     1.3061     0.4337     0.0448      0.050      0.792      1.148        323 2.8052e+02 0.0000e+00
      0.825    28.4992     7.9093    101.938  88.779932     82.958      8.070   254.3131     1.3385     0.4202     0.0448      0.053      0.810      1.175        324 2.7563e+02 0.0000e+00
      0.847    28.4959     7.8960    101.764  88.700089     82.883      8.071   254.3509     1.3142     0.4068     0.0448      0.058      0.831      1.205        325 2.7179e+02 0.0000e+00
      0.869    28.4940     7.8913    101.702  88.710025     82.888      8.075   254.5024     1.2819     0.3665     0.0448      0.063      0.852      1.236        326 2.6705e+02 0.0000e+00
      0.892    28.4925     7.9039    101.861  88.767570     82.972      8.068   254.8431     1.3587     0.3262     0.0448      0.068      0.871      1.264        327 2.6429e+02 0.0000e+00
      0.903    28.4914     7.9127    101.976  88.717685     82.896      8.060   254.9945     1.3910     0.4874     0.0448      0.071      0.886      1.285        328 2.6157e+02 0.0000e+00
      0.916    28.4908     7.9042    101.864  88.742375     82.951      8.060   255.2974     1.3951     0.4202     0.0448      0.072      0.898      1.303        329 2.5892e+02 0.0000e+00
      0.928    28.4895     7.8863    101.630  88.736847     82.926      8.052   255.5245     1.3951     0.4337     0.0448      0.071      0.908      1.318        330 2.5772e+02 0.0000e+00
      0.934    28.4886     7.8634    101.329  88.694830     82.901      8.051   254.9188     1.3991     0.4202     0.0448      0.065      0.916      1.328        331 2.5573e+02 0.0000e+00
      0.940    28.4881     7.8518    101.173  88.764930     82.956      8.051   254.9945     1.3506     0.3934     0.0448      0.056      0.925      1.341        332 2.5405e+02 0.0000e+00
      0.956    28.4870     7.8330    100.925  88.768553     82.983      8.058   254.9188     1.3830     0.3800     0.0448      0.049      0.940      1.363        333 2.5052e+02 0.0000e+00
      0.981    28.4859     7.8256    100.825  88.720059     82.905      8.060   255.0702     1.3425     0.3397     0.0448      0.048      0.960      1.393        334 2.4753e+02 0.0000e+00
      0.999    28.4847     7.8379    100.981  88.765811     82.986      8.063   255.4109     1.3749     0.3531     0.0448      0.049      0.978      1.418        335 2.4693e+02 0.0000e+00
      1.011    28.4833     7.8407    101.015  88.711617     82.909      8.064   255.1838     1.3668     0.3531     0.0448      0.053      0.993      1.439        336 2.4369e+02 0.0000e+00
      1.027    28.4825     7.8217    100.770  88.698298     82.911      8.068   255.5624     1.4153     0.4337     0.0448      0.056      1.008      1.462        337 2.4224e+02 0.0000e+00
      1.046    28.4827     7.8030    100.529  88.722918     82.939      8.069   255.4109     1.3749     0.4068     0.0448      0.061      1.026      1.489        338 2.3847e+02 0.0000e+00
      1.069    28.4819     7.8186    100.730  88.710716     82.914      8.069   255.0702     1.3587     0.3665     0.0448      0.067      1.050      1.523        339 2.3284e+02 0.0000e+00
      1.099    28.4793     7.8468    101.092  88.743220     82.966      8.065   255.5245     1.4396     0.4337     0.0448      0.074      1.077      1.562        340 2.2989e+02 0.0000e+00
