Data/DataNotYetUploadedToEDI/Raw_CTD/RawDownloads/071218_bvr50.cnv
* Sea-Bird SBE19plus  Data File:
* FileName = C:\DATA\071618_fcr_0002.hex
* Software version 2.6.3.104
* Temperature SN = 7809
* Conductivity SN = 7809
* System UpLoad Time = Jul 16 2018 10:02:23
* <ApplicationData>
* <Seaterm232>
# nquan = 17
# nvalues = 997                         
# units = specified
# name 0 = depFM: Depth [fresh water, m]
# name 1 = tv290C: Temperature [ITS-90, deg C]
# name 2 = sbeox0Mg/L: Oxygen, SBE 43 [mg/l]
# name 3 = sbeox0PS: Oxygen, SBE 43 [% saturation]
# name 4 = c0uS/cm: Conductivity [uS/cm]
# name 5 = specc: Specific Conductance [uS/cm]
# name 6 = ph: pH
# name 7 = orp: Oxidation Reduction Potential [mV]
# name 8 = flECO-AFL: Fluorescence, WET Labs ECO-AFL/FL [mg/m^3]
# name 9 = turbWETntu0: Turbidity, WET Labs ECO [NTU]
# name 10 = sal00: Salinity, Practical [PSU]
# name 11 = dz/dtM: Descent Rate [m/s]
# name 12 = prdM: Pressure, Strain Gauge [db]
# name 13 = prdE: Pressure, Strain Gauge [psi]
# name 14 = scan: Scan Count
# name 15 = par/sat/log: PAR/Logarithmic, Satlantic
# name 16 = flag:  0.000e+00
# span 0 =     -0.607,     10.486       
# span 1 =     7.5526,    27.8356       
# span 2 =     0.0761,    12.9739       
# span 3 =      0.636,    157.731       
# span 4 =   0.926429,  97.553592       
# span 5 =      0.918,    149.987       
# span 6 =      6.325,      9.488       
# span 7 = -1240.7455,   266.4274       
# span 8 =    -0.1860,     5.6773       
# span 9 =    -0.3183,    29.5186       
# span 10 =     0.0120,     0.0688      
# span 11 =     -0.154,      0.213      
# span 12 =     -0.595,     10.283      
# span 13 =     -0.863,     14.914      
# span 14 =          1,        997      
# span 15 = 1.2152e-01, 6.8205e+02      
# span 16 = 0.0000e+00, 0.0000e+00      
# interval = seconds: 0.25
# start_time = Jul 12 2018 14:22:52 [Instrument's time stamp, header]
# bad_flag = -9.990e-29
*END*
[from data line 171]
      0.044    27.3630     5.8958     74.764  32.192101     30.753      9.305   249.8459     1.4436    21.6901     0.0226      0.006      0.042      0.062        172 3.1531e+02 0.0000e+00
      0.045    27.3591     6.7932     86.292  32.177897     30.720      9.299   250.2623     1.4396    21.7035     0.0225      0.006      0.043      0.062        173 3.0821e+02 0.0000e+00
      0.042    27.3534     7.7373     98.380  32.086403     30.638      9.294   250.4516     1.4517    21.7035     0.0225      0.004      0.041      0.059        174 3.0785e+02 0.0000e+00
      0.038    27.3481     8.6207    109.663  32.039092     30.587      9.286   251.2845     1.4719    21.7035     0.0225      0.002      0.038      0.054        175 3.1491e+02 0.0000e+00
      0.034    27.3439     9.3502    118.968  31.969905     30.537      9.284   250.3002     1.4436    21.5827     0.0225     -0.001      0.034      0.050        176 3.1308e+02 0.0000e+00
      0.033    27.3433     9.9005    125.981  31.994593     30.540      9.292   249.3916     1.4800    21.6767     0.0225     -0.003      0.034      0.049        177 3.1254e+02 0.0000e+00
      0.036    27.3499    10.2269    130.143  32.067675     30.649      9.298   249.7702     1.4598    21.7035     0.0225     -0.003      0.036      0.052        178 3.1503e+02 0.0000e+00
      0.041    27.3567    10.3740    132.022  32.205132     30.729      9.303   250.6409     1.4436    21.6632     0.0225     -0.003      0.040      0.057        179 3.1623e+02 0.0000e+00
      0.043    27.3682    10.3136    131.261  32.149705     30.753      9.299   250.9059     1.4638    21.6767     0.0226     -0.002      0.042      0.061        180 3.1196e+02 0.0000e+00
      0.043    27.4434    10.1323    128.961  32.403524     30.855      9.297   250.6788     1.4355    22.1601     0.0226      0.000      0.043      0.063        181 3.0849e+02 0.0000e+00
      0.045    27.5731     9.9576    126.741  33.371925     31.943      9.301   250.7545     1.4962    22.3749     0.0230      0.003      0.043      0.063        182 3.1418e+02 0.0000e+00
      0.044    27.6723     9.8019    124.760  33.791282     32.164      9.298   251.3223     1.4719    22.3749     0.0231      0.005      0.042      0.062        183 3.1858e+02 0.0000e+00
      0.042    27.7255     9.6849    123.269  33.779458     32.162      9.299   250.4516     1.4396    22.2541     0.0232      0.006      0.041      0.060        184 3.1629e+02 0.0000e+00
      0.041    27.7526     9.6026    122.215  33.831407     32.076      9.301   250.4138     1.4598    22.2809     0.0232      0.004      0.041      0.059        185 3.1582e+02 0.0000e+00
      0.041    27.7643     9.5359    121.367  33.785896     32.070      9.303   250.5273     1.4517    22.2541     0.0232      0.001      0.041      0.059        186 3.1396e+02 0.0000e+00
      0.041    27.7698     9.4914    120.805  33.717450     31.921      9.301   251.5495     1.4638    22.2138     0.0231     -0.001      0.040      0.058        187 3.1295e+02 0.0000e+00
      0.039    27.7729     9.4530    120.321  33.708991     31.967      9.298   250.3381     1.4396    22.2541     0.0231     -0.002      0.039      0.056        188 3.1969e+02 0.0000e+00
      0.038    27.7762     9.4175    119.871  33.648144     31.858      9.301   250.8681     1.4638    22.5629     0.0231     -0.003      0.038      0.054        189 3.1513e+02 0.0000e+00
      0.036    27.7797     9.3902    119.526  33.674552     31.909      9.298   251.6631     1.4436    22.4555     0.0231     -0.004      0.036      0.051        190 3.1283e+02 0.0000e+00
      0.034    27.7827     9.3820    119.422  33.794744     32.013      9.290   252.0038     1.4557    22.4421     0.0232     -0.004      0.033      0.048        191 3.1548e+02 0.0000e+00
      0.031    27.7841     9.3700    119.261  33.735802     31.958      9.286   251.6252     1.4557    22.5495     0.0231     -0.005      0.031      0.045        192 3.0993e+02 0.0000e+00
      0.030    27.7851     9.3666    119.209  33.688591     31.903      9.288   252.1173     1.5083    22.0258     0.0231     -0.006      0.030      0.043        193 3.0558e+02 0.0000e+00
      0.029    27.7840     9.3642    119.171  33.734876     31.955      9.286   251.2466     1.4962    22.1064     0.0231     -0.007      0.030      0.043        194 3.0670e+02 0.0000e+00
      0.031    27.7809     9.3572    119.074  33.678201     31.902      9.286   250.4516     1.5204    22.0929     0.0231     -0.006      0.032      0.046        195 3.1740e+02 0.0000e+00
      0.036    27.7811     9.3471    118.936  33.581194     31.796      9.284   250.7923     1.5204    22.1198     0.0231     -0.003      0.036      0.052        196 3.2232e+02 0.0000e+00
      0.041    27.7839     9.3529    119.006  33.618364     31.851      9.280   251.5495     1.4962    21.9318     0.0231      0.000      0.040      0.057        197 3.1911e+02 0.0000e+00
      0.043    27.7856     9.3533    119.009  33.750564     31.957      9.274   251.8523     1.5043    21.8781     0.0231      0.004      0.041      0.060        198 3.1954e+02 0.0000e+00
      0.043    27.7865     9.3446    118.893  33.802183     32.035      9.267   252.6095     1.4962    21.8512     0.0232      0.007      0.041      0.060        199 3.2024e+02 0.0000e+00
      0.041    27.7877     9.3339    118.752  33.761706     31.954      9.260   251.9659     1.5124    21.7841     0.0231      0.007      0.040      0.058        200 3.1817e+02 0.0000e+00
      0.039    27.7876     9.3425    118.857  33.711972     31.954      9.266   250.5273     1.4881    21.8512     0.0231      0.006      0.039      0.057        201 3.1829e+02 0.0000e+00
      0.040    27.7841     9.3590    119.063  33.656494     31.847      9.277   250.1866     1.5811    21.4484     0.0231      0.005      0.040      0.058        202 3.1344e+02 0.0000e+00
      0.043    27.7797     9.3720    119.225  33.652820     31.900      9.287   250.9059     1.5851    21.4887     0.0231      0.003      0.041      0.060        203 3.0936e+02 0.0000e+00
      0.043    27.7761     9.3688    119.180  33.597926     31.796      9.287   251.5116     1.5568    21.4350     0.0231      0.002      0.042      0.061        204 3.1360e+02 0.0000e+00
      0.042    27.7721     9.3620    119.092  33.546881     31.799      9.288   251.7009     1.5649    21.3544     0.0231      0.000      0.042      0.061        205 3.1679e+02 0.0000e+00
      0.043    27.7682     9.3589    119.049  33.479109     31.695      9.287   251.7009     1.6013    22.7106     0.0230      0.001      0.043      0.062        206 3.2118e+02 0.0000e+00
      0.045    27.7663     9.3584    119.036  33.445033     31.697      9.292   251.1709     1.6013    22.6166     0.0230      0.002      0.045      0.065        207 3.1499e+02 0.0000e+00
      0.049    27.7652     9.3618    119.077  33.411364     31.647      9.297   250.3002     1.5851    22.6838     0.0230      0.004      0.048      0.070        208 3.0883e+02 0.0000e+00
      0.054    27.7627     9.3554    118.994  33.372741     31.621      9.300   251.4738     1.5690    22.6972     0.0230      0.006      0.052      0.076        209 3.0484e+02 0.0000e+00
      0.057    27.7600     9.3496    118.922  33.344830     31.596      9.300   251.8902     1.5124    21.9049     0.0230      0.007      0.056      0.081        210 3.0228e+02 0.0000e+00
      0.059    27.7583     9.3507    118.942  33.357138     31.597      9.300   250.9438     1.5204    21.8915     0.0230      0.009      0.060      0.086        211 2.9571e+02 0.0000e+00
      0.066    27.7568     9.3547    119.015  33.327769     31.599      9.303   249.8081     1.5043    21.8915     0.0230      0.011      0.066      0.095        212 2.7338e+02 0.0000e+00
      0.076    27.7551     9.3565    119.064  33.233108     31.467      9.307   250.6788     1.5124    21.8378     0.0229      0.016      0.073      0.105        213 2.6293e+02 0.0000e+00
      0.081    27.7530     9.3578    119.107  33.237711     31.521      9.298   252.0038     1.5083    20.8710     0.0230      0.018      0.079      0.114        214 2.6834e+02 0.0000e+00
      0.083    27.7519     9.3535    119.081  33.173773     31.416      9.295   249.8081     1.5407    20.8173     0.0229      0.020      0.085      0.123        215 2.6584e+02 0.0000e+00
      0.097    27.7504     9.3521    119.082  33.075448     31.365      9.297   248.5966     1.4962    20.7770     0.0229      0.023      0.098      0.142        216 2.5968e+02 0.0000e+00
      0.121    27.7475     9.3428    118.967  33.004229     31.259      9.295   247.3852     1.5326    20.8173     0.0229      0.029      0.116      0.168        217 2.4601e+02 0.0000e+00
      0.136    27.7464     9.3353    118.872  32.965866     31.260      9.289   246.9688     1.5528    20.7770     0.0229      0.037      0.131      0.190        218 2.3727e+02 0.0000e+00
      0.145    27.7460     9.3466    119.024  32.885963     31.156      9.278   206.8401     1.4962    18.3331     0.0228      0.043      0.137      0.199        219 2.4486e+02 0.0000e+00
      0.139    27.7460     9.3612    119.222  32.866440     31.157      9.244   203.5844     1.5204    18.3063     0.0228      0.042      0.128      0.186        220 2.8531e+02 0.0000e+00
      0.107    27.7495     9.3736    119.389  32.930854     31.210      9.255   201.7293     1.5487    18.2660     0.0228      0.030      0.100      0.146        221 3.2350e+02 0.0000e+00
      0.063    27.7595     9.3916    119.621  33.102336     31.369      9.259   200.1393     1.5204    18.2794     0.0229      0.007      0.060      0.087        222 4.2234e+02 0.0000e+00
      0.015    27.7719     9.4048    119.787  33.246108     31.526      9.257   198.4736     1.5204    23.7177     0.0230     -0.026      0.015      0.022        223 5.6080e+02 0.0000e+00
     -0.032    27.7848     9.4025    119.762  33.226391     31.467      9.266   198.0193     1.5326    23.8654     0.0229     -0.066     -0.030     -0.043        224 5.0160e+02 0.0000e+00
     -0.075    27.7984     9.3944    119.663  33.393755     31.645      9.271   197.9815     1.5407    23.7580     0.0230     -0.106     -0.071     -0.102        225 4.2950e+02 0.0000e+00
     -0.109    27.8071     9.3852    119.546  33.482634     31.716      9.279   198.1708     1.5487    23.7714     0.0230     -0.136     -0.105     -0.151        226 4.5381e+02 0.0000e+00
     -0.134    27.8087     9.3625    119.253  33.412318     31.629      9.279   207.1808     1.5326    20.0250     0.0230     -0.152     -0.132     -0.190        227 4.6518e+02 0.0000e+00
     -0.159    27.8090     9.3529    119.135  33.392295     31.624      9.286   245.2652     1.4962    19.9042     0.0230     -0.154     -0.153     -0.221        228 4.8282e+02 0.0000e+00
     -0.173    27.8129     9.3488    119.084  33.359276     31.570      9.287   245.2652     1.5366    20.0116     0.0230     -0.141     -0.165     -0.239        229 4.8754e+02 0.0000e+00
     -0.172    27.8183     9.3614    119.243  33.334788     31.570      9.295   245.1138     1.4962    19.9847     0.0230     -0.119     -0.167     -0.241        230 4.9730e+02 0.0000e+00
     -0.163    27.8229     9.3858    119.554  33.274499     31.488      9.291   245.1516     1.3789    19.4745     0.0230     -0.090     -0.162     -0.235        231 4.9392e+02 0.0000e+00
     -0.160    27.8240     9.4058    119.810  33.256380     31.485      9.281   246.6659     1.3547    19.5148     0.0230     -0.062     -0.161     -0.234        232 4.7810e+02 0.0000e+00
     -0.170    27.8232     9.4091    119.851  33.268372     31.482      9.276   248.7102     1.3668    19.5148     0.0230     -0.039     -0.168     -0.244        233 4.8085e+02 0.0000e+00
     -0.185    27.8247     9.4059    119.810  33.259572     31.481      9.278   249.3538     1.4032    19.5819     0.0230     -0.026     -0.180     -0.260        234 4.7995e+02 0.0000e+00
     -0.193    27.8273     9.4016    119.755  33.267330     31.482      9.285   249.7702     1.5326    22.6301     0.0230     -0.019     -0.189     -0.273        235 4.6336e+02 0.0000e+00
     -0.198    27.8267     9.3918    119.629  33.258717     31.481      9.292   250.5652     1.5043    22.5092     0.0230     -0.016     -0.194     -0.281        236 4.6637e+02 0.0000e+00
     -0.202    27.8254     9.3895    119.598  33.270290     31.479      9.294   254.7295     1.5528    22.4823     0.0230     -0.018     -0.197     -0.286        237 4.8134e+02 0.0000e+00
     -0.205    27.8271     9.3854    119.543  33.312236     31.532      9.292   257.0388     1.5164    22.4823     0.0230     -0.023     -0.195     -0.284        238 4.7864e+02 0.0000e+00
     -0.191    27.8276     9.3897    119.596  33.265824     31.481      9.286   252.0416     1.5124    22.4286     0.0230     -0.021     -0.185     -0.267        239 4.7339e+02 0.0000e+00
     -0.168    27.8271     9.3957    119.671  33.268741     31.479      9.292   250.0352     1.4638    24.5502     0.0230     -0.009     -0.170     -0.246        240 4.7332e+02 0.0000e+00
     -0.162    27.8274     9.3981    119.701  33.338261     31.558      9.294   250.8681     1.4234    24.6442     0.0230      0.005     -0.165     -0.239        241 4.7501e+02 0.0000e+00
     -0.174    27.8278     9.4033    119.764  33.268271     31.479      9.296   250.7545     1.4396    24.5637     0.0230      0.014     -0.171     -0.247        242 4.6676e+02 0.0000e+00
     -0.185    27.8275     9.4079    119.821  33.266879     31.479      9.296   250.8302     1.4638    24.6174     0.0230      0.015     -0.178     -0.257        243 4.5793e+02 0.0000e+00
     -0.183    27.8269     9.4102    119.850  33.310338     31.532      9.299   250.0731     1.3910    21.7304     0.0230      0.013     -0.179     -0.260        244 4.6182e+02 0.0000e+00
     -0.180    27.8268     9.4154    119.914  33.273496     31.479      9.305   250.0731     1.4113    21.6632     0.0230      0.010     -0.177     -0.256        245 4.6842e+02 0.0000e+00
     -0.177    27.8267     9.4120    119.871  33.253421     31.479      9.309   250.1109     1.3547    21.6901     0.0230      0.006     -0.174     -0.252        246 4.7313e+02 0.0000e+00
     -0.174    27.8259     9.4084    119.822  33.276013     31.480      9.308   250.3759     1.3749    21.6364     0.0230     -0.000     -0.172     -0.248        247 4.6762e+02 0.0000e+00
     -0.173    27.8244     9.4024    119.745  33.245380     31.480      9.306   249.9216     1.4032    23.8789     0.0230     -0.004     -0.170     -0.246        248 4.7201e+02 0.0000e+00
     -0.172    27.8233     9.3968    119.674  33.232233     31.427      9.308   249.8838     1.3749    23.7580     0.0229     -0.001     -0.168     -0.244        249 4.7826e+02 0.0000e+00
     -0.169    27.8232     9.3951    119.648  33.292373     31.534      9.307   250.0352     1.4113    23.7043     0.0230      0.006     -0.166     -0.241        250 4.7196e+02 0.0000e+00
     -0.167    27.8226     9.3919    119.599  33.229846     31.429      9.305   249.3159     1.3749    23.8520     0.0229      0.009     -0.164     -0.238        251 4.7314e+02 0.0000e+00
     -0.164    27.8212     9.3929    119.607  33.250742     31.482      9.307   249.0509     1.3910    23.1940     0.0230      0.009     -0.161     -0.233        252 4.7477e+02 0.0000e+00
     -0.161    27.8207     9.3936    119.611  33.266371     31.482      9.305   249.2023     1.4032    23.1000     0.0230      0.009     -0.160     -0.231        253 4.7278e+02 0.0000e+00
     -0.162    27.8201     9.3932    119.606  33.210396     31.430      9.301   249.2402     1.4153    23.0732     0.0229      0.008     -0.160     -0.232        254 4.7169e+02 0.0000e+00
     -0.165    27.8193     9.4001    119.698  33.201785     31.430      9.293   250.5652     1.3749    23.0597     0.0229      0.006     -0.162     -0.235        255 4.7427e+02 0.0000e+00
