Data/DataNotYetUploadedToEDI/Raw_CTD/RawDownloads/071218_bvr50.cnv
* Sea-Bird SBE19plus  Data File:
* FileName = C:\DATA\071618_fcr_0002.hex
* Software version 2.6.3.104
* Temperature SN = 7809
* Conductivity SN = 7809
* System UpLoad Time = Jul 16 2018 10:02:23
* <ApplicationData>
* <Seaterm232>
# nquan = 17
# nvalues = 997                         
# units = specified
# name 0 = depFM: Depth [fresh water, m]
# name 1 = tv290C: Temperature [ITS-90, deg C]
# name 2 = sbeox0Mg/L: Oxygen, SBE 43 [mg/l]
# name 3 = sbeox0PS: Oxygen, SBE 43 [% saturation]
# name 4 = c0uS/cm: Conductivity [uS/cm]
# name 5 = specc: Specific Conductance [uS/cm]
# name 6 = ph: pH
# name 7 = orp: Oxidation Reduction Potential [mV]
# name 8 = flECO-AFL: Fluorescence, WET Labs ECO-AFL/FL [mg/m^3]
# name 9 = turbWETntu0: Turbidity, WET Labs ECO [NTU]
# name 10 = sal00: Salinity, Practical [PSU]
# name 11 = dz/dtM: Descent Rate [m/s]
# name 12 = prdM: Pressure, Strain Gauge [db]
# name 13 = prdE: Pressure, Strain Gauge [psi]
# name 14 = scan: Scan Count
# name 15 = par/sat/log: PAR/Logarithmic, Satlantic
# name 16 = flag:  0.000e+00
# span 0 =     -0.607,     10.486       
# span 1 =     7.5526,    27.8356       
# span 2 =     0.0761,    12.9739       
# span 3 =      0.636,    157.731       
# span 4 =   0.926429,  97.553592       
# span 5 =      0.918,    149.987       
# span 6 =      6.325,      9.488       
# span 7 = -1240.7455,   266.4274       
# span 8 =    -0.1860,     5.6773       
# span 9 =    -0.3183,    29.5186       
# span 10 =     0.0120,     0.0688      
# span 11 =     -0.154,      0.213      
# span 12 =     -0.595,     10.283      
# span 13 =     -0.863,     14.914      
# span 14 =          1,        997      
# span 15 = 1.2152e-01, 6.8205e+02      
# span 16 = 0.0000e+00, 0.0000e+00      
# interval = seconds: 0.25
# start_time = Jul 12 2018 14:22:52 [Instrument's time stamp, header]
# bad_flag = -9.990e-29
*END*
[from data line 86]
      0.067    27.6933     6.9365     88.007  33.544318     31.795      9.270   241.9337     1.4355    19.7699     0.0231      0.015      0.065      0.095         87 2.8173e+02 0.0000e+00
      0.069    27.6910     6.8437     86.795  33.702682     32.009      9.282   242.1609     1.4274    19.2865     0.0231      0.015      0.068      0.098         88 2.9483e+02 0.0000e+00
      0.072    27.6880     6.7644     85.782  33.657537     31.904      9.281   241.4416     1.4598    19.3536     0.0231      0.013      0.071      0.103         89 2.8541e+02 0.0000e+00
      0.075    27.6850     6.6984     84.950  33.659811     31.958      9.280   242.2745     1.4638    19.3939     0.0231      0.010      0.074      0.107         90 2.8587e+02 0.0000e+00
      0.078    27.6813     6.6524     84.352  33.699855     31.960      9.279   242.6152     1.4638    19.3536     0.0231      0.008      0.076      0.109         91 2.9223e+02 0.0000e+00
      0.077    27.6774     6.6083     83.780  33.548395     31.856      9.276   244.2052     1.4355    19.3134     0.0231      0.008      0.076      0.109         92 2.8262e+02 0.0000e+00
      0.076    27.6761     6.5661     83.248  33.225559     31.513      9.275   244.5080     1.4962    20.6696     0.0229      0.008      0.074      0.107         93 2.9410e+02 0.0000e+00
      0.073    27.6813     6.5280     82.779  32.974761     31.304      9.274   245.5680     1.5124    20.6159     0.0229      0.005      0.070      0.102         94 3.0521e+02 0.0000e+00
      0.066    27.6755     6.5010     82.435  32.941236     31.251      9.269   245.7952     1.5326    20.6427     0.0228      0.001      0.064      0.092         95 3.0643e+02 0.0000e+00
      0.057    27.6409     6.4763     82.118  32.911436     31.249      9.270   244.7352     1.5204    20.6427     0.0228     -0.005      0.057      0.082         96 3.1235e+02 0.0000e+00
      0.052    27.6041     6.4441     81.703  32.893233     31.198      9.271   243.4480     1.4638    18.5077     0.0228     -0.011      0.052      0.075         97 3.1195e+02 0.0000e+00
      0.049    27.5826     6.4082     81.243  32.963894     31.326      9.275   243.6373     1.4638    18.5077     0.0229     -0.015      0.049      0.071         98 3.1156e+02 0.0000e+00
      0.048    27.5780     6.3644     80.690  33.001434     31.347      9.280   243.9780     1.4517    18.5077     0.0229     -0.017      0.048      0.070         99 3.0292e+02 0.0000e+00
      0.050    27.5800     6.3186     80.108  33.024452     31.414      9.282   243.7888     1.4638    18.4674     0.0229     -0.017      0.049      0.071        100 2.9929e+02 0.0000e+00
      0.052    27.5717     6.2787     79.597  32.994566     31.363      9.276   245.7195     1.5204    16.5875     0.0229     -0.014      0.049      0.071        101 3.0427e+02 0.0000e+00
      0.047    27.5625     6.2279     78.949  32.920015     31.308      9.261   245.6059     1.5164    16.5875     0.0228     -0.010      0.046      0.068        102 3.0014e+02 0.0000e+00
      0.043    27.5656     6.1785     78.321  32.939307     31.314      9.252   244.6973     1.5487    16.6009     0.0228     -0.008      0.044      0.065        103 2.9785e+02 0.0000e+00
      0.047    27.5730     6.1368     77.793  33.089173     31.478      9.249   244.8866     1.5285    16.5606     0.0229     -0.004      0.046      0.067        104 3.0996e+02 0.0000e+00
      0.050    27.5728     6.0937     77.245  33.207971     31.583      9.258   246.4766     1.5002    16.7889     0.0229     -0.002      0.049      0.071        105 3.1127e+02 0.0000e+00
      0.052    27.5698     6.0535     76.740  33.206618     31.578      9.265   246.1738     1.5407    16.8292     0.0229      0.000      0.051      0.074        106 3.0290e+02 0.0000e+00
      0.053    27.5656     6.0313     76.453  33.150164     31.526      9.262   246.9688     1.5204    16.7889     0.0229      0.001      0.052      0.076        107 3.0331e+02 0.0000e+00
      0.054    27.5621     6.0257     76.342  33.040998     31.421      9.263   246.8552     1.4921    16.7755     0.0229      0.002      0.053      0.077        108 3.0900e+02 0.0000e+00
      0.056    27.5635     6.0239     76.274  33.105243     31.477      9.269   245.5302     1.4557    17.0575     0.0229      0.004      0.056      0.081        109 3.0465e+02 0.0000e+00
      0.062    27.5633     6.0277     76.301  33.188828     31.585      9.268   245.7195     1.4355    16.9769     0.0229      0.007      0.060      0.086        110 2.9622e+02 0.0000e+00
      0.064    27.5597     6.0149     76.129  33.055597     31.425      9.266   246.3630     1.4436    17.1246     0.0229      0.009      0.062      0.090        111 2.9793e+02 0.0000e+00
      0.063    27.5564     6.0012     75.951  32.915203     31.318      9.265   245.9466     1.4517    17.0575     0.0228      0.008      0.062      0.090        112 2.9611e+02 0.0000e+00
      0.065    27.5553     5.9800     75.685  32.948393     31.321      9.268   245.6438     1.4598    16.9500     0.0228      0.008      0.064      0.094        113 2.9143e+02 0.0000e+00
      0.072    27.5557     5.9496     75.296  33.014294     31.429      9.271   245.9845     1.5487    19.5416     0.0229      0.009      0.069      0.102        114 2.7659e+02 0.0000e+00
      0.078    27.5554     5.9162     74.862  33.011113     31.376      9.269   245.8330     1.4921    19.4745     0.0229      0.011      0.074      0.108        115 2.6845e+02 0.0000e+00
      0.078    27.5582     5.8836     74.434  32.833737     31.270      9.264   246.4009     1.4719    19.5282     0.0228      0.012      0.073      0.106        116 2.7745e+02 0.0000e+00
      0.068    27.5533     5.8481     73.976  32.553007     30.924      9.270   245.0380     1.5407    19.5819     0.0227      0.009      0.066      0.095        117 2.8549e+02 0.0000e+00
      0.057    27.5243     5.8158     73.563  32.530183     30.976      9.264   197.9815     1.5326    20.4682     0.0227      0.002      0.056      0.082        118 3.0703e+02 0.0000e+00
      0.049    27.4916     5.7891     73.220  32.535956     30.925      9.277   245.9845     1.5164    20.3876     0.0227     -0.004      0.049      0.072        119 3.2439e+02 0.0000e+00
      0.046    27.4757     5.7571     72.808  32.545828     30.996      9.278   245.7195     1.5285    20.4010     0.0227     -0.010      0.047      0.068        120 3.3152e+02 0.0000e+00
      0.049    27.4681     5.7394     72.576  32.636521     31.069      9.275   246.7038     1.4921    20.4144     0.0227     -0.014      0.048      0.069        121 3.2530e+02 0.0000e+00
      0.050    27.4653     5.7363     72.530  32.660326     31.131      9.274   245.9088     1.5326    19.4611     0.0227     -0.017      0.049      0.071        122 3.1940e+02 0.0000e+00
      0.051    27.4665     5.7613     72.831  32.694128     31.136      9.278   246.0602     1.5164    19.5148     0.0227     -0.016      0.050      0.074        123 3.1378e+02 0.0000e+00
      0.054    27.4639     5.8179     73.509  32.713072     31.191      9.283   246.8173     1.5043    19.5013     0.0228     -0.010      0.052      0.076        124 3.1273e+02 0.0000e+00
      0.054    27.4549     5.8837     74.316  32.636753     31.083      9.281   247.9152     1.5043    19.5013     0.0227     -0.004      0.053      0.076        125 3.2920e+02 0.0000e+00
      0.053    27.4438     5.9512     75.152  32.551880     31.032      9.274   248.0288     1.5326    21.4752     0.0227      0.001      0.053      0.076        126 3.2465e+02 0.0000e+00
      0.053    27.4368     6.0051     75.827  32.522165     30.984      9.278   247.5745     1.5326    21.5424     0.0227      0.003      0.053      0.077        127 3.1842e+02 0.0000e+00
      0.056    27.4330     6.0333     76.181  32.555124     31.044      9.282   248.0288     1.5204    21.5021     0.0227      0.004      0.055      0.081        128 3.1433e+02 0.0000e+00
      0.061    27.4290     6.0391     76.248  32.570172     31.048      9.282   248.1045     1.5285    21.5021     0.0227      0.004      0.059      0.086        129 3.0452e+02 0.0000e+00
      0.064    27.4239     6.0226     76.039  32.562748     31.050      9.281   247.7259     1.5245    21.6498     0.0227      0.006      0.063      0.091        130 3.0054e+02 0.0000e+00
      0.066    27.4168     6.0031     75.794  32.505061     30.999      9.281   248.9752     1.5083    21.6767     0.0227      0.007      0.064      0.092        131 3.0078e+02 0.0000e+00
      0.063    27.4127     5.9731     75.416  32.315783     30.815      9.272   249.0888     1.5447    21.6230     0.0226      0.007      0.060      0.087        132 3.2195e+02 0.0000e+00
      0.052    27.3991     5.9471     75.087  32.205248     30.713      9.260   199.4579     1.5164    21.6767     0.0226      0.004      0.052      0.076        133 3.3617e+02 0.0000e+00
      0.046    27.3722     5.9354     74.935  32.197833     30.716      9.259   197.2243     1.4962    21.5961     0.0226     -0.001      0.046      0.067        134 3.3454e+02 0.0000e+00
      0.044    27.3529     5.9311     74.874  32.206404     30.723      9.253   195.7858     1.4517    20.8173     0.0226     -0.006      0.041      0.060        135 3.3318e+02 0.0000e+00
      0.034    27.3415     5.9263     74.807  32.224239     30.766      9.256   196.7700     1.4315    20.8441     0.0226     -0.012      0.037      0.053        136 3.1148e+02 0.0000e+00
      0.035    27.3367     5.9165     74.678  32.205300     30.750      9.258   242.4259     1.4436    20.8173     0.0226     -0.017      0.037      0.054        137 3.0765e+02 0.0000e+00
      0.046    27.3350     5.9118     74.614  32.259634     30.811      9.273   245.3788     1.4477    20.7501     0.0226     -0.015      0.044      0.063        138 3.1089e+02 0.0000e+00
      0.053    27.3312     5.8968     74.420  32.304887     30.867      9.273   246.4388     1.3627    19.4879     0.0226     -0.010      0.050      0.072        139 3.0684e+02 0.0000e+00
      0.051    27.3308     5.8772     74.166  32.208292     30.761      9.277   246.8552     1.4072    19.5685     0.0226     -0.004      0.050      0.073        140 3.2273e+02 0.0000e+00
      0.049    27.3314     5.8672     74.037  32.142628     30.710      9.279   247.5745     1.4113    19.5551     0.0225      0.002      0.048      0.070        141 3.1741e+02 0.0000e+00
      0.047    27.3317     5.8457     73.764  32.119734     30.683      9.285   247.8016     1.4113    19.5148     0.0225      0.005      0.047      0.067        142 3.1402e+02 0.0000e+00
      0.046    27.3312     5.8288     73.558  32.088521     30.656      9.289   247.9909     1.3951    21.0187     0.0225      0.005      0.045      0.064        143 3.3206e+02 0.0000e+00
      0.043    27.3281     5.8316     73.595  32.033207     30.603      9.291   249.1266     1.3708    21.0187     0.0225      0.004      0.041      0.060        144 3.2004e+02 0.0000e+00
      0.037    27.3234     5.8415     73.716  32.040308     30.603      9.287   240.1166     1.3910    21.1396     0.0225     -0.001      0.037      0.055        145 3.1684e+02 0.0000e+00
      0.037    27.3185     5.8509     73.843  32.079686     30.658      9.291   248.0288     1.3870    21.0456     0.0225     -0.007      0.036      0.052        146 3.1860e+02 0.0000e+00
      0.036    27.3139     5.8509     73.848  32.043509     30.608      9.287   248.5966     1.3749    21.9587     0.0225     -0.009      0.035      0.050        147 3.0629e+02 0.0000e+00
      0.033    27.3104     5.8509     73.851  31.996376     30.584      9.287   248.6345     1.3910    21.7975     0.0225     -0.009      0.032      0.047        148 3.0430e+02 0.0000e+00
      0.030    27.3067     5.8458     73.789  31.990083     30.560      9.287   249.8838     1.3910    21.8512     0.0225     -0.010      0.029      0.042        149 3.1142e+02 0.0000e+00
      0.025    27.3028     5.8301     73.589  32.021689     30.615      9.287   247.9152     1.4032    21.9184     0.0225     -0.010      0.025      0.037        150 3.2790e+02 0.0000e+00
      0.023    27.2996     5.8153     73.403  32.046001     30.617      9.291   248.4831     1.3910    21.4752     0.0225     -0.011      0.023      0.033        151 3.2537e+02 0.0000e+00
      0.022    27.2994     5.7940     73.135  32.078437     30.673      9.293   248.2181     1.4032    21.3813     0.0225     -0.010      0.022      0.032        152 3.1685e+02 0.0000e+00
      0.022    27.3040     5.7649     72.771  32.159238     30.728      9.295   248.5966     1.3830    21.4752     0.0225     -0.009      0.024      0.035        153 2.9868e+02 0.0000e+00
      0.030    27.3051     5.7473     72.551  32.390235     30.969      9.294   249.3538     1.4274    21.5021     0.0226     -0.006      0.028      0.042        154 3.0637e+02 0.0000e+00
      0.036    27.3035     5.7247     72.268  32.443324     31.020      9.289   249.8081     1.3870    21.4215     0.0226     -0.002      0.032      0.048        155 3.1327e+02 0.0000e+00
      0.034    27.3083     5.7050     72.025  32.211780     30.779      9.295   249.6945     1.4517    22.5629     0.0226      0.002      0.032      0.048        156 3.0311e+02 0.0000e+00
      0.029    27.3133     5.6887     71.835  32.085334     30.673      9.299   249.1645     1.4477    22.5092     0.0225      0.004      0.030      0.043        157 3.1848e+02 0.0000e+00
      0.028    27.3152     5.6725     71.641  32.096589     30.670      9.304   249.4295     1.4638    22.4823     0.0225      0.005      0.028      0.040        158 3.1204e+02 0.0000e+00
      0.028    27.3163     5.6586     71.463  32.079162     30.667      9.303   250.1109     1.4800    22.6166     0.0225      0.004      0.027      0.039        159 3.1379e+02 0.0000e+00
      0.025    27.3159     5.6416     71.251  32.047715     30.612      9.304   249.8081     1.3991    22.0527     0.0225      0.001      0.025      0.036        160 3.2769e+02 0.0000e+00
      0.024    27.3153     5.6202     70.995  32.106070     30.692      9.306   248.7102     1.3830    22.2004     0.0225     -0.002      0.024      0.035        161 3.2263e+02 0.0000e+00
      0.025    27.3169     5.6034     70.788  32.154802     30.719      9.309   249.0509     1.3708    22.0661     0.0225     -0.005      0.025      0.037        162 3.1443e+02 0.0000e+00
      0.029    27.3193     5.5927     70.648  32.194638     30.773      9.308   250.1866     1.3830    22.0527     0.0226     -0.005      0.028      0.040        163 3.0733e+02 0.0000e+00
      0.031    27.3214     5.5744     70.409  32.264064     30.825      9.305   250.2623     1.4436    22.5763     0.0226     -0.002      0.030      0.044        164 3.0104e+02 0.0000e+00
      0.032    27.3224     5.5547     70.154  32.246316     30.824      9.304   250.1488     1.4719    22.4823     0.0226      0.001      0.031      0.046        165 3.0471e+02 0.0000e+00
      0.034    27.3270     5.5361     69.913  32.216722     30.769      9.305   250.3759     1.4396    22.4555     0.0226      0.003      0.033      0.048        166 3.1840e+02 0.0000e+00
      0.036    27.3391     5.5150     69.647  32.330545     30.902      9.308   249.2781     1.4638    22.4958     0.0226      0.005      0.036      0.052        167 3.1608e+02 0.0000e+00
      0.040    27.3474     5.5053     69.532  32.312233     30.873      9.305   250.7545     1.3830    22.4018     0.0226      0.008      0.038      0.055        168 3.1056e+02 0.0000e+00
      0.040    27.3460     5.4891     69.337  32.209855     30.759      9.301   250.6788     1.3910    22.2675     0.0226      0.008      0.038      0.055        169 3.1133e+02 0.0000e+00
      0.037    27.3484     5.4801     69.235  32.191075     30.754      9.299   250.1866     1.4153    22.3883     0.0226      0.007      0.038      0.055        170 3.1215e+02 0.0000e+00
