Data/DataNotYetUploadedToEDI/Raw_CTD/RawDownloads/071218_bvr50.cnv
* Sea-Bird SBE19plus  Data File:
* FileName = C:\DATA\071618_fcr_0002.hex
* Software version 2.6.3.104
* Temperature SN = 7809
* Conductivity SN = 7809
* System UpLoad Time = Jul 16 2018 10:02:23
* <ApplicationData>
* <Seaterm232>
# nquan = 17
# nvalues = 997                         
# units = specified
# name 0 = depFM: Depth [fresh water, m]
# name 1 = tv290C: Temperature [ITS-90, deg C]
# name 2 = sbeox0Mg/L: Oxygen, SBE 43 [mg/l]
# name 3 = sbeox0PS: Oxygen, SBE 43 [% saturation]
# name 4 = c0uS/cm: Conductivity [uS/cm]
# name 5 = specc: Specific Conductance [uS/cm]
# name 6 = ph: pH
# name 7 = orp: Oxidation Reduction Potential [mV]
# name 8 = flECO-AFL: Fluorescence, WET Labs ECO-AFL/FL [mg/m^3]
# name 9 = turbWETntu0: Turbidity, WET Labs ECO [NTU]
# name 10 = sal00: Salinity, Practical [PSU]
# name 11 = dz/dtM: Descent Rate [m/s]
# name 12 = prdM: Pressure, Strain Gauge [db]
# name 13 = prdE: Pressure, Strain Gauge [psi]
# name 14 = scan: Scan Count
# name 15 = par/sat/log: PAR/Logarithmic, Satlantic
# name 16 = flag:  0.000e+00
# span 0 =     -0.607,     10.486       
# span 1 =     7.5526,    27.8356       
# span 2 =     0.0761,    12.9739       
# span 3 =      0.636,    157.731       
# span 4 =   0.926429,  97.553592       
# span 5 =      0.918,    149.987       
# span 6 =      6.325,      9.488       
# span 7 = -1240.7455,   266.4274       
# span 8 =    -0.1860,     5.6773       
# span 9 =    -0.3183,    29.5186       
# span 10 =     0.0120,     0.0688      
# span 11 =     -0.154,      0.213      
# span 12 =     -0.595,     10.283      
# span 13 =     -0.863,     14.914      
# span 14 =          1,        997      
# span 15 = 1.2152e-01, 6.8205e+02      
# span 16 = 0.0000e+00, 0.0000e+00      
# interval = seconds: 0.25
# start_time = Jul 12 2018 14:22:52 [Instrument's time stamp, header]
# bad_flag = -9.990e-29
*END*
[from data line 596]
      3.878    14.4125     0.2098      2.016  25.612905     32.240      7.345   245.1516     1.7631    15.1775     0.0192      0.064      3.801      5.513        597 2.0703e+00 0.0000e+00
      3.896    14.2664     0.2126      2.039  25.427072     32.150      7.334   245.3788     1.8075    15.1373     0.0191      0.071      3.818      5.537        598 2.0613e+00 0.0000e+00
      3.906    14.1551     0.2106      2.018  25.212394     31.953      7.320   245.4545     1.7873    15.1641     0.0190      0.073      3.828      5.552        599 2.0501e+00 0.0000e+00
      3.909    14.1271     0.2093      2.004  25.257601     32.180      7.309   245.2652     1.7469    15.0701     0.0190      0.068      3.832      5.558        600 2.0384e+00 0.0000e+00
      3.909    14.1659     0.2061      1.970  25.400503     32.414      7.294   244.6973     2.3494    15.6207     0.0191      0.060      3.834      5.561        601 2.0081e+00 0.0000e+00
      3.911    14.1665     0.2098      1.998  25.479246     32.582      7.281   245.1516     2.3858    15.5670     0.0191      0.049      3.843      5.574        602 1.9428e+00 0.0000e+00
      3.939    14.0890     0.2059      1.957  25.337482     32.332      7.272   245.9466     2.3817    15.6207     0.0190      0.044      3.865      5.606        603 1.9123e+00 0.0000e+00
      3.972    13.9664     0.2037      1.932  25.132265     32.082      7.265   245.8330     2.3817    15.5670     0.0189      0.045      3.894      5.648        604 1.9016e+00 0.0000e+00
      4.001    13.8385     0.1996      1.891  24.963905     31.932      7.259   246.4766     2.3090    15.5267     0.0188      0.052      3.921      5.688        605 1.8410e+00 0.0000e+00
      4.024    13.6978     0.2022      1.915  24.805945     31.817      7.251   246.8930     2.3049    15.5938     0.0187      0.063      3.945      5.721        606 1.8176e+00 0.0000e+00
      4.043    13.5556     0.2005      1.899  24.706379     31.816      7.247   246.8930     2.3049    15.7147     0.0187      0.075      3.963      5.748        607 1.8198e+00 0.0000e+00
      4.057    13.4764     0.1935      1.831  24.672857     31.856      7.242   246.8173     2.2766    15.6072     0.0186      0.084      3.977      5.768        608 1.7875e+00 0.0000e+00
      4.066    13.4349     0.1884      1.780  24.729138     32.088      7.236   246.6280     2.4869    16.1444     0.0187      0.087      3.988      5.783        609 1.7755e+00 0.0000e+00
      4.075    13.3962     0.1799      1.695  24.725311     32.112      7.231   246.8173     2.4950    16.0906     0.0187      0.082      3.999      5.799        610 1.7186e+00 0.0000e+00
      4.092    13.3066     0.1821      1.711  24.648007     32.078      7.234   247.1959     2.4869    16.2249     0.0186      0.071      4.015      5.823        611 1.6906e+00 0.0000e+00
      4.114    13.1588     0.1805      1.692  24.499288     31.889      7.228   247.3852     2.4626    16.1444     0.0185      0.063      4.035      5.853        612 1.6805e+00 0.0000e+00
      4.138    13.0450     0.1803      1.688  24.376838     31.819      7.222   247.2716     2.4909    16.2518     0.0185      0.061      4.056      5.884        613 1.6127e+00 0.0000e+00
      4.158    12.9765     0.1813      1.695  24.385429     31.943      7.216   247.5366     2.6769    16.2921     0.0185      0.063      4.076      5.913        614 1.5858e+00 0.0000e+00
      4.175    12.9234     0.1787      1.669  24.370070     32.039      7.206   248.1802     2.6931    16.4263     0.0184      0.066      4.093      5.936        615 1.5429e+00 0.0000e+00
      4.187    12.9020     0.1808      1.685  24.366347     32.058      7.196   247.3852     2.6729    16.2518     0.0184      0.069      4.105      5.953        616 1.4888e+00 0.0000e+00
      4.194    12.8918     0.1825      1.698  24.360445     32.142      7.190   247.3095     2.6648    16.2921     0.0184      0.069      4.114      5.966        617 1.4990e+00 0.0000e+00
      4.204    12.8578     0.1749      1.626  24.347789     32.085      7.185   247.1580     2.8468    16.5338     0.0184      0.066      4.124      5.981        618 1.4792e+00 0.0000e+00
      4.218    12.7870     0.1781      1.654  24.352463     32.167      7.185   247.1202     2.8589    16.6278     0.0184      0.060      4.139      6.002        619 1.4100e+00 0.0000e+00
      4.241    12.6746     0.1796      1.665  24.265707     32.012      7.184   247.3473     2.9034    16.6278     0.0184      0.056      4.160      6.032        620 1.3534e+00 0.0000e+00
      4.265    12.5506     0.1802      1.668  24.218630     32.071      7.183   247.9909     2.8831    16.5203     0.0183      0.056      4.183      6.066        621 1.2881e+00 0.0000e+00
      4.288    12.4509     0.1792      1.657  24.144295     32.020      7.179   247.9152     2.8063    16.3189     0.0183      0.060      4.203      6.096        622 1.2419e+00 0.0000e+00
      4.304    12.3891     0.1779      1.642  24.061831     32.051      7.171   247.6502     2.8104    16.4263     0.0182      0.065      4.220      6.121        623 1.1962e+00 0.0000e+00
      4.320    12.3365     0.1736      1.601  24.084157     32.137      7.168   248.0288     2.7901    16.4263     0.0182      0.070      4.238      6.146        624 1.1315e+00 0.0000e+00
      4.342    12.2689     0.1690      1.555  24.057259     32.189      7.163   248.4831     2.8225    16.3592     0.0182      0.076      4.258      6.176        625 1.0608e+00 0.0000e+00
      4.366    12.1902     0.1722      1.583  24.036044     32.160      7.160   248.4073     2.7335    16.7755     0.0182      0.079      4.281      6.209        626 1.0226e+00 0.0000e+00
      4.389    12.1175     0.1630      1.498  24.051293     32.293      7.154   248.7102     2.7740    16.6949     0.0182      0.082      4.303      6.241        627 9.9605e-01 0.0000e+00
      4.407    12.0694     0.1619      1.487  23.979019     32.211      7.145   248.7481     2.7538    16.7755     0.0182      0.080      4.320      6.266        628 9.4333e-01 0.0000e+00
      4.419    12.0212     0.1575      1.444  24.007445     32.351      7.138   248.7102     2.7457    16.7486     0.0182      0.078      4.338      6.291        629 9.2734e-01 0.0000e+00
      4.446    11.9536     0.1633      1.495  24.045582     32.429      7.132   249.1645     2.6244    17.2992     0.0182      0.078      4.360      6.323        630 9.0448e-01 0.0000e+00
      4.471    11.8862     0.1662      1.519  24.020502     32.433      7.124   249.1645     2.6001    17.2723     0.0182      0.081      4.386      6.361        631 8.5592e-01 0.0000e+00
      4.501    11.8258     0.1662      1.518  24.068317     32.569      7.118   249.8838     2.6082    17.2723     0.0182      0.085      4.414      6.402        632 8.2939e-01 0.0000e+00
      4.533    11.7676     0.1643      1.499  24.075025     32.628      7.110   249.4673     2.6203    17.2052     0.0182      0.090      4.441      6.441        633 8.0318e-01 0.0000e+00
      4.551    11.7110     0.1624      1.481  24.071460     32.682      7.099   250.0352     2.6244    17.3797     0.0182      0.092      4.463      6.473        634 7.7487e-01 0.0000e+00
      4.570    11.6490     0.1586      1.445  24.072774     32.734      7.095   250.1866     2.2443    17.3797     0.0182      0.094      4.483      6.502        635 7.4896e-01 0.0000e+00
      4.593    11.5908     0.1565      1.426  24.191978     32.936      7.091   249.7323     2.2159    17.4334     0.0182      0.096      4.505      6.535        636 7.2642e-01 0.0000e+00
      4.620    11.5616     0.1536      1.399  24.397409     33.296      7.089   249.7323     2.2362    17.3797     0.0184      0.098      4.530      6.571        637 7.0091e-01 0.0000e+00
      4.646    11.5283     0.1518      1.382  24.498914     33.465      7.082   250.0352     2.2200    17.4334     0.0184      0.096      4.554      6.605        638 6.7384e-01 0.0000e+00
      4.664    11.4589     0.1414      1.287  24.658526     33.720      7.077   249.9216     1.8197    17.0306     0.0185      0.093      4.573      6.633        639 6.7623e-01 0.0000e+00
      4.681    11.3908     0.1396      1.270  24.850931     34.017      7.073   249.6188     1.8358    16.9500     0.0186      0.089      4.591      6.659        640 6.7500e-01 0.0000e+00
      4.700    11.3344     0.1419      1.291  24.970917     34.237      7.072   249.6566     1.8439    16.9769     0.0187      0.085      4.609      6.685        641 6.5837e-01 0.0000e+00
      4.720    11.2876     0.1366      1.241  25.191023     34.608      7.067   249.3159     1.8642    17.0977     0.0188      0.084      4.627      6.711        642 6.6010e-01 0.0000e+00
      4.735    11.2643     0.1367      1.241  25.436704     35.007      7.063   249.4673     1.7307    16.2921     0.0190      0.081      4.641      6.731        643 6.3098e-01 0.0000e+00
      4.743    11.2453     0.1369      1.242  25.435934     35.054      7.056   249.1645     1.7307    16.3055     0.0190      0.074      4.650      6.745        644 6.2186e-01 0.0000e+00
      4.749    11.2197     0.1414      1.281  25.399504     34.998      7.052   248.9752     1.7064    16.3861     0.0189      0.064      4.658      6.756        645 6.2459e-01 0.0000e+00
      4.759    11.1880     0.1355      1.225  25.541336     35.248      7.045   248.8616     1.6660    16.2652     0.0190      0.056      4.666      6.768        646 5.8762e-01 0.0000e+00
      4.767    11.1726     0.1388      1.254  25.555875     35.273      7.043   248.5966     1.6377    16.1712     0.0190      0.050      4.675      6.781        647 5.9129e-01 0.0000e+00
      4.777    11.1736     0.1385      1.250  25.440709     35.149      7.042   248.3695     1.6620    16.0772     0.0190      0.044      4.685      6.795        648 5.7478e-01 0.0000e+00
      4.789    11.1514     0.1370      1.236  25.388226     35.089      7.039   248.4073     1.6337    16.1444     0.0189      0.040      4.697      6.812        649 5.4517e-01 0.0000e+00
      4.803    11.1349     0.1425      1.285  25.384040     35.084      7.035   248.1802     1.6781    16.1578     0.0189      0.038      4.712      6.833        650 5.4082e-01 0.0000e+00
      4.822    11.1287     0.1406      1.266  25.386633     35.109      7.032   248.1802     1.7186    16.1712     0.0189      0.041      4.729      6.858        651 5.3383e-01 0.0000e+00
      4.839    11.0917     0.1432      1.288  25.325717     35.046      7.028   247.9152     1.7226    16.1444     0.0189      0.047      4.747      6.885        652 5.3366e-01 0.0000e+00
      4.860    11.0391     0.1399      1.258  25.193059     34.858      7.022   248.0666     1.6943    16.0369     0.0188      0.054      4.768      6.915        653 5.1807e-01 0.0000e+00
      4.888    10.9932     0.1432      1.287  25.136715     34.817      7.015   248.2559     1.6822    16.1444     0.0188      0.062      4.792      6.950        654 5.0708e-01 0.0000e+00
      4.910    10.9418     0.1393      1.253  25.010479     34.714      7.005   247.1202     1.7105    16.1578     0.0187      0.071      4.814      6.982        655 5.1399e-01 0.0000e+00
      4.930    10.8827     0.1364      1.227  24.875878     34.524      6.996   243.4480     1.7307    17.0306     0.0186      0.077      4.834      7.010        656 4.9314e-01 0.0000e+00
      4.946    10.8297     0.1330      1.194  24.889232     34.651      6.988   240.2302     1.7105    17.0037     0.0186      0.081      4.851      7.035        657 4.7523e-01 0.0000e+00
      4.962    10.7896     0.1305      1.170  24.875304     34.631      6.980   237.6937     1.6984    17.0709     0.0186      0.081      4.866      7.057        658 4.6087e-01 0.0000e+00
      4.977    10.7589     0.1248      1.118  24.982160     34.877      6.976   236.0280     1.6943    16.9500     0.0187      0.079      4.881      7.079        659 4.6989e-01 0.0000e+00
      4.993    10.7304     0.1259      1.128  25.200922     35.190      6.973   233.7944     1.6701    17.0172     0.0188      0.075      4.897      7.102        660 4.7240e-01 0.0000e+00
      5.010    10.6904     0.1281      1.148  25.314521     35.415      6.970   231.7123     1.6620    16.9903     0.0189      0.071      4.912      7.125        661 4.6168e-01 0.0000e+00
      5.023    10.6518     0.1299      1.163  25.344745     35.444      6.966   229.4409     1.6175    17.0306     0.0189      0.065      4.927      7.146        662 4.5954e-01 0.0000e+00
      5.039    10.6317     0.1322      1.182  25.370829     35.560      6.963   227.2073     1.6458    16.9366     0.0189      0.062      4.942      7.168        663 4.5324e-01 0.0000e+00
      5.056    10.6162     0.1316      1.177  25.400650     35.602      6.962   223.2323     1.5932    16.8426     0.0189      0.061      4.958      7.192        664 4.5953e-01 0.0000e+00
      5.074    10.6224     0.1296      1.158  25.485511     35.775      6.960   219.9008     1.5771    16.6815     0.0190      0.062      4.976      7.217        665 4.3638e-01 0.0000e+00
      5.092    10.6238     0.1368      1.221  25.620959     35.951      6.957   215.8501     1.5649    16.8292     0.0190      0.063      4.995      7.244        666 4.3150e-01 0.0000e+00
      5.114    10.5825     0.1282      1.144  25.736044     36.138      6.955   212.2158     1.5649    16.7755     0.0191      0.066      5.015      7.274        667 4.4288e-01 0.0000e+00
      5.136    10.5213     0.1213      1.082  25.935182     36.372      6.947   208.3544     1.5043    16.8292     0.0192      0.069      5.035      7.303        668 4.3760e-01 0.0000e+00
      5.153    10.4838     0.1248      1.113  26.262487     36.925      6.939   205.1365     1.5447    16.8023     0.0194      0.072      5.050      7.324        669 4.2343e-01 0.0000e+00
      5.159    10.4796     0.1224      1.093  26.277373     36.989      6.935   202.4865     1.5083    16.7486     0.0194      0.071      5.059      7.337        670 4.1761e-01 0.0000e+00
      5.163    10.4650     0.1262      1.126  26.242770     36.951      6.932   199.8365     1.5043    16.7218     0.0194      0.066      5.067      7.349        671 4.3401e-01 0.0000e+00
      5.180    10.4321     0.1253      1.116  26.720606     37.661      6.931   195.9750     1.5124    16.7755     0.0197      0.061      5.082      7.371        672 4.2133e-01 0.0000e+00
      5.204    10.3997     0.1323      1.176  26.898201     37.954      6.925   193.8172     1.4557    16.8426     0.0198      0.059      5.102      7.400        673 4.0064e-01 0.0000e+00
      5.224    10.3762     0.1202      1.068  26.644326     37.554      6.920   191.3565     1.4517    16.7889     0.0196      0.058      5.122      7.428        674 3.9960e-01 0.0000e+00
      5.239    10.3479     0.1301      1.156  26.591866     37.590      6.915   189.5393     1.4436    16.7218     0.0196      0.058      5.137      7.450        675 3.8310e-01 0.0000e+00
      5.251    10.3183     0.1290      1.145  26.459514     37.377      6.912   187.7979     1.4315    16.7755     0.0195      0.058      5.150      7.469        676 3.5466e-01 0.0000e+00
      5.264    10.2999     0.1275      1.131  26.394005     37.328      6.908   186.1322     1.3870    16.5606     0.0195      0.060      5.164      7.488        677 3.6057e-01 0.0000e+00
      5.280    10.2862     0.1243      1.102  26.376944     37.361      6.907   184.6557     1.3870    16.6546     0.0195      0.063      5.179      7.511        678 3.6601e-01 0.0000e+00
      5.300    10.2959     0.1268      1.123  26.273238     37.181      6.903   183.1793     1.3910    16.6680     0.0194      0.065      5.196      7.536        679 3.4107e-01 0.0000e+00
      5.315    10.3217     0.1220      1.080  26.256264     37.236      6.897   182.1571     1.3991    16.5069     0.0194      0.063      5.211      7.557        680 3.6472e-01 0.0000e+00
