Data/DataNotYetUploadedToEDI/Raw_CTD/RawDownloads/071218_bvr50.cnv
* Sea-Bird SBE19plus  Data File:
* FileName = C:\DATA\071618_fcr_0002.hex
* Software version 2.6.3.104
* Temperature SN = 7809
* Conductivity SN = 7809
* System UpLoad Time = Jul 16 2018 10:02:23
* <ApplicationData>
* <Seaterm232>
# nquan = 17
# nvalues = 997                         
# units = specified
# name 0 = depFM: Depth [fresh water, m]
# name 1 = tv290C: Temperature [ITS-90, deg C]
# name 2 = sbeox0Mg/L: Oxygen, SBE 43 [mg/l]
# name 3 = sbeox0PS: Oxygen, SBE 43 [% saturation]
# name 4 = c0uS/cm: Conductivity [uS/cm]
# name 5 = specc: Specific Conductance [uS/cm]
# name 6 = ph: pH
# name 7 = orp: Oxidation Reduction Potential [mV]
# name 8 = flECO-AFL: Fluorescence, WET Labs ECO-AFL/FL [mg/m^3]
# name 9 = turbWETntu0: Turbidity, WET Labs ECO [NTU]
# name 10 = sal00: Salinity, Practical [PSU]
# name 11 = dz/dtM: Descent Rate [m/s]
# name 12 = prdM: Pressure, Strain Gauge [db]
# name 13 = prdE: Pressure, Strain Gauge [psi]
# name 14 = scan: Scan Count
# name 15 = par/sat/log: PAR/Logarithmic, Satlantic
# name 16 = flag:  0.000e+00
# span 0 =     -0.607,     10.486       
# span 1 =     7.5526,    27.8356       
# span 2 =     0.0761,    12.9739       
# span 3 =      0.636,    157.731       
# span 4 =   0.926429,  97.553592       
# span 5 =      0.918,    149.987       
# span 6 =      6.325,      9.488       
# span 7 = -1240.7455,   266.4274       
# span 8 =    -0.1860,     5.6773       
# span 9 =    -0.3183,    29.5186       
# span 10 =     0.0120,     0.0688      
# span 11 =     -0.154,      0.213      
# span 12 =     -0.595,     10.283      
# span 13 =     -0.863,     14.914      
# span 14 =          1,        997      
# span 15 = 1.2152e-01, 6.8205e+02      
# span 16 = 0.0000e+00, 0.0000e+00      
# interval = seconds: 0.25
# start_time = Jul 12 2018 14:22:52 [Instrument's time stamp, header]
# bad_flag = -9.990e-29
*END*
[from data line 766]
      6.642     9.1788     0.1058      0.915  30.245667     44.299      6.707    62.1118     0.9260    16.6680     0.0219      0.043      6.513      9.448        767 1.5527e-01 0.0000e+00
      6.650     9.1935     0.1115      0.963  30.247422     44.273      6.707    60.8625     0.9341    16.6680     0.0219      0.041      6.520      9.458        768 1.5113e-01 0.0000e+00
      6.656     9.2091     0.1105      0.954  30.308341     44.327      6.706    59.6889     0.8452    16.5606     0.0220      0.038      6.527      9.468        769 1.6351e-01 0.0000e+00
      6.664     9.2157     0.1100      0.948  30.347756     44.391      6.704    59.3104     0.8815    16.4935     0.0220      0.033      6.536      9.480        770 1.6722e-01 0.0000e+00
      6.673     9.2091     0.1107      0.953  30.405925     44.410      6.702    57.6068     0.8573    16.4935     0.0220      0.029      6.547      9.497        771 1.5973e-01 0.0000e+00
      6.692     9.1873     0.1113      0.958  30.324899     44.361      6.702    57.2661     0.8654    16.5741     0.0220      0.031      6.566      9.523        772 1.5433e-01 0.0000e+00
      6.721     9.1544     0.1083      0.931  30.359635     44.288      6.698    56.4332     0.8613    16.7755     0.0220      0.040      6.590      9.558        773 1.3964e-01 0.0000e+00
      6.745     9.1198     0.1069      0.919  30.540611     44.766      6.695    55.9411     0.8694    16.7352     0.0222      0.051      6.613      9.592        774 1.5968e-01 0.0000e+00
      6.764     9.0613     0.1058      0.909  30.752025     44.892      6.689    55.6761     0.8735    16.6949     0.0222      0.061      6.635      9.622        775 1.7944e-01 0.0000e+00
      6.788     8.9919     0.1011      0.868  31.549518     46.328      6.684    54.8054     0.8937    16.8695     0.0228      0.071      6.655      9.652        776 1.6867e-01 0.0000e+00
      6.805     8.9528     0.1042      0.895  32.098313     47.064      6.683    53.7075     0.8492    16.7352     0.0231      0.078      6.672      9.678        777 1.5140e-01 0.0000e+00
      6.818     8.9235     0.0972      0.833  32.174468     47.369      6.684    53.1018     0.8492    17.2723     0.0232      0.081      6.691      9.704        778 1.4512e-01 0.0000e+00
      6.847     8.8851     0.0997      0.854  32.611282     47.955      6.677    53.2911     0.8492    17.1649     0.0234      0.084      6.718      9.743        779 1.3684e-01 0.0000e+00
      6.886     8.8470     0.1025      0.878  33.482305     49.398      6.671    52.9503     0.8573    17.1783     0.0240      0.087      6.751      9.791        780 1.2965e-01 0.0000e+00
      6.914     8.8131     0.1055      0.904  34.115389     50.320      6.663    52.0796     0.8815    17.2320     0.0244      0.091      6.782      9.836        781 1.5330e-01 0.0000e+00
      6.945     8.7849     0.1054      0.903  34.581483     51.078      6.656    51.3225     0.8735    17.4469     0.0247      0.097      6.812      9.880        782 1.4376e-01 0.0000e+00
      6.978     8.7585     0.1077      0.922  35.363857     52.287      6.648    50.4896     0.8856    17.5811     0.0253      0.106      6.842      9.925        783 1.2664e-01 0.0000e+00
      7.008     8.7350     0.1084      0.928  35.929650     53.199      6.643    49.6946     0.8452    17.3797     0.0256      0.113      6.876      9.973        784 1.3169e-01 0.0000e+00
      7.051     8.7115     0.1083      0.927  36.339088     53.779      6.636    49.4675     0.8654    17.4469     0.0259      0.123      6.915     10.029        785 1.2723e-01 0.0000e+00
      7.096     8.6837     0.1078      0.922  37.256818     55.225      6.627    48.3318     0.9462    17.1783     0.0265      0.133      6.954     10.084        786 1.2741e-01 0.0000e+00
      7.123     8.6589     0.1035      0.885  38.139297     56.589      6.621    47.2718     0.9503    17.0977     0.0271      0.135      6.984     10.129        787 1.2696e-01 0.0000e+00
      7.146     8.6395     0.1048      0.896  38.563031     57.218      6.618    46.7039     0.9503    17.1917     0.0274      0.133      7.009     10.165        788 1.2425e-01 0.0000e+00
      7.172     8.6217     0.0953      0.815  39.043229     58.007      6.620    46.4389     0.9260    17.1649     0.0277      0.132      7.032     10.199        789 1.2726e-01 0.0000e+00
      7.192     8.6072     0.1004      0.858  39.469878     58.664      6.620    45.3032     0.9179    16.6680     0.0280      0.125      7.052     10.229        790 1.2320e-01 0.0000e+00
      7.211     8.5961     0.0978      0.835  39.633971     58.944      6.621    44.2053     0.9260    16.6546     0.0281      0.116      7.072     10.258        791 1.2904e-01 0.0000e+00
      7.234     8.5840     0.0998      0.852  39.877303     59.303      6.622    43.2210     0.9382    16.5741     0.0282      0.106      7.093     10.288        792 1.4156e-01 0.0000e+00
      7.255     8.5726     0.0955      0.815  40.205357     59.863      6.621    42.1989     0.9422    16.5069     0.0285      0.095      7.116     10.321        793 1.2955e-01 0.0000e+00
      7.281     8.5593     0.0947      0.808  40.353021     60.051      6.623    41.4796     0.8371    17.0172     0.0286      0.088      7.142     10.359        794 1.2240e-01 0.0000e+00
      7.315     8.5406     0.1002      0.855  40.702197     60.613      6.620    40.3439     0.8249    16.9635     0.0288      0.090      7.171     10.401        795 1.2886e-01 0.0000e+00
      7.342     8.5240     0.0986      0.842  41.372833     61.636      6.617    39.0946     0.8735    16.9500     0.0293      0.094      7.196     10.437        796 1.2152e-01 0.0000e+00
      7.357     8.5162     0.1015      0.866  41.684148     62.172      6.621    38.1860     0.8815    17.0306     0.0295      0.094      7.213     10.461        797 1.3126e-01 0.0000e+00
      7.365     8.5081     0.0957      0.817  41.501487     61.868      6.618    37.1639     0.8452    16.9769     0.0293      0.092      7.224     10.478        798 1.5238e-01 0.0000e+00
      7.379     8.4871     0.0997      0.851  41.926512     62.509      6.624    36.7853     0.8654    16.5606     0.0296      0.087      7.238     10.499        799 1.3092e-01 0.0000e+00
      7.400     8.4622     0.0940      0.802  42.994698     64.191      6.624    36.2174     0.8573    16.5203     0.0304      0.082      7.258     10.526        800 1.2214e-01 0.0000e+00
      7.422     8.4412     0.1001      0.854  44.266595     66.028      6.626    34.8924     0.8735    16.5606     0.0312      0.077      7.279     10.557        801 1.2756e-01 0.0000e+00
      7.444     8.4269     0.0915      0.780  45.150387     67.581      6.628    34.1731     0.8815    16.5203     0.0318      0.073      7.299     10.587        802 1.2436e-01 0.0000e+00
      7.465     8.4220     0.0945      0.805  44.921395     67.080      6.630    33.5296     0.8896    17.0037     0.0316      0.070      7.319     10.615        803 1.2639e-01 0.0000e+00
      7.483     8.4204     0.0908      0.774  44.640590     66.816      6.631    32.5453     0.8532    16.9769     0.0315      0.071      7.336     10.640        804 1.2505e-01 0.0000e+00
      7.496     8.4195     0.0929      0.791  44.847045     67.035      6.634    31.8639     0.8492    16.9098     0.0316      0.073      7.349     10.659        805 1.2594e-01 0.0000e+00
      7.505     8.4201     0.0980      0.834  45.139238     67.582      6.637    30.8796     0.8735    17.0037     0.0318      0.073      7.359     10.674        806 1.2529e-01 0.0000e+00
      7.513     8.4202     0.1021      0.869  45.434216     67.918      6.635    30.3874     0.8047    16.9500     0.0320      0.068      7.368     10.686        807 1.2594e-01 0.0000e+00
      7.521     8.4172     0.0930      0.791  45.607546     68.293      6.639    29.1760     0.7683    16.9232     0.0321      0.059      7.375     10.697        808 1.2490e-01 0.0000e+00
      7.528     8.4127     0.0970      0.825  45.813752     68.461      6.640    28.9867     0.7926    16.9500     0.0322      0.050      7.384     10.709        809 1.2618e-01 0.0000e+00
      7.540     8.4095     0.1019      0.866  45.800755     68.633      6.644    28.2296     0.7926    16.9232     0.0323      0.043      7.396     10.727        810 1.2425e-01 0.0000e+00
      7.558     8.3987     0.0988      0.841  46.128187     68.853      6.645    27.5860     0.7966    17.1783     0.0324      0.041      7.412     10.750        811 1.2754e-01 0.0000e+00
      7.576     8.3837     0.0982      0.837  47.008733     70.533      6.648    26.5638     0.8290    17.2320     0.0331      0.042      7.429     10.775        812 1.3559e-01 0.0000e+00
      7.592     8.3768     0.1013      0.863  47.375728     70.765      6.647    25.5417     0.8168    17.0977     0.0332      0.046      7.446     10.800        813 1.2745e-01 0.0000e+00
      7.611     8.3667     0.0959      0.818  47.333318     71.049      6.649    25.0496     0.8088    17.1515     0.0333      0.052      7.464     10.827        814 1.2425e-01 0.0000e+00
      7.633     8.3461     0.0885      0.754  47.803437     71.398      6.648    24.8603     0.8694    17.4603     0.0335      0.060      7.484     10.855        815 1.2621e-01 0.0000e+00
      7.650     8.3252     0.0883      0.753  48.897797     73.473      6.647    23.8003     0.8613    17.4066     0.0344      0.066      7.503     10.881        816 1.2510e-01 0.0000e+00
      7.668     8.3076     0.0845      0.721  49.384397     73.897      6.650    22.7403     0.8775    17.4603     0.0346      0.070      7.521     10.907        817 1.2584e-01 0.0000e+00
      7.689     8.2925     0.0847      0.723  49.958020     75.034      6.648    22.0210     0.8654    17.4334     0.0351      0.073      7.537     10.932        818 1.2542e-01 0.0000e+00
      7.701     8.2844     0.0873      0.745  50.409954     75.661      6.650    21.7560     0.8573    17.4469     0.0354      0.072      7.548     10.947        819 1.2577e-01 0.0000e+00
      7.701     8.2900     0.0882      0.751  49.920157     74.982      6.650    21.3774     0.8532    17.3260     0.0351      0.066      7.551     10.951        820 1.2549e-01 0.0000e+00
      7.698     8.3126     0.0927      0.789  49.142922     73.824      6.653    21.3774     0.8654    17.4737     0.0345      0.057      7.551     10.951        821 1.2548e-01 0.0000e+00
      7.699     8.3422     0.0920      0.782  48.349885     72.593      6.656    21.0745     0.8694    17.4603     0.0340      0.045      7.552     10.953        822 1.2553e-01 0.0000e+00
      7.706     8.3673     0.0942      0.800  48.087573     72.166      6.658    19.7495     0.8532    17.4200     0.0338      0.033      7.556     10.960        823 1.2542e-01 0.0000e+00
      7.711     8.3843     0.0938      0.796  47.955757     71.933      6.659    19.3331     0.7319    16.7218     0.0337      0.024      7.561     10.966        824 1.2530e-01 0.0000e+00
      7.712     8.3949     0.1010      0.857  47.504875     71.167      6.661    18.1217     0.7521    16.7486     0.0334      0.017      7.563     10.969        825 1.2563e-01 0.0000e+00
      7.712     8.4052     0.1076      0.912  46.957084     70.335      6.666    17.4402     0.7441    16.7218     0.0330      0.010      7.564     10.970        826 1.2557e-01 0.0000e+00
      7.714     8.4212     0.1007      0.854  46.738161     69.936      6.668    16.7967     0.7238    16.7889     0.0329      0.008      7.568     10.977        827 1.2537e-01 0.0000e+00
      7.726     8.4275     0.1027      0.870  46.293514     69.370      6.671    16.4560     0.8128    17.4737     0.0326      0.012      7.579     10.992        828 1.2559e-01 0.0000e+00
      7.745     8.4020     0.1018      0.862  46.916919     69.966      6.673    15.3202     0.8088    17.4200     0.0329      0.019      7.596     11.017        829 1.2557e-01 0.0000e+00
      7.766     8.3556     0.0991      0.839  49.256525     73.881      6.674    14.7145     0.7926    17.2992     0.0346      0.027      7.616     11.046        830 1.2556e-01 0.0000e+00
      7.787     8.3054     0.0974      0.824  50.742085     75.824      6.675    14.1467     0.8088    17.4603     0.0355      0.037      7.636     11.075        831 1.2552e-01 0.0000e+00
      7.806     8.2552     0.0978      0.827  51.983580     77.983      6.675    13.5031     0.9179    16.8023     0.0364      0.048      7.656     11.104        832 1.2541e-01 0.0000e+00
      7.828     8.2149     0.0919      0.777  53.588699     80.412      6.677    13.1245     0.9543    16.8426     0.0375      0.061      7.676     11.132        833 1.2554e-01 0.0000e+00
      7.845     8.1969     0.0913      0.772  53.790878     80.995      6.678    12.8217     0.9139    16.7352     0.0377      0.070      7.693     11.157        834 1.2552e-01 0.0000e+00
      7.858     8.1839     0.0977      0.826  53.572468     80.464      6.679    12.2538     0.9058    16.8292     0.0375      0.074      7.708     11.179        835 1.2563e-01 0.0000e+00
      7.877     8.1652     0.0973      0.823  54.365212     82.022      6.683    10.8909     0.9179    17.0306     0.0382      0.075      7.727     11.207        836 1.2557e-01 0.0000e+00
      7.904     8.1513     0.0997      0.842  54.882404     82.602      6.678    10.2852     0.9462    17.0977     0.0384      0.075      7.751     11.242        837 1.2551e-01 0.0000e+00
      7.931     8.1409     0.0964      0.815  55.155368     83.199      6.676     9.9824     0.9179    17.0440     0.0387      0.077      7.776     11.280        838 1.2561e-01 0.0000e+00
      7.957     8.1267     0.0923      0.780  55.361477     83.485      6.677     9.4145     0.9260    17.0575     0.0388      0.081      7.801     11.315        839 1.2551e-01 0.0000e+00
      7.979     8.1037     0.0963      0.813  56.140030     84.610      6.678     8.8466     0.9624    17.6483     0.0393      0.085      7.823     11.346        840 1.2544e-01 0.0000e+00
      7.996     8.0790     0.1030      0.870  57.422655     86.798      6.675     8.0895     0.9422    17.5543     0.0403      0.087      7.840     11.371        841 1.2545e-01 0.0000e+00
      8.010     8.0612     0.0942      0.796  57.743784     87.114      6.680     7.9002     0.9503    17.7020     0.0404      0.087      7.854     11.391        842 1.2551e-01 0.0000e+00
      8.020     8.0554     0.0944      0.797  57.878153     87.558      6.679     6.9159     0.9503    17.6751     0.0406      0.084      7.864     11.406        843 1.2553e-01 0.0000e+00
      8.028     8.0563     0.0928      0.783  57.908675     87.523      6.684     7.2566     0.9422    17.6080     0.0406      0.075      7.873     11.418        844 1.2551e-01 0.0000e+00
      8.037     8.0518     0.0937      0.791  57.824581     87.494      6.685     6.8781     0.9543    17.6214     0.0405      0.064      7.882     11.432        845 1.2550e-01 0.0000e+00
      8.049     8.0397     0.0922      0.779  58.012506     87.704      6.688     6.2724     0.9422    17.6214     0.0406      0.055      7.895     11.452        846 1.2562e-01 0.0000e+00
      8.069     8.0278     0.0948      0.800  58.624972     88.689      6.692     5.8559     0.9179    17.5946     0.0411      0.049      7.913     11.477        847 1.2559e-01 0.0000e+00
      8.090     8.0192     0.0924      0.780  59.200275     89.611      6.693     5.4774     0.9179    17.7557     0.0415      0.050      7.934     11.507        848 1.2556e-01 0.0000e+00
      8.112     8.0106     0.0880      0.743  59.523570     90.067      6.695     5.2502     0.9220    17.5543     0.0417      0.054      7.955     11.538        849 1.2554e-01 0.0000e+00
      8.134     8.0033     0.0925      0.781  59.855829     90.684      6.699     5.0988     0.9665    17.6080     0.0420      0.061      7.976     11.568        850 1.2556e-01 0.0000e+00
      8.152     7.9981     0.0911      0.769  60.033973     90.877      6.703     4.6445     0.9099    17.6349     0.0421      0.068      7.994     11.595        851 1.2557e-01 0.0000e+00
