Data/DataNotYetUploadedToEDI/Raw_CTD/RawDownloads/071320_fcr50_secondDownload_0004.cnv
* Sea-Bird SBE19plus  Data File:
* FileName = C:\DATA\071320_fcr50_secondDownload_0004.hex
* Software version 2.8.0.119
* Temperature SN = 7809
* Conductivity SN = 7809
* System UpLoad Time = Jul 13 2020 14:12:40
* <ApplicationData>
* <Seaterm232>
# nquan = 16
# nvalues = 4037                        
# units = specified
# name 0 = depFM: Depth [fresh water, m]
# name 1 = dz/dtM: Descent Rate [m/s]
# name 2 = sbeox0ML/L: Oxygen, SBE 43 [ml/l]
# name 3 = sbeox0PS: Oxygen, SBE 43 [% saturation]
# name 4 = specc: Specific Conductance [uS/cm]
# name 5 = c0uS/cm: Conductivity [uS/cm]
# name 6 = flECO-AFL: Fluorescence, WET Labs ECO-AFL/FL [mg/m^3]
# name 7 = ph: pH
# name 8 = orp: Oxidation Reduction Potential [mV]
# name 9 = par/sat/log: PAR/Logarithmic, Satlantic
# name 10 = turbWETntu0: Turbidity, WET Labs ECO [NTU]
# name 11 = prdM: Pressure, Strain Gauge [db]
# name 12 = prdE: Pressure, Strain Gauge [psi]
# name 13 = tv290C: Temperature [ITS-90, deg C]
# name 14 = density00: Density [density, kg/m^3]
# name 15 = flag:  0.000e+00
# span 0 =     -0.685,      9.707       
# span 1 =     -0.502,      4.054       
# span 2 =     0.0185,     8.3609       
# span 3 =      0.274,    138.100       
# span 4 =      1.022,    308.087       
# span 5 =   1.043970, 219.552052       
# span 6 =    -3.2528,    33.2959       
# span 7 =     -2.076,     11.673       
# span 8 = -1215.7134,  1235.1206       
# span 9 = 1.2342e-01, 3.7663e+03       
# span 10 =    -9.4652,   943.6971      
# span 11 =     -0.672,      9.520      
# span 12 =     -0.975,     13.808      
# span 13 =    10.3606,    27.3278      
# span 14 =   996.4412,   999.8082      
# span 15 = 0.0000e+00, 0.0000e+00      
# interval = seconds: 0.25
# start_time = Jul 13 2020 00:18:57 [Instrument's time stamp, header]
# bad_flag = -9.990e-29
*END*
[from data line 3255]
      6.533      0.002     0.6028      7.762     44.994  31.868722     3.1231      6.374   177.1248 1.2363e-01    11.3625      6.409      9.294    10.4199   999.7123 0.0000e+00
      6.533      0.001     0.6045      7.795     45.004  31.874471     3.1192      6.375   177.7395 1.2368e-01    11.3160      6.406      9.291    10.4176   999.7125 0.0000e+00
      6.533      0.001     0.6094      7.814     44.982  31.858206     3.0987      6.375   177.7720 1.2406e-01    11.3486      6.406      9.290    10.4150   999.7127 0.0000e+00
      6.534      0.001     0.6062      7.817     44.988  31.862415     3.0849      6.374   177.6890 1.2445e-01    11.4479      6.408      9.294    10.4128   999.7129 0.0000e+00
      6.534     -0.002     0.6055      7.812     44.988  31.861915     3.0768      6.373   177.8552 1.2416e-01    11.5202      6.407      9.293    10.4113   999.7131 0.0000e+00
      6.534     -0.010     0.6110      7.797     44.975  31.852159     3.0573      6.373   177.8888 1.2390e-01    11.5363      6.407      9.292    10.4103   999.7132 0.0000e+00
      6.535     -0.025     0.6117      7.810     45.002  31.871345     3.0316      6.373   178.2667 1.2534e-01    11.5401      6.410      9.297    10.4096   999.7132 0.0000e+00
      6.534     -0.045     0.6113      7.835     45.047  31.903560     2.8422      6.374   179.2409 1.2707e-01    11.4627      6.411      9.299    10.4091   999.7133 0.0000e+00
      6.524     -0.066     0.6124      7.830     45.075  31.924431     2.4937      6.374   179.8592 1.2966e-01    11.2876      6.403      9.288    10.4088   999.7133 0.0000e+00
      6.500     -0.087     0.6082      7.822     45.085  31.933349     2.2987      6.374   179.9778 1.3906e-01    11.1391      6.379      9.252    10.4084   999.7132 0.0000e+00
      6.467     -0.106     0.6102      7.850     45.101  31.947939     2.2675      6.374   179.8158 1.4650e-01    11.0748      6.341      9.197    10.4081   999.7131 0.0000e+00
      6.433     -0.119     0.6146      7.894     45.132  31.973953     2.2785      6.375   179.4485 1.5079e-01    11.1968      6.306      9.146    10.4085   999.7129 0.0000e+00
      6.401     -0.124     0.6126      7.916     45.155  31.994094     2.3176      6.375   179.6665 1.5985e-01    11.4815      6.278      9.106    10.4102   999.7126 0.0000e+00
      6.367     -0.120     0.6100      7.906     45.158  32.001121     2.3305      6.375   180.4735 1.7374e-01    11.6328      6.244      9.058    10.4126   999.7122 0.0000e+00
      6.333     -0.111     0.6136      7.893     45.144  31.995467     2.3198      6.376   181.0317 1.9786e-01    11.5844      6.209      9.005    10.4155   999.7118 0.0000e+00
      6.303     -0.102     0.6182      7.913     45.131  31.989188     2.3312      6.377   181.2533 2.1954e-01    11.5149      6.179      8.962    10.4197   999.7112 0.0000e+00
      6.280     -0.095     0.6199      7.919     45.126  31.988658     2.3732      6.377   181.2603 2.3353e-01    11.5470      6.157      8.930    10.4246   999.7107 0.0000e+00
      6.262     -0.088     0.6191      7.876     45.125  31.989063     2.4072      6.377   181.0298 2.4709e-01    11.6289      6.141      8.907    10.4298   999.7101 0.0000e+00
      6.243     -0.082     0.6144      7.821     45.130  31.994093     2.4172      6.377   180.7898 2.5764e-01    11.6465      6.125      8.883    10.4347   999.7096 0.0000e+00
      6.223     -0.077     0.6194      7.790     45.117  31.986016     2.4565      6.377   180.7671 2.6658e-01    11.6231      6.104      8.853    10.4383   999.7091 0.0000e+00
      6.201     -0.072     0.6211      7.781     45.073  31.954860     2.5305      6.377   181.0132 2.7551e-01    11.5862      6.081      8.820    10.4410   999.7088 0.0000e+00
      6.180     -0.068     0.6155      7.768     45.045  31.934624     2.5771      6.377   181.1846 2.8683e-01    11.5446      6.059      8.788    10.4430   999.7085 0.0000e+00
      6.162     -0.063     0.6107      7.742     45.044  31.931691     2.6005      6.377   181.2915 3.0123e-01    11.5665      6.041      8.762    10.4441   999.7083 0.0000e+00
      6.150     -0.059     0.6075      7.712     45.030  31.919399     2.6411      6.377   181.5310 3.0949e-01    11.7128      6.030      8.746    10.4451   999.7081 0.0000e+00
      6.140     -0.056     0.6089      7.715     45.023  31.912891     2.6968      6.377   181.1542 3.1655e-01    11.9055      6.021      8.733    10.4459   999.7080 0.0000e+00
      6.128     -0.056     0.6071      7.745     45.030  31.916454     2.7293      6.376   180.2634 3.3625e-01    12.0085      6.011      8.718    10.4454   999.7080 0.0000e+00
      6.113     -0.057     0.6060      7.769     45.007  31.899027     2.7390      6.375   179.9665 3.5385e-01    12.0659      5.996      8.696    10.4430   999.7082 0.0000e+00
      6.095     -0.059     0.6013      7.792     44.999  31.892526     2.7371      6.376   180.0598 3.6337e-01    12.0848      5.978      8.670    10.4399   999.7084 0.0000e+00
      6.078     -0.060     0.6020      7.797     45.013  31.901300     2.7351      6.376   180.3586 3.7178e-01    11.9273      5.961      8.645    10.4375   999.7085 0.0000e+00
      6.062     -0.059     0.6066      7.792     44.981  31.878219     2.7544      6.375   180.9126 3.7484e-01    11.6732      5.943      8.620    10.4360   999.7086 0.0000e+00
      6.048     -0.059     0.6065      7.807     44.966  31.867241     2.7798      6.374   181.3376 3.8371e-01    11.5527      5.930      8.600    10.4354   999.7085 0.0000e+00
      6.034     -0.059     0.6102      7.827     45.005  31.895460     2.8031      6.373   181.1095 4.0903e-01    11.5351      5.918      8.583    10.4346   999.7085 0.0000e+00
      6.020     -0.062     0.6103      7.838     45.014  31.902182     2.8161      6.372   180.1329 4.3547e-01    11.4600      5.903      8.562    10.4333   999.7086 0.0000e+00
      6.007     -0.067     0.6077      7.834     44.990  31.885069     2.8036      6.372   179.5966 4.5130e-01    11.3312      5.892      8.546    10.4325   999.7086 0.0000e+00
      5.992     -0.073     0.6106      7.815     44.980  31.878894     2.7858      6.373   179.7021 4.6843e-01    11.2481      5.879      8.527    10.4324   999.7085 0.0000e+00
      5.970     -0.078     0.6121      7.811     44.996  31.890969     2.7917      6.374   179.9454 4.9250e-01    11.2795      5.856      8.494    10.4326   999.7085 0.0000e+00
      5.945     -0.082     0.6128      7.814     45.014  31.904170     2.7407      6.375   180.3010 5.0791e-01    11.2983      5.829      8.455    10.4328   999.7083 0.0000e+00
      5.921     -0.086     0.6137      7.801     45.024  31.911610     2.6184      6.375   180.4735 5.2443e-01    11.2006      5.806      8.420    10.4334   999.7081 0.0000e+00
      5.899     -0.087     0.6099      7.801     45.032  31.917474     2.5523      6.374   180.3972 5.5627e-01    11.1276      5.785      8.390    10.4341   999.7080 0.0000e+00
      5.879     -0.086     0.6100      7.812     45.022  31.911619     2.5329      6.373   180.2385 5.9240e-01    11.1026      5.766      8.362    10.4348   999.7078 0.0000e+00
      5.858     -0.086     0.6123      7.802     45.010  31.904272     2.5178      6.372   180.1900 6.2440e-01    11.2082      5.747      8.333    10.4354   999.7077 0.0000e+00
      5.836     -0.086     0.6090      7.811     44.992  31.892102     2.5312      6.372   180.2407 6.4897e-01    11.4771      5.724      8.302    10.4358   999.7075 0.0000e+00
      5.813     -0.084     0.6087      7.849     44.991  31.891363     2.5427      6.372   180.3349 6.8357e-01    11.6069      5.701      8.269    10.4362   999.7074 0.0000e+00
      5.791     -0.077     0.6129      7.876     44.997  31.895335     2.5324      6.370   180.9853 7.2503e-01    11.5763      5.679      8.237    10.4373   999.7072 0.0000e+00
      5.768     -0.064     0.6084      7.885     44.972  31.876677     2.5696      6.367   181.9955 7.5866e-01    11.5191      5.656      8.204    10.4385   999.7069 0.0000e+00
      5.747     -0.049     0.6090      7.872     44.945  31.856113     2.6678      6.366   182.3104 7.7863e-01    11.4310      5.632      8.168    10.4392   999.7067 0.0000e+00
      5.736     -0.033     0.6149      7.866     44.921  31.837041     2.7373      6.364   181.9532 7.6951e-01    11.3689      5.618      8.147    10.4396   999.7066 0.0000e+00
      5.736     -0.018     0.6153      7.877     44.922  31.836416     2.7418      6.363   181.5492 7.6011e-01    11.3173      5.625      8.158    10.4393   999.7067 0.0000e+00
      5.740     -0.006     0.6178      7.873     44.940  31.848556     2.7232      6.362   181.4695 7.7250e-01    11.2880      5.633      8.168    10.4383   999.7068 0.0000e+00
      5.741      0.001     0.6151      7.868     44.952  31.856941     2.7979      6.362   182.1933 7.8188e-01    11.4948      5.628      8.163    10.4368   999.7069 0.0000e+00
      5.741      0.003     0.6135      7.888     44.978  31.874339     2.9676      6.363   183.3321 7.8382e-01    11.8615      5.629      8.165    10.4345   999.7072 0.0000e+00
      5.743      0.002     0.6174      7.908     44.971  31.868571     3.0679      6.364   183.7952 7.8102e-01    12.0143      5.634      8.172    10.4323   999.7074 0.0000e+00
      5.743      0.001     0.6153      7.922     44.947  31.850643     3.0766      6.364   183.5768 7.6682e-01    11.9681      5.632      8.169    10.4320   999.7074 0.0000e+00
      5.742      0.001     0.6137      7.952     44.945  31.847922     3.0724      6.363   183.2732 7.5484e-01    11.8526      5.629      8.164    10.4323   999.7074 0.0000e+00
      5.743      0.000     0.6168      7.976     44.929  31.835667     3.0743      6.363   183.2216 7.5511e-01    11.6818      5.631      8.169    10.4314   999.7075 0.0000e+00
      5.743 1.1567e-12     0.6191      7.980     44.920  31.829361     3.0806      6.363   183.3821 7.5596e-01    11.5850      5.632      8.169    10.4300   999.7076 0.0000e+00
      5.743 1.2724e-11     0.6181      7.978     44.930  31.835117     3.0824      6.363   183.5794 7.5375e-01    11.5759      5.631      8.167    10.4289   999.7077 0.0000e+00
      5.743 1.3996e-10     0.6221      7.966     44.940  31.841819     3.0674      6.363   183.8001 7.5828e-01    11.5712      5.632      8.169    10.4277   999.7078 0.0000e+00
      5.743 1.5396e-09     0.6250      7.959     44.949  31.846953     3.0516      6.364   183.9860 7.6333e-01    11.5626      5.632      8.168    10.4266   999.7079 0.0000e+00
      5.743 1.6935e-08     0.6232      7.959     44.931  31.833743     3.0537      6.365   184.1920 7.6493e-01    11.5741      5.631      8.168    10.4259   999.7080 0.0000e+00
      5.743 1.8629e-07     0.6250      7.959     44.897  31.808989     3.0547      6.365   184.3982 7.7309e-01    11.5726      5.632      8.168    10.4251   999.7081 0.0000e+00
      5.743 1.8629e-07     0.6222      7.961     44.887  31.801454     2.9872      6.365   184.1559 7.7348e-01    11.4761      5.631      8.167    10.4241   999.7081 0.0000e+00
      5.743 1.6936e-08     0.6221      7.974     44.894  31.806070     2.8570      6.365   183.6719 7.6447e-01    11.3342      5.632      8.168    10.4233   999.7082 0.0000e+00
      5.743 1.5396e-09     0.6224      7.987     44.888  31.801351     2.7872      6.365   183.7087 7.6574e-01    11.3001      5.632      8.168    10.4228   999.7083 0.0000e+00
      5.742 1.3996e-10     0.6225      7.975     44.898  31.807847     2.8110      6.365   183.9979 7.7569e-01    11.3377      5.631      8.168    10.4221   999.7083 0.0000e+00
      5.742 1.2724e-11     0.6220      7.957     44.918  31.821159     2.9728      6.364   184.2435 7.8584e-01    11.2742      5.631      8.168    10.4216   999.7083 0.0000e+00
      5.742 1.1576e-12     0.6231      7.952     44.938  31.835416     3.2372      6.363   184.5271 7.8773e-01    11.1504      5.632      8.168    10.4210   999.7084 0.0000e+00
      5.742 1.1471e-13     0.6261      7.972     44.964  31.853335     3.3752      6.364   184.1572 7.8364e-01    11.1107      5.631      8.167    10.4204   999.7085 0.0000e+00
      5.742 1.1471e-13     0.6235      8.004     44.957  31.847472     3.3827      6.365   183.2126 7.7787e-01    11.1375      5.632      8.168    10.4198   999.7085 0.0000e+00
      5.742 1.1575e-12     0.6219      8.002     44.930  31.827976     3.3760      6.364   182.8285 7.7450e-01    11.1316      5.631      8.167    10.4193   999.7086 0.0000e+00
      5.742 1.2723e-11     0.6212      7.979     44.903  31.807951     3.3221      6.364   182.9555 7.8164e-01    11.1759      5.631      8.168    10.4188   999.7086 0.0000e+00
      5.743 1.3995e-10     0.6224      7.987     44.886  31.795687     3.2273      6.363   183.2849 7.8012e-01    11.3647      5.632      8.169    10.4183   999.7087 0.0000e+00
      5.743 1.5395e-09     0.6275      8.021     44.902  31.806588     3.1833      6.363   183.7999 7.6527e-01    11.5266      5.632      8.168    10.4178   999.7087 0.0000e+00
      5.743 1.6934e-08     0.6270      8.053     44.912  31.812864     3.1910      6.363   183.7620 7.6580e-01    11.5873      5.632      8.169    10.4175   999.7088 0.0000e+00
      5.743 1.8627e-07     0.6218      8.048     44.906  31.808127     3.2343      6.363   183.1713 7.7005e-01    11.5490      5.632      8.169    10.4168   999.7088 0.0000e+00
      5.743 1.8627e-07     0.6247      8.014     44.913  31.812751     3.3068      6.363   182.8518 7.5938e-01    11.4078      5.632      8.169    10.4158   999.7089 0.0000e+00
      5.743 1.6934e-08     0.6267      8.016     44.903  31.805329     3.3337      6.363   182.8249 7.6407e-01    11.2881      5.632      8.168    10.4150   999.7090 0.0000e+00
      5.743 1.5395e-09     0.6313      8.055     44.870  31.781833     3.3207      6.362   182.8459 7.8654e-01    11.3026      5.632      8.168    10.4144   999.7090 0.0000e+00
      5.742 1.3995e-10     0.6311      8.085     44.871  31.782456     3.2638      6.362   183.0191 7.9804e-01    11.4457      5.631      8.168    10.4139   999.7091 0.0000e+00
      5.742 1.2723e-11     0.6246      8.107     44.914  31.812864     3.1602      6.362   183.3703 7.9024e-01    11.5762      5.631      8.168    10.4136   999.7091 0.0000e+00
      5.742 1.1566e-12     0.6257      8.132     44.942  31.832258     3.0987      6.362   183.6515 7.6816e-01    11.6104      5.631      8.167    10.4134   999.7091 0.0000e+00
      5.742 1.0515e-13     0.6306      8.133     44.935  31.826594     3.0825      6.363   183.6658 7.4755e-01    11.5848      5.632      8.168    10.4133   999.7091 0.0000e+00
      5.742 9.5590e-15     0.6329      8.118     44.910  31.807826     3.1551      6.363   183.6291 7.5287e-01    11.5418      5.631      8.167    10.4127   999.7092 0.0000e+00
      5.743 8.6900e-16     0.6332      8.112     44.893  31.795676     3.3187      6.362   183.5521 7.7479e-01    11.4675      5.632      8.168    10.4122   999.7093 0.0000e+00
      5.743 7.9000e-17     0.6375      8.093     44.908  31.806588     3.4002      6.361   183.4222 7.7870e-01    11.3735      5.632      8.168    10.4117   999.7093 0.0000e+00
      5.743 7.1820e-18     0.6366      8.054     44.917  31.812866     3.3970      6.361   183.8657 7.7175e-01    11.3319      5.631      8.167    10.4110   999.7094 0.0000e+00
      5.743 6.5290e-19     0.6341      8.036     44.911  31.808138     3.4136      6.360   184.7847 7.7202e-01    11.3774      5.632      8.168    10.4106   999.7094 0.0000e+00
      5.742 5.9355e-20     0.6348      8.038     44.918  31.812865     3.4484      6.359   185.2413 7.8040e-01    11.4770      5.631      8.167    10.4104   999.7094 0.0000e+00
      5.742 5.3960e-21     0.6344      8.034     44.908  31.806577     3.4748      6.359   184.9984 7.8861e-01    11.5750      5.631      8.167    10.4103   999.7094 0.0000e+00
