Data/DataNotYetUploadedToEDI/Raw_CTD/RawDownloads/071320_fcr50_c.cnv
* Sea-Bird SBE19plus  Data File:
* FileName = C:\DATA\071320_fcr50_0003.hex
* Software version 2.8.0.119
* Temperature SN = 7809
* Conductivity SN = 7809
* System UpLoad Time = Jul 13 2020 11:27:28
* <ApplicationData>
* <Seaterm232>
# nquan = 16
# nvalues = 2268                        
# units = specified
# name 0 = depFM: Depth [fresh water, m]
# name 1 = dz/dtM: Descent Rate [m/s]
# name 2 = sbeox0ML/L: Oxygen, SBE 43 [ml/l]
# name 3 = sbeox0PS: Oxygen, SBE 43 [% saturation]
# name 4 = specc: Specific Conductance [uS/cm]
# name 5 = c0uS/cm: Conductivity [uS/cm]
# name 6 = flECO-AFL: Fluorescence, WET Labs ECO-AFL/FL [mg/m^3]
# name 7 = ph: pH
# name 8 = orp: Oxidation Reduction Potential [mV]
# name 9 = par/sat/log: PAR/Logarithmic, Satlantic
# name 10 = turbWETntu0: Turbidity, WET Labs ECO [NTU]
# name 11 = prdM: Pressure, Strain Gauge [db]
# name 12 = prdE: Pressure, Strain Gauge [psi]
# name 13 = tv290C: Temperature [ITS-90, deg C]
# name 14 = density00: Density [density, kg/m^3]
# name 15 = flag:  0.000e+00
# span 0 =     -0.688,      9.681       
# span 1 =     -0.629,      0.283       
# span 2 =     0.0310,     7.8434       
# span 3 =      0.440,    122.884       
# span 4 =      0.494,    326.975       
# span 5 =   0.470984, 232.771611       
# span 6 =    -2.4742,   259.9455       
# span 7 =      6.030,      9.059       
# span 8 =  -774.1502,  1214.0934       
# span 9 = 1.2347e-01, 2.2012e+03       
# span 10 =    -9.5894,   322.9265      
# span 11 =     -0.675,      9.493      
# span 12 =     -0.979,     13.769      
# span 13 =    10.3246,    26.1393      
# span 14 =   996.7657,   999.8178      
# span 15 = 0.0000e+00, 0.0000e+00      
# interval = seconds: 0.25
# start_time = Jul 12 2020 22:08:51 [Instrument's time stamp, header]
# bad_flag = -9.990e-29
*END*
[from data line 181]
      0.422      0.127     4.6893     82.973     32.015  32.583661     0.5945      8.364   219.9443 1.1546e+02     1.4586      0.401      0.581    25.8731   996.8379 0.0000e+00
      0.486      0.142     4.6634     83.997     31.993  32.560942     0.5600      8.352   220.2724 1.3205e+02     1.4344      0.487      0.706    25.8737   996.8382 0.0000e+00
      0.536      0.147     4.6544     85.082     31.984  32.553954     0.5517      8.341   220.4508 1.3951e+02     1.4025      0.538      0.781    25.8836   996.8358 0.0000e+00
      0.561      0.138     4.6684     86.031     31.992  32.562629     0.5894      8.333   220.5526 1.5097e+02     1.4850      0.545      0.792    25.8875   996.8348 0.0000e+00
      0.586      0.115     4.7141     86.715     31.969  32.538932     0.6633      8.327   220.6427 1.7472e+02     1.6421      0.568      0.826    25.8783   996.8373 0.0000e+00
      0.621      0.087     4.7781     87.113     31.951  32.521227     0.6918      8.323   220.7659 1.9442e+02     1.7236      0.614      0.890    25.8788   996.8374 0.0000e+00
      0.646      0.067     4.8421     87.251     31.967  32.538896     0.6763      8.319   221.0109 2.1035e+02     1.7148      0.640      0.928    25.8880   996.8351 0.0000e+00
      0.657      0.052     4.8998     87.118     31.992  32.562226     0.6855      8.315   221.3666 2.5578e+02     1.6378      0.646      0.938    25.8875   996.8353 0.0000e+00
      0.661      0.037     4.9386     86.638     31.982  32.549522     0.7178      8.309   221.7111 2.9307e+02     1.5139      0.649      0.942    25.8830   996.8364 0.0000e+00
      0.663      0.023     4.9604     85.819     31.947  32.512178     0.7425      8.304   221.9931 2.5663e+02     1.4186      0.650      0.943    25.8862   996.8356 0.0000e+00
      0.667      0.015     4.9673     84.761     31.930  32.491381     0.7555      8.300   222.1952 1.9774e+02     1.3778      0.653      0.947    25.8901   996.8346 0.0000e+00
      0.672      0.011     4.9629     83.541     31.932  32.488399     0.7513      8.297   222.3482 1.6771e+02     1.3979      0.660      0.957    25.8863   996.8356 0.0000e+00
      0.676      0.009     4.9365     82.242     31.925  32.476111     0.7481      8.294   222.4665 1.5618e+02     1.4563      0.664      0.963    25.8803   996.8372 0.0000e+00
      0.678      0.007     4.8860     80.879     31.923  32.469699     0.7552      8.290   222.5075 1.5131e+02     1.4998      0.664      0.964    25.8780   996.8378 0.0000e+00
      0.678      0.005     4.8267     79.454     31.932  32.474313     0.7515      8.286   222.5855 1.4803e+02     1.5120      0.665      0.965    25.8741   996.8388 0.0000e+00
      0.678      0.002     4.7546     78.076     31.931  32.468440     0.7596      8.283   222.7208 1.4638e+02     1.4659      0.665      0.964    25.8665   996.8409 0.0000e+00
      0.678      0.000     4.6813     76.802     31.929  32.462129     0.7961      8.279   222.8524 1.4303e+02     1.4238      0.665      0.964    25.8584   996.8430 0.0000e+00
      0.678      0.000     4.6066     75.617     31.932  32.461443     0.8212      8.275   222.9724 1.3675e+02     1.4493      0.665      0.964    25.8498   996.8452 0.0000e+00
      0.678     -0.003     4.5214     74.537     31.934  32.460144     0.8151      8.272   222.8808 1.3073e+02     1.4654      0.665      0.964    25.8412   996.8475 0.0000e+00
      0.678     -0.012     4.4429     73.543     31.924  32.446414     0.7987      8.267   222.6060 1.2652e+02     1.4465      0.665      0.965    25.8352   996.8491 0.0000e+00
      0.678     -0.033     4.3723     72.619     31.904  32.422330     0.7764      8.260   222.4022 1.2291e+02     1.4266      0.664      0.964    25.8286   996.8509 0.0000e+00
      0.677     -0.068     4.3037     71.832     31.912  32.422729     0.7554      8.250   222.1380 1.1933e+02     1.4311      0.665      0.964    25.8223   996.8525 0.0000e+00
      0.668     -0.120     4.2436     71.268     31.947  32.451224     0.7542      8.236   221.5627 1.1417e+02     1.4656      0.662      0.961    25.8162   996.8542 0.0000e+00
      0.641     -0.175     4.1881     71.017     32.017  32.513068     0.7520      8.216   221.5545 1.0828e+02     1.4674      0.638      0.925    25.8140   996.8546 0.0000e+00
      0.586     -0.208     4.1338     71.306     32.108  32.599447     0.7282      8.188   222.7280 1.0232e+02     1.4871      0.583      0.845    25.8098   996.8554 0.0000e+00
      0.506     -0.199     4.0881     72.505     32.111  32.607369     0.6954      8.157   223.5326 9.5366e+01     1.6000      0.507      0.735    25.7940   996.8593 0.0000e+00
      0.404     -0.154     4.0563     74.835     32.034  32.545418     0.6800      8.130   223.2815 8.9718e+01     1.6995      0.398      0.575    25.7820   996.8620 0.0000e+00
      0.319     -0.093     4.0388     78.058     32.026  32.548337     0.6850      8.109   222.8755 8.8997e+01     1.7295      0.276      0.401    25.7697   996.8647 0.0000e+00
      0.316     -0.028     4.0476     81.600     32.051  32.579227     0.6704      8.094   222.5812 1.0116e+02     1.7218      0.273      0.396    25.7511   996.8696 0.0000e+00
      0.388      0.032     4.1089     84.898     32.001  32.538237     0.6278      8.083   222.3905 1.1821e+02     1.7099      0.392      0.568    25.7562   996.8688 0.0000e+00
      0.450      0.072     4.2443     87.570     31.948  32.496866     0.6087      8.074   222.3767 1.2170e+02     1.7224      0.463      0.671    25.7983   996.8579 0.0000e+00
      0.469      0.082     4.4398     89.393     31.968  32.523162     0.6293      8.067   222.5007 1.1754e+02     1.7360      0.462      0.669    25.8189   996.8525 0.0000e+00
      0.470      0.059     4.6537     90.199     31.983  32.538958     0.7059      8.061   222.6845 1.1173e+02     1.7030      0.461      0.669    25.8102   996.8549 0.0000e+00
      0.470      0.026     4.8476     89.949     31.941  32.497510     0.8195      8.054   222.7921 1.0423e+02     1.6321      0.462      0.668    25.8311   996.8494 0.0000e+00
      0.470      0.006     5.0001     88.805     31.911  32.466145     0.8772      8.047   222.7703 9.9335e+01     1.5997      0.461      0.669    25.8591   996.8419 0.0000e+00
      0.470      0.001     5.1077     87.063     31.923  32.476961     0.8885      8.040   222.7651 9.6247e+01     1.6199      0.462      0.670    25.8641   996.8406 0.0000e+00
      0.471      0.000     5.1549     85.012     31.948  32.501393     0.9080      8.034   222.9014 9.4168e+01     1.6023      0.461      0.669    25.8632   996.8409 0.0000e+00
      0.471      0.000     5.1368     82.848     31.956  32.507756     0.9320      8.029   223.2995 9.2987e+01     1.5235      0.462      0.670    25.8646   996.8405 0.0000e+00
      0.471     -0.003     5.0654     80.747     31.941  32.490442     0.9406      8.024   223.5355 9.2608e+01     1.4575      0.462      0.669    25.8652   996.8403 0.0000e+00
      0.471     -0.015     4.9595     78.837     31.935  32.482396     0.9351      8.019   222.8287 9.4621e+01     1.4229      0.462      0.670    25.8634   996.8408 0.0000e+00
      0.471     -0.048     4.8407     77.185     31.933  32.473917     0.9335      8.013   221.5510 9.5227e+01     1.4138      0.461      0.669    25.8597   996.8418 0.0000e+00
      0.470     -0.109     4.7137     75.891     31.923  32.451357     0.9586      8.002   220.3031 9.1729e+01     1.4154      0.462      0.670    25.8563   996.8426 0.0000e+00
      0.460     -0.191     4.5915     75.084     31.948  32.463404     1.0009      7.988   219.3571 9.1539e+01     1.4081      0.460      0.667    25.8536   996.8433 0.0000e+00
      0.421     -0.273     4.4829     74.883     31.986  32.492669     1.0152      7.972   219.3188 1.0629e+02     1.4290      0.434      0.629    25.8522   996.8435 0.0000e+00
      0.330     -0.331     4.3865     75.247     31.986  32.487951     1.0176      7.954   219.7542 1.2015e+02     1.4618      0.345      0.501    25.8471   996.8445 0.0000e+00
      0.186     -0.351     4.3126     75.939     31.967  32.469800     1.0291      7.937   219.7168 1.1671e+02     1.4277      0.187      0.272    25.8239   996.8499 0.0000e+00
      0.033     -0.329     4.2651     76.789     31.962  32.463541     1.0302      7.921   219.7277 1.1461e+02     1.3242      0.016      0.023    25.7986   996.8559 0.0000e+00
     -0.075     -0.264     4.2549     77.754     31.980  32.475720     1.0222      7.904   219.8859 1.1768e+02     1.2402     -0.102     -0.147    25.7818   996.8598 0.0000e+00
     -0.117     -0.166     4.2835     78.849     31.997  32.490158     1.0187      7.888   219.3928 1.2472e+02     1.2369     -0.129     -0.186    25.7746   996.8615 0.0000e+00
     -0.118     -0.061     4.3256     80.185     32.012  32.511212     0.9296      7.875   219.0138 1.8217e+02     1.3184     -0.115     -0.166    25.7829   996.8594 0.0000e+00
     -0.105      0.020     4.3734     81.831     32.035  32.539945     0.7454      7.865   219.2606 2.3136e+02     1.4361     -0.111     -0.162    25.7843   996.8591 0.0000e+00
     -0.074      0.063     4.4311     83.636     32.013  32.520343     0.6416      7.858   219.4509 1.7494e+02     1.4594     -0.080     -0.116    25.7654   996.8642 0.0000e+00
     -0.030      0.073     4.4910     85.347     31.953  32.464558     0.6289      7.849   219.5088 1.1524e+02     1.3934     -0.018     -0.026    25.7581   996.8664 0.0000e+00
     -0.004      0.064     4.5621     86.707     31.920  32.436476     0.6869      7.839   219.3582 1.0861e+02     1.4276      0.005      0.006    25.7775   996.8614 0.0000e+00
      0.002      0.043     4.6603     87.477     31.916  32.434594     0.8089      7.829   218.9209 1.0387e+02     1.5634      0.000     -0.000    25.7835   996.8599 0.0000e+00
      0.003      0.008     4.7688     87.550     31.923  32.441807     0.8738      7.818   218.6093 9.8997e+01     1.7306      0.003      0.004    25.7806   996.8606 0.0000e+00
      0.003     -0.045     4.8694     86.948     31.945  32.460245     0.8903      7.806   218.6027 9.7184e+01     3.0026      0.004      0.005    25.7936   996.8571 0.0000e+00
      0.002     -0.112     4.9521     85.812     31.960  32.467176     0.9984      7.794   218.7542 9.7982e+01    16.6690      0.004      0.006    25.8068   996.8537 0.0000e+00
     -0.012     -0.179     4.9974     84.476     31.965  32.462157     1.1888      7.780   219.3222 1.0346e+02    41.5865     -0.002     -0.002    25.8072   996.8535 0.0000e+00
     -0.058     -0.224     5.0009     83.375     31.971  32.462990     1.2851      7.763   220.1370 1.1032e+02    55.0900     -0.036     -0.052    25.8078   996.8532 0.0000e+00
     -0.155     -0.234     4.9649     82.792     31.987  32.477249     1.2849      7.744   220.4311 1.1229e+02    56.2729     -0.137     -0.198    25.8057   996.8533 0.0000e+00
     -0.282     -0.209     4.8947     82.793     32.027  32.507659     1.2825      7.729   219.9536 1.2093e+02    56.4024     -0.292     -0.422    25.7885   996.8571 0.0000e+00
     -0.375     -0.158     4.8101     83.318     32.050  32.513429     1.2854      7.718   219.0956 1.3040e+02    56.5529     -0.402     -0.583    25.7665   996.8625 0.0000e+00
     -0.392     -0.089     4.7417     84.110     32.033  32.483543     1.2904      7.711   218.7471 1.2080e+02    56.7882     -0.404     -0.586    25.7599   996.8642 0.0000e+00
     -0.357     -0.016     4.7085     84.842     32.018  32.463527     1.2957      7.706   219.0087 1.0917e+02    56.7759     -0.347     -0.503    25.7677   996.8624 0.0000e+00
     -0.317      0.040     4.7093     85.345     32.015  32.461750     1.2826      7.701   219.3338 1.0795e+02    55.4778     -0.304     -0.440    25.7495   996.8674 0.0000e+00
     -0.292      0.062     4.7486     85.576     32.012  32.462052     1.1221      7.694   219.4942 1.0886e+02    41.7103     -0.283     -0.410    25.7126   996.8772 0.0000e+00
     -0.282      0.053     4.8044     85.526     32.014  32.467185     0.8434      7.687   219.2267 1.1342e+02    16.5556     -0.274     -0.397    25.6902   996.8832 0.0000e+00
     -0.278      0.033     4.8484     85.144     32.005  32.460366     0.7077      7.680   218.8527 1.4315e+02     2.8572     -0.272     -0.395    25.6857   996.8843 0.0000e+00
     -0.277      0.018     4.8777     84.380     31.986  32.443064     0.7014      7.672   218.9303 1.6883e+02     1.5708     -0.271     -0.393    25.6917   996.8827 0.0000e+00
     -0.275      0.010     4.8896     83.278     31.989  32.448323     0.6912      7.665   219.1328 1.4320e+02     1.3794     -0.270     -0.391    25.6975   996.8813 0.0000e+00
     -0.273      0.006     4.8877     81.947     32.000  32.460504     0.6982      7.659   219.4088 1.1452e+02     1.3668     -0.268     -0.389    25.7028   996.8799 0.0000e+00
     -0.271      0.004     4.8675     80.477     32.003  32.463454     0.7103      7.655   219.8574 1.1121e+02     1.4523     -0.266     -0.386    25.7063   996.8789 0.0000e+00
     -0.270      0.000     4.8221     78.906     32.023  32.483998     0.7035      7.651   219.7386 1.1080e+02     1.5212     -0.265     -0.384    25.7083   996.8783 0.0000e+00
     -0.269     -0.011     4.7569     77.354     32.058  32.518560     0.7030      7.646   219.0054 1.1121e+02     1.4788     -0.264     -0.383    25.7119   996.8775 0.0000e+00
     -0.269     -0.036     4.6780     75.992     32.109  32.564103     0.7223      7.640   217.6179 1.1197e+02     1.4203     -0.264     -0.383    25.7138   996.8770 0.0000e+00
     -0.271     -0.076     4.5950     74.921     32.209  32.653978     0.7467      7.630   215.6095 1.1149e+02     1.5004     -0.265     -0.384    25.7136   996.8770 0.0000e+00
     -0.280     -0.120     4.5028     74.251     32.352  32.780408     0.7781      7.615   215.3720 1.1027e+02     2.0692     -0.267     -0.387    25.7132   996.8771 0.0000e+00
     -0.310     -0.149     4.4092     74.244     32.488  32.887237     0.9587      7.598   216.8960 1.1355e+02     7.7829     -0.290     -0.422    25.7143   996.8768 0.0000e+00
     -0.375     -0.155     4.3316     75.334     32.576  32.930441     1.2809      7.586   217.2586 1.4583e+02    18.2277     -0.356     -0.517    25.7065   996.8785 0.0000e+00
     -0.460     -0.141     4.2697     77.684     32.620  32.922026     1.4604      7.579   216.7453 4.9359e+02    23.9155     -0.459     -0.667    25.6867   996.8833 0.0000e+00
     -0.522     -0.113     4.2296     80.801     32.662  32.912307     1.4782      7.574   216.7131 8.1560e+02    24.4700     -0.539     -0.781    25.6626   996.8892 0.0000e+00
     -0.529     -0.073     4.2212     83.891     32.735  32.939743     1.4582      7.569   216.8690 5.0195e+02    24.6240     -0.528     -0.765    25.6178   996.9011 0.0000e+00
     -0.509     -0.029     4.2825     86.345     32.830  32.999894     1.1802      7.564   217.0814 1.8948e+02    25.2967     -0.491     -0.712    25.5434   996.9207 0.0000e+00
     -0.496      0.006     4.4374     87.889     32.922  33.068504     0.6734      7.558   217.3883 5.3347e+02    26.5610     -0.484     -0.702    25.4549   996.9439 0.0000e+00
     -0.491      0.020     4.6415     88.489     33.002  33.134786     0.4039      7.552   217.4828 1.0830e+03    27.7216     -0.481     -0.698    25.3725   996.9654 0.0000e+00
     -0.489      0.016     4.8376     88.231     33.042  33.166802     0.5149      7.548   217.3631 9.6661e+02    33.2531     -0.479     -0.695    25.3026   996.9836 0.0000e+00
     -0.488      0.008     4.9887     87.325     33.019  33.138356     2.1879      7.545   217.1454 3.9791e+02    93.7504     -0.479     -0.694    25.2466   996.9981 0.0000e+00
     -0.488      0.004     5.0804     86.077     32.993  33.108076     5.2582      7.541   216.9156 1.3506e+02   204.6450     -0.478     -0.693    25.2111   997.0073 0.0000e+00
     -0.487      0.002     5.1158     84.825     33.004  33.117926     6.9093      7.536   216.8217 1.1521e+02   264.6396     -0.478     -0.694    25.1920   997.0122 0.0000e+00
