Data/DataNotYetUploadedToEDI/Raw_CTD/RawDownloads/071320_fcr50_secondDownload_0002.cnv
* Sea-Bird SBE19plus  Data File:
* FileName = C:\DATA\071320_fcr50_secondDownload_0002.hex
* Software version 2.8.0.119
* Temperature SN = 7809
* Conductivity SN = 7809
* System UpLoad Time = Jul 13 2020 14:10:02
* <ApplicationData>
* <Seaterm232>
# nquan = 16
# nvalues = 1513                        
# units = specified
# name 0 = depFM: Depth [fresh water, m]
# name 1 = dz/dtM: Descent Rate [m/s]
# name 2 = sbeox0ML/L: Oxygen, SBE 43 [ml/l]
# name 3 = sbeox0PS: Oxygen, SBE 43 [% saturation]
# name 4 = specc: Specific Conductance [uS/cm]
# name 5 = c0uS/cm: Conductivity [uS/cm]
# name 6 = flECO-AFL: Fluorescence, WET Labs ECO-AFL/FL [mg/m^3]
# name 7 = ph: pH
# name 8 = orp: Oxidation Reduction Potential [mV]
# name 9 = par/sat/log: PAR/Logarithmic, Satlantic
# name 10 = turbWETntu0: Turbidity, WET Labs ECO [NTU]
# name 11 = prdM: Pressure, Strain Gauge [db]
# name 12 = prdE: Pressure, Strain Gauge [psi]
# name 13 = tv290C: Temperature [ITS-90, deg C]
# name 14 = density00: Density [density, kg/m^3]
# name 15 = flag:  0.000e+00
# span 0 =     -0.690,      2.904       
# span 1 =     -3.857,      4.242       
# span 2 =     2.4316,     7.6359       
# span 3 =     37.905,    122.088       
# span 4 =      1.903,     38.720       
# span 5 =   1.833225,  33.133811       
# span 6 =    -3.4429,   259.8640       
# span 7 =      6.693,      8.603       
# span 8 = -1240.7455,  1240.2295       
# span 9 = 6.5768e+01, 1.6917e+03       
# span 10 =    -9.7236,   962.4675      
# span 11 =     -0.677,      2.848      
# span 12 =     -0.983,      4.131      
# span 13 =    15.9031,    25.6982      
# span 14 =   996.8856,   998.9879      
# span 15 = 0.0000e+00, 0.0000e+00      
# interval = seconds: 0.25
# start_time = Jul 12 2020 21:14:04 [Instrument's time stamp, header]
# bad_flag = -9.990e-29
*END*
[from data line 724]
      1.775 1.1549e-12     3.2396     55.514     32.087  31.860801     2.9379      7.307   237.6380 2.2126e+02     2.8145      1.741      2.526    24.6516   997.1600 0.0000e+00
      1.775 1.0499e-13     3.2352     55.559     32.110  31.879577     2.9001      7.307   238.0255 2.2262e+02     2.8548      1.741      2.525    24.6494   997.1606 0.0000e+00
      1.775 9.5450e-15     3.2334     55.648     32.107  31.872846     2.8466      7.307   238.8477 2.2171e+02     2.8917      1.740      2.524    24.6477   997.1610 0.0000e+00
      1.775 8.6770e-16     3.2318     55.765     32.082  31.842855     2.8266      7.307   239.3201 2.2172e+02     2.8824      1.741      2.525    24.6458   997.1615 0.0000e+00
      1.775 7.8885e-17     3.2284     55.913     32.077  31.834176     2.8296      7.307   239.0903 2.2752e+02     2.8108      1.741      2.525    24.6423   997.1624 0.0000e+00
      1.775 7.1715e-18     3.2334     56.108     32.079  31.831341     2.8161      7.307   238.7373 2.3047e+02     2.7812      1.741      2.525    24.6360   997.1639 0.0000e+00
      1.775 6.5195e-19     3.2385     56.331     32.061  31.808572     2.7969      7.307   238.6648 2.2687e+02     2.8674      1.741      2.525    24.6286   997.1658 0.0000e+00
      1.775 5.9265e-20     3.2462     56.524     32.069  31.812647     2.7784      7.307   238.9016 2.3174e+02     2.9950      1.741      2.525    24.6230   997.1672 0.0000e+00
      1.775 5.3880e-21     3.2543     56.686     32.077  31.817165     2.7633      7.307   239.2780 2.3789e+02     3.0540      1.741      2.526    24.6166   997.1688 0.0000e+00
      1.775 4.8981e-22     3.2663     56.842     32.062  31.799759     2.7474      7.307   239.4304 2.2904e+02     3.0312      1.741      2.525    24.6077   997.1711 0.0000e+00
      1.775 4.4528e-23     3.2823     56.995     32.057  31.792519     2.7494      7.308   239.3678 2.2097e+02     2.9943      1.741      2.525    24.5991   997.1733 0.0000e+00
      1.775 4.0480e-24     3.2931     57.101     32.060  31.793056     2.7872      7.309   239.2946 2.2487e+02     2.9858      1.741      2.525    24.5935   997.1747 0.0000e+00
      1.776 3.6800e-25     3.3022     57.137     32.076  31.806246     2.8135      7.309   239.2336 2.2797e+02     2.9959      1.741      2.526    24.5899   997.1756 0.0000e+00
      1.776 3.3454e-26     3.3112     57.136     32.096  31.825117     2.8197      7.308   239.0611 2.2309e+02     2.9793      1.741      2.526    24.5858   997.1766 0.0000e+00
      1.776 3.0413e-27     3.3216     57.103     32.104  31.830893     2.8714      7.307   238.8441 2.2404e+02     2.9577      1.741      2.525    24.5813   997.1777 0.0000e+00
      1.776 2.7648e-28     3.3292     57.013     32.088  31.812638     2.9626      7.307   238.9322 2.3210e+02     2.9746      1.741      2.526    24.5774   997.1787 0.0000e+00
      1.776 2.5135e-29     3.3299     56.880     32.073  31.794722     3.0159      7.308   239.0946 2.4039e+02     3.0118      1.741      2.525    24.5742   997.1795 0.0000e+00
      1.776 2.2850e-30     3.3297     56.765     32.087  31.804595     3.0199      7.309   239.1718 2.3902e+02     3.0294      1.741      2.526    24.5710   997.1804 0.0000e+00
      1.776 2.0772e-31     3.3297     56.751     32.092  31.805116     3.0206      7.309   239.2640 2.2613e+02     2.9478      1.741      2.526    24.5678   997.1812 0.0000e+00
      1.776 1.8884e-32     3.3234     56.843     32.092  31.801013     3.0430      7.309   238.9189 2.2201e+02     2.8144      1.741      2.526    24.5648   997.1819 0.0000e+00
      1.776 1.7167e-33     3.3153     56.959     32.113  31.818419     3.0718      7.309   238.2687 2.2196e+02     2.7896      1.742      2.527    24.5617   997.1827 0.0000e+00
      1.776 1.5607e-34     3.3063     57.090     32.124  31.825234     3.0921      7.309   238.0272 2.1943e+02     2.8537      1.741      2.525    24.5555   997.1843 0.0000e+00
      1.776 1.4188e-35     3.3054     57.250     32.124  31.819970     3.0789      7.309   237.9784 2.2052e+02     2.8692      1.742      2.526    24.5474   997.1863 0.0000e+00
      1.776 1.2898e-36     3.3148     57.382     32.125  31.818202     3.0361      7.309   238.0219 2.2239e+02     2.8397      1.741      2.526    24.5414   997.1878 0.0000e+00
      1.776 1.1727e-37     3.3212     57.422     32.114  31.803860     3.0229      7.309   238.3809 2.2418e+02     2.8402      1.742      2.525    24.5355   997.1893 0.0000e+00
      1.776 1.0855e-38     3.3282     57.350     32.086  31.773444     3.0343      7.309   238.2764 2.2566e+02     2.8415      1.741      2.526    24.5286   997.1910 0.0000e+00
      1.776 3.1219e-39     3.3398     57.195     32.083  31.767665     3.0306      7.308   237.6177 2.2417e+02     2.8210      1.742      2.526    24.5218   997.1927 0.0000e+00
      1.776 2.3769e-38     3.3495     57.025     32.116  31.797429     3.0166      7.308   237.3004 2.2360e+02     2.7642      1.742      2.526    24.5155   997.1944 0.0000e+00
      1.776 2.6050e-37     3.3522     56.882     32.138  31.816091     3.0076      7.308   237.2796 2.2433e+02     2.6697      1.741      2.525    24.5106   997.1955 0.0000e+00
      1.776 2.8654e-36     3.3481     56.767     32.128  31.802968     3.0075      7.308   237.3663 2.2224e+02     2.6047      1.741      2.526    24.5069   997.1965 0.0000e+00
      1.776 3.1520e-35     3.3372     56.671     32.093  31.765642     3.0155      7.308   237.6601 2.2324e+02     2.5965      1.742      2.526    24.5033   997.1974 0.0000e+00
      1.776 3.4672e-34     3.3268     56.605     32.075  31.745437     3.0088      7.308   237.8208 2.2331e+02     2.6745      1.742      2.527    24.4981   997.1987 0.0000e+00
      1.776 3.8139e-33     3.3189     56.595     32.082  31.749003     2.9747      7.308   237.6734 2.1559e+02     2.7919      1.741      2.526    24.4927   997.2000 0.0000e+00
      1.776 4.1953e-32     3.3127     56.638     32.081  31.745313     2.9458      7.309   237.4267 2.1291e+02     2.8139      1.742      2.525    24.4882   997.2012 0.0000e+00
      1.776 4.6148e-31     3.3075     56.728     32.103  31.764270     2.9449      7.309   237.2475 2.1867e+02     2.8033      1.742      2.527    24.4839   997.2023 0.0000e+00
      1.776 5.0763e-30     3.3026     56.868     32.129  31.787868     2.9551      7.309   237.1416 2.2252e+02     2.7667      1.741      2.526    24.4800   997.2033 0.0000e+00
      1.776 5.5839e-29     3.3029     57.002     32.121  31.776862     2.9541      7.309   237.1788 2.2317e+02     2.6464      1.742      2.526    24.4756   997.2045 0.0000e+00
      1.776 6.1423e-28     3.3060     57.073     32.106  31.758077     2.9525      7.310   237.6963 2.2457e+02     2.5844      1.741      2.526    24.4710   997.2055 0.0000e+00
      1.776 6.7565e-27     3.3105     57.112     32.102  31.751072     2.9545      7.310   238.4094 2.2441e+02     2.5665      1.741      2.526    24.4675   997.2064 0.0000e+00
      1.776 7.4322e-26     3.3207     57.197     32.110  31.755593     2.9207      7.309   238.4876 2.2549e+02     2.4982      1.741      2.526    24.4635   997.2074 0.0000e+00
      1.776 8.1754e-25     3.3306     57.370     32.109  31.749297     2.8584      7.309   238.1246 2.2806e+02     2.4117      1.742      2.526    24.4587   997.2086 0.0000e+00
      1.776 8.9929e-24     3.3341     57.593     32.104  31.738385     2.8224      7.309   237.9796 2.2473e+02     2.3444      1.742      2.527    24.4539   997.2098 0.0000e+00
      1.776 9.8922e-23     3.3346     57.800     32.122  31.750536     2.8096      7.309   237.9391 2.2036e+02     2.3365      1.742      2.526    24.4490   997.2111 0.0000e+00
      1.776 1.0881e-21     3.3387     57.997     32.145  31.769312     2.7889      7.309   238.2368 2.2194e+02     2.3849      1.741      2.526    24.4430   997.2126 0.0000e+00
      1.776 1.1970e-20     3.3505     58.268     32.153  31.775070     2.7631      7.309   238.9118 2.2488e+02     2.4148      1.742      2.526    24.4343   997.2147 0.0000e+00
      1.776 1.3167e-19     3.3660     58.587     32.137  31.756708     2.7546      7.310   239.1308 2.1977e+02     2.3892      1.742      2.527    24.4228   997.2176 0.0000e+00
      1.776 1.4483e-18     3.3793     58.842     32.119  31.737633     2.7530      7.311   239.0786 2.1472e+02     2.3498      1.742      2.526    24.4150   997.2196 0.0000e+00
      1.776 1.5932e-17     3.3870     59.003     32.117  31.734759     2.7435      7.311   239.1402 2.1787e+02     2.3157      1.741      2.526    24.4107   997.2206 0.0000e+00
      1.776 1.7525e-16     3.4044     59.105     32.105  31.721965     2.7161      7.310   238.9301 2.1850e+02     2.3202      1.742      2.527    24.4055   997.2220 0.0000e+00
      1.776 1.9277e-15     3.4269     59.159     32.094  31.709825     2.6598      7.310   238.5162 2.1709e+02     2.3361      1.742      2.527    24.4020   997.2228 0.0000e+00
      1.776 2.1205e-14     3.4420     59.139     32.100  31.714859     2.6160      7.310   238.6965 2.2685e+02     2.3016      1.741      2.526    24.3999   997.2234 0.0000e+00
      1.777 2.3325e-13     3.4506     59.052     32.105  31.719387     2.6062      7.312   239.3895 2.3516e+02     2.2811      1.742      2.527    24.3978   997.2239 0.0000e+00
      1.777 2.5658e-12     3.4557     58.880     32.087  31.701130     2.5797      7.312   239.6673 2.2766e+02     2.2941      1.743      2.528    24.3966   997.2242 0.0000e+00
      1.776 2.8224e-11     3.4610     58.652     32.072  31.684442     2.5249      7.313   239.5605 2.2122e+02     2.3213      1.742      2.527    24.3957   997.2244 0.0000e+00
      1.776 3.1046e-10     3.4582     58.461     32.099  31.707946     2.4876      7.314   239.4747 2.2190e+02     2.3355      1.742      2.527    24.3950   997.2246 0.0000e+00
      1.776 3.4151e-09     3.4547     58.325     32.127  31.731536     2.4714      7.314   239.4901 2.2150e+02     2.3277      1.742      2.527    24.3937   997.2249 0.0000e+00
      1.776 3.7566e-08     3.4446     58.228     32.115  31.715889     2.4626      7.314   239.4026 2.2481e+02     2.3983      1.742      2.527    24.3920   997.2253 0.0000e+00
      1.777 4.1322e-07     3.4276     58.193     32.113  31.709082     2.4671      7.314   239.1913 2.2706e+02     2.5378      1.742      2.527    24.3901   997.2258 0.0000e+00
      1.777      0.000     3.4174     58.232     32.122  31.712667     2.4784      7.314   239.1727 2.1935e+02     2.6063      1.743      2.529    24.3857   997.2269 0.0000e+00
      1.777      0.000     3.4107     58.325     32.110  31.695782     2.4749      7.314   239.3491 2.1405e+02     2.5745      1.743      2.528    24.3784   997.2287 0.0000e+00
      1.777      0.001     3.4043     58.431     32.114  31.695243     2.4826      7.314   239.6034 2.1639e+02     2.5307      1.742      2.527    24.3725   997.2302 0.0000e+00
      1.777      0.001     3.4024     58.513     32.128  31.706153     2.5231      7.314   239.7523 2.1959e+02     2.5229      1.743      2.528    24.3652   997.2320 0.0000e+00
      1.777      0.002     3.4058     58.558     32.125  31.700801     2.5547      7.314   239.3430 2.2031e+02     2.5487      1.742      2.527    24.3546   997.2347 0.0000e+00
      1.778      0.002     3.4127     58.550     32.120  31.693974     2.5694      7.314   238.6120 2.2310e+02     2.6031      1.743      2.528    24.3468   997.2368 0.0000e+00
      1.779      0.003     3.4204     58.489     32.114  31.687054     2.5964      7.314   238.3986 2.2865e+02     2.6313      1.745      2.531    24.3416   997.2379 0.0000e+00
      1.780      0.003     3.4251     58.382     32.109  31.680569     2.6420      7.315   238.7421 2.2617e+02     2.5809      1.746      2.532    24.3376   997.2389 0.0000e+00
      1.781      0.002     3.4288     58.242     32.108  31.679000     2.6815      7.315   239.1524 2.2587e+02     2.5430      1.746      2.532    24.3343   997.2398 0.0000e+00
      1.782      0.002     3.4281     58.089     32.099  31.668089     2.6926      7.314   239.2299 2.3175e+02     2.5850      1.747      2.534    24.3312   997.2406 0.0000e+00
      1.782      0.001     3.4248     57.929     32.109  31.675520     2.6820      7.313   238.8176 2.2796e+02     2.6084      1.747      2.534    24.3288   997.2412 0.0000e+00
      1.781      0.001     3.4184     57.768     32.141  31.705406     2.6862      7.313   238.2106 2.2201e+02     2.5849      1.747      2.534    24.3273   997.2415 0.0000e+00
      1.781      0.000     3.4095     57.641     32.150  31.712222     2.7049      7.314   237.9144 2.2031e+02     2.5756      1.747      2.534    24.3262   997.2418 0.0000e+00
      1.782 1.8783e-08     3.4009     57.561     32.134  31.694481     2.7172      7.313   237.9036 2.1726e+02     2.5985      1.747      2.534    24.3235   997.2425 0.0000e+00
      1.782 2.0661e-07     3.3917     57.476     32.123  31.681229     2.7405      7.313   238.0796 2.1966e+02     2.6225      1.747      2.534    24.3196   997.2435 0.0000e+00
      1.782 2.0661e-07     3.3818     57.363     32.123  31.678881     2.7860      7.314   238.4076 2.2078e+02     2.6599      1.748      2.535    24.3163   997.2443 0.0000e+00
      1.782 1.8783e-08     3.3733     57.273     32.113  31.666082     2.8375      7.314   238.5144 2.1416e+02     2.7410      1.747      2.534    24.3132   997.2451 0.0000e+00
      1.782 1.7075e-09     3.3711     57.249     32.103  31.653370     2.8582      7.314   238.2520 2.1363e+02     2.7785      1.747      2.534    24.3099   997.2459 0.0000e+00
      1.782 1.5523e-10     3.3670     57.295     32.108  31.652061     2.8736      7.313   237.9029 2.2170e+02     2.7706      1.747      2.533    24.3065   997.2467 0.0000e+00
      1.782 1.4112e-11     3.3589     57.401     32.113  31.650241     2.9378      7.312   237.8206 2.2893e+02     2.7831      1.747      2.534    24.3035   997.2475 0.0000e+00
      1.782 1.2829e-12     3.3526     57.519     32.100  31.631356     3.0245      7.312   237.8586 2.2913e+02     2.7918      1.747      2.534    24.2999   997.2484 0.0000e+00
      1.782 1.1663e-13     3.3524     57.666     32.087  31.614053     3.0730      7.312   237.8469 2.2389e+02     2.8416      1.747      2.534    24.2946   997.2497 0.0000e+00
      1.782 1.0602e-14     3.3545     57.891     32.109  31.631357     3.0765      7.313   238.1089 2.2087e+02     2.8703      1.747      2.534    24.2849   997.2521 0.0000e+00
      1.782 9.6398e-16     3.3639     58.104     32.134  31.650233     3.0945      7.313   238.5309 2.2135e+02     2.7610      1.747      2.534    24.2722   997.2554 0.0000e+00
      1.782 8.9061e-17     3.3715     58.244     32.139  31.651950     3.1392      7.313   238.6475 2.1806e+02     2.6190      1.747      2.534    24.2641   997.2573 0.0000e+00
      1.782 2.3766e-17     3.3762     58.333     32.143  31.652107     3.1590      7.313   238.5720 2.1731e+02     2.5606      1.748      2.535    24.2588   997.2586 0.0000e+00
      1.782 1.7452e-16     3.3950     58.393     32.146  31.652122     3.1523      7.313   238.3935 2.2085e+02     2.5703      1.747      2.534    24.2509   997.2606 0.0000e+00
      1.782 1.9118e-15     3.4087     58.432     32.148  31.652124     3.1159      7.313   238.2090 2.2145e+02     2.5986      1.748      2.535    24.2418   997.2629 0.0000e+00
      1.781 2.1030e-14     3.4161     58.445     32.151  31.652132     3.0618      7.313   238.5790 2.2390e+02     2.6280      1.747      2.534    24.2349   997.2645 0.0000e+00
      1.781 2.3132e-13     3.4214     58.436     32.153  31.652221     3.0318      7.313   239.4251 2.2767e+02     2.6166      1.747      2.533    24.2304   997.2657 0.0000e+00
      1.782 2.5446e-12     3.4247     58.394     32.156  31.653194     3.0116      7.312   239.8358 2.3057e+02     2.5639      1.747      2.534    24.2264   997.2667 0.0000e+00
