Data/DataNotYetUploadedToEDI/Raw_CTD/RawDownloads/071320_fcr50_c.cnv
* Sea-Bird SBE19plus  Data File:
* FileName = C:\DATA\071320_fcr50_0003.hex
* Software version 2.8.0.119
* Temperature SN = 7809
* Conductivity SN = 7809
* System UpLoad Time = Jul 13 2020 11:27:28
* <ApplicationData>
* <Seaterm232>
# nquan = 16
# nvalues = 2268                        
# units = specified
# name 0 = depFM: Depth [fresh water, m]
# name 1 = dz/dtM: Descent Rate [m/s]
# name 2 = sbeox0ML/L: Oxygen, SBE 43 [ml/l]
# name 3 = sbeox0PS: Oxygen, SBE 43 [% saturation]
# name 4 = specc: Specific Conductance [uS/cm]
# name 5 = c0uS/cm: Conductivity [uS/cm]
# name 6 = flECO-AFL: Fluorescence, WET Labs ECO-AFL/FL [mg/m^3]
# name 7 = ph: pH
# name 8 = orp: Oxidation Reduction Potential [mV]
# name 9 = par/sat/log: PAR/Logarithmic, Satlantic
# name 10 = turbWETntu0: Turbidity, WET Labs ECO [NTU]
# name 11 = prdM: Pressure, Strain Gauge [db]
# name 12 = prdE: Pressure, Strain Gauge [psi]
# name 13 = tv290C: Temperature [ITS-90, deg C]
# name 14 = density00: Density [density, kg/m^3]
# name 15 = flag:  0.000e+00
# span 0 =     -0.688,      9.681       
# span 1 =     -0.629,      0.283       
# span 2 =     0.0310,     7.8434       
# span 3 =      0.440,    122.884       
# span 4 =      0.494,    326.975       
# span 5 =   0.470984, 232.771611       
# span 6 =    -2.4742,   259.9455       
# span 7 =      6.030,      9.059       
# span 8 =  -774.1502,  1214.0934       
# span 9 = 1.2347e-01, 2.2012e+03       
# span 10 =    -9.5894,   322.9265      
# span 11 =     -0.675,      9.493      
# span 12 =     -0.979,     13.769      
# span 13 =    10.3246,    26.1393      
# span 14 =   996.7657,   999.8178      
# span 15 = 0.0000e+00, 0.0000e+00      
# interval = seconds: 0.25
# start_time = Jul 12 2020 22:08:51 [Instrument's time stamp, header]
# bad_flag = -9.990e-29
*END*
[from data line 452]
      0.086 1.8781e-08     3.6289     63.333     31.899  32.601082     1.0270      7.377   223.1642 1.3194e+03     1.4141      0.084      0.122    26.0987   996.7766 0.0000e+00
      0.086 2.0660e-07     3.6169     63.249     31.899  32.601178     1.0694      7.377   223.6328 1.0795e+03     1.4384      0.084      0.122    26.0978   996.7768 0.0000e+00
      0.086 2.0660e-07     3.6063     63.179     31.900  32.602332     1.1436      7.377   223.7843 8.9191e+02     1.5947      0.084      0.122    26.0973   996.7769 0.0000e+00
      0.086 1.8781e-08     3.5959     63.093     31.913  32.615029     1.1896      7.378   223.5342 9.5529e+02     1.7248      0.084      0.122    26.0961   996.7773 0.0000e+00
      0.086 1.7074e-09     3.5875     63.008     31.925  32.627813     1.1866      7.378   223.3612 8.8950e+02     1.7411      0.084      0.121    26.0945   996.7778 0.0000e+00
      0.086 1.5522e-10     3.5840     62.941     31.927  32.630007     1.1363      7.378   223.3280 7.6947e+02     1.6878      0.085      0.123    26.0937   996.7780 0.0000e+00
      0.086 1.4112e-11     3.5812     62.882     31.938  32.641552     1.0681      7.378   223.3906 7.5294e+02     1.6646      0.085      0.123    26.0938   996.7779 0.0000e+00
      0.086 1.2924e-12     3.5752     62.836     31.938  32.640512     1.0300      7.379   223.6021 7.1333e+02     1.7003      0.084      0.122    26.0938   996.7779 0.0000e+00
      0.086 2.2176e-13     3.5700     62.808     31.917  32.617432     1.0181      7.379   223.8204 6.2063e+02     1.7081      0.084      0.122    26.0939   996.7779 0.0000e+00
      0.086 1.1671e-12     3.5668     62.772     31.916  32.616279     1.0103      7.380   223.8788 7.9939e+02     1.6213      0.084      0.122    26.0941   996.7778 0.0000e+00
      0.086 1.2723e-11     3.5634     62.712     31.926  32.626565     0.9928      7.380   223.7913 1.0749e+03     1.5088      0.084      0.122    26.0937   996.7780 0.0000e+00
      0.086 1.3994e-10     3.5602     62.651     31.915  32.614916     0.9787      7.379   223.7093 9.1552e+02     1.4816      0.084      0.122    26.0930   996.7781 0.0000e+00
      0.086 1.5394e-09     3.5597     62.621     31.903  32.602322     0.9730      7.379   223.6615 6.3664e+02     1.4645      0.085      0.123    26.0917   996.7785 0.0000e+00
      0.087 1.6933e-08     3.5582     62.624     31.902  32.601177     0.9616      7.380   223.6443 6.3636e+02     1.4388      0.085      0.124    26.0909   996.7787 0.0000e+00
      0.087 1.8626e-07     3.5540     62.614     31.902  32.601073     0.9652      7.380   223.7596 8.9356e+02     1.4444      0.085      0.124    26.0903   996.7788 0.0000e+00
      0.087 1.8613e-07     3.5500     62.564     31.903  32.601063     0.9978      7.381   224.0231 1.1399e+03     1.4298      0.085      0.123    26.0895   996.7790 0.0000e+00
      0.087 1.5382e-08     3.5480     62.521     31.903  32.601062     1.0315      7.381   224.0769 9.8903e+02     1.4344      0.084      0.122    26.0894   996.7791 0.0000e+00
      0.087 -1.400e-10     3.5494     62.505     31.902  32.601062     1.0386      7.381   223.7215 6.5411e+02     1.4654      0.085      0.123    26.0895   996.7790 0.0000e+00
      0.086 -1.540e-09     3.5501     62.467     31.902  32.601063     1.0365      7.381   223.4257 5.1298e+02     1.4616      0.084      0.122    26.0892   996.7791 0.0000e+00
      0.086 -1.694e-08     3.5454     62.397     31.902  32.601071     1.0630      7.381   223.4261 4.9085e+02     1.4567      0.085      0.123    26.0885   996.7793 0.0000e+00
      0.086 -1.863e-07     3.5421     62.316     31.902  32.601161     1.1011      7.381   223.8120 4.3587e+02     1.4747      0.085      0.123    26.0884   996.7794 0.0000e+00
      0.086 -1.863e-07     3.5436     62.236     31.903  32.602149     1.1166      7.380   224.3918 3.9704e+02     1.4733      0.084      0.122    26.0892   996.7792 0.0000e+00
      0.086 -1.693e-08     3.5409     62.174     31.914  32.613018     1.1073      7.380   224.4999 3.9427e+02     1.4753      0.085      0.123    26.0894   996.7791 0.0000e+00
      0.086 -1.539e-09     3.5363     62.132     31.907  32.605687     1.0928      7.380   224.3440 4.0440e+02     1.4979      0.085      0.123    26.0893   996.7791 0.0000e+00
      0.086 -1.400e-10     3.5316     62.050     31.879  32.576952     1.0939      7.379   224.2279 5.3308e+02     1.5060      0.085      0.123    26.0895   996.7791 0.0000e+00
      0.086 -1.272e-11     3.5271     61.918     31.886  32.582824     1.0928      7.379   224.1289 6.2505e+02     1.4707      0.085      0.123    26.0892   996.7791 0.0000e+00
      0.086 -1.113e-12     3.5225     61.814     31.916  32.613244     1.0792      7.379   224.5233 5.2315e+02     1.4152      0.085      0.123    26.0891   996.7792 0.0000e+00
      0.086 3.7853e-13     3.5222     61.726     31.930  32.627522     1.0725      7.379   225.2103 4.4455e+02     1.3835      0.084      0.122    26.0889   996.7792 0.0000e+00
      0.087 5.3110e-12     3.5190     61.611     31.931  32.628561     1.0779      7.379   225.3813 3.8045e+02     1.3956      0.085      0.123    26.0878   996.7795 0.0000e+00
      0.087 5.8525e-11     3.5073     61.486     31.928  32.625810     1.0869      7.379   225.2133 2.6155e+02     1.4594      0.085      0.123    26.0868   996.7798 0.0000e+00
      0.087 6.4378e-10     3.5032     61.393     31.898  32.594255     1.0864      7.379   224.9865 2.3093e+02     1.4683      0.084      0.122    26.0863   996.7799 0.0000e+00
      0.087 7.0816e-09     3.4994     61.361     31.869  32.564263     1.0716      7.379   224.6180 2.9453e+02     1.3998      0.085      0.123    26.0861   996.7800 0.0000e+00
      0.086 7.7898e-08     3.4922     61.384     31.884  32.580413     1.0608      7.378   224.7152 3.2758e+02     1.3867      0.085      0.123    26.0859   996.7800 0.0000e+00
      0.086 8.5688e-07     3.4842     61.405     31.902  32.599184     1.0703      7.377   225.3881 2.8926e+02     1.4470      0.085      0.123    26.0853   996.7802 0.0000e+00
      0.086      0.000     3.4784     61.387     31.903  32.600876     1.0534      7.377   225.6984 2.5771e+02     1.5451      0.084      0.122    26.0844   996.7804 0.0000e+00
      0.086      0.000     3.4765     61.343     31.902  32.600873     0.9900      7.378   225.5410 2.6895e+02     1.6466      0.084      0.122    26.0843   996.7804 0.0000e+00
      0.086      0.001     3.4792     61.289     31.900  32.599157     0.9517      7.379   225.3784 3.2327e+02     1.6783      0.084      0.122    26.0858   996.7800 0.0000e+00
      0.086      0.003     3.4815     61.240     31.882  32.580126     0.9537      7.379   225.1944 3.0706e+02     1.6888      0.084      0.122    26.0870   996.7797 0.0000e+00
      0.086      0.003     3.4793     61.205     31.863  32.561105     0.9660      7.378   225.2095 2.2113e+02     1.7035      0.085      0.123    26.0883   996.7793 0.0000e+00
      0.087      0.003     3.4767     61.180     31.861  32.559518     1.0046      7.378   225.5609 2.0776e+02     1.6850      0.085      0.124    26.0897   996.7790 0.0000e+00
      0.090      0.003     3.4733     61.162     31.862  32.560937     1.0581      7.378   225.8296 1.9897e+02     1.6714      0.088      0.128    26.0896   996.7791 0.0000e+00
      0.091      0.004     3.4702     61.161     31.879  32.578260     1.0796      7.378   225.7055 1.4633e+02     1.6417      0.090      0.131    26.0894   996.7791 0.0000e+00
      0.091      0.009     3.4687     61.197     31.880  32.578634     1.0831      7.378   225.5234 1.2631e+02     1.6352      0.090      0.130    26.0900   996.7789 0.0000e+00
      0.091      0.025     3.4668     61.345     31.867  32.565454     1.0997      7.373   226.1229 1.3057e+02     1.6608      0.089      0.129    26.0903   996.7788 0.0000e+00
      0.091      0.058     3.4662     61.797     31.908  32.609239     1.1273      7.364   227.6189 1.1895e+02     1.6425      0.090      0.130    26.0903   996.7788 0.0000e+00
      0.095      0.110     3.4652     62.687     31.958  32.663910     1.1500      7.356   228.8135 1.1449e+02     1.6195      0.089      0.129    26.0903   996.7788 0.0000e+00
      0.114      0.168     3.4673     64.049     31.947  32.655464     1.1454      7.354   229.0373 1.1535e+02     1.6227      0.102      0.149    26.0894   996.7791 0.0000e+00
      0.162      0.214     3.4705     66.115     31.923  32.634005     1.1383      7.355   229.2053 1.0045e+02     1.6467      0.145      0.210    26.0887   996.7795 0.0000e+00
      0.247      0.246     3.4916     69.172     31.947  32.658254     1.1505      7.354   229.8985 8.9359e+01     1.6703      0.229      0.331    26.0917   996.7791 0.0000e+00
      0.355      0.269     3.5454     73.144     31.982  32.694868     1.1503      7.349   230.5364 9.2622e+01     1.6674      0.360      0.522    26.0970   996.7783 0.0000e+00
      0.439      0.283     3.6155     77.561     31.981  32.696012     1.1355      7.344   230.4649 1.0305e+02     1.6799      0.452      0.656    26.1038   996.7769 0.0000e+00
      0.484      0.281     3.7241     81.827     31.956  32.672091     1.1051      7.344   229.9800 1.4850e+02     1.7187      0.471      0.685    26.1084   996.7757 0.0000e+00
      0.529      0.259     3.8986     85.434     31.944  32.659422     1.0593      7.347   229.9225 2.1063e+02     1.7257      0.503      0.730    26.1074   996.7762 0.0000e+00
      0.605      0.226     4.1351     88.115     31.955  32.669728     1.0303      7.350   230.1131 2.1111e+02     1.6616      0.586      0.850    26.1079   996.7764 0.0000e+00
      0.694      0.193     4.3969     89.768     31.955  32.669804     1.0208      7.353   230.1338 1.7386e+02     1.5959      0.693      1.006    26.1118   996.7759 0.0000e+00
      0.756      0.159     4.6496     90.292     31.946  32.660347     1.0400      7.356   230.0865 1.6932e+02     1.6517      0.759      1.100    26.1148   996.7754 0.0000e+00
      0.779      0.119     4.8589     89.727     31.968  32.682273     1.0819      7.360   229.8861 1.8423e+02     1.7532      0.769      1.114    26.1149   996.7754 0.0000e+00
      0.784      0.073     5.0107     88.378     31.968  32.681118     1.1080      7.363   229.6032 2.0965e+02     1.7582      0.769      1.115    26.1131   996.7759 0.0000e+00
      0.786      0.035     5.1085     86.620     31.935  32.646389     1.1079      7.365   229.5917 2.3147e+02     1.7122      0.771      1.119    26.1128   996.7759 0.0000e+00
      0.789      0.014     5.1379     84.705     31.933  32.643042     1.0890      7.366   229.8327 2.0278e+02     1.6780      0.774      1.122    26.1126   996.7760 0.0000e+00
      0.791      0.007     5.0989     82.810     31.932  32.640649     1.0799      7.367   230.1087 1.6593e+02     1.6185      0.776      1.125    26.1111   996.7765 0.0000e+00
      0.793      0.005     5.0137     81.038     31.911  32.617457     1.0932      7.368   230.3476 1.6323e+02     1.5083      0.778      1.127    26.1088   996.7771 0.0000e+00
      0.794      0.003     4.9107     79.392     31.911  32.616407     1.1062      7.370   230.1393 1.6606e+02     1.4439      0.779      1.129    26.1065   996.7776 0.0000e+00
      0.794      0.002     4.7987     77.903     31.923  32.627951     1.1039      7.370   229.5696 1.6393e+02     1.4580      0.778      1.129    26.1044   996.7782 0.0000e+00
      0.794      0.001     4.6885     76.612     31.926  32.630146     1.0949      7.371   229.3963 1.6280e+02     1.5069      0.779      1.130    26.1027   996.7787 0.0000e+00
      0.794      0.001     4.5899     75.505     31.939  32.642938     1.0927      7.372   229.6784 1.6339e+02     1.6235      0.778      1.129    26.1011   996.7791 0.0000e+00
      0.794      0.001     4.4958     74.563     31.953  32.655730     1.0868      7.373   230.1407 1.7989e+02     1.7340      0.778      1.128    26.0993   996.7796 0.0000e+00
      0.794      0.001     4.4097     73.762     31.957  32.657915     1.0806      7.373   230.5117 1.9425e+02     1.7444      0.779      1.129    26.0978   996.7799 0.0000e+00
      0.794      0.001     4.3382     73.071     31.969  32.669357     1.0839      7.373   230.2931 1.7703e+02     1.6464      0.779      1.130    26.0963   996.7804 0.0000e+00
      0.794      0.002     4.2752     72.480     31.968  32.667174     1.0891      7.374   229.6484 1.7531e+02     1.5112      0.779      1.130    26.0947   996.7808 0.0000e+00
      0.795      0.003     4.2228     71.987     31.933  32.631519     1.0949      7.375   229.4279 1.9390e+02     1.4491      0.779      1.130    26.0926   996.7814 0.0000e+00
      0.796      0.003     4.1782     71.544     31.922  32.618935     1.0967      7.374   229.7782 1.8176e+02     1.4442      0.781      1.132    26.0910   996.7818 0.0000e+00
      0.797      0.003     4.1394     71.092     31.945  32.641911     1.0927      7.374   230.2701 1.5656e+02     1.4866      0.781      1.133    26.0893   996.7822 0.0000e+00
      0.798      0.003     4.1056     70.649     31.959  32.655534     1.0932      7.375   230.5574 1.5052e+02     1.5840      0.783      1.136    26.0878   996.7826 0.0000e+00
      0.800      0.003     4.0786     70.242     31.961  32.656763     1.1037      7.375   230.4123 1.6409e+02     1.6608      0.785      1.138    26.0867   996.7829 0.0000e+00
      0.800      0.002     4.0560     69.882     31.961  32.656771     1.1145      7.375   230.0647 1.7634e+02     1.6934      0.785      1.138    26.0855   996.7832 0.0000e+00
      0.800      0.002     4.0288     69.559     31.960  32.655628     1.1094      7.375   229.9681 1.6725e+02     1.7042      0.785      1.138    26.0846   996.7835 0.0000e+00
      0.800      0.001     4.0036     69.206     31.947  32.642939     1.0895      7.376   230.1047 1.5628e+02     1.6879      0.785      1.138    26.0836   996.7837 0.0000e+00
      0.800      0.000     3.9807     68.809     31.935  32.630248     1.0845      7.377   230.2542 1.5373e+02     1.6685      0.784      1.138    26.0826   996.7840 0.0000e+00
      0.800 1.9285e-08     3.9595     68.409     31.934  32.629070     1.0957      7.377   230.4844 1.5327e+02     1.7090      0.785      1.138    26.0822   996.7842 0.0000e+00
      0.800 2.1214e-07     3.9438     68.002     31.934  32.628705     1.0914      7.377   230.6510 1.5399e+02     1.7315      0.785      1.138    26.0825   996.7841 0.0000e+00
      0.800 2.4573e-07     3.9241     67.572     31.931  32.625827     1.0800      7.377   230.6331 1.5483e+02     1.5971      0.785      1.138    26.0824   996.7841 0.0000e+00
      0.800 4.2540e-07     3.8995     67.137     31.901  32.594271     1.0824      7.377   230.6129 1.5818e+02     1.4572      0.785      1.138    26.0820   996.7842 0.0000e+00
      0.800      0.000     3.8778     66.729     31.872  32.564391     1.1004      7.377   230.6649 1.6274e+02     1.4479      0.785      1.138    26.0816   996.7843 0.0000e+00
      0.800      0.000     3.8554     66.378     31.888  32.581790     1.1175      7.377   230.7462 1.6289e+02     1.4504      0.785      1.138    26.0809   996.7845 0.0000e+00
      0.800      0.001     3.8299     66.061     31.920  32.614300     1.1076      7.378   230.8215 1.5805e+02     1.4193      0.785      1.139    26.0808   996.7845 0.0000e+00
      0.800      0.001     3.8052     65.756     31.946  32.640230     1.0859      7.379   230.8863 1.5853e+02     1.4151      0.785      1.138    26.0805   996.7846 0.0000e+00
      0.801      0.000     3.7808     65.481     31.947  32.641529     1.0749      7.380   230.9279 1.6373e+02     1.4339      0.786      1.139    26.0801   996.7847 0.0000e+00
      0.801 5.6035e-08     3.7617     65.215     31.936  32.630008     1.0791      7.380   230.8937 1.6622e+02     1.4406      0.785      1.139    26.0808   996.7845 0.0000e+00
      0.801 6.1639e-07     3.7450     64.936     31.934  32.627817     1.0888      7.380   230.7310 1.6950e+02     1.4964      0.786      1.140    26.0813   996.7844 0.0000e+00
