Data/DataNotYetUploadedToEDI/Raw_CTD/RawDownloads/071320_fcr50_secondDownload_0002.cnv
* Sea-Bird SBE19plus  Data File:
* FileName = C:\DATA\071320_fcr50_secondDownload_0002.hex
* Software version 2.8.0.119
* Temperature SN = 7809
* Conductivity SN = 7809
* System UpLoad Time = Jul 13 2020 14:10:02
* <ApplicationData>
* <Seaterm232>
# nquan = 16
# nvalues = 1513                        
# units = specified
# name 0 = depFM: Depth [fresh water, m]
# name 1 = dz/dtM: Descent Rate [m/s]
# name 2 = sbeox0ML/L: Oxygen, SBE 43 [ml/l]
# name 3 = sbeox0PS: Oxygen, SBE 43 [% saturation]
# name 4 = specc: Specific Conductance [uS/cm]
# name 5 = c0uS/cm: Conductivity [uS/cm]
# name 6 = flECO-AFL: Fluorescence, WET Labs ECO-AFL/FL [mg/m^3]
# name 7 = ph: pH
# name 8 = orp: Oxidation Reduction Potential [mV]
# name 9 = par/sat/log: PAR/Logarithmic, Satlantic
# name 10 = turbWETntu0: Turbidity, WET Labs ECO [NTU]
# name 11 = prdM: Pressure, Strain Gauge [db]
# name 12 = prdE: Pressure, Strain Gauge [psi]
# name 13 = tv290C: Temperature [ITS-90, deg C]
# name 14 = density00: Density [density, kg/m^3]
# name 15 = flag:  0.000e+00
# span 0 =     -0.690,      2.904       
# span 1 =     -3.857,      4.242       
# span 2 =     2.4316,     7.6359       
# span 3 =     37.905,    122.088       
# span 4 =      1.903,     38.720       
# span 5 =   1.833225,  33.133811       
# span 6 =    -3.4429,   259.8640       
# span 7 =      6.693,      8.603       
# span 8 = -1240.7455,  1240.2295       
# span 9 = 6.5768e+01, 1.6917e+03       
# span 10 =    -9.7236,   962.4675      
# span 11 =     -0.677,      2.848      
# span 12 =     -0.983,      4.131      
# span 13 =    15.9031,    25.6982      
# span 14 =   996.8856,   998.9879      
# span 15 = 0.0000e+00, 0.0000e+00      
# interval = seconds: 0.25
# start_time = Jul 12 2020 21:14:04 [Instrument's time stamp, header]
# bad_flag = -9.990e-29
*END*
[from data line 452]
      1.739      0.001     4.1602     71.081     32.173  32.124568     1.3594      7.304   230.8838 2.3215e+02     1.6065      1.706      2.474    24.9166   997.0926 0.0000e+00
      1.740      0.001     4.1458     70.989     32.173  32.124682     1.3869      7.304   231.7008 2.2928e+02     1.5936      1.706      2.474    24.9169   997.0924 0.0000e+00
      1.740      0.001     4.1331     70.923     32.156  32.107210     1.3862      7.304   231.8970 2.2367e+02     1.6126      1.707      2.476    24.9171   997.0924 0.0000e+00
      1.740      0.000     4.1210     70.867     32.152  32.103659     1.3796      7.303   231.5355 2.2897e+02     1.6296      1.707      2.476    24.9175   997.0923 0.0000e+00
      1.739     -0.001     4.1154     70.769     32.192  32.145186     1.3834      7.303   231.1152 2.3752e+02     1.5936      1.706      2.474    24.9176   997.0923 0.0000e+00
      1.739     -0.001     4.1101     70.647     32.212  32.165205     1.3944      7.303   231.0319 2.4239e+02     1.5202      1.706      2.474    24.9181   997.0921 0.0000e+00
      1.739     -0.001     4.1052     70.509     32.201  32.155370     1.4068      7.304   231.3879 2.4518e+02     1.4292      1.705      2.473    24.9191   997.0919 0.0000e+00
      1.738     -0.001     4.1051     70.341     32.199  32.153162     1.4095      7.305   231.8929 2.4293e+02     1.3519      1.705      2.472    24.9198   997.0917 0.0000e+00
      1.738     -0.001     4.0974     70.165     32.184  32.138506     1.4078      7.305   232.1465 2.3726e+02     1.3064      1.705      2.472    24.9206   997.0915 0.0000e+00
      1.738      0.000     4.0900     69.957     32.150  32.105062     1.4143      7.305   232.0457 2.3340e+02     1.3943      1.705      2.472    24.9221   997.0911 0.0000e+00
      1.738 -1.849e-08     4.0837     69.697     32.110  32.066022     1.4118      7.305   231.8784 2.3188e+02     1.5561      1.705      2.473    24.9233   997.0908 0.0000e+00
      1.738 -2.034e-07     4.0717     69.419     32.091  32.047143     1.3970      7.305   231.7581 2.3262e+02     1.5804      1.704      2.472    24.9236   997.0907 0.0000e+00
      1.739 -1.880e-07     4.0630     69.126     32.111  32.067140     1.3974      7.306   231.6243 2.3182e+02     1.5513      1.705      2.472    24.9243   997.0906 0.0000e+00
      1.739 1.6735e-07     4.0518     68.821     32.161  32.117462     1.4744      7.306   231.6363 2.3480e+02     1.5814      1.705      2.473    24.9248   997.0904 0.0000e+00
      1.739 3.3927e-07     4.0348     68.541     32.191  32.148015     1.6124      7.305   231.8180 2.3793e+02     1.6014      1.705      2.473    24.9248   997.0904 0.0000e+00
      1.738 1.8583e-07     4.0193     68.302     32.162  32.119332     1.6735      7.305   231.9282 2.3502e+02     1.5866      1.705      2.472    24.9255   997.0902 0.0000e+00
      1.738 1.6896e-08     4.0023     68.062     32.131  32.087884     1.6608      7.306   231.9362 2.3711e+02     1.5745      1.704      2.472    24.9264   997.0900 0.0000e+00
      1.738 1.5637e-09     3.9838     67.808     32.128  32.085011     1.6488      7.307   231.9147 2.3791e+02     1.5918      1.705      2.473    24.9265   997.0900 0.0000e+00
      1.738 4.4751e-10     3.9663     67.556     32.128  32.084594     1.6343      7.308   231.6680 2.3842e+02     1.6238      1.705      2.472    24.9268   997.0899 0.0000e+00
      1.739 3.3995e-09     3.9546     67.268     32.126  32.082840     1.6281      7.309   231.3631 2.4912e+02     1.6538      1.705      2.473    24.9275   997.0897 0.0000e+00
      1.739 3.7256e-08     3.9410     66.942     32.107  32.063806     1.6207      7.309   231.4114 2.5484e+02     1.6458      1.705      2.473    24.9273   997.0898 0.0000e+00
      1.739 4.0981e-07     3.9245     66.600     32.087  32.044786     1.6025      7.309   231.5627 2.5064e+02     1.5947      1.705      2.472    24.9270   997.0899 0.0000e+00
      1.739      0.000     3.9123     66.231     32.085  32.043213     1.5790      7.310   231.6444 2.5093e+02     1.5856      1.705      2.473    24.9270   997.0898 0.0000e+00
      1.738      0.000     3.8952     65.842     32.087  32.044787     1.5566      7.311   231.7111 2.4307e+02     1.6036      1.705      2.472    24.9271   997.0898 0.0000e+00
      1.738      0.001     3.8749     65.457     32.106  32.063820     1.5507      7.312   231.5085 2.2713e+02     1.6065      1.705      2.472    24.9273   997.0898 0.0000e+00
      1.739      0.001     3.8565     65.094     32.125  32.082994     1.5365      7.312   231.1735 2.2358e+02     1.6205      1.705      2.473    24.9277   997.0897 0.0000e+00
      1.739      0.001     3.8345     64.783     32.128  32.086284     1.4901      7.312   231.1027 2.3438e+02     1.6361      1.706      2.474    24.9281   997.0896 0.0000e+00
      1.739      0.001     3.8112     64.503     32.145  32.103602     1.4571      7.311   231.1687 2.4632e+02     1.6584      1.706      2.474    24.9286   997.0894 0.0000e+00
      1.740      0.001     3.7893     64.236     32.143  32.102058     1.4706      7.310   231.2842 2.4132e+02     1.6495      1.706      2.474    24.9289   997.0894 0.0000e+00
      1.740      0.001     3.7667     64.006     32.108  32.067610     1.4819      7.310   231.4661 2.3310e+02     1.5974      1.707      2.475    24.9293   997.0893 0.0000e+00
      1.741      0.001     3.7496     63.823     32.107  32.067766     1.4512      7.311   231.3882 2.4151e+02     1.5770      1.707      2.476    24.9297   997.0892 0.0000e+00
      1.741      0.001     3.7343     63.662     32.142  32.103945     1.4141      7.312   231.1175 2.4907e+02     1.6085      1.707      2.476    24.9303   997.0890 0.0000e+00
      1.741      0.001     3.7173     63.510     32.161  32.124384     1.4141      7.313   231.0315 2.3763e+02     1.6350      1.707      2.476    24.9311   997.0888 0.0000e+00
      1.741      0.000     3.7041     63.379     32.160  32.124550     1.4232      7.313   231.0370 2.2692e+02     1.6240      1.707      2.476    24.9316   997.0887 0.0000e+00
      1.741 1.8628e-08     3.6940     63.271     32.140  32.105946     1.4095      7.313   231.0983 2.2766e+02     1.6115      1.707      2.476    24.9332   997.0883 0.0000e+00
      1.741 2.0491e-07     3.6849     63.165     32.122  32.089786     1.4013      7.313   231.1712 2.2377e+02     1.6221      1.707      2.476    24.9358   997.0876 0.0000e+00
      1.741 2.0497e-07     3.6756     63.028     32.151  32.119504     1.4094      7.313   231.0579 2.1932e+02     1.6488      1.708      2.477    24.9373   997.0873 0.0000e+00
      1.741 1.9305e-08     3.6676     62.858     32.178  32.148044     1.4121      7.313   230.9322 2.2041e+02     1.6601      1.708      2.477    24.9386   997.0869 0.0000e+00
      1.741 9.1414e-09     3.6617     62.667     32.147  32.117632     1.4056      7.313   230.9418 2.2138e+02     1.6208      1.708      2.477    24.9409   997.0863 0.0000e+00
      1.741 8.2082e-08     3.6564     62.437     32.098  32.069024     1.3973      7.313   231.0028 2.2101e+02     1.5860      1.708      2.477    24.9431   997.0857 0.0000e+00
      1.742 9.0122e-07     3.6486     62.167     32.097  32.067894     1.3982      7.314   231.0671 2.2557e+02     1.6177      1.708      2.477    24.9449   997.0852 0.0000e+00
      1.742      0.000     3.6375     61.882     32.132  32.103969     1.4070      7.315   231.1176 2.3032e+02     1.6605      1.708      2.477    24.9463   997.0850 0.0000e+00
      1.741      0.000     3.6277     61.618     32.152  32.124538     1.4265      7.315   231.0969 2.2344e+02     1.6561      1.708      2.477    24.9476   997.0846 0.0000e+00
      1.741      0.001     3.6138     61.380     32.154  32.126253     1.4531      7.314   231.1602 2.1411e+02     1.5992      1.707      2.476    24.9489   997.0842 0.0000e+00
      1.741      0.003     3.5980     61.146     32.152  32.124707     1.4620      7.313   231.3663 2.0713e+02     1.5564      1.708      2.477    24.9498   997.0840 0.0000e+00
      1.742      0.005     3.5804     60.967     32.133  32.105845     1.4672      7.311   231.4387 2.0167e+02     1.5852      1.708      2.478    24.9505   997.0838 0.0000e+00
      1.743      0.007     3.5643     60.927     32.115  32.088530     1.4784      7.309   231.3472 2.0060e+02     1.6386      1.708      2.478    24.9511   997.0837 0.0000e+00
      1.746      0.007     3.5527     61.105     32.131  32.105676     1.4819      7.307   231.2916 2.0003e+02     1.6529      1.711      2.482    24.9513   997.0837 0.0000e+00
      1.750      0.007     3.5369     61.545     32.148  32.122821     1.4724      7.307   231.2830 1.9757e+02     1.6199      1.718      2.492    24.9511   997.0838 0.0000e+00
      1.753      0.006     3.5251     62.185     32.130  32.105505     1.4585      7.308   231.3295 1.9625e+02     1.5837      1.719      2.494    24.9520   997.0836 0.0000e+00
      1.753      0.005     3.5209     62.885     32.111  32.086641     1.4574      7.308   231.5090 1.9578e+02     1.5572      1.719      2.493    24.9533   997.0832 0.0000e+00
      1.753      0.002     3.5299     63.548     32.109  32.085081     1.4584      7.308   231.6473 1.9367e+02     1.5397      1.720      2.494    24.9540   997.0830 0.0000e+00
      1.753      0.000     3.5563     64.081     32.111  32.086640     1.4520      7.309   231.7106 1.9077e+02     1.5447      1.719      2.494    24.9551   997.0828 0.0000e+00
      1.753 4.2505e-08     3.5976     64.389     32.130  32.105490     1.4563      7.310   231.8446 1.8906e+02     1.5832      1.719      2.493    24.9557   997.0826 0.0000e+00
      1.753 4.6755e-07     3.6395     64.495     32.148  32.122650     1.4622      7.311   231.8051 1.9040e+02     1.6268      1.719      2.494    24.9557   997.0826 0.0000e+00
      1.753 4.6755e-07     3.6790     64.461     32.129  32.103788     1.4564      7.311   231.5768 1.9335e+02     1.6601      1.719      2.493    24.9555   997.0826 0.0000e+00
      1.753 4.2505e-08     3.7138     64.369     32.094  32.067765     1.4528      7.312   231.4935 1.9798e+02     1.6767      1.719      2.494    24.9555   997.0826 0.0000e+00
      1.753 3.8641e-09     3.7293     64.330     32.094  32.067767     1.4468      7.314   231.4856 2.0624e+02     1.6214      1.719      2.494    24.9554   997.0827 0.0000e+00
      1.753 3.5128e-10     3.7348     64.440     32.129  32.103819     1.4509      7.315   231.4825 2.0950e+02     1.5756      1.719      2.494    24.9548   997.0828 0.0000e+00
      1.753 3.1934e-11     3.7314     64.785     32.149  32.122994     1.5028      7.316   231.5417 2.0266e+02     1.6042      1.719      2.494    24.9545   997.0829 0.0000e+00
      1.753 2.9031e-12     3.7232     65.408     32.135  32.109274     1.5787      7.319   231.5132 1.9623e+02     1.6242      1.719      2.493    24.9544   997.0829 0.0000e+00
      1.754 2.6392e-13     3.7194     66.226     32.090  32.064823     1.6151      7.323   231.4812 1.9936e+02     1.6111      1.720      2.494    24.9541   997.0830 0.0000e+00
      1.754 2.3993e-14     3.7239     67.076     32.055  32.029657     1.6090      7.328   231.5862 2.1010e+02     1.5836      1.720      2.494    24.9538   997.0831 0.0000e+00
      1.754 2.1811e-15     3.7423     67.887     32.090  32.064759     1.5712      7.332   231.5778 2.1160e+02     1.5656      1.719      2.494    24.9536   997.0831 0.0000e+00
      1.754 1.9829e-16     3.7801     68.631     32.134  32.108573     1.5205      7.334   231.5514 2.0816e+02     1.5646      1.720      2.494    24.9539   997.0831 0.0000e+00
      1.754 1.8026e-17     3.8325     69.236     32.140  32.115287     1.4919      7.335   231.6968 2.1384e+02     1.5720      1.720      2.494    24.9541   997.0830 0.0000e+00
      1.753 1.6387e-18     3.8822     69.649     32.171  32.145940     1.4730      7.337   231.7873 2.1497e+02     1.5861      1.719      2.494    24.9544   997.0829 0.0000e+00
      1.753 1.4898e-19     3.9290     69.885     32.187  32.161966     1.4546      7.337   231.7857 2.1941e+02     1.5976      1.719      2.494    24.9548   997.0828 0.0000e+00
      1.753 1.3543e-20     3.9740     69.990     32.143  32.118726     1.4416      7.339   231.7632 2.2534e+02     1.6086      1.719      2.494    24.9551   997.0828 0.0000e+00
      1.753 1.2312e-21     4.0104     70.004     32.090  32.067236     1.4208      7.341   231.7736 2.1490e+02     1.6160      1.719      2.494    24.9558   997.0826 0.0000e+00
      1.753 1.1193e-22     4.0334     69.924     32.070  32.046967     1.3931      7.343   231.8255 2.1450e+02     1.6183      1.720      2.494    24.9561   997.0825 0.0000e+00
      1.753 1.0176e-23     4.0463     69.755     32.087  32.063999     1.3835      7.346   231.8744 2.2264e+02     1.6371      1.719      2.494    24.9566   997.0824 0.0000e+00
      1.753 9.2805e-25     4.0510     69.542     32.106  32.082838     1.4096      7.348   231.9340 2.1703e+02     1.6371      1.719      2.494    24.9576   997.0821 0.0000e+00
      1.754 1.1760e-25     4.0522     69.283     32.107  32.084409     1.4517      7.349   232.1160 2.1115e+02     1.6182      1.720      2.494    24.9582   997.0819 0.0000e+00
      1.754 3.7619e-25     4.0482     68.968     32.105  32.082993     1.4635      7.351   232.3548 2.1279e+02     1.6483      1.720      2.494    24.9583   997.0819 0.0000e+00
      1.754 4.0546e-24     4.0358     68.577     32.087  32.065713     1.4463      7.352   232.3259 2.1632e+02     1.6585      1.720      2.495    24.9585   997.0819 0.0000e+00
      1.754 4.4593e-23     4.0248     68.104     32.087  32.065813     1.4442      7.353   232.1963 2.1583e+02     1.6380      1.720      2.495    24.9591   997.0817 0.0000e+00
      1.754 4.9053e-22     4.0096     67.639     32.104  32.084208     1.4576      7.354   232.1652 2.1227e+02     1.6749      1.720      2.494    24.9597   997.0816 0.0000e+00
      1.754 5.3958e-21     3.9914     67.243     32.116  32.097791     1.4655      7.357   232.1217 2.1191e+02     1.6929      1.720      2.495    24.9601   997.0814 0.0000e+00
      1.754 5.9354e-20     3.9704     66.868     32.120  32.103162     1.4731      7.359   232.3584 2.1489e+02     1.6497      1.720      2.495    24.9606   997.0813 0.0000e+00
      1.754 6.5289e-19     3.9398     66.484     32.101  32.085707     1.4923      7.360   232.7895 2.2195e+02     1.6333      1.720      2.495    24.9615   997.0811 0.0000e+00
      1.754 7.1818e-18     3.9107     66.128     32.091  32.077072     1.5254      7.361   232.9467 2.2488e+02     1.6666      1.720      2.495    24.9629   997.0807 0.0000e+00
      1.754 7.9000e-17     3.8900     65.804     32.075  32.062214     1.5493      7.361   232.9687 2.1717e+02     1.7083      1.720      2.495    24.9656   997.0800 0.0000e+00
      1.754 8.6900e-16     3.8690     65.494     32.045  32.032954     1.5522      7.362   232.8834 2.1436e+02     1.6916      1.720      2.495    24.9683   997.0794 0.0000e+00
      1.754 9.5590e-15     3.8446     65.196     32.052  32.040504     1.5986      7.362   232.6898 2.1646e+02     1.7052      1.719      2.494    24.9704   997.0788 0.0000e+00
      1.754 1.0515e-13     3.8244     64.915     32.102  32.090058     1.6901      7.363   232.8646 2.1364e+02     1.8387      1.720      2.495    24.9725   997.0783 0.0000e+00
      1.754 1.1566e-12     3.8061     64.668     32.136  32.124544     1.7436      7.363   233.3631 2.0978e+02     1.9325      1.719      2.494    24.9738   997.0779 0.0000e+00
      1.754 1.2723e-11     3.7879     64.453     32.151  32.140248     1.7591      7.362   233.6398 2.0794e+02     1.9123      1.720      2.494    24.9749   997.0776 0.0000e+00
      1.754 1.3995e-10     3.7706     64.231     32.164  32.153047     1.7536      7.361   233.5435 2.1174e+02     1.8679      1.720      2.495    24.9755   997.0775 0.0000e+00
      1.754 1.5395e-09     3.7541     64.021     32.164  32.152403     1.8007      7.359   233.3171 2.1579e+02     1.9108      1.720      2.495    24.9755   997.0775 0.0000e+00
