Data/DataNotYetUploadedToEDI/Raw_CTD/RawDownloads/071320_fcr50_secondDownload_0004.cnv
* Sea-Bird SBE19plus  Data File:
* FileName = C:\DATA\071320_fcr50_secondDownload_0004.hex
* Software version 2.8.0.119
* Temperature SN = 7809
* Conductivity SN = 7809
* System UpLoad Time = Jul 13 2020 14:12:40
* <ApplicationData>
* <Seaterm232>
# nquan = 16
# nvalues = 4037                        
# units = specified
# name 0 = depFM: Depth [fresh water, m]
# name 1 = dz/dtM: Descent Rate [m/s]
# name 2 = sbeox0ML/L: Oxygen, SBE 43 [ml/l]
# name 3 = sbeox0PS: Oxygen, SBE 43 [% saturation]
# name 4 = specc: Specific Conductance [uS/cm]
# name 5 = c0uS/cm: Conductivity [uS/cm]
# name 6 = flECO-AFL: Fluorescence, WET Labs ECO-AFL/FL [mg/m^3]
# name 7 = ph: pH
# name 8 = orp: Oxidation Reduction Potential [mV]
# name 9 = par/sat/log: PAR/Logarithmic, Satlantic
# name 10 = turbWETntu0: Turbidity, WET Labs ECO [NTU]
# name 11 = prdM: Pressure, Strain Gauge [db]
# name 12 = prdE: Pressure, Strain Gauge [psi]
# name 13 = tv290C: Temperature [ITS-90, deg C]
# name 14 = density00: Density [density, kg/m^3]
# name 15 = flag:  0.000e+00
# span 0 =     -0.685,      9.707       
# span 1 =     -0.502,      4.054       
# span 2 =     0.0185,     8.3609       
# span 3 =      0.274,    138.100       
# span 4 =      1.022,    308.087       
# span 5 =   1.043970, 219.552052       
# span 6 =    -3.2528,    33.2959       
# span 7 =     -2.076,     11.673       
# span 8 = -1215.7134,  1235.1206       
# span 9 = 1.2342e-01, 3.7663e+03       
# span 10 =    -9.4652,   943.6971      
# span 11 =     -0.672,      9.520      
# span 12 =     -0.975,     13.808      
# span 13 =    10.3606,    27.3278      
# span 14 =   996.4412,   999.8082      
# span 15 = 0.0000e+00, 0.0000e+00      
# interval = seconds: 0.25
# start_time = Jul 13 2020 00:18:57 [Instrument's time stamp, header]
# bad_flag = -9.990e-29
*END*
[from data line 2622]
      8.560      0.012     0.6152      7.911     44.862  31.757157     3.3618      6.234   207.7764 1.2360e-01    12.7028      8.394     12.175    10.3910   999.7244 0.0000e+00
      8.560      0.012     0.6160      7.908     44.836  31.739855     3.5327      6.234   207.0362 1.2357e-01    12.4113      8.394     12.174    10.3910   999.7244 0.0000e+00
      8.563      0.013     0.6210      7.898     44.843  31.745631     3.8990      6.235   206.7023 1.2355e-01    11.9937      8.397     12.179    10.3911   999.7244 0.0000e+00
      8.567      0.015     0.6192      7.872     44.868  31.763549     4.1188      6.235   206.9226 1.2360e-01    11.8082      8.402     12.187    10.3913   999.7244 0.0000e+00
      8.571      0.019     0.6189      7.826     44.870  31.766167     4.1201      6.234   207.3771 1.2364e-01    11.7469      8.405     12.191    10.3915   999.7244 0.0000e+00
      8.576      0.021     0.6189      7.768     44.885  31.777278     4.0773      6.234   207.7233 1.2364e-01    11.5964      8.409     12.196    10.3923   999.7243 0.0000e+00
      8.583      0.021     0.6184      7.714     44.875  31.770998     3.9734      6.234   207.6667 1.2364e-01    11.3961      8.417     12.208    10.3935   999.7242 0.0000e+00
      8.590      0.021     0.6168      7.699     44.850  31.753696     3.8080      6.234   207.2957 1.2362e-01    11.2130      8.425     12.220    10.3946   999.7242 0.0000e+00
      8.596      0.021     0.6124      7.725     44.855  31.758416     3.7180      6.234   207.0223 1.2362e-01    11.1335      8.431     12.227    10.3952   999.7241 0.0000e+00
      8.599      0.020     0.6082      7.767     44.863  31.764618     3.6769      6.234   207.0289 1.2360e-01    11.1220      8.433     12.231    10.3952   999.7242 0.0000e+00
      8.603      0.017     0.6020      7.793     44.864  31.765242     3.4730      6.234   207.1179 1.2359e-01    11.1778      8.436     12.235    10.3959   999.7241 0.0000e+00
      8.609      0.015     0.6011      7.800     44.864  31.765960     3.1409      6.234   207.1519 1.2359e-01    11.3270      8.442     12.244    10.3979   999.7240 0.0000e+00
      8.614      0.015     0.6039      7.795     44.872  31.773297     2.9709      6.234   207.2676 1.2363e-01    11.4145      8.448     12.253    10.3991   999.7239 0.0000e+00
      8.617      0.015     0.6084      7.787     44.896  31.790505     2.9527      6.234   207.4837 1.2368e-01    11.3775      8.451     12.256    10.3992   999.7239 0.0000e+00
      8.619      0.015     0.6104      7.792     44.886  31.783689     2.9021      6.234   207.5279 1.2366e-01    11.2580      8.452     12.258    10.3992   999.7239 0.0000e+00
      8.622      0.014     0.6101      7.793     44.844  31.754330     2.8266      6.233   207.4580 1.2362e-01    11.1370      8.454     12.264    10.4003   999.7238 0.0000e+00
      8.627      0.014     0.6106      7.784     44.842  31.752761     2.8020      6.233   207.4138 1.2366e-01    11.1159      8.460     12.271    10.4020   999.7237 0.0000e+00
      8.631      0.014     0.6082      7.783     44.858  31.764721     2.8150      6.233   207.4234 1.2364e-01    11.1051      8.464     12.277    10.4027   999.7236 0.0000e+00
      8.635      0.014     0.6099      7.787     44.867  31.772038     2.8027      6.233   207.6598 1.2356e-01    11.1782      8.468     12.282    10.4025   999.7237 0.0000e+00
      8.639      0.014     0.6102      7.788     44.874  31.777786     2.7676      6.232   207.8630 1.2354e-01    11.3818      8.473     12.288    10.4025   999.7237 0.0000e+00
      8.642      0.013     0.6084      7.782     44.863  31.770779     2.7429      6.232   207.8156 1.2357e-01    11.5416      8.476     12.292    10.4030   999.7237 0.0000e+00
      8.644      0.013     0.6088      7.763     44.835  31.750764     2.7519      6.232   207.8603 1.2365e-01    11.6341      8.477     12.294    10.4031   999.7236 0.0000e+00
      8.647      0.013     0.6094      7.742     44.800  31.726124     2.9242      6.232   207.9729 1.2368e-01    11.5726      8.480     12.298    10.4038   999.7236 0.0000e+00
      8.651      0.014     0.6093      7.732     44.801  31.726644     3.2237      6.231   207.9732 1.2357e-01    11.3824      8.485     12.306    10.4058   999.7234 0.0000e+00
      8.655      0.016     0.6095      7.739     44.845  31.757052     3.3796      6.231   208.0363 1.2350e-01    11.2912      8.488     12.310    10.4064   999.7234 0.0000e+00
      8.658      0.016     0.6072      7.745     44.874  31.776547     3.3970      6.231   208.2201 1.2355e-01    11.3284      8.491     12.315    10.4054   999.7235 0.0000e+00
      8.663      0.015     0.6052      7.736     44.869  31.772019     3.3870      6.231   208.3878 1.2364e-01    11.3517      8.496     12.322    10.4056   999.7235 0.0000e+00
      8.668      0.014     0.6044      7.731     44.860  31.765741     3.2677      6.231   208.5155 1.2364e-01    11.2974      8.502     12.330    10.4062   999.7234 0.0000e+00
      8.673      0.013     0.6051      7.716     44.857  31.764087     3.0521      6.231   208.5591 1.2361e-01    11.2561      8.506     12.337    10.4052   999.7235 0.0000e+00
      8.675      0.013     0.6073      7.685     44.839  31.752023     2.9352      6.231   208.4848 1.2363e-01    11.2989      8.508     12.339    10.4033   999.7238 0.0000e+00
      8.676      0.012     0.6042      7.670     44.830  31.746775     2.9326      6.231   208.5638 1.2366e-01    11.3680      8.508     12.340    10.4023   999.7239 0.0000e+00
      8.679      0.012     0.6052      7.674     44.852  31.764078     2.9344      6.231   208.7405 1.2368e-01    11.3369      8.511     12.344    10.4028   999.7238 0.0000e+00
      8.683      0.013     0.6049      7.692     44.860  31.770894     2.9373      6.232   208.7275 1.2370e-01    11.1969      8.515     12.350    10.4039   999.7238 0.0000e+00
      8.687      0.015     0.5998      7.717     44.853  31.765746     2.9393      6.232   208.7511 1.2366e-01    11.0833      8.519     12.355    10.4049   999.7237 0.0000e+00
      8.690      0.017     0.5997      7.712     44.853  31.765274     2.9491      6.231   208.7676 1.2361e-01    11.0957      8.522     12.360    10.4057   999.7236 0.0000e+00
      8.695      0.018     0.6002      7.693     44.854  31.765189     3.0551      6.230   208.6689 1.2361e-01    11.2100      8.526     12.366    10.4075   999.7235 0.0000e+00
      8.700      0.018     0.6004      7.701     44.854  31.764718     3.2302      6.230   208.6764 1.2360e-01    11.2982      8.532     12.374    10.4090   999.7233 0.0000e+00
      8.705      0.017     0.6055      7.714     44.847  31.759579     3.3117      6.230   208.6855 1.2355e-01    11.3040      8.536     12.381    10.4089   999.7234 0.0000e+00
      8.710      0.016     0.6040      7.712     44.856  31.766499     3.3048      6.230   208.6939 1.2347e-01    11.2799      8.542     12.389    10.4082   999.7235 0.0000e+00
      8.715      0.014     0.6000      7.706     44.881  31.784948     3.2332      6.229   208.7778 1.2342e-01    11.2127      8.547     12.397    10.4073   999.7236 0.0000e+00
      8.718      0.012     0.6028      7.711     44.891  31.792293     3.1039      6.228   208.9260 1.2349e-01    11.1087      8.550     12.401    10.4063   999.7237 0.0000e+00
      8.719      0.012     0.6038      7.720     44.890  31.791858     3.0287      6.228   209.1088 1.2356e-01    11.0532      8.551     12.402    10.4058   999.7237 0.0000e+00
      8.721      0.012     0.6035      7.728     44.871  31.779698     3.0109      6.228   209.1803 1.2358e-01    11.0565      8.552     12.404    10.4067   999.7237 0.0000e+00
      8.723      0.014     0.6022      7.738     44.860  31.772163     3.0323      6.228   209.1888 1.2368e-01    11.1489      8.554     12.406    10.4076   999.7236 0.0000e+00
      8.727      0.016     0.6032      7.741     44.850  31.764193     3.0953      6.229   209.2111 1.2372e-01    11.3119      8.557     12.410    10.4079   999.7236 0.0000e+00
      8.732      0.018     0.6042      7.750     44.827  31.746784     3.1348      6.229   209.1923 1.2364e-01    11.3791      8.563     12.419    10.4085   999.7236 0.0000e+00
      8.739      0.020     0.6038      7.765     44.835  31.752013     3.1384      6.229   209.1336 1.2362e-01    11.3431      8.570     12.429    10.4095   999.7235 0.0000e+00
      8.745      0.020     0.6061      7.765     44.853  31.763964     3.1383      6.228   209.1031 1.2366e-01    11.3232      8.577     12.439    10.4100   999.7235 0.0000e+00
      8.749      0.019     0.6053      7.769     44.853  31.764379     3.1430      6.228   209.1680 1.2363e-01    11.3791      8.581     12.445    10.4091   999.7236 0.0000e+00
      8.754      0.017     0.6056      7.785     44.843  31.757042     3.1481      6.228   209.4015 1.2356e-01    11.5040      8.585     12.450    10.4079   999.7237 0.0000e+00
      8.758      0.016     0.6087      7.788     44.817  31.738698     3.1517      6.228   209.6905 1.2352e-01    11.5971      8.588     12.457    10.4071   999.7238 0.0000e+00
      8.761      0.016     0.6069      7.778     44.810  31.732920     3.1580      6.228   209.7364 1.2356e-01    11.6117      8.591     12.461    10.4069   999.7238 0.0000e+00
      8.764      0.017     0.6071      7.769     44.837  31.750640     3.1855      6.228   209.6130 1.2360e-01    11.6121      8.593     12.463    10.4068   999.7239 0.0000e+00
      8.768      0.018     0.6096      7.763     44.856  31.762601     3.2374      6.228   209.5750 1.2357e-01    11.6366      8.598     12.470    10.4066   999.7239 0.0000e+00
      8.774      0.018     0.6098      7.764     44.841  31.750640     3.2699      6.228   209.6201 1.2357e-01    11.6327      8.605     12.481    10.4067   999.7239 0.0000e+00
      8.780      0.018     0.6079      7.764     44.817  31.732910     3.2724      6.228   209.8147 1.2356e-01    11.5992      8.612     12.491    10.4064   999.7240 0.0000e+00
      8.785      0.017     0.6080      7.749     44.825  31.738574     3.1634      6.228   210.2074 1.2356e-01    11.4718      8.615     12.495    10.4047   999.7241 0.0000e+00
      8.788      0.015     0.6070      7.729     44.850  31.755680     2.9440      6.228   210.4957 1.2365e-01    11.2606      8.618     12.499    10.4027   999.7243 0.0000e+00
      8.792      0.014     0.6072      7.705     44.841  31.749392     2.8226      6.228   210.5471 1.2371e-01    11.1738      8.622     12.506    10.4012   999.7245 0.0000e+00
      8.795      0.013     0.6085      7.684     44.808  31.726000     2.8116      6.227   210.3982 1.2363e-01    11.1434      8.625     12.510    10.4004   999.7246 0.0000e+00
      8.797      0.013     0.6058      7.658     44.809  31.726633     2.8401      6.226   210.1592 1.2360e-01    11.0657      8.626     12.511    10.3997   999.7247 0.0000e+00
      8.801      0.014     0.6054      7.624     44.852  31.757052     2.9004      6.226   210.2382 1.2369e-01    11.0237      8.630     12.517    10.3998   999.7247 0.0000e+00
      8.805      0.015     0.6025      7.626     44.880  31.776549     2.9295      6.226   210.5791 1.2372e-01    11.0810      8.636     12.525    10.4002   999.7247 0.0000e+00
      8.809      0.016     0.6012      7.663     44.874  31.772030     2.9345      6.226   210.7539 1.2362e-01    11.1753      8.638     12.529    10.4000   999.7247 0.0000e+00
      8.812      0.016     0.6001      7.673     44.866  31.765856     2.9606      6.226   210.7166 1.2357e-01    11.1682      8.641     12.533    10.3995   999.7247 0.0000e+00
      8.817      0.015     0.5950      7.651     44.866  31.765346     2.9878      6.227   210.7296 1.2363e-01    11.0982      8.646     12.540    10.3993   999.7248 0.0000e+00
      8.822      0.014     0.5948      7.636     44.867  31.765868     2.9967      6.227   210.8251 1.2367e-01    11.0847      8.652     12.549    10.3992   999.7249 0.0000e+00
      8.825      0.014     0.6010      7.628     44.877  31.772167     3.0015      6.226   210.7537 1.2364e-01    11.1076      8.655     12.553    10.3987   999.7249 0.0000e+00
      8.827      0.013     0.6019      7.628     44.885  31.778047     2.9882      6.226   210.6402 1.2359e-01    11.0659      8.656     12.554    10.3981   999.7250 0.0000e+00
      8.830      0.011     0.5974      7.623     44.880  31.773527     2.9131      6.226   210.7433 1.2356e-01    10.9929      8.659     12.559    10.3977   999.7250 0.0000e+00
      8.834      0.011     0.5980      7.596     44.890  31.780958     2.7986      6.226   210.9682 1.2361e-01    11.0144      8.664     12.565    10.3971   999.7251 0.0000e+00
      8.836      0.012     0.5962      7.575     44.923  31.804455     2.7389      6.226   211.2088 1.2364e-01    11.1197      8.665     12.567    10.3967   999.7251 0.0000e+00
      8.839      0.013     0.5968      7.587     44.923  31.803830     2.7435      6.226   211.3294 1.2357e-01    11.2022      8.667     12.571    10.3965   999.7252 0.0000e+00
      8.842      0.013     0.5979      7.612     44.880  31.773403     2.7688      6.226   210.9637 1.2352e-01    11.2213      8.671     12.577    10.3963   999.7252 0.0000e+00
      8.846      0.013     0.5939      7.628     44.852  31.753802     2.7873      6.226   210.4001 1.2352e-01    11.1792      8.676     12.583    10.3962   999.7252 0.0000e+00
      8.850      0.013     0.5915      7.655     44.857  31.757187     2.7855      6.226   210.3657 1.2348e-01    11.1051      8.679     12.588    10.3962   999.7253 0.0000e+00
      8.853      0.013     0.5928      7.681     44.848  31.750881     2.7950      6.226   210.7195 1.2343e-01    11.0806      8.681     12.591    10.3962   999.7253 0.0000e+00
      8.856      0.013     0.5967      7.681     44.833  31.740999     2.8266      6.225   211.0645 1.2342e-01    11.1234      8.684     12.596    10.3960   999.7253 0.0000e+00
      8.860      0.013     0.5958      7.679     44.865  31.764599     2.8522      6.224   211.2679 1.2347e-01    11.1414      8.689     12.602    10.3959   999.7253 0.0000e+00
      8.863      0.014     0.5986      7.672     44.890  31.782431     2.8567      6.224   210.9411 1.2357e-01    11.0926      8.691     12.606    10.3957   999.7254 0.0000e+00
      8.865      0.015     0.6030      7.650     44.866  31.766272     2.8617      6.224   210.2116 1.2365e-01    11.0489      8.694     12.609    10.3956   999.7254 0.0000e+00
      8.868      0.017     0.6001      7.645     44.856  31.759560     2.9511      6.224   209.8458 1.2361e-01    11.0596      8.697     12.614    10.3962   999.7253 0.0000e+00
      8.873      0.019     0.6010      7.662     44.864  31.764722     3.1176      6.225   209.8738 1.2357e-01    11.0842      8.702     12.621    10.3972   999.7253 0.0000e+00
      8.879      0.020     0.6013      7.674     44.865  31.765243     3.2057      6.225   210.2067 1.2362e-01    11.0722      8.708     12.628    10.3979   999.7253 0.0000e+00
      8.886      0.020     0.5976      7.674     44.866  31.765858     3.2057      6.225   210.6876 1.2363e-01    11.0510      8.714     12.638    10.3987   999.7252 0.0000e+00
      8.891      0.019     0.5972      7.684     44.876  31.772154     3.2603      6.225   210.5255 1.2362e-01    11.0685      8.720     12.647    10.3995   999.7251 0.0000e+00
      8.895      0.018     0.5999      7.688     44.885  31.777922     3.3798      6.225   209.8822 1.2364e-01    11.1129      8.724     12.654    10.3993   999.7252 0.0000e+00
      8.899      0.016     0.6013      7.677     44.877  31.772155     3.4586      6.225   209.5349 1.2361e-01    11.1412      8.727     12.657    10.3984   999.7253 0.0000e+00
      8.903      0.014     0.5997      7.694     44.868  31.765867     3.4788      6.224   209.4235 1.2358e-01    11.1010      8.731     12.663    10.3975   999.7254 0.0000e+00
