Data/DataNotYetUploadedToEDI/Raw_CTD/RawDownloads/071320_fcr50_secondDownload_0004.cnv
* Sea-Bird SBE19plus  Data File:
* FileName = C:\DATA\071320_fcr50_secondDownload_0004.hex
* Software version 2.8.0.119
* Temperature SN = 7809
* Conductivity SN = 7809
* System UpLoad Time = Jul 13 2020 14:12:40
* <ApplicationData>
* <Seaterm232>
# nquan = 16
# nvalues = 4037                        
# units = specified
# name 0 = depFM: Depth [fresh water, m]
# name 1 = dz/dtM: Descent Rate [m/s]
# name 2 = sbeox0ML/L: Oxygen, SBE 43 [ml/l]
# name 3 = sbeox0PS: Oxygen, SBE 43 [% saturation]
# name 4 = specc: Specific Conductance [uS/cm]
# name 5 = c0uS/cm: Conductivity [uS/cm]
# name 6 = flECO-AFL: Fluorescence, WET Labs ECO-AFL/FL [mg/m^3]
# name 7 = ph: pH
# name 8 = orp: Oxidation Reduction Potential [mV]
# name 9 = par/sat/log: PAR/Logarithmic, Satlantic
# name 10 = turbWETntu0: Turbidity, WET Labs ECO [NTU]
# name 11 = prdM: Pressure, Strain Gauge [db]
# name 12 = prdE: Pressure, Strain Gauge [psi]
# name 13 = tv290C: Temperature [ITS-90, deg C]
# name 14 = density00: Density [density, kg/m^3]
# name 15 = flag:  0.000e+00
# span 0 =     -0.685,      9.707       
# span 1 =     -0.502,      4.054       
# span 2 =     0.0185,     8.3609       
# span 3 =      0.274,    138.100       
# span 4 =      1.022,    308.087       
# span 5 =   1.043970, 219.552052       
# span 6 =    -3.2528,    33.2959       
# span 7 =     -2.076,     11.673       
# span 8 = -1215.7134,  1235.1206       
# span 9 = 1.2342e-01, 3.7663e+03       
# span 10 =    -9.4652,   943.6971      
# span 11 =     -0.672,      9.520      
# span 12 =     -0.975,     13.808      
# span 13 =    10.3606,    27.3278      
# span 14 =   996.4412,   999.8082      
# span 15 = 0.0000e+00, 0.0000e+00      
# interval = seconds: 0.25
# start_time = Jul 13 2020 00:18:57 [Instrument's time stamp, header]
# bad_flag = -9.990e-29
*END*
[from data line 3164]
      7.432     -0.043     0.5837      7.434     45.416  32.173580     2.8148      6.404   171.2598 1.2364e-01    12.6100      7.288     10.571    10.4131   999.7172 0.0000e+00
      7.422     -0.041     0.5857      7.424     45.464  32.207987     2.8627      6.405   170.9932 1.2366e-01    12.6093      7.278     10.556    10.4143   999.7171 0.0000e+00
      7.411     -0.039     0.5851      7.419     45.462  32.206832     2.9374      6.405   170.6760 1.2367e-01    12.6680      7.268     10.541    10.4158   999.7169 0.0000e+00
      7.400     -0.039     0.5815      7.450     45.395  32.159621     2.9741      6.404   170.6087 1.2367e-01    12.7361      7.256     10.524    10.4172   999.7167 0.0000e+00
      7.390     -0.039     0.5812      7.450     45.373  32.144747     2.9923      6.404   170.6953 1.2361e-01    12.7815      7.246     10.510    10.4181   999.7166 0.0000e+00
      7.382     -0.040     0.5818      7.399     45.385  32.153891     2.9850      6.404   170.7764 1.2358e-01    12.7353      7.239     10.500    10.4185   999.7165 0.0000e+00
      7.373     -0.040     0.5772      7.372     45.370  32.143282     2.9437      6.403   171.1589 1.2363e-01    12.6238      7.232     10.489    10.4190   999.7164 0.0000e+00
      7.363     -0.041     0.5840      7.362     45.369  32.143374     2.9219      6.402   171.6207 1.2368e-01    12.5672      7.221     10.474    10.4198   999.7163 0.0000e+00
      7.350     -0.043     0.5858      7.340     45.385  32.155014     2.9110      6.402   171.6277 1.2372e-01    12.5658      7.207     10.453    10.4201   999.7162 0.0000e+00
      7.337     -0.044     0.5760      7.315     45.389  32.157124     2.8882      6.402   171.5014 1.2370e-01    12.5723      7.194     10.435    10.4203   999.7161 0.0000e+00
      7.327     -0.045     0.5765      7.312     45.405  32.168879     2.8473      6.401   171.2990 1.2365e-01    12.5426      7.186     10.424    10.4210   999.7159 0.0000e+00
      7.317     -0.045     0.5761      7.342     45.407  32.170252     2.8080      6.401   170.9870 1.2365e-01    12.4815      7.176     10.408    10.4220   999.7158 0.0000e+00
      7.306     -0.045     0.5742      7.386     45.412  32.173723     2.7845      6.401   171.3433 1.2366e-01    12.4514      7.163     10.390    10.4223   999.7158 0.0000e+00
      7.294     -0.046     0.5714      7.417     45.463  32.210846     2.7820      6.400   172.1651 1.2364e-01    12.5222      7.153     10.374    10.4218   999.7157 0.0000e+00
      7.282     -0.048     0.5706      7.418     45.499  32.238407     2.8267      6.399   172.4906 1.2359e-01    12.6850      7.141     10.357    10.4213   999.7158 0.0000e+00
      7.270     -0.048     0.5738      7.405     45.515  32.253177     2.9051      6.399   172.4405 1.2354e-01    12.7717      7.130     10.341    10.4212   999.7157 0.0000e+00
      7.258     -0.049     0.5780      7.415     45.524  32.262528     2.9477      6.399   172.1605 1.2351e-01    12.7465      7.118     10.324    10.4214   999.7156 0.0000e+00
      7.245     -0.049     0.5810      7.430     45.464  32.224573     2.9409      6.399   171.6874 1.2353e-01    12.7586      7.104     10.303    10.4223   999.7155 0.0000e+00
      7.232     -0.049     0.5809      7.412     45.388  32.174970     2.8802      6.399   171.8819 1.2359e-01    12.8149      7.091     10.284    10.4252   999.7152 0.0000e+00
      7.219     -0.049     0.5778      7.407     45.380  32.170374     2.7860      6.398   172.7054 1.2364e-01    12.8431      7.080     10.269    10.4289   999.7148 0.0000e+00
      7.206     -0.048     0.5789      7.429     45.381  32.169001     2.7457      6.397   173.1270 1.2364e-01    12.8256      7.066     10.248    10.4306   999.7146 0.0000e+00
      7.194     -0.048     0.5833      7.438     45.370  32.158369     2.7360      6.396   173.1939 1.2364e-01    12.7396      7.054     10.231    10.4364   999.7139 0.0000e+00
      7.183     -0.048     0.5783      7.429     45.386  32.168724     2.6780      6.396   173.1709 1.2365e-01    12.5245      7.045     10.217    10.4447   999.7130 0.0000e+00
      7.171     -0.047     0.5775      7.414     45.384  32.167302     2.5881      6.396   172.9344 1.2370e-01    12.2515      7.033     10.200    10.4442   999.7131 0.0000e+00
      7.158     -0.046     0.5819      7.390     45.348  32.141181     2.5458      6.395   172.7434 1.2372e-01    12.1510      7.020     10.182    10.4401   999.7134 0.0000e+00
      7.144     -0.044     0.5816      7.377     45.298  32.106676     2.5581      6.394   172.8402 1.2369e-01    12.1327      7.006     10.162    10.4374   999.7136 0.0000e+00
      7.133     -0.042     0.5808      7.380     45.243  32.067348     2.6219      6.394   173.0726 1.2368e-01    11.9275      6.994     10.144    10.4360   999.7137 0.0000e+00
      7.124     -0.040     0.5801      7.375     45.214  32.046359     2.7362      6.393   173.2303 1.2372e-01    11.6607      6.985     10.132    10.4361   999.7136 0.0000e+00
      7.115     -0.038     0.5774      7.357     45.211  32.043245     2.8045      6.392   173.3695 1.2374e-01    11.5856      6.978     10.121    10.4361   999.7136 0.0000e+00
      7.107     -0.037     0.5757      7.358     45.194  32.029696     2.7999      6.392   173.5515 1.2369e-01    11.6031      6.970     10.108    10.4363   999.7135 0.0000e+00
      7.098     -0.033     0.5773      7.396     45.168  32.009439     2.8325      6.391   173.3659 1.2359e-01    11.5281      6.961     10.097    10.4367   999.7134 0.0000e+00
      7.087     -0.027     0.5771      7.429     45.143  31.988664     2.9320      6.391   172.7594 1.2356e-01    11.4005      6.951     10.082    10.4366   999.7134 0.0000e+00
      7.076     -0.021     0.5748      7.452     45.118  31.968844     2.9915      6.391   172.4997 1.2361e-01    11.3651      6.938     10.063    10.4351   999.7134 0.0000e+00
      7.071     -0.013     0.5732      7.497     45.108  31.960135     2.9996      6.391   172.8077 1.2363e-01    11.4084      6.931     10.053    10.4330   999.7136 0.0000e+00
      7.072     -0.004     0.5789      7.534     45.091  31.946810     3.0105      6.391   173.3000 1.2360e-01    11.3746      6.934     10.057    10.4311   999.7138 0.0000e+00
      7.076      0.002     0.5820      7.556     45.076  31.934631     3.0752      6.389   173.5468 1.2356e-01    11.2311      6.940     10.066    10.4284   999.7141 0.0000e+00
      7.079      0.006     0.5806      7.591     45.085  31.939775     3.1914      6.389   173.1248 1.2356e-01    11.0819      6.942     10.069    10.4253   999.7143 0.0000e+00
      7.081      0.007     0.5870      7.619     45.095  31.945552     3.2516      6.389   172.4136 1.2357e-01    11.0463      6.943     10.070    10.4229   999.7145 0.0000e+00
      7.083      0.006     0.5901      7.609     45.090  31.941035     3.2502      6.390   172.2612 1.2357e-01    11.1089      6.947     10.075    10.4214   999.7147 0.0000e+00
      7.084      0.001     0.5897      7.586     45.103  31.948600     3.2032      6.390   172.4007 1.2360e-01    11.1869      6.948     10.077    10.4204   999.7148 0.0000e+00
      7.084     -0.009     0.5940      7.577     45.141  31.973574     3.1119      6.389   172.4655 1.2365e-01    11.2687      6.946     10.075    10.4192   999.7149 0.0000e+00
      7.085     -0.024     0.5973      7.579     45.164  31.989195     3.0622      6.389   172.8720 1.2366e-01    11.3430      6.949     10.079    10.4181   999.7150 0.0000e+00
      7.084     -0.039     0.5956      7.584     45.194  32.010584     3.0410      6.389   173.1867 1.2364e-01    11.3985      6.951     10.080    10.4166   999.7152 0.0000e+00
      7.072     -0.053     0.5924      7.585     45.236  32.041834     2.8266      6.390   172.8288 1.2365e-01    11.4244      6.941     10.066    10.4144   999.7153 0.0000e+00
      7.048     -0.064     0.5925      7.582     45.244  32.049805     2.4350      6.390   172.5025 1.2362e-01    11.3819      6.914     10.028    10.4125   999.7154 0.0000e+00
      7.021     -0.072     0.5927      7.583     45.232  32.043519     2.2160      6.390   172.5973 1.2360e-01    11.2963      6.882      9.981    10.4114   999.7154 0.0000e+00
      7.000     -0.075     0.5931      7.590     45.209  32.029270     2.2099      6.391   172.7701 1.2366e-01    11.2819      6.863      9.954    10.4120   999.7152 0.0000e+00
      6.985     -0.071     0.5936      7.594     45.173  32.004421     2.3702      6.391   172.9569 1.2370e-01    11.3797      6.851      9.936    10.4141   999.7150 0.0000e+00
      6.969     -0.063     0.5925      7.593     45.162  31.996876     2.6482      6.391   173.3069 1.2371e-01    11.5187      6.834      9.912    10.4167   999.7146 0.0000e+00
      6.953     -0.057     0.5929      7.603     45.168  32.001499     2.7864      6.390   173.7334 1.2374e-01    11.5886      6.816      9.886    10.4193   999.7143 0.0000e+00
      6.939     -0.053     0.5935      7.620     45.163  31.996865     2.7913      6.390   173.8974 1.2372e-01    11.5716      6.804      9.868    10.4209   999.7141 0.0000e+00
      6.928     -0.051     0.5944      7.634     45.175  32.004292     2.8512      6.390   173.8268 1.2362e-01    11.6909      6.795      9.855    10.4220   999.7139 0.0000e+00
      6.916     -0.049     0.5932      7.634     45.209  32.027845     2.9662      6.390   173.6548 1.2359e-01    11.9673      6.782      9.837    10.4229   999.7138 0.0000e+00
      6.902     -0.049     0.5943      7.603     45.210  32.027854     3.0189      6.390   173.4518 1.2369e-01    12.0635      6.768      9.816    10.4225   999.7138 0.0000e+00
      6.891     -0.050     0.5963      7.571     45.178  32.004394     3.0014      6.390   173.5237 1.2374e-01    11.9953      6.758      9.802    10.4211   999.7139 0.0000e+00
      6.879     -0.050     0.5968      7.556     45.170  31.997987     2.9929      6.390   174.2662 1.2372e-01    12.0356      6.747      9.786    10.4200   999.7139 0.0000e+00
      6.866     -0.050     0.5988      7.551     45.192  32.013833     3.0784      6.389   175.2878 1.2367e-01    12.1735      6.733      9.765    10.4190   999.7140 0.0000e+00
      6.851     -0.049     0.5944      7.556     45.180  32.005644     3.2339      6.388   175.7232 1.2358e-01    12.2897      6.719      9.745    10.4184   999.7140 0.0000e+00
      6.837     -0.048     0.5911      7.556     45.119  31.962431     3.3094      6.388   175.5723 1.2349e-01    12.3076      6.705      9.725    10.4180   999.7139 0.0000e+00
      6.826     -0.047     0.5912      7.546     45.082  31.935481     3.3144      6.388   175.1843 1.2351e-01    12.2522      6.693      9.707    10.4171   999.7139 0.0000e+00
      6.816     -0.044     0.5897      7.553     45.080  31.933590     3.3512      6.388   174.9037 1.2361e-01    12.1355      6.684      9.694    10.4176   999.7139 0.0000e+00
      6.805     -0.042     0.5912      7.573     45.089  31.939555     3.4021      6.388   175.3630 1.2367e-01    11.9607      6.673      9.678    10.4181   999.7138 0.0000e+00
      6.794     -0.041     0.5916      7.577     45.095  31.944159     3.4148      6.387   176.3497 1.2365e-01    11.8896      6.661      9.660    10.4174   999.7137 0.0000e+00
      6.784     -0.040     0.5892      7.574     45.069  31.925805     3.3900      6.387   176.8530 1.2356e-01    11.8933      6.652      9.648    10.4171   999.7137 0.0000e+00
      6.775     -0.039     0.5901      7.584     45.044  31.907981     3.3023      6.386   176.8026 1.2354e-01    11.8679      6.646      9.639    10.4168   999.7137 0.0000e+00
      6.765     -0.038     0.5932      7.601     45.061  31.918996     3.1844      6.386   176.6002 1.2361e-01    11.8579      6.634      9.622    10.4163   999.7137 0.0000e+00
      6.754     -0.038     0.5930      7.628     45.081  31.932091     3.1370      6.386   176.4713 1.2367e-01    11.8412      6.621      9.603    10.4162   999.7137 0.0000e+00
      6.744     -0.039     0.5915      7.641     45.092  31.939419     3.1296      6.386   176.5345 1.2364e-01    11.8022      6.614      9.592    10.4164   999.7136 0.0000e+00
      6.736     -0.041     0.5936      7.638     45.099  31.944147     3.0387      6.386   176.7615 1.2361e-01    11.7301      6.607      9.582    10.4162   999.7136 0.0000e+00
      6.726     -0.043     0.5933      7.650     45.073  31.925804     2.8773      6.386   177.0655 1.2365e-01    11.6219      6.597      9.568    10.4152   999.7136 0.0000e+00
      6.715     -0.045     0.5973      7.675     45.047  31.907981     2.7989      6.386   177.1988 1.2370e-01    11.5934      6.585      9.550    10.4140   999.7137 0.0000e+00
      6.702     -0.048     0.5988      7.698     45.062  31.918997     2.7973      6.385   177.2544 1.2374e-01    11.6598      6.573      9.533    10.4129   999.7137 0.0000e+00
      6.689     -0.050     0.5959      7.699     45.078  31.932101     2.7714      6.384   177.3941 1.2373e-01    11.9428      6.560      9.514    10.4125   999.7137 0.0000e+00
      6.675     -0.050     0.5987      7.693     45.085  31.939532     2.7342      6.384   177.1674 1.2370e-01    12.4408      6.546      9.494    10.4132   999.7136 0.0000e+00
      6.661     -0.050     0.5996      7.686     45.091  31.945402     2.7188      6.384   176.5785 1.2365e-01    12.7031      6.532      9.474    10.4138   999.7134 0.0000e+00
      6.650     -0.050     0.6036      7.669     45.082  31.939633     2.7190      6.383   176.4682 1.2362e-01    12.7105      6.521      9.457    10.4143   999.7133 0.0000e+00
      6.639     -0.050     0.6018      7.657     45.072  31.933233     2.7079      6.382   176.7797 1.2364e-01    12.7017      6.510      9.442    10.4159   999.7132 0.0000e+00
      6.626     -0.050     0.6013      7.661     45.069  31.931464     2.6514      6.383   177.0755 1.2363e-01    12.3569      6.498      9.424    10.4186   999.7128 0.0000e+00
      6.611     -0.050     0.6017      7.671     45.050  31.918245     2.5699      6.383   177.3776 1.2357e-01    11.7006      6.483      9.403    10.4211   999.7125 0.0000e+00
      6.597     -0.050     0.5993      7.676     45.024  31.900298     2.5231      6.382   177.0767 1.2356e-01    11.3587      6.469      9.383    10.4223   999.7123 0.0000e+00
      6.585     -0.049     0.5985      7.690     45.029  31.904807     2.5239      6.381   176.2768 1.2359e-01    11.3472      6.458      9.367    10.4225   999.7123 0.0000e+00
      6.574     -0.048     0.5983      7.715     45.034  31.909317     2.5614      6.380   176.0514 1.2364e-01    11.4245      6.447      9.351    10.4225   999.7122 0.0000e+00
      6.561     -0.044     0.6008      7.727     45.008  31.891380     2.5953      6.380   176.4170 1.2405e-01    11.5372      6.434      9.333    10.4227   999.7121 0.0000e+00
      6.548     -0.038     0.5995      7.711     44.990  31.878274     2.5904      6.379   176.9976 1.2442e-01    11.5768      6.422      9.313    10.4232   999.7120 0.0000e+00
      6.537     -0.029     0.6009      7.697     44.990  31.877753     2.5882      6.377   177.4791 1.2407e-01    11.5948      6.411      9.298    10.4242   999.7119 0.0000e+00
      6.529     -0.020     0.6035      7.716     45.002  31.885080     2.6632      6.376   177.4205 1.2382e-01    11.6178      6.402      9.285    10.4257   999.7117 0.0000e+00
      6.525     -0.011     0.6055      7.733     45.030  31.903413     2.7914      6.376   176.9775 1.2541e-01    11.5798      6.396      9.275    10.4263   999.7116 0.0000e+00
      6.528     -0.004     0.6031      7.726     45.041  31.909077     2.8605      6.375   176.6823 1.2776e-01    11.5127      6.401      9.284    10.4257   999.7117 0.0000e+00
      6.533      0.001     0.6001      7.740     45.017  31.890109     2.8694      6.375   176.6901 1.2719e-01    11.4931      6.409      9.295    10.4250   999.7118 0.0000e+00
      6.533      0.003     0.6034      7.764     44.984  31.864411     2.9364      6.374   176.7277 1.2477e-01    11.5146      6.406      9.291    10.4238   999.7119 0.0000e+00
