Data/DataNotYetUploadedToEDI/Raw_CTD/RawDownloads/071320_fcr50_secondDownload_0004.cnv
* Sea-Bird SBE19plus  Data File:
* FileName = C:\DATA\071320_fcr50_secondDownload_0004.hex
* Software version 2.8.0.119
* Temperature SN = 7809
* Conductivity SN = 7809
* System UpLoad Time = Jul 13 2020 14:12:40
* <ApplicationData>
* <Seaterm232>
# nquan = 16
# nvalues = 4037                        
# units = specified
# name 0 = depFM: Depth [fresh water, m]
# name 1 = dz/dtM: Descent Rate [m/s]
# name 2 = sbeox0ML/L: Oxygen, SBE 43 [ml/l]
# name 3 = sbeox0PS: Oxygen, SBE 43 [% saturation]
# name 4 = specc: Specific Conductance [uS/cm]
# name 5 = c0uS/cm: Conductivity [uS/cm]
# name 6 = flECO-AFL: Fluorescence, WET Labs ECO-AFL/FL [mg/m^3]
# name 7 = ph: pH
# name 8 = orp: Oxidation Reduction Potential [mV]
# name 9 = par/sat/log: PAR/Logarithmic, Satlantic
# name 10 = turbWETntu0: Turbidity, WET Labs ECO [NTU]
# name 11 = prdM: Pressure, Strain Gauge [db]
# name 12 = prdE: Pressure, Strain Gauge [psi]
# name 13 = tv290C: Temperature [ITS-90, deg C]
# name 14 = density00: Density [density, kg/m^3]
# name 15 = flag:  0.000e+00
# span 0 =     -0.685,      9.707       
# span 1 =     -0.502,      4.054       
# span 2 =     0.0185,     8.3609       
# span 3 =      0.274,    138.100       
# span 4 =      1.022,    308.087       
# span 5 =   1.043970, 219.552052       
# span 6 =    -3.2528,    33.2959       
# span 7 =     -2.076,     11.673       
# span 8 = -1215.7134,  1235.1206       
# span 9 = 1.2342e-01, 3.7663e+03       
# span 10 =    -9.4652,   943.6971      
# span 11 =     -0.672,      9.520      
# span 12 =     -0.975,     13.808      
# span 13 =    10.3606,    27.3278      
# span 14 =   996.4412,   999.8082      
# span 15 = 0.0000e+00, 0.0000e+00      
# interval = seconds: 0.25
# start_time = Jul 13 2020 00:18:57 [Instrument's time stamp, header]
# bad_flag = -9.990e-29
*END*
[from data line 2441]
      7.958      0.015     0.6150      7.937     44.887  31.788741     3.3388      6.266   200.2791 1.2356e-01    11.6102      7.804     11.318    10.4169   999.7191 0.0000e+00
      7.962      0.016     0.6157      7.927     44.914  31.806470     3.3394      6.266   200.2181 1.2357e-01    11.6001      7.808     11.325    10.4154   999.7193 0.0000e+00
      7.966      0.016     0.6185      7.935     44.934  31.818431     3.3611      6.265   200.2713 1.2357e-01    11.7456      7.813     11.332    10.4131   999.7197 0.0000e+00
      7.970      0.016     0.6208      7.965     44.919  31.806461     3.3246      6.265   200.3198 1.2355e-01    11.7558      7.816     11.336    10.4100   999.7199 0.0000e+00
      7.975      0.016     0.6219      7.985     44.896  31.788637     3.2611      6.265   200.3746 1.2352e-01    11.5862      7.820     11.342    10.4071   999.7201 0.0000e+00
      7.980      0.015     0.6192      7.994     44.904  31.793261     3.2318      6.265   200.5033 1.2350e-01    11.4792      7.825     11.350    10.4052   999.7204 0.0000e+00
      7.983      0.014     0.6196      7.983     44.913  31.798916     3.2086      6.265   200.5858 1.2352e-01    11.5617      7.829     11.355    10.4034   999.7206 0.0000e+00
      7.986      0.012     0.6241      7.942     44.907  31.793564     3.1719      6.265   200.6828 1.2355e-01    11.7252      7.831     11.358    10.4014   999.7208 0.0000e+00
      7.989      0.011     0.6247      7.918     44.905  31.791994     3.1213      6.265   200.7303 1.2360e-01    11.7057      7.834     11.363    10.4000   999.7209 0.0000e+00
      7.992      0.010     0.6255      7.926     44.889  31.779937     3.0548      6.264   200.6431 1.2363e-01    11.4967      7.838     11.368    10.3989   999.7210 0.0000e+00
      7.994      0.010     0.6266      7.915     44.882  31.774679     2.9783      6.263   200.6619 1.2366e-01    11.3963      7.839     11.370    10.3979   999.7211 0.0000e+00
      7.995      0.011     0.6204      7.880     44.906  31.791878     2.9019      6.262   200.7849 1.2370e-01    11.4528      7.841     11.372    10.3970   999.7212 0.0000e+00
      7.997      0.014     0.6178      7.849     44.914  31.797542     2.8649      6.262   200.7539 1.2366e-01    11.4587      7.843     11.375    10.3963   999.7213 0.0000e+00
      8.000      0.016     0.6217      7.845     44.889  31.779710     2.8373      6.263   200.6307 1.2360e-01    11.3651      7.845     11.379    10.3961   999.7213 0.0000e+00
      8.005      0.019     0.6197      7.850     44.872  31.766614     2.8056      6.264   200.5867 1.2357e-01    11.3166      7.850     11.385    10.3960   999.7213 0.0000e+00
      8.012      0.021     0.6169      7.836     44.872  31.766093     2.8057      6.264   200.6515 1.2359e-01    11.3525      7.857     11.396    10.3958   999.7214 0.0000e+00
      8.019      0.022     0.6127      7.822     44.883  31.773412     2.8100      6.263   200.8127 1.2363e-01    11.3529      7.865     11.407    10.3957   999.7215 0.0000e+00
      8.025      0.022     0.6135      7.837     44.909  31.791650     2.7915      6.263   200.9865 1.2364e-01    11.2867      7.870     11.415    10.3953   999.7215 0.0000e+00
      8.030      0.021     0.6154      7.860     44.916  31.796273     2.7729      6.263   201.1180 1.2366e-01    11.2044      7.875     11.421    10.3946   999.7216 0.0000e+00
      8.035      0.020     0.6131      7.861     44.873  31.765867     2.8708      6.262   201.1984 1.2364e-01    11.2513      7.879     11.429    10.3938   999.7217 0.0000e+00
      8.040      0.019     0.6107      7.849     44.838  31.741237     3.0780      6.262   201.2700 1.2360e-01    11.4759      7.885     11.436    10.3933   999.7217 0.0000e+00
      8.044      0.018     0.6127      7.832     44.853  31.752262     3.1895      6.263   201.2960 1.2355e-01    11.6199      7.889     11.441    10.3931   999.7218 0.0000e+00
      8.049      0.017     0.6165      7.830     44.881  31.772278     3.1986      6.263   201.3410 1.2352e-01    11.6183      7.892     11.447    10.3930   999.7218 0.0000e+00
      8.054      0.016     0.6149      7.834     44.911  31.792909     3.1886      6.262   201.5551 1.2353e-01    11.4912      7.898     11.456    10.3929   999.7218 0.0000e+00
      8.058      0.016     0.6150      7.828     44.937  31.811364     3.1550      6.261   201.7340 1.2359e-01    11.2509      7.903     11.464    10.3931   999.7218 0.0000e+00
      8.062      0.016     0.6121      7.833     44.928  31.805086     3.1445      6.261   201.8696 1.2363e-01    11.1501      7.906     11.467    10.3930   999.7219 0.0000e+00
      8.065      0.015     0.6120      7.838     44.893  31.780447     3.1666      6.261   201.9895 1.2357e-01    11.1661      7.908     11.470    10.3929   999.7219 0.0000e+00
      8.069      0.014     0.6143      7.818     44.875  31.767239     3.1736      6.260   201.8934 1.2350e-01    11.1001      7.913     11.476    10.3931   999.7219 0.0000e+00
      8.073      0.014     0.6116      7.802     44.882  31.772279     3.1526      6.259   201.8261 1.2352e-01    11.0391      7.917     11.483    10.3932   999.7219 0.0000e+00
      8.077      0.013     0.6127      7.802     44.890  31.777942     3.1334      6.259   202.0358 1.2360e-01    11.0463      7.921     11.488    10.3933   999.7219 0.0000e+00
      8.080      0.012     0.6148      7.787     44.881  31.772268     3.1415      6.260   202.3642 1.2364e-01    11.0838      7.924     11.492    10.3932   999.7219 0.0000e+00
      8.083      0.011     0.6114      7.767     44.874  31.767119     3.1545      6.260   202.6131 1.2363e-01    11.1150      7.927     11.497    10.3931   999.7220 0.0000e+00
      8.086      0.011     0.6091      7.762     44.890  31.779136     3.1388      6.260   202.7225 1.2360e-01    11.0799      7.930     11.501    10.3930   999.7220 0.0000e+00
      8.088      0.010     0.6119      7.776     44.906  31.790673     3.1223      6.259   202.8272 1.2357e-01    11.0710      7.932     11.504    10.3933   999.7220 0.0000e+00
      8.090      0.009     0.6097      7.829     44.891  31.779714     3.1371      6.258   202.9320 1.2354e-01    11.1454      7.933     11.506    10.3934   999.7220 0.0000e+00
      8.093      0.008     0.6064      7.875     44.882  31.773525     3.0883      6.257   202.6991 1.2352e-01    11.2925      7.935     11.510    10.3936   999.7220 0.0000e+00
      8.096      0.006     0.6082      7.877     44.890  31.779293     2.9427      6.257   202.3340 1.2356e-01    11.4423      7.940     11.515    10.3939   999.7219 0.0000e+00
      8.097      0.006     0.6060      7.875     44.899  31.786006     2.8454      6.258   202.3893 1.2356e-01    11.4803      7.942     11.518    10.3941   999.7220 0.0000e+00
      8.097      0.006     0.6130      7.879     44.906  31.791245     2.8554      6.258   202.6799 1.2354e-01    11.5459      7.941     11.517    10.3942   999.7219 0.0000e+00
      8.097      0.006     0.6186      7.872     44.889  31.779188     2.8832      6.258   202.9219 1.2361e-01    11.6177      7.940     11.516    10.3942   999.7219 0.0000e+00
      8.099      0.007     0.6154      7.852     44.872  31.767124     2.8089      6.258   203.0777 1.2363e-01    11.4561      7.941     11.518    10.3944   999.7219 0.0000e+00
      8.102      0.009     0.6163      7.827     44.878  31.772268     2.6727      6.257   202.6708 1.2353e-01    11.2047      7.945     11.523    10.3947   999.7219 0.0000e+00
      8.106      0.010     0.6167      7.806     44.886  31.777942     2.6193      6.257   201.8747 1.2349e-01    11.1188      7.949     11.528    10.3949   999.7219 0.0000e+00
      8.108      0.012     0.6166      7.803     44.876  31.772278     2.6494      6.258   201.6253 1.2354e-01    11.2077      7.951     11.533    10.3950   999.7219 0.0000e+00
      8.111      0.012     0.6142      7.818     44.867  31.767238     2.7316      6.258   201.9796 1.2359e-01    11.3525      7.954     11.536    10.3951   999.7219 0.0000e+00
      8.114      0.012     0.6127      7.845     44.883  31.780456     2.8125      6.258   202.5449 1.2363e-01    11.3243      7.956     11.539    10.3954   999.7219 0.0000e+00
      8.117      0.011     0.6100      7.865     44.916  31.805202     2.8167      6.258   202.8671 1.2364e-01    11.1758      7.960     11.545    10.3961   999.7219 0.0000e+00
      8.121      0.009     0.6099      7.872     44.925  31.812643     2.8012      6.257   202.4337 1.2363e-01    11.1019      7.964     11.552    10.3972   999.7218 0.0000e+00
      8.124      0.008     0.6114      7.891     44.916  31.806988     2.7963      6.256   201.6929 1.2364e-01    11.1173      7.967     11.556    10.3990   999.7216 0.0000e+00
      8.125      0.007     0.6136      7.915     44.905  31.800276     2.7674      6.255   201.4810 1.2370e-01    11.2252      7.968     11.557    10.4008   999.7214 0.0000e+00
      8.125      0.006     0.6165      7.914     44.895  31.794935     2.7185      6.254   201.5064 1.2370e-01    11.2390      7.967     11.556    10.4029   999.7213 0.0000e+00
      8.126      0.005     0.6149      7.894     44.908  31.805846     2.6632      6.254   201.6566 1.2365e-01    11.0777      7.968     11.556    10.4046   999.7211 0.0000e+00
      8.129      0.005     0.6169      7.877     44.904  31.805316     2.6805      6.254   202.1781 1.2357e-01    11.0607      7.972     11.562    10.4049   999.7211 0.0000e+00
      8.131      0.006     0.6203      7.849     44.876  31.788521     2.7745      6.254   202.3054 1.2357e-01    11.2736      7.974     11.566    10.4052   999.7211 0.0000e+00
      8.132      0.007     0.6198      7.829     44.880  31.793135     2.8270      6.255   201.8189 1.2367e-01    11.4205      7.974     11.566    10.4069   999.7209 0.0000e+00
      8.133      0.008     0.6166      7.835     44.884  31.797654     2.8297      6.255   201.3722 1.2373e-01    11.4290      7.975     11.567    10.4097   999.7207 0.0000e+00
      8.134      0.010     0.6170      7.832     44.857  31.779717     2.8358      6.255   201.2072 1.2372e-01    11.4789      7.976     11.569    10.4128   999.7204 0.0000e+00
      8.137      0.012     0.6139      7.824     44.838  31.766602     2.8627      6.255   201.2862 1.2362e-01    11.6126      7.979     11.573    10.4157   999.7201 0.0000e+00
      8.141      0.015     0.6104      7.839     44.839  31.765977     2.8972      6.254   201.4671 1.2358e-01    11.6371      7.984     11.580    10.4179   999.7199 0.0000e+00
      8.145      0.017     0.6137      7.852     44.853  31.772161     2.9100      6.254   201.7599 1.2359e-01    11.5698      7.987     11.586    10.4196   999.7198 0.0000e+00
      8.150      0.018     0.6129      7.845     44.867  31.777920     2.9033      6.254   202.0722 1.2357e-01    11.5536      7.992     11.592    10.4216   999.7196 0.0000e+00
      8.155      0.018     0.6103      7.829     44.863  31.772152     2.9392      6.253   202.0598 1.2358e-01    11.4752      7.997     11.599    10.4226   999.7195 0.0000e+00
      8.160      0.017     0.6134      7.818     44.857  31.765864     3.0392      6.253   201.9539 1.2360e-01    11.3780      8.003     11.608    10.4204   999.7198 0.0000e+00
      8.165      0.016     0.6152      7.838     44.857  31.765345     3.1112      6.253   201.9108 1.2359e-01    11.3736      8.008     11.614    10.4158   999.7202 0.0000e+00
      8.169      0.016     0.6134      7.867     44.858  31.765875     3.1042      6.254   201.7963 1.2359e-01    11.3546      8.011     11.619    10.4107   999.7207 0.0000e+00
      8.172      0.016     0.6130      7.878     44.866  31.772268     2.9923      6.254   202.2043 1.2358e-01    11.2165      8.014     11.623    10.4070   999.7211 0.0000e+00
      8.175      0.016     0.6099      7.879     44.876  31.779189     2.8267      6.254   203.0591 1.2359e-01    11.0422      8.016     11.627    10.4046   999.7213 0.0000e+00
      8.180      0.016     0.6132      7.867     44.886  31.786110     2.7603      6.253   203.3556 1.2360e-01    10.9988      8.021     11.634    10.4036   999.7214 0.0000e+00
      8.185      0.016     0.6164      7.847     44.895  31.792502     2.7818      6.252   203.0357 1.2356e-01    11.0347      8.027     11.642    10.4044   999.7214 0.0000e+00
      8.190      0.015     0.6161      7.838     44.894  31.793031     2.7905      6.252   202.6323 1.2360e-01    11.0646      8.031     11.649    10.4052   999.7213 0.0000e+00
      8.194      0.015     0.6169      7.828     44.892  31.792503     2.7796      6.252   202.5215 1.2361e-01    11.1201      8.036     11.655    10.4052   999.7214 0.0000e+00
      8.197      0.014     0.6159      7.799     44.882  31.786120     2.7642      6.252   203.1595 1.2352e-01    11.1900      8.038     11.658    10.4049   999.7214 0.0000e+00
      8.199      0.013     0.6133      7.798     44.872  31.779302     2.7573      6.251   204.1512 1.2352e-01    11.2225      8.041     11.662    10.4050   999.7214 0.0000e+00
      8.202      0.013     0.6125      7.833     44.866  31.773525     2.8102      6.251   204.3596 1.2361e-01    11.2730      8.043     11.665    10.4060   999.7213 0.0000e+00
      8.205      0.013     0.6143      7.863     44.877  31.779718     2.8978      6.251   203.9582 1.2371e-01    11.4232      8.046     11.670    10.4075   999.7212 0.0000e+00
      8.210      0.014     0.6084      7.876     44.894  31.790724     2.9403      6.251   203.6000 1.2377e-01    11.5624      8.052     11.678    10.4085   999.7211 0.0000e+00
      8.214      0.014     0.6083      7.864     44.880  31.779709     2.9425      6.251   203.4695 1.2374e-01    11.6171      8.056     11.684    10.4086   999.7211 0.0000e+00
      8.217      0.013     0.6138      7.845     44.871  31.773421     2.8762      6.251   203.8438 1.2372e-01    11.5701      8.058     11.687    10.4072   999.7213 0.0000e+00
      8.220      0.013     0.6149      7.842     44.878  31.778149     2.7591      6.251   204.5118 1.2372e-01    11.4401      8.062     11.691    10.4052   999.7215 0.0000e+00
      8.224      0.013     0.6174      7.838     44.871  31.773431     2.6904      6.251   204.9204 1.2372e-01    11.3504      8.065     11.697    10.4040   999.7216 0.0000e+00
      8.226      0.014     0.6154      7.828     44.880  31.779824     2.6747      6.251   204.9995 1.2369e-01    11.3435      8.067     11.700    10.4030   999.7217 0.0000e+00
      8.229      0.015     0.6126      7.821     44.899  31.791993     2.6740      6.250   204.8651 1.2367e-01    11.3565      8.069     11.703    10.4023   999.7218 0.0000e+00
      8.232      0.015     0.6138      7.828     44.903  31.793665     2.6341      6.250   204.5863 1.2362e-01    11.4040      8.073     11.709    10.4025   999.7218 0.0000e+00
      8.237      0.016     0.6135      7.848     44.913  31.800049     2.5547      6.250   204.4679 1.2357e-01    11.5070      8.078     11.716    10.4029   999.7218 0.0000e+00
      8.242      0.017     0.6124      7.870     44.923  31.805732     2.5149      6.249   204.6381 1.2365e-01    11.5369      8.084     11.724    10.4027   999.7218 0.0000e+00
      8.246      0.017     0.6114      7.882     44.914  31.798925     2.5343      6.249   204.8376 1.2372e-01    11.5257      8.087     11.729    10.4015   999.7220 0.0000e+00
      8.251      0.016     0.6118      7.889     44.890  31.781187     2.6371      6.250   204.9015 1.2369e-01    11.5086      8.089     11.734    10.4001   999.7221 0.0000e+00
      8.256      0.015     0.6141      7.906     44.890  31.781613     2.7859      6.250   204.8941 1.2365e-01    11.4333      8.096     11.743    10.3991   999.7222 0.0000e+00
      8.260      0.013     0.6161      7.934     44.922  31.804069     2.8550      6.250   204.8337 1.2368e-01    11.3703      8.101     11.749    10.3982   999.7223 0.0000e+00
      8.262      0.012     0.6170      7.948     44.915  31.798916     2.8622      6.250   204.6884 1.2370e-01    11.3305      8.102     11.751    10.3975   999.7224 0.0000e+00
