Data/DataNotYetUploadedToEDI/Raw_CTD/RawDownloads/071320_fcr50_c.cnv
* Sea-Bird SBE19plus  Data File:
* FileName = C:\DATA\071320_fcr50_0003.hex
* Software version 2.8.0.119
* Temperature SN = 7809
* Conductivity SN = 7809
* System UpLoad Time = Jul 13 2020 11:27:28
* <ApplicationData>
* <Seaterm232>
# nquan = 16
# nvalues = 2268                        
# units = specified
# name 0 = depFM: Depth [fresh water, m]
# name 1 = dz/dtM: Descent Rate [m/s]
# name 2 = sbeox0ML/L: Oxygen, SBE 43 [ml/l]
# name 3 = sbeox0PS: Oxygen, SBE 43 [% saturation]
# name 4 = specc: Specific Conductance [uS/cm]
# name 5 = c0uS/cm: Conductivity [uS/cm]
# name 6 = flECO-AFL: Fluorescence, WET Labs ECO-AFL/FL [mg/m^3]
# name 7 = ph: pH
# name 8 = orp: Oxidation Reduction Potential [mV]
# name 9 = par/sat/log: PAR/Logarithmic, Satlantic
# name 10 = turbWETntu0: Turbidity, WET Labs ECO [NTU]
# name 11 = prdM: Pressure, Strain Gauge [db]
# name 12 = prdE: Pressure, Strain Gauge [psi]
# name 13 = tv290C: Temperature [ITS-90, deg C]
# name 14 = density00: Density [density, kg/m^3]
# name 15 = flag:  0.000e+00
# span 0 =     -0.688,      9.681       
# span 1 =     -0.629,      0.283       
# span 2 =     0.0310,     7.8434       
# span 3 =      0.440,    122.884       
# span 4 =      0.494,    326.975       
# span 5 =   0.470984, 232.771611       
# span 6 =    -2.4742,   259.9455       
# span 7 =      6.030,      9.059       
# span 8 =  -774.1502,  1214.0934       
# span 9 = 1.2347e-01, 2.2012e+03       
# span 10 =    -9.5894,   322.9265      
# span 11 =     -0.675,      9.493      
# span 12 =     -0.979,     13.769      
# span 13 =    10.3246,    26.1393      
# span 14 =   996.7657,   999.8178      
# span 15 = 0.0000e+00, 0.0000e+00      
# interval = seconds: 0.25
# start_time = Jul 12 2020 22:08:51 [Instrument's time stamp, header]
# bad_flag = -9.990e-29
*END*
[from data line 1628]
      7.077      0.042     0.6161      7.856     44.798  31.738278     4.0356      6.488   196.5223 1.2361e-01    11.6082      6.941     10.067    10.4242   999.7143 0.0000e+00
      7.084      0.039     0.6126      7.856     44.799  31.738609     4.0878      6.488   196.3428 1.2355e-01    11.4583      6.946     10.074    10.4239   999.7144 0.0000e+00
      7.092      0.035     0.6126      7.859     44.817  31.750759     4.2035      6.487   196.2364 1.2358e-01    11.2390      6.956     10.088    10.4233   999.7145 0.0000e+00
      7.102      0.031     0.6134      7.868     44.828  31.758293     4.2706      6.485   196.7845 1.2364e-01    11.1541      6.964     10.100    10.4225   999.7146 0.0000e+00
      7.112      0.029     0.6149      7.871     44.841  31.766262     4.2796      6.484   197.7220 1.2364e-01    11.1863      6.974     10.115    10.4218   999.7147 0.0000e+00
      7.122      0.026     0.6141      7.858     44.866  31.783661     4.2355      6.484   198.1072 1.2363e-01    11.1476      6.986     10.133    10.4210   999.7148 0.0000e+00
      7.127      0.023     0.6142      7.827     44.858  31.778318     4.1385      6.484   197.8283 1.2367e-01    11.0302      6.990     10.139    10.4201   999.7150 0.0000e+00
      7.129      0.020     0.6157      7.796     44.840  31.765101     4.0884      6.483   197.4471 1.2370e-01    10.9692      6.990     10.138    10.4194   999.7150 0.0000e+00
      7.133      0.019     0.6158      7.788     44.820  31.750748     4.0972      6.481   197.3700 1.2368e-01    10.9246      6.994     10.144    10.4187   999.7151 0.0000e+00
      7.138      0.020     0.6154      7.788     44.794  31.731677     4.1207      6.480   197.8427 1.2368e-01    10.8681      7.000     10.153    10.4182   999.7152 0.0000e+00
      7.143      0.024     0.6123      7.764     44.784  31.724850     4.1433      6.480   198.6028 1.2368e-01    10.8352      7.004     10.158    10.4181   999.7152 0.0000e+00
      7.148      0.029     0.6086      7.729     44.794  31.731656     4.1509      6.479   198.9887 1.2364e-01    10.8365      7.008     10.165    10.4181   999.7152 0.0000e+00
      7.156      0.032     0.6088      7.730     44.820  31.750519     4.1566      6.478   198.8942 1.2364e-01    10.8832      7.016     10.176    10.4177   999.7153 0.0000e+00
      7.166      0.035     0.6100      7.757     44.837  31.762583     4.1838      6.477   198.6652 1.2374e-01    10.8856      7.027     10.191    10.4173   999.7154 0.0000e+00
      7.178      0.037     0.6078      7.776     44.820  31.750622     4.2314      6.476   198.5436 1.2378e-01    10.8647      7.041     10.211    10.4174   999.7154 0.0000e+00
      7.188      0.038     0.6029      7.787     44.795  31.732790     4.2641      6.476   198.6281 1.2368e-01    10.8713      7.050     10.225    10.4173   999.7155 0.0000e+00
      7.196      0.038     0.6033      7.782     44.802  31.737320     4.2641      6.476   198.9122 1.2361e-01    10.8623      7.056     10.233    10.4174   999.7155 0.0000e+00
      7.206      0.038     0.6078      7.779     44.808  31.741944     4.2035      6.476   199.2260 1.2357e-01    10.8933      7.067     10.249    10.4176   999.7156 0.0000e+00
      7.216      0.038     0.6076      7.795     44.785  31.725255     4.0942      6.476   199.3248 1.2357e-01    10.9369      7.077     10.264    10.4176   999.7156 0.0000e+00
      7.225      0.041     0.6101      7.813     44.786  31.725879     4.0306      6.475   199.3322 1.2359e-01    10.9090      7.085     10.275    10.4174   999.7156 0.0000e+00
      7.234      0.045     0.6084      7.808     44.820  31.749488     4.0254      6.475   199.4020 1.2360e-01    10.8995      7.094     10.289    10.4175   999.7157 0.0000e+00
      7.244      0.050     0.6075      7.785     44.830  31.756921     4.0497      6.475   199.3082 1.2360e-01    10.9939      7.102     10.301    10.4173   999.7158 0.0000e+00
      7.258      0.053     0.6098      7.782     44.823  31.752297     4.0862      6.474   199.2306 1.2357e-01    11.1230      7.116     10.321    10.4172   999.7158 0.0000e+00
      7.275      0.053     0.6114      7.798     44.830  31.757024     4.0956      6.474   199.4099 1.2357e-01    11.1551      7.134     10.348    10.4170   999.7159 0.0000e+00
      7.292      0.051     0.6120      7.802     44.821  31.750634     4.0857      6.473   199.4971 1.2362e-01    11.1422      7.151     10.372    10.4166   999.7161 0.0000e+00
      7.308      0.046     0.6074      7.783     44.804  31.738474     4.0809      6.472   199.5106 1.2365e-01    11.1728      7.168     10.397    10.4165   999.7162 0.0000e+00
      7.318      0.040     0.6080      7.758     44.802  31.736895     4.0756      6.472   199.6589 1.2362e-01    11.1478      7.180     10.414    10.4166   999.7162 0.0000e+00
      7.323      0.035     0.6104      7.747     44.795  31.731542     4.0597      6.472   199.5697 1.2358e-01    11.0462      7.182     10.416    10.4167   999.7162 0.0000e+00
      7.327      0.030     0.6109      7.751     44.803  31.737207     4.0413      6.471   199.2925 1.2358e-01    10.9740      7.184     10.419    10.4165   999.7162 0.0000e+00
      7.334      0.028     0.6090      7.751     44.809  31.741935     4.0350      6.470   199.3189 1.2362e-01    10.9274      7.192     10.430    10.4163   999.7163 0.0000e+00
      7.343      0.028     0.6060      7.716     44.786  31.725260     4.0691      6.469   199.4586 1.2364e-01    10.8946      7.202     10.446    10.4162   999.7163 0.0000e+00
      7.351      0.031     0.6059      7.681     44.787  31.725942     4.1306      6.468   199.6045 1.2364e-01    10.9204      7.210     10.457    10.4161   999.7164 0.0000e+00
      7.357      0.034     0.6057      7.695     44.822  31.750176     4.1582      6.468   199.8782 1.2363e-01    10.9304      7.215     10.463    10.4162   999.7164 0.0000e+00
      7.365      0.035     0.6080      7.710     44.842  31.764482     4.1643      6.468   200.1008 1.2362e-01    10.9125      7.222     10.474    10.4163   999.7164 0.0000e+00
      7.376      0.034     0.6038      7.711     44.853  31.772022     4.2134      6.467   199.9731 1.2362e-01    10.9789      7.233     10.490    10.4162   999.7165 0.0000e+00
      7.387      0.033     0.5977      7.738     44.862  31.777894     4.3043      6.465   199.6244 1.2360e-01    11.0809      7.244     10.507    10.4162   999.7165 0.0000e+00
      7.397      0.031     0.6025      7.769     44.855  31.772032     4.3563      6.464   199.5844 1.2358e-01    11.1161      7.255     10.523    10.4160   999.7166 0.0000e+00
      7.404      0.029     0.6042      7.775     44.845  31.764591     4.3567      6.463   199.7476 1.2363e-01    11.1302      7.264     10.535    10.4155   999.7167 0.0000e+00
      7.409      0.028     0.6013      7.778     44.826  31.751373     4.3956      6.463   199.8780 1.2369e-01    11.1477      7.265     10.537    10.4151   999.7168 0.0000e+00
      7.413      0.028     0.6051      7.776     44.809  31.739100     4.4916      6.463   200.0425 1.2369e-01    11.1559      7.268     10.543    10.4149   999.7168 0.0000e+00
      7.419      0.029     0.6090      7.757     44.815  31.743090     4.5550      6.462   200.1011 1.2366e-01    11.1954      7.276     10.553    10.4142   999.7169 0.0000e+00
      7.427      0.030     0.6078      7.751     44.805  31.736178     4.5609      6.460   200.0705 1.2370e-01    11.2136      7.282     10.561    10.4138   999.7169 0.0000e+00
      7.437      0.031     0.6081      7.763     44.780  31.718969     4.5434      6.459   200.1884 1.2374e-01    11.1692      7.292     10.576    10.4137   999.7170 0.0000e+00
      7.448      0.030     0.6095      7.744     44.790  31.725360     4.4399      6.459   200.4082 1.2363e-01    11.2081      7.305     10.595    10.4135   999.7171 0.0000e+00
      7.457      0.028     0.6062      7.711     44.825  31.750010     4.2724      6.459   200.5767 1.2350e-01    11.3402      7.314     10.609    10.4134   999.7171 0.0000e+00
      7.462      0.024     0.6047      7.711     44.844  31.763219     4.1862      6.458   200.6776 1.2355e-01    11.3942      7.318     10.614    10.4134   999.7171 0.0000e+00
      7.466      0.021     0.6090      7.718     44.837  31.758179     4.1613      6.457   200.7674 1.2366e-01    11.3805      7.322     10.619    10.4135   999.7171 0.0000e+00
      7.470      0.020     0.6064      7.705     44.829  31.752515     4.0187      6.457   200.9739 1.2369e-01    11.2766      7.326     10.625    10.4132   999.7172 0.0000e+00
      7.473      0.020     0.6011      7.705     44.838  31.758179     3.7690      6.457   201.1954 1.2364e-01    11.0989      7.329     10.629    10.4130   999.7172 0.0000e+00
      7.478      0.021     0.6029      7.708     44.845  31.763219     3.6408      6.456   201.2953 1.2359e-01    11.0173      7.332     10.634    10.4129   999.7173 0.0000e+00
      7.484      0.024     0.6056      7.712     44.826  31.750001     3.6413      6.455   201.3211 1.2352e-01    10.9773      7.339     10.645    10.4127   999.7173 0.0000e+00
      7.492      0.027     0.6012      7.740     44.791  31.725256     3.6898      6.455   201.3352 1.2351e-01    10.9240      7.349     10.658    10.4123   999.7174 0.0000e+00
      7.499      0.031     0.6028      7.762     44.781  31.717815     3.7788      6.454   201.3801 1.2358e-01    10.8879      7.355     10.667    10.4119   999.7175 0.0000e+00
      7.505      0.033     0.6035      7.746     44.789  31.723478     3.8301      6.452   201.4332 1.2359e-01    10.8848      7.359     10.673    10.4120   999.7175 0.0000e+00
      7.515      0.033     0.6014      7.693     44.799  31.730286     3.8334      6.452   201.5475 1.2353e-01    10.9205      7.368     10.686    10.4120   999.7175 0.0000e+00
      7.527      0.031     0.6062      7.643     44.809  31.736679     3.8281      6.452   201.6439 1.2354e-01    10.9066      7.382     10.707    10.4116   999.7176 0.0000e+00
      7.538      0.028     0.6078      7.609     44.810  31.737320     3.8231      6.451   201.7379 1.2364e-01    10.8546      7.394     10.723    10.4114   999.7177 0.0000e+00
      7.544      0.023     0.6076      7.596     44.812  31.738040     3.8216      6.451   201.9094 1.2374e-01    10.8754      7.400     10.731    10.4113   999.7177 0.0000e+00
      7.547      0.018     0.6011      7.603     44.822  31.745385     3.8189      6.450   201.9112 1.2373e-01    10.9519      7.401     10.734    10.4111   999.7177 0.0000e+00
      7.549      0.015     0.5975      7.605     44.847  31.762690     3.7338      6.450   201.7595 1.2365e-01    10.9907      7.403     10.738    10.4106   999.7178 0.0000e+00
      7.551      0.015     0.5948      7.610     44.839  31.756925     3.5548      6.450   201.7098 1.2362e-01    10.9665      7.406     10.741    10.4101   999.7179 0.0000e+00
      7.553      0.019     0.5928      7.627     44.814  31.739120     3.4283      6.450   201.7413 1.2366e-01    10.9342      7.407     10.742    10.4100   999.7179 0.0000e+00
      7.557      0.025     0.5956      7.639     44.812  31.737759     3.4058      6.449   201.8823 1.2365e-01    10.9428      7.410     10.745    10.4098   999.7179 0.0000e+00
      7.565      0.030     0.5947      7.664     44.816  31.740472     3.4355      6.447   202.2096 1.2363e-01    10.9329      7.417     10.758    10.4096   999.7180 0.0000e+00
      7.576      0.034     0.5944      7.711     44.861  31.771920     3.5495      6.447   202.2574 1.2361e-01    10.9521      7.430     10.776    10.4095   999.7181 0.0000e+00
      7.587      0.038     0.5973      7.723     44.902  31.800759     3.7342      6.447   201.8574 1.2353e-01    11.0717      7.442     10.793    10.4095   999.7181 0.0000e+00
      7.596      0.039     0.5972      7.693     44.862  31.771920     3.8374      6.446   201.6747 1.2347e-01    11.1428      7.450     10.805    10.4093   999.7182 0.0000e+00
      7.605      0.039     0.5977      7.680     44.818  31.740474     3.8435      6.445   201.9416 1.2350e-01    11.1605      7.458     10.817    10.4090   999.7182 0.0000e+00
      7.615      0.038     0.6049      7.689     44.815  31.737770     3.8088      6.444   202.2456 1.2357e-01    11.1829      7.467     10.831    10.4087   999.7183 0.0000e+00
      7.626      0.036     0.6060      7.686     44.817  31.739235     3.7420      6.444   202.3388 1.2358e-01    11.1387      7.479     10.848    10.4084   999.7184 0.0000e+00
      7.637      0.035     0.6005      7.680     44.843  31.758183     3.6940      6.444   202.2943 1.2358e-01    11.0723      7.492     10.866    10.4081   999.7185 0.0000e+00
      7.646      0.034     0.5998      7.680     44.868  31.776534     3.6869      6.444   202.2234 1.2356e-01    11.0673      7.500     10.877    10.4078   999.7185 0.0000e+00
      7.653      0.032     0.6025      7.680     44.859  31.770775     3.7032      6.444   202.1699 1.2355e-01    11.1128      7.504     10.883    10.4074   999.7186 0.0000e+00
      7.660      0.029     0.6014      7.687     44.833  31.751998     3.7201      6.442   202.1636 1.2355e-01    11.1415      7.511     10.894    10.4073   999.7186 0.0000e+00
      7.668      0.028     0.6001      7.688     44.816  31.739847     3.7195      6.440   202.1471 1.2355e-01    11.1390      7.521     10.907    10.4079   999.7186 0.0000e+00
      7.675      0.028     0.6012      7.658     44.832  31.750750     3.6956      6.440   202.1427 1.2359e-01    11.1517      7.527     10.916    10.4089   999.7186 0.0000e+00
      7.681      0.029     0.6003      7.624     44.842  31.756934     3.6601      6.439   202.3684 1.2364e-01    11.1228      7.532     10.925    10.4095   999.7185 0.0000e+00
      7.688      0.029     0.6010      7.619     44.835  31.751166     3.6428      6.439   202.6390 1.2364e-01    11.0298      7.539     10.934    10.4091   999.7186 0.0000e+00
      7.696      0.029     0.6030      7.615     44.826  31.744455     3.6487      6.439   202.6610 1.2362e-01    10.9542      7.547     10.946    10.4087   999.7187 0.0000e+00
      7.705      0.029     0.5994      7.602     44.819  31.739225     3.6456      6.439   202.6343 1.2364e-01    10.8959      7.556     10.959    10.4083   999.7188 0.0000e+00
      7.712      0.028     0.5945      7.585     44.837  31.751385     3.6047      6.438   202.6606 1.2370e-01    10.9424      7.563     10.969    10.4075   999.7189 0.0000e+00
      7.719      0.025     0.5967      7.559     44.855  31.764584     3.5454      6.438   202.6348 1.2370e-01    11.1053      7.570     10.979    10.4067   999.7190 0.0000e+00
      7.726      0.023     0.5959      7.536     44.864  31.771921     3.5203      6.437   202.8386 1.2365e-01    11.2165      7.578     10.990    10.4061   999.7191 0.0000e+00
      7.731      0.021     0.5945      7.519     44.866  31.776649     3.5203      6.436   203.2318 1.2360e-01    11.2575      7.582     10.998    10.4056   999.7191 0.0000e+00
      7.735      0.021     0.5942      7.516     44.834  31.758306     3.5070      6.435   203.3448 1.2358e-01    11.2233      7.586     11.001    10.4050   999.7192 0.0000e+00
      7.738      0.021     0.5907      7.518     44.804  31.740483     3.4647      6.435   203.3452 1.2363e-01    11.1811      7.588     11.006    10.4047   999.7193 0.0000e+00
      7.743      0.021     0.5899      7.519     44.818  31.751498     3.4094      6.435   203.2367 1.2369e-01    11.2279      7.592     11.012    10.4056   999.7192 0.0000e+00
      7.751      0.022     0.5873      7.524     44.836  31.764593     3.3829      6.434   202.9796 1.2367e-01    11.2389      7.602     11.024    10.4097   999.7188 0.0000e+00
      7.759      0.023     0.5879      7.541     44.846  31.771920     3.3911      6.433   203.3333 1.2362e-01    11.1772      7.611     11.038    10.4156   999.7183 0.0000e+00
