Data/DataNotYetUploadedToEDI/Raw_CTD/RawDownloads/071320_fcr50_secondDownload_0001.cnv
* Sea-Bird SBE19plus  Data File:
* FileName = C:\DATA\071320_fcr50_secondDownload_0001.hex
* Software version 2.8.0.119
* Temperature SN = 7809
* Conductivity SN = 7809
* System UpLoad Time = Jul 13 2020 14:09:23
* <ApplicationData>
* <Seaterm232>
# nquan = 16
# nvalues = 2506                        
# units = specified
# name 0 = depFM: Depth [fresh water, m]
# name 1 = dz/dtM: Descent Rate [m/s]
# name 2 = sbeox0ML/L: Oxygen, SBE 43 [ml/l]
# name 3 = sbeox0PS: Oxygen, SBE 43 [% saturation]
# name 4 = specc: Specific Conductance [uS/cm]
# name 5 = c0uS/cm: Conductivity [uS/cm]
# name 6 = flECO-AFL: Fluorescence, WET Labs ECO-AFL/FL [mg/m^3]
# name 7 = ph: pH
# name 8 = orp: Oxidation Reduction Potential [mV]
# name 9 = par/sat/log: PAR/Logarithmic, Satlantic
# name 10 = turbWETntu0: Turbidity, WET Labs ECO [NTU]
# name 11 = prdM: Pressure, Strain Gauge [db]
# name 12 = prdE: Pressure, Strain Gauge [psi]
# name 13 = tv290C: Temperature [ITS-90, deg C]
# name 14 = density00: Density [density, kg/m^3]
# name 15 = flag:  0.000e+00
# span 0 =     -0.694,      0.604       
# span 1 =     -0.574,      2.348       
# span 2 =     2.7256,     5.4044       
# span 3 =     47.858,     94.520       
# span 4 =      1.206,     44.509       
# span 5 =   1.224949,  44.850431       
# span 6 =    -3.3040,   267.0385       
# span 7 =     -2.122,      8.891       
# span 8 = -1240.7455,   879.6663       
# span 9 = 8.7011e+01, 2.2132e+03       
# span 10 =   -11.3809,   962.4541      
# span 11 =     -0.681,      0.593      
# span 12 =     -0.988,      0.860      
# span 13 =    24.5686,    25.8282      
# span 14 =   996.8468,   997.1623      
# span 15 = 0.0000e+00, 0.0000e+00      
# interval = seconds: 0.25
# start_time = Jul 12 2020 21:02:28 [Instrument's time stamp, header]
# bad_flag = -9.990e-29
*END*
[from data line 272]
     -0.692 -4.650e-28     5.3377     92.163      3.831   3.825691    -0.9224      6.458 -1240.7455 1.1878e+02     0.2230     -0.678     -0.984    24.9355   997.0692 0.0000e+00
     -0.692 -4.227e-29     5.3354     92.168      3.818   3.813341    -0.7914      6.457 -1240.7455 1.1774e+02     0.4889     -0.678     -0.984    24.9336   997.0697 0.0000e+00
     -0.692 -3.843e-30     5.3327     92.172      3.818   3.813464    -0.5414      6.456 -1240.7455 1.1633e+02     1.1464     -0.679     -0.984    24.9319   997.0701 0.0000e+00
     -0.692 -3.494e-31     5.3353     92.186      3.832   3.827173    -0.4070      6.456 -1240.7455 1.1517e+02     1.5459     -0.678     -0.984    24.9299   997.0706 0.0000e+00
     -0.692 -3.176e-32     5.3356     92.196      3.858   3.852393    -0.4065      6.457 -1240.7455 1.1418e+02     1.5430     -0.678     -0.984    24.9280   997.0711 0.0000e+00
     -0.692 -2.887e-33     5.3365     92.185      3.871   3.864968    -0.4592      6.458 -1240.7455 1.1421e+02     1.1805     -0.678     -0.984    24.9261   997.0716 0.0000e+00
     -0.692 -2.625e-34     5.3361     92.166      3.859   3.852505    -0.5487      6.459 -1240.7455 1.1536e+02     0.5613     -0.678     -0.984    24.9243   997.0721 0.0000e+00
     -0.692 -2.386e-35     5.3375     92.152      3.835   3.828420    -0.6015      6.459 -1240.7455 1.1486e+02     0.2372     -0.678     -0.983    24.9225   997.0725 0.0000e+00
     -0.692 -2.169e-36     5.3392     92.162      3.834   3.827174    -0.6107      6.459 -1240.7455 1.1128e+02     0.1462     -0.678     -0.984    24.9204   997.0730 0.0000e+00
     -0.692 -1.972e-37     5.3377     92.176      3.844   3.837448    -0.5936      6.459 -1240.7455 1.0688e+02    -0.2994     -0.678     -0.984    24.9185   997.0735 0.0000e+00
     -0.692 -1.792e-38     5.3373     92.169      3.832   3.825929    -0.5463      6.459 -1240.7455 1.0424e+02    -1.0301     -0.678     -0.984    24.9167   997.0740 0.0000e+00
     -0.692 -1.630e-39     5.3353     92.156      3.821   3.814608    -0.5167      6.459 -1240.7455 1.0400e+02    -1.4103     -0.679     -0.985    24.9149   997.0744 0.0000e+00
     -0.692 -1.482e-40     5.3370     92.157      3.834   3.827277    -0.5210      6.460 -1240.7455 1.0431e+02    -1.4635     -0.678     -0.983    24.9129   997.0750 0.0000e+00
     -0.692 -1.347e-41     5.3390     92.162      3.859   3.852402    -0.5414      6.460 -1240.7455 1.0376e+02    -1.5023     -0.678     -0.984    24.9110   997.0755 0.0000e+00
     -0.692 -1.224e-42     5.3378     92.161      3.872   3.864969    -0.6870      6.460 -1240.7455 1.0378e+02    -1.3641     -0.679     -0.985    24.9093   997.0759 0.0000e+00
     -0.692 -1.096e-43     5.3368     92.170      3.860   3.852506    -0.9461      6.460 -1240.7455 1.0534e+02    -1.0281     -0.678     -0.984    24.9079   997.0762 0.0000e+00
     -0.692 8.6082e-45     5.3372     92.182      3.836   3.828421    -1.0795      6.460 -1240.7455 1.2180e+02    -0.8045     -0.678     -0.983    24.9068   997.0765 0.0000e+00
     -0.692 2.0509e-43     5.3385     92.180      3.835   3.827185    -1.0705      6.461 -1240.7455 3.0973e+02    -0.7546     -0.678     -0.984    24.9052   997.0769 0.0000e+00
     -0.692 2.2660e-42     5.3373     92.174      3.845   3.837561    -1.0087      6.461 -1240.7455 4.8373e+02    -1.0083     -0.678     -0.984    24.9036   997.0774 0.0000e+00
     -0.692 2.4927e-41     5.3387     92.182      3.835   3.827175    -0.9140      6.460 -1240.7455 3.1533e+02    -1.5372     -0.678     -0.984    24.9018   997.0778 0.0000e+00
     -0.692 2.7420e-40     5.3400     92.193      3.836   3.828317    -0.8705      6.460 -1240.7455 1.5087e+02    -1.7937     -0.679     -0.984    24.9000   997.0782 0.0000e+00
     -0.692 3.0162e-39     5.3397     92.192      3.860   3.851364    -0.8729      6.460 -1240.7455 3.8387e+02    -1.7071     -0.678     -0.984    24.8986   997.0786 0.0000e+00
     -0.692 3.3178e-38     5.3390     92.186      3.860   3.852412    -0.8861      6.460 -1240.7455 6.1084e+02    -1.3139     -0.679     -0.984    24.8966   997.0792 0.0000e+00
     -0.692 3.6496e-37     5.3399     92.183      3.849   3.840987    -0.9246      6.460 -1240.7455 3.8170e+02    -0.7127     -0.678     -0.984    24.8946   997.0796 0.0000e+00
     -0.692 4.0146e-36     5.3415     92.191      3.848   3.839939    -0.9483      6.461 -1240.7455 1.3281e+02    -0.3781     -0.678     -0.984    24.8931   997.0799 0.0000e+00
     -0.692 4.4160e-35     5.3408     92.190      3.848   3.839740    -0.9432      6.460 -1240.7455 1.1061e+02    -0.2555     -0.678     -0.983    24.8913   997.0805 0.0000e+00
     -0.692 4.8576e-34     5.3411     92.172      3.847   3.838580    -0.9585      6.459 -1240.7455 1.0971e+02     0.1864     -0.678     -0.984    24.8897   997.0809 0.0000e+00
     -0.692 5.3434e-33     5.3401     92.157      3.834   3.825919    -0.9998      6.459 -1240.7455 1.1497e+02     0.9477     -0.678     -0.984    24.8881   997.0813 0.0000e+00
     -0.692 5.8777e-32     5.3417     92.155      3.822   3.813361    -1.0131      6.459 -1240.7455 1.6209e+02     1.3964     -0.679     -0.984    24.8864   997.0818 0.0000e+00
     -0.692 6.4655e-31     5.3422     92.167      3.822   3.813465    -0.9956      6.459 -1240.7455 2.4350e+02     1.4233     -0.679     -0.984    24.8849   997.0821 0.0000e+00
     -0.692 7.1120e-30     5.3403     92.170      3.836   3.827174    -0.9788      6.460 -1240.7455 2.4775e+02     1.3417     -0.678     -0.984    24.8832   997.0826 0.0000e+00
     -0.692 7.8232e-29     5.3400     92.159      3.861   3.852403    -0.8387      6.460 -1240.7455 1.7679e+02     1.1297     -0.678     -0.984    24.8815   997.0830 0.0000e+00
     -0.692 8.6056e-28     5.3393     92.157      3.874   3.865083    -0.5702      6.460 -1240.7455 1.3651e+02     0.8172     -0.679     -0.984    24.8799   997.0834 0.0000e+00
     -0.692 9.4661e-27     5.3412     92.159      3.863   3.853763    -0.4207      6.461 -1240.7455 1.3045e+02     0.6539     -0.679     -0.985    24.8782   997.0838 0.0000e+00
     -0.692 1.0413e-25     5.3418     92.164      3.852   3.842243    -0.4050      6.461 -1240.7455 1.2423e+02     0.6313     -0.678     -0.984    24.8767   997.0841 0.0000e+00
     -0.692 1.1454e-24     5.3402     92.184      3.862   3.852517    -0.4193      6.460 -1240.7455 1.1699e+02     0.5788     -0.678     -0.984    24.8750   997.0847 0.0000e+00
     -0.692 1.2599e-23     5.3408     92.196      3.861   3.851271    -0.4506      6.459 -1240.7455 1.1390e+02     0.4997     -0.678     -0.984    24.8732   997.0851 0.0000e+00
     -0.692 1.3859e-22     5.3413     92.193      3.837   3.827176    -0.4687      6.459 -1240.7455 1.1501e+02     0.4298     -0.678     -0.984    24.8715   997.0855 0.0000e+00
     -0.692 1.5245e-21     5.3406     92.198      3.825   3.814608    -0.4762      6.459 -1240.7455 1.1572e+02     0.4206     -0.678     -0.984    24.8699   997.0859 0.0000e+00
     -0.692 1.6770e-20     5.3432     92.201      3.836   3.826033    -0.5316      6.459 -1240.7455 1.1710e+02     0.9037     -0.679     -0.984    24.8681   997.0864 0.0000e+00
     -0.692 1.8447e-19     5.3442     92.186      3.849   3.838592    -0.6336      6.459 -1240.7455 1.2165e+02     1.8072     -0.679     -0.984    24.8663   997.0869 0.0000e+00
     -0.692 2.0291e-18     5.3431     92.169      3.850   3.839742    -0.6973      6.459 -1240.7455 1.2649e+02     2.2464     -0.678     -0.984    24.8644   997.0873 0.0000e+00
     -0.692 2.2321e-17     5.3442     92.173      3.850   3.839940    -0.7295      6.459 -1240.7455 1.2889e+02     2.1289     -0.679     -0.984    24.8625   997.0878 0.0000e+00
     -0.691 2.4553e-16     5.3451     92.179      3.852   3.840987    -0.7560      6.459 -1240.7455 1.3191e+02     0.9350     -0.678     -0.983    24.8607   997.0883 0.0000e+00
     -0.691 2.7008e-15     5.3440     92.169      3.863   3.852403    -0.7786      6.459 -1240.7455 1.6960e+02    -1.2366     -0.678     -0.983    24.8588   997.0888 0.0000e+00
     -0.692 2.9709e-14     5.3421     92.170      3.862   3.851261    -0.7940      6.459 -1240.7455 2.0122e+02    -2.4291     -0.678     -0.984    24.8572   997.0891 0.0000e+00
     -0.692 3.2680e-13     5.3434     92.191      3.838   3.827174    -0.7802      6.459 -1240.7455 1.6113e+02    -2.4969     -0.678     -0.984    24.8556   997.0896 0.0000e+00
     -0.692 3.5948e-12     5.3449     92.188      3.826   3.814599    -0.6778      6.459 -1240.7455 1.2130e+02    -2.1589     -0.678     -0.984    24.8541   997.0900 0.0000e+00
     -0.692 3.9542e-11     5.3430     92.157      3.837   3.825919    -0.5004      6.459 -1240.7455 1.1518e+02    -1.5699     -0.678     -0.984    24.8525   997.0903 0.0000e+00
     -0.692 4.3497e-10     5.3427     92.142      3.848   3.837334    -0.4094      6.460 -1240.7455 1.1265e+02    -1.2814     -0.679     -0.984    24.8506   997.0909 0.0000e+00
     -0.692 4.7846e-09     5.3461     92.151      3.837   3.825909    -0.4078      6.461 -1240.7455 1.1325e+02    -1.3133     -0.678     -0.984    24.8486   997.0913 0.0000e+00
     -0.692 5.2631e-08     5.3461     92.164      3.826   3.814495    -0.4237      6.460 -1240.7455 1.1463e+02    -1.3373     -0.678     -0.984    24.8466   997.0919 0.0000e+00
     -0.692 5.7894e-07     5.3429     92.182      3.838   3.826044    -0.6017      6.460 -1240.7455 1.1622e+02    -1.2625     -0.678     -0.983    24.8447   997.0924 0.0000e+00
     -0.692      0.000     5.3420     92.190      3.851   3.838831    -0.9283      6.460 -1240.7453 1.1729e+02    -1.1650     -0.678     -0.984    24.8429   997.0928 0.0000e+00
     -0.692      0.000     5.3439     92.180      3.855   3.842382    -1.1113      6.461 -1240.7433 1.1783e+02    -1.1190     -0.678     -0.984    24.8405   997.0934 0.0000e+00
     -0.692      0.001     5.3441     92.177      3.881   3.868979    -1.1258      6.461 -1240.7212 1.1746e+02    -1.0505     -0.678     -0.984    24.8385   997.0939 0.0000e+00
     -0.692      0.003     5.3461     92.178      3.920   3.906992    -1.0950      6.462 -1240.4785 1.1692e+02    -0.7145     -0.679     -0.984    24.8362   997.0945 0.0000e+00
     -0.692      0.008     5.3473     92.172      3.935   3.921860    -1.0440      6.485 -1237.8084 1.1722e+02    -0.1801     -0.678     -0.983    24.8344   997.0949 0.0000e+00
     -0.692      0.016     5.3455     92.167      4.948   4.935715    -1.0139      6.747 -1208.4376 1.1870e+02     0.1232     -0.680     -0.985    24.8316   997.0957 0.0000e+00
     -0.688      0.032     5.3461     92.166     10.975  10.969796    -0.9793      7.202  -885.3584 1.2476e+02     0.3778     -0.677     -0.981    24.8304   997.0960 0.0000e+00
     -0.680      0.061     5.3469     92.165     23.735  23.763491    -0.7309      7.389  -294.1618 1.3016e+02     2.3485     -0.667     -0.967    24.8259   997.0973 0.0000e+00
     -0.670      0.095     5.3482     92.168     34.940  35.028731    -0.3094      7.350    27.5692 1.3261e+02     5.8577     -0.657     -0.952    24.8062   997.1022 0.0000e+00
     -0.654      0.125     5.3466     92.167     37.689  37.831535    -0.0876      7.384    61.0884 1.6980e+02     7.8557     -0.653     -0.946    24.8160   997.0997 0.0000e+00
     -0.610      0.150     5.3392     92.158     36.351  36.529785    -0.0137      7.500    74.1188 4.7060e+02     8.7908     -0.613     -0.890    24.8964   997.0802 0.0000e+00
     -0.541      0.167     5.3270     92.153     35.390  35.599535     0.5267      7.660    84.1086 8.4223e+02    16.5124     -0.520     -0.754    25.0117   997.0558 0.0000e+00
     -0.485      0.175     5.3172     92.168     34.785  35.024002     1.4957      7.837    90.6727 7.5493e+02    30.5947     -0.465     -0.675    25.1156   997.0341 0.0000e+00
     -0.449      0.174     5.3102     92.231     34.254  34.520624     2.0137      8.009    95.9244 4.7837e+02    38.1902     -0.446     -0.647    25.1913   997.0143 0.0000e+00
     -0.411      0.164     5.3039     92.367     33.789  34.081925     2.0018      8.162   100.1983 3.4123e+02    38.0007     -0.402     -0.583    25.2433   997.0001 0.0000e+00
     -0.371      0.152     5.2994     92.582     33.464  33.780708     1.5049      8.297   103.4586 2.5071e+02    28.7504     -0.361     -0.524    25.2896   996.9883 0.0000e+00
     -0.334      0.144     5.2943     92.862     33.269  33.607078     0.6019      8.415   106.1767 1.9964e+02    11.6962     -0.329     -0.478    25.3376   996.9758 0.0000e+00
     -0.297      0.136     5.2933     93.228     33.150  33.505407     0.1054      8.516   108.7140 1.7291e+02     2.3315     -0.291     -0.422    25.3840   996.9638 0.0000e+00
     -0.259      0.125     5.2960     93.644     33.069  33.439739     0.0608      8.600   110.1318 1.5882e+02     1.4226     -0.253     -0.366    25.4291   996.9520 0.0000e+00
     -0.226      0.111     5.3059     94.008     33.001  33.384158     0.0627      8.669   110.4140 1.5723e+02     1.3246     -0.219     -0.318    25.4700   996.9414 0.0000e+00
     -0.198      0.098     5.3173     94.287     32.948  33.340991     0.1291      8.728   111.0071 1.5911e+02     1.3532     -0.193     -0.279    25.5035   996.9328 0.0000e+00
     -0.178      0.086     5.3353     94.451     32.896  33.298523     0.2535      8.773   111.5384 1.6166e+02     1.3911     -0.171     -0.248    25.5313   996.9256 0.0000e+00
     -0.163      0.076     5.3616     94.516     32.840  33.251392     0.3173      8.807   112.3638 1.6249e+02     1.3710     -0.158     -0.230    25.5557   996.9192 0.0000e+00
     -0.150      0.067     5.3786     94.520     32.795  33.215282     0.3176      8.831   114.0179 1.6163e+02     1.3502     -0.151     -0.219    25.5757   996.9140 0.0000e+00
     -0.131      0.058     5.3950     94.378     32.752  33.179178     0.3436      8.847   115.2763 1.5891e+02     1.3802     -0.129     -0.187    25.5915   996.9100 0.0000e+00
     -0.111      0.047     5.4027     93.965     32.699  33.132116     0.4125      8.863   115.8777 1.5824e+02     1.4237     -0.105     -0.152    25.6070   996.9060 0.0000e+00
     -0.096      0.035     5.4022     93.228     32.650  33.090411     0.4543      8.876   116.9010 1.6837e+02     1.3967     -0.093     -0.134    25.6214   996.9022 0.0000e+00
     -0.087      0.022     5.4044     92.198     32.610  33.055624     0.4486      8.886   118.5291 1.7504e+02     1.3273     -0.082     -0.118    25.6340   996.8990 0.0000e+00
     -0.088      0.010     5.3975     90.976     32.578  33.028760     0.4481      8.891   120.5060 1.6884e+02     1.3058     -0.084     -0.121    25.6463   996.8957 0.0000e+00
     -0.094      0.001     5.3745     89.785     32.566  33.019397     0.4585      8.891   122.6500 1.6722e+02     1.3435     -0.095     -0.137    25.6575   996.8928 0.0000e+00
     -0.099     -0.004     5.3299     88.877     32.551  33.005874     0.4596      8.887   124.3176 1.7022e+02     1.4060     -0.099     -0.143    25.6686   996.8898 0.0000e+00
     -0.099     -0.005     5.2690     88.323     32.536  32.992149     0.4518      8.881   125.3539 1.6950e+02     1.4429     -0.098     -0.142    25.6785   996.8872 0.0000e+00
     -0.098     -0.003     5.1940     88.097     32.524  32.980345     0.3938      8.874   126.0600 1.5980e+02     1.4462     -0.096     -0.140    25.6861   996.8852 0.0000e+00
     -0.097      0.000     5.1179     88.140     32.533  32.990050     0.2822      8.866   126.8321 1.4810e+02     1.4453     -0.095     -0.138    25.6913   996.8838 0.0000e+00
     -0.097      0.002     5.0665     88.345     32.587  33.046052     0.2180      8.856   127.8924 1.3941e+02     1.4331     -0.095     -0.138    25.6936   996.8832 0.0000e+00
     -0.097      0.002     5.0351     88.599     32.626  33.086426     0.2093      8.846   128.8993 1.3255e+02     1.4019     -0.095     -0.138    25.6946   996.8830 0.0000e+00
