Data/DataNotYetUploadedToEDI/Raw_CTD/RawDownloads/071320_fcr50_secondDownload_0002.cnv
* Sea-Bird SBE19plus  Data File:
* FileName = C:\DATA\071320_fcr50_secondDownload_0002.hex
* Software version 2.8.0.119
* Temperature SN = 7809
* Conductivity SN = 7809
* System UpLoad Time = Jul 13 2020 14:10:02
* <ApplicationData>
* <Seaterm232>
# nquan = 16
# nvalues = 1513                        
# units = specified
# name 0 = depFM: Depth [fresh water, m]
# name 1 = dz/dtM: Descent Rate [m/s]
# name 2 = sbeox0ML/L: Oxygen, SBE 43 [ml/l]
# name 3 = sbeox0PS: Oxygen, SBE 43 [% saturation]
# name 4 = specc: Specific Conductance [uS/cm]
# name 5 = c0uS/cm: Conductivity [uS/cm]
# name 6 = flECO-AFL: Fluorescence, WET Labs ECO-AFL/FL [mg/m^3]
# name 7 = ph: pH
# name 8 = orp: Oxidation Reduction Potential [mV]
# name 9 = par/sat/log: PAR/Logarithmic, Satlantic
# name 10 = turbWETntu0: Turbidity, WET Labs ECO [NTU]
# name 11 = prdM: Pressure, Strain Gauge [db]
# name 12 = prdE: Pressure, Strain Gauge [psi]
# name 13 = tv290C: Temperature [ITS-90, deg C]
# name 14 = density00: Density [density, kg/m^3]
# name 15 = flag:  0.000e+00
# span 0 =     -0.690,      2.904       
# span 1 =     -3.857,      4.242       
# span 2 =     2.4316,     7.6359       
# span 3 =     37.905,    122.088       
# span 4 =      1.903,     38.720       
# span 5 =   1.833225,  33.133811       
# span 6 =    -3.4429,   259.8640       
# span 7 =      6.693,      8.603       
# span 8 = -1240.7455,  1240.2295       
# span 9 = 6.5768e+01, 1.6917e+03       
# span 10 =    -9.7236,   962.4675      
# span 11 =     -0.677,      2.848      
# span 12 =     -0.983,      4.131      
# span 13 =    15.9031,    25.6982      
# span 14 =   996.8856,   998.9879      
# span 15 = 0.0000e+00, 0.0000e+00      
# interval = seconds: 0.25
# start_time = Jul 12 2020 21:14:04 [Instrument's time stamp, header]
# bad_flag = -9.990e-29
*END*
[from data line 1356]
      0.181     -0.486     3.4559     53.796     30.414  29.296033     0.7511      7.228   241.7938 8.8491e+02    11.6968      0.189      0.275    23.1760   997.5152 0.0000e+00
      0.001     -0.494     3.4025     53.176     30.283  29.085365     0.1102      7.227   241.9257 7.4084e+02    28.8461     -0.002     -0.002    23.2037   997.5077 0.0000e+00
     -0.174     -0.445     3.3372     52.818     30.507  29.075706    -0.2348      7.226   241.8981 7.0541e+02    38.1695     -0.186     -0.269    23.1956   997.5088 0.0000e+00
     -0.305     -0.353     3.2675     52.709     31.037  29.242369    -0.2538      7.227   241.8911 5.6984e+02    38.2498     -0.323     -0.469    23.1805   997.5118 0.0000e+00
     -0.374     -0.239     3.2101     52.822     31.537  29.387200    -0.2154      7.230   241.4956 3.5639e+02    28.9246     -0.387     -0.562    23.1853   997.5102 0.0000e+00
     -0.386     -0.128     3.1797     53.067     31.832  29.430775    -0.1523      7.232   240.8163 3.9148e+02    11.5594     -0.386     -0.561    23.1161   997.5266 0.0000e+00
     -0.372     -0.035     3.1805     53.361     32.009  29.451723    -0.1298      7.230   240.5610 7.8283e+02     2.0822     -0.362     -0.526    22.7365   997.6164 0.0000e+00
     -0.357      0.031     3.2134     53.666     32.031  29.386540    -0.1145      7.225   240.4743 1.2482e+03     1.2670     -0.349     -0.505    22.0917   997.7655 0.0000e+00
     -0.347      0.068     3.2587     54.017     31.973  29.276925     0.0609      7.224   240.5424 1.4727e+03     1.3942     -0.339     -0.491    21.5228   997.8937 0.0000e+00
     -0.334      0.082     3.2976     54.492     31.940  29.204730     0.3514      7.225   240.8680 1.5027e+03     1.6977     -0.333     -0.484    21.1760   997.9701 0.0000e+00
     -0.307      0.085     3.3305     55.121     31.905  29.147946     0.4984      7.229   240.7968 1.4937e+03     1.8803     -0.308     -0.446    20.9708   998.0149 0.0000e+00
     -0.270      0.083     3.3562     55.791     31.927  29.161246     0.5115      7.234   240.0254 1.4796e+03     1.9200     -0.259     -0.374    20.8526   998.0407 0.0000e+00
     -0.240      0.076     3.3811     56.287     32.009  29.238666     0.5205      7.240   239.1131 1.4738e+03     1.8346     -0.230     -0.334    20.7770   998.0570 0.0000e+00
     -0.225      0.064     3.4143     56.504     32.024  29.259347     0.5302      7.245   238.8002 1.4825e+03     1.6712     -0.217     -0.316    20.7037   998.0727 0.0000e+00
     -0.216      0.046     3.4591     56.452     31.973  29.221007     0.5338      7.248   238.9961 1.4970e+03     1.5590     -0.210     -0.305    20.6633   998.0813 0.0000e+00
     -0.210      0.028     3.5080     56.101     31.961  29.219171     0.5358      7.251   239.2443 1.5129e+03     1.5770     -0.205     -0.298    20.6586   998.0824 0.0000e+00
     -0.206      0.014     3.5412     55.443     31.971  29.237149     0.5248      7.252   239.3055 1.5235e+03     1.5793     -0.201     -0.290    20.6665   998.0808 0.0000e+00
     -0.203      0.003     3.5515     54.561     31.974  29.248083     0.4968      7.251   239.0479 1.5119e+03     1.4489     -0.199     -0.288    20.6782   998.0783 0.0000e+00
     -0.203     -0.015     3.5491     53.527     32.010  29.287950     0.4834      7.249   238.6244 1.2949e+03     1.3394     -0.198     -0.287    20.6914   998.0754 0.0000e+00
     -0.204     -0.046     3.5274     52.459     32.069  29.338564     0.4770      7.242   238.4879 7.6442e+02     1.3201     -0.199     -0.289    20.7051   998.0725 0.0000e+00
     -0.209     -0.091     3.4813     51.494     32.240  29.479428     0.4488      7.232   237.7419 2.8805e+02     1.4904     -0.204     -0.296    20.7184   998.0696 0.0000e+00
     -0.223     -0.142     3.4249     50.689     32.824  29.976098     0.3040      7.224   233.6483 1.2419e+02     3.3293     -0.211     -0.306    20.7329   998.0665 0.0000e+00
     -0.261     -0.188     3.3561     50.061     33.817  30.776083     0.0529      7.222   227.4518 1.0648e+02     6.6628     -0.241     -0.349    20.7492   998.0629 0.0000e+00
     -0.333     -0.215     3.2851     49.641     34.904  31.538976    -0.0896      7.224   224.5968 1.0475e+02     8.4577     -0.319     -0.462    20.7466   998.0631 0.0000e+00
     -0.423     -0.215     3.2265     49.476     35.862  32.094276    -0.0743      7.229   227.9514 1.0631e+02     8.4492     -0.419     -0.608    20.7163   998.0691 0.0000e+00
     -0.505     -0.187     3.1768     49.629     36.486  32.350701     0.3526      7.233   234.7149 1.0555e+02     6.4906     -0.504     -0.731    20.6887   998.0748 0.0000e+00
     -0.562     -0.135     3.1443     50.193     36.761  32.354930     1.1423      7.237   238.9185 1.3049e+02     2.8704     -0.564     -0.817    20.5792   998.0982 0.0000e+00
     -0.583     -0.070     3.1374     51.162     36.862  32.271994     1.5585      7.241   239.8879 4.5330e+02     0.8981     -0.585     -0.847    20.2323   998.1714 0.0000e+00
     -0.571     -0.010     3.1576     52.510     36.949  32.235959     1.5415      7.244   240.4131 1.0420e+03     0.8056     -0.563     -0.817    19.7343   998.2745 0.0000e+00
     -0.546      0.034     3.1925     54.620     37.096  32.299781     1.0698      7.247   240.7943 1.3506e+03     1.6836     -0.533     -0.774    19.2950   998.3632 0.0000e+00
     -0.522      0.055     3.2481     57.969     37.258  32.409102     0.2044      7.251   240.8836 1.3497e+03     3.2743     -0.511     -0.742    18.9703   998.4273 0.0000e+00
     -0.503      0.057     3.3341     62.538     37.424  32.542556    -0.2625      7.253   240.6319 1.0445e+03     4.1085     -0.491     -0.712    18.7416   998.4717 0.0000e+00
     -0.490      0.047     3.4195     67.893     37.615  32.707856    -0.2826      7.255   240.2466 4.6097e+02     4.1819     -0.479     -0.695    18.5954   998.4998 0.0000e+00
     -0.482      0.033     3.5474     73.459     37.814  32.884967    -0.1064      7.256   240.0109 1.5726e+02     4.4024     -0.472     -0.684    18.5152   998.5152 0.0000e+00
     -0.477      0.021     3.7726     78.716     37.978  33.034326     0.2184      7.254   239.9330 3.6632e+02     4.7485     -0.467     -0.677    18.4803   998.5220 0.0000e+00
     -0.474      0.012     4.0842     83.325     38.064  33.117879     0.4015      7.245   239.9925 5.9053e+02     4.8997     -0.465     -0.673    18.4691   998.5242 0.0000e+00
     -0.474      0.002     4.4493     86.984     38.072  33.133811     0.4485      7.230   239.2678 4.3979e+02     4.8570     -0.464     -0.674    18.4703   998.5240 0.0000e+00
     -0.474     -0.014     4.8268     89.379     37.803  32.909723     0.7863      7.217   237.1070 3.1044e+02     4.3694     -0.465     -0.675    18.4770   998.5228 0.0000e+00
     -0.474     -0.043     5.1777     90.556     34.557  30.091217     1.4244      7.211   235.4624 2.7931e+02     3.5017     -0.465     -0.674    18.4861   998.5211 0.0000e+00
     -0.474     -0.078     5.4828     90.879     23.973  20.876953     1.7844      7.211   236.0748 1.6378e+02     3.0177     -0.463     -0.671    18.4972   998.5191 0.0000e+00
     -0.487     -0.108     5.7339     90.654     10.855   9.453035     1.8099      7.215   236.5958 1.0733e+02     2.9452     -0.467     -0.678    18.5108   998.5165 0.0000e+00
     -0.529     -0.125     5.8869     90.095      4.580   3.988528     1.6947      7.210   236.0839 1.0497e+02     3.1414     -0.506     -0.734    18.5247   998.5137 0.0000e+00
     -0.595     -0.129     5.9502     89.404      3.783   3.296171     0.5060      7.197   236.9403 9.8132e+01     5.5279     -0.587     -0.852    18.5386   998.5107 0.0000e+00
     -0.654     -0.119     5.9658     88.721      3.711   3.235946    -1.6527      7.183   238.6909 9.1347e+01     9.8606     -0.658     -0.955    18.5409   998.5061 0.0000e+00
     -0.679     -0.093     5.9481     88.107      3.591   3.133640    -2.8145      7.163   239.9563 9.0410e+01    12.2001     -0.672     -0.976    18.5288   998.5026 0.0000e+00
     -0.684     -0.057     5.9051     87.573      3.434   3.009524    -2.6881      7.139   241.1411 9.2587e+01    12.3896     -0.669     -0.972    18.5400   998.4996 0.0000e+00
     -0.684     -0.021     5.8541     87.078      3.317   2.939029    -0.1046      7.117   242.8643 9.4847e+01    12.1522     -0.673     -0.975    18.5599   998.4962 0.0000e+00
     -0.682      0.002     5.8051     86.616      3.238   2.914874     4.6271      7.100   245.5617 1.0139e+02    11.6649     -0.670     -0.972    18.5894   998.4905 0.0000e+00
     -0.677      0.011     5.7618     86.252      3.183   2.907600     7.1908      7.088   249.0620 1.3588e+02    11.3382     -0.665     -0.965    18.6079   998.4868 0.0000e+00
     -0.670      0.013     5.7209     86.022      3.153   2.914485     7.3838      7.080   252.4910 3.2295e+02    10.9827     -0.656     -0.951    18.6761   998.4740 0.0000e+00
     -0.665      0.013     5.6266     85.878      3.215   2.998164     6.9992      7.075   255.1009 5.0581e+02     7.8817     -0.650     -0.943    19.2235   998.3668 0.0000e+00
     -0.664      0.012     5.5007     85.772      3.298   3.095794     6.2322      7.072   257.7311 7.1381e+02     2.3414     -0.652     -0.946    20.0662   998.1966 0.0000e+00
     -0.664      0.009     5.4060     85.693      3.266   3.081284     5.7767      7.069   261.1489 8.7913e+02     1.1595     -0.652     -0.946    20.7222   998.0587 0.0000e+00
     -0.661      0.007     5.3370     85.636      3.114   2.949464     5.5260      7.067   264.4178 5.3661e+02    22.6026     -0.647     -0.939    21.2579   997.9427 0.0000e+00
     -0.659      0.005     5.2909     85.605      2.914   2.769057     3.2487      7.066   267.1419 3.4353e+02   261.6077     -0.646     -0.937    21.6337   997.8598 0.0000e+00
     -0.657      0.005     5.2535     85.606      2.674   2.547195    -0.9488      7.066   269.7373 4.8623e+02   699.7259     -0.644     -0.934    21.9306   997.7930 0.0000e+00
     -0.657      0.004     5.2235     85.632      2.535   2.420939    -3.2524      7.065   272.3953 4.8218e+02   938.6071     -0.644     -0.934    22.1879   997.7347 0.0000e+00
     -0.657      0.003     5.2026     85.651      2.490   2.382853    -3.4429      7.064   275.7049 4.4856e+02   960.2899     -0.646     -0.936    22.3556   997.6961 0.0000e+00
     -0.656      0.002     5.1848     85.661      2.308   2.213401    -3.3378      7.062   279.6391 2.8804e+02   962.3031     -0.643     -0.933    22.5172   997.6588 0.0000e+00
     -0.654      0.002     5.1721     85.704      2.168   2.082610    -2.0673      7.061   283.3106 1.5017e+02   962.4675     -0.641     -0.930    22.6462   997.6286 0.0000e+00
     -0.654      0.002     5.1651     85.764      2.151   2.068500     0.3225      7.061   286.2843 3.5375e+02   962.2432     -0.642     -0.931    22.7400   997.6067 0.0000e+00
     -0.655      0.001     5.1571     85.800      2.122   2.042801     2.1443      7.061   288.1470 5.5570e+02   960.2442     -0.642     -0.931    22.8448   997.5822 0.0000e+00
     -0.655      0.001     5.1449     85.804      2.103   2.025292     8.2390      7.061   289.5701 3.5851e+02   938.6058     -0.644     -0.934    22.9470   997.5581 0.0000e+00
     -0.655      0.001     5.1412     85.777      2.059   1.983512    74.0415      7.061   291.6177 1.3791e+02   700.0661     -0.643     -0.932    23.0242   997.5398 0.0000e+00
     -0.654      0.001     5.1386     85.789      1.990   1.917744   194.6149      7.060   293.8032 1.1236e+02   262.6351     -0.640     -0.929    23.1012   997.5214 0.0000e+00
     -0.653      0.001     5.1355     85.929      1.934   1.863599   259.8640      7.059   295.9482 1.0282e+02    24.0106     -0.642     -0.930    23.1492   997.5101 0.0000e+00
     -0.653      0.001     5.1350     86.097      1.905   1.835651   259.8407      7.060   297.8506 9.7981e+01     2.3926     -0.641     -0.928    23.1645   997.5065 0.0000e+00
     -0.653      0.000     5.1316     86.160      1.903   1.833225   194.1804      7.061   299.3381 1.0083e+02     1.2882     -0.641     -0.929    23.1715   997.5047 0.0000e+00
     -0.653 1.8461e-08     5.1276     86.179      1.904   1.834260    72.8324      7.061   301.1143 1.0676e+02     2.6918     -0.641     -0.930    23.1727   997.5045 0.0000e+00
     -0.653 2.0307e-07     5.1396     86.208      1.919   1.848167     6.6216      7.062   303.2364 1.1018e+02     3.5709     -0.640     -0.929    23.1720   997.5047 0.0000e+00
     -0.654 1.8616e-07     5.1556     86.236      1.946   1.874678     0.5776      7.063   305.9814 1.1107e+02     3.5742     -0.641     -0.930    23.1687   997.5054 0.0000e+00
     -0.654 1.3880e-10     5.1552     86.277      1.974   1.901398    -0.2446      7.063   309.6106 1.1075e+02     2.5594     -0.641     -0.929    23.1644   997.5064 0.0000e+00
     -0.653 1.5268e-09     5.1560     86.309      1.992   1.917838    -0.7735      7.064   312.9587 1.0911e+02     0.7433     -0.641     -0.930    23.1591   997.5077 0.0000e+00
     -0.652 1.6795e-08     5.1601     86.320      2.022   1.946749    -1.0199      7.065   315.3176 1.0424e+02    -0.2223     -0.640     -0.928    23.1534   997.5091 0.0000e+00
     -0.652 1.8474e-07     5.1604     86.356      2.075   1.997554    -1.0112      7.065   317.1386 9.7374e+01    -0.2234     -0.639     -0.927    23.1477   997.5104 0.0000e+00
     -0.653 1.6936e-07     5.1645     86.413      2.104   2.025324    -0.7633      7.066   318.7145 9.3789e+01     0.2831     -0.640     -0.928    23.1425   997.5117 0.0000e+00
     -0.653 1.3995e-10     5.1681     86.473      2.108   2.029110    -0.3026      7.066   320.4334 9.3588e+01     1.1305     -0.640     -0.929    23.1376   997.5129 0.0000e+00
     -0.653 1.5395e-09     5.1665     86.538      2.123   2.043333    -0.0372      7.067   322.6067 9.5311e+01     1.5764     -0.640     -0.928    23.1332   997.5139 0.0000e+00
     -0.653 1.6935e-08     5.1699     86.576      2.151   2.070589     0.0042      7.068   324.3414 9.9879e+01     1.5889     -0.641     -0.929    23.1290   997.5149 0.0000e+00
     -0.653 1.8628e-07     5.1748     86.598      2.187   2.105261     0.0358      7.070   325.1466 1.0482e+02     1.5567     -0.639     -0.927    23.1253   997.5158 0.0000e+00
     -0.653 1.8628e-07     5.1772     86.639      2.230   2.145795     0.4301      7.072   326.2335 1.0654e+02     1.5300     -0.638     -0.926    23.1221   997.5166 0.0000e+00
     -0.653 1.6935e-08     5.1835     86.685      2.266   2.180567     1.1664      7.073   328.2769 1.0444e+02     1.4720     -0.641     -0.930    23.1189   997.5173 0.0000e+00
     -0.653 1.5396e-09     5.1856     86.730      2.295   2.208934     1.5478      7.074   330.1501 1.0008e+02     1.4040     -0.639     -0.928    23.1163   997.5179 0.0000e+00
     -0.653 1.4101e-10     5.1851     86.770      2.323   2.235380     1.5137      7.076   331.5878 9.8109e+01     1.3606     -0.640     -0.928    23.1140   997.5185 0.0000e+00
     -0.652 2.4289e-11     5.1896     86.803      2.336   2.246914     0.9067      7.077   333.0989 1.0324e+02     0.9824     -0.640     -0.928    23.1114   997.5191 0.0000e+00
     -0.652 1.3995e-10     5.1918     86.850      2.310   2.221684    -0.2218      7.077   333.8804 1.0709e+02     0.1950     -0.640     -0.927    23.1089   997.5196 0.0000e+00
     -0.652 1.5395e-09     5.1953     86.899      2.270   2.183737    -0.8492      7.078   334.3255 1.0141e+02    -0.2965     -0.640     -0.928    23.1062   997.5203 0.0000e+00
     -0.652 1.6934e-08     5.1983     86.926      2.254   2.168203    -0.9288      7.079   335.1250 9.6292e+01    -0.2915     -0.639     -0.927    23.1032   997.5211 0.0000e+00
     -0.652 1.8627e-07     5.1993     86.953      2.246   2.160571    -1.1562      7.079   335.8899 9.8162e+01     0.1864     -0.640     -0.928    23.1001   997.5218 0.0000e+00
     -0.652 1.8627e-07     5.2030     87.003      2.241   2.154801    -1.5572      7.080   336.6900 1.0229e+02     0.9501     -0.639     -0.927    23.0965   997.5227 0.0000e+00
