Data/DataNotYetUploadedToEDI/Raw_CTD/RawDownloads/071320_fcr50_secondDownload_0001.cnv
* Sea-Bird SBE19plus  Data File:
* FileName = C:\DATA\071320_fcr50_secondDownload_0001.hex
* Software version 2.8.0.119
* Temperature SN = 7809
* Conductivity SN = 7809
* System UpLoad Time = Jul 13 2020 14:09:23
* <ApplicationData>
* <Seaterm232>
# nquan = 16
# nvalues = 2506                        
# units = specified
# name 0 = depFM: Depth [fresh water, m]
# name 1 = dz/dtM: Descent Rate [m/s]
# name 2 = sbeox0ML/L: Oxygen, SBE 43 [ml/l]
# name 3 = sbeox0PS: Oxygen, SBE 43 [% saturation]
# name 4 = specc: Specific Conductance [uS/cm]
# name 5 = c0uS/cm: Conductivity [uS/cm]
# name 6 = flECO-AFL: Fluorescence, WET Labs ECO-AFL/FL [mg/m^3]
# name 7 = ph: pH
# name 8 = orp: Oxidation Reduction Potential [mV]
# name 9 = par/sat/log: PAR/Logarithmic, Satlantic
# name 10 = turbWETntu0: Turbidity, WET Labs ECO [NTU]
# name 11 = prdM: Pressure, Strain Gauge [db]
# name 12 = prdE: Pressure, Strain Gauge [psi]
# name 13 = tv290C: Temperature [ITS-90, deg C]
# name 14 = density00: Density [density, kg/m^3]
# name 15 = flag:  0.000e+00
# span 0 =     -0.694,      0.604       
# span 1 =     -0.574,      2.348       
# span 2 =     2.7256,     5.4044       
# span 3 =     47.858,     94.520       
# span 4 =      1.206,     44.509       
# span 5 =   1.224949,  44.850431       
# span 6 =    -3.3040,   267.0385       
# span 7 =     -2.122,      8.891       
# span 8 = -1240.7455,   879.6663       
# span 9 = 8.7011e+01, 2.2132e+03       
# span 10 =   -11.3809,   962.4541      
# span 11 =     -0.681,      0.593      
# span 12 =     -0.988,      0.860      
# span 13 =    24.5686,    25.8282      
# span 14 =   996.8468,   997.1623      
# span 15 = 0.0000e+00, 0.0000e+00      
# interval = seconds: 0.25
# start_time = Jul 12 2020 21:02:28 [Instrument's time stamp, header]
# bad_flag = -9.990e-29
*END*
     -0.693 2.3727e-18     5.3687     92.163      3.732   3.700478    -0.9277      0.642 -1240.7455 1.6635e+02    -0.2506     -0.679     -0.985    24.5686   997.1623 0.0000e+00
     -0.693 2.1570e-19     5.3717     92.154      3.731   3.699222    -0.9523      1.082 -1240.7455 1.6520e+02    -0.2731     -0.679     -0.985    24.5689   997.1622 0.0000e+00
     -0.693 1.9609e-20     5.3730     92.128      3.718   3.686645    -0.9563      1.435 -1240.7455 1.6555e+02    -0.2736     -0.679     -0.985    24.5693   997.1621 0.0000e+00
     -0.693 1.7827e-21     5.3715     92.101      3.707   3.675124    -0.9470      1.754 -1240.7455 1.7027e+02    -0.2563     -0.679     -0.985    24.5697   997.1620 0.0000e+00
     -0.693 1.6206e-22     5.3711     92.094      3.718   3.686634    -0.9447      2.039 -1240.7455 1.7613e+02    -0.2699     -0.680     -0.986    24.5700   997.1619 0.0000e+00
     -0.693 1.4733e-23     5.3712     92.074      3.731   3.699096    -0.9473      2.290 -1240.7455 1.7920e+02    -0.2667     -0.680     -0.986    24.5701   997.1619 0.0000e+00
     -0.693 1.3394e-24     5.3694     92.051      3.731   3.699095    -0.9498      2.500 -1240.7455 1.8025e+02    -0.2171     -0.679     -0.985    24.5707   997.1617 0.0000e+00
     -0.693 1.2176e-25     5.3662     92.068      3.718   3.686623    -0.9465      2.666 -1240.7455 1.8076e+02    -0.1853     -0.679     -0.985    24.5712   997.1616 0.0000e+00
     -0.693 1.1069e-26     5.3676     92.104      3.706   3.675010    -0.9366      2.846 -1240.7455 1.7813e+02    -0.2256     -0.679     -0.985    24.5715   997.1616 0.0000e+00
     -0.693 1.0063e-27     5.3664     92.130      3.716   3.685386    -0.9352      3.056 -1240.7455 1.7089e+02    -0.2925     -0.680     -0.986    24.5720   997.1614 0.0000e+00
     -0.693 9.1480e-29     5.3625     92.125      3.716   3.685376    -0.9386      3.233 -1240.7455 1.6278e+02    -0.3077     -0.680     -0.986    24.5723   997.1613 0.0000e+00
     -0.693 8.3165e-30     5.3653     92.094      3.706   3.674886    -0.9300      3.354 -1240.7455 1.5972e+02    -0.3072     -0.680     -0.986    24.5724   997.1613 0.0000e+00
     -0.693 7.5600e-31     5.3674     92.074      3.716   3.685262    -0.9275      3.433 -1240.7455 1.6245e+02    -0.3206     -0.680     -0.986    24.5728   997.1612 0.0000e+00
     -0.693 6.8730e-32     5.3694     92.069      3.715   3.684119    -0.9361      3.365 -1240.7455 1.6584e+02    -0.2968     -0.679     -0.985    24.5731   997.1611 0.0000e+00
     -0.693 6.2480e-33     5.3696     92.067      3.692   3.661073    -0.9298      3.035 -1240.7455 1.6795e+02    -0.2605     -0.680     -0.986    24.5736   997.1610 0.0000e+00
     -0.693 5.6800e-34     5.3658     92.070      3.691   3.660034    -0.9272      2.663 -1240.7455 1.6990e+02    -0.2600     -0.680     -0.986    24.5743   997.1608 0.0000e+00
     -0.693 5.1635e-35     5.3653     92.066      3.702   3.671552    -0.9432      2.584 -1240.7455 1.7244e+02    -0.2897     -0.680     -0.986    24.5746   997.1608 0.0000e+00
     -0.693 4.6943e-36     5.3654     92.067      3.704   3.673628    -0.9414      2.691 -1240.7455 1.7596e+02    -0.3104     -0.680     -0.986    24.5749   997.1607 0.0000e+00
     -0.693 4.2676e-37     5.3645     92.089      3.716   3.685138    -0.9243      2.571 -1240.7455 1.7667e+02    -0.2696     -0.680     -0.986    24.5752   997.1606 0.0000e+00
     -0.693 3.8796e-38     5.3656     92.104      3.715   3.684004    -0.9279      2.264 -1240.7455 1.7550e+02    -0.2085     -0.680     -0.986    24.5758   997.1604 0.0000e+00
     -0.693 3.5269e-39     5.3647     92.107      3.691   3.659917    -0.9377      2.274 -1240.7455 1.8110e+02    -0.1554     -0.680     -0.986    24.5762   997.1603 0.0000e+00
     -0.693 3.2063e-40     5.3638     92.123      3.678   3.647327    -0.9368      2.929 -1240.7455 1.9117e+02    -0.0742     -0.680     -0.986    24.5763   997.1603 0.0000e+00
     -0.693 2.9148e-41     5.3666     92.129      3.689   3.658490    -0.9359      3.985 -1240.7455 1.9693e+02     0.0177     -0.679     -0.985    24.5768   997.1602 0.0000e+00
     -0.693 2.6498e-42     5.3676     92.116      3.699   3.668183    -0.9368      4.874 -1240.7455 2.0067e+02     0.0283     -0.679     -0.985    24.5771   997.1601 0.0000e+00
     -0.693 2.4089e-43     5.3661     92.113      3.668   3.637804    -0.9483      5.420 -1240.7455 2.0581e+02    -0.1170     -0.679     -0.985    24.5772   997.1601 0.0000e+00
     -0.693 2.1899e-44     5.3686     92.113      3.638   3.607959    -0.9499      5.823 -1240.7455 2.0823e+02    -0.2630     -0.680     -0.986    24.5774   997.1600 0.0000e+00
     -0.693 1.9908e-45     5.3692     92.093      3.654   3.624104    -0.9280      6.128 -1240.7455 2.0646e+02    -0.2602     -0.680     -0.986    24.5776   997.1600 0.0000e+00
     -0.693 1.8099e-46     5.3670     92.072      3.673   3.642954    -0.9218      6.301 -1240.7455 2.0544e+02    -0.2551     -0.680     -0.986    24.5781   997.1599 0.0000e+00
     -0.694 1.6454e-47     5.3673     92.076      3.676   3.645800    -0.9320      6.392 -1240.7455 2.0545e+02    -0.1676     -0.680     -0.987    24.5783   997.1598 0.0000e+00
     -0.694 1.4969e-48     5.3682     92.094      3.689   3.658521    -0.9273      6.452 -1240.7455 2.0055e+02     0.0773     -0.680     -0.987    24.5786   997.1597 0.0000e+00
     -0.693 1.4911e-49     5.3662     92.112      3.700   3.670053    -0.9229      6.476 -1240.7455 1.9445e+02     0.1997     -0.680     -0.986    24.5789   997.1597 0.0000e+00
     -0.693 1.5683e-49     5.3640     92.113      3.689   3.658520    -0.9459      6.467 -1240.7455 2.1567e+02     0.1790     -0.680     -0.986    24.5789   997.1597 0.0000e+00
     -0.694 1.5902e-48     5.3651     92.104      3.676   3.645782    -0.9658      6.453 -1240.7455 5.2301e+02     0.1016     -0.680     -0.987    24.5791   997.1596 0.0000e+00
     -0.694 1.7480e-47     5.3660     92.115      3.673   3.642760    -0.9542      6.423 -1240.7455 8.4313e+02    -0.0146     -0.680     -0.987    24.5793   997.1596 0.0000e+00
     -0.693 1.9228e-46     5.3677     92.120      3.652   3.621974    -0.9487      6.378 -1240.7455 9.2061e+02    -0.0940     -0.680     -0.986    24.5793   997.1596 0.0000e+00
     -0.693 2.1151e-45     5.3678     92.097      3.615   3.584523    -0.9657      6.361 -1240.7455 1.2468e+03    -0.1370     -0.680     -0.986    24.5796   997.1595 0.0000e+00
     -0.693 2.3266e-44     5.3657     92.083      3.600   3.570070    -0.9695      6.354 -1240.7455 1.5384e+03    -0.1915     -0.680     -0.986    24.5797   997.1595 0.0000e+00
     -0.693 2.5593e-43     5.3675     92.083      3.604   3.573934    -0.9559      6.152 -1240.7455 1.5518e+03    -0.2715     -0.680     -0.986    24.5796   997.1595 0.0000e+00
     -0.693 2.8152e-42     5.3690     92.084      3.598   3.567889    -0.9442      5.312 -1240.7455 1.5686e+03    -0.3486     -0.680     -0.986    24.5798   997.1594 0.0000e+00
     -0.693 3.0967e-41     5.3656     92.094      3.590   3.560335    -0.9429      3.528 -1240.7455 1.5443e+03    -0.3682     -0.680     -0.986    24.5799   997.1594 0.0000e+00
     -0.693 3.4064e-40     5.3651     92.104      3.576   3.545948    -0.9494      1.214 -1240.7455 1.2428e+03    -0.3031     -0.680     -0.986    24.5800   997.1594 0.0000e+00
     -0.693 3.7471e-39     5.3658     92.110      3.551   3.520658    -0.9468     -0.742 -1240.7455 9.6092e+02    -0.2479     -0.679     -0.985    24.5799   997.1594 0.0000e+00
     -0.693 4.1218e-38     5.3649     92.121      3.538   3.507972    -0.9402     -1.792 -1240.7455 9.0852e+02    -0.2852     -0.680     -0.986    24.5799   997.1594 0.0000e+00
     -0.693 4.5339e-37     5.3663     92.129      3.549   3.519282    -0.9455     -2.092 -1240.7455 6.3383e+02    -0.3422     -0.680     -0.986    24.5800   997.1594 0.0000e+00
     -0.693 4.9873e-36     5.3668     92.116      3.560   3.530697    -0.9542     -2.120 -1240.7455 6.9577e+02    -0.3187     -0.680     -0.986    24.5802   997.1593 0.0000e+00
     -0.693 5.4861e-35     5.3666     92.092      3.549   3.519271    -0.9592     -2.122 -1240.7455 1.3004e+03    -0.2757     -0.680     -0.986    24.5804   997.1592 0.0000e+00
     -0.693 6.0347e-34     5.3675     92.077      3.538   3.507851    -0.9676     -2.122 -1240.7455 1.6089e+03    -0.3031     -0.679     -0.985    24.5803   997.1593 0.0000e+00
     -0.693 6.6382e-33     5.3688     92.060      3.549   3.519328    -0.9602     -2.122 -1240.7455 1.4978e+03    -0.3059     -0.679     -0.985    24.5804   997.1592 0.0000e+00
     -0.693 7.3020e-32     5.3677     92.050      3.560   3.531325    -0.9373     -2.122 -1240.7455 1.0833e+03    -0.2759     -0.679     -0.985    24.5808   997.1592 0.0000e+00
     -0.693 8.0322e-31     5.3653     92.074      3.555   3.526193    -0.9293     -2.122 -1240.7455 5.8007e+02    -0.2825     -0.679     -0.985    24.5809   997.1591 0.0000e+00
     -0.693 8.8354e-30     5.3652     92.107      3.550   3.520631    -0.9390     -2.122 -1240.7455 3.2746e+02    -0.2833     -0.679     -0.985    24.5812   997.1591 0.0000e+00
     -0.693 9.7189e-29     5.3641     92.122      3.557   3.527439    -0.9590     -2.121 -1240.7455 2.2411e+02    -0.2863     -0.679     -0.985    24.5816   997.1590 0.0000e+00
     -0.693 1.0691e-27     5.3620     92.126      3.574   3.545140    -0.9619     -2.114 -1240.7455 1.6611e+02    -0.3193     -0.680     -0.986    24.5820   997.1589 0.0000e+00
     -0.692 1.1760e-26     5.3647     92.130      3.574   3.544583    -0.9458     -2.029 -1240.7455 1.4630e+02    -0.3380     -0.679     -0.985    24.5825   997.1588 0.0000e+00
     -0.692 1.2936e-25     5.3673     92.136      3.550   3.520705    -0.9457     -1.764 -1240.7455 1.1930e+02    -0.3063     -0.679     -0.984    24.5828   997.1587 0.0000e+00
     -0.692 1.4229e-24     5.3675     92.135      3.539   3.509857    -0.9511     -1.337 -1240.7455 1.0735e+02    -0.2454     -0.679     -0.985    24.5833   997.1586 0.0000e+00
     -0.692 1.5652e-23     5.3676     92.142      3.569   3.540141    -0.9444     -0.853 -1240.7455 1.0827e+02    -0.1859     -0.679     -0.985    24.5839   997.1584 0.0000e+00
     -0.692 1.7218e-22     5.3673     92.155      3.599   3.570082    -0.9406     -0.388 -1240.7455 1.1949e+02    -0.2039     -0.679     -0.985    24.5844   997.1582 0.0000e+00
     -0.692 1.8939e-21     5.3688     92.159      3.584   3.555096    -0.9529      0.037 -1240.7455 2.3678e+02    -0.2917     -0.679     -0.985    24.5850   997.1581 0.0000e+00
     -0.692 2.0833e-20     5.3675     92.177      3.578   3.549011    -0.9594      0.376 -1240.7455 3.4603e+02    -0.3198     -0.679     -0.984    24.5855   997.1580 0.0000e+00
     -0.692 2.2917e-19     5.3680     92.206      3.589   3.559869    -0.9426      0.506 -1240.7455 2.4215e+02    -0.3034     -0.679     -0.984    24.5858   997.1579 0.0000e+00
     -0.692 2.5208e-18     5.3699     92.217      3.589   3.559671    -0.9225      0.451 -1240.7455 1.2911e+02    -0.3349     -0.678     -0.984    24.5863   997.1578 0.0000e+00
     -0.692 2.7729e-17     5.3683     92.212      3.576   3.546614    -0.7920      0.427 -1240.7455 1.5320e+02    -0.5289     -0.678     -0.984    24.5870   997.1576 0.0000e+00
     -0.692 3.0502e-16     5.3700     92.197      3.558   3.528709    -0.5470      0.533 -1240.7455 5.4342e+02    -0.8288     -0.678     -0.983    24.5875   997.1575 0.0000e+00
     -0.692 3.3552e-15     5.3724     92.183      3.562   3.533252    -0.4115      0.727 -1240.7455 1.2587e+03    -0.9744     -0.679     -0.984    24.5881   997.1573 0.0000e+00
     -0.692 3.6908e-14     5.3727     92.182      3.567   3.538185    -0.4215      0.965 -1240.7455 1.6455e+03    -0.9507     -0.679     -0.984    24.5884   997.1573 0.0000e+00
     -0.692 4.0598e-13     5.3723     92.187      3.554   3.524997    -0.7441      1.225 -1240.7455 1.6719e+03    -0.4392     -0.678     -0.983    24.5889   997.1572 0.0000e+00
     -0.692 4.4658e-12     5.3712     92.183      3.593   3.563861    -1.3366      1.500 -1240.7455 1.5820e+03     0.5416     -0.679     -0.984    24.5893   997.1570 0.0000e+00
     -0.692 4.9124e-11     5.3700     92.184      3.722   3.691311    -1.6546      1.782 -1240.7455 1.2644e+03     1.0890     -0.679     -0.984    24.5897   997.1569 0.0000e+00
     -0.692 5.4036e-10     5.3698     92.206      3.830   3.798883    -1.6705      2.064 -1240.7455 8.2093e+02     1.0979     -0.678     -0.983    24.5902   997.1568 0.0000e+00
     -0.692 5.9440e-09     5.3710     92.224      3.818   3.787459    -1.4909      2.349 -1240.7455 5.4308e+02     0.7523     -0.678     -0.984    24.5903   997.1568 0.0000e+00
     -0.692 6.5384e-08     5.3703     92.217      3.710   3.679892    -1.1417      2.636 -1240.7455 5.8354e+02     0.1373     -0.679     -0.984    24.5909   997.1566 0.0000e+00
     -0.691 7.1922e-07     5.3693     92.210      3.605   3.575342    -0.9485      2.920 -1240.7455 8.3631e+02    -0.2262     -0.678     -0.983    24.5913   997.1565 0.0000e+00
     -0.691      0.000     5.3717     92.215      3.566   3.537037    -0.9384      3.199 -1240.7455 1.0085e+03    -0.3132     -0.678     -0.983    24.5910   997.1567 0.0000e+00
     -0.691      0.000     5.3737     92.210      3.563   3.533527    -0.9434      3.476 -1240.7455 9.2035e+02    -0.3301     -0.678     -0.984    24.5898   997.1569 0.0000e+00
     -0.691      0.001     5.3723     92.195      3.563   3.532898    -0.9418      3.756 -1240.7455 6.4920e+02    -0.2930     -0.678     -0.983    24.5879   997.1574 0.0000e+00
     -0.691      0.011     5.3716     92.193      3.559   3.529442    -0.9386      4.045 -1240.7455 4.0598e+02    -0.2768     -0.678     -0.984    24.5863   997.1579 0.0000e+00
     -0.691      0.116     5.3732     92.203      3.584   3.555097    -0.9331      4.342 -1240.7455 2.6311e+02    -0.3061     -0.678     -0.983    24.5852   997.1581 0.0000e+00
     -0.691      1.274     5.3729     92.212      3.619   3.589663    -0.8464      4.634 -1240.7455 1.7841e+02    -0.3042     -0.678     -0.984    24.5847   997.1582 0.0000e+00
     -0.691      1.274     5.3710     92.214      3.597   3.567255    -0.6816      4.916 -1240.7455 1.4332e+02    -0.2537     -0.678     -0.983    24.5843   997.1583 0.0000e+00
     -0.692      0.116     5.3712     92.206      3.567   3.537576    -0.6009      5.191 -1240.7455 1.4078e+02    -0.2791     -0.678     -0.984    24.5841   997.1583 0.0000e+00
     -0.692      0.011     5.3721     92.190      3.577   3.547599    -0.6047      5.462 -1240.7455 1.8618e+02    -0.3716     -0.679     -0.985    24.5842   997.1583 0.0000e+00
     -0.692      0.001     5.3727     92.182      3.592   3.561729    -0.6134      5.721 -1240.7455 2.5727e+02    -0.4105     -0.679     -0.984    24.5840   997.1584 0.0000e+00
     -0.691      0.000     5.3729     92.198      3.612   3.581708    -0.6866      5.948 -1240.7455 2.5454e+02    -0.8515     -0.678     -0.983    24.5839   997.1584 0.0000e+00
     -0.691      0.000     5.3723     92.209      3.629   3.599103    -0.8317      6.129 -1240.7455 1.8263e+02    -1.7569     -0.678     -0.984    24.5839   997.1584 0.0000e+00
     -0.691 7.1925e-07     5.3715     92.190      3.612   3.581981    -0.9273      6.259 -1240.7455 1.3526e+02    -2.2244     -0.678     -0.984    24.5839   997.1584 0.0000e+00
     -0.691 6.5385e-08     5.3699     92.171      3.595   3.564747    -0.9458      6.342 -1240.7455 1.4662e+02    -2.1783     -0.678     -0.984    24.5841   997.1584 0.0000e+00
     -0.692 5.9440e-09     5.3717     92.183      3.611   3.580792    -0.9222      6.391 -1240.7455 1.9573e+02    -1.5425     -0.678     -0.984    24.5842   997.1583 0.0000e+00
     -0.692 5.4035e-10     5.3735     92.207      3.616   3.585920    -0.8616      6.419 -1240.7455 2.2017e+02    -0.3398     -0.678     -0.984    24.5844   997.1583 0.0000e+00
     -0.692 4.9124e-11     5.3712     92.200      3.593   3.563392    -0.8226      6.435 -1240.7455 1.8341e+02     0.3475     -0.679     -0.984    24.5844   997.1583 0.0000e+00
