Data/DataNotYetUploadedToEDI/Raw_CTD/RawDownloads/071320_fcr50_secondDownload_0001.cnv
* Sea-Bird SBE19plus  Data File:
* FileName = C:\DATA\071320_fcr50_secondDownload_0001.hex
* Software version 2.8.0.119
* Temperature SN = 7809
* Conductivity SN = 7809
* System UpLoad Time = Jul 13 2020 14:09:23
* <ApplicationData>
* <Seaterm232>
# nquan = 16
# nvalues = 2506                        
# units = specified
# name 0 = depFM: Depth [fresh water, m]
# name 1 = dz/dtM: Descent Rate [m/s]
# name 2 = sbeox0ML/L: Oxygen, SBE 43 [ml/l]
# name 3 = sbeox0PS: Oxygen, SBE 43 [% saturation]
# name 4 = specc: Specific Conductance [uS/cm]
# name 5 = c0uS/cm: Conductivity [uS/cm]
# name 6 = flECO-AFL: Fluorescence, WET Labs ECO-AFL/FL [mg/m^3]
# name 7 = ph: pH
# name 8 = orp: Oxidation Reduction Potential [mV]
# name 9 = par/sat/log: PAR/Logarithmic, Satlantic
# name 10 = turbWETntu0: Turbidity, WET Labs ECO [NTU]
# name 11 = prdM: Pressure, Strain Gauge [db]
# name 12 = prdE: Pressure, Strain Gauge [psi]
# name 13 = tv290C: Temperature [ITS-90, deg C]
# name 14 = density00: Density [density, kg/m^3]
# name 15 = flag:  0.000e+00
# span 0 =     -0.694,      0.604       
# span 1 =     -0.574,      2.348       
# span 2 =     2.7256,     5.4044       
# span 3 =     47.858,     94.520       
# span 4 =      1.206,     44.509       
# span 5 =   1.224949,  44.850431       
# span 6 =    -3.3040,   267.0385       
# span 7 =     -2.122,      8.891       
# span 8 = -1240.7455,   879.6663       
# span 9 = 8.7011e+01, 2.2132e+03       
# span 10 =   -11.3809,   962.4541      
# span 11 =     -0.681,      0.593      
# span 12 =     -0.988,      0.860      
# span 13 =    24.5686,    25.8282      
# span 14 =   996.8468,   997.1623      
# span 15 = 0.0000e+00, 0.0000e+00      
# interval = seconds: 0.25
# start_time = Jul 12 2020 21:02:28 [Instrument's time stamp, header]
# bad_flag = -9.990e-29
*END*
[from data line 1266]
     -0.617      0.000     5.1229     89.900      4.369   4.438348    -0.2528      7.313  -177.1028 3.6348e+02    -0.0195     -0.605     -0.878    25.7860   996.8489 0.0000e+00
     -0.617      0.001     5.1198     89.913      4.416   4.486029    -0.3246      7.311  -178.8273 5.4037e+02     5.6732     -0.605     -0.877    25.7858   996.8490 0.0000e+00
     -0.617      0.001     5.1191     89.913      4.384   4.452664    -0.3623      7.309  -180.4349 6.8362e+02     8.0065     -0.605     -0.877    25.7854   996.8490 0.0000e+00
     -0.616      0.001     5.1220     89.930      4.284   4.351725    -0.3756      7.308  -181.9130 7.8665e+02     7.7986     -0.605     -0.877    25.7853   996.8491 0.0000e+00
     -0.615      0.002     5.1238     89.960      4.275   4.342665    -0.3989      7.309  -183.1055 8.8890e+02     3.5371     -0.604     -0.875    25.7850   996.8491 0.0000e+00
     -0.615      0.002     5.1249     89.972      4.401   4.469835    -0.4245      7.312  -184.4416 9.4756e+02    -4.3100     -0.604     -0.875    25.7846   996.8493 0.0000e+00
     -0.615      0.002     5.1236     89.973      4.551   4.622175    -0.4377      7.315  -186.0233 8.9133e+02    -8.5958     -0.602     -0.874    25.7845   996.8492 0.0000e+00
     -0.614      0.002     5.1247     89.990      4.654   4.727365    -0.4630      7.320  -187.2586 6.5544e+02    -8.9027     -0.603     -0.873    25.7843   996.8493 0.0000e+00
     -0.613      0.002     5.1278     90.006      4.779   4.854661    -0.6351      7.323  -186.8166 3.8074e+02    -7.9173     -0.602     -0.872    25.7841   996.8494 0.0000e+00
     -0.613      0.005     5.1281     90.015      6.689   6.794883    -0.9358      7.324  -167.0843 4.4940e+02    -6.0203     -0.601     -0.872    25.7840   996.8495 0.0000e+00
     -0.613      0.015     5.1271     90.039     12.276  12.470438    -1.0942      7.322   -55.7098 7.6578e+02    -4.9860     -0.602     -0.872    25.7837   996.8496 0.0000e+00
     -0.613      0.031     5.1288     90.073     20.985  21.317057    -0.9762      7.322   116.7496 8.7748e+02    -4.8533     -0.601     -0.872    25.7836   996.8497 0.0000e+00
     -0.612      0.052     5.1303     90.105     29.039  29.498087     0.5282      7.347   201.7108 8.2944e+02    -4.2451     -0.602     -0.872    25.7835   996.8495 0.0000e+00
     -0.600      0.077     5.1295     90.124     32.298  32.809122     3.2862      7.395   206.4010 6.7143e+02    -3.1250     -0.600     -0.869    25.7833   996.8498 0.0000e+00
     -0.569      0.103     5.1315     90.132     32.422  32.935531     4.7807      7.414   205.2927 3.2991e+02    -2.5029     -0.558     -0.810    25.7831   996.8514 0.0000e+00
     -0.534      0.127     5.1334     90.132     32.353  32.866483     4.7987      7.396   203.6255 1.1939e+02    -2.3874     -0.520     -0.754    25.7833   996.8542 0.0000e+00
     -0.499      0.147     5.1355     90.135     32.285  32.799088     3.6087      7.374   201.9887 1.0430e+02    -1.3172     -0.499     -0.724    25.7838   996.8575 0.0000e+00
     -0.455      0.161     5.1362     90.197     32.241  32.755139     1.4357      7.354   200.5585 1.3235e+02     0.7213     -0.442     -0.641    25.7849   996.8578 0.0000e+00
     -0.412      0.173     5.1363     90.338     32.202  32.715782     0.2601      7.338   199.3249 4.5510e+02     1.7970     -0.404     -0.584    25.7865   996.8572 0.0000e+00
     -0.368      0.188     5.1369     90.559     32.189  32.703902     0.1511      7.328   198.6020 1.0531e+03     1.8350     -0.367     -0.532    25.7880   996.8572 0.0000e+00
     -0.321      0.200     5.1344     90.902     32.221  32.738392     0.1380      7.327   198.4435 1.3923e+03     1.8339     -0.307     -0.446    25.7896   996.8568 0.0000e+00
     -0.275      0.207     5.1379     91.361     32.234  32.752117     0.1681      7.328   198.4408 1.4317e+03     1.7492     -0.279     -0.405    25.7911   996.8566 0.0000e+00
     -0.214      0.210     5.1465     91.866     32.224  32.742964     0.2290      7.329   198.2253 1.4360e+03     1.5659     -0.218     -0.317    25.7921   996.8565 0.0000e+00
     -0.144      0.207     5.1574     92.384     32.234  32.754612     0.2734      7.329   197.8169 1.3913e+03     1.4374     -0.127     -0.185    25.7935   996.8567 0.0000e+00
     -0.090      0.193     5.1764     92.881     32.244  32.766061     0.2851      7.330   197.5472 1.2659e+03     1.3625     -0.086     -0.125    25.7956   996.8563 0.0000e+00
     -0.045      0.169     5.2049     93.267     32.232  32.754507     0.3127      7.331   197.5459 1.2763e+03     1.3814     -0.047     -0.068    25.7980   996.8559 0.0000e+00
      0.000      0.138     5.2337     93.416     32.219  32.741807     0.3883      7.332   197.7153 1.4449e+03     1.5282      0.007      0.011    25.7998   996.8556 0.0000e+00
      0.034      0.105     5.2629     93.146     32.217  32.739406     0.4459      7.333   197.9599 1.4068e+03     1.6616      0.039      0.056    25.8012   996.8554 0.0000e+00
      0.052      0.080     5.2939     92.346     32.203  32.725479     0.4559      7.333   198.2662 1.2595e+03     1.6901      0.054      0.079    25.8029   996.8550 0.0000e+00
      0.062      0.068     5.3173     91.197     32.178  32.700299     0.4712      7.331   198.4933 1.4198e+03     1.6661      0.061      0.089    25.8046   996.8546 0.0000e+00
      0.068      0.063     5.3299     90.087     32.167  32.688753     0.5074      7.327   198.3832 1.4616e+03     1.6809      0.067      0.099    25.8056   996.8544 0.0000e+00
      0.073      0.063     5.3185     89.250     32.190  32.712767     0.5301      7.325   198.1393 1.1949e+03     1.6970      0.067      0.098    25.8054   996.8544 0.0000e+00
      0.090      0.067     5.2693     88.647     32.214  32.736867     0.5357      7.324   198.2114 1.0555e+03     1.6550      0.078      0.113    25.8046   996.8547 0.0000e+00
      0.124      0.071     5.1932     88.075     32.203  32.726351     0.5755      7.324   198.4814 8.9052e+02     1.6185      0.126      0.183    25.8046   996.8549 0.0000e+00
      0.151      0.072     5.1252     87.400     32.189  32.712507     0.6583      7.324   198.8218 7.6498e+02     1.5993      0.157      0.228    25.8048   996.8549 0.0000e+00
      0.165      0.075     5.0790     86.762     32.174  32.696387     0.7169      7.322   199.8323 8.1882e+02     1.5949      0.160      0.233    25.8052   996.8549 0.0000e+00
      0.177      0.085     5.0494     86.399     32.137  32.658322     0.7309      7.318   200.9765 1.0130e+03     1.6344      0.173      0.251    25.8056   996.8548 0.0000e+00
      0.189      0.099     5.0216     86.409     32.113  32.632944     0.7519      7.316   201.1279 1.0618e+03     1.6646      0.188      0.272    25.8057   996.8548 0.0000e+00
      0.201      0.112     4.9785     86.752     32.123  32.643335     0.7886      7.317   200.9749 7.3100e+02     1.6509      0.190      0.277    25.8056   996.8549 0.0000e+00
      0.236      0.119     4.9359     87.272     32.137  32.657063     0.8035      7.318   201.1914 4.6494e+02     1.6413      0.215      0.312    25.8053   996.8551 0.0000e+00
      0.297      0.117     4.9141     87.732     32.152  32.672039     0.8083      7.321   201.4216 4.6076e+02     1.6512      0.298      0.431    25.8046   996.8556 0.0000e+00
      0.349      0.106     4.9155     87.936     32.177  32.697510     0.8173      7.323   201.6935 5.3058e+02     1.6329      0.359      0.521    25.8039   996.8561 0.0000e+00
      0.369      0.086     4.9380     87.785     32.191  32.711248     0.8461      7.324   202.0690 6.2327e+02     1.5913      0.365      0.531    25.8034   996.8562 0.0000e+00
      0.372      0.062     4.9733     87.245     32.191  32.711238     0.8990      7.324   202.3488 6.8620e+02     1.5599      0.364      0.529    25.8029   996.8564 0.0000e+00
      0.374      0.051     5.0038     86.417     32.178  32.697395     0.9220      7.320   202.6676 5.7678e+02     1.5634      0.367      0.533    25.8026   996.8565 0.0000e+00
      0.377      0.065     5.0168     85.529     32.152  32.670770     0.9241      7.315   202.8266 4.4941e+02     1.5984      0.369      0.536    25.8024   996.8566 0.0000e+00
      0.381      0.094     5.0094     84.791     32.126  32.643095     0.9341      7.313   202.7217 4.3747e+02     1.6058      0.372      0.540    25.8019   996.8567 0.0000e+00
      0.397      0.118     4.9773     84.370     32.101  32.616572     0.9384      7.313   202.8627 5.4354e+02     1.5838      0.374      0.543    25.8013   996.8569 0.0000e+00
      0.449      0.129     4.9238     84.370     32.090  32.603864     0.9376      7.315   203.1543 6.2922e+02     1.5736      0.426      0.618    25.8004   996.8573 0.0000e+00
      0.524      0.129     4.8701     84.719     32.103  32.616324     0.9342      7.317   202.9783 5.5975e+02     1.5847      0.530      0.771    25.7989   996.8582 0.0000e+00
      0.572      0.114     4.8246     85.157     32.127  32.640337     0.9449      7.319   202.4543 5.2007e+02     1.6144      0.576      0.835    25.7972   996.8588 0.0000e+00
      0.585      0.087     4.7979     85.394     32.127  32.640415     0.9712      7.322   202.2399 5.8115e+02     1.6241      0.573      0.829    25.7959   996.8591 0.0000e+00
      0.587      0.052     4.7991     85.215     32.104  32.617263     0.9862      7.324   202.3649 7.0999e+02     1.6000      0.577      0.836    25.7947   996.8594 0.0000e+00
      0.589      0.021     4.8255     84.553     32.101  32.614194     1.0016      7.326   202.5894 7.6470e+02     1.5969      0.578      0.838    25.7939   996.8596 0.0000e+00
      0.590      0.006     4.8567     83.518     32.090  32.603319     1.0146      7.327   202.8032 6.5800e+02     1.5528      0.578      0.839    25.7937   996.8597 0.0000e+00
      0.590      0.002     4.8740     82.189     32.037  32.549217     1.0106      7.328   202.9707 5.5927e+02     1.4438      0.578      0.839    25.7936   996.8598 0.0000e+00
      0.589      0.001     4.8670     80.629     32.020  32.531064     1.0005      7.328   202.9805 6.1650e+02     1.3779      0.578      0.838    25.7932   996.8599 0.0000e+00
      0.589      0.000     4.8241     79.000     32.063  32.574164     0.9960      7.329   202.8353 6.7244e+02     1.3400      0.578      0.838    25.7928   996.8600 0.0000e+00
      0.590 2.0528e-08     4.7645     77.440     32.114  32.626215     1.0232      7.330   202.8498 5.8983e+02     1.3289      0.578      0.839    25.7926   996.8600 0.0000e+00
      0.590 2.2581e-07     4.6888     76.015     32.140  32.652841     1.0626      7.331   202.9836 5.7018e+02     1.3459      0.579      0.839    25.7920   996.8602 0.0000e+00
      0.590 2.2581e-07     4.5954     74.775     32.130  32.642315     1.0726      7.332   203.1631 6.1613e+02     1.3405      0.578      0.839    25.7916   996.8602 0.0000e+00
      0.590 2.0528e-08     4.4996     73.707     32.115  32.625841     1.0667      7.333   203.5568 6.1032e+02     1.3322      0.578      0.838    25.7912   996.8604 0.0000e+00
      0.590 1.8662e-09     4.4105     72.759     32.070  32.580543     1.0673      7.333   203.8728 6.0009e+02     1.3824      0.579      0.839    25.7905   996.8606 0.0000e+00
      0.590 1.6965e-10     4.3274     71.966     32.029  32.538741     1.0708      7.333   203.8863 5.6541e+02     1.5011      0.579      0.840    25.7903   996.8607 0.0000e+00
      0.590 1.5400e-11     4.2566     71.310     32.055  32.564544     1.0706      7.332   203.8914 4.9135e+02     1.5658      0.579      0.839    25.7899   996.8608 0.0000e+00
      0.590 1.1482e-12     4.1995     70.741     32.066  32.575292     1.0654      7.332   203.8486 4.6446e+02     1.5803      0.579      0.840    25.7896   996.8608 0.0000e+00
      0.590 -3.380e-13     4.1419     70.259     32.033  32.541805     1.0652      7.333   203.7121 4.9843e+02     1.6429      0.579      0.840    25.7894   996.8609 0.0000e+00
      0.590 -2.423e-13     4.0982     69.833     32.032  32.540334     1.0876      7.335   204.0481 5.4110e+02     1.6365      0.579      0.840    25.7892   996.8609 0.0000e+00
      0.590 -2.203e-14     4.0625     69.423     32.049  32.557505     1.1264      7.335   204.8143 5.7951e+02     1.5370      0.579      0.840    25.7890   996.8610 0.0000e+00
      0.590 -2.003e-15     4.0287     69.027     32.050  32.559081     1.1424      7.335   205.2329 6.0979e+02     1.4704      0.578      0.839    25.7887   996.8610 0.0000e+00
      0.590 -1.820e-16     4.0027     68.657     32.050  32.559390     1.1297      7.335   205.2373 5.8253e+02     1.4148      0.579      0.840    25.7885   996.8611 0.0000e+00
      0.590 -1.655e-17     3.9791     68.272     32.052  32.561235     1.1249      7.336   204.9537 5.6606e+02     1.4135      0.579      0.839    25.7885   996.8611 0.0000e+00
      0.590 -1.504e-18     3.9563     67.869     32.072  32.581400     1.1326      7.336   204.5566 6.5117e+02     1.5240      0.579      0.840    25.7885   996.8611 0.0000e+00
      0.590 -1.368e-19     3.9319     67.454     32.103  32.612863     1.1361      7.336   204.8237 7.8724e+02     1.6165      0.579      0.840    25.7885   996.8611 0.0000e+00
      0.590 -1.244e-20     3.9135     67.015     32.114  32.624415     1.1297      7.335   205.6892 7.8804e+02     1.6396      0.579      0.840    25.7884   996.8611 0.0000e+00
      0.590 -1.130e-21     3.8909     66.594     32.084  32.594178     1.1219      7.335   206.2444 6.5132e+02     1.6668      0.579      0.840    25.7884   996.8611 0.0000e+00
      0.590 -1.027e-22     3.8669     66.210     32.055  32.564513     1.1277      7.335   206.3741 6.1807e+02     1.7047      0.579      0.840    25.7883   996.8612 0.0000e+00
      0.590 -9.340e-24     3.8456     65.854     32.073  32.582959     1.1431      7.336   206.2258 6.2196e+02     1.6856      0.579      0.839    25.7884   996.8611 0.0000e+00
      0.590 -8.490e-25     3.8177     65.515     32.116  32.626876     1.1460      7.336   205.9133 6.2984e+02     1.6415      0.579      0.840    25.7883   996.8612 0.0000e+00
      0.590 -7.720e-26     3.7943     65.190     32.141  32.651381     1.1336      7.337   205.9519 6.9046e+02     1.6178      0.578      0.839    25.7882   996.8612 0.0000e+00
      0.590 -7.020e-27     3.7723     64.902     32.115  32.625458     1.1261      7.337   206.2621 6.6728e+02     1.6055      0.579      0.840    25.7884   996.8611 0.0000e+00
      0.590 -6.380e-28     3.7522     64.668     32.058  32.567229     1.1324      7.336   206.3936 5.9529e+02     1.6305      0.579      0.840    25.7883   996.8612 0.0000e+00
      0.590 -5.800e-29     3.7334     64.473     32.010  32.518360     1.1425      7.336   206.4246 6.0390e+02     1.6446      0.579      0.840    25.7880   996.8613 0.0000e+00
      0.590 -5.275e-30     3.7137     64.257     32.033  32.542153     1.1431      7.336   206.4650 6.1158e+02     1.6044      0.579      0.839    25.7882   996.8612 0.0000e+00
      0.590 -4.794e-31     3.6975     63.993     32.091  32.601120     1.1593      7.336   206.5369 6.1550e+02     1.5914      0.579      0.840    25.7882   996.8612 0.0000e+00
      0.590 -4.358e-32     3.6836     63.706     32.087  32.596864     1.1955      7.336   206.4337 6.2635e+02     1.6240      0.579      0.840    25.7880   996.8612 0.0000e+00
      0.590 -3.962e-33     3.6749     63.422     32.045  32.554136     1.2083      7.336   206.1647 5.4605e+02     1.6219      0.579      0.840    25.7882   996.8612 0.0000e+00
      0.590 -3.601e-34     3.6629     63.150     32.020  32.528630     1.2093      7.337   206.2951 5.5470e+02     1.5994      0.579      0.839    25.7881   996.8612 0.0000e+00
      0.590 -3.274e-35     3.6471     62.885     32.033  32.542260     1.2267      7.337   206.6335 6.1770e+02     1.5931      0.579      0.840    25.7881   996.8612 0.0000e+00
