Data/DataNotYetUploadedToEDI/Raw_CTD/RawDownloads/071320_fcr50_c.cnv
* Sea-Bird SBE19plus  Data File:
* FileName = C:\DATA\071320_fcr50_0003.hex
* Software version 2.8.0.119
* Temperature SN = 7809
* Conductivity SN = 7809
* System UpLoad Time = Jul 13 2020 11:27:28
* <ApplicationData>
* <Seaterm232>
# nquan = 16
# nvalues = 2268                        
# units = specified
# name 0 = depFM: Depth [fresh water, m]
# name 1 = dz/dtM: Descent Rate [m/s]
# name 2 = sbeox0ML/L: Oxygen, SBE 43 [ml/l]
# name 3 = sbeox0PS: Oxygen, SBE 43 [% saturation]
# name 4 = specc: Specific Conductance [uS/cm]
# name 5 = c0uS/cm: Conductivity [uS/cm]
# name 6 = flECO-AFL: Fluorescence, WET Labs ECO-AFL/FL [mg/m^3]
# name 7 = ph: pH
# name 8 = orp: Oxidation Reduction Potential [mV]
# name 9 = par/sat/log: PAR/Logarithmic, Satlantic
# name 10 = turbWETntu0: Turbidity, WET Labs ECO [NTU]
# name 11 = prdM: Pressure, Strain Gauge [db]
# name 12 = prdE: Pressure, Strain Gauge [psi]
# name 13 = tv290C: Temperature [ITS-90, deg C]
# name 14 = density00: Density [density, kg/m^3]
# name 15 = flag:  0.000e+00
# span 0 =     -0.688,      9.681       
# span 1 =     -0.629,      0.283       
# span 2 =     0.0310,     7.8434       
# span 3 =      0.440,    122.884       
# span 4 =      0.494,    326.975       
# span 5 =   0.470984, 232.771611       
# span 6 =    -2.4742,   259.9455       
# span 7 =      6.030,      9.059       
# span 8 =  -774.1502,  1214.0934       
# span 9 = 1.2347e-01, 2.2012e+03       
# span 10 =    -9.5894,   322.9265      
# span 11 =     -0.675,      9.493      
# span 12 =     -0.979,     13.769      
# span 13 =    10.3246,    26.1393      
# span 14 =   996.7657,   999.8178      
# span 15 = 0.0000e+00, 0.0000e+00      
# interval = seconds: 0.25
# start_time = Jul 12 2020 22:08:51 [Instrument's time stamp, header]
# bad_flag = -9.990e-29
*END*
[from data line 1447]
      5.804      0.034     0.7013      8.924     44.688  31.709902     2.1658      6.647   170.2223 4.6449e-01    10.1943      5.693      8.256    10.4807   999.7030 0.0000e+00
      5.811      0.035     0.6989      8.919     44.698  31.716294     2.2263      6.645   170.5074 4.6338e-01    10.3011      5.698      8.265    10.4796   999.7031 0.0000e+00
      5.818      0.035     0.7017      8.875     44.706  31.722072     2.3170      6.644   170.3693 4.6126e-01    10.4266      5.705      8.274    10.4782   999.7033 0.0000e+00
      5.827      0.034     0.6963      8.802     44.698  31.716315     2.3473      6.643   170.3601 4.5040e-01    10.4424      5.714      8.287    10.4766   999.7035 0.0000e+00
      5.839      0.034     0.6966      8.724     44.690  31.710132     2.3439      6.641   170.5676 4.3396e-01    10.4573      5.726      8.305    10.4759   999.7036 0.0000e+00
      5.850      0.033     0.6983      8.628     44.692  31.710767     2.3519      6.640   170.8137 4.3160e-01    10.5039      5.738      8.322    10.4759   999.7037 0.0000e+00
      5.858      0.032     0.6940      8.519     44.711  31.723985     2.3492      6.639   171.0978 4.3066e-01    10.4906      5.746      8.333    10.4762   999.7037 0.0000e+00
      5.863      0.031     0.6869      8.422     44.738  31.743056     2.3405      6.639   171.5082 4.2066e-01    10.4341      5.749      8.338    10.4760   999.7037 0.0000e+00
      5.869      0.029     0.6821      8.343     44.749  31.751016     2.3322      6.639   171.9038 4.1351e-01    10.3706      5.754      8.345    10.4753   999.7038 0.0000e+00
      5.877      0.028     0.6747      8.299     44.759  31.756785     2.2869      6.637   172.0961 4.0683e-01    10.2381      5.763      8.359    10.4748   999.7039 0.0000e+00
      5.886      0.028     0.6644      8.281     44.749  31.749354     2.2129      6.635   172.1980 3.9275e-01    10.0330      5.772      8.372    10.4747   999.7040 0.0000e+00
      5.893      0.029     0.6578      8.251     44.714  31.724610     2.1714      6.633   172.2751 3.7429e-01     9.9168      5.779      8.382    10.4744   999.7041 0.0000e+00
      5.899      0.029     0.6505      8.212     44.697  31.711402     2.1564      6.633   172.4263 3.6755e-01     9.9308      5.785      8.391    10.4737   999.7042 0.0000e+00
      5.906      0.030     0.6468      8.179     44.706  31.716545     2.1183      6.633   172.8218 3.7230e-01     9.9964      5.793      8.401    10.4731   999.7042 0.0000e+00
      5.913      0.031     0.6481      8.156     44.717  31.723354     2.0445      6.632   173.3573 3.6698e-01    10.0244      5.798      8.410    10.4726   999.7043 0.0000e+00
      5.921      0.032     0.6444      8.140     44.728  31.730275     1.9882      6.631   173.7387 3.5607e-01     9.9604      5.805      8.420    10.4723   999.7044 0.0000e+00
      5.931      0.032     0.6410      8.104     44.739  31.736771     1.9717      6.630   173.9057 3.5566e-01     9.8741      5.816      8.435    10.4717   999.7045 0.0000e+00
      5.941      0.031     0.6389      8.064     44.742  31.738454     1.9688      6.628   173.9994 3.5912e-01     9.8738      5.827      8.452    10.4707   999.7046 0.0000e+00
      5.949      0.031     0.6363      8.054     44.761  31.750624     1.9532      6.627   174.0972 3.4557e-01     9.9564      5.836      8.464    10.4695   999.7048 0.0000e+00
      5.955      0.030     0.6371      8.054     44.773  31.757025     1.9259      6.626   174.3147 3.3080e-01    10.0153      5.840      8.470    10.4680   999.7049 0.0000e+00
      5.961      0.028     0.6333      8.049     44.768  31.752402     1.9061      6.625   174.5638 3.2870e-01    10.0017      5.845      8.477    10.4666   999.7051 0.0000e+00
      5.968      0.027     0.6283      8.045     44.777  31.758171     1.8950      6.623   174.7860 3.1689e-01     9.9634      5.851      8.487    10.4656   999.7052 0.0000e+00
      5.976      0.027     0.6292      8.041     44.785  31.763323     1.9152      6.621   175.1080 3.1101e-01     9.9653      5.860      8.500    10.4642   999.7054 0.0000e+00
      5.983      0.026     0.6297      8.056     44.769  31.751250     1.9503      6.620   175.3596 3.0930e-01     9.9894      5.868      8.511    10.4626   999.7056 0.0000e+00
      5.990      0.025     0.6282      8.073     44.752  31.739089     1.9575      6.619   175.4201 3.0057e-01     9.9808      5.874      8.520    10.4610   999.7058 0.0000e+00
      5.997      0.022     0.6295      8.056     44.757  31.743183     1.9545      6.618   175.4946 2.9949e-01     9.9633      5.881      8.529    10.4598   999.7059 0.0000e+00
      6.002      0.021     0.6270      8.034     44.749  31.737301     1.9426      6.618   175.7442 2.9471e-01     9.9498      5.886      8.537    10.4592   999.7060 0.0000e+00
      6.006      0.021     0.6289      8.031     44.741  31.731419     1.9182      6.617   175.9429 2.9038e-01     9.9555      5.890      8.543    10.4588   999.7061 0.0000e+00
      6.009      0.022     0.6328      8.032     44.747  31.735504     1.9082      6.616   176.0039 2.9359e-01     9.9972      5.893      8.547    10.4588   999.7061 0.0000e+00
      6.014      0.025     0.6290      8.017     44.730  31.723250     1.8973      6.615   176.1382 2.9013e-01    10.0079      5.897      8.553    10.4590   999.7061 0.0000e+00
      6.021      0.028     0.6272      7.992     44.712  31.710145     1.8723      6.613   176.2758 2.7457e-01    10.0502      5.904      8.563    10.4590   999.7061 0.0000e+00
      6.029      0.032     0.6271      7.967     44.704  31.703951     1.8440      6.613   176.3777 2.6080e-01    10.1657      5.913      8.576    10.4590   999.7061 0.0000e+00
      6.038      0.035     0.6285      7.952     44.716  31.711808     1.8225      6.612   176.5095 2.5708e-01    10.2362      5.921      8.588    10.4590   999.7062 0.0000e+00
      6.048      0.037     0.6264      7.942     44.758  31.741698     1.8229      6.611   176.6645 2.6263e-01    10.2513      5.930      8.600    10.4586   999.7063 0.0000e+00
      6.060      0.037     0.6246      7.919     44.768  31.748103     1.8392      6.610   176.8753 2.6840e-01    10.2111      5.943      8.619    10.4581   999.7064 0.0000e+00
      6.070      0.037     0.6218      7.890     44.737  31.725807     1.8757      6.608   176.9929 2.6217e-01    10.1273      5.955      8.636    10.4576   999.7065 0.0000e+00
      6.078      0.036     0.6214      7.898     44.738  31.725912     1.9312      6.607   177.0542 2.5098e-01    10.0616      5.962      8.646    10.4572   999.7065 0.0000e+00
      6.086      0.035     0.6208      7.930     44.772  31.749362     1.9558      6.607   177.2724 2.3995e-01    10.0001      5.968      8.657    10.4569   999.7066 0.0000e+00
      6.094      0.034     0.6196      7.937     44.781  31.755551     1.9643      6.606   177.5662 2.2959e-01     9.9335      5.977      8.668    10.4561   999.7067 0.0000e+00
      6.103      0.034     0.6149      7.939     44.756  31.737293     2.0721      6.605   177.8535 2.1847e-01     9.9092      5.986      8.681    10.4554   999.7068 0.0000e+00
      6.112      0.034     0.6156      7.951     44.730  31.718950     2.2580      6.603   178.0783 2.1602e-01     9.9472      5.993      8.693    10.4548   999.7069 0.0000e+00
      6.121      0.033     0.6217      7.955     44.738  31.724104     2.3618      6.603   178.2193 2.2217e-01    10.0144      6.002      8.706    10.4540   999.7071 0.0000e+00
      6.130      0.031     0.6197      7.957     44.755  31.736159     2.3641      6.602   178.3540 2.1592e-01    10.0350      6.012      8.719    10.4537   999.7071 0.0000e+00
      6.138      0.029     0.6200      7.975     44.758  31.737822     2.2852      6.601   178.5025 2.0552e-01     9.9908      6.019      8.730    10.4533   999.7072 0.0000e+00
      6.145      0.027     0.6215      7.969     44.767  31.744204     2.1616      6.600   178.8097 2.0312e-01     9.9607      6.027      8.741    10.4531   999.7072 0.0000e+00
      6.151      0.025     0.6226      7.941     44.776  31.749876     2.1089      6.598   179.2295 2.0747e-01     9.9804      6.032      8.749    10.4528   999.7073 0.0000e+00
      6.156      0.025     0.6197      7.931     44.767  31.742966     2.1156      6.597   179.4476 2.1277e-01    10.0232      6.037      8.756    10.4525   999.7074 0.0000e+00
      6.161      0.025     0.6250      7.942     44.741  31.724094     2.0998      6.597   179.4686 2.0213e-01    10.0307      6.042      8.763    10.4523   999.7074 0.0000e+00
      6.167      0.024     0.6234      7.971     44.724  31.712038     2.0605      6.596   179.4837 1.8746e-01    10.0029      6.047      8.770    10.4519   999.7075 0.0000e+00
      6.174      0.024     0.6194      8.002     44.741  31.724093     2.0414      6.594   179.6299 1.8603e-01     9.9960      6.054      8.780    10.4517   999.7075 0.0000e+00
      6.182      0.024     0.6197      8.040     44.768  31.742957     2.0412      6.592   180.0318 1.8468e-01    10.0164      6.063      8.794    10.4513   999.7076 0.0000e+00
      6.189      0.023     0.6194      8.060     44.778  31.749773     1.9903      6.592   180.6438 1.8449e-01    10.0778      6.070      8.804    10.4510   999.7076 0.0000e+00
      6.193      0.022     0.6238      8.046     44.769  31.743060     1.8930      6.591   181.0061 1.8481e-01    10.1545      6.074      8.810    10.4511   999.7076 0.0000e+00
      6.198      0.021     0.6242      8.022     44.744  31.725237     1.8378      6.589   180.9706 1.7556e-01    10.1884      6.077      8.814    10.4508   999.7077 0.0000e+00
      6.203      0.021     0.6290      8.003     44.744  31.724613     1.8381      6.589   180.8170 1.7871e-01    10.2122      6.083      8.821    10.4504   999.7078 0.0000e+00
      6.208      0.023     0.6309      7.966     44.759  31.735525     1.8489      6.588   180.6978 1.8141e-01    10.2368      6.090      8.831    10.4500   999.7078 0.0000e+00
      6.213      0.027     0.6291      7.924     44.752  31.730275     1.9395      6.586   181.0784 1.6012e-01    10.2802      6.093      8.837    10.4495   999.7079 0.0000e+00
      6.218      0.030     0.6259      7.908     44.744  31.724584     2.1238      6.585   181.9770 1.4785e-01    10.3586      6.096      8.841    10.4493   999.7079 0.0000e+00
      6.227      0.030     0.6267      7.905     44.752  31.730161     2.2265      6.584   182.5288 1.5217e-01    10.3961      6.106      8.854    10.4492   999.7080 0.0000e+00
      6.240      0.029     0.6229      7.916     44.758  31.734266     2.2283      6.584   182.5874 1.5235e-01    10.3904      6.121      8.877    10.4486   999.7081 0.0000e+00
      6.251      0.027     0.6176      7.930     44.725  31.710761     2.1738      6.584   182.5995 1.4713e-01    10.3236      6.132      8.894    10.4483   999.7082 0.0000e+00
      6.256      0.023     0.6184      7.923     44.710  31.699754     2.0728      6.583   182.5891 1.4645e-01    10.2064      6.135      8.899    10.4486   999.7082 0.0000e+00
      6.259      0.018     0.6169      7.883     44.750  31.728074     2.0180      6.582   182.5474 1.5296e-01    10.1747      6.137      8.902    10.4489   999.7081 0.0000e+00
      6.262      0.014     0.6186      7.835     44.761  31.735940     2.0264      6.580   182.6981 1.5540e-01    10.2151      6.140      8.906    10.4486   999.7082 0.0000e+00
      6.265      0.012     0.6204      7.820     44.755  31.731411     2.1363      6.578   183.0345 1.5584e-01    10.2482      6.143      8.911    10.4481   999.7083 0.0000e+00
      6.267      0.013     0.6204      7.838     44.763  31.736763     2.3168      6.576   183.2594 1.5239e-01    10.2309      6.146      8.915    10.4479   999.7083 0.0000e+00
      6.269      0.015     0.6163      7.842     44.764  31.737207     2.4057      6.576   183.4387 1.4325e-01    10.1789      6.148      8.916    10.4480   999.7083 0.0000e+00
      6.273      0.018     0.6114      7.830     44.764  31.736774     2.4291      6.575   183.7393 1.4483e-01    10.2028      6.150      8.920    10.4479   999.7083 0.0000e+00
      6.278      0.021     0.6094      7.845     44.757  31.731526     2.5431      6.574   183.7107 1.4822e-01    10.3829      6.157      8.930    10.4474   999.7084 0.0000e+00
      6.284      0.023     0.6135      7.881     44.766  31.737199     2.7344      6.573   183.4365 1.4012e-01    10.6389      6.163      8.938    10.4471   999.7085 0.0000e+00
      6.292      0.025     0.6140      7.916     44.772  31.741928     2.8353      6.572   183.5217 1.3075e-01    10.7581      6.169      8.948    10.4467   999.7085 0.0000e+00
      6.300      0.026     0.6102      7.936     44.749  31.725248     2.8274      6.570   183.7938 1.2905e-01    10.7259      6.178      8.961    10.4460   999.7087 0.0000e+00
      6.306      0.026     0.6126      7.926     44.750  31.725873     2.7824      6.569   184.1456 1.3270e-01    10.6952      6.185      8.971    10.4456   999.7087 0.0000e+00
      6.311      0.025     0.6162      7.900     44.784  31.749473     2.7300      6.569   184.4191 1.3333e-01    10.6962      6.189      8.976    10.4457   999.7087 0.0000e+00
      6.317      0.024     0.6189      7.880     44.795  31.756811     2.7095      6.569   184.0900 1.3334e-01    10.7037      6.194      8.984    10.4456   999.7088 0.0000e+00
      6.325      0.022     0.6213      7.881     44.788  31.751148     2.7055      6.567   183.5223 1.3962e-01    10.7170      6.203      8.996    10.4451   999.7088 0.0000e+00
      6.331      0.021     0.6199      7.886     44.778  31.744445     2.7398      6.563   183.4919 1.4173e-01    10.7195      6.210      9.006    10.4448   999.7089 0.0000e+00
      6.335      0.021     0.6173      7.866     44.770  31.739216     2.8668      6.558   183.9799 1.3429e-01    10.7343      6.214      9.012    10.4446   999.7090 0.0000e+00
      6.339      0.020     0.6152      7.876     44.785  31.751376     3.0002      6.557   184.6048 1.2999e-01    10.7241      6.216      9.017    10.4444   999.7090 0.0000e+00
      6.344      0.019     0.6151      7.951     44.801  31.764575     3.0367      6.558   185.0248 1.3331e-01    10.6641      6.221      9.023    10.4443   999.7090 0.0000e+00
      6.350      0.018     0.6185      8.019     44.808  31.771912     3.0132      6.558   184.8421 1.3620e-01    10.6280      6.227      9.032    10.4441   999.7091 0.0000e+00
      6.355      0.017     0.6134      8.009     44.813  31.776640     2.9247      6.558   184.2887 1.3217e-01    10.5969      6.233      9.040    10.4444   999.7090 0.0000e+00
      6.359      0.017     0.6127      7.967     44.785  31.758297     2.7878      6.558   184.1839 1.2762e-01    10.5624      6.237      9.046    10.4458   999.7089 0.0000e+00
      6.363      0.017     0.6217      7.977     44.757  31.740464     2.7220      6.557   184.4355 1.2708e-01    10.5200      6.240      9.050    10.4481   999.7087 0.0000e+00
      6.366      0.018     0.6296      8.017     44.768  31.751366     2.7200      6.557   184.5776 1.2711e-01    10.4619      6.243      9.055    10.4505   999.7085 0.0000e+00
      6.369      0.021     0.6275      8.041     44.782  31.763222     2.8112      6.556   184.7833 1.2916e-01    10.5119      6.245      9.058    10.4523   999.7084 0.0000e+00
      6.373      0.023     0.6191      8.039     44.772  31.756925     2.9942      6.555   184.9438 1.3026e-01    10.6773      6.249      9.063    10.4540   999.7082 0.0000e+00
      6.382      0.025     0.6229      8.014     44.748  31.738676     3.0932      6.555   184.7971 1.2716e-01    10.7798      6.257      9.075    10.4561   999.7081 0.0000e+00
      6.392      0.026     0.6274      8.004     44.743  31.732917     3.1016      6.555   184.6444 1.2441e-01    10.7561      6.270      9.093    10.4594   999.7079 0.0000e+00
