Data/DataNotYetUploadedToEDI/Raw_CTD/RawDownloads/071320_fcr50_secondDownload_0002.cnv
* Sea-Bird SBE19plus  Data File:
* FileName = C:\DATA\071320_fcr50_secondDownload_0002.hex
* Software version 2.8.0.119
* Temperature SN = 7809
* Conductivity SN = 7809
* System UpLoad Time = Jul 13 2020 14:10:02
* <ApplicationData>
* <Seaterm232>
# nquan = 16
# nvalues = 1513                        
# units = specified
# name 0 = depFM: Depth [fresh water, m]
# name 1 = dz/dtM: Descent Rate [m/s]
# name 2 = sbeox0ML/L: Oxygen, SBE 43 [ml/l]
# name 3 = sbeox0PS: Oxygen, SBE 43 [% saturation]
# name 4 = specc: Specific Conductance [uS/cm]
# name 5 = c0uS/cm: Conductivity [uS/cm]
# name 6 = flECO-AFL: Fluorescence, WET Labs ECO-AFL/FL [mg/m^3]
# name 7 = ph: pH
# name 8 = orp: Oxidation Reduction Potential [mV]
# name 9 = par/sat/log: PAR/Logarithmic, Satlantic
# name 10 = turbWETntu0: Turbidity, WET Labs ECO [NTU]
# name 11 = prdM: Pressure, Strain Gauge [db]
# name 12 = prdE: Pressure, Strain Gauge [psi]
# name 13 = tv290C: Temperature [ITS-90, deg C]
# name 14 = density00: Density [density, kg/m^3]
# name 15 = flag:  0.000e+00
# span 0 =     -0.690,      2.904       
# span 1 =     -3.857,      4.242       
# span 2 =     2.4316,     7.6359       
# span 3 =     37.905,    122.088       
# span 4 =      1.903,     38.720       
# span 5 =   1.833225,  33.133811       
# span 6 =    -3.4429,   259.8640       
# span 7 =      6.693,      8.603       
# span 8 = -1240.7455,  1240.2295       
# span 9 = 6.5768e+01, 1.6917e+03       
# span 10 =    -9.7236,   962.4675      
# span 11 =     -0.677,      2.848      
# span 12 =     -0.983,      4.131      
# span 13 =    15.9031,    25.6982      
# span 14 =   996.8856,   998.9879      
# span 15 = 0.0000e+00, 0.0000e+00      
# interval = seconds: 0.25
# start_time = Jul 12 2020 21:14:04 [Instrument's time stamp, header]
# bad_flag = -9.990e-29
*END*
[from data line 272]
      1.863      0.061     5.7509     97.980     31.990  32.188689     1.4542      7.365   230.3777 2.0848e+02     1.5895      1.827      2.649    25.3960   996.9695 0.0000e+00
      1.874      0.047     5.7339     97.267     31.968  32.131514     1.5404      7.363   230.4141 2.0409e+02     1.5613      1.837      2.665    25.3750   996.9750 0.0000e+00
      1.884      0.035     5.7053     96.656     31.993  32.119183     1.5914      7.359   230.6080 1.9787e+02     1.5801      1.851      2.685    25.3580   996.9796 0.0000e+00
      1.887      0.029     5.6694     96.281     31.947  32.039540     1.6038      7.354   230.7432 1.9659e+02     1.6448      1.852      2.687    25.3441   996.9832 0.0000e+00
      1.887      0.027     5.6332     96.128     31.812  31.866396     1.6611      7.350   230.6728 1.9502e+02     1.7260      1.847      2.678    25.3137   996.9909 0.0000e+00
      1.893      0.026     5.5955     96.135     31.682  31.675217     1.7505      7.348   230.5307 1.8935e+02     1.8073      1.853      2.687    25.2518   997.0070 0.0000e+00
      1.907      0.024     5.5632     96.332     31.593  31.504359     1.7882      7.347   230.4879 1.8236e+02     1.8372      1.873      2.716    25.1836   997.0246 0.0000e+00
      1.918      0.024     5.5472     96.732     31.568  31.386526     1.7836      7.348   230.4998 1.7595e+02     1.8127      1.884      2.732    25.1404   997.0358 0.0000e+00
      1.923      0.021     5.5457     97.314     31.667  31.392358     1.7051      7.348   230.4159 1.7268e+02     1.7515      1.886      2.736    25.0959   997.0473 0.0000e+00
      1.925      0.016     5.5542     98.055     31.859  31.511286     1.5539      7.348   230.2484 1.7205e+02     1.6470      1.888      2.739    24.9949   997.0732 0.0000e+00
      1.926      0.011     5.5797     98.887     31.939  31.555491     1.4715      7.348   230.1954 1.7214e+02     1.6134      1.889      2.739    24.8566   997.1085 0.0000e+00
      1.929      0.008     5.6195     99.758     31.881  31.482699     1.4617      7.348   230.2048 1.7172e+02     1.6541      1.892      2.743    24.7091   997.1459 0.0000e+00
      1.931      0.007     5.6691    100.590     31.872  31.455910     1.4543      7.349   230.3623 1.6997e+02     1.6588      1.894      2.746    24.5475   997.1868 0.0000e+00
      1.932      0.007     5.7288    101.323     31.924  31.485338     1.4306      7.350   230.7223 1.7161e+02     1.6354      1.895      2.748    24.4230   997.2182 0.0000e+00
      1.933      0.007     5.7815    102.059     31.977  31.521263     1.4130      7.350   230.8582 1.7810e+02     1.6117      1.896      2.750    24.3822   997.2284 0.0000e+00
      1.935      0.006     5.8349    102.933     32.034  31.573025     1.4226      7.350   230.8009 1.7779e+02     1.6121      1.898      2.753    24.3762   997.2299 0.0000e+00
      1.937      0.005     5.8901    103.986     32.054  31.603635     1.4320      7.350   230.7174 1.7722e+02     1.6408      1.900      2.755    24.3448   997.2379 0.0000e+00
      1.938      0.005     5.9336    105.105     32.002  31.574171     1.4500      7.350   230.5370 1.8319e+02     1.6494      1.901      2.757    24.3019   997.2485 0.0000e+00
      1.940      0.004     5.9771    106.085     31.944  31.534028     1.4884      7.350   230.5987 1.8136e+02     1.6136      1.903      2.759    24.2756   997.2551 0.0000e+00
      1.941      0.004     6.0279    106.817     31.905  31.498953     1.5149      7.349   230.9476 1.8007e+02     1.5856      1.903      2.760    24.2667   997.2574 0.0000e+00
      1.941      0.004     6.0899    107.339     31.883  31.467312     1.5223      7.349   231.1420 1.8529e+02     1.6186      1.904      2.761    24.2841   997.2530 0.0000e+00
      1.942      0.004     6.1563    107.766     31.898  31.468651     1.5114      7.348   231.2283 1.8362e+02     1.6355      1.905      2.762    24.3285   997.2419 0.0000e+00
      1.943      0.004     6.2116    108.135     31.891  31.451677     1.4784      7.348   231.2170 1.7762e+02     1.5844      1.905      2.763    24.3625   997.2334 0.0000e+00
      1.944      0.004     6.2534    108.367     31.837  31.388953     1.4571      7.348   231.0048 1.7665e+02     1.5496      1.907      2.765    24.3648   997.2328 0.0000e+00
      1.946      0.004     6.2828    108.413     31.810  31.344674     1.4628      7.348   230.9854 1.8311e+02     1.5585      1.908      2.768    24.3441   997.2380 0.0000e+00
      1.947      0.003     6.3099    108.323     31.849  31.360385     1.4717      7.348   231.3273 1.8779e+02     1.5889      1.909      2.769    24.3162   997.2450 0.0000e+00
      1.947      0.003     6.3361    108.200     31.895  31.388551     1.4694      7.348   231.6965 1.8542e+02     1.6080      1.910      2.770    24.3038   997.2481 0.0000e+00
      1.948      0.002     6.3514    108.101     31.885  31.367986     1.4544      7.348   231.8358 1.8282e+02     1.5840      1.910      2.771    24.2974   997.2496 0.0000e+00
      1.948      0.002     6.3565    108.000     31.825  31.302045     1.4428      7.347   231.7203 1.8162e+02     1.5726      1.911      2.771    24.2672   997.2572 0.0000e+00
      1.949      0.002     6.3538    107.884     31.759  31.225688     1.5006      7.346   231.5913 1.7929e+02     1.6074      1.911      2.772    24.2232   997.2681 0.0000e+00
      1.949      0.002     6.3482    107.818     31.636  31.079168     1.6191      7.345   231.6523 1.7860e+02     1.6275      1.911      2.772    24.1953   997.2752 0.0000e+00
      1.949      0.002     6.3453    107.843     31.403  30.799288     1.6838      7.343   231.7698 1.8042e+02     1.6099      1.912      2.773    24.1820   997.2784 0.0000e+00
      1.950      0.002     6.3410    107.903     31.189  30.506154     1.6918      7.342   231.8947 1.8021e+02     1.6000      1.913      2.774    24.1750   997.2801 0.0000e+00
      1.951      0.002     6.3337    107.952     31.120  30.326195     1.8201      7.342   232.0437 1.8136e+02     1.6802      1.913      2.774    24.1620   997.2833 0.0000e+00
      1.952      0.002     6.3323    107.986     31.187  30.272704     2.0714      7.342   232.1078 1.8247e+02     1.8240      1.914      2.776    24.1267   997.2921 0.0000e+00
      1.952      0.002     6.3452    108.025     31.256  30.239851     2.2035      7.343   232.0674 1.8062e+02     1.8629      1.914      2.776    24.0524   997.3104 0.0000e+00
      1.952      0.002     6.3649    108.092     31.092  29.992266     2.2056      7.345   232.0714 1.8391e+02     1.8419      1.915      2.777    23.9212   997.3426 0.0000e+00
      1.952      0.002     6.3912    108.239     30.705  29.499416     2.1924      7.345   231.9845 1.8931e+02     1.8443      1.915      2.777    23.7252   997.3905 0.0000e+00
      1.953      0.002     6.4187    108.573     30.408  29.038508     2.1681      7.346   231.8766 1.9070e+02     1.8232      1.916      2.778    23.5111   997.4425 0.0000e+00
      1.954      0.002     6.4385    109.139     30.374  28.796359     2.1410      7.346   232.0580 1.9220e+02     1.8266      1.916      2.779    23.3588   997.4794 0.0000e+00
      1.955      0.003     6.4570    109.929     30.515  28.728135     2.1218      7.346   232.2846 1.9357e+02     1.8506      1.917      2.780    23.2432   997.5071 0.0000e+00
      1.955      0.003     6.4823    110.886     30.688  28.720821     2.1175      7.346   232.5519 1.8845e+02     1.8394      1.918      2.781    23.0707   997.5481 0.0000e+00
      1.955      0.003     6.5404    111.904     30.821  28.707688     2.1463      7.348   232.7946 1.8522e+02     1.8966      1.918      2.781    22.7665   997.6197 0.0000e+00
      1.956      0.003     6.6224    112.918     30.926  28.696032     2.1927      7.348   232.4654 1.8923e+02     2.0621      1.919      2.783    22.3866   997.7081 0.0000e+00
      1.958      0.003     6.7141    113.896     31.032  28.706602     2.2210      7.348   231.8417 1.8866e+02     2.1583      1.920      2.785    22.0496   997.7853 0.0000e+00
      1.959      0.002     6.8130    114.787     31.111  28.708507     2.2309      7.351   231.7060 1.9133e+02     2.1323      1.921      2.787    21.7709   997.8484 0.0000e+00
      1.959      0.002     6.9055    115.537     31.181  28.718965     2.2747      7.352   231.9438 1.9578e+02     2.1601      1.921      2.787    21.5493   997.8979 0.0000e+00
      1.959      0.002     6.9922    116.291     31.284  28.769538     2.3592      7.353   232.3081 1.9198e+02     2.2879      1.921      2.787    21.3804   997.9353 0.0000e+00
      1.959      0.002     7.0720    117.272     31.371  28.812446     2.4033      7.354   232.7551 1.9130e+02     2.3386      1.922      2.788    21.2396   997.9663 0.0000e+00
      1.959      0.003     7.1469    118.420     31.375  28.793652     2.4076      7.355   232.9597 1.9566e+02     2.3266      1.922      2.787    21.1230   997.9917 0.0000e+00
      1.960      0.004     7.2022    119.570     31.312  28.732582     2.4207      7.357   232.6314 1.9949e+02     2.3488      1.923      2.788    21.0414   998.0095 0.0000e+00
      1.961      0.005     7.2484    120.632     31.275  28.708397     2.4472      7.359   231.9693 1.9684e+02     2.3674      1.923      2.788    20.9765   998.0237 0.0000e+00
      1.963      0.005     7.3239    121.416     31.244  28.691560     2.4711      7.360   231.7505 1.9271e+02     2.3800      1.925      2.792    20.9092   998.0382 0.0000e+00
      1.966      0.004     7.4071    121.835     31.198  28.655890     2.4811      7.360   231.9649 1.9301e+02     2.3632      1.928      2.797    20.8672   998.0472 0.0000e+00
      1.968     -0.006     7.4769    122.038     31.202  28.657736     2.4719      7.359   232.2384 1.9196e+02     2.3362      1.930      2.799    20.8695   998.0467 0.0000e+00
      1.969     -0.030     7.5473    122.088     31.269  28.713886     2.4178      7.357   232.4769 1.9361e+02     2.3622      1.930      2.799    20.8906   998.0423 0.0000e+00
      1.969     -0.071     7.5963    121.879     31.455  28.890741     2.3413      7.354   232.0951 1.9509e+02     2.4042      1.933      2.803    20.9126   998.0376 0.0000e+00
      1.963     -0.123     7.6137    121.412     31.757  29.210179     2.3005      7.350   231.2360 1.9956e+02     2.3971      1.933      2.804    20.9278   998.0342 0.0000e+00
      1.934     -0.178     7.6254    120.869     32.076  29.594732     2.2685      7.345   230.6932 2.1304e+02     2.3453      1.911      2.772    20.9208   998.0356 0.0000e+00
      1.870     -0.233     7.6359    120.457     32.355  29.987975     2.0687      7.341   230.5227 2.2947e+02     2.1558      1.843      2.674    20.9048   998.0387 0.0000e+00
      1.782     -0.284     7.6240    120.239     32.553  30.349031     1.7351      7.337   230.6372 2.4827e+02     1.8568      1.744      2.530    20.8987   998.0397 0.0000e+00
      1.693     -0.325     7.5815    120.139     32.657  30.661616     1.5731      7.333   230.8721 2.6314e+02     1.7158      1.657      2.403    20.9517   998.0279 0.0000e+00
      1.609     -0.352     7.5201    120.135     32.672  30.912878     1.5594      7.329   230.6958 2.7722e+02     1.6878      1.580      2.292    21.1047   997.9945 0.0000e+00
      1.520     -0.366     7.4615    120.253     32.562  31.040031     1.5026      7.325   230.0545 2.9887e+02     1.6209      1.494      2.167    21.3153   997.9482 0.0000e+00
      1.423     -0.374     7.4132    120.444     32.370  31.057381     1.4203      7.321   229.4856 3.3140e+02     1.5933      1.396      2.025    21.5854   997.8880 0.0000e+00
      1.322     -0.385     7.3582    120.636     32.270  31.122949     1.3943      7.317   229.2377 3.6213e+02     1.6284      1.294      1.877    21.9266   997.8111 0.0000e+00
      1.222     -0.396     7.3027    120.762     32.282  31.262063     1.4067      7.313   229.2079 3.8719e+02     1.6689      1.197      1.736    22.3054   997.7243 0.0000e+00
      1.124     -0.398     7.2602    120.737     32.249  31.343837     1.3894      7.308   229.2977 4.2824e+02     1.6709      1.102      1.599    22.6767   997.6378 0.0000e+00
      1.022     -0.391     7.2298    120.460     32.203  31.413960     1.3572      7.300   229.2048 4.4495e+02     1.6519      1.009      1.462    22.9914   997.5632 0.0000e+00
      0.911     -0.382     7.2089    119.872     32.212  31.539091     1.3417      7.293   228.9448 4.8496e+02     1.6456      0.892      1.295    23.2366   997.5043 0.0000e+00
      0.804     -0.378     7.1933    119.060     32.145  31.588086     1.3353      7.291   228.4765 5.9791e+02     1.6286      0.776      1.126    23.4211   997.4596 0.0000e+00
      0.719     -0.380     7.1713    118.148     32.071  31.625869     1.2986      7.292   227.5868 6.5866e+02     1.6184      0.703      1.018    23.5869   997.4191 0.0000e+00
      0.643     -0.384     7.1331    117.118     32.029  31.678863     1.2319      7.295   226.7913 7.9777e+02     1.6255      0.638      0.925    23.7683   997.3746 0.0000e+00
      0.552     -0.387     7.0717    115.960     31.865  31.594532     1.1963      7.296   226.2581 1.0003e+03     1.6454      0.548      0.794    23.9507   997.3295 0.0000e+00
      0.442     -0.388     6.9958    114.734     31.763  31.558001     1.1921      7.294   225.7863 9.3972e+02     1.6525      0.438      0.634    24.1279   997.2853 0.0000e+00
      0.324     -0.386     6.9211    113.441     31.776  31.617935     1.1329      7.289   225.6470 7.7256e+02     1.6427      0.314      0.456    24.3099   997.2393 0.0000e+00
      0.215     -0.376     6.8428    112.112     31.682  31.557939     1.0050      7.284   225.7776 8.7767e+02     1.6304      0.203      0.295    24.4579   997.2019 0.0000e+00
      0.122     -0.356     6.7574    110.854     31.567  31.467083     0.9246      7.279   225.8168 1.2038e+03     1.6067      0.116      0.169    24.5728   997.1724 0.0000e+00
      0.041     -0.336     6.6738    109.834     31.504  31.407638     0.9244      7.274   225.6907 1.2033e+03     1.8032      0.037      0.054    24.6841   997.1439 0.0000e+00
     -0.033     -0.324     6.5898    109.234     31.391  31.283311     0.9254      7.265   224.8557 7.3630e+02     3.9715     -0.033     -0.048    24.7525   997.1264 0.0000e+00
     -0.104     -0.322     6.5038    109.056     31.237  31.105806     0.8039      7.254   221.9149 3.6059e+02    27.4105     -0.098     -0.142    24.8011   997.1137 0.0000e+00
     -0.181     -0.324     6.4228    109.176     31.039  30.847467     0.5803      7.239   216.0329 2.7450e+02    70.3483     -0.175     -0.254    24.8512   997.1006 0.0000e+00
     -0.268     -0.324     6.3573    109.494     30.829  30.507006     0.4535      7.210   212.7592 3.3930e+02    93.6595     -0.258     -0.374    24.8492   997.1006 0.0000e+00
     -0.365     -0.314     6.3268    110.064     30.698  30.161158     0.4149      7.170   211.5002 4.7708e+02    94.4432     -0.359     -0.520    24.8245   997.1064 0.0000e+00
     -0.459     -0.288     6.3220    111.163     30.722  29.900953     0.0372      7.126   207.2629 4.5494e+02    79.6182     -0.460     -0.668    24.8045   997.1111 0.0000e+00
     -0.536     -0.246     6.3400    112.904     30.964  29.834602    -0.6899      7.090   207.2992 2.4544e+02    52.0862     -0.528     -0.765    24.7269   997.1304 0.0000e+00
     -0.597     -0.194     6.3838    114.839     31.400  29.992859    -1.0993      7.062   202.9920 1.1179e+02    37.0084     -0.593     -0.859    24.5219   997.1818 0.0000e+00
     -0.638     -0.139     6.4511    115.946     31.845  30.228079    -1.1460      7.041   197.2578 9.1997e+01    35.0234     -0.635     -0.922    24.1614   997.2716 0.0000e+00
     -0.655     -0.090     6.5713    115.096     30.597  28.935400    -1.1969      7.026   202.8418 8.9741e+01    27.8787     -0.645     -0.934    23.6703   997.3922 0.0000e+00
