Data/DataNotYetUploadedToEDI/Raw_CTD/RawDownloads/071320_fcr50_secondDownload_0001.cnv
* Sea-Bird SBE19plus  Data File:
* FileName = C:\DATA\071320_fcr50_secondDownload_0001.hex
* Software version 2.8.0.119
* Temperature SN = 7809
* Conductivity SN = 7809
* System UpLoad Time = Jul 13 2020 14:09:23
* <ApplicationData>
* <Seaterm232>
# nquan = 16
# nvalues = 2506                        
# units = specified
# name 0 = depFM: Depth [fresh water, m]
# name 1 = dz/dtM: Descent Rate [m/s]
# name 2 = sbeox0ML/L: Oxygen, SBE 43 [ml/l]
# name 3 = sbeox0PS: Oxygen, SBE 43 [% saturation]
# name 4 = specc: Specific Conductance [uS/cm]
# name 5 = c0uS/cm: Conductivity [uS/cm]
# name 6 = flECO-AFL: Fluorescence, WET Labs ECO-AFL/FL [mg/m^3]
# name 7 = ph: pH
# name 8 = orp: Oxidation Reduction Potential [mV]
# name 9 = par/sat/log: PAR/Logarithmic, Satlantic
# name 10 = turbWETntu0: Turbidity, WET Labs ECO [NTU]
# name 11 = prdM: Pressure, Strain Gauge [db]
# name 12 = prdE: Pressure, Strain Gauge [psi]
# name 13 = tv290C: Temperature [ITS-90, deg C]
# name 14 = density00: Density [density, kg/m^3]
# name 15 = flag:  0.000e+00
# span 0 =     -0.694,      0.604       
# span 1 =     -0.574,      2.348       
# span 2 =     2.7256,     5.4044       
# span 3 =     47.858,     94.520       
# span 4 =      1.206,     44.509       
# span 5 =   1.224949,  44.850431       
# span 6 =    -3.3040,   267.0385       
# span 7 =     -2.122,      8.891       
# span 8 = -1240.7455,   879.6663       
# span 9 = 8.7011e+01, 2.2132e+03       
# span 10 =   -11.3809,   962.4541      
# span 11 =     -0.681,      0.593      
# span 12 =     -0.988,      0.860      
# span 13 =    24.5686,    25.8282      
# span 14 =   996.8468,   997.1623      
# span 15 = 0.0000e+00, 0.0000e+00      
# interval = seconds: 0.25
# start_time = Jul 12 2020 21:02:28 [Instrument's time stamp, header]
# bad_flag = -9.990e-29
*END*
[from data line 452]
     -0.691 6.7458e-07     4.8494     84.527      4.649   4.677536    -0.7009      7.523    18.0048 1.0058e+02     2.5439     -0.678     -0.983    25.3158   996.9715 0.0000e+00
     -0.691      0.000     4.8515     84.583      4.685   4.713916    -0.7322      7.501    19.7233 1.0107e+02     2.5323     -0.677     -0.982    25.3140   996.9720 0.0000e+00
     -0.691      0.000     4.8537     84.637      4.684   4.713433    -0.8206      7.468    25.3325 1.0337e+02     2.4345     -0.677     -0.982    25.3121   996.9724 0.0000e+00
     -0.691      0.001     4.8565     84.681      4.643   4.671703    -0.9691      7.430    26.4589 1.0682e+02     2.2538     -0.677     -0.982    25.3105   996.9727 0.0000e+00
     -0.691      0.005     4.8590     84.718      4.561   4.589506    -1.0491      7.395     8.3910 1.0864e+02     2.1329     -0.677     -0.982    25.3086   996.9733 0.0000e+00
     -0.691      0.014     4.8629     84.756      5.018   5.050115    -1.0442      7.342   -58.6459 1.0804e+02     1.9681     -0.678     -0.983    25.3073   996.9737 0.0000e+00
     -0.691      0.025     4.8662     84.776      7.023   7.072767    -0.7954      7.277  -163.6485 1.0687e+02     0.4666     -0.678     -0.983    25.3051   996.9742 0.0000e+00
     -0.687      0.036     4.8691     84.784      9.957  10.035460    -0.3298      7.242  -225.7052 1.1084e+02    -2.2880     -0.677     -0.982    25.3039   996.9746 0.0000e+00
     -0.674      0.043     4.8706     84.811     11.622  11.721305    -0.0787      7.257  -239.9042 1.1922e+02    -3.8028     -0.666     -0.966    25.3016   996.9752 0.0000e+00
     -0.652      0.046     4.8734     84.861     13.640  13.767430    -0.0671      7.319  -259.2680 1.2312e+02    -3.5998     -0.638     -0.926    25.3058   996.9742 0.0000e+00
     -0.632      0.047     4.8721     84.915     17.924  18.101608    -0.1793      7.419  -264.8668 1.4245e+02     0.2348     -0.617     -0.895    25.3338   996.9675 0.0000e+00
     -0.621      0.045     4.8672     84.959     21.054  21.270485    -0.3872      7.533  -213.0418 2.0407e+02     7.2325     -0.607     -0.879    25.3760   996.9577 0.0000e+00
     -0.617      0.042     4.8657     85.001     24.436  24.695281    -0.5111      7.653   -83.9323 2.8850e+02    11.0039     -0.604     -0.876    25.4182   996.9470 0.0000e+00
     -0.612      0.046     4.8652     85.050     30.384  30.713674    -0.5413      7.782    70.2986 3.4746e+02    11.2954     -0.603     -0.875    25.4572   996.9367 0.0000e+00
     -0.603      0.059     4.8659     85.087     34.037  34.412088    -0.5899      7.913   144.5147 3.5407e+02    11.4439     -0.591     -0.856    25.4881   996.9309 0.0000e+00
     -0.592      0.079     4.8665     85.113     34.141  34.523478    -1.0515      8.033   151.6804 3.0117e+02    13.1080     -0.581     -0.842    25.5089   996.9260 0.0000e+00
     -0.575      0.104     4.8667     85.150     33.518  33.900726    -1.8971      8.123   152.8081 2.1517e+02    16.1722     -0.573     -0.831    25.5244   996.9222 0.0000e+00
     -0.540      0.130     4.8694     85.191     33.033  33.418045    -2.3559      8.168   152.1271 1.5719e+02    17.7997     -0.534     -0.773    25.5364   996.9223 0.0000e+00
     -0.496      0.153     4.8706     85.236     32.737  33.128928    -2.3451      8.183   149.9853 1.3508e+02    17.5426     -0.485     -0.702    25.5455   996.9212 0.0000e+00
     -0.453      0.169     4.8703     85.316     32.605  33.006465    -1.7002      8.192   147.7337 1.3011e+02    13.5101     -0.447     -0.650    25.5538   996.9187 0.0000e+00
     -0.404      0.176     4.8722     85.452     32.541  32.952545    -0.4999      8.202   147.0148 1.3506e+02     6.1221     -0.399     -0.578    25.5633   996.9163 0.0000e+00
     -0.353      0.173     4.8737     85.653     32.501  32.921140     0.1516      8.208   147.5741 1.4916e+02     2.0648     -0.344     -0.498    25.5761   996.9130 0.0000e+00
     -0.305      0.161     4.8738     85.952     32.452  32.880548     0.1976      8.209   148.0437 1.8743e+02     1.6367     -0.298     -0.431    25.5921   996.9089 0.0000e+00
     -0.264      0.142     4.8762     86.329     32.407  32.842448     0.2562      8.204   148.1326 2.3256e+02     1.5629     -0.257     -0.372    25.6097   996.9045 0.0000e+00
     -0.229      0.119     4.8831     86.711     32.400  32.841176     0.3831      8.199   148.1320 2.5349e+02     1.5854     -0.222     -0.323    25.6267   996.9002 0.0000e+00
     -0.200      0.096     4.8917     87.059     32.420  32.865180     0.4548      8.197   148.0367 2.4364e+02     1.5996     -0.194     -0.280    25.6422   996.8963 0.0000e+00
     -0.181      0.077     4.9077     87.324     32.430  32.878887     0.4651      8.198   147.9269 2.1122e+02     1.5970     -0.173     -0.251    25.6558   996.8927 0.0000e+00
     -0.171      0.064     4.9310     87.465     32.428  32.880019     0.5170      8.199   148.2672 1.7870e+02     1.5884     -0.167     -0.242    25.6672   996.8897 0.0000e+00
     -0.164      0.056     4.9517     87.520     32.424  32.878874     0.6141      8.198   148.8814 1.5645e+02     1.5644     -0.163     -0.237    25.6755   996.8876 0.0000e+00
     -0.152      0.053     4.9722     87.553     32.407  32.865042     0.6669      8.191   149.3299 1.4317e+02     1.5816     -0.150     -0.218    25.6813   996.8861 0.0000e+00
     -0.137      0.051     4.9886     87.575     32.379  32.839673     0.6690      8.178   149.6465 1.4169e+02     1.6242     -0.135     -0.195    25.6860   996.8850 0.0000e+00
     -0.121      0.047     4.9948     87.541     32.363  32.825933     0.6685      8.164   149.7841 1.6202e+02     1.6335     -0.120     -0.173    25.6906   996.8838 0.0000e+00
     -0.104      0.039     4.9961     87.445     32.360  32.825818     0.6609      8.153   149.7893 1.8793e+02     1.6253     -0.100     -0.144    25.6958   996.8826 0.0000e+00
     -0.091      0.029     4.9967     87.335     32.370  32.838287     0.6531      8.146   149.9678 1.7707e+02     1.6280     -0.086     -0.124    25.7005   996.8814 0.0000e+00
     -0.087      0.017     4.9997     87.305     32.379  32.849802     0.6597      8.140   150.2208 1.5365e+02     1.6319     -0.084     -0.122    25.7045   996.8803 0.0000e+00
     -0.089      0.007     4.9972     87.466     32.365  32.838151     0.6557      8.136   150.3537 1.4790e+02     1.6384     -0.088     -0.127    25.7084   996.8793 0.0000e+00
     -0.092     -0.002     4.9901     87.849     32.350  32.824307     0.5842      8.132   150.7145 1.4222e+02     1.6373     -0.091     -0.132    25.7133   996.8780 0.0000e+00
     -0.094     -0.005     4.9820     88.377     32.335  32.809320     0.4631      8.130   151.1417 1.3662e+02     1.6531     -0.092     -0.134    25.7182   996.8767 0.0000e+00
     -0.097     -0.005     4.9766     88.925     32.310  32.783837     0.4031      8.130   150.9585 1.3422e+02     1.6926     -0.095     -0.137    25.7216   996.8758 0.0000e+00
     -0.098     -0.002     4.9853     89.387     32.295  32.769984     0.4030      8.130   150.5640 1.3310e+02     1.7027     -0.098     -0.142    25.7246   996.8750 0.0000e+00
     -0.098      0.002     5.0085     89.692     32.294  32.768724     0.3940      8.128   150.7600 1.3292e+02     1.6729     -0.097     -0.141    25.7271   996.8744 0.0000e+00
     -0.097      0.006     5.0416     89.814     32.293  32.768599     0.3807      8.124   151.1778 1.3253e+02     1.6407     -0.094     -0.137    25.7278   996.8742 0.0000e+00
     -0.095      0.010     5.0746     89.775     32.293  32.768473     0.3850      8.121   151.4854 1.3464e+02     1.6569     -0.093     -0.135    25.7282   996.8741 0.0000e+00
     -0.092      0.015     5.1026     89.604     32.292  32.767203     0.3985      8.120   151.7254 1.4118e+02     1.6620     -0.092     -0.133    25.7284   996.8740 0.0000e+00
     -0.088      0.023     5.1206     89.357     32.279  32.753238     0.3813      8.114   151.4134 1.7994e+02     1.6005     -0.086     -0.124    25.7288   996.8739 0.0000e+00
     -0.083      0.033     5.1266     89.083     32.253  32.726527     0.3298      8.100   150.6374 2.4202e+02     1.5646     -0.081     -0.117    25.7296   996.8737 0.0000e+00
     -0.078      0.044     5.1241     88.764     32.224  32.698021     0.3004      8.080   150.3453 4.3062e+02     1.6057     -0.080     -0.115    25.7295   996.8738 0.0000e+00
     -0.065      0.056     5.1132     88.384     32.188  32.662356     0.3122      8.057   150.9785 7.9356e+02     1.6512     -0.067     -0.097    25.7291   996.8739 0.0000e+00
     -0.045      0.066     5.0973     87.937     32.201  32.675987     0.3384      8.033   151.9274 1.0270e+03     1.6333     -0.044     -0.064    25.7291   996.8740 0.0000e+00
     -0.023      0.072     5.0829     87.368     32.259  32.735943     0.3604      8.013   152.5259 1.1072e+03     1.5963     -0.023     -0.032    25.7290   996.8741 0.0000e+00
     -0.002      0.071     5.0653     86.646     32.274  32.752817     0.3675      7.996   152.6221 1.0511e+03     1.6155     -0.003     -0.004    25.7290   996.8742 0.0000e+00
      0.020      0.064     5.0424     85.777     32.273  32.753110     0.3770      7.980   152.4880 7.8195e+02     1.6594      0.021      0.031    25.7297   996.8741 0.0000e+00
      0.039      0.054     5.0192     84.785     32.258  32.739494     0.4374      7.965   152.6259 7.6190e+02     1.6812      0.041      0.060    25.7313   996.8738 0.0000e+00
      0.051      0.041     4.9867     83.702     32.233  32.715082     0.5345      7.955   152.9982 1.0160e+03     1.6729      0.051      0.074    25.7333   996.8733 0.0000e+00
      0.056      0.029     4.9452     82.546     32.229  32.711729     0.5795      7.948   153.3758 1.1572e+03     1.6283      0.055      0.081    25.7349   996.8728 0.0000e+00
      0.059      0.017     4.8953     81.339     32.216  32.698961     0.5904      7.946   153.7503 1.1437e+03     1.6224      0.057      0.083    25.7373   996.8723 0.0000e+00
      0.062      0.007     4.8371     80.077     32.204  32.687596     0.6079      7.947   153.9983 9.6933e+02     1.6703      0.061      0.088    25.7396   996.8717 0.0000e+00
      0.064     -0.002     4.7758     78.790     32.217  32.701210     0.6105      7.949   154.0512 8.0537e+02     1.6921      0.064      0.092    25.7408   996.8714 0.0000e+00
      0.064     -0.008     4.7084     77.561     32.251  32.736676     0.6030      7.954   154.1319 7.2709e+02     1.6791      0.064      0.092    25.7424   996.8710 0.0000e+00
      0.060     -0.013     4.6400     76.488     32.249  32.735732     0.5929      7.960   154.4572 6.3128e+02     1.6512      0.060      0.087    25.7437   996.8706 0.0000e+00
      0.053     -0.014     4.5682     75.736     32.203  32.689798     0.5936      7.960   154.8878 6.2534e+02     1.6290      0.054      0.078    25.7436   996.8706 0.0000e+00
      0.044     -0.016     4.4913     75.302     32.202  32.688863     0.5352      7.954   155.1225 7.5111e+02     1.6167      0.044      0.063    25.7444   996.8704 0.0000e+00
      0.039     -0.024     4.4217     75.009     32.238  32.724436     0.4016      7.949   155.4019 8.7862e+02     1.6405      0.035      0.051    25.7467   996.8697 0.0000e+00
      0.040     -0.043     4.3542     74.799     32.253  32.739216     0.3229      7.946   155.8559 1.1529e+03     1.6762      0.038      0.056    25.7485   996.8692 0.0000e+00
      0.043     -0.067     4.3106     74.626     32.256  32.740684     0.3084      7.945   156.0523 1.4743e+03     1.6704      0.047      0.068    25.7494   996.8690 0.0000e+00
      0.032     -0.083     4.2938     74.443     32.260  32.742186     0.3119      7.942   156.1417 1.4574e+03     1.6733      0.042      0.061    25.7495   996.8690 0.0000e+00
     -0.004     -0.084     4.2747     74.283     32.275  32.757375     0.3183      7.935   156.1617 1.0912e+03     1.6437      0.004      0.006    25.7496   996.8688 0.0000e+00
     -0.057     -0.071     4.2647     74.159     32.315  32.797428     0.3098      7.925   156.1225 5.5044e+02     1.5866     -0.060     -0.087    25.7484   996.8689 0.0000e+00
     -0.100     -0.046     4.2572     74.036     32.362  32.845782     0.3038      7.913   156.7006 2.3693e+02     1.5664     -0.114     -0.165    25.7448   996.8696 0.0000e+00
     -0.106     -0.014     4.2447     73.864     32.351  32.834447     0.2937      7.901   157.5586 5.2125e+02     1.5019     -0.119     -0.171    25.7411   996.8705 0.0000e+00
     -0.078      0.021     4.2361     73.646     32.305  32.787264     0.2727      7.890   157.8928 1.4977e+03     1.4256     -0.078     -0.112    25.7391   996.8712 0.0000e+00
     -0.045      0.050     4.2294     73.439     32.300  32.782881     0.2509      7.880   158.0744 2.2132e+03     1.3988     -0.038     -0.055    25.7390   996.8714 0.0000e+00
     -0.025      0.065     4.2240     73.239     32.298  32.781454     0.2403      7.872   158.2913 1.7468e+03     1.3836     -0.020     -0.029    25.7405   996.8711 0.0000e+00
     -0.015      0.064     4.2142     72.980     32.287  32.770013     0.2964      7.867   158.2788 1.1156e+03     1.4480     -0.014     -0.020    25.7415   996.8709 0.0000e+00
     -0.007      0.055     4.1995     72.654     32.288  32.771438     0.4050      7.858   158.6970 9.9792e+02     1.5938     -0.009     -0.013    25.7414   996.8709 0.0000e+00
      0.006      0.046     4.1878     72.367     32.315  32.798684     0.4568      7.844   159.7348 9.3063e+02     1.6703      0.006      0.009    25.7411   996.8711 0.0000e+00
      0.021      0.042     4.1787     72.254     32.361  32.845659     0.4557      7.829   160.3302 8.8435e+02     1.6522      0.023      0.033    25.7410   996.8712 0.0000e+00
      0.033      0.040     4.1644     72.382     32.346  32.831828     0.4587      7.817   160.3888 1.0349e+03     1.6492      0.033      0.047    25.7417   996.8710 0.0000e+00
      0.042      0.036     4.1430     72.733     32.273  32.758344     0.5402      7.804   160.5298 1.2060e+03     1.6691      0.042      0.061    25.7424   996.8709 0.0000e+00
      0.050      0.028     4.1232     73.226     32.234  32.718539     0.7065      7.790   160.4863 1.0495e+03     1.6522      0.050      0.072    25.7427   996.8709 0.0000e+00
      0.056      0.013     4.1157     73.748     32.246  32.731227     0.8015      7.780   160.2930 7.4650e+02     1.6503      0.055      0.079    25.7435   996.8707 0.0000e+00
      0.062     -0.021     4.1231     74.153     32.300  32.784867     0.8005      7.775   160.6023 6.7939e+02     1.6459      0.061      0.089    25.7443   996.8705 0.0000e+00
      0.067     -0.073     4.1450     74.308     32.376  32.859514     0.7614      7.774   161.3855 7.6001e+02     1.5653      0.068      0.099    25.7453   996.8703 0.0000e+00
      0.063     -0.133     4.1752     74.238     32.392  32.872410     0.7106      7.772   162.1915 7.9065e+02     1.4646      0.071      0.102    25.7460   996.8700 0.0000e+00
      0.030     -0.183     4.2077     74.120     32.337  32.813892     0.6912      7.766   162.6043 6.8995e+02     1.3899      0.047      0.069    25.7465   996.8699 0.0000e+00
     -0.047     -0.213     4.2348     74.101     32.312  32.786455     0.6702      7.756   162.7637 4.4795e+02     1.3489     -0.034     -0.048    25.7459   996.8697 0.0000e+00
     -0.152     -0.220     4.2434     74.238     32.322  32.794457     0.5430      7.746   162.9993 2.3462e+02     1.3814     -0.157     -0.227    25.7418   996.8702 0.0000e+00
     -0.238     -0.204     4.2352     74.576     32.315  32.783748     0.3450      7.736   163.3027 1.5476e+02     1.5079     -0.254     -0.367    25.7357   996.8714 0.0000e+00
     -0.282     -0.170     4.2254     75.166     32.320  32.783862     0.2498      7.727   163.5917 1.3567e+02     1.6421     -0.286     -0.415    25.7299   996.8727 0.0000e+00
     -0.296     -0.132     4.2246     76.034     32.337  32.795830     0.1743      7.717   163.5682 1.3246e+02     1.6991     -0.290     -0.421    25.7272   996.8734 0.0000e+00
