Data/DataNotYetUploadedToEDI/Raw_CTD/RawDownloads/071519_fcr30.cnv
* Sea-Bird SBE19plus  Data File:
* FileName = C:\DATA\071519_fcr_0005.hex
* Software version 2.8.0.119 SB_Terminal.dll
* Temperature SN = 7809
* Conductivity SN = 7809
* System UpLoad Time = Jul 15 2019 16:38:37
* <ApplicationData>
* <Seaterm232>
# nquan = 16
# nvalues = 489                         
# units = specified
# name 0 = depFM: Depth [fresh water, m]
# name 1 = dz/dtM: Descent Rate [m/s]
# name 2 = sbeox0Mg/L: Oxygen, SBE 43 [mg/l]
# name 3 = sbeox0PS: Oxygen, SBE 43 [% saturation]
# name 4 = specc: Specific Conductance [uS/cm]
# name 5 = c0uS/cm: Conductivity [uS/cm]
# name 6 = flECO-AFL: Fluorescence, WET Labs ECO-AFL/FL [mg/m^3]
# name 7 = ph: pH
# name 8 = orp: Oxidation Reduction Potential [mV]
# name 9 = par/sat/log: PAR/Logarithmic, Satlantic
# name 10 = turbWETntu0: Turbidity, WET Labs ECO [NTU]
# name 11 = prdM: Pressure, Strain Gauge [db]
# name 12 = prdE: Pressure, Strain Gauge [psi]
# name 13 = tv290C: Temperature [ITS-90, deg C]
# name 14 = density00: Density [density, kg/m^3]
# name 15 = flag:  0.000e+00
# span 0 =     -0.528,      5.239       
# span 1 =     -0.105,      0.229       
# span 2 =     0.0618,    14.6067       
# span 3 =      0.581,    168.764       
# span 4 =      1.005,     61.763       
# span 5 =   0.969285,  46.806165       
# span 6 =    -0.3658,     6.7864       
# span 7 =      6.564,      8.127       
# span 8 =    25.8588,   304.3580       
# span 9 = 1.9128e+00, 2.0049e+03       
# span 10 =    -0.3712,    15.7001      
# span 11 =     -0.520,      5.138      
# span 12 =     -0.753,      7.452      
# span 13 =    10.9483,    27.8264      
# span 14 =   996.3046,   999.6534      
# span 15 = 0.0000e+00, 0.0000e+00      
# interval = seconds: 0.25
# start_time = Jul 15 2019 11:18:53 [Instrument's time stamp, header]
# bad_flag = -9.990e-29
*END*
[from data line 362]
      3.691      0.056     2.4178     24.000     43.998  35.231708     3.9382      7.518   225.8081 2.4423e+01     3.1139      3.620      5.250    15.2554   999.0976 0.0000e+00
      3.707      0.056     2.1862     21.673     44.217  35.353951     3.8613      7.513   226.1308 2.4091e+01     3.1315      3.637      5.274    15.1985   999.1066 0.0000e+00
      3.720      0.057     1.8918     18.731     44.262  35.336264     3.7268      7.508   226.7343 2.3796e+01     3.2158      3.648      5.291    15.1623   999.1122 0.0000e+00
      3.733      0.059     1.5589     15.413     44.098  35.144735     3.6567      7.502   227.4260 2.3468e+01     3.2814      3.661      5.309    15.1083   999.1205 0.0000e+00
      3.747      0.061     1.2161     12.006     43.683  34.751797     3.6550      7.495   227.8694 2.3084e+01     3.3023      3.674      5.328    15.0281   999.1329 0.0000e+00
      3.762      0.061     0.8903      8.777     43.228  34.329857     3.6447      7.490   228.0515 2.2582e+01     3.3378      3.688      5.349    14.9728   999.1414 0.0000e+00
      3.781      0.060     0.6064      5.970     43.012  34.104977     3.5582      7.485   228.3373 2.1968e+01     3.4486      3.707      5.377    14.9215   999.1492 0.0000e+00
      3.800      0.057     0.3750      3.688     42.909  34.000205     3.4156      7.480   228.7429 2.1401e+01     3.6257      3.727      5.407    14.8422   999.1611 0.0000e+00
      3.816      0.054     0.2045      2.011     42.680  33.824632     3.3422      7.475   229.1707 2.1007e+01     3.7412      3.744      5.430    14.7722   999.1713 0.0000e+00
      3.826      0.051     0.1035      1.018     42.458  33.632265     3.3470      7.471   229.5513 2.0753e+01     3.7962      3.753      5.443    14.7060   999.1809 0.0000e+00
      3.834      0.049     0.0660      0.648     42.403  33.514786     3.3957      7.468   229.8178 2.0501e+01     3.7994      3.759      5.452    14.6274   999.1925 0.0000e+00
      3.844      0.049     0.0820      0.803     42.413  33.419559     3.4722      7.464   230.1554 2.0132e+01     3.7471      3.768      5.466    14.5959   999.1971 0.0000e+00
      3.857      0.051     0.1430      1.396     42.459  33.369260     3.5169      7.461   230.6219 1.9645e+01     3.7211      3.782      5.485    14.6330   999.1917 0.0000e+00
      3.873      0.054     0.2296      2.239     42.256  33.160385     3.5287      7.459   231.1563 1.9108e+01     3.7480      3.798      5.508    14.6368   999.1911 0.0000e+00
      3.890      0.058     0.3186      3.104     41.519  32.544037     3.5452      7.457   231.7988 1.8625e+01     3.7774      3.816      5.535    14.5267   999.2072 0.0000e+00
      3.904      0.060     0.3960      3.851     40.754  31.882440     3.5698      7.454   232.4537 1.8254e+01     3.7817      3.830      5.554    14.3861   999.2275 0.0000e+00
      3.917      0.062     0.4535      4.403     40.372  31.507103     3.5829      7.450   232.9665 1.7870e+01     3.7670      3.839      5.569    14.2715   999.2439 0.0000e+00
      3.932      0.062     0.4905      4.753     40.283  31.369121     3.5996      7.447   233.3527 1.7397e+01     3.7636      3.854      5.591    14.2249   999.2507 0.0000e+00
      3.950      0.063     0.5182      5.013     40.422  31.419730     3.6847      7.445   233.6810 1.6899e+01     3.8714      3.873      5.618    14.2078   999.2528 0.0000e+00
      3.968      0.065     0.5569      5.380     40.649  31.547829     3.8147      7.443   233.9250 1.6428e+01     4.0545      3.892      5.644    14.1162   999.2655 0.0000e+00
      3.985      0.065     0.6236      6.017     40.834  31.648734     3.8792      7.439   234.0649 1.6038e+01     4.1754      3.909      5.670    14.0099   999.2803 0.0000e+00
      4.001      0.064     0.7220      6.960     40.932  31.687834     3.9013      7.438   234.2548 1.5677e+01     4.2190      3.923      5.690    13.9302   999.2913 0.0000e+00
      4.017      0.061     0.8454      8.144     40.991  31.703254     4.0652      7.437   234.5004 1.5278e+01     4.3193      3.939      5.713    13.8552   999.3018 0.0000e+00
      4.034      0.056     0.9753      9.390     41.025  31.708219     4.3436      7.435   234.7119 1.4913e+01     4.5363      3.957      5.740    13.7997   999.3096 0.0000e+00
      4.049      0.052     1.0898     10.488     41.016  31.684380     4.4843      7.433   234.9184 1.4609e+01     4.6796      3.971      5.760    13.7467   999.3169 0.0000e+00
      4.061      0.049     1.1748     11.297     41.115  31.732295     4.4915      7.432   235.1039 1.4344e+01     4.6749      3.984      5.778    13.7016   999.3231 0.0000e+00
      4.071      0.048     1.2218     11.734     41.322  31.843311     4.4830      7.432   235.3197 1.4113e+01     4.6439      3.993      5.792    13.6658   999.3280 0.0000e+00
      4.080      0.050     1.2298     11.793     41.536  31.947798     4.3812      7.432   235.5487 1.3847e+01     4.6644      3.999      5.800    13.6357   999.3322 0.0000e+00
      4.090      0.053     1.2053     11.541     41.816  32.107132     4.1873      7.431   235.7225 1.3521e+01     4.6938      4.009      5.815    13.6296   999.3330 0.0000e+00
      4.105      0.057     1.1577     11.071     42.388  32.500544     4.0725      7.429   235.8724 1.3146e+01     4.6721      4.024      5.837    13.5965   999.3375 0.0000e+00
      4.123      0.062     1.0961     10.471     44.033  33.721769     4.0515      7.427   235.9839 1.2720e+01     4.6634      4.044      5.863    13.5332   999.3461 0.0000e+00
      4.142      0.067     1.0235      9.769     47.582  36.400994     3.9419      7.425   236.0386 1.2321e+01     4.7532      4.063      5.893    13.4530   999.3569 0.0000e+00
      4.159      0.072     0.9421      8.984     52.537  40.140701     3.7278      7.422   236.1040 1.1985e+01     4.8725      4.078      5.916    13.3818   999.3665 0.0000e+00
      4.175      0.075     0.8572      8.162     57.311  43.706570     3.6042      7.418   236.1714 1.1626e+01     4.8931      4.093      5.936    13.3348   999.3729 0.0000e+00
      4.194      0.076     0.7692      7.311     60.186  45.802172     3.5820      7.413   236.1655 1.1195e+01     4.8714      4.111      5.964    13.2847   999.3798 0.0000e+00
      4.215      0.076     0.6733      6.390     60.863  46.238555     3.5729      7.408   236.1181 1.0733e+01     4.8725      4.133      5.995    13.2535   999.3852 0.0000e+00
      4.238      0.074     0.5671      5.376     61.025  46.315805     3.5810      7.403   236.1148 1.0289e+01     4.8730      4.157      6.030    13.2154   999.3922 0.0000e+00
      4.260      0.070     0.4576      4.335     61.538  46.672642     3.5930      7.399   236.2126 9.9345e+00     4.8784      4.180      6.062    13.1376   999.4042 0.0000e+00
      4.277      0.064     0.3554      3.365     61.763  46.806165     3.5789      7.394   236.2681 9.6871e+00     4.8721      4.195      6.086    13.0419   999.4175 0.0000e+00
      4.291      0.058     0.2652      2.509     61.448  46.533050     3.4104      7.389   236.2695 9.4715e+00     4.7970      4.208      6.104    12.9684   999.4268 0.0000e+00
      4.303      0.052     0.1887      1.785     60.998  46.164651     3.1080      7.384   236.4874 9.2648e+00     4.6906      4.220      6.120    12.9424   999.4300 0.0000e+00
      4.315      0.050     0.1289      1.219     60.461  45.717655     2.9308      7.375   236.8381 9.0904e+00     4.6355      4.231      6.138    12.9233   999.4329 0.0000e+00
      4.326      0.050     0.0879      0.831     59.174  44.684617     2.9064      7.365   237.0680 8.9279e+00     4.6220      4.241      6.151    12.8871   999.4375 0.0000e+00
      4.337      0.052     0.0659      0.622     57.307  43.199222     2.9438      7.355   237.1160 8.7259e+00     4.6914      4.253      6.168    12.8563   999.4412 0.0000e+00
      4.351      0.054     0.0618      0.581     56.236  42.298764     3.0093      7.346   236.9021 8.4879e+00     4.8187      4.266      6.187    12.8427   999.4428 0.0000e+00
      4.366      0.054     0.0705      0.662     56.447  42.369074     3.0405      7.337   236.4610 8.2430e+00     4.8831      4.281      6.208    12.8127   999.4466 0.0000e+00
      4.382      0.053     0.0830      0.778     57.139  42.842884     3.0432      7.327   235.9986 8.0121e+00     4.9121      4.298      6.234    12.7543   999.4535 0.0000e+00
      4.398      0.051     0.0946      0.887     57.529  43.138507     3.0420      7.318   235.6996 7.8098e+00     4.9405      4.314      6.257    12.6939   999.4601 0.0000e+00
      4.411      0.046     0.1061      0.996     57.014  42.768703     3.0516      7.311   235.3403 7.6370e+00     5.0960      4.326      6.275    12.6079   999.4703 0.0000e+00
      4.421      0.043     0.1146      1.076     54.965  41.228853     3.0722      7.306   234.3218 7.5220e+00     5.4160      4.337      6.289    12.5096   999.4825 0.0000e+00
      4.429      0.042     0.1206      1.131     51.872  38.868895     3.0921      7.300   232.5047 7.4440e+00     5.5972      4.344      6.300    12.4691   999.4877 0.0000e+00
      4.435      0.043     0.1278      1.196     49.173  36.771914     3.1271      7.294   229.9762 7.3412e+00     5.6158      4.349      6.308    12.4873   999.4857 0.0000e+00
      4.445      0.045     0.1343      1.255     47.498  35.426149     3.2873      7.289   226.8941 7.1811e+00     5.8376      4.357      6.319    12.5102   999.4829 0.0000e+00
      4.458      0.050     0.1402      1.306     46.678  34.720785     3.5553      7.285   223.7182 6.9700e+00     6.2469      4.371      6.340    12.5158   999.4815 0.0000e+00
      4.474      0.055     0.1504      1.398     46.093  34.209581     3.6886      7.281   220.8297 6.7610e+00     6.4348      4.389      6.365    12.4749   999.4852 0.0000e+00
      4.490      0.058     0.1694      1.573     45.563  33.751338     3.6853      7.278   218.4699 6.5725e+00     6.4388      4.403      6.386    12.3899   999.4945 0.0000e+00
      4.506      0.058     0.2008      1.862     45.393  33.559353     3.5938      7.276   216.3521 6.3826e+00     6.3608      4.417      6.407    12.2907   999.5057 0.0000e+00
      4.522      0.056     0.2518      2.331     45.452  33.538360     3.4138      7.274   214.0652 6.2096e+00     6.1473      4.435      6.432    12.1778   999.5188 0.0000e+00
      4.537      0.054     0.3273      3.025     45.308  33.370506     3.3047      7.273   211.8136 6.0737e+00     6.0199      4.451      6.454    12.0986   999.5279 0.0000e+00
      4.550      0.053     0.4283      3.951     44.535  32.735594     3.2798      7.273   210.1219 5.9559e+00     6.0334      4.462      6.471    12.0414   999.5342 0.0000e+00
      4.560      0.053     0.5556      5.115     43.478  31.890593     3.2865      7.273   209.0124 5.8469e+00     6.0479      4.472      6.486    11.9588   999.5438 0.0000e+00
      4.571      0.054     0.7081      6.509     42.907  31.403596     3.3156      7.274   207.8624 5.7385e+00     6.0642      4.482      6.501    11.8888   999.5518 0.0000e+00
      4.585      0.057     0.8806      8.081     42.835  31.289495     3.3288      7.276   206.4563 5.6023e+00     6.0666      4.495      6.519    11.8274   999.5587 0.0000e+00
      4.600      0.061     1.0703      9.810     42.880  31.272449     3.3253      7.278   205.0033 5.4339e+00     6.0442      4.510      6.541    11.7496   999.5671 0.0000e+00
      4.618      0.063     1.2795     11.715     42.918  31.260904     3.2719      7.280   203.6303 5.2720e+00     6.2518      4.528      6.569    11.6700   999.5755 0.0000e+00
      4.637      0.064     1.5105     13.820     42.892  31.213310     3.1690      7.282   202.3312 5.1240e+00     6.6763      4.547      6.596    11.5892   999.5843 0.0000e+00
      4.654      0.063     1.7681     16.167     42.737  31.077718     3.1130      7.285   201.0835 4.9795e+00     6.9161      4.564      6.619    11.5160   999.5924 0.0000e+00
      4.669      0.060     2.0483     18.715     42.518  30.890603     3.1075      7.286   199.9878 4.8444e+00     6.9221      4.580      6.642    11.4582   999.5986 0.0000e+00
      4.683      0.057     2.3363     21.332     42.418  30.791141     3.1013      7.287   198.9768 4.7065e+00     6.9139      4.593      6.661    11.4109   999.6037 0.0000e+00
      4.697      0.053     2.6149     23.870     42.481  30.826959     3.1075      7.288   197.9798 4.5644e+00     7.2107      4.606      6.679    11.3806   999.6071 0.0000e+00
      4.712      0.049     2.8632     26.145     42.450  30.816002     3.1393      7.291   197.1393 4.4428e+00     7.7575      4.621      6.702    11.3600   999.6092 0.0000e+00
      4.724      0.046     3.0658     28.004     42.129  30.595227     3.1653      7.292   196.6448 4.3697e+00     8.0516      4.634      6.722    11.3257   999.6128 0.0000e+00
      4.734      0.046     3.2235     29.433     41.762  30.315113     3.1433      7.292   196.4744 4.3258e+00     8.1778      4.643      6.734    11.2839   999.6173 0.0000e+00
      4.743      0.046     3.3374     30.441     41.687  30.221198     2.8822      7.292   196.4562 4.2696e+00     9.1853      4.651      6.745    11.2691   999.6188 0.0000e+00
      4.753      0.047     3.4049     31.021     41.744  30.221136     2.4103      7.293   196.4242 4.1828e+00    11.0234      4.659      6.757    11.2913   999.6165 0.0000e+00
      4.766      0.050     3.4364     31.282     41.651  30.123956     2.1539      7.293   196.3458 4.0735e+00    12.0502      4.673      6.779    11.3227   999.6133 0.0000e+00
      4.780      0.055     3.4512     31.397     41.508  29.997984     2.1233      7.293   196.3682 3.9765e+00    12.2267      4.688      6.801    11.3068   999.6148 0.0000e+00
      4.795      0.060     3.4641     31.499     41.401  29.903636     1.9533      7.293   196.5227 3.8811e+00    13.1250      4.700      6.817    11.2435   999.6215 0.0000e+00
      4.810      0.064     3.4825     31.658     41.282  29.808082     1.6424      7.293   196.6654 3.7717e+00    14.7522      4.716      6.841    11.1887   999.6273 0.0000e+00
      4.827      0.067     3.5096     31.898     41.184  29.730987     1.4845      7.292   196.5453 3.6809e+00    15.6456      4.734      6.867    11.1573   999.6306 0.0000e+00
      4.845      0.069     3.5476     32.238     41.107  29.669470     1.4839      7.292   196.3601 3.5984e+00    15.7001      4.750      6.889    11.1315   999.6333 0.0000e+00
      4.863      0.069     3.6003     32.713     40.979  29.571906     1.5475      7.292   196.4919 3.5024e+00    15.1825      4.770      6.917    11.1082   999.6357 0.0000e+00
      4.882      0.069     3.6691     33.333     40.803  29.439678     1.6738      7.291   196.8487 3.4154e+00    14.2377      4.789      6.946    11.0977   999.6369 0.0000e+00
      4.900      0.068     3.7510     34.066     40.679  29.339760     1.7530      7.290   197.1464 3.3379e+00    13.7478      4.805      6.970    11.0939   999.6374 0.0000e+00
      4.917      0.067     3.8357     34.820     40.668  29.315581     1.7678      7.290   197.2522 3.2655e+00    13.7159      4.822      6.994    11.0852   999.6383 0.0000e+00
      4.934      0.063     3.9136     35.514     40.717  29.337676     1.8101      7.290   197.4389 3.2066e+00    13.7209      4.839      7.017    11.0775   999.6390 0.0000e+00
      4.950      0.057     3.9915     36.217     40.743  29.353077     1.8920      7.289   197.8552 3.1464e+00    13.7103      4.854      7.040    11.0751   999.6393 0.0000e+00
      4.966      0.051     4.0810     37.034     40.768  29.374887     1.9429      7.289   198.3278 3.0829e+00    13.6856      4.871      7.065    11.0634   999.6405 0.0000e+00
      4.980      0.046     4.1893     38.021     40.813  29.411023     1.9491      7.288   198.8508 3.0246e+00    13.6846      4.886      7.085    11.0390   999.6431 0.0000e+00
