Data/DataNotYetUploadedToEDI/Raw_CTD/RawDownloads/071520_ccr50.cnv
* Sea-Bird SBE19plus  Data File:
* FileName = C:\DATA\071720_fcr50_0001.hex
* Software version 2.8.0.119
* Temperature SN = 7809
* Conductivity SN = 7809
* System UpLoad Time = Jul 17 2020 12:20:49
* <ApplicationData>
* <Seaterm232>
# nquan = 16
# nvalues = 4752                        
# units = specified
# name 0 = depFM: Depth [fresh water, m]
# name 1 = dz/dtM: Descent Rate [m/s]
# name 2 = sbeox0ML/L: Oxygen, SBE 43 [ml/l]
# name 3 = sbeox0PS: Oxygen, SBE 43 [% saturation]
# name 4 = specc: Specific Conductance [uS/cm]
# name 5 = c0uS/cm: Conductivity [uS/cm]
# name 6 = flECO-AFL: Fluorescence, WET Labs ECO-AFL/FL [mg/m^3]
# name 7 = ph: pH
# name 8 = orp: Oxidation Reduction Potential [mV]
# name 9 = par/sat/log: PAR/Logarithmic, Satlantic
# name 10 = turbWETntu0: Turbidity, WET Labs ECO [NTU]
# name 11 = prdM: Pressure, Strain Gauge [db]
# name 12 = prdE: Pressure, Strain Gauge [psi]
# name 13 = tv290C: Temperature [ITS-90, deg C]
# name 14 = density00: Density [density, kg/m^3]
# name 15 = flag:  0.000e+00
# span 0 =     -0.423,     21.133       
# span 1 =     -0.288,      0.172       
# span 2 =     1.4258,     7.3779       
# span 3 =     17.806,    121.879       
# span 4 =     10.508,     99.510       
# span 5 =  11.277529,  98.497264       
# span 6 =    -2.6335,   259.8212       
# span 7 =      6.273,      8.645       
# span 8 = -1240.7455,   454.0789       
# span 9 = 1.2299e-01, 3.4948e+03       
# span 10 =    -0.8796,   604.8202      
# span 11 =     -0.417,     20.725      
# span 12 =     -0.606,     30.059      
# span 13 =     9.2304,    36.5630      
# span 14 =   993.5038,   999.9019      
# span 15 = 0.0000e+00, 0.0000e+00      
# interval = seconds: 0.25
# start_time = Jul 15 2020 00:29:33 [Instrument's time stamp, header]
# bad_flag = -9.990e-29
*END*
[from data line 3436]
     17.687     -0.070     2.4823     31.282     91.480  62.983092    -0.1667      6.722   271.3180 1.2346e-01     3.5841     17.344     25.157     9.4173   999.8683 0.0000e+00
     17.676     -0.080     2.4873     31.351     91.303  62.871487    -0.1684      6.722   271.2977 1.2341e-01     3.5122     17.336     25.143     9.4202   999.8679 0.0000e+00
     17.659     -0.090     2.4980     31.461     91.261  62.857202    -0.1663      6.722   271.3285 1.2335e-01     3.5071     17.321     25.122     9.4191   999.8680 0.0000e+00
     17.630     -0.099     2.5005     31.627     91.266  62.873936    -0.1607      6.722   271.3466 1.2340e-01     3.5570     17.293     25.081     9.4190   999.8678 0.0000e+00
     17.594     -0.105     2.5036     31.806     91.266  62.883187    -0.1575      6.722   271.3440 1.2347e-01     3.5657     17.253     25.023     9.4214   999.8673 0.0000e+00
     17.559     -0.107     2.5088     31.986     91.290  62.905517    -0.1660      6.723   271.2971 1.2344e-01     3.5443     17.216     24.970     9.4271   999.8666 0.0000e+00
     17.532     -0.105     2.5150     32.234     91.355  62.953306    -0.1677      6.725   271.2965 1.2340e-01     3.6412     17.191     24.933     9.4360   999.8658 0.0000e+00
     17.511     -0.100     2.5307     32.564     91.447  63.016186    -0.1487      6.725   271.3359 1.2345e-01     3.8450     17.172     24.906     9.4440   999.8650 0.0000e+00
     17.491     -0.093     2.5455     32.898     91.467  63.030328    -0.1272      6.723   271.3440 1.2351e-01     3.9820     17.154     24.880     9.4490   999.8645 0.0000e+00
     17.467     -0.086     2.5565     33.212     91.415  62.997205    -0.1088      6.723   271.3089 1.2354e-01     4.0622     17.130     24.845     9.4521   999.8641 0.0000e+00
     17.441     -0.080     2.5749     33.561     91.410  62.996981    -0.0884      6.724   271.2548 1.2355e-01     4.1623     17.102     24.805     9.4536   999.8639 0.0000e+00
     17.418     -0.076     2.6057     33.941     91.455  63.027625    -0.0713      6.724   271.2927 1.2352e-01     4.2315     17.079     24.770     9.4531   999.8639 0.0000e+00
     17.401     -0.074     2.6333     34.298     91.402  62.986435    -0.0642      6.724   271.4227 1.2349e-01     4.2120     17.063     24.748     9.4522   999.8639 0.0000e+00
     17.388     -0.073     2.6549     34.623     91.252  62.880230    -0.0692      6.723   271.4494 1.2349e-01     4.2008     17.052     24.732     9.4542   999.8637 0.0000e+00
     17.374     -0.074     2.6830     34.914     91.165  62.823792    -0.0838      6.723   271.2716 1.2351e-01     4.1990     17.041     24.715     9.4576   999.8634 0.0000e+00
     17.356     -0.076     2.7163     35.187     91.135  62.812408    -0.0976      6.723   271.1658 1.2348e-01     4.1222     17.022     24.690     9.4569   999.8633 0.0000e+00
     17.333     -0.078     2.7445     35.493     91.111  62.806150    -0.1026      6.723   271.2891 1.2343e-01     4.0272     16.998     24.654     9.4530   999.8635 0.0000e+00
     17.308     -0.079     2.7704     35.803     91.106  62.811681    -0.1057      6.723   271.2998 1.2344e-01     3.9777     16.973     24.616     9.4506   999.8635 0.0000e+00
     17.285     -0.078     2.7948     36.081     91.103  62.815751    -0.1443      6.723   271.1232 1.2349e-01     3.9694     16.949     24.582     9.4529   999.8632 0.0000e+00
     17.265     -0.075     2.8119     36.406     91.066  62.791812    -0.2164      6.723   271.0459 1.2352e-01     3.9949     16.930     24.555     9.4586   999.8626 0.0000e+00
     17.250     -0.072     2.8383     36.850     90.951  62.712882    -0.2440      6.724   271.0537 1.2355e-01     4.0464     16.916     24.535     9.4647   999.8621 0.0000e+00
     17.236     -0.071     2.8655     37.383     90.816  62.623962    -0.2299      6.725   271.0460 1.2358e-01     4.0772     16.905     24.518     9.4700   999.8616 0.0000e+00
     17.219     -0.072     2.8833     37.963     90.778  62.606313    -0.2459      6.725   271.1243 1.2356e-01     3.9898     16.887     24.493     9.4733   999.8612 0.0000e+00
     17.199     -0.074     2.9064     38.561     90.793  62.626583    -0.2847      6.725   271.3122 1.2352e-01     3.8139     16.867     24.463     9.4740   999.8611 0.0000e+00
     17.178     -0.074     2.9443     39.156     90.766  62.614881    -0.3082      6.724   271.4257 1.2347e-01     3.7699     16.846     24.433     9.4729   999.8610 0.0000e+00
     17.156     -0.073     2.9879     39.775     90.724  62.591931    -0.3206      6.724   271.2914 1.2342e-01     3.8002     16.824     24.402     9.4750   999.8607 0.0000e+00
     17.136     -0.070     3.0337     40.400     90.733  62.603271    -0.3387      6.725   271.1511 1.2338e-01     3.6656     16.804     24.372     9.4811   999.8601 0.0000e+00
     17.119     -0.069     3.0839     40.998     90.757  62.624911    -0.3649      6.726   271.1921 1.2340e-01     3.4477     16.787     24.348     9.4867   999.8596 0.0000e+00
     17.106     -0.071     3.1275     41.597     90.714  62.599408    -0.3809      6.725   271.2707 1.2345e-01     3.3287     16.775     24.330     9.4906   999.8592 0.0000e+00
     17.092     -0.076     3.1787     42.218     90.637  62.549095    -0.3798      6.724   271.4135 1.2348e-01     3.2912     16.764     24.314     9.4936   999.8588 0.0000e+00
     17.075     -0.080     3.2302     42.851     90.598  62.524949    -0.3702      6.725   271.5423 1.2348e-01     3.3030     16.747     24.290     9.4964   999.8586 0.0000e+00
     17.050     -0.083     3.2753     43.454     90.554  62.498104    -0.3600      6.726   271.5365 1.2345e-01     3.2995     16.722     24.253     9.4995   999.8582 0.0000e+00
     17.021     -0.083     3.3233     44.002     90.521  62.478691    -0.3610      6.726   271.5165 1.2345e-01     3.2142     16.691     24.208     9.5019   999.8579 0.0000e+00
     16.995     -0.079     3.3721     44.488     90.521  62.480865    -0.3641      6.725   271.5582 1.2345e-01     3.1642     16.664     24.169     9.5031   999.8576 0.0000e+00
     16.976     -0.074     3.4254     44.933     90.491  62.460844    -0.3593      6.724   271.6106 1.2344e-01     3.1419     16.645     24.141     9.5044   999.8574 0.0000e+00
     16.963     -0.071     3.4727     45.313     90.442  62.427253    -0.3597      6.725   271.6337 1.2344e-01     2.9786     16.633     24.125     9.5067   999.8571 0.0000e+00
     16.952     -0.071     3.5177     45.583     90.392  62.392438    -0.3690      6.725   271.4928 1.2343e-01     2.7692     16.626     24.113     9.5087   999.8569 0.0000e+00
     16.937     -0.075     3.5550     45.769     90.341  62.357624    -0.3765      6.726   271.2847 1.2340e-01     2.7047     16.612     24.094     9.5099   999.8568 0.0000e+00
     16.916     -0.082     3.5902     45.858     90.291  62.324042    -0.3738      6.727   271.3541 1.2343e-01     2.7136     16.591     24.064     9.5104   999.8566 0.0000e+00
     16.891     -0.088     3.6251     45.800     90.260  62.304122    -0.3753      6.727   271.5579 1.2348e-01     2.7045     16.565     24.025     9.5100   999.8565 0.0000e+00
     16.864     -0.090     3.6425     45.591     90.263  62.307404    -0.3840      6.727   271.5976 1.2347e-01     2.6645     16.539     23.986     9.5097   999.8563 0.0000e+00
     16.837     -0.087     3.6589     45.224     90.251  62.300183    -0.3845      6.726   271.5760 1.2346e-01     2.6066     16.511     23.947     9.5099   999.8562 0.0000e+00
     16.813     -0.080     3.6685     44.722     90.222  62.280359    -0.3815      6.725   271.6410 1.2345e-01     2.6222     16.485     23.910     9.5106   999.8560 0.0000e+00
     16.794     -0.072     3.6621     44.114     90.190  62.258347    -0.3760      6.725   271.6952 1.2342e-01     2.7162     16.468     23.885     9.5115   999.8558 0.0000e+00
     16.780     -0.064     3.6469     43.386     90.141  62.224663    -0.3655      6.726   271.6291 1.2346e-01     2.7812     16.455     23.867     9.5122   999.8557 0.0000e+00
     16.768     -0.059     3.6166     42.576     90.092  62.190809    -0.3599      6.726   271.5300 1.2354e-01     2.7567     16.444     23.849     9.5126   999.8556 0.0000e+00
     16.755     -0.058     3.5745     41.816     90.057  62.166741    -0.3649      6.725   271.5299 1.2355e-01     2.6941     16.431     23.831     9.5129   999.8555 0.0000e+00
     16.742     -0.061     3.5275     41.151     89.995  62.124299    -0.3690      6.725   271.5412 1.2348e-01     2.6770     16.419     23.812     9.5131   999.8554 0.0000e+00
     16.727     -0.066     3.4697     40.519     89.898  62.058902    -0.3705      6.724   271.4944 1.2339e-01     2.7222     16.405     23.793     9.5129   999.8554 0.0000e+00
     16.710     -0.071     3.3984     39.933     89.827  62.011459    -0.3736      6.724   271.4807 1.2344e-01     2.7588     16.389     23.770     9.5127   999.8553 0.0000e+00
     16.689     -0.076     3.3366     39.475     89.800  61.995478    -0.3683      6.725   271.4604 1.2360e-01     2.7419     16.367     23.739     9.5128   999.8552 0.0000e+00
     16.666     -0.080     3.2873     39.139     89.793  61.992765    -0.3734      6.726   271.4216 1.2361e-01     2.7235     16.343     23.704     9.5131   999.8550 0.0000e+00
     16.645     -0.084     3.2364     38.878     89.769  61.978664    -0.4073      6.727   271.5279 1.2350e-01     2.7090     16.322     23.673     9.5137   999.8548 0.0000e+00
     16.625     -0.087     3.1847     38.683     89.729  61.952070    -0.4444      6.727   271.7143 1.2340e-01     2.7037     16.304     23.647     9.5148   999.8546 0.0000e+00
     16.605     -0.089     3.1495     38.534     89.689  61.925393    -0.4504      6.726   271.6960 1.2339e-01     2.7286     16.286     23.620     9.5162   999.8544 0.0000e+00
     16.582     -0.089     3.1252     38.462     89.664  61.910278    -0.4222      6.726   271.5649 1.2344e-01     2.7347     16.262     23.585     9.5177   999.8541 0.0000e+00
     16.556     -0.089     3.1021     38.474     89.641  61.896403    -0.3892      6.727   271.5919 1.2348e-01     2.7086     16.235     23.547     9.5186   999.8539 0.0000e+00
     16.531     -0.087     3.0897     38.529     89.621  61.884725    -0.3752      6.727   271.6772 1.2353e-01     2.6881     16.210     23.511     9.5192   999.8538 0.0000e+00
     16.508     -0.083     3.0748     38.607     89.634  61.896163    -0.3776      6.727   271.6498 1.2353e-01     2.6931     16.188     23.478     9.5200   999.8536 0.0000e+00
     16.488     -0.077     3.0691     38.716     89.648  61.907619    -0.3791      6.728   271.6054 1.2349e-01     2.7000     16.168     23.450     9.5211   999.8534 0.0000e+00
     16.470     -0.071     3.0719     38.853     89.628  61.896149    -0.3844      6.728   271.6567 1.2347e-01     2.6686     16.150     23.424     9.5222   999.8532 0.0000e+00
     16.453     -0.066     3.0765     38.991     89.608  61.884576    -0.4042      6.729   271.7534 1.2348e-01     2.5879     16.135     23.400     9.5235   999.8530 0.0000e+00
     16.437     -0.062     3.0825     39.141     89.620  61.894773    -0.4275      6.729   271.8278 1.2348e-01     2.4792     16.118     23.377     9.5249   999.8528 0.0000e+00
     16.423     -0.059     3.0902     39.286     89.613  61.892367    -0.4467      6.730   271.8683 1.2351e-01     2.3846     16.105     23.358     9.5261   999.8527 0.0000e+00
     16.409     -0.059     3.1037     39.421     89.557  61.855482    -0.4551      6.730   271.8990 1.2352e-01     2.3720     16.091     23.338     9.5271   999.8525 0.0000e+00
     16.395     -0.060     3.1125     39.578     89.517  61.830055    -0.4525      6.730   271.9411 1.2346e-01     2.4636     16.078     23.319     9.5284   999.8523 0.0000e+00
     16.381     -0.061     3.1254     39.736     89.527  61.839105    -0.4434      6.729   271.9473 1.2344e-01     2.5309     16.065     23.301     9.5297   999.8522 0.0000e+00
     16.364     -0.062     3.1383     39.876     89.522  61.837825    -0.4306      6.729   271.8873 1.2344e-01     2.4998     16.047     23.275     9.5307   999.8520 0.0000e+00
     16.345     -0.065     3.1457     40.023     89.485  61.814585    -0.4315      6.729   271.8193 1.2343e-01     2.4652     16.028     23.247     9.5319   999.8518 0.0000e+00
     16.329     -0.068     3.1601     40.152     89.480  61.812281    -0.4452      6.729   271.8119 1.2346e-01     2.4552     16.012     23.224     9.5332   999.8516 0.0000e+00
     16.314     -0.071     3.1741     40.223     89.475  61.809967    -0.4433      6.730   271.8838 1.2346e-01     2.4475     15.999     23.205     9.5344   999.8514 0.0000e+00
     16.297     -0.072     3.1823     40.266     89.441  61.786618    -0.4288      6.730   271.9150 1.2347e-01     2.4414     15.984     23.183     9.5356   999.8513 0.0000e+00
     16.276     -0.072     3.1958     40.300     89.436  61.784141    -0.4405      6.730   271.8447 1.2351e-01     2.4500     15.962     23.150     9.5366   999.8511 0.0000e+00
     16.253     -0.072     3.2081     40.305     89.428  61.780016    -0.4801      6.730   271.8077 1.2356e-01     2.4489     15.938     23.115     9.5374   999.8509 0.0000e+00
     16.233     -0.073     3.2118     40.294     89.364  61.736735    -0.5071      6.731   271.8120 1.2356e-01     2.4278     15.918     23.087     9.5379   999.8508 0.0000e+00
     16.218     -0.075     3.2141     40.267     89.318  61.705634    -0.5096      6.731   271.8109 1.2349e-01     2.4348     15.903     23.065     9.5382   999.8506 0.0000e+00
     16.203     -0.078     3.2191     40.201     89.339  61.721696    -0.4914      6.731   271.8802 1.2345e-01     2.4647     15.892     23.048     9.5388   999.8505 0.0000e+00
     16.186     -0.082     3.2177     40.119     89.364  61.740316    -0.4583      6.731   271.9612 1.2350e-01     2.5145     15.875     23.024     9.5394   999.8504 0.0000e+00
     16.163     -0.086     3.2168     40.051     89.362  61.740134    -0.4335      6.730   271.9303 1.2359e-01     2.5570     15.852     22.992     9.5399   999.8502 0.0000e+00
     16.136     -0.088     3.2162     39.988     89.330  61.719499    -0.4299      6.730   271.8518 1.2358e-01     2.5314     15.823     22.950     9.5405   999.8500 0.0000e+00
     16.109     -0.088     3.2096     39.913     89.274  61.681455    -0.4435      6.731   271.7858 1.2355e-01     2.4797     15.795     22.909     9.5412   999.8499 0.0000e+00
     16.085     -0.086     3.2017     39.843     89.244  61.661390    -0.4454      6.732   271.7350 1.2356e-01     2.4813     15.772     22.875     9.5420   999.8497 0.0000e+00
     16.065     -0.082     3.1967     39.775     89.252  61.667520    -0.4342      6.733   271.7532 1.2352e-01     2.5168     15.754     22.849     9.5429   999.8495 0.0000e+00
     16.048     -0.079     3.1932     39.709     89.287  61.692033    -0.4324      6.733   271.8342 1.2346e-01     2.5309     15.738     22.826     9.5434   999.8494 0.0000e+00
     16.031     -0.079     3.1849     39.644     89.303  61.703612    -0.4323      6.732   271.9389 1.2344e-01     2.4797     15.721     22.802     9.5440   999.8492 0.0000e+00
     16.012     -0.081     3.1808     39.574     89.268  61.680438    -0.4233      6.732   271.9870 1.2342e-01     2.4812     15.704     22.777     9.5443   999.8491 0.0000e+00
     15.991     -0.083     3.1747     39.512     89.245  61.666012    -0.3999      6.733   271.9855 1.2342e-01     2.6177     15.682     22.745     9.5445   999.8490 0.0000e+00
     15.967     -0.085     3.1695     39.453     89.229  61.656273    -0.3780      6.733   272.0073 1.2347e-01     2.7227     15.658     22.710     9.5448   999.8489 0.0000e+00
     15.942     -0.085     3.1649     39.420     89.184  61.626232    -0.3686      6.734   271.9922 1.2351e-01     2.7551     15.633     22.673     9.5452   999.8487 0.0000e+00
