Data/DataNotYetUploadedToEDI/Raw_CTD/RawDownloads/071519_fcr30.cnv
* Sea-Bird SBE19plus  Data File:
* FileName = C:\DATA\071519_fcr_0005.hex
* Software version 2.8.0.119 SB_Terminal.dll
* Temperature SN = 7809
* Conductivity SN = 7809
* System UpLoad Time = Jul 15 2019 16:38:37
* <ApplicationData>
* <Seaterm232>
# nquan = 16
# nvalues = 489                         
# units = specified
# name 0 = depFM: Depth [fresh water, m]
# name 1 = dz/dtM: Descent Rate [m/s]
# name 2 = sbeox0Mg/L: Oxygen, SBE 43 [mg/l]
# name 3 = sbeox0PS: Oxygen, SBE 43 [% saturation]
# name 4 = specc: Specific Conductance [uS/cm]
# name 5 = c0uS/cm: Conductivity [uS/cm]
# name 6 = flECO-AFL: Fluorescence, WET Labs ECO-AFL/FL [mg/m^3]
# name 7 = ph: pH
# name 8 = orp: Oxidation Reduction Potential [mV]
# name 9 = par/sat/log: PAR/Logarithmic, Satlantic
# name 10 = turbWETntu0: Turbidity, WET Labs ECO [NTU]
# name 11 = prdM: Pressure, Strain Gauge [db]
# name 12 = prdE: Pressure, Strain Gauge [psi]
# name 13 = tv290C: Temperature [ITS-90, deg C]
# name 14 = density00: Density [density, kg/m^3]
# name 15 = flag:  0.000e+00
# span 0 =     -0.528,      5.239       
# span 1 =     -0.105,      0.229       
# span 2 =     0.0618,    14.6067       
# span 3 =      0.581,    168.764       
# span 4 =      1.005,     61.763       
# span 5 =   0.969285,  46.806165       
# span 6 =    -0.3658,     6.7864       
# span 7 =      6.564,      8.127       
# span 8 =    25.8588,   304.3580       
# span 9 = 1.9128e+00, 2.0049e+03       
# span 10 =    -0.3712,    15.7001      
# span 11 =     -0.520,      5.138      
# span 12 =     -0.753,      7.452      
# span 13 =    10.9483,    27.8264      
# span 14 =   996.3046,   999.6534      
# span 15 = 0.0000e+00, 0.0000e+00      
# interval = seconds: 0.25
# start_time = Jul 15 2019 11:18:53 [Instrument's time stamp, header]
# bad_flag = -9.990e-29
*END*
     -0.527 1.1097e-14     7.5963     88.902      1.273   1.227984    -0.0400      6.599   304.3580 2.0910e+02    -0.3712     -0.517     -0.750    23.1779   997.5037 0.0000e+00
     -0.528 1.2206e-13     7.6002     88.953      1.257   1.212557    -0.0205      6.598   302.9582 2.0170e+02    -0.3582     -0.518     -0.751    23.1859   997.5018 0.0000e+00
     -0.528 1.3427e-12     7.6026     88.986      1.211   1.168092    -0.0270      6.598   298.0178 2.0941e+02    -0.2789     -0.518     -0.751    23.1935   997.5000 0.0000e+00
     -0.527 1.4770e-11     7.6014     88.976      1.176   1.133889    -0.1100      6.596   292.0320 2.4271e+02    -0.0352     -0.517     -0.750    23.1983   997.4988 0.0000e+00
     -0.527 1.6246e-10     7.5957     88.912      1.157   1.115812    -0.2694      6.592   287.5427 2.6979e+02     0.3607     -0.517     -0.750    23.2028   997.4978 0.0000e+00
     -0.527 1.7871e-09     7.5840     88.777      1.116   1.076251    -0.3594      6.587   285.2945 2.7930e+02     0.6074     -0.517     -0.750    23.2059   997.4970 0.0000e+00
     -0.528 1.9658e-08     7.5667     88.577      1.074   1.035719    -0.3658      6.584   283.4332 2.8489e+02     0.6534     -0.518     -0.751    23.2090   997.4963 0.0000e+00
     -0.528 2.1624e-07     7.5481     88.361      1.043   1.005911    -0.3208      6.584   278.7187 2.9099e+02     0.6224     -0.518     -0.751    23.2110   997.4959 0.0000e+00
     -0.528      0.000     7.5311     88.164      1.005   0.969285    -0.2402      6.584   268.9885 2.9844e+02     0.5931     -0.517     -0.750    23.2133   997.4953 0.0000e+00
     -0.528      0.000     7.5165     87.993      1.009   0.973041    -0.1888      6.586   254.4066 3.0538e+02     0.6271     -0.518     -0.751    23.2138   997.4952 0.0000e+00
     -0.528      0.000     7.5061     87.876      1.351   1.304757    -0.0978      6.586   232.9320 3.1153e+02     0.7704     -0.517     -0.750    23.2167   997.4945 0.0000e+00
     -0.528      0.003     7.4995     87.837      4.753   4.599878     0.8087      6.564   163.5234 3.2251e+02     2.0640     -0.518     -0.751    23.2153   997.4947 0.0000e+00
     -0.528      0.015     7.4710     87.851     15.728  15.336398     2.4656      6.581    56.4434 3.7929e+02     4.4367     -0.518     -0.751    23.2201   997.4937 0.0000e+00
     -0.528      0.038     7.3861     87.891     29.572  29.164268     3.3666      6.757    25.8588 5.2604e+02     5.7313     -0.518     -0.751    23.2141   997.4949 0.0000e+00
     -0.527      0.069     7.2655     87.954     36.396  36.447135     3.3805      7.046    74.0435 7.2285e+02     5.7225     -0.520     -0.753    23.2244   997.4927 0.0000e+00
     -0.515      0.103     7.1637     88.048     37.226  37.861101     2.5466      7.328   109.2104 9.2332e+02     4.8215     -0.517     -0.749    23.2078   997.4964 0.0000e+00
     -0.480      0.138     7.0935     88.153     37.059  38.136867     0.9996      7.564   120.8402 1.1302e+03     3.2930     -0.478     -0.693    23.2560   997.4883 0.0000e+00
     -0.425      0.171     7.0417     88.257     36.779  38.195165     0.1611      7.736   126.7263 1.3317e+03     2.5140     -0.414     -0.600    23.9534   997.3247 0.0000e+00
     -0.370      0.196     7.0102     88.406     36.528  38.185650     0.1327      7.856   128.1537 1.5073e+03     2.4815     -0.362     -0.524    25.1096   997.0356 0.0000e+00
     -0.316      0.211     7.0014     88.624     36.348  38.149156     0.6830      7.949   121.4922 1.6502e+03     2.3095     -0.314     -0.454    25.9336   996.8203 0.0000e+00
     -0.258      0.219     7.0087     88.899     36.133  38.008061     1.6990      8.027   108.1322 1.7663e+03     1.9746     -0.253     -0.368    26.4776   996.6750 0.0000e+00
     -0.202      0.224     7.0264     89.245     35.895  37.812791     2.2467      8.085   101.6145 1.8398e+03     1.8071     -0.193     -0.280    26.9700   996.5410 0.0000e+00
     -0.150      0.229     7.0534     89.664     35.748  37.692513     2.2951      8.117   110.5716 1.8443e+03     1.7602     -0.150     -0.218    27.3168   996.4454 0.0000e+00
     -0.094      0.227     7.0878     90.114     35.686  37.632930     2.3098      8.127   125.3168 1.6105e+03     1.7024     -0.098     -0.142    27.5056   996.3929 0.0000e+00
     -0.027      0.216     7.1258     90.585     35.660  37.600183     2.4858      8.122   132.6843 1.3039e+03     1.6984     -0.025     -0.037    27.5967   996.3677 0.0000e+00
      0.039      0.196     7.1647     91.083     35.611  37.550459     2.8268      8.110   131.7653 1.6242e+03     1.7443      0.041      0.060    27.6714   996.3469 0.0000e+00
      0.096      0.168     7.2000     91.546     35.535  37.476040     3.0177      8.096   130.8968 2.0049e+03     1.7654      0.101      0.146    27.7337   996.3297 0.0000e+00
      0.135      0.134     7.2282     91.923     35.574  37.525569     3.0255      8.082   139.7353 1.6666e+03     1.7577      0.140      0.202    27.7256   996.3320 0.0000e+00
      0.158      0.101     7.2498     92.211     35.738  37.704999     2.9631      8.067   145.5369 1.4660e+03     1.7818      0.158      0.228    27.7060   996.3376 0.0000e+00
      0.170      0.077     7.2660     92.406     35.898  37.868227     2.8535      8.051   144.9460 1.6013e+03     1.7951      0.169      0.244    27.7159   996.3349 0.0000e+00
      0.176      0.062     7.2770     92.523     36.010  37.975733     2.7923      8.033   148.8526 1.4299e+03     1.7549      0.173      0.250    27.7240   996.3326 0.0000e+00
      0.184      0.055     7.2970     92.769     36.086  38.052698     2.7869      8.015   144.9328 1.0473e+03     1.7209      0.177      0.256    27.7356   996.3294 0.0000e+00
      0.202      0.052     7.3524     93.479     36.129  38.100565     2.8139      8.002   130.9358 8.0923e+02     1.6783      0.196      0.284    27.7525   996.3247 0.0000e+00
      0.224      0.049     7.4341     94.523     36.136  38.110157     2.8754      7.994   122.6124 1.0424e+03     1.6007      0.223      0.323    27.7419   996.3280 0.0000e+00
      0.241      0.044     7.5039     95.416     36.129  38.105198     2.9241      7.987   121.2145 1.4261e+03     1.5372      0.240      0.348    27.7169   996.3352 0.0000e+00
      0.249      0.035     7.5522     96.043     36.123  38.104084     2.9441      7.979   120.7451 1.3783e+03     1.4999      0.245      0.355    27.7152   996.3356 0.0000e+00
      0.254      0.024     7.5859     96.487     36.109  38.096694     3.0122      7.969   120.4654 1.1798e+03     1.5428      0.248      0.360    27.7254   996.3328 0.0000e+00
      0.258      0.017     7.6044     96.734     36.028  38.015862     3.1407      7.956   120.4139 1.3343e+03     1.6623      0.253      0.367    27.7238   996.3333 0.0000e+00
      0.258      0.017     7.6088     96.799     35.843  37.824993     3.2154      7.941   120.6384 1.5325e+03     1.7330      0.255      0.369    27.7249   996.3329 0.0000e+00
      0.255      0.017     7.6053     96.778     35.710  37.693188     3.2213      7.927   120.9426 1.2186e+03     1.7417      0.249      0.361    27.7355   996.3298 0.0000e+00
      0.259      0.014     7.5998     96.738     35.757  37.755213     3.2115      7.916   121.3381 1.0641e+03     1.7022      0.248      0.359    27.7458   996.3270 0.0000e+00
      0.274      0.010     7.5871     96.593     35.865  37.876725     3.2095      7.906   121.7206 1.3126e+03     1.6157      0.270      0.391    27.7536   996.3249 0.0000e+00
      0.285      0.006     7.5566     96.204     35.881  37.892884     3.2241      7.897   122.0406 1.3785e+03     1.5478      0.286      0.416    27.7537   996.3249 0.0000e+00
      0.282      0.003     7.5029     95.510     35.819  37.823639     3.2325      7.887   122.4527 1.3932e+03     1.5370      0.278      0.403    27.7672   996.3209 0.0000e+00
      0.271     -0.002     7.4277     94.546     35.800  37.801186     3.2328      7.877   122.8317 1.3456e+03     1.5510      0.263      0.382    27.7921   996.3139 0.0000e+00
      0.265     -0.004     7.3349     93.370     35.868  37.875303     3.2873      7.868   123.1821 1.1558e+03     1.5859      0.256      0.371    27.8016   996.3112 0.0000e+00
      0.266     -0.001     7.2325     92.080     35.941  37.958081     3.3981      7.859   123.6776 1.1303e+03     1.6643      0.260      0.378    27.7986   996.3121 0.0000e+00
      0.269      0.004     7.1326     90.817     35.956  37.976879     3.4621      7.849   124.1774 1.2752e+03     1.7116      0.265      0.385    27.7904   996.3145 0.0000e+00
      0.271      0.007     7.0433     89.682     35.954  37.975649     3.4726      7.839   124.5779 1.3764e+03     1.7316      0.265      0.384    27.7833   996.3164 0.0000e+00
      0.276      0.007     6.9735     88.796     35.981  38.006676     3.4982      7.830   124.9933 1.2791e+03     1.7756      0.269      0.391    27.7891   996.3148 0.0000e+00
      0.281      0.006     6.9345     88.303     36.006  38.034650     3.5465      7.820   125.4143 1.2868e+03     1.7843      0.278      0.403    27.8014   996.3114 0.0000e+00
      0.282      0.010     6.9403     88.374     35.971  37.996508     3.5794      7.808   125.7961 1.5550e+03     1.7717      0.282      0.409    27.8067   996.3100 0.0000e+00
      0.277      0.016     7.0113     89.271     35.848  37.862882     3.5925      7.795   126.0831 1.5596e+03     1.7877      0.272      0.395    27.8042   996.3105 0.0000e+00
      0.273      0.023     7.1499     91.036     35.743  37.751960     3.6711      7.780   126.3885 1.3745e+03     1.7811      0.262      0.380    27.8061   996.3100 0.0000e+00
      0.282      0.030     7.3162     93.168     35.781  37.797920     3.8102      7.769   126.9075 1.2718e+03     1.7574      0.273      0.396    27.8125   996.3083 0.0000e+00
      0.301      0.038     7.4588     95.000     35.881  37.910787     3.8787      7.761   127.4536 1.2299e+03     1.7631      0.297      0.431    27.8096   996.3091 0.0000e+00
      0.317      0.045     7.5538     96.216     35.939  37.974082     3.8830      7.754   128.0017 1.2306e+03     1.7849      0.314      0.457    27.8004   996.3118 0.0000e+00
      0.327      0.046     7.5952     96.741     35.956  37.991934     3.9141      7.746   128.8025 1.1353e+03     1.7911      0.320      0.464    27.7994   996.3121 0.0000e+00
      0.337      0.041     7.5773     96.510     35.965  37.999676     3.9695      7.736   129.5638 1.0056e+03     1.7725      0.328      0.477    27.8127   996.3085 0.0000e+00
      0.348      0.034     7.5000     95.525     35.970  38.004216     3.9974      7.727   129.9802 9.7647e+02     1.7565      0.345      0.499    27.8244   996.3052 0.0000e+00
      0.357      0.028     7.3759     93.941     35.951  37.983352     3.9996      7.720   130.3092 1.0563e+03     1.7286      0.352      0.510    27.8264   996.3046 0.0000e+00
      0.362      0.023     7.2314     92.094     35.911  37.937835     4.0311      7.713   130.7022 1.1278e+03     1.7311      0.355      0.515    27.8244   996.3052 0.0000e+00
      0.366      0.018     7.1058     90.484     35.878  37.898191     4.0916      7.706   131.1182 1.0392e+03     1.7866      0.358      0.521    27.8213   996.3062 0.0000e+00
      0.371      0.013     7.0288     89.505     35.864  37.884872     4.1249      7.700   131.5529 8.9529e+02     1.7758      0.364      0.528    27.8216   996.3061 0.0000e+00
      0.374      0.009     7.0032     89.189     35.878  37.903750     4.1302      7.695   132.0012 9.7423e+02     1.7321      0.369      0.534    27.8233   996.3056 0.0000e+00
      0.375      0.007     7.0133     89.324     35.905  37.936035     4.1470      7.689   132.4947 1.1503e+03     1.7498      0.368      0.535    27.8162   996.3076 0.0000e+00
      0.376      0.004     7.0379     89.639     35.925  37.957842     4.1892      7.683   133.0455 1.0919e+03     1.7606      0.368      0.534    27.8067   996.3102 0.0000e+00
      0.377      0.002     7.0594     89.911     35.945  37.976987     4.2327      7.676   133.5841 9.4780e+02     1.7313      0.370      0.536    27.8090   996.3096 0.0000e+00
      0.377      0.001     7.0689     90.027     35.947  37.977092     4.2484      7.669   134.0168 9.2313e+02     1.7231      0.371      0.538    27.8174   996.3074 0.0000e+00
      0.377      0.002     7.0657     89.979     35.933  37.959110     4.2403      7.662   134.4050 1.0572e+03     1.7281      0.371      0.538    27.8224   996.3059 0.0000e+00
      0.376      0.002     7.0566     89.851     35.929  37.949987     4.1859      7.656   134.8375 1.2112e+03     1.7256      0.368      0.534    27.8220   996.3059 0.0000e+00
      0.376      0.002     7.0529     89.791     35.917  37.930265     4.1028      7.651   135.2011 1.1507e+03     1.7572      0.367      0.533    27.8195   996.3067 0.0000e+00
      0.378      0.002     7.0645     89.929     35.902  37.911062     4.0679      7.648   135.5316 1.0344e+03     1.7832      0.371      0.538    27.8182   996.3070 0.0000e+00
      0.381      0.003     7.0980     90.354     35.900  37.908223     4.0669      7.644   135.9944 9.8576e+02     1.7447      0.374      0.543    27.8137   996.3083 0.0000e+00
      0.382      0.004     7.1519     91.040     35.888  37.895943     4.0910      7.641   136.4952 9.2505e+02     1.7182      0.375      0.544    27.8061   996.3105 0.0000e+00
      0.381      0.004     7.2123     91.802     35.885  37.889540     4.1510      7.637   137.0262 8.6656e+02     1.7574      0.373      0.540    27.7966   996.3132 0.0000e+00
      0.380      0.003     7.2593     92.384     35.896  37.894271     4.1861      7.634   137.5967 8.1990e+02     1.7928      0.372      0.539    27.7885   996.3154 0.0000e+00
      0.382      0.001     7.2785     92.619     35.896  37.889659     4.1855      7.631   138.0583 8.2992e+02     1.7858      0.375      0.544    27.7888   996.3153 0.0000e+00
      0.385      0.001     7.2697     92.511     35.902  37.897245     4.1701      7.628   138.3916 9.2483e+02     1.7705      0.379      0.550    27.7927   996.3143 0.0000e+00
      0.385      0.001     7.2447     92.201     35.922  37.922517     4.1476      7.625   138.6160 1.0233e+03     1.7720      0.378      0.549    27.7889   996.3154 0.0000e+00
      0.383      0.000     7.2107     91.772     35.938  37.941324     4.1382      7.622   138.8786 9.9015e+02     1.7710      0.375      0.544    27.7746   996.3194 0.0000e+00
      0.382 1.5491e-08     7.1648     91.185     35.933  37.934215     4.1347      7.618   139.3291 8.6648e+02     1.7585      0.374      0.542    27.7667   996.3216 0.0000e+00
      0.382 1.7040e-07     7.1055     90.420     35.905  37.900030     4.0880      7.613   139.7614 8.9259e+02     1.7521      0.374      0.542    27.7723   996.3200 0.0000e+00
      0.383 -1.778e-07     7.0373     89.537     35.860  37.845378     3.9982      7.609   140.0619 9.7944e+02     1.7598      0.375      0.545    27.7791   996.3181 0.0000e+00
      0.384      0.000     6.9684     88.643     35.807  37.781208     3.9424      7.606   140.3804 9.4975e+02     1.7859      0.377      0.547    27.7816   996.3174 0.0000e+00
      0.384      0.000     6.9076     87.854     35.792  37.758904     3.9335      7.602   140.6873 9.3966e+02     1.8056      0.377      0.547    27.7791   996.3181 0.0000e+00
      0.384      0.000     6.8584     87.215     35.805  37.766117     3.9428      7.600   141.0193 9.7890e+02     1.8014      0.377      0.547    27.7728   996.3198 0.0000e+00
      0.383      0.000     6.8214     86.736     35.785  37.741461     3.9502      7.598   141.4693 1.0450e+03     1.8007      0.375      0.545    27.7625   996.3228 0.0000e+00
      0.382      0.001     6.7979     86.430     35.763  37.714681     3.9447      7.597   141.9983 1.1706e+03     1.7967      0.374      0.543    27.7495   996.3264 0.0000e+00
      0.382      0.004     6.7841     86.245     35.750  37.696211     3.9467      7.593   142.5118 1.1773e+03     1.7852      0.374      0.542    27.7401   996.3291 0.0000e+00
