Data/DataNotYetUploadedToEDI/Raw_CTD/RawDownloads/071519_fcr20.cnv
* Sea-Bird SBE19plus  Data File:
* FileName = C:\DATA\071519_fcr_0003.hex
* Software version 2.8.0.119 SB_Terminal.dll
* Temperature SN = 7809
* Conductivity SN = 7809
* System UpLoad Time = Jul 15 2019 16:38:05
* <ApplicationData>
* <Seaterm232>
# nquan = 16
# nvalues = 283                         
# units = specified
# name 0 = depFM: Depth [fresh water, m]
# name 1 = dz/dtM: Descent Rate [m/s]
# name 2 = sbeox0Mg/L: Oxygen, SBE 43 [mg/l]
# name 3 = sbeox0PS: Oxygen, SBE 43 [% saturation]
# name 4 = specc: Specific Conductance [uS/cm]
# name 5 = c0uS/cm: Conductivity [uS/cm]
# name 6 = flECO-AFL: Fluorescence, WET Labs ECO-AFL/FL [mg/m^3]
# name 7 = ph: pH
# name 8 = orp: Oxidation Reduction Potential [mV]
# name 9 = par/sat/log: PAR/Logarithmic, Satlantic
# name 10 = turbWETntu0: Turbidity, WET Labs ECO [NTU]
# name 11 = prdM: Pressure, Strain Gauge [db]
# name 12 = prdE: Pressure, Strain Gauge [psi]
# name 13 = tv290C: Temperature [ITS-90, deg C]
# name 14 = density00: Density [density, kg/m^3]
# name 15 = flag:  0.000e+00
# span 0 =     -0.542,      3.168       
# span 1 =     -0.069,      0.308       
# span 2 =    -0.8124,    13.9467       
# span 3 =     -8.747,    160.530       
# span 4 =      1.195,    209.904       
# span 5 =   1.277796, 178.297927       
# span 6 =    -0.1202,    10.9851       
# span 7 =      6.396,      8.392       
# span 8 =    33.1951,   935.6885       
# span 9 = 2.9552e+01, 2.4613e+03       
# span 10 =    -1.3953,    13.1212      
# span 11 =     -0.533,      3.107      
# span 12 =     -0.773,      4.507      
# span 13 =    17.2823,    28.4840      
# span 14 =   996.1040,   998.8161      
# span 15 = 0.0000e+00, 0.0000e+00      
# interval = seconds: 0.25
# start_time = Jul 15 2019 11:06:12 [Instrument's time stamp, header]
# bad_flag = -9.990e-29
*END*
[from data line 91]
      0.340      0.042     6.8143     86.558     36.099  38.031597     4.7434      7.344   147.6564 9.0872e+01     1.9755      0.333      0.484    27.6640   996.3505 0.0000e+00
      0.351      0.047     6.7513     85.759     36.114  38.048236     4.7694      7.333   148.3626 9.1438e+01     1.9930      0.345      0.500    27.6687   996.3491 0.0000e+00
      0.361      0.055     6.6969     85.072     36.122  38.058621     4.7919      7.317   148.8334 9.1906e+01     2.0175      0.355      0.515    27.6723   996.3481 0.0000e+00
      0.371      0.065     6.6549     84.542     36.094  38.030213     4.8074      7.299   149.3052 9.1734e+01     2.0108      0.362      0.525    27.6709   996.3486 0.0000e+00
      0.386      0.081     6.6225     84.132     36.086  38.022139     4.8347      7.290   150.1087 9.0332e+01     2.0429      0.374      0.543    27.6694   996.3491 0.0000e+00
      0.411      0.105     6.5998     83.843     36.088  38.024475     4.8802      7.289   151.5800 8.8052e+01     2.1433      0.402      0.583    27.6709   996.3488 0.0000e+00
      0.439      0.131     6.5981     83.819     36.060  37.994979     4.9053      7.291   153.0694 8.6117e+01     2.2092      0.433      0.628    27.6739   996.3481 0.0000e+00
      0.469      0.153     6.6248     84.154     36.051  37.982888     4.9132      7.291   153.0599 8.3467e+01     2.2493      0.454      0.657    27.6773   996.3471 0.0000e+00
      0.513      0.164     6.6736     84.776     36.072  38.005230     4.9585      7.291   152.1545 7.8709e+01     2.2679      0.496      0.719    27.6763   996.3476 0.0000e+00
      0.573      0.164     6.7338     85.564     36.067  38.011214     5.0371      7.289   151.7588 7.4228e+01     2.2698      0.564      0.818    27.6759   996.3480 0.0000e+00
      0.630      0.154     6.7940     86.366     36.032  37.991782     5.0830      7.287   151.8883 7.0988e+01     2.3046      0.624      0.906    27.6775   996.3478 0.0000e+00
      0.672      0.134     6.8440     87.026     35.992  37.960727     5.0885      7.286   152.0858 6.8148e+01     2.3284      0.664      0.964    27.6718   996.3497 0.0000e+00
      0.698      0.109     6.8809     87.496     35.984  37.953131     5.0694      7.286   152.3400 6.5759e+01     2.2630      0.687      0.997    27.6656   996.3515 0.0000e+00
      0.714      0.081     6.9032     87.770     35.998  37.963415     5.0429      7.285   152.7254 6.4132e+01     2.1367      0.702      1.017    27.6841   996.3464 0.0000e+00
      0.727      0.059     6.9128     87.881     35.998  37.958107     5.0364      7.283   152.9593 6.3100e+01     2.0792      0.712      1.033    27.7184   996.3367 0.0000e+00
      0.738      0.045     6.9171     87.924     35.998  37.952417     5.0340      7.282   153.0173 6.2251e+01     2.0922      0.724      1.049    27.7348   996.3322 0.0000e+00
      0.748      0.041     6.9182     87.930     36.007  37.958092     5.0313      7.279   153.1690 6.1783e+01     2.1299      0.736      1.067    27.7310   996.3333 0.0000e+00
      0.755      0.044     6.9100     87.823     36.013  37.963238     5.0384      7.274   153.5883 6.1575e+01     2.2078      0.741      1.075    27.7234   996.3355 0.0000e+00
      0.761      0.051     6.8865     87.522     36.002  37.951168     5.0429      7.266   154.0434 6.1248e+01     2.2795      0.743      1.079    27.7163   996.3375 0.0000e+00
      0.772      0.058     6.8473     87.022     35.991  37.939088     5.0326      7.257   154.3694 6.0698e+01     2.2759      0.754      1.094    27.7077   996.3399 0.0000e+00
      0.792      0.064     6.7923     86.326     35.995  37.944128     5.0181      7.249   154.6901 6.0075e+01     2.2304      0.775      1.124    27.7022   996.3416 0.0000e+00
      0.816      0.068     6.7223     85.443     35.996  37.948639     4.9976      7.239   154.9965 5.9429e+01     2.1546      0.800      1.161    27.7008   996.3421 0.0000e+00
      0.838      0.068     6.6438     84.456     35.973  37.930158     4.9674      7.230   155.2347 5.8751e+01     2.0479      0.823      1.195    27.7003   996.3424 0.0000e+00
      0.856      0.066     6.5696     83.521     35.952  37.911115     4.9567      7.225   155.4192 5.8094e+01     2.0219      0.841      1.220    27.6997   996.3426 0.0000e+00
      0.869      0.064     6.5131     82.802     35.950  37.908816     4.9635      7.224   155.6776 5.7476e+01     2.0370      0.853      1.238    27.6992   996.3428 0.0000e+00
      0.880      0.065     6.4816     82.399     35.946  37.902362     4.9967      7.224   156.0370 5.6880e+01     2.0673      0.863      1.251    27.7041   996.3415 0.0000e+00
      0.892      0.069     6.4724     82.278     35.942  37.896554     5.0548      7.223   156.4086 5.6340e+01     2.1578      0.874      1.268    27.7139   996.3388 0.0000e+00
      0.909      0.075     6.4720     82.271     35.948  37.902063     5.0852      7.220   156.7286 5.5940e+01     2.2137      0.889      1.288    27.7196   996.3372 0.0000e+00
      0.933      0.080     6.4683     82.226     35.950  37.905490     5.0956      7.217   156.9810 5.5670e+01     2.2189      0.913      1.324    27.7186   996.3377 0.0000e+00
      0.960      0.083     6.4591     82.115     35.917  37.874518     5.1111      7.215   157.2232 5.5456e+01     2.2204      0.943      1.368    27.7153   996.3387 0.0000e+00
      0.984      0.083     6.4445     81.935     35.887  37.844965     5.1248      7.213   157.5060 5.5221e+01     2.2328      0.966      1.403    27.7135   996.3392 0.0000e+00
      1.004      0.078     6.4236     81.671     35.906  37.865549     5.1311      7.210   157.8192 5.5103e+01     2.2377      0.985      1.430    27.7107   996.3401 0.0000e+00
      1.022      0.071     6.3966     81.328     35.909  37.869497     5.1352      7.205   158.0858 5.5241e+01     2.2134      1.002      1.452    27.7116   996.3399 0.0000e+00
      1.040      0.068     6.3682     80.966     35.872  37.829232     5.1406      7.200   158.4064 5.5561e+01     2.2020      1.021      1.480    27.7185   996.3381 0.0000e+00
      1.056      0.070     6.3479     80.705     35.867  37.823026     5.1445      7.191   158.9420 5.5854e+01     2.2307      1.038      1.505    27.7220   996.3372 0.0000e+00
      1.067      0.077     6.3419     80.628     35.901  37.857935     5.1476      7.179   159.4853 5.6013e+01     2.2647      1.046      1.516    27.7224   996.3371 0.0000e+00
      1.081      0.086     6.3472     80.696     35.913  37.870458     5.1430      7.169   159.8990 5.6308e+01     2.2529      1.056      1.531    27.7230   996.3370 0.0000e+00
      1.106      0.095     6.3557     80.808     35.888  37.847488     5.1145      7.163   160.4158 5.7002e+01     2.2189      1.080      1.567    27.7230   996.3371 0.0000e+00
      1.139      0.102     6.3602     80.878     35.871  37.834114     5.0725      7.158   161.0015 5.7927e+01     2.2466      1.118      1.621    27.7201   996.3380 0.0000e+00
      1.173      0.106     6.3621     80.913     35.866  37.835713     5.0420      7.155   161.4750 5.8725e+01     2.2932      1.153      1.672    27.7188   996.3386 0.0000e+00
      1.201      0.104     6.3666     80.976     35.833  37.803351     5.0232      7.152   162.0107 5.9366e+01     2.2912      1.180      1.711    27.7191   996.3387 0.0000e+00
      1.225      0.099     6.3758     81.091     35.793  37.760216     5.0187      7.148   162.7464 6.0080e+01     2.2553      1.202      1.743    27.7200   996.3384 0.0000e+00
      1.249      0.093     6.3901     81.268     35.793  37.758488     5.0653      7.141   163.4011 6.0887e+01     2.1534      1.225      1.778    27.7304   996.3356 0.0000e+00
      1.269      0.088     6.4063     81.470     35.818  37.782462     5.1542      7.133   163.9906 6.1703e+01     2.0421      1.246      1.808    27.7417   996.3326 0.0000e+00
      1.289      0.085     6.4182     81.619     35.832  37.796172     5.2082      7.128   164.7110 6.2450e+01     2.0244      1.261      1.831    27.7449   996.3317 0.0000e+00
      1.310      0.082     6.4208     81.651     35.834  37.797305     5.2160      7.125   165.2281 6.3190e+01     2.0381      1.283      1.863    27.7430   996.3323 0.0000e+00
      1.334      0.079     6.4113     81.533     35.832  37.796159     5.2392      7.123   165.4255 6.4034e+01     2.0767      1.309      1.899    27.7378   996.3339 0.0000e+00
      1.356      0.075     6.3893     81.260     35.816  37.782320     5.2899      7.121   165.6349 6.4842e+01     2.1952      1.330      1.930    27.7355   996.3347 0.0000e+00
      1.374      0.071     6.3608     80.902     35.789  37.756932     5.3175      7.118   165.9532 6.5474e+01     2.2916      1.348      1.955    27.7348   996.3350 0.0000e+00
      1.390      0.068     6.3346     80.572     35.774  37.743102     5.3211      7.113   166.1762 6.5941e+01     2.3247      1.364      1.978    27.7314   996.3359 0.0000e+00
      1.404      0.067     6.3142     80.314     35.773  37.742051     5.3340      7.107   166.4377 6.6420e+01     2.3338      1.377      1.998    27.7323   996.3358 0.0000e+00
      1.418      0.068     6.2969     80.095     35.774  37.744226     5.3603      7.100   167.0503 6.7053e+01     2.3032      1.389      2.014    27.7391   996.3339 0.0000e+00
      1.436      0.071     6.2769     79.843     35.797  37.769396     5.3869      7.092   167.9050 6.7776e+01     2.2817      1.406      2.040    27.7445   996.3324 0.0000e+00
      1.456      0.073     6.2505     79.508     35.818  37.792476     5.3962      7.085   168.6841 6.8561e+01     2.3040      1.426      2.070    27.7452   996.3322 0.0000e+00
      1.478      0.074     6.2171     79.087     35.794  37.769384     5.3770      7.079   169.3288 6.9378e+01     2.3098      1.449      2.102    27.7457   996.3323 0.0000e+00
      1.499      0.074     6.1820     78.646     35.769  37.744099     5.3464      7.073   169.8495 7.0129e+01     2.2865      1.471      2.133    27.7479   996.3318 0.0000e+00
      1.517      0.073     6.1548     78.301     35.765  37.740664     5.3382      7.067   170.1615 7.0826e+01     2.2840      1.488      2.158    27.7489   996.3316 0.0000e+00
      1.532      0.073     6.1409     78.122     35.753  37.727857     5.3467      7.060   170.5199 7.1567e+01     2.2803      1.502      2.179    27.7491   996.3316 0.0000e+00
      1.548      0.073     6.1382     78.087     35.742  37.716192     5.3448      7.055   171.2570 7.2370e+01     2.3068      1.517      2.200    27.7525   996.3307 0.0000e+00
      1.566      0.074     6.1379     78.082     35.753  37.726577     5.3337      7.051   172.3626 7.3212e+01     2.4088      1.536      2.227    27.7572   996.3294 0.0000e+00
      1.588      0.074     6.1309     77.992     35.753  37.726463     5.3246      7.047   173.3910 7.4053e+01     2.4973      1.558      2.259    27.7570   996.3296 0.0000e+00
      1.609      0.074     6.1149     77.790     35.741  37.714818     5.3215      7.044   174.1412 7.4838e+01     2.5240      1.579      2.291    27.7546   996.3303 0.0000e+00
      1.629      0.072     6.0919     77.499     35.738  37.712727     5.3221      7.039   174.8944 7.5532e+01     2.5029      1.598      2.318    27.7553   996.3302 0.0000e+00
      1.647      0.069     6.0635     77.142     35.726  37.701184     5.3671      7.035   175.6150 7.6090e+01     2.5698      1.615      2.342    27.7548   996.3304 0.0000e+00
      1.664      0.064     6.0330     76.755     35.726  37.702204     5.4576      7.031   176.2293 7.6516e+01     2.7423      1.632      2.367    27.7529   996.3310 0.0000e+00
      1.679      0.060     6.0030     76.376     35.746  37.725067     5.5061      7.028   176.8143 7.6836e+01     2.8193      1.647      2.389    27.7535   996.3309 0.0000e+00
      1.694      0.058     5.9740     76.007     35.745  37.723713     5.5111      7.025   177.3542 7.7066e+01     2.8131      1.662      2.410    27.7561   996.3303 0.0000e+00
      1.707      0.058     5.9471     75.666     35.709  37.685838     5.5535      7.025   177.8531 7.7272e+01     2.7656      1.675      2.428    27.7586   996.3296 0.0000e+00
      1.720      0.058     5.9223     75.352     35.672  37.647972     5.6374      7.024   178.2857 7.7561e+01     2.6705      1.686      2.444    27.7599   996.3294 0.0000e+00
      1.735      0.060     5.8970     75.031     35.670  37.646722     5.6843      7.021   178.7131 7.7935e+01     2.6134      1.701      2.467    27.7607   996.3293 0.0000e+00
      1.750      0.063     5.8694     74.680     35.692  37.670729     5.6778      7.018   179.2348 7.8372e+01     2.5996      1.716      2.489    27.7611   996.3292 0.0000e+00
      1.766      0.065     5.8388     74.290     35.706  37.684338     5.6372      7.015   179.6903 7.8915e+01     2.6347      1.731      2.510    27.7617   996.3290 0.0000e+00
      1.783      0.066     5.8075     73.894     35.706  37.684328     5.5832      7.012   180.0047 7.9615e+01     2.6782      1.748      2.536    27.7633   996.3286 0.0000e+00
      1.803      0.065     5.7755     73.487     35.692  37.670603     5.5624      7.008   180.3687 8.0465e+01     2.6662      1.768      2.564    27.7641   996.3285 0.0000e+00
      1.822      0.062     5.7415     73.056     35.667  37.645339     5.5685      7.004   180.8212 8.1276e+01     2.6535      1.789      2.593    27.7641   996.3286 0.0000e+00
      1.838      0.058     5.7092     72.646     35.655  37.632759     5.5701      7.001   181.3463 8.1964e+01     2.6226      1.804      2.616    27.7642   996.3287 0.0000e+00
      1.851      0.053     5.6814     72.293     35.667  37.645453     5.5638      6.999   181.8991 8.2597e+01     2.5552      1.815      2.632    27.7649   996.3285 0.0000e+00
      1.861      0.049     5.6590     72.008     35.692  37.671872     5.5620      6.996   182.3431 8.3257e+01     2.5263      1.825      2.646    27.7661   996.3281 0.0000e+00
      1.872      0.048     5.6405     71.770     35.717  37.698290     5.5659      6.992   182.7567 8.3887e+01     2.5354      1.835      2.661    27.7672   996.3279 0.0000e+00
      1.883      0.048     5.6221     71.536     35.729  37.710975     5.6366      6.991   183.3725 8.4386e+01     2.5351      1.846      2.678    27.7678   996.3278 0.0000e+00
      1.896      0.049     5.6029     71.293     35.716  37.698289     5.7843      6.990   184.1960 8.4884e+01     2.5221      1.859      2.695    27.7678   996.3278 0.0000e+00
      1.909      0.052     5.5828     71.038     35.691  37.671849     5.8688      6.987   184.8837 8.5271e+01     2.5086      1.872      2.715    27.7668   996.3282 0.0000e+00
      1.923      0.055     5.5619     70.772     35.666  37.645195     5.8694      6.984   185.3214 8.5412e+01     2.5038      1.886      2.736    27.7665   996.3284 0.0000e+00
      1.937      0.057     5.5397     70.490     35.651  37.629920     5.8605      6.982   185.7019 8.5425e+01     2.4967      1.898      2.753    27.7665   996.3284 0.0000e+00
      1.952      0.057     5.5148     70.172     35.637  37.614103     5.8573      6.982   186.1291 8.5423e+01     2.5214      1.912      2.773    27.7674   996.3282 0.0000e+00
      1.969      0.057     5.4927     69.871     35.495  37.453949     5.8646      6.981   186.6156 8.5382e+01     2.6053      1.930      2.801    27.7675   996.3283 0.0000e+00
      1.984      0.058     5.5126     69.922     35.072  36.899522     5.8710      6.978   187.0232 8.5222e+01     2.6598      1.946      2.824    27.7686   996.3281 0.0000e+00
      1.997      0.060     5.6925     71.428     34.770  36.178642     5.8743      6.972   187.3580 8.5034e+01     2.6559      1.958      2.840    27.7673   996.3284 0.0000e+00
      2.009      0.060     6.1603     75.906     35.050  35.782591     5.9734      6.963   187.7379 8.4773e+01     2.6884      1.969      2.857    27.7699   996.3278 0.0000e+00
