Data/DataNotYetUploadedToEDI/Raw_CTD/RawDownloads/071519_fcr20.cnv
* Sea-Bird SBE19plus  Data File:
* FileName = C:\DATA\071519_fcr_0003.hex
* Software version 2.8.0.119 SB_Terminal.dll
* Temperature SN = 7809
* Conductivity SN = 7809
* System UpLoad Time = Jul 15 2019 16:38:05
* <ApplicationData>
* <Seaterm232>
# nquan = 16
# nvalues = 283                         
# units = specified
# name 0 = depFM: Depth [fresh water, m]
# name 1 = dz/dtM: Descent Rate [m/s]
# name 2 = sbeox0Mg/L: Oxygen, SBE 43 [mg/l]
# name 3 = sbeox0PS: Oxygen, SBE 43 [% saturation]
# name 4 = specc: Specific Conductance [uS/cm]
# name 5 = c0uS/cm: Conductivity [uS/cm]
# name 6 = flECO-AFL: Fluorescence, WET Labs ECO-AFL/FL [mg/m^3]
# name 7 = ph: pH
# name 8 = orp: Oxidation Reduction Potential [mV]
# name 9 = par/sat/log: PAR/Logarithmic, Satlantic
# name 10 = turbWETntu0: Turbidity, WET Labs ECO [NTU]
# name 11 = prdM: Pressure, Strain Gauge [db]
# name 12 = prdE: Pressure, Strain Gauge [psi]
# name 13 = tv290C: Temperature [ITS-90, deg C]
# name 14 = density00: Density [density, kg/m^3]
# name 15 = flag:  0.000e+00
# span 0 =     -0.542,      3.168       
# span 1 =     -0.069,      0.308       
# span 2 =    -0.8124,    13.9467       
# span 3 =     -8.747,    160.530       
# span 4 =      1.195,    209.904       
# span 5 =   1.277796, 178.297927       
# span 6 =    -0.1202,    10.9851       
# span 7 =      6.396,      8.392       
# span 8 =    33.1951,   935.6885       
# span 9 = 2.9552e+01, 2.4613e+03       
# span 10 =    -1.3953,    13.1212      
# span 11 =     -0.533,      3.107      
# span 12 =     -0.773,      4.507      
# span 13 =    17.2823,    28.4840      
# span 14 =   996.1040,   998.8161      
# span 15 = 0.0000e+00, 0.0000e+00      
# interval = seconds: 0.25
# start_time = Jul 15 2019 11:06:12 [Instrument's time stamp, header]
# bad_flag = -9.990e-29
*END*
     -0.542 1.1458e-08     7.4556     96.068      1.216   1.300976    -0.0980      6.756   218.9230 1.6762e+03    -0.4994     -0.531     -0.770    28.4840   996.1040 0.0000e+00
     -0.541 1.2604e-07     7.4556     96.067      1.195   1.277796    -0.0922      6.758   192.9009 1.6382e+03    -0.4591     -0.531     -0.770    28.4837   996.1041 0.0000e+00
     -0.541      0.000     7.4551     96.060      1.226   1.311972    -0.1044      6.762   171.1960 1.6134e+03    -0.4172     -0.531     -0.770    28.4832   996.1043 0.0000e+00
     -0.541      0.000     7.4548     96.054      1.366   1.460749    -0.1157      6.768   150.2519 1.6219e+03    -0.2880     -0.531     -0.771    28.4830   996.1043 0.0000e+00
     -0.541      0.000     7.4542     96.045      1.632   1.746072    -0.1074      6.773   130.3308 1.6365e+03    -0.1425     -0.531     -0.770    28.4825   996.1046 0.0000e+00
     -0.541      0.002     7.4544     96.046      2.971   3.177774    -0.1004      6.772   131.7497 1.7637e+03    -0.0673     -0.531     -0.770    28.4819   996.1047 0.0000e+00
     -0.542      0.010     7.4562     96.058      8.072   8.632479    -0.1087      6.804   188.6590 2.0628e+03    -0.0671     -0.531     -0.771    28.4817   996.1048 0.0000e+00
     -0.542      0.028     7.4597     96.066     15.836  16.926621    -0.1202      6.934   480.1090 2.3107e+03    -0.4024     -0.531     -0.771    28.4808   996.1049 0.0000e+00
     -0.541      0.051     7.4650     96.070     23.801  25.422572    -0.1182      7.142   935.6885 2.4085e+03    -1.0408     -0.531     -0.771    28.4804   996.1052 0.0000e+00
     -0.534      0.072     7.4704     96.075     31.355  33.470693    -0.1027      7.379   931.1457 2.2580e+03    -1.3953     -0.533     -0.773    28.4794   996.1052 0.0000e+00
     -0.507      0.090     7.4744     96.081     35.170  37.526421    -0.0801      7.613   472.2452 1.8427e+03    -1.3121     -0.507     -0.735    28.4790   996.1066 0.0000e+00
     -0.463      0.106     7.4778     96.088     35.664  38.038942     0.1816      7.813   198.9939 1.3972e+03     0.0630     -0.448     -0.650    28.4581   996.1153 0.0000e+00
     -0.425      0.123     7.4828     96.112     35.839  38.207570     0.6860      7.981   164.9290 1.1336e+03     2.5808     -0.411     -0.597    28.4080   996.1315 0.0000e+00
     -0.402      0.142     7.4929     96.193     35.941  38.295732     0.9716      8.122   154.9268 1.4428e+03     3.9287     -0.394     -0.571    28.3657   996.1471 0.0000e+00
     -0.379      0.167     7.5116     96.374     36.009  38.343151     1.0605      8.233   143.0183 2.1253e+03     3.9724     -0.379     -0.548    28.3429   996.1545 0.0000e+00
     -0.344      0.200     7.5426     96.683     36.038  38.336529     1.7697      8.315   130.2135 2.4613e+03     3.5019     -0.344     -0.500    28.3235   996.1597 0.0000e+00
     -0.291      0.241     7.5918     97.174     36.039  38.279089     3.0705      8.366   127.1858 2.4589e+03     2.6648     -0.287     -0.418    28.3002   996.1670 0.0000e+00
     -0.223      0.281     7.6606     97.884     36.050  38.219835     3.7830      8.389   132.0500 2.3990e+03     2.2409     -0.227     -0.330    28.2703   996.1757 0.0000e+00
     -0.133      0.306     7.7407     98.753     36.083  38.191271     3.8644      8.392   126.8199 2.2766e+03     2.2433     -0.135     -0.197    28.2392   996.1851 0.0000e+00
     -0.031      0.308     7.8238     99.698     36.124  38.187527     4.0377      8.382   117.8951 1.6932e+03     2.2357     -0.026     -0.038    28.1976   996.1975 0.0000e+00
      0.064      0.287     7.9028    100.631     36.140  38.174498     4.3356      8.367   115.1709 7.1388e+02     2.2132      0.067      0.096    28.1093   996.2232 0.0000e+00
      0.143      0.247     7.9668    101.401     36.144  38.160645     4.4921      8.351   114.8749 1.6953e+02     2.2337      0.149      0.217    27.9976   996.2553 0.0000e+00
      0.200      0.197     8.0125    101.943     36.146  38.146955     4.5084      8.333   114.9191 9.4692e+01     2.2537      0.204      0.297    27.9079   996.2811 0.0000e+00
      0.235      0.147     8.0444    102.299     36.154  38.135896     4.5067      8.313   114.7593 7.9203e+01     2.2262      0.235      0.342    27.8405   996.3003 0.0000e+00
      0.255      0.104     8.0646    102.497     36.193  38.153854     4.4710      8.290   114.8349 7.5712e+01     2.1627      0.253      0.365    27.8015   996.3113 0.0000e+00
      0.267      0.072     8.0728    102.543     36.234  38.173620     4.4141      8.264   115.3173 7.5673e+01     2.0758      0.260      0.377    27.7835   996.3164 0.0000e+00
      0.281      0.049     8.0699    102.461     36.261  38.184417     4.3917      8.237   115.9462 7.7518e+01     2.0286      0.275      0.400    27.7632   996.3223 0.0000e+00
      0.294      0.035     8.0617    102.330     36.306  38.220895     4.3994      8.212   116.5882 8.1173e+01     2.0501      0.290      0.421    27.7358   996.3300 0.0000e+00
      0.302      0.025     8.0484    102.150     36.383  38.297276     4.3777      8.189   117.3152 8.5055e+01     2.0736      0.298      0.433    27.7025   996.3395 0.0000e+00
      0.305      0.017     8.0196    101.784     36.490  38.409680     4.3371      8.167   118.1108 8.7553e+01     2.0836      0.301      0.436    27.6665   996.3496 0.0000e+00
      0.305      0.011     7.9718    101.195     36.570  38.500850     4.3242      8.146   118.8947 8.8340e+01     2.0731      0.299      0.434    27.6405   996.3569 0.0000e+00
      0.305      0.006     7.9068    100.398     36.569  38.510939     4.3268      8.126   119.6517 8.7967e+01     2.0450      0.298      0.432    27.6282   996.3604 0.0000e+00
      0.306      0.004     7.8172     99.284     36.519  38.468203     4.2997      8.110   120.2946 8.6723e+01     2.0051      0.299      0.433    27.6218   996.3622 0.0000e+00
      0.307      0.004     7.6975     97.773     36.477  38.428489     4.2384      8.096   120.9027 8.5308e+01     1.9195      0.301      0.437    27.6199   996.3627 0.0000e+00
      0.309      0.005     7.5615     96.044     36.462  38.411635     4.2017      8.082   121.4982 8.4365e+01     1.8294      0.304      0.441    27.6304   996.3599 0.0000e+00
      0.311      0.005     7.4415     94.520     36.443  38.391374     4.2018      8.067   122.0738 8.4291e+01     1.7999      0.305      0.443    27.6511   996.3540 0.0000e+00
      0.311      0.004     7.3590     93.473     36.426  38.373948     4.2313      8.049   122.7857 8.5355e+01     1.8575      0.305      0.443    27.6665   996.3497 0.0000e+00
      0.312      0.002     7.3010     92.737     36.441  38.391368     4.2903      8.030   123.4810 8.7070e+01     1.9691      0.306      0.444    27.6698   996.3487 0.0000e+00
      0.313      0.000     7.2442     92.017     36.461  38.411564     4.3246      8.013   124.0277 8.9050e+01     2.0358      0.307      0.445    27.6670   996.3496 0.0000e+00
      0.313     -0.001     7.1853     91.270     36.476  38.427701     4.3247      7.998   124.5781 9.1226e+01     2.0083      0.308      0.447    27.6658   996.3499 0.0000e+00
      0.313     -0.001     7.1327     90.602     36.505  38.459523     4.3355      7.984   125.3169 9.3361e+01     1.9641      0.307      0.445    27.6679   996.3493 0.0000e+00
      0.310      0.000     7.0883     90.038     36.523  38.478939     4.3682      7.972   126.1635 9.4560e+01     1.9934      0.303      0.440    27.6690   996.3490 0.0000e+00
      0.308      0.003     7.0428     89.457     36.518  38.472020     4.3917      7.960   126.8983 9.4254e+01     2.0349      0.301      0.437    27.6689   996.3489 0.0000e+00
      0.309      0.006     6.9856     88.727     36.489  38.439347     4.3933      7.941   127.5767 9.3360e+01     2.0064      0.302      0.439    27.6696   996.3488 0.0000e+00
      0.312      0.010     6.9170     87.852     36.455  38.401280     4.3888      7.907   128.1712 9.2255e+01     1.9769      0.306      0.444    27.6707   996.3486 0.0000e+00
      0.317      0.012     6.8455     86.938     36.449  38.392615     4.3880      7.860   128.5796 9.0785e+01     2.0057      0.311      0.451    27.6709   996.3485 0.0000e+00
      0.322      0.012     6.7855     86.171     36.456  38.398056     4.3925      7.817   128.8151 8.9593e+01     2.0268      0.315      0.458    27.6690   996.3490 0.0000e+00
      0.327      0.011     6.7555     85.785     36.463  38.403583     4.3917      7.794   129.0391 8.8961e+01     2.0350      0.321      0.465    27.6661   996.3499 0.0000e+00
      0.330      0.009     6.7737     86.012     36.458  38.395961     4.3864      7.784   129.3956 8.8907e+01     2.0729      0.324      0.470    27.6632   996.3506 0.0000e+00
      0.330      0.006     6.8549     87.040     36.434  38.369381     4.3983      7.772   129.8565 8.9508e+01     2.0581      0.323      0.469    27.6598   996.3516 0.0000e+00
      0.330      0.003     7.0013     88.897     36.404  38.336111     4.4307      7.759   130.3952 9.0331e+01     2.0196      0.323      0.468    27.6562   996.3526 0.0000e+00
      0.330     -0.001     7.1965     91.373     36.381  38.311079     4.4577      7.751   131.0054 9.1166e+01     2.0340      0.322      0.467    27.6532   996.3535 0.0000e+00
      0.331     -0.003     7.4075     94.048     36.392  38.320619     4.4649      7.751   131.6417 9.2283e+01     2.0355      0.326      0.472    27.6507   996.3542 0.0000e+00
      0.331     -0.003     7.5968     96.445     36.398  38.324500     4.4838      7.754   132.1520 9.3535e+01     2.0380      0.327      0.474    27.6480   996.3550 0.0000e+00
      0.328     -0.003     7.7372     98.219     36.373  38.294530     4.5294      7.756   132.5295 9.4271e+01     2.0636      0.322      0.466    27.6467   996.3553 0.0000e+00
      0.325     -0.004     7.8147     99.198     36.357  38.275628     4.5649      7.753   132.9355 9.4132e+01     2.0837      0.317      0.460    27.6456   996.3555 0.0000e+00
      0.325     -0.004     7.8326     99.420     36.369  38.286398     4.5752      7.748   133.3622 9.3599e+01     2.0838      0.318      0.461    27.6433   996.3562 0.0000e+00
      0.325     -0.003     7.8105     99.134     36.383  38.297787     4.5756      7.744   133.7305 9.3212e+01     2.0657      0.320      0.463    27.6393   996.3574 0.0000e+00
      0.325      0.000     7.7709     98.625     36.374  38.286377     4.5703      7.741   134.1198 9.2974e+01     2.0602      0.319      0.463    27.6342   996.3588 0.0000e+00
      0.324      0.002     7.7249     98.037     36.365  38.275384     4.5630      7.739   134.6270 9.2679e+01     2.0837      0.318      0.461    27.6313   996.3596 0.0000e+00
      0.324      0.002     7.6777     97.434     36.382  38.291814     4.5652      7.736   135.1308 9.2272e+01     2.1199      0.318      0.462    27.6293   996.3601 0.0000e+00
      0.325      0.001     7.6377     96.925     36.385  38.294600     4.5714      7.730   135.5650 9.2077e+01     2.1045      0.319      0.462    27.6259   996.3611 0.0000e+00
      0.327     -0.004     7.6127     96.604     36.340  38.245593     4.5685      7.724   136.6082 9.2403e+01     2.0616      0.321      0.465    27.6224   996.3621 0.0000e+00
      0.329     -0.017     7.6023     96.473     36.303  38.207084     4.5649      7.719   144.9901 9.3360e+01     2.0597      0.323      0.469    27.6196   996.3629 0.0000e+00
      0.329     -0.035     7.6002     96.450     36.304  38.209862     4.5710      7.711   153.7965 9.4997e+01     2.0488      0.324      0.470    27.6172   996.3636 0.0000e+00
      0.324     -0.050     7.6042     96.503     36.309  38.215710     4.5728      7.694   148.5289 9.8036e+01     2.0283      0.322      0.465    27.6161   996.3638 0.0000e+00
      0.306     -0.056     7.6162     96.658     36.307  38.214312     4.5689      7.670   141.0966 1.0416e+02     2.0096      0.308      0.446    27.6139   996.3644 0.0000e+00
      0.273     -0.053     7.6303     96.840     36.285  38.192959     4.5675      7.641   140.2498 1.1143e+02     1.9855      0.268      0.388    27.6136   996.3643 0.0000e+00
      0.242     -0.044     7.6354     96.904     36.243  38.147964     4.5560      7.613   140.5271 1.1328e+02     1.9989      0.226      0.327    27.6176   996.3630 0.0000e+00
      0.232     -0.036     7.6220     96.733     36.212  38.114619     4.5429      7.595   141.5239 1.0884e+02     2.0081      0.220      0.319    27.6180   996.3629 0.0000e+00
      0.242     -0.033     7.5864     96.285     36.203  38.107173     4.5383      7.590   148.6028 1.0344e+02     1.9658      0.237      0.344    27.6194   996.3625 0.0000e+00
      0.253     -0.037     7.5411     95.724     36.211  38.121406     4.5273      7.588   155.3065 1.0037e+02     1.8810      0.252      0.366    27.6236   996.3614 0.0000e+00
      0.253     -0.047     7.5124     95.374     36.241  38.159770     4.5138      7.583   151.3383 1.0304e+02     1.8015      0.257      0.371    27.6227   996.3616 0.0000e+00
      0.233     -0.061     7.5145     95.411     36.266  38.190180     4.5048      7.572   154.7423 1.1188e+02     1.7590      0.237      0.342    27.6192   996.3626 0.0000e+00
      0.197     -0.069     7.5415     95.753     36.249  38.171715     4.4881      7.554   170.3075 1.2640e+02     1.8260      0.194      0.282    27.6209   996.3619 0.0000e+00
      0.161     -0.066     7.5880     96.337     36.209  38.126948     4.4686      7.533   178.4702 1.4404e+02     1.9890      0.151      0.219    27.6301   996.3591 0.0000e+00
      0.140     -0.050     7.6512     97.134     36.179  38.093236     4.4591      7.509   179.1847 1.5483e+02     2.0578      0.129      0.188    27.6412   996.3560 0.0000e+00
      0.135     -0.022     7.7169     97.972     36.166  38.081476     4.4516      7.484   179.8067 1.5636e+02     2.0348      0.130      0.188    27.6479   996.3541 0.0000e+00
      0.140      0.010     7.7704     98.660     36.192  38.111716     4.4473      7.463   173.1715 1.4902e+02     2.0069      0.136      0.197    27.6483   996.3539 0.0000e+00
      0.148      0.039     7.8051     99.105     36.219  38.141487     4.4503      7.447   158.7560 1.3319e+02     2.0149      0.143      0.207    27.6410   996.3560 0.0000e+00
      0.163      0.060     7.8143     99.225     36.201  38.124055     4.4526      7.437   149.9698 1.1736e+02     2.0666      0.157      0.227    27.6354   996.3576 0.0000e+00
      0.183      0.073     7.7913     98.937     36.167  38.091371     4.4580      7.429   148.1599 1.0464e+02     2.0746      0.178      0.258    27.6410   996.3561 0.0000e+00
      0.207      0.079     7.7331     98.202     36.140  38.063701     4.4986      7.423   147.3698 9.3392e+01     2.0447      0.202      0.292    27.6469   996.3546 0.0000e+00
      0.232      0.080     7.6372     96.986     36.120  38.043401     4.5697      7.416   146.9558 8.5336e+01     2.0334      0.228      0.331    27.6481   996.3544 0.0000e+00
      0.255      0.075     7.5106     95.380     36.112  38.036357     4.6067      7.410   146.6823 8.1315e+01     2.0366      0.252      0.366    27.6496   996.3540 0.0000e+00
      0.275      0.066     7.3725     93.629     36.117  38.042012     4.6088      7.405   146.5573 8.0334e+01     2.0503      0.271      0.393    27.6527   996.3533 0.0000e+00
      0.290      0.057     7.2405     91.957     36.121  38.048300     4.6386      7.398   146.5626 8.1605e+01     2.0359      0.285      0.414    27.6559   996.3524 0.0000e+00
      0.300      0.050     7.1269     90.519     36.119  38.048914     4.6981      7.388   146.5750 8.4077e+01     1.9940      0.295      0.428    27.6569   996.3522 0.0000e+00
      0.307      0.045     7.0341     89.347     36.117  38.049435     4.7301      7.376   146.7073 8.6505e+01     2.0016      0.302      0.436    27.6567   996.3523 0.0000e+00
      0.317      0.042     6.9549     88.344     36.120  38.054598     4.7297      7.364   146.8710 8.8388e+01     2.0294      0.311      0.449    27.6582   996.3519 0.0000e+00
