Data/DataNotYetUploadedToEDI/Raw_CTD/RawDownloads/071520_ccr50.cnv
* Sea-Bird SBE19plus  Data File:
* FileName = C:\DATA\071720_fcr50_0001.hex
* Software version 2.8.0.119
* Temperature SN = 7809
* Conductivity SN = 7809
* System UpLoad Time = Jul 17 2020 12:20:49
* <ApplicationData>
* <Seaterm232>
# nquan = 16
# nvalues = 4752                        
# units = specified
# name 0 = depFM: Depth [fresh water, m]
# name 1 = dz/dtM: Descent Rate [m/s]
# name 2 = sbeox0ML/L: Oxygen, SBE 43 [ml/l]
# name 3 = sbeox0PS: Oxygen, SBE 43 [% saturation]
# name 4 = specc: Specific Conductance [uS/cm]
# name 5 = c0uS/cm: Conductivity [uS/cm]
# name 6 = flECO-AFL: Fluorescence, WET Labs ECO-AFL/FL [mg/m^3]
# name 7 = ph: pH
# name 8 = orp: Oxidation Reduction Potential [mV]
# name 9 = par/sat/log: PAR/Logarithmic, Satlantic
# name 10 = turbWETntu0: Turbidity, WET Labs ECO [NTU]
# name 11 = prdM: Pressure, Strain Gauge [db]
# name 12 = prdE: Pressure, Strain Gauge [psi]
# name 13 = tv290C: Temperature [ITS-90, deg C]
# name 14 = density00: Density [density, kg/m^3]
# name 15 = flag:  0.000e+00
# span 0 =     -0.423,     21.133       
# span 1 =     -0.288,      0.172       
# span 2 =     1.4258,     7.3779       
# span 3 =     17.806,    121.879       
# span 4 =     10.508,     99.510       
# span 5 =  11.277529,  98.497264       
# span 6 =    -2.6335,   259.8212       
# span 7 =      6.273,      8.645       
# span 8 = -1240.7455,   454.0789       
# span 9 = 1.2299e-01, 3.4948e+03       
# span 10 =    -0.8796,   604.8202      
# span 11 =     -0.417,     20.725      
# span 12 =     -0.606,     30.059      
# span 13 =     9.2304,    36.5630      
# span 14 =   993.5038,   999.9019      
# span 15 = 0.0000e+00, 0.0000e+00      
# interval = seconds: 0.25
# start_time = Jul 15 2020 00:29:33 [Instrument's time stamp, header]
# bad_flag = -9.990e-29
*END*
[from data line 724]
      4.287      0.077     5.8968     89.504     42.253  36.983667     1.3516      7.481   237.3025 9.4220e+01     2.8428      4.206      6.101    19.1420   998.4171 0.0000e+00
      4.316      0.068     5.8874     88.697     42.485  37.079442     1.4131      7.482   237.2798 9.2517e+01     2.8600      4.237      6.146    19.0936   998.4267 0.0000e+00
      4.335      0.059     5.8856     87.857     42.626  37.142312     1.5033      7.482   237.2807 9.1601e+01     2.8520      4.255      6.172    19.0287   998.4395 0.0000e+00
      4.340      0.050     5.8692     86.960     42.612  37.109123     1.5459      7.480   237.3126 9.1403e+01     2.8481      4.260      6.179    18.9144   998.4618 0.0000e+00
      4.337      0.044     5.8400     85.906     42.578  37.058916     1.5468      7.479   237.3214 9.1115e+01     2.8479      4.249      6.163    18.7569   998.4923 0.0000e+00
      4.342      0.042     5.8024     84.750     42.595  37.042931     1.5517      7.479   237.3014 8.9825e+01     2.9183      4.251      6.166    18.6097   998.5208 0.0000e+00
      4.359      0.044     5.7547     83.639     42.623  37.042738     1.5479      7.479   237.2425 8.8142e+01     3.0463      4.274      6.200    18.5433   998.5336 0.0000e+00
      4.380      0.047     5.7020     82.669     42.653  37.056545     1.5297      7.479   237.1254 8.6856e+01     3.0913      4.297      6.232    18.5425   998.5339 0.0000e+00
      4.396      0.049     5.6321     81.869     42.695  37.082938     1.5315      7.479   237.0897 8.6068e+01     3.1189      4.313      6.256    18.5233   998.5376 0.0000e+00
      4.406      0.045     5.5579     81.209     42.740  37.107989     1.5885      7.479   237.2419 8.5566e+01     3.2425      4.323      6.270    18.4723   998.5473 0.0000e+00
      4.413      0.040     5.4867     80.677     42.751  37.105567     1.6669      7.479   237.4170 8.4948e+01     3.3850      4.328      6.276    18.4420   998.5531 0.0000e+00
      4.421      0.039     5.4228     80.325     42.697  37.053645     1.6879      7.479   237.5725 8.4209e+01     3.4331      4.335      6.288    18.4363   998.5543 0.0000e+00
      4.428      0.042     5.3722     80.156     42.632  36.987888     1.6699      7.479   237.7447 8.3591e+01     3.3784      4.343      6.299    18.4270   998.5560 0.0000e+00
      4.436      0.047     5.3325     80.099     42.629  36.945114     1.6693      7.480   237.7778 8.2859e+01     3.3422      4.348      6.306    18.4068   998.5599 0.0000e+00
      4.449      0.051     5.2964     80.036     42.697  36.917189     1.6807      7.482   237.8011 8.1761e+01     3.4759      4.360      6.325    18.3890   998.5633 0.0000e+00
      4.468      0.054     5.2735     79.848     42.811  36.903987     1.6927      7.483   238.1123 8.0645e+01     3.7241      4.383      6.356    18.3884   998.5635 0.0000e+00
      4.486      0.058     5.2647     79.572     42.938  36.912258     1.6899      7.483   238.4433 7.9786e+01     3.8366      4.403      6.385    18.3902   998.5632 0.0000e+00
      4.499      0.062     5.2663     79.262     43.000  36.890139     1.6761      7.481   238.7053 7.9077e+01     3.8065      4.413      6.401    18.3525   998.5704 0.0000e+00
      4.510      0.066     5.2801     78.898     43.005  36.826841     1.7160      7.480   239.7309 7.8248e+01     3.8070      4.422      6.413    18.2408   998.5915 0.0000e+00
      4.525      0.070     5.2806     78.446     43.051  36.781460     1.8004      7.479   241.0356 7.7089e+01     3.8415      4.435      6.433    18.0892   998.6199 0.0000e+00
      4.544      0.074     5.2743     77.805     43.176  36.785575     1.8392      7.477   241.1445 7.5798e+01     3.8813      4.455      6.462    17.9650   998.6430 0.0000e+00
      4.567      0.075     5.2641     76.920     43.329  36.812997     1.8314      7.475   240.5313 7.4496e+01     3.9101      4.479      6.496    17.8878   998.6573 0.0000e+00
      4.592      0.072     5.2457     75.837     43.404  36.795569     1.8302      7.475   240.1604 7.3269e+01     3.9148      4.505      6.533    17.8227   998.6693 0.0000e+00
      4.614      0.066     5.2303     74.586     43.434  36.765137     1.8633      7.475   240.0151 7.2399e+01     3.9042      4.528      6.567    17.7236   998.6875 0.0000e+00
      4.629      0.059     5.2033     73.221     43.479  36.762294     1.8974      7.475   240.0658 7.1799e+01     3.8510      4.541      6.587    17.5958   998.7108 0.0000e+00
      4.639      0.053     5.1548     71.798     43.519  36.761143     1.8994      7.474   240.2568 7.1306e+01     3.8209      4.550      6.598    17.4660   998.7342 0.0000e+00
      4.647      0.049     5.0932     70.288     43.539  36.751169     1.9164      7.473   240.3453 7.0819e+01     3.8835      4.557      6.608    17.3695   998.7515 0.0000e+00
      4.657      0.049     5.0135     68.757     43.517  36.705131     1.9596      7.473   240.4473 7.0182e+01     4.0239      4.565      6.622    17.3158   998.7610 0.0000e+00
      4.670      0.053     4.9235     67.392     43.499  36.648699     1.9929      7.473   240.6300 6.9357e+01     4.1447      4.577      6.639    17.2696   998.7693 0.0000e+00
      4.685      0.057     4.8348     66.267     43.562  36.639949     2.0233      7.473   240.5758 6.8414e+01     4.1430      4.594      6.663    17.2277   998.7768 0.0000e+00
      4.703      0.061     4.7354     65.352     43.673  36.662721     2.0595      7.472   240.3942 6.7434e+01     4.0723      4.612      6.689    17.1992   998.7819 0.0000e+00
      4.720      0.064     4.6269     64.608     43.749  36.670095     2.0972      7.471   240.4137 6.6500e+01     4.0108      4.629      6.714    17.1751   998.7862 0.0000e+00
      4.736      0.066     4.5384     64.007     43.787  36.665573     2.1264      7.470   240.6383 6.5655e+01     4.0178      4.646      6.737    17.1324   998.7938 0.0000e+00
      4.751      0.066     4.4710     63.548     43.832  36.671471     2.1452      7.469   240.7875 6.4776e+01     4.0878      4.659      6.756    17.0560   998.8072 0.0000e+00
      4.766      0.065     4.4183     63.178     43.890  36.677901     2.1534      7.467   240.7554 6.3773e+01     4.1017      4.673      6.777    16.9632   998.8234 0.0000e+00
      4.785      0.064     4.3758     62.784     43.952  36.679801     2.1484      7.465   240.7664 6.2727e+01     4.0139      4.693      6.806    16.8941   998.8354 0.0000e+00
      4.804      0.062     4.3367     62.315     44.028  36.694381     2.1520      7.464   240.8336 6.1784e+01     3.9194      4.713      6.835    16.8633   998.8409 0.0000e+00
      4.821      0.059     4.3092     61.811     44.117  36.727215     2.1587      7.464   240.8805 6.1022e+01     3.8863      4.729      6.858    16.8344   998.8459 0.0000e+00
      4.834      0.055     4.2927     61.321     44.193  36.759434     2.1529      7.464   240.9035 6.0373e+01     3.8879      4.741      6.876    16.7840   998.8546 0.0000e+00
      4.845      0.050     4.2726     60.834     44.231  36.766596     2.1392      7.463   240.8525 5.9670e+01     3.9048      4.751      6.891    16.7218   998.8653 0.0000e+00
      4.858      0.046     4.2442     60.327     44.240  36.750312     2.1271      7.462   240.8665 5.8970e+01     3.8836      4.764      6.910    16.6645   998.8751 0.0000e+00
      4.871      0.042     4.2126     59.842     44.273  36.752911     2.1307      7.461   241.0730 5.8468e+01     3.8375      4.778      6.930    16.6179   998.8832 0.0000e+00
      4.881      0.038     4.1823     59.390     44.354  36.797977     2.1444      7.459   241.3706 5.8062e+01     3.8629      4.787      6.942    16.5821   998.8894 0.0000e+00
      4.889      0.036     4.1538     58.992     44.441  36.850939     2.1593      7.458   241.5393 5.7588e+01     3.9167      4.794      6.954    16.5582   998.8934 0.0000e+00
      4.898      0.034     4.1177     58.677     44.507  36.885557     2.1676      7.457   241.5638 5.7148e+01     3.9038      4.804      6.967    16.5329   998.8977 0.0000e+00
      4.905      0.033     4.0886     58.397     44.552  36.899215     2.1583      7.457   241.5812 5.6763e+01     3.8440      4.810      6.976    16.5020   998.9030 0.0000e+00
      4.913      0.034     4.0596     58.150     44.574  36.889121     2.1524      7.457   241.5773 5.6357e+01     3.8464      4.817      6.986    16.4769   998.9073 0.0000e+00
      4.921      0.034     4.0311     57.974     44.612  36.890401     2.1633      7.457   241.6018 5.5974e+01     3.8986      4.827      7.000    16.4572   998.9106 0.0000e+00
      4.931      0.034     4.0151     57.810     44.677  36.914646     2.1654      7.455   241.6202 5.5542e+01     3.8911      4.834      7.013    16.4368   998.9141 0.0000e+00
      4.941      0.033     3.9976     57.616     44.732  36.928384     2.1499      7.454   241.6276 5.5050e+01     3.8581      4.845      7.027    16.4109   998.9184 0.0000e+00
      4.951      0.031     3.9808     57.421     44.771  36.929543     2.1378      7.452   241.6048 5.4656e+01     3.8436      4.856      7.043    16.3760   998.9244 0.0000e+00
      4.959      0.028     3.9747     57.201     44.800  36.928620     2.1426      7.452   241.5173 5.4354e+01     3.7844      4.864      7.055    16.3416   998.9302 0.0000e+00
      4.965      0.025     3.9678     56.926     44.804  36.917189     2.1506      7.451   241.5156 5.4115e+01     3.6575      4.870      7.062    16.3110   998.9353 0.0000e+00
      4.969      0.021     3.9546     56.606     44.816  36.918241     2.1583      7.450   241.6711 5.3907e+01     3.5795      4.873      7.069    16.2738   998.9416 0.0000e+00
      4.973      0.019     3.9466     56.254     44.854  36.941329     2.1690      7.450   241.8481 5.3662e+01     3.5968      4.876      7.072    16.2354   998.9479 0.0000e+00
      4.978      0.019     3.9348     55.909     44.868  36.942494     2.1939      7.449   241.9348 5.3370e+01     3.6254      4.881      7.079    16.2070   998.9526 0.0000e+00
      4.983      0.018     3.9158     55.606     44.871  36.932312     2.2495      7.447   242.0310 5.3043e+01     3.6515      4.887      7.088    16.1914   998.9552 0.0000e+00
      4.988      0.018     3.8952     55.338     44.902  36.945121     2.2880      7.444   242.1507 5.2768e+01     3.6373      4.891      7.094    16.1851   998.9562 0.0000e+00
      4.993      0.018     3.8700     55.132     44.943  36.970422     2.2881      7.443   242.2633 5.2562e+01     3.5913      4.897      7.102    16.1771   998.9577 0.0000e+00
      4.997      0.018     3.8459     55.019     44.965  36.984373     2.2887      7.443   242.2743 5.2379e+01     3.5762      4.902      7.109    16.1652   998.9596 0.0000e+00
      5.001      0.018     3.8275     54.949     44.971  36.986870     2.2762      7.441   242.1116 5.2202e+01     3.5922      4.904      7.113    16.1509   998.9619 0.0000e+00
      5.004      0.018     3.8097     54.895     44.992  37.000611     2.2419      7.440   242.0171 5.2005e+01     3.6471      4.907      7.117    16.1335   998.9648 0.0000e+00
      5.009      0.019     3.7937     54.842     45.029  37.023595     2.2264      7.440   242.0776 5.1776e+01     3.6559      4.911      7.124    16.1241   998.9664 0.0000e+00
      5.015      0.021     3.7896     54.750     45.027  37.010906     2.2224      7.440   242.0696 5.1493e+01     3.5958      4.917      7.132    16.1222   998.9667 0.0000e+00
      5.021      0.024     3.7848     54.646     44.994  36.974099     2.2135      7.440   242.0914 5.1236e+01     3.6074      4.925      7.142    16.1199   998.9672 0.0000e+00
      5.027      0.028     3.7804     54.527     44.983  36.959319     2.2140      7.439   242.2549 5.1031e+01     3.6582      4.929      7.150    16.1171   998.9677 0.0000e+00
      5.033      0.032     3.7810     54.367     44.987  36.959121     2.2191      7.438   242.4126 5.0759e+01     3.6616      4.935      7.158    16.1085   998.9691 0.0000e+00
      5.042      0.035     3.7729     54.236     45.015  36.971692     2.2272      7.437   242.5355 5.0417e+01     3.6483      4.944      7.169    16.0947   998.9714 0.0000e+00
      5.052      0.037     3.7670     54.150     45.055  36.984386     2.2455      7.437   242.5358 4.9985e+01     3.5998      4.953      7.183    16.0811   998.9736 0.0000e+00
      5.064      0.040     3.7620     54.046     45.081  36.985646     2.2686      7.436   242.5032 4.9556e+01     3.5913      4.967      7.205    16.0753   998.9746 0.0000e+00
      5.074      0.042     3.7468     53.940     45.101  36.986906     2.2864      7.434   242.4856 4.9222e+01     3.6477      4.978      7.220    16.0778   998.9743 0.0000e+00
      5.084      0.042     3.7380     53.866     45.134  36.999609     2.2891      7.432   242.4087 4.8827e+01     3.6297      4.984      7.228    16.0673   998.9761 0.0000e+00
      5.094      0.041     3.7383     53.806     45.177  37.012299     2.2636      7.432   242.4342 4.8374e+01     3.5795      4.995      7.244    16.0385   998.9807 0.0000e+00
      5.106      0.040     3.7311     53.742     45.216  37.013374     2.2253      7.431   242.5351 4.7927e+01     3.5907      5.007      7.263    16.0144   998.9847 0.0000e+00
      5.118      0.040     3.7236     53.657     45.251  37.012579     2.2074      7.429   242.6823 4.7520e+01     3.6274      5.020      7.281    16.0005   998.9871 0.0000e+00
      5.128      0.043     3.7208     53.527     45.267  37.002647     2.2094      7.427   242.9235 4.7232e+01     3.6451      5.031      7.296    15.9877   998.9892 0.0000e+00
      5.135      0.050     3.7189     53.377     45.314  37.020179     2.2314      7.424   243.1287 4.6955e+01     3.7017      5.035      7.303    15.9640   998.9931 0.0000e+00
      5.143      0.059     3.7171     53.221     45.443  37.097608     2.2626      7.421   243.2701 4.6510e+01     3.7965      5.041      7.312    15.9248   998.9994 0.0000e+00
      5.158      0.067     3.7161     53.036     45.591  37.177245     2.2725      7.419   243.5143 4.5824e+01     3.8304      5.054      7.330    15.8890   999.0053 0.0000e+00
      5.180      0.077     3.7072     52.859     45.707  37.221470     2.2747      7.416   243.9303 4.4923e+01     3.8372      5.078      7.364    15.8674   999.0089 0.0000e+00
      5.208      0.085     3.6974     52.696     45.805  37.251481     2.2890      7.414   244.2564 4.4094e+01     3.8442      5.110      7.411    15.8472   999.0123 0.0000e+00
      5.232      0.089     3.6916     52.522     45.900  37.286181     2.2739      7.412   244.1884 4.3493e+01     3.8118      5.134      7.446    15.8181   999.0172 0.0000e+00
      5.253      0.087     3.6791     52.318     45.993  37.323657     2.2062      7.410   243.8809 4.2800e+01     3.7201      5.149      7.469    15.7749   999.0242 0.0000e+00
      5.277      0.083     3.6723     52.053     46.034  37.323777     2.1478      7.410   243.6367 4.2060e+01     3.6281      5.176      7.507    15.7123   999.0343 0.0000e+00
      5.300      0.078     3.6665     51.709     46.025  37.287602     2.1305      7.410   243.4731 4.1595e+01     3.6276      5.202      7.544    15.6545   999.0436 0.0000e+00
      5.316      0.073     3.6574     51.286     46.030  37.267007     2.1121      7.407   243.4513 4.1211e+01     3.6446      5.213      7.561    15.6127   999.0504 0.0000e+00
      5.332      0.069     3.6480     50.789     46.050  37.265127     2.0873      7.407   243.5450 4.0709e+01     3.6281      5.227      7.581    15.5705   999.0571 0.0000e+00
      5.351      0.065     3.6325     50.245     46.067  37.264854     2.0779      7.407   243.4874 4.0273e+01     3.6678      5.249      7.612    15.5337   999.0630 0.0000e+00
      5.368      0.060     3.6109     49.713     46.083  37.263687     2.0658      7.407   243.4431 3.9985e+01     3.7127      5.267      7.637    15.5035   999.0678 0.0000e+00
