Data/DataNotYetUploadedToEDI/Raw_CTD/RawDownloads/071519_fcr20.cnv
* Sea-Bird SBE19plus  Data File:
* FileName = C:\DATA\071519_fcr_0003.hex
* Software version 2.8.0.119 SB_Terminal.dll
* Temperature SN = 7809
* Conductivity SN = 7809
* System UpLoad Time = Jul 15 2019 16:38:05
* <ApplicationData>
* <Seaterm232>
# nquan = 16
# nvalues = 283                         
# units = specified
# name 0 = depFM: Depth [fresh water, m]
# name 1 = dz/dtM: Descent Rate [m/s]
# name 2 = sbeox0Mg/L: Oxygen, SBE 43 [mg/l]
# name 3 = sbeox0PS: Oxygen, SBE 43 [% saturation]
# name 4 = specc: Specific Conductance [uS/cm]
# name 5 = c0uS/cm: Conductivity [uS/cm]
# name 6 = flECO-AFL: Fluorescence, WET Labs ECO-AFL/FL [mg/m^3]
# name 7 = ph: pH
# name 8 = orp: Oxidation Reduction Potential [mV]
# name 9 = par/sat/log: PAR/Logarithmic, Satlantic
# name 10 = turbWETntu0: Turbidity, WET Labs ECO [NTU]
# name 11 = prdM: Pressure, Strain Gauge [db]
# name 12 = prdE: Pressure, Strain Gauge [psi]
# name 13 = tv290C: Temperature [ITS-90, deg C]
# name 14 = density00: Density [density, kg/m^3]
# name 15 = flag:  0.000e+00
# span 0 =     -0.542,      3.168       
# span 1 =     -0.069,      0.308       
# span 2 =    -0.8124,    13.9467       
# span 3 =     -8.747,    160.530       
# span 4 =      1.195,    209.904       
# span 5 =   1.277796, 178.297927       
# span 6 =    -0.1202,    10.9851       
# span 7 =      6.396,      8.392       
# span 8 =    33.1951,   935.6885       
# span 9 = 2.9552e+01, 2.4613e+03       
# span 10 =    -1.3953,    13.1212      
# span 11 =     -0.533,      3.107      
# span 12 =     -0.773,      4.507      
# span 13 =    17.2823,    28.4840      
# span 14 =   996.1040,   998.8161      
# span 15 = 0.0000e+00, 0.0000e+00      
# interval = seconds: 0.25
# start_time = Jul 15 2019 11:06:12 [Instrument's time stamp, header]
# bad_flag = -9.990e-29
*END*
[from data line 181]
      2.043      0.060     7.9289     95.057     35.774  35.438300     6.2717      6.954   188.4240 8.4208e+01     2.8525      2.004      2.906    27.7681   996.3285 0.0000e+00
      2.062      0.059     9.0767    108.148     35.929  35.341562     6.2699      6.955   188.7725 8.3903e+01     2.8368      2.024      2.936    27.2326   996.4776 0.0000e+00
      2.077      0.058    10.2384    121.543     35.994  35.255802     6.2501      6.957   189.1191 8.3443e+01     2.7653      2.037      2.955    25.9870   996.8155 0.0000e+00
      2.089      0.055    11.2774    133.559     35.997  35.162779     6.2230      6.961   189.5168 8.2818e+01     2.6439      2.048      2.971    24.9823   997.0786 0.0000e+00
      2.102      0.051    12.1365    143.477     36.010  35.105245     6.2111      6.963   189.8817 8.2238e+01     2.6141      2.061      2.988    24.4511   997.2128 0.0000e+00
      2.115      0.049    12.7901    150.967     36.035  35.067811     6.2096      6.965   190.0892 8.1764e+01     2.6670      2.075      3.009    24.1283   997.2939 0.0000e+00
      2.127      0.049    13.2224    155.826     36.056  35.027419     6.1623      6.966   190.1329 8.1260e+01     2.6612      2.086      3.026    23.9477   997.3383 0.0000e+00
      2.137      0.052    13.4719    158.481     36.096  34.997583     6.0728      6.966   190.2381 8.0686e+01     2.6427      2.096      3.039    23.8236   997.3689 0.0000e+00
      2.148      0.056    13.5953    159.587     36.144  34.960848     6.0288      6.967   190.5012 8.0088e+01     2.6389      2.106      3.054    23.7362   997.3903 0.0000e+00
      2.162      0.058    13.6295    159.605     36.177  34.900476     6.0544      6.970   190.7328 7.9420e+01     2.6484      2.118      3.072    23.6510   997.4112 0.0000e+00
      2.181      0.061    13.6176    159.060     36.214  34.838697     6.2528      6.973   190.9739 7.8685e+01     2.8238      2.139      3.102    23.5745   997.4298 0.0000e+00
      2.200      0.062    13.6009    158.447     36.263  34.784943     6.5988      6.976   191.2657 7.8014e+01     3.1205      2.159      3.132    23.4816   997.4524 0.0000e+00
      2.216      0.061    13.6024    158.064     36.336  34.758127     6.7863      6.979   191.5077 7.7397e+01     3.2867      2.174      3.152    23.3618   997.4813 0.0000e+00
      2.231      0.057    13.6403    158.160     36.433  34.768198     6.8127      6.981   191.6618 7.6812e+01     3.3586      2.188      3.172    23.2318   997.5125 0.0000e+00
      2.246      0.052    13.7098    158.702     36.512  34.779665     6.9434      6.984   191.6664 7.6362e+01     3.7602      2.203      3.195    23.0988   997.5444 0.0000e+00
      2.260      0.048    13.7852    159.368     36.554  34.769741     7.1965      6.987   191.5631 7.6022e+01     4.4715      2.217      3.215    22.9537   997.5789 0.0000e+00
      2.270      0.046    13.8583    160.000     36.613  34.775077     7.3411      6.990   191.7032 7.5708e+01     4.8804      2.227      3.230    22.8174   997.6110 0.0000e+00
      2.279      0.046    13.9177    160.456     36.743  34.844120     7.3398      6.993   192.1566 7.5385e+01     4.9352      2.235      3.241    22.6991   997.6388 0.0000e+00
      2.288      0.047    13.9467    160.530     36.942  34.969783     7.3099      6.995   192.5702 7.5001e+01     4.9046      2.243      3.253    22.6113   997.6594 0.0000e+00
      2.300      0.049    13.9347    160.044     37.157  35.088489     7.1533      6.997   192.9191 7.4594e+01     4.8712      2.255      3.270    22.5597   997.6714 0.0000e+00
      2.314      0.051    13.8665    158.861     37.312  35.136845     6.8688      6.999   193.1914 7.4123e+01     4.8918      2.269      3.291    22.4856   997.6888 0.0000e+00
      2.330      0.052    13.7363    157.020     37.375  35.110042     6.7136      7.002   193.1953 7.3593e+01     4.8912      2.285      3.315    22.4091   997.7066 0.0000e+00
      2.345      0.053    13.5477    154.599     37.416  35.081627     6.7079      7.007   193.0522 7.3175e+01     4.8635      2.301      3.337    22.3409   997.7224 0.0000e+00
      2.357      0.053    13.3145    151.730     37.503  35.110533     6.7646      7.011   193.0962 7.2807e+01     4.9832      2.312      3.352    22.2193   997.7505 0.0000e+00
      2.368      0.052    13.0586    148.624     37.590  35.142123     6.8701      7.014   193.3830 7.2319e+01     5.2240      2.322      3.367    22.0719   997.7842 0.0000e+00
      2.381      0.051    12.8038    145.543     37.646  35.146171     6.9255      7.013   193.5947 7.1664e+01     5.3510      2.335      3.385    21.9541   997.8110 0.0000e+00
      2.396      0.049    12.5696    142.759     37.696  35.159415     6.8973      7.012   193.6772 7.0864e+01     5.3389      2.349      3.407    21.8686   997.8304 0.0000e+00
      2.410      0.047    12.3613    140.384     37.715  35.175267     6.6848      7.013   193.7781 7.0133e+01     5.2083      2.364      3.429    21.8035   997.8452 0.0000e+00
      2.422      0.047    12.1863    138.475     37.729  35.210893     6.3248      7.014   193.9543 6.9596e+01     5.0174      2.377      3.448    21.7408   997.8593 0.0000e+00
      2.432      0.047    12.0598    137.078     37.852  35.336334     6.1246      7.014   194.4312 6.9093e+01     4.9312      2.386      3.461    21.6676   997.8758 0.0000e+00
      2.441      0.047    11.9853    136.125     38.045  35.486073     6.1031      7.010   195.1557 6.8491e+01     4.9197      2.392      3.469    21.6143   997.8878 0.0000e+00
      2.452      0.047    11.9492    135.514     38.188  35.561541     6.1334      7.005   195.8315 6.7756e+01     4.9432      2.402      3.484    21.6118   997.8884 0.0000e+00
      2.467      0.046    11.9279    135.076     38.307  35.614041     6.1877      7.001   196.3209 6.6935e+01     5.0197      2.419      3.508    21.6620   997.8773 0.0000e+00
      2.483      0.045    11.8897    134.482     38.425  35.676479     6.2222      6.999   196.3406 6.6234e+01     5.0907      2.437      3.534    21.7002   997.8688 0.0000e+00
      2.495      0.043    11.8127    133.496     38.535  35.745180     6.2993      6.997   196.0703 6.5839e+01     5.1787      2.449      3.552    21.6461   997.8810 0.0000e+00
      2.504      0.042    11.6952    132.092     38.630  35.809950     7.0851      6.994   196.1498 6.5686e+01     5.8545      2.457      3.563    21.5508   997.9023 0.0000e+00
      2.510      0.042    11.5477    130.369     38.665  35.824873     8.5183      6.990   196.5276 6.5537e+01     7.1010      2.462      3.570    21.4769   997.9187 0.0000e+00
      2.518      0.042    11.3862    128.510     38.649  35.798649     9.2967      6.986   196.8518 6.5198e+01     7.7960      2.468      3.580    21.4123   997.9331 0.0000e+00
      2.530      0.044    11.2247    126.685     38.730  35.873680     9.3607      6.982   197.2311 6.4656e+01     7.9006      2.480      3.596    21.3683   997.9429 0.0000e+00
      2.544      0.048    11.0724    124.972     39.038  36.160838     9.2837      6.979   197.7580 6.3965e+01     7.9722      2.495      3.619    21.3441   997.9484 0.0000e+00
      2.558      0.050    10.9404    123.443     39.463  36.541384     8.3230      6.974   198.1457 6.3280e+01     8.3332      2.510      3.641    21.3197   997.9538 0.0000e+00
      2.571      0.051    10.8413    122.208     39.984  36.983855     6.5620      6.968   198.4772 6.2673e+01     9.0213      2.521      3.657    21.3022   997.9577 0.0000e+00
      2.584      0.052    10.7696    121.168     40.641  37.511825     5.6002      6.963   199.0990 6.2069e+01     9.4099      2.534      3.676    21.3043   997.9573 0.0000e+00
      2.596      0.053    10.6826    119.862     41.198  37.910385     5.5108      6.959   199.8990 6.1528e+01     9.3613      2.547      3.693    21.3181   997.9544 0.0000e+00
      2.607      0.053    10.5193    117.728     41.545  38.121043     5.5420      6.955   200.6645 6.0798e+01     7.9746      2.557      3.707    21.3027   997.9580 0.0000e+00
      2.622      0.053    10.2353    114.350     41.871  38.344834     5.6137      6.952   201.3863 5.9727e+01     5.3263      2.571      3.728    21.2618   997.9672 0.0000e+00
      2.638      0.052     9.8021    109.381     42.258  38.648299     5.6671      6.948   202.1732 5.8677e+01     3.8546      2.587      3.753    21.1679   997.9881 0.0000e+00
      2.654      0.051     9.2333    102.947     42.748  39.060545     5.7193      6.944   202.9514 5.7729e+01     3.7480      2.604      3.776    20.9995   998.0250 0.0000e+00
      2.666      0.051     8.5944     95.764     43.560  39.774320     6.0193      6.939   203.4816 5.6893e+01     3.9388      2.617      3.795    20.8531   998.0567 0.0000e+00
      2.676      0.050     7.9393     88.364     44.469  40.549302     6.5548      6.934   203.6797 5.6200e+01     4.2612      2.625      3.807    20.7772   998.0731 0.0000e+00
      2.686      0.050     7.2986     81.076     44.925  40.876137     6.8531      6.929   203.6262 5.5358e+01     4.4674      2.633      3.819    20.7214   998.0853 0.0000e+00
      2.699      0.050     6.6908     74.185     45.149  40.996081     6.9726      6.924   203.6092 5.4217e+01     4.6950      2.644      3.835    20.6710   998.0961 0.0000e+00
      2.714      0.051     6.0850     67.385     45.968  41.681979     8.0263      6.917   203.9904 5.3038e+01     6.8818      2.661      3.861    20.6634   998.0981 0.0000e+00
      2.730      0.054     5.4457     60.245     47.628  43.137672     9.9441      6.909   204.6211 5.2106e+01    10.9159      2.679      3.885    20.6123   998.1096 0.0000e+00
      2.742      0.057     4.8011     53.039     49.357  44.628414    10.9733      6.901   205.0400 5.1304e+01    13.0962      2.690      3.901    20.4810   998.1375 0.0000e+00
      2.753      0.059     4.1866     46.158     51.125  46.118394    10.9851      6.893   205.1834 5.0318e+01    13.1212      2.699      3.915    20.3800   998.1588 0.0000e+00
      2.768      0.060     3.5840     39.426     54.063  48.642934    10.1311      6.884   205.2367 4.9078e+01    11.5466      2.714      3.936    20.3302   998.1695 0.0000e+00
      2.786      0.060     2.9512     32.391     57.283  51.399574     8.5451      6.875   205.3412 4.7787e+01     8.6739      2.732      3.962    20.2934   998.1780 0.0000e+00
      2.805      0.061     2.2772     24.928     59.063  52.836129     7.6753      6.867   205.4996 4.6625e+01     7.1286      2.751      3.990    20.2212   998.1938 0.0000e+00
      2.821      0.061     1.5904     17.367     62.478  55.722253     7.5985      6.857   205.5175 4.5574e+01     6.9876      2.767      4.014    20.1026   998.2189 0.0000e+00
      2.835      0.061     0.9291     10.127     72.230  64.247101     7.6075      6.846   205.3849 4.4632e+01     6.9682      2.781      4.033    19.9885   998.2435 0.0000e+00
      2.848      0.061     0.3315      3.612     84.907  75.318431     7.7326      6.835   205.5318 4.3823e+01     7.2881      2.794      4.052    19.8757   998.2683 0.0000e+00
      2.862      0.062    -0.1539     -1.659     93.225  82.460538     7.9675      6.825   206.0024 4.2846e+01     7.9393      2.805      4.068    19.7210   998.3001 0.0000e+00
      2.878      0.063    -0.5056     -5.460     97.254  85.797939     8.1064      6.816   206.5156 4.1590e+01     8.3189      2.821      4.091    19.5831   998.3282 0.0000e+00
      2.897      0.064    -0.7252     -7.820    101.911  89.713138     8.1290      6.807   207.1761 4.0470e+01     8.3054      2.842      4.122    19.4918   998.3506 0.0000e+00
      2.917      0.064    -0.8124     -8.747    108.182  95.051185     8.1020      6.798   207.7084 3.9573e+01     7.5804      2.861      4.150    19.3687   998.3810 0.0000e+00
      2.932      0.063    -0.7950     -8.546    113.819  99.802475     8.0409      6.788   207.6168 3.8759e+01     6.2379      2.876      4.171    19.2192   998.4136 0.0000e+00
      2.946      0.061    -0.7107     -7.626    119.804 104.825708     8.0046      6.775   206.7563 3.8018e+01     5.4769      2.888      4.189    19.0973   998.4381 0.0000e+00
      2.960      0.061    -0.5863     -6.281    129.350 112.927949     7.9753      6.759   203.9300 3.7306e+01     5.3926      2.902      4.210    19.0113   998.4565 0.0000e+00
      2.975      0.063    -0.4510     -4.822    140.612 122.462226     7.7823      6.739   196.5020 3.6606e+01     5.4812      2.917      4.232    18.9343   998.4745 0.0000e+00
      2.990      0.065    -0.3287     -3.506    147.176 127.826629     7.4392      6.716   185.1735 3.5816e+01     5.6640      2.932      4.253    18.8416   998.4943 0.0000e+00
      3.007      0.065    -0.2236     -2.380    148.518 128.645288     7.2437      6.692   174.9377 3.4877e+01     5.7997      2.947      4.275    18.7473   998.5140 0.0000e+00
      3.027      0.065    -0.1315     -1.397    151.708 131.149124     7.1785      6.666   167.2996 3.3933e+01     5.8436      2.969      4.306    18.6580   998.5348 0.0000e+00
      3.047      0.064    -0.0541     -0.575    159.715 137.880829     6.6334      6.638   160.5348 3.3220e+01     6.0645      2.990      4.337    18.5561   998.5597 0.0000e+00
      3.062      0.062     0.0095      0.100    167.562 144.403749     5.6211      6.610   154.7498 3.2746e+01     6.5044      3.004      4.357    18.4244   998.5873 0.0000e+00
      3.074      0.058     0.0634      0.669    172.387 148.199122     5.0650      6.585   150.2670 3.2289e+01     6.7702      3.014      4.372    18.2886   998.6121 0.0000e+00
      3.089      0.053     0.1072      1.129    175.727 150.649732     4.9987      6.561   146.1699 3.1809e+01     6.8535      3.028      4.392    18.2080   998.6278 0.0000e+00
      3.104      0.049     0.1420      1.492    178.152 152.268127     4.7243      6.539   141.0045 3.1421e+01     7.1833      3.046      4.418    18.1725   998.6387 0.0000e+00
      3.116      0.044     0.1706      1.787    179.519 152.957087     4.2176      6.519   134.1881 3.1096e+01     7.7756      3.057      4.433    18.1024   998.6549 0.0000e+00
      3.126      0.039     0.1936      2.024    181.252 154.000148     3.9442      6.501   126.0461 3.0696e+01     8.1164      3.065      4.445    17.9833   998.6783 0.0000e+00
      3.136      0.033     0.2111      2.203    185.285 157.090229     3.9238      6.487   116.8115 3.0341e+01     8.1577      3.076      4.461    17.8652   998.7012 0.0000e+00
      3.145      0.026     0.2229      2.323    191.984 162.543504     3.9198      6.477   107.3685 3.0236e+01     8.2424      3.086      4.476    17.7367   998.7259 0.0000e+00
      3.151      0.021     0.2295      2.391    198.586 168.013454     3.9046      6.467    99.2872 3.0224e+01     8.4189      3.091      4.483    17.5908   998.7525 0.0000e+00
      3.155      0.016     0.2311      2.408    202.664 171.424330     3.8966      6.458    93.0089 3.0070e+01     8.5222      3.094      4.487    17.4686   998.7748 0.0000e+00
      3.157      0.011     0.2279      2.374    205.218 173.629228     3.8997      6.451    87.2982 2.9949e+01     8.5409      3.096      4.490    17.3780   998.7924 0.0000e+00
      3.158      0.008     0.2222      2.316    206.515 174.863548     3.8295      6.444    81.2599 3.0009e+01     8.6784      3.097      4.491    17.3187   998.8058 0.0000e+00
      3.160      0.006     0.2159      2.253    206.645 175.165652     3.6895      6.437    75.4095 3.0007e+01     8.9391      3.099      4.495    17.2927   998.8134 0.0000e+00
      3.161      0.005     0.2104      2.198    206.954 175.620591     3.6200      6.431    70.2509 2.9809e+01     9.0716      3.100      4.497    17.2823   998.8161 0.0000e+00
      3.162      0.004     0.2059      2.152    207.848 176.529758     3.6224      6.425    65.6068 2.9704e+01     9.0345      3.101      4.498    17.2892   998.8160 0.0000e+00
      3.163      0.004     0.2005      2.096    208.639 177.274787     3.6493      6.420    61.2451 2.9921e+01     8.6860      3.102      4.499    17.3282   998.8095 0.0000e+00
