Data/DataNotYetUploadedToEDI/Raw_CTD/RawDownloads/071519_fcr30.cnv
* Sea-Bird SBE19plus  Data File:
* FileName = C:\DATA\071519_fcr_0005.hex
* Software version 2.8.0.119 SB_Terminal.dll
* Temperature SN = 7809
* Conductivity SN = 7809
* System UpLoad Time = Jul 15 2019 16:38:37
* <ApplicationData>
* <Seaterm232>
# nquan = 16
# nvalues = 489                         
# units = specified
# name 0 = depFM: Depth [fresh water, m]
# name 1 = dz/dtM: Descent Rate [m/s]
# name 2 = sbeox0Mg/L: Oxygen, SBE 43 [mg/l]
# name 3 = sbeox0PS: Oxygen, SBE 43 [% saturation]
# name 4 = specc: Specific Conductance [uS/cm]
# name 5 = c0uS/cm: Conductivity [uS/cm]
# name 6 = flECO-AFL: Fluorescence, WET Labs ECO-AFL/FL [mg/m^3]
# name 7 = ph: pH
# name 8 = orp: Oxidation Reduction Potential [mV]
# name 9 = par/sat/log: PAR/Logarithmic, Satlantic
# name 10 = turbWETntu0: Turbidity, WET Labs ECO [NTU]
# name 11 = prdM: Pressure, Strain Gauge [db]
# name 12 = prdE: Pressure, Strain Gauge [psi]
# name 13 = tv290C: Temperature [ITS-90, deg C]
# name 14 = density00: Density [density, kg/m^3]
# name 15 = flag:  0.000e+00
# span 0 =     -0.528,      5.239       
# span 1 =     -0.105,      0.229       
# span 2 =     0.0618,    14.6067       
# span 3 =      0.581,    168.764       
# span 4 =      1.005,     61.763       
# span 5 =   0.969285,  46.806165       
# span 6 =    -0.3658,     6.7864       
# span 7 =      6.564,      8.127       
# span 8 =    25.8588,   304.3580       
# span 9 = 1.9128e+00, 2.0049e+03       
# span 10 =    -0.3712,    15.7001      
# span 11 =     -0.520,      5.138      
# span 12 =     -0.753,      7.452      
# span 13 =    10.9483,    27.8264      
# span 14 =   996.3046,   999.6534      
# span 15 = 0.0000e+00, 0.0000e+00      
# interval = seconds: 0.25
# start_time = Jul 15 2019 11:18:53 [Instrument's time stamp, header]
# bad_flag = -9.990e-29
*END*
[from data line 181]
      1.357      0.063     7.6052     95.192     36.756  38.124661     4.7698      7.570   168.7589 3.4436e+02     1.6842      1.331      1.931    27.3290   996.4485 0.0000e+00
      1.374      0.064     8.4975    106.191     36.799  38.099221     4.7728      7.574   169.0244 3.4418e+02     1.7205      1.347      1.954    27.2830   996.4615 0.0000e+00
      1.391      0.063     9.3405    116.666     36.870  38.149112     4.7596      7.578   169.1513 3.3727e+02     1.7782      1.363      1.977    27.1364   996.5022 0.0000e+00
      1.410      0.062    10.0745    125.852     36.995  38.283514     4.7227      7.581   169.2613 3.2722e+02     1.7920      1.382      2.007    26.9791   996.5457 0.0000e+00
      1.425      0.062    10.6518    133.027     37.047  38.327779     4.6994      7.582   169.4079 3.2155e+02     1.7566      1.398      2.029    26.8460   996.5822 0.0000e+00
      1.437      0.061    11.0196    137.488     37.001  38.239964     4.7032      7.581   169.6337 3.1952e+02     1.7434      1.409      2.043    26.7341   996.6128 0.0000e+00
      1.451      0.059    11.1356    138.803     36.975  38.173854     4.7507      7.579   169.9261 3.1913e+02     1.7309      1.422      2.062    26.7099   996.6195 0.0000e+00
      1.468      0.056    11.0272    137.404     36.980  38.163149     4.8326      7.578   170.1905 3.1814e+02     1.7031      1.440      2.088    26.7478   996.6093 0.0000e+00
      1.486      0.052    10.7862    134.399     36.991  38.173981     4.8781      7.577   170.4208 3.1755e+02     1.7346      1.459      2.116    26.7431   996.6107 0.0000e+00
      1.501      0.049    10.5006    130.818     37.001  38.177871     4.8853      7.574   170.5591 3.1630e+02     1.7842      1.473      2.138    26.6666   996.6314 0.0000e+00
      1.510      0.047    10.2290    127.371     36.991  38.146706     4.8758      7.570   170.7451 3.0686e+02     1.7794      1.482      2.150    26.5961   996.6507 0.0000e+00
      1.517      0.047    10.0043    124.467     36.993  38.114512     4.8497      7.567   171.1210 2.9346e+02     1.7422      1.487      2.157    26.5885   996.6528 0.0000e+00
      1.526      0.047     9.8348    122.227     37.027  38.105944     4.8300      7.564   171.4045 2.8560e+02     1.6944      1.495      2.169    26.5988   996.6500 0.0000e+00
      1.539      0.048     9.7172    120.654     37.064  38.106520     4.8202      7.563   171.5914 2.8105e+02     1.6928      1.508      2.187    26.5924   996.6518 0.0000e+00
      1.555      0.050     9.6591    119.883     37.095  38.121415     4.8259      7.561   171.9174 2.7619e+02     1.7559      1.525      2.212    26.5623   996.6600 0.0000e+00
      1.571      0.052     9.6661    119.955     37.137  38.159058     4.9081      7.559   172.5934 2.7165e+02     1.8668      1.543      2.238    26.5146   996.6730 0.0000e+00
      1.584      0.054     9.7171    120.533     37.176  38.180789     5.0512      7.559   173.7420 2.6682e+02     1.9850      1.555      2.256    26.4487   996.6909 0.0000e+00
      1.595      0.055     9.7774    121.151     37.170  38.130229     5.1257      7.560   174.8782 2.6259e+02     2.0050      1.564      2.268    26.3848   996.7081 0.0000e+00
      1.606      0.056     9.8229    121.559     37.148  38.055491     5.1323      7.559   175.4046 2.6009e+02     1.9779      1.574      2.283    26.3690   996.7125 0.0000e+00
      1.621      0.056     9.8486    121.772     37.167  38.038776     5.2092      7.557   175.4597 2.5764e+02     1.9853      1.589      2.304    26.3782   996.7101 0.0000e+00
      1.639      0.055     9.8646    121.938     37.193  38.055031     5.3528      7.553   175.6306 2.5324e+02     1.9961      1.607      2.331    26.3618   996.7146 0.0000e+00
      1.656      0.054     9.8873    122.223     37.198  38.061582     5.4293      7.551   176.1807 2.4791e+02     1.9774      1.626      2.358    26.2902   996.7339 0.0000e+00
      1.670      0.051     9.9234    122.670     37.191  38.054509     5.4323      7.549   176.8622 2.4585e+02     1.9558      1.639      2.377    26.2048   996.7568 0.0000e+00
      1.681      0.046     9.9615    123.134     37.172  38.032990     5.3973      7.548   177.3325 2.4409e+02     1.9639      1.649      2.392    26.1528   996.7708 0.0000e+00
      1.691      0.040     9.9927    123.503     37.137  37.991824     5.3444      7.547   177.5643 2.3936e+02     1.9778      1.659      2.405    26.1452   996.7729 0.0000e+00
      1.699      0.035    10.0210    123.816     37.096  37.937629     5.3215      7.545   177.7718 2.3631e+02     1.9923      1.665      2.415    26.1578   996.7696 0.0000e+00
      1.708      0.031    10.0453    124.058     37.064  37.885514     5.3117      7.543   178.0343 2.3464e+02     1.9749      1.675      2.429    26.1564   996.7700 0.0000e+00
      1.717      0.030    10.0619    124.198     37.007  37.806003     5.3037      7.543   178.4158 2.3270e+02     1.9319      1.685      2.443    26.1522   996.7711 0.0000e+00
      1.724      0.031    10.0827    124.362     36.846  37.610994     5.3102      7.545   179.0283 2.2968e+02     1.9630      1.692      2.454    26.1481   996.7723 0.0000e+00
      1.729      0.035    10.1236    124.670     36.607  37.304934     5.3134      7.547   179.5896 2.2505e+02     2.0241      1.697      2.461    26.1314   996.7768 0.0000e+00
      1.734      0.041    10.1849    125.090     36.437  37.025197     5.3167      7.548   179.7816 2.2201e+02     2.0156      1.700      2.464    26.1030   996.7843 0.0000e+00
      1.744      0.047    10.2729    125.761     36.437  36.894456     5.4016      7.551   179.7154 2.1982e+02     2.0887      1.709      2.478    26.0739   996.7921 0.0000e+00
      1.760      0.053    10.4202    127.186     36.590  36.929941     5.5599      7.555   179.5637 2.1576e+02     2.2857      1.725      2.502    26.0492   996.7987 0.0000e+00
      1.778      0.057    10.6515    129.784     36.738  37.009754     5.6521      7.559   179.4954 2.1066e+02     2.3983      1.744      2.529    25.9731   996.8188 0.0000e+00
      1.796      0.058    10.9526    133.424     36.771  37.034211     5.6670      7.564   179.5786 2.0570e+02     2.4342      1.762      2.556    25.8099   996.8622 0.0000e+00
      1.812      0.056    11.2806    137.472     36.694  36.971752     5.6702      7.569   179.7086 2.0140e+02     2.4572      1.778      2.579    25.6180   996.9127 0.0000e+00
      1.826      0.052    11.5828    141.135     36.554  36.825849     5.7261      7.575   179.8636 1.9919e+02     2.3812      1.792      2.599    25.4341   996.9608 0.0000e+00
      1.836      0.050    11.8174    143.838     36.439  36.666499     5.8396      7.582   179.9897 1.9811e+02     2.2698      1.801      2.612    25.3271   996.9887 0.0000e+00
      1.845      0.049    11.9681    145.368     36.360  36.504874     5.8978      7.588   180.1146 1.9625e+02     2.2577      1.808      2.623    25.3394   996.9855 0.0000e+00
      1.857      0.050    12.0289    145.727     36.290  36.331388     5.8932      7.593   180.3412 1.9254e+02     2.3001      1.821      2.641    25.3871   996.9732 0.0000e+00
      1.870      0.051    12.0120    145.207     36.263  36.218997     5.8537      7.596   180.7515 1.8751e+02     2.3565      1.833      2.659    25.3836   996.9741 0.0000e+00
      1.885      0.052    11.9647    144.420     36.327  36.224844     5.7752      7.599   181.2886 1.8285e+02     2.4145      1.847      2.679    25.3268   996.9889 0.0000e+00
      1.901      0.051    11.9482    144.085     36.415  36.275049     5.7243      7.601   181.6736 1.7864e+02     2.4121      1.864      2.704    25.2091   997.0195 0.0000e+00
      1.916      0.049    12.0073    144.735     36.412  36.254732     5.7237      7.604   181.7065 1.7477e+02     2.3935      1.880      2.727    25.0346   997.0644 0.0000e+00
      1.928      0.046    12.1482    146.360     36.346  36.169590     5.8206      7.608   181.5142 1.7117e+02     2.4188      1.893      2.745    24.9170   997.0945 0.0000e+00
      1.936      0.044    12.3348    148.440     36.291  36.070692     5.9932      7.611   181.3276 1.6808e+02     2.4567      1.899      2.755    24.8475   997.1123 0.0000e+00
      1.945      0.044    12.5180    150.416     36.227  35.947488     6.0857      7.613   181.0853 1.6486e+02     2.4577      1.905      2.764    24.7853   997.1283 0.0000e+00
      1.955      0.044    12.6744    152.060     36.162  35.822328     6.1150      7.616   180.9078 1.6154e+02     2.4637      1.917      2.781    24.7786   997.1299 0.0000e+00
      1.967      0.044    12.8086    153.446     36.160  35.763228     6.2959      7.620   180.9877 1.5853e+02     2.5945      1.929      2.798    24.7693   997.1323 0.0000e+00
      1.980      0.044    12.9321    154.748     36.247  35.804060     6.6175      7.626   181.1907 1.5500e+02     2.7613      1.941      2.815    24.6967   997.1508 0.0000e+00
      1.994      0.042    13.0447    156.029     36.332  35.871661     6.7864      7.633   181.2983 1.5178e+02     2.8087      1.956      2.837    24.6070   997.1735 0.0000e+00
      2.006      0.039    13.1445    157.259     36.334  35.882401     6.7858      7.641   181.3416 1.4961e+02     2.8079      1.969      2.856    24.5233   997.1947 0.0000e+00
      2.015      0.037    13.2336    158.371     36.310  35.870460     6.6884      7.648   181.2838 1.4809e+02     2.8164      1.978      2.869    24.4419   997.2152 0.0000e+00
      2.021      0.036    13.3048    159.244     36.288  35.854243     6.5016      7.654   180.6855 1.4683e+02     2.8138      1.982      2.875    24.3687   997.2335 0.0000e+00
      2.027      0.036    13.3511    159.811     36.243  35.813263     6.3913      7.660   179.7862 1.4476e+02     2.8092      1.986      2.880    24.3427   997.2401 0.0000e+00
      2.037      0.037    13.3762    160.104     36.188  35.755805     6.3788      7.666   179.1865 1.4166e+02     2.7930      1.996      2.895    24.3763   997.2317 0.0000e+00
      2.048      0.039    13.3861    160.159     36.113  35.667272     6.3847      7.671   178.9418 1.3929e+02     2.8145      2.009      2.913    24.3944   997.2273 0.0000e+00
      2.059      0.042    13.3835    159.986     36.048  35.567901     6.4716      7.675   178.8920 1.3784e+02     2.9714      2.020      2.929    24.3933   997.2276 0.0000e+00
      2.071      0.043    13.3692    159.581     36.043  35.506309     6.6314      7.678   178.7560 1.3539e+02     3.1500      2.031      2.945    24.4033   997.2251 0.0000e+00
      2.082      0.043    13.3412    158.971     36.034  35.430231     6.7210      7.683   178.5889 1.3172e+02     3.2043      2.042      2.962    24.4044   997.2248 0.0000e+00
      2.092      0.043    13.2990    158.196     36.016  35.346113     6.7312      7.688   178.5062 1.2867e+02     3.2342      2.053      2.977    24.3841   997.2300 0.0000e+00
      2.102      0.043    13.2435    157.274     36.048  35.314241     6.6861      7.692   178.0137 1.2676e+02     3.2821      2.063      2.992    24.3435   997.2401 0.0000e+00
      2.112      0.042    13.1759    156.293     36.078  35.298637     6.6009      7.697   177.2811 1.2466e+02     3.2918      2.070      3.002    24.2546   997.2623 0.0000e+00
      2.124      0.041    13.1095    155.444     36.079  35.284317     6.5677      7.701   177.3046 1.2182e+02     3.2859      2.082      3.019    24.1529   997.2877 0.0000e+00
      2.137      0.041    13.0659    154.855     36.080  35.268026     6.5710      7.705   178.1262 1.1882e+02     3.2760      2.098      3.042    24.0693   997.3085 0.0000e+00
      2.147      0.040    13.0552    154.532     36.090  35.228575     6.6057      7.709   178.4394 1.1611e+02     3.3038      2.107      3.056    23.9659   997.3340 0.0000e+00
      2.156      0.040    13.0770    154.494     36.124  35.188060     6.6917      7.713   177.7351 1.1375e+02     3.3925      2.114      3.066    23.8916   997.3524 0.0000e+00
      2.165      0.040    13.1310    154.820     36.173  35.158856     6.7361      7.716   177.0102 1.1163e+02     3.4633      2.123      3.079    23.8955   997.3514 0.0000e+00
      2.175      0.041    13.2167    155.577     36.207  35.129223     6.7264      7.721   176.8165 1.0965e+02     3.4713      2.132      3.092    23.8910   997.3526 0.0000e+00
      2.185      0.043    13.3393    156.836     36.206  35.083550     6.6695      7.727   177.0272 1.0756e+02     3.4569      2.142      3.107    23.8116   997.3721 0.0000e+00
      2.196      0.046    13.5028    158.585     36.216  35.050841     6.5688      7.733   177.4082 1.0531e+02     3.4855      2.154      3.124    23.7027   997.3988 0.0000e+00
      2.208      0.048    13.6902    160.617     36.258  35.051025     6.5141      7.740   177.8084 1.0316e+02     3.5218      2.166      3.141    23.5830   997.4279 0.0000e+00
      2.221      0.050    13.8726    162.603     36.266  35.022246     6.5112      7.746   178.1666 1.0106e+02     3.5362      2.178      3.159    23.4936   997.4497 0.0000e+00
      2.235      0.052    14.0300    164.251     36.246  34.956695     6.4816      7.751   178.4697 9.9097e+01     3.5941      2.192      3.179    23.4464   997.4611 0.0000e+00
      2.249      0.052    14.1545    165.404     36.253  34.893068     6.4161      7.756   178.7199 9.7369e+01     3.6647      2.205      3.199    23.3854   997.4759 0.0000e+00
      2.262      0.051    14.2426    166.063     36.269  34.824037     6.3781      7.760   178.9544 9.5544e+01     3.7007      2.217      3.217    23.3244   997.4906 0.0000e+00
      2.275      0.049    14.3014    166.441     36.273  34.756595     6.3696      7.764   179.1539 9.3554e+01     3.7342      2.231      3.235    23.2841   997.5003 0.0000e+00
      2.289      0.045    14.3452    166.790     36.265  34.712197     6.3389      7.769   179.1544 9.1705e+01     3.8078      2.246      3.258    23.2330   997.5127 0.0000e+00
      2.301      0.042    14.3942    167.260     36.243  34.667977     6.2842      7.775   179.2175 9.0015e+01     3.9025      2.258      3.275    23.1292   997.5375 0.0000e+00
      2.310      0.041    14.4641    167.881     36.220  34.602697     6.2552      7.782   179.4863 8.8445e+01     3.9292      2.266      3.286    22.9935   997.5697 0.0000e+00
      2.318      0.042    14.5377    168.459     36.171  34.494049     6.2567      7.787   179.7380 8.7088e+01     3.9344      2.274      3.297    22.8837   997.5957 0.0000e+00
      2.326      0.045    14.5890    168.764     36.109  34.369681     6.2498      7.792   179.9376 8.5689e+01     3.9980      2.280      3.307    22.8409   997.6057 0.0000e+00
      2.336      0.050    14.6067    168.634     36.120  34.304740     6.1721      7.795   180.0933 8.4057e+01     4.0426      2.289      3.321    22.8406   997.6059 0.0000e+00
      2.351      0.054    14.5830    167.987     36.182  34.279927     6.0370      7.798   180.2436 8.2203e+01     4.0147      2.304      3.341    22.7743   997.6214 0.0000e+00
      2.369      0.056    14.5162    166.929     36.230  34.259947     5.9690      7.803   180.2921 8.0233e+01     3.9561      2.322      3.368    22.6696   997.6461 0.0000e+00
      2.388      0.055    14.4094    165.575     36.253  34.253471     5.9652      7.808   180.3348 7.8496e+01     3.9240      2.343      3.398    22.5944   997.6637 0.0000e+00
      2.403      0.051    14.2741    164.020     36.265  34.265048     5.9397      7.811   180.6748 7.7121e+01     3.9208      2.358      3.420    22.4916   997.6876 0.0000e+00
      2.414      0.046    14.1340    162.454     36.263  34.273000     5.8848      7.814   180.9612 7.5991e+01     3.9173      2.368      3.435    22.3550   997.7193 0.0000e+00
      2.423      0.041    14.0135    161.079     36.207  34.222700     5.8479      7.816   181.0447 7.4947e+01     3.9143      2.376      3.446    22.2544   997.7425 0.0000e+00
      2.431      0.038    13.9319    160.000     36.046  34.037672     5.8405      7.816   181.3407 7.3877e+01     3.9173      2.384      3.458    22.2228   997.7497 0.0000e+00
