Data/DataNotYetUploadedToEDI/Raw_CTD/RawDownloads/071519_fcr30.cnv
* Sea-Bird SBE19plus  Data File:
* FileName = C:\DATA\071519_fcr_0005.hex
* Software version 2.8.0.119 SB_Terminal.dll
* Temperature SN = 7809
* Conductivity SN = 7809
* System UpLoad Time = Jul 15 2019 16:38:37
* <ApplicationData>
* <Seaterm232>
# nquan = 16
# nvalues = 489                         
# units = specified
# name 0 = depFM: Depth [fresh water, m]
# name 1 = dz/dtM: Descent Rate [m/s]
# name 2 = sbeox0Mg/L: Oxygen, SBE 43 [mg/l]
# name 3 = sbeox0PS: Oxygen, SBE 43 [% saturation]
# name 4 = specc: Specific Conductance [uS/cm]
# name 5 = c0uS/cm: Conductivity [uS/cm]
# name 6 = flECO-AFL: Fluorescence, WET Labs ECO-AFL/FL [mg/m^3]
# name 7 = ph: pH
# name 8 = orp: Oxidation Reduction Potential [mV]
# name 9 = par/sat/log: PAR/Logarithmic, Satlantic
# name 10 = turbWETntu0: Turbidity, WET Labs ECO [NTU]
# name 11 = prdM: Pressure, Strain Gauge [db]
# name 12 = prdE: Pressure, Strain Gauge [psi]
# name 13 = tv290C: Temperature [ITS-90, deg C]
# name 14 = density00: Density [density, kg/m^3]
# name 15 = flag:  0.000e+00
# span 0 =     -0.528,      5.239       
# span 1 =     -0.105,      0.229       
# span 2 =     0.0618,    14.6067       
# span 3 =      0.581,    168.764       
# span 4 =      1.005,     61.763       
# span 5 =   0.969285,  46.806165       
# span 6 =    -0.3658,     6.7864       
# span 7 =      6.564,      8.127       
# span 8 =    25.8588,   304.3580       
# span 9 = 1.9128e+00, 2.0049e+03       
# span 10 =    -0.3712,    15.7001      
# span 11 =     -0.520,      5.138      
# span 12 =     -0.753,      7.452      
# span 13 =    10.9483,    27.8264      
# span 14 =   996.3046,   999.6534      
# span 15 = 0.0000e+00, 0.0000e+00      
# interval = seconds: 0.25
# start_time = Jul 15 2019 11:18:53 [Instrument's time stamp, header]
# bad_flag = -9.990e-29
*END*
[from data line 272]
      2.448      0.043    13.8971    158.434     35.865  33.592298     5.7091      7.809   182.5701 7.1802e+01     4.1232      2.400      3.480    22.2543   997.7426 0.0000e+00
      2.457      0.050    13.8855    157.538     36.133  33.661727     5.6648      7.803   183.2358 7.0637e+01     4.1668      2.408      3.493    22.2675   997.7396 0.0000e+00
      2.470      0.058    13.8517    156.502     36.409  33.763527     5.6504      7.797   183.5550 6.9324e+01     4.1202      2.421      3.512    22.2467   997.7443 0.0000e+00
      2.487      0.066    13.7968    155.322     36.534  33.744056     5.4994      7.791   183.7622 6.7892e+01     4.1163      2.438      3.536    22.1087   997.7758 0.0000e+00
      2.506      0.074    13.7073    153.838     36.521  33.616508     5.2265      7.785   184.1061 6.6365e+01     4.1523      2.456      3.563    21.8256   997.8400 0.0000e+00
      2.528      0.079    13.5673    151.870     36.490  33.490468     5.0825      7.779   184.4431 6.4896e+01     4.1954      2.479      3.596    21.5567   997.9004 0.0000e+00
      2.549      0.081    13.3753    149.372     36.514  33.425788     5.0671      7.774   184.9125 6.3566e+01     4.2118      2.501      3.627    21.3573   997.9447 0.0000e+00
      2.571      0.080    13.1563    146.598     36.513  33.342063     5.0411      7.773   186.4253 6.2196e+01     4.1534      2.521      3.655    21.1674   997.9865 0.0000e+00
      2.594      0.077    12.9441    143.911     36.492  33.239596     4.8799      7.771   189.2264 6.0873e+01     3.9812      2.545      3.692    21.0092   998.0211 0.0000e+00
      2.614      0.073    12.7557    141.515     36.537  33.202156     4.6007      7.767   192.0222 5.9808e+01     3.8017      2.566      3.722    20.8813   998.0488 0.0000e+00
      2.629      0.070    12.5989    139.507     36.620  33.206590     4.4492      7.764   193.9017 5.8797e+01     3.7521      2.577      3.738    20.7645   998.0740 0.0000e+00
      2.644      0.067    12.4836    137.988     36.718  33.229641     4.4342      7.762   195.1723 5.7672e+01     3.7412      2.592      3.760    20.6535   998.0977 0.0000e+00
      2.661      0.063    12.4155    137.053     36.839  33.290387     4.4278      7.760   196.3720 5.6516e+01     3.6380      2.610      3.786    20.5372   998.1225 0.0000e+00
      2.678      0.060    12.3896    136.695     36.949  33.369832     4.4244      7.756   197.4810 5.5368e+01     3.5199      2.626      3.809    20.4251   998.1463 0.0000e+00
      2.695      0.057    12.3865    136.685     37.007  33.428629     4.4363      7.754   198.3419 5.4296e+01     3.4936      2.643      3.834    20.3345   998.1654 0.0000e+00
      2.710      0.052    12.3813    136.701     37.056  33.493603     4.4500      7.752   199.1244 5.3357e+01     3.5162      2.657      3.855    20.2395   998.1854 0.0000e+00
      2.722      0.047    12.3609    136.546     37.205  33.647744     4.4781      7.749   199.8007 5.2629e+01     3.5642      2.671      3.874    20.1603   998.2020 0.0000e+00
      2.732      0.044    12.3281    136.174     37.413  33.832703     4.5247      7.747   200.1514 5.2064e+01     3.6475      2.681      3.888    20.1405   998.2062 0.0000e+00
      2.741      0.043    12.2862    135.588     37.584  33.952930     4.5450      7.745   200.1816 5.1462e+01     3.7370      2.688      3.898    20.1537   998.2035 0.0000e+00
      2.750      0.044    12.2281    134.722     37.732  34.022455     4.5408      7.741   199.9934 5.0790e+01     3.7942      2.696      3.909    20.1886   998.1963 0.0000e+00
      2.760      0.045    12.1390    133.413     37.853  34.038597     4.4398      7.736   199.7687 5.0035e+01     3.6839      2.705      3.923    20.2251   998.1887 0.0000e+00
      2.773      0.048    11.9924    131.452     37.947  34.021047     4.2424      7.732   199.7015 4.9196e+01     3.4188      2.719      3.944    20.2297   998.1880 0.0000e+00
      2.788      0.050    11.7737    128.806     38.006  34.000513     4.1401      7.729   199.8700 4.8416e+01     3.2764      2.734      3.967    20.1725   998.2000 0.0000e+00
      2.802      0.051    11.5012    125.680     38.033  33.980614     4.1392      7.725   200.1708 4.7796e+01     3.2735      2.748      3.985    20.0983   998.2155 0.0000e+00
      2.815      0.053    11.2077    122.340     38.068  33.970791     4.1527      7.720   200.4134 4.7239e+01     3.1540      2.761      4.004    19.9649   998.2431 0.0000e+00
      2.827      0.053    10.9222    119.050     38.101  33.945160     4.1733      7.715   200.7380 4.6654e+01     2.9125      2.772      4.022    19.8008   998.2769 0.0000e+00
      2.839      0.052    10.6523    115.962     38.131  33.924500     4.1809      7.711   201.1701 4.5975e+01     2.8130      2.782      4.036    19.7119   998.2951 0.0000e+00
      2.854      0.051    10.4010    113.136     38.151  33.911315     4.1835      7.708   201.5946 4.5244e+01     2.8354      2.798      4.058    19.6651   998.3046 0.0000e+00
      2.869      0.050    10.1812    110.632     38.125  33.849167     4.2310      7.704   201.9981 4.4663e+01     2.8226      2.814      4.082    19.6320   998.3114 0.0000e+00
      2.882      0.049     9.9973    108.454     38.078  33.744211     4.3221      7.700   202.2640 4.4197e+01     2.8215      2.826      4.099    19.5325   998.3316 0.0000e+00
      2.893      0.049     9.8457    106.539     38.089  33.657649     4.3742      7.697   202.4009 4.3757e+01     2.8228      2.837      4.114    19.4625   998.3457 0.0000e+00
      2.903      0.050     9.7147    104.800     38.185  33.627450     4.3762      7.694   202.5334 4.3350e+01     2.8053      2.847      4.130    19.4499   998.3483 0.0000e+00
      2.914      0.051     9.5827    103.120     38.298  33.632780     4.3801      7.690   202.7476 4.2877e+01     2.8058      2.858      4.145    19.3951   998.3593 0.0000e+00
      2.928      0.051     9.4411    101.460     38.385  33.658512     4.4385      7.686   203.0989 4.2267e+01     2.7635      2.870      4.162    19.3236   998.3736 0.0000e+00
      2.943      0.050     9.2965     99.854     38.437  33.684648     4.5450      7.684   203.5969 4.1609e+01     2.6216      2.886      4.186    19.1927   998.3996 0.0000e+00
      2.959      0.049     9.1491     98.239     38.463  33.694917     4.6012      7.681   204.2084 4.1037e+01     2.4668      2.904      4.212    19.0133   998.4351 0.0000e+00
      2.972      0.049     9.0077     96.599     38.546  33.719193     4.5982      7.679   204.8142 4.0632e+01     2.3995      2.916      4.230    18.8798   998.4612 0.0000e+00
      2.981      0.049     8.8838     95.002     38.822  33.851187     4.5955      7.676   205.2437 4.0329e+01     2.3654      2.924      4.241    18.8259   998.4716 0.0000e+00
      2.990      0.049     8.7696     93.454     39.245  34.084859     4.6031      7.672   205.5294 3.9888e+01     2.3156      2.931      4.250    18.8064   998.4755 0.0000e+00
      3.002      0.049     8.6545     91.961     39.500  34.196108     4.6116      7.668   205.8594 3.9292e+01     2.2894      2.943      4.268    18.8125   998.4744 0.0000e+00
      3.017      0.049     8.5217     90.426     39.469  34.117231     4.6125      7.665   206.3943 3.8694e+01     2.2456      2.959      4.291    18.7741   998.4819 0.0000e+00
      3.032      0.049     8.3401     88.531     39.412  34.083086     4.5879      7.662   207.0073 3.8158e+01     2.2117      2.975      4.314    18.6033   998.5149 0.0000e+00
      3.047      0.048     8.0952     85.996     39.547  34.227547     4.5394      7.659   207.5057 3.7770e+01     2.2406      2.990      4.336    18.4110   998.5518 0.0000e+00
      3.058      0.045     7.8079     82.887     39.858  34.467692     4.5034      7.655   208.0324 3.7518e+01     2.2341      3.000      4.351    18.2562   998.5810 0.0000e+00
      3.067      0.042     7.5141     79.585     40.233  34.701833     4.4908      7.651   208.6438 3.7269e+01     2.1983      3.007      4.361    18.1763   998.5960 0.0000e+00
      3.076      0.041     7.2443     76.544     40.573  34.900514     4.4647      7.647   209.3051 3.6974e+01     2.1692      3.015      4.373    18.2256   998.5868 0.0000e+00
      3.087      0.041     7.0064     73.889     40.885  35.092705     4.4213      7.644   209.9199 3.6688e+01     2.0783      3.027      4.391    18.3059   998.5719 0.0000e+00
      3.097      0.044     6.7757     71.318     41.157  35.248389     4.3999      7.640   210.3989 3.6408e+01     1.9845      3.037      4.405    18.2722   998.5783 0.0000e+00
      3.107      0.047     6.5246     68.538     41.338  35.322993     4.3963      7.636   210.8800 3.6094e+01     1.9526      3.046      4.418    18.1138   998.6081 0.0000e+00
      3.119      0.051     6.2424     65.455     41.466  35.359940     4.3779      7.631   211.2631 3.5743e+01     1.9218      3.059      4.436    17.9911   998.6310 0.0000e+00
      3.133      0.054     5.9108     61.876     41.490  35.314199     4.2995      7.626   211.5034 3.5378e+01     1.8415      3.073      4.457    17.9203   998.6441 0.0000e+00
      3.148      0.056     5.5155     57.653     41.367  35.150669     4.1847      7.620   211.8063 3.5001e+01     1.7686      3.088      4.478    17.8193   998.6628 0.0000e+00
      3.164      0.056     5.0778     53.016     41.209  34.969379     4.1345      7.616   212.1723 3.4591e+01     1.7616      3.102      4.499    17.7157   998.6818 0.0000e+00
      3.179      0.055     4.6282     48.277     41.020  34.772367     4.1354      7.612   212.4872 3.4230e+01     1.7890      3.118      4.523    17.6308   998.6973 0.0000e+00
      3.194      0.053     4.1994     43.767     40.791  34.545677     4.1264      7.609   212.7747 3.3954e+01     1.8054      3.133      4.544    17.5506   998.7119 0.0000e+00
      3.206      0.049     3.8371     39.959     40.640  34.386337     4.1206      7.604   213.1529 3.3728e+01     1.7956      3.144      4.561    17.4768   998.7251 0.0000e+00
      3.218      0.044     3.5797     37.256     40.571  34.305507     4.1259      7.600   213.6182 3.3550e+01     1.8019      3.157      4.578    17.4200   998.7353 0.0000e+00
      3.229      0.042     3.4490     35.892     40.079  33.885672     4.1299      7.596   214.2714 3.3373e+01     1.8162      3.168      4.594    17.3812   998.7422 0.0000e+00
      3.238      0.043     3.4504     35.888     38.740  32.737219     4.1253      7.591   215.2862 3.3193e+01     1.8037      3.177      4.607    17.3403   998.7494 0.0000e+00
      3.246      0.048     3.5652     36.997     37.550  31.652439     4.1219      7.585   216.3374 3.3009e+01     1.7826      3.183      4.616    17.3011   998.7564 0.0000e+00
      3.255      0.054     3.7630     38.911     37.515  31.494465     4.1249      7.580   216.9147 3.2759e+01     1.7585      3.190      4.627    17.2617   998.7634 0.0000e+00
      3.269      0.060     4.0290     41.527     37.994  31.778982     4.1352      7.576   217.2756 3.2421e+01     1.7743      3.204      4.646    17.2673   998.7624 0.0000e+00
      3.289      0.065     4.3837     45.082     38.337  31.982940     4.1938      7.572   217.9483 3.2036e+01     1.8413      3.226      4.678    17.2906   998.7577 0.0000e+00
      3.311      0.068     4.8526     49.832     38.642  32.183559     4.2783      7.570   218.7678 3.1642e+01     1.9140      3.248      4.710    17.1674   998.7789 0.0000e+00
      3.332      0.068     5.4050     55.434     38.992  32.427707     4.3068      7.567   219.3535 3.1271e+01     1.9651      3.269      4.739    16.9614   998.8152 0.0000e+00
      3.349      0.066     5.9584     61.019     39.403  32.713749     4.3045      7.565   219.6958 3.1011e+01     2.0004      3.286      4.766    16.7990   998.8434 0.0000e+00
      3.362      0.061     6.4279     65.730     39.866  33.040087     4.3547      7.565   219.9810 3.0809e+01     2.0134      3.296      4.781    16.6946   998.8614 0.0000e+00
      3.375      0.057     6.7521     68.966     40.189  33.263705     4.4368      7.565   220.2210 3.0545e+01     1.9906      3.309      4.799    16.6358   998.8716 0.0000e+00
      3.390      0.054     6.8860     70.272     40.302  33.323179     4.4741      7.565   220.3598 3.0254e+01     1.9865      3.326      4.822    16.5877   998.8799 0.0000e+00
      3.404      0.052     6.8026     69.365     40.408  33.378355     4.4667      7.564   220.5417 2.9966e+01     2.0297      3.339      4.841    16.5095   998.8933 0.0000e+00
      3.418      0.052     6.5099     66.309     40.591  33.486554     4.3656      7.563   220.7854 2.9709e+01     2.2500      3.353      4.862    16.4257   998.9076 0.0000e+00
      3.431      0.051     6.0532     61.567     40.741  33.552453     4.1795      7.562   221.0693 2.9512e+01     2.6185      3.365      4.880    16.3763   998.9159 0.0000e+00
      3.442      0.051     5.5081     55.930     40.727  33.476954     4.0796      7.561   221.3933 2.9322e+01     2.8148      3.376      4.896    16.3347   998.9229 0.0000e+00
      3.455      0.052     4.9521     50.201     40.477  33.208268     4.0771      7.560   221.6051 2.9097e+01     2.8542      3.388      4.914    16.3031   998.9283 0.0000e+00
      3.468      0.054     4.4316     44.853     40.182  32.905716     4.0801      7.559   221.7373 2.8854e+01     2.8652      3.401      4.931    16.2531   998.9367 0.0000e+00
      3.482      0.056     3.9720     40.144     40.042  32.738047     4.0643      7.557   221.8731 2.8597e+01     2.8497      3.414      4.951    16.1765   998.9494 0.0000e+00
      3.497      0.058     3.5942     36.291     40.042  32.704027     4.0333      7.554   222.1282 2.8300e+01     2.8303      3.428      4.972    16.0925   998.9632 0.0000e+00
      3.513      0.058     3.3040     33.343     40.198  32.811652     4.0172      7.550   222.4996 2.7986e+01     2.7944      3.445      4.996    16.0159   998.9758 0.0000e+00
      3.529      0.058     3.0990     31.253     40.411  32.960453     4.0173      7.546   222.7500 2.7714e+01     2.8089      3.462      5.021    15.9419   998.9877 0.0000e+00
      3.543      0.057     2.9743     29.967     40.559  33.043511     3.9736      7.544   222.9190 2.7495e+01     2.9083      3.476      5.041    15.8634   999.0004 0.0000e+00
      3.557      0.055     2.9151     29.338     40.623  33.054304     3.8881      7.542   223.0791 2.7245e+01     3.0119      3.488      5.059    15.8260   999.0064 0.0000e+00
      3.571      0.052     2.9021     29.176     40.561  32.963973     3.8414      7.539   223.1371 2.6955e+01     3.0463      3.502      5.080    15.8139   999.0085 0.0000e+00
      3.585      0.050     2.9138     29.255     40.468  32.839749     3.8337      7.537   223.1039 2.6705e+01     3.0296      3.517      5.101    15.7837   999.0135 0.0000e+00
      3.597      0.050     2.9211     29.280     40.681  32.948440     3.8289      7.534   223.1086 2.6484e+01     3.0718      3.528      5.117    15.7327   999.0217 0.0000e+00
      3.608      0.050     2.9068     29.085     41.391  33.453045     3.8272      7.531   223.2797 2.6257e+01     3.1955      3.538      5.132    15.6774   999.0305 0.0000e+00
      3.620      0.050     2.8748     28.716     42.296  34.117549     3.8304      7.528   223.7102 2.5994e+01     3.2804      3.549      5.148    15.6357   999.0371 0.0000e+00
      3.633      0.051     2.8308     28.235     43.012  34.636310     3.8331      7.525   224.4415 2.5700e+01     3.2787      3.563      5.168    15.5816   999.0457 0.0000e+00
      3.647      0.054     2.7750     27.645     43.401  34.901800     3.8509      7.523   225.1533 2.5415e+01     3.2084      3.577      5.188    15.4943   999.0595 0.0000e+00
      3.661      0.056     2.6988     26.858     43.549  34.979190     3.8982      7.521   225.5183 2.5138e+01     3.1179      3.589      5.207    15.4056   999.0737 0.0000e+00
