Data/DataNotYetUploadedToEDI/Raw_CTD/RawDownloads/071520_ccr50.cnv
* Sea-Bird SBE19plus  Data File:
* FileName = C:\DATA\071720_fcr50_0001.hex
* Software version 2.8.0.119
* Temperature SN = 7809
* Conductivity SN = 7809
* System UpLoad Time = Jul 17 2020 12:20:49
* <ApplicationData>
* <Seaterm232>
# nquan = 16
# nvalues = 4752                        
# units = specified
# name 0 = depFM: Depth [fresh water, m]
# name 1 = dz/dtM: Descent Rate [m/s]
# name 2 = sbeox0ML/L: Oxygen, SBE 43 [ml/l]
# name 3 = sbeox0PS: Oxygen, SBE 43 [% saturation]
# name 4 = specc: Specific Conductance [uS/cm]
# name 5 = c0uS/cm: Conductivity [uS/cm]
# name 6 = flECO-AFL: Fluorescence, WET Labs ECO-AFL/FL [mg/m^3]
# name 7 = ph: pH
# name 8 = orp: Oxidation Reduction Potential [mV]
# name 9 = par/sat/log: PAR/Logarithmic, Satlantic
# name 10 = turbWETntu0: Turbidity, WET Labs ECO [NTU]
# name 11 = prdM: Pressure, Strain Gauge [db]
# name 12 = prdE: Pressure, Strain Gauge [psi]
# name 13 = tv290C: Temperature [ITS-90, deg C]
# name 14 = density00: Density [density, kg/m^3]
# name 15 = flag:  0.000e+00
# span 0 =     -0.423,     21.133       
# span 1 =     -0.288,      0.172       
# span 2 =     1.4258,     7.3779       
# span 3 =     17.806,    121.879       
# span 4 =     10.508,     99.510       
# span 5 =  11.277529,  98.497264       
# span 6 =    -2.6335,   259.8212       
# span 7 =      6.273,      8.645       
# span 8 = -1240.7455,   454.0789       
# span 9 = 1.2299e-01, 3.4948e+03       
# span 10 =    -0.8796,   604.8202      
# span 11 =     -0.417,     20.725      
# span 12 =     -0.606,     30.059      
# span 13 =     9.2304,    36.5630      
# span 14 =   993.5038,   999.9019      
# span 15 = 0.0000e+00, 0.0000e+00      
# interval = seconds: 0.25
# start_time = Jul 15 2020 00:29:33 [Instrument's time stamp, header]
# bad_flag = -9.990e-29
*END*
[from data line 4159]
      6.467     -0.034     2.9549     40.524     48.318  36.971800     0.2787      6.778   268.9167 2.0534e+01     3.5841      6.342      9.198    13.2307   999.3990 0.0000e+00
      6.457     -0.035     2.9575     40.552     48.293  36.959296     0.2932      6.777   268.9152 2.0645e+01     3.6644      6.331      9.183    13.2290   999.3992 0.0000e+00
      6.449     -0.036     2.9610     40.565     48.282  36.958047     0.3118      6.777   268.9016 2.0727e+01     3.7878      6.325      9.173    13.2373   999.3980 0.0000e+00
      6.443     -0.036     2.9680     40.580     48.275  36.956704     0.3313      6.778   268.9250 2.0842e+01     3.9089      6.319      9.166    13.2522   999.3961 0.0000e+00
      6.434     -0.035     2.9710     40.601     48.251  36.943066     0.3488      6.779   269.1114 2.1002e+01     3.9611      6.311      9.154    13.2564   999.3955 0.0000e+00
      6.423     -0.035     2.9725     40.616     48.211  36.920083     0.3425      6.779   269.3493 2.1166e+01     3.8693      6.298      9.134    13.2607   999.3948 0.0000e+00
      6.412     -0.035     2.9725     40.633     48.213  36.932679     0.3122      6.779   269.3923 2.1283e+01     3.6919      6.287      9.118    13.2719   999.3934 0.0000e+00
      6.404     -0.036     2.9726     40.648     48.246  36.968448     0.2876      6.779   269.2863 2.1348e+01     3.6020      6.279      9.107    13.2741   999.3931 0.0000e+00
      6.397     -0.038     2.9754     40.659     48.241  36.971793     0.2836      6.780   269.1872 2.1415e+01     3.6061      6.274      9.099    13.2764   999.3927 0.0000e+00
      6.390     -0.039     2.9746     40.651     48.235  36.973144     0.3116      6.781   269.1392 2.1550e+01     3.7068      6.269      9.092    13.2863   999.3914 0.0000e+00
      6.379     -0.040     2.9758     40.613     48.244  36.984785     0.3487      6.783   269.1372 2.1760e+01     3.8592      6.257      9.075    13.2979   999.3899 0.0000e+00
      6.366     -0.041     2.9760     40.588     48.247  36.985627     0.3512      6.785   269.1618 2.1962e+01     3.9031      6.242      9.054    13.3108   999.3881 0.0000e+00
      6.353     -0.041     2.9763     40.593     48.251  36.983318     0.3324      6.786   269.1790 2.2079e+01     3.8593      6.229      9.035    13.3165   999.3873 0.0000e+00
      6.343     -0.040     2.9770     40.601     48.219  36.956867     0.3400      6.786   269.2587 2.2137e+01     3.8103      6.220      9.022    13.3225   999.3865 0.0000e+00
      6.334     -0.038     2.9710     40.615     48.159  36.919657     0.3573      6.785   269.4379 2.2226e+01     3.7227      6.211      9.009    13.3318   999.3852 0.0000e+00
      6.326     -0.034     2.9691     40.652     48.124  36.914200     0.3517      6.785   269.5390 2.2354e+01     3.6240      6.203      8.997    13.3286   999.3856 0.0000e+00
      6.317     -0.032     2.9718     40.705     48.059  36.890911     0.3477      6.785   269.5345 2.2466e+01     3.5787      6.194      8.984    13.3183   999.3869 0.0000e+00
      6.309     -0.031     2.9719     40.769     47.949  36.828491     0.3949      6.785   269.6420 2.2545e+01     3.5864      6.186      8.972    13.3148   999.3873 0.0000e+00
      6.302     -0.030     2.9720     40.863     47.878  36.794139     0.4929      6.784   269.8061 2.2621e+01     3.6486      6.180      8.963    13.3231   999.3862 0.0000e+00
      6.294     -0.028     2.9729     40.948     47.848  36.792894     0.5512      6.782   269.7977 2.2696e+01     3.6785      6.173      8.953    13.3484   999.3828 0.0000e+00
      6.286     -0.028     2.9761     41.003     47.854  36.813465     0.5559      6.780   269.7980 2.2746e+01     3.6046      6.164      8.941    13.3803   999.3785 0.0000e+00
      6.279     -0.028     2.9770     41.062     47.899  36.852488     0.5594      6.777   269.8959 2.2795e+01     3.5455      6.157      8.931    13.4003   999.3758 0.0000e+00
      6.274     -0.029     2.9848     41.118     47.943  36.883945     0.5931      6.776   269.8629 2.2872e+01     3.5811      6.154      8.924    13.4203   999.3732 0.0000e+00
      6.268     -0.030     2.9905     41.182     47.939  36.876503     0.6591      6.775   269.8298 2.2965e+01     3.6229      6.147      8.915    13.4467   999.3697 0.0000e+00
      6.260     -0.031     2.9902     41.258     47.875  36.825966     0.6896      6.774   269.8400 2.3056e+01     3.6046      6.138      8.904    13.4663   999.3671 0.0000e+00
      6.250     -0.031     2.9965     41.316     47.807  36.780597     0.6755      6.773   269.8144 2.3160e+01     3.5668      6.130      8.890    13.4679   999.3669 0.0000e+00
      6.240     -0.031     2.9998     41.347     47.775  36.772205     0.6039      6.773   269.8643 2.3262e+01     3.5436      6.120      8.875    13.4624   999.3675 0.0000e+00
      6.232     -0.029     3.0044     41.395     47.768  36.787977     0.4906      6.773   269.9272 2.3338e+01     3.5639      6.111      8.863    13.4589   999.3679 0.0000e+00
      6.225     -0.026     3.0116     41.462     47.733  36.780937     0.4500      6.772   269.9717 2.3427e+01     3.6399      6.104      8.854    13.4538   999.3685 0.0000e+00
      6.218     -0.025     3.0160     41.497     47.676  36.750564     0.4562      6.770   269.9725 2.3497e+01     3.6726      6.097      8.842    13.4603   999.3677 0.0000e+00
      6.213     -0.025     3.0150     41.506     47.647  36.738069     0.4702      6.768   269.9370 2.3520e+01     3.6513      6.093      8.836    13.4791   999.3651 0.0000e+00
      6.210     -0.027     3.0160     41.521     47.663  36.756794     0.5139      6.766   270.0580 2.3571e+01     3.6573      6.092      8.834    13.5050   999.3616 0.0000e+00
      6.205     -0.029     3.0229     41.548     47.701  36.786581     0.5461      6.764   270.1451 2.3666e+01     3.6761      6.086      8.827    13.5277   999.3587 0.0000e+00
      6.196     -0.031     3.0233     41.568     47.698  36.780916     0.5542      6.764   270.2162 2.3796e+01     3.6729      6.077      8.814    13.5390   999.3571 0.0000e+00
      6.184     -0.031     3.0222     41.584     47.667  36.751757     0.4979      6.765   270.4013 2.3957e+01     3.6181      6.064      8.795    13.5505   999.3555 0.0000e+00
      6.173     -0.031     3.0227     41.624     47.665  36.751332     0.3900      6.767   270.4041 2.4067e+01     3.5974      6.052      8.778    13.5590   999.3542 0.0000e+00
      6.165     -0.029     3.0253     41.686     47.683  36.775768     0.3460      6.768   270.5085 2.4117e+01     3.6632      6.045      8.768    13.5573   999.3544 0.0000e+00
      6.160     -0.027     3.0276     41.754     47.695  36.793375     0.3579      6.768   270.8034 2.4151e+01     3.6922      6.041      8.761    13.5545   999.3548 0.0000e+00
      6.155     -0.026     3.0274     41.806     47.668  36.773843     0.3617      6.766   270.8719 2.4215e+01     3.7075      6.037      8.755    13.5450   999.3560 0.0000e+00
      6.150     -0.028     3.0312     41.813     47.609  36.730000     0.3537      6.765   270.7341 2.4307e+01     3.7798      6.031      8.748    13.5422   999.3564 0.0000e+00
      6.145     -0.031     3.0349     41.793     47.569  36.707510     0.3463      6.765   270.4282 2.4415e+01     3.8455      6.027      8.741    13.5614   999.3538 0.0000e+00
      6.137     -0.035     3.0391     41.788     47.525  36.692317     0.3589      6.766   270.1850 2.4579e+01     3.8844      6.020      8.731    13.5725   999.3523 0.0000e+00
      6.125     -0.039     3.0450     41.793     47.466  36.673246     0.4208      6.768   270.2029 2.4749e+01     3.8369      6.009      8.714    13.5691   999.3527 0.0000e+00
      6.112     -0.041     3.0447     41.804     47.425  36.667344     0.5122      6.768   270.2999 2.4910e+01     3.6837      5.994      8.693    13.5688   999.3526 0.0000e+00
      6.100     -0.043     3.0407     41.821     47.421  36.684448     0.5580      6.767   270.4116 2.5077e+01     3.5781      5.981      8.674    13.5760   999.3516 0.0000e+00
      6.090     -0.045     3.0401     41.835     47.416  36.689685     0.5554      6.767   270.4355 2.5239e+01     3.5895      5.972      8.662    13.5968   999.3488 0.0000e+00
      6.081     -0.046     3.0382     41.865     47.387  36.667221     0.5554      6.767   270.3304 2.5418e+01     3.6496      5.964      8.650    13.6279   999.3446 0.0000e+00
      6.070     -0.047     3.0366     41.925     47.391  36.666683     0.5588      6.767   270.1728 2.5623e+01     3.7208      5.953      8.635    13.6574   999.3406 0.0000e+00
      6.058     -0.050     3.0375     41.993     47.402  36.683175     0.5489      6.768   270.0786 2.5850e+01     3.7983      5.940      8.616    13.6792   999.3375 0.0000e+00
      6.043     -0.053     3.0366     42.037     47.366  36.676250     0.5405      6.768   270.1379 2.6082e+01     3.8316      5.926      8.595    13.6903   999.3359 0.0000e+00
      6.028     -0.055     3.0387     42.080     47.298  36.646437     0.5427      6.768   270.2024 2.6322e+01     3.8490      5.911      8.574    13.6871   999.3363 0.0000e+00
      6.014     -0.057     3.0439     42.163     47.272  36.640041     0.5381      6.768   270.0829 2.6541e+01     3.8368      5.897      8.553    13.6772   999.3375 0.0000e+00
      6.000     -0.059     3.0504     42.257     47.294  36.662398     0.5226      6.769   269.8119 2.6757e+01     3.7184      5.885      8.534    13.6837   999.3366 0.0000e+00
      5.985     -0.059     3.0506     42.316     47.294  36.662908     0.5085      6.772   269.6790 2.7021e+01     3.6190      5.871      8.515    13.7136   999.3325 0.0000e+00
      5.970     -0.060     3.0495     42.347     47.265  36.646204     0.4915      6.773   269.7662 2.7334e+01     3.5967      5.855      8.492    13.7407   999.3287 0.0000e+00
      5.953     -0.061     3.0563     42.374     47.250  36.650825     0.5169      6.774   270.0063 2.7646e+01     3.5858      5.838      8.467    13.7544   999.3268 0.0000e+00
      5.937     -0.062     3.0647     42.415     47.220  36.655337     0.5961      6.774   270.3450 2.7913e+01     3.5899      5.821      8.443    13.7587   999.3261 0.0000e+00
      5.922     -0.062     3.0683     42.472     47.160  36.637335     0.6382      6.774   270.4201 2.8161e+01     3.5777      5.808      8.423    13.7555   999.3266 0.0000e+00
      5.907     -0.061     3.0696     42.507     47.115  36.623580     0.6262      6.774   270.3122 2.8417e+01     3.5754      5.793      8.402    13.7579   999.3261 0.0000e+00
      5.891     -0.060     3.0706     42.512     47.085  36.615972     0.5747      6.773   270.3305 2.8707e+01     3.6648      5.777      8.378    13.7748   999.3237 0.0000e+00
      5.874     -0.059     3.0698     42.533     47.057  36.608834     0.5027      6.773   270.2977 2.9005e+01     3.8002      5.761      8.355    13.8091   999.3190 0.0000e+00
      5.859     -0.058     3.0743     42.583     47.026  36.600745     0.4802      6.773   270.2600 2.9237e+01     3.8733      5.744      8.332    13.8432   999.3142 0.0000e+00
      5.845     -0.055     3.0751     42.638     46.981  36.581657     0.4932      6.773   270.3040 2.9427e+01     3.8633      5.731      8.313    13.8650   999.3112 0.0000e+00
      5.832     -0.051     3.0726     42.698     46.944  36.568443     0.5257      6.773   270.3141 2.9657e+01     3.9198      5.720      8.296    13.8806   999.3090 0.0000e+00
      5.819     -0.047     3.0728     42.783     46.926  36.567920     0.5878      6.773   270.3823 2.9907e+01     4.0748      5.706      8.276    13.8942   999.3071 0.0000e+00
      5.806     -0.044     3.0765     42.879     46.924  36.575340     0.6148      6.773   270.6987 3.0123e+01     4.1579      5.693      8.256    13.9113   999.3045 0.0000e+00
      5.796     -0.044     3.0795     42.979     46.943  36.594717     0.6128      6.772   270.9555 3.0302e+01     4.1348      5.683      8.243    13.9297   999.3019 0.0000e+00
      5.787     -0.045     3.0810     43.067     46.959  36.611818     0.6216      6.770   270.9916 3.0464e+01     4.0705      5.676      8.232    13.9454   999.2998 0.0000e+00
      5.779     -0.048     3.0877     43.116     46.918  36.591728     0.6439      6.770   271.0492 3.0646e+01     3.9988      5.668      8.221    13.9611   999.2975 0.0000e+00
      5.767     -0.053     3.0933     43.140     46.826  36.542215     0.6828      6.773   270.9638 3.0907e+01     3.9207      5.658      8.206    13.9725   999.2959 0.0000e+00
      5.751     -0.057     3.1008     43.185     46.761  36.520875     0.7009      6.773   270.9058 3.1272e+01     3.8814      5.641      8.182    13.9741   999.2956 0.0000e+00
      5.733     -0.060     3.1085     43.264     46.726  36.524129     0.7011      6.771   270.8643 3.1667e+01     3.8666      5.622      8.155    13.9757   999.2953 0.0000e+00
      5.714     -0.060     3.1105     43.344     46.693  36.518129     0.7329      6.769   270.4617 3.2005e+01     3.8439      5.604      8.127    13.9886   999.2934 0.0000e+00
      5.698     -0.059     3.1090     43.434     46.669  36.511817     0.7890      6.769   270.0825 3.2271e+01     3.8823      5.586      8.101    14.0109   999.2902 0.0000e+00
      5.685     -0.056     3.1091     43.558     46.659  36.511283     0.8266      6.769   270.0649 3.2523e+01     3.9533      5.575      8.086    14.0461   999.2852 0.0000e+00
      5.674     -0.052     3.1143     43.688     46.662  36.511688     0.8348      6.768   270.1623 3.2811e+01     3.9471      5.565      8.072    14.0862   999.2796 0.0000e+00
      5.661     -0.050     3.1181     43.805     46.672  36.516709     0.7923      6.768   270.2275 3.3111e+01     3.8761      5.551      8.052    14.1044   999.2770 0.0000e+00
      5.647     -0.050     3.1225     43.921     46.655  36.508527     0.7139      6.768   270.2515 3.3387e+01     3.8505      5.538      8.032    14.1144   999.2755 0.0000e+00
      5.635     -0.052     3.1320     44.028     46.599  36.476226     0.6782      6.768   270.1945 3.3637e+01     3.8776      5.526      8.014    14.1278   999.2735 0.0000e+00
      5.623     -0.055     3.1425     44.124     46.541  36.443485     0.6951      6.769   270.0543 3.3912e+01     3.8947      5.513      7.998    14.1216   999.2743 0.0000e+00
      5.610     -0.058     3.1504     44.224     46.511  36.429985     0.7371      6.771   269.9332 3.4249e+01     3.8503      5.502      7.980    14.1124   999.2757 0.0000e+00
      5.595     -0.061     3.1589     44.316     46.505  36.439926     0.7841      6.771   269.9340 3.4632e+01     3.7878      5.488      7.959    14.1207   999.2744 0.0000e+00
      5.577     -0.064     3.1660     44.411     46.468  36.436775     0.8065      6.772   269.9782 3.5033e+01     3.7913      5.470      7.932    14.1346   999.2722 0.0000e+00
      5.559     -0.068     3.1702     44.531     46.378  36.391919     0.8169      6.774   269.9513 3.5435e+01     3.8242      5.451      7.905    14.1516   999.2698 0.0000e+00
      5.542     -0.070     3.1785     44.681     46.292  36.341840     0.8249      6.774   269.8673 3.5860e+01     3.8423      5.435      7.882    14.1573   999.2689 0.0000e+00
      5.525     -0.071     3.1836     44.875     46.271  36.338977     0.8172      6.775   269.8232 3.6370e+01     3.8388      5.420      7.860    14.1677   999.2674 0.0000e+00
      5.505     -0.071     3.1871     45.109     46.276  36.357313     0.8182      6.776   269.7615 3.6929e+01     3.8496      5.400      7.832    14.2036   999.2622 0.0000e+00
      5.485     -0.070     3.1939     45.357     46.277  36.373177     0.8280      6.776   269.8961 3.7444e+01     3.8704      5.379      7.801    14.2349   999.2576 0.0000e+00
      5.467     -0.069     3.2028     45.607     46.302  36.403877     0.8209      6.776   270.1603 3.7924e+01     3.8157      5.361      7.775    14.2514   999.2552 0.0000e+00
