Data/DataNotYetUploadedToEDI/Raw_CTD/RawDownloads/071520_ccr50.cnv
* Sea-Bird SBE19plus  Data File:
* FileName = C:\DATA\071720_fcr50_0001.hex
* Software version 2.8.0.119
* Temperature SN = 7809
* Conductivity SN = 7809
* System UpLoad Time = Jul 17 2020 12:20:49
* <ApplicationData>
* <Seaterm232>
# nquan = 16
# nvalues = 4752                        
# units = specified
# name 0 = depFM: Depth [fresh water, m]
# name 1 = dz/dtM: Descent Rate [m/s]
# name 2 = sbeox0ML/L: Oxygen, SBE 43 [ml/l]
# name 3 = sbeox0PS: Oxygen, SBE 43 [% saturation]
# name 4 = specc: Specific Conductance [uS/cm]
# name 5 = c0uS/cm: Conductivity [uS/cm]
# name 6 = flECO-AFL: Fluorescence, WET Labs ECO-AFL/FL [mg/m^3]
# name 7 = ph: pH
# name 8 = orp: Oxidation Reduction Potential [mV]
# name 9 = par/sat/log: PAR/Logarithmic, Satlantic
# name 10 = turbWETntu0: Turbidity, WET Labs ECO [NTU]
# name 11 = prdM: Pressure, Strain Gauge [db]
# name 12 = prdE: Pressure, Strain Gauge [psi]
# name 13 = tv290C: Temperature [ITS-90, deg C]
# name 14 = density00: Density [density, kg/m^3]
# name 15 = flag:  0.000e+00
# span 0 =     -0.423,     21.133       
# span 1 =     -0.288,      0.172       
# span 2 =     1.4258,     7.3779       
# span 3 =     17.806,    121.879       
# span 4 =     10.508,     99.510       
# span 5 =  11.277529,  98.497264       
# span 6 =    -2.6335,   259.8212       
# span 7 =      6.273,      8.645       
# span 8 = -1240.7455,   454.0789       
# span 9 = 1.2299e-01, 3.4948e+03       
# span 10 =    -0.8796,   604.8202      
# span 11 =     -0.417,     20.725      
# span 12 =     -0.606,     30.059      
# span 13 =     9.2304,    36.5630      
# span 14 =   993.5038,   999.9019      
# span 15 = 0.0000e+00, 0.0000e+00      
# interval = seconds: 0.25
# start_time = Jul 15 2020 00:29:33 [Instrument's time stamp, header]
# bad_flag = -9.990e-29
*END*
[from data line 4611]
      0.972     -0.056     5.3673     98.471     50.847  54.094886    -0.1525      6.855   257.0254 9.1142e+02     0.6065      0.956      1.387    28.1460   996.2213 0.0000e+00
      0.959     -0.056     5.3655     98.556     50.857  54.119125    -0.1685      6.864   257.4426 7.6521e+02     0.5500      0.942      1.366    28.1539   996.2190 0.0000e+00
      0.940     -0.057     5.3627     98.519     50.846  54.119029    -0.1621      6.872   258.0891 7.5600e+02     0.4800      0.921      1.335    28.1609   996.2168 0.0000e+00
      0.923     -0.060     5.3661     98.397     50.814  54.093739    -0.1513      6.877   258.5619 6.9615e+02     0.4464      0.904      1.311    28.1725   996.2134 0.0000e+00
      0.909     -0.064     5.3770     98.260     50.786  54.067416    -0.1528      6.882   258.0826 6.9516e+02     0.4521      0.891      1.292    28.1865   996.2094 0.0000e+00
      0.894     -0.066     5.3808     98.162     50.777  54.054828    -0.1801      6.888   257.4561 7.6411e+02     0.4802      0.878      1.273    28.2013   996.2051 0.0000e+00
      0.879     -0.068     5.3767     98.137     50.797  54.068564    -0.2150      6.889   257.1815 8.6362e+02     0.5464      0.863      1.251    28.2136   996.2016 0.0000e+00
      0.861     -0.069     5.3676     98.207     50.841  54.106454    -0.2214      6.880   256.8278 1.0110e+03     0.6001      0.845      1.226    28.2229   996.1988 0.0000e+00
      0.840     -0.069     5.3586     98.334     50.869  54.131860    -0.2192      6.867   256.7938 1.1940e+03     0.6146      0.824      1.197    28.2276   996.1973 0.0000e+00
      0.819     -0.067     5.3536     98.453     50.858  54.121675    -0.2457      6.856   256.8565 1.2019e+03     0.5503      0.802      1.163    28.2236   996.1984 0.0000e+00
      0.800     -0.065     5.3516     98.558     50.843  54.110346    -0.2752      6.849   256.5532 9.2265e+02     0.4393      0.782      1.135    28.2143   996.2009 0.0000e+00
      0.786     -0.062     5.3578     98.661     50.850  54.121912    -0.2796      6.848   256.1374 7.5028e+02     0.3722      0.769      1.115    28.2030   996.2041 0.0000e+00
      0.776     -0.057     5.3672     98.732     50.860  54.134502    -0.2704      6.852   255.7864 7.5394e+02     0.3569      0.762      1.105    28.1970   996.2058 0.0000e+00
      0.762     -0.052     5.3731     98.751     50.855  54.135541    -0.2783      6.855   255.7517 6.7954e+02     0.4261      0.750      1.086    28.2007   996.2048 0.0000e+00
      0.746     -0.047     5.3773     98.726     50.844  54.134488    -0.3182      6.855   255.8902 5.5686e+02     0.5565      0.731      1.059    28.2077   996.2026 0.0000e+00
      0.731     -0.045     5.3836     98.669     50.824  54.121792    -0.3517      6.850   255.8260 4.9366e+02     0.6289      0.715      1.037    28.2114   996.2015 0.0000e+00
      0.722     -0.045     5.3882     98.609     50.808  54.109080    -0.3596      6.846   255.6631 4.7417e+02     0.6145      0.706      1.025    28.2112   996.2015 0.0000e+00
      0.717     -0.046     5.3880     98.553     50.809  54.107822    -0.3469      6.847   255.4691 4.5467e+02     0.5205      0.704      1.022    28.2166   996.2000 0.0000e+00
      0.708     -0.047     5.3856     98.473     50.818  54.106573    -0.3124      6.856   255.2014 4.7253e+02     0.4184      0.696      1.011    28.2293   996.1963 0.0000e+00
      0.694     -0.050     5.3807     98.369     50.819  54.093968    -0.2861      6.867   255.0934 5.0224e+02     0.4106      0.681      0.988    28.2395   996.1933 0.0000e+00
      0.677     -0.055     5.3765     98.265     50.817  54.082421    -0.2859      6.878   255.1097 5.1646e+02     0.3919      0.664      0.963    28.2435   996.1920 0.0000e+00
      0.660     -0.057     5.3753     98.203     50.828  54.093969    -0.2904      6.889   254.9682 6.1764e+02     0.3296      0.647      0.939    28.2414   996.1926 0.0000e+00
      0.645     -0.057     5.3712     98.200     50.835  54.106566    -0.3033      6.900   254.8455 7.9377e+02     0.3101      0.632      0.916    28.2309   996.1955 0.0000e+00
      0.631     -0.055     5.3671     98.235     50.828  54.107710    -0.3273      6.907   254.8313 8.5247e+02     0.3277      0.618      0.896    28.2144   996.2002 0.0000e+00
      0.617     -0.051     5.3611     98.307     50.816  54.107822    -0.3421      6.912   254.7104 7.2614e+02     0.3705      0.606      0.878    28.2028   996.2034 0.0000e+00
      0.604     -0.049     5.3573     98.417     50.805  54.107936    -0.3491      6.915   254.4158 5.8897e+02     0.4146      0.593      0.860    28.2037   996.2031 0.0000e+00
      0.592     -0.047     5.3574     98.512     50.799  54.109101    -0.3445      6.915   254.1086 5.5283e+02     0.4491      0.580      0.842    28.2103   996.2012 0.0000e+00
      0.582     -0.047     5.3585     98.542     50.811  54.121928    -0.3250      6.918   253.9215 5.6813e+02     0.5132      0.570      0.828    28.2179   996.1990 0.0000e+00
      0.572     -0.046     5.3606     98.562     50.826  54.135996    -0.3036      6.925   253.8745 6.7413e+02     0.6059      0.563      0.817    28.2311   996.1952 0.0000e+00
      0.560     -0.043     5.3663     98.618     50.842  54.152163    -0.2870      6.932   253.7985 8.2399e+02     0.6434      0.550      0.798    28.2457   996.1909 0.0000e+00
      0.545     -0.037     5.3733     98.680     50.872  54.190376    -0.2768      6.937   253.6915 8.6301e+02     0.5545      0.533      0.773    28.2537   996.1886 0.0000e+00
      0.533     -0.030     5.3722     98.696     50.881  54.216953    -0.2850      6.937   253.7851 8.1239e+02     0.4234      0.521      0.756    28.2526   996.1889 0.0000e+00
      0.524     -0.022     5.3730     98.676     50.862  54.219470    -0.3004      6.930   253.9827 8.9501e+02     0.3629      0.511      0.742    28.2485   996.1899 0.0000e+00
      0.522     -0.013     5.3770     98.683     50.847  54.220841    -0.3003      6.915   254.1885 1.1284e+03     0.3734      0.510      0.740    28.2463   996.1906 0.0000e+00
      0.525     -0.007     5.3814     98.713     50.847  54.233571    -0.3222      6.896   254.2944 1.2560e+03     0.4127      0.515      0.748    28.2499   996.1896 0.0000e+00
      0.527     -0.002     5.3806     98.727     50.852  54.246370    -0.3745      6.883   254.1441 1.2584e+03     0.4258      0.517      0.750    28.2697   996.1840 0.0000e+00
      0.527      0.000     5.3745     98.727     50.848  54.248574    -0.4079      6.878   253.8344 1.3550e+03     0.3946      0.517      0.750    28.2955   996.1766 0.0000e+00
      0.526      0.000     5.3737     98.722     50.854  54.260225    -0.4210      6.883   253.6469 1.4435e+03     0.3451      0.515      0.748    28.3142   996.1711 0.0000e+00
      0.524     -0.001     5.3758     98.721     50.850  54.260235    -0.4278      6.895   253.6839 1.3733e+03     0.3071      0.514      0.745    28.3257   996.1679 0.0000e+00
      0.524     -0.001     5.3753     98.726     50.837  54.248696    -0.4236      6.911   253.7663 1.2687e+03     0.3133      0.514      0.745    28.3312   996.1662 0.0000e+00
      0.525     -0.000     5.3748     98.713     50.836  54.247741    -0.4175      6.926   253.7825 1.2103e+03     0.3851      0.515      0.747    28.3367   996.1647 0.0000e+00
      0.525 -4.689e-07     5.3738     98.703     50.838  54.248686    -0.4112      6.942   253.7067 1.3822e+03     0.4196      0.515      0.747    28.3432   996.1629 0.0000e+00
      0.526     -0.000     5.3727     98.733     50.849  54.260120    -0.4049      6.958   253.6249 1.5661e+03     0.3873      0.516      0.748    28.3478   996.1616 0.0000e+00
      0.526     -0.000     5.3743     98.785     50.846  54.258964    -0.4175      6.973   253.5680 1.4308e+03     0.3727      0.516      0.748    28.3486   996.1612 0.0000e+00
      0.525     -0.001     5.3729     98.810     50.820  54.234714    -0.4298      6.985   253.4490 1.2494e+03     0.3812      0.515      0.746    28.3485   996.1613 0.0000e+00
      0.524     -0.002     5.3712     98.806     50.804  54.220970    -0.4203      6.995   253.3899 1.3014e+03     0.4207      0.514      0.745    28.3482   996.1615 0.0000e+00
      0.524     -0.003     5.3735     98.824     50.802  54.219825    -0.4171      7.004   253.3707 1.4421e+03     0.4381      0.514      0.745    28.3465   996.1618 0.0000e+00
      0.524     -0.003     5.3775     98.861     50.802  54.220866    -0.4300      7.014   253.3023 1.4231e+03     0.3861      0.514      0.746    28.3479   996.1615 0.0000e+00
      0.523     -0.003     5.3789     98.870     50.815  54.233557    -0.4329      7.023   253.3376 1.4429e+03     0.3401      0.513      0.743    28.3524   996.1602 0.0000e+00
      0.521     -0.002     5.3759     98.834     50.829  54.246251    -0.4323      7.029   253.5386 1.4849e+03     0.3630      0.510      0.740    28.3568   996.1589 0.0000e+00
      0.519      0.001     5.3773     98.775     50.832  54.247312    -0.4421      7.032   253.8406 1.3322e+03     0.3889      0.509      0.738    28.3587   996.1583 0.0000e+00
      0.519      0.004     5.3809     98.747     50.834  54.246377    -0.4381      7.031   254.0629 1.2846e+03     0.3788      0.508      0.736    28.3579   996.1586 0.0000e+00
      0.519      0.006     5.3814     98.777     50.827  54.234944    -0.4209      7.025   253.9896 1.2848e+03     0.3430      0.508      0.738    28.3563   996.1591 0.0000e+00
      0.523      0.007     5.3798     98.847     50.830  54.236101    -0.4156      7.018   253.6433 1.1894e+03     0.2991      0.513      0.744    28.3544   996.1596 0.0000e+00
      0.528      0.007     5.3747     98.915     50.853  54.260362    -0.4213      7.013   253.4024 1.1811e+03     0.3290      0.519      0.752    28.3529   996.1600 0.0000e+00
      0.531      0.006     5.3734     98.925     50.865  54.274231    -0.4228      7.012   253.3999 1.1736e+03     0.4640      0.522      0.757    28.3502   996.1608 0.0000e+00
      0.531      0.004     5.3756     98.840     50.866  54.276751    -0.4151      7.013   253.3556 1.1574e+03     0.6280      0.522      0.756    28.3455   996.1622 0.0000e+00
      0.530      0.001     5.3806     98.698     50.876  54.290834    -0.4043      7.015   253.2116 1.2377e+03     0.6630      0.520      0.754    28.3430   996.1629 0.0000e+00
      0.529     -0.001     5.3854     98.564     50.894  54.317489    -0.4065      7.017   253.1204 1.3303e+03     0.5780      0.519      0.753    28.3434   996.1628 0.0000e+00
      0.529     -0.001     5.3870     98.432     50.911  54.344984    -0.4232      7.020   253.1136 1.2969e+03     0.4925      0.519      0.752    28.3439   996.1627 0.0000e+00
      0.530     -0.001     5.3816     98.305     50.928  54.369233    -0.4346      7.023   253.1301 1.2189e+03     0.4198      0.520      0.753    28.3442   996.1626 0.0000e+00
      0.530     -0.001     5.3709     98.247     50.913  54.356636    -0.4293      7.026   253.2336 1.2844e+03     0.3848      0.520      0.754    28.3471   996.1617 0.0000e+00
      0.529     -0.001     5.3644     98.302     50.878  54.319702    -0.4163      7.031   253.3325 1.3313e+03     0.3785      0.519      0.753    28.3553   996.1594 0.0000e+00
      0.528     -0.001     5.3561     98.453     50.865  54.303764    -0.4112      7.035   253.2930 1.2164e+03     0.3443      0.518      0.752    28.3666   996.1561 0.0000e+00
      0.527     -0.001     5.3467     98.623     50.856  54.290958    -0.4154      7.039   253.2726 1.0605e+03     0.3138      0.517      0.750    28.3736   996.1541 0.0000e+00
      0.527     -0.001     5.3425     98.714     50.861  54.291887    -0.4195      7.042   253.3440 9.6535e+02     0.3539      0.517      0.750    28.3759   996.1535 0.0000e+00
      0.528     -0.001     5.3455     98.696     50.886  54.314982    -0.4138      7.045   253.3820 1.0613e+03     0.4169      0.518      0.751    28.3772   996.1531 0.0000e+00
      0.529     -0.001     5.3558     98.626     50.890  54.316146    -0.4130      7.046   253.3878 1.2247e+03     0.4232      0.519      0.752    28.3745   996.1539 0.0000e+00
      0.529     -0.001     5.3678     98.561     50.882  54.305954    -0.4191      7.047   253.4134 1.2823e+03     0.4298      0.519      0.752    28.3689   996.1556 0.0000e+00
      0.528     -0.002     5.3740     98.541     50.892  54.318771    -0.4206      7.050   253.3482 1.2448e+03     0.4968      0.518      0.752    28.3654   996.1565 0.0000e+00
      0.527     -0.002     5.3712     98.606     50.912  54.344091    -0.4307      7.053   253.2874 1.2162e+03     0.5818      0.516      0.749    28.3626   996.1572 0.0000e+00
      0.526     -0.003     5.3667     98.760     50.918  54.358043    -0.4273      7.054   253.3664 1.2584e+03     0.6328      0.516      0.748    28.3598   996.1581 0.0000e+00
      0.525     -0.003     5.3631     98.935     50.913  54.360446    -0.3984      7.054   253.4436 1.1514e+03     0.5641      0.515      0.748    28.3570   996.1589 0.0000e+00
      0.524     -0.003     5.3606     99.028     50.919  54.373156    -0.3864      7.055   253.4458 8.9887e+02     0.4033      0.514      0.746    28.3574   996.1587 0.0000e+00
      0.524     -0.004     5.3636     99.027     50.926  54.384703    -0.4067      7.056   253.3932 6.7686e+02     0.3023      0.514      0.745    28.3638   996.1569 0.0000e+00
      0.523     -0.004     5.3723     98.981     50.913  54.373042    -0.4238      7.056   253.3232 4.9980e+02     0.3040      0.513      0.744    28.3713   996.1548 0.0000e+00
      0.522     -0.004     5.3843     98.889     50.900  54.359193    -0.4222      7.056   253.2881 4.0441e+02     0.3550      0.512      0.743    28.3788   996.1526 0.0000e+00
      0.521     -0.003     5.3887     98.735     50.889  54.344285    -0.4156      7.056   253.2269 3.5407e+02     0.4049      0.510      0.741    28.3859   996.1505 0.0000e+00
      0.518     -0.001     5.3860     98.547     50.871  54.319816    -0.4108      7.053   253.0995 3.1971e+02     0.4267      0.508      0.736    28.3902   996.1493 0.0000e+00
      0.517     -0.000     5.3843     98.400     50.873  54.317394    -0.4215      7.047   252.9533 3.1837e+02     0.4122      0.506      0.734    28.3916   996.1489 0.0000e+00
      0.518      0.001     5.3796     98.385     50.878  54.314989    -0.4392      7.037   252.9212 3.1980e+02     0.4014      0.507      0.735    28.3918   996.1488 0.0000e+00
      0.521      0.003     5.3709     98.479     50.864  54.290719    -0.4440      7.025   253.1416 3.1303e+02     0.3989      0.511      0.741    28.3894   996.1496 0.0000e+00
      0.522      0.003     5.3601     98.599     50.860  54.277998    -0.4315      6.995   253.0368 3.1840e+02     0.4162      0.514      0.745    28.3837   996.1512 0.0000e+00
      0.522     -0.001     5.3494     98.724     50.880  54.288193    -0.4127      6.944   252.2570 3.3072e+02     0.4734      0.512      0.742    28.3786   996.1526 0.0000e+00
      0.522     -0.008     5.3502     98.836     50.890  54.286947    -0.4073      6.902   251.5424 3.2406e+02     0.4734      0.510      0.740    28.3724   996.1544 0.0000e+00
      0.523     -0.014     5.3592     98.919     50.875  54.262917    -0.4143      6.889   251.3664 3.0416e+02     0.4161      0.515      0.747    28.3617   996.1575 0.0000e+00
      0.521     -0.014     5.3658     99.002     50.868  54.251683    -0.4212      6.896   251.6766 2.8265e+02     0.3978      0.515      0.748    28.3534   996.1599 0.0000e+00
      0.510     -0.007     5.3739     99.074     50.893  54.278148    -0.4232      6.914   252.2817 2.6935e+02     0.4234      0.501      0.727    28.3436   996.1627 0.0000e+00
      0.496      0.003     5.3825     99.089     50.935  54.328835    -0.4299      6.924   252.7466 2.6315e+02     0.4514      0.481      0.698    28.3291   996.1667 0.0000e+00
