Data/DataNotYetUploadedToEDI/Raw_CTD/RawDownloads/071618_fcr45.cnv
* Sea-Bird SBE19plus  Data File:
* FileName = C:\DATA\071618_fcr_0004.hex
* Software version 2.6.3.104
* Temperature SN = 7809
* Conductivity SN = 7809
* System UpLoad Time = Jul 16 2018 16:10:15
* <ApplicationData>
* <Seaterm232>
# nquan = 17
# nvalues = 829                         
# units = specified
# name 0 = depFM: Depth [fresh water, m]
# name 1 = tv290C: Temperature [ITS-90, deg C]
# name 2 = sbeox0Mg/L: Oxygen, SBE 43 [mg/l]
# name 3 = sbeox0PS: Oxygen, SBE 43 [% saturation]
# name 4 = c0uS/cm: Conductivity [uS/cm]
# name 5 = specc: Specific Conductance [uS/cm]
# name 6 = ph: pH
# name 7 = orp: Oxidation Reduction Potential [mV]
# name 8 = flECO-AFL: Fluorescence, WET Labs ECO-AFL/FL [mg/m^3]
# name 9 = turbWETntu0: Turbidity, WET Labs ECO [NTU]
# name 10 = sal00: Salinity, Practical [PSU]
# name 11 = dz/dtM: Descent Rate [m/s]
# name 12 = prdM: Pressure, Strain Gauge [db]
# name 13 = prdE: Pressure, Strain Gauge [psi]
# name 14 = scan: Scan Count
# name 15 = par/sat/log: PAR/Logarithmic, Satlantic
# name 16 = flag:  0.000e+00
# span 0 =     -0.540,      7.260       
# span 1 =    11.3117,    28.3246       
# span 2 =     1.4589,    15.2529       
# span 3 =     13.727,    180.821       
# span 4 =   0.864885,  38.746715       
# span 5 =      0.837,     48.224       
# span 6 =      6.197,      8.912       
# span 7 =  -386.7995,   314.3925       
# span 8 =    -2.1431,   258.1299       
# span 9 =    -4.6689,    38.3139       
# span 10 =     0.0126,     0.0252      
# span 11 =     -0.167,      0.211      
# span 12 =     -0.529,      7.118      
# span 13 =     -0.767,     10.325      
# span 14 =          1,        829      
# span 15 = 3.2319e-01, 3.0056e+03      
# span 16 = 0.0000e+00, 0.0000e+00      
# interval = seconds: 0.25
# start_time = Jul 16 2018 16:17:48 [Instrument's time stamp, header]
# bad_flag = -9.990e-29
*END*
[from data line 171]
      0.114    27.9694     7.5518     96.217  37.274465     35.166      8.572   176.5921     1.2616     0.7425     0.0245      0.077      0.108      0.156        172 8.3091e+02 0.0000e+00
      0.171    27.9661     8.0168    102.029  37.364475     35.271      8.567   176.9707     1.2293     0.7828     0.0245      0.105      0.163      0.235        173 5.0035e+02 0.0000e+00
      0.214    27.9613     8.5351    108.609  37.367494     35.272      8.566   176.8950     1.2293     0.7425     0.0245      0.134      0.204      0.295        174 6.9990e+02 0.0000e+00
      0.240    27.9579     9.0265    114.916  37.270708     35.169      8.570   176.5543     1.2131     0.7559     0.0245      0.155      0.230      0.332        175 5.5395e+02 0.0000e+00
      0.249    27.9519     9.4005    119.763  37.247646     35.172      8.579   175.9864     1.3627     0.8365     0.0245      0.161      0.241      0.349        176 6.6665e+02 0.0000e+00
      0.249    27.9454     9.6728    123.336  37.218239     35.122      8.584   175.9107     1.3587     0.7962     0.0245      0.152      0.244      0.354        177 6.0989e+02 0.0000e+00
      0.251    27.9427     9.8212    125.322  37.247989     35.178      8.589   175.7214     1.3708     0.6888     0.0245      0.128      0.245      0.356        178 7.4122e+02 0.0000e+00
      0.251    27.9438     9.8504    125.741  37.269945     35.183      8.595   176.0621     1.3708     0.8097     0.0245      0.094      0.244      0.354        179 6.6220e+02 0.0000e+00
      0.242    27.9411     9.7839    124.948  37.250236     35.185      8.599   175.5700     1.3587     0.8902     0.0245      0.055      0.243      0.352        180 9.2715e+02 0.0000e+00
      0.252    27.9089     9.6640    123.449  37.331837     35.237      8.602   176.5543     1.2172     0.8499     0.0245      0.028      0.249      0.361        181 1.1309e+03 0.0000e+00
      0.268    27.8405     9.5369    121.864  37.524316     35.449      8.598   176.9707     1.2455     0.8365     0.0246      0.016      0.259      0.376        182 7.5108e+02 0.0000e+00
      0.274    27.7803     9.4343    120.570  37.544587     35.471      8.597   179.0150     1.2455     0.7828     0.0246      0.013      0.260      0.378        183 1.0376e+03 0.0000e+00
      0.258    27.7703     9.3629    119.647  37.484589     35.464      8.594   181.6271     1.2374     0.8634     0.0246      0.010      0.237      0.344        184 1.2509e+03 0.0000e+00
      0.191    27.7974     9.3069    118.924  37.539692     35.559      8.594   178.4850     1.1565     0.6888     0.0246     -0.009      0.182      0.265        185 1.4006e+03 0.0000e+00
      0.109    27.8367     9.2879    118.683  37.624340     35.644      8.598   178.2578     1.2050     0.7828     0.0246     -0.045      0.113      0.165        186 2.0900e+03 0.0000e+00
      0.048    27.8853     9.2896    118.708  37.675855     35.679      8.601   178.6364     1.1767     0.8231     0.0246     -0.088      0.057      0.083        187 2.3273e+03 0.0000e+00
      0.018    27.9254     9.3044    118.913  37.742514     35.705      8.604   192.9843     1.1889     0.6888     0.0247     -0.124      0.024      0.034        188 2.2703e+03 0.0000e+00
      0.005    27.9488     9.3205    119.145  37.778648     35.725      8.603   194.6500     1.2374     0.3800     0.0247     -0.153      0.004      0.006        189 2.2805e+03 0.0000e+00
     -0.014    27.9715     9.3264    119.238  37.749505     35.644      8.602   188.5550     1.2293     0.3800     0.0247     -0.167     -0.009     -0.013        190 2.3293e+03 0.0000e+00
     -0.017    27.9887     9.3205    119.167  37.778761     35.683      8.602   191.6593     1.2374     0.4740     0.0247     -0.160     -0.016     -0.023        191 2.2928e+03 0.0000e+00
     -0.019    28.0048     9.3272    119.255  37.801547     35.666      8.601   182.4600     1.2131     0.4068     0.0247     -0.132     -0.020     -0.029        192 2.2236e+03 0.0000e+00
     -0.025    28.0138     9.3357    119.361  37.839781     35.709      8.603   184.2393     0.9745     0.6082     0.0247     -0.092     -0.024     -0.034        193 2.2773e+03 0.0000e+00
     -0.027    28.0085     9.3196    119.142  37.849813     35.697      8.604   196.8079     0.9786     0.5814     0.0247     -0.056     -0.027     -0.039        194 2.3429e+03 0.0000e+00
     -0.029    28.0050     9.3011    118.892  37.789054     35.638      8.605   200.1015     0.9745     0.6217     0.0247     -0.033     -0.029     -0.042        195 2.3396e+03 0.0000e+00
     -0.034    28.0055     9.2717    118.505  37.796749     35.642      8.607   197.7165     0.9826     0.5814     0.0247     -0.023     -0.032     -0.047        196 2.3328e+03 0.0000e+00
     -0.036    28.0078     9.2376    118.046  37.840238     35.697      8.610   199.5336     1.0029     0.7425     0.0247     -0.017     -0.033     -0.048        197 2.3444e+03 0.0000e+00
     -0.031    28.0153     9.2185    117.779  37.853576     35.696      8.613   201.9943     1.0473     0.7291     0.0247     -0.010     -0.030     -0.043        198 2.2971e+03 0.0000e+00
     -0.024    28.0275     9.2178    117.759  37.839469     35.695      8.616   197.3000     1.0433     0.7694     0.0247     -0.006     -0.025     -0.036        199 2.2837e+03 0.0000e+00
     -0.021    28.0356     9.2122    117.660  37.798470     35.637      8.618   198.0193     1.0554     0.8097     0.0247     -0.001     -0.022     -0.031        200 2.2248e+03 0.0000e+00
     -0.022    28.0379     9.2233    117.762  37.845276     35.682      8.619   198.2086     1.0676     0.7291     0.0247      0.003     -0.022     -0.031        201 1.6125e+03 0.0000e+00
     -0.023    28.0387     9.2409    117.936  37.840539     35.676      8.622   203.5844     1.1646     0.8634     0.0247      0.005     -0.023     -0.033        202 9.9234e+02 0.0000e+00
     -0.024    28.0371     9.2488    117.997  37.804361     35.622      8.623   207.0294     1.1686     0.8365     0.0247      0.006     -0.024     -0.035        203 1.5129e+03 0.0000e+00
     -0.024    28.0315     9.2655    118.189  37.890296     35.727      8.624   208.0515     1.1767     0.8231     0.0247      0.006     -0.024     -0.035        204 2.2009e+03 0.0000e+00
     -0.024    28.0253     9.2693    118.228  37.852237     35.675      8.626   209.3008     1.1848     0.8365     0.0247      0.004     -0.024     -0.034        205 2.2376e+03 0.0000e+00
     -0.023    28.0198     9.2634    118.152  37.792404     35.626      8.628   210.1337     1.1606     0.7828     0.0247      0.001     -0.023     -0.033        206 1.9533e+03 0.0000e+00
     -0.022    28.0088     9.2586    118.075  37.786795     35.631      8.629   210.6258     1.1767     0.7962     0.0247     -0.000     -0.022     -0.032        207 1.2681e+03 0.0000e+00
     -0.022    27.9979     9.2490    117.923  37.799899     35.634      8.630   211.2315     1.1727     0.8902     0.0247     -0.001     -0.022     -0.032        208 9.4925e+02 0.0000e+00
     -0.023    27.9914     9.2320    117.692  37.835421     35.694      8.633   211.8372     1.1444     0.8365     0.0247      0.000     -0.022     -0.032        209 1.4781e+03 0.0000e+00
     -0.022    27.9792     9.2175    117.502  37.801915     35.649      8.635   212.6701     1.1727     0.8365     0.0247      0.001     -0.022     -0.031        210 2.0409e+03 0.0000e+00
     -0.022    27.9598     9.2198    117.555  37.722959     35.600      8.634   211.9129     1.1767     0.8365     0.0247      0.001     -0.021     -0.031        211 2.2089e+03 0.0000e+00
     -0.021    27.9361     9.2381    117.841  37.696400     35.556      8.636   212.5944     1.1686     0.8365     0.0246      0.001     -0.021     -0.030        212 2.2188e+03 0.0000e+00
     -0.021    27.9171     9.2552    118.094  37.716332     35.622      8.635   213.2380     1.1727     0.8634     0.0247      0.001     -0.021     -0.030        213 2.2184e+03 0.0000e+00
     -0.021    27.9070     9.2570    118.133  37.698163     35.585      8.637   213.9951     1.1242     0.8097     0.0246      0.001     -0.021     -0.030        214 2.2197e+03 0.0000e+00
     -0.021    27.9022     9.2681    118.293  37.719020     35.651      8.637   214.1465     1.1201     0.8097     0.0247      0.001     -0.020     -0.029        215 2.2153e+03 0.0000e+00
     -0.020    27.9012     9.2858    118.506  37.749705     35.657      8.636   214.4872     1.0878     0.6351     0.0247      0.001     -0.020     -0.029        216 2.2076e+03 0.0000e+00
     -0.021    27.8937     9.3007    118.653  37.719304     35.661      8.638   214.4872     1.1242     0.8097     0.0247      0.001     -0.020     -0.029        217 2.2001e+03 0.0000e+00
     -0.021    27.8806     9.3028    118.645  37.697536     35.608      8.638   214.6387     1.0271     0.8768     0.0246      0.001     -0.020     -0.029        218 2.1905e+03 0.0000e+00
     -0.020    27.8727     9.2987    118.592  37.717475     35.666      8.638   214.9415     1.0392     0.7559     0.0247      0.001     -0.020     -0.028        219 2.1786e+03 0.0000e+00
     -0.020    27.8708     9.2887    118.442  37.694495     35.623      8.637   214.9415     1.0392     0.8097     0.0246      0.001     -0.020     -0.028        220 2.1640e+03 0.0000e+00
     -0.020    27.8827     9.2849    118.359  37.666820     35.627      8.641   214.9037     1.0231     0.7828     0.0246      0.000     -0.020     -0.029        221 2.1465e+03 0.0000e+00
     -0.021    27.9070     9.2772    118.282  37.692599     35.629      8.641   214.8658     1.0312     0.7157     0.0246      0.000     -0.020     -0.029        222 2.1301e+03 0.0000e+00
     -0.020    27.9234     9.2735    118.283  37.781056     35.727      8.639   215.5472     1.0514     0.8634     0.0247      0.000     -0.020     -0.029        223 2.1181e+03 0.0000e+00
     -0.021    27.9319     9.2817    118.423  37.734694     35.657      8.636   215.5094     1.0312     0.7962     0.0247     -0.000     -0.021     -0.030        224 2.1119e+03 0.0000e+00
     -0.022    27.9398     9.2933    118.585  37.690964     35.593      8.635   215.3958     1.0595     0.7962     0.0246     -0.001     -0.022     -0.031        225 2.1085e+03 0.0000e+00
     -0.022    27.9343     9.2994    118.656  37.776146     35.694      8.637   215.4715     1.0271     0.7828     0.0247     -0.001     -0.022     -0.032        226 2.0986e+03 0.0000e+00
     -0.022    27.9136     9.3026    118.654  37.688001     35.582      8.639   216.4937     1.0999     0.8902     0.0246     -0.001     -0.021     -0.031        227 2.0727e+03 0.0000e+00
     -0.021    27.8982     9.3053    118.619  37.622694     35.533      8.639   216.5694     1.1080     0.8634     0.0246     -0.001     -0.021     -0.031        228 2.0261e+03 0.0000e+00
     -0.022    27.8965     9.2993    118.482  37.679462     35.600      8.640   216.0015     1.1080     0.7157     0.0246     -0.001     -0.022     -0.032        229 1.9722e+03 0.0000e+00
     -0.024    27.8859     9.2900    118.322  37.676685     35.611      8.641   216.1151     1.1161     0.7962     0.0246     -0.001     -0.023     -0.034        230 1.9269e+03 0.0000e+00
     -0.024    27.8706     9.2881    118.251  37.685477     35.611      8.643   216.1908     1.0433     0.7828     0.0246     -0.002     -0.023     -0.034        231 1.9002e+03 0.0000e+00
     -0.022    27.8799     9.2776    118.071  37.727844     35.671      8.643   216.0015     1.0231     0.8634     0.0247     -0.001     -0.022     -0.033        232 1.8900e+03 0.0000e+00
     -0.022    27.9030     9.2627    117.852  37.742605     35.683      8.644   216.7208     1.0352     0.7425     0.0247     -0.001     -0.022     -0.032        233 1.8647e+03 0.0000e+00
     -0.023    27.9195     9.2585    117.822  37.785753     35.728      8.645   216.4937     1.0352     0.7694     0.0247     -0.001     -0.022     -0.032        234 1.7994e+03 0.0000e+00
     -0.023    27.9264     9.2522    117.778  37.792787     35.713      8.643   216.7208     1.1120     0.6888     0.0247     -0.001     -0.022     -0.032        235 1.7320e+03 0.0000e+00
     -0.023    27.9225     9.2534    117.808  37.733843     35.649      8.646   216.7208     1.1120     0.8365     0.0247     -0.000     -0.022     -0.031        236 1.6895e+03 0.0000e+00
     -0.021    27.9025     9.2710    118.043  37.740457     35.644      8.643   217.4022     1.1201     0.8097     0.0247      0.001     -0.021     -0.031        237 1.6409e+03 0.0000e+00
     -0.022    27.8694     9.2790    118.132  37.725231     35.647      8.645   216.9858     1.1242     0.7962     0.0247      0.001     -0.021     -0.031        238 1.6124e+03 0.0000e+00
     -0.021    27.8413     9.2953    118.294  37.693473     35.607      8.646   216.6451     1.1403     0.7828     0.0246      0.001     -0.021     -0.031        239 1.6301e+03 0.0000e+00
     -0.022    27.8208     9.3093    118.436  37.661347     35.630      8.646   217.5537     1.1727     0.7559     0.0246      0.001     -0.021     -0.031        240 1.6416e+03 0.0000e+00
     -0.023    27.7992     9.3213    118.533  37.646584     35.596      8.646   217.9701     1.1646     0.8097     0.0246      0.000     -0.022     -0.032        241 1.6614e+03 0.0000e+00
     -0.023    27.7763     9.3218    118.491  37.652540     35.662      8.646   217.5915     1.1484     0.7828     0.0246      0.000     -0.022     -0.032        242 1.7268e+03 0.0000e+00
     -0.022    27.7632     9.3165    118.428  37.564967     35.545      8.651   217.2508     1.2374     0.7828     0.0246      0.000     -0.022     -0.031        243 1.8009e+03 0.0000e+00
     -0.021    27.7737     9.3204    118.474  37.607276     35.640      8.649   216.9101     1.2333     0.7694     0.0246     -0.000     -0.022     -0.031        244 1.8498e+03 0.0000e+00
     -0.022    27.7909     9.3291    118.577  37.629556     35.649      8.652   217.0994     1.2172     0.7828     0.0246     -0.000     -0.022     -0.032        245 1.8861e+03 0.0000e+00
     -0.023    27.7984     9.3306    118.597  37.626226     35.641      8.650   217.6672     1.2293     0.8231     0.0246     -0.000     -0.023     -0.033        246 1.9233e+03 0.0000e+00
     -0.023    27.8035     9.3136    118.391  37.670738     35.683      8.651   218.6894     1.2374     0.7828     0.0246     -0.001     -0.023     -0.033        247 1.9536e+03 0.0000e+00
     -0.023    27.7966     9.2981    118.195  37.633476     35.625      8.655   217.8187     1.2616     0.7828     0.0246     -0.000     -0.023     -0.033        248 1.9841e+03 0.0000e+00
     -0.023    27.7762     9.2681    117.780  37.613273     35.622      8.651   219.2573     1.2455     0.6888     0.0246     -0.000     -0.023     -0.033        249 2.0022e+03 0.0000e+00
     -0.023    27.7580     9.2427    117.433  37.547576     35.546      8.652   219.0680     1.2293     0.8097     0.0246     -0.000     -0.023     -0.033        250 2.0021e+03 0.0000e+00
     -0.023    27.7317     9.2348    117.343  37.537276     35.561      8.651   218.9544     1.2495     0.7962     0.0246     -0.001     -0.022     -0.032        251 2.0037e+03 0.0000e+00
     -0.021    27.7099     9.2292    117.262  37.537119     35.572      8.653   219.2573     1.2657     0.5545     0.0246     -0.000     -0.021     -0.031        252 2.0089e+03 0.0000e+00
     -0.021    27.7104     9.2328    117.298  37.577442     35.617      8.651   219.2573     1.2253     0.5679     0.0246      0.001     -0.021     -0.031        253 2.0127e+03 0.0000e+00
     -0.022    27.7096     9.2373    117.370  37.605748     35.685      8.648   219.2573     1.2293     0.5948     0.0246      0.001     -0.022     -0.032        254 2.0161e+03 0.0000e+00
     -0.023    27.7058     9.2521    117.567  37.561223     35.604      8.650   220.6201     1.2010     0.6217     0.0246      0.001     -0.022     -0.032        255 2.0204e+03 0.0000e+00
