Data/DataNotYetUploadedToEDI/Raw_CTD/RawDownloads/071618_fcr30.cnv
* Sea-Bird SBE19plus  Data File:
* FileName = C:\DATA\071618_fcr_0003.hex
* Software version 2.6.3.104
* Temperature SN = 7809
* Conductivity SN = 7809
* System UpLoad Time = Jul 16 2018 16:09:49
* <ApplicationData>
* <Seaterm232>
# nquan = 17
# nvalues = 620                         
# units = specified
# name 0 = depFM: Depth [fresh water, m]
# name 1 = tv290C: Temperature [ITS-90, deg C]
# name 2 = sbeox0Mg/L: Oxygen, SBE 43 [mg/l]
# name 3 = sbeox0PS: Oxygen, SBE 43 [% saturation]
# name 4 = c0uS/cm: Conductivity [uS/cm]
# name 5 = specc: Specific Conductance [uS/cm]
# name 6 = ph: pH
# name 7 = orp: Oxidation Reduction Potential [mV]
# name 8 = flECO-AFL: Fluorescence, WET Labs ECO-AFL/FL [mg/m^3]
# name 9 = turbWETntu0: Turbidity, WET Labs ECO [NTU]
# name 10 = sal00: Salinity, Practical [PSU]
# name 11 = dz/dtM: Descent Rate [m/s]
# name 12 = prdM: Pressure, Strain Gauge [db]
# name 13 = prdE: Pressure, Strain Gauge [psi]
# name 14 = scan: Scan Count
# name 15 = par/sat/log: PAR/Logarithmic, Satlantic
# name 16 = flag:  0.000e+00
# span 0 =     -0.538,      5.341       
# span 1 =    11.4177,    27.9675       
# span 2 =    -0.1271,    14.8315       
# span 3 =     -1.209,    173.259       
# span 4 =   1.041889,  39.347891       
# span 5 =      1.003,     51.457       
# span 6 =      6.274,      8.746       
# span 7 =    74.6047,  1240.2295       
# span 8 =    -0.2547,    18.5320       
# span 9 =    -0.3586,    15.7147       
# span 10 =     0.0125,     0.0268      
# span 11 =     -0.220,      0.187      
# span 12 =     -0.527,      5.237      
# span 13 =     -0.764,      7.596      
# span 14 =          1,        620      
# span 15 = 4.5989e+00, 1.6293e+03      
# span 16 = 0.0000e+00, 0.0000e+00      
# interval = seconds: 0.25
# start_time = Jul 16 2018 16:01:54 [Instrument's time stamp, header]
# bad_flag = -9.990e-29
*END*
[from data line 86]
     -0.009    27.5942     6.7473     85.578  36.901733     35.069      8.578   147.4799     1.8278     0.8634     0.0243     -0.208     -0.000     -0.001         87 8.1898e+02 0.0000e+00
     -0.015    27.5925     6.6956     84.922  36.892150     35.071      8.573   147.2906     1.6256     0.3934     0.0243     -0.220     -0.011     -0.016         88 6.9845e+02 0.0000e+00
     -0.012    27.5914     6.6537     84.390  36.902319     35.073      8.561   148.5399     1.6337     0.4605     0.0243     -0.207     -0.011     -0.016         89 8.0614e+02 0.0000e+00
     -0.008    27.5906     6.6230     83.999  36.918738     35.100      8.535   149.0321     1.6498     0.2860     0.0244     -0.170     -0.009     -0.013         90 1.1485e+03 0.0000e+00
     -0.008    27.5901     6.5967     83.665  36.901377     35.074      8.529   149.1835     1.6498     0.5008     0.0243     -0.119     -0.009     -0.013         91 8.8570e+02 0.0000e+00
     -0.010    27.5894     6.5705     83.332  36.894266     35.075      8.528   149.1835     1.3223     0.7291     0.0243     -0.070     -0.009     -0.013         92 7.4613e+02 0.0000e+00
     -0.010    27.5886     6.5398     82.941  36.897929     35.075      8.526   149.9028     1.2980     0.7559     0.0243     -0.031     -0.009     -0.013         93 1.2863e+03 0.0000e+00
     -0.008    27.5879     6.5009     82.446  36.896820     35.076      8.530   149.7892     1.3102     0.7559     0.0243     -0.007     -0.008     -0.011         94 1.5340e+03 0.0000e+00
     -0.005    27.5870     6.4540     81.851  36.895647     35.076      8.532   149.7513     1.3142     0.8634     0.0243      0.002     -0.005     -0.008         95 1.5464e+03 0.0000e+00
     -0.003    27.5865     6.4009     81.177  36.869730     35.050      8.533   150.2813     1.2940     0.8231     0.0243      0.004     -0.003     -0.005         96 1.5712e+03 0.0000e+00
     -0.002    27.5860     6.3512     80.546  36.840094     35.024      8.534   151.0385     1.5407     1.2662     0.0243      0.004     -0.002     -0.003         97 1.5787e+03 0.0000e+00
     -0.002    27.5853     6.3017     79.917  36.843550     35.024      8.534   151.4171     1.4881     1.3065     0.0243      0.004     -0.002     -0.003         98 1.5749e+03 0.0000e+00
     -0.003    27.5847     6.2589     79.373  36.835771     35.025      8.533   151.3792     1.5204     1.3602     0.0243      0.004     -0.002     -0.003         99 1.5629e+03 0.0000e+00
     -0.001    27.5840     6.2207     78.889  36.849775     35.025      8.533   151.9471     1.5164     1.3065     0.0243      0.004     -0.001     -0.002        100 1.5635e+03 0.0000e+00
      0.001    27.5835     6.1876     78.468  36.855781     35.052      8.532   152.5149     1.6377     0.8499     0.0243      0.004      0.001      0.001        101 1.5590e+03 0.0000e+00
      0.002    27.5828     6.1620     78.142  36.798638     34.973      8.534   153.0828     1.6377     0.7828     0.0243      0.004      0.002      0.003        102 1.5608e+03 0.0000e+00
      0.003    27.5820     6.1297     77.732  36.831911     35.026      8.532   153.4992     1.6579     0.8097     0.0243      0.004      0.003      0.004        103 1.5495e+03 0.0000e+00
      0.003    27.5814     6.0974     77.321  36.844033     35.027      8.532   153.1206     1.6175     0.7425     0.0243      0.003      0.003      0.005        104 1.5477e+03 0.0000e+00
      0.004    27.5807     6.0600     76.847  36.783553     34.974      8.530   153.6506     1.6984     0.8365     0.0243      0.004      0.004      0.006        105 1.5315e+03 0.0000e+00
      0.005    27.5801     6.0206     76.346  36.788541     34.975      8.532   153.8021     1.7186     0.7559     0.0243      0.004      0.005      0.008        106 1.5408e+03 0.0000e+00
      0.008    27.5793     5.9834     75.874  36.808168     35.002      8.534   154.4456     1.6862     0.8499     0.0243      0.005      0.007      0.011        107 1.4590e+03 0.0000e+00
      0.009    27.5787     5.9586     75.558  36.788787     34.976      8.533   154.5592     1.7064     0.7559     0.0243      0.005      0.009      0.013        108 1.0532e+03 0.0000e+00
      0.009    27.5782     5.9253     75.134  36.783000     34.976      8.532   154.9378     1.5649     0.8499     0.0243      0.004      0.009      0.013        109 7.6010e+02 0.0000e+00
      0.009    27.5779     5.8895     74.679  36.785710     34.977      8.535   155.8464     1.5649     0.7962     0.0243      0.004      0.007      0.010        110 9.9716e+02 0.0000e+00
      0.003    27.5777     5.8612     74.320  36.785414     34.977      8.536   155.8464     1.5609     0.7828     0.0243      0.002      0.003      0.005        111 1.4016e+03 0.0000e+00
     -0.002    27.5771     5.8306     73.931  36.783368     34.977      8.535   155.8842     1.5609     0.8365     0.0243     -0.001      0.001      0.001        112 1.5275e+03 0.0000e+00
      0.002    27.5762     5.8040     73.593  36.758598     34.951      8.532   156.4899     1.4962     0.7962     0.0243     -0.003      0.004      0.005        113 1.3906e+03 0.0000e+00
      0.011    27.5756     5.7814     73.306  36.786581     34.978      8.533   156.5278     1.4881     0.7962     0.0243     -0.002      0.009      0.013        114 1.1087e+03 0.0000e+00
      0.015    27.5753     5.7553     72.973  36.778204     34.978      8.531   157.3985     1.5245     0.7694     0.0243      0.000      0.012      0.018        115 8.2592e+02 0.0000e+00
      0.013    27.5749     5.7283     72.630  36.739366     34.925      8.530   157.5121     1.4962     0.7425     0.0243      0.002      0.012      0.017        116 7.0400e+02 0.0000e+00
      0.008    27.5743     5.6968     72.230  36.775597     34.979      8.529   157.9664     1.5124     0.7962     0.0243      0.003      0.009      0.013        117 7.9036e+02 0.0000e+00
      0.007    27.5735     5.6695     71.882  36.762775     34.952      8.531   158.4585     1.5326     0.8231     0.0243      0.003      0.008      0.011        118 1.0049e+03 0.0000e+00
      0.008    27.5724     5.6387     71.490  36.725663     34.926      8.530   158.5342     1.5851     0.8365     0.0243      0.004      0.008      0.012        119 1.2077e+03 0.0000e+00
      0.010    27.5715     5.6053     71.066  36.673486     34.874      8.530   159.2535     1.5771     0.8499     0.0243      0.003      0.009      0.013        120 1.3570e+03 0.0000e+00
      0.010    27.5708     5.5794     70.737  36.679412     34.874      8.532   159.3292     1.5932     0.7828     0.0243      0.001      0.009      0.014        121 1.4465e+03 0.0000e+00
      0.010    27.5701     5.5586     70.473  36.718288     34.928      8.528   159.9728     1.4881     0.8634     0.0243     -0.002      0.009      0.014        122 1.5036e+03 0.0000e+00
      0.009    27.5697     5.5305     70.116  36.684424     34.875      8.530   160.4271     1.5366     0.8499     0.0243     -0.002      0.008      0.013        123 1.5435e+03 0.0000e+00
      0.008    27.5688     5.5108     69.866  36.721556     34.929      8.529   160.6921     1.5164     0.8097     0.0243     -0.001      0.008      0.012        124 1.5653e+03 0.0000e+00
      0.008    27.5678     5.4885     69.582  36.731399     34.929      8.529   161.0328     1.5043     0.7962     0.0243      0.000      0.009      0.013        125 1.5758e+03 0.0000e+00
      0.010    27.5671     5.4758     69.421  36.672176     34.877      8.530   161.2978     1.5164     0.7828     0.0243      0.000      0.009      0.013        126 1.5829e+03 0.0000e+00
      0.008    27.5662     5.4565     69.176  36.676620     34.877      8.528   161.8278     1.5204     0.7291     0.0243     -0.000      0.009      0.012        127 1.5859e+03 0.0000e+00
      0.008    27.5654     5.4374     68.933  36.725868     34.931      8.531   161.8657     1.5083     0.8634     0.0243     -0.001      0.009      0.012        128 1.5863e+03 0.0000e+00
      0.010    27.5644     5.4145     68.642  36.729525     34.932      8.532   162.1307     1.5124     0.8634     0.0243     -0.000      0.010      0.014        129 1.5887e+03 0.0000e+00
      0.011    27.5637     5.3933     68.372  36.731387     34.932      8.531   162.4335     1.5124     0.7828     0.0243      0.000      0.010      0.015        130 1.5912e+03 0.0000e+00
      0.010    27.5632     5.3737     68.124  36.664234     34.880      8.532   162.8878     1.4800     0.7962     0.0243      0.001      0.009      0.014        131 1.5926e+03 0.0000e+00
      0.009    27.5627     5.3504     67.827  36.605483     34.800      8.529   163.5314     1.5285     0.7559     0.0242      0.001      0.008      0.013        132 1.5928e+03 0.0000e+00
      0.008    27.5625     5.3282     67.545  36.656205     34.880      8.529   163.9478     1.5245     0.7828     0.0243      0.000      0.008      0.012        133 1.5964e+03 0.0000e+00
      0.009    27.5621     5.3040     67.238  36.690087     34.881      8.531   163.7585     1.5568     0.8097     0.0243     -0.000      0.009      0.013        134 1.6007e+03 0.0000e+00
      0.010    27.5615     5.2820     66.960  36.652295     34.881      8.532   164.5157     1.5528     0.7559     0.0243      0.000      0.010      0.014        135 1.6071e+03 0.0000e+00
      0.010    27.5610     5.2725     66.839  36.614262     34.801      8.531   164.4021     1.5730     0.7828     0.0242      0.000      0.010      0.014        136 1.6099e+03 0.0000e+00
      0.009    27.5605     5.2656     66.751  36.648443     34.882      8.528   164.8564     1.5811     0.8365     0.0243     -0.000      0.009      0.014        137 1.6117e+03 0.0000e+00
      0.010    27.5599     5.2519     66.577  36.609756     34.802      8.531   165.2728     1.5690     0.8365     0.0242     -0.000      0.009      0.014        138 1.6150e+03 0.0000e+00
      0.009    27.5591     5.2402     66.428  36.662406     34.882      8.531   165.6514     1.6013     0.7291     0.0243      0.000      0.009      0.013        139 1.6160e+03 0.0000e+00
      0.009    27.5587     5.2228     66.207  36.671899     34.883      8.531   165.8407     1.6296     0.8768     0.0243      0.001      0.008      0.012        140 1.6142e+03 0.0000e+00
      0.007    27.5583     5.2054     65.986  36.597942     34.803      8.529   165.6514     1.6377     0.7425     0.0242     -0.000      0.007      0.009        141 1.6107e+03 0.0000e+00
      0.005    27.5576     5.1945     65.848  36.665466     34.883      8.531   166.1814     1.6539     0.8902     0.0243     -0.002      0.006      0.008        142 1.6128e+03 0.0000e+00
      0.007    27.5571     5.1791     65.651  36.676845     34.884      8.528   166.1435     1.6458     0.7559     0.0243     -0.002      0.008      0.011        143 1.6157e+03 0.0000e+00
      0.012    27.5569     5.1528     65.317  36.583784     34.804      8.531   166.5600     1.6256     0.7694     0.0242     -0.001      0.011      0.016        144 1.6191e+03 0.0000e+00
      0.012    27.5575     5.1309     65.038  36.603325     34.805      8.528   167.0521     1.6256     0.8365     0.0242      0.001      0.011      0.016        145 1.6228e+03 0.0000e+00
      0.008    27.5575     5.1111     64.786  36.652526     34.885      8.528   167.3171     1.6094     0.8231     0.0243      0.001      0.008      0.012        146 1.6263e+03 0.0000e+00
      0.003    27.5570     5.0958     64.593  36.611531     34.804      8.527   167.3550     1.7105     0.7828     0.0242     -0.000      0.005      0.007        147 1.6290e+03 0.0000e+00
      0.004    27.5566     5.0775     64.360  36.654343     34.884      8.527   167.5064     1.7145     0.7962     0.0243     -0.001      0.005      0.007        148 1.6293e+03 0.0000e+00
      0.008    27.5558     5.0614     64.155  36.599248     34.805      8.530   167.8850     1.6903     0.8634     0.0242     -0.001      0.008      0.011        149 1.6286e+03 0.0000e+00
      0.010    27.5554     5.0463     63.963  36.591119     34.805      8.529   168.6043     1.6984     0.8097     0.0242     -0.000      0.010      0.014        150 1.6275e+03 0.0000e+00
      0.011    27.5549     5.0299     63.755  36.664458     34.885      8.527   168.9071     1.6539     0.8634     0.0243     -0.000      0.010      0.014        151 1.6264e+03 0.0000e+00
      0.009    27.5544     5.0185     63.610  36.626614     34.833      8.529   169.2857     1.6539     0.8097     0.0242     -0.001      0.008      0.012        152 1.6248e+03 0.0000e+00
      0.006    27.5539     5.0019     63.398  36.667875     34.886      8.529   169.4371     1.6377     0.8097     0.0243     -0.000      0.006      0.009        153 1.6232e+03 0.0000e+00
      0.005    27.5533     4.9870     63.209  36.672429     34.886      8.529   169.8535     1.6175     0.8097     0.0243      0.001      0.006      0.008        154 1.6160e+03 0.0000e+00
      0.007    27.5525     4.9720     63.019  36.591289     34.807      8.527   170.1185     1.7024     0.8231     0.0242      0.001      0.007      0.010        155 1.5962e+03 0.0000e+00
      0.008    27.5519     4.9556     62.810  36.590899     34.807      8.526   170.6485     1.7267     0.8634     0.0242     -0.000      0.008      0.012        156 1.5564e+03 0.0000e+00
      0.009    27.5514     4.9420     62.638  36.613596     34.834      8.527   170.6864     1.7064     0.8097     0.0242     -0.001      0.008      0.012        157 1.5084e+03 0.0000e+00
      0.009    27.5510     4.9354     62.555  36.592700     34.808      8.527   170.9893     1.7145     0.8499     0.0242     -0.001      0.008      0.012        158 1.4830e+03 0.0000e+00
      0.008    27.5505     4.9190     62.346  36.587243     34.809      8.528   171.4435     1.6943     0.9036     0.0242     -0.000      0.007      0.011        159 1.4848e+03 0.0000e+00
      0.007    27.5499     4.9109     62.244  36.590729     34.809      8.530   171.4435     1.6943     0.7828     0.0242      0.000      0.007      0.011        160 1.5027e+03 0.0000e+00
      0.008    27.5493     4.9009     62.117  36.529046     34.756      8.529   171.7843     1.6903     0.7559     0.0242      0.001      0.008      0.012        161 1.5227e+03 0.0000e+00
      0.008    27.5487     4.8897     61.975  36.545370     34.756      8.531   172.2385     1.6822     0.7425     0.0242      0.001      0.008      0.012        162 1.5278e+03 0.0000e+00
      0.008    27.5484     4.8771     61.816  36.659390     34.890      8.529   172.6550     1.6984     0.8097     0.0243      0.000      0.008      0.013        163 1.5197e+03 0.0000e+00
      0.010    27.5480     4.8683     61.704  36.594766     34.810      8.528   172.8821     1.6701     1.0514     0.0242      0.000      0.009      0.014        164 1.5093e+03 0.0000e+00
      0.010    27.5471     4.8593     61.590  36.536819     34.757      8.526   173.1850     1.7267     1.0648     0.0242      0.001      0.009      0.014        165 1.4989e+03 0.0000e+00
      0.009    27.5471     4.8464     61.425  36.583209     34.811      8.526   173.7528     1.7145     1.0379     0.0242      0.001      0.009      0.013        166 1.4809e+03 0.0000e+00
      0.009    27.5474     4.8424     61.375  36.596351     34.811      8.525   173.8286     1.6984     1.0111     0.0242      0.001      0.009      0.013        167 1.4681e+03 0.0000e+00
      0.009    27.5475     4.8257     61.163  36.609438     34.838      8.527   174.0178     1.6013     0.8499     0.0242      0.001      0.009      0.013        168 1.4601e+03 0.0000e+00
      0.009    27.5474     4.8130     61.003  36.596581     34.811      8.527   174.4343     1.6296     0.8231     0.0242      0.000      0.009      0.013        169 1.4351e+03 0.0000e+00
      0.010    27.5473     4.8050     60.902  36.582695     34.811      8.526   174.7750     1.6418     0.8499     0.0242      0.000      0.009      0.013        170 1.4134e+03 0.0000e+00
