Data/DataNotYetUploadedToEDI/Raw_CTD/RawDownloads/071618_fcr45.cnv
* Sea-Bird SBE19plus  Data File:
* FileName = C:\DATA\071618_fcr_0004.hex
* Software version 2.6.3.104
* Temperature SN = 7809
* Conductivity SN = 7809
* System UpLoad Time = Jul 16 2018 16:10:15
* <ApplicationData>
* <Seaterm232>
# nquan = 17
# nvalues = 829                         
# units = specified
# name 0 = depFM: Depth [fresh water, m]
# name 1 = tv290C: Temperature [ITS-90, deg C]
# name 2 = sbeox0Mg/L: Oxygen, SBE 43 [mg/l]
# name 3 = sbeox0PS: Oxygen, SBE 43 [% saturation]
# name 4 = c0uS/cm: Conductivity [uS/cm]
# name 5 = specc: Specific Conductance [uS/cm]
# name 6 = ph: pH
# name 7 = orp: Oxidation Reduction Potential [mV]
# name 8 = flECO-AFL: Fluorescence, WET Labs ECO-AFL/FL [mg/m^3]
# name 9 = turbWETntu0: Turbidity, WET Labs ECO [NTU]
# name 10 = sal00: Salinity, Practical [PSU]
# name 11 = dz/dtM: Descent Rate [m/s]
# name 12 = prdM: Pressure, Strain Gauge [db]
# name 13 = prdE: Pressure, Strain Gauge [psi]
# name 14 = scan: Scan Count
# name 15 = par/sat/log: PAR/Logarithmic, Satlantic
# name 16 = flag:  0.000e+00
# span 0 =     -0.540,      7.260       
# span 1 =    11.3117,    28.3246       
# span 2 =     1.4589,    15.2529       
# span 3 =     13.727,    180.821       
# span 4 =   0.864885,  38.746715       
# span 5 =      0.837,     48.224       
# span 6 =      6.197,      8.912       
# span 7 =  -386.7995,   314.3925       
# span 8 =    -2.1431,   258.1299       
# span 9 =    -4.6689,    38.3139       
# span 10 =     0.0126,     0.0252      
# span 11 =     -0.167,      0.211      
# span 12 =     -0.529,      7.118      
# span 13 =     -0.767,     10.325      
# span 14 =          1,        829      
# span 15 = 3.2319e-01, 3.0056e+03      
# span 16 = 0.0000e+00, 0.0000e+00      
# interval = seconds: 0.25
# start_time = Jul 16 2018 16:17:48 [Instrument's time stamp, header]
# bad_flag = -9.990e-29
*END*
[from data line 341]
      0.909    27.3132     9.3625    117.889  36.951860     35.296      8.527   212.4429     1.5528     0.7291     0.0244      0.059      0.892      1.293        342 6.6206e+02 0.0000e+00
      0.924    27.3042     9.3983    118.293  36.951605     35.306      8.523   213.8058     1.5447     0.7291     0.0244      0.058      0.906      1.314        343 6.5704e+02 0.0000e+00
      0.938    27.2993     9.3915    118.157  37.015495     35.368      8.520   212.8594     1.7428     0.8231     0.0244      0.057      0.920      1.335        344 6.5399e+02 0.0000e+00
      0.953    27.2908     9.3145    117.141  37.139292     35.508      8.517   210.4744     1.7752     0.8902     0.0244      0.056      0.938      1.360        345 6.4284e+02 0.0000e+00
      0.976    27.2775     9.1480    115.000  37.153462     35.511      8.515   212.5944     1.7388     0.8097     0.0245      0.058      0.959      1.391        346 6.2277e+02 0.0000e+00
      1.005    27.2630     8.9625    112.633  37.086844     35.463      8.502   214.9794     1.7388     0.6082     0.0244      0.063      0.984      1.427        347 6.0579e+02 0.0000e+00
      1.029    27.2483     8.8270    110.905  37.014583     35.392      8.486   216.9858     1.8803     0.8634     0.0244      0.071      1.006      1.460        348 5.9593e+02 0.0000e+00
      1.045    27.2334     8.7828    110.309  37.006118     35.402      8.478   218.1594     1.8925     0.7828     0.0244      0.076      1.025      1.486        349 5.8319e+02 0.0000e+00
      1.060    27.2176     8.8100    110.612  37.067727     35.465      8.473   216.1908     1.9086     0.8365     0.0244      0.079      1.040      1.508        350 5.6693e+02 0.0000e+00
      1.075    27.1994     8.8953    111.640  37.056558     35.475      8.475   218.6137     1.8682     0.7559     0.0244      0.079      1.054      1.528        351 5.6414e+02 0.0000e+00
      1.088    27.1789     9.0116    113.034  37.020026     35.432      8.478   218.5380     1.8965     0.7694     0.0244      0.077      1.067      1.547        352 5.5217e+02 0.0000e+00
      1.102    27.1568     9.1526    114.709  37.024220     35.472      8.481   218.5380     1.9288     0.8365     0.0244      0.072      1.080      1.566        353 5.2508e+02 0.0000e+00
      1.114    27.1332     9.3091    116.583  37.021688     35.459      8.489   217.6294     1.9612     0.8499     0.0244      0.065      1.092      1.583        354 5.3037e+02 0.0000e+00
      1.124    27.1100     9.4583    118.376  37.052848     35.527      8.492   219.3330     1.9572     0.8634     0.0244      0.057      1.102      1.598        355 5.3935e+02 0.0000e+00
      1.134    27.0872     9.5868    119.918  37.015114     35.490      8.497   219.4465     1.9450     0.7694     0.0244      0.052      1.112      1.613        356 5.3882e+02 0.0000e+00
      1.146    27.0703     9.6961    121.231  36.950020     35.452      8.507   218.5001     2.0866     1.0111     0.0244      0.049      1.125      1.631        357 5.3708e+02 0.0000e+00
      1.161    27.0566     9.7595    121.980  37.044889     35.548      8.509   218.6137     2.0299     1.0111     0.0244      0.048      1.140      1.654        358 5.2578e+02 0.0000e+00
      1.182    27.0371     9.8157    122.647  37.045361     35.587      8.510   218.0458     2.0866     1.0782     0.0244      0.049      1.158      1.679        359 5.1340e+02 0.0000e+00
      1.197    27.0168     9.8885    123.521  36.919782     35.434      8.509   217.1372     2.0866     1.0379     0.0244      0.052      1.173      1.702        360 5.0541e+02 0.0000e+00
      1.211    26.9960    10.0296    125.247  36.934241     35.502      8.505   218.1594     2.2645     0.7828     0.0244      0.054      1.188      1.723        361 5.0435e+02 0.0000e+00
      1.226    26.9630    10.2602    128.100  36.908739     35.462      8.499   218.0458     2.2604     0.7962     0.0244      0.057      1.203      1.745        362 4.9393e+02 0.0000e+00
      1.243    26.9185    10.5552    131.771  36.832893     35.422      8.486   217.4022     2.2766     0.8634     0.0243      0.060      1.219      1.768        363 4.7979e+02 0.0000e+00
      1.260    26.8765    10.8072    134.893  36.880344     35.471      8.465   218.6137     2.2685     0.8097     0.0244      0.063      1.236      1.792        364 4.7261e+02 0.0000e+00
      1.276    26.8408    10.9499    136.632  36.938680     35.583      8.452   216.8344     2.2604     0.7828     0.0244      0.063      1.251      1.815        365 4.6103e+02 0.0000e+00
      1.292    26.8099    10.9804    136.991  36.908614     35.558      8.448   219.2951     2.2645     0.8097     0.0244      0.063      1.265      1.835        366 4.4641e+02 0.0000e+00
      1.303    26.7850    10.9173    136.242  36.947443     35.636      8.450   217.8187     2.2847     0.7828     0.0244      0.061      1.277      1.852        367 4.4393e+02 0.0000e+00
      1.312    26.7654    10.7950    134.724  37.068334     35.765      8.449   219.3708     2.3090     0.8231     0.0244      0.059      1.286      1.866        368 4.4221e+02 0.0000e+00
      1.321    26.7489    10.6357    132.752  37.143758     35.864      8.452   218.5380     2.4869     0.8097     0.0245      0.055      1.295      1.879        369 4.3703e+02 0.0000e+00
      1.330    26.7330    10.4830    130.788  37.209509     35.931      8.450   219.2194     2.4869     0.7291     0.0245      0.051      1.304      1.892        370 4.3424e+02 0.0000e+00
      1.338    26.7169    10.3851    129.441  37.253457     35.997      8.452   218.4623     2.4667     0.8902     0.0245      0.046      1.313      1.904        371 4.3109e+02 0.0000e+00
      1.346    26.7056    10.3628    128.981  37.267034     36.008      8.455   218.1973     2.4788     0.8902     0.0245      0.041      1.321      1.915        372 4.2660e+02 0.0000e+00
      1.355    26.6998    10.4597    129.980  37.192621     35.965      8.458   219.8251     2.6001     0.8231     0.0245      0.037      1.329      1.927        373 4.1681e+02 0.0000e+00
      1.365    26.6909    10.6465    132.136  37.079132     35.838      8.464   218.1594     2.6203     0.7694     0.0244      0.035      1.339      1.942        374 4.0575e+02 0.0000e+00
      1.376    26.6725    10.8747    134.855  37.082018     35.868      8.465   219.9008     2.5799     0.8097     0.0244      0.035      1.348      1.956        375 3.9541e+02 0.0000e+00
      1.383    26.6663    11.1625    138.334  37.070394     35.848      8.461   221.4530     2.5799     0.7828     0.0244      0.035      1.356      1.967        376 3.9280e+02 0.0000e+00
      1.389    26.6779    11.4670    142.032  37.063943     35.860      8.463   219.8251     2.5920     0.7559     0.0244      0.034      1.363      1.978        377 3.9081e+02 0.0000e+00
      1.399    26.6851    11.7449    145.409  37.060394     35.866      8.468   218.7651     2.7295     1.0648     0.0244      0.034      1.375      1.995        378 3.8619e+02 0.0000e+00
      1.418    26.6882    12.0050    148.549  37.074814     35.855      8.466   219.8630     2.7012     0.9976     0.0244      0.037      1.393      2.021        379 3.8050e+02 0.0000e+00
      1.445    26.6656    12.2044    150.915  37.194293     35.988      8.469   219.3330     2.7457     0.9842     0.0245      0.044      1.418      2.056        380 3.6677e+02 0.0000e+00
      1.474    26.6110    12.3851    153.051  37.208299     35.983      8.492   215.2065     2.7416     1.0111     0.0245      0.053      1.443      2.094        381 3.5637e+02 0.0000e+00
      1.498    26.5336    12.5459    154.942  37.205684     36.001      8.501   214.9415     3.0004     1.1051     0.0245      0.064      1.467      2.129        382 3.4930e+02 0.0000e+00
      1.518    26.4454    12.6663    156.330  37.375520     36.200      8.509   214.6008     3.0004     1.0245     0.0246      0.074      1.486      2.155        383 3.4236e+02 0.0000e+00
      1.529    26.3762    12.7583    157.370  37.412211     36.310      8.517   214.0708     2.9721     0.9574     0.0246      0.080      1.499      2.174        384 3.3517e+02 0.0000e+00
      1.539    26.3296    12.8391    158.260  37.219382     36.155      8.528   213.7680     2.9923     0.9708     0.0245      0.081      1.509      2.189        385 3.3197e+02 0.0000e+00
      1.550    26.2936    12.9365    159.317  37.200292     36.204      8.543   213.3515     2.9842     1.0514     0.0245      0.077      1.519      2.203        386 3.2981e+02 0.0000e+00
      1.559    26.2643    13.0388    160.385  37.258041     36.291      8.550   213.0487     2.9802     0.9976     0.0245      0.068      1.528      2.216        387 3.2440e+02 0.0000e+00
      1.566    26.2397    13.1086    161.019  37.147538     36.207      8.563   213.0865     2.9964     0.9574     0.0245      0.056      1.537      2.228        388 3.2159e+02 0.0000e+00
      1.575    26.2093    13.1607    161.434  36.952252     36.037      8.580   213.3137     3.0085     0.9305     0.0244      0.047      1.546      2.242        389 3.1814e+02 0.0000e+00
      1.589    26.1725    13.2204    161.955  36.848574     35.945      8.587   212.8972     3.8981     0.9574     0.0244      0.041      1.558      2.260        390 3.1288e+02 0.0000e+00
      1.602    26.1373    13.3245    163.023  36.979982     36.103      8.596   212.9729     3.8941     1.0514     0.0244      0.039      1.570      2.278        391 3.0987e+02 0.0000e+00
      1.613    26.1030    13.4234    164.012  37.055669     36.211      8.606   213.2001     3.8738     1.0379     0.0245      0.040      1.581      2.294        392 3.0745e+02 0.0000e+00
      1.623    26.0681    13.5147    164.926  36.962018     36.127      8.619   212.3294     3.8981     1.0782     0.0244      0.041      1.591      2.309        393 3.0336e+02 0.0000e+00
      1.634    26.0347    13.6101    165.886  36.888930     36.096      8.631   212.2915     4.7998     1.2125     0.0244      0.042      1.601      2.324        394 3.0120e+02 0.0000e+00
      1.643    25.9973    13.7121    166.960  36.790729     36.012      8.643   211.9887     4.8403     1.2393     0.0243      0.043      1.613      2.340        395 2.9771e+02 0.0000e+00
      1.660    25.9476    13.8186    168.222  36.846969     36.090      8.650   212.4808     4.8645     1.2662     0.0244      0.045      1.631      2.365        396 2.9137e+02 0.0000e+00
      1.687    25.8819    13.9239    169.499  36.848618     36.143      8.665   212.7837     4.8281     1.2125     0.0244      0.050      1.654      2.398        397 2.8604e+02 0.0000e+00
      1.712    25.8059    14.0231    170.610  36.610742     35.904      8.675   213.0487     4.8403     1.1856     0.0243      0.056      1.677      2.432        398 2.8326e+02 0.0000e+00
      1.730    25.7294    14.0686    171.053  36.401546     35.786      8.687   212.7837     5.1031     1.1856     0.0242      0.063      1.695      2.459        399 2.8053e+02 0.0000e+00
      1.745    25.6583    14.0849    171.107  36.278538     35.675      8.709   212.7458     5.0829     1.2393     0.0241      0.069      1.710      2.481        400 2.7657e+02 0.0000e+00
      1.758    25.5879    14.0870    170.872  36.230003     35.729      8.730   212.6701     5.0910     1.2259     0.0241      0.072      1.724      2.500        401 2.7384e+02 0.0000e+00
      1.772    25.5153    14.0916    170.596  36.076423     35.586      8.750   212.2915     5.0869     1.1856     0.0241      0.073      1.737      2.520        402 2.7189e+02 0.0000e+00
      1.786    25.4479    14.1126    170.445  35.906190     35.497      8.771   211.2315     5.2689     1.4408     0.0240      0.071      1.751      2.540        403 2.6950e+02 0.0000e+00
      1.800    25.3807    14.1594    170.636  35.789407     35.410      8.787   210.9665     5.2689     1.4139     0.0240      0.066      1.764      2.558        404 2.6788e+02 0.0000e+00
      1.811    25.3270    14.2450    171.347  35.628631     35.319      8.797   211.0801     5.2649     1.5348     0.0239      0.059      1.773      2.572        405 2.6749e+02 0.0000e+00
      1.814    25.3146    14.3671    172.501  35.602122     35.310      8.803   210.6637     5.2770     1.4139     0.0239      0.051      1.777      2.577        406 2.6733e+02 0.0000e+00
      1.811    25.3118    14.5220    174.076  35.703797     35.488      8.812   209.6037     5.5156     1.3736     0.0239      0.043      1.780      2.582        407 2.6599e+02 0.0000e+00
      1.821    25.2820    14.6805    175.713  35.709726     35.468      8.830   209.1494     5.5075     1.4676     0.0239      0.038      1.790      2.595        408 2.6527e+02 0.0000e+00
      1.841    25.2470    14.8200    177.096  35.565095     35.358      8.838   209.5279     5.5236     1.4139     0.0239      0.036      1.806      2.619        409 2.6412e+02 0.0000e+00
      1.859    25.1999    14.9350    178.188  35.379614     35.157      8.844   209.7172     5.5236     1.5079     0.0238      0.037      1.823      2.644        410 2.5925e+02 0.0000e+00
      1.875    25.1186    15.0146    178.941  35.347416     35.182      8.851   209.9065     6.4941     1.4139     0.0238      0.039      1.839      2.669        411 2.5402e+02 0.0000e+00
      1.893    25.0114    15.0822    179.619  35.160323     35.019      8.857   209.8308     6.4658     1.4408     0.0237      0.045      1.859      2.697        412 2.4913e+02 0.0000e+00
      1.920    24.8844    15.1313    180.068  34.841389     34.743      8.857   210.2472     6.4658     1.3871     0.0236      0.055      1.882      2.731        413 2.4471e+02 0.0000e+00
      1.947    24.7654    15.1737    180.362  34.706368     34.704      8.861   210.8908     6.4699     1.4408     0.0235      0.068      1.907      2.765        414 2.4208e+02 0.0000e+00
      1.965    24.6640    15.2053    180.525  34.586988     34.654      8.866   210.2472     6.2717     1.4810     0.0235      0.077      1.927      2.795        415 2.3743e+02 0.0000e+00
      1.985    24.5660    15.2276    180.643  34.456199     34.624      8.873   210.4744     6.3162     1.4676     0.0234      0.082      1.946      2.821        416 2.3361e+02 0.0000e+00
      2.001    24.4778    15.2529    180.820  34.365033     34.582      8.879   210.3987     6.2677     1.3468     0.0234      0.082      1.961      2.845        417 2.3230e+02 0.0000e+00
      2.014    24.3970    15.2413    180.821  34.285310     34.594      8.885   210.2851     6.2677     1.3333     0.0234      0.080      1.975      2.865        418 2.2875e+02 0.0000e+00
      2.028    24.3100    15.2210    180.574  34.229245     34.571      8.892   209.9822     6.2596     1.4676     0.0233      0.077      1.990      2.886        419 2.2442e+02 0.0000e+00
      2.046    24.2258    15.2241    180.116  34.167943     34.599      8.897   210.1715     6.6640     1.4945     0.0233      0.072      2.004      2.906        420 2.2181e+02 0.0000e+00
      2.056    24.1667    15.2087    179.301  34.005771     34.462      8.898   210.0201     6.6599     1.4676     0.0233      0.065      2.014      2.921        421 2.2226e+02 0.0000e+00
      2.058    24.1278    15.1434    178.128  33.986273     34.521      8.894   210.2472     6.6397     1.4676     0.0233      0.057      2.020      2.929        422 2.2221e+02 0.0000e+00
      2.064    24.0876    15.0901    177.259  34.043966     34.620      8.896   210.1337     6.6599     1.4139     0.0233      0.050      2.026      2.938        423 2.1937e+02 0.0000e+00
      2.075    24.0244    15.0609    176.569  33.934001     34.533      8.903   209.8308     7.0966     1.6556     0.0232      0.044      2.035      2.951        424 2.1645e+02 0.0000e+00
      2.086    23.9643    15.0527    175.850  33.826590     34.447      8.904   209.8308     7.1007     1.6959     0.0232      0.040      2.045      2.965        425 2.1437e+02 0.0000e+00
