Data/DataNotYetUploadedToEDI/Raw_CTD/RawDownloads/071618_fcr30.cnv
* Sea-Bird SBE19plus  Data File:
* FileName = C:\DATA\071618_fcr_0003.hex
* Software version 2.6.3.104
* Temperature SN = 7809
* Conductivity SN = 7809
* System UpLoad Time = Jul 16 2018 16:09:49
* <ApplicationData>
* <Seaterm232>
# nquan = 17
# nvalues = 620                         
# units = specified
# name 0 = depFM: Depth [fresh water, m]
# name 1 = tv290C: Temperature [ITS-90, deg C]
# name 2 = sbeox0Mg/L: Oxygen, SBE 43 [mg/l]
# name 3 = sbeox0PS: Oxygen, SBE 43 [% saturation]
# name 4 = c0uS/cm: Conductivity [uS/cm]
# name 5 = specc: Specific Conductance [uS/cm]
# name 6 = ph: pH
# name 7 = orp: Oxidation Reduction Potential [mV]
# name 8 = flECO-AFL: Fluorescence, WET Labs ECO-AFL/FL [mg/m^3]
# name 9 = turbWETntu0: Turbidity, WET Labs ECO [NTU]
# name 10 = sal00: Salinity, Practical [PSU]
# name 11 = dz/dtM: Descent Rate [m/s]
# name 12 = prdM: Pressure, Strain Gauge [db]
# name 13 = prdE: Pressure, Strain Gauge [psi]
# name 14 = scan: Scan Count
# name 15 = par/sat/log: PAR/Logarithmic, Satlantic
# name 16 = flag:  0.000e+00
# span 0 =     -0.538,      5.341       
# span 1 =    11.4177,    27.9675       
# span 2 =    -0.1271,    14.8315       
# span 3 =     -1.209,    173.259       
# span 4 =   1.041889,  39.347891       
# span 5 =      1.003,     51.457       
# span 6 =      6.274,      8.746       
# span 7 =    74.6047,  1240.2295       
# span 8 =    -0.2547,    18.5320       
# span 9 =    -0.3586,    15.7147       
# span 10 =     0.0125,     0.0268      
# span 11 =     -0.220,      0.187      
# span 12 =     -0.527,      5.237      
# span 13 =     -0.764,      7.596      
# span 14 =          1,        620      
# span 15 = 4.5989e+00, 1.6293e+03      
# span 16 = 0.0000e+00, 0.0000e+00      
# interval = seconds: 0.25
# start_time = Jul 16 2018 16:01:54 [Instrument's time stamp, header]
# bad_flag = -9.990e-29
*END*
[from data line 511]
      4.309    12.3796     2.8719     26.827  36.371839     48.563      6.475   267.0331     3.5665     3.6027     0.0253      0.047      4.226      6.129        512 2.1775e+01 0.0000e+00
      4.316    12.3613     2.9010     27.096  36.308275     48.530      6.468   266.9195     3.6029     3.4550     0.0252      0.043      4.233      6.139        513 2.1661e+01 0.0000e+00
      4.324    12.3547     2.9255     27.320  36.259026     48.492      6.464   267.5631     3.5827     3.5087     0.0252      0.040      4.240      6.149        514 2.1528e+01 0.0000e+00
      4.330    12.3296     2.9331     27.372  36.284842     48.556      6.460   268.3203     3.5827     3.5490     0.0252      0.037      4.247      6.159        515 2.1413e+01 0.0000e+00
      4.338    12.2985     2.9392     27.398  36.246497     48.523      6.456   268.5474     3.1824     5.0395     0.0252      0.034      4.254      6.169        516 2.1287e+01 0.0000e+00
      4.344    12.2835     2.9370     27.343  36.128795     48.371      6.450   268.6988     3.2066     4.9052     0.0251      0.032      4.260      6.179        517 2.1156e+01 0.0000e+00
      4.352    12.2835     2.9280     27.226  36.105073     48.411      6.448   269.2667     3.1783     4.9857     0.0251      0.030      4.267      6.189        518 2.1082e+01 0.0000e+00
      4.359    12.2946     2.9490     27.403  36.127732     48.431      6.446   269.5317     3.1986     4.9052     0.0251      0.028      4.275      6.200        519 2.1000e+01 0.0000e+00
      4.367    12.3036     3.0054     27.914  36.219242     48.581      6.441   269.5317     2.9802     5.2006     0.0252      0.028      4.282      6.211        520 2.0851e+01 0.0000e+00
      4.374    12.3010     3.0962     28.750  36.198809     48.528      6.439   269.7210     2.9964     5.2140     0.0252      0.028      4.289      6.221        521 2.0732e+01 0.0000e+00
      4.381    12.2888     3.2260     29.948  36.123498     48.404      6.434   270.0995     3.0368     5.2140     0.0251      0.028      4.297      6.232        522 2.0620e+01 0.0000e+00
      4.389    12.2828     3.3939     31.483  36.105343     48.407      6.435   270.3645     2.9923     5.1334     0.0251      0.029      4.305      6.244        523 2.0418e+01 0.0000e+00
      4.400    12.2762     3.5796     33.174  36.073103     48.349      6.432   270.4024     2.9802     5.1872     0.0251      0.030      4.315      6.258        524 2.0250e+01 0.0000e+00
      4.410    12.2446     3.7833     35.034  36.104305     48.431      6.429   270.8188     2.9964     6.3151     0.0251      0.031      4.326      6.274        525 2.0008e+01 0.0000e+00
      4.425    12.1952     3.9839     36.869  36.007198     48.289      6.425   270.4403     2.9802     6.3017     0.0251      0.034      4.340      6.294        526 1.9681e+01 0.0000e+00
      4.441    12.1393     4.1536     38.421  35.838043     48.105      6.420   271.0838     2.9923     6.3017     0.0250      0.039      4.355      6.315        527 1.9416e+01 0.0000e+00
      4.455    12.0881     4.3170     39.913  35.721642     48.020      6.418   271.1974     2.9883     6.2614     0.0249      0.043      4.369      6.335        528 1.9103e+01 0.0000e+00
      4.467    12.0565     4.4645     41.260  35.588554     47.903      6.414   271.3110     3.0449     9.6318     0.0249      0.048      4.381      6.354        529 1.8844e+01 0.0000e+00
      4.480    12.0364     4.5976     42.476  35.588467     47.971      6.410   271.3110     3.0409     9.5915     0.0249      0.051      4.393      6.372        530 1.8626e+01 0.0000e+00
      4.492    12.0257     4.7303     43.692  35.573479     48.010      6.408   271.6517     3.0570     9.6587     0.0249      0.052      4.405      6.389        531 1.8423e+01 0.0000e+00
      4.505    12.0136     4.8446     44.739  35.429271     47.811      6.405   271.1974     3.0772     9.6452     0.0248      0.053      4.418      6.407        532 1.8193e+01 0.0000e+00
      4.518    11.9815     4.9405     45.636  35.352719     47.748      6.402   271.9545     2.3979    11.2700     0.0247      0.052      4.430      6.426        533 1.7959e+01 0.0000e+00
      4.530    11.9402     5.0317     46.484  35.253531     47.613      6.398   271.8031     2.4060    11.2969     0.0247      0.051      4.442      6.443        534 1.7821e+01 0.0000e+00
      4.541    11.9057     5.1076     47.175  35.167154     47.541      6.398   272.2574     2.4222    11.3237     0.0246      0.049      4.453      6.459        535 1.7620e+01 0.0000e+00
      4.551    11.8788     5.1612     47.655  35.163643     47.595      6.395   272.2195     2.4343    11.4177     0.0246      0.048      4.464      6.474        536 1.7387e+01 0.0000e+00
      4.563    11.8564     5.2100     48.079  35.139286     47.601      6.394   272.4467     2.5516    10.0346     0.0246      0.047      4.475      6.489        537 1.7184e+01 0.0000e+00
      4.573    11.8369     5.2215     48.158  35.049191     47.523      6.390   273.0146     2.5233    10.0078     0.0246      0.046      4.485      6.504        538 1.7011e+01 0.0000e+00
      4.584    11.8179     5.2267     48.180  35.008854     47.475      6.390   275.7781     2.5435    10.0346     0.0246      0.045      4.495      6.519        539 1.6847e+01 0.0000e+00
      4.593    11.8035     5.2300     48.191  34.981889     47.501      6.386   276.1188     2.5597    10.1421     0.0246      0.043      4.504      6.533        540 1.6703e+01 0.0000e+00
      4.602    11.7925     5.2422     48.286  34.964126     47.449      6.386   275.8917     2.3373    10.4375     0.0245      0.041      4.513      6.546        541 1.6582e+01 0.0000e+00
      4.612    11.7857     5.2874     48.685  34.971651     47.544      6.384   276.0431     2.3251    10.3838     0.0246      0.040      4.522      6.559        542 1.6459e+01 0.0000e+00
      4.620    11.7947     5.3706     49.446  34.972529     47.481      6.379   276.1567     2.3413    10.4375     0.0245      0.039      4.530      6.571        543 1.6363e+01 0.0000e+00
      4.627    11.8007     5.4598     50.274  35.022355     47.644      6.379   276.0810     2.3373    10.5181     0.0246      0.037      4.538      6.582        544 1.6217e+01 0.0000e+00
      4.636    11.7913     5.5791     51.375  34.968964     47.478      6.379   277.0653     1.8318    11.2969     0.0245      0.036      4.546      6.594        545 1.6074e+01 0.0000e+00
      4.645    11.7766     5.7112     52.587  34.920340     47.471      6.375   278.3146     1.8318    11.2297     0.0245      0.035      4.556      6.608        546 1.5983e+01 0.0000e+00
      4.656    11.7540     5.8490     53.849  34.904917     47.407      6.373   277.1410     1.8439    11.3909     0.0245      0.034      4.567      6.624        547 1.5850e+01 0.0000e+00
      4.669    11.7283     5.9768     55.010  34.810212     47.350      6.374   277.4817     1.8358    11.3237     0.0245      0.036      4.580      6.643        548 1.5657e+01 0.0000e+00
      4.686    11.7053     6.0659     55.822  34.682310     47.151      6.370   277.8981     1.8278    11.2700     0.0244      0.039      4.595      6.665        549 1.5405e+01 0.0000e+00
      4.701    11.6870     6.1293     56.412  34.619233     47.146      6.367   277.8603     1.6498    12.0086     0.0244      0.043      4.609      6.686        550 1.5200e+01 0.0000e+00
      4.714    11.6715     6.1833     56.911  34.532831     47.024      6.367   278.0117     1.6458    11.9683     0.0243      0.047      4.623      6.705        551 1.5003e+01 0.0000e+00
      4.727    11.6571     6.2124     57.156  34.522929     47.047      6.363   278.3524     1.6337    11.9683     0.0243      0.051      4.635      6.723        552 1.4833e+01 0.0000e+00
      4.738    11.6519     6.2390     57.372  34.572251     47.143      6.362   278.2767     1.6377    11.9414     0.0243      0.052      4.646      6.738        553 1.4728e+01 0.0000e+00
      4.747    11.6571     6.2775     57.697  34.530775     47.086      6.361   279.1474     1.7064    11.9280     0.0243      0.052      4.655      6.752        554 1.4621e+01 0.0000e+00
      4.756    11.6594     6.3016     57.906  34.544893     47.130      6.358   279.2610     1.7145    11.8877     0.0243      0.050      4.664      6.764        555 1.4495e+01 0.0000e+00
      4.765    11.6560     6.3427     58.278  34.525025     47.085      6.355   280.1317     1.6943    11.9011     0.0243      0.046      4.673      6.777        556 1.4340e+01 0.0000e+00
      4.774    11.6501     6.3860     58.671  34.525842     47.082      6.355   279.7153     1.6862    11.9280     0.0243      0.042      4.681      6.789        557 1.4188e+01 0.0000e+00
      4.782    11.6386     6.4449     59.206  34.573533     47.163      6.352   280.2074     1.6377    11.7803     0.0243      0.039      4.689      6.801        558 1.4021e+01 0.0000e+00
      4.790    11.6319     6.5095     59.777  34.524990     47.094      6.349   280.4346     1.6296    11.8608     0.0243      0.036      4.698      6.813        559 1.3892e+01 0.0000e+00
      4.798    11.6374     6.5922     60.517  34.497284     47.071      6.349   280.7753     1.6094    11.7266     0.0243      0.034      4.705      6.824        560 1.3686e+01 0.0000e+00
      4.805    11.6380     6.6603     61.133  34.519045     47.118      6.346   281.0781     1.6458    11.7266     0.0243      0.033      4.713      6.835        561 1.3411e+01 0.0000e+00
      4.814    11.6218     6.7122     61.598  34.468254     47.035      6.347   281.1160     1.7550    11.6729     0.0243      0.033      4.721      6.847        562 1.3273e+01 0.0000e+00
      4.823    11.5986     6.7849     62.256  34.412205     46.956      6.343   280.8510     1.7833    11.7937     0.0242      0.032      4.730      6.860        563 1.3127e+01 0.0000e+00
      4.834    11.5780     6.8422     62.776  34.410855     46.979      6.341   281.4567     1.7954    11.7937     0.0242      0.033      4.740      6.875        564 1.2901e+01 0.0000e+00
      4.844    11.5681     6.9006     63.301  34.410626     47.007      6.341   281.5324     1.7631    11.6997     0.0242      0.034      4.751      6.890        565 1.2661e+01 0.0000e+00
      4.856    11.5640     6.9477     63.724  34.382841     46.997      6.339   281.4189     1.8803    11.5117     0.0242      0.036      4.762      6.905        566 1.2386e+01 0.0000e+00
      4.866    11.5605     6.9670     63.894  34.356470     46.971      6.337   281.3810     1.8884    11.3774     0.0242      0.037      4.772      6.920        567 1.2250e+01 0.0000e+00
      4.875    11.5549     6.9886     64.089  34.354478     46.976      6.333   281.3810     1.9167    11.5923     0.0242      0.039      4.782      6.935        568 1.1971e+01 0.0000e+00
      4.888    11.5392     7.0079     64.268  34.355665     46.981      6.333   282.2139     1.8965    11.5654     0.0242      0.041      4.794      6.953        569 1.1580e+01 0.0000e+00
      4.902    11.5252     7.0166     64.345  34.354996     46.987      6.330   282.2896     1.8682    11.4849     0.0242      0.042      4.806      6.972        570 1.1405e+01 0.0000e+00
      4.913    11.5184     7.0214     64.379  34.355315     47.008      6.328   282.4031     1.5771    11.4849     0.0242      0.044      4.818      6.989        571 1.1126e+01 0.0000e+00
      4.926    11.5106     7.0303     64.452  34.384931     47.065      6.329   283.2360     1.5568    11.5251     0.0242      0.045      4.830      7.006        572 1.0841e+01 0.0000e+00
      4.938    11.5044     7.0295     64.450  34.347802     47.034      6.325   282.9332     1.5730    11.4983     0.0242      0.046      4.842      7.023        573 1.0634e+01 0.0000e+00
      4.950    11.4998     7.0232     64.398  34.312554     46.968      6.326   283.1603     1.6094    11.4446     0.0242      0.047      4.855      7.041        574 1.0336e+01 0.0000e+00
      4.964    11.4926     7.0284     64.445  34.339829     47.053      6.321   283.5010     1.4194    10.8806     0.0242      0.048      4.868      7.060        575 1.0056e+01 0.0000e+00
      4.977    11.4861     7.0273     64.426  34.313862     46.982      6.321   283.4632     1.4517    10.9612     0.0242      0.049      4.881      7.079        576 9.8372e+00 0.0000e+00
      4.990    11.4818     7.0334     64.470  34.344872     47.068      6.317   283.6146     1.4598    10.9075     0.0242      0.049      4.893      7.096        577 9.6439e+00 0.0000e+00
      5.001    11.4803     7.0366     64.493  34.301239     47.000      6.317   284.0689     1.4315    10.9209     0.0242      0.049      4.903      7.112        578 9.4964e+00 0.0000e+00
      5.011    11.4810     7.0427     64.543  34.308851     47.005      6.313   283.5767     1.5932    11.1223     0.0242      0.049      4.913      7.126        579 9.3117e+00 0.0000e+00
      5.019    11.4787     7.0449     64.563  34.335403     47.084      6.312   284.0689     1.5568    11.0955     0.0242      0.047      4.923      7.140        580 9.1183e+00 0.0000e+00
      5.030    11.4719     7.0464     64.580  34.238539     46.891      6.312   283.9174     1.5649    11.0686     0.0241      0.045      4.933      7.155        581 8.9517e+00 0.0000e+00
      5.041    11.4668     7.0509     64.619  34.281110     47.009      6.310   284.2203     1.5649    11.0149     0.0242      0.044      4.942      7.169        582 8.8031e+00 0.0000e+00
      5.049    11.4697     7.0471     64.579  34.312083     47.018      6.307   284.2582     1.6175    10.6926     0.0242      0.041      4.951      7.181        583 8.6754e+00 0.0000e+00
      5.057    11.4740     7.0518     64.617  34.318626     47.063      6.308   284.2960     1.6458    10.6792     0.0242      0.039      4.959      7.193        584 8.4790e+00 0.0000e+00
      5.066    11.4731     7.0493     64.595  34.302626     47.021      6.303   285.5832     1.6418    10.7732     0.0242      0.037      4.969      7.206        585 8.2855e+00 0.0000e+00
      5.076    11.4670     7.0460     64.576  34.302337     47.015      6.309   285.8482     1.6539    10.6792     0.0242      0.037      4.978      7.219        586 8.0698e+00 0.0000e+00
      5.086    11.4596     7.0424     64.546  34.348643     47.093      6.304   286.1889     1.3547    10.0615     0.0242      0.037      4.988      7.234        587 7.8453e+00 0.0000e+00
      5.097    11.4548     7.0387     64.515  34.304314     47.024      6.303   286.5674     1.3830    10.0481     0.0242      0.037      4.999      7.250        588 7.6708e+00 0.0000e+00
      5.109    11.4513     7.0418     64.553  34.357506     47.111      6.301   286.7567     1.3749    10.0749     0.0242      0.038      5.012      7.268        589 7.4615e+00 0.0000e+00
      5.125    11.4511     7.0265     64.413  34.430735     47.232      6.301   287.7410     1.3749    10.0884     0.0243      0.041      5.026      7.288        590 7.1857e+00 0.0000e+00
      5.139    11.4531     7.0170     64.314  34.361470     47.122      6.299   288.1575     1.3870    10.0749     0.0242      0.044      5.039      7.308        591 7.0319e+00 0.0000e+00
      5.149    11.4516     6.9975     64.124  34.354737     47.122      6.299   288.8767     1.5124     9.1753     0.0242      0.046      5.049      7.323        592 6.9370e+00 0.0000e+00
      5.158    11.4481     6.9861     64.019  34.350144     47.119      6.299   288.9146     1.5002     9.1350     0.0242      0.047      5.058      7.337        593 6.7885e+00 0.0000e+00
      5.167    11.4447     6.9664     63.835  34.307871     47.044      6.298   289.0282     1.4638     9.2827     0.0242      0.047      5.068      7.350        594 6.6569e+00 0.0000e+00
      5.178    11.4458     6.9499     63.669  34.318374     47.087      6.296   289.1796     1.4881     9.2558     0.0242      0.046      5.078      7.365        595 6.4739e+00 0.0000e+00
