Data/DataNotYetUploadedToEDI/Raw_CTD/RawDownloads/071618_fcr20.cnv
* Sea-Bird SBE19plus  Data File:
* FileName = C:\DATA\071618_fcr_0002.hex
* Software version 2.6.3.104
* Temperature SN = 7809
* Conductivity SN = 7809
* System UpLoad Time = Jul 16 2018 16:09:28
* <ApplicationData>
* <Seaterm232>
# nquan = 17
# nvalues = 440                         
# units = specified
# name 0 = depFM: Depth [fresh water, m]
# name 1 = tv290C: Temperature [ITS-90, deg C]
# name 2 = sbeox0Mg/L: Oxygen, SBE 43 [mg/l]
# name 3 = sbeox0PS: Oxygen, SBE 43 [% saturation]
# name 4 = c0uS/cm: Conductivity [uS/cm]
# name 5 = specc: Specific Conductance [uS/cm]
# name 6 = ph: pH
# name 7 = orp: Oxidation Reduction Potential [mV]
# name 8 = flECO-AFL: Fluorescence, WET Labs ECO-AFL/FL [mg/m^3]
# name 9 = turbWETntu0: Turbidity, WET Labs ECO [NTU]
# name 10 = sal00: Salinity, Practical [PSU]
# name 11 = dz/dtM: Descent Rate [m/s]
# name 12 = prdM: Pressure, Strain Gauge [db]
# name 13 = prdE: Pressure, Strain Gauge [psi]
# name 14 = scan: Scan Count
# name 15 = par/sat/log: PAR/Logarithmic, Satlantic
# name 16 = flag:  0.000e+00
# span 0 =     -0.532,      3.395       
# span 1 =    15.6275,    27.9653       
# span 2 =    -0.6378,    15.6800       
# span 3 =     -6.831,    183.865       
# span 4 =   1.303190,  88.508291       
# span 5 =      1.652,    108.675       
# span 6 =      6.748,      8.644       
# span 7 =    86.4919,   247.4609       
# span 8 =    -0.1900,    12.0905       
# span 9 =    -0.8286,     8.6650       
# span 10 =     0.0127,     0.0533      
# span 11 =     -0.079,      0.224      
# span 12 =     -0.521,      3.326      
# span 13 =     -0.756,      4.824      
# span 14 =          1,        440      
# span 15 = 2.5816e+01, 2.5667e+03      
# span 16 = 0.0000e+00, 0.0000e+00      
# interval = seconds: 0.25
# start_time = Jul 16 2018 15:44:10 [Instrument's time stamp, header]
# bad_flag = -9.990e-29
*END*
[from data line 426]
      3.278    16.3681     0.1949      1.962  83.803618    101.384      6.787   117.3077     2.9276     2.0853     0.0501      0.039      3.214      4.661        427 3.0522e+01 0.0000e+00
      3.292    16.3631     0.1909      1.922  83.711736    101.666      6.786   115.7934     2.9317     2.0719     0.0503      0.040      3.228      4.683        428 2.9801e+01 0.0000e+00
      3.307    16.2235 -9.990e-29 -9.990e-29  83.460228    100.412      6.784   113.5977     2.9317     2.0719     0.0498      0.041      3.243      4.703        429 2.9110e+01 0.0000e+00
      3.321    16.0114 -9.990e-29 -9.990e-29  85.989683    104.283      6.778   111.2127     2.9115     1.9645     0.0515      0.044      3.256      4.722        430 2.8609e+01 0.0000e+00
      3.331    15.8667 -9.990e-29 -9.990e-29  87.550786    105.985      6.778   109.0548     2.9195     2.0719     0.0522      0.048      3.266      4.737        431 2.8193e+01 0.0000e+00
      3.340    15.7763 -9.990e-29 -9.990e-29  87.255875    106.531      6.773   106.9348     2.9236     2.1524     0.0524      0.050      3.275      4.751        432 2.7721e+01 0.0000e+00
      3.350    15.7020 -9.990e-29 -9.990e-29  87.278654    106.636      6.769   104.7769     2.9317     2.1390     0.0524      0.051      3.285      4.765        433 2.7243e+01 0.0000e+00
      3.359    15.6616 -9.990e-29 -9.990e-29  87.730767    107.659      6.765   102.7705     2.9478     2.1122     0.0529      0.048      3.293      4.776        434 2.7095e+01 0.0000e+00
      3.364    15.6275 -9.990e-29 -9.990e-29  88.120629    108.199      6.761   101.0669     2.9236     2.0719     0.0531      0.043      3.299      4.784        435 2.7134e+01 0.0000e+00
      3.368    15.6344 -9.990e-29 -9.990e-29  88.191117    108.452      6.760    99.4012     3.3037     2.0853     0.0532      0.037      3.304      4.791        436 2.7062e+01 0.0000e+00
      3.373    15.6883 -9.990e-29 -9.990e-29  88.118874    108.456      6.759    98.6819     3.3279     2.0450     0.0532      0.032      3.309      4.799        437 2.6644e+01 0.0000e+00
      3.382    15.7013 -9.990e-29 -9.990e-29  88.032151    108.266      6.754    96.8648     3.3522     2.0853     0.0531      0.029      3.317      4.809        438 2.6128e+01 0.0000e+00
      3.390 -9.990e-29 -9.990e-29 -9.990e-29  88.388242    108.656      6.751    96.0319     3.3199     2.1793     0.0533      0.027      3.323      4.819        439 2.5910e+01 0.0000e+00
      3.395 -9.990e-29 -9.990e-29 -9.990e-29  88.508291    108.675      6.748    94.4419     2.8791     2.1122     0.0533      0.026      3.326      4.824        440 2.5816e+01 0.0000e+00
