Data/DataNotYetUploadedToEDI/Raw_CTD/RawDownloads/071618_fcr45.cnv
* Sea-Bird SBE19plus  Data File:
* FileName = C:\DATA\071618_fcr_0004.hex
* Software version 2.6.3.104
* Temperature SN = 7809
* Conductivity SN = 7809
* System UpLoad Time = Jul 16 2018 16:10:15
* <ApplicationData>
* <Seaterm232>
# nquan = 17
# nvalues = 829                         
# units = specified
# name 0 = depFM: Depth [fresh water, m]
# name 1 = tv290C: Temperature [ITS-90, deg C]
# name 2 = sbeox0Mg/L: Oxygen, SBE 43 [mg/l]
# name 3 = sbeox0PS: Oxygen, SBE 43 [% saturation]
# name 4 = c0uS/cm: Conductivity [uS/cm]
# name 5 = specc: Specific Conductance [uS/cm]
# name 6 = ph: pH
# name 7 = orp: Oxidation Reduction Potential [mV]
# name 8 = flECO-AFL: Fluorescence, WET Labs ECO-AFL/FL [mg/m^3]
# name 9 = turbWETntu0: Turbidity, WET Labs ECO [NTU]
# name 10 = sal00: Salinity, Practical [PSU]
# name 11 = dz/dtM: Descent Rate [m/s]
# name 12 = prdM: Pressure, Strain Gauge [db]
# name 13 = prdE: Pressure, Strain Gauge [psi]
# name 14 = scan: Scan Count
# name 15 = par/sat/log: PAR/Logarithmic, Satlantic
# name 16 = flag:  0.000e+00
# span 0 =     -0.540,      7.260       
# span 1 =    11.3117,    28.3246       
# span 2 =     1.4589,    15.2529       
# span 3 =     13.727,    180.821       
# span 4 =   0.864885,  38.746715       
# span 5 =      0.837,     48.224       
# span 6 =      6.197,      8.912       
# span 7 =  -386.7995,   314.3925       
# span 8 =    -2.1431,   258.1299       
# span 9 =    -4.6689,    38.3139       
# span 10 =     0.0126,     0.0252      
# span 11 =     -0.167,      0.211      
# span 12 =     -0.529,      7.118      
# span 13 =     -0.767,     10.325      
# span 14 =          1,        829      
# span 15 = 3.2319e-01, 3.0056e+03      
# span 16 = 0.0000e+00, 0.0000e+00      
# interval = seconds: 0.25
# start_time = Jul 16 2018 16:17:48 [Instrument's time stamp, header]
# bad_flag = -9.990e-29
*END*
[from data line 256]
     -0.022    27.7109     9.2756    117.838  37.553516     35.608      8.650   219.3330     1.3142     0.7425     0.0246      0.000     -0.021     -0.031        257 2.0170e+03 0.0000e+00
     -0.022    27.7111     9.2762    117.842  37.534067     35.607      8.653   219.4087     1.2980     0.7425     0.0246      0.000     -0.022     -0.031        258 2.0206e+03 0.0000e+00
     -0.023    27.6956     9.2746    117.823  37.568077     35.631      8.654   219.7873     1.2697     0.7559     0.0246     -0.000     -0.022     -0.032        259 2.0182e+03 0.0000e+00
     -0.023    27.6847     9.2840    117.941  37.540850     35.604      8.653   219.5223     1.2778     0.8231     0.0246     -0.001     -0.022     -0.032        260 2.0176e+03 0.0000e+00
     -0.022    27.6877     9.2978    118.117  37.538291     35.615      8.651   219.5601     1.3061     0.8499     0.0246     -0.000     -0.022     -0.032        261 2.0158e+03 0.0000e+00
     -0.022    27.6844     9.3049    118.197  37.482286     35.570      8.653   219.7494     1.2697     0.7559     0.0246     -0.000     -0.022     -0.032        262 2.0185e+03 0.0000e+00
     -0.022    27.6800     9.3003    118.136  37.491911     35.567      8.649   219.8251     1.2697     0.7291     0.0246     -0.000     -0.022     -0.032        263 2.0244e+03 0.0000e+00
     -0.023    27.6867     9.2935    118.064  37.555976     35.649      8.652   219.9765     1.2333     0.7828     0.0246     -0.000     -0.023     -0.033        264 2.0258e+03 0.0000e+00
     -0.023    27.6904     9.2832    117.956  37.491541     35.572      8.651   221.6801     1.2455     0.8097     0.0246     -0.001     -0.023     -0.033        265 2.0234e+03 0.0000e+00
     -0.023    27.6834     9.2703    117.806  37.483118     35.568      8.653   221.2258     1.2293     0.8097     0.0246     -0.000     -0.022     -0.032        266 2.0185e+03 0.0000e+00
     -0.022    27.6772     9.2604    117.674  37.536796     35.618      8.650   220.8851     1.2374     0.8365     0.0246     -0.000     -0.021     -0.031        267 2.0179e+03 0.0000e+00
     -0.022    27.6762     9.2517    117.539  37.543380     35.623      8.652   220.8094     1.2091     0.7291     0.0246      0.000     -0.021     -0.031        268 2.0215e+03 0.0000e+00
     -0.022    27.6759     9.2494    117.467  37.534247     35.627      8.652   220.5823     1.3102     0.7828     0.0246      0.000     -0.021     -0.031        269 2.0211e+03 0.0000e+00
     -0.022    27.6763     9.2486    117.433  37.548164     35.628      8.653   221.7180     1.3102     0.8499     0.0246      0.001     -0.021     -0.031        270 2.0165e+03 0.0000e+00
     -0.022    27.6759     9.2371    117.328  37.526062     35.628      8.651   220.5065     1.2900     0.8365     0.0246      0.001     -0.021     -0.031        271 2.0149e+03 0.0000e+00
     -0.022    27.6714     9.2285    117.238  37.502432     35.575      8.652   220.3173     1.2900     0.7022     0.0246      0.001     -0.021     -0.031        272 2.0141e+03 0.0000e+00
     -0.021    27.6700     9.2341    117.272  37.518249     35.628      8.655   220.3173     1.1484     0.7425     0.0246      0.001     -0.021     -0.030        273 2.0186e+03 0.0000e+00
     -0.021    27.6770     9.2449    117.388  37.506380     35.578      8.651   220.6580     1.1808     0.7828     0.0246      0.001     -0.021     -0.030        274 2.0216e+03 0.0000e+00
     -0.022    27.6877     9.2697    117.719  37.517205     35.632      8.650   220.3551     1.1606     0.8097     0.0246      0.000     -0.022     -0.031        275 2.0164e+03 0.0000e+00
     -0.023    27.6940     9.2936    118.024  37.504776     35.575      8.654   221.2258     1.1848     0.7828     0.0246     -0.000     -0.023     -0.033        276 2.0171e+03 0.0000e+00
     -0.024    27.6912     9.3186    118.303  37.521844     35.620      8.655   221.3394     1.1484     0.8097     0.0246     -0.001     -0.023     -0.034        277 2.0147e+03 0.0000e+00
     -0.024    27.6797     9.3366    118.474  37.555281     35.616      8.655   221.8315     1.1646     0.7157     0.0246     -0.001     -0.023     -0.034        278 2.0073e+03 0.0000e+00
     -0.023    27.6589     9.3439    118.547  37.522483     35.618      8.656   222.3615     1.1808     0.8634     0.0246     -0.001     -0.022     -0.033        279 2.0087e+03 0.0000e+00
     -0.022    27.6495     9.3522    118.659  37.503341     35.573      8.655   222.2101     1.1686     0.8365     0.0246     -0.001     -0.022     -0.031        280 2.0041e+03 0.0000e+00
     -0.020    27.6670     9.3556    118.713  37.519789     35.639      8.656   215.2065     1.1282     0.7425     0.0246     -0.000     -0.022     -0.031        281 2.0031e+03 0.0000e+00
     -0.024    27.6758     9.3468    118.625  37.502022     35.594      8.655   216.9858     1.1080     0.8365     0.0246     -0.000     -0.023     -0.034        282 1.9932e+03 0.0000e+00
     -0.025    27.6588     9.3450    118.628  37.525453     35.634      8.652   214.6387     1.1120     0.7559     0.0246     -0.000     -0.023     -0.034        283 1.9700e+03 0.0000e+00
     -0.022    27.6493     9.3402    118.560  37.490626     35.575      8.643   211.1179     1.0999     0.7962     0.0246      0.000     -0.023     -0.033        284 2.0269e+03 0.0000e+00
     -0.025    27.6561     9.3402    118.530  37.486041     35.587      8.635   212.6701     1.0999     0.8231     0.0246     -0.000     -0.024     -0.034        285 2.0191e+03 0.0000e+00
     -0.026    27.6567     9.3427    118.555  37.531162     35.647      8.636   211.2694     1.1120     0.8097     0.0246     -0.001     -0.024     -0.034        286 1.9736e+03 0.0000e+00
     -0.022    27.6382     9.3400    118.507  37.493798     35.588      8.635   206.7265     1.1080     0.7425     0.0246     -0.001     -0.018     -0.027        287 2.0016e+03 0.0000e+00
     -0.008    27.6126     9.3329    118.410  37.473219     35.588      8.639   209.2629     1.1080     0.7962     0.0246      0.003     -0.006     -0.010        288 1.9999e+03 0.0000e+00
      0.010    27.6024     9.3095    118.214  37.438133     35.547      8.632   209.6794     1.1080     0.7157     0.0245      0.011      0.009      0.012        289 1.9843e+03 0.0000e+00
      0.023    27.6052     9.2896    118.065  37.418829     35.565      8.627   208.6572     1.0959     0.8097     0.0245      0.021      0.021      0.030        290 2.0043e+03 0.0000e+00
      0.029    27.6107     9.2992    118.175  37.497252     35.625      8.627   211.6479     1.0918     0.8231     0.0246      0.029      0.029      0.043        291 1.9641e+03 0.0000e+00
      0.038    27.6223     9.2981    118.131  37.518505     35.676      8.624   210.6258     1.0878     0.8097     0.0246      0.035      0.038      0.056        292 1.8333e+03 0.0000e+00
      0.049    27.6337     9.2970    118.145  37.451702     35.566      8.622   206.2722     1.1161     0.7828     0.0245      0.041      0.049      0.072        293 1.7765e+03 0.0000e+00
      0.065    27.6302     9.2991    118.155  37.461743     35.611      8.619   210.7772     1.0433     0.7559     0.0246      0.045      0.064      0.093        294 1.6976e+03 0.0000e+00
      0.081    27.6170     9.2960    118.084  37.446682     35.550      8.615   211.6479     1.0554     0.7828     0.0245      0.047      0.079      0.115        295 1.6683e+03 0.0000e+00
      0.095    27.6135     9.2937    118.032  37.470440     35.606      8.617   208.8465     1.0352     0.7694     0.0246      0.048      0.094      0.137        296 1.4860e+03 0.0000e+00
      0.111    27.6063     9.2984    118.078  37.491500     35.615      8.620   204.7958     1.0109     0.7559     0.0246      0.049      0.111      0.160        297 1.1539e+03 0.0000e+00
      0.132    27.6055     9.3109    118.227  37.420480     35.564      8.621   202.9408     1.0999     0.7694     0.0245      0.054      0.130      0.189        298 1.1046e+03 0.0000e+00
      0.154    27.6514     9.3184    118.316  37.440185     35.569      8.617   205.4015     1.1282     0.8365     0.0245      0.061      0.151      0.220        299 1.0749e+03 0.0000e+00
      0.177    27.6999     9.3318    118.462  37.526299     35.677      8.614   209.1872     1.0999     0.6888     0.0246      0.068      0.173      0.251        300 8.5973e+02 0.0000e+00
      0.199    27.6947     9.3428    118.546  37.550590     35.645      8.608   211.3829     1.0837     0.7291     0.0246      0.073      0.194      0.281        301 9.3208e+02 0.0000e+00
      0.217    27.6826     9.3576    118.680  37.528580     35.611      8.610   204.6822     1.1727     0.7828     0.0246      0.076      0.213      0.309        302 1.0490e+03 0.0000e+00
      0.236    27.6923     9.3646    118.730  37.553673     35.615      8.610   207.4836     1.1686     0.8097     0.0246      0.079      0.232      0.336        303 9.6529e+02 0.0000e+00
      0.257    27.6872     9.3610    118.657  37.608339     35.704      8.608   216.6830     1.1848     0.8231     0.0246      0.081      0.250      0.363        304 1.0129e+03 0.0000e+00
      0.271    27.6714     9.3438    118.418  37.549533     35.616      8.611   215.1308     1.1606     0.7694     0.0246      0.080      0.265      0.385        305 9.8013e+02 0.0000e+00
      0.284    27.6606     9.3201    118.100  37.478555     35.568      8.609   210.8908     1.2091     0.7559     0.0246      0.075      0.278      0.404        306 1.0099e+03 0.0000e+00
      0.297    27.6535     9.3047    117.889  37.548369     35.631      8.612   213.2380     1.2455     0.8097     0.0246      0.070      0.291      0.423        307 1.0415e+03 0.0000e+00
      0.313    27.6493     9.2888    117.674  37.551638     35.665      8.614   210.3987     1.2576     0.8097     0.0246      0.066      0.306      0.445        308 9.4735e+02 0.0000e+00
      0.329    27.6461     9.2909    117.687  37.504154     35.590      8.618   210.9665     1.2293     0.8231     0.0246      0.062      0.322      0.469        309 9.2202e+02 0.0000e+00
      0.346    27.6344     9.2951    117.731  37.518484     35.646      8.622   204.9094     1.2212     0.7694     0.0246      0.061      0.341      0.494        310 9.3139e+02 0.0000e+00
      0.368    27.6087     9.3062    117.866  37.504148     35.595      8.622   208.5815     1.2333     0.7694     0.0246      0.061      0.361      0.523        311 8.5379e+02 0.0000e+00
      0.389    27.5830     9.3085    117.888  37.462679     35.603      8.621   205.5908     1.2293     0.8365     0.0246      0.064      0.380      0.550        312 7.8600e+02 0.0000e+00
      0.404    27.5646     9.3173    117.988  37.451457     35.568      8.621   205.2122     1.2455     0.8499     0.0245      0.067      0.396      0.574        313 8.0505e+02 0.0000e+00
      0.420    27.5515     9.3261    118.086  37.458804     35.638      8.622   204.3036     1.2657     0.7694     0.0246      0.069      0.411      0.596        314 7.7174e+02 0.0000e+00
      0.435    27.5415     9.3275    118.090  37.394228     35.544      8.622   207.0672     1.3506     0.7022     0.0245      0.070      0.425      0.617        315 7.8691e+02 0.0000e+00
      0.447    27.5333     9.3173    117.949  37.413190     35.606      8.621   210.5879     1.3668     0.8499     0.0246      0.068      0.438      0.635        316 8.2168e+02 0.0000e+00
      0.458    27.5260     9.2829    117.503  37.435212     35.613      8.624   210.2094     1.3708     0.8097     0.0246      0.064      0.449      0.652        317 7.7054e+02 0.0000e+00
      0.470    27.5194     9.2382    116.924  37.426148     35.619      8.624   207.4079     1.3749     0.7022     0.0246      0.060      0.461      0.668        318 7.4181e+02 0.0000e+00
      0.482    27.5131     9.1741    116.097  37.424476     35.623      8.625   208.1272     1.4113     0.8097     0.0246      0.055      0.474      0.686        319 7.7034e+02 0.0000e+00
      0.496    27.5085     9.1149    115.331  37.377977     35.575      8.627   212.5187     1.4396     0.8097     0.0245      0.052      0.487      0.706        320 8.0040e+02 0.0000e+00
      0.510    27.5058     9.0574    114.593  37.365379     35.579      8.627   207.1051     1.4274     0.8365     0.0245      0.051      0.503      0.730        321 8.0415e+02 0.0000e+00
      0.533    27.5024     9.0124    114.014  37.380837     35.582      8.625   204.5308     1.4194     0.8097     0.0245      0.053      0.526      0.763        322 8.1098e+02 0.0000e+00
      0.566    27.4970     9.0176    114.061  37.358741     35.584      8.619   208.6572     1.3466     0.7962     0.0245      0.060      0.556      0.806        323 7.8036e+02 0.0000e+00
      0.600    27.4906     9.0710    114.716  37.333559     35.533      8.608   211.3829     1.3587     0.8231     0.0245      0.071      0.584      0.848        324 7.4850e+02 0.0000e+00
      0.620    27.4841     9.1449    115.633  37.352859     35.590      8.601   211.7237     1.3627     0.7291     0.0245      0.081      0.606      0.879        325 7.2877e+02 0.0000e+00
      0.635    27.4783     9.2017    116.323  37.275405     35.488      8.605   211.9508     1.3668     0.8097     0.0245      0.088      0.622      0.902        326 6.9201e+02 0.0000e+00
      0.647    27.4733     9.2262    116.602  37.251990     35.492      8.605   210.9287     1.4274     0.7559     0.0245      0.089      0.636      0.922        327 6.7060e+02 0.0000e+00
      0.664    27.4670     9.2095    116.366  37.204042     35.443      8.606   211.7994     1.4274     0.7962     0.0245      0.088      0.651      0.944        328 6.7871e+02 0.0000e+00
      0.679    27.4592     9.1628    115.744  37.157121     35.393      8.604   213.3515     1.4436     0.7694     0.0244      0.083      0.666      0.966        329 7.0271e+02 0.0000e+00
      0.696    27.4515     9.0996    114.910  37.251066     35.504      8.603   212.4429     1.4194     0.7694     0.0245      0.075      0.683      0.990        330 6.8794e+02 0.0000e+00
      0.715    27.4462     9.0154    113.817  37.265091     35.509      8.598   212.5565     1.5245     0.6754     0.0245      0.067      0.702      1.017        331 6.9778e+02 0.0000e+00
      0.735    27.4414     8.9305    112.720  37.258309     35.514      8.595   211.2315     1.4881     0.8768     0.0245      0.064      0.723      1.049        332 6.9666e+02 0.0000e+00
      0.764    27.4320     8.8360    111.508  37.259510     35.518      8.578   212.3672     1.4881     0.8365     0.0245      0.068      0.748      1.085        333 7.0371e+02 0.0000e+00
      0.789    27.4223     8.7809    110.805  37.204280     35.468      8.564   210.3229     1.4679     0.8097     0.0245      0.075      0.771      1.119        334 7.0922e+02 0.0000e+00
      0.804    27.4136     8.7757    110.722  37.149086     35.421      8.556   210.4365     1.4719     0.8097     0.0244      0.079      0.789      1.144        335 7.0079e+02 0.0000e+00
      0.821    27.4001     8.8108    111.139  37.150244     35.428      8.547   212.1779     1.5043     0.8499     0.0244      0.081      0.805      1.167        336 7.2121e+02 0.0000e+00
      0.836    27.3854     8.8970    112.196  37.143526     35.433      8.547   211.6858     1.5124     0.8365     0.0244      0.081      0.821      1.190        337 6.9125e+02 0.0000e+00
      0.853    27.3728     9.0071    113.555  37.068474     35.363      8.548   212.1401     1.4881     0.7694     0.0244      0.079      0.836      1.213        338 6.7644e+02 0.0000e+00
      0.869    27.3578     9.1232    114.988  37.006373     35.319      8.545   214.1087     1.4921     0.7828     0.0244      0.075      0.851      1.234        339 6.9737e+02 0.0000e+00
      0.882    27.3406     9.2204    116.181  36.953880     35.274      8.540   216.7208     1.5447     0.7828     0.0244      0.070      0.865      1.254        340 6.8534e+02 0.0000e+00
