Data/DataNotYetUploadedToEDI/Raw_CTD/RawDownloads/071618_fcr30.cnv
* Sea-Bird SBE19plus  Data File:
* FileName = C:\DATA\071618_fcr_0003.hex
* Software version 2.6.3.104
* Temperature SN = 7809
* Conductivity SN = 7809
* System UpLoad Time = Jul 16 2018 16:09:49
* <ApplicationData>
* <Seaterm232>
# nquan = 17
# nvalues = 620                         
# units = specified
# name 0 = depFM: Depth [fresh water, m]
# name 1 = tv290C: Temperature [ITS-90, deg C]
# name 2 = sbeox0Mg/L: Oxygen, SBE 43 [mg/l]
# name 3 = sbeox0PS: Oxygen, SBE 43 [% saturation]
# name 4 = c0uS/cm: Conductivity [uS/cm]
# name 5 = specc: Specific Conductance [uS/cm]
# name 6 = ph: pH
# name 7 = orp: Oxidation Reduction Potential [mV]
# name 8 = flECO-AFL: Fluorescence, WET Labs ECO-AFL/FL [mg/m^3]
# name 9 = turbWETntu0: Turbidity, WET Labs ECO [NTU]
# name 10 = sal00: Salinity, Practical [PSU]
# name 11 = dz/dtM: Descent Rate [m/s]
# name 12 = prdM: Pressure, Strain Gauge [db]
# name 13 = prdE: Pressure, Strain Gauge [psi]
# name 14 = scan: Scan Count
# name 15 = par/sat/log: PAR/Logarithmic, Satlantic
# name 16 = flag:  0.000e+00
# span 0 =     -0.538,      5.341       
# span 1 =    11.4177,    27.9675       
# span 2 =    -0.1271,    14.8315       
# span 3 =     -1.209,    173.259       
# span 4 =   1.041889,  39.347891       
# span 5 =      1.003,     51.457       
# span 6 =      6.274,      8.746       
# span 7 =    74.6047,  1240.2295       
# span 8 =    -0.2547,    18.5320       
# span 9 =    -0.3586,    15.7147       
# span 10 =     0.0125,     0.0268      
# span 11 =     -0.220,      0.187      
# span 12 =     -0.527,      5.237      
# span 13 =     -0.764,      7.596      
# span 14 =          1,        620      
# span 15 = 4.5989e+00, 1.6293e+03      
# span 16 = 0.0000e+00, 0.0000e+00      
# interval = seconds: 0.25
# start_time = Jul 16 2018 16:01:54 [Instrument's time stamp, header]
# bad_flag = -9.990e-29
*END*
[from data line 341]
      2.215    23.0028    14.4282    166.335  33.138602     34.317      8.721   204.4929     6.4213     1.6422     0.0229      0.054      2.172      3.149        342 1.0889e+02 0.0000e+00
      2.231    22.9128    14.3978    165.920  33.101569     34.391      8.717   204.6444     6.4011     1.7228     0.0229      0.058      2.187      3.173        343 1.0848e+02 0.0000e+00
      2.246    22.7988    14.3593    165.329  32.982909     34.353      8.712   204.7579     7.1856     1.7630     0.0228      0.060      2.202      3.194        344 1.0817e+02 0.0000e+00
      2.259    22.6732    14.3156    164.645  32.930480     34.359      8.705   205.5908     7.1451     1.6422     0.0228      0.061      2.214      3.211        345 1.0814e+02 0.0000e+00
      2.267    22.5888    14.2597    163.815  32.929629     34.440      8.703   205.6665     7.1532     1.6153     0.0228      0.060      2.222      3.223        346 1.0815e+02 0.0000e+00
      2.271    22.5633    14.2079    162.812  32.984019     34.592      8.699   205.7422     7.1977     1.6690     0.0228      0.055      2.228      3.232        347 1.0786e+02 0.0000e+00
      2.279    22.5663    14.1487    161.412  32.981461     34.652      8.703   206.0072     7.5010     1.7093     0.0228      0.049      2.236      3.244        348 1.0677e+02 0.0000e+00
      2.291    22.5602    14.0827    159.977  32.992156     34.671      8.701   206.1965     7.4767     1.7362     0.0228      0.044      2.247      3.259        349 1.0645e+02 0.0000e+00
      2.304    22.5053    13.9781    158.319  33.030030     34.726      8.695   205.8936     7.4969     1.6153     0.0229      0.040      2.260      3.278        350 1.0629e+02 0.0000e+00
      2.318    22.4300    13.8067    156.181  32.993637     34.673      8.690   206.3479     7.4646     1.6153     0.0228      0.039      2.273      3.298        351 1.0531e+02 0.0000e+00
      2.334    22.4058    13.5961    153.716  32.978146     34.711      8.684   206.7265     7.9943     1.7899     0.0229      0.040      2.288      3.319        352 1.0419e+02 0.0000e+00
      2.350    22.3882    13.3428    150.832  32.990023     34.771      8.680   207.1429     7.9903     1.6422     0.0229      0.044      2.304      3.342        353 1.0320e+02 0.0000e+00
      2.365    22.3403    13.0723    147.796  32.978883     34.784      8.667   207.2944     8.0226     1.6153     0.0229      0.050      2.319      3.364        354 1.0252e+02 0.0000e+00
      2.380    22.2845    12.8458    145.262  32.932718     34.740      8.659   207.0672     7.9943     1.6422     0.0228      0.055      2.334      3.385        355 1.0100e+02 0.0000e+00
      2.395    22.2234    12.6845    143.406  32.928871     34.774      8.653   207.2565     8.0064     1.6422     0.0228      0.058      2.348      3.406        356 9.9566e+01 0.0000e+00
      2.408    22.0909    12.5872    141.888  32.983691     34.875      8.643   210.1715     7.8043     1.6825     0.0229      0.059      2.361      3.424        357 9.8496e+01 0.0000e+00
      2.418    21.8642    12.5366    140.777  32.983137     34.920      8.632   210.9287     7.8043     1.7765     0.0229      0.058      2.372      3.440        358 9.6762e+01 0.0000e+00
      2.429    21.6424    12.4937    139.874  32.988903     35.016      8.610   212.5565     7.8043     1.6153     0.0229      0.055      2.382      3.455        359 9.5531e+01 0.0000e+00
      2.439    21.4921    12.3302    137.786  33.035888     35.249      8.590   213.0108     7.7962     1.6019     0.0229      0.052      2.392      3.469        360 9.4182e+01 0.0000e+00
      2.449    21.4246    12.0395    134.331  33.043375     35.415      8.571   213.0108     7.4242     1.3333     0.0229      0.049      2.402      3.483        361 9.2671e+01 0.0000e+00
      2.459    21.3973    11.6274    129.543  33.038987     35.532      8.552   213.0487     7.4605     1.2796     0.0229      0.045      2.411      3.497        362 9.1500e+01 0.0000e+00
      2.467    21.3911    11.1377    124.019  33.041415     35.581      8.527   213.2001     7.4484     1.2931     0.0229      0.042      2.419      3.509        363 9.0132e+01 0.0000e+00
      2.475    21.3966    10.6049    117.929  33.040388     35.602      8.506   213.2758     7.4120     1.3065     0.0229      0.039      2.427      3.521        364 8.9028e+01 0.0000e+00
      2.483    21.4098    10.1503    112.527  33.040279     35.608      8.481   213.6922     7.0521     1.2393     0.0229      0.037      2.435      3.533        365 8.8214e+01 0.0000e+00
      2.493    21.3901     9.7535    107.765  33.041556     35.602      8.446   214.8658     7.0400     1.2931     0.0229      0.036      2.445      3.547        366 8.7257e+01 0.0000e+00
      2.504    21.2458     9.4865    104.494  33.098107     35.655      8.416   214.3737     7.0804     1.2125     0.0229      0.036      2.456      3.563        367 8.6255e+01 0.0000e+00
      2.518    21.0480     9.2791    102.036  33.147827     35.724      8.382   215.0551     7.0562     1.2393     0.0229      0.037      2.469      3.582        368 8.5594e+01 0.0000e+00
      2.532    20.8958     9.1095    100.201  33.216935     35.901      8.350   216.3801     7.0400     1.2125     0.0230      0.039      2.484      3.602        369 8.4726e+01 0.0000e+00
      2.548    20.7995     8.9534     98.406  33.338362     36.206      8.322   217.7051     7.0562     1.2662     0.0230      0.043      2.498      3.622        370 8.3725e+01 0.0000e+00
      2.561    20.7199     8.7781     96.433  33.352649     36.327      8.299   217.4022     7.0764     1.2393     0.0230      0.047      2.511      3.642        371 8.3430e+01 0.0000e+00
      2.573    20.6486     8.5804     94.379  33.317844     36.372      8.277   216.8344     7.0562     1.3333     0.0230      0.050      2.524      3.661        372 8.2679e+01 0.0000e+00
      2.587    20.6173     8.4261     92.781  33.263105     36.374      8.257   215.5472     7.1694     1.2393     0.0230      0.052      2.537      3.679        373 8.1794e+01 0.0000e+00
      2.600    20.5490     8.3137     91.549  33.272533     36.433      8.238   215.6230     7.1856     1.2393     0.0230      0.053      2.549      3.698        374 8.1488e+01 0.0000e+00
      2.612    20.3950     8.2630     90.998  33.395106     36.608      8.221   215.2822     7.1977     1.2528     0.0231      0.053      2.561      3.715        375 8.0795e+01 0.0000e+00
      2.624    20.2248     8.2838     91.199  33.466448     36.724      8.203   215.5851     7.1815     1.3333     0.0231      0.052      2.573      3.732        376 8.0039e+01 0.0000e+00
      2.635    20.0693     8.3395     91.734  33.569301     36.974      8.187   215.9258     7.1896     1.2259     0.0232      0.050      2.584      3.748        377 7.9203e+01 0.0000e+00
      2.647    19.9892     8.4077     92.368  33.623031     37.175      8.164   218.1594     7.8043     1.2528     0.0232      0.049      2.596      3.765        378 7.8113e+01 0.0000e+00
      2.658    19.9947     8.4754     92.887  33.636899     37.302      8.138   218.7651     7.8043     1.3602     0.0232      0.048      2.607      3.781        379 7.6830e+01 0.0000e+00
      2.669    19.9614     8.5175     93.039  33.611420     37.373      8.112   220.2415     7.8043     1.2393     0.0232      0.047      2.618      3.797        380 7.5062e+01 0.0000e+00
      2.682    19.9368     8.4952     92.555  33.595465     37.299      8.078   221.8315     7.8407     1.2393     0.0232      0.046      2.630      3.815        381 7.3423e+01 0.0000e+00
      2.694    19.9980     8.3952     91.296  33.656765     37.456      8.046   222.2858    14.1487     1.4273     0.0232      0.046      2.642      3.832        382 7.2040e+01 0.0000e+00
      2.707    20.0500     8.2187     89.341  33.594453     37.352      8.014   223.1566    14.1285     1.4945     0.0232      0.046      2.655      3.850        383 7.0456e+01 0.0000e+00
      2.720    20.0564     7.9643     86.503  33.613704     37.362      7.977   224.7844    14.1326     1.3871     0.0232      0.047      2.666      3.867        384 6.9161e+01 0.0000e+00
      2.727    20.0582     7.6944     83.423  33.632792     37.317      7.944   226.4501    14.1851     1.4810     0.0232      0.046      2.674      3.878        385 6.8222e+01 0.0000e+00
      2.733    20.0442     7.4532     80.325  33.629989     37.314      7.915   227.6616    18.5320     1.9645     0.0232      0.044      2.680      3.888        386 6.7259e+01 0.0000e+00
      2.739    20.0004     7.2044     77.241  33.676495     37.373      7.890   228.0401    18.4876     1.8436     0.0232      0.041      2.688      3.898        387 6.6065e+01 0.0000e+00
      2.749    19.9375     6.9641     74.628  33.693537     37.385      7.869   227.3587    18.4997     1.8705     0.0232      0.039      2.699      3.914        388 6.4763e+01 0.0000e+00
      2.766    19.8133     6.7491     72.355  33.816376     37.577      7.847   228.5323    18.5280     1.8973     0.0233      0.038      2.715      3.938        389 6.3202e+01 0.0000e+00
      2.789    19.6531     6.5177     69.815  33.909165     37.723      7.818   229.1001    14.5976     1.8839     0.0233      0.041      2.736      3.968        390 6.1330e+01 0.0000e+00
      2.814    19.5165     6.3466     67.757  33.993276     37.919      7.796   229.3273    14.6178     1.7765     0.0234      0.048      2.758      4.000        391 5.9698e+01 0.0000e+00
      2.834    19.4332     6.2064     66.075  34.037973     38.123      7.771   230.6144    14.5935     1.8167     0.0234      0.056      2.777      4.028        392 5.8642e+01 0.0000e+00
      2.848    19.4019     6.0845     64.658  34.001890     38.171      7.750   230.0466    14.5976     1.9242     0.0234      0.064      2.792      4.050        393 5.7694e+01 0.0000e+00
      2.860    19.3714     5.9687     63.315  34.038241     38.314      7.732   230.6523    12.5515     1.4945     0.0234      0.069      2.806      4.070        394 5.6715e+01 0.0000e+00
      2.875    19.2685     5.8290     61.712  34.111398     38.394      7.714   230.5387    12.5515     1.4273     0.0234      0.071      2.821      4.091        395 5.5910e+01 0.0000e+00
      2.894    18.9819     5.6738     59.905  34.177771     38.524      7.697   235.3844    12.5394     1.4945     0.0235      0.071      2.838      4.116        396 5.4992e+01 0.0000e+00
      2.913    18.7295     5.5084     58.093  34.103944     38.506      7.680   230.4251    12.5313     1.3602     0.0234      0.069      2.855      4.142        397 5.4249e+01 0.0000e+00
      2.928    18.6965     5.3475     56.381  34.055055     38.704      7.663   235.2709    12.5677     1.4542     0.0234      0.065      2.870      4.164        398 5.3664e+01 0.0000e+00
      2.940    18.7212     5.1594     54.285  34.149755     39.059      7.649   237.0502    10.2143     1.2125     0.0235      0.062      2.882      4.180        399 5.3458e+01 0.0000e+00
      2.948    18.6723     4.9626     52.081  34.104814     39.016      7.637   236.4823    10.2466     1.1588     0.0235      0.059      2.891      4.193        400 5.3264e+01 0.0000e+00
      2.956    18.5180     4.7411     49.576  34.111016     38.998      7.621   239.3216    10.2183     1.1991     0.0235      0.056      2.900      4.207        401 5.2922e+01 0.0000e+00
      2.969    18.3777     4.5451     47.295  34.290322     39.259      7.610   239.6245    10.2143     1.1856     0.0236      0.053      2.913      4.225        402 5.2671e+01 0.0000e+00
      2.986    18.2866     4.3668     45.246  34.474827     39.599      7.597   239.9652     7.9175     1.0111     0.0237      0.051      2.929      4.248        403 5.2226e+01 0.0000e+00
      3.005    18.2015     4.2099     43.468  34.563564     39.853      7.581   241.1009     7.9458     1.0648     0.0237      0.050      2.946      4.273        404 5.2120e+01 0.0000e+00
      3.021    18.1016     4.0873     42.086  34.476519     39.807      7.568   239.6245     7.9458     0.9439     0.0237      0.051      2.963      4.298        405 5.1719e+01 0.0000e+00
      3.040    17.9733     4.0046     41.143  34.642516     40.081      7.555   240.6845     7.9256     1.0379     0.0238      0.055      2.979      4.320        406 5.1231e+01 0.0000e+00
      3.050    17.9182     3.9508     40.538  34.861197     40.462      7.537   240.7980     7.7921     1.1319     0.0239      0.058      2.991      4.338        407 5.1296e+01 0.0000e+00
      3.059    17.8988     3.9445     40.437  34.856879     40.523      7.524   240.6087     7.8123     1.3065     0.0239      0.059      3.001      4.353        408 5.0951e+01 0.0000e+00
      3.073    17.8038     3.9461     40.399  34.914856     40.704      7.508   240.1166     7.8366     1.2393     0.0239      0.059      3.014      4.372        409 5.0334e+01 0.0000e+00
      3.091    17.6766     3.9460     40.374  34.967022     40.718      7.495   240.6845     7.7962     1.2259     0.0239      0.058      3.031      4.396        410 4.9892e+01 0.0000e+00
      3.108    17.5013     3.9401     40.257  34.910610     40.813      7.479   240.2302     7.4242     1.1185     0.0239      0.057      3.048      4.421        411 4.9508e+01 0.0000e+00
      3.125    17.2693     3.9191     39.946  34.718185     40.638      7.467   240.2302     7.4363     1.0514     0.0238      0.056      3.065      4.445        412 4.9090e+01 0.0000e+00
      3.141    17.0618     3.8583     39.213  34.524437     40.640      7.447   241.1766     7.4120     1.0379     0.0238      0.058      3.080      4.467        413 4.8673e+01 0.0000e+00
      3.156    16.8959     3.7742     38.294  34.380727     40.635      7.433   242.2745     7.4322     1.0514     0.0237      0.059      3.095      4.488        414 4.8257e+01 0.0000e+00
      3.171    16.7619     3.6477     37.014  34.333653     40.834      7.416   241.0252     7.0562     1.0648     0.0237      0.062      3.110      4.511        415 4.7885e+01 0.0000e+00
      3.187    16.6562     3.4634     35.166  34.316206     40.930      7.402   241.5930     7.0562     1.0916     0.0237      0.063      3.125      4.532        416 4.7559e+01 0.0000e+00
      3.201    16.5966     3.2353     32.867  34.343204     41.128      7.386   242.7287     7.0602     1.0245     0.0237      0.063      3.139      4.552        417 4.7197e+01 0.0000e+00
      3.214    16.5500     2.9926     30.371  34.418744     41.300      7.372   243.3723     7.0562     1.0782     0.0237      0.061      3.152      4.572        418 4.6849e+01 0.0000e+00
      3.229    16.4925     2.7549     27.887  34.489157     41.460      7.356   243.6373     7.0602     1.0514     0.0238      0.059      3.167      4.593        419 4.6366e+01 0.0000e+00
      3.246    16.4572     2.5766     26.059  34.522522     41.536      7.335   242.4259     6.3930     0.9305     0.0238      0.058      3.184      4.617        420 4.5747e+01 0.0000e+00
      3.265    16.3945     2.4607     24.871  34.584845     41.668      7.316   244.1295     6.4092     0.9574     0.0238      0.059      3.202      4.644        421 4.5146e+01 0.0000e+00
      3.284    16.2781     2.3993     24.250  34.767503     41.933      7.300   244.9245     6.4254     1.0648     0.0239      0.061      3.221      4.672        422 4.4535e+01 0.0000e+00
      3.305    16.1444     2.3810     24.058  35.007005     42.270      7.281   247.2716     6.4213     0.9574     0.0241      0.064      3.240      4.700        423 4.4063e+01 0.0000e+00
      3.324    16.0646     2.3947     24.185  35.295184     42.759      7.266   246.7038     5.1597     0.9439     0.0242      0.068      3.258      4.726        424 4.3614e+01 0.0000e+00
      3.340    16.0692     2.4479     24.681  35.357975     42.969      7.251   248.7481     5.1597     1.0379     0.0243      0.070      3.274      4.748        425 4.3201e+01 0.0000e+00
