Data/DataNotYetUploadedToEDI/Raw_CTD/RawDownloads/071618_fcr30.cnv
* Sea-Bird SBE19plus  Data File:
* FileName = C:\DATA\071618_fcr_0003.hex
* Software version 2.6.3.104
* Temperature SN = 7809
* Conductivity SN = 7809
* System UpLoad Time = Jul 16 2018 16:09:49
* <ApplicationData>
* <Seaterm232>
# nquan = 17
# nvalues = 620                         
# units = specified
# name 0 = depFM: Depth [fresh water, m]
# name 1 = tv290C: Temperature [ITS-90, deg C]
# name 2 = sbeox0Mg/L: Oxygen, SBE 43 [mg/l]
# name 3 = sbeox0PS: Oxygen, SBE 43 [% saturation]
# name 4 = c0uS/cm: Conductivity [uS/cm]
# name 5 = specc: Specific Conductance [uS/cm]
# name 6 = ph: pH
# name 7 = orp: Oxidation Reduction Potential [mV]
# name 8 = flECO-AFL: Fluorescence, WET Labs ECO-AFL/FL [mg/m^3]
# name 9 = turbWETntu0: Turbidity, WET Labs ECO [NTU]
# name 10 = sal00: Salinity, Practical [PSU]
# name 11 = dz/dtM: Descent Rate [m/s]
# name 12 = prdM: Pressure, Strain Gauge [db]
# name 13 = prdE: Pressure, Strain Gauge [psi]
# name 14 = scan: Scan Count
# name 15 = par/sat/log: PAR/Logarithmic, Satlantic
# name 16 = flag:  0.000e+00
# span 0 =     -0.538,      5.341       
# span 1 =    11.4177,    27.9675       
# span 2 =    -0.1271,    14.8315       
# span 3 =     -1.209,    173.259       
# span 4 =   1.041889,  39.347891       
# span 5 =      1.003,     51.457       
# span 6 =      6.274,      8.746       
# span 7 =    74.6047,  1240.2295       
# span 8 =    -0.2547,    18.5320       
# span 9 =    -0.3586,    15.7147       
# span 10 =     0.0125,     0.0268      
# span 11 =     -0.220,      0.187      
# span 12 =     -0.527,      5.237      
# span 13 =     -0.764,      7.596      
# span 14 =          1,        620      
# span 15 = 4.5989e+00, 1.6293e+03      
# span 16 = 0.0000e+00, 0.0000e+00      
# interval = seconds: 0.25
# start_time = Jul 16 2018 16:01:54 [Instrument's time stamp, header]
# bad_flag = -9.990e-29
*END*
[from data line 171]
      0.011    27.5473     5.3172     67.565  36.578703     34.811      8.524   174.8507     1.6498     0.7425     0.0242      0.000      0.010      0.014        172 1.4122e+03 0.0000e+00
      0.009    27.5475     6.3372     80.639  36.605542     34.811      8.526   175.2671     1.6256     0.8231     0.0242      0.000      0.009      0.012        173 1.4210e+03 0.0000e+00
      0.007    27.5475     7.4042     94.279  36.652637     34.891      8.526   175.1914     1.6256     0.7559     0.0243     -0.000      0.007      0.011        174 1.4405e+03 0.0000e+00
      0.007    27.5470     8.3901    106.849  36.549753     34.758      8.525   175.6457     1.6256     0.8231     0.0242     -0.001      0.007      0.011        175 1.4525e+03 0.0000e+00
      0.008    27.5468     9.2115    117.310  36.525967     34.758      8.527   175.8350     1.6498     0.7828     0.0242     -0.001      0.008      0.012        176 1.4653e+03 0.0000e+00
      0.009    27.5463     9.8111    124.949  36.593261     34.811      8.525   175.9107     1.6215     0.8365     0.0242     -0.001      0.009      0.013        177 1.4949e+03 0.0000e+00
      0.010    27.5464    10.2052    129.969  36.525325     34.758      8.522   176.0621     1.6377     0.8365     0.0242     -0.001      0.009      0.013        178 1.5233e+03 0.0000e+00
      0.009    27.5465    10.3785    132.164  36.551194     34.759      8.518   176.4028     1.6418     0.7828     0.0242     -0.000      0.008      0.012        179 1.5455e+03 0.0000e+00
      0.008    27.5478    10.2942    131.087  36.590726     34.839      8.518   176.4786     1.4517     0.8499     0.0242     -0.000      0.008      0.012        180 1.5547e+03 0.0000e+00
      0.008    27.5921    10.0662    128.195  36.565105     34.758      8.519   176.8950     1.4638     0.7828     0.0242      0.000      0.009      0.013        181 1.5504e+03 0.0000e+00
      0.010    27.6882     9.8502    125.445  36.998308     35.210      8.517   176.8193     1.4557     0.8499     0.0244      0.001      0.010      0.014        182 1.5483e+03 0.0000e+00
      0.011    27.7688     9.6774    123.232  37.415941     35.580      8.516   177.2736     1.4436     0.8097     0.0245      0.001      0.010      0.014        183 1.5430e+03 0.0000e+00
      0.010    27.8056     9.5423    121.510  37.439348     35.513      8.514   177.8414     1.4517     0.7559     0.0245      0.001      0.009      0.014        184 1.5342e+03 0.0000e+00
      0.008    27.8151     9.4298    120.101  37.473356     35.512      8.511   177.8793     1.4719     0.7828     0.0246      0.000      0.008      0.012        185 1.5212e+03 0.0000e+00
      0.007    27.8150     9.3446    119.034  37.492220     35.487      8.510   177.9928     1.4355     0.7828     0.0246     -0.000      0.007      0.011        186 1.5119e+03 0.0000e+00
      0.008    27.8168     9.2836    118.266  37.475170     35.481      8.510   178.1064     1.4234     0.7828     0.0246     -0.000      0.008      0.012        187 1.5125e+03 0.0000e+00
      0.010    27.8169     9.2524    117.872  37.494567     35.481      8.513   178.3714     1.4638     0.8499     0.0246     -0.000      0.009      0.014        188 1.5157e+03 0.0000e+00
      0.010    27.8119     9.2431    117.737  37.468081     35.480      8.513   178.7500     1.4396     0.8902     0.0246     -0.000      0.009      0.014        189 1.5303e+03 0.0000e+00
      0.009    27.8106     9.2429    117.718  37.448810     35.427      8.511   178.8636     1.4396     0.7694     0.0245     -0.000      0.009      0.013        190 1.5533e+03 0.0000e+00
      0.009    27.8151     9.2370    117.646  37.518549     35.537      8.513   179.2043     1.4477     0.7559     0.0246     -0.000      0.008      0.012        191 1.5698e+03 0.0000e+00
      0.008    27.8156     9.2442    117.733  37.499936     35.484      8.512   179.1664     1.4477     0.7962     0.0246     -0.000      0.008      0.012        192 1.5852e+03 0.0000e+00
      0.009    27.8100     9.2498    117.783  37.471974     35.481      8.512   179.2421     1.4274     0.8499     0.0246      0.000      0.009      0.013        193 1.5955e+03 0.0000e+00
      0.009    27.8100     9.2553    117.831  37.434705     35.428      8.510   179.6207     1.4436     0.7962     0.0245      0.000      0.009      0.014        194 1.5958e+03 0.0000e+00
      0.011    27.8205     9.2611    117.899  37.486998     35.485      8.510   180.0750     1.4436     0.7828     0.0246      0.000      0.010      0.015        195 1.5955e+03 0.0000e+00
      0.012    27.8292     9.2625    117.920  37.525539     35.538      8.510   180.0750     1.4315     0.7828     0.0246      0.001      0.012      0.017        196 1.5979e+03 0.0000e+00
      0.013    27.8332     9.2525    117.782  37.446061     35.425      8.510   180.3021     1.3668     0.7291     0.0245      0.002      0.012      0.018        197 1.6013e+03 0.0000e+00
      0.012    27.8345     9.2394    117.603  37.467262     35.472      8.509   180.3021     1.3749     0.8365     0.0246      0.002      0.012      0.018        198 1.5965e+03 0.0000e+00
      0.013    27.8273     9.2340    117.531  37.439828     35.416      8.510   180.6429     1.3870     0.8097     0.0245      0.003      0.013      0.019        199 1.5891e+03 0.0000e+00
      0.014    27.8199     9.2345    117.517  37.420877     35.415      8.511   180.9457     1.3708     0.8634     0.0245      0.003      0.013      0.019        200 1.5941e+03 0.0000e+00
      0.012    27.8206     9.2389    117.534  37.490847     35.473      8.511   181.0971     1.4274     0.8097     0.0246      0.002      0.011      0.016        201 1.5977e+03 0.0000e+00
      0.008    27.8184     9.2409    117.519  37.560378     35.558      8.512   181.0593     1.4315     0.7828     0.0246      0.000      0.009      0.012        202 1.5949e+03 0.0000e+00
      0.007    27.8083     9.2571    117.678  37.482651     35.478      8.511   181.0593     1.4517     0.8365     0.0246     -0.002      0.007      0.011        203 1.5968e+03 0.0000e+00
      0.007    27.7981     9.2769    117.898  37.439275     35.426      8.512   181.0971     1.4315     0.7828     0.0245     -0.003      0.007      0.011        204 1.6001e+03 0.0000e+00
      0.009    27.7953     9.2968    118.143  37.466059     35.486      8.513   181.4379     1.4072     0.7828     0.0246     -0.003      0.008      0.013        205 1.6031e+03 0.0000e+00
      0.011    27.7963     9.3039    118.216  37.449325     35.440      8.513   181.8543     1.4638     0.8499     0.0245     -0.002      0.012      0.018        206 1.6105e+03 0.0000e+00
      0.019    27.7915     9.3073    118.233  37.519427     35.548      8.514   182.0814     1.4355     0.8634     0.0246      0.001      0.019      0.028        207 1.6074e+03 0.0000e+00
      0.029    27.7857     9.3174    118.322  37.497461     35.494      8.515   182.0057     1.4315     0.8097     0.0246      0.006      0.028      0.040        208 1.6221e+03 0.0000e+00
      0.037    27.7837     9.3328    118.470  37.476660     35.497      8.516   181.8921     1.4436     0.7425     0.0246      0.012      0.037      0.054        209 1.5539e+03 0.0000e+00
      0.048    27.7742     9.3409    118.530  37.485994     35.501      8.514   181.7029     1.5002     0.7559     0.0246      0.020      0.048      0.069        210 1.4890e+03 0.0000e+00
      0.060    27.7560     9.3499    118.610  37.426529     35.449      8.513   182.4600     1.5164     0.7694     0.0245      0.027      0.059      0.086        211 1.3233e+03 0.0000e+00
      0.073    27.7357     9.3632    118.746  37.432027     35.456      8.511   182.4221     1.5164     0.8768     0.0245      0.033      0.072      0.104        212 1.3412e+03 0.0000e+00
      0.086    27.7135     9.3866    119.015  37.479157     35.521      8.511   182.4221     1.5326     0.8499     0.0246      0.039      0.085      0.123        213 1.0288e+03 0.0000e+00
      0.101    27.6989     9.4021    119.191  37.486525     35.535      8.510   182.3843     1.4274     0.7962     0.0246      0.044      0.100      0.144        214 7.4031e+02 0.0000e+00
      0.116    27.6939     9.4035    119.195  37.482188     35.550      8.508   182.6493     1.4274     0.7828     0.0246      0.048      0.116      0.168        215 1.2516e+03 0.0000e+00
      0.137    27.6867     9.4029    119.183  37.484566     35.560      8.502   182.9900     1.4517     0.8365     0.0246      0.053      0.136      0.197        216 1.0500e+03 0.0000e+00
      0.161    27.6738     9.3972    119.099  37.483572     35.563      8.493   183.2171     1.4557     0.8097     0.0246      0.059      0.158      0.229        217 8.4065e+02 0.0000e+00
      0.184    27.6549     9.3777    118.819  37.483427     35.568      8.486   183.9364     1.5043     1.0514     0.0246      0.066      0.179      0.260        218 1.0266e+03 0.0000e+00
      0.203    27.6328     9.3588    118.540  37.484751     35.576      8.487   183.8229     1.4921     1.0379     0.0246      0.071      0.198      0.287        219 8.3200e+02 0.0000e+00
      0.219    27.6127     9.3547    118.451  37.422612     35.536      8.489   183.7850     1.5083     0.9574     0.0245      0.075      0.215      0.312        220 8.8632e+02 0.0000e+00
      0.236    27.5961     9.3543    118.416  37.382808     35.498      8.502   191.8107     1.5124     1.0916     0.0245      0.077      0.231      0.336        221 1.0575e+03 0.0000e+00
      0.252    27.5809     9.3521    118.365  37.415657     35.565      8.510   189.3122     1.5730     0.9842     0.0245      0.076      0.247      0.359        222 9.5957e+02 0.0000e+00
      0.269    27.5679     9.3453    118.259  37.441062     35.576      8.515   185.6400     1.5649     1.0379     0.0245      0.075      0.262      0.380        223 8.7274e+02 0.0000e+00
      0.281    27.5581     9.3391    118.161  37.469843     35.639      8.522   185.2236     1.5690     1.0379     0.0246      0.070      0.276      0.400        224 6.7165e+02 0.0000e+00
      0.295    27.5515     9.3415    118.175  37.439169     35.595      8.529   193.2872     1.5690     0.9439     0.0245      0.065      0.289      0.420        225 6.2239e+02 0.0000e+00
      0.309    27.5491     9.3465    118.225  37.419921     35.602      8.539   192.7950     1.5609     1.0916     0.0246      0.061      0.304      0.442        226 7.1703e+02 0.0000e+00
      0.326    27.5434     9.3517    118.276  37.434481     35.606      8.547   193.0222     1.5568     1.0916     0.0246      0.060      0.322      0.467        227 6.3757e+02 0.0000e+00
      0.349    27.5282     9.3514    118.254  37.421051     35.608      8.552   193.2493     1.5568     1.0245     0.0246      0.061      0.344      0.499        228 6.3750e+02 0.0000e+00
      0.377    27.5096     9.3443    118.144  37.377315     35.558      8.559   194.8015     1.5487     1.0111     0.0245      0.065      0.369      0.535        229 6.2030e+02 0.0000e+00
      0.401    27.4923     9.3287    117.925  37.310953     35.516      8.561   201.5779     1.5568     0.9574     0.0245      0.071      0.392      0.569        230 6.1765e+02 0.0000e+00
      0.421    27.4777     9.3131    117.721  37.266365     35.475      8.569   190.1829     1.5771     0.8499     0.0245      0.077      0.413      0.599        231 6.2345e+02 0.0000e+00
      0.441    27.4668     9.2943    117.479  37.314175     35.540      8.569   196.9972     1.5892     0.8365     0.0245      0.082      0.431      0.625        232 7.1174e+02 0.0000e+00
      0.455    27.4572     9.2817    117.315  37.310784     35.550      8.577   202.8651     1.5649     0.8499     0.0245      0.083      0.447      0.649        233 7.5846e+02 0.0000e+00
      0.474    27.4482     9.2604    117.013  37.270593     35.504      8.578   204.7958     1.5649     0.8902     0.0245      0.083      0.465      0.674        234 7.0132e+02 0.0000e+00
      0.494    27.4402     9.2510    116.824  37.304879     35.564      8.580   208.2029     1.6215     0.8902     0.0245      0.081      0.481      0.697        235 7.2201e+02 0.0000e+00
      0.503    27.4337     9.2363    116.578  37.268120     35.517      8.580   205.5529     1.6458     0.8634     0.0245      0.075      0.493      0.715        236 6.6856e+02 0.0000e+00
      0.513    27.4268     9.2006    116.076  37.257023     35.522      8.583   200.7451     1.6498     0.7559     0.0245      0.067      0.504      0.732        237 5.9375e+02 0.0000e+00
      0.528    27.4187     9.1585    115.504  37.259372     35.526      8.584   201.6536     1.6539     0.8365     0.0245      0.062      0.519      0.752        238 5.8060e+02 0.0000e+00
      0.545    27.4086     9.1142    114.914  37.205880     35.478      8.585   192.4922     1.7105     0.8634     0.0245      0.059      0.536      0.777        239 5.5107e+02 0.0000e+00
      0.567    27.3988     9.0677    114.303  37.204958     35.483      8.581   201.8429     1.6943     0.8097     0.0245      0.059      0.556      0.806        240 4.3658e+02 0.0000e+00
      0.587    27.3950     9.0289    113.794  37.201204     35.490      8.575   197.3379     1.7024     0.8902     0.0245      0.061      0.575      0.834        241 5.0889e+02 0.0000e+00
      0.604    27.3934     9.0015    113.429  37.151238     35.444      8.575   196.2022     1.6862     0.7559     0.0244      0.063      0.593      0.860        242 6.5868e+02 0.0000e+00
      0.625    27.3903     8.9863    113.218  37.148506     35.446      8.577   200.5936     1.7509     0.7828     0.0244      0.066      0.612      0.887        243 6.0397e+02 0.0000e+00
      0.644    27.3741     8.9922    113.268  37.145287     35.447      8.579   197.1108     1.7631     0.8634     0.0244      0.071      0.631      0.915        244 5.9327e+02 0.0000e+00
      0.662    27.3422     9.0306    113.728  37.066267     35.369      8.578   198.5493     1.7995     0.8634     0.0244      0.074      0.651      0.944        245 5.8528e+02 0.0000e+00
      0.686    27.3123     9.0977    114.552  36.979911     35.300      8.579   198.7008     1.7792     0.8634     0.0244      0.077      0.672      0.975        246 5.8930e+02 0.0000e+00
      0.708    27.2878     9.1699    115.447  36.956166     35.295      8.574   201.1615     1.7469     0.8365     0.0244      0.078      0.693      1.006        247 5.9520e+02 0.0000e+00
      0.729    27.2679     9.2616    116.589  36.947533     35.315      8.566   194.5743     1.7469     0.7828     0.0244      0.079      0.713      1.035        248 5.6945e+02 0.0000e+00
      0.747    27.2526     9.3584    117.796  36.901692     35.278      8.559   197.1865     1.7550     0.8365     0.0244      0.080      0.732      1.061        249 5.5472e+02 0.0000e+00
      0.763    27.2403     9.4484    118.915  36.894589     35.291      8.546   200.4801     1.7671     0.8097     0.0244      0.080      0.749      1.085        250 5.2562e+02 0.0000e+00
      0.779    27.2306     9.5272    119.893  36.956383     35.355      8.536   201.1236     1.7711     0.7828     0.0244      0.078      0.765      1.109        251 5.4046e+02 0.0000e+00
      0.797    27.2212     9.5910    120.681  36.973097     35.390      8.527   202.7515     1.8318     0.7828     0.0244      0.076      0.781      1.133        252 5.7153e+02 0.0000e+00
      0.813    27.2111     9.6209    121.047  36.962774     35.370      8.521   199.3822     1.8480     0.8097     0.0244      0.073      0.798      1.158        253 5.4580e+02 0.0000e+00
      0.832    27.1994     9.6366    121.237  37.058215     35.484      8.511   198.7008     1.8601     0.8365     0.0244      0.070      0.816      1.184        254 5.4489e+02 0.0000e+00
      0.852    27.1877     9.6381    121.247  37.061944     35.490      8.501   200.6693     1.8480     0.8768     0.0244      0.069      0.835      1.211        255 5.3465e+02 0.0000e+00
