Data/DataNotYetUploadedToEDI/Raw_CTD/RawDownloads/071618_fcr20.cnv
* Sea-Bird SBE19plus  Data File:
* FileName = C:\DATA\071618_fcr_0002.hex
* Software version 2.6.3.104
* Temperature SN = 7809
* Conductivity SN = 7809
* System UpLoad Time = Jul 16 2018 16:09:28
* <ApplicationData>
* <Seaterm232>
# nquan = 17
# nvalues = 440                         
# units = specified
# name 0 = depFM: Depth [fresh water, m]
# name 1 = tv290C: Temperature [ITS-90, deg C]
# name 2 = sbeox0Mg/L: Oxygen, SBE 43 [mg/l]
# name 3 = sbeox0PS: Oxygen, SBE 43 [% saturation]
# name 4 = c0uS/cm: Conductivity [uS/cm]
# name 5 = specc: Specific Conductance [uS/cm]
# name 6 = ph: pH
# name 7 = orp: Oxidation Reduction Potential [mV]
# name 8 = flECO-AFL: Fluorescence, WET Labs ECO-AFL/FL [mg/m^3]
# name 9 = turbWETntu0: Turbidity, WET Labs ECO [NTU]
# name 10 = sal00: Salinity, Practical [PSU]
# name 11 = dz/dtM: Descent Rate [m/s]
# name 12 = prdM: Pressure, Strain Gauge [db]
# name 13 = prdE: Pressure, Strain Gauge [psi]
# name 14 = scan: Scan Count
# name 15 = par/sat/log: PAR/Logarithmic, Satlantic
# name 16 = flag:  0.000e+00
# span 0 =     -0.532,      3.395       
# span 1 =    15.6275,    27.9653       
# span 2 =    -0.6378,    15.6800       
# span 3 =     -6.831,    183.865       
# span 4 =   1.303190,  88.508291       
# span 5 =      1.652,    108.675       
# span 6 =      6.748,      8.644       
# span 7 =    86.4919,   247.4609       
# span 8 =    -0.1900,    12.0905       
# span 9 =    -0.8286,     8.6650       
# span 10 =     0.0127,     0.0533      
# span 11 =     -0.079,      0.224      
# span 12 =     -0.521,      3.326      
# span 13 =     -0.756,      4.824      
# span 14 =          1,        440      
# span 15 = 2.5816e+01, 2.5667e+03      
# span 16 = 0.0000e+00, 0.0000e+00      
# interval = seconds: 0.25
# start_time = Jul 16 2018 15:44:10 [Instrument's time stamp, header]
# bad_flag = -9.990e-29
*END*
[from data line 86]
      0.014    27.8566     6.9332     88.341  37.443915     35.398      8.606   167.4685     1.6134     0.7022     0.0245     -0.040      0.012      0.017         87 8.1174e+02 0.0000e+00
      0.013    27.8515     6.8274     86.993  37.417323     35.399      8.603   167.7335     1.6296     1.1185     0.0245     -0.036      0.012      0.017         88 1.1932e+03 0.0000e+00
      0.011    27.8479     6.7251     85.689  37.435406     35.400      8.603   167.5821     1.6175     0.9842     0.0245     -0.027      0.011      0.016         89 2.0296e+03 0.0000e+00
      0.010    27.8468     6.6368     84.563  37.421412     35.404      8.603   167.8092     1.6337     0.9574     0.0245     -0.015      0.011      0.015         90 2.1585e+03 0.0000e+00
      0.011    27.8458     6.5556     83.528  37.494060     35.459      8.607   167.8471     1.6175     1.1051     0.0246     -0.002      0.011      0.016         91 2.0954e+03 0.0000e+00
      0.012    27.8449     6.4928     82.728  37.522959     35.513      8.608   168.1121     1.6094     0.9574     0.0246      0.002      0.012      0.017         92 2.1319e+03 0.0000e+00
      0.013    27.8446     6.4362     82.006  37.444769     35.408      8.611   168.3014     1.6498     1.0514     0.0245      0.001      0.012      0.018         93 2.1087e+03 0.0000e+00
      0.013    27.8445     6.3837     81.337  37.413408     35.408      8.615   168.1500     1.6175     1.0111     0.0245      0.000      0.012      0.018         94 2.1189e+03 0.0000e+00
      0.013    27.8446     6.3300     80.652  37.384029     35.356      8.615   168.3392     1.6418     1.0111     0.0245      0.000      0.013      0.019         95 2.1167e+03 0.0000e+00
      0.013    27.8447     6.2774     79.982  37.362690     35.356      8.613   169.3235     1.6134     0.9842     0.0245      0.001      0.013      0.019         96 2.1247e+03 0.0000e+00
      0.014    27.8445     6.2247     79.310  37.439962     35.409      8.612   169.4750     1.6903     1.0916     0.0245      0.002      0.013      0.019         97 2.1511e+03 0.0000e+00
      0.013    27.8442     6.1832     78.781  37.465825     35.461      8.612   169.9671     1.6984     0.9574     0.0246      0.002      0.013      0.019         98 2.0976e+03 0.0000e+00
      0.012    27.8440     6.1519     78.380  37.389824     35.356      8.613   170.0807     1.6620     1.0245     0.0245      0.001      0.012      0.017         99 2.1419e+03 0.0000e+00
      0.009    27.8439     6.1393     78.220  37.415904     35.409      8.615   170.3078     1.6984     0.9842     0.0245     -0.001      0.009      0.014        100 2.0171e+03 0.0000e+00
      0.007    27.8436     6.1194     77.965  37.433369     35.409      8.613   170.0428     1.6701     1.0379     0.0245     -0.002      0.008      0.012        101 1.4070e+03 0.0000e+00
      0.008    27.8431     6.0906     77.598  37.427409     35.409      8.617   171.0271     1.6862     1.0379     0.0245     -0.003      0.009      0.013        102 1.0231e+03 0.0000e+00
      0.011    27.8429     6.0708     77.341  37.423321     35.409      8.618   171.1028     1.7105     1.0648     0.0245     -0.003      0.010      0.015        103 1.0703e+03 0.0000e+00
      0.011    27.8428     6.0421     76.973  37.319816     35.304      8.616   171.4435     1.7024     1.0245     0.0245     -0.002      0.011      0.017        104 1.6332e+03 0.0000e+00
      0.012    27.8422     6.0096     76.557  37.318939     35.304      8.618   171.7464     1.6418     0.8634     0.0245     -0.001      0.012      0.018        105 1.8073e+03 0.0000e+00
      0.015    27.8419     5.9694     76.045  37.365093     35.357      8.618   172.4657     1.6134     0.8097     0.0245      0.001      0.013      0.019        106 1.2841e+03 0.0000e+00
      0.012    27.8418     5.9326     75.575  37.321699     35.305      8.619   171.9357     1.6377     0.7962     0.0245      0.002      0.011      0.016        107 8.8523e+02 0.0000e+00
      0.006    27.8413     5.8869     74.993  37.313622     35.305      8.621   172.3521     1.6054     0.8634     0.0245      0.001      0.007      0.011        108 1.0206e+03 0.0000e+00
      0.006    27.8408     5.8436     74.441  37.375144     35.358      8.618   173.0335     1.5609     0.8902     0.0245     -0.000      0.007      0.010        109 1.6652e+03 0.0000e+00
      0.011    27.8403     5.8109     74.023  37.423096     35.411      8.614   173.1471     1.5366     1.0111     0.0245     -0.001      0.011      0.015        110 1.9998e+03 0.0000e+00
      0.016    27.8401     5.7820     73.656  37.372587     35.358      8.607   174.1693     1.5649     1.0379     0.0245     -0.000      0.014      0.020        111 2.0003e+03 0.0000e+00
      0.014    27.8390     5.7542     73.302  37.319361     35.306      8.606   174.1693     1.5649     0.9842     0.0245      0.000      0.014      0.020        112 2.0038e+03 0.0000e+00
      0.012    27.8366     5.7281     72.968  37.311375     35.306      8.606   174.1314     1.4840     0.9842     0.0245      0.001      0.012      0.018        113 1.9808e+03 0.0000e+00
      0.012    27.8344     5.7033     72.653  37.323206     35.306      8.608   174.6236     1.4921     0.9574     0.0245      0.001      0.012      0.018        114 1.9807e+03 0.0000e+00
      0.013    27.8332     5.6803     72.359  37.304638     35.308      8.607   174.8886     1.5043     0.9574     0.0245      0.002      0.013      0.019        115 1.9897e+03 0.0000e+00
      0.014    27.8325     5.6571     72.063  37.275165     35.257      8.613   175.1536     1.5124     1.0379     0.0245      0.003      0.014      0.020        116 1.9906e+03 0.0000e+00
      0.015    27.8321     5.6382     71.821  37.300566     35.311      8.614   175.4186     1.5002     0.9574     0.0245      0.002      0.014      0.021        117 1.9910e+03 0.0000e+00
      0.015    27.8318     5.6115     71.481  37.273026     35.258      8.612   176.2136     1.5407     0.9439     0.0245      0.001      0.014      0.021        118 1.9897e+03 0.0000e+00
      0.015    27.8315     5.5845     71.136  37.309437     35.311      8.607   176.4028     1.5649     1.0379     0.0245      0.000      0.014      0.020        119 1.9857e+03 0.0000e+00
      0.011    27.8313     5.5616     70.843  37.314573     35.311      8.607   176.1378     1.5568     0.9842     0.0245      0.000      0.011      0.017        120 1.9798e+03 0.0000e+00
      0.009    27.8313     5.5332     70.481  37.266636     35.259      8.610   176.8193     1.5447     1.0514     0.0245     -0.001      0.010      0.014        121 1.9775e+03 0.0000e+00
      0.010    27.8313     5.5111     70.198  37.309775     35.312      8.611   176.8950     1.6215     0.9708     0.0245     -0.002      0.010      0.014        122 1.9714e+03 0.0000e+00
      0.010    27.8309     5.4908     69.939  37.320207     35.312      8.612   177.7657     1.6256     1.0916     0.0245     -0.003      0.010      0.014        123 1.9579e+03 0.0000e+00
      0.010    27.8306     5.4667     69.633  37.312974     35.312      8.607   177.8036     1.6418     0.9574     0.0245     -0.003      0.010      0.015        124 1.9459e+03 0.0000e+00
      0.011    27.8304     5.4428     69.327  37.318777     35.312      8.606   178.2578     1.6175     1.0111     0.0245     -0.003      0.011      0.016        125 1.9363e+03 0.0000e+00
      0.012    27.8299     5.4244     69.093  37.312985     35.312      8.605   178.3336     1.5043     1.0111     0.0245     -0.002      0.012      0.017        126 1.9259e+03 0.0000e+00
      0.012    27.8293     5.4067     68.866  37.260861     35.260      8.606   178.6743     1.5083     0.9574     0.0245     -0.000      0.012      0.017        127 1.9138e+03 0.0000e+00
      0.012    27.8290     5.3874     68.621  37.265004     35.260      8.607   178.5986     1.4881     1.0648     0.0245      0.001      0.012      0.017        128 1.9074e+03 0.0000e+00
      0.013    27.8283     5.3686     68.381  37.307830     35.313      8.607   179.0529     1.4800     0.9976     0.0245      0.002      0.013      0.018        129 1.9055e+03 0.0000e+00
      0.013    27.8275     5.3512     68.158  37.266885     35.260      8.611   178.9014     1.4881     0.7559     0.0245      0.002      0.013      0.018        130 1.9083e+03 0.0000e+00
      0.013    27.8272     5.3289     67.873  37.256639     35.261      8.616   179.4693     1.5043     0.8231     0.0245      0.002      0.013      0.019        131 1.9128e+03 0.0000e+00
      0.013    27.8268     5.3119     67.656  37.261261     35.261      8.620   179.8857     1.4638     0.7828     0.0245      0.001      0.013      0.019        132 1.9144e+03 0.0000e+00
      0.013    27.8262     5.2954     67.446  37.261134     35.262      8.622   179.9614     1.4962     0.7022     0.0245      0.001      0.013      0.019        133 1.9183e+03 0.0000e+00
      0.013    27.8258     5.2798     67.247  37.256797     35.262      8.620   180.4157     1.6256     1.0245     0.0245      0.001      0.013      0.019        134 1.9128e+03 0.0000e+00
      0.014    27.8255     5.2660     67.070  37.266660     35.262      8.623   180.5293     1.6458     0.8768     0.0245      0.001      0.014      0.020        135 1.9025e+03 0.0000e+00
      0.015    27.8248     5.2530     66.905  37.308181     35.315      8.621   181.0214     1.6418     1.0648     0.0245      0.001      0.014      0.020        136 1.8976e+03 0.0000e+00
      0.015    27.8243     5.2420     66.764  37.264444     35.263      8.622   180.7186     1.6054     1.0648     0.0245      0.001      0.014      0.020        137 1.8909e+03 0.0000e+00
      0.013    27.8241     5.2268     66.570  37.202450     35.210      8.623   181.0214     1.6215     0.8365     0.0245      0.001      0.013      0.019        138 1.8799e+03 0.0000e+00
      0.012    27.8236     5.2135     66.401  37.207372     35.211      8.623   181.5893     1.6377     0.8365     0.0245     -0.000      0.013      0.018        139 1.8705e+03 0.0000e+00
      0.013    27.8230     5.1976     66.198  37.258320     35.264      8.622   181.7029     1.6296     0.7291     0.0245     -0.000      0.013      0.018        140 1.8640e+03 0.0000e+00
      0.013    27.8226     5.1781     65.949  37.257687     35.264      8.621   182.0436     1.6256     0.7425     0.0245     -0.000      0.013      0.018        141 1.8603e+03 0.0000e+00
      0.013    27.8225     5.1662     65.797  37.208159     35.211      8.624   182.3843     1.6094     0.7559     0.0245     -0.001      0.013      0.018        142 1.8584e+03 0.0000e+00
      0.013    27.8220     5.1450     65.526  37.201317     35.212      8.620   182.6871     1.5690     1.0245     0.0245     -0.001      0.012      0.017        143 1.8557e+03 0.0000e+00
      0.010    27.8218     5.1220     65.233  37.206883     35.212      8.620   182.6114     1.5649     1.0514     0.0245     -0.002      0.009      0.014        144 1.8621e+03 0.0000e+00
      0.007    27.8215     5.1057     65.025  37.201232     35.212      8.622   183.0657     1.5568     1.0245     0.0245     -0.003      0.008      0.012        145 1.8712e+03 0.0000e+00
      0.007    27.8212     5.0899     64.823  37.208349     35.212      8.620   183.0279     1.5568     1.0245     0.0245     -0.003      0.008      0.012        146 1.8665e+03 0.0000e+00
      0.010    27.8212     5.0700     64.569  37.257346     35.265      8.623   183.2171     1.5568     0.7962     0.0245     -0.003      0.009      0.014        147 1.8682e+03 0.0000e+00
      0.011    27.8205     5.0544     64.370  37.258895     35.266      8.621   183.4064     1.5568     0.8097     0.0245     -0.002      0.011      0.016        148 1.8695e+03 0.0000e+00
      0.012    27.8202     5.0350     64.122  37.206421     35.213      8.623   183.8607     1.5730     0.8231     0.0245     -0.001      0.011      0.016        149 1.8589e+03 0.0000e+00
      0.012    27.8200     5.0190     63.918  37.204009     35.213      8.621   183.9364     1.5892     0.8365     0.0245     -0.000      0.011      0.016        150 1.8618e+03 0.0000e+00
      0.011    27.8194     5.0051     63.740  37.202577     35.213      8.621   183.9364     1.4800     0.7828     0.0245      0.001      0.011      0.016        151 1.8544e+03 0.0000e+00
      0.011    27.8189     4.9875     63.516  37.208205     35.214      8.623   184.2393     1.5245     0.7962     0.0245      0.002      0.011      0.016        152 1.8483e+03 0.0000e+00
      0.011    27.8185     4.9720     63.318  37.256325     35.267      8.623   184.4286     1.5083     0.8097     0.0245      0.002      0.011      0.016        153 1.8478e+03 0.0000e+00
      0.011    27.8179     4.9555     63.107  37.202012     35.214      8.624   184.9964     1.5204     0.8097     0.0245      0.001      0.011      0.015        154 1.8358e+03 0.0000e+00
      0.011    27.8174     4.9442     62.963  37.157157     35.162      8.624   185.0722     1.4719     0.7559     0.0244      0.000      0.011      0.015        155 1.8348e+03 0.0000e+00
      0.010    27.8171     4.9294     62.774  37.193508     35.215      8.623   185.3372     1.5002     0.7559     0.0245     -0.000      0.011      0.015        156 1.8394e+03 0.0000e+00
      0.011    27.8167     4.9168     62.613  37.216095     35.215      8.625   185.6400     1.5043     0.7828     0.0245     -0.000      0.011      0.015        157 1.8433e+03 0.0000e+00
      0.011    27.8161     4.9066     62.483  37.247686     35.268      8.626   185.9050     1.4719     0.7694     0.0245     -0.000      0.011      0.015        158 1.8446e+03 0.0000e+00
      0.011    27.8157     4.8891     62.260  37.213513     35.216      8.626   185.9050     1.4840     0.7022     0.0245     -0.000      0.011      0.015        159 1.8423e+03 0.0000e+00
      0.011    27.8155     4.8837     62.192  37.199304     35.216      8.625   185.9807     1.4921     0.7828     0.0245     -0.000      0.011      0.015        160 1.8399e+03 0.0000e+00
      0.012    27.8152     4.8701     62.017  37.206049     35.216      8.625   186.2457     1.4638     0.8231     0.0245      0.000      0.011      0.016        161 1.8375e+03 0.0000e+00
      0.012    27.8147     4.8624     61.919  37.145799     35.164      8.623   186.7000     1.5002     0.7962     0.0244      0.000      0.011      0.016        162 1.8351e+03 0.0000e+00
      0.012    27.8144     4.8462     61.712  37.155645     35.164      8.623   186.8136     1.5204     0.8634     0.0244      0.001      0.012      0.017        163 1.8282e+03 0.0000e+00
      0.012    27.8140     4.8344     61.561  37.193796     35.217      8.624   186.9650     1.5083     1.0648     0.0245      0.001      0.012      0.017        164 1.8216e+03 0.0000e+00
      0.012    27.8136     4.8260     61.455  37.157641     35.164      8.625   187.2300     1.4881     1.0111     0.0244      0.001      0.012      0.017        165 1.8209e+03 0.0000e+00
      0.012    27.8133     4.8138     61.299  37.141321     35.165      8.623   187.4950     1.4800     1.0379     0.0244      0.001      0.012      0.017        166 1.8198e+03 0.0000e+00
      0.013    27.8129     4.8041     61.175  37.154786     35.165      8.625   187.4193     1.4921     1.0648     0.0244      0.001      0.012      0.017        167 1.8195e+03 0.0000e+00
      0.012    27.8125     4.7968     61.082  37.200202     35.218      8.625   187.6086     1.5043     1.0111     0.0245      0.000      0.012      0.017        168 1.8199e+03 0.0000e+00
      0.013    27.8123     4.7870     60.956  37.203441     35.218      8.623   188.1386     1.5083     0.9842     0.0245      0.000      0.012      0.018        169 1.8232e+03 0.0000e+00
      0.013    27.8121     4.7795     60.863  37.150757     35.166      8.626   188.2522     1.4962     0.9842     0.0244      0.000      0.012      0.018        170 1.8257e+03 0.0000e+00
