Data/DataNotYetUploadedToEDI/Raw_CTD/RawDownloads/071618_fcr45.cnv
* Sea-Bird SBE19plus  Data File:
* FileName = C:\DATA\071618_fcr_0004.hex
* Software version 2.6.3.104
* Temperature SN = 7809
* Conductivity SN = 7809
* System UpLoad Time = Jul 16 2018 16:10:15
* <ApplicationData>
* <Seaterm232>
# nquan = 17
# nvalues = 829                         
# units = specified
# name 0 = depFM: Depth [fresh water, m]
# name 1 = tv290C: Temperature [ITS-90, deg C]
# name 2 = sbeox0Mg/L: Oxygen, SBE 43 [mg/l]
# name 3 = sbeox0PS: Oxygen, SBE 43 [% saturation]
# name 4 = c0uS/cm: Conductivity [uS/cm]
# name 5 = specc: Specific Conductance [uS/cm]
# name 6 = ph: pH
# name 7 = orp: Oxidation Reduction Potential [mV]
# name 8 = flECO-AFL: Fluorescence, WET Labs ECO-AFL/FL [mg/m^3]
# name 9 = turbWETntu0: Turbidity, WET Labs ECO [NTU]
# name 10 = sal00: Salinity, Practical [PSU]
# name 11 = dz/dtM: Descent Rate [m/s]
# name 12 = prdM: Pressure, Strain Gauge [db]
# name 13 = prdE: Pressure, Strain Gauge [psi]
# name 14 = scan: Scan Count
# name 15 = par/sat/log: PAR/Logarithmic, Satlantic
# name 16 = flag:  0.000e+00
# span 0 =     -0.540,      7.260       
# span 1 =    11.3117,    28.3246       
# span 2 =     1.4589,    15.2529       
# span 3 =     13.727,    180.821       
# span 4 =   0.864885,  38.746715       
# span 5 =      0.837,     48.224       
# span 6 =      6.197,      8.912       
# span 7 =  -386.7995,   314.3925       
# span 8 =    -2.1431,   258.1299       
# span 9 =    -4.6689,    38.3139       
# span 10 =     0.0126,     0.0252      
# span 11 =     -0.167,      0.211      
# span 12 =     -0.529,      7.118      
# span 13 =     -0.767,     10.325      
# span 14 =          1,        829      
# span 15 = 3.2319e-01, 3.0056e+03      
# span 16 = 0.0000e+00, 0.0000e+00      
# interval = seconds: 0.25
# start_time = Jul 16 2018 16:17:48 [Instrument's time stamp, header]
# bad_flag = -9.990e-29
*END*
[from data line 86]
      0.176    28.1545     6.9827     89.330  37.678600     35.430      8.595   144.5270     1.4436     0.8365     0.0246     -0.017      0.172      0.250         87 6.4157e+02 0.0000e+00
      0.175    28.1444     6.9684     89.137  37.678029     35.434      8.595   145.0570     1.3789     0.8634     0.0246     -0.014      0.172      0.250         88 4.8526e+02 0.0000e+00
      0.175    28.1355     6.9994     89.529  37.683188     35.439      8.595   145.2842     1.3506     0.8231     0.0246     -0.009      0.172      0.251         89 8.0221e+02 0.0000e+00
      0.180    28.1278     7.0404     90.051  37.731505     35.498      8.597   145.7006     1.3587     0.8365     0.0246     -0.004      0.175      0.255         90 6.5686e+02 0.0000e+00
      0.182    28.1192     7.0744     90.485  37.736545     35.504      8.594   146.2306     1.3668     0.8768     0.0246     -0.000      0.179      0.261         91 1.0753e+03 0.0000e+00
      0.186    28.1077     7.0920     90.706  37.676919     35.456      8.597   146.3820     1.3304     0.8097     0.0246      0.003      0.186      0.271         92 9.7889e+02 0.0000e+00
      0.203    28.0969     7.0893     90.669  37.627750     35.410      8.596   147.1392     1.3547     0.8634     0.0246      0.010      0.199      0.289         93 5.5789e+02 0.0000e+00
      0.221    28.0888     7.0502     90.167  37.619779     35.417      8.594   147.4042     1.3587     0.8231     0.0246      0.019      0.210      0.305         94 5.4202e+02 0.0000e+00
      0.219    28.0807     6.9771     89.228  37.538544     35.346      8.592   148.3885     1.3587     0.8365     0.0246      0.025      0.208      0.302         95 5.3355e+02 0.0000e+00
      0.197    28.0760     6.8810     87.997  37.491566     35.298      8.594   179.4314     1.3627     0.7694     0.0246      0.021      0.191      0.278         96 5.3296e+02 0.0000e+00
      0.170    28.0713     6.7821     86.730  37.529943     35.357      8.600   160.4649     1.3749     0.8365     0.0246      0.009      0.171      0.248         97 5.2220e+02 0.0000e+00
      0.158    28.0654     6.6717     85.315  37.490788     35.307      8.604   153.5749     1.3749     0.7559     0.0246     -0.005      0.159      0.231         98 5.0089e+02 0.0000e+00
      0.159    28.0620     6.5797     84.134  37.480977     35.310      8.603   152.9692     1.3627     0.8902     0.0246     -0.017      0.157      0.228         99 4.8549e+02 0.0000e+00
      0.163    28.0605     6.4996     83.107  37.482837     35.314      8.599   153.3099     1.3466     0.7828     0.0246     -0.026      0.161      0.233        100 4.8232e+02 0.0000e+00
      0.168    28.0598     6.4262     82.165  37.488477     35.316      8.594   153.8021     1.2900     0.5948     0.0246     -0.031      0.167      0.242        101 4.6184e+02 0.0000e+00
      0.179    28.0576     6.3781     81.547  37.473960     35.317      8.589   154.1428     1.3102     0.5545     0.0246     -0.026      0.175      0.254        102 4.9744e+02 0.0000e+00
      0.188    28.0556     6.3155     80.745  37.500904     35.318      8.585   154.1428     1.2900     0.5948     0.0246     -0.011      0.181      0.263        103 4.6959e+02 0.0000e+00
      0.186    28.0546     6.2656     80.107  37.514267     35.372      8.586   153.8399     1.3223     0.5142     0.0246      0.004      0.180      0.262        104 5.9352e+02 0.0000e+00
      0.176    28.0528     6.2244     79.569  37.398011     35.215      8.589   154.2942     1.2980     0.7694     0.0245      0.012      0.175      0.253        105 1.2076e+03 0.0000e+00
      0.172    28.0510     6.1876     79.082  37.408302     35.268      8.593   154.3321     1.2980     0.7694     0.0245      0.011      0.170      0.246        106 1.8049e+03 0.0000e+00
      0.169    28.0498     6.1534     78.637  37.442140     35.270      8.597   154.3699     1.3142     0.7962     0.0245      0.006      0.166      0.242        107 1.5438e+03 0.0000e+00
      0.167    28.0475     6.1260     78.283  37.415220     35.271      8.600   154.7106     1.2697     0.7559     0.0245     -0.000      0.166      0.241        108 1.5669e+03 0.0000e+00
      0.172    28.0445     6.1006     77.952  37.441804     35.272      8.603   154.9378     1.2172     0.8097     0.0245     -0.005      0.169      0.245        109 1.4207e+03 0.0000e+00
      0.177    28.0422     6.0795     77.678  37.468378     35.326      8.603   155.5814     1.2253     0.8634     0.0246     -0.007      0.173      0.251        110 7.9686e+02 0.0000e+00
      0.179    28.0400     6.0724     77.588  37.382150     35.223      8.605   156.2628     1.2374     0.7828     0.0245     -0.005      0.176      0.256        111 1.4100e+03 0.0000e+00
      0.185    28.0379     6.0695     77.550  37.371154     35.224      8.605   156.1871     1.2293     0.8365     0.0245      0.001      0.181      0.263        112 1.6258e+03 0.0000e+00
      0.192    28.0375     6.0697     77.555  37.363424     35.225      8.606   156.8685     1.2131     0.7828     0.0245      0.008      0.186      0.270        113 1.5989e+03 0.0000e+00
      0.194    28.0367     6.0636     77.476  37.332452     35.174      8.604   157.0578     1.2819     0.7694     0.0245      0.013      0.186      0.269        114 1.7438e+03 0.0000e+00
      0.183    28.0287     6.0417     77.178  37.409698     35.280      8.599   157.1714     1.2819     0.7425     0.0245      0.012      0.179      0.259        115 1.4845e+03 0.0000e+00
      0.170    28.0175     6.0177     76.851  37.385932     35.228      8.600   157.9285     1.2980     0.7559     0.0245      0.006      0.169      0.245        116 6.4307e+02 0.0000e+00
      0.165    28.0114     6.0031     76.646  37.362031     35.233      8.603   168.0742     1.3304     0.7559     0.0245     -0.002      0.163      0.236        117 7.9044e+02 0.0000e+00
      0.163    28.0084     5.9764     76.296  37.320807     35.188      8.604   159.2914     1.2212     0.7425     0.0245     -0.009      0.160      0.233        118 1.4538e+03 0.0000e+00
      0.164    28.0037     5.9761     76.295  37.318598     35.192      8.609   186.7000     1.2333     0.8231     0.0245     -0.013      0.158      0.230        119 7.0284e+02 0.0000e+00
      0.157    28.0008     5.9762     76.292  37.364782     35.246      8.608   162.4335     1.2374     0.7828     0.0245     -0.018      0.154      0.223        120 4.8951e+02 0.0000e+00
      0.151    28.0013     5.9814     76.360  37.322653     35.197      8.610   161.7899     1.2455     0.8231     0.0245     -0.021      0.150      0.217        121 6.0932e+02 0.0000e+00
      0.151    28.0010     6.0376     77.085  37.311710     35.199      8.609   161.3735     1.3223     0.7425     0.0245     -0.019      0.148      0.215        122 5.8217e+02 0.0000e+00
      0.152    28.0027     6.1731     78.821  37.259763     35.146      8.604   161.5249     1.2738     0.7291     0.0245     -0.014      0.147      0.214        123 7.3280e+02 0.0000e+00
      0.148    28.0013     6.3588     81.196  37.209340     35.093      8.597   161.7521     1.3142     0.8097     0.0245     -0.011      0.145      0.210        124 7.4970e+02 0.0000e+00
      0.143    27.9886     6.5455     83.589  37.255822     35.145      8.598   162.0549     1.2819     0.7694     0.0245     -0.010      0.140      0.204        125 8.0658e+02 0.0000e+00
      0.138    27.9738     6.7074     85.662  37.320557     35.198      8.596   162.2442     1.1606     0.7291     0.0245     -0.012      0.137      0.199        126 2.0481e+03 0.0000e+00
      0.139    27.9596     6.8304     87.235  37.366059     35.260      8.598   162.4335     1.1929     0.7559     0.0245     -0.011      0.136      0.196        127 2.2915e+03 0.0000e+00
      0.137    27.9527     6.9437     88.685  37.377161     35.270      8.599   162.8878     1.1565     0.7694     0.0245     -0.010      0.131      0.190        128 8.9723e+02 0.0000e+00
      0.123    27.9543     7.0479     90.019  37.425386     35.332      8.595   163.7207     1.1565     0.8097     0.0245     -0.012      0.114      0.166        129 5.6211e+02 0.0000e+00
      0.089    27.9522     7.1081     90.797  37.484010     35.390      8.591   164.2885     1.1808     0.8365     0.0246     -0.024      0.083      0.120        130 8.5034e+02 0.0000e+00
      0.040    27.9526     7.1106     90.841  37.422850     35.335      8.592   164.1750     1.1848     0.7694     0.0245     -0.044      0.044      0.063        131 2.1775e+03 0.0000e+00
      0.006    27.9582     7.0599     90.204  37.323538     35.231      8.590   164.5157     1.1727     0.7559     0.0245     -0.065      0.016      0.022        132 2.1324e+03 0.0000e+00
      0.001    27.9624     6.9904     89.308  37.310999     35.231      8.589   165.0078     1.1525     0.8097     0.0245     -0.079      0.007      0.009        133 7.9153e+02 0.0000e+00
      0.010    27.9657     6.9043     88.195  37.319813     35.227      8.585   165.1214     1.2374     0.8365     0.0245     -0.083      0.013      0.020        134 5.5320e+02 0.0000e+00
      0.030    27.9713     6.8137     87.041  37.312568     35.224      8.585   165.3107     1.2374     0.8634     0.0245     -0.075      0.027      0.040        135 7.0607e+02 0.0000e+00
      0.041    27.9753     6.7506     86.238  37.320014     35.222      8.586   165.1214     1.2455     0.8231     0.0245     -0.056      0.039      0.058        136 3.8952e+02 0.0000e+00
      0.049    27.9766     6.7070     85.683  37.310545     35.218      8.588   165.3107     1.2212     0.8097     0.0245     -0.030      0.054      0.079        137 8.4640e+02 0.0000e+00
      0.076    27.9780     6.6734     85.259  37.324349     35.216      8.588   165.8407     1.2212     0.8231     0.0245      0.005      0.078      0.114        138 1.5162e+03 0.0000e+00
      0.115    27.9804     6.6385     84.812  37.362154     35.268      8.579   167.0521     1.1565     0.8768     0.0245      0.042      0.109      0.159        139 1.1698e+03 0.0000e+00
      0.143    27.9859     6.6044     84.364  37.322819     35.214      8.576   166.9385     1.1727     0.8365     0.0245      0.068      0.136      0.197        140 1.5379e+03 0.0000e+00
      0.157    27.9937     6.5679     83.887  37.254660     35.160      8.581   166.9764     1.1484     0.7559     0.0245      0.081      0.152      0.221        141 8.2164e+02 0.0000e+00
      0.165    27.9997     6.5234     83.321  37.269013     35.156      8.584   166.9007     1.1767     0.7559     0.0245      0.083      0.160      0.231        142 4.1505e+02 0.0000e+00
      0.165    27.9951     6.5179     83.256  37.304954     35.204      8.589   166.4464     1.2414     0.7291     0.0245      0.078      0.160      0.231        143 6.4164e+02 0.0000e+00
      0.157    27.9878     6.4990     83.015  37.269249     35.147      8.593   166.8628     1.2495     0.8768     0.0245      0.067      0.156      0.226        144 4.6675e+02 0.0000e+00
      0.156    27.9892     6.4895     82.883  37.254126     35.150      8.600   166.9007     1.2212     0.8365     0.0245      0.052      0.158      0.230        145 5.4233e+02 0.0000e+00
      0.172    27.9911     6.4604     82.496  37.264458     35.155      8.601   167.5821     1.1929     0.6754     0.0245      0.035      0.169      0.245        146 5.2163e+02 0.0000e+00
      0.187    27.9922     6.4432     82.269  37.256394     35.154      8.601   167.8471     1.2900     0.8902     0.0245      0.024      0.181      0.261        147 5.3384e+02 0.0000e+00
      0.193    27.9963     6.4345     82.150  37.264160     35.153      8.602   168.3014     1.3021     0.9171     0.0245      0.019      0.186      0.269        148 8.2044e+02 0.0000e+00
      0.189    27.9955     6.4239     82.007  37.254792     35.152      8.603   168.7557     1.3142     0.7425     0.0245      0.017      0.183      0.266        149 1.5183e+03 0.0000e+00
      0.180    27.9866     6.4010     81.711  37.208733     35.096      8.601   169.0964     1.2980     0.8634     0.0245      0.015      0.178      0.259        150 1.7367e+03 0.0000e+00
      0.177    27.9798     6.3737     81.357  37.262159     35.149      8.603   169.1721     1.3102     0.7962     0.0245      0.013      0.175      0.255        151 1.7346e+03 0.0000e+00
      0.180    27.9810     6.3731     81.347  37.247625     35.156      8.598   169.2478     1.2819     0.9036     0.0245      0.011      0.178      0.259        152 1.8522e+03 0.0000e+00
      0.188    27.9846     6.4490     82.318  37.226823     35.107      8.601   169.1721     1.3263     0.8634     0.0245      0.008      0.187      0.271        153 1.4491e+03 0.0000e+00
      0.205    27.9846     6.5942     84.184  37.288049     35.212      8.602   169.5885     1.2900     0.8231     0.0245      0.007      0.196      0.284        154 6.1106e+02 0.0000e+00
      0.204    27.9776     6.7351     86.002  37.230750     35.104      8.597   169.7778     1.3466     0.7828     0.0245      0.007      0.194      0.282        155 4.9426e+02 0.0000e+00
      0.185    27.9675     6.8443     87.400  37.238809     35.157      8.602   169.7400     1.3708     0.8365     0.0245      0.005      0.180      0.262        156 5.8828e+02 0.0000e+00
      0.165    27.9616     6.9603     88.876  37.218699     35.108      8.606   170.0428     1.3506     0.8365     0.0245     -0.000      0.163      0.237        157 6.1374e+02 0.0000e+00
      0.151    27.9567     7.0704     90.280  37.196459     35.116      8.605   170.4593     1.3506     0.8365     0.0245     -0.008      0.145      0.211        158 7.6093e+02 0.0000e+00
      0.129    27.9516     7.1595     91.421  37.207172     35.119      8.608   170.6864     1.3749     0.7828     0.0245     -0.023      0.119      0.172        159 6.2437e+02 0.0000e+00
      0.083    27.9486     7.1987     91.929  37.205373     35.123      8.606   171.1028     1.3749     0.8097     0.0245     -0.047      0.077      0.112        160 6.5727e+02 0.0000e+00
      0.026    27.9451     7.2144     92.131  37.198700     35.126      8.610   171.2921     1.3304     0.8499     0.0245     -0.079      0.025      0.037        161 7.0903e+02 0.0000e+00
     -0.033    27.9430     7.2220     92.225  37.156157     35.075      8.607   172.0493     1.3668     0.7559     0.0244     -0.113     -0.026     -0.038        162 9.3161e+02 0.0000e+00
     -0.075    27.9451     7.2276     92.290  37.198998     35.130      8.596   172.5793     1.3587     0.7962     0.0245     -0.138     -0.060     -0.088        163 1.9735e+03 0.0000e+00
     -0.076    27.9539     7.2468     92.528  37.264025     35.185      8.595   172.6550     1.2172     0.4337     0.0245     -0.146     -0.067     -0.098        164 2.4062e+03 0.0000e+00
     -0.056    27.9655     7.2660     92.767  37.253191     35.183      8.592   173.2985     1.2455     0.5142     0.0245     -0.136     -0.058     -0.085        165 2.3014e+03 0.0000e+00
     -0.049    27.9685     7.2663     92.762  37.212480     35.125      8.589   173.0714     1.2374     0.6082     0.0245     -0.116     -0.049     -0.071        166 2.2329e+03 0.0000e+00
     -0.044    27.9652     7.2846     92.984  37.196047     35.117      8.592   173.2228     1.2172     0.6351     0.0245     -0.085     -0.040     -0.059        167 1.3025e+03 0.0000e+00
     -0.031    27.9641     7.2659     92.742  37.214316     35.115      8.589   173.1471     1.1606     0.7291     0.0245     -0.044     -0.030     -0.044        168 1.1564e+03 0.0000e+00
     -0.020    27.9661     7.2505     92.546  37.189742     35.117      8.593   173.8664     1.1727     0.7962     0.0245     -0.006     -0.016     -0.024        169 1.6732e+03 0.0000e+00
     -0.001    27.9704     7.2313     92.299  37.167312     35.065      8.592   174.3586     1.1525     0.7559     0.0244      0.026      0.008      0.011        170 2.5761e+03 0.0000e+00
