Data/DataNotYetUploadedToEDI/Raw_CTD/RawDownloads/071618_fcr20.cnv
* Sea-Bird SBE19plus  Data File:
* FileName = C:\DATA\071618_fcr_0002.hex
* Software version 2.6.3.104
* Temperature SN = 7809
* Conductivity SN = 7809
* System UpLoad Time = Jul 16 2018 16:09:28
* <ApplicationData>
* <Seaterm232>
# nquan = 17
# nvalues = 440                         
# units = specified
# name 0 = depFM: Depth [fresh water, m]
# name 1 = tv290C: Temperature [ITS-90, deg C]
# name 2 = sbeox0Mg/L: Oxygen, SBE 43 [mg/l]
# name 3 = sbeox0PS: Oxygen, SBE 43 [% saturation]
# name 4 = c0uS/cm: Conductivity [uS/cm]
# name 5 = specc: Specific Conductance [uS/cm]
# name 6 = ph: pH
# name 7 = orp: Oxidation Reduction Potential [mV]
# name 8 = flECO-AFL: Fluorescence, WET Labs ECO-AFL/FL [mg/m^3]
# name 9 = turbWETntu0: Turbidity, WET Labs ECO [NTU]
# name 10 = sal00: Salinity, Practical [PSU]
# name 11 = dz/dtM: Descent Rate [m/s]
# name 12 = prdM: Pressure, Strain Gauge [db]
# name 13 = prdE: Pressure, Strain Gauge [psi]
# name 14 = scan: Scan Count
# name 15 = par/sat/log: PAR/Logarithmic, Satlantic
# name 16 = flag:  0.000e+00
# span 0 =     -0.532,      3.395       
# span 1 =    15.6275,    27.9653       
# span 2 =    -0.6378,    15.6800       
# span 3 =     -6.831,    183.865       
# span 4 =   1.303190,  88.508291       
# span 5 =      1.652,    108.675       
# span 6 =      6.748,      8.644       
# span 7 =    86.4919,   247.4609       
# span 8 =    -0.1900,    12.0905       
# span 9 =    -0.8286,     8.6650       
# span 10 =     0.0127,     0.0533      
# span 11 =     -0.079,      0.224      
# span 12 =     -0.521,      3.326      
# span 13 =     -0.756,      4.824      
# span 14 =          1,        440      
# span 15 = 2.5816e+01, 2.5667e+03      
# span 16 = 0.0000e+00, 0.0000e+00      
# interval = seconds: 0.25
# start_time = Jul 16 2018 15:44:10 [Instrument's time stamp, header]
# bad_flag = -9.990e-29
*END*
[from data line 341]
      2.212    23.4258    14.6184    168.466  33.027483     33.969      8.087   236.9366     5.7582     2.9178     0.0229      0.063      2.169      3.146        342 9.9120e+01 0.0000e+00
      2.224    23.3259    14.4942    166.413  32.993688     33.992      8.122   235.6116     5.7501     2.8776     0.0228      0.060      2.181      3.162        343 9.8339e+01 0.0000e+00
      2.235    23.2216    14.3562    164.234  32.920829     33.995      8.162   235.9144     5.4711     3.4281     0.0228      0.055      2.191      3.177        344 9.7834e+01 0.0000e+00
      2.243    23.1283    14.1711    161.651  32.880967     34.008      8.216   238.1102     5.4792     3.4952     0.0228      0.050      2.200      3.190        345 9.7435e+01 0.0000e+00
      2.251    23.0363    13.9376    158.655  32.865417     34.081      8.270   241.1387     5.4792     3.5490     0.0228      0.045      2.207      3.202        346 9.6990e+01 0.0000e+00
      2.259    22.9283    13.6774    155.468  32.880920     34.147      8.326   241.1387     5.4468     3.3610     0.0228      0.042      2.216      3.215        347 9.6171e+01 0.0000e+00
      2.271    22.8031    13.3636    151.707  32.802409     34.154      8.380   241.1766     5.6530     3.6832     0.0228      0.040      2.228      3.231        348 9.5207e+01 0.0000e+00
      2.285    22.7158    13.0391    147.848  32.755587     34.144      8.426   240.5330     5.6530     3.6564     0.0227      0.040      2.242      3.251        349 9.4412e+01 0.0000e+00
      2.300    22.6602    12.7096    143.994  32.850276     34.380      8.461   242.9180     5.6450     3.6967     0.0228      0.041      2.257      3.273        350 9.2714e+01 0.0000e+00
      2.318    22.5525    12.3606    140.103  32.803238     34.356      8.484   239.5866     5.6692     3.6698     0.0228      0.044      2.274      3.299        351 9.1225e+01 0.0000e+00
      2.339    22.3878    12.0321    136.482  32.873474     34.481      8.500   238.2616     6.0938     3.2938     0.0228      0.050      2.295      3.329        352 8.8957e+01 0.0000e+00
      2.366    22.1947    11.7158    132.837  32.970480     34.679      8.494   237.4666     6.0776     3.1864     0.0228      0.059      2.320      3.365        353 8.6078e+01 0.0000e+00
      2.394    22.0069    11.4055    129.181  32.949450     34.739      8.461   235.7630     6.0695     3.3341     0.0228      0.069      2.344      3.400        354 8.4697e+01 0.0000e+00
      2.410    21.8575    11.1941    126.327  33.077643     35.060      8.435   233.4916     6.0736     3.3475     0.0229      0.077      2.361      3.423        355 8.3876e+01 0.0000e+00
      2.418    21.7495    11.0155    123.903  33.166884     35.260      8.409   231.7880     6.0938     3.2535     0.0229      0.078      2.371      3.438        356 8.3372e+01 0.0000e+00
      2.425    21.6739    10.8339    121.609  33.194326     35.432      8.388   230.6901     6.5871     2.1793     0.0230      0.075      2.379      3.450        357 8.2926e+01 0.0000e+00
      2.433    21.6080    10.5701    118.537  33.280796     35.574      8.368   230.0466     6.5993     2.2196     0.0230      0.069      2.386      3.461        358 8.2131e+01 0.0000e+00
      2.441    21.5466    10.2027    114.386  33.385525     35.780      8.354   229.4030     6.6195     2.1793     0.0230      0.060      2.394      3.473        359 8.1243e+01 0.0000e+00
      2.451    21.5054     9.7362    109.033  33.508851     35.921      8.340   230.3116     6.6114     2.2733     0.0231      0.050      2.403      3.486        360 8.0469e+01 0.0000e+00
      2.459    21.5298     9.3171    104.157  33.542519     36.058      8.323   230.5387     6.5507     2.2196     0.0231      0.041      2.412      3.498        361 8.0047e+01 0.0000e+00
      2.467    21.5619     8.9437     99.804  33.432617     35.910      8.310   230.8794     6.5184     2.1793     0.0231      0.034      2.420      3.509        362 7.9322e+01 0.0000e+00
      2.476    21.5489     8.5771     95.476  33.497360     36.013      8.296   231.0309     6.5629     2.1659     0.0231      0.033      2.429      3.523        363 7.8708e+01 0.0000e+00
      2.487    21.4820     8.1492     90.493  33.521253     35.983      8.280   231.3716     6.5265     2.2599     0.0231      0.034      2.440      3.538        364 7.8055e+01 0.0000e+00
      2.500    21.3069     7.5787     83.941  33.640115     36.120      8.268   232.3937     6.7812     2.2733     0.0231      0.036      2.452      3.557        365 7.6606e+01 0.0000e+00
      2.516    21.1327     6.9737     76.966  34.001862     36.584      8.247   233.1887     6.7974     2.2599     0.0233      0.039      2.467      3.578        366 7.5177e+01 0.0000e+00
      2.530    21.0295     6.2833     69.089  34.168355     36.882      8.233   233.7944     6.7812     2.2464     0.0234      0.043      2.481      3.598        367 7.3842e+01 0.0000e+00
      2.543    20.9809     5.4907     60.104  34.144724     37.017      8.218   234.2109     6.7772     2.2867     0.0234      0.046      2.493      3.616        368 7.2876e+01 0.0000e+00
      2.554    20.9651     4.5856     50.058  34.061000     36.981      8.205   235.1952     6.9349     2.2599     0.0234      0.048      2.506      3.634        369 7.1735e+01 0.0000e+00
      2.569    20.9078     3.5605     38.803  34.035351     37.019      8.186   235.0059     6.9106     2.2464     0.0234      0.051      2.520      3.654        370 7.0433e+01 0.0000e+00
      2.584    20.8203     2.6150     28.436  34.443577     37.426      8.164   235.8009     6.9227     2.1927     0.0235      0.053      2.535      3.676        371 6.9166e+01 0.0000e+00
      2.602    20.7264     1.7393     18.895  34.828210     37.990      8.140   237.7694     6.9066     2.2464     0.0237      0.055      2.551      3.701        372 6.7559e+01 0.0000e+00
      2.620    20.6020     0.9922     10.775  35.247138     38.369      8.112   237.2016     7.6829     2.1256     0.0239      0.057      2.568      3.725        373 6.6512e+01 0.0000e+00
      2.635    20.4800     0.3650      3.957  35.731370     39.179      8.083   236.9744     7.6789     2.1390     0.0242      0.059      2.584      3.748        374 6.5456e+01 0.0000e+00
      2.651    20.3447    -0.1503     -1.625  36.450000     39.808      8.058   237.0123     7.6668     2.0719     0.0244      0.061      2.600      3.771        375 6.4296e+01 0.0000e+00
      2.667    20.1710    -0.4423     -4.768  37.585742     41.483      8.031   237.2016     7.6749     2.0047     0.0251      0.063      2.615      3.792        376 6.3590e+01 0.0000e+00
      2.680    19.9765    -0.5840     -6.273  38.648443     42.435      7.994   237.3152     7.6829     2.0853     0.0254      0.063      2.629      3.811        377 6.3004e+01 0.0000e+00
      2.693    19.7590    -0.6378     -6.831  40.081130     44.523      7.975   237.6180    10.5822     2.1390     0.0263      0.062      2.641      3.829        378 6.2295e+01 0.0000e+00
      2.703    19.6174    -0.6135     -6.552  41.854360     46.355      7.947   237.9587    10.5984     2.1659     0.0270      0.059      2.651      3.845        379 6.1755e+01 0.0000e+00
      2.713    19.5310    -0.5352     -5.698  43.769399     49.056      7.924   238.3373    10.5984     2.0182     0.0281      0.055      2.660      3.858        380 6.1451e+01 0.0000e+00
      2.721    19.4245    -0.4620     -4.902  45.233861     50.555      7.899   238.7537    10.5984     2.0987     0.0287      0.050      2.668      3.870        381 6.1093e+01 0.0000e+00
      2.728    19.3733    -0.3556     -3.768  47.153062     53.005      7.876   239.8516    12.0784     2.0047     0.0297      0.045      2.676      3.881        382 6.0675e+01 0.0000e+00
      2.738    19.3539    -0.2496     -2.646  48.651168     54.774      7.848   240.9495    12.0460     2.1122     0.0304      0.041      2.686      3.895        383 6.0173e+01 0.0000e+00
      2.748    19.2722    -0.1851     -1.963  51.144811     57.451      7.823   241.5173    12.0865     1.9913     0.0316      0.038      2.696      3.910        384 5.9612e+01 0.0000e+00
      2.760    19.1362    -0.1105     -1.173  55.031701     62.265      7.793   242.0852    12.0905     2.0719     0.0337      0.037      2.707      3.926        385 5.8916e+01 0.0000e+00
      2.773    18.9772    -0.0403     -0.428  59.101648     66.427      7.763   241.9337    11.5648     2.2599     0.0355      0.038      2.721      3.945        386 5.7903e+01 0.0000e+00
      2.789    18.8135     0.0208      0.221  66.389137     75.382      7.733   241.2523    11.5446     2.1793     0.0394      0.041      2.736      3.967        387 5.6788e+01 0.0000e+00
      2.806    18.6654     0.0803      0.850  72.513864     82.465      7.703   242.6909    11.5689     2.1390     0.0425      0.045      2.752      3.992        388 5.5870e+01 0.0000e+00
      2.824    18.5244     0.1471      1.555  74.738887     85.300      7.673   243.4859    11.5689     2.1927     0.0437      0.051      2.769      4.016        389 5.4883e+01 0.0000e+00
      2.841    18.3625     0.1911      2.019  79.011649     90.269      7.634   245.1895     9.4945     2.5016     0.0459      0.056      2.785      4.039        390 5.3965e+01 0.0000e+00
      2.854    18.2016     0.2350      2.481  85.445608     98.382      7.584   245.7952     9.5147     2.4210     0.0495      0.059      2.798      4.058        391 5.3349e+01 0.0000e+00
      2.865    18.1395     0.2720      2.864  87.807794    101.234      7.530   246.3630     9.5269     2.4479     0.0507      0.060      2.809      4.074        392 5.2796e+01 0.0000e+00
      2.875    18.1538     0.2968      3.118  84.812223     98.279      7.467   246.5523     9.4824     2.5150     0.0493      0.059      2.819      4.089        393 5.2156e+01 0.0000e+00
      2.884    18.1749     0.3105      3.258  82.097780     94.881      7.412   246.7038     6.2677     2.8507     0.0478      0.056      2.829      4.103        394 5.1542e+01 0.0000e+00
      2.895    18.2035     0.3147      3.302  82.920894     96.235      7.360   247.1959     6.2798     2.8776     0.0484      0.051      2.839      4.118        395 5.1056e+01 0.0000e+00
      2.906    18.2025     0.3111      3.267  82.539174     95.584      7.298   246.2116     6.2717     2.8641     0.0481      0.047      2.849      4.133        396 5.0372e+01 0.0000e+00
      2.916    18.1589     0.3076      3.229  80.551432     93.141      7.248   246.2116     6.3041     2.9178     0.0470      0.043      2.860      4.148        397 4.9696e+01 0.0000e+00
      2.927    18.0825     0.2926      3.065  80.489784     93.152      7.204   245.8330     5.6005     3.4281     0.0470      0.041      2.870      4.162        398 4.9169e+01 0.0000e+00
      2.936    18.0239     0.2838      2.966  79.940606     92.687      7.161   246.0980     5.5924     3.5221     0.0468      0.040      2.879      4.176        399 4.8494e+01 0.0000e+00
      2.945    18.0038     0.2727      2.843  78.114029     90.551      7.128   246.5523     5.5600     3.4818     0.0458      0.040      2.888      4.189        400 4.7965e+01 0.0000e+00
      2.954    17.9489     0.2674      2.784  77.353572     89.925      7.099   246.7795     5.5843     3.4684     0.0455      0.039      2.897      4.202        401 4.7409e+01 0.0000e+00
      2.964    17.8419     0.2655      2.760  77.261033     89.801      7.068   247.4609     5.5641     3.4818     0.0455      0.039      2.907      4.216        402 4.6919e+01 0.0000e+00
      2.975    17.7278     0.2571      2.666  76.891837     89.523      7.044   247.0823     4.6057     5.3617     0.0453      0.039      2.917      4.231        403 4.6451e+01 0.0000e+00
      2.985    17.6560     0.2560      2.647  76.683760     89.457      7.023   246.2116     4.6260     5.4154     0.0453      0.038      2.928      4.246        404 4.5724e+01 0.0000e+00
      2.997    17.6693     0.2522      2.603  76.777105     89.858      7.007   245.7195     4.5936     5.3617     0.0454      0.039      2.938      4.261        405 4.5324e+01 0.0000e+00
      3.005    17.7124     0.2503      2.580  76.716340     89.916      6.993   243.1452     4.5936     5.3886     0.0454      0.039      2.948      4.275        406 4.4760e+01 0.0000e+00
      3.016    17.6755     0.2442      2.516  76.283948     89.393      6.991   220.1280     4.5855     8.1816     0.0452      0.039      2.958      4.291        407 4.3851e+01 0.0000e+00
      3.031    17.5815     0.2418      2.487  75.977881     88.904      6.984   203.0922     4.6219     8.1547     0.0450      0.041      2.973      4.313        408 4.3017e+01 0.0000e+00
      3.050    17.4687     0.2389      2.451  77.097232     90.260      6.969   190.7507     4.6179     8.1144     0.0456      0.045      2.992      4.339        409 4.1850e+01 0.0000e+00
      3.072    17.3551     0.2359      2.413  78.041206     91.783      6.950   182.5736     4.5855     8.1413     0.0462      0.050      3.011      4.367        410 4.0941e+01 0.0000e+00
      3.087    17.2863     0.2344      2.386  77.953478     91.587      6.932   177.5007     5.0869     8.6516     0.0461      0.055      3.027      4.390        411 4.0380e+01 0.0000e+00
      3.100    17.2088     0.2385      2.420  77.860359     92.113      6.917   173.9421     5.0829     8.6650     0.0463      0.059      3.040      4.409        412 3.9910e+01 0.0000e+00
      3.112    17.0956     0.2352      2.388  77.503357     91.420      6.900   167.6578     5.0788     8.5710     0.0460      0.061      3.053      4.428        413 3.9447e+01 0.0000e+00
      3.128    16.9685     0.2338      2.379  77.446799     91.928      6.888   162.0928     5.0708     8.5576     0.0462      0.062      3.068      4.450        414 3.8729e+01 0.0000e+00
      3.147    16.8601     0.2240      2.281  78.436081     92.902      6.867   154.7864     4.4480     5.4289     0.0466      0.063      3.085      4.475        415 3.8130e+01 0.0000e+00
      3.162    16.8044     0.2166      2.210  80.522581     96.157      6.854   150.9628     4.4844     5.3886     0.0480      0.062      3.100      4.496        416 3.7530e+01 0.0000e+00
      3.173    16.7753     0.2145      2.190  80.884033     96.508      6.843   145.9278     4.4804     5.4020     0.0481      0.059      3.112      4.513        417 3.7082e+01 0.0000e+00
      3.184    16.7024     0.1976      2.019  80.810063     96.635      6.832   142.2177     4.4642     5.4289     0.0482      0.056      3.122      4.527        418 3.6729e+01 0.0000e+00
      3.192    16.5818     0.1882      1.916  82.665813     98.914      6.824   138.8863     3.3199     2.7970     0.0492      0.054      3.132      4.541        419 3.6175e+01 0.0000e+00
      3.202    16.4315     0.1764      1.788  83.241711     99.920      6.818   136.2742     3.2996     2.8641     0.0496      0.051      3.142      4.556        420 3.5433e+01 0.0000e+00
      3.217    16.2119     0.1799      1.817  84.433675    101.234      6.815   132.3749     3.2835     2.8104     0.0502      0.050      3.155      4.576        421 3.4557e+01 0.0000e+00
      3.233    16.0543     0.1840      1.856  87.485563    105.878      6.811   129.4599     3.2875     2.7970     0.0523      0.048      3.168      4.595        422 3.3920e+01 0.0000e+00
      3.241    16.1016     0.1941      1.955  88.185177    106.798      6.806   128.8541     3.2390     2.5419     0.0526      0.045      3.177      4.608        423 3.3433e+01 0.0000e+00
      3.246    16.1782     0.1921      1.933  86.655393    105.746      6.800   126.5827     3.2754     2.5016     0.0521      0.043      3.183      4.616        424 3.2952e+01 0.0000e+00
      3.250    16.2226     0.1958      1.969  84.929480    103.097      6.796   124.2356     3.2511     2.4344     0.0509      0.041      3.190      4.626        425 3.2442e+01 0.0000e+00
