Data/DataNotYetUploadedToEDI/Raw_CTD/RawDownloads/071618_fcr20.cnv
* Sea-Bird SBE19plus  Data File:
* FileName = C:\DATA\071618_fcr_0002.hex
* Software version 2.6.3.104
* Temperature SN = 7809
* Conductivity SN = 7809
* System UpLoad Time = Jul 16 2018 16:09:28
* <ApplicationData>
* <Seaterm232>
# nquan = 17
# nvalues = 440                         
# units = specified
# name 0 = depFM: Depth [fresh water, m]
# name 1 = tv290C: Temperature [ITS-90, deg C]
# name 2 = sbeox0Mg/L: Oxygen, SBE 43 [mg/l]
# name 3 = sbeox0PS: Oxygen, SBE 43 [% saturation]
# name 4 = c0uS/cm: Conductivity [uS/cm]
# name 5 = specc: Specific Conductance [uS/cm]
# name 6 = ph: pH
# name 7 = orp: Oxidation Reduction Potential [mV]
# name 8 = flECO-AFL: Fluorescence, WET Labs ECO-AFL/FL [mg/m^3]
# name 9 = turbWETntu0: Turbidity, WET Labs ECO [NTU]
# name 10 = sal00: Salinity, Practical [PSU]
# name 11 = dz/dtM: Descent Rate [m/s]
# name 12 = prdM: Pressure, Strain Gauge [db]
# name 13 = prdE: Pressure, Strain Gauge [psi]
# name 14 = scan: Scan Count
# name 15 = par/sat/log: PAR/Logarithmic, Satlantic
# name 16 = flag:  0.000e+00
# span 0 =     -0.532,      3.395       
# span 1 =    15.6275,    27.9653       
# span 2 =    -0.6378,    15.6800       
# span 3 =     -6.831,    183.865       
# span 4 =   1.303190,  88.508291       
# span 5 =      1.652,    108.675       
# span 6 =      6.748,      8.644       
# span 7 =    86.4919,   247.4609       
# span 8 =    -0.1900,    12.0905       
# span 9 =    -0.8286,     8.6650       
# span 10 =     0.0127,     0.0533      
# span 11 =     -0.079,      0.224      
# span 12 =     -0.521,      3.326      
# span 13 =     -0.756,      4.824      
# span 14 =          1,        440      
# span 15 = 2.5816e+01, 2.5667e+03      
# span 16 = 0.0000e+00, 0.0000e+00      
# interval = seconds: 0.25
# start_time = Jul 16 2018 15:44:10 [Instrument's time stamp, header]
# bad_flag = -9.990e-29
*END*
[from data line 256]
      1.045    27.0281     9.1884    115.174  36.943333     35.492      8.608   207.4458     2.6850     1.2125     0.0244      0.075      1.025      1.486        257 2.4970e+02 0.0000e+00
      1.060    27.0121     9.1934    115.225  36.932989     35.471      8.607   207.6729     2.6527     1.2662     0.0244      0.071      1.040      1.508        258 2.4588e+02 0.0000e+00
      1.076    26.9965     9.1998    115.295  36.887996     35.454      8.601   207.7865     2.6688     1.1588     0.0244      0.070      1.056      1.531        259 2.4170e+02 0.0000e+00
      1.093    26.9810     9.1952    115.225  36.910355     35.465      8.599   207.9001     2.7214     1.2393     0.0244      0.068      1.073      1.555        260 2.3901e+02 0.0000e+00
      1.112    26.9706     9.1822    115.056  36.934831     35.529      8.595   208.3165     2.7416     1.1991     0.0244      0.066      1.091      1.581        261 2.3732e+02 0.0000e+00
      1.130    26.9649     9.1529    114.690  36.916862     35.486      8.591   208.5437     2.7133     1.1856     0.0244      0.066      1.109      1.608        262 2.3631e+02 0.0000e+00
      1.150    26.9560     9.1145    114.210  36.903065     35.521      8.582   208.8465     2.7376     1.1991     0.0244      0.066      1.128      1.637        263 2.3329e+02 0.0000e+00
      1.172    26.9463     9.0764    113.727  36.863030     35.443      8.568   210.7772     2.6648     1.0111     0.0243      0.069      1.148      1.664        264 2.3252e+02 0.0000e+00
      1.186    26.9387     9.0418    113.289  36.818392     35.450      8.556   209.1115     2.6607     1.0379     0.0243      0.071      1.164      1.688        265 2.3090e+02 0.0000e+00
      1.203    26.9321     9.0129    112.910  36.810322     35.402      8.545   211.1937     2.6607     1.0379     0.0243      0.072      1.180      1.711        266 2.2737e+02 0.0000e+00
      1.219    26.9261     8.9785    112.456  36.873077     35.515      8.537   210.8908     2.6729     1.0111     0.0244      0.071      1.196      1.734        267 2.2618e+02 0.0000e+00
      1.236    26.9203     8.9480    112.059  36.858936     35.466      8.527   210.0201     2.6810     1.0111     0.0243      0.070      1.212      1.759        268 2.2319e+02 0.0000e+00
      1.254    26.9148     8.9196    111.700  36.857582     35.497      8.516   211.0801     2.7214     0.9708     0.0244      0.069      1.230      1.784        269 2.1997e+02 0.0000e+00
      1.273    26.9097     8.8905    111.332  36.845106     35.474      8.509   211.7237     2.7295     1.0379     0.0243      0.068      1.248      1.810        270 2.1756e+02 0.0000e+00
      1.291    26.9062     8.8628    110.982  36.785489     35.424      8.499   211.9508     2.7335     1.0514     0.0243      0.068      1.266      1.836        271 2.1497e+02 0.0000e+00
      1.311    26.9068     8.8344    110.612  36.842801     35.481      8.493   212.0644     2.7052     0.9842     0.0243      0.068      1.285      1.862        272 2.1263e+02 0.0000e+00
      1.327    26.9070     8.8217    110.441  36.833104     35.484      8.489   212.4429     2.9317     1.2931     0.0243      0.070      1.301      1.886        273 2.1177e+02 0.0000e+00
      1.342    26.9048     8.8202    110.420  36.797556     35.430      8.477   214.2601     2.8872     1.2259     0.0243      0.070      1.316      1.909        274 2.1093e+02 0.0000e+00
      1.358    26.9021     8.8362    110.617  36.798060     35.456      8.471   217.4022     2.9276     1.3199     0.0243      0.069      1.331      1.931        275 2.1017e+02 0.0000e+00
      1.373    26.8941     8.8536    110.828  36.743500     35.377      8.460   218.3865     2.9357     1.3602     0.0243      0.068      1.346      1.952        276 2.1106e+02 0.0000e+00
      1.387    26.8829     8.8687    111.012  36.776480     35.432      8.449   219.6358     3.0409     1.0379     0.0243      0.065      1.360      1.972        277 2.1035e+02 0.0000e+00
      1.399    26.8757     8.8817    111.169  36.786678     35.438      8.442   220.7337     3.0166     1.0916     0.0243      0.062      1.372      1.991        278 2.0986e+02 0.0000e+00
      1.413    26.8734     8.8859    111.206  36.730812     35.392      8.431   221.8694     3.0772     1.0111     0.0243      0.059      1.385      2.010        279 2.0908e+02 0.0000e+00
      1.426    26.8727     8.8688    110.964  36.757032     35.424      8.419   220.6201     3.0570     1.0245     0.0243      0.057      1.399      2.030        280 2.0576e+02 0.0000e+00
      1.442    26.8701     8.8421    110.601  36.783710     35.452      8.410   222.2480     3.2269     0.8902     0.0243      0.056      1.414      2.051        281 2.0252e+02 0.0000e+00
      1.458    26.8631     8.8159    110.245  36.786591     35.453      8.396   222.7780     3.2107     0.9171     0.0243      0.056      1.429      2.072        282 1.9932e+02 0.0000e+00
      1.471    26.8571     8.7880    109.875  36.783108     35.454      8.385   221.3015     3.2390     0.9708     0.0243      0.055      1.442      2.092        283 1.9575e+02 0.0000e+00
      1.483    26.8558     8.7667    109.598  36.788047     35.459      8.372   226.2987     3.2511     1.0111     0.0243      0.055      1.454      2.109        284 1.9359e+02 0.0000e+00
      1.493    26.8540     8.7506    109.391  36.780448     35.463      8.362   225.5037     3.1945     0.9976     0.0243      0.054      1.465      2.124        285 1.9075e+02 0.0000e+00
      1.504    26.8508     8.7366    109.198  36.762908     35.437      8.346   225.6551     3.1783     1.0245     0.0243      0.053      1.476      2.141        286 1.8690e+02 0.0000e+00
      1.518    26.8484     8.7232    108.992  36.780217     35.465      8.336   225.1251     3.1500     0.9842     0.0243      0.051      1.489      2.160        287 1.8402e+02 0.0000e+00
      1.533    26.8455     8.7246    108.828  36.788568     35.468      8.322   225.5794     3.1622     1.0379     0.0243      0.050      1.503      2.180        288 1.8020e+02 0.0000e+00
      1.547    26.8370     8.7268    108.570  36.841496     35.523      8.306   226.6773     3.9709     1.1856     0.0243      0.050      1.516      2.199        289 1.7753e+02 0.0000e+00
      1.558    26.8238     8.7174    108.200  36.892307     35.579      8.294   220.6201     3.9345     1.1453     0.0244      0.049      1.528      2.216        290 1.7624e+02 0.0000e+00
      1.570    26.8089     8.7107    107.889  36.873632     35.558      8.281   220.3173     3.9628     1.1856     0.0244      0.050      1.540      2.233        291 1.7460e+02 0.0000e+00
      1.583    26.7951     8.7006    107.587  36.894400     35.594      8.273   220.2415     3.9628     1.1856     0.0244      0.050      1.552      2.251        292 1.7358e+02 0.0000e+00
      1.595    26.7841     8.6918    107.301  36.955448     35.658      8.264   220.0144     3.9426     1.1453     0.0244      0.050      1.564      2.268        293 1.7232e+02 0.0000e+00
      1.606    26.7793     8.6810    107.021  36.945965     35.668      8.252   219.7115     4.5330     1.2528     0.0244      0.050      1.574      2.283        294 1.7105e+02 0.0000e+00
      1.616    26.7752     8.6779    106.920  36.906208     35.621      8.244   220.2037     4.5087     1.2259     0.0244      0.048      1.584      2.298        295 1.7036e+02 0.0000e+00
      1.624    26.7675     8.6849    106.971  36.886292     35.625      8.238   219.7494     4.5370     1.1856     0.0244      0.045      1.594      2.311        296 1.6970e+02 0.0000e+00
      1.634    26.7451     8.7226    107.338  36.881774     35.600      8.228   219.4087     4.5289     1.1991     0.0244      0.043      1.604      2.326        297 1.6792e+02 0.0000e+00
      1.649    26.6531     8.7696    107.769  36.882173     35.633      8.221   222.0208     4.4804     1.3602     0.0244      0.043      1.617      2.346        298 1.6618e+02 0.0000e+00
      1.665    26.5102     8.8026    108.101  36.856142     35.593      8.209   220.9987     4.4925     1.2393     0.0243      0.044      1.631      2.366        299 1.6537e+02 0.0000e+00
      1.676    26.3787     8.8037    108.096  36.884529     35.711      8.198   221.3394     4.4683     1.1588     0.0244      0.045      1.644      2.385        300 1.6289e+02 0.0000e+00
      1.690    26.2645     8.7759    107.731  36.965530     35.866      8.186   223.3837     4.4521     1.1588     0.0244      0.047      1.657      2.404        301 1.6003e+02 0.0000e+00
      1.704    26.1709     8.7319    107.190  37.022338     36.038      8.176   225.1630     4.8201     1.4810     0.0244      0.049      1.671      2.424        302 1.5739e+02 0.0000e+00
      1.719    26.0814     8.6791    106.559  36.962195     36.038      8.164   225.4280     4.8120     1.4139     0.0244      0.052      1.686      2.446        303 1.5450e+02 0.0000e+00
      1.735    26.0068     8.6299    105.941  36.832817     35.993      8.150   227.6237     4.8443     1.5348     0.0244      0.055      1.700      2.466        304 1.5299e+02 0.0000e+00
      1.747    25.9733     8.5850    105.357  36.857141     36.057      8.139   226.9801     4.8322     1.5079     0.0244      0.055      1.713      2.484        305 1.5177e+02 0.0000e+00
      1.758    25.9546     8.5502    104.833  36.931969     36.220      8.125   231.9394     5.2810     1.4408     0.0244      0.054      1.724      2.500        306 1.4962e+02 0.0000e+00
      1.770    25.9045     8.5227    104.311  36.977008     36.243      8.116   230.2737     5.2770     1.4676     0.0244      0.053      1.736      2.517        307 1.4797e+02 0.0000e+00
      1.781    25.8319     8.4983    103.801  37.186688     36.503      8.106   228.6080     5.2689     1.4676     0.0245      0.052      1.747      2.534        308 1.4652e+02 0.0000e+00
      1.793    25.7931     8.4475    103.072  37.323557     36.648      8.099   233.2266     5.3012     1.4273     0.0246      0.050      1.757      2.549        309 1.4484e+02 0.0000e+00
      1.802    25.7832     8.4203    102.648  37.370242     36.757      8.093   230.3873     5.3821     1.6690     0.0246      0.048      1.767      2.563        310 1.4338e+02 0.0000e+00
      1.812    25.7714     8.4433    102.800  37.484544     36.894      8.083   228.6837     5.4023     1.6019     0.0246      0.045      1.777      2.578        311 1.4160e+02 0.0000e+00
      1.823    25.7715     8.5247    103.618  37.537256     36.956      8.078   229.5166     5.3740     1.7362     0.0247      0.043      1.786      2.592        312 1.4016e+02 0.0000e+00
      1.831    25.7786     8.6185    104.555  37.630917     37.048      8.072   231.6366     5.4023     1.6556     0.0247      0.042      1.795      2.604        313 1.3924e+02 0.0000e+00
      1.839    25.7734     8.7761    106.244  37.723916     37.158      8.066   231.0309     5.3902     1.5885     0.0247      0.040      1.803      2.615        314 1.3776e+02 0.0000e+00
      1.848    25.7539     8.9991    108.757  37.807110     37.207      8.057   230.0466     5.7056     1.4408     0.0248      0.038      1.813      2.630        315 1.3574e+02 0.0000e+00
      1.861    25.7044     9.3018    112.302  37.942634     37.377      8.047   230.0087     5.6935     1.4408     0.0248      0.038      1.826      2.649        316 1.3397e+02 0.0000e+00
      1.879    25.6060     9.7522    117.627  38.296791     37.693      8.036   231.5987     5.7380     1.4139     0.0250      0.040      1.843      2.674        317 1.3152e+02 0.0000e+00
      1.899    25.4992    10.3728    124.934  38.256220     37.786      8.021   232.2423     5.7218     1.5885     0.0250      0.045      1.862      2.701        318 1.2916e+02 0.0000e+00
      1.919    25.4382    10.9813    131.982  37.874509     37.333      8.001   234.1730     5.6207     1.6690     0.0248      0.051      1.879      2.726        319 1.2801e+02 0.0000e+00
      1.931    25.3907    11.5102    138.147  37.971014     37.664      7.983   237.9587     5.5600     1.6690     0.0249      0.056      1.892      2.745        320 1.2699e+02 0.0000e+00
      1.940    25.3210    11.9826    143.730  37.780235     37.403      7.972   237.1637     5.5924     1.5616     0.0248      0.058      1.902      2.759        321 1.2635e+02 0.0000e+00
      1.949    25.2316    12.4912    149.692  37.222144     36.967      7.958   236.1037     5.5883     1.7630     0.0246      0.059      1.912      2.773        322 1.2611e+02 0.0000e+00
      1.959    25.1257    12.9878    155.547  36.707995     36.435      7.948   229.0623     5.6773     1.6019     0.0243      0.056      1.922      2.787        323 1.2527e+02 0.0000e+00
      1.970    25.0119    13.4240    160.565  36.165981     36.027      7.931   228.7216     5.6369     1.5079     0.0241      0.052      1.932      2.803        324 1.2455e+02 0.0000e+00
      1.982    24.9201    13.7308    163.875  35.494346     35.378      7.921   229.2894     5.6369     1.6422     0.0238      0.047      1.943      2.820        325 1.2367e+02 0.0000e+00
      1.995    24.8633    13.9921    166.860  35.052603     35.040      7.908   229.7816     5.6611     1.6288     0.0237      0.044      1.955      2.836        326 1.2286e+02 0.0000e+00
      2.005    24.8128    14.3236    170.522  34.995633     35.049      7.896   229.5923     5.7703     1.9645     0.0237      0.042      1.966      2.851        327 1.2182e+02 0.0000e+00
      2.015    24.7333    14.6912    174.480  34.942488     35.032      7.887   229.7437     5.7703     1.8973     0.0236      0.042      1.976      2.866        328 1.2050e+02 0.0000e+00
      2.026    24.6215    14.9995    177.557  34.762890     34.900      7.875   229.7437     5.7744     1.8705     0.0236      0.043      1.987      2.881        329 1.1927e+02 0.0000e+00
      2.037    24.5461    15.2491    179.913  34.388785     34.561      7.865   229.7816     5.7663     1.8436     0.0234      0.043      1.998      2.897        330 1.1761e+02 0.0000e+00
      2.049    24.5114    15.4167    181.494  34.310810     34.556      7.855   230.5009     5.7137     1.9376     0.0234      0.044      2.009      2.914        331 1.1623e+02 0.0000e+00
      2.060    24.4637    15.5592    182.878  34.444787     34.778      7.846   231.1444     5.7339     1.8570     0.0234      0.043      2.020      2.930        332 1.1471e+02 0.0000e+00
      2.071    24.4305    15.6730    183.865  34.311058     34.631      7.844   232.1666     5.7097     1.8167     0.0234      0.043      2.031      2.947        333 1.1286e+02 0.0000e+00
      2.085    24.3562    15.6800    183.586  34.210354     34.581      7.835   233.3402     5.7137     1.7765     0.0233      0.044      2.045      2.967        334 1.1084e+02 0.0000e+00
      2.102    24.2495    15.6097    182.441  34.095637     34.492      7.833   233.1130     5.7097     1.7899     0.0233      0.047      2.061      2.990        335 1.0882e+02 0.0000e+00
      2.120    24.1946    15.4924    180.755  33.979351     34.398      7.834   233.2644     5.6773     2.1122     0.0232      0.050      2.079      3.016        336 1.0636e+02 0.0000e+00
      2.140    24.1109    15.3644    178.895  33.910270     34.452      7.841   232.9994     5.6530     2.0719     0.0232      0.055      2.098      3.044        337 1.0410e+02 0.0000e+00
      2.160    23.9775    15.2340    176.954  33.588544     34.113      7.854   232.9616     5.6369     2.1122     0.0231      0.060      2.117      3.070        338 1.0266e+02 0.0000e+00
      2.175    23.8057    15.0761    174.822  33.341843     33.949      7.894   232.2423     5.6288     2.0584     0.0230      0.064      2.132      3.092        339 1.0155e+02 0.0000e+00
      2.188    23.6286    14.9155    172.792  33.149753     33.838      7.959   232.2801     5.7218     2.8238     0.0229      0.066      2.145      3.111        340 1.0078e+02 0.0000e+00
