Data/DataNotYetUploadedToEDI/Raw_CTD/RawDownloads/071720_bvr50.cnv
* Sea-Bird SBE19plus  Data File:
* FileName = C:\DATA\071720_fcr50_0005.hex
* Software version 2.8.0.119
* Temperature SN = 7809
* Conductivity SN = 7809
* System UpLoad Time = Jul 17 2020 12:22:45
* <ApplicationData>
* <Seaterm232>
# nquan = 16
# nvalues = 2255                        
# units = specified
# name 0 = depFM: Depth [fresh water, m]
# name 1 = dz/dtM: Descent Rate [m/s]
# name 2 = sbeox0ML/L: Oxygen, SBE 43 [ml/l]
# name 3 = sbeox0PS: Oxygen, SBE 43 [% saturation]
# name 4 = specc: Specific Conductance [uS/cm]
# name 5 = c0uS/cm: Conductivity [uS/cm]
# name 6 = flECO-AFL: Fluorescence, WET Labs ECO-AFL/FL [mg/m^3]
# name 7 = ph: pH
# name 8 = orp: Oxidation Reduction Potential [mV]
# name 9 = par/sat/log: PAR/Logarithmic, Satlantic
# name 10 = turbWETntu0: Turbidity, WET Labs ECO [NTU]
# name 11 = prdM: Pressure, Strain Gauge [db]
# name 12 = prdE: Pressure, Strain Gauge [psi]
# name 13 = tv290C: Temperature [ITS-90, deg C]
# name 14 = density00: Density [density, kg/m^3]
# name 15 = flag:  0.000e+00
# span 0 =     -0.679,     11.114       
# span 1 =     -0.185,      0.397       
# span 2 =     0.0341,     5.8975       
# span 3 =      0.468,    101.196       
# span 4 =      0.755,    237.627       
# span 5 =   0.779182, 163.845370       
# span 6 =    -2.8590,     9.2242       
# span 7 =      6.254,      8.970       
# span 8 =  -717.3298,   876.7322       
# span 9 = 1.2343e-01, 2.4791e+03       
# span 10 =    -9.6665,   958.0724      
# span 11 =     -0.666,     10.899      
# span 12 =     -0.967,     15.808      
# span 13 =     9.3178,    27.9564      
# span 14 =   996.2647,   999.8877      
# span 15 = 0.0000e+00, 0.0000e+00      
# interval = seconds: 0.25
# start_time = Jul 16 2020 22:53:45 [Instrument's time stamp, header]
# bad_flag = -9.990e-29
*END*
[from data line 814]
      4.640      0.001     4.5061     68.594     28.103  23.603695     6.3225      6.845   297.3569 5.8842e+01     3.2530      4.550      6.599    17.0139   998.8090 0.0000e+00
      4.640      0.002     4.5251     69.266     28.092  23.586409     6.4931      6.844   297.3537 5.8897e+01     3.2144      4.551      6.601    17.0099   998.8098 0.0000e+00
      4.640      0.002     4.5556     69.931     28.078  23.565674     6.8292      6.844   297.7529 5.8907e+01     3.2134      4.549      6.597    17.0073   998.8101 0.0000e+00
      4.640      0.001     4.5943     70.577     28.137  23.606655     7.0197      6.844   298.0539 5.8962e+01     3.2745      4.550      6.599    17.0038   998.8107 0.0000e+00
      4.642      0.001     4.6374     71.143     28.185  23.637956     7.0328      6.844   297.9810 5.9138e+01     3.3018      4.552      6.603    16.9929   998.8127 0.0000e+00
      4.642      0.002     4.6873     71.513     28.184  23.627028     7.0542      6.843   297.8181 5.9343e+01     3.2685      4.552      6.602    16.9779   998.8152 0.0000e+00
      4.642      0.003     4.7330     71.698     28.164  23.601345     7.1170      6.841   297.7199 5.9546e+01     3.2496      4.552      6.602    16.9583   998.8186 0.0000e+00
      4.642      0.003     4.7789     71.862     28.148  23.581098     7.1622      6.841   297.6534 5.9670e+01     3.2442      4.551      6.601    16.9450   998.8210 0.0000e+00
      4.642      0.004     4.8239     72.192     28.145  23.572478     7.1526      6.840   297.6169 5.9733e+01     3.2724      4.552      6.602    16.9306   998.8235 0.0000e+00
      4.644      0.004     4.8500     72.751     28.138  23.560526     6.9910      6.839   297.6215 5.9518e+01     3.3156      4.553      6.605    16.9103   998.8270 0.0000e+00
      4.646      0.004     4.8599     73.447     28.150  23.563423     6.7153      6.839   297.7098 5.9246e+01     3.2851      4.556      6.610    16.8946   998.8297 0.0000e+00
      4.648      0.003     4.8666     74.188     28.211  23.607501     6.5758      6.839   297.8244 5.9101e+01     3.2481      4.558      6.612    16.8831   998.8317 0.0000e+00
      4.648      0.002     4.8881     74.899     28.270  23.649518     6.5625      6.838   297.8021 5.8984e+01     3.2452      4.559      6.612    16.8732   998.8335 0.0000e+00
      4.648     -0.002     4.9310     75.441     28.249  23.627491     6.5261      6.837   297.6990 5.9073e+01     3.2161      4.558      6.611    16.8623   998.8353 0.0000e+00
      4.648     -0.011     4.9817     75.695     28.122  23.531436     6.4604      6.837   297.7817 5.9337e+01     3.1714      4.558      6.611    16.8495   998.8375 0.0000e+00
      4.647     -0.024     5.0335     75.605     27.869  23.376007     6.4258      6.834   298.1997 5.9647e+01     3.1851      4.558      6.611    16.8384   998.8394 0.0000e+00
      4.645     -0.034     5.0882     75.300     27.566  23.206935     6.4320      6.829   298.6228 5.9941e+01     3.2445      4.556      6.608    16.8209   998.8424 0.0000e+00
      4.637     -0.038     5.1285     75.269     27.435  23.136213     6.4202      6.823   298.6822 6.0847e+01     3.2378      4.554      6.605    16.8154   998.8433 0.0000e+00
      4.614     -0.037     5.1482     76.005     27.457  23.155151     6.3784      6.819   298.5728 6.2703e+01     3.1729      4.529      6.570    16.8001   998.8459 0.0000e+00
      4.588     -0.032     5.1329     77.526     27.472  23.182228     6.3569      6.817   298.5053 6.3745e+01     3.1810      4.489      6.511    16.8921   998.8298 0.0000e+00
      4.581     -0.023     5.0702     79.544     27.483  23.209942     6.3700      6.817   298.3819 6.3297e+01     3.2667      4.486      6.506    17.1486   998.7850 0.0000e+00
      4.589     -0.012     5.0468     81.753     27.517  23.236590     6.4121      6.817   298.1990 6.2776e+01     3.2827      4.504      6.531    17.1986   998.7762 0.0000e+00
      4.595     -0.002     5.1062     83.743     27.547  23.250752     6.8563      6.818   298.1012 6.2525e+01     3.2358      4.506      6.536    17.1250   998.7892 0.0000e+00
      4.597      0.005     5.2108     85.045     27.562  23.254318     7.6880      6.818   298.0600 6.2465e+01     3.2154      4.509      6.540    17.1944   998.7771 0.0000e+00
      4.597      0.005     5.3469     85.408     27.597  23.279698     8.1519      6.818   298.0450 6.2643e+01     3.2074      4.509      6.540    17.2398   998.7691 0.0000e+00
      4.596      0.003     5.5064     84.744     27.627  23.303935     8.2117      6.818   298.0063 6.2751e+01     3.2425      4.506      6.535    17.2232   998.7720 0.0000e+00
      4.595      0.003     5.6590     83.192     27.615  23.293683     8.3052      6.819   297.8499 6.2638e+01     3.2616      4.506      6.535    17.1949   998.7770 0.0000e+00
      4.595      0.004     5.7514     81.102     27.600  23.282580     8.4722      6.819   297.7884 6.2412e+01     3.2324      4.505      6.534    17.1774   998.7800 0.0000e+00
      4.598      0.005     5.7801     78.771     27.615  23.296530     8.5717      6.820   297.7787 6.2183e+01     3.2324      4.509      6.539    17.1739   998.7807 0.0000e+00
      4.601      0.006     5.7332     76.422     27.660  23.335527     8.5652      6.820   297.4749 6.2148e+01     3.2277      4.514      6.546    17.1695   998.7816 0.0000e+00
      4.602      0.006     5.6169     74.319     27.704  23.373569     8.3840      6.820   297.2984 6.2295e+01     3.2100      4.513      6.545    17.1707   998.7813 0.0000e+00
      4.603      0.005     5.4699     72.687     27.705  23.375980     8.0592      6.819   297.6239 6.2379e+01     3.1899      4.514      6.547    17.1733   998.7808 0.0000e+00
      4.605      0.004     5.3080     71.523     27.690  23.364678     7.8797      6.818   297.7106 6.2467e+01     3.1908      4.517      6.551    17.1759   998.7803 0.0000e+00
      4.606      0.002     5.1436     70.728     27.686  23.363765     7.8450      6.818   297.4870 6.2565e+01     3.2557      4.517      6.551    17.1790   998.7798 0.0000e+00
      4.606      0.002     4.9931     70.259     27.685  23.364938     7.6011      6.817   297.5868 6.2706e+01     3.2882      4.517      6.552    17.1809   998.7796 0.0000e+00
      4.606      0.001     4.8855     70.070     27.698  23.378860     7.1426      6.816   297.7132 6.2846e+01     3.2395      4.517      6.551    17.1816   998.7794 0.0000e+00
      4.606      0.000     4.8103     70.097     27.727  23.405265     6.8896      6.816   297.6382 6.2828e+01     3.2163      4.516      6.550    17.1857   998.7787 0.0000e+00
      4.606      0.000     4.7559     70.277     27.757  23.430529     6.8596      6.816   297.5412 6.2675e+01     3.2477      4.517      6.552    17.1902   998.7779 0.0000e+00
      4.606      0.001     4.7254     70.534     27.758  23.430634     6.7127      6.816   297.3999 6.2436e+01     3.2408      4.518      6.553    17.1940   998.7772 0.0000e+00
      4.606      0.002     4.7137     70.759     27.731  23.406544     6.4202      6.816   297.3924 6.2229e+01     3.1680      4.516      6.551    17.1984   998.7765 0.0000e+00
      4.606      0.004     4.7167     70.877     27.719  23.392937     6.2420      6.816   297.4511 6.2066e+01     3.1231      4.516      6.550    17.2030   998.7757 0.0000e+00
      4.607      0.006     4.7300     70.896     27.726  23.392948     6.2269      6.815   297.4215 6.1946e+01     3.1791      4.518      6.552    17.2033   998.7757 0.0000e+00
      4.608      0.008     4.7508     70.788     27.749  23.406662     6.2467      6.814   297.4635 6.1903e+01     3.2606      4.519      6.554    17.2012   998.7760 0.0000e+00
      4.611      0.010     4.7684     70.488     27.784  23.431907     6.3287      6.813   297.5294 6.1881e+01     3.2846      4.521      6.558    17.2009   998.7761 0.0000e+00
      4.616      0.010     4.7753     70.036     27.804  23.444494     6.4648      6.812   297.5302 6.1861e+01     3.2636      4.527      6.565    17.1956   998.7770 0.0000e+00
      4.620      0.009     4.7782     69.534     27.794  23.432010     6.5283      6.811   297.5591 6.1811e+01     3.2117      4.531      6.572    17.1820   998.7795 0.0000e+00
      4.622      0.008     4.7757     68.991     27.770  23.407806     6.5340      6.811   297.6207 6.1701e+01     3.2067      4.533      6.575    17.1682   998.7818 0.0000e+00
      4.622      0.007     4.7548     68.439     27.773  23.405521     6.4863      6.811   297.4142 6.1525e+01     3.2384      4.534      6.576    17.1638   998.7826 0.0000e+00
      4.622      0.006     4.7198     67.936     27.781  23.404370     6.3708      6.810   297.2136 6.1311e+01     3.2170      4.533      6.575    17.1584   998.7836 0.0000e+00
      4.623      0.007     4.6896     67.505     27.780  23.393878     6.3011      6.809   297.4324 6.1030e+01     3.2224      4.533      6.575    17.1459   998.7859 0.0000e+00
      4.626      0.010     4.6520     67.205     27.812  23.405496     6.2825      6.808   297.6513 6.0822e+01     3.2693      4.536      6.579    17.1429   998.7864 0.0000e+00
      4.628      0.012     4.6130     67.136     27.853  23.417982     6.1463      6.807   297.7948 6.0794e+01     3.2343      4.539      6.583    17.1341   998.7879 0.0000e+00
      4.632      0.013     4.5821     67.378     27.883  23.417987     5.8845      6.806   297.9625 6.0604e+01     3.1083      4.539      6.584    17.1184   998.7906 0.0000e+00
      4.638      0.012     4.5515     67.884     27.895  23.405520     5.7299      6.806   297.9584 6.0328e+01     3.0160      4.547      6.595    17.1055   998.7929 0.0000e+00
      4.644      0.011     4.5323     68.545     27.902  23.394055     5.7081      6.806   297.9171 6.0350e+01     3.0107      4.555      6.607    17.0791   998.7976 0.0000e+00
      4.646      0.008     4.5274     69.270     27.932  23.406179     5.6784      6.804   297.9790 6.0503e+01     3.0107      4.556      6.608    17.0377   998.8048 0.0000e+00
      4.645      0.004     4.5513     69.987     27.965  23.425254     5.6185      6.803   298.0181 6.0609e+01     2.9816      4.556      6.607    16.9875   998.8136 0.0000e+00
      4.644     -0.004     4.5925     70.643     27.902  23.370996     5.5845      6.803   298.0467 6.0625e+01     2.9678      4.555      6.606    16.9446   998.8209 0.0000e+00
      4.644     -0.018     4.6415     71.102     27.723  23.257496     5.5820      6.801   298.3242 6.0460e+01     2.9808      4.554      6.606    16.9169   998.8258 0.0000e+00
      4.644     -0.032     4.6962     71.327     27.553  23.194529     5.5690      6.796   298.7932 6.0362e+01     3.0015      4.555      6.607    16.8895   998.8305 0.0000e+00
      4.641     -0.040     4.7447     71.708     27.402  23.117121     5.5425      6.790   298.9845 6.1178e+01     3.0119      4.556      6.609    16.8798   998.8322 0.0000e+00
      4.623     -0.041     4.7962     72.903     27.297  23.019234     5.5182      6.784   298.9160 6.3422e+01     3.0034      4.542      6.589    16.8578   998.8360 0.0000e+00
      4.593     -0.037     4.8280     75.213     27.319  23.025663     5.5142      6.782   298.7396 6.5153e+01     2.9684      4.497      6.524    16.8857   998.8308 0.0000e+00
      4.574     -0.029     4.8104     78.341     27.366  23.067998     5.5509      6.782   298.3149 6.4628e+01     2.9319      4.473      6.489    17.1202   998.7899 0.0000e+00
      4.578     -0.018     4.8028     81.645     27.388  23.087181     5.8674      6.782   298.0826 6.3448e+01     2.9738      4.491      6.512    17.2434   998.7684 0.0000e+00
      4.587     -0.005     4.8853     84.468     27.448  23.130770     6.4316      6.782   298.3401 6.2840e+01     3.0981      4.501      6.528    17.1390   998.7866 0.0000e+00
      4.592      0.006     5.0522     86.323     27.482  23.151087     6.7270      6.783   298.5886 6.2500e+01     3.2328      4.503      6.531    17.1246   998.7893 0.0000e+00
      4.593      0.010     5.2764     86.904     27.481  23.142568     6.7490      6.783   298.5931 6.2436e+01     3.2975      4.504      6.534    17.1531   998.7843 0.0000e+00
      4.592      0.007     5.5171     86.144     27.502  23.154590     6.8126      6.782   298.5657 6.2376e+01     3.2968      4.502      6.531    17.1470   998.7854 0.0000e+00
      4.592      0.004     5.7191     84.259     27.525  23.169606     6.9228      6.782   298.5152 6.1951e+01     3.2934      4.503      6.530    17.1338   998.7877 0.0000e+00
      4.595      0.003     5.8544     81.666     27.560  23.197281     6.9658      6.782   298.4129 6.1509e+01     3.2561      4.506      6.535    17.1150   998.7910 0.0000e+00
      4.597      0.003     5.8975     78.896     27.610  23.235531     6.9416      6.782   298.3618 6.1371e+01     3.2227      4.508      6.538    17.1022   998.7933 0.0000e+00
      4.597      0.003     5.8413     76.371     27.636  23.251571     6.8986      6.783   298.2416 6.1394e+01     3.2336      4.508      6.539    17.0902   998.7953 0.0000e+00
      4.596      0.002     5.7055     74.278     27.661  23.264371     6.8456      6.783   298.0773 6.1122e+01     3.2166      4.508      6.538    17.0846   998.7963 0.0000e+00
      4.596      0.002     5.5168     72.684     27.669  23.263448     6.8160      6.783   298.0110 6.0269e+01     3.1886      4.508      6.538    17.0808   998.7970 0.0000e+00
      4.596      0.002     5.3187     71.533     27.650  23.240399     6.7980      6.783   297.9555 5.9104e+01     3.2037      4.508      6.538    17.0769   998.7977 0.0000e+00
      4.596      0.003     5.1476     70.680     27.654  23.239352     6.7047      6.783   297.9228 5.7462e+01     3.2282      4.508      6.538    17.0645   998.7998 0.0000e+00
      4.598      0.003     5.0053     70.036     27.670  23.250789     6.5372      6.783   297.8742 5.5060e+01     3.2436      4.508      6.539    17.0472   998.8029 0.0000e+00
      4.601      0.003     4.9001     69.531     27.676  23.251839     6.4313      6.783   297.7967 5.1986e+01     3.2531      4.512      6.544    17.0354   998.8050 0.0000e+00
      4.602      0.003     4.8294     69.092     27.681  23.252039     6.4063      6.783   297.5886 4.8328e+01     3.2399      4.514      6.547    17.0204   998.8076 0.0000e+00
      4.601      0.004     4.7730     68.683     27.688  23.253201     6.3972      6.782   297.4237 4.4496e+01     3.2213      4.512      6.544    17.0133   998.8088 0.0000e+00
      4.600      0.005     4.7313     68.286     27.710  23.265886     6.3026      6.780   297.6962 4.1497e+01     3.2348      4.512      6.543    17.0140   998.8087 0.0000e+00
      4.601      0.005     4.7007     67.884     27.730  23.278570     6.1109      6.780   297.9575 4.0211e+01     3.2654      4.512      6.544    17.0028   998.8106 0.0000e+00
      4.603      0.006     4.6716     67.459     27.732  23.279724     5.9956      6.780   297.6569 4.0778e+01     3.2819      4.513      6.546    16.9953   998.8119 0.0000e+00
      4.607      0.007     4.6456     67.015     27.733  23.279829     5.9680      6.780   297.2454 4.2717e+01     3.2627      4.518      6.552    16.9898   998.8129 0.0000e+00
      4.610      0.008     4.6199     66.566     27.738  23.279840     5.9295      6.780   297.3700 4.4954e+01     3.1707      4.522      6.559    16.9750   998.8155 0.0000e+00
      4.611      0.008     4.5945     66.099     27.743  23.279850     5.8828      6.779   297.6148 4.6621e+01     3.0629      4.522      6.558    16.9666   998.8170 0.0000e+00
      4.611      0.007     4.5652     65.607     27.743  23.279955     5.8612      6.778   297.7099 4.7655e+01     3.0230      4.521      6.556    16.9703   998.8163 0.0000e+00
      4.613      0.005     4.5340     65.114     27.742  23.281108     5.8493      6.777   297.8318 4.8310e+01     2.9978      4.523      6.560    16.9717   998.8161 0.0000e+00
