Data/DataNotYetUploadedToEDI/Raw_CTD/RawDownloads/071720_bvr50.cnv
* Sea-Bird SBE19plus  Data File:
* FileName = C:\DATA\071720_fcr50_0005.hex
* Software version 2.8.0.119
* Temperature SN = 7809
* Conductivity SN = 7809
* System UpLoad Time = Jul 17 2020 12:22:45
* <ApplicationData>
* <Seaterm232>
# nquan = 16
# nvalues = 2255                        
# units = specified
# name 0 = depFM: Depth [fresh water, m]
# name 1 = dz/dtM: Descent Rate [m/s]
# name 2 = sbeox0ML/L: Oxygen, SBE 43 [ml/l]
# name 3 = sbeox0PS: Oxygen, SBE 43 [% saturation]
# name 4 = specc: Specific Conductance [uS/cm]
# name 5 = c0uS/cm: Conductivity [uS/cm]
# name 6 = flECO-AFL: Fluorescence, WET Labs ECO-AFL/FL [mg/m^3]
# name 7 = ph: pH
# name 8 = orp: Oxidation Reduction Potential [mV]
# name 9 = par/sat/log: PAR/Logarithmic, Satlantic
# name 10 = turbWETntu0: Turbidity, WET Labs ECO [NTU]
# name 11 = prdM: Pressure, Strain Gauge [db]
# name 12 = prdE: Pressure, Strain Gauge [psi]
# name 13 = tv290C: Temperature [ITS-90, deg C]
# name 14 = density00: Density [density, kg/m^3]
# name 15 = flag:  0.000e+00
# span 0 =     -0.679,     11.114       
# span 1 =     -0.185,      0.397       
# span 2 =     0.0341,     5.8975       
# span 3 =      0.468,    101.196       
# span 4 =      0.755,    237.627       
# span 5 =   0.779182, 163.845370       
# span 6 =    -2.8590,     9.2242       
# span 7 =      6.254,      8.970       
# span 8 =  -717.3298,   876.7322       
# span 9 = 1.2343e-01, 2.4791e+03       
# span 10 =    -9.6665,   958.0724      
# span 11 =     -0.666,     10.899      
# span 12 =     -0.967,     15.808      
# span 13 =     9.3178,    27.9564      
# span 14 =   996.2647,   999.8877      
# span 15 = 0.0000e+00, 0.0000e+00      
# interval = seconds: 0.25
# start_time = Jul 16 2020 22:53:45 [Instrument's time stamp, header]
# bad_flag = -9.990e-29
*END*
[from data line 452]
      2.375      0.080     4.0027     75.282     26.938  27.993936     2.2048      7.276   275.9709 2.5617e+02     1.0880      2.326      3.374    27.1941   996.4876 0.0000e+00
      2.399      0.082     4.0687     75.452     26.988  27.995192     2.1953      7.277   275.9866 2.4954e+02     1.1374      2.349      3.408    27.1780   996.4921 0.0000e+00
      2.426      0.080     4.1297     75.502     27.038  27.995313     2.1821      7.278   276.1767 2.4274e+02     1.1564      2.382      3.453    27.1408   996.5025 0.0000e+00
      2.449      0.075     4.1758     75.538     27.081  27.995321     2.1593      7.280   276.4629 2.3809e+02     1.1126      2.404      3.486    27.0521   996.5271 0.0000e+00
      2.466      0.069     4.2058     75.608     27.116  27.995223     2.1581      7.282   276.5218 2.3450e+02     1.0885      2.420      3.510    26.9535   996.5543 0.0000e+00
      2.480      0.062     4.2194     75.763     27.145  27.994075     2.1591      7.284   276.4584 2.2765e+02     1.1047      2.434      3.530    26.8616   996.5796 0.0000e+00
      2.492      0.056     4.2271     75.948     27.152  27.981391     2.1317      7.286   276.4701 2.2235e+02     1.1371      2.443      3.544    26.7578   996.6080 0.0000e+00
      2.505      0.054     4.2357     75.996     27.152  27.968686     2.1034      7.286   276.6634 2.2096e+02     1.1709      2.457      3.563    26.6777   996.6299 0.0000e+00
      2.518      0.055     4.2424     75.829     27.160  27.967306     2.0853      7.285   276.9891 2.2537e+02     1.1362      2.470      3.582    26.6121   996.6477 0.0000e+00
      2.532      0.057     4.2565     75.450     27.170  27.964696     2.0649      7.283   277.2243 2.3162e+02     1.0952      2.483      3.601    26.5495   996.6649 0.0000e+00
      2.547      0.061     4.2752     74.860     27.159  27.937114     2.0377      7.282   277.5288 2.3391e+02     1.1209      2.497      3.621    26.5139   996.6746 0.0000e+00
      2.563      0.065     4.2799     74.100     27.134  27.887516     2.0132      7.278   278.0038 2.2661e+02     1.1380      2.512      3.644    26.4960   996.6794 0.0000e+00
      2.580      0.071     4.2709     73.320     27.164  27.872426     1.9979      7.272   278.4063 2.1328e+02     1.1306      2.531      3.670    26.4835   996.6830 0.0000e+00
      2.598      0.078     4.2518     72.663     27.247  27.881456     1.9677      7.267   278.6099 2.0819e+02     1.1336      2.549      3.697    26.4581   996.6899 0.0000e+00
      2.617      0.083     4.2212     72.155     27.322  27.869709     1.9248      7.265   278.6591 2.1032e+02     1.1410      2.564      3.718    26.4259   996.6986 0.0000e+00
      2.640      0.085     4.1767     71.835     27.382  27.857117     1.8992      7.266   278.6571 2.1268e+02     1.1169      2.587      3.751    26.3952   996.7069 0.0000e+00
      2.667      0.084     4.1342     71.803     27.438  27.855964     1.8865      7.266   278.6715 2.1478e+02     1.0826      2.615      3.794    26.3243   996.7262 0.0000e+00
      2.692      0.080     4.1097     72.124     27.483  27.855686     1.8860      7.267   278.6613 2.1165e+02     1.0700      2.641      3.831    26.1668   996.7686 0.0000e+00
      2.713      0.073     4.0944     72.775     27.512  27.853690     1.9120      7.269   278.5333 2.0154e+02     1.1012      2.661      3.861    25.9795   996.8185 0.0000e+00
      2.730      0.064     4.0826     73.610     27.512  27.831781     1.9532      7.271   278.4147 1.9682e+02     1.1862      2.678      3.884    25.8539   996.8518 0.0000e+00
      2.743      0.056     4.0871     74.395     27.479  27.781052     1.9642      7.272   278.5179 1.9617e+02     1.2046      2.690      3.901    25.7515   996.8790 0.0000e+00
      2.753      0.051     4.1126     74.975     27.465  27.747754     1.9395      7.272   278.6621 1.9522e+02     1.1520      2.700      3.916    25.6586   996.9035 0.0000e+00
      2.763      0.050     4.1566     75.287     27.486  27.746309     1.9035      7.272   278.6961 1.9719e+02     1.1339      2.709      3.929    25.6060   996.9172 0.0000e+00
      2.773      0.050     4.2132     75.305     27.532  27.763545     1.8621      7.273   278.6710 1.9692e+02     1.1222      2.718      3.942    25.5713   996.9264 0.0000e+00
      2.788      0.050     4.2629     75.069     27.575  27.765812     1.8400      7.274   278.5304 1.9180e+02     1.1136      2.733      3.964    25.5452   996.9333 0.0000e+00
      2.803      0.049     4.2994     74.650     27.566  27.710221     1.8265      7.275   278.4591 1.8583e+02     1.1328      2.751      3.990    25.5107   996.9424 0.0000e+00
      2.818      0.048     4.3215     74.100     27.569  27.662218     1.7946      7.275   278.5836 1.8023e+02     1.1483      2.766      4.010    25.4708   996.9529 0.0000e+00
      2.830      0.047     4.3254     73.490     27.586  27.629358     1.7689      7.275   278.8304 1.7807e+02     1.1640      2.777      4.027    25.4236   996.9652 0.0000e+00
      2.839      0.046     4.3159     72.863     27.571  27.566554     1.7642      7.275   279.2061 1.8058e+02     1.1520      2.784      4.038    25.3418   996.9865 0.0000e+00
      2.848      0.047     4.2985     72.191     27.601  27.537102     1.7653      7.272   279.5122 1.8028e+02     1.1055      2.791      4.049    25.2581   997.0082 0.0000e+00
      2.859      0.050     4.2724     71.451     27.658  27.526888     1.7828      7.269   279.6071 1.7650e+02     1.1171      2.804      4.066    25.1612   997.0333 0.0000e+00
      2.872      0.053     4.2434     70.687     27.633  27.442961     1.8133      7.266   279.6647 1.7310e+02     1.1885      2.816      4.084    25.0653   997.0580 0.0000e+00
      2.887      0.056     4.2134     69.988     27.596  27.346847     1.8294      7.262   279.8640 1.6978e+02     1.2130      2.830      4.104    25.0001   997.0748 0.0000e+00
      2.905      0.057     4.1843     69.450     27.627  27.316162     1.8340      7.260   280.1246 1.6825e+02     1.1394      2.850      4.134    24.8884   997.1035 0.0000e+00
      2.921      0.057     4.1514     69.139     27.684  27.325577     1.8315      7.258   280.3202 1.6924e+02     1.0540      2.867      4.158    24.7390   997.1416 0.0000e+00
      2.935      0.056     4.1116     69.017     27.732  27.333753     1.8275      7.256   280.4226 1.7010e+02     1.0733      2.878      4.174    24.6535   997.1633 0.0000e+00
      2.948      0.053     4.0766     68.984     27.729  27.288109     1.8326      7.255   280.5025 1.6862e+02     1.1666      2.891      4.193    24.5544   997.1884 0.0000e+00
      2.962      0.049     4.0538     69.023     27.702  27.217645     1.8270      7.254   280.6843 1.6590e+02     1.1863      2.904      4.213    24.4130   997.2240 0.0000e+00
      2.974      0.046     4.0415     69.180     27.712  27.179442     1.8070      7.253   280.7268 1.6474e+02     1.1403      2.918      4.231    24.3446   997.2411 0.0000e+00
      2.985      0.044     4.0425     69.432     27.724  27.143284     1.8201      7.252   280.5863 1.6695e+02     1.1244      2.929      4.247    24.2822   997.2569 0.0000e+00
      2.994      0.043     4.0474     69.702     27.721  27.097540     1.8715      7.252   280.6210 1.6807e+02     1.1318      2.937      4.259    24.1958   997.2784 0.0000e+00
      3.004      0.043     4.0527     69.912     27.726  27.070298     1.9033      7.252   280.7157 1.6620e+02     1.1612      2.945      4.271    24.1218   997.2967 0.0000e+00
      3.015      0.043     4.0698     70.008     27.679  27.004146     1.8990      7.253   280.6124 1.6322e+02     1.1716      2.957      4.288    24.0360   997.3179 0.0000e+00
      3.026      0.044     4.0933     69.976     27.550  26.868541     1.8767      7.254   280.4904 1.6072e+02     1.1544      2.968      4.305    23.9416   997.3414 0.0000e+00
      3.039      0.044     4.1172     69.833     27.520  26.826121     1.8533      7.254   280.5313 1.6065e+02     1.1592      2.981      4.323    23.8640   997.3605 0.0000e+00
      3.051      0.043     4.1351     69.590     27.587  26.871811     1.8448      7.254   280.5051 1.5889e+02     1.1611      2.993      4.342    23.8058   997.3748 0.0000e+00
      3.062      0.041     4.1441     69.253     27.521  26.786646     1.8412      7.253   280.6034 1.5707e+02     1.1768      3.002      4.355    23.7661   997.3845 0.0000e+00
      3.072      0.037     4.1422     68.913     27.433  26.684379     1.8290      7.250   281.1184 1.5777e+02     1.1783      3.011      4.368    23.7597   997.3860 0.0000e+00
      3.082      0.032     4.1348     68.708     27.419  26.650141     1.8208      7.246   281.5686 1.5710e+02     1.1783      3.024      4.386    23.7400   997.3908 0.0000e+00
      3.090      0.029     4.1245     68.678     27.370  26.562933     1.8274      7.243   281.8306 1.5541e+02     1.2122      3.032      4.398    23.6972   997.4014 0.0000e+00
      3.095      0.027     4.1060     68.820     27.375  26.517892     1.8237      7.239   281.9637 1.5567e+02     1.1755      3.034      4.401    23.6546   997.4118 0.0000e+00
      3.100      0.027     4.0831     69.170     27.387  26.486045     1.7762      7.237   281.9732 1.5886e+02     1.1458      3.040      4.409    23.6293   997.4179 0.0000e+00
      3.105      0.029     4.0724     69.723     27.306  26.368104     1.7103      7.235   282.0316 1.5966e+02     1.1626      3.045      4.417    23.6121   997.4222 0.0000e+00
      3.112      0.033     4.0782     70.462     27.209  26.233515     1.6850      7.233   281.9816 1.5645e+02     1.1722      3.051      4.425    23.5275   997.4427 0.0000e+00
      3.121      0.039     4.0927     71.410     27.206  26.190650     1.6993      7.233   281.8846 1.5535e+02     1.2275      3.061      4.439    23.4183   997.4691 0.0000e+00
      3.132      0.044     4.1197     72.508     27.285  26.230323     1.7017      7.233   281.8918 1.5372e+02     1.2476      3.072      4.455    23.3490   997.4859 0.0000e+00
      3.145      0.049     4.1595     73.591     27.285  26.205735     1.6860      7.233   281.8964 1.5152e+02     1.2100      3.083      4.473    23.2771   997.5031 0.0000e+00
      3.159      0.052     4.2079     74.550     27.240  26.147033     1.6814      7.233   281.8548 1.5131e+02     1.2190      3.097      4.493    23.2013   997.5212 0.0000e+00
      3.175      0.052     4.2713     75.308     27.256  26.154808     1.6929      7.234   281.7325 1.4961e+02     1.2186      3.114      4.517    23.1269   997.5390 0.0000e+00
      3.190      0.051     4.3486     75.749     27.280  26.172881     1.7018      7.236   281.5362 1.4707e+02     1.1370      3.129      4.539    23.0526   997.5569 0.0000e+00
      3.203      0.048     4.4188     75.807     27.223  26.111832     1.6931      7.236   281.4598 1.4630e+02     1.0908      3.140      4.555    23.0087   997.5672 0.0000e+00
      3.214      0.045     4.4792     75.535     27.172  26.050929     1.6841      7.236   281.5840 1.4624e+02     1.1406      3.151      4.571    22.9841   997.5731 0.0000e+00
      3.224      0.041     4.5290     75.057     27.211  26.070758     1.6873      7.235   281.7465 1.4437e+02     1.1898      3.163      4.587    22.9739   997.5756 0.0000e+00
      3.233      0.038     4.5579     74.512     27.256  26.097856     1.6846      7.234   281.8763 1.4418e+02     1.1712      3.170      4.598    22.9653   997.5777 0.0000e+00
      3.243      0.034     4.5609     74.007     27.297  26.124835     1.6611      7.233   281.9490 1.4548e+02     1.1212      3.179      4.611    22.9551   997.5802 0.0000e+00
      3.253      0.030     4.5429     73.552     27.327  26.143230     1.6318      7.232   281.9365 1.4510e+02     1.0998      3.191      4.628    22.9380   997.5842 0.0000e+00
      3.261      0.025     4.5154     73.082     27.318  26.129975     1.6160      7.232   281.8980 1.4416e+02     1.1179      3.200      4.641    22.8937   997.5947 0.0000e+00
      3.266      0.022     4.4814     72.541     27.215  26.027995     1.6230      7.232   281.9995 1.4276e+02     1.1686      3.204      4.647    22.8678   997.6008 0.0000e+00
      3.269      0.021     4.4535     71.933     26.983  25.798155     1.6500      7.231   282.3032 1.4278e+02     1.1986      3.206      4.649    22.8459   997.6060 0.0000e+00
      3.272      0.023     4.4297     71.320     26.893  25.697752     1.6753      7.228   282.5585 1.4317e+02     1.1721      3.208      4.653    22.8224   997.6116 0.0000e+00
      3.276      0.027     4.4030     70.755     26.924  25.701982     1.6904      7.225   282.6767 1.4190e+02     1.1566      3.212      4.658    22.8180   997.6126 0.0000e+00
      3.282      0.032     4.3707     70.295     26.858  25.595542     1.6985      7.225   282.8725 1.4086e+02     1.1827      3.217      4.664    22.8187   997.6124 0.0000e+00
      3.294      0.037     4.3331     70.048     26.859  25.552395     1.6876      7.225   283.0334 1.3962e+02     1.1782      3.228      4.682    22.8031   997.6161 0.0000e+00
      3.308      0.041     4.2978     70.139     26.777  25.433940     1.6540      7.223   283.0727 1.3921e+02     1.1377      3.246      4.708    22.7774   997.6222 0.0000e+00
      3.318      0.046     4.2651     70.628     26.623  25.241450     1.6260      7.220   283.3475 1.4028e+02     1.1046      3.255      4.720    22.7436   997.6302 0.0000e+00
      3.328      0.048     4.2439     71.567     26.703  25.254534     1.6164      7.216   283.6891 1.4011e+02     1.0863      3.263      4.732    22.6410   997.6540 0.0000e+00
      3.339      0.048     4.2319     73.028     26.800  25.274938     1.5949      7.212   283.6754 1.3909e+02     1.0887      3.274      4.748    22.5556   997.6741 0.0000e+00
      3.353      0.047     4.2418     74.974     26.815  25.234359     1.5570      7.207   283.7845 1.3790e+02     1.0992      3.285      4.765    22.4942   997.6883 0.0000e+00
      3.369      0.047     4.2783     77.268     26.816  25.207801     1.5392      7.204   284.2340 1.3703e+02     1.1440      3.306      4.795    22.4096   997.7079 0.0000e+00
      3.383      0.048     4.3406     79.588     26.827  25.207483     1.5417      7.203   284.5500 1.3782e+02     1.1849      3.321      4.817    22.2984   997.7337 0.0000e+00
      3.390      0.050     4.4464     81.392     26.848  25.230498     1.5402      7.203   284.6799 1.3632e+02     1.1471      3.324      4.822    22.1296   997.7724 0.0000e+00
      3.398      0.053     4.5758     82.259     26.839  25.232376     1.5678      7.202   284.7721 1.3237e+02     1.0995      3.330      4.829    22.0276   997.7957 0.0000e+00
      3.412      0.056     4.7253     82.152     26.828  25.230215     1.6374      7.202   284.8912 1.2990e+02     1.0891      3.344      4.851    21.9890   997.8045 0.0000e+00
      3.430      0.059     4.8839     81.230     26.793  25.204385     1.6863      7.202   285.0010 1.2832e+02     1.1243      3.365      4.880    21.9635   997.8103 0.0000e+00
      3.449      0.063     5.0037     79.643     26.753  25.173765     1.7018      7.201   285.1534 1.2773e+02     1.1821      3.383      4.906    21.9782   997.8071 0.0000e+00
      3.466      0.066     5.0534     77.626     26.683  25.113697     1.7188      7.199   285.4429 1.2578e+02     1.1701      3.399      4.930    22.0047   997.8012 0.0000e+00
      3.482      0.066     5.0399     75.460     26.613  25.048922     1.7395      7.196   285.7483 1.2304e+02     1.1163      3.415      4.952    22.0191   997.7980 0.0000e+00
      3.498      0.065     4.9818     73.400     26.655  25.088243     1.7515      7.192   285.9206 1.2178e+02     1.0807      3.430      4.975    22.0294   997.7957 0.0000e+00
      3.515      0.063     4.8771     71.670     26.714  25.145154     1.7589      7.189   285.8914 1.2022e+02     1.0829      3.447      4.999    22.0461   997.7920 0.0000e+00
      3.532      0.059     4.7464     70.338     26.732  25.166216     1.7912      7.188   285.7390 1.1902e+02     1.1778      3.463      5.023    22.0548   997.7900 0.0000e+00
