Data/DataNotYetUploadedToEDI/Raw_CTD/RawDownloads/071720_fcr50.cnv
* Sea-Bird SBE19plus  Data File:
* FileName = C:\DATA\071720_fcr50_0003.hex
* Software version 2.8.0.119
* Temperature SN = 7809
* Conductivity SN = 7809
* System UpLoad Time = Jul 17 2020 12:21:33
* <ApplicationData>
* <Seaterm232>
# nquan = 16
# nvalues = 1538                        
# units = specified
# name 0 = depFM: Depth [fresh water, m]
# name 1 = dz/dtM: Descent Rate [m/s]
# name 2 = sbeox0ML/L: Oxygen, SBE 43 [ml/l]
# name 3 = sbeox0PS: Oxygen, SBE 43 [% saturation]
# name 4 = specc: Specific Conductance [uS/cm]
# name 5 = c0uS/cm: Conductivity [uS/cm]
# name 6 = flECO-AFL: Fluorescence, WET Labs ECO-AFL/FL [mg/m^3]
# name 7 = ph: pH
# name 8 = orp: Oxidation Reduction Potential [mV]
# name 9 = par/sat/log: PAR/Logarithmic, Satlantic
# name 10 = turbWETntu0: Turbidity, WET Labs ECO [NTU]
# name 11 = prdM: Pressure, Strain Gauge [db]
# name 12 = prdE: Pressure, Strain Gauge [psi]
# name 13 = tv290C: Temperature [ITS-90, deg C]
# name 14 = density00: Density [density, kg/m^3]
# name 15 = flag:  0.000e+00
# span 0 =     -0.591,      9.759       
# span 1 =     -3.409,      0.230       
# span 2 =    -0.0842,     9.9562       
# span 3 =     -1.064,    163.552       
# span 4 =      2.806,    313.810       
# span 5 =   2.773938, 227.814249       
# span 6 =    -3.3983,    34.9967       
# span 7 =      6.126,      9.082       
# span 8 = -1240.7455,   882.0239       
# span 9 = 1.2341e-01, 1.4867e+03       
# span 10 =    -4.0097,   619.9066      
# span 11 =     -0.580,      9.571      
# span 12 =     -0.841,     13.881      
# span 13 =    10.5997,    28.6861      
# span 14 =   996.0472,   999.7750      
# span 15 = 0.0000e+00, 0.0000e+00      
# interval = seconds: 0.25
# start_time = Jul 16 2020 20:52:45 [Instrument's time stamp, header]
# bad_flag = -9.990e-29
*END*
[from data line 1356]
      1.506     -0.113     4.7779     79.434     34.359  29.978965     4.0433      6.551   256.5731 8.9753e+01     3.2198      1.474      2.138    18.0973   998.6021 0.0000e+00
      1.477     -0.103     4.8397     81.857     34.270  29.991778     3.6819      6.559   256.8312 9.1853e+01     3.0993      1.447      2.099    18.2647   998.5706 0.0000e+00
      1.451     -0.094     4.9376     84.466     34.195  30.004708     3.4892      6.561   257.6117 9.3908e+01     3.0002      1.423      2.063    18.3665   998.5513 0.0000e+00
      1.427     -0.085     5.0650     87.034     34.104  30.008524     3.4786      6.554   258.2662 9.5736e+01     2.9832      1.396      2.025    18.4697   998.5318 0.0000e+00
      1.408     -0.080     5.1886     89.476     34.021  30.038029     3.4857      6.549   258.5497 9.7223e+01     2.9965      1.379      2.000    18.6265   998.5017 0.0000e+00
      1.394     -0.077     5.3315     91.873     33.980  30.107820     3.4799      6.552   258.6297 9.9266e+01     2.9899      1.369      1.985    18.7665   998.4747 0.0000e+00
      1.378     -0.077     5.4996     94.243     33.924  30.154669     3.4655      6.561   258.7181 1.0208e+02     3.0056      1.355      1.965    18.8637   998.4558 0.0000e+00
      1.358     -0.077     5.6558     96.584     33.835  30.160518     3.4838      6.574   258.7576 1.0479e+02     2.9801      1.333      1.934    18.9755   998.4339 0.0000e+00
      1.334     -0.076     5.7903     98.847     33.787  30.178661     3.6819      6.584   258.6774 1.0758e+02     2.9225      1.308      1.896    19.1399   998.4015 0.0000e+00
      1.310     -0.075     5.9273    100.923     33.827  30.247241     4.0199      6.588   258.7810 1.1057e+02     2.9264      1.283      1.861    19.3062   998.3684 0.0000e+00
      1.290     -0.073     6.0627    102.798     33.907  30.355337     4.1944      6.592   259.1497 1.1277e+02     2.9585      1.262      1.831    19.4432   998.3410 0.0000e+00
      1.276     -0.070     6.1967    104.423     33.850  30.407195     4.2081      6.598   259.7796 1.1459e+02     2.9666      1.249      1.813    19.5759   998.3142 0.0000e+00
      1.264     -0.069     6.3348    105.756     33.672  30.430297     4.2149      6.604   260.2884 1.1749e+02     2.9566      1.242      1.802    19.6775   998.2937 0.0000e+00
      1.246     -0.070     6.4612    106.917     33.522  30.508038     4.1812      6.613   260.3107 1.1999e+02     2.9064      1.223      1.774    19.7081   998.2873 0.0000e+00
      1.226     -0.074     6.5817    108.056     33.387  30.586157     4.1158      6.625   259.9642 1.2082e+02     2.8062      1.199      1.740    19.7165   998.2856 0.0000e+00
      1.207     -0.079     6.6701    109.186     33.217  30.613808     4.0911      6.634   259.4543 1.2287e+02     2.7401      1.186      1.719    19.8560   998.2570 0.0000e+00
      1.187     -0.083     6.7086    110.310     33.012  30.588849     4.0736      6.637   259.4796 1.2684e+02     2.7605      1.167      1.692    20.1712   998.1918 0.0000e+00
      1.163     -0.086     6.7319    111.528     32.810  30.538371     3.9134      6.636   260.1843 1.3070e+02     2.8465      1.140      1.652    20.5137   998.1199 0.0000e+00
      1.140     -0.089     6.7656    112.884     32.671  30.511200     3.6329      6.635   260.8342 1.3484e+02     2.8520      1.117      1.621    20.8055   998.0576 0.0000e+00
      1.117     -0.096     6.8001    114.307     32.613  30.514225     3.4757      6.636   261.2277 1.3893e+02     2.7586      1.096      1.589    21.0873   997.9965 0.0000e+00
      1.095     -0.103     6.8320    115.693     32.648  30.575032     3.4434      6.638   260.8992 1.4268e+02     2.7473      1.074      1.557    21.3405   997.9409 0.0000e+00
      1.072     -0.111     6.8784    116.883     32.781  30.738912     3.1565      6.643   259.7009 1.4876e+02     2.6816      1.055      1.529    21.5507   997.8943 0.0000e+00
      1.042     -0.117     6.9419    117.633     32.870  30.909711     2.6108      6.653   259.1291 1.5709e+02     2.4796      1.023      1.483    21.7174   997.8569 0.0000e+00
      1.007     -0.120     7.0209    117.888     32.809  30.990783     2.3103      6.665   259.7502 1.6538e+02     2.3646      0.986      1.430    21.7971   997.8388 0.0000e+00
      0.971     -0.117     7.1055    117.917     32.670  31.021493     2.2783      6.672   260.6717 1.7502e+02     2.3206      0.954      1.383    21.8154   997.8345 0.0000e+00
      0.936     -0.110     7.1818    118.026     32.516  31.027478     2.2822      6.673   261.2361 1.8339e+02     2.3258      0.915      1.327    21.8486   997.8268 0.0000e+00
      0.906     -0.098     7.2117    118.349     32.425  31.063361     2.3190      6.668   261.1542 1.8641e+02     2.3923      0.883      1.281    21.9799   997.7971 0.0000e+00
      0.886     -0.086     7.1868    118.904     32.470  31.201752     2.3515      6.659   260.6281 1.8856e+02     2.4043      0.868      1.259    22.2139   997.7438 0.0000e+00
      0.871     -0.075     7.1447    119.628     32.550  31.368600     2.3504      6.649   260.5536 1.9229e+02     2.3686      0.854      1.239    22.4780   997.6829 0.0000e+00
      0.856     -0.068     7.1156    120.378     32.504  31.431318     2.3347      6.637   260.8549 1.9669e+02     2.3726      0.840      1.217    22.7246   997.6254 0.0000e+00
      0.840     -0.066     7.1098    121.134     32.342  31.389234     2.3137      6.628   261.0024 2.0385e+02     2.4171      0.826      1.198    22.9146   997.5806 0.0000e+00
      0.823     -0.069     7.1252    121.914     32.224  31.367477     2.2968      6.626   261.3038 2.1040e+02     2.3926      0.807      1.171    23.0446   997.5498 0.0000e+00
      0.806     -0.073     7.1582    122.516     32.212  31.422161     2.2926      6.630   261.4875 2.1197e+02     2.3498      0.791      1.146    23.1646   997.5212 0.0000e+00
      0.788     -0.076     7.1796    122.685     32.209  31.479518     2.2914      6.633   261.2447 2.1498e+02     2.3805      0.775      1.124    23.3355   997.4802 0.0000e+00
      0.766     -0.080     7.1934    122.323     32.155  31.490080     2.3584      6.629   260.9501 2.2363e+02     2.3865      0.751      1.089    23.5394   997.4309 0.0000e+00
      0.743     -0.083     7.2265    121.490     32.094  31.486518     2.5119      6.624   260.7642 2.3753e+02     2.3540      0.728      1.056    23.6851   997.3954 0.0000e+00
      0.723     -0.086     7.2572    120.362     32.065  31.499980     2.6121      6.624   260.8050 2.5054e+02     2.3309      0.710      1.030    23.7687   997.3749 0.0000e+00
      0.703     -0.089     7.2561    119.093     32.065  31.526014     2.6158      6.626   261.0986 2.5754e+02     2.3125      0.690      1.001    23.8583   997.3529 0.0000e+00
      0.680     -0.091     7.2200    117.753     32.062  31.547558     2.5376      6.630   261.5606 2.6909e+02     2.3032      0.667      0.967    23.9629   997.3271 0.0000e+00
      0.655     -0.093     7.1532    116.435     32.054  31.570167     2.4110      6.638   262.0041 2.8584e+02     2.2880      0.643      0.933    24.0602   997.3029 0.0000e+00
      0.630     -0.094     7.0745    115.247     32.062  31.609092     2.3532      6.649   262.2436 2.9200e+02     2.3005      0.617      0.894    24.1239   997.2871 0.0000e+00
      0.605     -0.092     6.9962    114.246     32.060  31.637572     2.3632      6.659   262.3919 2.8987e+02     2.3170      0.594      0.860    24.1533   997.2796 0.0000e+00
      0.580     -0.089     6.9107    113.423     32.055  31.660791     2.3800      6.669   262.0758 2.9717e+02     2.2817      0.570      0.826    24.1873   997.2711 0.0000e+00
      0.557     -0.087     6.8240    112.715     32.131  31.762995     2.4039      6.680   261.5198 3.1523e+02     2.3200      0.543      0.789    24.2400   997.2578 0.0000e+00
      0.538     -0.086     6.7470    112.060     32.254  31.921690     2.4222      6.690   261.9500 3.2846e+02     2.4012      0.526      0.763    24.2900   997.2453 0.0000e+00
      0.521     -0.085     6.6830    111.499     32.329  32.056937     2.4206      6.698   263.1470 3.3029e+02     2.4049      0.514      0.746    24.3337   997.2344 0.0000e+00
      0.499     -0.085     6.6302    111.129     32.319  32.129450     2.3652      6.701   263.6892 3.3460e+02     2.3656      0.491      0.712    24.3836   997.2218 0.0000e+00
      0.474     -0.085     6.5866    110.989     32.203  32.100665     2.2670      6.698   263.2568 3.4430e+02     2.3036      0.463      0.671    24.4180   997.2131 0.0000e+00
      0.450     -0.089     6.5421    111.031     32.051  32.026253     2.2260      6.695   262.2220 3.5314e+02     2.3079      0.440      0.638    24.4615   997.2021 0.0000e+00
      0.430     -0.093     6.4939    111.106     31.960  31.991199     2.2313      6.695   261.2440 3.7290e+02     2.3827      0.420      0.609    24.5620   997.1768 0.0000e+00
      0.410     -0.095     6.4562    111.063     31.926  31.994134     2.1600      6.699   261.4992 3.8740e+02     2.3837      0.404      0.585    24.6981   997.1423 0.0000e+00
      0.385     -0.096     6.4308    110.812     31.910  31.998356     2.0219      6.703   262.7252 3.9100e+02     2.2857      0.381      0.551    24.8426   997.1054 0.0000e+00
      0.356     -0.098     6.4223    110.256     31.880  31.978832     1.9434      6.701   263.4207 4.1074e+02     2.1592      0.348      0.504    24.9671   997.0734 0.0000e+00
      0.329     -0.100     6.4203    109.390     31.844  31.948419     1.9362      6.686   263.1974 4.3184e+02     2.0903      0.321      0.467    25.0551   997.0507 0.0000e+00
      0.304     -0.103     6.4114    108.368     31.844  31.947874     1.9444      6.669   262.3481 4.3633e+02     2.1049      0.299      0.434    25.1099   997.0366 0.0000e+00
      0.279     -0.106     6.3970    107.361     31.875  31.972241     1.9186      6.660   261.5831 4.2120e+02     2.1304      0.272      0.394    25.1377   997.0293 0.0000e+00
      0.255     -0.107     6.3640    106.461     31.901  31.989247     1.8533      6.661   261.5196 3.9465e+02     2.1240      0.250      0.363    25.1516   997.0257 0.0000e+00
      0.229     -0.107     6.3087    105.747     31.941  32.026588     1.8030      6.670   262.0971 3.9369e+02     2.0960      0.228      0.331    25.1597   997.0234 0.0000e+00
      0.196     -0.105     6.2454    105.291     32.012  32.106506     1.7782      6.681   262.9729 4.5660e+02     2.0664      0.192      0.277    25.1624   997.0225 0.0000e+00
      0.164     -0.100     6.1882    105.085     32.079  32.194203     1.7248      6.693   263.3321 5.4504e+02     2.0406      0.157      0.228    25.1474   997.0262 0.0000e+00
      0.138     -0.090     6.1370    105.070     32.115  32.262172     1.6346      6.707   263.1702 5.9289e+02     2.0247      0.135      0.196    25.1261   997.0316 0.0000e+00
      0.116     -0.073     6.0943    105.171     32.105  32.293902     1.5934      6.717   262.9943 6.1906e+02     2.0455      0.114      0.165    25.1208   997.0329 0.0000e+00
      0.097     -0.054     6.0670    105.310     32.085  32.324122     1.6081      6.708   262.8411 6.4195e+02     2.1198      0.093      0.135    25.1348   997.0293 0.0000e+00
      0.084     -0.042     6.0531    105.430     32.078  32.373853     1.6787      6.680   262.6938 6.6266e+02     2.1680      0.079      0.114    25.1672   997.0208 0.0000e+00
      0.080     -0.042     6.0475    105.510     32.038  32.387720     1.7984      6.664   262.5907 6.0763e+02     2.1137      0.075      0.109    25.2193   997.0074 0.0000e+00
      0.084     -0.049     6.0481    105.531     31.969  32.364978     1.8625      6.672   262.6267 4.7274e+02     2.0462      0.083      0.120    25.2843   996.9906 0.0000e+00
      0.084     -0.058     6.0486    105.468     31.924  32.352731     1.8626      6.689   262.8705 4.7715e+02     2.0741      0.092      0.133    25.3627   996.9703 0.0000e+00
      0.064     -0.066     6.0454    105.304     31.920  32.366592     1.7815      6.699   263.2160 6.0969e+02     2.1412      0.074      0.107    25.4551   996.9462 0.0000e+00
      0.024     -0.076     6.0402    105.009     31.954  32.405701     1.6249      6.704   263.2758 6.7245e+02     2.1368      0.020      0.028    25.5451   996.9224 0.0000e+00
     -0.009     -0.088     6.0341    104.571     31.995  32.444922     1.5333      6.712   262.6475 6.6749e+02     2.0900     -0.019     -0.029    25.6207   996.9025 0.0000e+00
     -0.021     -0.094     6.0246    104.042     32.011  32.460137     1.5142      6.726   261.9001 6.6198e+02     2.0553     -0.020     -0.030    25.6726   996.8889 0.0000e+00
     -0.031     -0.092     6.0131    103.505     32.007  32.462768     1.4702      6.734   262.0690 6.6444e+02     2.0606     -0.023     -0.034    25.7000   996.8817 0.0000e+00
     -0.054     -0.087     5.9964    103.041     32.007  32.476737     1.4012      6.733   262.7963 6.6788e+02     2.0858     -0.048     -0.070    25.7051   996.8802 0.0000e+00
     -0.088     -0.088     5.9704    102.650     32.016  32.502166     1.3567      6.732   263.2943 6.6553e+02     2.0507     -0.088     -0.127    25.6973   996.8821 0.0000e+00
     -0.117     -0.096     5.9398    102.327     32.011  32.516476     1.3334      6.734   263.4443 6.6071e+02     2.0146     -0.123     -0.178    25.6926   996.8831 0.0000e+00
     -0.133     -0.103     5.9052    102.132     31.996  32.522895     1.3193      6.738   262.7171 6.6274e+02     2.0270     -0.130     -0.189    25.7005   996.8811 0.0000e+00
     -0.149     -0.106     5.8773    102.093     31.970  32.516361     1.3203      6.742   261.4711 6.6787e+02     1.9936     -0.139     -0.201    25.7253   996.8746 0.0000e+00
     -0.179     -0.107     5.8525    102.120     31.938  32.500953     1.3262      6.743   261.1124 6.6943e+02     1.8866     -0.174     -0.252    25.7532   996.8670 0.0000e+00
     -0.215     -0.109     5.8288    102.115     31.950  32.526958     1.3243      6.740   261.3919 6.6540e+02     1.7975     -0.214     -0.310    25.7830   996.8590 0.0000e+00
     -0.247     -0.112     5.8131    102.070     31.986  32.577024     1.2876      6.734   261.6670 6.5650e+02     1.9118     -0.243     -0.352    25.8175   996.8497 0.0000e+00
     -0.276     -0.109     5.8095    101.940     31.993  32.598751     0.8826      6.734   261.8578 6.4467e+02     3.1994     -0.271     -0.394    25.8496   996.8411 0.0000e+00
     -0.303     -0.099     5.8120    101.710     31.976  32.599336     0.1372      6.732   260.7735 6.3174e+02     5.4864     -0.298     -0.433    25.8762   996.8340 0.0000e+00
     -0.328     -0.093     5.8071    101.403     31.945  32.584131    -0.2676      6.724   257.0741 6.2023e+02     6.9388     -0.320     -0.463    25.8979   996.8281 0.0000e+00
     -0.352     -0.098     5.8050    100.974     31.955  32.605268    -0.2828      6.710   254.2986 6.1408e+02     9.8080     -0.349     -0.507    25.9169   996.8229 0.0000e+00
     -0.368     -0.112     5.7958    100.409     32.138  32.791469     0.0212      6.682   255.5218 6.1338e+02    40.6932     -0.364     -0.529    25.9382   996.8173 0.0000e+00
     -0.382     -0.127     5.7771     99.732     32.418  33.058955     0.6034      6.637   256.5490 6.0614e+02    97.3639     -0.365     -0.529    25.9689   996.8092 0.0000e+00
     -0.415     -0.134     5.7594     98.987     32.510  33.111158     0.9107      6.592   254.3284 5.8515e+02   128.0359     -0.397     -0.575    25.9993   996.8009 0.0000e+00
     -0.470     -0.126     5.7330     98.387     32.380  32.915008     0.8655      6.561   253.4515 5.6319e+02   127.9216     -0.460     -0.667    26.0153   996.7963 0.0000e+00
     -0.529     -0.092     5.6997     98.188     32.263  32.717552     0.2480      6.566   257.2183 5.2348e+02    96.3257     -0.529     -0.767    26.0188   996.7951 0.0000e+00
     -0.567     -0.027     5.6642     98.158     32.315  32.690476    -0.8712      6.622   259.9503 4.8423e+02    38.0136     -0.568     -0.823    25.9958   996.8012 0.0000e+00
