Data/DataNotYetUploadedToEDI/Raw_CTD/RawDownloads/071720_bvr50.cnv
* Sea-Bird SBE19plus  Data File:
* FileName = C:\DATA\071720_fcr50_0005.hex
* Software version 2.8.0.119
* Temperature SN = 7809
* Conductivity SN = 7809
* System UpLoad Time = Jul 17 2020 12:22:45
* <ApplicationData>
* <Seaterm232>
# nquan = 16
# nvalues = 2255                        
# units = specified
# name 0 = depFM: Depth [fresh water, m]
# name 1 = dz/dtM: Descent Rate [m/s]
# name 2 = sbeox0ML/L: Oxygen, SBE 43 [ml/l]
# name 3 = sbeox0PS: Oxygen, SBE 43 [% saturation]
# name 4 = specc: Specific Conductance [uS/cm]
# name 5 = c0uS/cm: Conductivity [uS/cm]
# name 6 = flECO-AFL: Fluorescence, WET Labs ECO-AFL/FL [mg/m^3]
# name 7 = ph: pH
# name 8 = orp: Oxidation Reduction Potential [mV]
# name 9 = par/sat/log: PAR/Logarithmic, Satlantic
# name 10 = turbWETntu0: Turbidity, WET Labs ECO [NTU]
# name 11 = prdM: Pressure, Strain Gauge [db]
# name 12 = prdE: Pressure, Strain Gauge [psi]
# name 13 = tv290C: Temperature [ITS-90, deg C]
# name 14 = density00: Density [density, kg/m^3]
# name 15 = flag:  0.000e+00
# span 0 =     -0.679,     11.114       
# span 1 =     -0.185,      0.397       
# span 2 =     0.0341,     5.8975       
# span 3 =      0.468,    101.196       
# span 4 =      0.755,    237.627       
# span 5 =   0.779182, 163.845370       
# span 6 =    -2.8590,     9.2242       
# span 7 =      6.254,      8.970       
# span 8 =  -717.3298,   876.7322       
# span 9 = 1.2343e-01, 2.4791e+03       
# span 10 =    -9.6665,   958.0724      
# span 11 =     -0.666,     10.899      
# span 12 =     -0.967,     15.808      
# span 13 =     9.3178,    27.9564      
# span 14 =   996.2647,   999.8877      
# span 15 = 0.0000e+00, 0.0000e+00      
# interval = seconds: 0.25
# start_time = Jul 16 2020 22:53:45 [Instrument's time stamp, header]
# bad_flag = -9.990e-29
*END*
[from data line 1989]
      0.750     -0.049     5.0093     87.763     26.577  27.030821     0.6154      6.664   102.8257 9.3355e+02     0.8807      0.736      1.069    25.6042   996.9086 0.0000e+00
      0.738     -0.054     4.9987     87.947     26.553  27.043070     0.5849      6.661   102.9124 1.1406e+03     0.8856      0.723      1.050    25.6421   996.8987 0.0000e+00
      0.725     -0.060     4.9985     88.142     26.514  27.024343     0.5686      6.660   103.3426 1.1451e+03     0.8715      0.712      1.032    25.6848   996.8873 0.0000e+00
      0.709     -0.066     4.9929     88.300     26.482  26.994709     0.5615      6.649   103.9833 9.5387e+02     0.8830      0.697      1.010    25.7601   996.8675 0.0000e+00
      0.688     -0.072     4.9952     88.406     26.497  27.001915     0.6225      6.629   104.0335 9.4757e+02     0.8868      0.677      0.982    25.8551   996.8423 0.0000e+00
      0.665     -0.078     4.9982     88.513     26.552  27.048027     0.7355      6.620   104.2942 1.0023e+03     0.8484      0.651      0.944    25.9290   996.8226 0.0000e+00
      0.645     -0.083     5.0068     88.611     26.615  27.108224     0.7916      6.620   104.9849 9.1027e+02     0.7966      0.628      0.912    25.9707   996.8115 0.0000e+00
      0.629     -0.087     5.0176     88.671     26.720  27.222318     0.7866      6.622   105.2425 9.5795e+02     0.8091      0.621      0.901    25.9699   996.8116 0.0000e+00
      0.607     -0.091     5.0219     88.638     26.829  27.349237     0.7989      6.631   105.4304 1.0902e+03     0.8634      0.599      0.868    25.9456   996.8180 0.0000e+00
      0.580     -0.095     5.0326     88.482     26.836  27.374219     0.8443      6.643   105.7089 1.0005e+03     0.9030      0.566      0.822    25.9236   996.8237 0.0000e+00
      0.554     -0.099     5.0384     88.243     26.778  27.334123     0.8686      6.656   106.0275 8.4425e+02     0.9105      0.546      0.790    25.9102   996.8272 0.0000e+00
      0.527     -0.102     5.0419     87.919     26.734  27.308474     0.8537      6.667   106.4430 8.0522e+02     0.8505      0.518      0.751    25.9296   996.8220 0.0000e+00
      0.500     -0.102     5.0385     87.515     26.728  27.317840     0.7981      6.675   106.6898 9.3710e+02     0.5897      0.489      0.710    25.9619   996.8132 0.0000e+00
      0.474     -0.100     5.0240     87.108     26.718  27.320543     0.7120      6.682   106.9471 1.0712e+03     0.1602      0.465      0.675    25.9939   996.8047 0.0000e+00
      0.449     -0.098     5.0083     86.776     26.666  27.277740     0.6609      6.691   107.0585 9.9463e+02    -0.0849      0.439      0.638    26.0329   996.7942 0.0000e+00
      0.424     -0.096     4.9865     86.528     26.625  27.244335     0.6470      6.703   106.9175 8.9337e+02    -0.1073      0.415      0.602    26.0687   996.7845 0.0000e+00
      0.400     -0.093     4.9591     86.364     26.606  27.233811     0.6394      6.712   107.2223 8.2384e+02     0.1302      0.392      0.568    26.1000   996.7761 0.0000e+00
      0.378     -0.092     4.9316     86.346     26.579  27.213945     0.6449      6.711   107.3881 8.3794e+02     0.6235      0.371      0.538    26.1236   996.7697 0.0000e+00
      0.354     -0.093     4.9117     86.447     26.553  27.194430     0.6574      6.707   106.7711 9.2264e+02     0.9125      0.348      0.504    26.1398   996.7652 0.0000e+00
      0.330     -0.094     4.8971     86.542     26.543  27.188152     0.6572      6.712   106.4727 7.6568e+02     0.9125      0.321      0.467    26.1579   996.7603 0.0000e+00
      0.309     -0.094     4.8833     86.563     26.553  27.201485     0.6610      6.718   106.7056 5.5376e+02     0.8977      0.304      0.441    26.1771   996.7551 0.0000e+00
      0.286     -0.091     4.8814     86.496     26.575  27.228780     0.6936      6.723   106.9192 5.8452e+02     0.9392      0.284      0.412    26.1892   996.7518 0.0000e+00
      0.257     -0.085     4.8903     86.322     26.604  27.264458     0.7273      6.724   107.2495 9.3271e+02     0.9683      0.249      0.361    26.2024   996.7481 0.0000e+00
      0.231     -0.077     4.8955     86.042     26.646  27.315723     0.7343      6.717   107.6013 1.3347e+03     0.9413      0.223      0.323    26.2113   996.7456 0.0000e+00
      0.213     -0.067     4.8966     85.732     26.657  27.341207     0.7216      6.704   107.9028 1.3487e+03     0.8873      0.208      0.301    26.2132   996.7449 0.0000e+00
      0.198     -0.056     4.8920     85.412     26.621  27.318886     0.6876      6.692   108.4002 1.1585e+03     0.9324      0.193      0.280    26.2240   996.7420 0.0000e+00
      0.188     -0.045     4.8825     85.087     26.589  27.299582     0.6382      6.685   108.7975 1.0052e+03     1.0751      0.184      0.267    26.2338   996.7393 0.0000e+00
      0.180     -0.037     4.8624     84.820     26.574  27.298109     0.6009      6.681   108.9208 9.3241e+02     1.1362      0.177      0.256    26.2463   996.7360 0.0000e+00
      0.173     -0.032     4.8423     84.634     26.564  27.301103     0.5805      6.686   109.1166 1.0695e+03     1.1224      0.168      0.244    26.2759   996.7280 0.0000e+00
      0.166     -0.029     4.8231     84.539     26.581  27.335799     0.5729      6.698   109.4440 1.3708e+03     1.0450      0.163      0.238    26.3051   996.7202 0.0000e+00
      0.159     -0.026     4.7990     84.531     26.623  27.400493     0.5754      6.710   109.7824 1.7314e+03     0.9219      0.156      0.227    26.3306   996.7133 0.0000e+00
      0.150     -0.023     4.7828     84.579     26.646  27.449041     0.5823      6.725   110.0247 1.7743e+03     0.9049      0.147      0.213    26.3559   996.7065 0.0000e+00
      0.144     -0.020     4.7694     84.663     26.650  27.478822     0.5800      6.740   110.2226 1.4926e+03     0.9076      0.140      0.203    26.3799   996.6999 0.0000e+00
      0.140     -0.015     4.7614     84.761     26.652  27.506897     0.5192      6.752   110.5404 1.5048e+03     0.8506      0.137      0.199    26.4105   996.6917 0.0000e+00
      0.137     -0.010     4.7584     84.806     26.654  27.534807     0.4291      6.761   111.1132 1.5591e+03     0.8341      0.135      0.195    26.4522   996.6804 0.0000e+00
      0.135     -0.006     4.7574     84.762     26.658  27.562597     0.3958      6.766   111.7280 1.3455e+03     0.8450      0.132      0.192    26.4995   996.6676 0.0000e+00
      0.135     -0.003     4.7578     84.691     26.663  27.589215     0.3930      6.770   112.0376 1.1798e+03     0.8800      0.132      0.191    26.5486   996.6544 0.0000e+00
      0.136     -0.001     4.7611     84.662     26.660  27.602958     0.3667      6.774   111.9314 1.0590e+03     0.9138      0.134      0.194    26.5973   996.6412 0.0000e+00
      0.137     -0.000     4.7607     84.697     26.647  27.601928     0.3266      6.779   111.5616 9.3076e+02     0.8768      0.135      0.196    26.6455   996.6281 0.0000e+00
      0.137     -0.000     4.7521     84.747     26.615  27.576776     0.3078      6.781   111.6963 9.7827e+02     0.8440      0.135      0.195    26.6922   996.6154 0.0000e+00
      0.136     -0.000     4.7434     84.742     26.587  27.552577     0.3117      6.778   112.4422 1.1867e+03     0.8259      0.134      0.194    26.7327   996.6044 0.0000e+00
      0.135     -0.001     4.7383     84.663     26.596  27.563072     0.3062      6.772   113.0091 1.3059e+03     0.7953      0.133      0.193    26.7659   996.5953 0.0000e+00
      0.135     -0.002     4.7393     84.528     26.609  27.576816     0.2608      6.763   113.0431 1.2729e+03     0.8176      0.133      0.193    26.7889   996.5890 0.0000e+00
      0.135     -0.003     4.7430     84.359     26.623  27.591896     0.2013      6.746   113.1125 1.1506e+03     0.8551      0.132      0.192    26.8039   996.5850 0.0000e+00
      0.135     -0.003     4.7420     84.178     26.650  27.618535     0.1875      6.707   113.7620 1.0905e+03     0.8707      0.133      0.193    26.8100   996.5832 0.0000e+00
      0.134     -0.002     4.7373     84.019     26.676  27.645185     0.1987      6.657   114.3564 1.2326e+03     0.8690      0.132      0.191    26.8114   996.5828 0.0000e+00
      0.131     -0.001     4.7292     83.947     26.688  27.660392     0.2134      6.619   114.3632 1.3581e+03     0.8345      0.128      0.185    26.8119   996.5827 0.0000e+00
      0.131     -0.001     4.7189     83.997     26.695  27.675549     0.2415      6.599   114.2742 1.3835e+03     0.7970      0.127      0.185    26.8140   996.5821 0.0000e+00
      0.132     -0.001     4.7090     84.162     26.710  27.701597     0.2615      6.595   114.6571 1.4333e+03     0.7940      0.130      0.189    26.8113   996.5829 0.0000e+00
      0.133     -0.001     4.6982     84.374     26.719  27.721632     0.2647      6.608   115.3791 1.6412e+03     0.8325      0.131      0.190    26.8064   996.5843 0.0000e+00
      0.133     -0.001     4.6936     84.562     26.716  27.727502     0.2513      6.630   116.0343 2.2399e+03     0.8501      0.131      0.190    26.8126   996.5825 0.0000e+00
      0.132     -0.002     4.6951     84.764     26.691  27.709163     0.2332      6.643   116.4699 2.4791e+03     0.8356      0.130      0.189    26.8264   996.5788 0.0000e+00
      0.131     -0.005     4.7034     85.000     26.666  27.690205     0.2372      6.658   116.7753 1.8752e+03     0.8633      0.128      0.185    26.8488   996.5727 0.0000e+00
      0.130     -0.006     4.7167     85.218     26.661  27.688591     0.2513      6.693   116.9734 1.4898e+03     0.9095      0.128      0.186    26.8697   996.5670 0.0000e+00
      0.130     -0.006     4.7233     85.396     26.660  27.689642     0.2420      6.736   116.9724 1.5300e+03     0.9144      0.129      0.188    26.8871   996.5623 0.0000e+00
      0.126     -0.005     4.7322     85.482     26.672  27.702922     0.2102      6.769   117.0209 1.6485e+03     0.9223      0.126      0.181    26.9049   996.5573 0.0000e+00
      0.121     -0.003     4.7474     85.417     26.691  27.722299     0.1810      6.789   117.3016 1.6500e+03     0.9358      0.116      0.169    26.9156   996.5543 0.0000e+00
      0.121     -0.001     4.7578     85.197     26.702  27.733630     0.1665      6.799   117.4410 1.2447e+03     0.9063      0.117      0.169    26.9217   996.5527 0.0000e+00
      0.124      0.000     4.7690     84.867     26.744  27.776500     0.1676      6.803   117.5025 1.1543e+03     0.8738      0.123      0.178    26.9258   996.5516 0.0000e+00
      0.127      0.002     4.7753     84.523     26.825  27.860042     0.1755      6.800   117.7867 1.4864e+03     0.8527      0.125      0.181    26.9281   996.5509 0.0000e+00
      0.127      0.003     4.7714     84.228     26.884  27.919113     0.1863      6.791   117.9516 1.6270e+03     0.8568      0.126      0.183    26.9271   996.5512 0.0000e+00
      0.126      0.001     4.7590     84.043     26.887  27.919845     0.1925      6.790   118.1192 1.6320e+03     0.9238      0.125      0.181    26.9245   996.5520 0.0000e+00
      0.126     -0.001     4.7377     84.032     26.838  27.868892     0.1935      6.798   118.3515 1.6118e+03     0.9761      0.122      0.177    26.9219   996.5526 0.0000e+00
      0.126     -0.003     4.7178     84.178     26.780  27.810500     0.1886      6.810   118.2647 1.6406e+03     0.9398      0.124      0.180    26.9236   996.5522 0.0000e+00
      0.126     -0.005     4.7009     84.404     26.752  27.784711     0.1713      6.824   118.1019 1.5694e+03     0.8970      0.123      0.180    26.9200   996.5532 0.0000e+00
      0.125     -0.005     4.6885     84.656     26.778  27.810810     0.1657      6.839   118.0178 1.6585e+03     0.9054      0.122      0.177    26.9133   996.5550 0.0000e+00
      0.123     -0.006     4.6892     84.942     26.839  27.872334     0.1777      6.852   117.9361 2.0560e+03     0.9037      0.122      0.176    26.9113   996.5555 0.0000e+00
      0.119     -0.007     4.6986     85.239     26.858  27.894283     0.1734      6.861   117.9746 2.0854e+03     0.8753      0.116      0.169    26.9164   996.5541 0.0000e+00
      0.118     -0.007     4.7117     85.469     26.842  27.885898     0.1431      6.866   118.1386 1.9628e+03     0.8717      0.114      0.167    26.9274   996.5511 0.0000e+00
      0.117     -0.007     4.7252     85.595     26.842  27.897828     0.1168      6.865   118.4571 1.8452e+03     0.8947      0.115      0.166    26.9239   996.5521 0.0000e+00
      0.116     -0.007     4.7419     85.575     26.844  27.911680     0.1125      6.861   118.9859 1.5222e+03     0.9128      0.113      0.164    26.9152   996.5545 0.0000e+00
      0.115     -0.007     4.7614     85.394     26.849  27.926539     0.1101      6.854   119.8003 1.3168e+03     0.9538      0.113      0.165    26.9169   996.5540 0.0000e+00
      0.113     -0.007     4.7720     85.148     26.864  27.950642     0.0788      6.847   120.6473 1.0253e+03     1.0123      0.110      0.160    26.9342   996.5492 0.0000e+00
      0.110     -0.007     4.7784     85.005     26.854  27.949393     0.0392      6.842   121.2248 8.6537e+02     1.0703      0.107      0.155    26.9608   996.5419 0.0000e+00
      0.109     -0.006     4.7762     85.038     26.810  27.911449     0.0313      6.838   121.7068 1.0795e+03     1.1408      0.107      0.155    26.9816   996.5362 0.0000e+00
      0.107     -0.003     4.7626     85.153     26.766  27.872465     0.0402      6.832   122.1723 1.4666e+03     1.2123      0.106      0.154    27.0004   996.5311 0.0000e+00
      0.104      0.002     4.7434     85.247     26.747  27.858645     0.0421      6.828   122.6372 1.8026e+03     1.2822      0.101      0.146    27.0168   996.5266 0.0000e+00
      0.103      0.006     4.7314     85.325     26.753  27.871217     0.0449      6.825   123.1122 1.7080e+03     1.3338      0.098      0.143    27.0338   996.5219 0.0000e+00
      0.107      0.010     4.7355     85.433     26.771  27.897618     0.0554      6.817   123.5276 1.5525e+03     1.3893      0.105      0.151    27.0496   996.5175 0.0000e+00
      0.114      0.012     4.7433     85.562     26.787  27.924140     0.0824      6.802   123.8739 1.4612e+03     1.5762      0.112      0.162    27.0600   996.5146 0.0000e+00
      0.120      0.013     4.7472     85.678     26.790  27.938186     0.1142      6.788   124.2021 1.4869e+03     1.8078      0.118      0.171    27.0710   996.5116 0.0000e+00
      0.123      0.012     4.7488     85.766     26.782  27.940605     0.1160      6.781   124.3980 1.5723e+03     1.8551      0.121      0.175    27.0824   996.5085 0.0000e+00
      0.124      0.010     4.7543     85.806     26.785  27.953395     0.1044      6.780   124.5224 1.2969e+03     1.8050      0.121      0.175    27.0978   996.5042 0.0000e+00
      0.125      0.007     4.7608     85.799     26.789  27.965987     0.1072      6.785   124.7597 9.1426e+02     1.8196      0.123      0.178    27.1155   996.4994 0.0000e+00
      0.127      0.005     4.7654     85.764     26.781  27.966007     0.1208      6.793   125.0295 6.3236e+02     1.8601      0.125      0.181    27.1350   996.4940 0.0000e+00
      0.129      0.004     4.7694     85.694     26.761  27.953643     0.1260      6.798   125.3759 5.1102e+02     1.8489      0.126      0.183    27.1557   996.4883 0.0000e+00
      0.130      0.003     4.7698     85.528     26.743  27.943377     0.1130      6.797   125.7646 5.3887e+02     1.8219      0.128      0.186    27.1753   996.4829 0.0000e+00
      0.130      0.002     4.7675     85.274     26.759  27.968760     0.1156      6.788   126.0297 6.1497e+02     1.8421      0.128      0.185    27.1917   996.4784 0.0000e+00
      0.130      0.000     4.7640     85.050     26.789  28.006826     0.1581      6.775   126.1713 6.8984e+02     1.8189      0.127      0.184    27.2058   996.4744 0.0000e+00
      0.130     -0.002     4.7606     84.905     26.800  28.023058     0.2063      6.765   126.2726 8.2066e+02     1.7130      0.128      0.185    27.2222   996.4699 0.0000e+00
