Data/DataNotYetUploadedToEDI/Raw_CTD/RawDownloads/071720_fcr50.cnv
* Sea-Bird SBE19plus  Data File:
* FileName = C:\DATA\071720_fcr50_0003.hex
* Software version 2.8.0.119
* Temperature SN = 7809
* Conductivity SN = 7809
* System UpLoad Time = Jul 17 2020 12:21:33
* <ApplicationData>
* <Seaterm232>
# nquan = 16
# nvalues = 1538                        
# units = specified
# name 0 = depFM: Depth [fresh water, m]
# name 1 = dz/dtM: Descent Rate [m/s]
# name 2 = sbeox0ML/L: Oxygen, SBE 43 [ml/l]
# name 3 = sbeox0PS: Oxygen, SBE 43 [% saturation]
# name 4 = specc: Specific Conductance [uS/cm]
# name 5 = c0uS/cm: Conductivity [uS/cm]
# name 6 = flECO-AFL: Fluorescence, WET Labs ECO-AFL/FL [mg/m^3]
# name 7 = ph: pH
# name 8 = orp: Oxidation Reduction Potential [mV]
# name 9 = par/sat/log: PAR/Logarithmic, Satlantic
# name 10 = turbWETntu0: Turbidity, WET Labs ECO [NTU]
# name 11 = prdM: Pressure, Strain Gauge [db]
# name 12 = prdE: Pressure, Strain Gauge [psi]
# name 13 = tv290C: Temperature [ITS-90, deg C]
# name 14 = density00: Density [density, kg/m^3]
# name 15 = flag:  0.000e+00
# span 0 =     -0.591,      9.759       
# span 1 =     -3.409,      0.230       
# span 2 =    -0.0842,     9.9562       
# span 3 =     -1.064,    163.552       
# span 4 =      2.806,    313.810       
# span 5 =   2.773938, 227.814249       
# span 6 =    -3.3983,    34.9967       
# span 7 =      6.126,      9.082       
# span 8 = -1240.7455,   882.0239       
# span 9 = 1.2341e-01, 1.4867e+03       
# span 10 =    -4.0097,   619.9066      
# span 11 =     -0.580,      9.571      
# span 12 =     -0.841,     13.881      
# span 13 =    10.5997,    28.6861      
# span 14 =   996.0472,   999.7750      
# span 15 = 0.0000e+00, 0.0000e+00      
# interval = seconds: 0.25
# start_time = Jul 16 2020 20:52:45 [Instrument's time stamp, header]
# bad_flag = -9.990e-29
*END*
[from data line 452]
      0.441 6.3689e-08     3.4910     61.716     33.600  34.883825     1.5044      7.804   261.5013 5.2384e+02     2.2182      0.433      0.628    26.8968   996.5630 0.0000e+00
      0.441 7.0057e-07     3.4786     61.597     33.560  34.841127     1.5018      7.807   261.4333 5.2493e+02     2.1708      0.433      0.628    26.8970   996.5629 0.0000e+00
      0.441      0.000     3.4668     61.472     33.517  34.796049     1.4850      7.812   261.3927 5.2346e+02     2.1163      0.433      0.628    26.8993   996.5622 0.0000e+00
      0.441      0.000     3.4552     61.317     33.503  34.782959     1.4734      7.819   261.5267 5.2076e+02     2.0736      0.433      0.628    26.9021   996.5615 0.0000e+00
      0.441      0.001     3.4455     61.192     33.527  34.809768     1.4851      7.833   261.5904 5.2675e+02     2.0666      0.434      0.629    26.9035   996.5611 0.0000e+00
      0.441      0.002     3.4400     61.141     33.581  34.866383     1.5034      7.851   261.5609 5.3917e+02     2.0999      0.433      0.628    26.9023   996.5614 0.0000e+00
      0.442      0.005     3.4348     61.148     33.611  34.896410     1.5030      7.870   261.6004 5.4442e+02     2.0985      0.434      0.629    26.9015   996.5617 0.0000e+00
      0.443      0.008     3.4232     61.170     33.574  34.855546     1.4900      7.886   261.6374 5.3506e+02     2.0500      0.434      0.629    26.9033   996.5611 0.0000e+00
      0.445      0.011     3.4156     61.182     33.538  34.816476     1.4695      7.896   261.6640 5.3572e+02     2.0620      0.436      0.632    26.9062   996.5604 0.0000e+00
      0.448      0.016     3.4130     61.249     33.592  34.868191     1.4372      7.888   261.6641 5.4963e+02     2.1062      0.441      0.638    26.9079   996.5600 0.0000e+00
      0.453      0.020     3.4144     61.490     33.638  34.909732     1.4142      7.864   261.5527 5.5606e+02     2.1040      0.444      0.644    26.9056   996.5606 0.0000e+00
      0.459      0.024     3.4170     61.938     33.610  34.874564     1.4101      7.850   261.5220 5.5677e+02     2.0702      0.449      0.650    26.9008   996.5620 0.0000e+00
      0.466      0.028     3.4166     62.562     33.625  34.887141     1.3972      7.849   261.7231 5.4492e+02     2.0751      0.456      0.662    26.8991   996.5625 0.0000e+00
      0.475      0.030     3.4169     63.407     33.674  34.934895     1.3728      7.834   261.9193 5.2413e+02     2.1291      0.466      0.677    26.8965   996.5632 0.0000e+00
      0.482      0.031     3.4306     64.498     33.624  34.880861     1.3632      7.810   261.9154 5.1372e+02     2.1389      0.472      0.685    26.8844   996.5666 0.0000e+00
      0.490      0.031     3.4587     65.863     33.551  34.804903     1.3581      7.800   262.0206 5.1514e+02     2.0906      0.480      0.696    26.8717   996.5701 0.0000e+00
      0.500      0.032     3.4915     67.740     33.587  34.841388     1.3303      7.809   262.4163 5.2062e+02     2.0265      0.492      0.713    26.8699   996.5706 0.0000e+00
      0.508      0.032     3.5376     70.182     33.623  34.877813     1.2937      7.817   262.7420 5.2327e+02     2.0155      0.499      0.723    26.8671   996.5714 0.0000e+00
      0.514      0.032     3.6019     72.707     33.548  34.801140     1.2874      7.819   262.6891 5.1590e+02     2.0948      0.502      0.729    26.8604   996.5733 0.0000e+00
      0.523      0.031     3.6706     74.857     33.487  34.739237     1.3012      7.825   262.6374 5.0540e+02     2.1269      0.511      0.742    26.8648   996.5721 0.0000e+00
      0.533      0.031     3.7696     76.483     33.573  34.827340     1.2991      7.830   262.7194 5.0410e+02     2.0950      0.524      0.760    26.8642   996.5722 0.0000e+00
      0.541      0.031     3.9228     77.572     33.659  34.914585     1.2897      7.810   262.6479 5.0932e+02     2.1207      0.533      0.772    26.8554   996.5748 0.0000e+00
      0.547      0.030     4.0729     78.120     33.587  34.842308     1.2930      7.770   262.6328 5.0989e+02     2.1639      0.535      0.776    26.8589   996.5738 0.0000e+00
      0.553      0.029     4.1936     78.056     33.522  34.778334     1.3006      7.743   262.7095 5.0457e+02     2.1706      0.541      0.785    26.8653   996.5720 0.0000e+00
      0.562      0.028     4.2854     77.431     33.581  34.839082     1.3054      7.738   262.7145 5.0371e+02     2.1330      0.552      0.800    26.8633   996.5727 0.0000e+00
      0.570      0.029     4.3451     76.576     33.622  34.878820     1.3421      7.738   262.8657 5.0519e+02     2.0868      0.561      0.813    26.8567   996.5746 0.0000e+00
      0.576      0.031     4.3787     75.917     33.560  34.814620     1.4298      7.728   262.9888 5.0257e+02     2.0923      0.564      0.817    26.8602   996.5735 0.0000e+00
      0.581      0.031     4.3743     75.670     33.506  34.760830     1.4980      7.714   262.8266 4.8848e+02     2.1314      0.568      0.824    26.8709   996.5706 0.0000e+00
      0.591      0.030     4.3321     75.776     33.542  34.799532     1.5079      7.704   262.7967 4.7328e+02     2.1815      0.579      0.840    26.8693   996.5712 0.0000e+00
      0.601      0.030     4.2745     76.036     33.581  34.838402     1.4927      7.696   262.7988 4.7501e+02     2.1838      0.590      0.857    26.8605   996.5736 0.0000e+00
      0.609      0.029     4.2337     76.326     33.532  34.786625     1.4852      7.689   262.7667 4.8363e+02     2.1245      0.598      0.867    26.8612   996.5734 0.0000e+00
      0.614      0.026     4.2211     76.661     33.491  34.744579     1.5042      7.688   262.7524 4.8328e+02     2.0827      0.601      0.873    26.8679   996.5717 0.0000e+00
      0.621      0.023     4.2317     76.972     33.518  34.774194     1.5220      7.693   262.7119 4.7886e+02     2.0899      0.609      0.884    26.8699   996.5711 0.0000e+00
      0.627      0.022     4.2501     77.081     33.508  34.763980     1.5085      7.710   262.9657 4.7857e+02     2.1080      0.616      0.894    26.8664   996.5721 0.0000e+00
      0.631      0.024     4.2638     76.892     33.493  34.747989     1.4844      7.736   263.1541 4.7395e+02     2.0964      0.618      0.897    26.8624   996.5732 0.0000e+00
      0.635      0.028     4.2838     76.422     33.517  34.771209     1.4788      7.756   263.0103 4.5950e+02     2.0874      0.623      0.904    26.8643   996.5727 0.0000e+00
      0.640      0.033     4.3062     75.738     33.477  34.727461     1.4793      7.767   262.9482 4.4481e+02     2.1018      0.627      0.910    26.8679   996.5717 0.0000e+00
      0.649      0.039     4.3138     74.965     33.417  34.663201     1.4137      7.781   263.2630 4.4052e+02     2.0991      0.634      0.919    26.8679   996.5718 0.0000e+00
      0.662      0.045     4.3024     74.185     33.447  34.692229     1.2862      7.795   263.6339 4.3335e+02     2.0543      0.650      0.943    26.8675   996.5720 0.0000e+00
      0.677      0.050     4.2753     73.410     33.455  34.697709     1.2255      7.797   263.5615 4.1415e+02     2.0405      0.666      0.966    26.8664   996.5723 0.0000e+00
      0.690      0.053     4.2347     72.731     33.366  34.602550     1.2324      7.796   263.5051 3.9861e+02     2.1048      0.676      0.980    26.8601   996.5741 0.0000e+00
      0.704      0.053     4.1892     72.335     33.326  34.556902     1.2464      7.806   263.7263 3.8843e+02     2.1793      0.689      0.999    26.8555   996.5753 0.0000e+00
      0.720      0.052     4.1474     72.417     33.305  34.526507     1.2709      7.826   263.8270 3.7236e+02     2.1856      0.707      1.026    26.8556   996.5754 0.0000e+00
      0.734      0.052     4.1021     73.034     33.220  34.425381     1.2898      7.846   263.8626 3.5391e+02     2.1117      0.721      1.045    26.8509   996.5768 0.0000e+00
      0.745      0.051     4.0606     74.009     33.156  34.349412     1.3030      7.861   263.8989 3.3823e+02     2.0752      0.730      1.059    26.8466   996.5780 0.0000e+00
      0.757      0.050     4.0343     75.076     33.121  34.305936     1.3161      7.868   263.9217 3.2464e+02     2.1218      0.742      1.076    26.8454   996.5783 0.0000e+00
      0.770      0.048     4.0375     76.016     33.041  34.216959     1.3236      7.864   263.9657 3.1613e+02     2.1609      0.754      1.094    26.8282   996.5831 0.0000e+00
      0.783      0.046     4.0789     76.678     32.932  34.098458     1.3181      7.855   264.2591 3.0990e+02     2.1364      0.768      1.114    26.8052   996.5894 0.0000e+00
      0.795      0.046     4.1399     77.045     32.918  34.078719     1.2981      7.840   264.5435 3.0387e+02     2.1000      0.781      1.133    26.7939   996.5925 0.0000e+00
      0.807      0.045     4.2044     77.260     32.889  34.041741     1.2910      7.817   264.3928 3.0419e+02     2.1327      0.792      1.148    26.7837   996.5954 0.0000e+00
      0.817      0.043     4.2612     77.447     32.703  33.841687     1.3371      7.799   264.3301 3.1192e+02     2.1201      0.802      1.162    26.7722   996.5985 0.0000e+00
      0.827      0.043     4.2999     77.710     32.564  33.690294     1.4074      7.799   264.3020 3.2298e+02     2.0161      0.810      1.174    26.7633   996.6009 0.0000e+00
      0.839      0.043     4.3167     78.320     32.492  33.607161     1.4347      7.809   264.0531 3.3433e+02     1.9391      0.823      1.194    26.7580   996.6024 0.0000e+00
      0.850      0.043     4.3266     79.486     32.368  33.471006     1.4289      7.821   263.9016 3.4402e+02     1.8752      0.833      1.209    26.7475   996.6054 0.0000e+00
      0.860      0.043     4.3389     81.058     32.283  33.376483     1.4418      7.836   264.1041 3.5580e+02     1.9648      0.842      1.221    26.7324   996.6094 0.0000e+00
      0.872      0.044     4.3470     82.709     32.264  33.352576     1.4866      7.847   264.8672 3.6808e+02     2.1993      0.855      1.240    26.7239   996.6118 0.0000e+00
      0.883      0.044     4.3756     84.134     32.227  33.308836     1.5126      7.848   265.3847 3.7054e+02     2.3077      0.866      1.257    26.7098   996.6157 0.0000e+00
      0.893      0.045     4.4474     85.134     32.153  33.228308     1.4991      7.845   264.6831 3.6734e+02     2.3141      0.876      1.270    26.6941   996.6199 0.0000e+00
      0.904      0.046     4.5434     85.749     32.133  33.203738     1.5041      7.842   263.6114 3.6586e+02     2.2075      0.885      1.284    26.6873   996.6218 0.0000e+00
      0.918      0.048     4.6421     86.110     32.137  33.202103     1.5350      7.839   263.3544 3.6481e+02     2.0149      0.900      1.305    26.6799   996.6238 0.0000e+00
      0.930      0.049     4.7280     86.180     32.088  33.145085     1.5481      7.836   263.4684 3.6299e+02     1.9073      0.914      1.324    26.6715   996.6262 0.0000e+00
      0.941      0.049     4.7833     85.939     32.036  33.085361     1.5490      7.833   263.7843 3.5980e+02     1.8677      0.921      1.336    26.6648   996.6280 0.0000e+00
      0.954      0.049     4.8127     85.583     32.009  33.051013     1.5452      7.831   264.5929 3.5835e+02     1.9479      0.935      1.357    26.6597   996.6295 0.0000e+00
      0.969      0.048     4.8366     85.354     32.012  33.047008     1.5310      7.829   264.4704 3.6026e+02     2.1220      0.952      1.380    26.6522   996.6317 0.0000e+00
      0.982      0.047     4.8436     85.365     32.007  33.036921     1.5105      7.827   263.1631 3.5980e+02     2.1875      0.963      1.397    26.6411   996.6347 0.0000e+00
      0.992      0.046     4.8249     85.573     31.968  32.992491     1.4888      7.828   262.4656 3.5465e+02     2.1561      0.973      1.411    26.6326   996.6370 0.0000e+00
      1.003      0.043     4.8007     85.887     31.935  32.953940     1.4778      7.833   262.7487 3.5360e+02     2.1203      0.983      1.426    26.6218   996.6399 0.0000e+00
      1.014      0.042     4.7865     86.305     31.935  32.951484     1.4833      7.835   263.5749 3.5511e+02     2.0981      0.995      1.444    26.6099   996.6433 0.0000e+00
      1.024      0.042     4.7888     86.820     31.947  32.962786     1.4974      7.826   264.1947 3.5321e+02     2.0940      1.005      1.458    26.6036   996.6450 0.0000e+00
      1.034      0.040     4.8045     87.330     31.948  32.963700     1.5045      7.802   263.7034 3.4829e+02     2.1041      1.013      1.470    26.5966   996.6469 0.0000e+00
      1.045      0.036     4.8215     87.751     31.949  32.962536     1.5027      7.775   262.7977 3.4076e+02     2.1175      1.024      1.485    26.5890   996.6491 0.0000e+00
      1.056      0.031     4.8448     88.055     31.939  32.948702     1.4952      7.759   262.3637 3.3836e+02     2.1191      1.037      1.502    26.5851   996.6501 0.0000e+00
      1.066      0.026     4.8772     88.275     31.919  32.923326     1.4897      7.755   262.5861 3.4096e+02     2.1231      1.048      1.520    26.5838   996.6505 0.0000e+00
      1.071      0.022     4.9071     88.518     31.911  32.909502     1.4934      7.753   263.0781 3.4131e+02     2.1312      1.051      1.524    26.5841   996.6505 0.0000e+00
      1.071      0.018     4.9317     88.853     31.916  32.908444     1.4928      7.745   263.0633 3.4285e+02     2.1143      1.050      1.523    26.5814   996.6512 0.0000e+00
      1.072      0.016     4.9490     89.224     31.922  32.910524     1.5016      7.736   262.8377 3.4941e+02     2.0214      1.051      1.524    26.5753   996.6528 0.0000e+00
      1.075      0.016     4.9592     89.558     31.948  32.934643     1.5232      7.733   262.6729 3.5493e+02     1.9012      1.053      1.527    26.5672   996.6550 0.0000e+00
      1.082      0.017     4.9715     89.856     31.961  32.946275     1.5350      7.735   262.4471 3.5508e+02     1.8625      1.062      1.540    26.5583   996.6575 0.0000e+00
      1.088      0.020     4.9932     90.151     31.941  32.924263     1.5488      7.741   262.4314 3.5112e+02     1.8628      1.068      1.549    26.5485   996.6602 0.0000e+00
      1.093      0.023     5.0171     90.475     31.941  32.922279     1.5656      7.754   262.7414 3.4585e+02     1.8355      1.071      1.552    26.5399   996.6626 0.0000e+00
      1.098      0.028     5.0354     90.863     31.943  32.922288     1.5667      7.768   263.0982 3.4514e+02     1.8412      1.078      1.563    26.5374   996.6632 0.0000e+00
      1.103      0.033     5.0515     91.284     31.946  32.924368     1.5534      7.782   263.3896 3.4623e+02     1.8982      1.082      1.569    26.5342   996.6641 0.0000e+00
      1.111      0.038     5.0683     91.624     31.967  32.947429     1.5474      7.793   263.7692 3.4615e+02     1.9405      1.088      1.578    26.5312   996.6649 0.0000e+00
      1.122      0.046     5.0852     91.839     31.967  32.947332     1.5416      7.795   264.1609 3.4481e+02     1.9760      1.100      1.596    26.5300   996.6654 0.0000e+00
      1.137      0.055     5.1077     92.037     31.947  32.923194     1.5111      7.777   264.3390 3.4028e+02     2.0177      1.116      1.619    26.5256   996.6667 0.0000e+00
      1.151      0.060     5.1350     92.367     31.938  32.909359     1.4938      7.751   264.0301 3.3273e+02     2.0666      1.128      1.636    26.5238   996.6672 0.0000e+00
      1.168      0.062     5.1552     92.821     31.938  32.906947     1.5140      7.737   263.6956 3.2195e+02     2.1210      1.141      1.655    26.5265   996.6665 0.0000e+00
      1.189      0.060     5.1643     93.212     31.928  32.894017     1.5738      7.734   264.0804 3.1362e+02     2.0918      1.166      1.692    26.5281   996.6662 0.0000e+00
      1.209      0.056     5.1720     93.404     31.917  32.879921     1.6539      7.735   264.8110 3.1022e+02     1.9545      1.190      1.727    26.5228   996.6677 0.0000e+00
      1.220      0.052     5.1908     93.437     31.906  32.863401     1.6820      7.739   265.1300 3.0834e+02     1.8339      1.198      1.738    26.5143   996.6700 0.0000e+00
