Data/DataNotYetUploadedToEDI/Raw_CTD/RawDownloads/071720_fcr50.cnv
* Sea-Bird SBE19plus  Data File:
* FileName = C:\DATA\071720_fcr50_0003.hex
* Software version 2.8.0.119
* Temperature SN = 7809
* Conductivity SN = 7809
* System UpLoad Time = Jul 17 2020 12:21:33
* <ApplicationData>
* <Seaterm232>
# nquan = 16
# nvalues = 1538                        
# units = specified
# name 0 = depFM: Depth [fresh water, m]
# name 1 = dz/dtM: Descent Rate [m/s]
# name 2 = sbeox0ML/L: Oxygen, SBE 43 [ml/l]
# name 3 = sbeox0PS: Oxygen, SBE 43 [% saturation]
# name 4 = specc: Specific Conductance [uS/cm]
# name 5 = c0uS/cm: Conductivity [uS/cm]
# name 6 = flECO-AFL: Fluorescence, WET Labs ECO-AFL/FL [mg/m^3]
# name 7 = ph: pH
# name 8 = orp: Oxidation Reduction Potential [mV]
# name 9 = par/sat/log: PAR/Logarithmic, Satlantic
# name 10 = turbWETntu0: Turbidity, WET Labs ECO [NTU]
# name 11 = prdM: Pressure, Strain Gauge [db]
# name 12 = prdE: Pressure, Strain Gauge [psi]
# name 13 = tv290C: Temperature [ITS-90, deg C]
# name 14 = density00: Density [density, kg/m^3]
# name 15 = flag:  0.000e+00
# span 0 =     -0.591,      9.759       
# span 1 =     -3.409,      0.230       
# span 2 =    -0.0842,     9.9562       
# span 3 =     -1.064,    163.552       
# span 4 =      2.806,    313.810       
# span 5 =   2.773938, 227.814249       
# span 6 =    -3.3983,    34.9967       
# span 7 =      6.126,      9.082       
# span 8 = -1240.7455,   882.0239       
# span 9 = 1.2341e-01, 1.4867e+03       
# span 10 =    -4.0097,   619.9066      
# span 11 =     -0.580,      9.571      
# span 12 =     -0.841,     13.881      
# span 13 =    10.5997,    28.6861      
# span 14 =   996.0472,   999.7750      
# span 15 = 0.0000e+00, 0.0000e+00      
# interval = seconds: 0.25
# start_time = Jul 16 2020 20:52:45 [Instrument's time stamp, header]
# bad_flag = -9.990e-29
*END*
[from data line 904]
      7.164      0.061     0.9317     11.944     45.218  32.239790     2.8939      6.929   265.8989 1.2352e-01     8.9849      7.028     10.193    10.6476   999.6936 0.0000e+00
      7.169      0.067     0.9317     11.923     45.220  32.239781     2.8460      6.926   266.0760 1.2354e-01     8.9888      7.026     10.190    10.6471   999.6937 0.0000e+00
      7.180      0.076     0.9328     11.915     45.222  32.239678     2.7500      6.923   266.4135 1.2353e-01     9.0642      7.036     10.205    10.6472   999.6937 0.0000e+00
      7.202      0.090     0.9316     11.935     45.222  32.238534     2.6958      6.919   266.7105 1.2356e-01     9.1415      7.061     10.241    10.6475   999.6938 0.0000e+00
      7.231      0.104     0.9288     11.973     45.206  32.225949     2.7060      6.916   266.8282 1.2356e-01     9.2025      7.092     10.285    10.6467   999.6940 0.0000e+00
      7.264      0.111     0.9274     12.007     45.191  32.214413     2.7488      6.915   266.7180 1.2353e-01     9.1831      7.123     10.331    10.6451   999.6943 0.0000e+00
      7.302      0.110     0.9260     12.040     45.208  32.225949     2.8038      6.914   266.5830 1.2353e-01     9.0442      7.162     10.386    10.6436   999.6947 0.0000e+00
      7.337      0.103     0.9275     12.048     45.226  32.238524     2.8263      6.914   266.6585 1.2354e-01     8.9316      7.201     10.443    10.6419   999.6950 0.0000e+00
      7.360      0.094     0.9326     12.033     45.227  32.239564     2.8403      6.913   266.7697 1.2356e-01     8.9543      7.222     10.476    10.6406   999.6952 0.0000e+00
      7.374      0.086     0.9331     12.014     45.225  32.238524     2.9536      6.912   266.8093 1.2359e-01     9.1125      7.231     10.487    10.6400   999.6953 0.0000e+00
      7.389      0.080     0.9381     11.992     45.207  32.225948     3.1376      6.910   266.8798 1.2359e-01     9.2985      7.244     10.506    10.6394   999.6955 0.0000e+00
      7.409      0.078     0.9382     11.980     45.190  32.214413     3.2158      6.909   266.7609 1.2357e-01     9.3844      7.266     10.538    10.6390   999.6956 0.0000e+00
      7.431      0.080     0.9357     11.971     45.206  32.225949     3.2118      6.908   266.4045 1.2357e-01     9.3959      7.287     10.569    10.6394   999.6957 0.0000e+00
      7.454      0.082     0.9355     11.966     45.225  32.238524     3.2419      6.906   266.3560 1.2359e-01     9.3002      7.309     10.601    10.6395   999.6958 0.0000e+00
      7.477      0.082     0.9318     11.972     45.230  32.239564     3.2841      6.905   266.6055 1.2358e-01     9.0862      7.333     10.636    10.6399   999.6958 0.0000e+00
      7.498      0.082     0.9324     11.972     45.230  32.238515     3.2929      6.904   267.0121 1.2353e-01     8.9365      7.354     10.666    10.6411   999.6958 0.0000e+00
      7.517      0.082     0.9312     11.942     45.213  32.225835     3.2811      6.901   267.4000 1.2349e-01     8.8977      7.372     10.692    10.6411   999.6959 0.0000e+00
      7.535      0.081     0.9305     11.906     45.195  32.213155     3.2750      6.898   267.0794 1.2354e-01     8.8927      7.389     10.716    10.6396   999.6961 0.0000e+00
      7.555      0.078     0.9312     11.872     45.193  32.212096     3.2475      6.896   266.2330 1.2363e-01     8.9097      7.407     10.743    10.6374   999.6964 0.0000e+00
      7.579      0.074     0.9334     11.820     45.196  32.213041     3.1972      6.894   265.6844 1.2359e-01     8.9315      7.433     10.781    10.6359   999.6967 0.0000e+00
      7.602      0.070     0.9291     11.767     45.213  32.224578     3.1716      6.893   265.5220 1.2350e-01     8.9165      7.458     10.819    10.6353   999.6969 0.0000e+00
      7.619      0.064     0.9255     11.707     45.214  32.224691     3.1574      6.893   265.6465 1.2347e-01     8.8993      7.473     10.839    10.6356   999.6969 0.0000e+00
      7.631      0.058     0.9257     11.661     45.201  32.214403     3.1025      6.894   265.9849 1.2349e-01     8.9293      7.482     10.852    10.6358   999.6970 0.0000e+00
      7.643      0.052     0.9185     11.641     45.220  32.227075     3.0224      6.894   266.3446 1.2352e-01     8.9363      7.495     10.870    10.6349   999.6971 0.0000e+00
      7.656      0.048     0.9165     11.613     45.256  32.251006     2.9802      6.893   266.5543 1.2353e-01     8.8804      7.508     10.891    10.6336   999.6973 0.0000e+00
      7.667      0.047     0.9106     11.588     45.256  32.249957     2.9742      6.890   266.1975 1.2355e-01     8.8717      7.519     10.906    10.6330   999.6974 0.0000e+00
      7.677      0.047     0.9058     11.598     45.207  32.214396     2.9777      6.889   265.6438 1.2354e-01     8.9339      7.529     10.919    10.6322   999.6975 0.0000e+00
      7.689      0.046     0.9069     11.622     45.190  32.201726     2.9847      6.888   265.4520 1.2351e-01     8.9809      7.540     10.935    10.6306   999.6977 0.0000e+00
      7.702      0.046     0.9037     11.627     45.222  32.223664     2.9728      6.887   265.4280 1.2349e-01     8.9590      7.554     10.956    10.6290   999.6980 0.0000e+00
      7.715      0.048     0.9005     11.627     45.225  32.225857     2.9587      6.887   265.6115 1.2349e-01     8.9105      7.567     10.975    10.6279   999.6982 0.0000e+00
      7.727      0.052     0.9017     11.605     45.229  32.228238     3.0232      6.884   266.3790 1.2357e-01     9.0119      7.577     10.990    10.6271   999.6982 0.0000e+00
      7.737      0.060     0.9060     11.558     45.263  32.252453     3.1523      6.879   267.3949 1.2361e-01     9.2575      7.587     11.004    10.6266   999.6983 0.0000e+00
      7.750      0.071     0.9042     11.538     45.279  32.264839     3.2231      6.875   267.7423 1.2359e-01     9.4426      7.599     11.021    10.6264   999.6984 0.0000e+00
      7.767      0.084     0.9052     11.508     45.259  32.251103     3.2221      6.873   267.3958 1.2358e-01     9.4646      7.614     11.043    10.6259   999.6985 0.0000e+00
      7.791      0.098     0.9055     11.433     45.206  32.213262     3.2062      6.869   266.9909 1.2355e-01     9.3519      7.636     11.076    10.6254   999.6987 0.0000e+00
      7.822      0.112     0.8970     11.367     45.171  32.187998     3.1925      6.865   267.0633 1.2356e-01     9.2472      7.671     11.125    10.6258   999.6988 0.0000e+00
      7.855      0.124     0.8983     11.330     45.187  32.199430     3.1803      6.862   268.1853 1.2359e-01     9.2290      7.704     11.174    10.6265   999.6989 0.0000e+00
      7.887      0.133     0.8983     11.293     45.222  32.224590     3.1737      6.859   269.5434 1.2356e-01     9.2345      7.732     11.216    10.6270   999.6990 0.0000e+00
      7.922      0.138     0.8885     11.260     45.241  32.238414     3.1700      6.856   269.6313 1.2357e-01     9.2104      7.767     11.265    10.6268   999.6992 0.0000e+00
      7.961      0.137     0.8835     11.253     45.243  32.239670     3.1545      6.855   269.0768 1.2363e-01     9.1782      7.807     11.323    10.6267   999.6993 0.0000e+00
      7.999      0.133     0.8822     11.250     45.244  32.239784     3.1478      6.856   268.4315 1.2361e-01     9.1882      7.846     11.378    10.6269   999.6995 0.0000e+00
      8.035      0.128     0.8791     11.247     45.245  32.239785     3.1655      6.856   267.6792 1.2358e-01     9.2286      7.881     11.430    10.6268   999.6997 0.0000e+00
      8.067      0.122     0.8748     11.268     45.245  32.239682     3.1781      6.854   268.3264 1.2358e-01     9.2555      7.913     11.477    10.6267   999.6999 0.0000e+00
      8.093      0.117     0.8760     11.304     45.245  32.238538     3.1857      6.850   270.1483 1.2355e-01     9.2382      7.937     11.512    10.6270   999.7000 0.0000e+00
      8.117      0.112     0.8761     11.333     45.230  32.225944     3.1998      6.849   270.9512 1.2352e-01     9.1909      7.958     11.542    10.6265   999.7001 0.0000e+00
      8.145      0.107     0.8739     11.348     45.216  32.214304     3.2147      6.849   270.8926 1.2352e-01     9.1985      7.986     11.582    10.6254   999.7004 0.0000e+00
      8.176      0.100     0.8767     11.357     45.233  32.224696     3.2326      6.848   270.6445 1.2352e-01     9.2270      8.019     11.630    10.6248   999.7006 0.0000e+00
      8.206      0.090     0.8801     11.369     45.235  32.224697     3.2545      6.846   270.0160 1.2352e-01     9.1239      8.049     11.675    10.6240   999.7008 0.0000e+00
      8.231      0.075     0.8825     11.398     45.222  32.214313     3.2791      6.845   270.0053 1.2347e-01     8.9472      8.075     11.710    10.6226   999.7010 0.0000e+00
      8.249      0.058     0.8835     11.435     45.238  32.226048     3.2911      6.844   270.8587 1.2346e-01     8.8758      8.093     11.737    10.6207   999.7014 0.0000e+00
      8.259      0.040     0.8839     11.422     45.256  32.239683     3.2853      6.844   271.5580 1.2350e-01     8.9127      8.103     11.753    10.6186   999.7016 0.0000e+00
      8.262      0.030     0.8849     11.372     45.271  32.252268     3.2097      6.841   272.0078 1.2349e-01     8.8792      8.104     11.753    10.6169   999.7017 0.0000e+00
      8.263      0.034     0.8858     11.343     45.266  32.251322     3.0625      6.835   272.3394 1.2352e-01     8.7453      8.103     11.752    10.6154   999.7018 0.0000e+00
      8.263      0.051     0.8924     11.309     45.231  32.228251     2.9740      6.829   272.2979 1.2361e-01     8.7012      8.105     11.755    10.6149   999.7019 0.0000e+00
      8.267      0.076     0.8909     11.241     45.230  32.227109     2.9600      6.826   271.9369 1.2362e-01     8.7237      8.103     11.752    10.6159   999.7018 0.0000e+00
      8.285      0.100     0.8832     11.178     45.248  32.237509     2.9419      6.825   271.6743 1.2359e-01     8.8110      8.114     11.768    10.6184   999.7016 0.0000e+00
      8.328      0.118     0.8834     11.137     45.236  32.227099     2.9077      6.824   271.7897 1.2362e-01     9.0017      8.163     11.840    10.6220   999.7016 0.0000e+00
      8.382      0.129     0.8816     11.085     45.238  32.228138     2.8901      6.824   272.1273 1.2362e-01     9.1408      8.227     11.932    10.6247   999.7015 0.0000e+00
      8.425      0.133     0.8748     11.055     45.268  32.250064     2.8910      6.824   272.5728 1.2359e-01     9.2218      8.268     11.993    10.6238   999.7019 0.0000e+00
      8.451      0.130     0.8682     11.077     45.250  32.238415     2.8899      6.822   272.7888 1.2359e-01     9.2604      8.289     12.021    10.6210   999.7022 0.0000e+00
      8.472      0.124     0.8689     11.120     45.217  32.214189     2.8670      6.819   272.1573 1.2362e-01     9.2999      8.305     12.047    10.6185   999.7025 0.0000e+00
      8.498      0.121     0.8617     11.135     45.215  32.210946     2.8140      6.817   271.2180 1.2361e-01     9.3898      8.331     12.083    10.6173   999.7028 0.0000e+00
      8.529      0.126     0.8584     11.097     45.200  32.199202     2.7750      6.817   271.1547 1.2356e-01     9.4208      8.364     12.130    10.6190   999.7028 0.0000e+00
      8.564      0.135     0.8620     11.065     45.202  32.199090     2.7662      6.815   271.7354 1.2352e-01     9.3994      8.398     12.180    10.6208   999.7027 0.0000e+00
      8.603      0.141     0.8655     11.034     45.219  32.209576     2.8130      6.812   272.2160 1.2352e-01     9.3368      8.435     12.234    10.6197   999.7030 0.0000e+00
      8.642      0.141     0.8704     10.999     45.205  32.199088     2.9014      6.810   272.3205 1.2355e-01     9.2128      8.476     12.293    10.6175   999.7035 0.0000e+00
      8.681      0.131     0.8618     10.989     45.205  32.199184     2.9394      6.810   271.6218 1.2359e-01     9.1370      8.513     12.347    10.6159   999.7037 0.0000e+00
      8.719      0.113     0.8618     10.970     45.221  32.210730     2.9288      6.811   270.4794 1.2364e-01     9.1411      8.552     12.403    10.6138   999.7041 0.0000e+00
      8.753      0.091     0.8600     10.938     45.223  32.211799     2.8114      6.811   270.0367 1.2365e-01     9.1241      8.588     12.456    10.6123   999.7045 0.0000e+00
      8.773      0.067     0.8541     10.946     45.223  32.212113     2.5884      6.812   270.1411 1.2358e-01     9.0353      8.609     12.487    10.6126   999.7045 0.0000e+00
      8.779      0.046     0.8565     10.987     45.225  32.214524     2.4549      6.812   270.4508 1.2350e-01     8.9604      8.610     12.489    10.6128   999.7045 0.0000e+00
      8.780      0.030     0.8548     10.994     45.255  32.240953     2.4267      6.812   270.9420 1.2354e-01     8.9398      8.609     12.487    10.6123   999.7046 0.0000e+00
      8.784      0.021     0.8503     10.982     45.293  32.277877     2.4954      6.811   270.6601 1.2359e-01     8.9229      8.614     12.494    10.6117   999.7046 0.0000e+00
      8.788      0.020     0.8501     10.981     45.277  32.280277     2.6558      6.810   269.7959 1.2357e-01     8.9276      8.618     12.499    10.6115   999.7047 0.0000e+00
      8.792      0.023     0.8577     10.967     45.244  32.269989     2.7455      6.809   269.5264 1.2353e-01     8.9625      8.621     12.504    10.6126   999.7046 0.0000e+00
      8.798      0.027     0.8563     10.951     45.244  32.280399     2.7504      6.809   269.6384 1.2354e-01     8.9675      8.626     12.511    10.6165   999.7043 0.0000e+00
      8.808      0.033     0.8533     10.950     45.234  32.279255     2.7523      6.808   269.8600 1.2354e-01     8.9536      8.638     12.529    10.6274   999.7033 0.0000e+00
      8.817      0.041     0.8553     10.937     45.201  32.256164     2.7878      6.807   270.3125 1.2354e-01     9.0351      8.650     12.545    10.6450   999.7016 0.0000e+00
      8.824      0.050     0.8529     10.904     45.206  32.254999     2.8558      6.803   270.7222 1.2354e-01     9.1974      8.652     12.549    10.6619   999.7000 0.0000e+00
      8.835      0.062     0.8503     10.882     45.232  32.265173     2.8970      6.798   271.0280 1.2356e-01     9.2673      8.660     12.561    10.6738   999.6989 0.0000e+00
      8.854      0.081     0.8518     10.890     45.226  32.252267     2.8959      6.793   271.1703 1.2355e-01     9.2280      8.684     12.595    10.6793   999.6985 0.0000e+00
      8.874      0.101     0.8512     10.914     45.198  32.225839     2.8711      6.790   271.1521 1.2349e-01     9.2371      8.703     12.623    10.6798   999.6985 0.0000e+00
      8.897      0.118     0.8470     10.935     45.171  32.199420     2.8446      6.789   271.1522 1.2347e-01     9.3439      8.717     12.644    10.6749   999.6990 0.0000e+00
      8.936      0.129     0.8452     10.970     45.163  32.186617     2.8329      6.787   271.2573 1.2348e-01     9.4204      8.758     12.704    10.6637   999.7004 0.0000e+00
      8.984      0.133     0.8462     10.986     45.188  32.197936     2.8344      6.785   271.4763 1.2350e-01     9.4070      8.815     12.785    10.6532   999.7016 0.0000e+00
      9.023      0.129     0.8502     10.971     45.213  32.209367     2.9304      6.784   271.6503 1.2355e-01     9.3193      8.853     12.839    10.6465   999.7024 0.0000e+00
      9.053      0.119     0.8492     10.956     45.203  32.197925     3.1155      6.783   271.6395 1.2359e-01     9.2182      8.877     12.876    10.6396   999.7032 0.0000e+00
      9.082      0.105     0.8545     10.937     45.190  32.186494     3.2216      6.783   271.6034 1.2359e-01     9.2140      8.908     12.920    10.6311   999.7042 0.0000e+00
      9.106      0.096     0.8569     10.926     45.208  32.198040     3.2321      6.782   271.7302 1.2355e-01     9.2341      8.934     12.958    10.6233   999.7050 0.0000e+00
      9.122      0.094     0.8527     10.923     45.226  32.210626     3.1947      6.781   271.9682 1.2351e-01     9.2551      8.946     12.975    10.6168   999.7058 0.0000e+00
