Data/DataNotYetUploadedToEDI/Raw_CTD/RawDownloads/071720_bvr50.cnv
* Sea-Bird SBE19plus  Data File:
* FileName = C:\DATA\071720_fcr50_0005.hex
* Software version 2.8.0.119
* Temperature SN = 7809
* Conductivity SN = 7809
* System UpLoad Time = Jul 17 2020 12:22:45
* <ApplicationData>
* <Seaterm232>
# nquan = 16
# nvalues = 2255                        
# units = specified
# name 0 = depFM: Depth [fresh water, m]
# name 1 = dz/dtM: Descent Rate [m/s]
# name 2 = sbeox0ML/L: Oxygen, SBE 43 [ml/l]
# name 3 = sbeox0PS: Oxygen, SBE 43 [% saturation]
# name 4 = specc: Specific Conductance [uS/cm]
# name 5 = c0uS/cm: Conductivity [uS/cm]
# name 6 = flECO-AFL: Fluorescence, WET Labs ECO-AFL/FL [mg/m^3]
# name 7 = ph: pH
# name 8 = orp: Oxidation Reduction Potential [mV]
# name 9 = par/sat/log: PAR/Logarithmic, Satlantic
# name 10 = turbWETntu0: Turbidity, WET Labs ECO [NTU]
# name 11 = prdM: Pressure, Strain Gauge [db]
# name 12 = prdE: Pressure, Strain Gauge [psi]
# name 13 = tv290C: Temperature [ITS-90, deg C]
# name 14 = density00: Density [density, kg/m^3]
# name 15 = flag:  0.000e+00
# span 0 =     -0.679,     11.114       
# span 1 =     -0.185,      0.397       
# span 2 =     0.0341,     5.8975       
# span 3 =      0.468,    101.196       
# span 4 =      0.755,    237.627       
# span 5 =   0.779182, 163.845370       
# span 6 =    -2.8590,     9.2242       
# span 7 =      6.254,      8.970       
# span 8 =  -717.3298,   876.7322       
# span 9 = 1.2343e-01, 2.4791e+03       
# span 10 =    -9.6665,   958.0724      
# span 11 =     -0.666,     10.899      
# span 12 =     -0.967,     15.808      
# span 13 =     9.3178,    27.9564      
# span 14 =   996.2647,   999.8877      
# span 15 = 0.0000e+00, 0.0000e+00      
# interval = seconds: 0.25
# start_time = Jul 16 2020 22:53:45 [Instrument's time stamp, header]
# bad_flag = -9.990e-29
*END*
     -0.678 -4.313e-20     5.2086     93.707      1.168   1.218339    -0.9256      6.393  -263.8514 2.2501e+03    -0.0289     -0.665     -0.964    27.1648   996.4759 0.0000e+00
     -0.678 -3.921e-21     5.2061     93.677      1.155   1.205674    -0.9416      6.392  -277.3517 2.2512e+03    -0.0594     -0.665     -0.965    27.1649   996.4759 0.0000e+00
     -0.678 -3.565e-22     5.2081     93.677      1.143   1.193005    -0.9446      6.391  -290.1409 2.2478e+03    -0.1155     -0.665     -0.965    27.1650   996.4759 0.0000e+00
     -0.678 -3.241e-23     5.2118     93.697      1.142   1.191853    -0.9335      6.390  -302.4174 2.2437e+03    -0.1242     -0.665     -0.965    27.1651   996.4758 0.0000e+00
     -0.678 -2.946e-24     5.2092     93.719      1.142   1.191748    -0.9210      6.391  -314.4513 2.2415e+03    -0.0956     -0.665     -0.964    27.1651   996.4758 0.0000e+00
     -0.678 -2.678e-25     5.2062     93.724      1.142   1.191728    -0.9183      6.392  -326.4583 2.2375e+03    -0.0448     -0.665     -0.964    27.1655   996.4757 0.0000e+00
     -0.678 -2.435e-26     5.2073     93.710      1.142   1.191623    -0.9200      6.391  -337.9786 2.2356e+03     0.0097     -0.665     -0.965    27.1656   996.4757 0.0000e+00
     -0.679 -2.213e-27     5.2082     93.699      1.141   1.190472    -0.9230      6.391  -348.6890 2.2351e+03    -0.0549     -0.665     -0.965    27.1655   996.4757 0.0000e+00
     -0.679 -2.012e-28     5.2103     93.702      1.128   1.177812    -0.9250      6.392  -359.1623 2.2342e+03    -0.2075     -0.665     -0.965    27.1656   996.4757 0.0000e+00
     -0.679 -1.829e-29     5.2104     93.709      1.116   1.165247    -0.9165      6.392  -369.7942 2.2363e+03    -0.2561     -0.665     -0.965    27.1656   996.4757 0.0000e+00
     -0.679 -1.663e-30     5.2090     93.700      1.116   1.165248    -0.9050      6.392  -380.1864 2.2386e+03    -0.1971     -0.666     -0.966    27.1658   996.4757 0.0000e+00
     -0.679 -1.512e-31     5.2083     93.678      1.129   1.177822    -0.9008      6.392  -390.3429 2.2382e+03    -0.1452     -0.666     -0.966    27.1660   996.4756 0.0000e+00
     -0.679 -1.374e-32     5.2083     93.658      1.141   1.190587    -0.9043      6.391  -400.4469 2.2364e+03    -0.0758     -0.665     -0.965    27.1658   996.4757 0.0000e+00
     -0.679 -1.250e-33     5.2099     93.668      1.143   1.192890    -0.9084      6.391  -410.2918 2.2345e+03    -0.0098     -0.665     -0.965    27.1660   996.4756 0.0000e+00
     -0.679 -1.136e-34     5.2086     93.703      1.156   1.205663    -0.9134      6.391  -419.9822 2.2343e+03    -0.0339     -0.665     -0.965    27.1661   996.4756 0.0000e+00
     -0.679 -1.032e-35     5.2078     93.725      1.168   1.218331    -0.9260      6.391  -429.7670 2.2345e+03    -0.0929     -0.665     -0.964    27.1660   996.4756 0.0000e+00
     -0.679 -9.253e-37     5.2056     93.740      1.169   1.219371    -0.9361      6.391  -439.2036 2.2328e+03    -0.1053     -0.666     -0.966    27.1662   996.4755 0.0000e+00
     -0.679 6.0387e-38     5.2058     93.756      1.168   1.218230    -0.9306      6.391  -447.7821 2.2309e+03    -0.0810     -0.666     -0.966    27.1662   996.4755 0.0000e+00
     -0.679 1.5954e-36     5.2096     93.750      1.154   1.204531    -0.9171      6.392  -455.7955 2.2304e+03    -0.0393     -0.665     -0.965    27.1662   996.4755 0.0000e+00
     -0.679 1.7634e-35     5.2100     93.720      1.131   1.180440    -0.9151      6.393  -463.9917 2.2296e+03    -0.0130     -0.666     -0.966    27.1661   996.4756 0.0000e+00
     -0.679 1.9398e-34     5.2106     93.706      1.131   1.180336    -0.9166      6.393  -472.4580 2.2294e+03    -0.0375     -0.665     -0.965    27.1663   996.4755 0.0000e+00
     -0.679 2.1337e-33     5.2124     93.700      1.153   1.203276    -0.9063      6.394  -480.4667 2.2310e+03    -0.0605     -0.666     -0.966    27.1662   996.4755 0.0000e+00
     -0.679 2.3471e-32     5.2123     93.672      1.154   1.204409    -0.9058      6.394  -487.5182 2.2308e+03    -0.0510     -0.666     -0.966    27.1662   996.4755 0.0000e+00
     -0.679 2.5818e-31     5.2090     93.658      1.144   1.194033    -0.9202      6.392  -494.2210 2.2300e+03    -0.0607     -0.666     -0.966    27.1662   996.4755 0.0000e+00
     -0.679 2.8400e-30     5.2085     93.667      1.154   1.204521    -0.9274      6.392  -501.1956 2.2309e+03    -0.0746     -0.665     -0.965    27.1661   996.4756 0.0000e+00
     -0.679 3.1240e-29     5.2100     93.678      1.154   1.204522    -0.9172      6.394  -507.9215 2.2310e+03    -0.0466     -0.666     -0.966    27.1662   996.4755 0.0000e+00
     -0.679 3.4364e-28     5.2062     93.703      1.144   1.194043    -0.9109      6.394  -514.5406 2.2306e+03    -0.0314     -0.666     -0.966    27.1662   996.4755 0.0000e+00
     -0.679 3.7801e-27     5.2056     93.725      1.154   1.204518    -0.9274      6.393  -521.4292 2.2309e+03    -0.0279     -0.666     -0.966    27.1660   996.4756 0.0000e+00
     -0.679 4.1581e-26     5.2071     93.717      1.154   1.204474    -0.9344      6.392  -528.0585 2.2309e+03    -0.0734     -0.666     -0.966    27.1661   996.4756 0.0000e+00
     -0.679 4.5739e-25     5.2068     93.703      1.144   1.193519    -0.9289      6.393  -534.4674 2.2304e+03    -0.2381     -0.665     -0.965    27.1662   996.4755 0.0000e+00
     -0.679 5.0313e-24     5.2087     93.711      1.149   1.198754    -0.9281      6.393  -541.0137 2.2304e+03    -0.3714     -0.666     -0.966    27.1660   996.4756 0.0000e+00
     -0.679 5.5344e-23     5.2111     93.722      1.154   1.204416    -0.9251      6.392  -547.0682 2.2319e+03    -0.3803     -0.665     -0.965    27.1661   996.4756 0.0000e+00
     -0.679 6.0878e-22     5.2098     93.723      1.148   1.198640    -0.9214      6.392  -552.0908 2.2341e+03    -0.2774     -0.666     -0.966    27.1662   996.4755 0.0000e+00
     -0.679 6.6966e-21     5.2078     93.704      1.142   1.192262    -0.9116      6.392  -557.0003 2.2358e+03    -0.1234     -0.665     -0.965    27.1661   996.4756 0.0000e+00
     -0.679 7.3663e-20     5.2095     93.679      1.141   1.190652    -0.9116      6.392  -562.8076 2.2373e+03    -0.0629     -0.666     -0.966    27.1663   996.4755 0.0000e+00
     -0.679 8.1029e-19     5.2098     93.677      1.130   1.179177    -0.9211      6.393  -568.9618 2.2391e+03    -0.0612     -0.665     -0.965    27.1662   996.4755 0.0000e+00
     -0.679 8.9132e-18     5.2105     93.688      1.131   1.180211    -0.9125      6.393  -574.6233 2.2394e+03    -0.1026     -0.666     -0.966    27.1661   996.4756 0.0000e+00
     -0.679 9.8045e-17     5.2091     93.698      1.153   1.203141    -0.9022      6.393  -579.8095 2.2372e+03    -0.2196     -0.666     -0.966    27.1661   996.4756 0.0000e+00
     -0.679 1.0785e-15     5.2064     93.702      1.153   1.203036    -0.9115      6.394  -584.8632 2.2346e+03    -0.2751     -0.666     -0.966    27.1660   996.4756 0.0000e+00
     -0.679 1.1863e-14     5.2075     93.713      1.130   1.178944    -0.9197      6.394  -590.2115 2.2313e+03    -0.2578     -0.666     -0.966    27.1660   996.4756 0.0000e+00
     -0.679 1.3050e-13     5.2077     93.719      1.116   1.165236    -0.9164      6.394  -595.8626 2.2281e+03    -0.2506     -0.666     -0.966    27.1660   996.4756 0.0000e+00
     -0.679 1.4355e-12     5.2092     93.708      1.115   1.163990    -0.9189      6.394  -601.1372 2.2276e+03    -0.2225     -0.665     -0.965    27.1660   996.4756 0.0000e+00
     -0.679 1.5790e-11     5.2082     93.699      1.115   1.163883    -0.9219      6.394  -605.8037 2.2283e+03    -0.1236     -0.665     -0.965    27.1658   996.4756 0.0000e+00
     -0.679 1.7369e-10     5.2093     93.700      1.115   1.163933    -0.9144      6.394  -610.3841 2.2274e+03    -0.0166     -0.666     -0.966    27.1659   996.4756 0.0000e+00
     -0.679 1.9106e-09     5.2106     93.709      1.116   1.164608    -0.9138      6.394  -615.4780 2.2248e+03    -0.0270     -0.666     -0.967    27.1660   996.4756 0.0000e+00
     -0.679 2.1017e-08     5.2086     93.726      1.123   1.172043    -0.9236      6.394  -621.0184 2.2203e+03    -0.1121     -0.665     -0.965    27.1657   996.4757 0.0000e+00
     -0.679 2.3119e-07     5.2086     93.739      1.141   1.190471    -0.9281      6.394  -626.0069 2.2158e+03    -0.1530     -0.665     -0.965    27.1656   996.4757 0.0000e+00
     -0.679 4.2384e-07     5.2084     93.730      1.147   1.197382    -0.9299      6.394  -630.1929 2.2160e+03    -0.1436     -0.666     -0.966    27.1654   996.4758 0.0000e+00
     -0.679 2.3119e-07     5.2091     93.724      1.142   1.192261    -0.9264      6.395  -634.4623 2.2172e+03    -0.1021     -0.666     -0.966    27.1651   996.4758 0.0000e+00
     -0.679 2.1017e-08     5.2100     93.718      1.142   1.191899    -0.9249      6.395  -639.3393 2.2172e+03    -0.0626     -0.666     -0.966    27.1652   996.4758 0.0000e+00
     -0.679 1.9106e-09     5.2119     93.697      1.143   1.193009    -0.9302      6.395  -644.6786 2.2167e+03    -0.0444     -0.666     -0.967    27.1652   996.4758 0.0000e+00
     -0.679 1.7370e-10     5.2100     93.689      1.156   1.205676    -0.9240      6.395  -649.8914 2.1975e+03    -0.0187     -0.666     -0.966    27.1650   996.4759 0.0000e+00
     -0.679 1.5790e-11     5.2097     93.696      1.168   1.218353    -0.9164      6.395  -653.5816 2.1400e+03    -0.0262     -0.666     -0.966    27.1650   996.4759 0.0000e+00
     -0.679 1.4355e-12     5.2108     93.695      1.169   1.219597    -0.9243      6.395  -655.1389 2.0916e+03    -0.1010     -0.666     -0.966    27.1648   996.4759 0.0000e+00
     -0.679 1.3050e-13     5.2079     93.693      1.170   1.220714    -0.9329      6.394  -649.5347 2.0956e+03    -0.1339     -0.666     -0.966    27.1646   996.4760 0.0000e+00
     -0.679 1.1863e-14     5.2076     93.696      1.181   1.231860    -0.9254      6.393  -636.3268 2.1026e+03    -0.0804     -0.666     -0.966    27.1647   996.4759 0.0000e+00
     -0.679 1.0785e-15     5.2091     93.690      1.176   1.227673    -0.9196      6.393  -626.8248 2.0667e+03    -0.0719     -0.666     -0.966    27.1644   996.4760 0.0000e+00
     -0.679 9.8045e-17     5.2086     93.686      1.121   1.170085    -0.9299      6.396  -623.6969 1.9622e+03    -0.1344     -0.666     -0.966    27.1642   996.4761 0.0000e+00
     -0.679 8.9130e-18     5.2080     93.695      1.059   1.105690    -0.9349      6.397  -622.2553 1.7424e+03    -0.1841     -0.666     -0.966    27.1641   996.4761 0.0000e+00
     -0.679 8.1030e-19     5.2091     93.704      1.037   1.082559    -0.9239      6.396  -620.9233 1.3432e+03    -0.2271     -0.666     -0.966    27.1639   996.4762 0.0000e+00
     -0.679 7.3665e-20     5.2082     93.709      1.035   1.080446    -0.9107      6.395  -621.1003 1.0831e+03    -0.2765     -0.666     -0.966    27.1639   996.4762 0.0000e+00
     -0.679 6.6965e-21     5.2075     93.709      1.035   1.080140    -0.9083      6.395  -629.7296 1.2094e+03    -0.3006     -0.666     -0.966    27.1638   996.4762 0.0000e+00
     -0.679 6.0880e-22     5.2088     93.709      1.034   1.078866    -0.9144      6.398  -646.7051 1.3366e+03    -0.2783     -0.665     -0.965    27.1637   996.4762 0.0000e+00
     -0.679 5.5345e-23     5.2091     93.714      1.021   1.065044    -0.9180      6.399  -658.9184 1.3391e+03    -0.2468     -0.666     -0.966    27.1639   996.4762 0.0000e+00
     -0.679 5.0315e-24     5.2095     93.729      0.997   1.039704    -0.9235      6.398  -655.3098 1.3300e+03    -0.2630     -0.665     -0.965    27.1642   996.4761 0.0000e+00
     -0.679 4.5739e-25     5.2093     93.743      0.983   1.025873    -0.9330      6.397  -647.4694 1.2941e+03    -0.3021     -0.665     -0.965    27.1641   996.4761 0.0000e+00
     -0.679 4.1581e-26     5.2091     93.743      0.982   1.024503    -0.9270      6.398  -653.6874 1.2877e+03    -0.3082     -0.665     -0.965    27.1639   996.4762 0.0000e+00
     -0.679 3.7801e-27     5.2094     93.737      0.981   1.023142    -0.9188      6.398  -664.0697 1.3267e+03    -0.3021     -0.666     -0.966    27.1640   996.4761 0.0000e+00
     -0.679 3.4365e-28     5.2103     93.728      0.967   1.009415    -0.9283      6.398  -668.3769 1.3696e+03    -0.3316     -0.666     -0.966    27.1644   996.4760 0.0000e+00
     -0.679 3.1243e-29     5.2119     93.716      0.944   0.985228    -0.9269      6.398  -671.1778 1.4219e+03    -0.3208     -0.666     -0.966    27.1642   996.4761 0.0000e+00
     -0.679 2.8648e-30     5.2111     93.701      0.943   0.984076    -0.9124      6.398  -672.4679 1.4637e+03    -0.2058     -0.665     -0.965    27.1641   996.4761 0.0000e+00
     -0.679 5.3098e-31     5.2110     93.691      0.954   0.995489    -0.9159      6.398  -672.0156 1.4512e+03    -0.0747     -0.666     -0.966    27.1642   996.4761 0.0000e+00
     -0.679 3.0242e-30     5.2105     93.704      0.955   0.996536    -0.9309      6.398  -672.2480 1.4535e+03    -0.0405     -0.666     -0.966    27.1641   996.4761 0.0000e+00
     -0.679 3.3010e-29     5.2097     93.722      0.955   0.996735    -0.9307      6.398  -673.9871 1.5021e+03    -0.0665     -0.666     -0.966    27.1640   996.4762 0.0000e+00
     -0.679 3.6309e-28     5.2091     93.728      0.956   0.997895    -0.9234      6.399  -676.2646 1.4365e+03    -0.0802     -0.666     -0.966    27.1637   996.4763 0.0000e+00
     -0.679 3.9940e-27     5.2075     93.728      0.969   1.010555    -0.9281      6.399  -678.1041 1.2753e+03    -0.1721     -0.666     -0.966    27.1636   996.4762 0.0000e+00
     -0.679 4.3934e-26     5.2090     93.715      0.981   1.023111    -0.9302      6.400  -679.1921 1.2921e+03    -0.3192     -0.666     -0.966    27.1637   996.4763 0.0000e+00
     -0.679 4.8327e-25     5.2105     93.687      0.981   1.023016    -0.9211      6.401  -680.1271 1.4223e+03    -0.3480     -0.666     -0.966    27.1635   996.4763 0.0000e+00
     -0.679 5.3160e-24     5.2103     93.670      0.967   1.009413    -0.9136      6.401  -681.2346 1.4925e+03    -0.2799     -0.665     -0.965    27.1631   996.4764 0.0000e+00
     -0.679 5.8476e-23     5.2108     93.669      0.944   0.985331    -0.9147      6.400  -682.0004 1.5479e+03    -0.2518     -0.666     -0.966    27.1629   996.4764 0.0000e+00
     -0.679 6.4323e-22     5.2104     93.674      0.944   0.985218    -0.9253      6.398  -682.1596 1.5766e+03    -0.2823     -0.665     -0.965    27.1628   996.4765 0.0000e+00
     -0.679 7.0756e-21     5.2077     93.699      0.966   1.008053    -0.9277      6.398  -682.7292 1.5731e+03    -0.3056     -0.665     -0.965    27.1624   996.4766 0.0000e+00
     -0.679 7.7831e-20     5.2068     93.729      0.966   1.008043    -0.9152      6.398  -683.6384 1.5636e+03    -0.2932     -0.666     -0.966    27.1621   996.4767 0.0000e+00
     -0.679 8.5614e-19     5.2077     93.737      0.945   0.985093    -0.9165      6.398  -684.3766 1.5552e+03    -0.3041     -0.665     -0.965    27.1622   996.4766 0.0000e+00
     -0.679 9.4176e-18     5.2068     93.742      0.943   0.983950    -0.9240      6.399  -685.8904 1.5574e+03    -0.3350     -0.666     -0.966    27.1618   996.4767 0.0000e+00
     -0.679 1.0359e-16     5.2087     93.742      0.953   0.994220    -0.9207      6.398  -688.2617 1.5533e+03    -0.3220     -0.666     -0.966    27.1613   996.4769 0.0000e+00
     -0.679 1.1395e-15     5.2117     93.724      0.942   0.982581    -0.9340      6.396  -691.1937 1.5429e+03    -0.3193     -0.666     -0.966    27.1611   996.4770 0.0000e+00
     -0.679 1.2535e-14     5.2108     93.703      0.930   0.969912    -0.9980      6.396  -694.6691 1.5139e+03    -0.3030     -0.666     -0.966    27.1610   996.4770 0.0000e+00
     -0.679 1.3788e-13     5.2113     93.687      0.928   0.967730    -1.0849      6.396  -696.5551 1.4634e+03    -0.1933     -0.666     -0.966    27.1608   996.4770 0.0000e+00
     -0.679 1.5167e-12     5.2123     93.687      0.917   0.956204    -1.1258      6.396  -697.1335 1.4396e+03    -0.0915     -0.666     -0.966    27.1604   996.4772 0.0000e+00
