Data/DataNotYetUploadedToEDI/Raw_CTD/RawDownloads/071720_fcr50.cnv
* Sea-Bird SBE19plus  Data File:
* FileName = C:\DATA\071720_fcr50_0003.hex
* Software version 2.8.0.119
* Temperature SN = 7809
* Conductivity SN = 7809
* System UpLoad Time = Jul 17 2020 12:21:33
* <ApplicationData>
* <Seaterm232>
# nquan = 16
# nvalues = 1538                        
# units = specified
# name 0 = depFM: Depth [fresh water, m]
# name 1 = dz/dtM: Descent Rate [m/s]
# name 2 = sbeox0ML/L: Oxygen, SBE 43 [ml/l]
# name 3 = sbeox0PS: Oxygen, SBE 43 [% saturation]
# name 4 = specc: Specific Conductance [uS/cm]
# name 5 = c0uS/cm: Conductivity [uS/cm]
# name 6 = flECO-AFL: Fluorescence, WET Labs ECO-AFL/FL [mg/m^3]
# name 7 = ph: pH
# name 8 = orp: Oxidation Reduction Potential [mV]
# name 9 = par/sat/log: PAR/Logarithmic, Satlantic
# name 10 = turbWETntu0: Turbidity, WET Labs ECO [NTU]
# name 11 = prdM: Pressure, Strain Gauge [db]
# name 12 = prdE: Pressure, Strain Gauge [psi]
# name 13 = tv290C: Temperature [ITS-90, deg C]
# name 14 = density00: Density [density, kg/m^3]
# name 15 = flag:  0.000e+00
# span 0 =     -0.591,      9.759       
# span 1 =     -3.409,      0.230       
# span 2 =    -0.0842,     9.9562       
# span 3 =     -1.064,    163.552       
# span 4 =      2.806,    313.810       
# span 5 =   2.773938, 227.814249       
# span 6 =    -3.3983,    34.9967       
# span 7 =      6.126,      9.082       
# span 8 = -1240.7455,   882.0239       
# span 9 = 1.2341e-01, 1.4867e+03       
# span 10 =    -4.0097,   619.9066      
# span 11 =     -0.580,      9.571      
# span 12 =     -0.841,     13.881      
# span 13 =    10.5997,    28.6861      
# span 14 =   996.0472,   999.7750      
# span 15 = 0.0000e+00, 0.0000e+00      
# interval = seconds: 0.25
# start_time = Jul 16 2020 20:52:45 [Instrument's time stamp, header]
# bad_flag = -9.990e-29
*END*
[from data line 724]
      3.901      0.050     0.0827      1.215     46.138  35.031048    31.1642      7.387   279.4705 6.5296e+00     3.6035      3.825      5.548    13.0508   999.4094 0.0000e+00
      3.916      0.050     0.0864      1.241     46.436  35.189848    24.3344      7.385   279.4983 6.4119e+00     3.3932      3.843      5.572    13.0406   999.4108 0.0000e+00
      3.927      0.052     0.0899      1.257     47.174  35.646387    20.6074      7.383   279.1884 6.3208e+00     3.3006      3.851      5.586    13.0279   999.4125 0.0000e+00
      3.937      0.056     0.0871      1.274     48.563  36.552975    20.2719      7.379   278.7341 6.2113e+00     3.3076      3.859      5.598    13.0117   999.4145 0.0000e+00
      3.950      0.060     0.0893      1.303     49.918  37.393577    20.1356      7.376   278.3937 6.0738e+00     3.2724      3.873      5.617    12.9690   999.4200 0.0000e+00
      3.967      0.062     0.0925      1.352     50.557  37.686662    18.9884      7.373   278.2564 5.9017e+00     3.1494      3.889      5.640    12.9021   999.4286 0.0000e+00
      3.987      0.064     0.0925      1.393     50.503  37.494409    16.9199      7.371   278.1921 5.7286e+00     3.0222      3.911      5.672    12.7929   999.4425 0.0000e+00
      4.007      0.065     0.0949      1.394     49.946  36.972835    15.8015      7.369   278.1321 5.5975e+00     3.0048      3.932      5.702    12.6512   999.4608 0.0000e+00
      4.023      0.064     0.0960      1.358     48.926  36.140006    15.6600      7.367   278.0485 5.5065e+00     3.0428      3.946      5.723    12.4581   999.4847 0.0000e+00
      4.037      0.063     0.1015      1.301     47.616  35.103484    14.9808      7.363   277.9555 5.4369e+00     3.0353      3.959      5.742    12.2528   999.5092 0.0000e+00
      4.051      0.062     0.1064      1.243     46.700  34.339831    13.7221      7.358   277.8671 5.3630e+00     2.9823      3.972      5.761    12.1028   999.5267 0.0000e+00
      4.065      0.063     0.1060      1.208     46.485  34.077278    13.0298      7.353   277.8407 5.2511e+00     2.9505      3.985      5.780    11.9976   999.5386 0.0000e+00
      4.082      0.067     0.1031      1.187     46.363  33.895982    12.9715      7.345   277.8943 5.1236e+00     2.9603      4.004      5.807    11.9259   999.5466 0.0000e+00
      4.100      0.071     0.0985      1.169     46.063  33.607121    12.9595      7.332   277.9131 5.0386e+00     2.9298      4.022      5.834    11.8670   999.5527 0.0000e+00
      4.117      0.072     0.0933      1.158     45.918  33.439999    12.9129      7.319   277.8965 4.9315e+00     2.8210      4.035      5.852    11.7732   999.5629 0.0000e+00
      4.138      0.070     0.0916      1.148     45.938  33.398135    12.8660      7.310   277.6934 4.7366e+00     2.7790      4.055      5.882    11.6437   999.5774 0.0000e+00
      4.162      0.065     0.0905      1.138     45.937  33.354690    12.8696      7.305   277.5220 4.5667e+00     2.7989      4.084      5.925    11.5406   999.5886 0.0000e+00
      4.181      0.060     0.0888      1.141     45.896  33.295377    13.0321      7.303   277.8032 4.4889e+00     2.8207      4.103      5.951    11.4762   999.5955 0.0000e+00
      4.191      0.055     0.0883      1.165     45.777  33.188574    13.3059      7.303   278.0821 4.4350e+00     2.9061      4.110      5.961    11.4088   999.6027 0.0000e+00
      4.199      0.052     0.0885      1.255     45.567  33.015084    13.4237      7.303   278.1406 4.3880e+00     2.9728      4.117      5.972    11.3411   999.6099 0.0000e+00
      4.208      0.052     0.0861      1.459     45.377  32.847437    13.3497      7.302   277.7351 4.3533e+00     3.0097      4.126      5.984    11.2967   999.6146 0.0000e+00
      4.221      0.056     0.0879      1.781     45.291  32.747806    12.6502      7.301   275.6751 4.2908e+00     3.4210      4.138      6.001    11.2674   999.6178 0.0000e+00
      4.237      0.061     0.0873      2.189     45.280  32.698708    11.3738      7.298   270.3556 4.1912e+00     4.2035      4.154      6.025    11.2462   999.6201 0.0000e+00
      4.257      0.065     0.0930      2.639     45.250  32.634452    10.6776      7.295   261.1695 4.0963e+00     4.6422      4.175      6.055    11.2284   999.6219 0.0000e+00
      4.277      0.069     0.1086      3.111     45.181  32.541892    10.5364      7.294   251.3335 4.0306e+00     4.7082      4.195      6.085    11.1947   999.6254 0.0000e+00
      4.294      0.070     0.1343      3.614     45.143  32.467823     9.6668      7.291   244.9546 3.9860e+00     5.1056      4.213      6.111    11.1495   999.6301 0.0000e+00
      4.309      0.070     0.1679      4.202     45.164  32.436783     8.1079      7.288   241.7752 3.9370e+00     5.8758      4.225      6.127    11.1051   999.6348 0.0000e+00
      4.325      0.070     0.2022      4.883     45.199  32.420340     7.2617      7.287   239.3920 3.8617e+00     6.2962      4.240      6.149    11.0584   999.6396 0.0000e+00
      4.345      0.071     0.2405      5.653     45.211  32.395862     7.1791      7.285   237.2187 3.7867e+00     6.3078      4.263      6.182    11.0118   999.6444 0.0000e+00
      4.364      0.074     0.2756      6.527     45.244  32.394584     7.1287      7.281   235.3732 3.7318e+00     6.3601      4.282      6.209    10.9593   999.6498 0.0000e+00
      4.382      0.076     0.3225      7.477     45.284  32.404862     6.7474      7.276   233.6841 3.6786e+00     7.1338      4.296      6.230    10.9049   999.6553 0.0000e+00
      4.402      0.078     0.3761      8.460     45.284  32.393212     6.0689      7.273   232.7992 3.6175e+00     8.5900      4.316      6.259    10.8577   999.6601 0.0000e+00
      4.424      0.080     0.4342      9.415     45.276  32.380617     5.6867      7.269   232.5027 3.5649e+00     9.3758      4.340      6.295    10.8214   999.6639 0.0000e+00
      4.443      0.082     0.5044     10.270     45.278  32.379463     5.5971      7.268   232.2512 3.5343e+00     9.4256      4.358      6.322    10.7953   999.6666 0.0000e+00
      4.462      0.083     0.5787     10.999     45.278  32.379254     5.1284      7.267   232.5969 3.4948e+00     9.7066      4.373      6.343    10.7742   999.6687 0.0000e+00
      4.485      0.082     0.6568     11.603     45.276  32.378092     4.2828      7.266   233.4132 3.4383e+00    10.2671      4.398      6.378    10.7620   999.6700 0.0000e+00
      4.510      0.081     0.7338     12.049     45.258  32.365402     3.8225      7.266   234.4631 3.3965e+00    10.6071      4.425      6.417    10.7559   999.6707 0.0000e+00
      4.530      0.081     0.8006     12.342     45.238  32.352722     3.7600      7.266   235.9131 3.3656e+00    10.6245      4.443      6.444    10.7529   999.6711 0.0000e+00
      4.550      0.081     0.8561     12.521     45.238  32.351672     3.6133      7.264   237.2643 3.3369e+00    10.3402      4.462      6.472    10.7536   999.6712 0.0000e+00
      4.569      0.081     0.9050     12.577     45.246  32.352711     3.3740      7.261   238.0669 3.3070e+00     9.8820      4.482      6.501    10.7529   999.6712 0.0000e+00
      4.587      0.081     0.9399     12.548     45.272  32.365287     3.2512      7.257   238.1326 3.2550e+00     9.6840      4.497      6.522    10.7535   999.6713 0.0000e+00
      4.607      0.081     0.9594     12.482     45.296  32.376823     3.2532      7.254   238.0576 3.1644e+00     9.6980      4.516      6.550    10.7558   999.6712 0.0000e+00
      4.631      0.082     0.9760     12.368     45.286  32.365288     3.2743      7.253   238.7952 3.0633e+00     9.6047      4.542      6.589    10.7558   999.6713 0.0000e+00
      4.655      0.083     0.9784     12.232     45.269  32.352703     3.2877      7.251   239.8242 2.9915e+00     9.4489      4.568      6.625    10.7513   999.6718 0.0000e+00
      4.674      0.082     0.9736     12.105     45.264  32.351558     3.2909      7.248   240.5186 2.9274e+00     9.4277      4.584      6.649    10.7424   999.6728 0.0000e+00
      4.693      0.082     0.9714     12.007     45.258  32.351443     3.3033      7.244   241.0816 2.8361e+00     9.4513      4.601      6.672    10.7350   999.6736 0.0000e+00
      4.715      0.082     0.9603     11.939     45.255  32.351319     3.2948      7.240   241.1251 2.7313e+00     9.3911      4.625      6.708    10.7307   999.6741 0.0000e+00
      4.736      0.085     0.9496     11.879     45.257  32.350060     3.2546      7.233   240.7005 2.6508e+00     9.2829      4.647      6.741    10.7288   999.6744 0.0000e+00
      4.755      0.087     0.9389     11.811     45.248  32.336217     3.2271      7.224   240.8519 2.5682e+00     9.1730      4.662      6.761    10.7320   999.6742 0.0000e+00
      4.776      0.084     0.9309     11.736     45.223  32.310839     3.2304      7.217   241.2349 2.4333e+00     9.1606      4.680      6.787    10.7390   999.6736 0.0000e+00
      4.805      0.078     0.9267     11.668     45.214  32.296996     3.2460      7.215   241.5454 2.2939e+00     9.2021      4.712      6.833    10.7433   999.6733 0.0000e+00
      4.832      0.072     0.9220     11.614     45.220  32.295738     3.2154      7.214   242.1111 2.2265e+00     9.1936      4.745      6.882    10.7398   999.6738 0.0000e+00
      4.848      0.066     0.9176     11.571     45.224  32.295614     3.1369      7.211   241.9653 2.2183e+00     9.1609      4.758      6.901    10.7304   999.6748 0.0000e+00
      4.856      0.060     0.9109     11.550     45.224  32.295499     3.0889      7.210   241.1598 2.1927e+00     9.1162      4.759      6.903    10.7209   999.6757 0.0000e+00
      4.866      0.057     0.9057     11.530     45.223  32.294344     3.0921      7.209   241.0617 2.1401e+00     9.1341      4.771      6.920    10.7124   999.6766 0.0000e+00
      4.879      0.059     0.9023     11.499     45.208  32.281656     3.1189      7.206   241.6397 2.1069e+00     9.1714      4.786      6.942    10.7058   999.6773 0.0000e+00
      4.893      0.065     0.8977     11.498     45.195  32.268976     3.1464      7.204   242.3840 2.0604e+00     9.0869      4.796      6.957    10.7025   999.6777 0.0000e+00
      4.912      0.071     0.8972     11.518     45.198  32.267926     3.1565      7.203   243.1779 1.9677e+00     9.0052      4.815      6.983    10.7036   999.6777 0.0000e+00
      4.935      0.073     0.8971     11.538     45.202  32.268966     3.1557      7.202   243.8393 1.8739e+00     9.0419      4.841      7.020    10.7041   999.6777 0.0000e+00
      4.957      0.073     0.8914     11.569     45.222  32.281542     3.1072      7.200   244.1001 1.7974e+00     9.1526      4.863      7.053    10.7010   999.6782 0.0000e+00
      4.977      0.071     0.8928     11.586     45.242  32.293087     2.9904      7.199   243.8352 1.7371e+00     9.2442      4.882      7.080    10.6968   999.6786 0.0000e+00
      4.993      0.068     0.8960     11.598     45.231  32.281647     2.9064      7.199   243.8198 1.6946e+00     9.2574      4.896      7.102    10.6929   999.6791 0.0000e+00
      5.007      0.065     0.8949     11.623     45.220  32.270111     2.8937      7.199   244.3445 1.6516e+00     9.2433      4.910      7.121    10.6913   999.6793 0.0000e+00
      5.022      0.065     0.9004     11.657     45.238  32.280503     2.9506      7.196   244.7593 1.6040e+00     9.2115      4.925      7.142    10.6900   999.6795 0.0000e+00
      5.037      0.065     0.9006     11.700     45.240  32.280390     3.0511      7.191   244.9632 1.5586e+00     9.1127      4.940      7.164    10.6871   999.6799 0.0000e+00
      5.055      0.065     0.9006     11.750     45.223  32.268749     3.0887      7.186   245.1750 1.4984e+00     8.9763      4.955      7.187    10.6829   999.6803 0.0000e+00
      5.075      0.064     0.9038     11.811     45.217  32.266650     3.0805      7.184   245.4272 1.4337e+00     8.9006      4.977      7.220    10.6783   999.6809 0.0000e+00
      5.094      0.064     0.9056     11.879     45.197  32.255019     3.0760      7.183   245.9477 1.4067e+00     8.9182      4.999      7.250    10.6754   999.6813 0.0000e+00
      5.108      0.064     0.9099     11.944     45.194  32.255019     3.0633      7.179   246.6494 1.3896e+00     8.9833      5.010      7.266    10.6740   999.6815 0.0000e+00
      5.120      0.063     0.9125     11.981     45.211  32.266649     3.0510      7.174   247.1145 1.3459e+00     9.0018      5.020      7.281    10.6745   999.6815 0.0000e+00
      5.134      0.062     0.9185     11.997     45.217  32.268738     3.0410      7.168   247.4412 1.2874e+00     8.9348      5.033      7.300    10.6767   999.6813 0.0000e+00
      5.153      0.062     0.9226     12.000     45.237  32.280274     3.0380      7.164   247.6746 1.2273e+00     8.8944      5.051      7.327    10.6807   999.6810 0.0000e+00
      5.173      0.062     0.9300     11.996     45.239  32.279234     3.0915      7.161   247.8714 1.1831e+00     8.9257      5.075      7.361    10.6837   999.6808 0.0000e+00
      5.188      0.062     0.9315     12.003     45.209  32.256154     3.1920      7.157   248.2720 1.1553e+00     8.9699      5.090      7.382    10.6823   999.6810 0.0000e+00
      5.202      0.059     0.9324     11.978     45.209  32.255000     3.2326      7.154   248.6472 1.1073e+00     8.9832      5.097      7.394    10.6794   999.6813 0.0000e+00
      5.218      0.056     0.9341     11.927     45.225  32.265287     3.2102      7.152   248.9666 1.0417e+00     8.9486      5.117      7.423    10.6757   999.6818 0.0000e+00
      5.233      0.055     0.9307     11.909     45.210  32.253638     3.1118      7.152   249.3801 1.0104e+00     8.9296      5.136      7.449    10.6731   999.6822 0.0000e+00
      5.243      0.056     0.9349     11.902     45.195  32.241043     2.9398      7.153   249.4306 1.0008e+00     8.9593      5.141      7.456    10.6721   999.6823 0.0000e+00
      5.255      0.059     0.9329     11.869     45.195  32.239898     2.8467      7.154   249.2336 9.7232e-01     8.9990      5.150      7.470    10.6703   999.6825 0.0000e+00
      5.271      0.063     0.9251     11.846     45.195  32.239795     2.8442      7.154   249.4935 9.3254e-01     8.9971      5.168      7.496    10.6700   999.6826 0.0000e+00
      5.289      0.068     0.9257     11.849     45.195  32.239795     2.9286      7.151   250.1630 8.9354e-01     9.0056      5.187      7.523    10.6689   999.6829 0.0000e+00
      5.307      0.073     0.9271     11.852     45.196  32.239899     3.1048      7.149   250.8760 8.4766e-01     9.1016      5.204      7.548    10.6667   999.6831 0.0000e+00
      5.327      0.075     0.9220     11.845     45.199  32.241053     3.2201      7.146   251.3165 7.9974e-01     9.1616      5.223      7.575    10.6651   999.6833 0.0000e+00
      5.349      0.074     0.9199     11.834     45.218  32.253743     3.2448      7.143   250.9293 7.7099e-01     9.1818      5.246      7.608    10.6640   999.6836 0.0000e+00
      5.371      0.072     0.9218     11.823     45.234  32.266434     3.2215      7.143   250.0660 7.4971e-01     9.2766      5.270      7.643    10.6649   999.6836 0.0000e+00
      5.387      0.071     0.9218     11.827     45.229  32.267596     3.1682      7.142   249.9128 7.2388e-01     9.3814      5.285      7.664    10.6650   999.6836 0.0000e+00
      5.401      0.070     0.9210     11.832     45.221  32.267806     3.1539      7.141   250.5404 6.9507e-01     9.4529      5.294      7.679    10.6632   999.6839 0.0000e+00
      5.417      0.068     0.9207     11.814     45.217  32.268968     3.1714      7.139   251.2865 6.6191e-01     9.4899      5.310      7.702    10.6616   999.6841 0.0000e+00
      5.436      0.068     0.9185     11.791     45.233  32.281658     3.1608      7.138   251.7063 6.3765e-01     9.4508      5.330      7.732    10.6623   999.6842 0.0000e+00
