Data/DataNotYetUploadedToEDI/Raw_CTD/RawDownloads/071918_fcr50.cnv
* Sea-Bird SBE19plus  Data File:
* FileName = C:\DATA\071918_bvr_0001.hex
* Software version 2.6.3.104
* Temperature SN = 7809
* Conductivity SN = 7809
* System UpLoad Time = Jul 19 2018 17:44:20
* <ApplicationData>
* <Seaterm232>
# nquan = 17
# nvalues = 1079                        
# units = specified
# name 0 = depFM: Depth [fresh water, m]
# name 1 = tv290C: Temperature [ITS-90, deg C]
# name 2 = sbeox0Mg/L: Oxygen, SBE 43 [mg/l]
# name 3 = sbeox0PS: Oxygen, SBE 43 [% saturation]
# name 4 = c0uS/cm: Conductivity [uS/cm]
# name 5 = specc: Specific Conductance [uS/cm]
# name 6 = ph: pH
# name 7 = orp: Oxidation Reduction Potential [mV]
# name 8 = flECO-AFL: Fluorescence, WET Labs ECO-AFL/FL [mg/m^3]
# name 9 = turbWETntu0: Turbidity, WET Labs ECO [NTU]
# name 10 = sal00: Salinity, Practical [PSU]
# name 11 = dz/dtM: Descent Rate [m/s]
# name 12 = prdM: Pressure, Strain Gauge [db]
# name 13 = prdE: Pressure, Strain Gauge [psi]
# name 14 = scan: Scan Count
# name 15 = par/sat/log: PAR/Logarithmic, Satlantic
# name 16 = flag:  0.000e+00
# span 0 =     -0.539,      9.602       
# span 1 =    11.4883,    27.0602       
# span 2 =     1.8065,    15.1475       
# span 3 =     17.232,    180.638       
# span 4 =   2.003262,  40.167727       
# span 5 =      1.877,     48.603       
# span 6 =      1.311,      8.770       
# span 7 = -1240.7455,  1240.2295       
# span 8 =    -1.7387,     9.2519       
# span 9 =    -3.0576,    15.4058       
# span 10 =     0.0119,     0.0259      
# span 11 =      0.000,      0.189      
# span 12 =     -0.528,      9.416      
# span 13 =     -0.766,     13.657      
# span 14 =          1,       1079      
# span 15 = -5.221e+01, 2.1011e+03      
# span 16 = 0.0000e+00, 0.0000e+00      
# interval = seconds: 0.25
# start_time = Jul 19 2018 14:09:16 [Instrument's time stamp, header]
# bad_flag = -9.990e-29
*END*
[from data line 1022]
      9.153    11.4895     7.2930     66.897  35.353159     48.451      6.114   355.9219     0.9058    10.8940     0.0248      0.034      8.976     13.019       1023 1.2566e-01 0.0000e+00
      9.162    11.4894     7.2850     66.823  35.311026     48.374      6.114   356.7926     0.8573    10.6792     0.0248      0.033      8.985     13.031       1024 1.2560e-01 0.0000e+00
      9.171    11.4891     7.2747     66.729  35.245596     48.297      6.114   356.7548     0.8209    10.6926     0.0248      0.033      8.993     13.043       1025 1.2564e-01 0.0000e+00
      9.177    11.4890     7.2747     66.731  35.256634     48.297      6.114   356.8305     0.8371    10.7463     0.0248      0.033      9.000     13.053       1026 1.2569e-01 0.0000e+00
      9.184    11.4891     7.2674     66.664  35.297290     48.374      6.115   356.9062     0.8735    10.7195     0.0248      0.033      9.007     13.063       1027 1.2570e-01 0.0000e+00
      9.192    11.4890     7.2679     66.669  35.313634     48.374      6.114   356.1491     0.8452    10.7732     0.0248      0.032      9.014     13.074       1028 1.2572e-01 0.0000e+00
      9.199    11.4889     7.2569     66.568  35.295611     48.375      6.114   356.6412     0.8290    11.0417     0.0248      0.031      9.022     13.085       1029 1.2556e-01 0.0000e+00
      9.208    11.4890     7.2553     66.553  35.260403     48.298      6.114   356.8684     0.8573    10.9343     0.0248      0.030      9.030     13.097       1030 1.2563e-01 0.0000e+00
      9.217    11.4890     7.2528     66.531  35.298133     48.375      6.114   357.5877     0.8371    10.9477     0.0248      0.031      9.039     13.109       1031 1.2555e-01 0.0000e+00
      9.225    11.4891     7.2478     66.488  35.307972     48.375      6.114   357.5498     0.8452    10.9209     0.0248      0.031      9.047     13.121       1032 1.2561e-01 0.0000e+00
      9.233    11.4892     7.2393     66.411  35.307475     48.375      6.113   357.1712     0.8896    10.8135     0.0248      0.031      9.055     13.132       1033 1.2548e-01 0.0000e+00
      9.241    11.4897     7.2288     66.317  35.298753     48.375      6.113   357.2091     0.9139    10.9477     0.0248      0.032      9.063     13.144       1034 1.2545e-01 0.0000e+00
      9.250    11.4901     7.2365     66.389  35.259509     48.298      6.115   357.2469     0.9058    11.0283     0.0248      0.032      9.072     13.157       1035 1.2570e-01 0.0000e+00
      9.260    11.4906     7.2393     66.415  35.296996     48.374      6.114   357.3227     0.9018    11.0552     0.0248      0.033      9.082     13.172       1036 1.2564e-01 0.0000e+00
      9.274    11.4911     7.2406     66.426  35.311418     48.374      6.111   357.5877     0.9341    11.1760     0.0248      0.035      9.093     13.189       1037 1.2558e-01 0.0000e+00
      9.285    11.4913     7.2398     66.418  35.300878     48.374      6.112   357.7012     0.9018    11.0955     0.0248      0.037      9.104     13.205       1038 1.2551e-01 0.0000e+00
      9.293    11.4911     7.2400     66.419  35.310113     48.373      6.111   357.3984     0.9099    11.1223     0.0248      0.038      9.114     13.219       1039 1.2558e-01 0.0000e+00
      9.304    11.4906     7.2509     66.520  35.359243     48.449      6.110   357.9662     0.9220    11.1357     0.0248      0.040      9.125     13.234       1040 1.2561e-01 0.0000e+00
      9.316    11.4904     7.2636     66.637  35.358373     48.448      6.115   358.0419     0.8452    10.8672     0.0248      0.041      9.136     13.251       1041 1.2568e-01 0.0000e+00
      9.329    11.4901     7.2698     66.694  35.311196     48.372      6.114   357.3227     0.8532    10.9209     0.0248      0.043      9.149     13.269       1042 1.2564e-01 0.0000e+00
      9.341    11.4899     7.2724     66.717  35.299317     48.372      6.111   357.6634     0.8371    10.9477     0.0248      0.044      9.160     13.285       1043 1.2555e-01 0.0000e+00
      9.349    11.4899     7.2723     66.715  35.313839     48.373      6.110   357.0198     0.8249    10.8940     0.0248      0.044      9.167     13.295       1044 1.2559e-01 0.0000e+00
      9.352    11.4904     7.2764     66.750  35.352443     48.449      6.111   357.4741     0.9584    10.9075     0.0248      0.041      9.171     13.301       1045 1.2545e-01 0.0000e+00
      9.355    11.4913     7.2632     66.628  35.310592     48.373      6.111   357.9662     0.9867    10.9343     0.0248      0.037      9.177     13.311       1046 1.2545e-01 0.0000e+00
      9.369    11.4915     7.2661     66.654  35.306605     48.374      6.112   357.2469     0.9745    10.8672     0.0248      0.036      9.190     13.330       1047 1.2559e-01 0.0000e+00
      9.391    11.4915     7.2566     66.566  35.416724     48.527      6.105   358.1934     0.9867    10.8940     0.0248      0.037      9.208     13.355       1048 1.2565e-01 0.0000e+00
      9.406    11.4914     7.2587     66.585  35.470137     48.603      6.099   358.1555     0.9422    10.9209     0.0249      0.040      9.223     13.376       1049 1.2564e-01 0.0000e+00
      9.415    11.4913     7.2588     66.585  35.418085     48.525      6.092   358.0798     0.8532    11.0015     0.0248      0.042      9.234     13.392       1050 1.2557e-01 0.0000e+00
      9.428    11.4924     7.2547     66.548  35.362866     48.448      6.090   358.9884     0.8371    10.9075     0.0248      0.045      9.245     13.409       1051 1.2551e-01 0.0000e+00
      9.440    11.4934     7.2602     66.598  35.360903     48.448      6.087   358.8748     0.8532    10.8403     0.0248      0.049      9.256     13.426       1052 1.2564e-01 0.0000e+00
      9.449    11.4941     7.2631     66.624  35.361212     48.448      6.089   357.3227     0.8452    10.8135     0.0248      0.051      9.266     13.438       1053 1.2566e-01 0.0000e+00
      9.456    11.4955     7.2640     66.633  35.362482     48.448      6.088   357.1712     0.9058    10.9612     0.0248      0.050      9.273     13.448       1054 1.2554e-01 0.0000e+00
      9.461    11.4967     7.2687     66.676  35.359321     48.447      6.087   357.7012     0.9139    10.8806     0.0248      0.044      9.279     13.458       1055 1.2552e-01 0.0000e+00
      9.469    11.4967 -9.990e-29 -9.990e-29  35.365145     48.445      6.088   358.1177     0.8977    10.8940     0.0248      0.038      9.286     13.469       1056 1.2562e-01 0.0000e+00
      9.477    11.4964 -9.990e-29 -9.990e-29  35.355234     48.445      6.089   357.5498     0.8896    10.8940     0.0248      0.035      9.294     13.480       1057 1.2548e-01 0.0000e+00
      9.484    11.4959 -9.990e-29 -9.990e-29  35.312337     48.366      6.088   357.8148     0.9099    10.9612     0.0248      0.033      9.301     13.490       1058 1.2544e-01 0.0000e+00
      9.492    11.4954 -9.990e-29 -9.990e-29  35.299894     48.365      6.090   357.5498     0.9018    10.9343     0.0248      0.030      9.310     13.503       1059 1.2570e-01 0.0000e+00
      9.504    11.4957 -9.990e-29 -9.990e-29  35.311401     48.364      6.089   357.1334     0.9139    10.9880     0.0248      0.030      9.322     13.520       1060 1.2557e-01 0.0000e+00
      9.521    11.4965 -9.990e-29 -9.990e-29  35.298016     48.365      6.089   356.9819     0.8977    10.9746     0.0248      0.033      9.336     13.541       1061 1.2547e-01 0.0000e+00
      9.536    11.4966 -9.990e-29 -9.990e-29  35.316552     48.365      6.092   357.0955     0.9058    10.9343     0.0248      0.038      9.348     13.559       1062 1.2557e-01 0.0000e+00
      9.542    11.4960 -9.990e-29 -9.990e-29  35.406970     48.519      6.094   357.0577     0.9139    10.9746     0.0248      0.041      9.356     13.571       1063 1.2568e-01 0.0000e+00
      9.546    11.4953 -9.990e-29 -9.990e-29  35.363445     48.442      6.092   356.6791     0.9301    10.9343     0.0248      0.042      9.361     13.578       1064 1.2571e-01 0.0000e+00
      9.550    11.4941 -9.990e-29 -9.990e-29  35.311400     48.365      6.091   358.0419     0.9139    10.9477     0.0248      0.040      9.365     13.583       1065 1.2557e-01 0.0000e+00
      9.554    11.4931 -9.990e-29 -9.990e-29  35.353106     48.441      6.090   356.9062     0.7805    10.6792     0.0248      0.036      9.369     13.588       1066 1.2553e-01 0.0000e+00
      9.556    11.4928 -9.990e-29 -9.990e-29  35.311545     48.365      6.092   357.1334     0.7845    10.7866     0.0248      0.031      9.371     13.592       1067 1.2562e-01 0.0000e+00
      9.559    11.4922 -9.990e-29 -9.990e-29  35.363122     48.443      6.093   356.9819     0.7683    10.6926     0.0248      0.024      9.374     13.596       1068 1.2565e-01 0.0000e+00
      9.561    11.4917 -9.990e-29 -9.990e-29  35.348235     48.444      6.094   356.3762     0.7764    10.7463     0.0248      0.017      9.377     13.600       1069 1.2559e-01 0.0000e+00
      9.566    11.4915 -9.990e-29 -9.990e-29  35.270754     48.293      6.094   358.2312     0.7724    10.8135     0.0247      0.014      9.382     13.606       1070 1.2552e-01 0.0000e+00
      9.572    11.4915 -9.990e-29 -9.990e-29  35.340913     48.446      6.093   357.8905     0.7764    10.8940     0.0248      0.013      9.387     13.614       1071 1.2558e-01 0.0000e+00
      9.578    11.4915 -9.990e-29 -9.990e-29  35.320242     48.370      6.095   357.8148     0.7602    10.9880     0.0248      0.015      9.393     13.623       1072 1.2564e-01 0.0000e+00
      9.584    11.4914 -9.990e-29 -9.990e-29  35.355797     48.448      6.094   357.8527     0.7683    10.9612     0.0248      0.016      9.398     13.630       1073 1.2546e-01 0.0000e+00
      9.587    11.4913 -9.990e-29 -9.990e-29  35.415302     48.524      6.095   357.1712     0.7724    11.0820     0.0248      0.017      9.401     13.635       1074 1.2557e-01 0.0000e+00
      9.589    11.4914 -9.990e-29 -9.990e-29  35.364824     48.448      6.097   357.0198     0.7724    10.9612     0.0248      0.018      9.404     13.639       1075 1.2572e-01 0.0000e+00
      9.592 -9.990e-29 -9.990e-29 -9.990e-29  35.359297     48.448      6.094   358.7991     0.7805    10.9612     0.0248      0.018      9.407     13.644       1076 1.2554e-01 0.0000e+00
      9.597 -9.990e-29 -9.990e-29 -9.990e-29  35.362861     48.448      6.095   358.2691     0.7521    10.9746     0.0248      0.017      9.412     13.650       1077 1.2559e-01 0.0000e+00
      9.601 -9.990e-29 -9.990e-29 -9.990e-29  35.360388     48.448      6.093   358.1934     0.7683    10.9343     0.0248      0.016      9.415     13.655       1078 1.2569e-01 0.0000e+00
      9.602 -9.990e-29 -9.990e-29 -9.990e-29  35.362376     48.448      6.093   358.3069     0.7036    11.1223     0.0248      0.015      9.416     13.657       1079 1.2567e-01 0.0000e+00
