Data/DataNotYetUploadedToEDI/Raw_CTD/RawDownloads/071918_fcr50.cnv
* Sea-Bird SBE19plus  Data File:
* FileName = C:\DATA\071918_bvr_0001.hex
* Software version 2.6.3.104
* Temperature SN = 7809
* Conductivity SN = 7809
* System UpLoad Time = Jul 19 2018 17:44:20
* <ApplicationData>
* <Seaterm232>
# nquan = 17
# nvalues = 1079                        
# units = specified
# name 0 = depFM: Depth [fresh water, m]
# name 1 = tv290C: Temperature [ITS-90, deg C]
# name 2 = sbeox0Mg/L: Oxygen, SBE 43 [mg/l]
# name 3 = sbeox0PS: Oxygen, SBE 43 [% saturation]
# name 4 = c0uS/cm: Conductivity [uS/cm]
# name 5 = specc: Specific Conductance [uS/cm]
# name 6 = ph: pH
# name 7 = orp: Oxidation Reduction Potential [mV]
# name 8 = flECO-AFL: Fluorescence, WET Labs ECO-AFL/FL [mg/m^3]
# name 9 = turbWETntu0: Turbidity, WET Labs ECO [NTU]
# name 10 = sal00: Salinity, Practical [PSU]
# name 11 = dz/dtM: Descent Rate [m/s]
# name 12 = prdM: Pressure, Strain Gauge [db]
# name 13 = prdE: Pressure, Strain Gauge [psi]
# name 14 = scan: Scan Count
# name 15 = par/sat/log: PAR/Logarithmic, Satlantic
# name 16 = flag:  0.000e+00
# span 0 =     -0.539,      9.602       
# span 1 =    11.4883,    27.0602       
# span 2 =     1.8065,    15.1475       
# span 3 =     17.232,    180.638       
# span 4 =   2.003262,  40.167727       
# span 5 =      1.877,     48.603       
# span 6 =      1.311,      8.770       
# span 7 = -1240.7455,  1240.2295       
# span 8 =    -1.7387,     9.2519       
# span 9 =    -3.0576,    15.4058       
# span 10 =     0.0119,     0.0259      
# span 11 =      0.000,      0.189      
# span 12 =     -0.528,      9.416      
# span 13 =     -0.766,     13.657      
# span 14 =          1,       1079      
# span 15 = -5.221e+01, 2.1011e+03      
# span 16 = 0.0000e+00, 0.0000e+00      
# interval = seconds: 0.25
# start_time = Jul 19 2018 14:09:16 [Instrument's time stamp, header]
# bad_flag = -9.990e-29
*END*
[from data line 86]
     -0.044    26.9902     7.1061     89.274  37.717404     36.272      8.303   273.7717     2.1472     1.9107     0.0247      0.023     -0.043     -0.063         87 1.9256e+02 0.0000e+00
     -0.043    26.9843     7.1634     89.995  37.627292     36.171      8.327   273.2796     2.1512     1.9376     0.0246      0.014     -0.041     -0.060         88 2.0873e+02 0.0000e+00
     -0.039    26.9815     7.2823     91.488  37.432595     35.983      8.352   274.1503     2.1998     2.1122     0.0246      0.012     -0.038     -0.056         89 8.5067e+02 0.0000e+00
     -0.037    26.9854     7.4462     93.544  37.366493     35.932      8.367   271.8410     2.2079     2.1927     0.0245      0.013     -0.036     -0.053         90 1.7119e+03 0.0000e+00
     -0.036    26.9945     7.6336     95.896  37.383293     35.937      8.373   271.9545     2.2240     2.1122     0.0245      0.013     -0.035     -0.051         91 1.8756e+03 0.0000e+00
     -0.035    27.0050     7.8015     98.004  37.471013     36.049      8.381   271.3110     2.1917     2.0719     0.0246      0.011     -0.035     -0.051         92 1.8390e+03 0.0000e+00
     -0.036    27.0166     7.9458     99.817  37.494613     36.051      8.392   270.4024     2.0785     2.1659     0.0246      0.008     -0.034     -0.050         93 1.8689e+03 0.0000e+00
     -0.034    27.0244     8.0547    101.187  37.531887     36.102      8.400   270.8567     2.0704     2.1390     0.0246      0.006     -0.033     -0.048         94 1.8576e+03 0.0000e+00
     -0.031    27.0275     8.1171    101.971  37.543266     36.095      8.409   269.4938     2.1027     2.1256     0.0246      0.006     -0.031     -0.045         95 1.8671e+03 0.0000e+00
     -0.029    27.0325     8.1429    102.295  37.539769     36.088      8.417   267.9038     2.0906     2.1927     0.0246      0.005     -0.029     -0.041         96 1.8682e+03 0.0000e+00
     -0.026    27.0391     8.1400    102.258  37.536234     36.080      8.423   268.1688     2.0946     1.9376     0.0246      0.006     -0.026     -0.038         97 1.8670e+03 0.0000e+00
     -0.024    27.0442     8.1182    101.983  37.547658     36.074      8.425   269.5317     2.0542     1.8570     0.0246      0.006     -0.024     -0.034         98 1.8716e+03 0.0000e+00
     -0.022    27.0488     8.0986    101.732  37.614527     36.153      8.428   269.8724     2.0704     1.9107     0.0246      0.008     -0.022     -0.032         99 1.8775e+03 0.0000e+00
     -0.021    27.0530     8.0868    101.578  37.541995     36.069      8.435   268.4717     2.0866     2.0047     0.0246      0.008     -0.021     -0.030        100 1.8752e+03 0.0000e+00
     -0.019    27.0566     8.0858    101.561  37.489620     36.011      8.443   266.6167     2.2079     2.0719     0.0246      0.008     -0.019     -0.028        101 1.8809e+03 0.0000e+00
     -0.019    27.0591     8.0900    101.612  37.472084     36.007      8.452   265.3674     2.1917     2.0987     0.0246      0.008     -0.018     -0.027        102 1.8773e+03 0.0000e+00
     -0.018    27.0593     8.0963    101.695  37.445174     35.950      8.460   264.7238     2.2038     2.2062     0.0246      0.006     -0.018     -0.027        103 1.8737e+03 0.0000e+00
     -0.019    27.0581     8.0951    101.684  37.552766     36.081      8.470   264.0802     2.2119     2.0584     0.0246      0.005     -0.018     -0.027        104 1.8776e+03 0.0000e+00
     -0.018    27.0553     8.0939    101.674  37.753431     36.240      8.472   264.1181     2.3453     2.1122     0.0247      0.004     -0.018     -0.027        105 1.8759e+03 0.0000e+00
     -0.019    27.0519     8.0815    101.521  38.085269     36.587      8.473   264.1181     2.3494     2.1390     0.0248      0.002     -0.018     -0.027        106 1.8727e+03 0.0000e+00
     -0.018    27.0515     8.0617    101.273  38.385561     36.856      8.473   261.7709     2.3332     2.1659     0.0249      0.002     -0.018     -0.026        107 1.8716e+03 0.0000e+00
     -0.018    27.0522     8.0291    100.865  38.506852     36.991      8.473   261.0517     2.3373     2.1659     0.0250      0.001     -0.018     -0.026        108 1.8705e+03 0.0000e+00
     -0.019    27.0516     7.9935    100.419  38.497894     36.966      8.478   260.1809     2.3170     2.1122     0.0250      0.000     -0.018     -0.026        109 1.8694e+03 0.0000e+00
     -0.018    27.0501     7.9532     99.914  38.426371     36.915      8.477   260.0674     2.2159     1.9510     0.0250      0.000     -0.018     -0.026        110 1.8695e+03 0.0000e+00
     -0.019    27.0485     7.9175     99.465  38.328907     36.807      8.480   259.6888     2.2200     1.8705     0.0249      0.000     -0.018     -0.026        111 1.8717e+03 0.0000e+00
     -0.018    27.0479     7.8779     98.966  38.263248     36.753      8.482   258.9317     2.1998     1.9376     0.0249      0.000     -0.018     -0.026        112 1.8727e+03 0.0000e+00
     -0.018    27.0484     7.8530     98.651  38.211469     36.700      8.485   258.6667     2.2362     1.9913     0.0249      0.000     -0.018     -0.026        113 1.8717e+03 0.0000e+00
     -0.018    27.0491     7.8247     98.294  38.215378     36.701      8.488   258.5531     2.2968     2.1524     0.0249      0.000     -0.018     -0.026        114 1.8716e+03 0.0000e+00
     -0.018    27.0494     7.8048     98.044  38.377030     36.863      8.492   258.4774     2.2887     2.1390     0.0249      0.000     -0.018     -0.026        115 1.8751e+03 0.0000e+00
     -0.018    27.0491     7.7752     97.671  38.573866     37.052      8.492   258.4017     2.2564     2.3136     0.0250      0.000     -0.018     -0.026        116 1.8744e+03 0.0000e+00
     -0.018    27.0489     7.7460     97.303  38.622976     37.105      8.495   259.6509     2.2766     2.1524     0.0250      0.000     -0.018     -0.026        117 1.8780e+03 0.0000e+00
     -0.018    27.0480     7.7011     96.732  38.523546     36.997      8.495   259.9538     2.1917     2.1256     0.0250      0.000     -0.018     -0.026        118 1.8804e+03 0.0000e+00
     -0.018    27.0454     7.6539     96.131  38.430648     36.916      8.495   259.6131     2.2321     2.0719     0.0250      0.000     -0.017     -0.025        119 1.8756e+03 0.0000e+00
     -0.018    27.0422     7.6039     95.496  38.293659     36.782      8.492   259.1588     2.2523     2.1122     0.0249      0.000     -0.017     -0.025        120 1.8792e+03 0.0000e+00
     -0.018    27.0399     7.5535     94.855  38.219440     36.702      8.487   258.0988     2.1715     2.1524     0.0249      0.000     -0.018     -0.026        121 1.8782e+03 0.0000e+00
     -0.018    27.0393     7.5014     94.194  38.196736     36.702      8.481   258.2124     2.2645     2.1256     0.0249      0.000     -0.018     -0.026        122 1.8747e+03 0.0000e+00
     -0.019    27.0407     7.4521     93.565  38.114286     36.597      8.482   258.2502     2.2887     2.2062     0.0248     -0.000     -0.018     -0.026        123 1.8731e+03 0.0000e+00
     -0.018    27.0432     7.4100     93.027  38.084758     36.599      8.482   258.0231     2.2847     2.1524     0.0248     -0.000     -0.018     -0.026        124 1.8702e+03 0.0000e+00
     -0.018    27.0463     7.3723     92.546  38.025856     36.520      8.488   257.4552     2.2766     2.1122     0.0248     -0.000     -0.018     -0.026        125 1.8684e+03 0.0000e+00
     -0.018    27.0482     7.3404     92.136  37.950301     36.467      8.487   256.8874     2.2604     2.1122     0.0248     -0.000     -0.018     -0.026        126 1.8694e+03 0.0000e+00
     -0.018    27.0484     7.3050     91.681  37.852513     36.359      8.482   255.4866     2.2443     2.1524     0.0247     -0.000     -0.018     -0.026        127 1.8691e+03 0.0000e+00
     -0.018    27.0488     7.2636     91.150  37.850940     36.357      8.478   255.1459     2.2766     2.1659     0.0247      0.000     -0.018     -0.026        128 1.8636e+03 0.0000e+00
     -0.018    27.0495     7.2170     90.551  37.952258     36.462      8.475   254.8431     2.2806     2.1122     0.0248      0.000     -0.018     -0.026        129 1.8649e+03 0.0000e+00
     -0.018    27.0499     7.1600     89.823  37.963711     36.461      8.470   254.9188     2.2645     2.1659     0.0248      0.000     -0.018     -0.026        130 1.8640e+03 0.0000e+00
     -0.018    27.0497     7.1130     89.225  38.014650     36.514      8.465   254.9945     2.2443     2.1390     0.0248      0.000     -0.018     -0.026        131 1.8644e+03 0.0000e+00
     -0.018    27.0490     7.0614     88.571  38.037170     36.541      8.467   255.3352     2.2726     2.2599     0.0248     -0.000     -0.018     -0.026        132 1.8671e+03 0.0000e+00
     -0.018    27.0480     7.0135     87.967  37.965349     36.460      8.472   255.6759     2.3170     2.1122     0.0248     -0.000     -0.018     -0.026        133 1.8623e+03 0.0000e+00
     -0.018    27.0471     6.9625     87.322  38.044709     36.540      8.477   256.4709     2.2847     2.1256     0.0248     -0.000     -0.018     -0.026        134 1.8637e+03 0.0000e+00
     -0.018    27.0469     6.9220     86.807  38.086712     36.594      8.478   256.2438     2.3979     2.1659     0.0248     -0.000     -0.018     -0.026        135 1.8666e+03 0.0000e+00
     -0.018    27.0466     6.8803     86.281  38.031720     36.514      8.479   255.1459     2.4181     2.1390     0.0248     -0.000     -0.018     -0.026        136 1.8679e+03 0.0000e+00
     -0.018    27.0453     6.8472     85.870  38.083484     36.595      8.480   255.0324     2.3817     2.1122     0.0248      0.000     -0.017     -0.025        137 1.8651e+03 0.0000e+00
     -0.018    27.0419     6.8274     85.630  38.111278     36.596      8.477   254.2752     2.4020     2.1659     0.0248      0.000     -0.017     -0.025        138 1.8632e+03 0.0000e+00
     -0.017    27.0371     6.8201     85.537  38.086116     36.596      8.480   254.0859     2.4788     2.1390     0.0248      0.000     -0.017     -0.024        139 1.8664e+03 0.0000e+00
     -0.016    27.0326     6.8222     85.548  38.055476     36.542      8.479   254.4645     2.4586     2.1524     0.0248      0.001     -0.016     -0.023        140 1.8623e+03 0.0000e+00
     -0.016    27.0281     6.8262     85.602  38.090087     36.597      8.478   254.8431     2.4788     2.1524     0.0248      0.001     -0.016     -0.023        141 1.8588e+03 0.0000e+00
     -0.016    27.0236     6.8306     85.668  38.132027     36.626      8.479   253.7452     2.4545     2.1793     0.0248      0.001     -0.015     -0.022        142 1.8600e+03 0.0000e+00
     -0.015    27.0185     6.8433     85.818  38.092268     36.603      8.477   253.9724     2.4667     2.1793     0.0248      0.002     -0.014     -0.021        143 1.8586e+03 0.0000e+00
     -0.014    27.0128     6.8500     85.907  38.109907     36.606      8.475   254.3509     2.4464     2.1524     0.0248      0.002     -0.014     -0.021        144 1.8550e+03 0.0000e+00
     -0.015    27.0080     6.8228     85.579  38.139736     36.663      8.473   254.0859     2.4707     2.1256     0.0249      0.002     -0.014     -0.021        145 1.8543e+03 0.0000e+00
     -0.014    27.0028     6.7830     85.092  38.114471     36.612      8.474   254.0859     2.4788     2.1390     0.0248      0.002     -0.014     -0.020        146 1.8569e+03 0.0000e+00
     -0.014    26.9961     6.7189     84.287  38.111692     36.643      8.475   254.0102     2.4100     2.1524     0.0248      0.001     -0.014     -0.020        147 1.8566e+03 0.0000e+00
     -0.014    26.9882     6.6456     83.365  38.054214     36.566      8.473   254.3509     2.4060     2.1524     0.0248      0.001     -0.014     -0.020        148 1.8586e+03 0.0000e+00
     -0.014    26.9797     6.5683     82.386  38.037699     36.570      8.474   254.1616     2.3777     2.0987     0.0248      0.001     -0.014     -0.020        149 1.8616e+03 0.0000e+00
     -0.014    26.9720     6.4961     81.469  38.102586     36.627      8.475   254.1995     2.3858     2.1659     0.0248      0.001     -0.014     -0.020        150 1.8613e+03 0.0000e+00
     -0.014    26.9665     6.4302     80.645  38.092110     36.632      8.474   253.7831     2.4020     2.1390     0.0248      0.000     -0.014     -0.020        151 1.8646e+03 0.0000e+00
     -0.014    26.9629     6.3625     79.810  38.050740     36.583      8.475   253.2152     2.4788     2.0719     0.0248      0.000     -0.014     -0.020        152 1.8679e+03 0.0000e+00
     -0.014    26.9606     6.3103     79.162  38.005770     36.562      8.474   252.7988     2.4990     2.1659     0.0248      0.000     -0.013     -0.019        153 1.8663e+03 0.0000e+00
     -0.011    26.9571     6.2604     78.516  37.970113     36.514      8.475   251.7009     2.4505     2.1524     0.0248      0.001     -0.011     -0.016        154 1.8645e+03 0.0000e+00
     -0.008    26.9524     6.2163     77.913  37.946812     36.518      8.477   251.8523     2.4626     2.1524     0.0248      0.002     -0.008     -0.012        155 1.8628e+03 0.0000e+00
     -0.005    26.9509     6.1704     77.289  37.975446     36.521      8.474   250.8681     2.3615     2.1256     0.0248      0.004     -0.005     -0.008        156 1.8701e+03 0.0000e+00
     -0.003    26.9536     6.1342     76.803  38.023465     36.603      8.469   251.1331     2.3615     2.1122     0.0248      0.006     -0.003     -0.005        157 1.8631e+03 0.0000e+00
     -0.002    26.9587     6.0996     76.369  38.035362     36.578      8.459   250.6788     2.3453     2.2062     0.0248      0.007     -0.000     -0.000        158 1.8736e+03 0.0000e+00
      0.006    26.9573     6.1310     76.797  38.079287     36.663      8.450   250.1109     2.3170     2.2062     0.0248      0.009      0.007      0.010        159 1.8479e+03 0.0000e+00
      0.016    26.9480     6.4425     80.745  38.057786     36.610      8.435   249.5052     2.5394     2.0853     0.0248      0.013      0.017      0.025        160 1.8801e+03 0.0000e+00
      0.031    26.9504     7.1364     89.480  38.091780     36.662      8.440   249.3538     2.5354     2.1390     0.0248      0.019      0.030      0.044        161 1.5695e+03 0.0000e+00
      0.045    26.9564     7.8810     98.842  38.096303     36.658      8.449   249.5431     2.5394     2.1793     0.0248      0.026      0.043      0.062        162 1.3379e+03 0.0000e+00
      0.053    26.9518     8.5775    107.592  38.052156     36.605      8.438   247.5366     2.5475     2.1390     0.0248      0.031      0.053      0.078        163 1.2093e+03 0.0000e+00
      0.066    26.9537     9.1731    115.095  38.117061     36.693      8.453   247.1959     2.5354     2.2464     0.0248      0.037      0.067      0.098        164 1.2834e+03 0.0000e+00
      0.089    26.9635     9.6296    120.888  38.104518     36.664      8.473   247.9152     2.5435     2.3136     0.0248      0.046      0.084      0.122        165 1.3439e+03 0.0000e+00
      0.102    26.9707     9.9173    124.558  38.097425     36.659      8.437   246.1738     2.5556     2.3136     0.0248      0.051      0.098      0.142        166 1.1014e+03 0.0000e+00
      0.110    26.9706    10.0560    126.336  38.096225     36.664      8.445   246.2873     2.5314     2.2599     0.0248      0.053      0.108      0.156        167 9.8093e+02 0.0000e+00
      0.118    26.9682    10.0332    126.068  38.046691     36.607      8.429   245.5680     2.3817     2.3136     0.0248      0.052      0.115      0.167        168 6.9782e+02 0.0000e+00
      0.124    26.9626     9.9102    124.482  38.070084     36.628      8.437   244.4323     2.3817     2.2599     0.0248      0.049      0.123      0.179        169 1.1322e+03 0.0000e+00
      0.137    26.9547     9.7691    122.637  38.037448     36.595      8.456   244.3566     2.3979     2.3136     0.0248      0.046      0.133      0.194        170 1.1490e+03 0.0000e+00
