Data/DataNotYetUploadedToEDI/Raw_CTD/RawDownloads/071918_fcr50.cnv
* Sea-Bird SBE19plus  Data File:
* FileName = C:\DATA\071918_bvr_0001.hex
* Software version 2.6.3.104
* Temperature SN = 7809
* Conductivity SN = 7809
* System UpLoad Time = Jul 19 2018 17:44:20
* <ApplicationData>
* <Seaterm232>
# nquan = 17
# nvalues = 1079                        
# units = specified
# name 0 = depFM: Depth [fresh water, m]
# name 1 = tv290C: Temperature [ITS-90, deg C]
# name 2 = sbeox0Mg/L: Oxygen, SBE 43 [mg/l]
# name 3 = sbeox0PS: Oxygen, SBE 43 [% saturation]
# name 4 = c0uS/cm: Conductivity [uS/cm]
# name 5 = specc: Specific Conductance [uS/cm]
# name 6 = ph: pH
# name 7 = orp: Oxidation Reduction Potential [mV]
# name 8 = flECO-AFL: Fluorescence, WET Labs ECO-AFL/FL [mg/m^3]
# name 9 = turbWETntu0: Turbidity, WET Labs ECO [NTU]
# name 10 = sal00: Salinity, Practical [PSU]
# name 11 = dz/dtM: Descent Rate [m/s]
# name 12 = prdM: Pressure, Strain Gauge [db]
# name 13 = prdE: Pressure, Strain Gauge [psi]
# name 14 = scan: Scan Count
# name 15 = par/sat/log: PAR/Logarithmic, Satlantic
# name 16 = flag:  0.000e+00
# span 0 =     -0.539,      9.602       
# span 1 =    11.4883,    27.0602       
# span 2 =     1.8065,    15.1475       
# span 3 =     17.232,    180.638       
# span 4 =   2.003262,  40.167727       
# span 5 =      1.877,     48.603       
# span 6 =      1.311,      8.770       
# span 7 = -1240.7455,  1240.2295       
# span 8 =    -1.7387,     9.2519       
# span 9 =    -3.0576,    15.4058       
# span 10 =     0.0119,     0.0259      
# span 11 =      0.000,      0.189      
# span 12 =     -0.528,      9.416      
# span 13 =     -0.766,     13.657      
# span 14 =          1,       1079      
# span 15 = -5.221e+01, 2.1011e+03      
# span 16 = 0.0000e+00, 0.0000e+00      
# interval = seconds: 0.25
# start_time = Jul 19 2018 14:09:16 [Instrument's time stamp, header]
# bad_flag = -9.990e-29
*END*
[from data line 511]
      4.117    12.6414     4.7185     43.911  35.120517     46.358      6.628   300.4989     5.4873     2.0853     0.0245      0.047      4.037      5.854        512 1.9885e+01 0.0000e+00
      4.124    12.6126     4.8760     45.348  35.102258     46.459      6.625   301.0668     5.4792     2.1122     0.0245      0.050      4.047      5.869        513 1.9683e+01 0.0000e+00
      4.139    12.5859     5.0075     46.545  35.115677     46.531      6.622   300.9532     5.4670     2.1524     0.0245      0.052      4.059      5.886        514 1.9444e+01 0.0000e+00
      4.151    12.5656     5.1333     47.694  35.044529     46.514      6.618   301.3696     5.4549     2.1122     0.0245      0.053      4.071      5.904        515 1.9336e+01 0.0000e+00
      4.162    12.5482     5.2394     48.658  35.012874     46.485      6.614   301.7861     5.4630     2.1122     0.0245      0.051      4.081      5.919        516 1.9163e+01 0.0000e+00
      4.172    12.5303     5.3353     49.528  35.036458     46.595      6.608   301.8996     6.1302     2.3136     0.0245      0.048      4.089      5.931        517 1.9073e+01 0.0000e+00
      4.176    12.5293     5.4378     50.451  35.015194     46.554      6.603   302.2782     6.1545     2.2599     0.0245      0.043      4.095      5.940        518 1.9011e+01 0.0000e+00
      4.182    12.5379     5.5303     51.274  35.039347     46.653      6.599   301.9375     6.1787     2.2599     0.0245      0.039      4.101      5.949        519 1.8924e+01 0.0000e+00
      4.190    12.5323     5.6107     51.983  35.006410     46.600      6.593   301.6725     6.1383     2.3404     0.0245      0.037      4.108      5.959        520 1.8822e+01 0.0000e+00
      4.197    12.5164     5.6983     52.757  34.996878     46.623      6.590   302.2403     5.3417     2.3270     0.0245      0.034      4.115      5.968        521 1.8763e+01 0.0000e+00
      4.202    12.5025     5.7729     53.409  35.051216     46.699      6.584   302.1646     5.3417     2.3136     0.0245      0.030      4.122      5.978        522 1.8677e+01 0.0000e+00
      4.211    12.5024     5.8662     54.236  34.998105     46.612      6.585   302.4675     5.3538     2.1927     0.0245      0.028      4.131      5.991        523 1.8489e+01 0.0000e+00
      4.223    12.4823     5.9839     55.289  34.944342     46.546      6.581   302.6568     5.3376     2.2464     0.0244      0.028      4.142      6.007        524 1.8319e+01 0.0000e+00
      4.236    12.4192     6.0895     56.236  34.940178     46.565      6.575   302.2782     5.0708     2.3941     0.0244      0.030      4.154      6.024        525 1.8162e+01 0.0000e+00
      4.246    12.3537     6.2095     57.318  34.884661     46.508      6.573   302.4296     5.1274     2.4747     0.0244      0.034      4.165      6.040        526 1.8058e+01 0.0000e+00
      4.258    12.3001     6.3464     58.555  34.835489     46.434      6.571   302.7325     5.1031     2.5150     0.0244      0.037      4.176      6.056        527 1.7901e+01 0.0000e+00
      4.270    12.2564     6.4886     59.847  34.882744     46.531      6.566   303.5275     5.0869     2.5150     0.0244      0.040      4.187      6.073        528 1.7706e+01 0.0000e+00
      4.281    12.2205     6.6311     61.140  34.885181     46.613      6.561   303.2246     4.3469     2.9044     0.0244      0.043      4.198      6.089        529 1.7566e+01 0.0000e+00
      4.291    12.1858     6.7665     62.365  34.891798     46.693      6.558   303.6411     4.3429     2.9178     0.0244      0.045      4.208      6.104        530 1.7442e+01 0.0000e+00
      4.302    12.1523     6.8720     63.317  34.933855     46.836      6.554   303.7168     4.3469     2.9447     0.0245      0.045      4.219      6.119        531 1.7295e+01 0.0000e+00
      4.314    12.1221     6.9522     64.035  34.892184     46.815      6.553   304.2089     4.3550     2.9044     0.0244      0.044      4.230      6.135        532 1.7103e+01 0.0000e+00
      4.325    12.0947     7.0111     64.562  34.884362     46.861      6.546   304.1711     4.3267     3.3207     0.0244      0.044      4.240      6.151        533 1.7001e+01 0.0000e+00
      4.334    12.0705     7.0543     64.946  34.943605     46.979      6.541   304.3604     4.3308     3.2267     0.0245      0.043      4.250      6.165        534 1.6871e+01 0.0000e+00
      4.343    12.0506     7.0711     65.092  34.937104     47.022      6.542   304.8904     4.3348     3.4281     0.0245      0.042      4.259      6.178        535 1.6723e+01 0.0000e+00
      4.352    12.0318     7.0916     65.274  34.951786     47.060      6.535   305.3446     4.3631     3.2670     0.0245      0.041      4.268      6.190        536 1.6653e+01 0.0000e+00
      4.360    12.0133     7.0946     65.293  34.984666     47.170      6.531   305.3446     4.3348     3.2938     0.0245      0.039      4.276      6.202        537 1.6504e+01 0.0000e+00
      4.369    11.9888     7.0984     65.317  34.955515     47.126      6.527   305.8368     4.3186     3.7101     0.0245      0.038      4.284      6.213        538 1.6358e+01 0.0000e+00
      4.376    11.9585     7.1076     65.390  34.988076     47.226      6.526   305.7611     4.3348     3.7504     0.0245      0.036      4.293      6.225        539 1.6243e+01 0.0000e+00
      4.385    11.9279     7.1150     65.444  34.944154     47.175      6.522   306.3668     4.3591     3.7369     0.0245      0.034      4.303      6.240        540 1.6038e+01 0.0000e+00
      4.401    11.8965     7.1270     65.540  35.010184     47.274      6.516   306.4425     4.3389     3.8041     0.0245      0.035      4.316      6.260        541 1.5846e+01 0.0000e+00
      4.417    11.8650     7.1304     65.558  35.083863     47.456      6.515   307.1239     3.8294     4.4352     0.0246      0.039      4.330      6.281        542 1.5709e+01 0.0000e+00
      4.428    11.8352     7.1349     65.591  35.030423     47.344      6.510   307.2375     3.8213     4.3815     0.0245      0.042      4.342      6.298        543 1.5554e+01 0.0000e+00
      4.439    11.8077     7.1436     65.664  35.076703     47.535      6.505   307.1996     3.8051     4.3278     0.0246      0.044      4.353      6.314        544 1.5386e+01 0.0000e+00
      4.450    11.7851     7.1481     65.696  35.085599     47.499      6.503   307.7675     3.8577     4.4486     0.0246      0.046      4.363      6.329        545 1.5213e+01 0.0000e+00
      4.460    11.7650     7.1572     65.774  35.138000     47.692      6.496   307.9189     3.9021     4.5829     0.0246      0.047      4.373      6.343        546 1.5146e+01 0.0000e+00
      4.468    11.7456     7.1618     65.813  35.189457     47.730      6.495   308.1839     3.8819     4.5695     0.0247      0.046      4.381      6.354        547 1.5091e+01 0.0000e+00
      4.475    11.7307     7.1660     65.848  35.169867     47.804      6.489   308.1082     3.9062     4.5829     0.0247      0.043      4.389      6.366        548 1.4968e+01 0.0000e+00
      4.486    11.7151     7.1591     65.781  35.132734     47.719      6.487   308.8654     3.9385     4.5560     0.0246      0.040      4.399      6.381        549 1.4814e+01 0.0000e+00
      4.496    11.6987     7.1747     65.923  35.146705     47.821      6.483   309.1304     3.3118     4.6769     0.0247      0.038      4.409      6.395        550 1.4713e+01 0.0000e+00
      4.505    11.6846     7.1717     65.894  35.182148     47.847      6.478   309.4711     3.3158     4.5695     0.0247      0.037      4.419      6.409        551 1.4577e+01 0.0000e+00
      4.518    11.6708     7.1787     65.955  35.147951     47.866      6.478   309.5089     3.3199     4.5829     0.0247      0.037      4.429      6.424        552 1.4426e+01 0.0000e+00
      4.526    11.6595     7.1852     66.010  35.129953     47.810      6.474   309.8118     3.3199     4.6366     0.0246      0.037      4.438      6.437        553 1.4434e+01 0.0000e+00
      4.533    11.6509     7.1898     66.043  35.174896     47.946      6.470   309.5468     2.9883     4.6366     0.0247      0.037      4.448      6.452        554 1.4198e+01 0.0000e+00
      4.551    11.6449     7.1907     66.047  35.181004     47.926      6.466   309.9632     2.9883     4.5963     0.0247      0.040      4.461      6.471        555 1.3959e+01 0.0000e+00
      4.563    11.6404     7.1976     66.107  35.152017     47.945      6.461   309.8875     2.9842     4.6769     0.0247      0.042      4.473      6.489        556 1.3882e+01 0.0000e+00
      4.572    11.6347     7.2071     66.194  35.181318     47.959      6.457   310.4554     3.0085     4.5829     0.0247      0.042      4.484      6.505        557 1.3675e+01 0.0000e+00
      4.587    11.6272     7.2115     66.244  35.233520     48.085      6.451   310.3418     2.9883     4.5560     0.0247      0.044      4.497      6.523        558 1.3513e+01 0.0000e+00
      4.599    11.6195     7.2247     66.371  35.265008     48.092      6.446   310.6825     3.0125     4.5963     0.0247      0.046      4.510      6.541        559 1.3376e+01 0.0000e+00
      4.610    11.6105     7.2328     66.446  35.290430     48.175      6.445   310.6068     2.9964     4.6769     0.0248      0.047      4.521      6.557        560 1.3255e+01 0.0000e+00
      4.620    11.6004     7.2386     66.495  35.261204     48.106      6.437   311.2882     2.9964     4.5963     0.0247      0.048      4.532      6.573        561 1.3138e+01 0.0000e+00
      4.632    11.5922     7.2422     66.524  35.242064     48.116      6.439   311.2504     2.9883     4.5695     0.0247      0.048      4.542      6.588        562 1.3002e+01 0.0000e+00
      4.643    11.5866     7.2464     66.557  35.254935     48.126      6.435   311.2504     3.2471     4.8112     0.0247      0.046      4.552      6.603        563 1.2884e+01 0.0000e+00
      4.651    11.5811     7.2434     66.524  35.245190     48.138      6.432   311.2882     3.2552     4.8783     0.0247      0.044      4.561      6.616        564 1.2782e+01 0.0000e+00
      4.660    11.5753     7.2407     66.493  35.254196     48.151      6.428   311.8182     3.2309     4.8112     0.0247      0.043      4.570      6.629        565 1.2612e+01 0.0000e+00
      4.670    11.5716     7.2479     66.552  35.243732     48.162      6.426   311.8939     3.2633     4.7440     0.0247      0.041      4.580      6.643        566 1.2415e+01 0.0000e+00
      4.680    11.5695     7.2477     66.546  35.169241     48.055      6.425   312.1968     2.7942     5.2140     0.0247      0.040      4.589      6.656        567 1.2331e+01 0.0000e+00
      4.687    11.5671     7.2576     66.633  35.168952     48.062      6.422   312.4618     2.7942     5.1603     0.0247      0.038      4.596      6.667        568 1.2286e+01 0.0000e+00
      4.694    11.5649     7.2570     66.628  35.244094     48.184      6.419   312.4618     2.7982     5.2812     0.0247      0.036      4.603      6.677        569 1.2187e+01 0.0000e+00
      4.701    11.5641     7.2576     66.646  35.253681     48.189      6.418   312.8404     2.7740     5.2543     0.0247      0.034      4.610      6.687        570 1.2050e+01 0.0000e+00
      4.708    11.5627     7.2577     66.658  35.246000     48.192      6.414   313.3704     2.7982     6.0465     0.0247      0.032      4.617      6.696        571 1.2002e+01 0.0000e+00
      4.714    11.5605     7.2463     66.552  35.253655     48.195      6.414   313.4461     2.7901     6.0868     0.0247      0.031      4.625      6.707        572 1.1893e+01 0.0000e+00
      4.726    11.5569     7.2437     66.519  35.244155     48.198      6.411   314.0518     2.7982     6.1540     0.0247      0.030      4.636      6.724        573 1.1653e+01 0.0000e+00
      4.742    11.5517     7.2571     66.634  35.257822     48.199      6.412   314.2790     2.7942     6.1405     0.0247      0.032      4.651      6.745        574 1.1442e+01 0.0000e+00
      4.757    11.5484     7.2694     66.741  35.236647     48.201      6.406   314.6197     3.0085     6.4897     0.0247      0.036      4.665      6.766        575 1.1244e+01 0.0000e+00
      4.772    11.5460     7.2672     66.718  35.181533     48.089      6.404   315.0361     3.0004     6.5165     0.0247      0.041      4.679      6.787        576 1.1094e+01 0.0000e+00
      4.786    11.5465     7.2819     66.850  35.237436     48.208      6.400   315.8311     2.9802     6.5434     0.0247      0.046      4.693      6.807        577 1.0920e+01 0.0000e+00
      4.800    11.5518     7.2870     66.896  35.256055     48.215      6.400   315.9825     2.9964     6.5165     0.0247      0.051      4.707      6.827        578 1.0731e+01 0.0000e+00
      4.815    11.5567     7.2885     66.908  35.247341     48.220      6.395   316.2097     2.9964     6.5031     0.0247      0.055      4.720      6.846        579 1.0632e+01 0.0000e+00
      4.824    11.5566     7.2851     66.876  35.248282     48.223      6.391   316.2475     3.1096     6.9194     0.0247      0.056      4.729      6.859        580 1.0553e+01 0.0000e+00
      4.829    11.5537     7.2784     66.812  35.254885     48.222      6.386   316.4747     3.1015     6.9596     0.0247      0.052      4.736      6.869        581 1.0438e+01 0.0000e+00
      4.836    11.5509     7.2633     66.673  35.239123     48.215      6.384   316.5125     3.1177     6.9462     0.0247      0.047      4.743      6.879        582 1.0334e+01 0.0000e+00
      4.845    11.5477     7.2691     66.727  35.208578     48.132      6.383   317.1561     3.1258     6.9999     0.0247      0.043      4.751      6.891        583 1.0249e+01 0.0000e+00
      4.855    11.5441     7.2707     66.744  35.292897     48.285      6.381   317.7240     2.9964     6.8388     0.0248      0.039      4.761      6.905        584 1.0135e+01 0.0000e+00
      4.864    11.5399     7.2721     66.758  35.252824     48.213      6.380   317.4968     2.9640     6.9999     0.0247      0.036      4.769      6.917        585 1.0052e+01 0.0000e+00
      4.870    11.5355     7.2783     66.813  35.169473     48.101      6.379   317.8375     2.9640     6.9194     0.0247      0.033      4.776      6.928        586 9.9800e+00 0.0000e+00
      4.878    11.5325     7.2838     66.863  35.248335     48.221      6.380   317.9890     2.9640     6.9328     0.0247      0.031      4.785      6.940        587 9.8382e+00 0.0000e+00
      4.889    11.5300     7.2858     66.883  35.302977     48.302      6.376   318.5947     2.7457     7.4565     0.0248      0.032      4.795      6.955        588 9.7329e+00 0.0000e+00
      4.901    11.5306     7.2903     66.925  35.249766     48.231      6.376   319.0490     2.7659     7.3759     0.0247      0.034      4.806      6.971        589 9.6182e+00 0.0000e+00
      4.914    11.5380     7.2862     66.886  35.255239     48.237      6.376   319.2383     2.6931     7.3356     0.0247      0.037      4.819      6.990        590 9.4294e+00 0.0000e+00
      4.928    11.5451     7.2852     66.876  35.296167     48.317      6.372   319.4275     2.7133     7.3356     0.0248      0.040      4.833      7.010        591 9.2700e+00 0.0000e+00
      4.942    11.5446     7.2810     66.837  35.258149     48.244      6.371   319.8818     2.0663     9.4707     0.0247      0.043      4.845      7.028        592 9.1417e+00 0.0000e+00
      4.953    11.5390     7.2843     66.867  35.243235     48.243      6.369   319.4654     2.0946     9.4572     0.0247      0.046      4.856      7.043        593 9.0881e+00 0.0000e+00
      4.959    11.5335     7.2813     66.840  35.255411     48.233      6.367   318.8975     2.1027     9.5110     0.0247      0.047      4.866      7.056        594 8.9705e+00 0.0000e+00
      4.972    11.5298     7.2767     66.797  35.242996     48.224      6.366   320.0333     2.0785     9.4035     0.0247      0.047      4.877      7.072        595 8.7445e+00 0.0000e+00
