Data/DataNotYetUploadedToEDI/Raw_CTD/RawDownloads/071918_fcr50.cnv
* Sea-Bird SBE19plus  Data File:
* FileName = C:\DATA\071918_bvr_0001.hex
* Software version 2.6.3.104
* Temperature SN = 7809
* Conductivity SN = 7809
* System UpLoad Time = Jul 19 2018 17:44:20
* <ApplicationData>
* <Seaterm232>
# nquan = 17
# nvalues = 1079                        
# units = specified
# name 0 = depFM: Depth [fresh water, m]
# name 1 = tv290C: Temperature [ITS-90, deg C]
# name 2 = sbeox0Mg/L: Oxygen, SBE 43 [mg/l]
# name 3 = sbeox0PS: Oxygen, SBE 43 [% saturation]
# name 4 = c0uS/cm: Conductivity [uS/cm]
# name 5 = specc: Specific Conductance [uS/cm]
# name 6 = ph: pH
# name 7 = orp: Oxidation Reduction Potential [mV]
# name 8 = flECO-AFL: Fluorescence, WET Labs ECO-AFL/FL [mg/m^3]
# name 9 = turbWETntu0: Turbidity, WET Labs ECO [NTU]
# name 10 = sal00: Salinity, Practical [PSU]
# name 11 = dz/dtM: Descent Rate [m/s]
# name 12 = prdM: Pressure, Strain Gauge [db]
# name 13 = prdE: Pressure, Strain Gauge [psi]
# name 14 = scan: Scan Count
# name 15 = par/sat/log: PAR/Logarithmic, Satlantic
# name 16 = flag:  0.000e+00
# span 0 =     -0.539,      9.602       
# span 1 =    11.4883,    27.0602       
# span 2 =     1.8065,    15.1475       
# span 3 =     17.232,    180.638       
# span 4 =   2.003262,  40.167727       
# span 5 =      1.877,     48.603       
# span 6 =      1.311,      8.770       
# span 7 = -1240.7455,  1240.2295       
# span 8 =    -1.7387,     9.2519       
# span 9 =    -3.0576,    15.4058       
# span 10 =     0.0119,     0.0259      
# span 11 =      0.000,      0.189      
# span 12 =     -0.528,      9.416      
# span 13 =     -0.766,     13.657      
# span 14 =          1,       1079      
# span 15 = -5.221e+01, 2.1011e+03      
# span 16 = 0.0000e+00, 0.0000e+00      
# interval = seconds: 0.25
# start_time = Jul 19 2018 14:09:16 [Instrument's time stamp, header]
# bad_flag = -9.990e-29
*END*
[from data line 256]
      1.171    26.7523     8.7358    109.111  36.784734     35.538      8.454   250.3381     2.5799     1.9645     0.0243      0.058      1.149      1.667        257 3.4022e+02 0.0000e+00
      1.179    26.7507     8.7439    109.209  36.759519     35.512      8.451   250.0352     2.6122     1.8705     0.0243      0.053      1.157      1.679        258 3.3584e+02 0.0000e+00
      1.191    26.7485     8.7429    109.195  36.783588     35.537      8.458   250.3759     2.5920     1.9913     0.0243      0.048      1.168      1.694        259 3.3402e+02 0.0000e+00
      1.203    26.7459     8.7479    109.256  36.784437     35.535      8.464   250.4516     2.6163     1.8705     0.0243      0.044      1.179      1.711        260 3.2981e+02 0.0000e+00
      1.214    26.7444     8.7512    109.294  36.788120     35.535      8.463   250.7166     2.8063     1.8302     0.0243      0.041      1.191      1.728        261 3.2339e+02 0.0000e+00
      1.228    26.7436     8.7547    109.335  36.838325     35.590      8.463   250.9816     2.7901     1.9107     0.0243      0.040      1.204      1.747        262 3.1729e+02 0.0000e+00
      1.242    26.7430     8.7509    109.286  36.810939     35.565      8.448   250.6409     2.7942     1.9107     0.0243      0.041      1.217      1.766        263 3.1563e+02 0.0000e+00
      1.253    26.7426     8.7376    109.121  36.792543     35.540      8.431   250.6031     2.7982     1.9779     0.0243      0.045      1.229      1.783        264 3.1073e+02 0.0000e+00
      1.265    26.7415     8.7264    108.983  36.831558     35.595      8.430   250.1866     2.9721     1.9645     0.0243      0.048      1.240      1.800        265 3.0359e+02 0.0000e+00
      1.278    26.7402     8.7121    108.803  36.792046     35.541      8.422   251.2845     2.9721     1.8167     0.0243      0.049      1.252      1.817        266 3.0107e+02 0.0000e+00
      1.287    26.7395     8.7002    108.651  36.782399     35.542      8.419   250.4138     2.9802     1.8436     0.0243      0.048      1.262      1.832        267 2.9876e+02 0.0000e+00
      1.298    26.7386     8.6971    108.605  36.784247     35.542      8.413   250.6788     2.9883     1.9913     0.0243      0.047      1.273      1.848        268 2.9464e+02 0.0000e+00
      1.311    26.7370     8.6961    108.586  36.760087     35.516      8.411   250.9816     3.0247     1.8705     0.0243      0.047      1.286      1.865        269 2.9014e+02 0.0000e+00
      1.324    26.7354     8.7008    108.640  36.782805     35.543      8.408   250.8302     2.9964     1.9510     0.0243      0.046      1.299      1.884        270 2.8476e+02 0.0000e+00
      1.339    26.7339     8.6992    108.613  36.785633     35.544      8.404   251.1709     2.9964     1.9107     0.0243      0.047      1.313      1.905        271 2.7921e+02 0.0000e+00
      1.354    26.7321     8.6896    108.486  36.786227     35.545      8.401   251.0952     2.9842     2.0182     0.0243      0.049      1.328      1.925        272 2.7344e+02 0.0000e+00
      1.368    26.7312     8.6820    108.394  36.782067     35.546      8.397   251.8145     3.2592     1.9510     0.0243      0.051      1.341      1.945        273 2.6985e+02 0.0000e+00
      1.379    26.7306     8.6701    108.243  36.731493     35.493      8.395   252.3445     3.2552     1.8973     0.0243      0.052      1.352      1.961        274 2.6830e+02 0.0000e+00
      1.389    26.7296     8.6611    108.118  36.760189     35.521      8.389   252.1173     3.2673     1.9107     0.0243      0.052      1.363      1.976        275 2.6372e+02 0.0000e+00
      1.401    26.7285     8.6555    108.013  36.776016     35.549      8.389   252.7609     3.2188     1.8436     0.0243      0.051      1.374      1.992        276 2.5965e+02 0.0000e+00
      1.412    26.7274     8.6500    107.849  36.741458     35.496      8.380   252.1552     3.3320     1.9242     0.0243      0.050      1.385      2.008        277 2.5695e+02 0.0000e+00
      1.423    26.7261     8.6326    107.475  36.773539     35.550      8.379   252.1173     3.3239     1.9645     0.0243      0.048      1.397      2.026        278 2.5207e+02 0.0000e+00
      1.439    26.7248     8.6331    107.197  36.736092     35.497      8.375   252.7609     3.3037     1.9107     0.0243      0.047      1.410      2.046        279 2.4773e+02 0.0000e+00
      1.451    26.7239     8.6953    107.739  36.758401     35.524      8.374   252.4202     3.2916     1.9913     0.0243      0.046      1.423      2.064        280 2.4437e+02 0.0000e+00
      1.464    26.7228     8.9306    110.661  36.775436     35.552      8.374   252.7609     3.3037     2.0853     0.0243      0.047      1.436      2.083        281 2.3920e+02 0.0000e+00
      1.479    26.7213     9.4338    116.967  36.744551     35.499      8.375   252.9124     3.3846     1.9645     0.0243      0.049      1.450      2.103        282 2.3474e+02 0.0000e+00
      1.492    26.7206    10.0767    124.986  36.767176     35.554      8.372   252.6473     3.3967     1.9107     0.0243      0.051      1.463      2.122        283 2.3074e+02 0.0000e+00
      1.504    26.7211    10.7902    133.697  36.747280     35.501      8.369   253.8966     3.3684     1.9107     0.0243      0.052      1.473      2.137        284 2.2797e+02 0.0000e+00
      1.510    26.7216    11.4240    141.033  36.769313     35.555      8.359   253.1016     3.3765     1.9913     0.0243      0.050      1.479      2.146        285 2.2753e+02 0.0000e+00
      1.511    26.7214    11.9807    147.362  36.769417     35.529      8.349   252.8745     3.4937     1.9107     0.0243      0.046      1.482      2.149        286 2.2622e+02 0.0000e+00
      1.511    26.7196    12.5060    153.352  36.776811     35.557      8.348   252.9502     3.5301     1.9779     0.0243      0.038      1.483      2.151        287 2.2580e+02 0.0000e+00
      1.515    26.7161    12.9803    158.967  36.789770     35.557      8.347   253.8966     3.5059     1.9242     0.0243      0.031      1.488      2.158        288 2.2458e+02 0.0000e+00
      1.523    26.7129    13.4231    164.120  36.782949     35.556      8.349   253.2152     3.5059     1.8436     0.0243      0.025      1.499      2.175        289 2.1909e+02 0.0000e+00
      1.551    26.7099    13.7896    168.498  36.785300     35.556      8.339   253.6316     3.6434     1.9510     0.0243      0.026      1.519      2.204        290 2.1252e+02 0.0000e+00
      1.574    26.7063    14.0037    171.075  36.757185     35.531      8.314   253.0638     3.6434     1.8839     0.0243      0.033      1.539      2.232        291 2.1039e+02 0.0000e+00
      1.582    26.7030    14.1578    172.820  36.728961     35.506      8.314   253.4802     3.6393     1.9376     0.0243      0.039      1.551      2.250        292 2.0960e+02 0.0000e+00
      1.591    26.7041    14.2446    173.746  36.731448     35.508      8.321   253.2152     3.6231     2.0316     0.0243      0.046      1.561      2.264        293 2.0529e+02 0.0000e+00
      1.604    26.7026    14.2729    173.673  36.724433     35.510      8.322   253.7074     3.6393     1.9107     0.0243      0.052      1.571      2.279        294 2.0329e+02 0.0000e+00
      1.610    26.6971    14.2342    172.806  36.737694     35.513      8.306   253.6695     3.6312     1.9107     0.0243      0.054      1.578      2.289        295 2.0382e+02 0.0000e+00
      1.614    26.6775    14.2026    172.120  36.774264     35.569      8.313   253.2152     3.6393     1.8705     0.0243      0.051      1.586      2.299        296 2.0101e+02 0.0000e+00
      1.627    26.6303    14.1948    171.784  36.767899     35.541      8.319   254.0102     3.6474     2.0450     0.0243      0.046      1.596      2.314        297 1.9774e+02 0.0000e+00
      1.640    26.5464    14.2483    172.227  36.775277     35.569      8.319   253.2909     4.0760     1.9913     0.0243      0.039      1.608      2.332        298 1.9570e+02 0.0000e+00
      1.653    26.4024    14.3559    173.360  36.735427     35.519      8.326   253.3288     4.0841     1.9645     0.0243      0.037      1.621      2.352        299 1.9302e+02 0.0000e+00
      1.669    26.2869    14.4854    174.801  36.580221     35.396      8.330   254.1995     4.0639     1.9510     0.0243      0.041      1.635      2.371        300 1.9044e+02 0.0000e+00
      1.680    26.2869    14.6279    176.411  36.315940     35.160      8.335   253.3666     4.0962     1.9242     0.0241      0.043      1.647      2.389        301 1.8767e+02 0.0000e+00
      1.692    26.3197    14.7413    177.628  35.996631     34.917      8.343   253.9345     4.0801     1.9107     0.0240      0.045      1.659      2.406        302 1.8624e+02 0.0000e+00
      1.703    26.3426    14.8018    178.190  35.820960     34.826      8.339   253.4424     4.2175     2.0047     0.0239      0.048      1.670      2.422        303 1.8445e+02 0.0000e+00
      1.714    26.2780    14.8221    178.253  35.822823     34.934      8.340   253.5559     4.2135     1.8705     0.0240      0.050      1.681      2.439        304 1.8147e+02 0.0000e+00
      1.728    26.0873    14.8373    178.263  35.786754     34.877      8.342   253.7831     4.1933     1.9645     0.0239      0.049      1.693      2.456        305 1.8021e+02 0.0000e+00
      1.737    25.8753    14.8606    178.448  35.717566     34.800      8.339   253.9345     4.2054     1.9645     0.0239      0.048      1.704      2.472        306 1.7818e+02 0.0000e+00
      1.750    25.7185    14.9189    178.994  35.523363     34.595      8.341   254.1995     4.1690     1.8839     0.0238      0.046      1.716      2.490        307 1.7554e+02 0.0000e+00
      1.764    25.6365    14.9961    179.649  35.257340     34.361      8.342   253.8588     4.1448     1.9645     0.0237      0.046      1.729      2.509        308 1.7383e+02 0.0000e+00
      1.775    25.5564    15.0626    180.158  35.099630     34.360      8.346   254.3888     4.1407     1.9645     0.0237      0.047      1.740      2.524        309 1.7284e+02 0.0000e+00
      1.783    25.5182    15.1196    180.563  35.067254     34.442      8.340   254.0859     4.1367     1.9107     0.0237      0.046      1.749      2.536        310 1.7211e+02 0.0000e+00
      1.792    25.5041    15.1475    180.638  35.149439     34.667      8.346   254.0102     4.3874     1.9913     0.0237      0.045      1.759      2.551        311 1.6958e+02 0.0000e+00
      1.808    25.4662    15.1318    180.185  35.116053     34.659      8.345   254.4266     4.4076     1.9645     0.0237      0.045      1.772      2.570        312 1.6710e+02 0.0000e+00
      1.822    25.4154    15.0826    179.293  35.168165     34.776      8.348   254.0859     4.4036     1.8705     0.0237      0.045      1.785      2.590        313 1.6546e+02 0.0000e+00
      1.833    25.2926    15.0321    178.393  35.173592     34.827      8.350   254.8809     4.4116     1.9645     0.0237      0.046      1.796      2.605        314 1.6406e+02 0.0000e+00
      1.840    25.1637    14.9869    177.554  35.020349     34.641      8.343   253.7074     4.4036     1.9645     0.0236      0.045      1.805      2.618        315 1.6310e+02 0.0000e+00
      1.849    25.0707    14.9528    176.865  34.973345     34.671      8.341   253.9345     4.3833     2.0450     0.0236      0.043      1.814      2.632        316 1.6115e+02 0.0000e+00
      1.862    24.9928    14.9321    176.396  34.905880     34.589      8.351   254.0481     4.4116     1.9107     0.0236      0.044      1.825      2.648        317 1.5932e+02 0.0000e+00
      1.872    24.9293    14.9197    175.992  34.807773     34.624      8.366   253.9345     4.3995     1.9376     0.0236      0.044      1.836      2.663        318 1.5786e+02 0.0000e+00
      1.883    24.8766    14.9039    175.653  34.650640     34.515      8.390   253.6316     4.7513     1.9242     0.0235      0.043      1.847      2.679        319 1.5535e+02 0.0000e+00
      1.897    24.8389    14.9061    175.627  34.538014     34.497      8.419   254.0102     4.7432     1.9913     0.0235      0.042      1.860      2.697        320 1.5358e+02 0.0000e+00
      1.909    24.8040    14.8965    175.379  34.473479     34.466      8.451   253.8966     4.7392     1.9645     0.0234      0.042      1.871      2.713        321 1.5235e+02 0.0000e+00
      1.916    24.7587    14.8868    174.887  34.404771     34.455      8.478   254.0859     4.7311     1.8973     0.0234      0.043      1.879      2.725        322 1.5149e+02 0.0000e+00
      1.922    24.7083    14.8655    174.207  34.415958     34.491      8.504   253.8588     4.6907     1.9645     0.0234      0.042      1.886      2.735        323 1.5058e+02 0.0000e+00
      1.931    24.6530    14.8302    173.579  34.400270     34.517      8.526   254.0102     4.8039     2.0182     0.0234      0.041      1.895      2.748        324 1.4858e+02 0.0000e+00
      1.942    24.6022    14.7958    172.851  34.365002     34.484      8.549   254.0859     4.7958     1.9913     0.0234      0.039      1.905      2.764        325 1.4680e+02 0.0000e+00
      1.957    24.5715    14.7784    172.192  34.311587     34.488      8.571   254.0102     4.7837     1.9913     0.0234      0.039      1.919      2.783        326 1.4425e+02 0.0000e+00
      1.973    24.5251    14.7604    171.599  34.229518     34.411      8.589   254.2752     4.7958     1.9510     0.0233      0.041      1.933      2.803        327 1.4263e+02 0.0000e+00
      1.982    24.4450    14.7449    171.034  34.200255     34.449      8.596   254.5781     4.8241     1.8302     0.0233      0.041      1.944      2.819        328 1.4239e+02 0.0000e+00
      1.990    24.3586    14.7107    170.279  34.170095     34.429      8.599   254.4266     4.8524     1.9913     0.0233      0.043      1.954      2.835        329 1.4041e+02 0.0000e+00
      2.008    24.2766    14.6589    169.374  34.089142     34.392      8.603   252.9124     4.8645     1.9645     0.0233      0.046      1.969      2.856        330 1.3777e+02 0.0000e+00
      2.026    24.1998    14.5875    168.208  34.004463     34.312      8.611   252.6473     4.8322     1.8436     0.0233      0.050      1.986      2.880        331 1.3594e+02 0.0000e+00
      2.042    24.1204    14.4933    166.865  33.949291     34.340      8.624   252.9124     5.3255     1.9510     0.0232      0.053      2.001      2.902        332 1.3466e+02 0.0000e+00
      2.053    24.0295    14.4055    165.614  33.831627     34.258      8.636   252.3823     5.3134     1.9107     0.0232      0.054      2.014      2.920        333 1.3355e+02 0.0000e+00
      2.064    23.9396    14.3177    164.241  33.735757     34.230      8.658   252.4959     5.3498     2.0047     0.0231      0.054      2.025      2.937        334 1.3250e+02 0.0000e+00
      2.076    23.8480    14.2251    162.766  33.683120     34.227      8.680   252.4581     5.3336     1.9376     0.0231      0.054      2.036      2.953        335 1.3160e+02 0.0000e+00
      2.086    23.7643    14.0978    161.024  33.630275     34.225      8.701   252.7609     6.0331     1.9376     0.0231      0.053      2.046      2.968        336 1.3056e+02 0.0000e+00
      2.097    23.6936    13.9158    158.802  33.564321     34.232      8.724   252.7988     6.0210     1.8436     0.0231      0.051      2.057      2.983        337 1.2939e+02 0.0000e+00
      2.110    23.6186    13.7438    156.571  33.468692     34.181      8.741   254.0481     6.0170     1.9913     0.0230      0.048      2.067      2.998        338 1.2915e+02 0.0000e+00
      2.116    23.5713    13.5766    154.369  33.452777     34.244      8.742   251.0952     6.0412     1.9242     0.0230      0.044      2.076      3.011        339 1.2870e+02 0.0000e+00
      2.125    23.5552    13.4088    152.174  33.406239     34.247      8.754   249.5809     6.2151     1.8570     0.0230      0.042      2.085      3.024        340 1.2722e+02 0.0000e+00
