Data/DataNotYetUploadedToEDI/Raw_CTD/RawDownloads/072020_fcr50.cnv
* Sea-Bird SBE19plus  Data File:
* FileName = C:\DATA\072020_fcr50_0001.hex
* Software version 2.8.0.119
* Temperature SN = 7809
* Conductivity SN = 7809
* System UpLoad Time = Jul 20 2020 10:41:36
* <ApplicationData>
* <Seaterm232>
# nquan = 16
# nvalues = 6743                        
# units = specified
# name 0 = depFM: Depth [fresh water, m]
# name 1 = dz/dtM: Descent Rate [m/s]
# name 2 = sbeox0ML/L: Oxygen, SBE 43 [ml/l]
# name 3 = sbeox0PS: Oxygen, SBE 43 [% saturation]
# name 4 = specc: Specific Conductance [uS/cm]
# name 5 = c0uS/cm: Conductivity [uS/cm]
# name 6 = flECO-AFL: Fluorescence, WET Labs ECO-AFL/FL [mg/m^3]
# name 7 = ph: pH
# name 8 = orp: Oxidation Reduction Potential [mV]
# name 9 = par/sat/log: PAR/Logarithmic, Satlantic
# name 10 = turbWETntu0: Turbidity, WET Labs ECO [NTU]
# name 11 = prdM: Pressure, Strain Gauge [db]
# name 12 = prdE: Pressure, Strain Gauge [psi]
# name 13 = tv290C: Temperature [ITS-90, deg C]
# name 14 = density00: Density [density, kg/m^3]
# name 15 = flag:  0.000e+00
# span 0 =     -0.640,      9.740       
# span 1 =     -0.446,      3.857       
# span 2 =    -0.0249,    11.7373       
# span 3 =     -0.230,    187.744       
# span 4 =      0.713,    346.656       
# span 5 =   0.791278, 251.466195       
# span 6 =    -1.9116,    26.1260       
# span 7 =     -1.944,      9.187       
# span 8 = -1240.7455,   476.8783       
# span 9 = 1.2342e-01, 1.7130e+03       
# span 10 =    -7.9183,   868.5495      
# span 11 =     -0.627,      9.553      
# span 12 =     -0.910,     13.855      
# span 13 =    10.7164,    30.5427      
# span 14 =   995.4913,   999.7670      
# span 15 = 0.0000e+00, 0.0000e+00      
# interval = seconds: 0.25
# start_time = Jul 19 2020 21:02:02 [Instrument's time stamp, header]
# bad_flag = -9.990e-29
*END*
[from data line 904]
      0.365      0.010     5.5658    101.782     32.848  34.815020     0.6698      7.661   197.9227 3.9834e+02     2.4747      0.358      0.520    27.9924   996.2567 0.0000e+00
      0.368      0.010     5.5698    101.802     32.836  34.802202     0.6639      7.661   198.1785 4.3189e+02     2.5473      0.361      0.523    27.9914   996.2571 0.0000e+00
      0.370      0.010     5.5711    101.817     32.788  34.751526     0.6655      7.660   198.1606 4.8043e+02     2.5673      0.363      0.527    27.9902   996.2574 0.0000e+00
      0.373      0.010     5.5749    101.822     32.748  34.709921     0.6708      7.661   198.0500 4.9432e+02     2.5789      0.366      0.531    27.9889   996.2577 0.0000e+00
      0.376      0.010     5.5753    101.828     32.719  34.679890     0.6804      7.662   197.9597 4.8672e+02     2.6184      0.369      0.535    27.9880   996.2581 0.0000e+00
      0.378      0.011     5.5766    101.853     32.684  34.642235     0.6857      7.666   197.8440 5.4904e+02     2.5650      0.371      0.538    27.9881   996.2580 0.0000e+00
      0.380      0.013     5.5776    101.893     32.678  34.635344     0.6877      7.670   197.8552 5.9108e+02     2.4131      0.373      0.541    27.9888   996.2578 0.0000e+00
      0.383      0.016     5.5774    101.931     32.763  34.723478     0.6850      7.670   198.1816 5.2023e+02     2.3274      0.375      0.544    27.9898   996.2576 0.0000e+00
      0.387      0.018     5.5773    101.970     32.854  34.819512     0.6817      7.660   198.5202 4.9602e+02     2.3526      0.378      0.549    27.9899   996.2575 0.0000e+00
      0.392      0.018     5.5785    102.037     32.817  34.781235     0.6955      7.648   198.5932 5.2590e+02     2.4773      0.383      0.556    27.9891   996.2578 0.0000e+00
      0.400      0.018     5.5818    102.125     32.685  34.641392     0.7185      7.638   198.3770 5.9164e+02     2.6675      0.392      0.569    27.9876   996.2582 0.0000e+00
      0.407      0.017     5.5838    102.183     32.575  34.524642     0.7305      7.634   198.2292 6.4958e+02     2.7646      0.400      0.582    27.9857   996.2588 0.0000e+00
      0.410      0.015     5.5853    102.202     32.564  34.511753     0.7355      7.634   198.3550 5.7249e+02     2.7926      0.402      0.584    27.9847   996.2592 0.0000e+00
      0.412      0.012     5.5887    102.219     32.660  34.612467     0.7408      7.635   198.4345 5.3584e+02     2.8338      0.403      0.585    27.9853   996.2590 0.0000e+00
      0.413      0.010     5.5955    102.259     32.768  34.727126     0.7374      7.638   198.4164 6.9344e+02     2.8171      0.405      0.588    27.9860   996.2587 0.0000e+00
      0.415      0.009     5.5986    102.292     32.796  34.755934     0.7320      7.643   198.4803 7.6626e+02     2.7630      0.407      0.590    27.9861   996.2587 0.0000e+00
      0.418      0.010     5.5988    102.292     32.750  34.706971     0.7428      7.650   198.6039 5.6217e+02     2.7635      0.410      0.595    27.9847   996.2591 0.0000e+00
      0.420      0.011     5.5992    102.312     32.689  34.642738     0.7534      7.656   198.7076 4.6051e+02     2.7537      0.412      0.598    27.9820   996.2599 0.0000e+00
      0.423      0.012     5.6019    102.367     32.661  34.613824     0.7464      7.661   198.7881 5.3200e+02     2.6788      0.414      0.600    27.9816   996.2601 0.0000e+00
      0.426      0.012     5.6057    102.401     32.659  34.611194     0.7344      7.665   198.8881 5.0369e+02     2.5783      0.417      0.605    27.9818   996.2600 0.0000e+00
      0.430      0.012     5.6033    102.408     32.659  34.610933     0.7323      7.668   199.1426 4.5590e+02     2.5006      0.421      0.611    27.9813   996.2601 0.0000e+00
      0.434      0.012     5.6038    102.444     32.659  34.610668     0.7489      7.668   199.3696 4.9543e+02     2.5984      0.426      0.617    27.9812   996.2602 0.0000e+00
      0.437      0.011     5.6091    102.494     32.656  34.607994     0.7733      7.667   199.3964 5.4490e+02     2.8330      0.429      0.622    27.9812   996.2602 0.0000e+00
      0.439      0.009     5.6107    102.472     32.627  34.578599     0.7802      7.665   199.4661 5.1326e+02     2.9676      0.430      0.624    27.9813   996.2601 0.0000e+00
      0.441      0.007     5.6098    102.447     32.561  34.509074     0.7657      7.662   199.6966 5.3731e+02     2.9209      0.432      0.627    27.9813   996.2602 0.0000e+00
      0.443      0.005     5.6103    102.454     32.519  34.465348     0.7498      7.658   199.8603 6.0370e+02     2.8183      0.434      0.629    27.9822   996.2599 0.0000e+00
      0.443      0.003     5.6186    102.466     32.546  34.494072     0.7499      7.654   199.8103 5.0978e+02     2.8265      0.435      0.630    27.9829   996.2597 0.0000e+00
      0.443      0.002     5.6132    102.545     32.589  34.539114     0.7571      7.650   199.6945 4.1200e+02     2.8475      0.435      0.631    27.9838   996.2595 0.0000e+00
      0.443      0.001     5.6101    102.614     32.614  34.565782     0.7513      7.646   199.4929 4.0601e+02     2.7984      0.435      0.630    27.9847   996.2592 0.0000e+00
      0.444      0.001     5.6152    102.614     32.610  34.562705     0.7363      7.644   199.1795 3.8561e+02     2.7816      0.435      0.631    27.9851   996.2590 0.0000e+00
      0.444      0.002     5.6092    102.613     32.553  34.501909     0.7283      7.646   199.0029 4.3902e+02     2.7130      0.435      0.631    27.9853   996.2590 0.0000e+00
      0.444      0.004     5.6186    102.620     32.458  34.401766     0.7322      7.651   199.0783 5.2924e+02     2.5520      0.435      0.631    27.9852   996.2591 0.0000e+00
      0.444      0.008     5.6236    102.619     32.426  34.367121     0.7448      7.657   199.4021 4.8868e+02     2.4491      0.435      0.630    27.9855   996.2589 0.0000e+00
      0.445      0.013     5.6201    102.593     32.517  34.463724     0.7473      7.648   199.6490 4.4387e+02     2.3963      0.436      0.631    27.9862   996.2588 0.0000e+00
      0.448      0.018     5.6213    102.551     32.604  34.554558     0.7045      7.625   199.3102 4.7778e+02     2.3944      0.438      0.636    27.9868   996.2586 0.0000e+00
      0.454      0.022     5.6213    102.571     32.566  34.513598     0.6376      7.606   198.8334 4.8184e+02     2.4943      0.444      0.643    27.9874   996.2584 0.0000e+00
      0.463      0.025     5.6219    102.694     32.471  34.412654     0.6071      7.598   198.8744 4.4143e+02     2.5747      0.455      0.658    27.9872   996.2585 0.0000e+00
      0.472      0.026     5.6208    102.794     32.411  34.349279     0.6119      7.595   199.1170 4.3612e+02     2.5761      0.465      0.673    27.9857   996.2591 0.0000e+00
      0.478      0.025     5.6171    102.831     32.383  34.318404     0.6188      7.592   199.1856 4.6112e+02     2.5451      0.469      0.680    27.9841   996.2595 0.0000e+00
      0.484      0.022     5.6152    102.900     32.359  34.293161     0.6139      7.590   199.2731 4.2109e+02     2.5432      0.475      0.688    27.9830   996.2598 0.0000e+00
      0.489      0.018     5.6274    102.977     32.364  34.297865     0.6099      7.590   199.1434 3.7993e+02     2.5884      0.480      0.696    27.9828   996.2599 0.0000e+00
      0.493      0.016     5.6342    103.011     32.378  34.311829     0.6185      7.595   198.5630 4.2121e+02     2.6107      0.483      0.702    27.9826   996.2600 0.0000e+00
      0.496      0.015     5.6311    103.017     32.339  34.271637     0.6419      7.605   198.3648 4.7626e+02     2.5729      0.486      0.706    27.9812   996.2604 0.0000e+00
      0.499      0.015     5.6377    103.014     32.324  34.256070     0.6636      7.613   198.6400 5.0648e+02     2.5091      0.488      0.708    27.9803   996.2606 0.0000e+00
      0.502      0.015     5.6429    102.994     32.379  34.313970     0.6716      7.613   198.6214 5.0851e+02     2.4911      0.492      0.713    27.9801   996.2606 0.0000e+00
      0.506      0.016     5.6440    102.949     32.401  34.337174     0.6811      7.609   198.3976 4.8023e+02     2.5263      0.495      0.718    27.9798   996.2607 0.0000e+00
      0.511      0.018     5.6437    102.874     32.350  34.282820     0.6827      7.612   198.5149 4.8385e+02     2.5577      0.500      0.725    27.9806   996.2606 0.0000e+00
      0.516      0.020     5.6441    102.759     32.299  34.227848     0.6723      7.622   198.8349 4.7992e+02     2.5617      0.507      0.736    27.9808   996.2606 0.0000e+00
      0.521      0.022     5.6430    102.465     32.314  34.243572     0.6610      7.625   198.9975 4.4265e+02     2.5404      0.512      0.742    27.9802   996.2608 0.0000e+00
      0.526      0.022     5.6409    101.809     32.351  34.282578     0.6596      7.618   199.1896 4.2256e+02     2.5411      0.515      0.746    27.9801   996.2608 0.0000e+00
      0.531      0.021     5.6364    100.992     32.326  34.255318     0.6742      7.607   199.2659 3.9521e+02     2.5704      0.520      0.754    27.9804   996.2607 0.0000e+00
      0.539      0.019     5.6313    100.378     32.244  34.167776     0.6855      7.597   199.2322 3.9525e+02     2.6191      0.530      0.768    27.9800   996.2608 0.0000e+00
      0.546      0.016     5.6240     99.889     32.192  34.112430     0.6817      7.591   199.6427 4.1020e+02     2.7185      0.537      0.780    27.9786   996.2613 0.0000e+00
      0.549      0.012     5.5824     99.066     32.234  34.157192     0.6672      7.589   200.1840 4.2381e+02     2.7757      0.539      0.782    27.9777   996.2616 0.0000e+00
      0.550      0.008     5.5258     97.641     32.336  34.264828     0.6621      7.589   200.1844 4.4717e+02     2.7953      0.540      0.783    27.9772   996.2617 0.0000e+00
      0.550      0.004     5.4952     96.036     32.402  34.335187     0.6871      7.594   199.8201 4.3017e+02     2.7842      0.540      0.784    27.9774   996.2616 0.0000e+00
      0.551      0.003     5.4797     95.165     32.379  34.309930     0.7207      7.603   199.4786 4.0179e+02     2.6757      0.540      0.783    27.9774   996.2617 0.0000e+00
      0.551      0.004     5.4431     95.469     32.287  34.213255     0.7343      7.615   199.6692 3.8815e+02     2.5822      0.540      0.783    27.9768   996.2618 0.0000e+00
      0.551      0.006     5.3567     96.380     32.197  34.118059     0.7373      7.631   200.5757 3.7492e+02     2.5463      0.540      0.783    27.9771   996.2617 0.0000e+00
      0.552      0.010     5.2450     96.915     32.190  34.110691     0.7671      7.646   201.2330 3.6747e+02     2.5510      0.541      0.785    27.9769   996.2618 0.0000e+00
      0.554      0.014     5.1855     96.564     32.263  34.187621     0.8079      7.656   201.0774 3.7116e+02     2.5705      0.543      0.788    27.9757   996.2621 0.0000e+00
      0.558      0.018     5.2171     95.557     32.297  34.223351     0.8109      7.661   200.6729 3.7077e+02     2.5421      0.546      0.792    27.9753   996.2623 0.0000e+00
      0.565      0.020     5.2912     94.556     32.239  34.161989     0.8036      7.669   200.4733 3.7164e+02     2.5504      0.552      0.800    27.9760   996.2621 0.0000e+00
      0.573      0.022     5.3301     93.860     32.162  34.080213     0.7966      7.680   200.5566 3.8171e+02     2.6707      0.562      0.815    27.9764   996.2620 0.0000e+00
      0.580      0.022     5.3062     93.024     32.142  34.059468     0.7728      7.691   200.8191 3.8981e+02     2.7951      0.570      0.827    27.9761   996.2622 0.0000e+00
      0.584      0.021     5.2336     91.593     32.182  34.101508     0.7546      7.702   201.0661 4.0745e+02     2.8196      0.573      0.831    27.9755   996.2624 0.0000e+00
      0.589      0.018     5.1694     89.719     32.222  34.144368     0.7389      7.712   201.1343 4.4097e+02     2.7950      0.577      0.837    27.9749   996.2625 0.0000e+00
      0.593      0.016     5.1458     87.822     32.212  34.133526     0.7262      7.722   201.2133 4.4870e+02     2.7718      0.582      0.844    27.9753   996.2624 0.0000e+00
      0.596      0.014     5.1124     86.064     32.178  34.097323     0.7345      7.730   201.5049 4.1041e+02     2.7103      0.585      0.849    27.9757   996.2623 0.0000e+00
      0.600      0.013     5.0279     84.293     32.169  34.087333     0.7535      7.734   201.3913 4.5139e+02     2.6350      0.589      0.855    27.9755   996.2624 0.0000e+00
      0.604      0.012     4.9143     82.372     32.158  34.076189     0.7547      7.736   200.8708 5.2616e+02     2.5825      0.592      0.859    27.9756   996.2624 0.0000e+00
      0.606      0.011     4.8073     80.433     32.110  34.026041     0.7399      7.739   200.6327 4.7642e+02     2.5229      0.594      0.861    27.9752   996.2625 0.0000e+00
      0.609      0.010     4.7158     78.693     32.075  33.988605     0.7461      7.745   200.6641 4.2389e+02     2.5317      0.598      0.866    27.9748   996.2626 0.0000e+00
      0.611      0.010     4.6235     77.251     32.089  34.004253     0.7632      7.752   200.7336 4.3000e+02     2.5855      0.600      0.870    27.9750   996.2625 0.0000e+00
      0.613      0.011     4.5136     76.062     32.109  34.024887     0.7561      7.760   200.7845 4.1115e+02     2.5902      0.601      0.873    27.9753   996.2625 0.0000e+00
      0.615      0.012     4.4024     75.033     32.130  34.047738     0.7458      7.769   200.8492 4.1185e+02     2.5886      0.603      0.875    27.9758   996.2623 0.0000e+00
      0.618      0.014     4.3052     74.141     32.170  34.090187     0.7436      7.775   200.7419 4.4299e+02     2.6350      0.605      0.878    27.9763   996.2622 0.0000e+00
      0.621      0.016     4.2273     73.446     32.173  34.093978     0.7394      7.776   200.6066 4.1759e+02     2.7735      0.609      0.884    27.9767   996.2621 0.0000e+00
      0.626      0.016     4.1649     73.014     32.113  34.030135     0.7419      7.772   200.7612 3.6520e+02     2.8551      0.614      0.890    27.9768   996.2621 0.0000e+00
      0.632      0.016     4.1087     72.777     32.040  33.952774     0.7457      7.761   200.9771 3.7387e+02     2.7971      0.621      0.900    27.9770   996.2621 0.0000e+00
      0.638      0.015     4.0586     72.575     32.009  33.920018     0.7467      7.744   201.0655 4.0290e+02     2.7255      0.627      0.909    27.9778   996.2619 0.0000e+00
      0.642      0.012     4.0179     72.299     32.039  33.951328     0.7547      7.724   200.8840 3.8530e+02     2.6760      0.629      0.914    27.9782   996.2618 0.0000e+00
      0.644      0.009     3.9962     71.951     32.098  34.014092     0.7657      7.706   200.5888 4.0014e+02     2.6452      0.632      0.917    27.9784   996.2617 0.0000e+00
      0.645      0.005     3.9869     71.576     32.126  34.044386     0.7653      7.692   200.5086 4.4568e+02     2.6277      0.633      0.918    27.9785   996.2617 0.0000e+00
      0.645      0.003     3.9784     71.193     32.084  34.000360     0.7498      7.682   200.4296 4.3097e+02     2.6707      0.633      0.918    27.9783   996.2617 0.0000e+00
      0.646      0.003     3.9626     70.790     32.014  33.925934     0.7408      7.675   200.3224 4.0813e+02     2.7870      0.633      0.918    27.9779   996.2618 0.0000e+00
      0.646      0.003     3.9420     70.313     31.995  33.905911     0.7516      7.669   200.3307 3.9634e+02     2.8661      0.633      0.919    27.9777   996.2619 0.0000e+00
      0.647      0.004     3.9221     69.792     32.036  33.948617     0.7662      7.666   200.3582 3.7464e+02     2.8726      0.634      0.920    27.9784   996.2617 0.0000e+00
      0.648      0.005     3.8998     69.343     32.083  33.998132     0.7652      7.665   200.4825 3.9658e+02     2.8314      0.635      0.922    27.9790   996.2615 0.0000e+00
      0.649      0.006     3.8806     69.001     32.082  33.996987     0.7487      7.667   200.7150 4.5210e+02     2.7796      0.636      0.923    27.9796   996.2614 0.0000e+00
