Data/DataNotYetUploadedToEDI/Raw_CTD/RawDownloads/072020_fcr50.cnv
* Sea-Bird SBE19plus  Data File:
* FileName = C:\DATA\072020_fcr50_0001.hex
* Software version 2.8.0.119
* Temperature SN = 7809
* Conductivity SN = 7809
* System UpLoad Time = Jul 20 2020 10:41:36
* <ApplicationData>
* <Seaterm232>
# nquan = 16
# nvalues = 6743                        
# units = specified
# name 0 = depFM: Depth [fresh water, m]
# name 1 = dz/dtM: Descent Rate [m/s]
# name 2 = sbeox0ML/L: Oxygen, SBE 43 [ml/l]
# name 3 = sbeox0PS: Oxygen, SBE 43 [% saturation]
# name 4 = specc: Specific Conductance [uS/cm]
# name 5 = c0uS/cm: Conductivity [uS/cm]
# name 6 = flECO-AFL: Fluorescence, WET Labs ECO-AFL/FL [mg/m^3]
# name 7 = ph: pH
# name 8 = orp: Oxidation Reduction Potential [mV]
# name 9 = par/sat/log: PAR/Logarithmic, Satlantic
# name 10 = turbWETntu0: Turbidity, WET Labs ECO [NTU]
# name 11 = prdM: Pressure, Strain Gauge [db]
# name 12 = prdE: Pressure, Strain Gauge [psi]
# name 13 = tv290C: Temperature [ITS-90, deg C]
# name 14 = density00: Density [density, kg/m^3]
# name 15 = flag:  0.000e+00
# span 0 =     -0.640,      9.740       
# span 1 =     -0.446,      3.857       
# span 2 =    -0.0249,    11.7373       
# span 3 =     -0.230,    187.744       
# span 4 =      0.713,    346.656       
# span 5 =   0.791278, 251.466195       
# span 6 =    -1.9116,    26.1260       
# span 7 =     -1.944,      9.187       
# span 8 = -1240.7455,   476.8783       
# span 9 = 1.2342e-01, 1.7130e+03       
# span 10 =    -7.9183,   868.5495      
# span 11 =     -0.627,      9.553      
# span 12 =     -0.910,     13.855      
# span 13 =    10.7164,    30.5427      
# span 14 =   995.4913,   999.7670      
# span 15 = 0.0000e+00, 0.0000e+00      
# interval = seconds: 0.25
# start_time = Jul 19 2020 21:02:02 [Instrument's time stamp, header]
# bad_flag = -9.990e-29
*END*
[from data line 2441]
      3.743      0.016     4.8748     70.300     38.848  32.247187    21.0370      7.366   232.8391 7.7062e+00     3.0011      3.671      5.323    16.6128   998.8771 0.0000e+00
      3.748      0.018     4.8456     70.120     38.838  32.223181    20.8788      7.370   232.6002 7.6535e+00     2.9897      3.675      5.330    16.5821   998.8823 0.0000e+00
      3.754      0.018     4.8231     69.898     38.802  32.180720    20.6098      7.372   232.5176 7.5980e+00     3.1013      3.681      5.339    16.5522   998.8874 0.0000e+00
      3.759      0.018     4.8118     69.595     38.887  32.241347    20.4646      7.371   233.0447 7.5507e+00     3.1490      3.686      5.346    16.5248   998.8921 0.0000e+00
      3.763      0.017     4.8046     69.201     38.992  32.321740    20.4200      7.370   233.6390 7.5004e+00     3.1199      3.691      5.353    16.4989   998.8966 0.0000e+00
      3.768      0.016     4.7941     68.726     38.929  32.264472    20.0515      7.369   233.4225 7.4566e+00     3.0934      3.695      5.359    16.4781   998.9001 0.0000e+00
      3.772      0.015     4.7826     68.221     38.839  32.183396    19.3760      7.369   233.0937 7.4280e+00     3.0690      3.700      5.366    16.4632   998.9025 0.0000e+00
      3.775      0.014     4.7625     67.736     38.902  32.229711    19.0135      7.368   232.9342 7.4025e+00     3.0645      3.702      5.369    16.4507   998.9047 0.0000e+00
      3.778      0.013     4.7368     67.262     39.014  32.316866    19.0074      7.368   232.6112 7.3726e+00     3.0398      3.705      5.373    16.4414   998.9063 0.0000e+00
      3.781      0.012     4.7035     66.784     39.058  32.348920    19.3496      7.368   233.2327 7.3340e+00     2.9763      3.708      5.378    16.4368   998.9070 0.0000e+00
      3.785      0.012     4.6674     66.348     39.080  32.363480    19.9941      7.368   234.5982 7.2950e+00     2.9497      3.712      5.383    16.4284   998.9084 0.0000e+00
      3.788      0.012     4.6363     65.991     39.088  32.366008    20.3433      7.367   235.0103 7.2628e+00     2.9926      3.715      5.387    16.4193   998.9100 0.0000e+00
      3.790      0.011     4.6054     65.682     39.108  32.379479    20.3681      7.366   234.7743 7.2321e+00     3.0486      3.717      5.390    16.4134   998.9110 0.0000e+00
      3.793      0.011     4.5716     65.393     39.138  32.399451    20.2844      7.366   234.3258 7.2045e+00     2.9742      3.720      5.395    16.4068   998.9122 0.0000e+00
      3.796      0.011     4.5405     65.154     39.098  32.353694    20.1226      7.366   233.7177 7.1694e+00     2.8140      3.722      5.399    16.4027   998.9129 0.0000e+00
      3.798      0.012     4.5179     64.973     39.098  32.333801    20.0326      7.365   234.3909 7.1233e+00     2.7587      3.725      5.403    16.3984   998.9136 0.0000e+00
      3.800      0.012     4.4987     64.813     39.224  32.412699    19.9779      7.364   236.0121 7.0878e+00     2.8213      3.727      5.405    16.3918   998.9147 0.0000e+00
      3.803      0.012     4.4774     64.670     39.278  32.419340    19.4429      7.361   236.7147 7.0498e+00     2.8836      3.729      5.409    16.3905   998.9150 0.0000e+00
      3.808      0.011     4.4619     64.595     39.181  32.287150    18.4563      7.359   236.6913 7.0048e+00     2.8591      3.735      5.417    16.3773   998.9172 0.0000e+00
      3.812      0.011     4.4542     64.621     39.151  32.210190    17.9093      7.357   236.4174 6.9847e+00     2.8008      3.739      5.422    16.3443   998.9226 0.0000e+00
      3.814      0.010     4.4457     64.714     39.250  32.250124    17.8563      7.356   235.8116 6.9741e+00     2.7967      3.740      5.424    16.3197   998.9269 0.0000e+00
      3.815      0.010     4.4384     64.786     39.304  32.262363    17.8626      7.355   235.6479 6.9553e+00     2.8093      3.742      5.427    16.2756   998.9341 0.0000e+00
      3.818      0.009     4.4394     64.789     39.294  32.231239    18.0522      7.352   236.2441 6.9380e+00     2.7469      3.744      5.430    16.1953   998.9473 0.0000e+00
      3.820      0.008     4.4488     64.751     39.338  32.254466    18.4135      7.349   236.8264 6.9110e+00     2.6267      3.746      5.433    16.1259   998.9587 0.0000e+00
      3.822      0.008     4.4623     64.680     39.389  32.289391    18.6060      7.348   237.0957 6.8690e+00     2.5574      3.748      5.436    16.0768   998.9668 0.0000e+00
      3.825      0.008     4.4737     64.569     39.374  32.272821    18.6356      7.347   237.1776 6.8273e+00     2.5955      3.751      5.439    16.0339   998.9739 0.0000e+00
      3.827      0.007     4.4743     64.445     39.417  32.307898    18.7519      7.345   237.0421 6.8097e+00     2.7103      3.753      5.443    16.0023   998.9789 0.0000e+00
      3.829      0.007     4.4730     64.309     39.600  32.459713    18.9439      7.344   236.4031 6.8124e+00     2.8122      3.755      5.446    15.9917   998.9807 0.0000e+00
      3.830      0.006     4.4699     64.200     39.687  32.522203    19.0409      7.343   235.4749 6.8005e+00     2.8320      3.756      5.447    15.9852   998.9819 0.0000e+00
      3.831      0.006     4.4610     64.235     39.521  32.365532    19.0277      7.342   235.1969 6.7687e+00     2.8127      3.757      5.448    15.9747   998.9835 0.0000e+00
      3.832      0.006     4.4533     64.422     39.439  32.278487    18.9376      7.341   235.6234 6.7428e+00     2.8185      3.758      5.451    15.9760   998.9833 0.0000e+00
      3.834      0.006     4.4429     64.662     39.631  32.421440    18.7993      7.340   236.3295 6.7390e+00     2.8331      3.761      5.454    15.9874   998.9816 0.0000e+00
      3.836      0.008     4.4313     64.909     39.752  32.507748    18.7196      7.343   236.6782 6.7429e+00     2.8178      3.762      5.456    15.9770   998.9833 0.0000e+00
      3.837      0.011     4.4368     65.165     39.604  32.370290    18.6226      7.348   235.6245 6.7265e+00     2.8053      3.762      5.457    15.9402   998.9892 0.0000e+00
      3.838      0.013     4.4569     65.422     39.602  32.345628    17.7222      7.351   233.9142 6.6955e+00     2.8536      3.764      5.459    15.9158   998.9931 0.0000e+00
      3.842      0.016     4.4747     65.617     39.926  32.590207    16.0917      7.354   233.5502 6.6346e+00     2.9552      3.766      5.462    15.9010   998.9956 0.0000e+00
      3.848      0.019     4.4934     65.737     40.042  32.662624    15.2065      7.359   234.0630 6.5397e+00     3.0383      3.773      5.472    15.8858   998.9982 0.0000e+00
      3.855      0.021     4.5122     65.953     39.852  32.459820    15.0689      7.364   234.6077 6.4807e+00     3.0344      3.782      5.485    15.8684   999.0008 0.0000e+00
      3.860      0.022     4.5352     66.397     39.857  32.422200    14.4658      7.366   235.2324 6.4430e+00     2.9079      3.786      5.491    15.8349   999.0061 0.0000e+00
      3.865      0.021     4.5545     66.972     40.037  32.588401    12.8829      7.366   234.6466 6.3670e+00     2.7105      3.790      5.495    15.8019   999.0117 0.0000e+00
      3.872      0.020     4.5561     67.525     39.953  32.565924    11.2369      7.366   232.9455 6.2826e+00     2.6043      3.797      5.507    15.8036   999.0116 0.0000e+00
      3.878      0.017     4.5735     68.002     39.721  32.404289    10.5867      7.366   232.0448 6.2285e+00     2.6200      3.805      5.519    15.7280   999.0234 0.0000e+00
      3.882      0.015     4.6195     68.392     39.719  32.410666    10.5238      7.366   232.1019 6.1911e+00     2.6251      3.808      5.523    15.6180   999.0409 0.0000e+00
      3.884      0.012     4.6577     68.685     39.935  32.579589    10.4292      7.364   232.5172 6.1584e+00     2.5980      3.809      5.525    15.6870   999.0302 0.0000e+00
      3.886      0.009     4.6879     68.884     40.136  32.733607    10.2821      7.361   233.1092 6.1470e+00     2.6013      3.811      5.528    15.7696   999.0169 0.0000e+00
      3.888      0.007     4.7194     69.050     40.157  32.750108    10.2132      7.359   233.2357 6.1444e+00     2.6309      3.813      5.530    15.7878   999.0139 0.0000e+00
      3.890      0.005     4.7447     69.318     40.109  32.715650    10.1968      7.358   232.8423 6.1397e+00     2.6465      3.815      5.533    15.8090   999.0105 0.0000e+00
      3.891      0.005     4.7674     69.788     40.092  32.697683    10.1321      7.355   232.3977 6.1315e+00     2.6185      3.816      5.535    15.7857   999.0144 0.0000e+00
      3.892      0.004     4.7824     70.482     40.064  32.659770    10.0408      7.352   232.1607 6.1200e+00     2.6005      3.817      5.536    15.7687   999.0172 0.0000e+00
      3.893      0.003     4.7885     71.328     40.059  32.637920     9.9996      7.350   232.0422 6.1143e+00     2.6353      3.818      5.537    15.7711   999.0168 0.0000e+00
      3.894      0.002     4.8041     72.272     40.136  32.687275     9.9861      7.348   231.9118 6.1040e+00     2.6277      3.818      5.538    15.7842   999.0147 0.0000e+00
      3.894      0.002     4.8355     73.296     40.226  32.748899     9.9161      7.347   232.5632 6.1005e+00     2.5767      3.819      5.539    15.7822   999.0150 0.0000e+00
      3.894      0.003     4.8893     74.283     40.241  32.748510     9.7917      7.347   233.6364 6.1029e+00     2.5681      3.819      5.539    15.7547   999.0194 0.0000e+00
      3.894      0.005     4.9530     75.098     40.173  32.682559     9.7128      7.349   233.6172 6.0973e+00     2.5930      3.819      5.539    15.7305   999.0232 0.0000e+00
      3.894      0.008     5.0176     75.694     40.140  32.649410     9.7063      7.350   232.5882 6.0895e+00     2.6369      3.819      5.539    15.7159   999.0256 0.0000e+00
      3.895      0.011     5.0951     76.074     40.321  32.791842     9.6752      7.350   231.4346 6.0646e+00     2.6533      3.820      5.540    15.7031   999.0277 0.0000e+00
      3.899      0.014     5.1690     76.211     40.443  32.881903     9.6028      7.351   230.9400 6.0040e+00     2.6197      3.823      5.544    15.6853   999.0305 0.0000e+00
      3.906      0.016     5.2284     76.144     40.282  32.723136     9.5656      7.353   231.8566 5.9412e+00     2.5734      3.830      5.555    15.6718   999.0327 0.0000e+00
      3.912      0.018     5.2692     75.990     40.172  32.585301     9.5497      7.354   233.5693 5.9107e+00     2.5734      3.837      5.565    15.6642   999.0338 0.0000e+00
      3.916      0.020     5.2980     75.750     40.343  32.674621     9.3536      7.354   234.2673 5.8833e+00     2.6548      3.839      5.568    15.6609   999.0345 0.0000e+00
      3.920      0.020     5.3082     75.373     40.527  32.787849     8.9879      7.355   233.7577 5.8379e+00     2.6993      3.843      5.574    15.6558   999.0354 0.0000e+00
      3.925      0.019     5.3007     74.917     40.416  32.685303     8.7801      7.355   232.9141 5.7764e+00     2.6652      3.849      5.581    15.6263   999.0399 0.0000e+00
      3.930      0.019     5.2999     74.458     40.313  32.640268     8.7574      7.353   232.4992 5.7105e+00     2.6542      3.855      5.590    15.5532   999.0514 0.0000e+00
      3.935      0.020     5.2936     73.968     40.444  32.814418     8.7515      7.352   233.2156 5.6568e+00     2.6355      3.859      5.596    15.4832   999.0626 0.0000e+00
      3.941      0.020     5.2692     73.454     40.431  32.824098     8.6524      7.350   234.3485 5.6107e+00     2.6449      3.863      5.604    15.4461   999.0684 0.0000e+00
      3.946      0.019     5.2388     73.026     40.412  32.757339     8.4558      7.347   234.7534 5.5747e+00     2.7328      3.871      5.615    15.4030   999.0752 0.0000e+00
      3.950      0.016     5.2031     72.716     40.683  32.895458     8.3295      7.343   234.7561 5.5448e+00     2.7717      3.873      5.618    15.4539   999.0671 0.0000e+00
      3.954      0.014     5.1546     72.518     40.871  32.971200     8.3169      7.339   234.4672 5.5069e+00     2.8055      3.877      5.623    15.5967   999.0449 0.0000e+00
      3.959      0.011     5.1095     72.468     40.873  32.911651     8.3602      7.335   233.8410 5.4758e+00     2.8327      3.883      5.633    15.6270   999.0401 0.0000e+00
      3.961      0.008     5.0902     72.524     40.880  32.873332     8.4238      7.333   233.6384 5.4574e+00     2.7575      3.885      5.635    15.5358   999.0543 0.0000e+00
      3.962      0.006     5.0826     72.614     40.934  32.888533     8.4480      7.330   233.8249 5.4550e+00     2.6524      3.885      5.634    15.4214   999.0724 0.0000e+00
      3.962      0.003     5.0756     72.711     41.054  32.968508     8.4430      7.325   233.9439 5.4580e+00     2.5917      3.886      5.636    15.3259   999.0873 0.0000e+00
      3.962      0.001     5.0829     72.785     41.125  33.015448     8.5258      7.321   233.8731 5.4491e+00     2.6070      3.886      5.636    15.2504   999.0990 0.0000e+00
      3.963      0.001     5.0949     72.840     41.125  33.011917     8.6849      7.318   233.7436 5.4548e+00     2.6310      3.886      5.636    15.1965   999.1072 0.0000e+00
      3.963      0.000     5.1044     72.969     41.175  33.052710     8.7644      7.314   233.5826 5.4637e+00     2.6080      3.886      5.636    15.1657   999.1119 0.0000e+00
      3.962 2.7170e-08     5.1144     73.205     41.188  33.064517     8.7531      7.310   232.6997 5.4519e+00     2.5686      3.886      5.636    15.1465   999.1149 0.0000e+00
      3.962 2.9887e-07     5.1217     73.483     41.143  33.027777     8.7109      7.307   231.4156 5.4426e+00     2.5669      3.886      5.636    15.1355   999.1166 0.0000e+00
      3.962      0.000     5.1226     73.778     41.175  33.052647     8.6644      7.304   230.9619 5.4476e+00     2.6215      3.886      5.636    15.1290   999.1175 0.0000e+00
      3.962      0.000     5.1297     74.091     41.170  33.047967     8.6484      7.302   230.9143 5.4466e+00     2.6453      3.886      5.636    15.1323   999.1171 0.0000e+00
      3.962      0.000     5.1495     74.370     41.076  32.971181     8.6502      7.300   231.0121 5.4440e+00     2.6148      3.886      5.636    15.1362   999.1165 0.0000e+00
      3.963      0.001     5.1694     74.550     41.130  33.012540     8.7052      7.299   231.3692 5.4443e+00     2.5953      3.887      5.637    15.1333   999.1169 0.0000e+00
      3.963      0.005     5.1891     74.587     41.323  33.167334     8.8180      7.299   230.4137 5.4290e+00     2.5818      3.887      5.637    15.1334   999.1169 0.0000e+00
      3.963      0.010     5.2132     74.484     41.352  33.193068     8.8888      7.301   228.3219 5.4183e+00     2.5885      3.887      5.637    15.1336   999.1168 0.0000e+00
      3.964      0.016     5.2350     74.316     41.194  33.069884     8.9122      7.303   227.3288 5.4092e+00     2.6079      3.886      5.637    15.1298   999.1174 0.0000e+00
      3.968      0.021     5.2489     74.152     41.196  33.073846     8.9013      7.304   227.6991 5.3637e+00     2.5750      3.890      5.642    15.1277   999.1178 0.0000e+00
      3.976      0.026     5.2520     73.975     41.406  33.240973     8.7286      7.305   228.4969 5.2676e+00     2.6722      3.898      5.653    15.1276   999.1179 0.0000e+00
      3.987      0.030     5.2420     73.762     41.500  33.313979     8.4354      7.304   228.8870 5.1516e+00     2.9250      3.910      5.670    15.1293   999.1177 0.0000e+00
      3.997      0.031     5.2269     73.554     41.435  33.258600     8.2840      7.302   228.0274 5.0673e+00     3.0566      3.921      5.686    15.1363   999.1166 0.0000e+00
      4.005      0.029     5.2160     73.367     41.455  33.269347     8.2719      7.299   226.3635 5.0025e+00     3.0618      3.928      5.697    15.1399   999.1161 0.0000e+00
      4.012      0.024     5.2058     73.189     41.609  33.380459     8.2311      7.297   225.3744 4.9332e+00     3.0218      3.934      5.706    15.1363   999.1168 0.0000e+00
