Data/DataNotYetUploadedToEDI/Raw_CTD/RawDownloads/072020_fcr50.cnv
* Sea-Bird SBE19plus  Data File:
* FileName = C:\DATA\072020_fcr50_0001.hex
* Software version 2.8.0.119
* Temperature SN = 7809
* Conductivity SN = 7809
* System UpLoad Time = Jul 20 2020 10:41:36
* <ApplicationData>
* <Seaterm232>
# nquan = 16
# nvalues = 6743                        
# units = specified
# name 0 = depFM: Depth [fresh water, m]
# name 1 = dz/dtM: Descent Rate [m/s]
# name 2 = sbeox0ML/L: Oxygen, SBE 43 [ml/l]
# name 3 = sbeox0PS: Oxygen, SBE 43 [% saturation]
# name 4 = specc: Specific Conductance [uS/cm]
# name 5 = c0uS/cm: Conductivity [uS/cm]
# name 6 = flECO-AFL: Fluorescence, WET Labs ECO-AFL/FL [mg/m^3]
# name 7 = ph: pH
# name 8 = orp: Oxidation Reduction Potential [mV]
# name 9 = par/sat/log: PAR/Logarithmic, Satlantic
# name 10 = turbWETntu0: Turbidity, WET Labs ECO [NTU]
# name 11 = prdM: Pressure, Strain Gauge [db]
# name 12 = prdE: Pressure, Strain Gauge [psi]
# name 13 = tv290C: Temperature [ITS-90, deg C]
# name 14 = density00: Density [density, kg/m^3]
# name 15 = flag:  0.000e+00
# span 0 =     -0.640,      9.740       
# span 1 =     -0.446,      3.857       
# span 2 =    -0.0249,    11.7373       
# span 3 =     -0.230,    187.744       
# span 4 =      0.713,    346.656       
# span 5 =   0.791278, 251.466195       
# span 6 =    -1.9116,    26.1260       
# span 7 =     -1.944,      9.187       
# span 8 = -1240.7455,   476.8783       
# span 9 = 1.2342e-01, 1.7130e+03       
# span 10 =    -7.9183,   868.5495      
# span 11 =     -0.627,      9.553      
# span 12 =     -0.910,     13.855      
# span 13 =    10.7164,    30.5427      
# span 14 =   995.4913,   999.7670      
# span 15 = 0.0000e+00, 0.0000e+00      
# interval = seconds: 0.25
# start_time = Jul 19 2020 21:02:02 [Instrument's time stamp, header]
# bad_flag = -9.990e-29
*END*
[from data line 4068]
      7.926      0.000     0.9013     11.603     45.384  32.470180     2.8209      6.304   244.7909 1.2368e-01     8.0479      7.773     11.274    10.7622   999.6861 0.0000e+00
      7.926      0.001     0.8972     11.598     45.391  32.477195     2.8183      6.303   244.8719 1.2368e-01     8.0434      7.773     11.274    10.7649   999.6858 0.0000e+00
      7.927      0.001     0.8996     11.591     45.397  32.485269     2.8198      6.302   244.9909 1.2364e-01     7.9618      7.773     11.274    10.7665   999.6857 0.0000e+00
      7.927      0.001     0.9003     11.617     45.418  32.504350     2.8581      6.302   245.1114 1.2358e-01     7.8845      7.774     11.275    10.7684   999.6855 0.0000e+00
      7.927      0.002     0.8998     11.652     45.433  32.517560     2.9002      6.302   245.2112 1.2354e-01     7.8307      7.774     11.275    10.7699   999.6853 0.0000e+00
      7.927      0.003     0.9005     11.637     45.431  32.518090     2.8996      6.301   245.2503 1.2355e-01     7.7575      7.774     11.275    10.7721   999.6851 0.0000e+00
      7.927      0.006     0.8971     11.609     45.421  32.510763     2.8704      6.300   244.8963 1.2357e-01     7.7197      7.774     11.275    10.7761   999.6847 0.0000e+00
      7.928      0.009     0.9000     11.604     45.401  32.492418     2.8422      6.300   244.3723 1.2359e-01     7.7518      7.775     11.277    10.7810   999.6842 0.0000e+00
      7.931      0.012     0.9062     11.605     45.404  32.486633     2.8169      6.301   244.3359 1.2363e-01     7.8033      7.777     11.280    10.7840   999.6840 0.0000e+00
      7.935      0.015     0.9025     11.615     45.442  32.504249     2.8127      6.301   244.5422 1.2365e-01     7.7922      7.782     11.287    10.7852   999.6839 0.0000e+00
      7.940      0.017     0.8986     11.622     45.469  32.515057     2.8194      6.301   244.8007 1.2366e-01     7.7552      7.787     11.294    10.7868   999.6837 0.0000e+00
      7.945      0.018     0.9003     11.615     45.442  32.490397     2.8313      6.301   245.0528 1.2368e-01     7.7682      7.792     11.300    10.7836   999.6841 0.0000e+00
      7.951      0.017     0.8996     11.626     45.402  32.459883     2.8616      6.302   244.6653 1.2370e-01     7.8117      7.797     11.308    10.7737   999.6851 0.0000e+00
      7.956      0.015     0.9007     11.634     45.408  32.463363     2.8901      6.302   243.9006 1.2368e-01     7.8351      7.803     11.318    10.7619   999.6863 0.0000e+00
      7.960      0.012     0.9034     11.617     45.417  32.469027     2.8983      6.301   243.7225 1.2363e-01     7.8106      7.807     11.323    10.7514   999.6874 0.0000e+00
      7.963      0.009     0.8998     11.607     45.413  32.464914     2.8662      6.300   244.1470 1.2357e-01     7.8245      7.809     11.325    10.7456   999.6879 0.0000e+00
      7.963      0.006     0.9023     11.596     45.432  32.477073     2.8256      6.299   244.6448 1.2361e-01     7.9000      7.809     11.326    10.7443   999.6880 0.0000e+00
      7.964      0.004     0.9048     11.582     45.451  32.489148     2.8172      6.300   244.8368 1.2365e-01     7.9678      7.810     11.327    10.7446   999.6880 0.0000e+00
      7.964      0.002     0.9002     11.587     45.445  32.484004     2.8218      6.300   244.4895 1.2355e-01     8.0268      7.810     11.328    10.7435   999.6881 0.0000e+00
      7.965      0.002     0.9014     11.607     45.438  32.478331     2.8146      6.300   243.8019 1.2354e-01     8.0283      7.811     11.328    10.7414   999.6883 0.0000e+00
      7.966      0.002     0.9004     11.618     45.446  32.484004     2.7975      6.300   243.4920 1.2359e-01     7.9863      7.812     11.330    10.7394   999.6885 0.0000e+00
      7.966      0.002     0.8979     11.618     45.453  32.489148     2.7962      6.300   243.5810 1.2364e-01     7.9659      7.812     11.330    10.7379   999.6887 0.0000e+00
      7.966      0.003     0.8993     11.627     45.437  32.477082     2.8087      6.299   243.6741 1.2370e-01     7.9876      7.812     11.330    10.7369   999.6888 0.0000e+00
      7.967      0.005     0.9009     11.635     45.420  32.465007     2.8244      6.298   243.9292 1.2369e-01     8.0085      7.812     11.331    10.7366   999.6888 0.0000e+00
      7.968      0.006     0.9028     11.631     45.427  32.470046     2.8428      6.298   244.0845 1.2362e-01     7.9782      7.813     11.332    10.7368   999.6888 0.0000e+00
      7.969      0.006     0.9010     11.626     45.432  32.474566     2.8595      6.298   243.8310 1.2360e-01     7.9652      7.814     11.334    10.7363   999.6889 0.0000e+00
      7.972      0.006     0.9027     11.612     45.405  32.456205     2.8737      6.299   243.5309 1.2364e-01     7.9881      7.818     11.339    10.7357   999.6889 0.0000e+00
      7.974      0.006     0.9039     11.600     45.378  32.438390     2.8808      6.299   243.4672 1.2369e-01     7.9801      7.821     11.344    10.7360   999.6889 0.0000e+00
      7.976      0.005     0.9024     11.596     45.392  32.449520     2.8691      6.298   243.6639 1.2373e-01     7.9377      7.821     11.344    10.7361   999.6889 0.0000e+00
      7.976      0.004     0.9032     11.600     45.408  32.463873     2.8469      6.298   243.8444 1.2372e-01     7.9211      7.821     11.344    10.7368   999.6888 0.0000e+00
      7.977      0.003     0.9011     11.627     45.431  32.485043     2.8417      6.297   243.8426 1.2367e-01     7.9164      7.823     11.346    10.7385   999.6887 0.0000e+00
      7.977      0.003     0.9002     11.685     45.464  32.515138     2.8445      6.296   243.8142 1.2365e-01     7.9159      7.823     11.347    10.7396   999.6885 0.0000e+00
      7.977      0.006     0.8996     11.721     45.451  32.510514     2.7565      6.296   243.7597 1.2364e-01     7.8808      7.822     11.345    10.7409   999.6884 0.0000e+00
      7.977      0.012     0.9004     11.731     45.422  32.492587     2.5778      6.296   243.8709 1.2363e-01     7.7673      7.823     11.346    10.7435   999.6881 0.0000e+00
      7.978      0.021     0.9001     11.738     45.417  32.488729     2.4770      6.296   244.1263 1.2364e-01     7.7106      7.824     11.347    10.7491   999.6876 0.0000e+00
      7.982      0.031     0.9079     11.711     45.386  32.463871     2.4632      6.295   244.2661 1.2366e-01     7.7444      7.825     11.349    10.7573   999.6869 0.0000e+00
      7.992      0.038     0.9109     11.675     45.368  32.445820     2.3826      6.293   244.5292 1.2361e-01     7.7988      7.834     11.361    10.7638   999.6862 0.0000e+00
      8.008      0.042     0.9081     11.638     45.397  32.460816     2.2269      6.289   244.8978 1.2349e-01     7.8523      7.852     11.389    10.7653   999.6861 0.0000e+00
      8.026      0.046     0.9137     11.612     45.397  32.454840     2.1357      6.287   244.9375 1.2344e-01     7.8419      7.874     11.420    10.7646   999.6864 0.0000e+00
      8.039      0.047     0.9074     11.606     45.379  32.437006     2.1383      6.287   244.7516 1.2354e-01     7.7764      7.886     11.438    10.7627   999.6866 0.0000e+00
      8.046      0.047     0.9064     11.588     45.382  32.435531     2.2774      6.287   244.6283 1.2363e-01     7.7464      7.889     11.442    10.7568   999.6871 0.0000e+00
      8.053      0.042     0.9034     11.588     45.387  32.437006     2.5204      6.286   244.6521 1.2367e-01     7.7544      7.895     11.450    10.7487   999.6880 0.0000e+00
      8.065      0.037     0.8993     11.603     45.414  32.454832     2.6538      6.284   245.0394 1.2371e-01     7.7702      7.907     11.469    10.7418   999.6887 0.0000e+00
      8.080      0.035     0.9031     11.590     45.424  32.460712     2.6688      6.284   245.5248 1.2375e-01     7.7660      7.925     11.494    10.7373   999.6892 0.0000e+00
      8.091      0.035     0.8980     11.566     45.402  32.444656     2.6548      6.283   245.6172 1.2371e-01     7.7030      7.939     11.514    10.7339   999.6897 0.0000e+00
      8.095      0.033     0.8988     11.579     45.412  32.451050     2.6275      6.282   245.4686 1.2366e-01     7.6270      7.939     11.515    10.7312   999.6899 0.0000e+00
      8.098      0.028     0.9024     11.600     45.446  32.474565     2.6147      6.282   245.3627 1.2365e-01     7.5684      7.937     11.511    10.7292   999.6902 0.0000e+00
      8.107      0.023     0.9006     11.593     45.447  32.475171     2.6152      6.282   245.3682 1.2365e-01     7.5092      7.949     11.529    10.7283   999.6903 0.0000e+00
      8.119      0.020     0.8959     11.600     45.423  32.458376     2.6042      6.282   245.5362 1.2365e-01     7.4606      7.965     11.552    10.7280   999.6904 0.0000e+00
      8.124      0.019     0.8986     11.621     45.428  32.461856     2.6161      6.283   245.8447 1.2361e-01     7.5296      7.969     11.558    10.7273   999.6905 0.0000e+00
      8.124      0.016     0.9028     11.624     45.417  32.453791     2.6636      6.284   246.0018 1.2359e-01     7.7262      7.966     11.554    10.7263   999.6905 0.0000e+00
      8.126      0.014     0.8989     11.610     45.376  32.424317     2.6926      6.285   245.9728 1.2363e-01     7.8127      7.968     11.556    10.7262   999.6906 0.0000e+00
      8.128      0.013     0.8998     11.570     45.373  32.422738     2.6893      6.285   245.9235 1.2360e-01     7.7512      7.972     11.562    10.7266   999.6905 0.0000e+00
      8.131      0.014     0.9035     11.516     45.390  32.434699     2.6618      6.284   245.7504 1.2355e-01     7.7376      7.973     11.564    10.7265   999.6906 0.0000e+00
      8.136      0.016     0.9023     11.487     45.401  32.442037     2.6179      6.284   245.6868 1.2361e-01     7.8190      7.977     11.569    10.7261   999.6906 0.0000e+00
      8.143      0.016     0.9025     11.475     45.409  32.448003     2.5974      6.285   245.9286 1.2375e-01     7.8771      7.986     11.583    10.7263   999.6906 0.0000e+00
      8.148      0.016     0.8991     11.447     45.402  32.443388     2.6149      6.285   246.0926 1.2373e-01     7.8573      7.992     11.592    10.7265   999.6906 0.0000e+00
      8.149      0.017     0.8928     11.421     45.411  32.449681     2.6382      6.286   246.0347 1.2362e-01     7.8195      7.991     11.590    10.7263   999.6907 0.0000e+00
      8.152      0.017     0.8913     11.441     45.425  32.460645     2.6786      6.286   245.9167 1.2361e-01     7.8665      7.992     11.592    10.7261   999.6907 0.0000e+00
      8.157      0.018     0.8916     11.482     45.409  32.449058     2.7696      6.286   245.8705 1.2364e-01     8.1167      7.998     11.601    10.7260   999.6907 0.0000e+00
      8.163      0.020     0.8898     11.503     45.391  32.436478     2.8612      6.286   245.9066 1.2364e-01     8.4068      8.005     11.610    10.7262   999.6907 0.0000e+00
      8.168      0.021     0.8839     11.489     45.390  32.435438     2.8801      6.286   245.9230 1.2365e-01     8.4222      8.010     11.617    10.7262   999.6908 0.0000e+00
      8.174      0.021     0.8883     11.469     45.392  32.436488     2.8551      6.286   245.9834 1.2364e-01     8.2682      8.015     11.625    10.7269   999.6907 0.0000e+00
      8.180      0.020     0.8918     11.474     45.411  32.449173     2.8640      6.285   246.0349 1.2357e-01     8.2603      8.023     11.636    10.7278   999.6907 0.0000e+00
      8.186      0.017     0.8944     11.472     45.430  32.461913     2.8924      6.284   245.9427 1.2351e-01     8.3618      8.029     11.645    10.7280   999.6906 0.0000e+00
      8.190      0.014     0.8927     11.461     45.433  32.463629     2.8740      6.284   245.8152 1.2354e-01     8.2936      8.032     11.649    10.7271   999.6907 0.0000e+00
      8.192      0.011     0.8884     11.445     45.442  32.469923     2.8325      6.284   245.7840 1.2359e-01     8.1231      8.035     11.653    10.7258   999.6909 0.0000e+00
      8.194      0.009     0.8924     11.451     45.448  32.474556     2.8191      6.284   245.8233 1.2362e-01     8.0853      8.036     11.655    10.7251   999.6910 0.0000e+00
      8.195      0.009     0.8903     11.485     45.422  32.456204     2.8367      6.284   245.9459 1.2361e-01     8.1455      8.036     11.656    10.7242   999.6911 0.0000e+00
      8.196      0.010     0.8907     11.482     45.396  32.438376     2.8451      6.285   246.0619 1.2353e-01     8.1643      8.038     11.658    10.7239   999.6911 0.0000e+00
      8.198      0.013     0.8883     11.455     45.411  32.449340     2.8065      6.285   246.0210 1.2351e-01     8.0388      8.040     11.660    10.7244   999.6911 0.0000e+00
      8.202      0.016     0.8869     11.449     45.426  32.461872     2.7609      6.285   245.9684 1.2353e-01     7.8637      8.042     11.664    10.7246   999.6911 0.0000e+00
      8.207      0.018     0.8942     11.451     45.425  32.463011     2.7417      6.286   246.0278 1.2356e-01     7.7632      8.048     11.672    10.7248   999.6911 0.0000e+00
      8.214      0.020     0.8925     11.461     45.422  32.463114     2.7550      6.286   246.1371 1.2357e-01     7.7846      8.055     11.683    10.7255   999.6910 0.0000e+00
      8.220      0.022     0.8877     11.463     45.421  32.463124     2.8180      6.285   246.1708 1.2356e-01     7.8816      8.062     11.692    10.7265   999.6910 0.0000e+00
      8.224      0.022     0.8897     11.453     45.421  32.463125     2.8739      6.284   246.0913 1.2356e-01     7.9061      8.065     11.698    10.7280   999.6908 0.0000e+00
      8.229      0.022     0.8881     11.457     45.422  32.463125     2.8677      6.284   246.0365 1.2355e-01     7.9104      8.069     11.703    10.7303   999.6906 0.0000e+00
      8.235      0.021     0.8901     11.460     45.425  32.463125     2.8663      6.284   246.0237 1.2355e-01     8.0364      8.076     11.713    10.7325   999.6905 0.0000e+00
      8.242      0.021     0.8908     11.459     45.427  32.463115     2.8580      6.285   246.1090 1.2356e-01     8.2619      8.083     11.724    10.7342   999.6903 0.0000e+00
      8.247      0.021     0.8877     11.455     45.428  32.463001     2.7769      6.285   246.3799 1.2362e-01     8.3706      8.089     11.731    10.7343   999.6903 0.0000e+00
      8.251      0.021     0.8901     11.446     45.428  32.461753     2.6865      6.284   246.5462 1.2368e-01     8.2523      8.091     11.736    10.7324   999.6905 0.0000e+00
      8.256      0.021     0.8899     11.454     45.409  32.448023     2.6237      6.284   246.4846 1.2368e-01     8.1372      8.095     11.741    10.7299   999.6908 0.0000e+00
      8.261      0.020     0.8894     11.478     45.374  32.423892     2.5419      6.284   246.4946 1.2365e-01     8.1804      8.101     11.749    10.7280   999.6910 0.0000e+00
      8.267      0.020     0.8903     11.508     45.372  32.423778     2.4314      6.284   246.5816 1.2361e-01     8.1903      8.107     11.759    10.7267   999.6912 0.0000e+00
      8.273      0.020     0.8876     11.533     45.402  32.446651     2.3654      6.285   246.5904 1.2356e-01     8.0849      8.114     11.768    10.7260   999.6913 0.0000e+00
      8.278      0.020     0.8891     11.554     45.401  32.446650     2.3638      6.285   246.6864 1.2351e-01     8.0051      8.119     11.776    10.7258   999.6913 0.0000e+00
      8.282      0.021     0.8910     11.579     45.368  32.423767     2.5556      6.284   246.8828 1.2354e-01     8.0841      8.122     11.780    10.7270   999.6912 0.0000e+00
      8.287      0.022     0.8934     11.583     45.367  32.423776     2.9478      6.284   246.9858 1.2358e-01     8.3188      8.125     11.786    10.7288   999.6910 0.0000e+00
      8.292      0.023     0.8962     11.563     45.400  32.446755     3.1578      6.285   246.9854 1.2358e-01     8.3709      8.131     11.793    10.7298   999.6910 0.0000e+00
      8.299      0.023     0.8958     11.531     45.403  32.447806     3.1306      6.285   246.9635 1.2356e-01     8.1993      8.138     11.803    10.7305   999.6909 0.0000e+00
