Data/DataNotYetUploadedToEDI/Raw_CTD/RawDownloads/072020_fcr50.cnv
* Sea-Bird SBE19plus  Data File:
* FileName = C:\DATA\072020_fcr50_0001.hex
* Software version 2.8.0.119
* Temperature SN = 7809
* Conductivity SN = 7809
* System UpLoad Time = Jul 20 2020 10:41:36
* <ApplicationData>
* <Seaterm232>
# nquan = 16
# nvalues = 6743                        
# units = specified
# name 0 = depFM: Depth [fresh water, m]
# name 1 = dz/dtM: Descent Rate [m/s]
# name 2 = sbeox0ML/L: Oxygen, SBE 43 [ml/l]
# name 3 = sbeox0PS: Oxygen, SBE 43 [% saturation]
# name 4 = specc: Specific Conductance [uS/cm]
# name 5 = c0uS/cm: Conductivity [uS/cm]
# name 6 = flECO-AFL: Fluorescence, WET Labs ECO-AFL/FL [mg/m^3]
# name 7 = ph: pH
# name 8 = orp: Oxidation Reduction Potential [mV]
# name 9 = par/sat/log: PAR/Logarithmic, Satlantic
# name 10 = turbWETntu0: Turbidity, WET Labs ECO [NTU]
# name 11 = prdM: Pressure, Strain Gauge [db]
# name 12 = prdE: Pressure, Strain Gauge [psi]
# name 13 = tv290C: Temperature [ITS-90, deg C]
# name 14 = density00: Density [density, kg/m^3]
# name 15 = flag:  0.000e+00
# span 0 =     -0.640,      9.740       
# span 1 =     -0.446,      3.857       
# span 2 =    -0.0249,    11.7373       
# span 3 =     -0.230,    187.744       
# span 4 =      0.713,    346.656       
# span 5 =   0.791278, 251.466195       
# span 6 =    -1.9116,    26.1260       
# span 7 =     -1.944,      9.187       
# span 8 = -1240.7455,   476.8783       
# span 9 = 1.2342e-01, 1.7130e+03       
# span 10 =    -7.9183,   868.5495      
# span 11 =     -0.627,      9.553      
# span 12 =     -0.910,     13.855      
# span 13 =    10.7164,    30.5427      
# span 14 =   995.4913,   999.7670      
# span 15 = 0.0000e+00, 0.0000e+00      
# interval = seconds: 0.25
# start_time = Jul 19 2020 21:02:02 [Instrument's time stamp, header]
# bad_flag = -9.990e-29
*END*
[from data line 2080]
      3.241      0.015     4.9962     82.881     32.619  29.780349     4.3912      8.012   220.4463 1.4033e+01     2.4499      3.180      4.611    20.8338   998.0606 0.0000e+00
      3.245      0.015     5.0648     82.687     32.674  29.795817     4.2850      8.014   220.5584 1.3975e+01     2.3940      3.182      4.614    20.8402   998.0593 0.0000e+00
      3.249      0.016     5.1365     82.152     32.717  29.807814     4.2322      8.017   220.7974 1.3883e+01     2.3679      3.186      4.620    20.7807   998.0720 0.0000e+00
      3.253      0.018     5.1920     81.413     32.733  29.798492     4.2383      8.017   221.0128 1.3818e+01     2.4086      3.192      4.629    20.7073   998.0877 0.0000e+00
      3.257      0.018     5.2180     80.589     32.764  29.809947     4.2350      8.017   221.0988 1.3766e+01     2.4060      3.194      4.632    20.6390   998.1023 0.0000e+00
      3.262      0.018     5.2064     79.803     32.778  29.819413     4.2313      8.018   221.0622 1.3655e+01     2.3710      3.197      4.637    20.5859   998.1137 0.0000e+00
      3.269      0.019     5.1741     79.195     32.734  29.786058     4.2316      8.020   221.0864 1.3538e+01     2.3621      3.207      4.651    20.5493   998.1215 0.0000e+00
      3.274      0.019     5.1287     78.873     32.730  29.787307     4.2294      8.022   221.0484 1.3489e+01     2.3678      3.213      4.659    20.5127   998.1293 0.0000e+00
      3.277      0.019     5.0777     78.762     32.776  29.834520     4.2424      8.022   221.0319 1.3441e+01     2.4052      3.212      4.659    20.4755   998.1371 0.0000e+00
      3.281      0.019     5.0260     78.720     32.787  29.849400     4.3317      8.022   221.4893 1.3343e+01     2.5055      3.217      4.665    20.4747   998.1373 0.0000e+00
      3.287      0.018     4.9805     78.696     32.792  29.840354     4.4695      8.019   222.2764 1.3264e+01     2.5842      3.224      4.675    20.4966   998.1328 0.0000e+00
      3.292      0.016     4.9632     78.631     32.838  29.852008     4.5260      8.016   222.6339 1.3208e+01     2.5674      3.228      4.682    20.5013   998.1318 0.0000e+00
      3.297      0.014     4.9602     78.396     32.888  29.863378     4.5275      8.013   222.5423 1.3148e+01     2.5768      3.234      4.691    20.5032   998.1314 0.0000e+00
      3.302      0.011     4.9553     77.996     32.910  29.850904     4.5260      8.010   222.3737 1.3118e+01     2.6295      3.239      4.697    20.5282   998.1261 0.0000e+00
      3.303      0.008     4.9558     77.552     32.917  29.828029     4.4899      8.006   222.2288 1.3106e+01     2.6213      3.239      4.698    20.5084   998.1303 0.0000e+00
      3.304      0.004     4.9632     77.111     32.956  29.840511     4.4529      8.004   222.5980 1.3100e+01     2.5803      3.240      4.699    20.4449   998.1437 0.0000e+00
      3.304      0.002     4.9531     76.752     33.009  29.874908     4.4410      8.002   223.3105 1.3101e+01     2.5458      3.240      4.699    20.3972   998.1538 0.0000e+00
      3.304      0.001     4.9269     76.597     33.004  29.863270     4.4506      7.997   223.7016 1.3092e+01     2.5130      3.240      4.699    20.3470   998.1644 0.0000e+00
      3.304      0.001     4.9054     76.712     32.968  29.826667     4.4733      7.993   223.8850 1.3075e+01     2.4590      3.240      4.699    20.2994   998.1744 0.0000e+00
      3.304      0.001     4.8781     77.017     32.956  29.812970     4.4780      7.991   223.8940 1.3064e+01     2.4071      3.240      4.699    20.2633   998.1819 0.0000e+00
      3.305      0.002     4.8544     77.337     32.972  29.824542     4.4592      7.990   223.8096 1.3066e+01     2.4015      3.241      4.701    20.2432   998.1861 0.0000e+00
      3.305      0.003     4.8432     77.568     32.990  29.839697     4.4186      7.988   223.8967 1.3066e+01     2.4254      3.241      4.701    20.2358   998.1876 0.0000e+00
      3.305      0.004     4.8524     77.659     33.022  29.869334     4.3686      7.985   223.9156 1.3062e+01     2.4552      3.241      4.701    20.2309   998.1887 0.0000e+00
      3.306      0.005     4.8784     77.567     33.085  29.929124     4.3501      7.982   224.0379 1.3057e+01     2.4872      3.242      4.703    20.2258   998.1897 0.0000e+00
      3.309      0.006     4.9002     77.322     33.079  29.928216     4.3568      7.980   224.5150 1.3027e+01     2.4683      3.244      4.705    20.2209   998.1908 0.0000e+00
      3.311      0.009     4.9159     77.025     33.008  29.858370     4.3540      7.979   224.9524 1.2994e+01     2.3985      3.247      4.710    20.2198   998.1910 0.0000e+00
      3.313      0.011     4.9231     76.732     32.997  29.845884     4.3355      7.977   225.1102 1.2979e+01     2.3995      3.249      4.712    20.2207   998.1908 0.0000e+00
      3.314      0.012     4.9171     76.438     33.036  29.904119     4.3145      7.977   224.9603 1.2928e+01     2.4119      3.249      4.712    20.2200   998.1910 0.0000e+00
      3.318      0.016     4.8956     76.129     33.042  29.928132     4.2998      7.979   224.3444 1.2840e+01     2.3767      3.254      4.720    20.2433   998.1862 0.0000e+00
      3.323      0.022     4.8773     75.817     33.012  29.882489     4.2910      7.979   223.7729 1.2786e+01     2.3852      3.260      4.729    20.2296   998.1890 0.0000e+00
      3.327      0.027     4.8625     75.495     33.010  29.859737     4.4095      7.974   223.9012 1.2730e+01     2.4464      3.262      4.731    20.1916   998.1969 0.0000e+00
      3.333      0.030     4.8385     75.092     33.032  29.906767     4.6547      7.963   224.4326 1.2595e+01     2.5677      3.266      4.736    20.2563   998.1834 0.0000e+00
      3.343      0.032     4.8126     74.606     33.028  29.943647     4.7855      7.954   224.9485 1.2394e+01     2.6501      3.277      4.753    20.3184   998.1706 0.0000e+00
      3.358      0.032     4.7976     74.215     33.026  29.925078     4.7896      7.950   225.3208 1.2228e+01     2.6176      3.295      4.779    20.2604   998.1828 0.0000e+00
      3.368      0.031     4.7877     74.112     33.094  29.935983     4.7232      7.949   225.2351 1.2165e+01     2.5876      3.306      4.795    20.1806   998.1994 0.0000e+00
      3.372      0.030     4.7566     74.287     33.212  30.011981     4.5928      7.947   224.7729 1.2117e+01     2.5961      3.306      4.796    20.2488   998.1852 0.0000e+00
      3.375      0.028     4.7092     74.645     33.256  30.019221     4.5293      7.946   224.6365 1.2031e+01     2.6178      3.309      4.799    20.3769   998.1584 0.0000e+00
      3.382      0.025     4.6824     75.184     33.266  29.960045     4.5461      7.945   224.7040 1.1953e+01     2.6088      3.316      4.811    20.3261   998.1690 0.0000e+00
      3.389      0.024     4.6901     75.940     33.369  29.994220     4.6532      7.943   224.7288 1.1863e+01     2.5564      3.324      4.821    20.1926   998.1971 0.0000e+00
      3.397      0.023     4.7061     76.884     33.454  30.051700     4.8513      7.940   225.0226 1.1752e+01     2.5680      3.331      4.832    20.1770   998.2004 0.0000e+00
      3.405      0.022     4.7288     77.888     33.439  30.020623     4.9763      7.936   225.4169 1.1680e+01     2.6117      3.341      4.845    20.1679   998.2024 0.0000e+00
      3.410      0.019     4.7762     78.793     33.461  29.999084     4.9920      7.933   225.4522 1.1650e+01     2.6046      3.345      4.851    20.0164   998.2338 0.0000e+00
      3.412      0.015     4.8357     79.448     33.536  30.044976     4.9179      7.929   225.1911 1.1615e+01     2.5849      3.346      4.853    19.9003   998.2577 0.0000e+00
      3.415      0.011     4.8977     79.689     33.539  30.067952     4.7859      7.924   225.0136 1.1585e+01     2.5793      3.349      4.858    19.9156   998.2546 0.0000e+00
      3.418      0.009     4.9662     79.425     33.484  30.023156     4.7307      7.921   224.9406 1.1556e+01     2.6059      3.351      4.861    19.9101   998.2557 0.0000e+00
      3.421      0.007     5.0362     78.687     33.511  30.010880     4.7464      7.920   224.9962 1.1527e+01     2.6314      3.354      4.866    19.8126   998.2757 0.0000e+00
      3.422      0.007     5.0892     77.626     33.606  30.046360     4.7459      7.918   225.1699 1.1516e+01     2.6129      3.356      4.868    19.7478   998.2890 0.0000e+00
      3.422      0.007     5.0978     76.477     33.682  30.071432     4.6779      7.915   225.4928 1.1503e+01     2.5200      3.356      4.867    19.8377   998.2706 0.0000e+00
      3.423      0.007     5.0774     75.435     33.781  30.123647     4.5724      7.913   225.9751 1.1480e+01     2.3661      3.357      4.869    19.8610   998.2658 0.0000e+00
      3.425      0.008     5.0368     74.610     33.868  30.170119     4.5384      7.913   226.2687 1.1454e+01     2.2969      3.358      4.871    19.7692   998.2846 0.0000e+00
      3.427      0.010     4.9691     74.052     33.854  30.125758     4.5726      7.911   226.3759 1.1432e+01     2.3704      3.361      4.874    19.6978   998.2992 0.0000e+00
      3.430      0.011     4.8982     73.782     33.842  30.094759     4.7184      7.908   226.2388 1.1405e+01     2.4649      3.363      4.879    19.6307   998.3128 0.0000e+00
      3.434      0.011     4.8342     73.811     33.914  30.175929     4.9578      7.904   225.9014 1.1355e+01     2.5119      3.367      4.884    19.5771   998.3237 0.0000e+00
      3.437      0.010     4.7840     74.101     33.927  30.219039     5.0827      7.899   226.2549 1.1294e+01     2.5271      3.370      4.889    19.5386   998.3315 0.0000e+00
      3.441      0.009     4.7533     74.588     33.875  30.171958     5.1112      7.895   227.2424 1.1260e+01     2.5459      3.375      4.895    19.4873   998.3419 0.0000e+00
      3.443      0.008     4.7401     75.157     33.882  30.177637     5.1985      7.893   227.7745 1.1248e+01     2.5678      3.377      4.898    19.4293   998.3534 0.0000e+00
      3.443      0.007     4.7399     75.666     33.895  30.224260     5.3183      7.891   227.9562 1.1235e+01     2.5518      3.376      4.897    19.4687   998.3456 0.0000e+00
      3.444      0.007     4.7502     76.089     33.803  30.164766     5.3672      7.889   227.9775 1.1233e+01     2.5573      3.377      4.899    19.5668   998.3259 0.0000e+00
      3.445      0.008     4.7869     76.497     33.722  30.092725     5.3697      7.886   227.6016 1.1223e+01     2.6003      3.378      4.900    19.5316   998.3329 0.0000e+00
      3.447      0.009     4.8328     76.958     33.775  30.177933     5.3772      7.883   227.4551 1.1188e+01     2.5917      3.380      4.902    19.4866   998.3420 0.0000e+00
      3.450      0.010     4.8548     77.575     33.780  30.243448     5.3817      7.880   227.8410 1.1123e+01     2.5558      3.381      4.905    19.5981   998.3196 0.0000e+00
      3.455      0.010     4.8747     78.453     33.686  30.187114     5.3864      7.878   228.3090 1.1072e+01     2.5792      3.388      4.916    19.6432   998.3104 0.0000e+00
      3.458      0.009     4.9070     79.574     33.681  30.194686     5.3864      7.876   228.6403 1.1067e+01     2.6342      3.393      4.921    19.5751   998.3242 0.0000e+00
      3.460      0.008     4.9273     80.840     33.736  30.271576     5.4007      7.874   228.8350 1.1064e+01     2.6704      3.392      4.919    19.6454   998.3100 0.0000e+00
      3.461      0.007     4.9474     82.150     33.738  30.292092     5.4351      7.870   228.6836 1.1055e+01     2.6395      3.394      4.923    19.8023   998.2781 0.0000e+00
      3.462      0.007     5.0044     83.423     33.700  30.252454     5.4491      7.867   228.3587 1.1041e+01     2.5698      3.394      4.924    19.8076   998.2770 0.0000e+00
      3.463      0.008     5.0792     84.520     33.702  30.236388     5.4370      7.867   228.3484 1.1009e+01     2.5480      3.396      4.926    19.7957   998.2794 0.0000e+00
      3.465      0.010     5.1551     85.241     33.782  30.288136     5.3935      7.865   228.6457 1.0969e+01     2.5826      3.398      4.929    19.8735   998.2636 0.0000e+00
      3.467      0.011     5.2363     85.450     33.825  30.307141     5.3237      7.861   228.9417 1.0917e+01     2.6441      3.399      4.930    19.9031   998.2575 0.0000e+00
      3.472      0.011     5.3222     85.126     33.820  30.275837     5.2800      7.858   229.0019 1.0865e+01     2.6400      3.405      4.938    19.8859   998.2610 0.0000e+00
      3.476      0.011     5.4013     84.355     33.874  30.290247     5.2653      7.857   228.9434 1.0834e+01     2.5668      3.410      4.946    19.8549   998.2674 0.0000e+00
      3.479      0.011     5.4538     83.217     33.980  30.354441     5.2612      7.854   228.9232 1.0816e+01     2.5486      3.412      4.949    19.8194   998.2747 0.0000e+00
      3.480      0.010     5.4701     81.811     34.084  30.417555     5.2962      7.851   228.5851 1.0804e+01     2.6265      3.413      4.950    19.8030   998.2780 0.0000e+00
      3.481      0.010     5.4504     80.280     34.113  30.418913     5.3652      7.851   228.0381 1.0779e+01     2.6846      3.413      4.950    19.7610   998.2866 0.0000e+00
      3.484      0.011     5.4069     78.758     34.075  30.370823     5.3990      7.850   227.9889 1.0735e+01     2.6328      3.416      4.955    19.6987   998.2993 0.0000e+00
      3.487      0.014     5.3360     77.348     34.054  30.343610     5.3995      7.849   228.2481 1.0697e+01     2.5843      3.420      4.960    19.6626   998.3067 0.0000e+00
      3.490      0.016     5.2468     76.109     34.064  30.343632     5.5238      7.848   228.5907 1.0635e+01     2.6815      3.422      4.963    19.6158   998.3162 0.0000e+00
      3.495      0.017     5.1505     75.051     34.104  30.371079     5.7672      7.845   228.9480 1.0547e+01     2.8468      3.427      4.970    19.5715   998.3252 0.0000e+00
      3.502      0.016     5.0519     74.165     34.170  30.421700     5.8912      7.842   228.8690 1.0483e+01     2.9009      3.435      4.981    19.5568   998.3281 0.0000e+00
      3.507      0.014     4.9609     73.380     34.210  30.448145     5.8882      7.839   228.2373 1.0440e+01     2.8554      3.441      4.990    19.5478   998.3300 0.0000e+00
      3.510      0.013     4.8829     72.614     34.209  30.437048     5.9403      7.838   227.4191 1.0418e+01     2.8110      3.444      4.994    19.5348   998.3327 0.0000e+00
      3.512      0.011     4.8160     71.903     34.190  30.414399     6.0731      7.837   227.1503 1.0423e+01     2.8107      3.445      4.996    19.5220   998.3352 0.0000e+00
      3.513      0.011     4.7611     71.278     34.208  30.428054     6.1682      7.835   227.5684 1.0416e+01     2.8515      3.444      4.996    19.5124   998.3371 0.0000e+00
      3.515      0.011     4.7163     70.680     34.263  30.475263     6.1936      7.834   228.1721 1.0373e+01     2.8579      3.446      4.999    19.4982   998.3401 0.0000e+00
      3.518      0.012     4.6661     70.091     34.272  30.477667     6.3136      7.833   228.4263 1.0323e+01     2.8539      3.449      5.004    19.4804   998.3436 0.0000e+00
      3.522      0.013     4.6194     69.542     34.257  30.457105     6.5506      7.831   228.0613 1.0284e+01     2.8711      3.454      5.010    19.4711   998.3454 0.0000e+00
      3.525      0.013     4.5827     69.071     34.291  30.480413     6.6854      7.828   227.4581 1.0233e+01     2.8596      3.457      5.014    19.4711   998.3456 0.0000e+00
      3.530      0.012     4.5439     68.697     34.329  30.505705     6.7029      7.825   227.0704 1.0173e+01     2.8531      3.462      5.021    19.4698   998.3459 0.0000e+00
      3.534      0.011     4.5063     68.377     34.343  30.509130     6.7052      7.821   226.9878 1.0131e+01     2.8612      3.466      5.027    19.4603   998.3478 0.0000e+00
