Data/DataNotYetUploadedToEDI/Raw_CTD/RawDownloads/072220_ccr50.cnv
* Sea-Bird SBE19plus  Data File:
* FileName = C:\DATA\072220_ccr50_0002.hex
* Software version 2.8.0.119
* Temperature SN = 7809
* Conductivity SN = 7809
* System UpLoad Time = Jul 22 2020 15:30:27
* <ApplicationData>
* <Seaterm232>
# nquan = 16
# nvalues = 4788                        
# units = specified
# name 0 = depFM: Depth [fresh water, m]
# name 1 = dz/dtM: Descent Rate [m/s]
# name 2 = sbeox0ML/L: Oxygen, SBE 43 [ml/l]
# name 3 = sbeox0PS: Oxygen, SBE 43 [% saturation]
# name 4 = specc: Specific Conductance [uS/cm]
# name 5 = c0uS/cm: Conductivity [uS/cm]
# name 6 = flECO-AFL: Fluorescence, WET Labs ECO-AFL/FL [mg/m^3]
# name 7 = ph: pH
# name 8 = orp: Oxidation Reduction Potential [mV]
# name 9 = par/sat/log: PAR/Logarithmic, Satlantic
# name 10 = turbWETntu0: Turbidity, WET Labs ECO [NTU]
# name 11 = prdM: Pressure, Strain Gauge [db]
# name 12 = prdE: Pressure, Strain Gauge [psi]
# name 13 = tv290C: Temperature [ITS-90, deg C]
# name 14 = density00: Density [density, kg/m^3]
# name 15 = flag:  0.000e+00
# span 0 =     -0.448,     21.108       
# span 1 =     -0.220,      0.272       
# span 2 =     0.0202,     7.5294       
# span 3 =      0.376,    122.520       
# span 4 =      1.586,    235.769       
# span 5 =   1.725121, 168.150407       
# span 6 =    -2.5588,     4.1857       
# span 7 =      6.530,      7.814       
# span 8 =  -375.2181,  1146.5665       
# span 9 = 1.2338e-01, 2.5572e+03       
# span 10 =    -4.2452,    92.0974      
# span 11 =     -0.440,     20.700      
# span 12 =     -0.638,     30.023      
# span 13 =     9.3000,    29.6380      
# span 14 =   995.7817,   999.9222      
# span 15 = 0.0000e+00, 0.0000e+00      
# interval = seconds: 0.25
# start_time = Jul 21 2020 21:52:21 [Instrument's time stamp, header]
# bad_flag = -9.990e-29
*END*
[from data line 3526]
     14.681     -0.060     0.0431      0.528    195.660 135.306340    -0.2597      6.824   249.5349 1.2359e-01     3.2493     14.397     20.883     9.5732   999.8792 0.0000e+00
     14.666     -0.049     0.0445      0.543    195.643 135.296010    -0.2542      6.824   249.5770 1.2364e-01     3.2461     14.382     20.858     9.5736   999.8791 0.0000e+00
     14.653     -0.036     0.0473      0.558    195.643 135.297275    -0.2517      6.825   249.6692 1.2364e-01     3.2944     14.368     20.837     9.5741   999.8790 0.0000e+00
     14.645     -0.024     0.0441      0.508    195.677 135.321634    -0.2586      6.825   249.7898 1.2358e-01     3.3859     14.359     20.827     9.5743   999.8789 0.0000e+00
     14.641     -0.013     0.0406      0.445    195.695 135.335444    -0.2610      6.825   249.8308 1.2356e-01     3.4260     14.357     20.823     9.5746   999.8789 0.0000e+00
     14.641     -0.008     0.0424      0.448    195.695 135.336699    -0.2622      6.825   249.9060 1.2366e-01     3.4016     14.358     20.824     9.5749   999.8789 0.0000e+00
     14.643     -0.012     0.0481      0.481    195.694 135.336823    -0.2637      6.825   250.0970 1.2368e-01     3.3307     14.359     20.826     9.5752   999.8789 0.0000e+00
     14.647     -0.023     0.0411      0.501    195.692 135.336938    -0.2688      6.825   250.2476 1.2361e-01     3.2217     14.364     20.834     9.5755   999.8789 0.0000e+00
     14.647     -0.039     0.0319      0.515    195.692 135.338099    -0.2764      6.825   250.3506 1.2360e-01     3.1482     14.369     20.840     9.5758   999.8789 0.0000e+00
     14.635     -0.057     0.0356      0.532    195.708 135.350863    -0.2791      6.825   250.3954 1.2362e-01     3.1291     14.357     20.823     9.5762   999.8788 0.0000e+00
     14.611     -0.075     0.0388      0.536    195.725 135.363723    -0.2821      6.825   250.3585 1.2363e-01     3.1621     14.329     20.783     9.5765   999.8786 0.0000e+00
     14.583     -0.089     0.0405      0.531    195.726 135.366041    -0.2843      6.825   250.3355 1.2362e-01     3.2041     14.300     20.740     9.5768   999.8784 0.0000e+00
     14.556     -0.098     0.0403      0.525    195.743 135.378901    -0.2781      6.826   250.2899 1.2357e-01     3.1906     14.275     20.704     9.5771   999.8783 0.0000e+00
     14.530     -0.100     0.0435      0.508    195.759 135.391665    -0.2732      6.827   250.2370 1.2359e-01     3.1702     14.250     20.668     9.5774   999.8782 0.0000e+00
     14.504     -0.100     0.0428      0.484    195.759 135.392825    -0.2925      6.828   250.2978 1.2360e-01     3.1288     14.222     20.628     9.5778   999.8780 0.0000e+00
     14.479     -0.099     0.0421      0.485    195.758 135.392930    -0.3200      6.828   250.4230 1.2356e-01     3.0682     14.198     20.592     9.5781   999.8778 0.0000e+00
     14.458     -0.096     0.0423      0.520    195.756 135.392950    -0.3294      6.828   250.4604 1.2358e-01     3.0551     14.180     20.566     9.5785   999.8778 0.0000e+00
     14.433     -0.089     0.0408      0.528    195.755 135.393064    -0.3290      6.829   250.4911 1.2363e-01     3.0390     14.156     20.533     9.5788   999.8776 0.0000e+00
     14.403     -0.079     0.0381      0.511    195.755 135.394319    -0.3346      6.829   250.6229 1.2364e-01     3.0110     14.123     20.484     9.5791   999.8774 0.0000e+00
     14.379     -0.070     0.0363      0.511    195.773 135.408120    -0.3307      6.829   250.7634 1.2364e-01     3.0597     14.095     20.443     9.5794   999.8773 0.0000e+00
     14.365     -0.062     0.0434      0.506    195.806 135.432375    -0.3014      6.829   250.8129 1.2359e-01     3.1471     14.085     20.429     9.5798   999.8772 0.0000e+00
     14.359     -0.057     0.0433      0.490    195.804 135.432490    -0.2755      6.829   250.8777 1.2358e-01     3.1747     14.082     20.425     9.5801   999.8772 0.0000e+00
     14.351     -0.055     0.0390      0.490    195.769 135.409519    -0.2653      6.830   251.0307 1.2363e-01     3.1532     14.076     20.416     9.5803   999.8771 0.0000e+00
     14.339     -0.055     0.0415      0.482    195.767 135.409738    -0.2643      6.831   251.1127 1.2364e-01     3.1286     14.064     20.398     9.5808   999.8770 0.0000e+00
     14.320     -0.057     0.0411      0.457    195.802 135.435143    -0.2726      6.831   251.0951 1.2362e-01     3.1511     14.044     20.369     9.5810   999.8769 0.0000e+00
     14.300     -0.058     0.0378      0.462    195.838 135.461593    -0.2797      6.830   251.0766 1.2360e-01     3.1848     14.023     20.339     9.5814   999.8768 0.0000e+00
     14.282     -0.056     0.0392      0.492    195.855 135.474453    -0.2743      6.830   251.1476 1.2358e-01     3.1925     14.005     20.312     9.5818   999.8767 0.0000e+00
     14.268     -0.051     0.0401      0.525    195.836 135.463087    -0.2450      6.831   251.2649 1.2356e-01     3.2788     13.990     20.291     9.5821   999.8766 0.0000e+00
     14.259     -0.046     0.0342      0.550    195.818 135.451712    -0.2116      6.832   251.2898 1.2356e-01     3.4388     13.983     20.280     9.5826   999.8765 0.0000e+00
     14.253     -0.044     0.0365      0.548    195.835 135.464477    -0.2046      6.832   251.2767 1.2360e-01     3.5134     13.978     20.274     9.5828   999.8765 0.0000e+00
     14.244     -0.044     0.0394      0.537    195.870 135.489882    -0.2077      6.832   251.3654 1.2363e-01     3.4944     13.970     20.261     9.5831   999.8764 0.0000e+00
     14.232     -0.045     0.0411      0.515    195.889 135.503787    -0.2199      6.832   251.5016 1.2363e-01     3.4141     13.957     20.243     9.5834   999.8763 0.0000e+00
     14.218     -0.047     0.0458      0.489    195.889 135.505061    -0.2480      6.833   251.5466 1.2362e-01     3.2636     13.943     20.222     9.5837   999.8762 0.0000e+00
     14.204     -0.048     0.0430      0.488    195.888 135.505280    -0.2618      6.833   251.5653 1.2365e-01     3.1853     13.928     20.202     9.5841   999.8761 0.0000e+00
     14.191     -0.049     0.0435      0.498    195.888 135.506441    -0.2626      6.833   251.6415 1.2367e-01     3.1889     13.916     20.183     9.5843   999.8761 0.0000e+00
     14.180     -0.050     0.0417      0.486    195.904 135.519107    -0.2866      6.833   251.7797 1.2362e-01     3.1010     13.905     20.167     9.5846   999.8760 0.0000e+00
     14.170     -0.052     0.0375      0.474    195.919 135.530878    -0.3324      6.833   251.8602 1.2357e-01     2.9812     13.897     20.156     9.5849   999.8759 0.0000e+00
     14.158     -0.053     0.0386      0.504    195.903 135.521218    -0.3582      6.834   251.8405 1.2358e-01     2.9422     13.886     20.140     9.5853   999.8758 0.0000e+00
     14.142     -0.053     0.0408      0.537    195.914 135.529853    -0.3611      6.834   251.8854 1.2367e-01     2.9380     13.870     20.116     9.5856   999.8758 0.0000e+00
     14.124     -0.054     0.0393      0.533    195.972 135.571514    -0.3475      6.835   251.9729 1.2375e-01     2.9993     13.850     20.088     9.5860   999.8756 0.0000e+00
     14.109     -0.056     0.0355      0.524    195.980 135.578524    -0.3084      6.835   252.0377 1.2371e-01     3.1334     13.835     20.066     9.5863   999.8756 0.0000e+00
     14.098     -0.058     0.0399      0.515    195.938 135.550845    -0.2790      6.834   252.0668 1.2365e-01     3.2212     13.826     20.053     9.5866   999.8755 0.0000e+00
     14.088     -0.058     0.0453      0.510    195.943 135.555717    -0.2685      6.834   251.9805 1.2364e-01     3.2369     13.818     20.041     9.5868   999.8754 0.0000e+00
     14.073     -0.058     0.0414      0.519    195.968 135.573656    -0.2577      6.834   251.8554 1.2365e-01     3.2883     13.804     20.021     9.5872   999.8753 0.0000e+00
     14.053     -0.059     0.0421      0.514    195.970 135.576427    -0.2533      6.835   251.8444 1.2364e-01     3.3967     13.782     19.987     9.5876   999.8752 0.0000e+00
     14.035     -0.061     0.0414      0.500    195.986 135.589224    -0.2534      6.835   251.8476 1.2359e-01     3.4490     13.760     19.957     9.5880   999.8750 0.0000e+00
     14.022     -0.064     0.0392      0.506    196.001 135.600843    -0.2590      6.835   251.8078 1.2359e-01     3.4397     13.749     19.942     9.5882   999.8750 0.0000e+00
     14.011     -0.066     0.0426      0.516    195.983 135.589363    -0.2834      6.835   251.8796 1.2359e-01     3.3872     13.741     19.929     9.5886   999.8749 0.0000e+00
     13.996     -0.068     0.0412      0.514    195.965 135.577979    -0.3194      6.835   252.0270 1.2358e-01     3.2610     13.727     19.909     9.5889   999.8748 0.0000e+00
     13.976     -0.070     0.0389      0.519    195.981 135.590744    -0.3318      6.836   252.1275 1.2359e-01     3.1499     13.706     19.878     9.5892   999.8747 0.0000e+00
     13.954     -0.070     0.0401      0.523    196.016 135.616159    -0.3189      6.837   252.2340 1.2356e-01     3.1075     13.684     19.847     9.5895   999.8746 0.0000e+00
     13.933     -0.066     0.0423      0.509    196.035 135.630179    -0.3068      6.837   252.3681 1.2352e-01     3.1266     13.664     19.817     9.5898   999.8744 0.0000e+00
     13.913     -0.059     0.0405      0.519    196.037 135.632708    -0.2989      6.838   252.5446 1.2357e-01     3.2088     13.641     19.785     9.5901   999.8743 0.0000e+00
     13.898     -0.050     0.0408      0.537    196.055 135.646736    -0.2903      6.839   252.7335 1.2363e-01     3.2431     13.625     19.762     9.5904   999.8742 0.0000e+00
     13.891     -0.042     0.0437      0.522    196.090 135.672246    -0.2889      6.840   252.7588 1.2368e-01     3.1985     13.621     19.756     9.5908   999.8742 0.0000e+00
     13.886     -0.036     0.0387      0.495    196.108 135.686056    -0.3104      6.840   252.5925 1.2372e-01     3.2521     13.618     19.752     9.5910   999.8741 0.0000e+00
     13.879     -0.034     0.0408      0.483    196.107 135.686171    -0.3312      6.840   252.4444 1.2372e-01     3.4110     13.611     19.741     9.5914   999.8741 0.0000e+00
     13.870     -0.034     0.0447      0.474    196.087 135.673636    -0.3311      6.840   252.3440 1.2367e-01     3.5068     13.602     19.729     9.5917   999.8740 0.0000e+00
     13.860     -0.037     0.0417      0.452    196.068 135.662051    -0.3277      6.840   252.2386 1.2364e-01     3.5178     13.593     19.715     9.5920   999.8740 0.0000e+00
     13.849     -0.039     0.0391      0.447    196.083 135.673647    -0.3273      6.840   252.2882 1.2368e-01     3.5095     13.582     19.698     9.5924   999.8739 0.0000e+00
     13.838     -0.039     0.0379      0.474    196.099 135.686297    -0.3272      6.841   252.4283 1.2372e-01     3.5098     13.571     19.682     9.5927   999.8738 0.0000e+00
     13.828     -0.040     0.0391      0.517    196.099 135.687446    -0.3265      6.841   252.5557 1.2370e-01     3.5203     13.560     19.667     9.5931   999.8737 0.0000e+00
     13.818     -0.043     0.0351      0.556    196.098 135.687551    -0.3280      6.842   252.7098 1.2366e-01     3.4993     13.550     19.653     9.5934   999.8736 0.0000e+00
     13.809     -0.045     0.0346      0.576    196.096 135.687570    -0.3356      6.842   252.9154 1.2367e-01     3.4279     13.543     19.643     9.5937   999.8736 0.0000e+00
     13.799     -0.048     0.0374      0.581    196.094 135.687676    -0.3239      6.841   253.0626 1.2370e-01     3.3435     13.534     19.630     9.5940   999.8735 0.0000e+00
     13.784     -0.051     0.0413      0.576    196.094 135.688835    -0.2912      6.841   253.1130 1.2364e-01     3.2345     13.519     19.607     9.5943   999.8734 0.0000e+00
     13.769     -0.056     0.0450      0.553    196.111 135.701590    -0.2743      6.841   253.1803 1.2357e-01     3.1402     13.502     19.583     9.5945   999.8733 0.0000e+00
     13.755     -0.060     0.0463      0.512    196.127 135.714335    -0.2716      6.841   253.1883 1.2362e-01     3.1302     13.489     19.564     9.5949   999.8732 0.0000e+00
     13.741     -0.061     0.0464      0.475    196.127 135.715400    -0.2306      6.842   253.2102 1.2368e-01     3.1485     13.476     19.546     9.5953   999.8731 0.0000e+00
     13.724     -0.061     0.0464      0.457    196.124 135.714469    -0.1405      6.842   253.2725 1.2368e-01     3.1555     13.459     19.520     9.5956   999.8730 0.0000e+00
     13.706     -0.060     0.0449      0.453    196.106 135.703084    -0.0882      6.842   253.2526 1.2366e-01     3.1454     13.440     19.493     9.5959   999.8729 0.0000e+00
     13.689     -0.057     0.0405      0.451    196.107 135.705299    -0.0937      6.843   253.2282 1.2366e-01     3.1642     13.423     19.469     9.5963   999.8728 0.0000e+00
     13.675     -0.054     0.0373      0.463    196.157 135.741254    -0.1598      6.844   253.2362 1.2361e-01     3.2102     13.409     19.449     9.5965   999.8727 0.0000e+00
     13.662     -0.051     0.0357      0.486    196.175 135.755159    -0.2772      6.845   253.2629 1.2354e-01     3.1874     13.397     19.431     9.5969   999.8726 0.0000e+00
     13.652     -0.049     0.0364      0.489    196.160 135.745874    -0.3401      6.845   253.2933 1.2354e-01     3.1976     13.388     19.418     9.5972   999.8725 0.0000e+00
     13.641     -0.049     0.0356      0.495    196.174 135.756548    -0.3389      6.846   253.3449 1.2359e-01     3.2644     13.378     19.403     9.5975   999.8725 0.0000e+00
     13.628     -0.052     0.0356      0.513    196.171 135.756671    -0.3280      6.846   253.3706 1.2364e-01     3.3427     13.364     19.383     9.5978   999.8724 0.0000e+00
     13.615     -0.059     0.0405      0.495    196.156 135.747369    -0.3235      6.846   253.2607 1.2367e-01     3.4577     13.352     19.365     9.5982   999.8723 0.0000e+00
     13.602     -0.066     0.0387      0.477    196.190 135.771624    -0.3233      6.846   253.2202 1.2363e-01     3.4870     13.340     19.349     9.5985   999.8722 0.0000e+00
     13.584     -0.071     0.0377      0.486    196.222 135.794844    -0.3352      6.845   253.3972 1.2360e-01     3.4227     13.324     19.325     9.5988   999.8722 0.0000e+00
     13.563     -0.073     0.0436      0.493    196.189 135.773023    -0.3617      6.845   253.5946 1.2360e-01     3.3323     13.303     19.294     9.5993   999.8720 0.0000e+00
     13.539     -0.072     0.0390      0.516    196.173 135.762892    -0.3675      6.846   253.6274 1.2357e-01     3.2182     13.277     19.256     9.5995   999.8719 0.0000e+00
     13.517     -0.069     0.0359      0.531    196.224 135.799901    -0.3584      6.847   253.5351 1.2358e-01     3.1416     13.252     19.221     9.5998   999.8717 0.0000e+00
     13.500     -0.065     0.0405      0.516    196.277 135.837851    -0.3569      6.846   253.4255 1.2366e-01     3.1274     13.237     19.199     9.6000   999.8717 0.0000e+00
     13.489     -0.060     0.0378      0.525    196.277 135.839099    -0.3398      6.846   253.3340 1.2369e-01     3.1158     13.229     19.187     9.6002   999.8716 0.0000e+00
     13.479     -0.057     0.0410      0.538    196.240 135.814986    -0.3036      6.846   253.2898 1.2364e-01     3.1383     13.220     19.173     9.6006   999.8715 0.0000e+00
     13.465     -0.055     0.0450      0.510    196.218 135.801406    -0.2813      6.847   253.3210 1.2363e-01     3.1931     13.205     19.152     9.6009   999.8714 0.0000e+00
     13.449     -0.054     0.0388      0.474    196.218 135.802462    -0.2799      6.848   253.3679 1.2359e-01     3.1941     13.189     19.130     9.6013   999.8713 0.0000e+00
     13.433     -0.052     0.0416      0.464    196.253 135.827753    -0.2955      6.848   253.3403 1.2352e-01     3.2542     13.173     19.106     9.6016   999.8712 0.0000e+00
