Data/DataNotYetUploadedToEDI/Raw_CTD/RawDownloads/072220_ccr50.cnv
* Sea-Bird SBE19plus  Data File:
* FileName = C:\DATA\072220_ccr50_0002.hex
* Software version 2.8.0.119
* Temperature SN = 7809
* Conductivity SN = 7809
* System UpLoad Time = Jul 22 2020 15:30:27
* <ApplicationData>
* <Seaterm232>
# nquan = 16
# nvalues = 4788                        
# units = specified
# name 0 = depFM: Depth [fresh water, m]
# name 1 = dz/dtM: Descent Rate [m/s]
# name 2 = sbeox0ML/L: Oxygen, SBE 43 [ml/l]
# name 3 = sbeox0PS: Oxygen, SBE 43 [% saturation]
# name 4 = specc: Specific Conductance [uS/cm]
# name 5 = c0uS/cm: Conductivity [uS/cm]
# name 6 = flECO-AFL: Fluorescence, WET Labs ECO-AFL/FL [mg/m^3]
# name 7 = ph: pH
# name 8 = orp: Oxidation Reduction Potential [mV]
# name 9 = par/sat/log: PAR/Logarithmic, Satlantic
# name 10 = turbWETntu0: Turbidity, WET Labs ECO [NTU]
# name 11 = prdM: Pressure, Strain Gauge [db]
# name 12 = prdE: Pressure, Strain Gauge [psi]
# name 13 = tv290C: Temperature [ITS-90, deg C]
# name 14 = density00: Density [density, kg/m^3]
# name 15 = flag:  0.000e+00
# span 0 =     -0.448,     21.108       
# span 1 =     -0.220,      0.272       
# span 2 =     0.0202,     7.5294       
# span 3 =      0.376,    122.520       
# span 4 =      1.586,    235.769       
# span 5 =   1.725121, 168.150407       
# span 6 =    -2.5588,     4.1857       
# span 7 =      6.530,      7.814       
# span 8 =  -375.2181,  1146.5665       
# span 9 = 1.2338e-01, 2.5572e+03       
# span 10 =    -4.2452,    92.0974      
# span 11 =     -0.440,     20.700      
# span 12 =     -0.638,     30.023      
# span 13 =     9.3000,    29.6380      
# span 14 =   995.7817,   999.9222      
# span 15 = 0.0000e+00, 0.0000e+00      
# interval = seconds: 0.25
# start_time = Jul 21 2020 21:52:21 [Instrument's time stamp, header]
# bad_flag = -9.990e-29
*END*
[from data line 724]
      1.941      0.011     5.0582     94.661     51.421  55.840609     0.0647      7.495   254.8861 9.4046e+01     0.3955      1.905      2.763    29.2910   995.8930 0.0000e+00
      1.941      0.005     5.0664     94.671     51.421  55.841764     0.0579      7.496   255.0096 9.3907e+01     0.3892      1.904      2.761    29.2906   995.8931 0.0000e+00
      1.941      0.001     5.0731     94.705     51.432  55.855612     0.0330      7.497   255.0120 9.3695e+01     0.4176      1.903      2.761    29.2903   995.8933 0.0000e+00
      1.940     -0.002     5.0702     94.749     51.454  55.881008     0.0125      7.499   255.0011 9.3406e+01     0.4297      1.903      2.760    29.2899   995.8933 0.0000e+00
      1.939     -0.002     5.0663     94.801     51.466  55.894752     0.0008      7.501   255.0504 9.3025e+01     0.3985      1.901      2.757    29.2904   995.8932 0.0000e+00
      1.938      0.000     5.0683     94.828     51.466  55.894752    -0.0038      7.504   255.0061 9.2726e+01     0.3495      1.900      2.756    29.2915   995.8929 0.0000e+00
      1.937      0.004     5.0701     94.812     51.453  55.881008     0.0037      7.507   254.8959 9.2521e+01     0.3516      1.899      2.755    29.2934   995.8923 0.0000e+00
      1.937      0.009     5.0716     94.767     51.430  55.855612     0.0153      7.510   254.9216 9.2358e+01     0.4243      1.898      2.753    29.2949   995.8918 0.0000e+00
      1.939      0.015     5.0757     94.719     51.420  55.841763     0.0225      7.511   255.1449 9.2252e+01     0.4735      1.899      2.754    29.2958   995.8916 0.0000e+00
      1.944      0.020     5.0774     94.703     51.422  55.840608     0.0339      7.511   255.3587 9.2232e+01     0.4659      1.905      2.764    29.2964   995.8915 0.0000e+00
      1.952      0.023     5.0758     94.700     51.427  55.841641     0.0479      7.509   255.3561 9.2294e+01     0.4353      1.914      2.777    29.2971   995.8912 0.0000e+00
      1.960      0.024     5.0735     94.650     51.441  55.854240     0.0489      7.509   255.1993 9.2372e+01     0.4120      1.922      2.789    29.2963   995.8915 0.0000e+00
      1.969      0.022     5.0698     94.560     51.452  55.865902     0.0557      7.509   255.0113 9.2451e+01     0.4240      1.932      2.802    29.2935   995.8924 0.0000e+00
      1.974      0.018     5.0697     94.487     51.443  55.855603     0.0725      7.509   254.8903 9.2484e+01     0.4435      1.937      2.809    29.2890   995.8938 0.0000e+00
      1.977      0.015     5.0718     94.437     51.444  55.856749     0.0804      7.510   254.9410 9.2459e+01     0.4080      1.940      2.812    29.2851   995.8948 0.0000e+00
      1.978      0.014     5.0691     94.405     51.465  55.879752     0.0835      7.511   255.0214 9.2455e+01     0.3728      1.941      2.814    29.2831   995.8955 0.0000e+00
      1.979      0.014     5.0623     94.406     51.466  55.879657     0.0815      7.512   255.0874 9.2525e+01     0.3954      1.940      2.814    29.2819   995.8959 0.0000e+00
      1.982      0.016     5.0590     94.429     51.444  55.855604     0.0665      7.513   255.2238 9.2624e+01     0.4400      1.942      2.818    29.2820   995.8958 0.0000e+00
      1.987      0.021     5.0567     94.449     51.434  55.843005     0.0364      7.514   255.2936 9.2650e+01     0.4658      1.948      2.826    29.2822   995.8959 0.0000e+00
      1.993      0.026     5.0540     94.454     51.445  55.854365     0.0130      7.514   255.4150 9.2708e+01     0.4674      1.954      2.833    29.2820   995.8959 0.0000e+00
      2.001      0.028     5.0548     94.463     51.456  55.865915     0.0126      7.514   255.5730 9.2926e+01     0.4592      1.960      2.843    29.2814   995.8962 0.0000e+00
      2.011      0.027     5.0563     94.486     51.447  55.855616     0.0125      7.515   255.4833 9.3155e+01     0.4359      1.972      2.860    29.2806   995.8964 0.0000e+00
      2.021      0.022     5.0582     94.516     51.448  55.856874     0.0202      7.515   255.2777 9.3146e+01     0.4251      1.983      2.875    29.2799   995.8967 0.0000e+00
      2.028      0.016     5.0575     94.542     51.470  55.881126     0.0490      7.514   255.2376 9.2960e+01     0.4319      1.990      2.886    29.2790   995.8970 0.0000e+00
      2.031      0.010     5.0583     94.545     51.482  55.894766     0.0646      7.513   255.3426 9.2771e+01     0.4498      1.995      2.893    29.2784   995.8972 0.0000e+00
      2.029      0.004     5.0596     94.538     51.482  55.894766     0.0659      7.514   255.4291 9.2494e+01     0.4348      1.991      2.889    29.2780   995.8973 0.0000e+00
      2.025      0.002     5.0610     94.556     51.469  55.881125     0.0456      7.516   255.5081 9.2233e+01     0.3538      1.984      2.878    29.2779   995.8973 0.0000e+00
      2.024      0.002     5.0634     94.616     51.446  55.856872     0.0096      7.516   255.6100 9.2106e+01     0.3298      1.985      2.878    29.2784   995.8970 0.0000e+00
      2.025      0.004     5.0630     94.722     51.445  55.855600     0.0036      7.516   255.8013 9.1948e+01     0.3848      1.987      2.882    29.2794   995.8968 0.0000e+00
      2.027      0.008     5.0617     94.862     51.455  55.865744     0.0107      7.515   255.9282 9.1814e+01     0.4344      1.987      2.881    29.2796   995.8968 0.0000e+00
      2.031      0.012     5.0625     94.987     51.443  55.852477     0.0192      7.515   255.7668 9.1827e+01     0.4489      1.991      2.887    29.2797   995.8968 0.0000e+00
      2.036      0.014     5.0657     95.061     51.415  55.822229     0.0399      7.515   255.6574 9.1883e+01     0.4236      1.996      2.896    29.2799   995.8967 0.0000e+00
      2.040      0.015     5.0711     95.089     51.411  55.817608     0.0602      7.516   255.7242 9.1957e+01     0.4030      2.001      2.902    29.2794   995.8969 0.0000e+00
      2.043      0.017     5.0804     95.064     51.450  55.860121     0.0646      7.517   255.7996 9.2051e+01     0.4391      2.004      2.907    29.2786   995.8971 0.0000e+00
      2.046      0.017     5.0876     94.951     51.480  55.891618     0.0641      7.517   255.8814 9.2114e+01     0.4828      2.006      2.909    29.2784   995.8972 0.0000e+00
      2.050      0.018     5.0913     94.770     51.470  55.880841     0.0732      7.518   255.7669 9.2261e+01     0.4159      2.010      2.916    29.2781   995.8973 0.0000e+00
      2.056      0.019     5.0926     94.596     51.448  55.856860     0.0705      7.518   255.5326 9.2476e+01     0.3509      2.016      2.925    29.2782   995.8973 0.0000e+00
      2.062      0.020     5.0925     94.449     51.447  55.855738     0.0600      7.517   255.4577 9.2550e+01     0.3842      2.022      2.932    29.2784   995.8973 0.0000e+00
      2.067      0.020     5.0864     94.305     51.457  55.867279     0.0603      7.517   255.4631 9.2568e+01     0.4067      2.028      2.942    29.2780   995.8974 0.0000e+00
      2.072      0.021     5.0740     94.157     51.460  55.869361     0.0739      7.517   255.5124 9.2693e+01     0.4166      2.032      2.948    29.2780   995.8975 0.0000e+00
      2.077      0.022     5.0650     94.046     51.472  55.880910     0.0910      7.515   255.6230 9.2753e+01     0.4358      2.036      2.953    29.2779   995.8975 0.0000e+00
      2.082      0.024     5.0576     94.037     51.472  55.879878     0.0956      7.513   255.7685 9.2699e+01     0.4327      2.042      2.961    29.2776   995.8976 0.0000e+00
      2.088      0.026     5.0503     94.161     51.453  55.856876     0.0912      7.511   255.8949 9.2669e+01     0.3792      2.046      2.967    29.2776   995.8976 0.0000e+00
      2.096      0.026     5.0417     94.355     51.454  55.856866     0.0857      7.508   255.9467 9.2662e+01     0.3723      2.054      2.979    29.2772   995.8979 0.0000e+00
      2.105      0.024     5.0342     94.500     51.475  55.879765     0.0768      7.506   255.8791 9.2576e+01     0.4529      2.065      2.995    29.2759   995.8982 0.0000e+00
      2.113      0.020     5.0330     94.550     51.475  55.879660     0.0690      7.506   255.6795 9.2351e+01     0.4614      2.073      3.006    29.2744   995.8987 0.0000e+00
      2.119      0.016     5.0411     94.509     51.452  55.855606     0.0676      7.507   255.5975 9.2158e+01     0.4049      2.080      3.016    29.2727   995.8993 0.0000e+00
      2.120      0.014     5.0547     94.368     51.441  55.843006     0.0800      7.509   255.7485 9.2091e+01     0.3883      2.080      3.017    29.2713   995.8996 0.0000e+00
      2.119      0.013     5.0633     94.163     51.451  55.854356     0.1138      7.509   255.9569 9.2085e+01     0.3988      2.077      3.012    29.2708   995.8998 0.0000e+00
      2.119      0.014     5.0650     93.980     51.463  55.865792     0.1328      7.509   256.0520 9.2086e+01     0.3934      2.077      3.012    29.2713   995.8997 0.0000e+00
      2.124      0.016     5.0636     93.873     51.453  55.854243     0.1293      7.509   256.0389 9.2006e+01     0.3924      2.081      3.019    29.2721   995.8994 0.0000e+00
      2.131      0.019     5.0555     93.856     51.442  55.841748     0.1285      7.509   256.0556 9.1938e+01     0.3863      2.090      3.031    29.2725   995.8993 0.0000e+00
      2.139      0.020     5.0420     93.919     51.442  55.841748     0.1226      7.510   256.0818 9.1984e+01     0.3548      2.099      3.043    29.2721   995.8995 0.0000e+00
      2.145      0.020     5.0317     94.043     51.455  55.854253     0.1247      7.512   256.0973 9.2024e+01     0.3547      2.104      3.052    29.2710   995.8998 0.0000e+00
      2.149      0.019     5.0258     94.207     51.466  55.865898     0.1350      7.512   256.1569 9.2009e+01     0.3848      2.108      3.057    29.2696   995.9002 0.0000e+00
      2.153      0.018     5.0253     94.392     51.456  55.855503     0.1228      7.512   256.2004 9.2027e+01     0.4097      2.111      3.062    29.2687   995.9005 0.0000e+00
      2.155      0.018     5.0289     94.550     51.456  55.855617     0.1014      7.511   256.1943 9.2071e+01     0.4148      2.113      3.065    29.2687   995.9005 0.0000e+00
      2.160      0.019     5.0362     94.638     51.467  55.867270     0.0954      7.511   256.1684 9.2134e+01     0.4130      2.117      3.070    29.2685   995.9007 0.0000e+00
      2.166      0.020     5.0448     94.668     51.469  55.869361     0.0881      7.511   256.0602 9.2245e+01     0.4222      2.125      3.081    29.2681   995.9008 0.0000e+00
      2.173      0.021     5.0561     94.653     51.479  55.880901     0.0716      7.512   256.0039 9.2242e+01     0.4230      2.131      3.091    29.2680   995.9008 0.0000e+00
      2.178      0.023     5.0658     94.593     51.478  55.879765     0.0758      7.513   256.1765 9.2138e+01     0.4225      2.136      3.098    29.2678   995.9009 0.0000e+00
      2.183      0.025     5.0697     94.486     51.455  55.855627     0.0915      7.513   256.3396 9.2161e+01     0.4506      2.140      3.105    29.2679   995.9009 0.0000e+00
      2.188      0.027     5.0711     94.335     51.445  55.843122     0.0897      7.512   256.4275 9.2288e+01     0.4884      2.144      3.110    29.2676   995.9011 0.0000e+00
      2.195      0.028     5.0705     94.203     51.458  55.855602     0.0831      7.510   256.4650 9.2418e+01     0.4672      2.150      3.118    29.2676   995.9011 0.0000e+00
      2.204      0.028     5.0671     94.168     51.481  55.879480     0.0771      7.509   256.3625 9.2509e+01     0.4002      2.161      3.134    29.2682   995.9009 0.0000e+00
      2.213      0.028     5.0617     94.204     51.480  55.877752     0.0652      7.509   256.2202 9.2480e+01     0.3994      2.172      3.150    29.2685   995.9008 0.0000e+00
      2.221      0.027     5.0527     94.259     51.440  55.834716     0.0635      7.508   256.1220 9.2348e+01     0.4574      2.179      3.161    29.2671   995.9014 0.0000e+00
      2.227      0.025     5.0427     94.312     51.412  55.803762     0.0950      7.506   256.2070 9.2263e+01     0.4837      2.185      3.168    29.2658   995.9017 0.0000e+00
      2.231      0.023     5.0425     94.351     51.429  55.821086     0.1312      7.506   256.3880 9.2227e+01     0.4434      2.188      3.174    29.2653   995.9019 0.0000e+00
      2.236      0.021     5.0458     94.381     51.459  55.853615     0.1394      7.506   256.4177 9.2141e+01     0.3814      2.193      3.181    29.2646   995.9022 0.0000e+00
      2.242      0.019     5.0486     94.404     51.483  55.879471     0.1367      7.507   256.3937 9.2021e+01     0.3871      2.199      3.189    29.2644   995.9022 0.0000e+00
      2.247      0.017     5.0522     94.403     51.483  55.879636     0.1369      7.507   256.3554 9.1915e+01     0.4088      2.205      3.198    29.2638   995.9024 0.0000e+00
      2.252      0.017     5.0540     94.378     51.461  55.855607     0.1416      7.506   256.2989 9.1840e+01     0.3692      2.209      3.204    29.2633   995.9026 0.0000e+00
      2.256      0.016     5.0552     94.335     51.450  55.843008     0.1463      7.507   256.3992 9.1839e+01     0.3537      2.212      3.208    29.2629   995.9027 0.0000e+00
      2.259      0.016     5.0574     94.288     51.460  55.854347     0.1367      7.508   256.5357 9.1898e+01     0.3936      2.216      3.213    29.2623   995.9029 0.0000e+00
      2.262      0.016     5.0571     94.287     51.470  55.865664     0.1207      7.508   256.5725 9.1925e+01     0.4061      2.218      3.216    29.2626   995.9029 0.0000e+00
      2.267      0.016     5.0554     94.328     51.458  55.852813     0.1247      7.507   256.5856 9.1986e+01     0.4009      2.222      3.223    29.2629   995.9027 0.0000e+00
      2.272      0.016     5.0535     94.308     51.433  55.825999     0.1466      7.506   256.6084 9.2136e+01     0.4341      2.229      3.232    29.2631   995.9027 0.0000e+00
      2.277      0.015     5.0492     94.180     51.405  55.795538     0.1569      7.505   256.6765 9.2253e+01     0.4646      2.233      3.239    29.2632   995.9027 0.0000e+00
      2.281      0.014     5.0486     93.980     51.411  55.802102     0.1535      7.504   256.7209 9.2375e+01     0.4265      2.237      3.245    29.2636   995.9026 0.0000e+00
      2.284      0.012     5.0540     93.758     51.448  55.841845     0.1337      7.503   256.7146 9.2529e+01     0.3849      2.240      3.248    29.2635   995.9026 0.0000e+00
      2.286      0.011     5.0541     93.629     51.438  55.831440     0.0992      7.501   256.6860 9.2572e+01     0.4079      2.241      3.251    29.2634   995.9027 0.0000e+00
      2.288      0.009     5.0453     93.648     51.411  55.803340     0.0879      7.497   256.6335 9.2531e+01     0.4295      2.243      3.254    29.2635   995.9027 0.0000e+00
      2.291      0.006     5.0351     93.716     51.426  55.819684     0.0934      7.493   256.6815 9.2488e+01     0.4404      2.246      3.258    29.2635   995.9027 0.0000e+00
      2.293      0.004     5.0199     93.779     51.443  55.838493     0.0885      7.491   256.6647 9.2364e+01     0.4367      2.249      3.263    29.2639   995.9026 0.0000e+00
      2.294      0.001     5.0107     93.879     51.444  55.840204     0.0766      7.491   256.5175 9.2212e+01     0.4193      2.251      3.265    29.2640   995.9026 0.0000e+00
      2.293     -0.001     5.0158     94.013     51.444  55.840369     0.0647      7.492   256.5364 9.2101e+01     0.4355      2.249      3.262    29.2643   995.9024 0.0000e+00
      2.291     -0.001     5.0204     94.132     51.444  55.840487     0.0679      7.495   256.6346 9.1916e+01     0.4265      2.247      3.259    29.2650   995.9023 0.0000e+00
      2.289      0.002     5.0217     94.223     51.445  55.841632     0.0868      7.496   256.8442 9.1682e+01     0.3796      2.244      3.256    29.2653   995.9022 0.0000e+00
