Data/DataNotYetUploadedToEDI/Raw_CTD/RawDownloads/072219_fcr20.cnv
* Sea-Bird SBE19plus  Data File:
* FileName = C:\DATA\072219_fcr50_0003.hex
* Software version 2.8.0.119
* Temperature SN = 7809
* Conductivity SN = 7809
* System UpLoad Time = Jul 23 2019 10:43:53
* <ApplicationData>
* <Seaterm232>
# nquan = 18
# nvalues = 272                         
# units = specified
# name 0 = depFM: Depth [fresh water, m]
# name 1 = tv290C: Temperature [ITS-90, deg C]
# name 2 = sbeox0Mg/L: Oxygen, SBE 43 [mg/l]
# name 3 = sbeox0PS: Oxygen, SBE 43 [% saturation]
# name 4 = c0uS/cm: Conductivity [uS/cm]
# name 5 = specc: Specific Conductance [uS/cm]
# name 6 = ph: pH
# name 7 = orp: Oxidation Reduction Potential [mV]
# name 8 = flECO-AFL: Fluorescence, WET Labs ECO-AFL/FL [mg/m^3]
# name 9 = turbWETntu0: Turbidity, WET Labs ECO [NTU]
# name 10 = sal00: Salinity, Practical [PSU]
# name 11 = dz/dtM: Descent Rate [m/s]
# name 12 = prdM: Pressure, Strain Gauge [db]
# name 13 = prdE: Pressure, Strain Gauge [psi]
# name 14 = scan: Scan Count
# name 15 = par/sat/log: PAR/Logarithmic, Satlantic
# name 16 = density00: Density [density, kg/m^3]
# name 17 = flag:  0.000e+00
# span 0 =     -0.620,      2.909       
# span 1 =    20.2012,    28.4686       
# span 2 =    -0.7661,    10.6530       
# span 3 =     -8.581,    132.107       
# span 4 =   2.333742,  81.775377       
# span 5 =      1.012,     89.283       
# span 6 =      6.509,      8.562       
# span 7 =   157.5499,   315.0361       
# span 8 =    -0.1483,    28.3898       
# span 9 =    -0.3547,    43.1930       
# span 10 =     0.0129,     0.0460      
# span 11 =     -0.007,      0.158      
# span 12 =     -0.588,      2.851      
# span 13 =     -0.854,      4.136      
# span 14 =          1,        272      
# span 15 = 8.6304e+00, 6.9636e+02      
# span 16 =   996.1187,   998.2115      
# span 17 = 0.0000e+00, 0.0000e+00      
# interval = seconds: 0.25
# start_time = Jul 22 2019 15:42:03 [Instrument's time stamp, header]
# bad_flag = -9.990e-29
*END*
[from data line 161]
      0.987    27.9295     5.9107     75.334  37.986831     35.886      8.326   194.0065    16.4573     2.1976     0.0248      0.043      0.969      1.405        162 8.1933e+01   996.2782 0.0000e+00
      0.997    27.9298     5.9838     76.240  37.996813     35.886      8.327   194.0443    16.4344     2.1688     0.0248      0.037      0.978      1.418        163 8.1426e+01   996.2783 0.0000e+00
      1.006    27.9297     6.0719     77.336  38.020396     35.912      8.333   194.0065    16.3429     2.1976     0.0248      0.035      0.988      1.433        164 8.0583e+01   996.2783 0.0000e+00
      1.021    27.9292     6.1577     78.393  38.046390     35.938      8.334   194.3850    16.3276     2.1832     0.0248      0.035      1.000      1.451        165 7.9496e+01   996.2783 0.0000e+00
      1.034    27.9270     6.2322     79.300  38.053374     35.938      8.335   194.4229    16.3352     2.1399     0.0248      0.037      1.014      1.471        166 7.8523e+01   996.2784 0.0000e+00
      1.047    27.9214     6.2826     79.909  38.041343     35.939      8.337   194.6879    16.3581     2.1688     0.0248      0.041      1.029      1.492        167 7.7728e+01   996.2786 0.0000e+00
      1.067    27.9137     6.3020     80.126  38.061362     35.940      8.339   194.8393    16.4573     2.1544     0.0248      0.046      1.045      1.516        168 7.6374e+01   996.2793 0.0000e+00
      1.083    27.9038     6.3093     80.199  38.117370     36.023      8.339   195.0665    16.4649     2.1399     0.0248      0.051      1.062      1.541        169 7.5067e+01   996.2809 0.0000e+00
      1.102    27.8910     6.2940     79.985  38.119828     36.002      8.341   195.0286    16.4458     2.1976     0.0248      0.057      1.080      1.566        170 7.3802e+01   996.2832 0.0000e+00
      1.119    27.8766     6.3309     80.371  38.147217     36.062      8.340   195.5965    16.4573     2.2553     0.0248      0.061      1.097      1.591        171 7.2315e+01   996.2862 0.0000e+00
      1.136    27.8607     6.7101     84.993  38.172199     36.070      8.339   195.5586    16.3810     2.2553     0.0248      0.065      1.114      1.616        172 7.1258e+01   996.2899 0.0000e+00
      1.153    27.8414     7.4877     94.687  38.207292     36.133      8.335   195.8993    16.4153     2.2841     0.0248      0.066      1.132      1.642        173 6.9662e+01   996.2940 0.0000e+00
      1.174    27.8216     8.4151    106.315  38.281375     36.196      8.331   195.8993    16.4306     2.1688     0.0249      0.069      1.152      1.671        174 6.8124e+01   996.2986 0.0000e+00
      1.197    27.7961     9.1670    115.760  38.317109     36.263      8.325   196.1265    16.3924     2.1399     0.0249      0.072      1.173      1.701        175 6.6621e+01   996.3042 0.0000e+00
      1.216    27.7672     9.7572    123.181  38.281379     36.223      8.320   197.3000    17.0600     2.3562     0.0249      0.073      1.192      1.729        176 6.5123e+01   996.3098 0.0000e+00
      1.234    27.7435    10.1659    128.323  38.207304     36.188      8.311   197.4515    17.0715     2.4572     0.0248      0.075      1.209      1.753        177 6.4652e+01   996.3171 0.0000e+00
      1.247    27.7234    10.4030    131.305  38.231485     36.208      8.310   197.6786    17.0715     2.3851     0.0248      0.074      1.225      1.777        178 6.3365e+01   996.3253 0.0000e+00
      1.269    27.7085    10.4673    132.107  38.251301     36.277      8.304   197.9058    17.0715     2.4860     0.0249      0.074      1.242      1.802        179 6.2312e+01   996.3321 0.0000e+00
      1.284    27.6957    10.3498    130.611  38.153023     36.159      8.296   197.9815    17.9031     2.2120     0.0248      0.073      1.257      1.823        180 6.2232e+01   996.3378 0.0000e+00
      1.291    27.6340    10.1352    127.893  38.087071     36.142      8.297   197.8300    17.9107     2.1399     0.0248      0.069      1.267      1.839        181 6.1694e+01   996.3420 0.0000e+00
      1.304    27.5131     9.9315    125.321  38.007381     36.045      8.303   197.8679    17.9374     2.1832     0.0248      0.064      1.281      1.858        182 6.0743e+01   996.3457 0.0000e+00
      1.324    27.4178     9.7775    123.379  37.926205     36.032      8.307   198.2086    17.9222     2.1976     0.0247      0.061      1.297      1.881        183 5.9806e+01   996.3631 0.0000e+00
      1.338    27.3672     9.6639    121.945  37.951034     36.119      8.307   198.3222    17.9107     2.1832     0.0247      0.058      1.311      1.901        184 5.9438e+01   996.3970 0.0000e+00
      1.346    27.3391     9.5847    120.928  38.035809     36.289      8.309   198.4736    17.6093     2.4283     0.0248      0.056      1.322      1.918        185 5.8532e+01   996.4238 0.0000e+00
      1.363    27.3255     9.5211    119.979  37.968934     36.245      8.309   198.9658    17.6055     2.4860     0.0248      0.055      1.336      1.938        186 5.7540e+01   996.4380 0.0000e+00
      1.377    27.3172     9.4690    119.176  37.886105     36.184      8.311   199.1929    17.6170     2.5293     0.0247      0.053      1.351      1.960        187 5.6575e+01   996.4458 0.0000e+00
      1.395    27.3132     9.4197    118.262  37.931451     36.247      8.310   199.4579    17.6513     2.3851     0.0248      0.055      1.367      1.983        188 5.5480e+01   996.4496 0.0000e+00
      1.410    27.3083     9.3240    116.594  37.942148     36.252      8.307   199.6093    18.1472     2.4572     0.0248      0.057      1.383      2.006        189 5.4402e+01   996.4520 0.0000e+00
      1.426    27.3035     9.1439    114.005  37.932069     36.255      8.308   200.7072    18.1587     2.4860     0.0248      0.058      1.400      2.030        190 5.2906e+01   996.4533 0.0000e+00
      1.447    27.2986     8.9318    111.153  37.914359     36.232      8.306   200.9722    18.1434     2.3274     0.0247      0.060      1.417      2.055        191 5.2137e+01   996.4547 0.0000e+00
      1.459    27.2990     8.6869    107.921  37.875281     36.209      8.303   201.0479    18.1510     2.3418     0.0247      0.062      1.433      2.080        192 5.0933e+01   996.4560 0.0000e+00
      1.482    27.2976     8.4359    104.630  37.891795     36.212      8.300   201.0101    18.9865     2.4860     0.0247      0.065      1.451      2.105        193 4.9536e+01   996.4575 0.0000e+00
      1.497    27.3002     8.2063    101.632  37.864173     36.212      8.297   201.3129    18.9865     2.4428     0.0247      0.066      1.467      2.128        194 4.9134e+01   996.4575 0.0000e+00
      1.508    27.2868     8.0347     99.407  37.820747     36.132      8.296   201.5022    19.0094     2.4283     0.0247      0.066      1.484      2.153        195 4.7880e+01   996.4579 0.0000e+00
      1.537    27.2243     7.9359     98.159  37.708748     36.079      8.297   202.3729    19.0361     2.4572     0.0247      0.068      1.507      2.186        196 4.6022e+01   996.4573 0.0000e+00
      1.564    27.1513     7.9104     97.868  37.292295     35.630      8.291   202.8651    19.4137     2.4572     0.0245      0.072      1.532      2.222        197 4.5170e+01   996.4610 0.0000e+00
      1.583    27.0122     7.9352     98.177  37.212868     35.623      8.291   203.3194    19.4099     2.3851     0.0245      0.076      1.557      2.259        198 4.3724e+01   996.4784 0.0000e+00
      1.620    26.7946     7.9884     98.815  37.689077     36.126      8.281   204.7958    19.4175     2.3995     0.0247      0.083      1.586      2.301        199 4.1918e+01   996.4989 0.0000e+00
      1.648    26.6288     8.0621     99.662  37.914775     36.463      8.272   205.6286    19.4137     2.4572     0.0248      0.091      1.611      2.338        200 4.1417e+01   996.5374 0.0000e+00
      1.660    26.5243     8.1196    100.360  37.969326     36.620      8.272   206.3858    20.3026     2.4283     0.0248      0.094      1.631      2.366        201 4.0554e+01   996.5972 0.0000e+00
      1.685    26.4300     8.1655    100.983  38.154745     36.980      8.267   206.9158    20.3293     2.4572     0.0249      0.097      1.653      2.398        202 3.9156e+01   996.6426 0.0000e+00
      1.713    26.3390     8.2103    101.424  38.128660     36.973      8.260   207.4836    20.2949     2.4283     0.0249      0.099      1.678      2.433        203 3.8366e+01   996.6710 0.0000e+00
      1.735    26.2580     8.2330    101.411  38.090759     37.041      8.251   207.7486    20.2949     2.4716     0.0249      0.097      1.702      2.467        204 3.7318e+01   996.6966 0.0000e+00
      1.758    26.2020     8.2430    101.247  38.053780     37.052      8.248   211.9508    20.2873     2.3274     0.0248      0.095      1.722      2.496        205 3.6702e+01   996.7212 0.0000e+00
      1.772    26.1884     8.2485    100.942  37.996907     37.057      8.239   212.8594    22.5533     2.5725     0.0248      0.091      1.739      2.521        206 3.6207e+01   996.7430 0.0000e+00
      1.790    26.2002     8.2431    100.498  37.983757     37.097      8.233   212.3672    22.5571     2.5437     0.0248      0.085      1.758      2.549        207 3.4979e+01   996.7581 0.0000e+00
      1.817    26.2031     8.2423    100.175  37.921988     37.026      8.222   215.0551    22.5609     2.6446     0.0248      0.084      1.778      2.579        208 3.4341e+01   996.7619 0.0000e+00
      1.832    26.1895     8.2448     99.994  37.984877     37.097      8.211   214.9037    22.5685     2.4860     0.0248      0.083      1.795      2.604        209 3.3863e+01   996.7588 0.0000e+00
      1.844    26.1562     8.2391     99.727  37.994402     37.096      8.203   215.3580    22.3473     2.5725     0.0248      0.078      1.808      2.622        210 3.3553e+01   996.7580 0.0000e+00
      1.854    26.1497     8.2091     99.222  37.880498     36.996      8.196   216.7965    22.3473     2.6735     0.0248      0.071      1.821      2.641        211 3.3115e+01   996.7617 0.0000e+00
      1.873    26.1772     8.1771     98.710  37.889544     37.021      8.190   218.9165    22.3358     2.5293     0.0248      0.067      1.839      2.667        212 3.2069e+01   996.7707 0.0000e+00
      1.899    26.1140     8.1535     98.267  37.894247     37.054      8.182   219.6358    22.3396     2.6879     0.0248      0.067      1.863      2.702        213 3.1209e+01   996.7725 0.0000e+00
      1.926    25.9617     8.1092     97.698  37.815375     36.923      8.172   219.7115    22.8890     2.6735     0.0247      0.071      1.891      2.743        214 3.0129e+01   996.7654 0.0000e+00
      1.962    25.7993     8.0956     97.510  37.780245     36.967      8.158   219.7494    22.8966     2.5870     0.0247      0.077      1.920      2.785        215 2.9227e+01   996.7824 0.0000e+00
      1.984    25.6029     8.1076     97.537  37.641636     36.918      8.151   219.7873    22.8852     2.6014     0.0247      0.083      1.944      2.819        216 2.8774e+01   996.8230 0.0000e+00
      2.000    25.3944     8.1204     97.648  37.513762     36.921      8.142   221.6801    22.8775     2.5437     0.0246      0.089      1.962      2.845        217 2.8014e+01   996.8660 0.0000e+00
      2.019    25.2279     8.1945     98.288  37.376385     36.931      8.136   221.6801    24.2814     3.0772     0.0246      0.093      1.978      2.869        218 2.7580e+01   996.9176 0.0000e+00
      2.032    25.1082     8.2772     99.076  37.279253     36.970      8.130   222.7401    24.3233     3.0051     0.0246      0.092      1.993      2.891        219 2.7257e+01   996.9722 0.0000e+00
      2.047    25.0042     8.4346    100.863  37.130935     36.985      8.126   223.9516    24.2890     3.0051     0.0245      0.086      2.007      2.911        220 2.6597e+01   997.0154 0.0000e+00
      2.062    24.9254     8.7312    104.329  36.879434     36.763      8.123   223.6866    24.3004     3.1493     0.0244      0.078      2.020      2.930        221 2.6396e+01   997.0463 0.0000e+00
      2.070    24.8551     9.1547    109.254  36.821789     36.842      8.117   224.9737    24.4225     3.5098     0.0244      0.067      2.031      2.946        222 2.6255e+01   997.0730 0.0000e+00
      2.081    24.7706     9.6243    114.624  36.758198     36.787      8.112   226.3744    24.4111     3.3945     0.0244      0.058      2.044      2.963        223 2.5708e+01   997.0932 0.0000e+00
      2.100    24.7521     9.9939    118.723  36.751170     36.866      8.108   225.8444    24.4225     3.4089     0.0244      0.055      2.059      2.987        224 2.5119e+01   997.1113 0.0000e+00
      2.118    24.7308    10.2782    121.625  36.860210     37.015      8.108   227.0937    24.4378     3.5675     0.0244      0.055      2.077      3.012        225 2.4534e+01   997.1329 0.0000e+00
      2.136    24.6789    10.4710    123.464  36.829979     37.029      8.099   226.9423    24.4187     3.5242     0.0244      0.056      2.093      3.036        226 2.4355e+01   997.1377 0.0000e+00
      2.147    24.6391    10.5961    124.653  36.818445     36.983      8.096   228.9866    24.4034     3.7261     0.0244      0.057      2.109      3.059        227 2.3795e+01   997.1432 0.0000e+00
      2.171    24.5155    10.6530    125.088  36.637497     36.919      8.088   229.6680    24.4263     3.6973     0.0244      0.060      2.130      3.089        228 2.2867e+01   997.1563 0.0000e+00
      2.198    24.3986    10.6508    124.864  36.195782     36.402      8.083   230.0466    24.4378     3.7261     0.0241      0.066      2.153      3.122        229 2.2373e+01   997.1664 0.0000e+00
      2.217    24.3485    10.6093    124.231  36.034634     36.419      8.078   230.3873    24.4416     3.6973     0.0241      0.072      2.172      3.151        230 2.1867e+01   997.1977 0.0000e+00
      2.230    24.3055    10.5731    123.433  36.067603     36.472      8.071   231.4094    23.9190     3.6829     0.0241      0.075      2.187      3.172        231 2.1446e+01   997.2271 0.0000e+00
      2.244    24.2376    10.5308    122.617  36.125170     36.624      8.069   231.9016    23.9380     3.7117     0.0241      0.073      2.201      3.192        232 2.0892e+01   997.2397 0.0000e+00
      2.259    24.1315    10.4596    121.589  36.170464     36.655      8.064   231.8259    23.9266     3.6829     0.0241      0.072      2.215      3.211        233 2.0550e+01   997.2506 0.0000e+00
      2.270    23.9901    10.2884    119.463  36.070529     36.648      8.060   232.3937    23.9609     3.7405     0.0241      0.069      2.228      3.231        234 2.0234e+01   997.2675 0.0000e+00
      2.287    23.7872    10.0158    116.172  35.923599     36.530      8.059   233.1130    23.3887     3.6829     0.0241      0.066      2.244      3.254        235 1.9530e+01   997.2939 0.0000e+00
      2.308    23.5951     9.6972    112.380  35.879226     36.632      8.055   233.0373    23.4116     3.7838     0.0241      0.062      2.260      3.279        236 1.9156e+01   997.3289 0.0000e+00
      2.318    23.4741     9.3020    107.796  35.859118     36.731      8.054   232.5451    23.4230     3.6540     0.0240      0.058      2.275      3.300        237 1.8808e+01   997.3788 0.0000e+00
      2.335    23.3713     8.8554    102.553  35.830179     36.875      8.050   234.0216    23.3963     3.7694     0.0240      0.058      2.292      3.325        238 1.7993e+01   997.4257 0.0000e+00
      2.361    23.2940     8.4385     97.350  35.974597     37.083      8.046   233.7566    22.0955     3.7550     0.0241      0.062      2.313      3.355        239 1.7681e+01   997.4552 0.0000e+00
      2.377    23.2209     8.0567     92.528  35.916531     37.159      8.042   233.4916    22.1069     3.5963     0.0241      0.065      2.335      3.387        240 1.7116e+01   997.4801 0.0000e+00
      2.408    23.0711     7.7048     88.070  36.080295     37.282      8.038   235.2709    22.0955     3.8126     0.0241      0.071      2.360      3.423        241 1.6073e+01   997.4989 0.0000e+00
