Data/DataNotYetUploadedToEDI/Raw_CTD/RawDownloads/072220_ccr50.cnv
* Sea-Bird SBE19plus  Data File:
* FileName = C:\DATA\072220_ccr50_0002.hex
* Software version 2.8.0.119
* Temperature SN = 7809
* Conductivity SN = 7809
* System UpLoad Time = Jul 22 2020 15:30:27
* <ApplicationData>
* <Seaterm232>
# nquan = 16
# nvalues = 4788                        
# units = specified
# name 0 = depFM: Depth [fresh water, m]
# name 1 = dz/dtM: Descent Rate [m/s]
# name 2 = sbeox0ML/L: Oxygen, SBE 43 [ml/l]
# name 3 = sbeox0PS: Oxygen, SBE 43 [% saturation]
# name 4 = specc: Specific Conductance [uS/cm]
# name 5 = c0uS/cm: Conductivity [uS/cm]
# name 6 = flECO-AFL: Fluorescence, WET Labs ECO-AFL/FL [mg/m^3]
# name 7 = ph: pH
# name 8 = orp: Oxidation Reduction Potential [mV]
# name 9 = par/sat/log: PAR/Logarithmic, Satlantic
# name 10 = turbWETntu0: Turbidity, WET Labs ECO [NTU]
# name 11 = prdM: Pressure, Strain Gauge [db]
# name 12 = prdE: Pressure, Strain Gauge [psi]
# name 13 = tv290C: Temperature [ITS-90, deg C]
# name 14 = density00: Density [density, kg/m^3]
# name 15 = flag:  0.000e+00
# span 0 =     -0.448,     21.108       
# span 1 =     -0.220,      0.272       
# span 2 =     0.0202,     7.5294       
# span 3 =      0.376,    122.520       
# span 4 =      1.586,    235.769       
# span 5 =   1.725121, 168.150407       
# span 6 =    -2.5588,     4.1857       
# span 7 =      6.530,      7.814       
# span 8 =  -375.2181,  1146.5665       
# span 9 = 1.2338e-01, 2.5572e+03       
# span 10 =    -4.2452,    92.0974      
# span 11 =     -0.440,     20.700      
# span 12 =     -0.638,     30.023      
# span 13 =     9.3000,    29.6380      
# span 14 =   995.7817,   999.9222      
# span 15 = 0.0000e+00, 0.0000e+00      
# interval = seconds: 0.25
# start_time = Jul 21 2020 21:52:21 [Instrument's time stamp, header]
# bad_flag = -9.990e-29
*END*
[from data line 2712]
     18.967      0.067     2.4812     31.029     90.288  62.421554    -0.3362      6.726   323.3089 1.2356e-01     3.9226     18.601     26.980     9.5716   999.8611 0.0000e+00
     18.983      0.063     2.4801     31.044     90.279  62.413514    -0.3426      6.726   323.2740 1.2351e-01     3.9627     18.617     27.002     9.5697   999.8614 0.0000e+00
     18.997      0.061     2.4754     31.106     90.272  62.406430    -0.3357      6.726   323.2749 1.2355e-01     3.9757     18.629     27.019     9.5673   999.8616 0.0000e+00
     19.011      0.060     2.4778     31.188     90.267  62.399442    -0.3201      6.726   323.3201 1.2357e-01     3.9434     18.644     27.040     9.5661   999.8618 0.0000e+00
     19.026      0.060     2.4744     31.274     90.264  62.392558    -0.3255      6.725   323.3039 1.2355e-01     3.9152     18.658     27.061     9.5658   999.8618 0.0000e+00
     19.041      0.060     2.4749     31.361     90.260  62.386735    -0.3425      6.725   323.1658 1.2359e-01     3.9095     18.672     27.082     9.5648   999.8619 0.0000e+00
     19.057      0.059     2.4816     31.450     90.270  62.392585    -0.3642      6.726   323.1129 1.2359e-01     3.8056     18.689     27.106     9.5635   999.8622 0.0000e+00
     19.074      0.057     2.4885     31.568     90.281  62.399736    -0.3885      6.726   323.1808 1.2353e-01     3.6208     18.706     27.131     9.5618   999.8624 0.0000e+00
     19.089      0.056     2.4952     31.719     90.295  62.409652    -0.3970      6.726   323.2115 1.2355e-01     3.4939     18.722     27.154     9.5585   999.8628 0.0000e+00
     19.101      0.056     2.5030     31.879     90.354  62.448934    -0.3913      6.725   323.2255 1.2362e-01     3.4386     18.733     27.170     9.5567   999.8630 0.0000e+00
     19.111      0.058     2.5088     32.052     90.425  62.493425    -0.3766      6.725   323.2645 1.2358e-01     3.5359     18.741     27.181     9.5564   999.8630 0.0000e+00
     19.124      0.063     2.5174     32.232     90.448  62.502774    -0.3621      6.725   323.2528 1.2351e-01     3.7440     18.753     27.198     9.5561   999.8631 0.0000e+00
     19.140      0.071     2.5319     32.379     90.449  62.498427    -0.3501      6.725   323.2559 1.2353e-01     3.8601     18.769     27.222     9.5570   999.8631 0.0000e+00
     19.160      0.077     2.5430     32.464     90.464  62.504396    -0.3365      6.725   323.3026 1.2359e-01     3.9102     18.788     27.250     9.5566   999.8632 0.0000e+00
     19.183      0.081     2.5576     32.514     90.478  62.511392    -0.3500      6.725   323.3015 1.2354e-01     3.9375     18.811     27.283     9.5533   999.8637 0.0000e+00
     19.209      0.081     2.5734     32.569     90.491  62.519476    -0.3883      6.725   323.2418 1.2347e-01     3.8812     18.838     27.322     9.5495   999.8641 0.0000e+00
     19.233      0.076     2.5869     32.634     90.520  62.538592    -0.4098      6.725   323.1837 1.2347e-01     3.8133     18.864     27.358     9.5464   999.8645 0.0000e+00
     19.253      0.068     2.5925     32.699     90.540  62.551884    -0.4098      6.726   323.2010 1.2354e-01     3.8032     18.882     27.385     9.5440   999.8648 0.0000e+00
     19.268      0.059     2.5946     32.748     90.543  62.553101    -0.4066      6.727   323.1928 1.2363e-01     3.8272     18.896     27.406     9.5426   999.8650 0.0000e+00
     19.278      0.053     2.6000     32.830     90.544  62.553316    -0.3899      6.726   323.0844 1.2367e-01     3.7610     18.906     27.421     9.5421   999.8651 0.0000e+00
     19.288      0.049     2.6044     32.941     90.547  62.554474    -0.3599      6.726   323.0085 1.2365e-01     3.5512     18.914     27.432     9.5418   999.8651 0.0000e+00
     19.298      0.049     2.6119     32.983     90.567  62.567094    -0.3499      6.726   322.9638 1.2366e-01     3.3847     18.924     27.447     9.5416   999.8652 0.0000e+00
     19.310      0.052     2.6132     32.988     90.587  62.578815    -0.3558      6.726   322.9742 1.2366e-01     3.3619     18.935     27.465     9.5411   999.8653 0.0000e+00
     19.324      0.057     2.6178     33.003     90.575  62.569101    -0.3551      6.726   323.0490 1.2358e-01     3.5160     18.949     27.484     9.5406   999.8654 0.0000e+00
     19.340      0.061     2.6343     33.002     90.589  62.576722    -0.3407      6.726   323.0071 1.2352e-01     3.7715     18.965     27.506     9.5401   999.8655 0.0000e+00
     19.357      0.064     2.6339     33.013     90.635  62.607416    -0.3244      6.725   322.8982 1.2354e-01     3.9100     18.982     27.532     9.5395   999.8657 0.0000e+00
     19.375      0.064     2.6317     33.036     90.658  62.622498    -0.3292      6.725   322.8505 1.2357e-01     3.9204     19.000     27.558     9.5386   999.8659 0.0000e+00
     19.393      0.064     2.6372     33.037     90.672  62.631989    -0.3418      6.725   322.8605 1.2355e-01     3.8284     19.017     27.582     9.5372   999.8660 0.0000e+00
     19.409      0.063     2.6334     33.042     90.710  62.658628    -0.3431      6.725   322.9329 1.2355e-01     3.6911     19.035     27.608     9.5364   999.8662 0.0000e+00
     19.423      0.063     2.6351     33.057     90.757  62.690407    -0.3360      6.724   323.0374 1.2360e-01     3.6679     19.047     27.626     9.5361   999.8663 0.0000e+00
     19.437      0.063     2.6388     33.045     90.771  62.698498    -0.3310      6.724   323.0921 1.2358e-01     3.7193     19.060     27.644     9.5355   999.8664 0.0000e+00
     19.453      0.063     2.6376     33.010     90.764  62.692910    -0.3406      6.724   323.0781 1.2352e-01     3.6946     19.076     27.667     9.5356   999.8665 0.0000e+00
     19.470      0.063     2.6364     32.943     90.755  62.686380    -0.3471      6.724   323.0393 1.2350e-01     3.6096     19.094     27.694     9.5358   999.8666 0.0000e+00
     19.489      0.063     2.6414     32.826     90.750  62.683087    -0.3435      6.724   323.0541 1.2351e-01     3.5839     19.112     27.720     9.5353   999.8667 0.0000e+00
     19.505      0.063     2.6385     32.715     90.799  62.716641    -0.3446      6.724   323.0845 1.2349e-01     3.6254     19.128     27.743     9.5346   999.8668 0.0000e+00
     19.519      0.064     2.6356     32.603     90.884  62.774353    -0.3216      6.724   323.0620 1.2345e-01     3.6641     19.141     27.763     9.5342   999.8669 0.0000e+00
     19.534      0.065     2.6340     32.479     90.935  62.808968    -0.2766      6.724   323.1261 1.2345e-01     3.6741     19.155     27.782     9.5336   999.8671 0.0000e+00
     19.549      0.068     2.6187     32.375     90.948  62.817447    -0.2580      6.723   323.2581 1.2351e-01     3.6435     19.171     27.805     9.5336   999.8671 0.0000e+00
     19.566      0.071     2.6127     32.285     90.942  62.813322    -0.2680      6.723   323.2818 1.2355e-01     3.6021     19.187     27.828     9.5335   999.8672 0.0000e+00
     19.586      0.073     2.6040     32.221     90.956  62.822637    -0.3119      6.723   323.2408 1.2355e-01     3.5863     19.206     27.856     9.5332   999.8674 0.0000e+00
     19.609      0.073     2.5916     32.221     91.019  62.866531    -0.3780      6.723   323.1918 1.2355e-01     3.5566     19.231     27.891     9.5328   999.8675 0.0000e+00
     19.629      0.071     2.5852     32.229     91.065  62.899220    -0.4098      6.723   323.1199 1.2356e-01     3.5173     19.251     27.921     9.5324   999.8677 0.0000e+00
     19.647      0.068     2.5775     32.159     91.066  62.900160    -0.4102      6.723   323.0599 1.2362e-01     3.4536     19.268     27.946     9.5324   999.8678 0.0000e+00
     19.662      0.065     2.5698     32.054     91.125  62.941435    -0.4111      6.723   322.9818 1.2364e-01     3.3702     19.284     27.969     9.5326   999.8678 0.0000e+00
     19.675      0.064     2.5716     31.979     91.234  63.016991    -0.4114      6.723   322.9501 1.2358e-01     3.4016     19.295     27.984     9.5329   999.8679 0.0000e+00
     19.689      0.065     2.5773     31.914     91.281  63.051155    -0.4134      6.723   323.0209 1.2353e-01     3.5590     19.307     28.003     9.5332   999.8679 0.0000e+00
     19.705      0.067     2.5685     31.839     91.258  63.036784    -0.4168      6.723   323.0633 1.2356e-01     3.6941     19.324     28.028     9.5333   999.8680 0.0000e+00
     19.724      0.068     2.5574     31.783     91.252  63.033864    -0.4039      6.724   323.0333 1.2360e-01     3.7300     19.340     28.052     9.5332   999.8681 0.0000e+00
     19.746      0.070     2.5532     31.752     91.317  63.079399    -0.3724      6.724   323.0015 1.2363e-01     3.6845     19.363     28.085     9.5337   999.8682 0.0000e+00
     19.768      0.075     2.5488     31.727     91.407  63.142516    -0.3502      6.723   323.0239 1.2367e-01     3.6588     19.389     28.120     9.5344   999.8683 0.0000e+00
     19.783      0.083     2.5412     31.700     91.526  63.225093    -0.3453      6.721   323.1320 1.2364e-01     3.6933     19.402     28.140     9.5353   999.8683 0.0000e+00
     19.795      0.092     2.5365     31.645     91.655  63.315277    -0.3425      6.719   323.1897 1.2357e-01     3.6897     19.409     28.150     9.5358   999.8682 0.0000e+00
     19.815      0.097     2.5352     31.535     91.693  63.343261    -0.3442      6.719   323.0335 1.2357e-01     3.7867     19.426     28.174     9.5363   999.8683 0.0000e+00
     19.848      0.098     2.5329     31.404     91.642  63.309260    -0.3380      6.719   322.8776 1.2359e-01     4.0083     19.462     28.227     9.5367   999.8685 0.0000e+00
     19.887      0.096     2.5311     31.274     91.606  63.285458    -0.3246      6.720   322.8534 1.2357e-01     4.1033     19.507     28.292     9.5370   999.8687 0.0000e+00
     19.918      0.091     2.5289     31.123     91.641  63.309658    -0.3255      6.720   322.8271 1.2354e-01     4.0770     19.538     28.337     9.5380   999.8689 0.0000e+00
     19.936      0.081     2.5179     30.938     91.696  63.347679    -0.3488      6.720   322.8185 1.2359e-01     3.9643     19.552     28.358     9.5390   999.8689 0.0000e+00
     19.947      0.071     2.5063     30.749     91.721  63.363888    -0.3765      6.720   322.9205 1.2366e-01     3.8055     19.560     28.371     9.5393   999.8688 0.0000e+00
     19.958      0.065     2.4976     30.574     91.746  63.378536    -0.3849      6.720   323.1148 1.2364e-01     3.7365     19.571     28.386     9.5395   999.8689 0.0000e+00
     19.972      0.066     2.4858     30.397     91.777  63.397688    -0.3931      6.720   323.1026 1.2363e-01     3.7134     19.584     28.404     9.5400   999.8689 0.0000e+00
     19.990      0.073     2.4699     30.211     91.790  63.404814    -0.3994      6.720   322.9441 1.2364e-01     3.6976     19.603     28.430     9.5406   999.8690 0.0000e+00
     20.011      0.082     2.4538     30.042     91.788  63.401149    -0.4032      6.720   323.0058 1.2367e-01     3.7526     19.624     28.461     9.5396   999.8691 0.0000e+00
     20.033      0.090     2.4411     29.899     91.815  63.416914    -0.4201      6.719   323.0745 1.2368e-01     3.8287     19.644     28.492     9.5378   999.8694 0.0000e+00
     20.058      0.096     2.4275     29.771     91.894  63.468326    -0.4223      6.718   323.0863 1.2359e-01     3.8964     19.668     28.527     9.5366   999.8696 0.0000e+00
     20.085      0.098     2.4113     29.663     91.966  63.514387    -0.3917      6.717   323.2343 1.2352e-01     4.0217     19.696     28.567     9.5355   999.8698 0.0000e+00
     20.112      0.096     2.3975     29.579     91.991  63.528992    -0.3553      6.718   323.3157 1.2352e-01     4.1423     19.723     28.606     9.5343   999.8701 0.0000e+00
     20.137      0.092     2.3873     29.550     91.979  63.517821    -0.3457      6.719   323.2961 1.2354e-01     4.1525     19.748     28.643     9.5328   999.8703 0.0000e+00
     20.162      0.087     2.3763     29.620     91.965  63.506407    -0.3514      6.719   323.3410 1.2356e-01     4.1103     19.774     28.679     9.5311   999.8706 0.0000e+00
     20.183      0.083     2.3679     29.710     91.983  63.518079    -0.3482      6.718   323.3430 1.2355e-01     4.1132     19.794     28.709     9.5294   999.8709 0.0000e+00
     20.200      0.079     2.3613     29.746     92.004  63.531841    -0.3069      6.718   323.2332 1.2355e-01     4.2559     19.809     28.730     9.5277   999.8711 0.0000e+00
     20.217      0.076     2.3553     29.773     92.026  63.545706    -0.2329      6.718   323.1326 1.2359e-01     4.4969     19.825     28.753     9.5259   999.8713 0.0000e+00
     20.237      0.074     2.3646     29.805     92.047  63.558636    -0.1883      6.717   323.0726 1.2364e-01     4.6235     19.845     28.783     9.5249   999.8715 0.0000e+00
     20.259      0.072     2.3764     29.828     92.052  63.561072    -0.1873      6.717   323.1104 1.2368e-01     4.6540     19.868     28.816     9.5247   999.8716 0.0000e+00
     20.279      0.069     2.3742     29.848     92.074  63.575162    -0.1631      6.717   323.2462 1.2368e-01     4.9684     19.888     28.845     9.5246   999.8717 0.0000e+00
     20.295      0.066     2.3779     29.865     92.116  63.601895    -0.0953      6.718   323.2511 1.2363e-01     5.5419     19.904     28.867     9.5239   999.8719 0.0000e+00
     20.310      0.062     2.3808     29.879     92.162  63.630103    -0.0448      6.718   323.1695 1.2357e-01     5.8537     19.918     28.887     9.5229   999.8720 0.0000e+00
     20.324      0.058     2.3821     29.891     92.214  63.662029    -0.0206      6.718   323.1198 1.2352e-01     5.8888     19.932     28.908     9.5221   999.8722 0.0000e+00
     20.338      0.057     2.3841     29.920     92.323  63.733716    -0.0125      6.718   323.0805 1.2358e-01     6.1387     19.946     28.928     9.5217   999.8723 0.0000e+00
     20.353      0.058     2.3847     29.952     92.513  63.861373    -0.0227      6.717   323.0377 1.2371e-01     6.6772     19.960     28.949     9.5209   999.8724 0.0000e+00
     20.367      0.062     2.3873     29.972     92.718  63.998103    -0.0299      6.717   322.9467 1.2370e-01     7.0095     19.975     28.971     9.5187   999.8727 0.0000e+00
     20.381      0.067     2.3859     29.968     92.898  64.115923    -0.0234      6.717   322.9282 1.2358e-01     7.0673     19.986     28.987     9.5160   999.8730 0.0000e+00
     20.396      0.072     2.3906     29.954     93.038  64.205574    -0.0013      6.716   322.9859 1.2351e-01     7.0328     19.999     29.005     9.5142   999.8732 0.0000e+00
     20.417      0.076     2.3925     29.934     93.120  64.255919     0.0267      6.715   323.0415 1.2351e-01     6.9004     20.022     29.039     9.5130   999.8735 0.0000e+00
     20.441      0.077     2.3956     29.884     93.162  64.279794     0.0398      6.715   323.0849 1.2359e-01     6.8062     20.046     29.076     9.5101   999.8740 0.0000e+00
     20.463      0.077     2.3947     29.818     93.203  64.303580     0.0335      6.714   323.0794 1.2370e-01     6.7518     20.068     29.106     9.5065   999.8744 0.0000e+00
     20.483      0.076     2.3925     29.731     93.282  64.352864     0.0075      6.714   322.9758 1.2372e-01     6.5865     20.088     29.134     9.5026   999.8749 0.0000e+00
     20.501      0.074     2.3942     29.584     93.493  64.494376    -0.0177      6.714   322.8648 1.2365e-01     6.3864     20.105     29.160     9.4991   999.8753 0.0000e+00
     20.518      0.073     2.3877     29.356     93.955  64.807121    -0.0138      6.714   322.9422 1.2358e-01     6.3236     20.121     29.184     9.4972   999.8755 0.0000e+00
     20.533      0.073     2.3835     29.071     94.649  65.274424    -0.0026      6.714   323.1362 1.2361e-01     6.3426     20.135     29.204     9.4943   999.8758 0.0000e+00
     20.551      0.073     2.3780     28.763     95.283  65.695811     0.0035      6.714   323.2322 1.2363e-01     6.2727     20.151     29.227     9.4909   999.8763 0.0000e+00
