Data/DataNotYetUploadedToEDI/Raw_CTD/RawDownloads/072220_ccr50.cnv
* Sea-Bird SBE19plus  Data File:
* FileName = C:\DATA\072220_ccr50_0002.hex
* Software version 2.8.0.119
* Temperature SN = 7809
* Conductivity SN = 7809
* System UpLoad Time = Jul 22 2020 15:30:27
* <ApplicationData>
* <Seaterm232>
# nquan = 16
# nvalues = 4788                        
# units = specified
# name 0 = depFM: Depth [fresh water, m]
# name 1 = dz/dtM: Descent Rate [m/s]
# name 2 = sbeox0ML/L: Oxygen, SBE 43 [ml/l]
# name 3 = sbeox0PS: Oxygen, SBE 43 [% saturation]
# name 4 = specc: Specific Conductance [uS/cm]
# name 5 = c0uS/cm: Conductivity [uS/cm]
# name 6 = flECO-AFL: Fluorescence, WET Labs ECO-AFL/FL [mg/m^3]
# name 7 = ph: pH
# name 8 = orp: Oxidation Reduction Potential [mV]
# name 9 = par/sat/log: PAR/Logarithmic, Satlantic
# name 10 = turbWETntu0: Turbidity, WET Labs ECO [NTU]
# name 11 = prdM: Pressure, Strain Gauge [db]
# name 12 = prdE: Pressure, Strain Gauge [psi]
# name 13 = tv290C: Temperature [ITS-90, deg C]
# name 14 = density00: Density [density, kg/m^3]
# name 15 = flag:  0.000e+00
# span 0 =     -0.448,     21.108       
# span 1 =     -0.220,      0.272       
# span 2 =     0.0202,     7.5294       
# span 3 =      0.376,    122.520       
# span 4 =      1.586,    235.769       
# span 5 =   1.725121, 168.150407       
# span 6 =    -2.5588,     4.1857       
# span 7 =      6.530,      7.814       
# span 8 =  -375.2181,  1146.5665       
# span 9 = 1.2338e-01, 2.5572e+03       
# span 10 =    -4.2452,    92.0974      
# span 11 =     -0.440,     20.700      
# span 12 =     -0.638,     30.023      
# span 13 =     9.3000,    29.6380      
# span 14 =   995.7817,   999.9222      
# span 15 = 0.0000e+00, 0.0000e+00      
# interval = seconds: 0.25
# start_time = Jul 21 2020 21:52:21 [Instrument's time stamp, header]
# bad_flag = -9.990e-29
*END*
[from data line 4159]
      5.945     -0.055     0.0506      0.652    200.940 139.701483     1.0961      7.003   259.6715 3.0987e+01     2.8874      5.832      8.458     9.7585   999.8246 0.0000e+00
      5.929     -0.055     0.0508      0.663    200.957 139.714358     1.1532      7.004   259.8786 3.1302e+01     2.9077      5.815      8.434     9.7588   999.8245 0.0000e+00
      5.914     -0.055     0.0512      0.674    200.972 139.725996     1.1549      7.005   260.0041 3.1569e+01     2.9236      5.799      8.410     9.7592   999.8244 0.0000e+00
      5.900     -0.055     0.0502      0.693    200.954 139.714631     1.1458      7.006   260.1570 3.1786e+01     2.9775      5.785      8.391     9.7593   999.8244 0.0000e+00
      5.887     -0.056     0.0520      0.696    200.937 139.704519     1.1193      7.006   260.2649 3.2008e+01     3.0443      5.773      8.373     9.7597   999.8243 0.0000e+00
      5.875     -0.057     0.0528      0.679    200.974 139.731307     1.1012      7.006   260.2757 3.2214e+01     3.0440      5.760      8.355     9.7600   999.8242 0.0000e+00
      5.863     -0.060     0.0526      0.667    201.048 139.783382     1.0983      7.006   260.2881 3.2459e+01     3.0433      5.749      8.339     9.7600   999.8242 0.0000e+00
      5.848     -0.062     0.0559      0.675    201.105 139.823860     1.0947      7.006   260.3276 3.2821e+01     3.0349      5.737      8.320     9.7605   999.8241 0.0000e+00
      5.828     -0.063     0.0560      0.714    201.123 139.837997     1.1332      7.006   260.4098 3.3194e+01     3.0113      5.715      8.289     9.7608   999.8239 0.0000e+00
      5.808     -0.062     0.0534      0.741    201.105 139.826745     1.2107      7.006   260.5071 3.3485e+01     3.0331      5.694      8.258     9.7609   999.8238 0.0000e+00
      5.791     -0.061     0.0528      0.710    201.088 139.815390     1.2501      7.007   260.4723 3.3715e+01     3.0581      5.678      8.236     9.7613   999.8237 0.0000e+00
      5.777     -0.058     0.0519      0.660    201.105 139.828274     1.2567      7.008   260.3337 3.3920e+01     3.0386      5.664      8.215     9.7616   999.8237 0.0000e+00
      5.764     -0.054     0.0567      0.649    201.142 139.854959     1.3005      7.009   260.2077 3.4122e+01     2.9690      5.651      8.196     9.7620   999.8236 0.0000e+00
      5.753     -0.051     0.0616      0.672    201.180 139.882889     1.3795      7.010   260.1524 3.4366e+01     2.9027      5.642      8.183     9.7623   999.8235 0.0000e+00
      5.741     -0.049     0.0568      0.691    201.218 139.910829     1.4291      7.010   260.2676 3.4678e+01     2.8906      5.632      8.168     9.7624   999.8234 0.0000e+00
      5.727     -0.049     0.0507      0.688    201.255 139.937628     1.4329      7.010   260.3966 3.4929e+01     2.9251      5.616      8.145     9.7626   999.8233 0.0000e+00
      5.714     -0.051     0.0503      0.692    201.274 139.951767     1.3969      7.010   260.3355 3.5112e+01     2.9429      5.603      8.128     9.7629   999.8233 0.0000e+00
      5.702     -0.053     0.0536      0.715    201.276 139.954212     1.3379      7.010   260.2165 3.5315e+01     2.9335      5.592      8.111     9.7633   999.8232 0.0000e+00
      5.690     -0.055     0.0559      0.740    201.293 139.967192     1.3000      7.010   260.2491 3.5541e+01     2.9482      5.580      8.095     9.7636   999.8231 0.0000e+00
      5.676     -0.056     0.0543      0.753    201.311 139.981131     1.3017      7.009   260.2987 3.5835e+01     2.9835      5.568      8.076     9.7638   999.8231 0.0000e+00
      5.659     -0.058     0.0540      0.747    201.330 139.995172     1.4062      7.011   260.3867 3.6175e+01     3.0172      5.548      8.048     9.7641   999.8230 0.0000e+00
      5.643     -0.060     0.0571      0.739    201.349 140.009402     1.5903      7.013   260.6245 3.6497e+01     3.0130      5.533      8.025     9.7643   999.8229 0.0000e+00
      5.629     -0.061     0.0588      0.761    201.371 140.025604     1.6966      7.013   260.7648 3.6817e+01     3.0001      5.521      8.007     9.7646   999.8228 0.0000e+00
      5.614     -0.064     0.0605      0.784    201.424 140.063494     1.7190      7.013   260.7928 3.7164e+01     2.9994      5.505      7.985     9.7650   999.8227 0.0000e+00
      5.598     -0.066     0.0596      0.768    201.453 140.084802     1.8036      7.014   260.9626 3.7502e+01     3.0040      5.490      7.963     9.7652   999.8226 0.0000e+00
      5.581     -0.066     0.0573      0.759    201.461 140.091882     1.9666      7.014   261.1839 3.7838e+01     3.0213      5.474      7.939     9.7654   999.8225 0.0000e+00
      5.562     -0.063     0.0597      0.768    201.450 140.085313     2.0596      7.014   261.2306 3.8212e+01     3.0025      5.456      7.913     9.7656   999.8224 0.0000e+00
      5.542     -0.056     0.0651      0.748    201.426 140.069168     2.0597      7.014   261.1829 3.8582e+01     2.9836      5.435      7.882     9.7659   999.8223 0.0000e+00
      5.525     -0.049     0.0601      0.721    201.451 140.088038     1.9587      7.015   261.1231 3.8855e+01     2.9983      5.414      7.853     9.7663   999.8222 0.0000e+00
      5.515     -0.043     0.0585      0.704    201.499 140.122103     1.7724      7.014   261.0239 3.8977e+01     3.0089      5.405      7.839     9.7666   999.8221 0.0000e+00
      5.512     -0.041     0.0637      0.704    201.555 140.162112     1.6664      7.014   260.9301 3.9062e+01     3.0086      5.406      7.840     9.7668   999.8221 0.0000e+00
      5.509     -0.043     0.0583      0.711    201.592 140.189049     1.6403      7.015   261.0211 3.9265e+01     2.9946      5.405      7.839     9.7672   999.8220 0.0000e+00
      5.499     -0.047     0.0575      0.714    201.596 140.192648     1.6094      7.016   261.1786 3.9607e+01     2.9762      5.395      7.825     9.7675   999.8220 0.0000e+00
      5.483     -0.053     0.0551      0.724    201.613 140.205638     1.5794      7.015   261.2853 4.0056e+01     2.9585      5.378      7.800     9.7677   999.8219 0.0000e+00
      5.463     -0.059     0.0556      0.745    201.629 140.218531     1.5730      7.015   261.5370 4.0511e+01     2.9524      5.356      7.769     9.7680   999.8218 0.0000e+00
      5.444     -0.063     0.0571      0.780    201.630 140.220967     1.5805      7.015   261.7272 4.0839e+01     2.9368      5.336      7.740     9.7682   999.8217 0.0000e+00
      5.429     -0.065     0.0558      0.800    201.649 140.235095     1.6127      7.016   261.6912 4.1119e+01     2.9071      5.323      7.720     9.7684   999.8216 0.0000e+00
      5.415     -0.064     0.0576      0.787    201.686 140.261771     1.6760      7.017   261.7049 4.1476e+01     2.9370      5.311      7.703     9.7687   999.8216 0.0000e+00
      5.400     -0.064     0.0581      0.779    201.723 140.288351     1.7159      7.017   261.8931 4.1865e+01     2.9893      5.296      7.683     9.7692   999.8215 0.0000e+00
      5.383     -0.066     0.0625      0.800    201.740 140.301319     1.7235      7.017   262.0735 4.2252e+01     2.9894      5.280      7.657     9.7695   999.8213 0.0000e+00
      5.364     -0.070     0.0648      0.804    201.723 140.290998     1.7399      7.018   262.1647 4.2605e+01     3.0078      5.260      7.627     9.7697   999.8212 0.0000e+00
      5.348     -0.072     0.0626      0.785    201.721 140.291134     1.7800      7.018   262.1359 4.2951e+01     3.0396      5.244      7.605     9.7700   999.8212 0.0000e+00
      5.331     -0.069     0.0597      0.801    201.736 140.302964     1.8076      7.018   262.0690 4.3400e+01     2.9961      5.230      7.585     9.7702   999.8211 0.0000e+00
      5.309     -0.061     0.0646      0.834    201.740 140.306459     1.8067      7.018   262.1308 4.3900e+01     2.9279      5.209      7.554     9.7706   999.8210 0.0000e+00
      5.287     -0.051     0.0657      0.848    201.778 140.333398     1.8074      7.018   262.2808 4.4290e+01     2.9023      5.181      7.515     9.7709   999.8208 0.0000e+00
      5.272     -0.043     0.0598      0.838    201.834 140.373525     1.8262      7.018   262.4190 4.4459e+01     2.8913      5.164      7.490     9.7712   999.8207 0.0000e+00
      5.269     -0.040     0.0633      0.807    201.883 140.408900     1.8333      7.018   262.4260 4.4472e+01     2.8645      5.165      7.491     9.7714   999.8207 0.0000e+00
      5.272     -0.040     0.0673      0.792    201.929 140.442177     1.8264      7.019   262.3647 4.4561e+01     2.8533      5.172      7.502     9.7717   999.8207 0.0000e+00
      5.269     -0.044     0.0676      0.810    201.949 140.456923     1.8290      7.019   262.4526 4.4854e+01     2.8925      5.172      7.501     9.7720   999.8207 0.0000e+00
      5.254     -0.050     0.0677      0.808    201.951 140.459621     1.8167      7.020   262.7142 4.5323e+01     2.9274      5.155      7.477     9.7722   999.8206 0.0000e+00
      5.231     -0.057     0.0636      0.773    201.971 140.474811     1.7818      7.020   262.9473 4.5878e+01     2.9312      5.131      7.440     9.7725   999.8205 0.0000e+00
      5.208     -0.062     0.0608      0.761    202.024 140.513010     1.7604      7.020   263.1195 4.6352e+01     2.9390      5.104      7.404     9.7728   999.8203 0.0000e+00
      5.189     -0.062     0.0655      0.801    202.059 140.538748     1.7687      7.019   263.3338 4.6635e+01     2.9525      5.086      7.377     9.7731   999.8202 0.0000e+00
      5.179     -0.059     0.0658      0.853    202.046 140.530849     1.8342      7.020   263.4742 4.6846e+01     2.9577      5.079      7.365     9.7734   999.8202 0.0000e+00
      5.170     -0.055     0.0603      0.890    202.065 140.545083     1.9322      7.021   263.4394 4.7122e+01     2.9676      5.072      7.356     9.7737   999.8201 0.0000e+00
      5.157     -0.053     0.0582      0.899    202.119 140.583273     1.9713      7.022   263.4291 4.7488e+01     3.0028      5.059      7.338     9.7740   999.8200 0.0000e+00
      5.142     -0.054     0.0636      0.893    202.156 140.609864     1.9723      7.022   263.5222 4.7913e+01     3.0063      5.044      7.315     9.7743   999.8200 0.0000e+00
      5.126     -0.056     0.0683      0.910    202.156 140.611437     1.9542      7.022   263.6185 4.8303e+01     2.9749      5.026      7.290     9.7746   999.8198 0.0000e+00
      5.111     -0.059     0.0713      0.916    202.141 140.602292     1.9049      7.022   263.6471 4.8626e+01     3.0012      5.011      7.268     9.7748   999.8197 0.0000e+00
      5.097     -0.060     0.0729      0.897    202.174 140.626883     1.8719      7.023   263.6098 4.8956e+01     3.0153      5.000      7.251     9.7751   999.8197 0.0000e+00
      5.083     -0.059     0.0684      0.882    202.211 140.653613     1.8605      7.024   263.5975 4.9353e+01     2.9738      4.986      7.231     9.7754   999.8196 0.0000e+00
      5.067     -0.057     0.0732      0.870    202.233 140.670318     1.8533      7.024   263.5846 4.9814e+01     2.9802      4.970      7.208     9.7756   999.8196 0.0000e+00
      5.050     -0.055     0.0739      0.865    202.276 140.701293     1.8513      7.023   263.6263 5.0237e+01     2.9898      4.952      7.182     9.7760   999.8194 0.0000e+00
      5.036     -0.054     0.0701      0.876    202.286 140.709177     1.8453      7.023   263.7564 5.0586e+01     2.9528      4.937      7.161     9.7764   999.8194 0.0000e+00
      5.024     -0.052     0.0705      0.869    202.274 140.701851     1.8484      7.024   263.8680 5.0921e+01     2.9439      4.927      7.146     9.7766   999.8193 0.0000e+00
      5.013     -0.049     0.0690      0.831    202.327 140.740303     1.8789      7.025   263.9435 5.1212e+01     2.9513      4.916      7.130     9.7768   999.8192 0.0000e+00
      5.001     -0.048     0.0677      0.812    202.398 140.791350     1.9092      7.025   264.0665 5.1484e+01     2.9395      4.905      7.113     9.7772   999.8191 0.0000e+00
      4.988     -0.048     0.0701      0.833    202.422 140.808740     1.9190      7.025   264.2363 5.1824e+01     2.9724      4.892      7.096     9.7774   999.8191 0.0000e+00
      4.976     -0.048     0.0708      0.853    202.441 140.822989     1.9119      7.025   264.4482 5.2160e+01     3.0064      4.880      7.077     9.7777   999.8189 0.0000e+00
      4.964     -0.048     0.0646      0.843    202.458 140.836049     1.8614      7.025   264.6492 5.2453e+01     2.9721      4.868      7.060     9.7782   999.8189 0.0000e+00
      4.951     -0.048     0.0629      0.837    202.461 140.839066     1.7763      7.026   264.7740 5.2759e+01     2.9702      4.856      7.042     9.7784   999.8188 0.0000e+00
      4.939     -0.048     0.0660      0.858    202.489 140.859471     1.7308      7.026   264.9255 5.3049e+01     3.0178      4.842      7.023     9.7786   999.8188 0.0000e+00
      4.927     -0.049     0.0696      0.886    202.532 140.891396     1.7309      7.027   265.0180 5.3350e+01     3.0319      4.832      7.008     9.7789   999.8187 0.0000e+00
      4.915     -0.049     0.0663      0.898    202.552 140.906124     1.7296      7.027   265.0325 5.3713e+01     3.0383      4.821      6.992     9.7793   999.8187 0.0000e+00
      4.902     -0.050     0.0653      0.895    202.556 140.909972     1.7246      7.026   265.0141 5.4058e+01     3.0603      4.807      6.972     9.7795   999.8186 0.0000e+00
      4.889     -0.051     0.0679      0.890    202.595 140.937918     1.7285      7.026   264.8821 5.4391e+01     3.0575      4.796      6.954     9.7797   999.8185 0.0000e+00
      4.876     -0.052     0.0711      0.905    202.666 140.988857     1.7383      7.026   264.8128 5.4767e+01     3.0395      4.782      6.935     9.7802   999.8184 0.0000e+00
      4.863     -0.054     0.0716      0.934    202.702 141.015545     1.7563      7.026   264.8641 5.5158e+01     3.0484      4.769      6.916     9.7804   999.8183 0.0000e+00
      4.848     -0.055     0.0712      0.945    202.686 141.005441     1.7756      7.027   264.8999 5.5553e+01     3.0280      4.754      6.896     9.7807   999.8182 0.0000e+00
      4.834     -0.056     0.0698      0.945    202.668 140.994286     1.7808      7.029   264.9872 5.5959e+01     2.9302      4.740      6.875     9.7809   999.8181 0.0000e+00
      4.821     -0.056     0.0708      0.943    202.686 141.008245     1.7807      7.029   265.1454 5.6364e+01     2.8609      4.727      6.857     9.7813   999.8181 0.0000e+00
      4.806     -0.057     0.0755      0.937    202.740 141.046645     1.7933      7.029   265.1783 5.6774e+01     2.8779      4.713      6.835     9.7816   999.8180 0.0000e+00
      4.791     -0.059     0.0749      0.921    202.780 141.075832     1.8191      7.029   265.0407 5.7199e+01     2.8954      4.698      6.813     9.7817   999.8179 0.0000e+00
      4.776     -0.060     0.0751      0.897    202.823 141.105987     1.8348      7.029   264.9445 5.7634e+01     2.8654      4.685      6.794     9.7822   999.8178 0.0000e+00
      4.761     -0.061     0.0749      0.894    202.893 141.156081     1.8405      7.029   264.8752 5.8129e+01     2.8590      4.671      6.776     9.7826   999.8177 0.0000e+00
      4.744     -0.061     0.0745      0.914    202.913 141.171180     1.8590      7.029   264.8052 5.8589e+01     2.8864      4.651      6.747     9.7829   999.8176 0.0000e+00
      4.727     -0.060     0.0739      0.913    202.896 141.160974     1.8965      7.030   264.8727 5.8949e+01     2.9224      4.634      6.721     9.7831   999.8175 0.0000e+00
      4.713     -0.059     0.0703      0.887    202.893 141.160266     1.9225      7.031   265.0025 5.9354e+01     2.9859      4.622      6.705     9.7833   999.8174 0.0000e+00
      4.698     -0.056     0.0694      0.872    202.894 141.162617     1.9253      7.030   265.0850 5.9789e+01     3.0355      4.606      6.681     9.7836   999.8174 0.0000e+00
