Data/DataNotYetUploadedToEDI/Raw_CTD/RawDownloads/072219_fcr20.cnv
* Sea-Bird SBE19plus  Data File:
* FileName = C:\DATA\072219_fcr50_0003.hex
* Software version 2.8.0.119
* Temperature SN = 7809
* Conductivity SN = 7809
* System UpLoad Time = Jul 23 2019 10:43:53
* <ApplicationData>
* <Seaterm232>
# nquan = 18
# nvalues = 272                         
# units = specified
# name 0 = depFM: Depth [fresh water, m]
# name 1 = tv290C: Temperature [ITS-90, deg C]
# name 2 = sbeox0Mg/L: Oxygen, SBE 43 [mg/l]
# name 3 = sbeox0PS: Oxygen, SBE 43 [% saturation]
# name 4 = c0uS/cm: Conductivity [uS/cm]
# name 5 = specc: Specific Conductance [uS/cm]
# name 6 = ph: pH
# name 7 = orp: Oxidation Reduction Potential [mV]
# name 8 = flECO-AFL: Fluorescence, WET Labs ECO-AFL/FL [mg/m^3]
# name 9 = turbWETntu0: Turbidity, WET Labs ECO [NTU]
# name 10 = sal00: Salinity, Practical [PSU]
# name 11 = dz/dtM: Descent Rate [m/s]
# name 12 = prdM: Pressure, Strain Gauge [db]
# name 13 = prdE: Pressure, Strain Gauge [psi]
# name 14 = scan: Scan Count
# name 15 = par/sat/log: PAR/Logarithmic, Satlantic
# name 16 = density00: Density [density, kg/m^3]
# name 17 = flag:  0.000e+00
# span 0 =     -0.620,      2.909       
# span 1 =    20.2012,    28.4686       
# span 2 =    -0.7661,    10.6530       
# span 3 =     -8.581,    132.107       
# span 4 =   2.333742,  81.775377       
# span 5 =      1.012,     89.283       
# span 6 =      6.509,      8.562       
# span 7 =   157.5499,   315.0361       
# span 8 =    -0.1483,    28.3898       
# span 9 =    -0.3547,    43.1930       
# span 10 =     0.0129,     0.0460      
# span 11 =     -0.007,      0.158      
# span 12 =     -0.588,      2.851      
# span 13 =     -0.854,      4.136      
# span 14 =          1,        272      
# span 15 = 8.6304e+00, 6.9636e+02      
# span 16 =   996.1187,   998.2115      
# span 17 = 0.0000e+00, 0.0000e+00      
# interval = seconds: 0.25
# start_time = Jul 22 2019 15:42:03 [Instrument's time stamp, header]
# bad_flag = -9.990e-29
*END*
[from data line 81]
      0.124    27.9948     6.9343     88.587  38.451164     36.293      8.266   182.9521    17.4796     2.0390     0.0249      0.005      0.123      0.179         82 3.0905e+02   996.2574 0.0000e+00
      0.127    27.9957     6.8472     87.473  38.510962     36.317      8.264   182.9521    17.4835     1.9525     0.0249      0.002      0.125      0.181         83 2.9285e+02   996.2567 0.0000e+00
      0.132    27.9947     6.7680     86.460  38.565505     36.395      8.262   182.7250    17.6742     1.9957     0.0250      0.001      0.130      0.189         84 2.8533e+02   996.2561 0.0000e+00
      0.139    27.9931     6.7006     85.598  38.590746     36.394      8.262   182.3464    17.6780     2.0102     0.0250      0.004      0.137      0.199         85 2.6428e+02   996.2559 0.0000e+00
      0.149    27.9930     6.6415     84.839  38.627735     36.447      8.259   182.6871    17.6628     1.9236     0.0250      0.008      0.145      0.210         86 2.3772e+02   996.2562 0.0000e+00
      0.154    27.9944     6.6032     84.346  38.638023     36.449      8.257   182.3464    17.6856     1.9525     0.0250      0.013      0.151      0.218         87 2.2971e+02   996.2567 0.0000e+00
      0.158    27.9953     6.5961     84.253  38.607582     36.422      8.256   182.2707    17.6017     2.2409     0.0250      0.017      0.154      0.223         88 2.2482e+02   996.2568 0.0000e+00
      0.159    27.9948     6.6035     84.348  38.576706     36.395      8.257   182.0057    17.6437     2.2986     0.0250      0.020      0.156      0.226         89 2.2138e+02   996.2563 0.0000e+00
      0.159    27.9938     6.6297     84.678  38.468986     36.289      8.253   182.5357    17.5979     2.2409     0.0249      0.020      0.156      0.226         90 2.2758e+02   996.2560 0.0000e+00
      0.158    27.9931     6.6724     85.214  38.415629     36.237      8.255   182.4600    17.6093     2.1544     0.0249      0.017      0.156      0.227         91 2.2732e+02   996.2561 0.0000e+00
      0.162    27.9922     6.7240     85.863  38.465286     36.290      8.254   181.9300    18.1434     2.1688     0.0249      0.013      0.159      0.231         92 2.2610e+02   996.2565 0.0000e+00
      0.168    27.9914     6.7740     86.496  38.525738     36.343      8.256   182.0814    18.1587     2.2409     0.0250      0.011      0.164      0.238         93 2.3960e+02   996.2567 0.0000e+00
      0.172    27.9909     6.8167     87.042  38.547857     36.370      8.257   181.8543    18.1510     2.1688     0.0250      0.009      0.167      0.243         94 2.5400e+02   996.2569 0.0000e+00
      0.171    27.9903     6.8620     87.616  38.526670     36.344      8.259   181.9679    18.1510     2.2120     0.0250      0.009      0.167      0.243         95 2.6337e+02   996.2572 0.0000e+00
      0.169    27.9878     6.8985     88.078  38.522467     36.345      8.259   181.9300    18.1587     2.1688     0.0250      0.008      0.167      0.242         96 2.6739e+02   996.2574 0.0000e+00
      0.171    27.9845     6.9342     88.531  38.523451     36.345      8.260   181.6271    18.3227     2.1976     0.0250      0.007      0.169      0.246         97 2.7399e+02   996.2576 0.0000e+00
      0.179    27.9835     6.9701     88.984  38.584721     36.399      8.261   181.5893    18.3456     2.3562     0.0250      0.009      0.174      0.252         98 2.8026e+02   996.2584 0.0000e+00
      0.182    27.9837     7.0053     89.430  38.653679     36.481      8.257   181.5136    18.3380     2.2986     0.0250      0.010      0.177      0.257         99 2.8493e+02   996.2592 0.0000e+00
      0.182    27.9805     7.0444     89.927  38.645097     36.455      8.259   181.5514    18.3303     2.1832     0.0250      0.009      0.181      0.262        100 2.8818e+02   996.2595 0.0000e+00
      0.191    27.9744     7.0715     90.272  38.625041     36.455      8.259   181.1350    17.8611     1.9525     0.0250      0.010      0.189      0.274        101 2.7911e+02   996.2596 0.0000e+00
      0.207    27.9680     7.1156     90.836  38.589727     36.404      8.261   181.3243    17.8535     2.0534     0.0250      0.015      0.203      0.294        102 2.7558e+02   996.2605 0.0000e+00
      0.221    27.9646     7.1796     91.655  38.629771     36.462      8.264   181.0593    17.8535     2.0102     0.0250      0.023      0.221      0.319        103 2.7106e+02   996.2623 0.0000e+00
      0.246    27.9648     7.2744     92.874  38.604848     36.439      8.258   181.4757    17.8459     1.9957     0.0250      0.035      0.241      0.349        104 2.5590e+02   996.2643 0.0000e+00
      0.268    27.9623     7.3428     93.748  38.531836     36.363      8.247   181.7029    17.4262     2.2120     0.0250      0.046      0.262      0.379        105 2.5276e+02   996.2653 0.0000e+00
      0.286    27.9597     7.3680     94.067  38.572449     36.415      8.245   182.1571    17.4224     2.2120     0.0250      0.055      0.282      0.409        106 2.4630e+02   996.2653 0.0000e+00
      0.310    27.9578     7.3643     94.019  38.524668     36.365      8.232   182.6493    17.4224     2.2265     0.0250      0.067      0.301      0.436        107 2.3689e+02   996.2661 0.0000e+00
      0.323    27.9546     7.3364     93.662  38.413476     36.261      8.228   182.6871    17.4262     2.2409     0.0249      0.074      0.316      0.457        108 2.3516e+02   996.2669 0.0000e+00
      0.333    27.9523     7.2866     93.024  38.473732     36.315      8.232   183.1036    17.6856     2.1976     0.0249      0.074      0.326      0.473        109 2.3078e+02   996.2675 0.0000e+00
      0.342    27.9505     7.2205     92.179  38.420044     36.291      8.235   183.5579    17.7009     2.1832     0.0249      0.070      0.334      0.484        110 2.2785e+02   996.2684 0.0000e+00
      0.344    27.9499     7.1407     91.160  38.302466     36.134      8.238   183.8607    17.6551     2.1688     0.0249      0.062      0.340      0.493        111 2.2774e+02   996.2691 0.0000e+00
      0.351    27.9504     7.0569     90.090  38.442235     36.320      8.248   183.6336    17.6589     2.2120     0.0249      0.051      0.351      0.508        112 2.2107e+02   996.2697 0.0000e+00
      0.376    27.9523     6.9758     89.053  38.542477     36.373      8.248   184.9207    17.9222     2.1976     0.0250      0.047      0.371      0.538        113 2.0852e+02   996.2700 0.0000e+00
      0.407    27.9565     6.9013     88.102  38.562999     36.425      8.251   185.4886    17.8955     2.1399     0.0250      0.049      0.395      0.573        114 1.9892e+02   996.2699 0.0000e+00
      0.424    27.9574     6.8384     87.301  38.505606     36.345      8.241   185.2614    17.9336     2.2697     0.0249      0.052      0.413      0.599        115 1.9606e+02   996.2694 0.0000e+00
      0.433    27.9559     6.7877     86.656  38.465715     36.315      8.242   185.5643    17.9145     2.1976     0.0249      0.057      0.427      0.619        116 1.9171e+02   996.2683 0.0000e+00
      0.450    27.9554     6.7465     86.131  38.523731     36.368      8.246   185.8293    17.8993     2.1976     0.0250      0.062      0.442      0.641        117 1.8292e+02   996.2681 0.0000e+00
      0.470    27.9544     6.7245     85.848  38.522317     36.369      8.247   186.4729    17.7429     2.1688     0.0250      0.068      0.461      0.668        118 1.7679e+02   996.2686 0.0000e+00
      0.489    27.9535     6.7188     85.772  38.467476     36.316      8.252   186.6243    17.7314     2.2697     0.0249      0.073      0.479      0.694        119 1.7014e+02   996.2688 0.0000e+00
      0.505    27.9532     6.7219     85.810  38.414160     36.264      8.253   186.7000    17.7200     2.1399     0.0249      0.072      0.494      0.716        120 1.6542e+02   996.2692 0.0000e+00
      0.516    27.9529     6.7152     85.723  38.381209     36.239      8.258   187.0407    17.7314     2.2409     0.0249      0.067      0.506      0.734        121 1.6133e+02   996.2695 0.0000e+00
      0.528    27.9520     6.6982     85.505  38.360295     36.212      8.260   187.3814    17.7314     2.1688     0.0249      0.062      0.517      0.750        122 1.5660e+02   996.2696 0.0000e+00
      0.536    27.9517     6.6643     85.072  38.262364     36.134      8.260   187.6843    17.7429     2.2841     0.0249      0.059      0.526      0.763        123 1.5454e+02   996.2697 0.0000e+00
      0.544    27.9522     6.6193     84.498  38.236353     36.081      8.262   187.5329    17.7276     2.2553     0.0248      0.055      0.535      0.776        124 1.5131e+02   996.2700 0.0000e+00
      0.556    27.9531     6.5654     83.812  38.333395     36.214      8.265   188.0250    17.7162     2.1688     0.0249      0.050      0.546      0.791        125 1.4772e+02   996.2702 0.0000e+00
      0.570    27.9542     6.5089     83.091  38.349056     36.187      8.265   188.2522    17.6055     1.9381     0.0249      0.046      0.559      0.810        126 1.4483e+02   996.2701 0.0000e+00
      0.582    27.9547     6.4533     82.385  38.335408     36.213      8.272   188.2900    17.6017     2.0102     0.0249      0.043      0.573      0.830        127 1.4148e+02   996.2698 0.0000e+00
      0.600    27.9536     6.4084     81.813  38.291103     36.133      8.274   188.2522    17.6017     1.9813     0.0249      0.045      0.588      0.852        128 1.3746e+02   996.2696 0.0000e+00
      0.616    27.9515     6.3758     81.397  38.344918     36.211      8.277   188.7443    17.6017     2.1111     0.0249      0.048      0.603      0.876        129 1.3439e+02   996.2696 0.0000e+00
      0.632    27.9504     6.3591     81.185  38.416622     36.265      8.275   188.6686    17.4224     2.1976     0.0249      0.052      0.618      0.896        130 1.3226e+02   996.2700 0.0000e+00
      0.642    27.9498     6.3527     81.103  38.320419     36.187      8.272   189.0850    17.4148     2.2697     0.0249      0.055      0.628      0.910        131 1.3006e+02   996.2705 0.0000e+00
      0.647    27.9492     6.3480     81.042  38.168273     36.030      8.274   188.8957    17.4377     2.2553     0.0248      0.054      0.635      0.920        132 1.2816e+02   996.2708 0.0000e+00
      0.653    27.9491     6.3291     80.800  38.102139     35.977      8.278   189.4636    17.4224     2.2986     0.0248      0.050      0.640      0.928        133 1.2704e+02   996.2710 0.0000e+00
      0.657    27.9494     6.3264     80.763  38.106356     35.978      8.284   189.3122    17.4911     2.0534     0.0248      0.045      0.647      0.938        134 1.2525e+02   996.2712 0.0000e+00
      0.669    27.9502     6.2978     80.398  38.103753     35.978      8.287   190.0315    17.4568     1.9525     0.0248      0.040      0.657      0.952        135 1.2192e+02   996.2713 0.0000e+00
      0.681    27.9513     6.2657     79.988  38.105379     35.978      8.287   190.0315    17.5102     2.0102     0.0248      0.035      0.667      0.967        136 1.2054e+02   996.2713 0.0000e+00
      0.691    27.9528     6.2255     79.474  38.133969     36.003      8.292   189.9557    17.4987     2.0102     0.0248      0.033      0.678      0.984        137 1.1817e+02   996.2711 0.0000e+00
      0.706    27.9542     6.1825     78.926  38.097808     35.976      8.290   190.2207    17.0944     2.2120     0.0248      0.034      0.692      1.004        138 1.1542e+02   996.2708 0.0000e+00
      0.721    27.9545     6.1385     78.364  38.120743     35.975      8.291   190.1829    17.0524     2.1976     0.0248      0.039      0.708      1.027        139 1.1343e+02   996.2704 0.0000e+00
      0.741    27.9550     6.0957     77.819  38.194337     36.080      8.293   190.6750    17.0524     2.2553     0.0248      0.046      0.725      1.052        140 1.1066e+02   996.2702 0.0000e+00
      0.755    27.9547     6.0464     77.188  38.184042     36.027      8.292   190.7507    17.0524     2.1976     0.0248      0.051      0.740      1.074        141 1.0872e+02   996.2702 0.0000e+00
      0.768    27.9539     6.0266     76.935  38.192827     36.079      8.291   191.0157    17.0524     2.1255     0.0248      0.056      0.754      1.093        142 1.0625e+02   996.2701 0.0000e+00
      0.781    27.9537     6.0019     76.617  38.124131     35.974      8.293   191.3186    17.6856     2.1688     0.0248      0.057      0.765      1.108        143 1.0508e+02   996.2703 0.0000e+00
      0.788    27.9526     5.9869     76.421  38.091716     35.975      8.294   191.0157    17.6704     2.2409     0.0248      0.056      0.773      1.121        144 1.0342e+02   996.2705 0.0000e+00
      0.796    27.9523     5.9847     76.390  38.114621     35.975      8.293   191.1672    17.6589     2.1688     0.0248      0.053      0.780      1.131        145 1.0196e+02   996.2705 0.0000e+00
      0.802    27.9519     5.9884     76.434  38.095625     35.976      8.294   191.5079    17.6933     2.2265     0.0248      0.048      0.788      1.143        146 1.0107e+02   996.2708 0.0000e+00
      0.813    27.9515     5.9910     76.462  38.115356     35.976      8.300   191.5079    17.9260     2.2986     0.0248      0.043      0.798      1.157        147 9.8798e+01   996.2710 0.0000e+00
      0.825    27.9521     5.9889     76.430  38.119703     36.002      8.302   191.7350    17.9222     2.1688     0.0248      0.039      0.808      1.171        148 9.8180e+01   996.2711 0.0000e+00
      0.832    27.9523     5.9782     76.289  38.060579     35.924      8.307   192.0757    17.9298     2.2265     0.0248      0.036      0.818      1.186        149 9.6843e+01   996.2713 0.0000e+00
      0.845    27.9524     5.9600     76.055  38.040752     35.923      8.309   192.0000    17.9031     2.1832     0.0248      0.036      0.828      1.201        150 9.5492e+01   996.2712 0.0000e+00
      0.855    27.9518     5.9364     75.755  38.055467     35.923      8.312   192.0757    17.6170     2.2841     0.0248      0.037      0.840      1.219        151 9.4599e+01   996.2712 0.0000e+00
      0.872    27.9507     5.8999     75.289  38.101540     35.976      8.313   192.4922    17.6208     2.1976     0.0248      0.040      0.854      1.239        152 9.2362e+01   996.2712 0.0000e+00
      0.886    27.9490     5.8641     74.832  38.131599     36.002      8.311   192.5300    17.6284     2.2986     0.0248      0.044      0.867      1.259        153 9.1865e+01   996.2715 0.0000e+00
      0.897    27.9464     5.8262     74.349  38.106970     35.977      8.311   192.6436    17.6284     2.1976     0.0248      0.046      0.882      1.279        154 9.0336e+01   996.2719 0.0000e+00
      0.917    27.9444     5.7979     73.987  38.102554     35.978      8.309   193.0600    17.0753     2.1976     0.0248      0.050      0.898      1.303        155 8.8401e+01   996.2724 0.0000e+00
      0.932    27.9414     5.7718     73.651  38.107458     35.980      8.307   193.2493    17.0791     2.2409     0.0248      0.053      0.913      1.324        156 8.7700e+01   996.2733 0.0000e+00
      0.944    27.9374     5.7609     73.504  38.100869     35.981      8.309   193.2115    17.0715     2.2409     0.0248      0.056      0.926      1.343        157 8.6157e+01   996.2738 0.0000e+00
      0.956    27.9337     5.7616     73.504  38.051484     35.930      8.312   193.4765    17.0791     2.1976     0.0248      0.056      0.936      1.358        158 8.5517e+01   996.2747 0.0000e+00
      0.962    27.9310     5.7805     73.731  38.080009     35.959      8.315   194.0443    16.4458     2.1688     0.0248      0.054      0.944      1.370        159 8.4638e+01   996.2759 0.0000e+00
      0.972    27.9295     5.8080     74.065  38.095008     35.988      8.319   193.8929    16.4802     2.1688     0.0248      0.051      0.952      1.382        160 8.3605e+01   996.2770 0.0000e+00
