Data/DataNotYetUploadedToEDI/Raw_CTD/RawDownloads/072219_fcr20.cnv
* Sea-Bird SBE19plus  Data File:
* FileName = C:\DATA\072219_fcr50_0003.hex
* Software version 2.8.0.119
* Temperature SN = 7809
* Conductivity SN = 7809
* System UpLoad Time = Jul 23 2019 10:43:53
* <ApplicationData>
* <Seaterm232>
# nquan = 18
# nvalues = 272                         
# units = specified
# name 0 = depFM: Depth [fresh water, m]
# name 1 = tv290C: Temperature [ITS-90, deg C]
# name 2 = sbeox0Mg/L: Oxygen, SBE 43 [mg/l]
# name 3 = sbeox0PS: Oxygen, SBE 43 [% saturation]
# name 4 = c0uS/cm: Conductivity [uS/cm]
# name 5 = specc: Specific Conductance [uS/cm]
# name 6 = ph: pH
# name 7 = orp: Oxidation Reduction Potential [mV]
# name 8 = flECO-AFL: Fluorescence, WET Labs ECO-AFL/FL [mg/m^3]
# name 9 = turbWETntu0: Turbidity, WET Labs ECO [NTU]
# name 10 = sal00: Salinity, Practical [PSU]
# name 11 = dz/dtM: Descent Rate [m/s]
# name 12 = prdM: Pressure, Strain Gauge [db]
# name 13 = prdE: Pressure, Strain Gauge [psi]
# name 14 = scan: Scan Count
# name 15 = par/sat/log: PAR/Logarithmic, Satlantic
# name 16 = density00: Density [density, kg/m^3]
# name 17 = flag:  0.000e+00
# span 0 =     -0.620,      2.909       
# span 1 =    20.2012,    28.4686       
# span 2 =    -0.7661,    10.6530       
# span 3 =     -8.581,    132.107       
# span 4 =   2.333742,  81.775377       
# span 5 =      1.012,     89.283       
# span 6 =      6.509,      8.562       
# span 7 =   157.5499,   315.0361       
# span 8 =    -0.1483,    28.3898       
# span 9 =    -0.3547,    43.1930       
# span 10 =     0.0129,     0.0460      
# span 11 =     -0.007,      0.158      
# span 12 =     -0.588,      2.851      
# span 13 =     -0.854,      4.136      
# span 14 =          1,        272      
# span 15 = 8.6304e+00, 6.9636e+02      
# span 16 =   996.1187,   998.2115      
# span 17 = 0.0000e+00, 0.0000e+00      
# interval = seconds: 0.25
# start_time = Jul 22 2019 15:42:03 [Instrument's time stamp, header]
# bad_flag = -9.990e-29
*END*
     -0.620    28.2044     6.5517     84.400   2.333742      1.012      6.509   315.0361    -0.0987    -0.3403     0.0129 2.1053e-16     -0.588     -0.854          1 5.0346e+02   996.1989 0.0000e+00
     -0.556    28.2767     6.5602     84.506  22.466675     21.791      6.754   157.5499    -0.1102    -0.2393     0.0193      0.017     -0.536     -0.779          2 5.1155e+02   996.2032 0.0000e+00
     -0.466    28.3296     6.5750     84.695  38.102599     35.910      7.249   200.4043    -0.1064    -0.3547     0.0248      0.053     -0.466     -0.676          3 5.3832e+02   996.1935 0.0000e+00
     -0.408    28.3724     6.5921     84.914  38.757276     36.307      7.641   203.9629    -0.1483    -0.3114     0.0250      0.094     -0.410     -0.595          4 6.2261e+02   996.1733 0.0000e+00
     -0.380    28.4060     6.6221     85.296  38.835265     36.454      7.912   210.0201    -0.1102    -0.3403     0.0251      0.129     -0.378     -0.549          5 6.5637e+02   996.1583 0.0000e+00
     -0.367    28.4315     6.6599     85.779  38.983546     36.477      8.112   210.7394    -0.1293    -0.2970     0.0251      0.151     -0.362     -0.526          6 6.5198e+02   996.1461 0.0000e+00
     -0.361    28.4494     6.6865     86.113  39.076562     36.611      8.252   213.2380    -0.1254    -0.2970     0.0252      0.158     -0.352     -0.512          7 6.5894e+02   996.1365 0.0000e+00
     -0.350    28.4611     6.7193     86.513  39.104782     36.567      8.362   213.5408     1.7094    43.1930     0.0251      0.152     -0.339     -0.492          8 6.6926e+02   996.1292 0.0000e+00
     -0.324    28.4685     6.7408     86.765  38.978051     36.477      8.426   214.7901     1.6675    43.0200     0.0251      0.134     -0.319     -0.463          9 6.7820e+02   996.1241 0.0000e+00
     -0.302    28.4686     6.7589     86.964  38.848977     36.312      8.468   216.4937     1.6904    43.1498     0.0251      0.103     -0.299     -0.434         10 6.8460e+02   996.1208 0.0000e+00
     -0.290    28.4648     6.7623     86.959  38.820841     36.307      8.504   216.4558     1.7094    43.0200     0.0251      0.075     -0.282     -0.410         11 6.8674e+02   996.1187 0.0000e+00
     -0.272    28.4628     6.7498     86.741  38.746322     36.229      8.516   214.2601     1.7171    43.1209     0.0250      0.064     -0.262     -0.381         12 6.9636e+02   996.1188 0.0000e+00
     -0.245    28.4621     6.7243     86.368  38.793524     36.258      8.536   206.6886     7.9313     1.6929     0.0250      0.067     -0.227     -0.330         13 6.5925e+02   996.1199 0.0000e+00
     -0.176    28.4609     6.7158     86.222  38.910288     36.416      8.543   204.2279     7.9084     1.7794     0.0251      0.085     -0.171     -0.248         14 5.9331e+02   996.1209 0.0000e+00
     -0.102    28.4577     6.7592     86.745  38.719566     36.181      8.555   177.8036     7.9199     1.6785     0.0250      0.114     -0.111     -0.160         15 5.7486e+02   996.1214 0.0000e+00
     -0.064    28.4552     6.8323     87.658  38.615952     36.130      8.562   211.4965     7.9313     1.8371     0.0250      0.138     -0.068     -0.099         16 6.0916e+02   996.1218 0.0000e+00
     -0.041    28.4492     6.9282     88.876  38.594673     36.080      8.555   212.8972     8.9232     1.9813     0.0250      0.152     -0.043     -0.062         17 5.8350e+02   996.1228 0.0000e+00
     -0.024    28.4347     6.9986     89.774  38.597862     36.107      8.546   213.0487     8.9499     1.9957     0.0250      0.158     -0.026     -0.038         18 4.5342e+02   996.1237 0.0000e+00
     -0.014    28.4179     7.0599     90.556  38.523074     36.033      8.531   214.1465     8.9422     1.9669     0.0249      0.155     -0.017     -0.024         19 4.2949e+02   996.1254 0.0000e+00
     -0.014    28.3967     7.1475     91.677  38.480288     35.991      8.516   214.9794     8.9232     2.0102     0.0249      0.136     -0.014     -0.020         20 4.3060e+02   996.1295 0.0000e+00
     -0.014    28.3642     7.3363     94.097  38.621479     36.159      8.501   216.3044    10.8153     2.0246     0.0250      0.106     -0.013     -0.018         21 4.3895e+02   996.1344 0.0000e+00
     -0.010    28.3276     7.6006     97.485  38.762296     36.278      8.493   216.9101    10.8153     1.9236     0.0250      0.069     -0.009     -0.014         22 4.4739e+02   996.1405 0.0000e+00
     -0.005    28.2973     7.7935     99.958  38.868165     36.430      8.480   217.5158    10.8267     1.9957     0.0251      0.040     -0.005     -0.009         23 4.2532e+02   996.1499 0.0000e+00
     -0.003    28.2733     7.9101    101.450  38.845395     36.403      8.474   218.6894    10.8420     2.1111     0.0251      0.025     -0.003     -0.005         24 4.4917e+02   996.1605 0.0000e+00
     -0.003    28.2511     7.9513    101.976  38.879564     36.476      8.466   219.1815    10.8725     1.9813     0.0251      0.015     -0.003     -0.004         25 4.5196e+02   996.1693 0.0000e+00
     -0.002    28.2346     7.9155    101.516  38.944208     36.545      8.459   219.9765    10.8954     2.0534     0.0251      0.010     -0.002     -0.003         26 4.4001e+02   996.1761 0.0000e+00
     -0.001    28.2266     7.8065    100.116  38.942786     36.560      8.454   219.9765    10.8839     1.9669     0.0251      0.008     -0.001     -0.001         27 4.2901e+02   996.1824 0.0000e+00
     -0.000    28.2230     7.6296     97.848  38.940621     36.572      8.444   221.0744    10.8916     1.9525     0.0251      0.008      0.001      0.002         28 4.2156e+02   996.1872 0.0000e+00
      0.004    28.2206     7.4476     95.517  38.946913     36.577      8.436   221.4908    12.0093     1.8948     0.0251      0.007      0.005      0.008         29 4.1223e+02   996.1896 0.0000e+00
      0.012    28.2190     7.3144     93.814  38.934961     36.580      8.428   221.3015    12.0398     1.9525     0.0251      0.008      0.012      0.017         30 3.9218e+02   996.1906 0.0000e+00
      0.020    28.2177     7.2405     92.871  38.896221     36.529      8.420   220.5444    12.0474     2.0102     0.0251      0.011      0.019      0.027         31 3.8565e+02   996.1913 0.0000e+00
      0.026    28.2167     7.1991     92.344  38.935850     36.583      8.415   220.9987    12.0322     1.9236     0.0251      0.014      0.025      0.036         32 3.9242e+02   996.1918 0.0000e+00
      0.030    28.2156     7.1786     92.085  38.885645     36.531      8.410   221.4530    12.0436     1.9813     0.0251      0.018      0.029      0.042         33 3.8589e+02   996.1921 0.0000e+00
      0.033    28.2142     7.2110     92.502  38.840150     36.479      8.407   221.3015    13.3788     1.8660     0.0251      0.020      0.034      0.050         34 3.6758e+02   996.1925 0.0000e+00
      0.044    28.2132     7.3005     93.647  38.933194     36.585      8.406   221.0744    13.3864     1.9236     0.0251      0.023      0.044      0.065         35 3.5606e+02   996.1928 0.0000e+00
      0.059    28.2122     7.4041     94.972  38.888405     36.533      8.403   221.2637    13.3864     1.9813     0.0251      0.027      0.056      0.081         36 3.4985e+02   996.1933 0.0000e+00
      0.068    28.2112     7.5315     96.593  38.836613     36.481      8.397   221.3394    13.4017     1.9957     0.0251      0.030      0.063      0.092         37 3.5245e+02   996.1936 0.0000e+00
      0.067    28.2114     7.6904     98.613  38.879097     36.535      8.396   222.0965    14.3592     2.2265     0.0251      0.029      0.063      0.092         38 3.6128e+02   996.1939 0.0000e+00
      0.059    28.2135     7.8292    100.359  38.894810     36.535      8.396   219.0301    14.3744     2.2697     0.0251      0.025      0.059      0.086         39 3.6057e+02   996.1942 0.0000e+00
      0.057    28.2168     7.9329    101.655  38.935612     36.588      8.392   220.9987    14.3935     2.2697     0.0251      0.020      0.058      0.084         40 3.6028e+02   996.1941 0.0000e+00
      0.061    28.2197     7.9996    102.479  38.946872     36.586      8.385   221.2258    14.4011     2.1832     0.0251      0.015      0.060      0.087         41 3.5673e+02   996.1935 0.0000e+00
      0.065    28.2220     8.0358    102.916  38.940070     36.584      8.377   185.1857    14.5156     1.8948     0.0251      0.011      0.064      0.092         42 3.5297e+02   996.1926 0.0000e+00
      0.068    28.2243     8.0497    103.073  38.884798     36.530      8.375   182.8007    14.5232     1.9236     0.0251      0.006      0.068      0.098         43 3.5097e+02   996.1918 0.0000e+00
      0.074    28.2251     8.0604    103.191  38.837828     36.475      8.375   220.3930    14.5080     1.9525     0.0251      0.004      0.073      0.106         44 3.4174e+02   996.1911 0.0000e+00
      0.084    28.2239     8.0769    103.390  38.879971     36.526      8.358   182.8007    14.5041     1.9813     0.0251      0.007      0.080      0.116         45 3.4268e+02   996.1905 0.0000e+00
      0.087    28.2204     8.0867    103.510  38.891627     36.526      8.348   180.4914    14.2791     2.0102     0.0251      0.013      0.083      0.121         46 3.5478e+02   996.1903 0.0000e+00
      0.085    28.2139     8.0885    103.526  38.823323     36.474      8.341   179.8100    14.2524     1.8371     0.0251      0.016      0.083      0.120         47 3.6426e+02   996.1906 0.0000e+00
      0.082    28.2025     8.0883    103.513  38.757511     36.398      8.337   178.8636    14.2600     1.9957     0.0250      0.015      0.081      0.118         48 3.7478e+02   996.1916 0.0000e+00
      0.081    28.1843     8.0851    103.461  38.825343     36.481      8.334   178.2957    14.2981     1.9813     0.0251      0.012      0.080      0.116         49 3.8489e+02   996.1935 0.0000e+00
      0.081    28.1657     8.0790    103.366  38.827825     36.489      8.330   178.0307    14.3287     2.2120     0.0251      0.008      0.080      0.116         50 3.8913e+02   996.1967 0.0000e+00
      0.080    28.1487     8.0422    102.873  38.754430     36.423      8.333   177.1221    14.3477     2.2120     0.0250      0.004      0.080      0.116         51 3.8334e+02   996.2019 0.0000e+00
      0.083    28.1341     7.9837    102.106  38.827779     36.514      8.331   176.6678    14.3287     2.2409     0.0251      0.001      0.082      0.118         52 3.8361e+02   996.2073 0.0000e+00
      0.087    28.1225     7.9200    101.274  38.825465     36.526      8.336   176.5164    14.3210     2.1688     0.0251     -0.001      0.085      0.123         53 3.8041e+02   996.2121 0.0000e+00
      0.089    28.1120     7.8670    100.580  38.757318     36.457      8.332   176.5543    14.3515     2.1976     0.0250      0.001      0.089      0.129         54 3.7332e+02   996.2163 0.0000e+00
      0.097    28.1054     7.8186     99.946  38.823682     36.544      8.331   176.4407    15.5990     2.0534     0.0251      0.005      0.096      0.138         55 3.6969e+02   996.2197 0.0000e+00
      0.106    28.1023     7.7881     99.540  38.891071     36.604      8.328   176.3650    15.5952     2.0823     0.0251      0.011      0.102      0.148         56 3.5751e+02   996.2227 0.0000e+00
      0.108    28.0982     7.7686     99.277  38.821646     36.556      8.324   176.4028    15.5799     1.8948     0.0251      0.014      0.104      0.152         57 3.5763e+02   996.2245 0.0000e+00
      0.105    28.0931     7.7694     99.282  38.761895     36.479      8.323   176.5543    15.5875     1.9957     0.0250      0.015      0.103      0.150         58 3.6319e+02   996.2254 0.0000e+00
      0.103    28.0869     7.7754     99.357  38.817245     36.561      8.319   176.4028    15.5341     1.8804     0.0251      0.014      0.101      0.146         59 3.6457e+02   996.2266 0.0000e+00
      0.100    28.0768     7.7790     99.403  38.841680     36.564      8.314   176.4407    15.5074     1.9669     0.0251      0.010      0.099      0.143         60 3.6012e+02   996.2281 0.0000e+00
      0.099    28.0649     7.7899     99.535  38.879675     36.621      8.311   176.2514    15.5379     1.9525     0.0251      0.006      0.098      0.142         61 3.5266e+02   996.2299 0.0000e+00
      0.099    28.0546     7.8207     99.918  38.829238     36.575      8.304   176.2514    15.5074     1.9092     0.0251      0.002      0.098      0.142         62 3.5180e+02   996.2327 0.0000e+00
      0.102    28.0449     7.8614    100.437  38.756265     36.505      8.303   176.6678    15.4655     1.9525     0.0250     -0.002      0.100      0.146         63 3.4532e+02   996.2361 0.0000e+00
      0.106    28.0360     7.8826    100.710  38.822307     36.591      8.298   176.4407    15.4731     1.9669     0.0251     -0.002      0.104      0.151         64 3.3697e+02   996.2391 0.0000e+00
      0.109    28.0273     7.8606    100.434  38.835969     36.597      8.298   216.6451    15.4616     2.0823     0.0251      0.000      0.106      0.154         65 3.3321e+02   996.2418 0.0000e+00
      0.110    28.0176     7.8055     99.724  38.828182     36.603      8.292   218.2351    15.4655     2.0534     0.0251      0.003      0.108      0.156         66 3.3355e+02   996.2444 0.0000e+00
      0.111    28.0102     7.7357     98.825  38.832004     36.609      8.287   219.2573    15.8660     1.9092     0.0251      0.006      0.108      0.157         67 3.3151e+02   996.2468 0.0000e+00
      0.111    28.0072     7.6514     97.743  38.831216     36.616      8.283   220.5065    15.8622     1.9957     0.0251      0.007      0.108      0.156         68 3.2917e+02   996.2495 0.0000e+00
      0.107    28.0067     7.5745     96.760  38.829166     36.621      8.279   221.5287    15.8736     1.9381     0.0251      0.006      0.105      0.151         69 3.2982e+02   996.2517 0.0000e+00
      0.102    28.0063     7.4961     95.761  38.834558     36.623      8.280   221.1880    15.9042     2.0390     0.0251      0.002      0.100      0.144         70 3.3752e+02   996.2525 0.0000e+00
      0.096    28.0021     7.4238     94.840  38.824506     36.624      8.281   220.0901    16.6328     2.1544     0.0251     -0.003      0.096      0.139         71 3.4686e+02   996.2526 0.0000e+00
      0.095    27.9967     7.3759     94.233  38.782401     36.571      8.279   220.5444    16.6251     2.1255     0.0250     -0.007      0.096      0.140         72 3.3930e+02   996.2528 0.0000e+00
      0.103    27.9956     7.3539     93.953  38.827684     36.627      8.274   221.3015    16.6099     2.2986     0.0251     -0.007      0.101      0.147         73 3.3786e+02   996.2540 0.0000e+00
      0.111    27.9976     7.3482     93.879  38.827431     36.631      8.265   222.0965    16.6518     2.2553     0.0251     -0.004      0.109      0.158         74 3.3005e+02   996.2555 0.0000e+00
      0.121    27.9992     7.3447     93.831  38.693808     36.499      8.258   189.1607    16.6442     2.2697     0.0250      0.002      0.117      0.169         75 3.1985e+02   996.2559 0.0000e+00
      0.126    27.9964     7.3363     93.724  38.579052     36.393      8.258   187.4193    17.2584     1.8948     0.0250      0.008      0.122      0.176         76 3.1926e+02   996.2553 0.0000e+00
      0.125    27.9921     7.3082     93.367  38.496042     36.312      8.261   185.9050    17.2431     1.9669     0.0249      0.014      0.123      0.179         77 3.1549e+02   996.2548 0.0000e+00
      0.126    27.9896     7.2581     92.728  38.411827     36.236      8.262   184.8829    17.2431     2.0246     0.0249      0.017      0.124      0.180         78 3.1491e+02   996.2556 0.0000e+00
      0.128    27.9889     7.1949     91.921  38.417123     36.238      8.262   184.2014    17.2737     1.9381     0.0249      0.018      0.125      0.182         79 3.1334e+02   996.2568 0.0000e+00
      0.130    27.9901     7.1175     90.930  38.400543     36.240      8.263   183.7093    17.4758     2.0246     0.0249      0.016      0.126      0.183         80 3.1501e+02   996.2575 0.0000e+00
