Data/DataNotYetUploadedToEDI/Raw_CTD/RawDownloads/072219_fcr20.cnv
* Sea-Bird SBE19plus  Data File:
* FileName = C:\DATA\072219_fcr50_0003.hex
* Software version 2.8.0.119
* Temperature SN = 7809
* Conductivity SN = 7809
* System UpLoad Time = Jul 23 2019 10:43:53
* <ApplicationData>
* <Seaterm232>
# nquan = 18
# nvalues = 272                         
# units = specified
# name 0 = depFM: Depth [fresh water, m]
# name 1 = tv290C: Temperature [ITS-90, deg C]
# name 2 = sbeox0Mg/L: Oxygen, SBE 43 [mg/l]
# name 3 = sbeox0PS: Oxygen, SBE 43 [% saturation]
# name 4 = c0uS/cm: Conductivity [uS/cm]
# name 5 = specc: Specific Conductance [uS/cm]
# name 6 = ph: pH
# name 7 = orp: Oxidation Reduction Potential [mV]
# name 8 = flECO-AFL: Fluorescence, WET Labs ECO-AFL/FL [mg/m^3]
# name 9 = turbWETntu0: Turbidity, WET Labs ECO [NTU]
# name 10 = sal00: Salinity, Practical [PSU]
# name 11 = dz/dtM: Descent Rate [m/s]
# name 12 = prdM: Pressure, Strain Gauge [db]
# name 13 = prdE: Pressure, Strain Gauge [psi]
# name 14 = scan: Scan Count
# name 15 = par/sat/log: PAR/Logarithmic, Satlantic
# name 16 = density00: Density [density, kg/m^3]
# name 17 = flag:  0.000e+00
# span 0 =     -0.620,      2.909       
# span 1 =    20.2012,    28.4686       
# span 2 =    -0.7661,    10.6530       
# span 3 =     -8.581,    132.107       
# span 4 =   2.333742,  81.775377       
# span 5 =      1.012,     89.283       
# span 6 =      6.509,      8.562       
# span 7 =   157.5499,   315.0361       
# span 8 =    -0.1483,    28.3898       
# span 9 =    -0.3547,    43.1930       
# span 10 =     0.0129,     0.0460      
# span 11 =     -0.007,      0.158      
# span 12 =     -0.588,      2.851      
# span 13 =     -0.854,      4.136      
# span 14 =          1,        272      
# span 15 = 8.6304e+00, 6.9636e+02      
# span 16 =   996.1187,   998.2115      
# span 17 = 0.0000e+00, 0.0000e+00      
# interval = seconds: 0.25
# start_time = Jul 22 2019 15:42:03 [Instrument's time stamp, header]
# bad_flag = -9.990e-29
*END*
[from data line 242]
      2.446    22.8443     6.4273     72.616  36.587471     37.977      8.028   236.2173    19.8524     3.2935     0.0244      0.081      2.401      3.480        243 1.5549e+01   997.5524 0.0000e+00
      2.462    22.7823     5.4367     61.230  36.734165     38.378      8.025   236.5959    19.8677     3.2647     0.0245      0.082      2.416      3.503        244 1.5058e+01   997.5865 0.0000e+00
      2.481    22.7271     4.1455     46.540  37.099716     38.710      8.020   237.0123    19.8562     3.2647     0.0246      0.083      2.432      3.527        245 1.4772e+01   997.6064 0.0000e+00
      2.494    22.6812     2.8626     32.108  37.406921     39.196      8.016   236.8609    19.8524     3.2791     0.0248      0.079      2.447      3.549        246 1.4541e+01   997.6213 0.0000e+00
      2.510    22.6812     1.6600     18.629  37.418772     39.156      8.011   237.9209    19.8448     3.2503     0.0247      0.074      2.466      3.576        247 1.3905e+01   997.6343 0.0000e+00
      2.541    22.6378     0.6275      7.046  36.996088     38.841      8.006   237.8830    19.3412     3.0772     0.0246      0.073      2.490      3.610        248 1.3420e+01   997.6450 0.0000e+00
      2.562    22.4448    -0.1284     -1.443  37.577334     39.282      8.002   239.0945    19.3832     3.1493     0.0248      0.072      2.513      3.644        249 1.3090e+01   997.6452 0.0000e+00
      2.583    22.2083    -0.6043     -6.789  38.414358     40.483      7.996   239.6245    19.3527     3.1493     0.0253      0.074      2.534      3.675        250 1.2666e+01   997.6558 0.0000e+00
      2.605    21.9602    -0.7661     -8.581  39.036703     40.920      7.991   240.1166    19.3565     3.0051     0.0254      0.079      2.559      3.711        251 1.2175e+01   997.7010 0.0000e+00
      2.641    21.6357    -0.6880     -7.674  39.648172     42.247      7.984   241.3280    18.2693     3.0340     0.0259      0.086      2.591      3.759        252 1.1394e+01   997.7558 0.0000e+00
      2.682    21.3652    -0.5055     -5.611  41.506656     43.807      7.975   243.3723    18.2807     2.9763     0.0265      0.097      2.625      3.807        253 1.1025e+01   997.8132 0.0000e+00
      2.704    21.1921    -0.3031     -3.352  42.533674     46.150      7.963   243.8645    18.2655     3.0051     0.0274      0.105      2.650      3.843        254 1.0861e+01   997.8866 0.0000e+00
      2.720    21.0399    -0.1438     -1.588  43.350151     46.033      7.957   244.7352    18.3151     3.1349     0.0272      0.106      2.667      3.868        255 1.0554e+01   997.9472 0.0000e+00
      2.736    20.9880    -0.0701     -0.775  47.042628     51.608      7.947   244.6973    16.4573     3.4089     0.0296      0.103      2.681      3.888        256 1.0487e+01   997.9866 0.0000e+00
      2.744    21.0112    -0.0308     -0.341  45.587544     49.150      7.936   245.0759    16.4802     3.4666     0.0285      0.097      2.693      3.906        257 1.0313e+01   998.0193 0.0000e+00
      2.759    21.0430    -0.0140     -0.155  45.427562     49.321      7.928   245.7952    16.4611     3.4377     0.0285      0.088      2.707      3.926        258 1.0033e+01   998.0305 0.0000e+00
      2.778    21.0954    -0.0442     -0.490  48.220257     52.696      7.919   246.4388    16.4611     3.4377     0.0300      0.078      2.726      3.953        259 9.7712e+00   998.0265 0.0000e+00
      2.802    21.0644    -0.0464     -0.514  48.694409     52.481      7.910   246.5523    17.3652     3.6252     0.0299      0.069      2.749      3.986        260 9.5028e+00   998.0200 0.0000e+00
      2.827    20.9132 -9.990e-29 -9.990e-29  51.479664     56.175      7.902   246.5145    17.3499     3.6540     0.0315      0.066      2.775      4.024        261 9.2127e+00   998.0096 0.0000e+00
      2.860    20.6972 -9.990e-29 -9.990e-29  60.621899     65.101      7.883   247.3852    17.3576     3.6829     0.0354      0.072      2.803      4.065        262 8.8348e+00   998.0198 0.0000e+00
      2.888    20.4551 -9.990e-29 -9.990e-29  75.295288     82.681      7.860   247.3473    17.3614     3.7838     0.0431      0.082      2.826      4.099        263 8.7313e+00   998.0582 0.0000e+00
      2.895    20.2730 -9.990e-29 -9.990e-29  81.775377     89.283      7.842   248.5588    15.5799     4.3750     0.0460      0.086      2.837      4.115        264 8.6866e+00   998.1071 0.0000e+00
      2.897    20.2012 -9.990e-29 -9.990e-29  80.790475     88.997      7.819   248.2938    15.6104     4.3462     0.0458      0.085      2.841      4.120        265 8.6496e+00   998.1583 0.0000e+00
      2.900    20.2047 -9.990e-29 -9.990e-29  80.411293     88.673      7.799   248.2559    15.5799     4.4183     0.0456      0.076      2.844      4.124        266 8.6702e+00   998.1966 0.0000e+00
      2.902    20.2496 -9.990e-29 -9.990e-29  80.198146     88.815      7.781   247.8773    15.5952     4.3462     0.0456      0.063      2.846      4.128        267 8.6411e+00   998.2115 0.0000e+00
      2.904    20.3103 -9.990e-29 -9.990e-29  78.650240     86.979      7.767   247.2338    28.3670     5.9900     0.0448      0.047      2.848      4.131        268 8.6304e+00   998.2102 0.0000e+00
      2.906    20.3517 -9.990e-29 -9.990e-29  76.220097     84.173      7.748   247.5366    28.3784     5.9756     0.0436      0.032      2.850      4.133        269 8.6420e+00   998.1999 0.0000e+00
      2.907    20.3635 -9.990e-29 -9.990e-29  75.026461     82.791      7.735   247.2338    28.3555     5.9756     0.0430      0.018      2.851      4.135        270 8.6543e+00   998.1868 0.0000e+00
      2.908 -9.990e-29 -9.990e-29 -9.990e-29  73.484413     81.052      7.720   247.1202    28.3898     6.0189     0.0422      0.009      2.851      4.136        271 8.6446e+00   998.1775 0.0000e+00
      2.909 -9.990e-29 -9.990e-29 -9.990e-29  72.290107     79.549      7.709   247.3095    28.3822     6.0044     0.0415      0.007      2.851      4.136        272 8.6460e+00   998.1745 0.0000e+00
