Data/DataNotYetUploadedToEDI/Raw_CTD/RawDownloads/072318_fcr20.cnv
* Sea-Bird SBE19plus  Data File:
* FileName = C:\DATA\072318_fcr50_0005.hex
* Software version 2.6.3.104 SB_Terminal.dll
* Temperature SN = 7809
* Conductivity SN = 7809
* System UpLoad Time = Jul 23 2018 15:34:17
* <ApplicationData>
* <Seaterm232>
# nquan = 15
# nvalues = 525                         
# units = specified
# name 0 = depFM: Depth [fresh water, m]
# name 1 = dz/dtM: Descent Rate [m/s]
# name 2 = sbeox0Mg/L: Oxygen, SBE 43 [mg/l]
# name 3 = sbeox0PS: Oxygen, SBE 43 [% saturation]
# name 4 = specc: Specific Conductance [uS/cm]
# name 5 = c0uS/cm: Conductivity [uS/cm]
# name 6 = flECO-AFL: Fluorescence, WET Labs ECO-AFL/FL [mg/m^3]
# name 7 = ph: pH
# name 8 = orp: Oxidation Reduction Potential [mV]
# name 9 = par/sat/log: PAR/Logarithmic, Satlantic
# name 10 = turbWETntu0: Turbidity, WET Labs ECO [NTU]
# name 11 = prdM: Pressure, Strain Gauge [db]
# name 12 = prdE: Pressure, Strain Gauge [psi]
# name 13 = tv290C: Temperature [ITS-90, deg C]
# name 14 = flag:  0.000e+00
# span 0 =     -0.621,      3.599       
# span 1 =     -0.105,      0.108       
# span 2 =    -0.3512,     9.8168       
# span 3 =     -3.841,    119.047       
# span 4 =      0.756,    391.620       
# span 5 =   0.734339, 312.275128       
# span 6 =    -0.1980,    13.5036       
# span 7 =      6.739,      8.476       
# span 8 =   112.3033,   337.5290       
# span 9 = 6.0589e-01, 1.5307e+02       
# span 10 =    -0.2389,    17.0521      
# span 11 =     -0.610,      3.530      
# span 12 =     -0.885,      5.120      
# span 13 =    14.8276,    25.1292      
# span 14 = 0.0000e+00, 0.0000e+00      
# interval = seconds: 0.25
# start_time = Jul 23 2018 14:24:47 [Instrument's time stamp, header]
# bad_flag = -9.990e-29
*END*
     -0.620 -3.351e-26     8.4557     99.775      1.365   1.327513    -0.1903      7.330   323.3186 6.1992e+01     0.0201     -0.608     -0.882    23.6609 0.0000e+00
     -0.620 -3.686e-25     8.4581     99.792      1.432   1.393319    -0.1948      7.341   322.1780 6.2354e+01     0.0154     -0.608     -0.882    23.6544 0.0000e+00
     -0.621 -4.054e-24     8.4596     99.797      1.481   1.440396    -0.1967      7.351   320.9184 6.1165e+01     0.0234     -0.609     -0.883    23.6475 0.0000e+00
     -0.621 -4.460e-23     8.4580     99.764      1.494   1.452817    -0.1856      7.361   319.0164 5.8126e+01     0.0239     -0.609     -0.883    23.6425 0.0000e+00
     -0.621 -4.906e-22     8.4578     99.748      1.457   1.416672    -0.1798      7.371   316.7323 5.3996e+01     0.0220     -0.608     -0.882    23.6373 0.0000e+00
     -0.621 -5.396e-21     8.4611     99.772      1.358   1.320444    -0.1827      7.380   315.2410 4.9553e+01     0.0312     -0.609     -0.883    23.6316 0.0000e+00
     -0.620 -5.936e-20     8.4616     99.767      1.211   1.177120    -0.1747      7.379   315.0097 4.7913e+01     0.0137     -0.608     -0.882    23.6246 0.0000e+00
     -0.620 -6.530e-19     8.4580     99.715      1.045   1.015442    -0.1647      7.368   316.0011 4.9324e+01    -0.0068     -0.608     -0.882    23.6173 0.0000e+00
     -0.621 -7.183e-18     8.4534     99.655      0.913   0.887521    -0.1730      7.358   317.0749 5.1258e+01    -0.0036     -0.609     -0.883    23.6096 0.0000e+00
     -0.621 -7.901e-17     8.4512     99.624      0.859   0.835279    -0.1917      7.352   317.2381 5.2337e+01    -0.0080     -0.609     -0.884    23.6020 0.0000e+00
     -0.621 -8.691e-16     8.4517     99.629      0.852   0.827670    -0.1980      7.341   317.9749 5.2097e+01     0.0009     -0.609     -0.883    23.5956 0.0000e+00
     -0.620 -9.560e-15     8.4543     99.659      0.819   0.795525    -0.1945      7.325   319.7021 5.2199e+01     0.0420     -0.608     -0.882    23.5907 0.0000e+00
     -0.620 -1.052e-13     8.4561     99.677      0.786   0.763675    -0.1950      7.306   320.5700 5.3141e+01     0.0623     -0.608     -0.882    23.5878 0.0000e+00
     -0.620 -1.157e-12     8.4567     99.682      0.782   0.759639    -0.1954      7.283   320.0367 5.2809e+01     0.0641     -0.608     -0.882    23.5860 0.0000e+00
     -0.621 -1.272e-11     8.4584     99.699      0.769   0.746723    -0.1897      7.260   320.1370 5.1762e+01     0.0633     -0.609     -0.883    23.5853 0.0000e+00
     -0.621 -1.400e-10     8.4589     99.702      0.756   0.734339    -0.1812      7.241   322.2121 5.1237e+01    -0.0080     -0.609     -0.883    23.5849 0.0000e+00
     -0.621 -1.540e-09     8.4593     99.703      0.758   0.736727    -0.1750      7.227   324.3918 5.0008e+01    -0.1269     -0.609     -0.883    23.5836 0.0000e+00
     -0.621 -1.694e-08     8.4591     99.696      0.798   0.775592    -0.1788      7.217   326.3582 4.7485e+01    -0.1843     -0.609     -0.884    23.5821 0.0000e+00
     -0.621 -1.863e-07     8.4568     99.666      0.913   0.887192    -0.1812      7.209   329.1243 4.4387e+01    -0.2135     -0.609     -0.884    23.5803 0.0000e+00
     -0.621 -1.863e-07     8.4565     99.658      1.103   1.071477    -0.1763      7.203   329.4431 4.1875e+01    -0.2361     -0.609     -0.884    23.5784 0.0000e+00
     -0.621 -1.693e-08     8.4587     99.682      1.329   1.291620    -0.1755      7.201   325.3091 4.0043e+01    -0.2139     -0.609     -0.883    23.5767 0.0000e+00
     -0.621 -1.525e-09     8.4590     99.683      1.499   1.456275    -0.1714      7.204   321.1266 3.8045e+01    -0.1890     -0.609     -0.884    23.5746 0.0000e+00
     -0.621 2.2043e-11     8.4575     99.663      1.585   1.540385    -0.1727      7.208   319.3122 3.6660e+01    -0.1787     -0.609     -0.883    23.5725 0.0000e+00
     -0.621 1.7692e-09     8.4568     99.652      1.658   1.611031    -0.1827      7.210   318.6001 3.6886e+01    -0.1816     -0.609     -0.884    23.5704 0.0000e+00
     -0.621 1.9600e-08     8.4564     99.646      1.726   1.676297    -0.1818      7.211   318.5392 3.7551e+01    -0.1928     -0.609     -0.884    23.5689 0.0000e+00
     -0.621 2.1562e-07     8.4558     99.638      1.745   1.695370    -0.1798      7.212   319.2648 3.7589e+01    -0.1919     -0.609     -0.883    23.5679 0.0000e+00
     -0.621      0.000     8.4556     99.633      1.765   1.714811    -0.1853      7.218   319.4576 3.7144e+01    -0.2017     -0.609     -0.883    23.5669 0.0000e+00
     -0.621      0.000     8.4559     99.636      2.359   2.291842    -0.1840      7.229   318.7197 3.7069e+01    -0.2187     -0.610     -0.884    23.5657 0.0000e+00
     -0.621      0.000     8.4565     99.650      3.508   3.408451    -0.1740      7.239   319.2903 3.8493e+01    -0.2151     -0.609     -0.884    23.5646 0.0000e+00
     -0.621      0.003     8.4528     99.690      4.689   4.561335    -0.1655      7.253   320.5060 4.0943e+01    -0.2193     -0.610     -0.884    23.5636 0.0000e+00
     -0.621      0.010     8.4307     99.729      5.972   5.830025    -0.1630      7.271   321.0295 4.2737e+01    -0.2389     -0.609     -0.883    23.5629 0.0000e+00
     -0.621      0.017     8.3911     99.744      6.506   6.379939    -0.1722      7.286   321.4035 4.3670e+01    -0.2384     -0.610     -0.884    23.5618 0.0000e+00
     -0.620      0.022     8.3571     99.773      5.843   5.755685    -0.1849      7.292   321.8447 4.4436e+01    -0.1827     -0.610     -0.885    23.5614 0.0000e+00
     -0.610      0.024     8.3389     99.828      6.346   6.274120    -0.1874      7.297   322.4930 4.5008e+01    -0.0841     -0.602     -0.873    23.5606 0.0000e+00
     -0.594      0.026     8.3271     99.852     10.719  10.617870    -0.1846      7.316   325.7143 4.5637e+01    -0.0234     -0.580     -0.841    23.7181 0.0000e+00
     -0.584      0.030     8.3161     99.832     18.142  17.989690    -0.1875      7.416   333.6043 4.7198e+01    -0.0281     -0.568     -0.823    24.0561 0.0000e+00
     -0.583      0.038     8.3061     99.815     26.242  26.049172    -0.1952      7.665   337.5290 5.2049e+01    -0.0188     -0.570     -0.827    24.3027 0.0000e+00
     -0.583      0.049     8.2951     99.793     32.539  32.333585    -0.1946      7.983   314.6607 5.9564e+01     0.0278     -0.575     -0.834    24.4270 0.0000e+00
     -0.575      0.064     8.2853     99.768     34.984  34.794234    -0.1893      8.229   272.8070 6.4704e+01     0.0469     -0.568     -0.823    24.5095 0.0000e+00
     -0.556      0.080     8.2785     99.746     35.203  35.034538    -0.1860      8.370   251.2648 6.6890e+01     0.0290     -0.550     -0.797    24.5595 0.0000e+00
     -0.525      0.095     8.2737     99.743     35.260  35.112070    -0.1732      8.433   248.0417 6.8443e+01     0.0553     -0.518     -0.751    24.6100 0.0000e+00
     -0.489      0.103     8.2682     99.751     35.280  35.160012    -0.0253      8.450   246.7435 6.9467e+01     0.6705     -0.476     -0.691    24.6756 0.0000e+00
     -0.456      0.101     8.2593     99.733     35.255  35.169603     0.2502      8.450   250.2803 7.1322e+01     1.8215     -0.445     -0.646    24.7319 0.0000e+00
     -0.429      0.092     8.2519     99.728     35.217  35.164560     0.4112      8.449   255.0987 7.9486e+01     2.4675     -0.421     -0.611    24.7554 0.0000e+00
     -0.408      0.078     8.2483     99.751     35.190  35.162612     0.5425      8.447   258.7139 9.3230e+01     2.8350     -0.398     -0.577    24.7783 0.0000e+00
     -0.394      0.066     8.2493     99.807     35.157  35.146084     1.8553      8.445   261.2096 1.0324e+02     6.5380     -0.384     -0.558    24.8211 0.0000e+00
     -0.384      0.056     8.2561     99.913     35.093  35.091788     4.2636      8.443   262.4741 1.0674e+02    13.3346     -0.378     -0.550    24.8744 0.0000e+00
     -0.372      0.048     8.2626    100.002     35.012  35.014296     5.5834      8.439   263.5061 1.0821e+02    17.0185     -0.365     -0.530    24.9233 0.0000e+00
     -0.358      0.041     8.2648    100.033     34.967  34.971371     5.7279      8.436   264.1370 1.1104e+02    17.0521     -0.350     -0.508    24.9608 0.0000e+00
     -0.347      0.035     8.2697    100.086     34.952  34.953913     5.9556      8.434   264.5091 1.1354e+02    13.4356     -0.340     -0.493    24.9830 0.0000e+00
     -0.337      0.029     8.2798    100.181     34.939  34.930243     6.3603      8.434   264.8225 1.1370e+02     6.7401     -0.330     -0.479    24.9950 0.0000e+00
     -0.330      0.022     8.2871    100.236     34.960  34.939242     6.5783      8.434   265.0868 1.1281e+02     3.0836     -0.322     -0.467    24.9989 0.0000e+00
     -0.328      0.016     8.2915    100.268     34.965  34.935661     6.5883      8.435   265.3810 1.1196e+02     2.7347     -0.320     -0.464    25.0006 0.0000e+00
     -0.328      0.012     8.2968    100.322     34.920  34.886936     6.5813      8.436   265.7981 1.1152e+02     2.7046     -0.321     -0.466    25.0026 0.0000e+00
     -0.328      0.010     8.3018    100.371     34.896  34.858263     6.5683      8.436   266.0007 1.1177e+02     2.6887     -0.322     -0.466    24.9841 0.0000e+00
     -0.325      0.009     8.3059    100.406     34.886  34.843048     6.5684      8.435   265.7656 1.1310e+02     2.6958     -0.320     -0.464    24.9591 0.0000e+00
     -0.320      0.008     8.3089    100.429     34.877  34.830001     6.5821      8.433   265.6229 1.1463e+02     2.7601     -0.313     -0.454    24.9504 0.0000e+00
     -0.315      0.007     8.3102    100.431     34.880  34.827551     6.5770      8.431   265.7375 1.1503e+02     2.7945     -0.307     -0.446    24.9485 0.0000e+00
     -0.313      0.005     8.3109    100.428     34.871  34.813416     6.5534      8.431   265.6893 1.1419e+02     2.7460     -0.307     -0.445    24.9413 0.0000e+00
     -0.315      0.002     8.3131    100.442     34.849  34.786126     6.5351      8.431   265.3844 1.1306e+02     2.6917     -0.308     -0.448    24.9320 0.0000e+00
     -0.317      0.001     8.3141    100.441     34.819  34.751661     6.5304      8.431   265.0616 1.1264e+02     2.6873     -0.311     -0.451    24.9256 0.0000e+00
     -0.317      0.001     8.3126    100.411     34.785  34.714294     6.5340      8.432   264.8837 1.1271e+02     2.6925     -0.311     -0.450    24.9190 0.0000e+00
     -0.317      0.003     8.3132    100.409     34.789  34.715429     6.5514      8.433   264.6965 1.1271e+02     2.6932     -0.310     -0.450    24.9122 0.0000e+00
     -0.316      0.008     8.3155    100.427     34.843  34.765369     6.5748      8.433   263.4861 1.1288e+02     2.6960     -0.311     -0.451    24.9054 0.0000e+00
     -0.314      0.015     8.3171    100.440     34.891  34.809960     6.5779      8.431   259.9716 1.1362e+02     2.6969     -0.309     -0.448    24.8980 0.0000e+00
     -0.310      0.027     8.3194    100.468     34.891  34.809946     6.5797      8.424   254.7256 1.1497e+02     2.7038     -0.304     -0.441    24.8920 0.0000e+00
     -0.305      0.042     8.3242    100.529     34.844  34.765197     6.6246      8.414   250.1327 1.1662e+02     2.7176     -0.299     -0.433    24.8871 0.0000e+00
     -0.297      0.057     8.3326    100.634     34.791  34.713542     6.6890      8.408   248.0604 1.1884e+02     2.7119     -0.294     -0.427    24.8826 0.0000e+00
     -0.282      0.068     8.3455    100.794     34.770  34.693531     6.7141      8.407   248.0824 1.2042e+02     2.6954     -0.282     -0.408    24.8765 0.0000e+00
     -0.254      0.073     8.3633    101.004     34.792  34.713805     6.7075      8.408   246.6996 1.2027e+02     2.7321     -0.251     -0.364    24.8776 0.0000e+00
     -0.223      0.074     8.3817    101.214     34.851  34.768113     6.6925      8.410   241.4931 1.2070e+02     2.7590     -0.214     -0.311    24.8818 0.0000e+00
     -0.201      0.072     8.3968    101.398     34.925  34.842012     6.6710      8.411   235.7221 1.2195e+02     2.7150     -0.193     -0.279    24.8802 0.0000e+00
     -0.190      0.068     8.4098    101.574     34.985  34.908593     6.6499      8.411   236.2040 1.2307e+02     2.6884     -0.187     -0.271    24.8873 0.0000e+00
     -0.181      0.063     8.4208    101.729     35.005  34.937960     6.6303      8.408   241.8125 1.2424e+02     2.6809     -0.179     -0.259    24.8844 0.0000e+00
     -0.170      0.058     8.4298    101.863     35.001  34.943025     6.6264      8.408   241.7589 1.2470e+02     2.6550     -0.168     -0.244    24.8712 0.0000e+00
     -0.152      0.053     8.4387    102.000     35.016  34.969847     6.6396      8.411   235.9856 1.2434e+02     2.6504     -0.152     -0.221    24.8724 0.0000e+00
     -0.130      0.047     8.4460    102.125     35.041  35.008199     6.6426      8.416   234.0418 1.2403e+02     2.6865     -0.125     -0.181    24.8852 0.0000e+00
     -0.113      0.039     8.4506    102.218     35.045  35.025643     6.6353      8.422   237.5299 1.2407e+02     2.7253     -0.106     -0.154    24.8996 0.0000e+00
     -0.106      0.028     8.4572    102.328     35.062  35.053735     6.6063      8.429   241.3360 1.2418e+02     2.7229     -0.102     -0.148    24.9100 0.0000e+00
     -0.106      0.017     8.4748    102.564     35.093  35.093792     6.5495      8.434   240.5680 1.2446e+02     2.6876     -0.103     -0.149    24.9254 0.0000e+00
     -0.108      0.010     8.4929    102.801     35.122  35.128872     6.5185      8.439   236.7621 1.2504e+02     2.6654     -0.105     -0.152    24.9472 0.0000e+00
     -0.109      0.008     8.4808    102.670     35.147  35.160288     6.5251      8.442   234.5528 1.2535e+02     2.6675     -0.109     -0.158    24.9676 0.0000e+00
     -0.109      0.012     8.4250    102.010     35.137  35.156043     6.5376      8.443   234.5916 1.2453e+02     2.6521     -0.108     -0.157    24.9843 0.0000e+00
     -0.104      0.017     8.3316    100.893     35.117  35.141073     6.5873      8.443   236.1136 1.2281e+02     2.6018     -0.104     -0.149    24.9962 0.0000e+00
     -0.097      0.020     8.2071     99.394     35.142  35.169853     6.6757      8.444   237.7252 1.2135e+02     2.5466     -0.097     -0.140    25.0044 0.0000e+00
     -0.087      0.021     8.0647     97.676     35.157  35.186438     6.7245      8.445   240.1387 1.2073e+02     2.5039     -0.085     -0.124    25.0127 0.0000e+00
     -0.080      0.020     7.9331     96.088     35.119  35.151034     6.7261      8.446   244.0435 1.2084e+02     2.4820     -0.076     -0.110    25.0215 0.0000e+00
     -0.077      0.018     7.8336     94.888     35.089  35.122916     6.7600      8.447   246.5649 1.2107e+02     2.5260     -0.075     -0.108    25.0280 0.0000e+00
     -0.074      0.013     7.7715     94.138     35.065  35.100542     6.8495      8.449   246.4471 1.2090e+02     2.6087     -0.073     -0.106    25.0333 0.0000e+00
     -0.071      0.008     7.7378     93.731     35.035  35.071079     6.9169      8.449   246.3191 1.2009e+02     2.6582     -0.070     -0.101    25.0363 0.0000e+00
     -0.069      0.002     7.7145     93.450     35.047  35.084288     6.9216      8.448   247.4257 1.1909e+02     2.6974     -0.068     -0.098    25.0394 0.0000e+00
     -0.067     -0.005     7.6910     93.168     35.096  35.133206     6.8424      8.447   247.0067 1.1914e+02     2.6553     -0.065     -0.094    25.0434 0.0000e+00
     -0.067     -0.013     7.6626     92.824     35.117  35.154391     6.7136      8.446   245.6418 1.2004e+02     2.5148     -0.063     -0.092    25.0444 0.0000e+00
     -0.071     -0.019     7.6235     92.347     35.113  35.149876     6.6507      8.445   244.6037 1.2009e+02     2.4634     -0.068     -0.098    25.0442 0.0000e+00
     -0.081     -0.021     7.5704     91.701     35.107  35.142135     6.6427      8.445   245.8976 1.1697e+02     2.4921     -0.080     -0.115    25.0458 0.0000e+00
     -0.092     -0.018     7.5076     90.937     35.091  35.124312     6.5886      8.444   250.9615 1.1212e+02     2.5262     -0.091     -0.131    25.0477 0.0000e+00
