Data/DataNotYetUploadedToEDI/Raw_CTD/RawDownloads/072318_fcr20.cnv
* Sea-Bird SBE19plus  Data File:
* FileName = C:\DATA\072318_fcr50_0005.hex
* Software version 2.6.3.104 SB_Terminal.dll
* Temperature SN = 7809
* Conductivity SN = 7809
* System UpLoad Time = Jul 23 2018 15:34:17
* <ApplicationData>
* <Seaterm232>
# nquan = 15
# nvalues = 525                         
# units = specified
# name 0 = depFM: Depth [fresh water, m]
# name 1 = dz/dtM: Descent Rate [m/s]
# name 2 = sbeox0Mg/L: Oxygen, SBE 43 [mg/l]
# name 3 = sbeox0PS: Oxygen, SBE 43 [% saturation]
# name 4 = specc: Specific Conductance [uS/cm]
# name 5 = c0uS/cm: Conductivity [uS/cm]
# name 6 = flECO-AFL: Fluorescence, WET Labs ECO-AFL/FL [mg/m^3]
# name 7 = ph: pH
# name 8 = orp: Oxidation Reduction Potential [mV]
# name 9 = par/sat/log: PAR/Logarithmic, Satlantic
# name 10 = turbWETntu0: Turbidity, WET Labs ECO [NTU]
# name 11 = prdM: Pressure, Strain Gauge [db]
# name 12 = prdE: Pressure, Strain Gauge [psi]
# name 13 = tv290C: Temperature [ITS-90, deg C]
# name 14 = flag:  0.000e+00
# span 0 =     -0.621,      3.599       
# span 1 =     -0.105,      0.108       
# span 2 =    -0.3512,     9.8168       
# span 3 =     -3.841,    119.047       
# span 4 =      0.756,    391.620       
# span 5 =   0.734339, 312.275128       
# span 6 =    -0.1980,    13.5036       
# span 7 =      6.739,      8.476       
# span 8 =   112.3033,   337.5290       
# span 9 = 6.0589e-01, 1.5307e+02       
# span 10 =    -0.2389,    17.0521      
# span 11 =     -0.610,      3.530      
# span 12 =     -0.885,      5.120      
# span 13 =    14.8276,    25.1292      
# span 14 = 0.0000e+00, 0.0000e+00      
# interval = seconds: 0.25
# start_time = Jul 23 2018 14:24:47 [Instrument's time stamp, header]
# bad_flag = -9.990e-29
*END*
[from data line 386]
      1.388      0.076     8.9306    108.310     35.294  35.375206     8.1526      8.395   251.9205 1.4616e+01     2.8369      1.361      1.974    25.1108 0.0000e+00
      1.406      0.075     8.9366    108.382     35.281  35.362494     8.1192      8.392   251.7840 1.4278e+01     2.9132      1.379      2.000    25.1107 0.0000e+00
      1.424      0.074     8.9355    108.369     35.292  35.373842     8.1192      8.392   251.5423 1.3925e+01     2.9468      1.396      2.024    25.1102 0.0000e+00
      1.443      0.074     8.9277    108.274     35.303  35.385372     8.1340      8.394   251.2353 1.3561e+01     2.9988      1.414      2.052    25.1099 0.0000e+00
      1.463      0.074     8.9206    108.186     35.293  35.374854     8.1597      8.396   251.1691 1.3218e+01     3.0852      1.434      2.081    25.1099 0.0000e+00
      1.482      0.075     8.9191    108.167     35.293  35.373718     8.1724      8.398   251.2587 1.2915e+01     3.1366      1.454      2.109    25.1099 0.0000e+00
      1.500      0.076     8.9232    108.218     35.291  35.371636     8.1680      8.398   251.2866 1.2639e+01     3.1324      1.472      2.135    25.1097 0.0000e+00
      1.518      0.077     8.9295    108.294     35.269  35.349682     8.1534      8.399   251.4199 1.2349e+01     3.0642      1.487      2.158    25.1094 0.0000e+00
      1.537      0.077     8.9342    108.350     35.282  35.362359     8.1238      8.401   251.4943 1.2013e+01     2.9529      1.507      2.185    25.1089 0.0000e+00
      1.559      0.076     8.9377    108.390     35.318  35.397866     8.1042      8.402   251.3252 1.1665e+01     2.9160      1.529      2.218    25.1085 0.0000e+00
      1.581      0.075     8.9399    108.412     35.320  35.397866     8.1096      8.403   251.5261 1.1359e+01     2.9236      1.551      2.250    25.1087 0.0000e+00
      1.601      0.074     8.9402    108.411     35.286  35.362359     8.1427      8.402   252.4606 1.1117e+01     2.8926      1.571      2.278    25.1087 0.0000e+00
      1.617      0.074     8.9375    108.376     35.274  35.349672     8.2021      8.399   253.3317 1.0921e+01     2.8762      1.585      2.300    25.1083 0.0000e+00
      1.633      0.074     8.9275    108.254     35.296  35.371512     8.2389      8.395   253.6269 1.0706e+01     2.8778      1.599      2.320    25.1074 0.0000e+00
      1.651      0.076     8.9059    107.989     35.298  35.372332     8.2384      8.390   253.6211 1.0438e+01     2.8822      1.618      2.347    25.1050 0.0000e+00
      1.671      0.080     8.8749    107.609     35.287  35.359597     8.2145      8.385   253.5203 1.0154e+01     2.8991      1.638      2.376    25.1018 0.0000e+00
      1.692      0.084     8.8434    107.224     35.273  35.344566     8.0235      8.382   253.4401 9.8770e+00     2.8680      1.658      2.405    25.1003 0.0000e+00
      1.715      0.087     8.8210    106.946     35.249  35.317632     7.6842      8.378   253.4246 9.5850e+00     2.7807      1.681      2.438    25.1006 0.0000e+00
      1.740      0.087     8.8112    106.811     35.225  35.288020     7.5029      8.373   253.5916 9.2937e+00     2.6979      1.707      2.476    25.0994 0.0000e+00
      1.763      0.085     8.8087    106.756     35.187  35.240606     7.4861      8.368   253.9106 9.0275e+00     2.6608      1.730      2.510    25.0961 0.0000e+00
      1.784      0.081     8.8055    106.685     35.147  35.188981     7.5268      8.365   254.4427 8.7750e+00     2.6673      1.750      2.538    25.0960 0.0000e+00
      1.805      0.075     8.7972    106.553     35.141  35.171964     7.6180      8.365   255.1208 8.5377e+00     2.6849      1.770      2.567    25.0934 0.0000e+00
      1.825      0.069     8.7827    106.353     35.139  35.161876     7.6699      8.365   255.5704 8.3242e+00     2.7205      1.790      2.596    25.0857 0.0000e+00
      1.842      0.062     8.7656    106.116     35.119  35.130521     7.6754      8.367   255.6624 8.1574e+00     2.7319      1.808      2.622    25.0738 0.0000e+00
      1.856      0.057     8.7481    105.861     35.114  35.110442     7.7312      8.369   255.2872 8.0369e+00     2.7013      1.821      2.641    25.0538 0.0000e+00
      1.867      0.052     8.7300    105.589     35.132  35.109637     7.8488      8.370   254.4759 7.9253e+00     2.6863      1.831      2.656    25.0357 0.0000e+00
      1.879      0.050     8.7115    105.309     35.164  35.120755     7.9126      8.371   253.6827 7.8016e+00     2.6721      1.842      2.672    25.0276 0.0000e+00
      1.892      0.052     8.6897    104.964     35.318  35.244847     7.9136      8.370   254.0423 7.6748e+00     2.6823      1.855      2.692    25.0150 0.0000e+00
      1.904      0.058     8.6630    104.475     35.794  35.657167     7.9064      8.362   255.8122 7.5662e+00     2.7788      1.867      2.709    24.9905 0.0000e+00
      1.916      0.067     8.6332    103.862     36.403  36.167647     7.8806      8.348   257.3584 7.4625e+00     2.8931      1.878      2.724    24.9621 0.0000e+00
      1.930      0.075     8.5971    103.168     36.735  36.398599     7.8599      8.333   257.7670 7.2965e+00     2.9348      1.890      2.741    24.9339 0.0000e+00
      1.953      0.080     8.5334    102.193     36.835  36.416709     7.8580      8.318   257.4827 7.0385e+00     2.9165      1.913      2.773    24.9090 0.0000e+00
      1.983      0.082     8.4050    100.496     36.869  36.386491     7.8858      8.303   257.3625 6.7808e+00     2.8864      1.948      2.825    24.8280 0.0000e+00
      2.009      0.082     8.1959     97.866     36.822  36.287241     7.9387      8.286   257.3456 6.6005e+00     2.8763      1.974      2.863    24.6705 0.0000e+00
      2.028      0.078     7.9397     94.694     36.750  36.169474     7.9742      8.268   257.1062 6.4682e+00     2.8849      1.989      2.885    24.5236 0.0000e+00
      2.044      0.071     7.6929     91.649     36.729  36.105935     7.9927      8.249   257.3937 6.3470e+00     2.8997      2.005      2.908    24.4178 0.0000e+00
      2.059      0.065     7.4900     89.154     36.749  36.090648     8.0052      8.228   257.9824 6.2176e+00     2.9024      2.020      2.929    24.3347 0.0000e+00
      2.074      0.063     7.3458     87.365     36.933  36.238686     8.1631      8.207   258.4589 6.0816e+00     2.8567      2.035      2.951    24.2654 0.0000e+00
      2.089      0.065     7.2673     86.320     37.250  36.498270     8.4768      8.185   258.9391 5.9413e+00     2.7743      2.049      2.971    24.2036 0.0000e+00
      2.106      0.067     7.2510     85.954     37.396  36.561165     8.6552      8.162   259.3149 5.7962e+00     2.7295      2.066      2.996    24.1403 0.0000e+00
      2.124      0.070     7.2874     86.189     37.351  36.427313     8.6661      8.139   259.8195 5.6677e+00     2.7420      2.083      3.021    24.0945 0.0000e+00
      2.142      0.073     7.3572     86.847     37.145  36.150242     8.5348      8.116   260.4802 5.5457e+00     2.8040      2.100      3.045    24.0658 0.0000e+00
      2.162      0.075     7.4341     87.612     36.867  35.815469     8.2995      8.091   260.9360 5.4120e+00     2.8691      2.121      3.076    24.0035 0.0000e+00
      2.181      0.076     7.5010     88.260     36.794  35.682717     8.1827      8.067   261.2866 5.2740e+00     2.8879      2.140      3.104    23.8840 0.0000e+00
      2.201      0.076     7.5545     88.757     36.926  35.751997     8.1789      8.044   261.7942 5.1409e+00     2.9089      2.158      3.129    23.7461 0.0000e+00
      2.222      0.074     7.6025     89.191     37.063  35.827252     8.2262      8.022   262.2555 5.0169e+00     2.9408      2.179      3.160    23.6482 0.0000e+00
      2.242      0.071     7.6480     89.581     37.131  35.830275     8.3137      8.004   262.3891 4.8988e+00     2.9373      2.200      3.190    23.5723 0.0000e+00
      2.260      0.066     7.6782     89.781     37.224  35.851979     8.3542      7.989   262.2921 4.7943e+00     2.8976      2.217      3.216    23.4805 0.0000e+00
      2.276      0.061     7.6755     89.581     37.349  35.899000     8.3486      7.975   262.3730 4.7095e+00     2.8879      2.232      3.238    23.4032 0.0000e+00
      2.291      0.056     7.6284     88.885     37.408  35.890523     8.2463      7.964   262.6789 4.6399e+00     3.0024      2.248      3.260    23.3327 0.0000e+00
      2.304      0.052     7.5373     87.731     37.437  35.876438     8.0457      7.954   262.8070 4.5884e+00     3.2144      2.261      3.279    23.2403 0.0000e+00
      2.315      0.051     7.4070     86.116     37.530  35.919205     7.9262      7.942   263.0616 4.5271e+00     3.3453      2.270      3.292    23.1606 0.0000e+00
      2.326      0.053     7.2497     84.077     37.680  35.962904     7.8860      7.927   263.9506 4.4450e+00     3.3645      2.279      3.306    23.0499 0.0000e+00
      2.338      0.056     7.0715     81.666     37.854  35.959996     7.6508      7.910   264.6935 4.3759e+00     3.5080      2.293      3.325    22.9464 0.0000e+00
      2.352      0.059     6.8517     78.760     38.036  35.947319     7.2244      7.892   264.9890 4.3066e+00     3.7981      2.306      3.344    22.9111 0.0000e+00
      2.369      0.061     6.5572     75.103     38.176  35.936409     6.9940      7.875   265.7167 4.1974e+00     3.9427      2.321      3.366    22.8771 0.0000e+00
      2.389      0.063     6.1833     70.638     38.237  35.891404     6.9788      7.857   266.8670 4.0779e+00     3.9439      2.344      3.399    22.7575 0.0000e+00
      2.407      0.065     5.7724     65.785     38.294  35.847698     6.9766      7.837   268.0553 4.0149e+00     3.9641      2.365      3.429    22.5044 0.0000e+00
      2.419      0.065     5.3754     61.117     38.533  35.979537     6.9776      7.817   269.1578 3.9564e+00     3.9745      2.372      3.440    22.2176 0.0000e+00
      2.433      0.064     5.0274     57.047     39.006  36.341902     6.9723      7.796   269.3560 3.8439e+00     3.9784      2.384      3.457    22.0365 0.0000e+00
      2.452      0.063     4.7551     53.865     39.501  36.735074     6.9576      7.773   268.5592 3.7410e+00     3.9797      2.404      3.489    21.9351 0.0000e+00
      2.471      0.061     4.5666     51.658     39.968  37.112329     6.9381      7.748   267.8695 3.6688e+00     3.9289      2.423      3.515    21.7976 0.0000e+00
      2.487      0.060     4.4336     50.080     40.629  37.663330     6.7560      7.724   267.6415 3.6056e+00     3.8833      2.439      3.538    21.6718 0.0000e+00
      2.502      0.056     4.2961     48.412     41.511  38.378357     6.4180      7.701   267.6961 3.5424e+00     3.9169      2.454      3.560    21.5803 0.0000e+00
      2.515      0.051     4.0982     46.025     42.373  39.023341     6.2340      7.679   267.9272 3.4791e+00     3.9690      2.466      3.578    21.4858 0.0000e+00
      2.527      0.047     3.8130     42.660     43.063  39.489575     6.2213      7.658   268.1131 3.4278e+00     3.9645      2.478      3.594    21.4207 0.0000e+00
      2.537      0.046     3.4223     38.169     43.576  39.822099     6.2652      7.636   268.2229 3.3842e+00     3.8928      2.489      3.610    21.3665 0.0000e+00
      2.547      0.047     2.9246     32.555     43.999  40.121067     6.3507      7.615   268.2216 3.3502e+00     3.8034      2.498      3.623    21.2468 0.0000e+00
      2.558      0.049     2.3544     26.169     44.494  40.499271     6.4005      7.593   268.2697 3.3241e+00     3.7688      2.508      3.638    21.0546 0.0000e+00
      2.570      0.053     1.7572     19.496     45.099  40.963801     6.3990      7.568   268.8903 3.2828e+00     3.7794      2.520      3.655    20.8332 0.0000e+00
      2.584      0.058     1.1858     13.133     45.837  41.543998     6.3043      7.538   269.7892 3.2180e+00     3.8408      2.534      3.675    20.6574 0.0000e+00
      2.599      0.063     0.6824      7.546     48.045  43.447700     6.1289      7.505   270.5342 3.1400e+00     3.9314      2.549      3.697    20.5865 0.0000e+00
      2.616      0.067     0.2691      2.972     53.453  48.220950     6.0242      7.470   271.1870 3.0593e+00     3.9590      2.565      3.720    20.5187 0.0000e+00
      2.636      0.070    -0.0326     -0.355     60.497  54.447400     5.9850      7.437   271.5728 2.9845e+00     3.9600      2.585      3.749    20.4080 0.0000e+00
      2.655      0.070    -0.2206     -2.420     67.086  60.245816     5.7564      7.407   272.0162 2.9189e+00     4.1273      2.605      3.778    20.3130 0.0000e+00
      2.674      0.069    -0.3187     -3.491     72.719  65.167279     5.3474      7.377   272.9338 2.8629e+00     4.4252      2.623      3.804    20.2213 0.0000e+00
      2.691      0.068    -0.3512     -3.841     76.372  68.282514     5.1197      7.349   273.8055 2.8084e+00     4.5717      2.640      3.829    20.1124 0.0000e+00
      2.707      0.065    -0.3321     -3.624     78.333  69.856952     5.0795      7.323   274.0383 2.7520e+00     4.5863      2.655      3.851    19.9998 0.0000e+00
      2.722      0.062    -0.2798     -3.047     79.775  70.968933     4.9998      7.300   274.0273 2.6946e+00     4.6621      2.670      3.872    19.9012 0.0000e+00
      2.738      0.059    -0.2141     -2.328     81.167  72.055093     4.8719      7.278   274.0165 2.6327e+00     4.7870      2.685      3.895    19.8114 0.0000e+00
      2.755      0.055    -0.1454     -1.578     82.812  73.380406     4.8013      7.254   273.7363 2.5725e+00     4.8449      2.702      3.919    19.7071 0.0000e+00
      2.770      0.051    -0.0791     -0.858     85.446  75.601495     4.7895      7.227   273.3922 2.5255e+00     4.8427      2.717      3.941    19.5844 0.0000e+00
      2.782      0.047    -0.0185     -0.201     89.807  79.370240     4.7762      7.196   273.1262 2.4997e+00     4.8222      2.729      3.958    19.4692 0.0000e+00
      2.792      0.045     0.0360      0.389     95.168  84.000222     4.7326      7.162   273.1008 2.4811e+00     4.8408      2.739      3.972    19.3815 0.0000e+00
      2.800      0.045     0.0842      0.909     99.288  87.460139     4.6746      7.131   273.4295 2.4525e+00     4.9462      2.746      3.983    19.2962 0.0000e+00
      2.809      0.048     0.1232      1.326    101.082  88.791923     4.6545      7.099   273.5734 2.4179e+00     5.0284      2.754      3.995    19.2280 0.0000e+00
      2.821      0.054     0.1549      1.662    102.888  90.104098     4.6737      7.062   273.3776 2.3748e+00     5.0407      2.765      4.011    19.1887 0.0000e+00
      2.835      0.062     0.1829      1.958    106.194  92.751411     4.8331      7.020   272.9543 2.3204e+00     5.1552      2.779      4.032    19.1441 0.0000e+00
      2.852      0.069     0.2036      2.176    108.777  94.810665     5.1115      6.977   271.0367 2.2624e+00     5.3760      2.797      4.056    19.0564 0.0000e+00
      2.872      0.074     0.2164      2.310    110.127  95.827786     5.2736      6.936   266.9701 2.1964e+00     5.4829      2.814      4.082    18.9185 0.0000e+00
      2.895      0.075     0.2247      2.395    112.338  97.594976     5.4791      6.901   262.2443 2.1193e+00     5.5316      2.840      4.118    18.7794 0.0000e+00
      2.917      0.073     0.2292      2.439    114.641  99.419631     7.5396      6.873   257.8643 2.0446e+00     6.0868      2.863      4.152    18.6593 0.0000e+00
      2.937      0.068     0.2313      2.458    114.200  98.837175    11.3019      6.851   253.7613 1.9889e+00     7.0998      2.880      4.177    18.5682 0.0000e+00
      2.953      0.062     0.2323      2.463    111.731  96.478077    13.3533      6.832   249.7184 1.9546e+00     7.6780      2.896      4.201    18.5036 0.0000e+00
      2.966      0.056     0.2321      2.456    111.592  96.127911    13.5036      6.816   245.7212 1.9220e+00     7.7985      2.909      4.220    18.4392 0.0000e+00
