Data/DataNotYetUploadedToEDI/Raw_CTD/RawDownloads/072318_fcr30.cnv
* Sea-Bird SBE19plus  Data File:
* FileName = C:\DATA\072318_fcr50_0006.hex
* Software version 2.6.3.104 SB_Terminal.dll
* Temperature SN = 7809
* Conductivity SN = 7809
* System UpLoad Time = Jul 23 2018 15:34:36
* <ApplicationData>
* <Seaterm232>
# nquan = 15
# nvalues = 585                         
# units = specified
# name 0 = depFM: Depth [fresh water, m]
# name 1 = dz/dtM: Descent Rate [m/s]
# name 2 = sbeox0Mg/L: Oxygen, SBE 43 [mg/l]
# name 3 = sbeox0PS: Oxygen, SBE 43 [% saturation]
# name 4 = specc: Specific Conductance [uS/cm]
# name 5 = c0uS/cm: Conductivity [uS/cm]
# name 6 = flECO-AFL: Fluorescence, WET Labs ECO-AFL/FL [mg/m^3]
# name 7 = ph: pH
# name 8 = orp: Oxidation Reduction Potential [mV]
# name 9 = par/sat/log: PAR/Logarithmic, Satlantic
# name 10 = turbWETntu0: Turbidity, WET Labs ECO [NTU]
# name 11 = prdM: Pressure, Strain Gauge [db]
# name 12 = prdE: Pressure, Strain Gauge [psi]
# name 13 = tv290C: Temperature [ITS-90, deg C]
# name 14 = flag:  0.000e+00
# span 0 =     -0.609,      5.311       
# span 1 =     -0.153,      0.119       
# span 2 =     0.1538,    13.0745       
# span 3 =      1.547,    150.082       
# span 4 =      1.066,     50.793       
# span 5 =   1.003094,  39.572276       
# span 6 =    -0.1964,     9.3645       
# span 7 =      6.259,      8.532       
# span 8 =   143.0331,  1239.9583       
# span 9 = 6.1958e-01, 4.8254e+02       
# span 10 =    -0.2349,    52.3420      
# span 11 =     -0.598,      5.209      
# span 12 =     -0.867,      7.555      
# span 13 =    11.6373,    25.2131      
# span 14 = 0.0000e+00, 0.0000e+00      
# interval = seconds: 0.25
# start_time = Jul 23 2018 15:02:21 [Instrument's time stamp, header]
# bad_flag = -9.990e-29
*END*
     -0.607 -2.543e-12     8.7306     99.918      1.066   1.003094    -0.1843      6.701   562.9238 2.0323e+02    -0.0249     -0.596     -0.864    22.0279 0.0000e+00
     -0.608 -2.797e-11     8.7368     99.989      1.069   1.006178    -0.1861      6.702   568.4650 2.2119e+02    -0.0200     -0.597     -0.865    22.0281 0.0000e+00
     -0.608 -3.077e-10     8.7327     99.942      1.154   1.085580    -0.1791      6.700   581.9488 2.3554e+02    -0.0505     -0.596     -0.864    22.0287 0.0000e+00
     -0.608 -3.384e-09     8.7268     99.876      1.278   1.202176    -0.1744      6.695   604.2098 2.1414e+02    -0.1489     -0.596     -0.864    22.0296 0.0000e+00
     -0.608 -3.723e-08     8.7246     99.853      1.354   1.274495    -0.1842      6.689   638.1814 1.7270e+02    -0.2335     -0.596     -0.864    22.0305 0.0000e+00
     -0.608 -4.095e-07     8.7227     99.833      1.409   1.325836    -0.1964      6.637   720.9853 1.5391e+02    -0.2184     -0.596     -0.865    22.0314 0.0000e+00
     -0.608     -0.000     8.7224     99.831      1.466   1.379045    -0.1931      6.554   832.3220 1.5818e+02    -0.1797     -0.596     -0.864    22.0321 0.0000e+00
     -0.608     -0.000     8.7221     99.829      1.500   1.410527    -0.1815      6.549   880.1163 1.6671e+02    -0.1941     -0.596     -0.865    22.0325 0.0000e+00
     -0.608     -0.001     8.7201     99.807      1.612   1.516232    -0.1848      6.602   877.1836 1.7751e+02    -0.2092     -0.597     -0.865    22.0335 0.0000e+00
     -0.608     -0.001     8.7204     99.811      1.881   1.769309    -0.1961      6.641   876.1041 1.9512e+02    -0.2092     -0.596     -0.865    22.0338 0.0000e+00
     -0.608     -0.001     8.7228     99.839      2.123   1.997268    -0.1895      6.667   878.2499 2.1384e+02    -0.2237     -0.597     -0.866    22.0348 0.0000e+00
     -0.608     -0.000     8.7231     99.844      2.115   1.989495    -0.1775      6.695   886.2642 2.2436e+02    -0.2319     -0.597     -0.865    22.0345 0.0000e+00
     -0.609      0.000     8.7222     99.839      1.915   1.802157    -0.1804      6.722   907.1848 2.3485e+02    -0.2170     -0.597     -0.866    22.0362 0.0000e+00
     -0.609      0.002     8.7173     99.841      1.735   1.634663    -0.1884      6.736   937.5238 2.5343e+02    -0.1975     -0.597     -0.866    22.0344 0.0000e+00
     -0.609      0.009     8.6861     99.843      2.230   2.120457    -0.1913      6.734   963.8270 2.6872e+02    -0.2086     -0.597     -0.866    22.0385 0.0000e+00
     -0.609      0.019     8.6106     99.859      6.383   6.153820    -0.1869      6.731   984.9074 2.7096e+02    -0.2293     -0.596     -0.865    22.0329 0.0000e+00
     -0.608      0.032     8.5180     99.890     13.498  13.101213    -0.1816      6.762  1054.4839 2.6292e+02    -0.2349     -0.598     -0.867    22.0429 0.0000e+00
     -0.600      0.044     8.4470     99.919     18.227  17.796333    -0.1819      6.886  1171.1332 2.5139e+02    -0.2151     -0.594     -0.862    22.0274 0.0000e+00
     -0.582      0.054     8.4035     99.931     19.637  19.270125    -0.1821      7.091  1233.9462 2.4209e+02    -0.1731     -0.572     -0.831    22.1193 0.0000e+00
     -0.560      0.060     8.3773     99.925     20.319  20.004289    -0.1841      7.296  1239.6385 2.3669e+02    -0.1238     -0.548     -0.795    22.6775 0.0000e+00
     -0.540      0.061     8.3612     99.920     24.395  24.070739    -0.1878      7.470  1239.9583 2.3388e+02    -0.0453     -0.529     -0.765    23.3885 0.0000e+00
     -0.523      0.058     8.3488     99.916     30.901  30.533456    -0.1814      7.636  1237.8122 2.2892e+02     0.0123     -0.512     -0.742    23.8326 0.0000e+00
     -0.511      0.053     8.3368     99.906     34.123  33.761695    -0.1708      7.811  1213.6908 2.2868e+02     0.0240     -0.500     -0.725    24.0904 0.0000e+00
     -0.502      0.049     8.3252     99.904     34.527  34.211630    -0.1697      7.998   948.3093 2.4702e+02     0.0048     -0.490     -0.711    24.2363 0.0000e+00
     -0.493      0.053     8.3150     99.914     34.717  34.449253    -0.1770      8.190   462.8125 2.8087e+02     0.0237     -0.486     -0.705    24.3194 0.0000e+00
     -0.481      0.064     8.3073     99.931     34.894  34.665793    -0.1855      8.353   193.6230 3.1429e+02     0.1306     -0.472     -0.685    24.3921 0.0000e+00
     -0.468      0.082     8.2993     99.940     35.050  34.860799    -0.1808      8.456   165.0410 3.3646e+02     0.3207     -0.458     -0.664    24.4619 0.0000e+00
     -0.451      0.101     8.2883     99.945     35.166  35.028574    -0.0929      8.509   171.8645 3.6146e+02     1.5587     -0.449     -0.651    24.5344 0.0000e+00
     -0.420      0.115     8.2788     99.989     35.183  35.106425     0.8227      8.532   182.8588 3.9579e+02    14.8245     -0.417     -0.604    24.6151 0.0000e+00
     -0.378      0.119     8.2767    100.095     35.130  35.103474     2.4899      8.532   180.4421 4.2309e+02    39.1329     -0.370     -0.537    24.6722 0.0000e+00
     -0.335      0.114     8.2797    100.221     35.049  35.056486     3.3941      8.518   175.6846 4.4094e+02    52.3018     -0.327     -0.475    24.7121 0.0000e+00
     -0.299      0.101     8.2844    100.335     34.954  34.982988     3.4843      8.503   180.4001 4.5523e+02    52.3420     -0.289     -0.419    24.7935 0.0000e+00
     -0.276      0.082     8.2919    100.456     34.874  34.913563     3.5810      8.484   174.9928 4.6429e+02    39.6801     -0.264     -0.385    24.8928 0.0000e+00
     -0.266      0.066     8.3004    100.571     34.808  34.852280     3.7363      8.457   156.9392 4.6669e+02    16.3051     -0.258     -0.375    24.9639 0.0000e+00
     -0.262      0.056     8.3093    100.678     34.706  34.750186     3.8090      8.437   147.4446 4.6522e+02     3.5776     -0.259     -0.375    25.0100 0.0000e+00
     -0.257      0.051     8.3199    100.803     34.589  34.631937     3.8071      8.430   146.4056 4.6310e+02     2.4328     -0.254     -0.369    25.0409 0.0000e+00
     -0.244      0.049     8.3307    100.940     34.521  34.565870     3.8230      8.430   152.1193 4.6218e+02     2.3107     -0.244     -0.353    25.0549 0.0000e+00
     -0.223      0.048     8.3415    101.080     34.475  34.523047     3.8361      8.430   156.4733 4.6331e+02     2.2848     -0.220     -0.318    25.0596 0.0000e+00
     -0.200      0.045     8.3533    101.224     34.447  34.495282     3.8187      8.430   154.2229 4.6460e+02     2.2726     -0.192     -0.277    25.0602 0.0000e+00
     -0.188      0.038     8.3651    101.354     34.440  34.484243     3.7962      8.430   152.0988 4.6375e+02     2.2849     -0.181     -0.261    25.0524 0.0000e+00
     -0.185      0.028     8.3750    101.452     34.417  34.453082     3.7934      8.429   147.1386 4.6195e+02     2.3112     -0.181     -0.263    25.0568 0.0000e+00
     -0.184      0.019     8.3822    101.512     34.411  34.436087     3.8041      8.429   143.0331 4.6118e+02     2.3161     -0.182     -0.263    25.0674 0.0000e+00
     -0.183      0.013     8.3875    101.551     34.453  34.469299     3.8146      8.430   149.4378 4.6020e+02     2.3132     -0.181     -0.261    25.0672 0.0000e+00
     -0.180      0.012     8.3912    101.578     34.527  34.537047     3.8199      8.433   163.8335 4.5668e+02     2.3069     -0.178     -0.257    25.0598 0.0000e+00
     -0.176      0.013     8.3931    101.593     34.613  34.620033     3.8217      8.436   172.1138 4.5171e+02     2.3012     -0.173     -0.251    25.0469 0.0000e+00
     -0.172      0.013     8.3932    101.594     34.703  34.710451     3.8465      8.440   172.5490 4.4772e+02     2.2738     -0.168     -0.244    25.0305 0.0000e+00
     -0.168      0.012     8.3936    101.605     34.795  34.804540     3.9080      8.445   169.7836 4.4615e+02     2.2505     -0.165     -0.239    25.0166 0.0000e+00
     -0.165      0.010     8.4057    101.756     34.857  34.868396     3.9492      8.448   160.7902 4.4768e+02     2.2641     -0.162     -0.234    25.0075 0.0000e+00
     -0.162      0.006     8.4529    102.334     34.897  34.910864     3.9402      8.448   152.6028 4.5035e+02     2.2555     -0.158     -0.229    25.0027 0.0000e+00
     -0.161      0.003     8.5211    103.174     34.918  34.936894     3.9283      8.445   150.8925 4.5161e+02     2.2680     -0.156     -0.227    25.0033 0.0000e+00
     -0.161      0.001     8.5506    103.555     34.902  34.929055     3.9335      8.441   151.1240 4.4996e+02     2.3237     -0.157     -0.228    25.0077 0.0000e+00
     -0.163      0.001     8.5213    103.226     34.906  34.943135     3.9392      8.436   150.2405 4.4601e+02     2.3192     -0.161     -0.233    25.0104 0.0000e+00
     -0.164      0.001     8.4531    102.421     34.935  34.980105     3.9421      8.432   149.3293 4.4646e+02     2.2744     -0.162     -0.234    25.0119 0.0000e+00
     -0.163      0.002     8.3614    101.326     34.944  34.994959     3.9861      8.432   148.9692 4.5295e+02     2.2702     -0.159     -0.231    25.0187 0.0000e+00
     -0.161      0.004     8.2569    100.075     34.939  34.995700     4.0770      8.434   148.5537 4.5709e+02     2.2986     -0.159     -0.231    25.0323 0.0000e+00
     -0.159      0.008     8.1462     98.748     34.927  34.989075     4.1314      8.437   148.1775 4.5673e+02     2.3131     -0.157     -0.228    25.0481 0.0000e+00
     -0.157      0.013     8.0352     97.414     34.848  34.914869     4.1383      8.440   148.0344 4.5607e+02     2.2935     -0.153     -0.223    25.0586 0.0000e+00
     -0.157      0.019     7.9382     96.244     34.728  34.797188     4.1692      8.440   148.1141 4.6017e+02     2.2747     -0.154     -0.223    25.0667 0.0000e+00
     -0.154      0.027     7.8690     95.405     34.704  34.773070     4.2299      8.439   148.1086 4.7065e+02     2.2692     -0.153     -0.222    25.0756 0.0000e+00
     -0.147      0.036     7.8256     94.878     34.745  34.813825     4.2648      8.437   148.2263 4.7944e+02     2.2572     -0.147     -0.213    25.0832 0.0000e+00
     -0.133      0.042     7.7914     94.463     34.777  34.845322     4.2698      8.436   148.5046 4.8164e+02     2.2521     -0.131     -0.190    25.0917 0.0000e+00
     -0.118      0.047     7.7512     93.974     34.832  34.899812     4.2988      8.437   148.6338 4.7918e+02     2.2375     -0.115     -0.166    25.0947 0.0000e+00
     -0.104      0.049     7.6987     93.337     34.897  34.964509     4.3591      8.438   148.7559 4.7448e+02     2.2020     -0.103     -0.148    25.0923 0.0000e+00
     -0.090      0.048     7.6342     92.556     34.924  34.992371     4.3930      8.439   149.2074 4.7209e+02     2.1894     -0.087     -0.125    25.0930 0.0000e+00
     -0.079      0.047     7.5637     91.701     34.914  34.982612     4.3954      8.439   150.1348 4.7340e+02     2.2074     -0.076     -0.112    25.0926 0.0000e+00
     -0.070      0.044     7.4901     90.811     34.904  34.973562     4.3964      8.439   151.5371 4.7606e+02     2.2371     -0.071     -0.102    25.0906 0.0000e+00
     -0.059      0.041     7.4182     89.941     34.940  35.009980     4.3964      8.439   156.0095 4.7349e+02     2.2432     -0.058     -0.084    25.0905 0.0000e+00
     -0.047      0.040     7.3607     89.246     34.971  35.041826     4.3869      8.438   161.0182 4.3612e+02     2.2201     -0.045     -0.066    25.0910 0.0000e+00
     -0.036      0.041     7.3377     88.968     34.906  34.977495     4.3734      8.436   165.3778 3.7626e+02     2.2318     -0.034     -0.049    25.0919 0.0000e+00
     -0.028      0.042     7.3577     89.211     34.795  34.867359     4.3708      8.433   174.1328 3.5233e+02     2.2937     -0.025     -0.036    25.0931 0.0000e+00
     -0.021      0.040     7.4072     89.817     34.780  34.853514     4.3179      8.433   178.6848 3.5104e+02     2.3274     -0.022     -0.033    25.0945 0.0000e+00
     -0.009      0.036     7.4827     90.737     34.862  34.937137     4.2029      8.434   176.7074 3.4160e+02     2.3032     -0.012     -0.018    25.0967 0.0000e+00
      0.007      0.032     7.5835     91.962     34.913  34.989170     4.1388      8.432   177.6714 3.3841e+02     2.2765      0.011      0.015    25.0965 0.0000e+00
      0.017      0.029     7.6916     93.274     34.898  34.974487     4.1308      8.431   176.0572 3.5230e+02     2.2795      0.022      0.032    25.0954 0.0000e+00
      0.018      0.022     7.7794     94.339     34.810  34.886654     4.0790      8.432   172.5920 3.6789e+02     2.3085      0.016      0.024    25.0987 0.0000e+00
      0.020      0.007     7.8216     94.849     34.740  34.816455     3.9908      8.434   177.5024 3.7146e+02     2.3221      0.018      0.026    25.1030 0.0000e+00
      0.026     -0.010     7.8113     94.722     34.812  34.887948     3.9461      8.436   184.1492 3.7271e+02     2.2909      0.025      0.038    25.1029 0.0000e+00
      0.031     -0.025     7.7612     94.108     34.915  34.988844     3.9417      8.436   186.4482 3.8274e+02     2.2361      0.034      0.050    25.1046 0.0000e+00
      0.023     -0.035     7.6912     93.255     34.949  35.020073     3.9563      8.437   187.4901 4.0755e+02     2.2086      0.030      0.044    25.1050 0.0000e+00
     -0.000     -0.042     7.6161     92.348     34.939  35.011449     3.9854      8.438   187.9716 4.4071e+02     2.2336     -0.002     -0.001    25.1024 0.0000e+00
     -0.024     -0.044     7.5415     91.451     34.936  35.011609     4.0084      8.440   188.3118 4.6530e+02     2.2646     -0.028     -0.041    25.1043 0.0000e+00
     -0.036     -0.040     7.4694     90.577     34.946  35.022018     4.0138      8.444   188.9360 4.7759e+02     2.2780     -0.037     -0.053    25.0992 0.0000e+00
     -0.042     -0.031     7.4039     89.779     34.936  35.010260     3.9769      8.447   189.6681 4.8097e+02     2.3042     -0.042     -0.060    25.0931 0.0000e+00
     -0.044     -0.021     7.3514     89.140     34.923  34.996482     3.9123      8.447   190.5393 4.7891e+02     2.3367     -0.044     -0.063    25.0980 0.0000e+00
     -0.045     -0.015     7.3153     88.700     34.910  34.982471     3.8846      8.446   191.5534 4.8201e+02     2.3351     -0.043     -0.062    25.1039 0.0000e+00
     -0.046     -0.013     7.2950     88.449     34.898  34.967887     3.8911      8.444   192.2075 4.8254e+02     2.3155     -0.046     -0.066    25.1036 0.0000e+00
     -0.050     -0.012     7.2881     88.352     34.883  34.947185     3.8803      8.443   192.4241 4.7703e+02     2.3133     -0.049     -0.071    25.1005 0.0000e+00
     -0.056     -0.011     7.2907     88.364     34.803  34.859205     3.8449      8.444   192.5372 4.7593e+02     2.3085     -0.054     -0.078    25.0995 0.0000e+00
     -0.061     -0.008     7.2982     88.438     34.681  34.729855     3.8221      8.447   192.7150 4.7688e+02     2.2876     -0.061     -0.088    25.0986 0.0000e+00
     -0.064     -0.005     7.3065     88.527     34.610  34.653590     3.8251      8.449   193.0251 4.7794e+02     2.2751     -0.065     -0.094    25.0959 0.0000e+00
     -0.063     -0.003     7.3105     88.547     34.604  34.635790     3.8260      8.450   193.3612 4.7883e+02     2.2794     -0.063     -0.092    25.0898 0.0000e+00
     -0.059     -0.001     7.3045     88.426     34.631  34.641670     3.8149      8.452   193.5952 4.7920e+02     2.2787     -0.056     -0.083    25.0751 0.0000e+00
     -0.057     -0.001     7.2903     88.205     34.671  34.661133     3.8014      8.455   193.8761 4.7985e+02     2.2666     -0.055     -0.080    25.0611 0.0000e+00
     -0.058     -0.001     7.2733     87.972     34.702  34.680524     3.8006      8.457   194.3482 4.8042e+02     2.2848     -0.057     -0.082    25.0603 0.0000e+00
     -0.061     -0.001     7.2550     87.741     34.711  34.685559     3.8138      8.459   194.7432 4.7905e+02     2.3153     -0.060     -0.086    25.0474 0.0000e+00
     -0.064      0.001     7.2340     87.486     34.685  34.658476     3.8510      8.460   194.8669 4.7529e+02     2.3311     -0.064     -0.093    25.0090 0.0000e+00
