Data/DataNotYetUploadedToEDI/Raw_CTD/RawDownloads/072318_fcr10.cnv
* Sea-Bird SBE19plus  Data File:
* FileName = C:\DATA\072318_fcr50_0004.hex
* Software version 2.6.3.104 SB_Terminal.dll
* Temperature SN = 7809
* Conductivity SN = 7809
* System UpLoad Time = Jul 23 2018 15:33:58
* <ApplicationData>
* <Seaterm232>
# nquan = 15
# nvalues = 403                         
# units = specified
# name 0 = depFM: Depth [fresh water, m]
# name 1 = dz/dtM: Descent Rate [m/s]
# name 2 = sbeox0Mg/L: Oxygen, SBE 43 [mg/l]
# name 3 = sbeox0PS: Oxygen, SBE 43 [% saturation]
# name 4 = specc: Specific Conductance [uS/cm]
# name 5 = c0uS/cm: Conductivity [uS/cm]
# name 6 = flECO-AFL: Fluorescence, WET Labs ECO-AFL/FL [mg/m^3]
# name 7 = ph: pH
# name 8 = orp: Oxidation Reduction Potential [mV]
# name 9 = par/sat/log: PAR/Logarithmic, Satlantic
# name 10 = turbWETntu0: Turbidity, WET Labs ECO [NTU]
# name 11 = prdM: Pressure, Strain Gauge [db]
# name 12 = prdE: Pressure, Strain Gauge [psi]
# name 13 = tv290C: Temperature [ITS-90, deg C]
# name 14 = flag:  0.000e+00
# span 0 =     -0.619,      2.088       
# span 1 =     -0.105,      0.126       
# span 2 =     6.5308,     9.2592       
# span 3 =     76.985,    111.998       
# span 4 =      0.132,     39.962       
# span 5 =   0.127097,  38.872077       
# span 6 =    -0.1952,     8.8020       
# span 7 =      6.239,      8.211       
# span 8 =   257.8735,   473.9774       
# span 9 = 5.2094e+00, 1.2913e+02       
# span 10 =    -0.2878,    49.4636      
# span 11 =     -0.608,      2.048      
# span 12 =     -0.881,      2.970      
# span 13 =    20.5430,    25.0479      
# span 14 = 0.0000e+00, 0.0000e+00      
# interval = seconds: 0.25
# start_time = Jul 23 2018 14:18:10 [Instrument's time stamp, header]
# bad_flag = -9.990e-29
*END*
     -0.619 1.0768e-23     8.8311     98.182      0.575   0.523608    -0.1873      6.243   465.1316 9.5267e+01    -0.2554     -0.607     -0.880    20.5430 0.0000e+00
     -0.619 1.1845e-22     8.8319     98.192      0.562   0.512163    -0.1935      6.243   465.5104 9.7248e+01    -0.2848     -0.607     -0.881    20.5433 0.0000e+00
     -0.618 1.3029e-21     8.8331     98.206      0.576   0.524833    -0.1851      6.242   465.3839 9.9825e+01    -0.2840     -0.606     -0.880    20.5436 0.0000e+00
     -0.618 1.4332e-20     8.8336     98.211      0.604   0.549979    -0.1876      6.241   464.6344 1.0191e+02    -0.2460     -0.606     -0.879    20.5436 0.0000e+00
     -0.619 1.5765e-19     8.8336     98.211      0.618   0.562547    -0.1952      6.241   463.4171 1.0273e+02    -0.1915     -0.607     -0.880    20.5436 0.0000e+00
     -0.619 1.7342e-18     8.8329     98.203      0.604   0.549968    -0.1941      6.241   462.2813 1.0222e+02    -0.1743     -0.607     -0.880    20.5437 0.0000e+00
     -0.619 1.9076e-17     8.8319     98.192      0.576   0.524718    -0.1927      6.241   462.0859 9.8914e+01    -0.2208     -0.607     -0.880    20.5436 0.0000e+00
     -0.619 2.0984e-16     8.8321     98.194      0.560   0.510893    -0.1885      6.241   461.9150 9.3216e+01    -0.2666     -0.607     -0.880    20.5437 0.0000e+00
     -0.619 2.3082e-15     8.8326     98.199      0.559   0.509646    -0.1793      6.241   461.1623 9.0374e+01    -0.2702     -0.607     -0.880    20.5437 0.0000e+00
     -0.619 2.5390e-14     8.8328     98.201      0.559   0.509637    -0.1738      6.241   462.1056 9.1937e+01    -0.2642     -0.607     -0.880    20.5438 0.0000e+00
     -0.619 2.7929e-13     8.8334     98.208      0.560   0.510780    -0.1763      6.240   466.6948 9.4203e+01    -0.2547     -0.607     -0.880    20.5437 0.0000e+00
     -0.619 3.0722e-12     8.8331     98.205      0.574   0.523470    -0.1825      6.239   472.1669 9.5143e+01    -0.2469     -0.607     -0.881    20.5437 0.0000e+00
     -0.619 3.3794e-11     8.8327     98.200      0.589   0.536248    -0.1848      6.239   473.9774 9.5489e+01    -0.2302     -0.607     -0.880    20.5437 0.0000e+00
     -0.619 3.7174e-10     8.8330     98.204      0.591   0.538450    -0.1767      6.240   473.7019 9.6121e+01    -0.2055     -0.608     -0.881    20.5438 0.0000e+00
     -0.619 4.0891e-09     8.8330     98.205      0.604   0.550093    -0.1676      6.240   473.2236 9.7226e+01    -0.2232     -0.607     -0.881    20.5438 0.0000e+00
     -0.619 4.4980e-08     8.8331     98.206      0.604   0.550188    -0.1752      6.240   470.5170 9.8163e+01    -0.2612     -0.607     -0.881    20.5438 0.0000e+00
     -0.619 4.9478e-07     8.8324     98.198      0.593   0.539604    -0.1856      6.240   465.8415 9.8602e+01    -0.2680     -0.607     -0.880    20.5438 0.0000e+00
     -0.619      0.000     8.8313     98.186      0.603   0.548952    -0.1838      6.241   464.2735 9.8539e+01    -0.2446     -0.608     -0.881    20.5438 0.0000e+00
     -0.619      0.000     8.8315     98.188      0.589   0.536384    -0.1806      6.241   464.7216 9.6514e+01    -0.2223     -0.607     -0.880    20.5439 0.0000e+00
     -0.619      0.001     8.8319     98.193      0.565   0.514470    -0.1834      6.241   461.2791 9.1902e+01    -0.2122     -0.607     -0.880    20.5438 0.0000e+00
     -0.619      0.002     8.8317     98.191      0.590   0.537642    -0.1807      6.242   457.7546 8.6369e+01    -0.1831     -0.607     -0.881    20.5440 0.0000e+00
     -0.619      0.005     8.8318     98.194      0.618   0.562911    -0.1753      6.243   457.7276 8.2079e+01    -0.1761     -0.607     -0.880    20.5442 0.0000e+00
     -0.619      0.007     8.8318     98.195      0.622   0.566342    -0.1824      6.243   458.8012 8.0257e+01    -0.2187     -0.607     -0.880    20.5442 0.0000e+00
     -0.618      0.007     8.8316     98.194      0.636   0.579127    -0.1844      6.243   458.6901 8.0266e+01    -0.2402     -0.607     -0.880    20.5443 0.0000e+00
     -0.613      0.006     8.8325     98.206      0.649   0.590676    -0.1722      6.244   457.4171 8.0455e+01    -0.2234     -0.602     -0.872    20.5443 0.0000e+00
     -0.607      0.005     8.8344     98.230      0.636   0.579150    -0.1630      6.244   457.4332 8.0330e+01    -0.1979     -0.593     -0.860    20.5446 0.0000e+00
     -0.607      0.004     8.8356     98.245      0.621   0.566584    -0.1659      6.243   459.0567 8.0096e+01    -0.2073     -0.594     -0.861    20.5458 0.0000e+00
     -0.610      0.001     8.8356     98.247      0.620   0.565565    -0.1792      6.243   460.7854 7.9875e+01    -0.2448     -0.600     -0.871    20.5470 0.0000e+00
     -0.611     -0.001     8.8344     98.237      0.622   0.566832    -0.1861      6.243   461.9875 7.9390e+01    -0.2553     -0.600     -0.871    20.5481 0.0000e+00
     -0.610      0.001     8.8310     98.227      0.638   0.581912    -0.1766      6.244   461.2017 7.8825e+01    -0.2427     -0.597     -0.865    20.5487 0.0000e+00
     -0.611      0.008     8.8094     98.234      0.680   0.621063    -0.1743      6.254   440.5294 8.2487e+01    -0.2140     -0.597     -0.866    20.5509 0.0000e+00
     -0.614      0.016     8.7380     98.239      0.581   0.532916    -0.1851      6.290   405.0271 9.0824e+01    -0.1840     -0.604     -0.876    20.5504 0.0000e+00
     -0.611      0.023     8.6260     98.246      0.366   0.340481    -0.1885      6.349   391.6756 9.7392e+01    -0.1848     -0.604     -0.875    20.5524 0.0000e+00
     -0.599      0.027     8.5225     98.283      0.274   0.260107    -0.1874      6.394   389.9162 1.0086e+02    -0.2232     -0.588     -0.853    20.5496 0.0000e+00
     -0.584      0.028     8.4486     98.331      0.204   0.195259    -0.1895      6.431   379.7105 1.0449e+02    -0.2520     -0.572     -0.829    20.5676 0.0000e+00
     -0.574      0.028     8.3976     98.360      0.132   0.127097    -0.1868      6.492   373.0755 1.0892e+02    -0.2275     -0.561     -0.813    20.9950 0.0000e+00
     -0.569      0.025     8.3645     98.388      0.138   0.133484    -0.1827      6.581   371.7274 1.1190e+02    -0.2020     -0.556     -0.806    21.8265 0.0000e+00
     -0.567      0.019     8.3415     98.398      0.150   0.145668    -0.1860      6.691   370.3803 1.1269e+02    -0.2177     -0.557     -0.808    22.5027 0.0000e+00
     -0.565      0.014     8.3226     98.386      0.152   0.147593    -0.1890      6.805   369.0044 1.1283e+02    -0.2347     -0.555     -0.806    22.9589 0.0000e+00
     -0.561      0.011     8.3093     98.393      0.161   0.156756    -0.1825      6.904   368.4282 1.1292e+02    -0.2242     -0.550     -0.798    23.2871 0.0000e+00
     -0.556      0.010     8.3010     98.406      0.197   0.193049    -0.1715      6.980   367.9736 1.1306e+02    -0.2126     -0.544     -0.789    23.4936 0.0000e+00
     -0.554      0.010     8.2950     98.404      0.275   0.269356    -0.1760      7.046   367.2933 1.1370e+02    -0.2165     -0.542     -0.786    23.6330 0.0000e+00
     -0.554      0.010     8.2897     98.395      0.325   0.318455    -0.1915      7.116   366.6559 1.1468e+02    -0.2106     -0.543     -0.789    23.7430 0.0000e+00
     -0.553      0.010     8.2857     98.396      0.285   0.279418    -0.1940      7.190   366.0319 1.1530e+02    -0.2022     -0.544     -0.788    23.8374 0.0000e+00
     -0.550      0.009     8.2840     98.406      0.246   0.241243    -0.1867      7.259   365.2545 1.1551e+02    -0.2363     -0.539     -0.782    23.8944 0.0000e+00
     -0.545      0.009     8.2824     98.391      0.307   0.300748    -0.1867      7.315   364.4841 1.1547e+02    -0.2878     -0.533     -0.775    23.9263 0.0000e+00
     -0.541      0.009     8.2814     98.371      0.437   0.428197    -0.1845      7.355   364.2889 1.1464e+02    -0.2761     -0.528     -0.766    23.9518 0.0000e+00
     -0.540      0.008     8.2812     98.362      0.525   0.514002    -0.1690      7.385   364.2702 1.1306e+02    -0.2162     -0.529     -0.767    23.9827 0.0000e+00
     -0.541      0.006     8.2815     98.363      0.525   0.513865    -0.1646      7.435   364.2577 1.1212e+02    -0.1739     -0.532     -0.772    24.0011 0.0000e+00
     -0.540      0.004     8.2840     98.378      0.565   0.553355    -0.1781      7.520   364.8271 1.1220e+02    -0.1011     -0.531     -0.770    23.9999 0.0000e+00
     -0.537      0.004     8.2868     98.388      0.754   0.737832    -0.1756      7.617   365.4752 1.1285e+02    -0.0072     -0.526     -0.763    23.9915 0.0000e+00
     -0.535      0.005     8.2879     98.379      0.925   0.905419    -0.1609      7.700   365.5551 1.1370e+02     0.0159     -0.523     -0.759    23.9884 0.0000e+00
     -0.535      0.005     8.2886     98.373      0.951   0.930929    -0.1668      7.760   365.5346 1.1425e+02    -0.0053     -0.526     -0.762    23.9905 0.0000e+00
     -0.535      0.005     8.2896     98.369      1.004   0.982849    -0.1824      7.796   365.6580 1.1469e+02    -0.0495     -0.527     -0.764    23.9837 0.0000e+00
     -0.533      0.004     8.2915     98.370      1.178   1.152711    -0.1840      7.816   366.3590 1.1470e+02    -0.1216     -0.522     -0.758    23.9667 0.0000e+00
     -0.530      0.004     8.2940     98.374      1.366   1.335978    -0.1765      7.825   368.2458 1.1414e+02    -0.1751     -0.519     -0.753    23.9530 0.0000e+00
     -0.530      0.004     8.2952     98.366      1.520   1.486557    -0.1745      7.825   369.6291 1.1356e+02    -0.1784     -0.520     -0.754    23.9472 0.0000e+00
     -0.530      0.004     8.2967     98.363      1.613   1.578236    -0.1786      7.823   369.9201 1.1324e+02    -0.0998     -0.520     -0.755    23.9404 0.0000e+00
     -0.529      0.003     8.2992     98.376      1.657   1.620071    -0.1791      7.825   370.5598 1.1313e+02     0.0124     -0.519     -0.753    23.9275 0.0000e+00
     -0.528      0.003     8.3014     98.385      1.909   1.865556    -0.1722      7.828   371.5126 1.1292e+02     0.0492     -0.518     -0.752    23.9133 0.0000e+00
     -0.527      0.003     8.3023     98.377      3.160   3.087819    -0.1777      7.830   372.5781 1.1272e+02     0.0392     -0.517     -0.750    23.9000 0.0000e+00
     -0.526      0.004     8.3029     98.372      5.943   5.807142    -0.1907      7.833   374.0649 1.1260e+02     0.0441     -0.516     -0.748    23.8891 0.0000e+00
     -0.526      0.006     8.3032     98.376     10.372  10.135787    -0.1823      7.837   373.8299 1.1245e+02     0.0481     -0.516     -0.748    23.8809 0.0000e+00
     -0.525      0.008     8.3020     98.371     14.974  14.634295    -0.1775      7.837   370.5970 1.1254e+02     0.0252     -0.515     -0.747    23.8722 0.0000e+00
     -0.523      0.010     8.2999     98.363     17.122  16.736793    -0.1879      7.841   362.5954 1.1270e+02    -0.0186     -0.514     -0.745    23.8602 0.0000e+00
     -0.520      0.014     8.2980     98.368     17.416  17.029326    -0.1883      7.861   352.0238 1.1273e+02    -0.0245     -0.511     -0.740    23.8527 0.0000e+00
     -0.515      0.021     8.2962     98.389     17.732  17.346270    -0.1822      7.886   349.2923 1.1241e+02     0.0151     -0.505     -0.733    23.8519 0.0000e+00
     -0.511      0.027     8.2927     98.394     18.421  18.030372    -0.1787      7.896   353.4873 1.1159e+02     0.0340     -0.502     -0.728    23.8574 0.0000e+00
     -0.506      0.032     8.2888     98.378     22.211  21.746736    -0.1832      7.908   341.5722 1.1153e+02     0.1118     -0.499     -0.724    23.8679 0.0000e+00
     -0.495      0.037     8.2864     98.382     29.363  28.759238    -0.1808      7.951   303.0545 1.1268e+02     1.2611     -0.487     -0.707    23.8788 0.0000e+00
     -0.480      0.048     8.2809     98.412     34.090  33.423348    -0.0298      8.018   268.0665 1.1361e+02    13.8694     -0.469     -0.680    23.9048 0.0000e+00
     -0.470      0.067     8.2669     98.430     35.201  34.582686     0.2546      8.072   257.8735 1.1375e+02    36.9251     -0.458     -0.664    23.9375 0.0000e+00
     -0.462      0.090     8.2462     98.452     35.419  34.900871     0.4091      8.100   268.1750 1.1439e+02    49.3997     -0.456     -0.661    23.9503 0.0000e+00
     -0.445      0.110     8.2262     98.531     35.379  34.983964     0.5418      8.108   284.4693 1.1684e+02    49.4636     -0.445     -0.645    23.9490 0.0000e+00
     -0.409      0.123     8.2150     98.684     35.235  34.952343     2.0153      8.106   288.9170 1.1938e+02    37.6972     -0.408     -0.592    23.9968 0.0000e+00
     -0.358      0.126     8.2175     98.918     35.104  34.899825     4.7160      8.096   282.9757 1.1815e+02    15.9610     -0.349     -0.507    24.1001 0.0000e+00
     -0.308      0.120     8.2317     99.212     35.014  34.857245     6.1863      8.082   275.6146 1.1362e+02     4.0936     -0.294     -0.427    24.2472 0.0000e+00
     -0.274      0.103     8.2505     99.509     34.948  34.818704     6.3197      8.079   276.4030 1.1032e+02     3.0060     -0.262     -0.379    24.4438 0.0000e+00
     -0.257      0.078     8.2699     99.790     34.926  34.814972     6.3287      8.089   286.5712 1.0954e+02     2.9328     -0.250     -0.362    24.6120 0.0000e+00
     -0.250      0.051     8.2886    100.052     34.909  34.812152     6.3414      8.098   287.1367 1.0957e+02     2.9033     -0.246     -0.356    24.7201 0.0000e+00
     -0.245      0.031     8.3037    100.262     34.871  34.784621     6.3714      8.103   274.2063 1.0972e+02     2.8031     -0.240     -0.348    24.7813 0.0000e+00
     -0.241      0.019     8.3206    100.486     34.815  34.736191     6.3889      8.105   270.8195 1.0959e+02     2.6973     -0.236     -0.342    24.8121 0.0000e+00
     -0.237      0.014     8.3477    100.825     34.746  34.671233     6.3879      8.108   279.2260 1.0909e+02     2.6311     -0.232     -0.337    24.8368 0.0000e+00
     -0.233      0.010     8.3783    101.202     34.706  34.634410     6.3865      8.108   284.6474 1.0880e+02     2.6435     -0.228     -0.332    24.8571 0.0000e+00
     -0.231      0.008     8.3955    101.413     34.679  34.608560     6.3905      8.105   283.0243 1.0885e+02     2.6943     -0.226     -0.329    24.8717 0.0000e+00
     -0.229      0.006     8.3766    101.183     34.620  34.549249     6.3995      8.104   283.7785 1.0918e+02     2.6961     -0.225     -0.327    24.8813 0.0000e+00
     -0.229      0.004     8.3039    100.299     34.562  34.488939     6.4115      8.104   294.5406 1.0983e+02     2.6657     -0.225     -0.326    24.8874 0.0000e+00
     -0.229      0.004     8.1748     98.729     34.528  34.451027     6.4544      8.105   302.0720 1.1023e+02     2.6619     -0.224     -0.325    24.8915 0.0000e+00
     -0.229      0.004     7.9998     96.597     34.493  34.408442     6.5324      8.108   302.5662 1.0998e+02     2.6814     -0.225     -0.326    24.8937 0.0000e+00
     -0.228      0.005     7.7968     94.119     34.450  34.355144     6.5824      8.113   303.0968 1.0943e+02     2.6878     -0.224     -0.325    24.8918 0.0000e+00
     -0.226      0.006     7.5811     91.486     34.421  34.314731     6.5987      8.118   303.6702 1.0883e+02     2.6780     -0.222     -0.322    24.8886 0.0000e+00
     -0.223      0.006     7.3669     88.877     34.418  34.300895     6.6459      8.122   304.0787 1.0853e+02     2.6856     -0.220     -0.317    24.8835 0.0000e+00
     -0.221      0.006     7.1764     86.562     34.440  34.314885     6.7216      8.126   304.2500 1.0872e+02     2.6879     -0.217     -0.314    24.8735 0.0000e+00
     -0.220      0.005     7.0239     84.713     34.485  34.356837     6.7612      8.131   304.3643 1.0903e+02     2.6744     -0.216     -0.313    24.8571 0.0000e+00
     -0.219      0.004     6.9039     83.267     34.555  34.427014     6.7658      8.135   304.6001 1.0929e+02     2.6764     -0.215     -0.311    24.8381 0.0000e+00
     -0.219      0.003     6.8087     82.126     34.653  34.528211     6.7411      8.136   304.7785 1.0932e+02     2.6812     -0.214     -0.311    24.8234 0.0000e+00
