Data/DataNotYetUploadedToEDI/Raw_CTD/RawDownloads/072320_fcr50.cnv
* Sea-Bird SBE19plus  Data File:
* FileName = C:\DATA\SBE19plus_01907809_2020_07_23_0002.hex
* Software version 2.8.0.119
* Temperature SN = 7809
* Conductivity SN = 7809
* System UpLoad Time = Jul 23 2020 16:45:34
* <ApplicationData>
* <Seaterm232>
# nquan = 16
# nvalues = 1626                        
# units = specified
# name 0 = depFM: Depth [fresh water, m]
# name 1 = dz/dtM: Descent Rate [m/s]
# name 2 = sbeox0ML/L: Oxygen, SBE 43 [ml/l]
# name 3 = sbeox0PS: Oxygen, SBE 43 [% saturation]
# name 4 = specc: Specific Conductance [uS/cm]
# name 5 = c0uS/cm: Conductivity [uS/cm]
# name 6 = flECO-AFL: Fluorescence, WET Labs ECO-AFL/FL [mg/m^3]
# name 7 = ph: pH
# name 8 = orp: Oxidation Reduction Potential [mV]
# name 9 = par/sat/log: PAR/Logarithmic, Satlantic
# name 10 = turbWETntu0: Turbidity, WET Labs ECO [NTU]
# name 11 = prdM: Pressure, Strain Gauge [db]
# name 12 = prdE: Pressure, Strain Gauge [psi]
# name 13 = tv290C: Temperature [ITS-90, deg C]
# name 14 = density00: Density [density, kg/m^3]
# name 15 = flag:  0.000e+00
# span 0 =     -0.622,      9.736       
# span 1 =     -0.400,      0.287       
# span 2 =     0.0038,    10.7029       
# span 3 =      0.142,    180.611       
# span 4 =      0.931,    322.585       
# span 5 =   1.014350, 234.560821       
# span 6 =    -2.7748,    17.6087       
# span 7 =      6.693,      7.092       
# span 8 =  -436.0118,   563.7757       
# span 9 = 1.2340e-01, 2.3251e+03       
# span 10 =    -1.0702,   118.0826      
# span 11 =     -0.610,      9.548      
# span 12 =     -0.886,     13.848      
# span 13 =    10.8001,    29.4760      
# span 14 =   995.8133,   999.7613      
# span 15 = 0.0000e+00, 0.0000e+00      
# interval = seconds: 0.25
# start_time = Jul 23 2020 01:47:15 [Instrument's time stamp, header]
# bad_flag = -9.990e-29
*END*
[from data line 362]
      2.968      0.036     3.1347     37.299     37.402  31.811010    12.8868      6.936   153.7057 1.5102e+01    37.8019      2.911      4.222    17.6933   998.6836 0.0000e+00
      2.976      0.036     2.9442     35.751     37.490  31.849497    12.8344      6.935   153.3012 1.4850e+01    37.7800      2.918      4.232    17.6132   998.6982 0.0000e+00
      2.986      0.037     2.7655     34.651     37.607  31.899480    12.4785      6.935   153.1617 1.4580e+01    37.7802      2.928      4.245    17.5505   998.7095 0.0000e+00
      2.996      0.037     2.6148     33.944     37.754  31.971164    11.7975      6.934   153.1377 1.4293e+01    37.8047      2.937      4.260    17.5435   998.7109 0.0000e+00
      3.006      0.036     2.4863     33.444     37.878  32.018234    11.4202      6.933   153.0099 1.3992e+01    37.8355      2.947      4.276    17.5360   998.7123 0.0000e+00
      3.017      0.034     2.3818     32.918     38.036  32.087860    11.3878      6.932   153.2521 1.3697e+01    37.8776      2.958      4.291    17.4797   998.7225 0.0000e+00
      3.027      0.032     2.3135     32.147     38.309  32.241901    11.3960      6.931   153.8287 1.3468e+01    37.9367      2.968      4.307    17.4066   998.7357 0.0000e+00
      3.034      0.032     2.2744     31.034     38.554  32.357915    11.4238      6.931   154.3029 1.3368e+01    38.0002      2.976      4.318    17.3399   998.7476 0.0000e+00
      3.038      0.033     2.2496     29.589     38.721  32.411856    11.4471      6.931   154.5982 1.3278e+01    37.9938      2.978      4.320    17.2636   998.7611 0.0000e+00
      3.044      0.036     2.2242     27.773     38.919  32.513296    11.4672      6.931   154.9907 1.3063e+01    37.9622      2.982      4.325    17.1794   998.7760 0.0000e+00
      3.055      0.039     2.1790     25.538     39.139  32.632631    11.6484      6.931   155.1764 1.2794e+01    37.9959      2.995      4.343    17.0901   998.7919 0.0000e+00
      3.067      0.041     2.1071     22.877     39.340  32.712574    11.9876      6.931   155.2943 1.2560e+01    38.0232      3.008      4.363    16.9584   998.8148 0.0000e+00
      3.080      0.043     2.0169     19.823     39.540  32.781837    12.1736      6.930   156.4165 1.2330e+01    38.0175      3.020      4.380    16.8308   998.8370 0.0000e+00
      3.093      0.043     1.8976     16.543     39.710  32.835468    12.1718      6.930   157.8172 1.2116e+01    38.0305      3.034      4.401    16.7676   998.8480 0.0000e+00
      3.103      0.040     1.7476     13.322     39.818  32.853328    12.1087      6.930   158.0342 1.1964e+01    38.1454      3.044      4.415    16.7019   998.8594 0.0000e+00
      3.112      0.035     1.5707     10.312     39.907  32.870800    11.9355      6.930   157.4912 1.1830e+01    38.3765      3.051      4.426    16.5777   998.8804 0.0000e+00
      3.121      0.031     1.3632      7.560     40.018  32.919755    11.7089      6.929   156.9312 1.1712e+01    38.5249      3.061      4.441    16.4434   998.9030 0.0000e+00
      3.128      0.030     1.1314      5.168     40.238  33.064483    11.5904      6.928   156.6823 1.1649e+01    38.5322      3.070      4.452    16.3343   998.9215 0.0000e+00
      3.133      0.032     0.9092      3.213     40.562  33.288199    11.5319      6.928   157.0637 1.1594e+01    38.4983      3.073      4.456    16.2426   998.9367 0.0000e+00
      3.138      0.035     0.7049      1.741     40.847  33.467327    11.1448      6.929   157.7568 1.1489e+01    38.5273      3.077      4.462    16.1736   998.9481 0.0000e+00
      3.146      0.039     0.5113      0.781     41.062  33.580510    10.4573      6.929   158.0936 1.1315e+01    38.6768      3.084      4.473    16.1253   998.9561 0.0000e+00
      3.159      0.042     0.3458      0.287     41.213  33.641393    10.0872      6.928   158.0392 1.1098e+01    38.7961      3.097      4.492    16.0851   998.9627 0.0000e+00
      3.174      0.046     0.2102      0.142     41.266  33.632315     9.9982      6.928   158.0448 1.0883e+01    38.8026      3.113      4.515    16.0362   998.9710 0.0000e+00
      3.188      0.047     0.1077      0.263     41.260  33.597581     9.3811      6.928   158.0755 1.0692e+01    38.7890      3.127      4.536    15.9680   998.9821 0.0000e+00
      3.199      0.045     0.0420      0.582     41.276  33.602102     8.2712      6.928   158.0655 1.0525e+01    38.7700      3.138      4.551    15.8859   998.9955 0.0000e+00
      3.210      0.042     0.0122      0.978     41.306  33.623524     7.6609      6.928   158.3541 1.0369e+01    38.7445      3.147      4.564    15.8067   999.0083 0.0000e+00
      3.220      0.040     0.0038      1.395     41.361  33.666229     7.5526      6.928   158.5531 1.0220e+01    38.7545      3.157      4.581    15.7359   999.0197 0.0000e+00
      3.229      0.038     0.0123      1.823     41.520  33.801180     6.9333      6.928   158.4077 1.0077e+01    38.8218      3.167      4.594    15.6984   999.0257 0.0000e+00
      3.238      0.038     0.0397      2.194     41.750  33.986168     5.7895      6.928   158.4027 9.9059e+00    38.9403      3.173      4.603    15.7027   999.0251 0.0000e+00
      3.248      0.037     0.0678      2.429     41.962  34.126234     5.1679      6.927   158.5781 9.7194e+00    39.0198      3.184      4.618    15.6975   999.0260 0.0000e+00
      3.258      0.036     0.0961      2.547     42.237  34.289057     5.1204      6.927   158.8946 9.5756e+00    39.0283      3.197      4.636    15.6881   999.0275 0.0000e+00
      3.268      0.036     0.1279      2.614     42.582  34.495327     5.0442      6.927   159.4756 9.4651e+00    39.0781      3.205      4.648    15.7033   999.0252 0.0000e+00
      3.276      0.036     0.1564      2.621     42.784  34.589601     4.8857      6.926   160.0965 9.3552e+00    39.1756      3.213      4.659    15.7138   999.0237 0.0000e+00
      3.284      0.036     0.1724      2.570     42.864  34.603931     4.7866      6.924   160.2931 9.2412e+00    39.2116      3.220      4.669    15.6737   999.0302 0.0000e+00
      3.293      0.037     0.1775      2.507     43.134  34.795433     4.7615      6.924   160.2183 9.1317e+00    39.2037      3.229      4.682    15.5910   999.0433 0.0000e+00
      3.304      0.038     0.1841      2.417     43.654  35.191688     4.6012      6.924   160.5692 9.0347e+00    39.2857      3.240      4.699    15.5007   999.0577 0.0000e+00
      3.314      0.040     0.1856      2.278     44.052  35.460703     4.2881      6.924   161.0934 8.9518e+00    39.4475      3.250      4.714    15.4101   999.0720 0.0000e+00
      3.323      0.042     0.1791      2.108     44.213  35.509746     4.1036      6.923   161.1357 8.8782e+00    39.5126      3.259      4.726    15.3483   999.0815 0.0000e+00
      3.333      0.044     0.1763      1.928     44.346  35.530735     4.0771      6.923   161.0817 8.7980e+00    39.4888      3.267      4.739    15.3289   999.0846 0.0000e+00
      3.345      0.045     0.1713      1.771     44.432  35.524001     4.1111      6.923   161.2140 8.7123e+00    39.5037      3.280      4.757    15.3190   999.0865 0.0000e+00
      3.358      0.047     0.1600      1.629     44.391  35.428226     4.4572      6.924   161.3585 8.6302e+00    39.5896      3.293      4.776    15.2609   999.0956 0.0000e+00
      3.370      0.047     0.1489      1.487     44.330  35.324520     5.0677      6.924   161.9690 8.5474e+00    39.7031      3.305      4.794    15.1540   999.1121 0.0000e+00
      3.382      0.046     0.1351      1.403     44.340  35.285364     5.3982      6.924   163.0890 8.4628e+00    39.7432      3.317      4.811    15.0519   999.1277 0.0000e+00
      3.395      0.044     0.1240      1.357     44.371  35.272024     5.4305      6.923   163.8868 8.3928e+00    39.7316      3.330      4.829    14.9672   999.1405 0.0000e+00
      3.407      0.043     0.1169      1.307     44.431  35.290096     5.4583      6.923   164.1301 8.3533e+00    39.8026      3.343      4.848    14.8979   999.1510 0.0000e+00
      3.416      0.044     0.1025      1.316     44.570  35.376917     5.5054      6.922   164.3102 8.3344e+00    39.9157      3.351      4.860    14.8376   999.1600 0.0000e+00
      3.423      0.045     0.0980      1.371     44.757  35.496795     5.5321      6.922   164.5148 8.2990e+00    39.9317      3.355      4.866    14.7823   999.1683 0.0000e+00
      3.433      0.046     0.0986      1.436     44.940  35.597265     5.6472      6.922   164.5394 8.2046e+00    39.9268      3.364      4.879    14.7387   999.1747 0.0000e+00
      3.448      0.047     0.0896      1.533     45.063  35.639772     7.0783      6.922   164.7800 8.0571e+00    40.0964      3.380      4.903    14.7061   999.1796 0.0000e+00
      3.464      0.047     0.0923      1.634     45.112  35.629925     9.7227      6.921   165.2721 7.9207e+00    40.3686      3.399      4.929    14.6853   999.1828 0.0000e+00
      3.478      0.045     0.0984      1.701     45.117  35.605063    11.1839      6.921   165.5857 7.8294e+00    40.4718      3.412      4.948    14.6602   999.1866 0.0000e+00
      3.488      0.042     0.1000      1.726     45.110  35.592968    11.4611      6.921   165.7328 7.7485e+00    40.4176      3.420      4.961    14.6066   999.1945 0.0000e+00
      3.497      0.037     0.1096      1.703     45.121  35.610593    13.0363      6.921   165.0713 7.6684e+00    40.4336      3.429      4.974    14.5385   999.2046 0.0000e+00
      3.505      0.032     0.1174      1.628     45.127  35.627793    15.8951      6.921   163.6960 7.6009e+00    40.5963      3.437      4.985    14.4793   999.2132 0.0000e+00
      3.512      0.028     0.1225      1.519     45.102  35.610581    17.4541      6.920   163.4733 7.5293e+00    40.7366      3.444      4.995    14.4445   999.2183 0.0000e+00
      3.520      0.024     0.1244      1.414     45.088  35.592864    17.6087      6.919   164.2711 7.4688e+00    40.7567      3.452      5.008    14.4424   999.2186 0.0000e+00
      3.527      0.020     0.1230      1.330     45.108  35.603944    17.5458      6.919   164.9099 7.4395e+00    40.7373      3.460      5.019    14.4568   999.2165 0.0000e+00
      3.532      0.017     0.1174      1.285     45.129  35.617624    16.5503      6.919   165.5192 7.4270e+00    40.7075      3.464      5.024    14.4759   999.2138 0.0000e+00
      3.533      0.015     0.1076      1.265     45.178  35.631354    14.7281      6.919   165.0127 7.4196e+00    40.6719      3.465      5.025    14.4811   999.2131 0.0000e+00
      3.534      0.015     0.1011      1.264     45.263  35.643002    13.7483      6.920   163.3455 7.4042e+00    40.6498      3.466      5.026    14.4639   999.2156 0.0000e+00
      3.537      0.015     0.0932      1.284     45.325  35.631482    13.6780      6.920   162.6558 7.3526e+00    40.6807      3.466      5.027    14.4577   999.2165 0.0000e+00
      3.542      0.016     0.0914      1.314     45.360  35.618906    13.6496      6.920   163.0407 7.2842e+00    40.7015      3.473      5.038    14.4683   999.2149 0.0000e+00
      3.548      0.018     0.0900      1.345     45.385  35.617817    13.6042      6.919   163.7829 7.2397e+00    40.6612      3.482      5.050    14.4475   999.2180 0.0000e+00
      3.553      0.019     0.0892      1.353     45.403  35.618287    13.5966      6.918   164.5747 7.1937e+00    40.6739      3.486      5.055    14.3730   999.2288 0.0000e+00
      3.558      0.020     0.0924      1.329     45.414  35.624574    13.6149      6.917   164.0101 7.1283e+00    40.7519      3.488      5.059    14.2895   999.2407 0.0000e+00
      3.563      0.022     0.0935      1.289     45.419  35.630374    13.7109      6.916   162.2909 7.0720e+00    40.8835      3.494      5.067    14.2515   999.2461 0.0000e+00
      3.567      0.025     0.0975      1.260     45.429  35.624960    13.8809      6.917   161.4261 7.0283e+00    41.0634      3.498      5.073    14.2375   999.2482 0.0000e+00
      3.572      0.030     0.0979      1.251     45.469  35.622560    13.9628      6.918   161.9853 6.9626e+00    41.1420      3.502      5.079    14.2151   999.2514 0.0000e+00
      3.580      0.037     0.0957      1.226     45.573  35.664776    13.9187      6.918   163.2014 6.8501e+00    41.1473      3.510      5.090    14.2129   999.2517 0.0000e+00
      3.592      0.046     0.0925      1.187     45.733  35.754590    13.3094      6.917   163.7409 6.7309e+00    41.1968      3.522      5.108    14.2294   999.2495 0.0000e+00
      3.604      0.052     0.0889      1.165     45.871  35.820035    12.1656      6.916   163.2598 6.6271e+00    41.2247      3.534      5.125    14.2163   999.2514 0.0000e+00
      3.617      0.057     0.0911      1.170     45.940  35.821416    11.5145      6.916   162.8907 6.4893e+00    41.1757      3.545      5.140    14.1708   999.2578 0.0000e+00
      3.636      0.060     0.0886      1.180     45.936  35.771218    11.3976      6.915   162.8916 6.3381e+00    41.1197      3.565      5.171    14.1225   999.2648 0.0000e+00
      3.655      0.061     0.0847      1.159     45.931  35.720716    11.0093      6.914   162.4111 6.2359e+00    41.1308      3.588      5.204    14.0897   999.2696 0.0000e+00
      3.669      0.058     0.0834      1.126     45.995  35.718421    10.3198      6.913   161.6409 6.1472e+00    41.1723      3.599      5.219    14.0482   999.2755 0.0000e+00
      3.682      0.051     0.0836      1.120     46.081  35.743412     9.9465      6.913   162.0976 6.0051e+00    41.2100      3.609      5.233    13.9784   999.2852 0.0000e+00
      3.699      0.042     0.0870      1.130     46.142  35.768995     9.9102      6.914   163.2863 5.8738e+00    41.2090      3.629      5.264    13.9304   999.2918 0.0000e+00
      3.712      0.033     0.0840      1.136     46.163  35.773881     9.8900      6.914   163.4510 5.8359e+00    41.1596      3.645      5.286    13.8886   999.2977 0.0000e+00
      3.716      0.026     0.0803      1.153     46.210  35.802481     9.7879      6.913   162.7132 5.8257e+00    41.1626      3.644      5.286    13.8198   999.3072 0.0000e+00
      3.717      0.021     0.0807      1.189     46.372  35.924410     9.6104      6.912   161.7643 5.7957e+00    41.1768      3.645      5.287    13.7691   999.3141 0.0000e+00
      3.720      0.019     0.0824      1.231     46.606  36.105837     9.5079      6.913   161.1842 5.7662e+00    41.1248      3.648      5.291    13.7538   999.3162 0.0000e+00
      3.723      0.022     0.0819      1.283     46.832  36.282679     9.4644      6.913   162.0660 5.7362e+00    41.0829      3.650      5.295    13.7449   999.3174 0.0000e+00
      3.727      0.028     0.0827      1.340     46.933  36.349164     9.1711      6.913   163.7367 5.6902e+00    41.0825      3.654      5.300    13.7326   999.3192 0.0000e+00
      3.735      0.035     0.0866      1.385     46.817  36.211624     8.6510      6.913   164.0907 5.6026e+00    41.1208      3.662      5.311    13.7315   999.3194 0.0000e+00
      3.747      0.042     0.0888      1.404     46.585  35.952315     8.3823      6.913   163.6785 5.4871e+00    41.1680      3.674      5.328    13.7314   999.3195 0.0000e+00
      3.760      0.049     0.0930      1.399     46.443  35.752188     8.3543      6.912   163.2260 5.3878e+00    41.1720      3.688      5.349    13.7355   999.3192 0.0000e+00
      3.773      0.055     0.0975      1.386     46.480  35.695587     8.3801      6.911   162.9218 5.2980e+00    41.1700      3.701      5.368    13.7395   999.3187 0.0000e+00
      3.787      0.057     0.1014      1.354     46.591  35.712077     8.4839      6.911   163.6148 5.1635e+00    41.1777      3.712      5.383    13.6847   999.3261 0.0000e+00
      3.804      0.056     0.1031      1.299     46.641  35.697650     8.5600      6.911   164.2914 4.9923e+00    41.1964      3.730      5.408    13.5850   999.3394 0.0000e+00
