Data/DataNotYetUploadedToEDI/Raw_CTD/RawDownloads/072318_fcr50.cnv
* Sea-Bird SBE19plus  Data File:
* FileName = C:\DATA\072318_fcr50_0003.hex
* Software version 2.6.3.104 SB_Terminal.dll
* Temperature SN = 7809
* Conductivity SN = 7809
* System UpLoad Time = Jul 23 2018 15:33:41
* <ApplicationData>
* <Seaterm232>
# nquan = 15
# nvalues = 493                         
# units = specified
# name 0 = depFM: Depth [fresh water, m]
# name 1 = dz/dtM: Descent Rate [m/s]
# name 2 = sbeox0Mg/L: Oxygen, SBE 43 [mg/l]
# name 3 = sbeox0PS: Oxygen, SBE 43 [% saturation]
# name 4 = specc: Specific Conductance [uS/cm]
# name 5 = c0uS/cm: Conductivity [uS/cm]
# name 6 = flECO-AFL: Fluorescence, WET Labs ECO-AFL/FL [mg/m^3]
# name 7 = ph: pH
# name 8 = orp: Oxidation Reduction Potential [mV]
# name 9 = par/sat/log: PAR/Logarithmic, Satlantic
# name 10 = turbWETntu0: Turbidity, WET Labs ECO [NTU]
# name 11 = prdM: Pressure, Strain Gauge [db]
# name 12 = prdE: Pressure, Strain Gauge [psi]
# name 13 = tv290C: Temperature [ITS-90, deg C]
# name 14 = flag:  0.000e+00
# span 0 =     -0.623,      6.373       
# span 1 =     -0.043,      0.304       
# span 2 =     1.7625,    14.1957       
# span 3 =     16.660,    163.533       
# span 4 =      1.897,     48.750       
# span 5 =   1.696735,  36.454639       
# span 6 =    -0.1985,     8.9064       
# span 7 =      6.197,      8.431       
# span 8 =   258.9338,   425.3230       
# span 9 = 1.2559e-01, 7.3091e+01       
# span 10 =    -0.2636,    12.3713      
# span 11 =     -0.611,      6.257      
# span 12 =     -0.886,      9.075      
# span 13 =    11.6975,    25.1880      
# span 14 = 0.0000e+00, 0.0000e+00      
# interval = seconds: 0.25
# start_time = Jul 23 2018 13:37:18 [Instrument's time stamp, header]
# bad_flag = -9.990e-29
*END*
[from data line 193]
      0.372      0.103     8.8962    107.997     35.196  35.314217     6.9763      8.414   264.1372 2.5932e+01     2.2629      0.364      0.528    25.1657 0.0000e+00
      0.395      0.103     8.8486    107.418     35.198  35.316413     7.0277      8.414   264.3919 2.4975e+01     2.2616      0.383      0.556    25.1646 0.0000e+00
      0.425      0.107     8.8172    107.040     35.186  35.304960     7.0130      8.415   264.0381 2.3777e+01     2.2452      0.414      0.600    25.1637 0.0000e+00
      0.460      0.111     8.8043    106.890     35.182  35.302783     6.8633      8.416   262.6988 2.2743e+01     2.2483      0.454      0.657    25.1636 0.0000e+00
      0.491      0.113     8.8102    106.968     35.167  35.290090     6.6051      8.416   262.2227 2.1905e+01     2.2678      0.482      0.700    25.1628 0.0000e+00
      0.518      0.112     8.8222    107.121     35.152  35.278532     6.4740      8.414   262.5837 2.1080e+01     2.2984      0.507      0.736    25.1609 0.0000e+00
      0.545      0.107     8.8274    107.189     35.162  35.290079     6.4632      8.412   263.0195 2.0294e+01     2.3131      0.536      0.778    25.1623 0.0000e+00
      0.572      0.100     8.8196    107.098     35.173  35.302677     6.4552      8.412   263.6210 1.9493e+01     2.2923      0.560      0.812    25.1665 0.0000e+00
      0.598      0.095     8.8040    106.910     35.174  35.303812     6.4515      8.408   263.4891 1.8759e+01     2.2604      0.588      0.852    25.1706 0.0000e+00
      0.623      0.096     8.7888    106.725     35.174  35.303802     6.4556      8.402   262.6294 1.8248e+01     2.2639      0.614      0.891    25.1738 0.0000e+00
      0.643      0.101     8.7788    106.602     35.173  35.302553     6.4677      8.400   262.1740 1.7877e+01     2.3044      0.631      0.916    25.1768 0.0000e+00
      0.660      0.106     8.7757    106.562     35.161  35.288706     6.4877      8.401   262.1985 1.7438e+01     2.3215      0.644      0.935    25.1785 0.0000e+00
      0.686      0.108     8.7762    106.566     35.136  35.263411     6.5134      8.403   262.1520 1.6689e+01     2.3187      0.666      0.967    25.1790 0.0000e+00
      0.725      0.109     8.7791    106.596     35.125  35.250803     6.5299      8.409   262.2134 1.5825e+01     2.3012      0.712      1.032    25.1791 0.0000e+00
      0.765      0.109     8.7862    106.678     35.139  35.263298     6.5321      8.415   262.9409 1.5249e+01     2.2627      0.756      1.095    25.1778 0.0000e+00
      0.792      0.108     8.7977    106.815     35.164  35.287446     6.5304      8.419   263.8939 1.4939e+01     2.2494      0.780      1.131    25.1763 0.0000e+00
      0.809      0.102     8.8086    106.949     35.164  35.288686     6.6012      8.421   264.0991 1.4673e+01     2.2624      0.794      1.151    25.1752 0.0000e+00
      0.829      0.092     8.8136    107.015     35.152  35.278291     6.7451      8.424   263.7009 1.4284e+01     2.2674      0.810      1.174    25.1730 0.0000e+00
      0.856      0.083     8.8134    107.020     35.160  35.288809     6.8271      8.426   263.2956 1.3820e+01     2.2795      0.838      1.216    25.1698 0.0000e+00
      0.883      0.077     8.8116    107.003     35.158  35.288819     6.8398      8.426   263.4151 1.3443e+01     2.3170      0.868      1.260    25.1681 0.0000e+00
      0.903      0.072     8.8097    106.984     35.147  35.278416     6.8061      8.428   264.8009 1.3208e+01     2.2938      0.889      1.288    25.1697 0.0000e+00
      0.917      0.064     8.8062    106.944     35.158  35.290069     6.7230      8.430   266.7155 1.3038e+01     2.2132      0.899      1.304    25.1732 0.0000e+00
      0.928      0.054     8.7977    106.841     35.170  35.302679     6.6622      8.431   267.4644 1.2833e+01     2.1672      0.910      1.319    25.1766 0.0000e+00
      0.941      0.047     8.7852    106.688     35.171  35.303835     6.6403      8.431   267.1449 1.2624e+01     2.1641      0.923      1.339    25.1795 0.0000e+00
      0.953      0.045     8.7777    106.596     35.172  35.304043     6.5783      8.430   266.7236 1.2491e+01     2.2055      0.937      1.359    25.1813 0.0000e+00
      0.962      0.047     8.7810    106.634     35.174  35.305198     6.4637      8.427   267.1026 1.2397e+01     2.2407      0.945      1.370    25.1826 0.0000e+00
      0.971      0.051     8.7944    106.795     35.187  35.317798     6.3944      8.422   268.1130 1.2258e+01     2.2538      0.949      1.377    25.1834 0.0000e+00
      0.982      0.056     8.8184    107.088     35.198  35.329348     6.3919      8.417   268.6162 1.2056e+01     2.2727      0.962      1.395    25.1831 0.0000e+00
      0.998      0.061     8.8505    107.481     35.186  35.317798     6.4349      8.414   268.6257 1.1783e+01     2.2242      0.977      1.417    25.1816 0.0000e+00
      1.018      0.065     8.8804    107.848     35.172  35.305198     6.4905      8.414   268.5718 1.1460e+01     2.1253      0.997      1.445    25.1799 0.0000e+00
      1.040      0.066     8.9001    108.089     35.170  35.304043     6.5125      8.414   268.3094 1.1182e+01     2.0843      1.022      1.483    25.1792 0.0000e+00
      1.059      0.063     8.9069    108.169     35.171  35.303835     6.5172      8.414   267.6909 1.1007e+01     2.0949      1.041      1.510    25.1801 0.0000e+00
      1.071      0.058     8.8971    108.046     35.171  35.302680     6.4643      8.418   267.2876 1.0864e+01     2.1310      1.050      1.522    25.1822 0.0000e+00
      1.084      0.053     8.8695    107.705     35.160  35.290071     6.3512      8.422   267.3907 1.0699e+01     2.1863      1.062      1.542    25.1847 0.0000e+00
      1.098      0.051     8.8294    107.214     35.150  35.278417     6.2806      8.422   267.5613 1.0560e+01     2.1833      1.078      1.565    25.1859 0.0000e+00
      1.108      0.051     8.7867    106.695     35.160  35.288821     6.2626      8.418   267.8012 1.0442e+01     2.1246      1.087      1.575    25.1842 0.0000e+00
      1.118      0.051     8.7501    106.252     35.160  35.288821     6.2634      8.415   268.1405 1.0284e+01     2.1177      1.094      1.587    25.1813 0.0000e+00
      1.132      0.051     8.7275    105.980     35.149  35.278417     6.4001      8.416   267.4477 1.0077e+01     2.1920      1.109      1.609    25.1782 0.0000e+00
      1.149      0.052     8.7252    105.954     35.160  35.290070     6.6744      8.421   265.9640 9.8857e+00     2.2905      1.128      1.636    25.1763 0.0000e+00
      1.164      0.055     8.7417    106.156     35.172  35.302678     6.8325      8.425   265.5159 9.7665e+00     2.3014      1.143      1.659    25.1760 0.0000e+00
      1.175      0.058     8.7695    106.494     35.173  35.303816     6.8510      8.428   266.0736 9.6720e+00     2.2322      1.151      1.670    25.1768 0.0000e+00
      1.187      0.061     8.7965    106.823     35.172  35.303824     6.9520      8.429   266.7704 9.5142e+00     2.2167      1.161      1.685    25.1785 0.0000e+00
      1.203      0.066     8.8153    107.055     35.170  35.302784     7.1536      8.429   266.8861 9.3061e+00     2.2660      1.178      1.709    25.1798 0.0000e+00
      1.222      0.074     8.8265    107.195     35.157  35.291237     7.2663      8.427   266.0091 9.0875e+00     2.3098      1.197      1.736    25.1800 0.0000e+00
      1.242      0.084     8.8334    107.281     35.156  35.291246     7.2673      8.423   264.7716 8.8278e+00     2.2893      1.217      1.764    25.1799 0.0000e+00
      1.263      0.094     8.8409    107.374     35.167  35.302900     7.1572      8.418   264.0550 8.5512e+00     2.2318      1.240      1.797    25.1812 0.0000e+00
      1.286      0.104     8.8477    107.457     35.169  35.305104     6.9550      8.415   263.8825 8.2792e+00     2.2242      1.260      1.827    25.1829 0.0000e+00
      1.313      0.111     8.8482    107.462     35.182  35.317894     6.8529      8.415   263.8913 7.9704e+00     2.2578      1.285      1.864    25.1847 0.0000e+00
      1.346      0.114     8.8427    107.396     35.195  35.330503     6.8514      8.415   264.3336 7.6376e+00     2.3032      1.319      1.913    25.1865 0.0000e+00
      1.382      0.115     8.8330    107.277     35.195  35.330514     6.8810      8.415   264.9284 7.3306e+00     2.3459      1.355      1.966    25.1868 0.0000e+00
      1.415      0.112     8.8208    107.130     35.182  35.318019     6.9349      8.416   264.9739 7.0928e+00     2.3468      1.390      2.015    25.1871 0.0000e+00
      1.441      0.105     8.8107    107.008     35.171  35.306470     6.9609      8.418   264.6264 6.9027e+00     2.3147      1.414      2.050    25.1867 0.0000e+00
      1.465      0.095     8.8021    106.904     35.182  35.317925     6.9650      8.420   264.0822 6.7173e+00     2.2930      1.435      2.083    25.1864 0.0000e+00
      1.487      0.087     8.7907    106.765     35.193  35.329473     6.9211      8.420   263.7278 6.5666e+00     2.2973      1.460      2.118    25.1866 0.0000e+00
      1.507      0.082     8.7787    106.620     35.183  35.319061     6.8260      8.417   264.5583 6.4529e+00     2.2758      1.479      2.145    25.1864 0.0000e+00
      1.526      0.079     8.7772    106.601     35.183  35.319071     6.7797      8.415   265.8635 6.3184e+00     2.2158      1.496      2.170    25.1867 0.0000e+00
      1.544      0.077     8.7934    106.799     35.193  35.329590     6.7847      8.415   266.0008 6.1370e+00     2.2131      1.513      2.194    25.1872 0.0000e+00
      1.564      0.077     8.8208    107.130     35.183  35.319195     6.7846      8.414   265.6153 5.9617e+00     2.2739      1.533      2.223    25.1875 0.0000e+00
      1.584      0.079     8.8474    107.452     35.185  35.320435     6.7788      8.411   265.1603 5.8371e+00     2.3095      1.555      2.256    25.1877 0.0000e+00
      1.604      0.081     8.8702    107.727     35.210  35.344583     6.7697      8.408   264.3721 5.7256e+00     2.3084      1.574      2.283    25.1879 0.0000e+00
      1.624      0.083     8.8905    107.972     35.223  35.357078     6.7575      8.408   264.6030 5.5968e+00     2.2909      1.591      2.307    25.1880 0.0000e+00
      1.645      0.083     8.9093    108.198     35.211  35.344470     6.7694      8.410   265.8865 5.4535e+00     2.2808      1.611      2.337    25.1874 0.0000e+00
      1.670      0.083     8.9260    108.398     35.187  35.319186     6.8114      8.412   266.5552 5.3156e+00     2.3078      1.638      2.376    25.1866 0.0000e+00
      1.692      0.083     8.9371    108.530     35.175  35.305453     6.8424      8.412   266.4933 5.2007e+00     2.3127      1.662      2.410    25.1855 0.0000e+00
      1.712      0.085     8.9407    108.572     35.175  35.305454     6.8501      8.412   266.2567 5.0899e+00     2.2792      1.678      2.434    25.1845 0.0000e+00
      1.731      0.088     8.9384    108.541     35.190  35.319197     6.8592      8.409   265.8454 4.9736e+00     2.2687      1.697      2.461    25.1842 0.0000e+00
      1.752      0.090     8.9331    108.473     35.216  35.344582     6.8793      8.407   265.3914 4.8572e+00     2.2771      1.719      2.492    25.1827 0.0000e+00
      1.774      0.092     8.9249    108.370     35.231  35.358294     6.8998      8.407   265.1554 4.7201e+00     2.2892      1.737      2.519    25.1805 0.0000e+00
      1.801      0.093     8.9122    108.210     35.233  35.357942     6.9045      8.408   265.1430 4.5595e+00     2.2929      1.762      2.557    25.1793 0.0000e+00
      1.831      0.092     8.8968    108.015     35.218  35.340321     6.8997      8.410   265.2416 4.4216e+00     2.2911      1.798      2.608    25.1778 0.0000e+00
      1.856      0.090     8.8834    107.839     35.155  35.272278     6.9423      8.414   265.4013 4.3185e+00     2.2983      1.823      2.644    25.1769 0.0000e+00
      1.876      0.089     8.8734    107.680     35.003  35.106916     7.0343      8.414   264.9225 4.2229e+00     2.2892      1.840      2.668    25.1753 0.0000e+00
      1.893      0.087     8.8629    107.470     34.791  34.865414     7.0834      8.409   263.8401 4.1250e+00     2.2722      1.857      2.693    25.1714 0.0000e+00
      1.911      0.082     8.8522    107.202     34.613  34.638951     7.0859      8.405   263.2419 4.0165e+00     2.2761      1.872      2.716    25.1681 0.0000e+00
      1.935      0.078     8.8516    107.017     34.438  34.401304     7.1287      8.405   263.4540 3.8823e+00     2.2744      1.896      2.750    25.1641 0.0000e+00
      1.963      0.074     8.8833    107.179     34.136  34.024539     7.2156      8.409   264.0818 3.7462e+00     2.2826      1.927      2.796    25.1503 0.0000e+00
      1.984      0.071     8.9777    108.013     33.789  33.576834     7.2724      8.412   264.4653 3.6616e+00     2.3141      1.951      2.829    25.1124 0.0000e+00
      1.996      0.070     9.1590    109.801     33.648  33.307072     7.2822      8.407   264.2185 3.6171e+00     2.3197      1.958      2.840    25.0370 0.0000e+00
      2.006      0.073     9.4391    112.740     33.716  33.239775     7.2692      8.390   263.6794 3.5602e+00     2.2894      1.965      2.850    24.9439 0.0000e+00
      2.021      0.081     9.8394    117.120     33.808  33.207554     7.1711      8.365   263.5400 3.4822e+00     2.2534      1.981      2.873    24.8455 0.0000e+00
      2.041      0.093    10.3983    123.326     33.903  33.171369     6.9968      8.343   263.9094 3.3920e+00     2.2503      1.999      2.900    24.6970 0.0000e+00
      2.067      0.105    11.1048    131.138     34.073  33.183168     6.8984      8.324   264.4461 3.2747e+00     2.2821      2.024      2.936    24.4889 0.0000e+00
      2.102      0.114    11.8747    139.584     34.288  33.222961     6.8914      8.307   265.0400 3.1373e+00     2.3026      2.060      2.988    24.2757 0.0000e+00
      2.138      0.119    12.6230    147.750     34.500  33.271166     6.9118      8.288   266.0994 3.0160e+00     2.2849      2.098      3.043    24.1069 0.0000e+00
      2.172      0.123    13.2785    154.842     34.762  33.384695     6.9429      8.259   267.2752 2.9163e+00     2.2810      2.131      3.091    23.9372 0.0000e+00
      2.201      0.128    13.7724    160.026     35.038  33.515682     6.9641      8.221   267.8123 2.8349e+00     2.3169      2.161      3.134    23.6960 0.0000e+00
      2.226      0.133    14.0777    162.919     35.266  33.584437     6.9751      8.182   268.2063 2.7667e+00     2.3224      2.183      3.166    23.4320 0.0000e+00
      2.254      0.138    14.1957    163.533     35.510  33.644152     6.9746      8.146   268.5109 2.6643e+00     2.2559      2.204      3.197    23.2039 0.0000e+00
      2.294      0.142    14.1317    162.038     35.785  33.729324     6.9672      8.115   268.5694 2.5144e+00     2.1835      2.246      3.257    23.0096 0.0000e+00
      2.342      0.143    13.9154    158.904     36.011  33.788283     6.9689      8.092   269.2587 2.3814e+00     2.1489      2.299      3.336    22.8315 0.0000e+00
      2.384      0.140    13.5898    154.709     36.129  33.785155     7.0043      8.077   270.7354 2.2920e+00     2.1120      2.342      3.397    22.6271 0.0000e+00
      2.419      0.131    13.1949    149.904     36.179  33.754862     7.3401      8.067   272.3143 2.2220e+00     1.9515      2.374      3.443    22.3691 0.0000e+00
      2.449      0.119    12.7663    144.809     36.225  33.739494     7.9413      8.059   273.4640 2.1586e+00     1.6740      2.403      3.486    22.1127 0.0000e+00
      2.474      0.106    12.3292    139.699     36.254  33.726296     8.2622      8.053   273.2791 2.0965e+00     1.5331      2.426      3.520    21.8895 0.0000e+00
      2.497      0.098    11.9096    134.891     36.265  33.722259     8.2982      8.048   272.5741 2.0402e+00     1.5296      2.449      3.552    21.7266 0.0000e+00
      2.521      0.096    11.5346    130.586     36.387  33.817703     8.4494      8.041   273.3715 1.9876e+00     1.5103      2.471      3.586    21.6425 0.0000e+00
