Data/DataNotYetUploadedToEDI/Raw_CTD/RawDownloads/072318_fcr45.cnv
* Sea-Bird SBE19plus  Data File:
* FileName = C:\DATA\072318_fcr50_0007.hex
* Software version 2.6.3.104 SB_Terminal.dll
* Temperature SN = 7809
* Conductivity SN = 7809
* System UpLoad Time = Jul 23 2018 15:35:00
* <ApplicationData>
* <Seaterm232>
# nquan = 15
# nvalues = 737                         
# units = specified
# name 0 = depFM: Depth [fresh water, m]
# name 1 = dz/dtM: Descent Rate [m/s]
# name 2 = sbeox0Mg/L: Oxygen, SBE 43 [mg/l]
# name 3 = sbeox0PS: Oxygen, SBE 43 [% saturation]
# name 4 = specc: Specific Conductance [uS/cm]
# name 5 = c0uS/cm: Conductivity [uS/cm]
# name 6 = flECO-AFL: Fluorescence, WET Labs ECO-AFL/FL [mg/m^3]
# name 7 = ph: pH
# name 8 = orp: Oxidation Reduction Potential [mV]
# name 9 = par/sat/log: PAR/Logarithmic, Satlantic
# name 10 = turbWETntu0: Turbidity, WET Labs ECO [NTU]
# name 11 = prdM: Pressure, Strain Gauge [db]
# name 12 = prdE: Pressure, Strain Gauge [psi]
# name 13 = tv290C: Temperature [ITS-90, deg C]
# name 14 = flag:  0.000e+00
# span 0 =     -0.608,      7.411       
# span 1 =     -0.147,      0.147       
# span 2 =     1.3031,    13.6911       
# span 3 =     12.376,    161.087       
# span 4 =      0.675,     50.485       
# span 5 =   0.625410,  36.879908       
# span 6 =    -0.2021,    10.0006       
# span 7 =      6.152,      8.544       
# span 8 =    53.3908,   307.9206       
# span 9 = 1.2551e-01, 3.0751e+02       
# span 10 =    -0.4803,    18.7990      
# span 11 =     -0.596,      7.268      
# span 12 =     -0.865,     10.542      
# span 13 =    11.5161,    25.2278      
# span 14 = 0.0000e+00, 0.0000e+00      
# interval = seconds: 0.25
# start_time = Jul 23 2018 15:21:50 [Instrument's time stamp, header]
# bad_flag = -9.990e-29
*END*
[from data line 290]
      0.311      0.074     9.2803    112.794     35.222  35.386748     5.7485      8.506   200.0278 1.4895e+02     2.1035      0.300      0.435    25.2254 0.0000e+00
      0.339      0.085     9.2574    112.515     35.211  35.375190     5.7527      8.506   201.8795 1.4144e+02     2.1441      0.331      0.480    25.2253 0.0000e+00
      0.369      0.092     9.2347    112.240     35.212  35.376221     5.7617      8.506   202.6875 1.3575e+02     2.2011      0.364      0.528    25.2265 0.0000e+00
      0.396      0.093     9.2172    112.026     35.235  35.399213     5.7659      8.506   202.6553 1.3173e+02     2.2431      0.390      0.566    25.2278 0.0000e+00
      0.418      0.088     9.2061    111.889     35.235  35.399108     5.7667      8.506   202.9525 1.2832e+02     2.2543      0.410      0.595    25.2273 0.0000e+00
      0.438      0.080     9.1994    111.808     35.211  35.374950     5.7804      8.507   203.0124 1.2518e+02     2.2455      0.430      0.624    25.2270 0.0000e+00
      0.458      0.072     9.1957    111.762     35.198  35.361205     5.8399      8.508   203.0351 1.2274e+02     2.2281      0.450      0.653    25.2272 0.0000e+00
      0.475      0.066     9.1936    111.735     35.197  35.359946     5.9160      8.508   202.2802 1.2092e+02     2.1967      0.467      0.678    25.2268 0.0000e+00
      0.489      0.062     9.1913    111.705     35.197  35.359728     5.9385      8.508   200.9402 1.1905e+02     2.1411      0.480      0.697    25.2265 0.0000e+00
      0.504      0.061     9.1910    111.700     35.197  35.358571     5.9372      8.508   200.8586 1.1688e+02     2.1045      0.494      0.717    25.2263 0.0000e+00
      0.519      0.064     9.1946    111.742     35.185  35.345961     5.9455      8.503   202.4981 1.1464e+02     2.1208      0.510      0.740    25.2256 0.0000e+00
      0.534      0.071     9.1976    111.779     35.174  35.334298     5.9193      8.498   204.2429 1.1224e+02     2.1853      0.524      0.760    25.2247 0.0000e+00
      0.549      0.077     9.1948    111.745     35.184  35.344598     5.8602      8.493   204.4892 1.0888e+02     2.2434      0.536      0.777    25.2241 0.0000e+00
      0.570      0.082     9.1876    111.655     35.184  35.343453     5.8191      8.489   203.3248 1.0446e+02     2.2429      0.556      0.807    25.2229 0.0000e+00
      0.598      0.084     9.1843    111.611     35.162  35.320450     5.8174      8.485   201.6935 1.0030e+02     2.2708      0.587      0.851    25.2222 0.0000e+00
      0.625      0.084     9.1860    111.628     35.163  35.320553     5.8766      8.484   200.8547 9.7242e+01     2.3059      0.616      0.893    25.2224 0.0000e+00
      0.647      0.082     9.1825    111.582     35.188  35.344702     5.9743      8.483   201.0128 9.4947e+01     2.2713      0.636      0.922    25.2225 0.0000e+00
      0.665      0.078     9.1672    111.394     35.203  35.358342     6.0245      8.481   201.3675 9.3033e+01     2.2489      0.652      0.946    25.2210 0.0000e+00
      0.681      0.074     9.1457    111.131     35.203  35.358437     6.0242      8.480   201.4444 9.1404e+01     2.2483      0.668      0.969    25.2193 0.0000e+00
      0.698      0.071     9.1262    110.893     35.191  35.345838     6.0342      8.480   202.3723 8.9714e+01     2.2336      0.683      0.990    25.2176 0.0000e+00
      0.717      0.071     9.1114    110.712     35.179  35.333049     6.0634      8.479   204.7572 8.7820e+01     2.2544      0.702      1.018    25.2159 0.0000e+00
      0.737      0.072     9.0969    110.534     35.177  35.330854     6.0831      8.478   205.8454 8.6053e+01     2.2865      0.723      1.049    25.2149 0.0000e+00
      0.755      0.073     9.0784    110.310     35.166  35.319296     6.0788      8.476   204.9462 8.4280e+01     2.2863      0.739      1.072    25.2140 0.0000e+00
      0.772      0.074     9.0605    110.091     35.167  35.320337     6.0397      8.473   204.3813 8.2292e+01     2.2818      0.756      1.097    25.2133 0.0000e+00
      0.791      0.076     9.0496    109.958     35.191  35.343444     5.9865      8.469   204.8661 8.0354e+01     2.2934      0.776      1.127    25.2127 0.0000e+00
      0.809      0.077     9.0471    109.927     35.191  35.344599     5.9593      8.465   205.7321 7.8406e+01     2.3044      0.794      1.151    25.2125 0.0000e+00
      0.829      0.077     9.0482    109.941     35.181  35.334300     5.9495      8.462   205.9905 7.6132e+01     2.2931      0.812      1.177    25.2123 0.0000e+00
      0.851      0.076     9.0507    109.971     35.193  35.345963     5.9519      8.461   206.5273 7.3752e+01     2.2790      0.836      1.212    25.2120 0.0000e+00
      0.873      0.075     9.0572    110.050     35.206  35.358572     6.0340      8.460   209.0386 7.1754e+01     2.2563      0.858      1.244    25.2116 0.0000e+00
      0.892      0.074     9.0676    110.176     35.207  35.359709     6.1876      8.457   212.5222 7.0228e+01     2.2315      0.875      1.269    25.2113 0.0000e+00
      0.908      0.070     9.0786    110.308     35.207  35.359708     6.2748      8.453   213.1124 6.8945e+01     2.2543      0.891      1.292    25.2111 0.0000e+00
      0.924      0.065     9.0871    110.410     35.207  35.358561     6.2798      8.454   210.6683 6.7558e+01     2.2874      0.905      1.312    25.2110 0.0000e+00
      0.943      0.060     9.0917    110.465     35.194  35.345839     6.2843      8.456   209.2990 6.6138e+01     2.2663      0.924      1.340    25.2108 0.0000e+00
      0.960      0.058     9.0927    110.476     35.182  35.332926     6.3022      8.457   209.7205 6.5238e+01     2.2118      0.945      1.370    25.2106 0.0000e+00
      0.971      0.057     9.0934    110.484     35.179  35.329471     6.3211      8.458   210.4295 6.4745e+01     2.2087      0.955      1.383    25.2103 0.0000e+00
      0.981      0.057     9.0941    110.491     35.154  35.304073     6.3385      8.457   210.6441 6.3805e+01     2.2587      0.960      1.391    25.2095 0.0000e+00
      0.996      0.058     9.0929    110.475     35.130  35.279914     6.4023      8.456   211.1108 6.2422e+01     2.2675      0.975      1.415    25.2090 0.0000e+00
      1.014      0.059     9.0894    110.432     35.142  35.291454     6.5131      8.455   211.3412 6.1227e+01     2.2536      0.996      1.445    25.2088 0.0000e+00
      1.030      0.062     9.0828    110.351     35.167  35.316557     6.5755      8.454   210.6762 6.0060e+01     2.2740      1.009      1.464    25.2081 0.0000e+00
      1.046      0.064     9.0740    110.244     35.181  35.329346     6.5880      8.452   210.2118 5.8673e+01     2.3006      1.025      1.487    25.2072 0.0000e+00
      1.063      0.064     9.0665    110.152     35.171  35.319045     6.5717      8.449   209.7696 5.7405e+01     2.3005      1.044      1.514    25.2069 0.0000e+00
      1.078      0.065     9.0631    110.110     35.171  35.319055     6.5340      8.447   208.7715 5.6325e+01     2.2735      1.058      1.535    25.2066 0.0000e+00
      1.093      0.068     9.0627    110.105     35.181  35.329460     6.5185      8.445   207.6081 5.5117e+01     2.2475      1.071      1.553    25.2061 0.0000e+00
      1.110      0.070     9.0631    110.109     35.169  35.317807     6.5125      8.441   206.8881 5.3753e+01     2.2312      1.089      1.579    25.2058 0.0000e+00
      1.130      0.071     9.0646    110.126     35.157  35.305198     6.4801      8.436   206.4323 5.2413e+01     2.2289      1.108      1.607    25.2056 0.0000e+00
      1.150      0.070     9.0654    110.135     35.156  35.304052     6.4307      8.433   206.3993 5.1154e+01     2.2501      1.128      1.636    25.2054 0.0000e+00
      1.170      0.067     9.0658    110.139     35.156  35.303948     6.4022      8.433   206.9195 4.9969e+01     2.2437      1.148      1.665    25.2052 0.0000e+00
      1.190      0.061     9.0691    110.178     35.157  35.303948     6.3930      8.433   207.2159 4.9026e+01     2.2124      1.169      1.695    25.2048 0.0000e+00
      1.205      0.054     9.0741    110.238     35.157  35.304051     6.3744      8.434   207.1428 4.8443e+01     2.2069      1.184      1.716    25.2046 0.0000e+00
      1.215      0.048     9.0791    110.297     35.159  35.305196     6.3430      8.434   207.4988 4.7998e+01     2.2086      1.191      1.729    25.2045 0.0000e+00
      1.224      0.045     9.0837    110.351     35.172  35.317786     6.3257      8.434   208.1645 4.7535e+01     2.2017      1.200      1.742    25.2043 0.0000e+00
      1.232      0.045     9.0824    110.334     35.184  35.329231     6.3305      8.431   209.0830 4.7038e+01     2.2154      1.209      1.752    25.2035 0.0000e+00
      1.242      0.051     9.0684    110.162     35.172  35.316527     6.3459      8.425   210.1730 4.6381e+01     2.2521      1.216      1.763    25.2025 0.0000e+00
      1.255      0.059     9.0452    109.880     35.147  35.291224     6.4290      8.420   210.5883 4.5536e+01     2.2792      1.229      1.783    25.2018 0.0000e+00
      1.270      0.065     9.0182    109.550     35.133  35.277374     6.5721      8.417   211.0925 4.4533e+01     2.2689      1.244      1.804    25.2011 0.0000e+00
      1.290      0.070     8.9903    109.210     35.132  35.276115     6.6432      8.414   212.1397 4.3318e+01     2.2496      1.263      1.833    25.2002 0.0000e+00
      1.314      0.072     8.9720    108.986     35.133  35.276000     6.6451      8.412   212.6670 4.2119e+01     2.2588      1.289      1.870    25.1993 0.0000e+00
      1.335      0.069     8.9695    108.954     35.134  35.275980     6.6686      8.412   213.0798 4.1178e+01     2.2274      1.311      1.901    25.1989 0.0000e+00
      1.352      0.063     8.9765    109.037     35.134  35.275875     6.7067      8.411   214.0343 4.0433e+01     2.1753      1.327      1.925    25.1987 0.0000e+00
      1.367      0.056     8.9905    109.205     35.134  35.274720     6.7196      8.411   214.3134 3.9882e+01     2.1481      1.342      1.946    25.1984 0.0000e+00
      1.379      0.050     9.0084    109.421     35.122  35.262017     6.7141      8.412   213.9585 3.9429e+01     2.1122      1.354      1.963    25.1977 0.0000e+00
      1.389      0.046     9.0227    109.593     35.110  35.249322     6.6962      8.412   213.5290 3.8929e+01     2.1380      1.362      1.975    25.1966 0.0000e+00
      1.399      0.046     9.0362    109.755     35.109  35.248271     6.6686      8.412   213.9377 3.8410e+01     2.2461      1.372      1.989    25.1956 0.0000e+00
      1.409      0.051     9.0460    109.872     35.111  35.249312     6.6557      8.410   215.3729 3.7876e+01     2.3203      1.382      2.004    25.1943 0.0000e+00
      1.421      0.060     9.0499    109.917     35.125  35.261902     6.6594      8.406   215.4812 3.7255e+01     2.3030      1.392      2.019    25.1928 0.0000e+00
      1.435      0.070     9.0502    109.917     35.137  35.273450     6.7231      8.401   214.1291 3.6485e+01     2.2510      1.406      2.039    25.1918 0.0000e+00
      1.454      0.079     9.0408    109.800     35.127  35.261901     6.8378      8.397   212.8766 3.5490e+01     2.2408      1.424      2.065    25.1913 0.0000e+00
      1.478      0.085     9.0280    109.641     35.116  35.249301     6.8973      8.394   212.4687 3.4277e+01     2.2703      1.447      2.100    25.1906 0.0000e+00
      1.506      0.089     9.0244    109.593     35.116  35.248140     6.9089      8.392   212.2091 3.3146e+01     2.2720      1.478      2.143    25.1893 0.0000e+00
      1.531      0.092     9.0270    109.618     35.118  35.247864     6.9599      8.388   211.5441 3.2305e+01     2.2308      1.503      2.180    25.1877 0.0000e+00
      1.553      0.093     9.0248    109.583     35.119  35.245954     7.0452      8.384   211.2257 3.1571e+01     2.1997      1.522      2.208    25.1863 0.0000e+00
      1.574      0.091     9.0216    109.534     35.102  35.225044     7.0950      8.379   211.7156 3.0802e+01     2.2321      1.543      2.238    25.1847 0.0000e+00
      1.597      0.087     9.0208    109.510     35.067  35.185593     7.1022      8.376   212.1323 2.9984e+01     2.2861      1.565      2.270    25.1823 0.0000e+00
      1.621      0.083     9.0085    109.349     35.036  35.150077     7.1047      8.375   212.0480 2.9144e+01     2.2741      1.589      2.306    25.1794 0.0000e+00
      1.645      0.080     8.9841    109.042     35.003  35.113211     7.2263      8.372   213.0197 2.8431e+01     2.2395      1.616      2.342    25.1754 0.0000e+00
      1.665      0.078     8.9545    108.657     34.893  34.993928     7.4602      8.367   214.9332 2.7911e+01     2.2339      1.635      2.371    25.1702 0.0000e+00
      1.680      0.077     8.9236    108.223     34.708  34.787655     7.5802      8.361   215.5658 2.7446e+01     2.2369      1.647      2.389    25.1633 0.0000e+00
      1.696      0.077     8.8952    107.794     34.602  34.651767     7.5737      8.353   214.4738 2.6870e+01     2.2757      1.661      2.409    25.1559 0.0000e+00
      1.716      0.077     8.8808    107.533     34.538  34.557732     7.3922      8.342   213.6908 2.6170e+01     2.3671      1.681      2.438    25.1532 0.0000e+00
      1.739      0.079     8.9286    108.023     34.423  34.412856     7.0485      8.327   214.0130 2.5470e+01     2.4567      1.707      2.475    25.1465 0.0000e+00
      1.761      0.080     9.0923    109.903     34.342  34.297438     6.8551      8.307   215.0137 2.4895e+01     2.4745      1.729      2.508    25.1137 0.0000e+00
      1.781      0.077     9.3760    113.226     34.322  34.241988     6.8279      8.287   216.0677 2.4381e+01     2.4599      1.746      2.531    25.0648 0.0000e+00
      1.801      0.072     9.7567    117.733     34.359  34.250497     6.7754      8.268   216.6912 2.3800e+01     2.4331      1.765      2.559    25.0219 0.0000e+00
      1.821      0.065    10.2176    123.247     34.396  34.273231     6.6884      8.249   217.2168 2.3213e+01     2.3328      1.788      2.593    24.9813 0.0000e+00
      1.837      0.060    10.7350    129.472     34.326  34.199259     6.6487      8.229   217.3476 2.2715e+01     2.2248      1.804      2.616    24.9314 0.0000e+00
      1.849      0.057    11.2650    135.827     34.191  34.054789     6.6444      8.207   217.3259 2.2355e+01     2.1948      1.815      2.632    24.8747 0.0000e+00
      1.859      0.056    11.7377    141.411     34.090  33.923815     6.6826      8.186   218.0732 2.2046e+01     2.2140      1.822      2.643    24.8290 0.0000e+00
      1.870      0.058    12.0907    145.480     34.035  33.822431     6.7805      8.168   219.9296 2.1676e+01     2.2426      1.832      2.657    24.8085 0.0000e+00
      1.886      0.061    12.3278    148.129     33.981  33.718121     6.8349      8.151   221.9616 2.1296e+01     2.2662      1.849      2.681    24.8114 0.0000e+00
      1.904      0.065    12.4953    149.945     33.925  33.615278     6.8263      8.134   223.2829 2.0925e+01     2.2555      1.868      2.709    24.8089 0.0000e+00
      1.924      0.069    12.6269    151.345     33.885  33.531626     6.7678      8.118   224.3762 2.0543e+01     2.2360      1.886      2.736    24.7608 0.0000e+00
      1.943      0.071    12.7446    152.565     33.867  33.468807     6.6612      8.103   224.8553 2.0168e+01     2.2430      1.906      2.765    24.6820 0.0000e+00
      1.960      0.071    12.8593    153.704     33.882  33.427312     6.5851      8.089   224.0008 1.9785e+01     2.2491      1.922      2.788    24.6068 0.0000e+00
      1.976      0.072    12.9703    154.783     33.860  33.347397     6.5642      8.079   222.9919 1.9374e+01     2.2490      1.937      2.809    24.5331 0.0000e+00
      1.995      0.073    13.0853    155.908     33.834  33.264658     6.5829      8.072   222.7228 1.8964e+01     2.2414      1.956      2.837    24.4719 0.0000e+00
