Data/DataNotYetUploadedToEDI/Raw_CTD/RawDownloads/072318_fcr20.cnv
* Sea-Bird SBE19plus  Data File:
* FileName = C:\DATA\072318_fcr50_0005.hex
* Software version 2.6.3.104 SB_Terminal.dll
* Temperature SN = 7809
* Conductivity SN = 7809
* System UpLoad Time = Jul 23 2018 15:34:17
* <ApplicationData>
* <Seaterm232>
# nquan = 15
# nvalues = 525                         
# units = specified
# name 0 = depFM: Depth [fresh water, m]
# name 1 = dz/dtM: Descent Rate [m/s]
# name 2 = sbeox0Mg/L: Oxygen, SBE 43 [mg/l]
# name 3 = sbeox0PS: Oxygen, SBE 43 [% saturation]
# name 4 = specc: Specific Conductance [uS/cm]
# name 5 = c0uS/cm: Conductivity [uS/cm]
# name 6 = flECO-AFL: Fluorescence, WET Labs ECO-AFL/FL [mg/m^3]
# name 7 = ph: pH
# name 8 = orp: Oxidation Reduction Potential [mV]
# name 9 = par/sat/log: PAR/Logarithmic, Satlantic
# name 10 = turbWETntu0: Turbidity, WET Labs ECO [NTU]
# name 11 = prdM: Pressure, Strain Gauge [db]
# name 12 = prdE: Pressure, Strain Gauge [psi]
# name 13 = tv290C: Temperature [ITS-90, deg C]
# name 14 = flag:  0.000e+00
# span 0 =     -0.621,      3.599       
# span 1 =     -0.105,      0.108       
# span 2 =    -0.3512,     9.8168       
# span 3 =     -3.841,    119.047       
# span 4 =      0.756,    391.620       
# span 5 =   0.734339, 312.275128       
# span 6 =    -0.1980,    13.5036       
# span 7 =      6.739,      8.476       
# span 8 =   112.3033,   337.5290       
# span 9 = 6.0589e-01, 1.5307e+02       
# span 10 =    -0.2389,    17.0521      
# span 11 =     -0.610,      3.530      
# span 12 =     -0.885,      5.120      
# span 13 =    14.8276,    25.1292      
# span 14 = 0.0000e+00, 0.0000e+00      
# interval = seconds: 0.25
# start_time = Jul 23 2018 14:24:47 [Instrument's time stamp, header]
# bad_flag = -9.990e-29
*END*
[from data line 193]
     -0.073     -0.003     9.2034    111.613     35.280  35.359842     6.9152      8.458   238.6293 1.4389e+02     2.7356     -0.072     -0.103    25.1059 0.0000e+00
     -0.075     -0.002     9.1429    110.881     35.279  35.359843     6.9648      8.458   238.6400 1.4385e+02     2.6801     -0.074     -0.108    25.1058 0.0000e+00
     -0.075      0.000     9.0991    110.351     35.279  35.359852     6.9645      8.458   238.5636 1.4379e+02     2.6608     -0.073     -0.107    25.1061 0.0000e+00
     -0.074      0.002     9.0675    109.968     35.279  35.359957     6.9124      8.459   238.6521 1.4378e+02     2.6851     -0.072     -0.105    25.1068 0.0000e+00
     -0.072      0.003     9.0429    109.668     35.280  35.361112     6.8209      8.459   238.7636 1.4387e+02     2.6997     -0.070     -0.102    25.1074 0.0000e+00
     -0.070      0.003     9.0215    109.410     35.293  35.373815     6.7777      8.459   238.7917 1.4388e+02     2.7150     -0.068     -0.099    25.1079 0.0000e+00
     -0.069      0.002     9.0034    109.191     35.305  35.386510     6.7859      8.460   238.8208 1.4383e+02     2.7475     -0.068     -0.098    25.1082 0.0000e+00
     -0.069      0.001     8.9908    109.039     35.306  35.387560     6.8372      8.461   238.8574 1.4388e+02     2.7268     -0.067     -0.098    25.1088 0.0000e+00
     -0.070      0.000     8.9868    108.991     35.305  35.386510     6.9197      8.461   238.8035 1.4395e+02     2.6779     -0.068     -0.100    25.1087 0.0000e+00
     -0.070 5.8035e-08     8.9883    109.007     35.293  35.373816     6.9651      8.461   238.7723 1.4394e+02     2.6754     -0.069     -0.099    25.1085 0.0000e+00
     -0.070 6.3839e-07     8.9901    109.024     35.282  35.361113     6.9730      8.461   238.9097 1.4391e+02     2.6959     -0.068     -0.099    25.1089 0.0000e+00
     -0.070      0.000     8.9932    109.057     35.282  35.359968     6.9420      8.460   239.0881 1.4396e+02     2.7125     -0.068     -0.099    25.1095 0.0000e+00
     -0.070      0.000     8.9990    109.122     35.284  35.359969     6.8742      8.458   239.2083 1.4406e+02     2.6939     -0.068     -0.099    25.1099 0.0000e+00
     -0.070      0.001     9.0035    109.175     35.286  35.361114     6.8342      8.457   239.2448 1.4407e+02     2.6849     -0.069     -0.100    25.1087 0.0000e+00
     -0.070      0.001     9.0043    109.185     35.299  35.373817     6.8348      8.456   239.1854 1.4404e+02     2.7249     -0.068     -0.099    25.1069 0.0000e+00
     -0.070      0.002     9.0042    109.187     35.310  35.386512     6.8264      8.454   239.1785 1.4412e+02     2.7503     -0.068     -0.099    25.1048 0.0000e+00
     -0.069      0.002     9.0062    109.214     35.310  35.387572     6.7965      8.454   239.3335 1.4423e+02     2.7178     -0.068     -0.098    25.1017 0.0000e+00
     -0.068      0.002     9.0096    109.258     35.308  35.386636     6.7769      8.454   239.5107 1.4441e+02     2.6672     -0.067     -0.097    25.0996 0.0000e+00
     -0.066      0.002     9.0115    109.283     35.296  35.375192     6.7733      8.455   239.6871 1.4466e+02     2.6577     -0.065     -0.095    25.0996 0.0000e+00
     -0.066      0.001     9.0118    109.291     35.296  35.376243     6.7715      8.456   239.8313 1.4476e+02     2.6647     -0.064     -0.093    25.1015 0.0000e+00
     -0.066      0.000     9.0143    109.323     35.318  35.399350     6.7733      8.457   239.8777 1.4469e+02     2.6294     -0.065     -0.094    25.1038 0.0000e+00
     -0.067     -0.001     9.0203    109.398     35.318  35.400505     6.7773      8.458   239.9028 1.4463e+02     2.5662     -0.066     -0.095    25.1047 0.0000e+00
     -0.067     -0.001     9.0285    109.498     35.308  35.390195     6.7742      8.458   239.9631 1.4469e+02     2.5420     -0.066     -0.096    25.1053 0.0000e+00
     -0.068     -0.001     9.0365    109.594     35.320  35.401744     6.7815      8.458   240.0900 1.4475e+02     2.5495     -0.067     -0.097    25.1075 0.0000e+00
     -0.068      0.000     9.0415    109.654     35.331  35.413104     6.8561      8.458   240.2335 1.4465e+02     2.5960     -0.066     -0.096    25.1095 0.0000e+00
     -0.068      0.000     9.0416    109.656     35.319  35.400495     6.9770      8.458   240.3205 1.4453e+02     2.6778     -0.067     -0.097    25.1104 0.0000e+00
     -0.068      0.001     9.0384    109.617     35.295  35.376337     7.0397      8.457   240.3677 1.4456e+02     2.6837     -0.066     -0.096    25.1107 0.0000e+00
     -0.067      0.001     9.0364    109.592     35.294  35.375087     7.0353      8.457   240.3740 1.4463e+02     2.6357     -0.066     -0.095    25.1103 0.0000e+00
     -0.067      0.000     9.0352    109.576     35.304  35.385388     6.9789      8.457   240.3109 1.4462e+02     2.6474     -0.065     -0.095    25.1095 0.0000e+00
     -0.067     -0.000     9.0320    109.535     35.293  35.373838     6.8913      8.458   240.2929 1.4463e+02     2.7034     -0.065     -0.095    25.1089 0.0000e+00
     -0.067     -0.001     9.0289    109.494     35.283  35.362478     6.8490      8.459   240.3292 1.4458e+02     2.7329     -0.065     -0.095    25.1093 0.0000e+00
     -0.067     -0.001     9.0280    109.480     35.297  35.375077     6.8526      8.460   240.3196 1.4451e+02     2.7292     -0.066     -0.096    25.1097 0.0000e+00
     -0.068      0.000     9.0315    109.520     35.322  35.399131     6.8976      8.461   240.3481 1.4466e+02     2.7499     -0.067     -0.097    25.1091 0.0000e+00
     -0.069      0.001     9.0375    109.592     35.322  35.399226     6.9803      8.461   240.4169 1.4483e+02     2.8309     -0.068     -0.099    25.1079 0.0000e+00
     -0.069      0.002     9.0391    109.612     35.299  35.376222     7.0351      8.461   240.4629 1.4484e+02     2.9152     -0.068     -0.099    25.1060 0.0000e+00
     -0.068      0.003     9.0333    109.542     35.298  35.375076     7.0455      8.461   240.9047 1.4479e+02     2.9446     -0.067     -0.097    25.1039 0.0000e+00
     -0.066      0.004     9.0248    109.440     35.308  35.385376     7.0508      8.461   241.4557 1.4472e+02     2.8814     -0.065     -0.093    25.1027 0.0000e+00
     -0.064      0.004     9.0209    109.393     35.296  35.373714     7.0716      8.462   241.7048 1.4481e+02     2.7610     -0.062     -0.090    25.1024 0.0000e+00
     -0.063      0.004     9.0226    109.417     35.283  35.361113     7.0850      8.462   242.1960 1.4482e+02     2.7091     -0.061     -0.089    25.1028 0.0000e+00
     -0.063      0.004     9.0256    109.456     35.281  35.360071     7.0849      8.461   242.2316 1.4466e+02     2.7427     -0.062     -0.090    25.1036 0.0000e+00
     -0.062      0.003     9.0234    109.432     35.281  35.361112     7.0886      8.461   241.4470 1.4451e+02     2.7719     -0.062     -0.089    25.1037 0.0000e+00
     -0.061      0.001     9.0175    109.363     35.292  35.373702     7.1110      8.461   241.4851 1.4420e+02     2.7573     -0.061     -0.087    25.1041 0.0000e+00
     -0.060      0.000     9.0147    109.332     35.302  35.385250     7.1450      8.461   242.4341 1.4385e+02     2.7478     -0.058     -0.084    25.1050 0.0000e+00
     -0.060     -0.002     9.0133    109.318     35.290  35.373701     7.1682      8.460   242.5975 1.4376e+02     2.7484     -0.058     -0.084    25.1069 0.0000e+00
     -0.061     -0.004     9.0120    109.302     35.278  35.361103     7.1802      8.457   241.9981 1.4379e+02     2.7352     -0.060     -0.087    25.1089 0.0000e+00
     -0.062     -0.006     9.0128    109.311     35.277  35.359968     7.2171      8.449   242.3273 1.4370e+02     2.6795     -0.061     -0.088    25.1097 0.0000e+00
     -0.064     -0.007     9.0139    109.323     35.277  35.359977     7.2930      8.442   243.5667 1.4397e+02     2.5626     -0.062     -0.090    25.1110 0.0000e+00
     -0.068     -0.007     9.0139    109.323     35.278  35.361217     7.3435      8.441   244.3361 1.4423e+02     2.4821     -0.068     -0.099    25.1126 0.0000e+00
     -0.070     -0.006     9.0146    109.332     35.292  35.374961     7.3502      8.443   244.8326 1.4382e+02     2.4995     -0.071     -0.102    25.1132 0.0000e+00
     -0.070     -0.004     9.0142    109.329     35.315  35.399110     7.3192      8.445   245.3543 1.4408e+02     2.5287     -0.068     -0.098    25.1122 0.0000e+00
     -0.072     -0.003     9.0070    109.243     35.315  35.399119     7.2623      8.445   245.5676 1.4476e+02     2.4990     -0.071     -0.102    25.1110 0.0000e+00
     -0.073     -0.003     8.9923    109.064     35.291  35.375075     7.2313      8.447   244.9166 1.4481e+02     2.4762     -0.072     -0.105    25.1108 0.0000e+00
     -0.072     -0.003     8.9774    108.885     35.279  35.362476     7.2112      8.451   243.4193 1.4498e+02     2.4976     -0.069     -0.101    25.1119 0.0000e+00
     -0.072     -0.003     8.9694    108.790     35.289  35.373836     7.0564      8.457   242.3483 1.4504e+02     2.4834     -0.069     -0.101    25.1129 0.0000e+00
     -0.074     -0.001     8.9698    108.796     35.300  35.385376     6.7928      8.462   241.9488 1.4491e+02     2.4261     -0.073     -0.104    25.1129 0.0000e+00
     -0.077      0.001     8.9760    108.873     35.289  35.374972     6.6614      8.464   241.6861 1.4503e+02     2.4154     -0.076     -0.110    25.1130 0.0000e+00
     -0.078      0.003     8.9837    108.967     35.289  35.375086     6.6539      8.465   241.4949 1.4513e+02     2.4462     -0.078     -0.113    25.1132 0.0000e+00
     -0.075      0.005     8.9897    109.040     35.300  35.386750     6.7115      8.465   241.4439 1.4511e+02     2.5234     -0.075     -0.108    25.1144 0.0000e+00
     -0.070      0.007     8.9937    109.089     35.302  35.388955     6.8249      8.464   241.4998 1.4491e+02     2.6162     -0.069     -0.100    25.1157 0.0000e+00
     -0.066      0.007     8.9966    109.124     35.315  35.401754     6.8848      8.463   241.4832 1.4474e+02     2.6212     -0.064     -0.093    25.1156 0.0000e+00
     -0.064      0.006     8.9959    109.117     35.327  35.414456     6.8938      8.462   241.5008 1.4476e+02     2.6143     -0.062     -0.090    25.1161 0.0000e+00
     -0.064      0.003     8.9915    109.065     35.328  35.415499     6.8975      8.460   241.5401 1.4461e+02     2.6251     -0.063     -0.091    25.1167 0.0000e+00
     -0.065     -0.002     8.9876    109.019     35.326  35.414354     6.9018      8.460   241.3563 1.4446e+02     2.6291     -0.064     -0.093    25.1163 0.0000e+00
     -0.066     -0.006     8.9857    108.997     35.312  35.400619     6.9088      8.462   241.2568 1.4431e+02     2.6628     -0.064     -0.093    25.1167 0.0000e+00
     -0.067     -0.008     8.9854    108.994     35.288  35.376472     6.9087      8.463   241.2839 1.4389e+02     2.6969     -0.065     -0.095    25.1178 0.0000e+00
     -0.070     -0.008     8.9893    109.039     35.288  35.376470     6.9005      8.463   241.1683 1.4365e+02     2.7066     -0.068     -0.098    25.1185 0.0000e+00
     -0.075     -0.007     8.9988    109.155     35.313  35.400598     6.8562      8.463   241.0636 1.4377e+02     2.7181     -0.074     -0.107    25.1192 0.0000e+00
     -0.078     -0.004     9.0106    109.300     35.325  35.414125     6.7765      8.464   241.1357 1.4371e+02     2.7448     -0.078     -0.113    25.1196 0.0000e+00
     -0.079     -0.001     9.0211    109.430     35.323  35.412979     6.7277      8.466   241.3516 1.4341e+02     2.7553     -0.077     -0.112    25.1194 0.0000e+00
     -0.078      0.002     9.0265    109.496     35.297  35.386739     6.7165      8.466   241.6090 1.4324e+02     2.7538     -0.076     -0.110    25.1186 0.0000e+00
     -0.075      0.005     9.0208    109.425     35.262  35.350946     6.7686      8.467   242.1837 1.4324e+02     2.7568     -0.074     -0.106    25.1181 0.0000e+00
     -0.072      0.007     9.0054    109.237     35.272  35.361341     6.8898      8.468   243.5680 1.4334e+02     2.7605     -0.071     -0.101    25.1194 0.0000e+00
     -0.071      0.008     8.9895    109.042     35.297  35.385376     6.9686      8.467   245.2684 1.4350e+02     2.7676     -0.069     -0.101    25.1210 0.0000e+00
     -0.070      0.008     8.9792    108.918     35.299  35.387467     6.9677      8.462   246.2229 1.4363e+02     2.7512     -0.069     -0.100    25.1215 0.0000e+00
     -0.068      0.007     8.9754    108.874     35.298  35.386624     6.8891      8.454   246.8499 1.4360e+02     2.7148     -0.067     -0.097    25.1206 0.0000e+00
     -0.065      0.005     8.9770    108.894     35.286  35.375189     6.7710      8.449   247.5154 1.4348e+02     2.6946     -0.064     -0.092    25.1194 0.0000e+00
     -0.062      0.004     8.9819    108.954     35.287  35.376240     6.7157      8.448   247.5578 1.4347e+02     2.6893     -0.060     -0.087    25.1190 0.0000e+00
     -0.061      0.002     8.9878    109.026     35.310  35.399339     6.7176      8.448   247.3633 1.4357e+02     2.6823     -0.059     -0.086    25.1195 0.0000e+00
     -0.063      0.000     8.9942    109.105     35.310  35.400390     6.7664      8.453   247.3996 1.4364e+02     2.6702     -0.062     -0.090    25.1202 0.0000e+00
     -0.064     -0.001     9.0007    109.183     35.300  35.388946     6.8554      8.458   247.4802 1.4368e+02     2.6657     -0.064     -0.092    25.1206 0.0000e+00
     -0.064     -0.001     9.0037    109.215     35.300  35.388009     6.9019      8.460   247.5641 1.4368e+02     2.6890     -0.063     -0.091    25.1207 0.0000e+00
     -0.065     -0.001     9.0023    109.193     35.302  35.389060     6.9055      8.459   247.6393 1.4350e+02     2.7379     -0.063     -0.092    25.1214 0.0000e+00
     -0.065      0.000     9.0012    109.175     35.316  35.401650     6.9091      8.455   247.7021 1.4324e+02     2.7376     -0.064     -0.093    25.1218 0.0000e+00
     -0.065      0.001     9.0044    109.213     35.328  35.413199     6.9541      8.455   247.7201 1.4314e+02     2.6856     -0.064     -0.093    25.1213 0.0000e+00
     -0.065      0.001     9.0129    109.316     35.317  35.401649     7.0364      8.459   247.6851 1.4312e+02     2.6891     -0.065     -0.094    25.1200 0.0000e+00
     -0.064      0.001     9.0218    109.426     35.303  35.389049     7.0766      8.462   247.7089 1.4313e+02     2.7497     -0.064     -0.092    25.1170 0.0000e+00
     -0.063      0.001     9.0270    109.493     35.301  35.387895     7.0823      8.463   247.7504 1.4313e+02     2.7780     -0.062     -0.090    25.1143 0.0000e+00
     -0.063      0.001     9.0290    109.520     35.300  35.387695     7.0768      8.466   247.7566 1.4305e+02     2.8166     -0.062     -0.089    25.1132 0.0000e+00
     -0.063      0.001     9.0265    109.491     35.299  35.386635     7.0469      8.469   247.7840 1.4302e+02     2.9118     -0.062     -0.089    25.1138 0.0000e+00
     -0.063      0.000     9.0205    109.417     35.288  35.375076     7.0252      8.472   247.8235 1.4303e+02     2.9521     -0.062     -0.090    25.1155 0.0000e+00
     -0.063 4.1283e-07     9.0169    109.372     35.288  35.374981     7.0255      8.475   247.8895 1.4297e+02     2.9380     -0.062     -0.089    25.1169 0.0000e+00
     -0.064      0.000     9.0182    109.388     35.298  35.385479     7.0315      8.476   247.9802 1.4283e+02     2.8941     -0.063     -0.090    25.1179 0.0000e+00
     -0.064      0.000     9.0222    109.436     35.287  35.374971     7.0335      8.476   248.0587 1.4269e+02     2.7875     -0.063     -0.091    25.1182 0.0000e+00
     -0.064      0.001     9.0264    109.490     35.287  35.374962     7.0313      8.474   248.1515 1.4266e+02     2.7174     -0.063     -0.092    25.1183 0.0000e+00
     -0.063      0.001     9.0300    109.536     35.297  35.385374     7.0332      8.472   248.3279 1.4265e+02     2.7170     -0.062     -0.090    25.1176 0.0000e+00
     -0.062      0.001     9.0315    109.554     35.285  35.373826     7.0379      8.471   248.3852 1.4264e+02     2.6914     -0.061     -0.088    25.1170 0.0000e+00
