Data/DataNotYetUploadedToEDI/Raw_CTD/RawDownloads/072318_fcr50.cnv
* Sea-Bird SBE19plus  Data File:
* FileName = C:\DATA\072318_fcr50_0003.hex
* Software version 2.6.3.104 SB_Terminal.dll
* Temperature SN = 7809
* Conductivity SN = 7809
* System UpLoad Time = Jul 23 2018 15:33:41
* <ApplicationData>
* <Seaterm232>
# nquan = 15
# nvalues = 493                         
# units = specified
# name 0 = depFM: Depth [fresh water, m]
# name 1 = dz/dtM: Descent Rate [m/s]
# name 2 = sbeox0Mg/L: Oxygen, SBE 43 [mg/l]
# name 3 = sbeox0PS: Oxygen, SBE 43 [% saturation]
# name 4 = specc: Specific Conductance [uS/cm]
# name 5 = c0uS/cm: Conductivity [uS/cm]
# name 6 = flECO-AFL: Fluorescence, WET Labs ECO-AFL/FL [mg/m^3]
# name 7 = ph: pH
# name 8 = orp: Oxidation Reduction Potential [mV]
# name 9 = par/sat/log: PAR/Logarithmic, Satlantic
# name 10 = turbWETntu0: Turbidity, WET Labs ECO [NTU]
# name 11 = prdM: Pressure, Strain Gauge [db]
# name 12 = prdE: Pressure, Strain Gauge [psi]
# name 13 = tv290C: Temperature [ITS-90, deg C]
# name 14 = flag:  0.000e+00
# span 0 =     -0.623,      6.373       
# span 1 =     -0.043,      0.304       
# span 2 =     1.7625,    14.1957       
# span 3 =     16.660,    163.533       
# span 4 =      1.897,     48.750       
# span 5 =   1.696735,  36.454639       
# span 6 =    -0.1985,     8.9064       
# span 7 =      6.197,      8.431       
# span 8 =   258.9338,   425.3230       
# span 9 = 1.2559e-01, 7.3091e+01       
# span 10 =    -0.2636,    12.3713      
# span 11 =     -0.611,      6.257      
# span 12 =     -0.886,      9.075      
# span 13 =    11.6975,    25.1880      
# span 14 = 0.0000e+00, 0.0000e+00      
# interval = seconds: 0.25
# start_time = Jul 23 2018 13:37:18 [Instrument's time stamp, header]
# bad_flag = -9.990e-29
*END*
[from data line 290]
      2.566      0.098    11.0160    123.505     37.099  34.103094     8.8853      8.010   276.3241 1.8806e+00     1.4650      2.516      3.648    21.4935 0.0000e+00
      2.591      0.101    10.8485    120.551     37.526  34.155756     8.9064      7.987   276.9284 1.8315e+00     1.4843      2.537      3.681    21.4806 0.0000e+00
      2.621      0.102    10.6725    117.679     37.880  34.182690     8.8933      7.961   277.1486 1.7776e+00     1.5025      2.570      3.729    21.5064 0.0000e+00
      2.650      0.102    10.4186    114.274     38.093  34.174268     8.6709      7.937   277.4386 1.7318e+00     1.4724      2.600      3.770    21.4170 0.0000e+00
      2.675      0.098    10.0109    109.501     38.216  34.180698     8.2768      7.913   278.0252 1.6812e+00     1.4546      2.622      3.801    20.9956 0.0000e+00
      2.701      0.093     9.4417    103.128     38.296  34.196790     8.0613      7.887   278.9929 1.6319e+00     1.4707      2.650      3.844    20.4720 0.0000e+00
      2.725      0.087     8.7847     95.763     38.363  34.178220     8.0231      7.860   280.4488 1.6101e+00     1.4840      2.675      3.880    20.0752 0.0000e+00
      2.744      0.082     8.1118     88.137     38.473  34.146624     7.9531      7.834   282.2062 1.6013e+00     1.4937      2.691      3.902    19.7988 0.0000e+00
      2.762      0.078     7.4777     80.941     38.619  34.132170     7.8481      7.811   283.7216 1.5768e+00     1.4961      2.707      3.926    19.6882 0.0000e+00
      2.781      0.076     6.9307     74.829     38.723  34.130299     7.7922      7.791   284.4889 1.5357e+00     1.4836      2.726      3.955    19.6620 0.0000e+00
      2.801      0.077     6.4958     70.022     38.786  34.123889     7.7742      7.770   284.1702 1.5066e+00     1.4642      2.749      3.987    19.5692 0.0000e+00
      2.819      0.081     6.1806     66.434     38.906  34.118110     7.6294      7.749   283.5681 1.4942e+00     1.4440      2.766      4.012    19.3876 0.0000e+00
      2.837      0.086     5.9820     64.039     39.089  34.123801     7.3653      7.728   284.0071 1.4594e+00     1.4535      2.779      4.031    19.1508 0.0000e+00
      2.860      0.091     5.8749     62.653     39.262  34.128971     7.2183      7.705   285.2619 1.4020e+00     1.4865      2.804      4.066    19.0340 0.0000e+00
      2.885      0.095     5.8159     61.798     39.410  34.116912     7.2036      7.680   286.6081 1.3641e+00     1.4775      2.830      4.104    19.0311 0.0000e+00
      2.911      0.097     5.7624     61.009     39.557  34.104853     7.2064      7.655   287.3781 1.3387e+00     1.4058      2.852      4.138    18.8679 0.0000e+00
      2.940      0.094     5.6829     59.988     39.697  34.110019     7.2147      7.634   286.5692 1.2999e+00     1.3209      2.883      4.182    18.6256 0.0000e+00
      2.968      0.089     5.5743     58.739     39.781  34.115710     7.2307      7.614   284.5719 1.2638e+00     1.3060      2.913      4.224    18.4615 0.0000e+00
      2.990      0.083     5.4525     57.423     39.799  34.110069     7.2247      7.596   283.5339 1.2529e+00     1.3174      2.934      4.255    18.2841 0.0000e+00
      3.006      0.078     5.3246     56.048     39.817  34.105304     7.1240      7.581   283.9990 1.2442e+00     1.3054      2.948      4.277    18.0925 0.0000e+00
      3.020      0.073     5.1970     54.651     39.880  34.121589     6.9694      7.565   285.0336 1.2074e+00     1.3145      2.958      4.292    17.9376 0.0000e+00
      3.038      0.071     5.0758     53.324     39.993  34.179879     6.8985      7.549   285.8042 1.1670e+00     1.3050      2.978      4.321    17.8464 0.0000e+00
      3.058      0.071     4.9729     52.176     40.122  34.238372     6.9011      7.532   285.8309 1.1418e+00     1.2820      3.000      4.350    17.8517 0.0000e+00
      3.077      0.073     4.9046     51.358     40.233  34.257090     6.8820      7.514   285.7870 1.1236e+00     1.2799      3.016      4.376    17.8418 0.0000e+00
      3.095      0.073     4.8670     50.866     40.347  34.279060     6.6308      7.498   286.2200 1.1156e+00     1.2194      3.036      4.404    17.7655 0.0000e+00
      3.113      0.070     4.8462     50.583     40.447  34.313351     6.1702      7.480   286.6785 1.1017e+00     1.1296      3.051      4.426    17.7334 0.0000e+00
      3.133      0.068     4.8305     50.378     40.532  34.354043     5.9163      7.459   287.0275 1.0855e+00     1.1104      3.073      4.457    17.6852 0.0000e+00
      3.152      0.067     4.8092     50.098     40.627  34.389923     5.9052      7.439   288.1172 1.0843e+00     1.0785      3.095      4.489    17.5632 0.0000e+00
      3.164      0.067     4.7792     49.670     40.782  34.429518     5.9995      7.420   289.6156 1.0717e+00     1.0191      3.102      4.499    17.4650 0.0000e+00
      3.179      0.066     4.7418     49.125     41.033  34.515072     6.1652      7.404   290.1731 1.0458e+00     1.0327      3.116      4.519    17.4030 0.0000e+00
      3.197      0.065     4.6956     48.494     41.279  34.598429     6.2450      7.389   290.0403 1.0219e+00     1.0901      3.136      4.549    17.3770 0.0000e+00
      3.216      0.066     4.6391     47.778     41.426  34.611460     6.2289      7.377   289.6447 1.0049e+00     1.1030      3.153      4.573    17.3479 0.0000e+00
      3.234      0.072     4.5716     46.940     41.492  34.545463     6.0443      7.365   289.0895 9.9814e-01     1.0673      3.174      4.604    17.2257 0.0000e+00
      3.249      0.080     4.4874     45.900     41.542  34.435517     5.7040      7.349   289.7804 9.9231e-01     1.0239      3.188      4.624    17.0484 0.0000e+00
      3.264      0.088     4.3855     44.667     41.656  34.361763     5.5233      7.328   291.6307 9.8181e-01     1.0061      3.197      4.636    16.8938 0.0000e+00
      3.285      0.092     4.2731     43.360     41.822  34.352213     5.5050      7.306   292.7049 9.5855e-01     1.0348      3.217      4.666    16.7770 0.0000e+00
      3.318      0.092     4.1527     42.033     41.979  34.383391     5.3445      7.288   292.7889 9.1995e-01     1.0651      3.252      4.716    16.6443 0.0000e+00
      3.354      0.088     4.0236     40.661     42.102  34.421017     5.0251      7.274   292.4744 8.7789e-01     1.0681      3.293      4.775    16.4517 0.0000e+00
      3.380      0.081     3.8866     39.221     42.178  34.425960     4.8412      7.263   292.2570 8.6054e-01     1.0702      3.321      4.817    16.2331 0.0000e+00
      3.393      0.071     3.7431     37.726     42.258  34.443083     4.8215      7.249   292.7417 8.6190e-01     1.0609      3.328      4.827    16.0388 0.0000e+00
      3.402      0.064     3.6026     36.277     42.450  34.564469     4.8150      7.231   293.7745 8.5269e-01     1.1076      3.334      4.835    15.9314 0.0000e+00
      3.412      0.063     3.4767     34.957     42.754  34.750231     4.8170      7.211   294.7636 8.4507e-01     1.2380      3.346      4.853    15.8790 0.0000e+00
      3.424      0.067     3.3642     33.729     43.017  34.846950     4.8275      7.193   295.3234 8.4278e-01     1.2951      3.356      4.866    15.8043 0.0000e+00
      3.443      0.072     3.2612     32.592     43.173  34.844447     4.8230      7.179   295.5524 8.3592e-01     1.2788      3.371      4.889    15.7349 0.0000e+00
      3.472      0.076     3.1696     31.599     43.298  34.846853     4.8082      7.167   295.6389 8.2137e-01     1.2551      3.405      4.940    15.7179 0.0000e+00
      3.498      0.080     3.0812     30.662     43.424  34.875920     4.8053      7.155   295.1658 8.0025e-01     1.2522      3.436      4.984    15.6728 0.0000e+00
      3.514      0.082     2.9843     29.654     43.581  34.941725     4.8158      7.139   294.3913 7.8964e-01     1.2740      3.445      4.997    15.5032 0.0000e+00
      3.528      0.080     2.8824     28.590     43.754  35.007217     4.8150      7.119   294.2768 7.8488e-01     1.2440      3.458      5.015    15.3302 0.0000e+00
      3.547      0.075     2.7761     27.470     43.907  35.032470     4.8049      7.101   294.5549 7.6797e-01     1.2259      3.478      5.044    15.2313 0.0000e+00
      3.572      0.070     2.6649     26.308     44.136  35.119899     4.7577      7.087   294.9147 7.4961e-01     1.2694      3.501      5.077    15.1452 0.0000e+00
      3.597      0.064     2.5551     25.175     44.386  35.238414     4.6578      7.074   295.0132 7.3900e-01     1.3115      3.532      5.121    15.0901 0.0000e+00
      3.613      0.059     2.4523     24.122     44.576  35.321925     4.5990      7.062   294.8866 7.3091e-01     1.3083      3.546      5.143    15.0200 0.0000e+00
      3.622      0.056     2.3684     23.264     44.786  35.430797     4.5801      7.049   295.2766 7.2436e-01     1.2604      3.550      5.150    14.8834 0.0000e+00
      3.630      0.057     2.3109     22.665     45.001  35.538337     4.4295      7.036   295.6847 7.2669e-01     1.2515      3.560      5.165    14.7745 0.0000e+00
      3.638      0.062     2.2751     22.270     45.188  35.605738     4.1652      7.022   295.9497 7.2820e-01     1.2919      3.565      5.171    14.6904 0.0000e+00
      3.652      0.070     2.2546     22.025     45.300  35.610413     4.0312      7.006   296.5011 7.1236e-01     1.2914      3.576      5.187    14.6079 0.0000e+00
      3.677      0.079     2.2421     21.880     45.335  35.594747     4.0052      6.989   297.1890 6.9325e-01     1.2754      3.604      5.228    14.5542 0.0000e+00
      3.706      0.085     2.2292     21.760     45.416  35.670367     3.7580      6.970   297.8149 6.8719e-01     1.3428      3.637      5.276    14.4920 0.0000e+00
      3.730      0.090     2.2111     21.585     45.611  35.825990     3.3120      6.951   298.2172 6.8250e-01     1.4661      3.661      5.310    14.3996 0.0000e+00
      3.750      0.091     2.1809     21.256     45.860  35.951792     3.0701      6.935   298.6982 6.7087e-01     1.5447      3.678      5.334    14.2851 0.0000e+00
      3.770      0.087     2.1366     20.768     46.049  35.984384     3.0301      6.923   299.5000 6.5760e-01     1.5616      3.696      5.361    14.2209 0.0000e+00
      3.793      0.084     2.0872     20.239     46.150  35.965820     2.8565      6.912   300.3409 6.4462e-01     1.5791      3.719      5.394    14.2689 0.0000e+00
      3.817      0.083     2.0355     19.709     46.247  35.981319     2.5332      6.901   301.7236 6.4282e-01     1.6643      3.745      5.432    14.3118 0.0000e+00
      3.839      0.083     1.9828     19.178     46.388  36.044667     2.3460      6.889   303.5711 6.4897e-01     1.7371      3.766      5.462    14.2137 0.0000e+00
      3.858      0.082     1.9369     18.702     46.548  36.096443     2.3298      6.871   304.4385 6.4535e-01     1.7270      3.782      5.486    14.0568 0.0000e+00
      3.878      0.077     1.8994     18.295     46.685  36.099057     2.3281      6.851   304.2090 6.3816e-01     1.7246      3.803      5.516    13.9454 0.0000e+00
      3.898      0.069     1.8681     17.954     46.774  36.076156     2.3074      6.835   303.7224 6.3018e-01     1.9526      3.822      5.543    13.8900 0.0000e+00
      3.919      0.060     1.8411     17.678     46.824  36.073537     2.2812      6.824   304.3196 6.1717e-01     2.4086      3.843      5.575    13.8628 0.0000e+00
      3.937      0.053     1.8159     17.431     46.829  36.067346     2.2692      6.816   306.2676 6.1573e-01     2.6916      3.866      5.608    13.7877 0.0000e+00
      3.946      0.051     1.7940     17.204     46.799  36.001299     2.2635      6.808   307.7445 6.1602e-01     2.7181      3.873      5.615    13.6546 0.0000e+00
      3.950      0.053     1.7771     16.989     46.855  35.910171     2.2128      6.798   308.4957 6.0278e-01     2.6378      3.872      5.615    13.5338 0.0000e+00
      3.957      0.058     1.7660     16.791     47.081  35.854726     2.1248      6.786   309.3277 5.8888e-01     2.5134      3.876      5.621    13.5022 0.0000e+00
      3.973      0.063     1.7625     16.660     47.386  35.838854     2.0808      6.774   309.8884 5.7256e-01     2.4664      3.893      5.646    13.5199 0.0000e+00
      3.998      0.072     1.7713     16.668     47.642  35.845032     2.0758      6.761   310.1992 5.5502e-01     2.4961      3.923      5.689    13.4979 0.0000e+00
      4.023      0.079     1.8043     16.935     47.817  35.865680     2.0736      6.747   311.0204 5.4074e-01     2.5063      3.947      5.725    13.3643 0.0000e+00
      4.043      0.082     1.8815     17.632     47.947  35.897805     2.0736      6.732   312.0740 5.3322e-01     2.4681      3.965      5.751    13.0826 0.0000e+00
      4.062      0.080     2.0126     18.839     48.037  35.915769     2.0755      6.719   312.7850 5.4052e-01     2.4314      3.982      5.775    12.7840 0.0000e+00
      4.082      0.075     2.1893     20.474     48.055  35.892248     2.0773      6.709   313.5082 5.5011e-01     2.4596      4.002      5.803    12.5844 0.0000e+00
      4.104      0.071     2.3996     22.428     48.055  35.867476     2.0592      6.699   314.1067 5.4753e-01     2.6565      4.026      5.841    12.4845 0.0000e+00
      4.122      0.070     2.6372     24.628     48.106  35.870330     2.0221      6.688   313.3970 5.3902e-01     2.9493      4.045      5.868    12.4305 0.0000e+00
      4.134      0.070     2.8938     26.982     48.185  35.863190     1.9965      6.678   311.9828 5.3619e-01     3.1011      4.053      5.878    12.3764 0.0000e+00
      4.148      0.071     3.1522     29.337     48.265  35.844590     1.9887      6.668   311.7204 5.2815e-01     3.1488      4.064      5.895    12.3333 0.0000e+00
      4.168      0.074     3.3934     31.538     48.335  35.835934     1.9187      6.656   312.4611 5.1133e-01     3.1598      4.087      5.928    12.3196 0.0000e+00
      4.189      0.078     3.6099     33.519     48.370  35.821983     1.7737      6.644   313.2810 5.0120e-01     3.1122      4.110      5.960    12.2970 0.0000e+00
      4.210      0.080     3.8149     35.392     48.395  35.802920     1.6878      6.636   312.8579 4.9997e-01     3.0615      4.127      5.986    12.2171 0.0000e+00
      4.233      0.080     4.0214     37.272     48.441  35.795981     1.6708      6.629   311.3901 5.0780e-01     3.0360      4.151      6.021    12.1193 0.0000e+00
      4.257      0.077     4.2266     39.140     48.500  35.801561     1.6329      6.621   310.7622 5.1623e-01     3.1997      4.178      6.059    12.0571 0.0000e+00
      4.275      0.075     4.4220     40.925     48.541  35.806818     1.5788      6.612   310.9445 5.1095e-01     3.5459      4.194      6.083    12.0273 0.0000e+00
      4.290      0.073     4.6005     42.565     48.543  35.795988     1.5494      6.602   311.3579 4.9717e-01     3.7420      4.206      6.101    11.9903 0.0000e+00
      4.307      0.073     4.7645     44.072     48.559  35.797654     1.5442      6.592   311.8879 4.9229e-01     3.7709      4.223      6.125    11.9433 0.0000e+00
      4.325      0.074     4.9157     45.456     48.617  35.826956     1.5434      6.583   312.4487 4.9288e-01     3.8038      4.241      6.151    11.9017 0.0000e+00
      4.344      0.078     5.0480     46.670     48.636  35.832638     1.4577      6.575   312.8907 4.8512e-01     4.2920      4.258      6.175    11.8732 0.0000e+00
      4.366      0.083     5.1538     47.646     48.599  35.802808     1.2802      6.566   312.8437 4.7506e-01     5.2490      4.281      6.209    11.8680 0.0000e+00
      4.388      0.086     5.2335     48.377     48.581  35.783913     1.1712      6.559   312.3106 4.6825e-01     5.7915      4.304      6.242    11.8603 0.0000e+00
      4.411      0.087     5.2965     48.941     48.616  35.794743     1.1497      6.553   311.6934 4.6425e-01     5.9379      4.325      6.272    11.8414 0.0000e+00
