Data/DataNotYetUploadedToEDI/Raw_CTD/RawDownloads/072320_fcr50.cnv
* Sea-Bird SBE19plus  Data File:
* FileName = C:\DATA\SBE19plus_01907809_2020_07_23_0002.hex
* Software version 2.8.0.119
* Temperature SN = 7809
* Conductivity SN = 7809
* System UpLoad Time = Jul 23 2020 16:45:34
* <ApplicationData>
* <Seaterm232>
# nquan = 16
# nvalues = 1626                        
# units = specified
# name 0 = depFM: Depth [fresh water, m]
# name 1 = dz/dtM: Descent Rate [m/s]
# name 2 = sbeox0ML/L: Oxygen, SBE 43 [ml/l]
# name 3 = sbeox0PS: Oxygen, SBE 43 [% saturation]
# name 4 = specc: Specific Conductance [uS/cm]
# name 5 = c0uS/cm: Conductivity [uS/cm]
# name 6 = flECO-AFL: Fluorescence, WET Labs ECO-AFL/FL [mg/m^3]
# name 7 = ph: pH
# name 8 = orp: Oxidation Reduction Potential [mV]
# name 9 = par/sat/log: PAR/Logarithmic, Satlantic
# name 10 = turbWETntu0: Turbidity, WET Labs ECO [NTU]
# name 11 = prdM: Pressure, Strain Gauge [db]
# name 12 = prdE: Pressure, Strain Gauge [psi]
# name 13 = tv290C: Temperature [ITS-90, deg C]
# name 14 = density00: Density [density, kg/m^3]
# name 15 = flag:  0.000e+00
# span 0 =     -0.622,      9.736       
# span 1 =     -0.400,      0.287       
# span 2 =     0.0038,    10.7029       
# span 3 =      0.142,    180.611       
# span 4 =      0.931,    322.585       
# span 5 =   1.014350, 234.560821       
# span 6 =    -2.7748,    17.6087       
# span 7 =      6.693,      7.092       
# span 8 =  -436.0118,   563.7757       
# span 9 = 1.2340e-01, 2.3251e+03       
# span 10 =    -1.0702,   118.0826      
# span 11 =     -0.610,      9.548      
# span 12 =     -0.886,     13.848      
# span 13 =    10.8001,    29.4760      
# span 14 =   995.8133,   999.7613      
# span 15 = 0.0000e+00, 0.0000e+00      
# interval = seconds: 0.25
# start_time = Jul 23 2020 01:47:15 [Instrument's time stamp, header]
# bad_flag = -9.990e-29
*END*
[from data line 995]
      9.725     -0.007     0.1342      1.769     94.771  68.337141     2.5278      6.812   111.0056 1.2358e-01    42.9837      9.537     13.832    10.9892   999.6865 0.0000e+00
      9.725     -0.015     0.1294      1.797     82.126  59.236105     2.5331      6.812   111.5467 1.2356e-01    42.9237      9.536     13.832    10.9968   999.7012 0.0000e+00
      9.724     -0.039     0.1288      1.798     73.150  52.763322     2.4106      6.812   111.0804 1.2355e-01    41.9233      9.537     13.832    11.0130   999.7006 0.0000e+00
      9.721     -0.083     0.1327      1.747     63.473  45.771854     2.1623      6.813   110.3583 1.2355e-01    40.0558      9.536     13.830    11.0366   999.6918 0.0000e+00
      9.711     -0.142     0.1371      1.646     61.279  44.173509     2.0107      6.815   111.2473 1.2357e-01    38.9861      9.530     13.821    11.0567   999.6810 0.0000e+00
      9.681     -0.196     0.1385      1.505     60.156  43.356875     1.9982      6.815   113.5701 1.2359e-01    38.3622      9.508     13.789    11.0648   999.6757 0.0000e+00
      9.615     -0.230     0.1405      1.342     53.244  38.372829     2.0117      6.814   115.1265 1.2362e-01    32.3757      9.445     13.700    11.0652   999.6751 0.0000e+00
      9.512     -0.235     0.1359      1.222     48.324  34.818805     2.0211      6.813   115.5242 1.2362e-01    21.3982      9.331     13.535    11.0543   999.6680 0.0000e+00
      9.405     -0.218     0.1276      1.192     47.156  33.961639     2.0168      6.813   115.5399 1.2362e-01    15.4317      9.205     13.351    11.0369   999.6710 0.0000e+00
      9.340     -0.185     0.1176      1.249     47.024  33.846932     2.0068      6.813   115.6599 1.2360e-01    15.0300      9.137     13.252    11.0326   999.6724 0.0000e+00
      9.327     -0.145     0.1017      1.378     47.092  33.876044     2.0919      6.814   116.6316 1.2358e-01    15.9920      9.141     13.258    11.0348   999.6670 0.0000e+00
      9.333     -0.108     0.0917      1.560     47.282  33.996348     2.2829      6.816   118.3397 1.2356e-01    17.7253      9.160     13.286    11.0268   999.6670 0.0000e+00
      9.327     -0.089     0.0894      1.753     47.527  34.159320     2.3981      6.816   119.4491 1.2355e-01    18.6485      9.155     13.277    11.0083   999.6686 0.0000e+00
      9.301     -0.093     0.0946      1.942     47.679  34.260159     2.4077      6.817   119.7205 1.2356e-01    18.7429      9.124     13.233    10.9855   999.6709 0.0000e+00
      9.263     -0.110     0.1046      2.127     47.780  34.327210     2.4274      6.818   119.6422 1.2357e-01    18.8663      9.083     13.174    10.9645   999.6728 0.0000e+00
      9.226     -0.125     0.1205      2.252     47.885  34.398935     2.5210      6.818   119.4487 1.2354e-01    19.1099      9.047     13.121    10.9469   999.6744 0.0000e+00
      9.191     -0.129     0.1364      2.336     47.930  34.429367     2.6345      6.817   119.6178 1.2350e-01    19.2851      9.014     13.073    10.9330   999.6758 0.0000e+00
      9.156     -0.125     0.1487      2.435     47.949  34.441340     2.6831      6.817   120.2252 1.2354e-01    19.3036      8.979     13.023    10.9239   999.6766 0.0000e+00
      9.124     -0.119     0.1673      2.504     47.918  34.416781     2.6898      6.817   120.9416 1.2359e-01    19.2986      8.945     12.973    10.9185   999.6769 0.0000e+00
      9.097     -0.116     0.1757      2.527     47.789  34.322797     2.7157      6.817   121.3970 1.2358e-01    19.9462      8.919     12.935    10.9154   999.6772 0.0000e+00
      9.073     -0.115     0.1786      2.557     47.699  34.256815     2.7676      6.817   121.8588 1.2353e-01    21.1932      8.900     12.908    10.9139   999.6773 0.0000e+00
      9.047     -0.118     0.1898      2.566     47.873  34.380460     2.7922      6.817   122.4818 1.2349e-01    21.8109      8.875     12.873    10.9120   999.6773 0.0000e+00
      9.016     -0.125     0.1960      2.527     48.373  34.739031     2.7851      6.819   121.9607 1.2349e-01    21.7499      8.842     12.825    10.9093   999.6775 0.0000e+00
      8.982     -0.133     0.1938      2.502     48.878  35.102181     2.6141      6.820   120.5489 1.2352e-01    20.8327      8.809     12.776    10.9072   999.6775 0.0000e+00
      8.947     -0.139     0.1982      2.486     48.949  35.154232     2.2795      6.819   120.2957 1.2353e-01    19.1330      8.776     12.728    10.9063   999.6773 0.0000e+00
      8.908     -0.139     0.2015      2.462     48.714  34.987643     2.0962      6.819   121.3937 1.2358e-01    18.2282      8.737     12.671    10.9056   999.6773 0.0000e+00
      8.866     -0.135     0.1934      2.450     48.719  34.991703     2.0859      6.819   122.6408 1.2359e-01    18.1326      8.693     12.607    10.9046   999.6773 0.0000e+00
      8.830     -0.130     0.1934      2.439     48.836  35.076400     2.1737      6.819   122.1239 1.2352e-01    18.1823      8.655     12.553    10.9048   999.6775 0.0000e+00
      8.801     -0.124     0.1933      2.442     48.547  34.869471     2.3287      6.818   120.2199 1.2342e-01    18.3836      8.630     12.515    10.9065   999.6771 0.0000e+00
      8.775     -0.119     0.1889      2.475     48.147  34.583819     2.3957      6.818   119.4958 1.2340e-01    18.5058      8.607     12.483    10.9089   999.6765 0.0000e+00
      8.748     -0.114     0.1901      2.486     48.000  34.478161     2.3922      6.819   120.1655 1.2345e-01    18.5274      8.579     12.443    10.9095   999.6764 0.0000e+00
      8.718     -0.107     0.1884      2.450     47.738  34.289992     2.4010      6.820   121.1750 1.2352e-01    18.6099      8.549     12.400    10.9090   999.6765 0.0000e+00
      8.687     -0.098     0.1870      2.398     47.278  33.958504     2.4063      6.820   121.9803 1.2355e-01    18.7140      8.519     12.356    10.9106   999.6760 0.0000e+00
      8.657     -0.090     0.1923      2.367     47.108  33.833247     2.3990      6.819   122.4172 1.2355e-01    18.7221      8.487     12.309    10.9124   999.6755 0.0000e+00
      8.633     -0.087     0.1942      2.377     47.322  33.981153     2.3897      6.818   122.4127 1.2356e-01    18.7072      8.460     12.270    10.9124   999.6754 0.0000e+00
      8.621     -0.089     0.1894      2.369     47.580  34.160476     2.3599      6.818   122.2709 1.2355e-01    18.7406      8.453     12.259    10.9122   999.6753 0.0000e+00
      8.613     -0.092     0.1855      2.315     47.672  34.224702     2.3064      6.819   122.3374 1.2355e-01    18.7478      8.455     12.262    10.9127   999.6750 0.0000e+00
      8.592     -0.093     0.1808      2.297     47.441  34.059697     2.2665      6.819   122.5279 1.2359e-01    18.7257      8.433     12.231    10.9091   999.6752 0.0000e+00
      8.554     -0.092     0.1843      2.338     47.011  33.751764     2.2603      6.819   122.9396 1.2356e-01    18.7479      8.388     12.165    10.9006   999.6760 0.0000e+00
      8.514     -0.092     0.1866      2.383     46.817  33.610751     2.2689      6.819   124.4752 1.2351e-01    18.7761      8.344     12.102    10.8936   999.6765 0.0000e+00
      8.488     -0.094     0.1765      2.407     46.931  33.687246     2.2844      6.818   126.3823 1.2353e-01    18.6552      8.318     12.064    10.8916   999.6767 0.0000e+00
      8.477     -0.096     0.1759      2.422     47.080  33.788313     2.3151      6.818   126.7254 1.2359e-01    18.4185      8.310     12.053    10.8937   999.6764 0.0000e+00
      8.470     -0.096     0.1808      2.437     47.124  33.817488     2.3341      6.818   126.5588 1.2362e-01    18.2834      8.312     12.055    10.8963   999.6760 0.0000e+00
      8.451     -0.096     0.1855      2.460     46.991  33.722727     2.3338      6.818   126.4327 1.2358e-01    18.2914      8.296     12.033    10.8947   999.6759 0.0000e+00
      8.411     -0.096     0.1860      2.481     46.811  33.594366     2.3209      6.817   125.9758 1.2355e-01    18.3785      8.249     11.966    10.8873   999.6765 0.0000e+00
      8.367     -0.099     0.1874      2.468     46.816  33.598002     2.3014      6.817   127.3152 1.2359e-01    18.5123      8.196     11.888    10.8802   999.6770 0.0000e+00
      8.341     -0.100     0.1886      2.435     46.877  33.639789     2.2886      6.817   130.0656 1.2357e-01    18.6044      8.172     11.852    10.8774   999.6772 0.0000e+00
      8.331     -0.094     0.1893      2.413     46.813  33.591974     2.2706      6.817   131.3530 1.2352e-01    18.5994      8.173     11.854    10.8789   999.6770 0.0000e+00
      8.317     -0.081     0.1940      2.393     46.724  33.527502     2.2761      6.817   131.6100 1.2351e-01    18.4863      8.164     11.841    10.8821   999.6766 0.0000e+00
      8.290     -0.068     0.1913      2.369     46.682  33.494787     2.3163      6.817   131.4524 1.2351e-01    18.3014      8.131     11.793    10.8813   999.6765 0.0000e+00
      8.261     -0.061     0.1879      2.369     46.625  33.450232     2.3372      6.816   130.7386 1.2357e-01    18.1492      8.096     11.741    10.8774   999.6768 0.0000e+00
      8.246     -0.060     0.1863      2.392     46.607  33.432952     2.3379      6.816   131.0671 1.2364e-01    18.0882      8.082     11.722    10.8753   999.6769 0.0000e+00
      8.241     -0.063     0.1860      2.407     46.673  33.476213     2.3536      6.816   132.5845 1.2362e-01    18.1813      8.082     11.722    10.8755   999.6768 0.0000e+00
      8.238     -0.069     0.1824      2.417     46.749  33.529127     2.3840      6.816   133.7709 1.2360e-01    18.3818      8.082     11.722    10.8738   999.6770 0.0000e+00
      8.226     -0.081     0.1821      2.432     46.799  33.565110     2.4097      6.815   134.1403 1.2364e-01    18.5221      8.073     11.709    10.8693   999.6773 0.0000e+00
      8.201     -0.099     0.1861      2.450     46.834  33.594018     2.4161      6.814   134.1258 1.2363e-01    18.5384      8.048     11.672    10.8641   999.6777 0.0000e+00
      8.164     -0.118     0.1863      2.462     46.869  33.624851     2.4033      6.814   134.1111 1.2354e-01    18.5445      8.007     11.613    10.8595   999.6780 0.0000e+00
      8.126     -0.132     0.1867      2.451     46.944  33.684105     2.3411      6.815   133.6184 1.2349e-01    18.6310      7.967     11.556    10.8567   999.6782 0.0000e+00
      8.089     -0.138     0.1883      2.433     47.015  33.739379     2.2365      6.815   132.9875 1.2354e-01    18.6907      7.933     11.506    10.8573   999.6779 0.0000e+00
      8.053     -0.136     0.1894      2.433     46.985  33.722093     2.1875      6.815   133.2800 1.2357e-01    18.7170      7.898     11.455    10.8619   999.6773 0.0000e+00
      8.017     -0.131     0.1916      2.439     46.902  33.665454     2.1973      6.815   134.0580 1.2359e-01    18.7421      7.860     11.400    10.8689   999.6765 0.0000e+00
      7.984     -0.127     0.1901      2.442     46.844  33.625653     2.2313      6.815   134.7366 1.2366e-01    18.6865      7.828     11.352    10.8745   999.6759 0.0000e+00
      7.956     -0.122     0.1871      2.449     46.838  33.621580     2.2929      6.815   135.0321 1.2371e-01    18.5933      7.802     11.316    10.8788   999.6753 0.0000e+00
      7.928     -0.115     0.1885      2.464     46.831  33.616205     2.3320      6.814   134.1022 1.2368e-01    18.5772      7.776     11.279    10.8839   999.6746 0.0000e+00
      7.898     -0.103     0.1887      2.468     46.666  33.497222     2.3410      6.813   132.4419 1.2361e-01    18.5949      7.745     11.233    10.8868   999.6741 0.0000e+00
      7.866     -0.088     0.1889      2.457     46.430  33.325097     2.3744      6.812   132.3381 1.2357e-01    18.5669      7.712     11.186    10.8882   999.6738 0.0000e+00
      7.837     -0.070     0.1888      2.464     46.330  33.248271     2.4305      6.811   133.4486 1.2357e-01    18.5477      7.681     11.141    10.8891   999.6736 0.0000e+00
      7.821     -0.050     0.1908      2.474     46.277  33.202842     2.4661      6.811   133.9957 1.2353e-01    18.5686      7.663     11.115    10.8886   999.6736 0.0000e+00
      7.819     -0.030     0.1923      2.478     46.224  33.156513     2.4897      6.810   133.6187 1.2350e-01    18.6136      7.667     11.121    10.8878   999.6736 0.0000e+00
      7.821     -0.014     0.1883      2.496     46.200  33.132264     2.5924      6.809   132.5899 1.2355e-01    18.7481      7.673     11.129    10.8864   999.6736 0.0000e+00
      7.820     -0.006     0.1910      2.522     46.163  33.099996     2.7628      6.808   132.0531 1.2360e-01    18.9252      7.668     11.122    10.8803   999.6742 0.0000e+00
      7.820     -0.008     0.1923      2.555     46.147  33.083616     2.8423      6.807   132.2045 1.2361e-01    18.9695      7.668     11.122    10.8716   999.6751 0.0000e+00
      7.822     -0.021     0.1904      2.565     46.209  33.124565     2.8302      6.807   132.4419 1.2358e-01    18.9391      7.672     11.128    10.8626   999.6759 0.0000e+00
      7.820     -0.039     0.1937      2.530     46.338  33.214395     2.7118      6.807   132.9440 1.2357e-01    18.7297      7.671     11.126    10.8534   999.6769 0.0000e+00
      7.812     -0.059     0.1943      2.482     46.430  33.281427     2.4882      6.807   133.7154 1.2360e-01    18.3266      7.665     11.117    10.8475   999.6774 0.0000e+00
      7.794     -0.080     0.1984      2.459     46.451  33.300531     2.3580      6.806   134.1112 1.2356e-01    18.1166      7.648     11.091    10.8433   999.6777 0.0000e+00
      7.764     -0.101     0.2006      2.456     46.468  33.318471     2.3388      6.805   134.1160 1.2351e-01    18.0791      7.615     11.044    10.8387   999.6782 0.0000e+00
      7.730     -0.121     0.1962      2.448     46.534  33.371444     2.3228      6.805   134.2040 1.2352e-01    18.0787      7.579     10.992    10.8356   999.6783 0.0000e+00
      7.698     -0.135     0.1914      2.435     46.613  33.433419     2.2985      6.806   134.3147 1.2356e-01    18.0780      7.551     10.951    10.8363   999.6781 0.0000e+00
      7.663     -0.138     0.1895      2.449     46.605  33.433295     2.2830      6.806   134.5082 1.2361e-01    18.0355      7.518     10.905    10.8410   999.6775 0.0000e+00
      7.623     -0.128     0.1907      2.514     46.507  33.369947     2.2694      6.806   135.5975 1.2362e-01    18.0124      7.477     10.845    10.8484   999.6765 0.0000e+00
      7.579     -0.110     0.1895      2.563     46.406  33.302013     2.2576      6.804   137.1609 1.2359e-01    17.9700      7.431     10.778    10.8552   999.6757 0.0000e+00
      7.543     -0.087     0.1883      2.567     46.327  33.246438     2.2743      6.802   137.7512 1.2362e-01    17.9688      7.389     10.717    10.8601   999.6750 0.0000e+00
      7.526     -0.061     0.1868      2.567     46.274  33.205608     2.3091      6.800   137.8309 1.2363e-01    18.0318      7.373     10.693    10.8660   999.6744 0.0000e+00
      7.526     -0.033     0.1954      2.561     46.256  33.189051     2.3256      6.799   137.6949 1.2356e-01    18.0450      7.382     10.706    10.8736   999.6736 0.0000e+00
      7.529     -0.011     0.2009      2.556     46.239  33.173137     2.3402      6.799   137.1386 1.2351e-01    18.0603      7.385     10.712    10.8796   999.6730 0.0000e+00
      7.529      0.003     0.1970      2.556     46.198  33.140100     2.4480      6.800   137.7304 1.2345e-01    18.1475      7.379     10.703    10.8807   999.6728 0.0000e+00
      7.532      0.008     0.1999      2.545     46.157  33.106852     2.6370      6.800   139.5154 1.2342e-01    18.2757      7.384     10.710    10.8773   999.6731 0.0000e+00
      7.538      0.006     0.1977      2.537     46.137  33.088395     2.7467      6.798   140.4806 1.2346e-01    18.3400      7.396     10.726    10.8728   999.6737 0.0000e+00
