Data/DataNotYetUploadedToEDI/Raw_CTD/RawDownloads/072318_fcr10.cnv
* Sea-Bird SBE19plus  Data File:
* FileName = C:\DATA\072318_fcr50_0004.hex
* Software version 2.6.3.104 SB_Terminal.dll
* Temperature SN = 7809
* Conductivity SN = 7809
* System UpLoad Time = Jul 23 2018 15:33:58
* <ApplicationData>
* <Seaterm232>
# nquan = 15
# nvalues = 403                         
# units = specified
# name 0 = depFM: Depth [fresh water, m]
# name 1 = dz/dtM: Descent Rate [m/s]
# name 2 = sbeox0Mg/L: Oxygen, SBE 43 [mg/l]
# name 3 = sbeox0PS: Oxygen, SBE 43 [% saturation]
# name 4 = specc: Specific Conductance [uS/cm]
# name 5 = c0uS/cm: Conductivity [uS/cm]
# name 6 = flECO-AFL: Fluorescence, WET Labs ECO-AFL/FL [mg/m^3]
# name 7 = ph: pH
# name 8 = orp: Oxidation Reduction Potential [mV]
# name 9 = par/sat/log: PAR/Logarithmic, Satlantic
# name 10 = turbWETntu0: Turbidity, WET Labs ECO [NTU]
# name 11 = prdM: Pressure, Strain Gauge [db]
# name 12 = prdE: Pressure, Strain Gauge [psi]
# name 13 = tv290C: Temperature [ITS-90, deg C]
# name 14 = flag:  0.000e+00
# span 0 =     -0.619,      2.088       
# span 1 =     -0.105,      0.126       
# span 2 =     6.5308,     9.2592       
# span 3 =     76.985,    111.998       
# span 4 =      0.132,     39.962       
# span 5 =   0.127097,  38.872077       
# span 6 =    -0.1952,     8.8020       
# span 7 =      6.239,      8.211       
# span 8 =   257.8735,   473.9774       
# span 9 = 5.2094e+00, 1.2913e+02       
# span 10 =    -0.2878,    49.4636      
# span 11 =     -0.608,      2.048      
# span 12 =     -0.881,      2.970      
# span 13 =    20.5430,    25.0479      
# span 14 = 0.0000e+00, 0.0000e+00      
# interval = seconds: 0.25
# start_time = Jul 23 2018 14:18:10 [Instrument's time stamp, header]
# bad_flag = -9.990e-29
*END*
[from data line 290]
      0.790      0.052     8.6574    104.862     35.129  35.161690     7.0938      8.145   267.3578 2.5084e+01     3.1636      0.773      1.120    25.0405 0.0000e+00
      0.807      0.056     8.6591    104.882     35.117  35.149612     7.1020      8.131   267.1706 2.4444e+01     3.1656      0.789      1.144    25.0407 0.0000e+00
      0.827      0.058     8.6629    104.925     35.101  35.131862     7.1035      8.127   267.1146 2.3831e+01     3.1314      0.812      1.177    25.0405 0.0000e+00
      0.845      0.059     8.6672    104.975     35.107  35.137636     7.1121      8.133   267.2831 2.3401e+01     3.1469      0.832      1.207    25.0409 0.0000e+00
      0.858      0.059     8.6726    105.037     35.126  35.155902     7.1330      8.143   267.5736 2.3059e+01     3.1691      0.842      1.221    25.0407 0.0000e+00
      0.869      0.057     8.6807    105.134     35.133  35.162149     7.1445      8.148   267.7872 2.2636e+01     3.1254      0.850      1.233    25.0398 0.0000e+00
      0.883      0.052     8.6890    105.233     35.121  35.149644     7.1510      8.149   267.7157 2.2088e+01     3.0774      0.864      1.254    25.0387 0.0000e+00
      0.898      0.049     8.6920    105.268     35.104  35.131752     7.2300      8.150   267.6549 2.1537e+01     3.0464      0.882      1.279    25.0371 0.0000e+00
      0.913      0.047     8.6900    105.242     35.109  35.136376     7.3824      8.154   267.8254 2.1137e+01     2.9636      0.896      1.300    25.0356 0.0000e+00
      0.924      0.044     8.6879    105.217     35.115  35.142037     7.4670      8.158   267.8849 2.0879e+01     2.9007      0.907      1.316    25.0350 0.0000e+00
      0.933      0.039     8.6880    105.218     35.109  35.136678     7.4720      8.162   267.8587 2.0660e+01     2.9262      0.915      1.327    25.0347 0.0000e+00
      0.941      0.035     8.6880    105.220     35.108  35.135097     7.4520      8.167   267.9387 2.0407e+01     2.9671      0.922      1.338    25.0335 0.0000e+00
      0.950      0.032     8.6867    105.204     35.096  35.122923     7.4189      8.171   267.9918 2.0139e+01     2.9675      0.931      1.351    25.0323 0.0000e+00
      0.959      0.031     8.6847    105.180     35.089  35.116515     7.4118      8.172   268.0703 1.9909e+01     2.9315      0.940      1.364    25.0324 0.0000e+00
      0.966      0.031     8.6846    105.178     35.093  35.121145     7.4117      8.171   268.1992 1.9739e+01     2.8970      0.947      1.374    25.0335 0.0000e+00
      0.972      0.032     8.6875    105.214     35.088  35.115381     7.3449      8.168   268.1740 1.9615e+01     2.9480      0.953      1.382    25.0338 0.0000e+00
      0.978      0.033     8.6916    105.264     35.083  35.110336     7.2293      8.165   268.1091 1.9454e+01     3.0594      0.959      1.391    25.0330 0.0000e+00
      0.987      0.036     8.6933    105.285     35.096  35.123672     7.1623      8.164   268.1034 1.9210e+01     3.0841      0.966      1.402    25.0332 0.0000e+00
      0.998      0.040     8.6890    105.235     35.121  35.149590     7.1587      8.163   268.1051 1.8945e+01     3.0637      0.978      1.419    25.0336 0.0000e+00
      1.009      0.046     8.6802    105.129     35.140  35.169630     7.2412      8.158   268.1296 1.8709e+01     3.0881      0.989      1.436    25.0337 0.0000e+00
      1.019      0.052     8.6731    105.044     35.146  35.175414     7.3880      8.151   268.2274 1.8434e+01     3.1037      0.999      1.449    25.0334 0.0000e+00
      1.031      0.058     8.6719    105.030     35.126  35.155999     7.4637      8.146   268.4271 1.8038e+01     3.0999      1.009      1.464    25.0337 0.0000e+00
      1.048      0.062     8.6766    105.088     35.095  35.125454     7.4669      8.145   268.5660 1.7548e+01     3.1030      1.025      1.488    25.0348 0.0000e+00
      1.068      0.065     8.6831    105.166     35.094  35.123684     7.4720      8.146   268.5305 1.7043e+01     3.1115      1.047      1.519    25.0353 0.0000e+00
      1.089      0.065     8.6856    105.196     35.105  35.134608     7.5256      8.148   268.4273 1.6603e+01     3.1410      1.068      1.551    25.0364 0.0000e+00
      1.106      0.064     8.6797    105.124     35.101  35.130490     7.6187      8.150   268.5233 1.6268e+01     3.1853      1.086      1.575    25.0373 0.0000e+00
      1.119      0.061     8.6675    104.974     35.108  35.137410     7.6606      8.150   268.8308 1.6014e+01     3.1894      1.097      1.592    25.0372 0.0000e+00
      1.131      0.057     8.6551    104.824     35.126  35.154756     7.6561      8.146   269.0475 1.5765e+01     3.1603      1.109      1.608    25.0368 0.0000e+00
      1.145      0.053     8.6439    104.686     35.122  35.149664     7.6280      8.142   269.1641 1.5481e+01     3.1378      1.123      1.627    25.0364 0.0000e+00
      1.160      0.049     8.6340    104.565     35.112  35.139356     7.5692      8.139   269.2080 1.5211e+01     3.1321      1.138      1.650    25.0364 0.0000e+00
      1.175      0.044     8.6242    104.446     35.129  35.157161     7.5334      8.136   269.2347 1.5041e+01     3.1522      1.154      1.674    25.0356 0.0000e+00
      1.187      0.039     8.6141    104.325     35.146  35.174384     7.5261      8.136   269.3148 1.4948e+01     3.1673      1.165      1.690    25.0345 0.0000e+00
      1.195      0.034     8.6131    104.311     35.130  35.157043     7.4623      8.139   269.3163 1.4857e+01     3.1617      1.172      1.700    25.0338 0.0000e+00
      1.200      0.029     8.6254    104.459     35.111  35.138044     7.3405      8.141   269.1667 1.4789e+01     3.1452      1.177      1.708    25.0334 0.0000e+00
      1.205      0.027     8.6437    104.679     35.109  35.135234     7.2756      8.142   268.8831 1.4739e+01     3.1205      1.182      1.714    25.0335 0.0000e+00
      1.211      0.027     8.6611    104.887     35.098  35.123061     7.2844      8.143   268.6405 1.4670e+01     3.1071      1.187      1.722    25.0335 0.0000e+00
      1.217      0.031     8.6756    105.062     35.093  35.117902     7.3743      8.144   268.4697 1.4588e+01     3.1055      1.193      1.730    25.0328 0.0000e+00
      1.224      0.037     8.6869    105.201     35.111  35.136378     7.5169      8.148   268.4537 1.4456e+01     3.1002      1.200      1.740    25.0319 0.0000e+00
      1.234      0.045     8.6949    105.300     35.130  35.155898     7.5837      8.151   268.7051 1.4229e+01     3.1050      1.209      1.754    25.0315 0.0000e+00
      1.246      0.054     8.6987    105.348     35.136  35.163348     7.5932      8.147   268.8412 1.3964e+01     3.1329      1.222      1.773    25.0300 0.0000e+00
      1.261      0.060     8.6979    105.338     35.136  35.162941     7.6512      8.141   268.7227 1.3666e+01     3.1629      1.235      1.792    25.0289 0.0000e+00
      1.279      0.064     8.6953    105.307     35.124  35.150976     7.7425      8.139   268.6489 1.3293e+01     3.1629      1.253      1.817    25.0304 0.0000e+00
      1.300      0.066     8.6934    105.283     35.119  35.145722     7.7869      8.139   268.6382 1.2951e+01     3.1323      1.277      1.852    25.0318 0.0000e+00
      1.319      0.066     8.6911    105.254     35.136  35.162933     7.7926      8.140   268.5926 1.2718e+01     3.0983      1.296      1.879    25.0326 0.0000e+00
      1.334      0.064     8.6872    105.206     35.142  35.168508     7.7938      8.141   268.6133 1.2518e+01     3.0872      1.309      1.897    25.0333 0.0000e+00
      1.349      0.059     8.6794    105.111     35.124  35.149605     7.7648      8.141   268.8025 1.2308e+01     3.1205      1.323      1.919    25.0329 0.0000e+00
      1.364      0.054     8.6644    104.929     35.099  35.124935     7.7075      8.141   268.9871 1.2105e+01     3.1340      1.338      1.941    25.0324 0.0000e+00
      1.378      0.049     8.6446    104.687     35.099  35.124320     7.6712      8.142   269.0391 1.1926e+01     3.1293      1.352      1.960    25.0321 0.0000e+00
      1.390      0.045     8.6243    104.441     35.117  35.142164     7.6572      8.144   269.0867 1.1796e+01     3.1549      1.363      1.977    25.0314 0.0000e+00
      1.400      0.042     8.6062    104.221     35.125  35.150124     7.5925      8.144   269.0471 1.1720e+01     3.1679      1.374      1.992    25.0312 0.0000e+00
      1.409      0.039     8.5932    104.064     35.132  35.157048     7.4780      8.144   268.9906 1.1649e+01     3.1647      1.383      2.005    25.0311 0.0000e+00
      1.418      0.037     8.5902    104.027     35.137  35.162358     7.4123      8.143   269.0918 1.1541e+01     3.1469      1.390      2.016    25.0304 0.0000e+00
      1.428      0.037     8.5975    104.115     35.126  35.150810     7.4047      8.142   269.0663 1.1430e+01     3.1355      1.400      2.030    25.0299 0.0000e+00
      1.437      0.037     8.6122    104.292     35.120  35.144458     7.3942      8.141   268.8534 1.1333e+01     3.1500      1.410      2.045    25.0298 0.0000e+00
      1.446      0.038     8.6325    104.537     35.125  35.149073     7.3685      8.141   268.7554 1.1219e+01     3.1692      1.418      2.056    25.0298 0.0000e+00
      1.456      0.039     8.6512    104.761     35.120  35.143089     7.3511      8.141   268.8277 1.1083e+01     3.1546      1.428      2.069    25.0295 0.0000e+00
      1.466      0.040     8.6596    104.860     35.114  35.135627     7.3491      8.141   268.9528 1.0946e+01     3.1252      1.438      2.085    25.0292 0.0000e+00
      1.476      0.042     8.6591    104.852     35.101  35.122358     7.3996      8.141   269.0638 1.0808e+01     3.1500      1.446      2.098    25.0289 0.0000e+00
      1.487      0.045     8.6553    104.807     35.088  35.109707     7.4940      8.139   269.0516 1.0647e+01     3.1796      1.457      2.113    25.0280 0.0000e+00
      1.498      0.049     8.6518    104.763     35.088  35.109704     7.5344      8.134   269.0622 1.0475e+01     3.1777      1.469      2.131    25.0266 0.0000e+00
      1.510      0.053     8.6506    104.746     35.101  35.122312     7.5294      8.126   269.1930 1.0316e+01     3.1573      1.481      2.149    25.0258 0.0000e+00
      1.524      0.057     8.6514    104.754     35.115  35.135102     7.4980      8.116   269.3427 1.0130e+01     3.1167      1.493      2.165    25.0250 0.0000e+00
      1.539      0.061     8.6526    104.768     35.118  35.137311     7.4302      8.108   269.5814 9.9215e+00     3.1136      1.509      2.189    25.0242 0.0000e+00
      1.556      0.062     8.6536    104.778     35.130  35.149016     7.3899      8.102   269.6691 9.7434e+00     3.1504      1.527      2.215    25.0237 0.0000e+00
      1.574      0.062     8.6572    104.817     35.132  35.149589     7.3876      8.101   269.5426 9.5620e+00     3.1648      1.543      2.238    25.0231 0.0000e+00
      1.592      0.060     8.6638    104.890     35.130  35.144236     7.4022      8.102   269.5146 9.3610e+00     3.1659      1.561      2.264    25.0227 0.0000e+00
      1.608      0.058     8.6689    104.941     35.137  35.147807     7.4190      8.102   269.5895 9.1873e+00     3.1641      1.579      2.290    25.0222 0.0000e+00
      1.622      0.057     8.6685    104.918     35.125  35.129244     7.4161      8.099   269.6737 9.0652e+00     3.1427      1.592      2.308    25.0206 0.0000e+00
      1.632      0.057     8.6614    104.796     35.120  35.110343     7.4143      8.094   269.7583 8.9432e+00     3.1206      1.600      2.320    25.0184 0.0000e+00
      1.644      0.056     8.6482    104.590     35.136  35.109815     7.4243      8.090   269.7513 8.7644e+00     3.1100      1.611      2.335    25.0150 0.0000e+00
      1.660      0.054     8.6249    104.271     35.162  35.122831     7.5547      8.090   269.6760 8.5558e+00     3.1070      1.627      2.359    25.0106 0.0000e+00
      1.679      0.053     8.5805    103.717     35.187  35.140667     7.8150      8.092   269.6224 8.3735e+00     3.0836      1.647      2.389    25.0036 0.0000e+00
      1.694      0.051     8.5133    102.896     35.184  35.134892     7.9613      8.096   269.5330 8.2373e+00     3.0719      1.662      2.413    24.9833 0.0000e+00
      1.704      0.048     8.4383    101.979     35.170  35.116525     7.9726      8.097   269.4550 8.1423e+00     3.1188      1.672      2.425    24.9545 0.0000e+00
      1.713      0.045     8.3696    101.131     35.169  35.109144     7.9702      8.094   269.5400 8.0604e+00     3.1006      1.680      2.436    24.9338 0.0000e+00
      1.723      0.044     8.3091    100.386     35.175  35.109156     7.9598      8.084   269.7006 7.9632e+00     2.9740      1.689      2.450    24.9263 0.0000e+00
      1.733      0.044     8.2546     99.716     35.186  35.116671     7.9581      8.070   269.7616 7.8722e+00     2.8702      1.699      2.464    24.9262 0.0000e+00
      1.744      0.045     8.2084     99.149     35.209  35.136481     7.9680      8.059   269.8475 7.7695e+00     2.8521      1.708      2.478    24.9194 0.0000e+00
      1.757      0.048     8.1733     98.721     35.233  35.158109     7.9598      8.051   270.0518 7.6325e+00     2.9079      1.723      2.498    24.9077 0.0000e+00
      1.772      0.051     8.1456     98.378     35.266  35.187604     7.9318      8.040   270.2532 7.5496e+00     2.9647      1.741      2.525    24.9003 0.0000e+00
      1.784      0.055     8.1213     98.048     35.332  35.239014     7.9057      8.025   270.3892 7.5209e+00     2.9593      1.750      2.538    24.8945 0.0000e+00
      1.794      0.056     8.0999     97.722     35.391  35.271521     7.8831      8.009   270.4904 7.4338e+00     2.9345      1.756      2.547    24.8897 0.0000e+00
      1.809      0.055     8.0803     97.421     35.408  35.263002     7.7227      7.993   270.6170 7.2830e+00     2.9393      1.772      2.570    24.8883 0.0000e+00
      1.829      0.053     8.0621     97.163     35.423  35.263007     7.4184      7.979   270.6293 7.1393e+00     2.9559      1.794      2.601    24.8907 0.0000e+00
      1.846      0.048     8.0458     96.951     35.437  35.271563     7.2455      7.969   270.4669 7.0384e+00     2.9522      1.812      2.628    24.8716 0.0000e+00
      1.858      0.043     8.0311     96.769     35.407  35.239410     7.2224      7.963   270.3745 6.9670e+00     2.9249      1.823      2.645    24.8238 0.0000e+00
      1.866      0.038     8.0184     96.624     35.356  35.191843     7.2131      7.958   270.4590 6.9062e+00     2.9008      1.831      2.655    24.7832 0.0000e+00
      1.871      0.033     8.0076     96.513     35.361  35.204606     7.2156      7.953   270.5423 6.8421e+00     2.9355      1.835      2.662    24.7640 0.0000e+00
      1.876      0.030     7.9966     96.391     35.419  35.266692     7.2240      7.949   270.4348 6.7612e+00     3.0082      1.839      2.668    24.7591 0.0000e+00
      1.883      0.030     7.9857     96.255     35.462  35.307327     7.2235      7.946   270.2780 6.6712e+00     3.0475      1.846      2.678    24.7549 0.0000e+00
      1.893      0.034     7.9809     96.185     35.539  35.378307     7.2455      7.942   270.1949 6.5830e+00     3.0753      1.856      2.692    24.7577 0.0000e+00
      1.902      0.041     7.9857     96.212     35.791  35.616733     7.4999      7.934   270.1176 6.5010e+00     3.1615      1.866      2.707    24.7746 0.0000e+00
      1.911      0.051     7.9965     96.261     36.176  35.966841     7.9563      7.921   270.0316 6.4180e+00     3.2962      1.874      2.718    24.7825 0.0000e+00
      1.921      0.061     8.0090     96.263     36.517  36.244707     8.2052      7.906   270.0169 6.2789e+00     3.3609      1.881      2.728    24.7772 0.0000e+00
      1.936      0.069     8.0192     96.189     36.791  36.435386     8.2302      7.890   270.1110 6.0696e+00     3.3333      1.896      2.750    24.7689 0.0000e+00
