Data/DataNotYetUploadedToEDI/Raw_CTD/RawDownloads/072318_fcr30.cnv
* Sea-Bird SBE19plus  Data File:
* FileName = C:\DATA\072318_fcr50_0006.hex
* Software version 2.6.3.104 SB_Terminal.dll
* Temperature SN = 7809
* Conductivity SN = 7809
* System UpLoad Time = Jul 23 2018 15:34:36
* <ApplicationData>
* <Seaterm232>
# nquan = 15
# nvalues = 585                         
# units = specified
# name 0 = depFM: Depth [fresh water, m]
# name 1 = dz/dtM: Descent Rate [m/s]
# name 2 = sbeox0Mg/L: Oxygen, SBE 43 [mg/l]
# name 3 = sbeox0PS: Oxygen, SBE 43 [% saturation]
# name 4 = specc: Specific Conductance [uS/cm]
# name 5 = c0uS/cm: Conductivity [uS/cm]
# name 6 = flECO-AFL: Fluorescence, WET Labs ECO-AFL/FL [mg/m^3]
# name 7 = ph: pH
# name 8 = orp: Oxidation Reduction Potential [mV]
# name 9 = par/sat/log: PAR/Logarithmic, Satlantic
# name 10 = turbWETntu0: Turbidity, WET Labs ECO [NTU]
# name 11 = prdM: Pressure, Strain Gauge [db]
# name 12 = prdE: Pressure, Strain Gauge [psi]
# name 13 = tv290C: Temperature [ITS-90, deg C]
# name 14 = flag:  0.000e+00
# span 0 =     -0.609,      5.311       
# span 1 =     -0.153,      0.119       
# span 2 =     0.1538,    13.0745       
# span 3 =      1.547,    150.082       
# span 4 =      1.066,     50.793       
# span 5 =   1.003094,  39.572276       
# span 6 =    -0.1964,     9.3645       
# span 7 =      6.259,      8.532       
# span 8 =   143.0331,  1239.9583       
# span 9 = 6.1958e-01, 4.8254e+02       
# span 10 =    -0.2349,    52.3420      
# span 11 =     -0.598,      5.209      
# span 12 =     -0.867,      7.555      
# span 13 =    11.6373,    25.2131      
# span 14 = 0.0000e+00, 0.0000e+00      
# interval = seconds: 0.25
# start_time = Jul 23 2018 15:02:21 [Instrument's time stamp, header]
# bad_flag = -9.990e-29
*END*
[from data line 193]
     -0.095      0.004     9.2031    111.759     35.201  35.332001     3.9388      8.463   212.6153 4.7609e+02     2.2507     -0.092     -0.133    25.1810 0.0000e+00
     -0.094      0.006     9.1369    110.953     35.202  35.331906     3.9236      8.463   212.8023 4.7408e+02     2.2302     -0.091     -0.132    25.1828 0.0000e+00
     -0.093      0.005     9.0839    110.309     35.202  35.332001     3.9293      8.464   212.9001 4.7166e+02     2.2450     -0.092     -0.134    25.1845 0.0000e+00
     -0.092      0.003     9.0492    109.889     35.203  35.333155     3.9616      8.464   212.9385 4.6950e+02     2.3079     -0.090     -0.130    25.1829 0.0000e+00
     -0.090      0.001     9.0342    109.710     35.214  35.345859     4.0008      8.465   213.0075 4.6773e+02     2.3199     -0.089     -0.128    25.1800 0.0000e+00
     -0.090      0.001     9.0329    109.699     35.225  35.358563     4.0183      8.466   213.0462 4.6694e+02     2.2980     -0.089     -0.129    25.1786 0.0000e+00
     -0.091      0.002     9.0370    109.754     35.224  35.359717     4.0160      8.467   213.0632 4.6685e+02     2.2867     -0.090     -0.130    25.1786 0.0000e+00
     -0.092      0.002     9.0390    109.780     35.224  35.359822     4.0287      8.468   213.1264 4.6705e+02     2.2447     -0.091     -0.132    25.1793 0.0000e+00
     -0.091      0.002     9.0360    109.743     35.224  35.359831     4.0614      8.469   213.2079 4.6805e+02     2.1872     -0.090     -0.130    25.1810 0.0000e+00
     -0.090      0.002     9.0278    109.643     35.224  35.359823     4.0813      8.469   213.3609 4.6947e+02     2.1714     -0.088     -0.128    25.1842 0.0000e+00
     -0.088      0.002     9.0149    109.487     35.224  35.359719     4.0760      8.469   213.5127 4.7051e+02     2.1756     -0.086     -0.125    25.1864 0.0000e+00
     -0.088      0.001     9.0012    109.321     35.223  35.358584     4.0515      8.468   213.5810 4.7134e+02     2.1770     -0.086     -0.124    25.1873 0.0000e+00
     -0.088      0.000     8.9924    109.216     35.209  35.346098     4.0241      8.468   213.6702 4.7185e+02     2.1878     -0.087     -0.126    25.1876 0.0000e+00
     -0.089     -0.001     8.9920    109.215     35.197  35.335798     4.0117      8.469   213.8174 4.7150e+02     2.1847     -0.088     -0.127    25.1870 0.0000e+00
     -0.089     -0.001     8.9981    109.293     35.222  35.361092     4.0124      8.470   214.0696 4.7094e+02     2.1688     -0.088     -0.128    25.1866 0.0000e+00
     -0.089     -0.001     9.0085    109.422     35.258  35.397840     4.0321      8.471   214.3972 4.7054e+02     2.1485     -0.087     -0.127    25.1868 0.0000e+00
     -0.089     -0.001     9.0205    109.569     35.258  35.398995     4.0665      8.472   214.6810 4.6997e+02     2.1233     -0.088     -0.128    25.1879 0.0000e+00
     -0.089      0.000     9.0252    109.627     35.234  35.375056     4.0790      8.473   214.9190 4.6920e+02     2.1386     -0.088     -0.127    25.1900 0.0000e+00
     -0.090      0.001     9.0209    109.575     35.222  35.362476     4.0728      8.473   215.1244 4.6868e+02     2.1806     -0.088     -0.128    25.1921 0.0000e+00
     -0.090      0.002     9.0154    109.508     35.233  35.373931     4.0738      8.472   215.3578 4.6899e+02     2.1733     -0.088     -0.128    25.1936 0.0000e+00
     -0.090      0.002     9.0106    109.449     35.246  35.386511     4.0723      8.470   215.5030 4.6970e+02     2.1111     -0.089     -0.129    25.1943 0.0000e+00
     -0.088      0.001     9.0050    109.379     35.247  35.387551     4.0644      8.470   215.4176 4.7038e+02     2.0696     -0.088     -0.126    25.1941 0.0000e+00
     -0.086      0.000     8.9987    109.300     35.247  35.386501     4.0614      8.471   215.2716 4.7137e+02     2.0989     -0.085     -0.123    25.1944 0.0000e+00
     -0.086     -0.001     8.9940    109.243     35.234  35.373806     4.0639      8.472   215.2013 4.7182e+02     2.1601     -0.084     -0.122    25.1944 0.0000e+00
     -0.088     -0.002     8.9936    109.238     35.222  35.361102     4.0754      8.472   215.2555 4.7170e+02     2.1998     -0.086     -0.124    25.1938 0.0000e+00
     -0.090     -0.003     8.9949    109.254     35.221  35.359947     4.0999      8.473   215.2383 4.7226e+02     2.2122     -0.089     -0.129    25.1927 0.0000e+00
     -0.092     -0.003     8.9939    109.244     35.220  35.359842     4.1209      8.473   215.5954 4.7292e+02     2.2187     -0.091     -0.131    25.1918 0.0000e+00
     -0.092     -0.005     8.9921    109.225     35.218  35.359822     4.1272      8.473   217.5951 4.7272e+02     2.2480     -0.091     -0.131    25.1916 0.0000e+00
     -0.091     -0.008     8.9919    109.225     35.218  35.359717     4.1392      8.476   220.3155 4.7151e+02     2.2917     -0.090     -0.130    25.1912 0.0000e+00
     -0.091     -0.011     8.9922    109.228     35.217  35.358572     4.1652      8.481   221.9872 4.7051e+02     2.2891     -0.088     -0.128    25.1913 0.0000e+00
     -0.094     -0.014     8.9938    109.247     35.204  35.345974     4.1842      8.485   222.8367 4.7140e+02     2.2469     -0.090     -0.130    25.1928 0.0000e+00
     -0.101     -0.018     8.9980    109.298     35.193  35.334433     4.1939      8.486   223.1871 4.7221e+02     2.2402     -0.098     -0.142    25.1948 0.0000e+00
     -0.110     -0.020     9.0052    109.386     35.205  35.346077     4.1905      8.482   223.2986 4.7101e+02     2.2682     -0.110     -0.159    25.1959 0.0000e+00
     -0.115     -0.017     9.0152    109.506     35.219  35.359716     4.1715      8.472   223.6687 4.7026e+02     2.2803     -0.113     -0.164    25.1955 0.0000e+00
     -0.119     -0.010     9.0235    109.606     35.231  35.372306     4.1565      8.463   224.1345 4.7147e+02     2.2644     -0.115     -0.168    25.1945 0.0000e+00
     -0.124     -0.001     9.0328    109.720     35.230  35.371256     4.1474      8.461   224.3706 4.7168e+02     2.2595     -0.127     -0.183    25.1950 0.0000e+00
     -0.124      0.008     9.0512    109.945     35.205  35.347022     4.1440      8.463   224.1142 4.6898e+02     2.2824     -0.125     -0.181    25.1952 0.0000e+00
     -0.117      0.013     9.0649    110.116     35.190  35.333375     4.1525      8.463   219.9165 4.6601e+02     2.2966     -0.116     -0.166    25.1942 0.0000e+00
     -0.109      0.016     9.0631    110.098     35.189  35.333289     4.1574      8.462   214.7428 4.6382e+02     2.2785     -0.107     -0.155    25.1942 0.0000e+00
     -0.102      0.016     9.0582    110.041     35.201  35.345994     4.1385      8.461   215.2488 4.6250e+02     2.2470     -0.098     -0.144    25.1943 0.0000e+00
     -0.098      0.012     9.0518    109.964     35.214  35.359946     4.0898      8.462   216.6556 4.6351e+02     2.2506     -0.096     -0.139    25.1953 0.0000e+00
     -0.098      0.006     9.0381    109.797     35.229  35.374949     4.0373      8.467   216.6094 4.6506e+02     2.2921     -0.096     -0.140    25.1979 0.0000e+00
     -0.097      0.001     9.0218    109.598     35.255  35.400348     4.0196      8.470   216.5827 4.6638e+02     2.2914     -0.096     -0.138    25.2002 0.0000e+00
     -0.097     -0.002     9.0110    109.465     35.268  35.412958     4.0225      8.471   213.8381 4.6878e+02     2.2416     -0.094     -0.135    25.2009 0.0000e+00
     -0.100     -0.002     9.0055    109.396     35.256  35.400370     4.0163      8.472   208.8063 4.6933e+02     2.2393     -0.098     -0.143    25.2007 0.0000e+00
     -0.103      0.002     9.0085    109.434     35.230  35.375190     4.0277      8.472   205.3019 4.6726e+02     2.2642     -0.101     -0.146    25.2007 0.0000e+00
     -0.104      0.010     9.0197    109.577     35.215  35.362591     4.0590      8.473   204.3339 4.6618e+02     2.2674     -0.102     -0.147    25.2002 0.0000e+00
     -0.104      0.020     9.0286    109.694     35.225  35.375076     4.0644      8.473   204.7591 4.6581e+02     2.2778     -0.104     -0.150    25.1991 0.0000e+00
     -0.098      0.031     9.0369    109.802     35.247  35.399110     4.0563      8.473   205.6248 4.6437e+02     2.2679     -0.099     -0.142    25.1976 0.0000e+00
     -0.086      0.042     9.0432    109.882     35.246  35.399100     4.0898      8.471   206.3688 4.6252e+02     2.2398     -0.085     -0.124    25.1980 0.0000e+00
     -0.070      0.052     9.0418    109.866     35.221  35.374960     4.1570      8.468   206.9587 4.5927e+02     2.2425     -0.069     -0.100    25.2018 0.0000e+00
     -0.054      0.059     9.0398    109.843     35.206  35.361319     4.1984      8.464   205.5296 4.4045e+02     2.2701     -0.053     -0.076    25.2070 0.0000e+00
     -0.037      0.062     9.0364    109.802     35.206  35.361215     4.2038      8.460   202.3395 4.0988e+02     2.2993     -0.036     -0.052    25.2108 0.0000e+00
     -0.021      0.063     9.0225    109.633     35.219  35.373701     4.2307      8.457   199.1035 3.9286e+02     2.2902     -0.020     -0.029    25.2126 0.0000e+00
     -0.006      0.064     8.9978    109.331     35.231  35.385240     4.2946      8.456   195.9153 3.8489e+02     2.2517     -0.006     -0.007    25.2130 0.0000e+00
      0.010      0.066     8.9662    108.946     35.220  35.373690     4.3329      8.455   194.2492 3.7503e+02     2.2608      0.009      0.013    25.2131 0.0000e+00
      0.026      0.070     8.9319    108.528     35.208  35.361091     4.3349      8.453   194.7034 3.6345e+02     2.2787      0.025      0.036    25.2131 0.0000e+00
      0.043      0.074     8.8995    108.133     35.207  35.359946     4.3473      8.452   195.6434 3.4920e+02     2.2537      0.043      0.062    25.2130 0.0000e+00
      0.062      0.078     8.8698    107.773     35.208  35.359851     4.3723      8.453   195.5474 3.3458e+02     2.2339      0.059      0.086    25.2129 0.0000e+00
      0.085      0.080     8.8407    107.418     35.208  35.359936     4.3885      8.454   194.6613 3.1982e+02     2.2527      0.082      0.118    25.2120 0.0000e+00
      0.109      0.080     8.8149    107.104     35.209  35.360976     4.3963      8.455   194.2214 3.0610e+02     2.2974      0.109      0.157    25.2114 0.0000e+00
      0.130      0.080     8.7986    106.905     35.220  35.372431     4.3937      8.456   194.6171 2.9525e+02     2.3170      0.128      0.186    25.2108 0.0000e+00
      0.149      0.079     8.7955    106.866     35.220  35.371381     4.3837      8.457   195.8324 2.8545e+02     2.3070      0.145      0.211    25.2101 0.0000e+00
      0.168      0.077     8.8004    106.924     35.197  35.348282     4.3775      8.457   196.9555 2.7611e+02     2.2990      0.165      0.240    25.2102 0.0000e+00
      0.186      0.075     8.8058    106.991     35.196  35.347232     4.3821      8.458   197.6127 2.6782e+02     2.3113      0.183      0.264    25.2099 0.0000e+00
      0.205      0.073     8.8123    107.070     35.207  35.358687     4.4026      8.460   197.6702 2.5925e+02     2.3332      0.201      0.290    25.2093 0.0000e+00
      0.226      0.073     8.8202    107.167     35.208  35.359728     4.5064      8.461   196.5317 2.5090e+02     2.3197      0.223      0.324    25.2087 0.0000e+00
      0.245      0.073     8.8278    107.259     35.209  35.359822     4.6811      8.460   196.5820 2.4428e+02     2.3006      0.242      0.351    25.2085 0.0000e+00
      0.261      0.074     8.8338    107.329     35.209  35.359831     4.7695      8.458   198.1920 2.3838e+02     2.3157      0.255      0.369    25.2087 0.0000e+00
      0.277      0.074     8.8366    107.361     35.210  35.359832     4.7840      8.456   198.7040 2.3195e+02     2.3193      0.270      0.392    25.2091 0.0000e+00
      0.296      0.074     8.8366    107.357     35.211  35.359832     4.8193      8.455   198.5560 2.2509e+02     2.2826      0.288      0.418    25.2094 0.0000e+00
      0.318      0.074     8.8371    107.360     35.213  35.359834     4.8572      8.455   199.2425 2.1781e+02     2.2389      0.312      0.452    25.2088 0.0000e+00
      0.340      0.073     8.8404    107.397     35.214  35.359844     4.8654      8.456   200.0358 2.1110e+02     2.2490      0.335      0.485    25.2083 0.0000e+00
      0.358      0.070     8.8441    107.441     35.214  35.359958     4.8725      8.458   200.4039 2.0557e+02     2.2820      0.351      0.507    25.2070 0.0000e+00
      0.374      0.067     8.8493    107.503     35.215  35.361207     4.9885      8.459   201.2845 2.0036e+02     2.2715      0.367      0.532    25.2046 0.0000e+00
      0.390      0.063     8.8578    107.604     35.230  35.374952     5.1935      8.460   202.8536 1.9516e+02     2.2445      0.383      0.556    25.2025 0.0000e+00
      0.405      0.061     8.8637    107.674     35.255  35.399101     5.3104      8.462   204.5769 1.9044e+02     2.2295      0.397      0.576    25.2014 0.0000e+00
      0.420      0.060     8.8612    107.643     35.256  35.399101     5.3269      8.464   205.4285 1.8598e+02     2.2431      0.411      0.595    25.2008 0.0000e+00
      0.435      0.060     8.8516    107.524     35.232  35.374953     5.2915      8.464   204.0306 1.8161e+02     2.2867      0.426      0.617    25.2004 0.0000e+00
      0.450      0.060     8.8398    107.379     35.219  35.361209     5.2315      8.462   200.9253 1.7781e+02     2.2992      0.443      0.642    25.1998 0.0000e+00
      0.465      0.064     8.8271    107.223     35.218  35.359959     5.2175      8.458   199.1144 1.7462e+02     2.2418      0.457      0.662    25.1989 0.0000e+00
      0.480      0.070     8.8111    107.027     35.218  35.359846     5.2232      8.453   199.5151 1.7159e+02     2.2042      0.470      0.682    25.1982 0.0000e+00
      0.495      0.078     8.7936    106.814     35.219  35.359845     5.2272      8.451   200.4359 1.6761e+02     2.3016      0.484      0.702    25.1973 0.0000e+00
      0.515      0.086     8.7833    106.689     35.219  35.359949     5.2467      8.451   201.2998 1.6192e+02     2.4421      0.503      0.728    25.1964 0.0000e+00
      0.541      0.092     8.7862    106.723     35.220  35.361095     5.2574      8.451   202.2172 1.5567e+02     2.4997      0.530      0.768    25.1957 0.0000e+00
      0.570      0.095     8.8017    106.911     35.233  35.373695     5.2559      8.452   202.8373 1.5017e+02     2.5096      0.560      0.811    25.1947 0.0000e+00
      0.598      0.094     8.8240    107.182     35.244  35.385253     5.2555      8.453   203.2915 1.4535e+02     2.5010      0.587      0.851    25.1945 0.0000e+00
      0.624      0.088     8.8455    107.443     35.233  35.373798     5.2994      8.454   203.5793 1.4107e+02     2.4567      0.613      0.889    25.1944 0.0000e+00
      0.646      0.080     8.8665    107.698     35.222  35.362241     5.3906      8.455   202.8753 1.3767e+02     2.3710      0.635      0.922    25.1937 0.0000e+00
      0.663      0.073     8.8890    107.971     35.232  35.372558     5.4485      8.457   202.4367 1.3503e+02     2.3191      0.652      0.946    25.1934 0.0000e+00
      0.678      0.069     8.9095    108.218     35.232  35.371499     5.4664      8.457   203.3520 1.3259e+02     2.3175      0.665      0.964    25.1935 0.0000e+00
      0.691      0.068     8.9219    108.368     35.210  35.349432     5.5433      8.458   204.3059 1.2984e+02     2.2903      0.678      0.983    25.1936 0.0000e+00
      0.706      0.069     8.9225    108.375     35.220  35.359836     5.6793      8.458   205.2803 1.2625e+02     2.2648      0.690      1.001    25.1937 0.0000e+00
      0.725      0.070     8.9134    108.265     35.231  35.370250     5.7596      8.458   205.9273 1.2181e+02     2.2853      0.709      1.028    25.1932 0.0000e+00
      0.748      0.072     8.9012    108.116     35.210  35.348296     5.7791      8.458   205.2454 1.1786e+02     2.3239      0.735      1.066    25.1925 0.0000e+00
      0.768      0.072     8.8942    108.031     35.210  35.348476     5.7871      8.457   205.0379 1.1489e+02     2.3342      0.754      1.094    25.1920 0.0000e+00
