Data/DataNotYetUploadedToEDI/Raw_CTD/RawDownloads/072318_fcr50.cnv
* Sea-Bird SBE19plus  Data File:
* FileName = C:\DATA\072318_fcr50_0003.hex
* Software version 2.6.3.104 SB_Terminal.dll
* Temperature SN = 7809
* Conductivity SN = 7809
* System UpLoad Time = Jul 23 2018 15:33:41
* <ApplicationData>
* <Seaterm232>
# nquan = 15
# nvalues = 493                         
# units = specified
# name 0 = depFM: Depth [fresh water, m]
# name 1 = dz/dtM: Descent Rate [m/s]
# name 2 = sbeox0Mg/L: Oxygen, SBE 43 [mg/l]
# name 3 = sbeox0PS: Oxygen, SBE 43 [% saturation]
# name 4 = specc: Specific Conductance [uS/cm]
# name 5 = c0uS/cm: Conductivity [uS/cm]
# name 6 = flECO-AFL: Fluorescence, WET Labs ECO-AFL/FL [mg/m^3]
# name 7 = ph: pH
# name 8 = orp: Oxidation Reduction Potential [mV]
# name 9 = par/sat/log: PAR/Logarithmic, Satlantic
# name 10 = turbWETntu0: Turbidity, WET Labs ECO [NTU]
# name 11 = prdM: Pressure, Strain Gauge [db]
# name 12 = prdE: Pressure, Strain Gauge [psi]
# name 13 = tv290C: Temperature [ITS-90, deg C]
# name 14 = flag:  0.000e+00
# span 0 =     -0.623,      6.373       
# span 1 =     -0.043,      0.304       
# span 2 =     1.7625,    14.1957       
# span 3 =     16.660,    163.533       
# span 4 =      1.897,     48.750       
# span 5 =   1.696735,  36.454639       
# span 6 =    -0.1985,     8.9064       
# span 7 =      6.197,      8.431       
# span 8 =   258.9338,   425.3230       
# span 9 = 1.2559e-01, 7.3091e+01       
# span 10 =    -0.2636,    12.3713      
# span 11 =     -0.611,      6.257      
# span 12 =     -0.886,      9.075      
# span 13 =    11.6975,    25.1880      
# span 14 = 0.0000e+00, 0.0000e+00      
# interval = seconds: 0.25
# start_time = Jul 23 2018 13:37:18 [Instrument's time stamp, header]
# bad_flag = -9.990e-29
*END*
[from data line 97]
     -0.078      0.001     7.5183     90.799     35.220  35.140839     6.2474      8.297   267.2045 5.5814e+01     2.2727     -0.077     -0.111    24.8672 0.0000e+00
     -0.078      0.002     7.5105     90.710     35.196  35.119797     6.2606      8.302   267.4260 5.6006e+01     2.2904     -0.076     -0.110    24.8701 0.0000e+00
     -0.078      0.002     7.4992     90.579     35.150  35.075992     6.3385      8.306   267.6918 5.6206e+01     2.3118     -0.076     -0.111    24.8729 0.0000e+00
     -0.077      0.001     7.4866     90.429     35.129  35.055836     6.4625      8.303   267.5790 5.6379e+01     2.2870     -0.076     -0.110    24.8776 0.0000e+00
     -0.077      0.000     7.4716     90.245     35.141  35.066654     6.5196      8.294   267.0084 5.6599e+01     2.2643     -0.076     -0.110    24.8819 0.0000e+00
     -0.076     -0.001     7.4546     90.034     35.156  35.079746     6.5234      8.287   266.5571 5.6875e+01     2.2820     -0.075     -0.109    24.8855 0.0000e+00
     -0.076     -0.002     7.4367     89.814     35.166  35.087089     6.5273      8.282   267.0270 5.7190e+01     2.2872     -0.075     -0.109    24.8881 0.0000e+00
     -0.077     -0.003     7.4210     89.622     35.172  35.091917     6.5569      8.278   268.2158 5.7509e+01     2.2662     -0.076     -0.110    24.8902 0.0000e+00
     -0.079     -0.003     7.4100     89.485     35.156  35.074595     6.6234      8.276   268.6271 5.7723e+01     2.2420     -0.078     -0.113    24.8890 0.0000e+00
     -0.081     -0.003     7.4018     89.381     35.151  35.068206     6.6612      8.275   267.8692 5.7852e+01     2.2382     -0.080     -0.116    24.8839 0.0000e+00
     -0.081     -0.002     7.3928     89.270     35.163  35.078194     6.6556      8.276   266.7963 5.7920e+01     2.2819     -0.080     -0.116    24.8815 0.0000e+00
     -0.081     -0.001     7.3825     89.146     35.153  35.068310     6.6020      8.281   266.2378 5.7919e+01     2.3123     -0.080     -0.115    24.8797 0.0000e+00
     -0.081      0.000     7.3735     89.040     35.159  35.075740     6.5087      8.289   266.6229 5.7951e+01     2.3006     -0.080     -0.115    24.8779 0.0000e+00
     -0.081      0.001     7.3671     88.967     35.186  35.104507     6.4557      8.297   267.4945 5.8048e+01     2.2926     -0.079     -0.114    24.8759 0.0000e+00
     -0.081      0.001     7.3623     88.913     35.178  35.098533     6.4484      8.303   268.0867 5.8153e+01     2.2772     -0.079     -0.115    24.8736 0.0000e+00
     -0.081      0.001     7.3566     88.847     35.145  35.067034     6.4661      8.308   268.3624 5.8269e+01     2.2671     -0.079     -0.115    24.8733 0.0000e+00
     -0.080      0.001     7.3492     88.759     35.119  35.041252     6.5049      8.313   268.4186 5.8418e+01     2.2614     -0.079     -0.114    24.8751 0.0000e+00
     -0.080      0.002     7.3413     88.662     35.119  35.040895     6.5311      8.317   268.2497 5.8564e+01     2.2699     -0.079     -0.114    24.8778 0.0000e+00
     -0.080      0.003     7.3319     88.542     35.144  35.062720     6.5356      8.321   268.2144 5.8708e+01     2.3088     -0.079     -0.114    24.8806 0.0000e+00
     -0.079      0.003     7.3197     88.387     35.135  35.051047     6.5859      8.325   268.1637 5.8861e+01     2.3338     -0.078     -0.113    24.8822 0.0000e+00
     -0.078      0.003     7.3049     88.203     35.114  35.026792     6.6989      8.329   267.9798 5.8982e+01     2.3284     -0.076     -0.111    24.8832 0.0000e+00
     -0.077      0.004     7.2887     88.004     35.112  35.023535     6.7711      8.333   268.1427 5.9063e+01     2.3052     -0.075     -0.109    24.8835 0.0000e+00
     -0.076      0.004     7.2742     87.828     35.100  35.011662     6.7781      8.337   268.4127 5.9087e+01     2.2973     -0.074     -0.108    24.8791 0.0000e+00
     -0.075      0.003     7.2637     87.699     35.100  35.010278     6.7199      8.339   267.8021 5.9063e+01     2.2936     -0.074     -0.107    24.8727 0.0000e+00
     -0.074      0.002     7.2545     87.580     35.100  35.006802     6.6188      8.339   266.3527 5.9004e+01     2.2611     -0.073     -0.106    24.8694 0.0000e+00
     -0.073     -0.001     7.2443     87.435     35.073  34.969626     6.5762      8.342   265.4284 5.8959e+01     2.2401     -0.072     -0.104    24.8681 0.0000e+00
     -0.073     -0.004     7.2315     87.240     35.062  34.941891     6.5811      8.347   265.3165 5.8995e+01     2.2531     -0.071     -0.103    24.8684 0.0000e+00
     -0.073     -0.006     7.2154     87.005     35.063  34.925504     6.5768      8.350   265.4305 5.9028e+01     2.2661     -0.071     -0.103    24.8654 0.0000e+00
     -0.076     -0.007     7.1969     86.740     35.055  34.898504     6.5528      8.353   265.6876 5.9012e+01     2.2744     -0.074     -0.106    24.8649 0.0000e+00
     -0.081     -0.007     7.1717     86.396     35.044  34.869493     6.5202      8.356   265.1556 5.9001e+01     2.2920     -0.081     -0.117    24.8529 0.0000e+00
     -0.084     -0.006     7.1364     85.951     35.011  34.828785     6.5136      8.358   263.7314 5.8976e+01     2.2970     -0.084     -0.122    24.8201 0.0000e+00
     -0.084     -0.004     7.0941     85.441     34.970  34.787410     6.5277      8.359   262.9215 5.8943e+01     2.2735     -0.083     -0.120    24.7990 0.0000e+00
     -0.084     -0.001     7.0508     84.918     34.933  34.750351     6.6182      8.358   263.1067 5.8951e+01     2.2519     -0.083     -0.120    24.7731 0.0000e+00
     -0.084      0.001     7.0094     84.410     34.884  34.698297     6.7895      8.356   263.5616 5.9014e+01     2.2497     -0.082     -0.119    24.7389 0.0000e+00
     -0.084      0.002     6.9702     83.925     34.858  34.666181     6.8889      8.351   263.8619 5.9120e+01     2.2465     -0.082     -0.119    24.7289 0.0000e+00
     -0.083      0.002     6.9320     83.451     34.879  34.679620     6.9017      8.347   264.0705 5.9214e+01     2.2437     -0.081     -0.117    24.7339 0.0000e+00
     -0.081      0.002     6.8950     82.987     34.878  34.670217     6.8705      8.346   263.9326 5.9304e+01     2.2464     -0.079     -0.115    24.7344 0.0000e+00
     -0.081      0.002     6.8620     82.571     34.832  34.616003     6.8058      8.346   263.3982 5.9328e+01     2.2484     -0.079     -0.114    24.7272 0.0000e+00
     -0.081      0.001     6.8325     82.197     34.820  34.595772     6.7718      8.346   263.0306 5.9275e+01     2.2689     -0.079     -0.115    24.7182 0.0000e+00
     -0.081      0.001     6.8036     81.831     34.849  34.616152     6.7620      8.347   263.0149 5.9241e+01     2.3109     -0.080     -0.115    24.7086 0.0000e+00
     -0.081      0.001     6.7745     81.462     34.849  34.608324     6.6605      8.347   263.8109 5.9190e+01     2.2975     -0.079     -0.114    24.6969 0.0000e+00
     -0.081      0.001     6.7467     81.112     34.813  34.564632     6.4640      8.343   264.9981 5.9122e+01     2.1999     -0.079     -0.115    24.6842 0.0000e+00
     -0.081      0.000     6.7199     80.778     34.786  34.532494     6.3430      8.335   265.0646 5.9034e+01     2.1371     -0.080     -0.115    24.6712 0.0000e+00
     -0.080     -0.001     6.6912     80.424     34.796  34.537330     6.3275      8.325   264.3576 5.8880e+01     2.1489     -0.078     -0.114    24.6592 0.0000e+00
     -0.079     -0.002     6.6615     80.051     34.826  34.559583     6.3409      8.317   263.7626 5.8770e+01     2.1899     -0.076     -0.110    24.6481 0.0000e+00
     -0.079     -0.002     6.6329     79.686     34.823  34.547466     6.3490      8.308   263.2055 5.8667e+01     2.2356     -0.078     -0.111    24.6349 0.0000e+00
     -0.082     -0.003     6.6072     79.361     34.802  34.517844     6.3428      8.301   263.3861 5.8507e+01     2.2438     -0.081     -0.118    24.6276 0.0000e+00
     -0.084     -0.004     6.5856     79.088     34.809  34.519007     6.3393      8.299   264.4846 5.8400e+01     2.2280     -0.084     -0.122    24.6255 0.0000e+00
     -0.084     -0.005     6.5654     78.830     34.795  34.498002     6.3437      8.303   265.1289 5.8324e+01     2.2278     -0.082     -0.119    24.6133 0.0000e+00
     -0.083     -0.005     6.5437     78.548     34.761  34.454421     6.3782      8.309   265.2401 5.8311e+01     2.2713     -0.080     -0.116    24.5962 0.0000e+00
     -0.085     -0.004     6.5221     78.265     34.756  34.436682     6.4343      8.314   265.1406 5.8368e+01     2.3268     -0.083     -0.120    24.5844 0.0000e+00
     -0.088     -0.004     6.5032     78.015     34.741  34.410536     6.4618      8.318   264.6151 5.8433e+01     2.3188     -0.088     -0.127    24.5779 0.0000e+00
     -0.090     -0.004     6.4839     77.763     34.732  34.392353     6.4617      8.320   264.3051 5.8485e+01     2.2968     -0.089     -0.128    24.5692 0.0000e+00
     -0.090     -0.003     6.4604     77.462     34.756  34.407374     6.5434      8.320   264.4901 5.8451e+01     2.3050     -0.088     -0.127    24.5524 0.0000e+00
     -0.090     -0.002     6.4337     77.122     34.761  34.401589     6.7239      8.320   264.6154 5.8428e+01     2.2958     -0.089     -0.128    24.5348 0.0000e+00
     -0.090     -0.002     6.4064     76.774     34.755  34.385903     6.8337      8.323   264.2718 5.8557e+01     2.2779     -0.088     -0.128    24.5191 0.0000e+00
     -0.090     -0.002     6.3780     76.412     34.788  34.408262     6.8421      8.323   263.8629 5.8667e+01     2.2713     -0.089     -0.129    24.5048 0.0000e+00
     -0.090     -0.001     6.3520     76.081     34.808  34.417833     6.7794      8.320   263.8876 5.8542e+01     2.2465     -0.089     -0.128    24.4925 0.0000e+00
     -0.091      0.001     6.3343     75.851     34.773  34.374575     6.6639      8.314   263.6237 5.8263e+01     2.1910     -0.090     -0.130    24.4781 0.0000e+00
     -0.092      0.003     6.3202     75.671     34.733  34.329849     6.6032      8.306   262.9097 5.8072e+01     2.1504     -0.092     -0.133    24.4628 0.0000e+00
     -0.092      0.005     6.3046     75.478     34.728  34.321670     6.5966      8.301   262.7403 5.8022e+01     2.1210     -0.092     -0.133    24.4484 0.0000e+00
     -0.089      0.007     6.2885     75.280     34.748  34.339191     6.6578      8.304   263.1241 5.7937e+01     2.1111     -0.088     -0.127    24.4330 0.0000e+00
     -0.085      0.008     6.2717     75.070     34.765  34.351145     6.8008      8.313   263.5915 5.7842e+01     2.1530     -0.083     -0.120    24.4200 0.0000e+00
     -0.082      0.008     6.2532     74.833     34.761  34.339169     6.8921      8.322   263.6590 5.7822e+01     2.1691     -0.081     -0.117    24.4119 0.0000e+00
     -0.081      0.007     6.2343     74.589     34.751  34.321406     6.8976      8.326   262.6508 5.7784e+01     2.1526     -0.080     -0.115    24.4080 0.0000e+00
     -0.081      0.005     6.2172     74.368     34.766  34.326920     6.8031      8.327   261.2096 5.7733e+01     2.1680     -0.079     -0.115    24.4065 0.0000e+00
     -0.080      0.003     6.2023     74.173     34.790  34.342303     6.6233      8.324   260.6021 5.7685e+01     2.2030     -0.079     -0.114    24.4014 0.0000e+00
     -0.079      0.003     6.1890     74.000     34.771  34.316835     6.5249      8.317   260.5533 5.7601e+01     2.2399     -0.078     -0.112    24.3887 0.0000e+00
     -0.078      0.004     6.1777     73.851     34.734  34.273049     6.5234      8.308   260.5339 5.7487e+01     2.2780     -0.077     -0.111    24.3743 0.0000e+00
     -0.078      0.005     6.1693     73.737     34.725  34.257506     6.5309      8.301   260.4539 5.7392e+01     2.2973     -0.076     -0.111    24.3621 0.0000e+00
     -0.077      0.006     6.1604     73.617     34.730  34.255928     6.5414      8.297   260.3598 5.7359e+01     2.2603     -0.076     -0.110    24.3509 0.0000e+00
     -0.076      0.007     6.1501     73.481     34.735  34.253966     6.5590      8.297   260.2570 5.7319e+01     2.2273     -0.075     -0.108    24.3408 0.0000e+00
     -0.073      0.009     6.1418     73.369     34.720  34.233770     6.5786      8.300   259.9845 5.7239e+01     2.2636     -0.071     -0.103    24.3307 0.0000e+00
     -0.070      0.009     6.1340     73.264     34.695  34.202273     6.5943      8.303   259.9055 5.7246e+01     2.2727     -0.069     -0.100    24.3205 0.0000e+00
     -0.067      0.009     6.1251     73.146     34.690  34.190718     6.6384      8.302   259.9892 5.7343e+01     2.2452     -0.067     -0.095    24.3114 0.0000e+00
     -0.064      0.009     6.1154     73.016     34.727  34.221088     6.7168      8.299   260.4804 5.7446e+01     2.2363     -0.062     -0.090    24.3019 0.0000e+00
     -0.062      0.008     6.1055     72.884     34.766  34.251877     6.7610      8.295   261.4572 5.7535e+01     2.2263     -0.060     -0.088    24.2930 0.0000e+00
     -0.060      0.008     6.0955     72.754     34.766  34.245385     6.7676      8.291   261.6466 5.7590e+01     2.2463     -0.059     -0.086    24.2842 0.0000e+00
     -0.059      0.008     6.0871     72.645     34.859  34.333145     6.7421      8.296   261.0505 5.7633e+01     2.2649     -0.058     -0.084    24.2748 0.0000e+00
     -0.058      0.013     6.0843     72.620     35.204  34.677787     6.6829      8.319   260.1003 5.7683e+01     2.2077     -0.058     -0.084    24.2649 0.0000e+00
     -0.057      0.025     6.0986     72.871     35.600  35.109451     6.6488      8.348   258.9338 5.7709e+01     2.1342     -0.055     -0.080    24.2542 0.0000e+00
     -0.054      0.043     6.1950     74.255     35.672  35.296607     6.6422      8.363   259.1634 5.7634e+01     2.1082     -0.053     -0.078    24.2445 0.0000e+00
     -0.048      0.063     6.4808     78.027     35.496  35.289344     6.5852      8.366   260.6392 5.6524e+01     2.1989     -0.051     -0.075    24.2390 0.0000e+00
     -0.029      0.083     6.9833     84.389     35.339  35.275969     6.4737      8.368   261.1186 5.2390e+01     2.3761     -0.033     -0.049    24.2336 0.0000e+00
      0.004      0.099     7.6131     92.200     35.239  35.262152     6.4072      8.374   260.6582 4.6008e+01     2.4498      0.003      0.004    24.2564 0.0000e+00
      0.041      0.110     8.2531    100.065     35.180  35.249444     6.4055      8.383   260.0631 4.1385e+01     2.4494      0.041      0.060    24.4324 0.0000e+00
      0.075      0.115     8.8180    106.979     35.156  35.249421     6.4719      8.392   259.3436 3.9472e+01     2.4323      0.076      0.110    24.7275 0.0000e+00
      0.103      0.119     9.2639    112.424     35.155  35.261912     6.5846      8.403   259.3576 3.8008e+01     2.3658      0.103      0.150    24.9385 0.0000e+00
      0.125      0.122     9.5670    116.123     35.160  35.273452     6.6372      8.411   260.3188 3.6405e+01     2.3162      0.123      0.178    25.0448 0.0000e+00
      0.150      0.127     9.7065    117.831     35.144  35.261911     6.6388      8.413   261.4143 3.4807e+01     2.2904      0.144      0.208    25.1028 0.0000e+00
      0.183      0.132     9.6913    117.656     35.129  35.249416     6.6505      8.413   262.1066 3.2830e+01     2.2678      0.176      0.256    25.1311 0.0000e+00
      0.224      0.134     9.5706    116.192     35.128  35.249417     6.7045      8.412   262.4946 3.0881e+01     2.2560      0.219      0.318    25.1471 0.0000e+00
      0.268      0.130     9.4038    114.166     35.141  35.261932     6.7872      8.415   263.0080 2.9213e+01     2.2392      0.262      0.382    25.1554 0.0000e+00
      0.307      0.122     9.2344    112.107     35.154  35.273691     6.8231      8.420   263.2380 2.7904e+01     2.2177      0.306      0.444    25.1623 0.0000e+00
      0.336      0.113     9.0868    110.314     35.145  35.264546     6.8262      8.421   263.2109 2.7142e+01     2.2094      0.334      0.483    25.1667 0.0000e+00
