Data/DataNotYetUploadedToEDI/Raw_CTD/RawDownloads/072320_bvr50.cnv
* Sea-Bird SBE19plus  Data File:
* FileName = C:\DATA\SBE19plus_01907809_2020_07_23_0001.hex
* Software version 2.8.0.119
* Temperature SN = 7809
* Conductivity SN = 7809
* System UpLoad Time = Jul 23 2020 16:44:52
* <ApplicationData>
* <Seaterm232>
# nquan = 16
# nvalues = 3266                        
# units = specified
# name 0 = depFM: Depth [fresh water, m]
# name 1 = dz/dtM: Descent Rate [m/s]
# name 2 = sbeox0ML/L: Oxygen, SBE 43 [ml/l]
# name 3 = sbeox0PS: Oxygen, SBE 43 [% saturation]
# name 4 = specc: Specific Conductance [uS/cm]
# name 5 = c0uS/cm: Conductivity [uS/cm]
# name 6 = flECO-AFL: Fluorescence, WET Labs ECO-AFL/FL [mg/m^3]
# name 7 = ph: pH
# name 8 = orp: Oxidation Reduction Potential [mV]
# name 9 = par/sat/log: PAR/Logarithmic, Satlantic
# name 10 = turbWETntu0: Turbidity, WET Labs ECO [NTU]
# name 11 = prdM: Pressure, Strain Gauge [db]
# name 12 = prdE: Pressure, Strain Gauge [psi]
# name 13 = tv290C: Temperature [ITS-90, deg C]
# name 14 = density00: Density [density, kg/m^3]
# name 15 = flag:  0.000e+00
# span 0 =     -0.689,     10.897       
# span 1 =     -0.353,      0.218       
# span 2 =     0.0204,     6.4568       
# span 3 =      0.308,    107.831       
# span 4 =      1.599,    136.282       
# span 5 =   1.643561,  94.052008       
# span 6 =    -0.9995,    40.0949       
# span 7 =      6.441,      7.264       
# span 8 = -1240.7455,   888.3397       
# span 9 = 1.2351e-01, 5.2196e+02       
# span 10 =    -0.3203,     8.4539      
# span 11 =     -0.677,     10.687      
# span 12 =     -0.982,     15.500      
# span 13 =     9.4888,    27.4885      
# span 14 =   996.3989,   999.8456      
# span 15 = 0.0000e+00, 0.0000e+00      
# interval = seconds: 0.25
# start_time = Jul 22 2020 22:34:42 [Instrument's time stamp, header]
# bad_flag = -9.990e-29
*END*
[from data line 1718]
      9.709      0.034     0.0456      0.537    108.394  75.750802     0.8622      6.738   -51.1347 1.2368e-01     2.1568      9.521     13.808     9.9488   999.7920 0.0000e+00
      9.720      0.032     0.0444      0.520    108.467  75.783407     0.8637      6.737   -51.1824 1.2370e-01     2.1537      9.531     13.824     9.9568   999.7914 0.0000e+00
      9.730      0.030     0.0422      0.487    108.547  75.826619     0.8682      6.737   -51.2884 1.2364e-01     2.2273      9.542     13.840     9.9580   999.7913 0.0000e+00
      9.738      0.029     0.0427      0.455    108.652  75.891752     0.8782      6.737   -51.3830 1.2361e-01     2.2565      9.550     13.851     9.9504   999.7920 0.0000e+00
      9.744      0.028     0.0429      0.450    108.723  75.935056     0.8798      6.737   -51.4666 1.2359e-01     2.2324      9.556     13.860     9.9393   999.7931 0.0000e+00
      9.748      0.028     0.0415      0.458    108.781  75.968681     0.9070      6.736   -51.6106 1.2360e-01     2.2455      9.560     13.866     9.9305   999.7939 0.0000e+00
      9.753      0.032     0.0392      0.468    108.901  76.043953     0.9681      6.734   -51.6615 1.2370e-01     2.2427      9.564     13.871     9.9250   999.7944 0.0000e+00
      9.760      0.037     0.0340      0.469    109.060  76.145696     1.0082      6.734   -51.6516 1.2377e-01     2.1984      9.571     13.881     9.9216   999.7948 0.0000e+00
      9.770      0.041     0.0362      0.470    109.125  76.181454     1.0202      6.734   -51.8349 1.2371e-01     2.1913      9.580     13.895     9.9190   999.7951 0.0000e+00
      9.784      0.042     0.0356      0.484    109.103  76.158352     1.0081      6.733   -52.1576 1.2361e-01     2.2593      9.593     13.914     9.9157   999.7955 0.0000e+00
      9.800      0.039     0.0374      0.496    109.056  76.120709     0.9666      6.732   -52.3699 1.2364e-01     2.3684      9.611     13.940     9.9121   999.7960 0.0000e+00
      9.814      0.034     0.0376      0.521    109.042  76.107830     0.9288      6.732   -52.4224 1.2370e-01     2.4123      9.627     13.963     9.9078   999.7965 0.0000e+00
      9.821      0.028     0.0358      0.551    109.077  76.129800     0.9224      6.731   -52.5346 1.2369e-01     2.3772      9.633     13.972     9.9029   999.7969 0.0000e+00
      9.823      0.023     0.0396      0.551    109.082  76.131995     0.9275      6.730   -52.7794 1.2367e-01     2.3562      9.633     13.972     9.8992   999.7972 0.0000e+00
      9.823      0.019     0.0385      0.537    109.087  76.134372     0.9335      6.729   -52.9731 1.2371e-01     2.3297      9.632     13.971     9.8970   999.7974 0.0000e+00
      9.826      0.018     0.0405      0.536    109.122  76.158545     0.9465      6.728   -53.0696 1.2372e-01     2.2979      9.635     13.975     9.8958   999.7975 0.0000e+00
      9.832      0.020     0.0454      0.524    109.138  76.169915     0.9515      6.726   -53.1729 1.2367e-01     2.2800      9.642     13.985     9.8949   999.7976 0.0000e+00
      9.840      0.021     0.0442      0.503    109.103  76.144682     0.9472      6.726   -53.1895 1.2364e-01     2.2165      9.649     13.995     9.8944   999.7977 0.0000e+00
      9.847      0.021     0.0411      0.480    109.049  76.107801     0.9419      6.725   -53.1840 1.2365e-01     2.1486      9.657     14.007     9.8941   999.7977 0.0000e+00
      9.854      0.019     0.0433      0.442    109.044  76.105510     0.9351      6.722   -53.3643 1.2363e-01     2.1451      9.664     14.017     9.8940   999.7978 0.0000e+00
      9.859      0.015     0.0419      0.432    109.057  76.116977     0.9317      6.720   -53.5628 1.2361e-01     2.1741      9.669     14.024     9.8937   999.7979 0.0000e+00
      9.860      0.011     0.0387      0.448    109.058  76.119282     0.9483      6.718   -53.6913 1.2363e-01     2.1912      9.671     14.026     9.8932   999.7979 0.0000e+00
      9.861      0.008     0.0401      0.459    109.078  76.133373     0.9827      6.716   -53.8849 1.2366e-01     2.2483      9.670     14.025     9.8933   999.7978 0.0000e+00
      9.862      0.007     0.0330      0.489    109.117  76.160183     1.0042      6.715   -54.0966 1.2364e-01     2.3494      9.671     14.027     9.8944   999.7978 0.0000e+00
      9.864      0.008     0.0330      0.521    109.159  76.189088     0.9987      6.714   -54.2726 1.2362e-01     2.3835      9.673     14.030     9.8959   999.7977 0.0000e+00
      9.865      0.012     0.0370      0.517    109.218  76.228511     0.9922      6.713   -54.3781 1.2362e-01     2.3518      9.674     14.032     9.8964   999.7976 0.0000e+00
      9.866      0.016     0.0347      0.501    109.263  76.255321     0.9834      6.710   -54.4271 1.2362e-01     2.3433      9.674     14.032     9.8962   999.7976 0.0000e+00
      9.871      0.020     0.0387      0.490    109.276  76.258887     0.9594      6.707   -54.6920 1.2366e-01     2.3843      9.678     14.037     9.8959   999.7977 0.0000e+00
      9.878      0.022     0.0428      0.472    109.300  76.271618     0.9394      6.706   -55.0856 1.2370e-01     2.4359      9.687     14.050     9.8956   999.7978 0.0000e+00
      9.888      0.022     0.0414      0.461    109.317  76.282072     0.9328      6.705   -55.3145 1.2366e-01     2.4179      9.697     14.064     9.8954   999.7979 0.0000e+00
      9.895      0.021     0.0387      0.452    109.282  76.258108     0.9373      6.704   -55.5666 1.2363e-01     2.3024      9.706     14.076     9.8935   999.7981 0.0000e+00
      9.899      0.019     0.0400      0.440    109.246  76.236227     0.9459      6.703   -55.9834 1.2363e-01     2.2071      9.709     14.081     9.8905   999.7984 0.0000e+00
      9.901      0.018     0.0367      0.469    109.289  76.271856     0.9508      6.702   -56.3101 1.2366e-01     2.1935      9.710     14.083     9.8881   999.7986 0.0000e+00
      9.904      0.018     0.0360      0.517    109.334  76.307382     0.9491      6.702   -56.4192 1.2371e-01     2.2068      9.714     14.088     9.8875   999.7987 0.0000e+00
      9.907      0.019     0.0374      0.544    109.296  76.284251     0.9451      6.705   -56.6146 1.2376e-01     2.1615      9.715     14.090     9.8877   999.7987 0.0000e+00
      9.912      0.019     0.0323      0.559    109.233  76.246525     0.9398      6.708   -56.9510 1.2372e-01     2.0237      9.718     14.095     9.8888   999.7986 0.0000e+00
      9.921      0.018     0.0366      0.547    109.199  76.232774     0.9325      6.710   -57.2167 1.2371e-01     1.9139      9.730     14.112     9.8924   999.7983 0.0000e+00
      9.929      0.017     0.0427      0.523    109.201  76.245179     0.9238      6.711   -57.3331 1.2374e-01     1.8642      9.741     14.128     9.8951   999.7982 0.0000e+00
      9.932      0.014     0.0419      0.514    109.227  76.269353     0.9212      6.710   -57.3256 1.2369e-01     1.8346      9.741     14.128     9.8952   999.7981 0.0000e+00
      9.932      0.011     0.0460      0.499    109.231  76.270709     0.9385      6.709   -57.3846 1.2364e-01     1.8640      9.739     14.125     9.8976   999.7979 0.0000e+00
      9.933      0.008     0.0438      0.494    109.226  76.261578     0.9611      6.709   -57.5291 1.2364e-01     1.9111      9.741     14.127     9.9031   999.7974 0.0000e+00
      9.935      0.006     0.0399      0.490    109.268  76.286113     0.9652      6.708   -57.6111 1.2368e-01     1.9237      9.743     14.130     9.9088   999.7969 0.0000e+00
      9.937      0.006     0.0420      0.470    109.313  76.313006     0.9504      6.706   -57.6866 1.2371e-01     1.9479      9.745     14.133     9.9121   999.7966 0.0000e+00
      9.939      0.007     0.0386      0.467    109.349  76.332390     0.8962      6.705   -57.8396 1.2364e-01     1.9629      9.747     14.137     9.9105   999.7968 0.0000e+00
      9.941      0.009     0.0387      0.493    109.444  76.393294     0.8247      6.704   -57.9131 1.2356e-01     1.9343      9.750     14.141     9.9073   999.7971 0.0000e+00
      9.942      0.013     0.0404      0.519    109.569  76.477096     0.8014      6.703   -57.9734 1.2359e-01     1.9444      9.751     14.143     9.9051   999.7973 0.0000e+00
      9.943      0.018     0.0362      0.539    109.633  76.518983     0.8050      6.701   -58.1379 1.2364e-01     1.9827      9.750     14.142     9.9036   999.7975 0.0000e+00
      9.947      0.024     0.0357      0.546    109.639  76.518210     0.8115      6.700   -58.2678 1.2367e-01     1.9855      9.753     14.146     9.9014   999.7977 0.0000e+00
      9.955      0.029     0.0397      0.534    109.670  76.531345     0.8423      6.699   -58.3390 1.2366e-01     2.0129      9.762     14.158     9.8979   999.7981 0.0000e+00
      9.965      0.034     0.0410      0.534    109.709  76.550603     0.8713      6.697   -58.3969 1.2362e-01     2.0724      9.771     14.172     9.8963   999.7983 0.0000e+00
      9.978      0.036     0.0428      0.545    109.726  76.560284     0.8663      6.696   -58.4509 1.2362e-01     2.0876      9.785     14.192     9.8963   999.7984 0.0000e+00
      9.990      0.035     0.0444      0.535    109.755  76.584803     0.8685      6.695   -58.4762 1.2366e-01     2.0939      9.799     14.212     9.8942   999.7986 0.0000e+00
      9.999      0.033     0.0415      0.520    109.754  76.592710     0.8982      6.694   -58.5301 1.2370e-01     2.1488      9.806     14.223     9.8893   999.7991 0.0000e+00
     10.005      0.029     0.0412      0.500    109.743  76.592306     0.9299      6.692   -58.6726 1.2369e-01     2.2016      9.812     14.231     9.8845   999.7996 0.0000e+00
     10.011      0.027     0.0449      0.464    109.814  76.643519     0.9564      6.690   -58.9088 1.2364e-01     2.2174      9.817     14.238     9.8832   999.7997 0.0000e+00
     10.016      0.026     0.0420      0.451    109.911  76.703214     0.9602      6.689   -59.1494 1.2363e-01     2.1341      9.822     14.246     9.8858   999.7995 0.0000e+00
     10.022      0.027     0.0411      0.484    109.991  76.741764     0.9471      6.687   -59.2589 1.2366e-01     1.9832      9.828     14.254     9.8906   999.7991 0.0000e+00
     10.028      0.029     0.0408      0.523    110.091  76.791656     0.9411      6.686   -59.3717 1.2363e-01     1.9047      9.834     14.263     9.8949   999.7987 0.0000e+00
     10.036      0.031     0.0357      0.530    110.218  76.861319     0.9359      6.683   -59.5671 1.2361e-01     1.9057      9.842     14.275     9.8964   999.7987 0.0000e+00
     10.045      0.034     0.0340      0.518    110.365  76.948138     0.9323      6.681   -59.7276 1.2361e-01     1.9948      9.851     14.287     9.8923   999.7991 0.0000e+00
     10.054      0.037     0.0381      0.508    110.478  77.014698     0.9348      6.679   -59.8505 1.2360e-01     2.0897      9.860     14.300     9.8834   999.8000 0.0000e+00
     10.064      0.040     0.0430      0.507    110.514  77.030176     0.9374      6.678   -60.0208 1.2360e-01     2.0922      9.870     14.315     9.8739   999.8009 0.0000e+00
     10.074      0.043     0.0423      0.512    110.491  77.008093     0.9351      6.677   -60.1510 1.2364e-01     2.0927      9.879     14.329     9.8651   999.8017 0.0000e+00
     10.085      0.047     0.0408      0.507    110.579  77.065637     0.9081      6.674   -60.1349 1.2368e-01     2.1644      9.890     14.344     9.8579   999.8025 0.0000e+00
     10.097      0.051     0.0400      0.489    110.891  77.280796     0.8680      6.673   -60.1697 1.2362e-01     2.3077      9.901     14.361     9.8523   999.8030 0.0000e+00
     10.111      0.055     0.0403      0.504    111.318  77.574663     0.8598      6.671   -60.3135 1.2353e-01     2.4175      9.914     14.379     9.8481   999.8035 0.0000e+00
     10.127      0.057     0.0404      0.537    111.773  77.884342     0.8853      6.667   -60.4111 1.2358e-01     2.4270      9.930     14.403     9.8451   999.8038 0.0000e+00
     10.143      0.057     0.0417      0.529    112.194  78.163439     0.8905      6.664   -60.4891 1.2366e-01     2.3880      9.948     14.428     9.8436   999.8040 0.0000e+00
     10.159      0.054     0.0371      0.509    112.477  78.341869     0.8755      6.662   -60.5690 1.2369e-01     2.2899      9.963     14.450     9.8432   999.8043 0.0000e+00
     10.174      0.048     0.0385      0.506    112.480  78.324681     0.8855      6.659   -60.6022 1.2371e-01     2.1676      9.979     14.473     9.8422   999.8046 0.0000e+00
     10.186      0.040     0.0454      0.491    112.244  78.146386     0.9058      6.657   -60.7188 1.2373e-01     2.1101      9.992     14.493     9.8391   999.8051 0.0000e+00
     10.195      0.030     0.0417      0.469    112.083  78.030307     0.9209      6.656   -60.9464 1.2373e-01     2.1105      9.999     14.503     9.8326   999.8058 0.0000e+00
     10.201      0.021     0.0391      0.462    112.037  78.002271     0.9050      6.655   -61.1176 1.2374e-01     2.1390     10.005     14.510     9.8233   999.8068 0.0000e+00
     10.204      0.014     0.0410      0.451    111.932  77.934596     0.8473      6.654   -61.1536 1.2372e-01     2.1446     10.008     14.515     9.8138   999.8076 0.0000e+00
     10.205      0.008     0.0394      0.441    111.802  77.847988     0.8052      6.652   -61.1236 1.2362e-01     2.1101     10.008     14.515     9.8064   999.8081 0.0000e+00
     10.206      0.004     0.0360      0.459    111.700  77.781814     0.7970      6.651   -61.1841 1.2354e-01     2.0991     10.008     14.516     9.8050   999.8082 0.0000e+00
     10.206      0.003     0.0373      0.484    111.674  77.770423     0.8150      6.651   -61.2835 1.2354e-01     2.1148     10.010     14.518     9.8088   999.8079 0.0000e+00
     10.206      0.003     0.0361      0.490    111.756  77.837448     0.8408      6.650   -61.3793 1.2355e-01     2.1623     10.009     14.517     9.8116   999.8076 0.0000e+00
     10.206      0.004     0.0334      0.493    111.730  77.829098     0.8518      6.647   -61.4816 1.2351e-01     2.2268     10.008     14.516     9.8126   999.8075 0.0000e+00
     10.207      0.004     0.0363      0.495    111.496  77.669481     0.8713      6.646   -61.5740 1.2352e-01     2.2423     10.009     14.517     9.8148   999.8072 0.0000e+00
     10.208      0.004     0.0393      0.484    111.347  77.560929     0.9057      6.647   -61.7222 1.2362e-01     2.2476     10.010     14.519     9.8175   999.8070 0.0000e+00
     10.211      0.005     0.0389      0.487    111.414  77.597667     0.9334      6.647   -61.8969 1.2367e-01     2.2558     10.014     14.524     9.8220   999.8066 0.0000e+00
     10.213      0.006     0.0386      0.507    111.621  77.732121     0.9299      6.646   -62.1374 1.2363e-01     2.2050     10.016     14.527     9.8280   999.8062 0.0000e+00
     10.213      0.009     0.0406      0.513    111.985  77.978341     0.9107      6.644   -62.4790 1.2356e-01     2.1145     10.016     14.527     9.8299   999.8059 0.0000e+00
     10.213      0.015     0.0374      0.514    112.432  78.285337     0.9025      6.643   -62.8435 1.2351e-01     2.0878     10.016     14.527     9.8269   999.8060 0.0000e+00
     10.214      0.025     0.0377      0.520    112.953  78.645874     0.8968      6.642   -63.1039 1.2355e-01     2.1562     10.016     14.527     9.8213   999.8066 0.0000e+00
     10.219      0.036     0.0415      0.530    113.338  78.903444     0.8903      6.638   -63.3035 1.2366e-01     2.2202     10.019     14.532     9.8167   999.8070 0.0000e+00
     10.230      0.044     0.0404      0.535    113.211  78.792182     0.8808      6.634   -63.5369 1.2374e-01     2.2097     10.028     14.545     9.8141   999.8074 0.0000e+00
     10.249      0.046     0.0405      0.522    112.918  78.572499     0.8569      6.632   -63.6879 1.2373e-01     2.0978     10.048     14.574     9.8114   999.8080 0.0000e+00
