Data/DataNotYetUploadedToEDI/Raw_CTD/RawDownloads/072320_fcr50.cnv
* Sea-Bird SBE19plus  Data File:
* FileName = C:\DATA\SBE19plus_01907809_2020_07_23_0002.hex
* Software version 2.8.0.119
* Temperature SN = 7809
* Conductivity SN = 7809
* System UpLoad Time = Jul 23 2020 16:45:34
* <ApplicationData>
* <Seaterm232>
# nquan = 16
# nvalues = 1626                        
# units = specified
# name 0 = depFM: Depth [fresh water, m]
# name 1 = dz/dtM: Descent Rate [m/s]
# name 2 = sbeox0ML/L: Oxygen, SBE 43 [ml/l]
# name 3 = sbeox0PS: Oxygen, SBE 43 [% saturation]
# name 4 = specc: Specific Conductance [uS/cm]
# name 5 = c0uS/cm: Conductivity [uS/cm]
# name 6 = flECO-AFL: Fluorescence, WET Labs ECO-AFL/FL [mg/m^3]
# name 7 = ph: pH
# name 8 = orp: Oxidation Reduction Potential [mV]
# name 9 = par/sat/log: PAR/Logarithmic, Satlantic
# name 10 = turbWETntu0: Turbidity, WET Labs ECO [NTU]
# name 11 = prdM: Pressure, Strain Gauge [db]
# name 12 = prdE: Pressure, Strain Gauge [psi]
# name 13 = tv290C: Temperature [ITS-90, deg C]
# name 14 = density00: Density [density, kg/m^3]
# name 15 = flag:  0.000e+00
# span 0 =     -0.622,      9.736       
# span 1 =     -0.400,      0.287       
# span 2 =     0.0038,    10.7029       
# span 3 =      0.142,    180.611       
# span 4 =      0.931,    322.585       
# span 5 =   1.014350, 234.560821       
# span 6 =    -2.7748,    17.6087       
# span 7 =      6.693,      7.092       
# span 8 =  -436.0118,   563.7757       
# span 9 = 1.2340e-01, 2.3251e+03       
# span 10 =    -1.0702,   118.0826      
# span 11 =     -0.610,      9.548      
# span 12 =     -0.886,     13.848      
# span 13 =    10.8001,    29.4760      
# span 14 =   995.8133,   999.7613      
# span 15 = 0.0000e+00, 0.0000e+00      
# interval = seconds: 0.25
# start_time = Jul 23 2020 01:47:15 [Instrument's time stamp, header]
# bad_flag = -9.990e-29
*END*
[from data line 904]
      9.311      0.081     0.1985      2.524     45.978  32.938109     2.9967      6.838   184.1125 1.2371e-01    46.1239      9.132     13.245    10.8297   999.6861 0.0000e+00
      9.337      0.082     0.1927      2.510     46.041  32.981166     3.0007      6.838   183.8728 1.2358e-01    46.1025      9.161     13.286    10.8287   999.6863 0.0000e+00
      9.356      0.080     0.1944      2.490     46.124  33.038435     2.9517      6.837   183.6566 1.2353e-01    45.9555      9.177     13.310    10.8238   999.6868 0.0000e+00
      9.371      0.075     0.1967      2.477     46.244  33.122927     2.8608      6.837   183.3047 1.2351e-01    45.7199      9.188     13.327    10.8192   999.6874 0.0000e+00
      9.388      0.070     0.1956      2.494     46.324  33.177885     2.8180      6.838   182.9745 1.2345e-01    45.6231      9.206     13.353    10.8165   999.6878 0.0000e+00
      9.407      0.068     0.1946      2.511     46.351  33.195312     2.8248      6.839   182.6760 1.2342e-01    45.6776      9.226     13.381    10.8149   999.6880 0.0000e+00
      9.423      0.069     0.1934      2.501     46.456  33.270186     2.8189      6.839   182.3618 1.2342e-01    45.7601      9.241     13.403    10.8126   999.6883 0.0000e+00
      9.439      0.070     0.1900      2.468     47.060  33.702461     2.8039      6.838   182.1868 1.2348e-01    45.8320      9.255     13.423    10.8101   999.6887 0.0000e+00
      9.458      0.069     0.1936      2.407     48.601  34.805062     2.7961      6.837   182.1091 1.2351e-01    45.8603      9.274     13.451    10.8076   999.6892 0.0000e+00
      9.478      0.067     0.1957      2.317     50.633  36.258313     2.8111      6.836   181.9387 1.2350e-01    45.8616      9.296     13.484    10.8058   999.6894 0.0000e+00
      9.497      0.066     0.1940      2.187     53.614  38.391558     2.9847      6.836   181.5887 1.2358e-01    45.9514      9.315     13.510    10.8051   999.6895 0.0000e+00
      9.512      0.063     0.1924      2.040     59.364  42.509817     3.2928      6.836   181.0610 1.2364e-01    46.0870      9.328     13.529    10.8056   999.6896 0.0000e+00
      9.526      0.060     0.1868      1.892     66.356  47.520412     3.4557      6.837   180.5484 1.2363e-01    46.1273      9.341     13.547    10.8053   999.6904 0.0000e+00
      9.541      0.058     0.1812      1.728     70.818  50.723577     3.4854      6.837   180.8117 1.2363e-01    46.0960      9.356     13.570    10.8025   999.6915 0.0000e+00
      9.556      0.057     0.1698      1.552     72.450  51.903372     3.7000      6.837   181.5782 1.2364e-01    45.9830      9.372     13.592    10.8008   999.6922 0.0000e+00
      9.570      0.057     0.1575      1.375     73.020  52.322712     4.0946      6.837   181.2967 1.2362e-01    45.8245      9.385     13.611    10.8012   999.6943 0.0000e+00
      9.584      0.055     0.1478      1.201     73.328  52.554732     4.3084      6.837   180.3343 1.2360e-01    45.7253      9.398     13.631    10.8035   999.6977 0.0000e+00
      9.600      0.052     0.1341      1.033     76.497  54.835740     4.3297      6.837   180.2667 1.2358e-01    45.6759      9.413     13.653    10.8097   999.6982 0.0000e+00
      9.615      0.050     0.1202      0.875    109.140  78.250784     4.3627      6.837   180.6518 1.2357e-01    45.6402      9.430     13.677    10.8173   999.6983 0.0000e+00
      9.626      0.049     0.1064      0.702    177.249 127.142445     4.6687      6.837   180.6881 1.2365e-01    45.4996      9.442     13.694    10.8250   999.6968 0.0000e+00
      9.635      0.046     0.0929      0.527    228.506 164.083832     5.2253      6.836   180.6191 1.2371e-01    45.2802      9.447     13.703    10.8329   999.6978 0.0000e+00
      9.646      0.041     0.0794      0.423    254.095 182.788834     5.5232      6.835   180.3343 1.2363e-01    45.1843      9.458     13.718    10.8391   999.6942 0.0000e+00
      9.659      0.037     0.0678      0.376    286.745 206.710125     5.5341      6.835   179.8263 1.2351e-01    45.1989      9.474     13.741    10.8423   999.6994 0.0000e+00
      9.670      0.034     0.0563      0.338    315.524 227.996970     5.3949      6.835   178.8649 1.2346e-01    45.2851      9.485     13.757    10.8464   999.7389 0.0000e+00
      9.677      0.031     0.0368      0.306    322.585 233.748825     5.1373      6.834   177.5714 1.2351e-01    45.4366      9.490     13.764    10.8859   999.7539 0.0000e+00
      9.683      0.026     0.0313      0.290    313.978 228.094456     5.0036      6.834   176.6618 1.2359e-01    45.5202      9.495     13.771    10.9620   999.7450 0.0000e+00
      9.689      0.022     0.0293      0.308    305.726 222.477592     4.9895      6.834   176.1269 1.2362e-01    45.5063      9.502     13.781    11.0289   999.7570 0.0000e+00
      9.694      0.019     0.0254      0.343    309.412 225.412083     4.9477      6.833   176.0949 1.2364e-01    45.4395      9.507     13.789    11.1136   999.7613 0.0000e+00
      9.698      0.017     0.0237      0.361    318.731 232.573584     4.8798      6.833   176.8778 1.2364e-01    45.3314      9.510     13.793    11.2331   999.7500 0.0000e+00
      9.701      0.016     0.0204      0.358    320.682 234.560821     4.8360      6.834   177.9347 1.2359e-01    45.2287      9.514     13.798    11.3377   999.7338 0.0000e+00
      9.704      0.015     0.0234      0.383    311.547 228.423558     4.7905      6.834   178.2044 1.2359e-01    45.1597      9.517     13.803    11.3946   999.7218 0.0000e+00
      9.709      0.014     0.0264      0.437    303.728 223.009879     4.3776      6.834   177.9027 1.2360e-01    45.0800      9.520     13.809    11.4123   999.7233 0.0000e+00
      9.713      0.012     0.0291      0.470    304.373 223.557431     3.6298      6.834   177.7279 1.2359e-01    44.9861      9.526     13.816    11.4639   999.7232 0.0000e+00
      9.717      0.011     0.0257      0.482    293.475 215.512476     3.2347      6.833   176.9517 1.2355e-01    44.9518      9.530     13.821    11.5714   999.7133 0.0000e+00
      9.720      0.008     0.0277      0.512    261.511 191.842478     3.2148      6.832   175.8307 1.2349e-01    44.9400      9.532     13.824    11.6749   999.6964 0.0000e+00
      9.721      0.006     0.0345      0.568    231.039 169.014942     3.2274      6.832   174.9294 1.2349e-01    44.8090      9.533     13.826    11.7283   999.6844 0.0000e+00
      9.721      0.004     0.0364      0.599    225.348 164.225231     3.2446      6.832   173.8837 1.2354e-01    44.6039      9.533     13.826    11.7223   999.6907 0.0000e+00
      9.722      0.003     0.0359      0.584    235.317 171.049454     3.2607      6.831   173.2535 1.2356e-01    44.4857      9.534     13.827    11.7221   999.6889 0.0000e+00
      9.722      0.003     0.0373      0.565    231.143 167.850789     3.2594      6.831   173.4180 1.2357e-01    44.4447      9.534     13.827    11.7003   999.6741 0.0000e+00
      9.723      0.003     0.0445      0.570    221.693 160.934147     3.0862      6.831   174.4968 1.2357e-01    44.5202      9.535     13.829    11.5776   999.6733 0.0000e+00
      9.724      0.004     0.0473      0.565    213.895 155.241650     2.7488      6.831   175.3695 1.2353e-01    44.6763      9.536     13.831    11.4203   999.6873 0.0000e+00
      9.725      0.004     0.0449      0.535    196.462 142.568990     2.5559      6.831   174.2473 1.2355e-01    44.7183      9.537     13.832    11.3198   999.7115 0.0000e+00
      9.726      0.004     0.0417      0.529    186.022 134.963582     2.5475      6.830   171.6839 1.2356e-01    44.6862      9.538     13.834    11.2987   999.7071 0.0000e+00
      9.727      0.004     0.0442      0.544    179.172 129.954774     2.6662      6.830   168.4661 1.2353e-01    44.7342      9.539     13.835    11.2954   999.7008 0.0000e+00
      9.728      0.004     0.0449      0.550    168.862 122.432849     2.8757      6.830   164.8526 1.2357e-01    44.8525      9.540     13.837    11.2835   999.7077 0.0000e+00
      9.729      0.004     0.0395      0.538    166.217 120.454184     2.9921      6.830   161.4628 1.2363e-01    44.9150      9.541     13.837    11.2836   999.6915 0.0000e+00
      9.730      0.003     0.0400      0.518    166.107 120.308234     3.0061      6.829   157.7663 1.2360e-01    44.9398      9.542     13.839    11.2752   999.6929 0.0000e+00
      9.731      0.003     0.0424      0.523    156.019 112.954947     3.0346      6.828   154.0576 1.2352e-01    45.1188      9.543     13.841    11.2613   999.6935 0.0000e+00
      9.731      0.003     0.0425      0.568    138.550 100.277300     3.0985      6.827   150.4348 1.2352e-01    45.3961      9.543     13.841    11.2521   999.6863 0.0000e+00
      9.732      0.002     0.0418      0.613    122.728  88.789882     3.1395      6.827   146.2292 1.2355e-01    45.5120      9.544     13.842    11.2333   999.6895 0.0000e+00
      9.732      0.002     0.0391      0.636    110.170  79.653815     3.1483      6.827   143.4740 1.2353e-01    45.4903      9.544     13.843    11.2086   999.6943 0.0000e+00
      9.733      0.002     0.0382      0.644    101.335  73.212466     3.2247      6.826   142.4167 1.2347e-01    45.6142      9.544     13.844    11.1929   999.6918 0.0000e+00
      9.733      0.002     0.0442      0.646     93.667  67.633800     3.3757      6.826   140.5013 1.2348e-01    45.9113      9.545     13.845    11.1865   999.6837 0.0000e+00
      9.733      0.002     0.0478      0.649     85.691  61.848171     3.4679      6.826   137.5232 1.2357e-01    46.0957      9.545     13.844    11.1734   999.6805 0.0000e+00
      9.734      0.002     0.0492      0.651     80.004  57.722626     3.4814      6.826   135.4036 1.2353e-01    46.1616      9.546     13.845    11.1463   999.6775 0.0000e+00
      9.735      0.001     0.0498      0.661     78.964  56.954939     3.3673      6.826   134.4894 1.2345e-01    46.1238      9.547     13.846    11.1175   999.6785 0.0000e+00
      9.735      0.001     0.0494      0.670     79.763  57.522463     3.1369      6.825   133.7837 1.2349e-01    45.9473      9.547     13.846    11.0974   999.6778 0.0000e+00
      9.735      0.000     0.0504      0.680     77.487  55.881239     3.0125      6.824   132.8076 1.2358e-01    45.8478      9.547     13.846    11.0842   999.6761 0.0000e+00
      9.735 1.8781e-08     0.0496      0.725     72.421  52.229407     3.0081      6.824   131.2915 1.2363e-01    45.8823      9.547     13.847    11.0714   999.6747 0.0000e+00
      9.735 2.0660e-07     0.0510      0.793     70.590  50.905828     3.0268      6.824   129.7353 1.2363e-01    45.9533      9.547     13.846    11.0592   999.6761 0.0000e+00
      9.735 2.0660e-07     0.0523      0.857     71.332  51.435155     3.0575      6.823   129.3929 1.2362e-01    45.9844      9.547     13.846    11.0531   999.6779 0.0000e+00
      9.735 1.8781e-08     0.0508      0.942     68.454  49.355216     3.0739      6.822   129.6466 1.2357e-01    45.9488      9.546     13.845    11.0552   999.6770 0.0000e+00
      9.735 1.7074e-09     0.0549      1.043     67.359  48.557673     3.0716      6.821   128.6730 1.2355e-01    45.9010      9.547     13.847    11.0588   999.6738 0.0000e+00
      9.735 1.5522e-10     0.0624      1.125     69.184  49.859981     3.0588      6.821   126.9129 1.2363e-01    45.8521      9.548     13.848    11.0561   999.6727 0.0000e+00
      9.735 1.4111e-11     0.0646      1.202     67.884  48.908411     2.9764      6.821   125.4015 1.2366e-01    45.7696      9.547     13.847    11.0499   999.6764 0.0000e+00
      9.735 1.2828e-12     0.0719      1.302     65.635  47.276432     2.8382      6.820   125.2830 1.2362e-01    45.6595      9.548     13.848    11.0484   999.6731 0.0000e+00
      9.735 1.1662e-13     0.0813      1.386     66.876  48.162089     2.7711      6.819   126.3409 1.2358e-01    45.5860      9.547     13.847    11.0437   999.6732 0.0000e+00
      9.735 1.0602e-14     0.0872      1.422     67.531  48.629699     2.7557      6.818   126.4906 1.2358e-01    45.5669      9.547     13.847    11.0314   999.6769 0.0000e+00
      9.736 9.6364e-16     0.0913      1.446     62.745  45.180210     2.6908      6.818   125.4589 1.2358e-01    45.5996      9.547     13.847    11.0200   999.6767 0.0000e+00
      9.736 8.5893e-17     0.1008      1.460     59.937  43.154379     2.5961      6.818   124.6209 1.2358e-01    45.6726      9.547     13.847    11.0111   999.6761 0.0000e+00
      9.736 -1.098e-17     0.1097      1.470     63.338  45.598617     2.5554      6.817   124.7907 1.2359e-01    45.6950      9.547     13.847    11.0042   999.6774 0.0000e+00
      9.736 -2.077e-16     0.1088      1.497     69.596  50.099777     2.5604      6.817   124.8452 1.2359e-01    45.6990      9.547     13.847    11.0018   999.6801 0.0000e+00
      9.735 -2.292e-15     0.1123      1.527     73.100  52.618582     2.5716      6.815   123.9889 1.2354e-01    45.6517      9.547     13.847    11.0012   999.6759 0.0000e+00
      9.735 -2.522e-14     0.1129      1.553     69.309  49.887389     2.5866      6.814   122.9557 1.2356e-01    45.5003      9.547     13.847    10.9973   999.6751 0.0000e+00
      9.736 -2.774e-13     0.1124      1.592     63.785  45.909943     2.5889      6.815   121.9023 1.2362e-01    45.4147      9.547     13.847    10.9934   999.6775 0.0000e+00
      9.736 -3.051e-12     0.1155      1.634     61.875  44.534886     2.5896      6.815   120.8024 1.2360e-01    45.4400      9.548     13.848    10.9906   999.6802 0.0000e+00
      9.735 -3.357e-11     0.1185      1.659     62.089  44.690297     2.5565      6.815   120.1542 1.2355e-01    45.4288      9.547     13.847    10.9874   999.6834 0.0000e+00
      9.735 -3.692e-10     0.1191      1.675     61.537  44.297258     2.4650      6.814   119.9157 1.2355e-01    45.3131      9.547     13.846    10.9859   999.6805 0.0000e+00
      9.735 -4.061e-09     0.1225      1.662     59.402  42.766563     2.3993      6.814   119.6395 1.2357e-01    45.2083      9.546     13.846    10.9855   999.6779 0.0000e+00
      9.735 -4.468e-08     0.1275      1.640     57.701  41.545671     2.3816      6.813   118.1920 1.2362e-01    45.1919      9.547     13.847    10.9846   999.6779 0.0000e+00
      9.735 -4.914e-07     0.1271      1.646     59.186  42.612572     2.3653      6.813   116.0931 1.2366e-01    45.2170      9.547     13.846    10.9853   999.6782 0.0000e+00
      9.735     -0.000     0.1308      1.650     63.572  45.762727     2.3463      6.812   115.3420 1.2367e-01    45.2373      9.546     13.846    10.9891   999.6778 0.0000e+00
      9.735     -0.000     0.1290      1.650     66.183  47.636229     2.3326      6.812   115.4773 1.2368e-01    45.1977      9.547     13.847    10.9953   999.6760 0.0000e+00
      9.735     -0.001     0.1245      1.683     64.129  46.154319     2.3237      6.812   115.4926 1.2363e-01    45.1152      9.547     13.846    11.0011   999.6745 0.0000e+00
      9.735     -0.002     0.1279      1.725     60.746  43.718021     2.3237      6.813   114.1500 1.2357e-01    45.0296      9.548     13.847    10.9983   999.6752 0.0000e+00
      9.735     -0.004     0.1279      1.751     60.634  43.638722     2.3041      6.813   111.5472 1.2356e-01    44.3690      9.547     13.847    10.9902   999.6784 0.0000e+00
      9.734     -0.006     0.1256      1.758     68.789  49.512926     2.2500      6.813   110.0924 1.2358e-01    43.1358      9.546     13.846    10.9855   999.6803 0.0000e+00
      9.732     -0.007     0.1300      1.732     91.989  66.221927     2.2131      6.812   110.2403 1.2364e-01    42.4439      9.544     13.844    10.9824   999.6792 0.0000e+00
      9.728     -0.007     0.1338      1.693    119.024  85.705006     2.2197      6.812   110.5826 1.2369e-01    42.3550      9.539     13.835    10.9811   999.6773 0.0000e+00
      9.725     -0.006     0.1351      1.688    126.471  91.102320     2.3009      6.813   110.3601 1.2366e-01    42.4743      9.536     13.831    10.9821   999.6774 0.0000e+00
