Data/DataNotYetUploadedToEDI/Raw_CTD/RawDownloads/072318_fcr45.cnv
* Sea-Bird SBE19plus  Data File:
* FileName = C:\DATA\072318_fcr50_0007.hex
* Software version 2.6.3.104 SB_Terminal.dll
* Temperature SN = 7809
* Conductivity SN = 7809
* System UpLoad Time = Jul 23 2018 15:35:00
* <ApplicationData>
* <Seaterm232>
# nquan = 15
# nvalues = 737                         
# units = specified
# name 0 = depFM: Depth [fresh water, m]
# name 1 = dz/dtM: Descent Rate [m/s]
# name 2 = sbeox0Mg/L: Oxygen, SBE 43 [mg/l]
# name 3 = sbeox0PS: Oxygen, SBE 43 [% saturation]
# name 4 = specc: Specific Conductance [uS/cm]
# name 5 = c0uS/cm: Conductivity [uS/cm]
# name 6 = flECO-AFL: Fluorescence, WET Labs ECO-AFL/FL [mg/m^3]
# name 7 = ph: pH
# name 8 = orp: Oxidation Reduction Potential [mV]
# name 9 = par/sat/log: PAR/Logarithmic, Satlantic
# name 10 = turbWETntu0: Turbidity, WET Labs ECO [NTU]
# name 11 = prdM: Pressure, Strain Gauge [db]
# name 12 = prdE: Pressure, Strain Gauge [psi]
# name 13 = tv290C: Temperature [ITS-90, deg C]
# name 14 = flag:  0.000e+00
# span 0 =     -0.608,      7.411       
# span 1 =     -0.147,      0.147       
# span 2 =     1.3031,    13.6911       
# span 3 =     12.376,    161.087       
# span 4 =      0.675,     50.485       
# span 5 =   0.625410,  36.879908       
# span 6 =    -0.2021,    10.0006       
# span 7 =      6.152,      8.544       
# span 8 =    53.3908,   307.9206       
# span 9 = 1.2551e-01, 3.0751e+02       
# span 10 =    -0.4803,    18.7990      
# span 11 =     -0.596,      7.268      
# span 12 =     -0.865,     10.542      
# span 13 =    11.5161,    25.2278      
# span 14 = 0.0000e+00, 0.0000e+00      
# interval = seconds: 0.25
# start_time = Jul 23 2018 15:21:50 [Instrument's time stamp, header]
# bad_flag = -9.990e-29
*END*
[from data line 675]
      6.589      0.061     5.5566     51.125     48.329  35.402196     0.4876      6.191   300.8091 1.2564e-01    11.9994      6.462      9.372    11.6327 0.0000e+00
      6.603      0.061     5.5658     51.209     48.330  35.402196     0.4807      6.191   300.9749 1.2566e-01    11.9889      6.476      9.393    11.6304 0.0000e+00
      6.618      0.061     5.5782     51.323     48.316  35.391801     0.4772      6.190   301.0798 1.2567e-01    11.9828      6.490      9.412    11.6279 0.0000e+00
      6.634      0.062     5.5932     51.461     48.332  35.403559     0.4916      6.188   301.3030 1.2566e-01    11.9868      6.504      9.433    11.6255 0.0000e+00
      6.651      0.063     5.6082     51.598     48.351  35.417304     0.5167      6.187   301.6951 1.2562e-01    11.9766      6.522      9.459    11.6234 0.0000e+00
      6.668      0.064     5.6242     51.746     48.370  35.430946     0.5336      6.186   302.8956 1.2564e-01    11.9508      6.540      9.486    11.6226 0.0000e+00
      6.684      0.066     5.6433     51.923     48.383  35.441453     0.5394      6.186   305.2343 1.2568e-01    11.9488      6.555      9.507    11.6226 0.0000e+00
      6.699      0.066     5.6625     52.102     48.348  35.417303     0.5411      6.185   306.8274 1.2568e-01    11.9833      6.569      9.528    11.6224 0.0000e+00
      6.715      0.065     5.6808     52.272     48.313  35.393041     0.5261      6.185   307.0145 1.2566e-01    12.0008      6.584      9.550    11.6223 0.0000e+00
      6.733      0.062     5.6982     52.433     48.323  35.402197     0.4869      6.186   306.8948 1.2561e-01    11.9783      6.603      9.576    11.6220 0.0000e+00
      6.752      0.060     5.7129     52.572     48.317  35.400965     0.4621      6.186   306.4137 1.2558e-01    11.9550      6.623      9.607    11.6225 0.0000e+00
      6.768      0.058     5.7237     52.676     48.282  35.378150     0.4653      6.185   305.7571 1.2565e-01    11.9339      6.638      9.629    11.6253 0.0000e+00
      6.780      0.058     5.7309     52.741     48.287  35.380440     0.4698      6.184   305.2366 1.2567e-01    11.9055      6.648      9.643    11.6271 0.0000e+00
      6.791      0.059     5.7351     52.772     48.360  35.428654     0.4621      6.182   304.5942 1.2567e-01    11.8558      6.659      9.659    11.6266 0.0000e+00
      6.805      0.062     5.7355     52.769     48.401  35.452901     0.4543      6.181   304.4428 1.2570e-01    11.7908      6.671      9.677    11.6305 0.0000e+00
      6.820      0.069     5.7324     52.735     48.362  35.419503     0.4592      6.180   305.0409 1.2566e-01    11.7299      6.686      9.698    11.6367 0.0000e+00
      6.838      0.077     5.7254     52.665     48.350  35.405978     0.4662      6.179   305.8033 1.2562e-01    11.6682      6.706      9.726    11.6345 0.0000e+00
      6.860      0.083     5.7161     52.574     48.371  35.416413     0.4746      6.178   306.4335 1.2561e-01    11.6243      6.726      9.756    11.6268 0.0000e+00
      6.885      0.086     5.7073     52.485     48.382  35.418623     0.4778      6.178   306.8961 1.2564e-01    11.5959      6.750      9.791    11.6206 0.0000e+00
      6.911      0.087     5.6993     52.403     48.410  35.432694     0.4681      6.177   307.5243 1.2570e-01    11.5697      6.779      9.833    11.6169 0.0000e+00
      6.934      0.084     5.6912     52.321     48.455  35.459499     0.4672      6.177   307.9206 1.2571e-01    11.5215      6.802      9.866    11.6125 0.0000e+00
      6.954      0.078     5.6829     52.238     48.501  35.488611     0.4769      6.177   307.6441 1.2571e-01    11.4400      6.819      9.891    11.6068 0.0000e+00
      6.973      0.071     5.6750     52.162     48.563  35.530583     0.4840      6.177   307.1917 1.2566e-01    11.3776      6.838      9.918    11.6012 0.0000e+00
      6.991      0.062     5.6664     52.080     48.642  35.585832     0.4883      6.175   306.8385 1.2565e-01    11.3472      6.857      9.945    11.5938 0.0000e+00
      7.007      0.055     5.6567     51.988     48.730  35.648413     0.4833      6.175   306.2128 1.2566e-01    11.4382      6.873      9.968    11.5868 0.0000e+00
      7.019      0.050     5.6450     51.878     48.825  35.715526     0.4702      6.175   305.2197 1.2563e-01    11.6542      6.885      9.986    11.5820 0.0000e+00
      7.029      0.048     5.6281     51.720     48.892  35.762050     0.4674      6.175   304.6397 1.2563e-01    11.7924      6.894      9.998    11.5792 0.0000e+00
      7.037      0.048     5.6054     51.509     48.902  35.766254     0.4762      6.174   304.5343 1.2564e-01    11.8274      6.900     10.008    11.5767 0.0000e+00
      7.046      0.053     5.5791     51.261     48.907  35.766354     0.4753      6.173   304.5468 1.2561e-01    11.8332      6.909     10.021    11.5742 0.0000e+00
      7.059      0.061     5.5481     50.971     48.996  35.826778     0.4659      6.171   304.7913 1.2560e-01    11.7704      6.922     10.040    11.5726 0.0000e+00
      7.077      0.068     5.5117     50.631     49.137  35.925098     0.4638      6.170   305.1685 1.2565e-01    11.6482      6.939     10.064    11.5700 0.0000e+00
      7.098      0.073     5.4707     50.250     49.247  36.002243     0.4680      6.169   305.5792 1.2570e-01    11.5765      6.960     10.095    11.5672 0.0000e+00
      7.121      0.073     5.4279     49.854     49.331  36.060751     0.4801      6.168   306.0577 1.2570e-01    11.5746      6.984     10.130    11.5637 0.0000e+00
      7.143      0.070     5.3858     49.465     49.421  36.124311     0.5002      6.168   306.4793 1.2565e-01    11.5643      7.006     10.163    11.5586 0.0000e+00
      7.160      0.064     5.3422     49.063     49.525  36.199006     0.5185      6.169   306.5476 1.2554e-01    11.5435      7.024     10.187    11.5533 0.0000e+00
      7.175      0.057     5.2942     48.621     49.617  36.265087     0.5356      6.169   306.1951 1.2551e-01    11.5671      7.038     10.206    11.5491 0.0000e+00
      7.187      0.051     5.2410     48.130     49.650  36.288027     0.5509      6.168   305.8302 1.2559e-01    11.6062      7.048     10.222    11.5465 0.0000e+00
      7.197      0.047     5.1835     47.601     49.649  36.285795     0.5926      6.167   305.6635 1.2564e-01    11.6195      7.057     10.236    11.5446 0.0000e+00
      7.207      0.047     5.1229     47.043     49.673  36.301617     0.6631      6.166   305.3842 1.2568e-01    11.6661      7.067     10.250    11.5431 0.0000e+00
      7.218      0.049     5.0588     46.451     49.747  36.352276     0.6956      6.165   305.1206 1.2568e-01    11.7436      7.078     10.265    11.5426 0.0000e+00
      7.231      0.054     4.9928     45.840     49.892  36.453621     0.6926      6.164   304.8855 1.2565e-01    11.7623      7.091     10.283    11.5409 0.0000e+00
      7.244      0.060     4.9295     45.254     50.062  36.574061     0.6633      6.164   304.1770 1.2564e-01    11.7393      7.105     10.303    11.5389 0.0000e+00
      7.259      0.065     4.8731     44.733     50.192  36.665002     0.5984      6.163   303.5232 1.2566e-01    11.7407      7.119     10.325    11.5385 0.0000e+00
      7.277      0.067     4.8240     44.278     50.282  36.727326     0.5505      6.161   303.3474 1.2567e-01    11.7482      7.134     10.348    11.5358 0.0000e+00
      7.298      0.066     4.7787     43.861     50.323  36.755855     0.5351      6.160   303.3415 1.2563e-01    11.7383      7.156     10.378    11.5301 0.0000e+00
      7.319      0.062     4.7353     43.463     50.322  36.755834     0.5316      6.159   303.1939 1.2561e-01    11.7437      7.180     10.413    11.5250 0.0000e+00
      7.336      0.056     4.6930     43.077     50.367  36.790609     0.5358      6.157   302.8528 1.2560e-01    11.7515      7.197     10.439    11.5216 0.0000e+00
      7.347      0.048     4.6521     42.704     50.458  36.858667     0.5402      6.155   302.6590 1.2559e-01    11.7418      7.207     10.453    11.5183 0.0000e+00
      7.355      0.039     4.6088     42.308     50.485  36.879908     0.5383      6.155   302.8299 1.2564e-01    11.7483      7.214     10.461    11.5161 0.0000e+00
      7.363      0.033     4.5615     41.874     50.451  36.856857     0.5407      6.156   303.1116 1.2571e-01    11.7994      7.220     10.472    11.5171 0.0000e+00
      7.371      0.029     4.5194     41.489     50.419  36.834064     0.5696      6.156   302.9678 1.2574e-01    12.2692      7.228     10.484    11.5203 0.0000e+00
      7.378      0.026     4.4826     41.153     50.363  36.794913     0.6115      6.155   302.7261 1.2573e-01    13.1252      7.236     10.495    11.5218 0.0000e+00
      7.384      0.024     4.4439     40.804     50.224  36.701127     0.6252      6.155   302.8567 1.2572e-01    13.5736      7.242     10.503    11.5227 0.0000e+00
      7.389      0.021     4.4089     40.496     50.052  36.589510     0.6162      6.155   303.0844 1.2572e-01    13.6318      7.246     10.510    11.5249 0.0000e+00
      7.395      0.019     4.3854     40.297     49.939  36.525344     0.6312      6.154   303.0696 1.2571e-01    14.0114      7.252     10.518    11.5244 0.0000e+00
      7.400      0.016     4.3729     40.198     49.878  36.497063     0.6683      6.152   302.8503 1.2569e-01    14.6541      7.257     10.525    11.5255 0.0000e+00
      7.404      0.013     4.3708     40.188     49.870  36.501696     0.6875      6.152   302.7555 1.2568e-01    14.9634      7.260     10.531    11.5319 0.0000e+00
      7.407      0.012     4.3724     40.207     49.886  36.517841     0.6891      6.152   302.7832 1.2566e-01    14.9739      7.263     10.535    11.5472 0.0000e+00
      7.409 -9.990e-29 -9.990e-29 -9.990e-29 -9.990e-29 -9.990e-29 -9.990e-29 -9.990e-29 -9.990e-29 1.2563e-01 -9.990e-29      7.265     10.537    11.5690 0.0000e+00
      7.410 -9.990e-29 -9.990e-29 -9.990e-29 -9.990e-29 -9.990e-29 -9.990e-29 -9.990e-29 -9.990e-29 1.2564e-01 -9.990e-29      7.266     10.539    11.5855 0.0000e+00
      7.411 -9.990e-29 -9.990e-29 -9.990e-29 -9.990e-29 -9.990e-29 -9.990e-29 -9.990e-29 -9.990e-29 1.2562e-01 -9.990e-29      7.267     10.540    11.5967 0.0000e+00
      7.411 -9.990e-29 -9.990e-29 -9.990e-29 -9.990e-29 -9.990e-29 -9.990e-29 -9.990e-29 -9.990e-29 1.2559e-01 -9.990e-29      7.268     10.542    11.6019 0.0000e+00
