Data/DataNotYetUploadedToEDI/Raw_CTD/RawDownloads/072318_fcr45.cnv
* Sea-Bird SBE19plus  Data File:
* FileName = C:\DATA\072318_fcr50_0007.hex
* Software version 2.6.3.104 SB_Terminal.dll
* Temperature SN = 7809
* Conductivity SN = 7809
* System UpLoad Time = Jul 23 2018 15:35:00
* <ApplicationData>
* <Seaterm232>
# nquan = 15
# nvalues = 737                         
# units = specified
# name 0 = depFM: Depth [fresh water, m]
# name 1 = dz/dtM: Descent Rate [m/s]
# name 2 = sbeox0Mg/L: Oxygen, SBE 43 [mg/l]
# name 3 = sbeox0PS: Oxygen, SBE 43 [% saturation]
# name 4 = specc: Specific Conductance [uS/cm]
# name 5 = c0uS/cm: Conductivity [uS/cm]
# name 6 = flECO-AFL: Fluorescence, WET Labs ECO-AFL/FL [mg/m^3]
# name 7 = ph: pH
# name 8 = orp: Oxidation Reduction Potential [mV]
# name 9 = par/sat/log: PAR/Logarithmic, Satlantic
# name 10 = turbWETntu0: Turbidity, WET Labs ECO [NTU]
# name 11 = prdM: Pressure, Strain Gauge [db]
# name 12 = prdE: Pressure, Strain Gauge [psi]
# name 13 = tv290C: Temperature [ITS-90, deg C]
# name 14 = flag:  0.000e+00
# span 0 =     -0.608,      7.411       
# span 1 =     -0.147,      0.147       
# span 2 =     1.3031,    13.6911       
# span 3 =     12.376,    161.087       
# span 4 =      0.675,     50.485       
# span 5 =   0.625410,  36.879908       
# span 6 =    -0.2021,    10.0006       
# span 7 =      6.152,      8.544       
# span 8 =    53.3908,   307.9206       
# span 9 = 1.2551e-01, 3.0751e+02       
# span 10 =    -0.4803,    18.7990      
# span 11 =     -0.596,      7.268      
# span 12 =     -0.865,     10.542      
# span 13 =    11.5161,    25.2278      
# span 14 = 0.0000e+00, 0.0000e+00      
# interval = seconds: 0.25
# start_time = Jul 23 2018 15:21:50 [Instrument's time stamp, header]
# bad_flag = -9.990e-29
*END*
     -0.606 -2.797e-11     8.5910     97.001      0.862   0.798443    -0.1867      6.736    54.6085 1.4198e+02    -0.2235     -0.595     -0.862    21.3347 0.0000e+00
     -0.606 -3.077e-10     8.5913     97.004      0.825   0.765002    -0.1821      6.745    54.1946 1.4092e+02    -0.1976     -0.594     -0.862    21.3343 0.0000e+00
     -0.606 -3.384e-09     8.5908     96.999      0.763   0.707972    -0.1787      6.755    53.3908 1.3822e+02    -0.2343     -0.595     -0.863    21.3340 0.0000e+00
     -0.606 -3.723e-08     8.5904     96.994      0.733   0.679615    -0.1825      6.772    54.0965 1.3586e+02    -0.3313     -0.594     -0.862    21.3338 0.0000e+00
     -0.606 -4.095e-07     8.5911     97.002      0.729   0.675792    -0.1910      6.794    58.8548 1.3666e+02    -0.4248     -0.595     -0.862    21.3335 0.0000e+00
     -0.606     -0.000     8.5924     97.017      0.714   0.661745    -0.1904      6.814    66.0964 1.4370e+02    -0.4803     -0.595     -0.862    21.3333 0.0000e+00
     -0.606     -0.000     8.5925     97.019      0.687   0.636600    -0.1834      6.821    71.6185 1.5351e+02    -0.4521     -0.595     -0.863    21.3333 0.0000e+00
     -0.606     -0.001     8.5929     97.023      0.675   0.625410    -0.1805      6.815    74.4276 1.5379e+02    -0.3590     -0.595     -0.862    21.3332 0.0000e+00
     -0.607     -0.001     8.5940     97.036      0.705   0.653276    -0.1831      6.803    76.4869 1.4281e+02    -0.2695     -0.595     -0.863    21.3333 0.0000e+00
     -0.607     -0.001     8.5944     97.040      0.777   0.719874    -0.1870      6.794    78.5358 1.3442e+02    -0.2553     -0.595     -0.863    21.3335 0.0000e+00
     -0.607     -0.000     8.5942     97.038      0.859   0.796523    -0.1817      6.790    80.1856 1.3242e+02    -0.2790     -0.596     -0.864    21.3334 0.0000e+00
     -0.607 -1.851e-08     8.5929     97.024      0.952   0.882489    -0.1744      6.792    81.4636 1.2736e+02    -0.2812     -0.595     -0.863    21.3335 0.0000e+00
     -0.607 -2.037e-07     8.5913     97.006      1.077   0.998330    -0.1817      6.802    84.2661 1.1577e+02    -0.2821     -0.596     -0.864    21.3335 0.0000e+00
     -0.607 -1.927e-07     8.5903     96.996      1.207   1.119120    -0.1873      6.817    89.7209 1.1148e+02    -0.2596     -0.596     -0.864    21.3337 0.0000e+00
     -0.607 1.1367e-07     8.5887     96.978      1.296   1.201517    -0.1776      6.834    95.9654 1.2208e+02    -0.2223     -0.596     -0.864    21.3335 0.0000e+00
     -0.607      0.000     8.5875     96.964      1.331   1.233623    -0.1741      6.848   101.6912 1.3493e+02    -0.2888     -0.595     -0.863    21.3340 0.0000e+00
     -0.607      0.000     8.5875     96.964      1.352   1.253650    -0.1914      6.859   106.8969 1.4718e+02    -0.4226     -0.596     -0.864    21.3333 0.0000e+00
     -0.607      0.000     8.5870     96.961      1.556   1.443669    -0.2021      6.870   113.0484 1.6051e+02    -0.4673     -0.596     -0.865    21.3348 0.0000e+00
     -0.607      0.002     8.5835     96.961      2.500   2.326242    -0.1843      6.890   120.4871 1.7342e+02    -0.4323     -0.596     -0.864    21.3329 0.0000e+00
     -0.608      0.011     8.5584     96.984      8.659   8.119833    -0.1696      6.991   136.3529 1.8693e+02    -0.3660     -0.596     -0.865    21.3361 0.0000e+00
     -0.608      0.034     8.4834     97.013     21.722  20.545310    -0.1809      7.299   164.2060 1.9948e+02    -0.2763     -0.596     -0.864    21.3308 0.0000e+00
     -0.607      0.068     8.3724     97.034     32.396  30.971260    -0.1923      7.751   182.5332 2.0946e+02    -0.2022     -0.596     -0.865    21.3399 0.0000e+00
     -0.600      0.101     8.2717     97.076     35.554  34.393882    -0.1874      8.118   185.6092 2.1599e+02    -0.1711     -0.596     -0.865    21.3255 0.0000e+00
     -0.570      0.125     8.2013     97.137     35.639  34.813563    -0.1859      8.326   189.2658 2.2650e+02    -0.1442     -0.574     -0.832    21.3786 0.0000e+00
     -0.510      0.137     8.1538     97.201     35.480  34.902733    -0.1929      8.431   186.6505 2.4505e+02     0.0618     -0.502     -0.729    21.8914 0.0000e+00
     -0.444      0.136     8.1221     97.273     35.299  34.900715    -0.1893      8.471   172.6582 2.6063e+02     0.4270     -0.423     -0.612    22.7308 0.0000e+00
     -0.403      0.125     8.1028     97.352     35.193  34.916453    -0.1790      8.476   161.3622 2.6866e+02     0.6699     -0.386     -0.558    23.4250 0.0000e+00
     -0.388      0.109     8.0927     97.448     35.158  34.966155    -0.1329      8.462   155.9004 2.7282e+02     1.1378     -0.379     -0.550    23.8808 0.0000e+00
     -0.380      0.097     8.0907     97.596     35.118  34.993628     0.4233      8.435   151.2748 2.7424e+02     5.7487     -0.373     -0.541    24.2107 0.0000e+00
     -0.370      0.099     8.0974     97.817     35.064  34.994642     1.4457      8.407   150.2599 2.7444e+02    14.1524     -0.365     -0.529    24.4595 0.0000e+00
     -0.351      0.115     8.1161     98.147     35.007  34.978486     2.0094      8.391   158.1704 2.7374e+02    18.7301     -0.352     -0.509    24.6180 0.0000e+00
     -0.315      0.135     8.1462     98.582     34.927  34.925387     2.1284      8.387   170.6024 2.6951e+02    18.7990     -0.316     -0.457    24.7291 0.0000e+00
     -0.265      0.147     8.1816     99.056     34.845  34.860827     2.7752      8.391   172.2038 2.6272e+02    14.5887     -0.261     -0.378    24.8227 0.0000e+00
     -0.212      0.143     8.2190     99.538     34.806  34.833108     3.9391      8.396   161.6156 2.5658e+02     6.7956     -0.205     -0.298    24.9028 0.0000e+00
     -0.165      0.125     8.2580    100.028     34.811  34.844329     4.5751      8.402   153.9161 2.5090e+02     2.5464     -0.157     -0.228    24.9595 0.0000e+00
     -0.132      0.097     8.3115    100.684     34.833  34.869474     4.6301      8.408   152.5021 2.4762e+02     2.1532     -0.123     -0.178    24.9958 0.0000e+00
     -0.117      0.066     8.3998    101.756     34.845  34.883067     4.6314      8.413   152.2620 2.4684e+02     2.1335     -0.110     -0.160    25.0206 0.0000e+00
     -0.115      0.042     8.4964    102.925     34.845  34.881640     4.6358      8.418   152.2182 2.4594e+02     2.1559     -0.112     -0.161    25.0343 0.0000e+00
     -0.117      0.027     8.5423    103.475     34.817  34.852215     4.6378      8.421   152.3165 2.4555e+02     2.1484     -0.115     -0.166    25.0438 0.0000e+00
     -0.117      0.021     8.5225    103.225     34.750  34.781368     4.6364      8.425   152.1597 2.4621e+02     2.1346     -0.117     -0.170    25.0482 0.0000e+00
     -0.112      0.020     8.4528    102.361     34.699  34.723742     4.6286      8.430   151.8708 2.4670e+02     2.1414     -0.113     -0.165    25.0486 0.0000e+00
     -0.100      0.021     8.3436    101.024     34.709  34.727123     4.6081      8.435   151.9210 2.4611e+02     2.1698     -0.099     -0.144    25.0482 0.0000e+00
     -0.086      0.021     8.2064     99.364     34.740  34.758716     4.5819      8.438   152.2502 2.4565e+02     2.1730     -0.081     -0.117    25.0458 0.0000e+00
     -0.081      0.021     8.0464     97.440     34.764  34.788139     4.5694      8.440   152.6682 2.4665e+02     2.1190     -0.076     -0.110    25.0416 0.0000e+00
     -0.083      0.019     7.8713     95.334     34.799  34.828806     4.5752      8.442   153.1030 2.4781e+02     2.0961     -0.082     -0.120    25.0284 0.0000e+00
     -0.084      0.014     7.7038     93.314     34.837  34.869310     4.5972      8.444   153.4636 2.4757e+02     2.1411     -0.085     -0.124    25.0156 0.0000e+00
     -0.079      0.008     7.5677     91.670     34.862  34.896764     4.6342      8.447   153.8445 2.4657e+02     2.2048     -0.079     -0.115    25.0188 0.0000e+00
     -0.070      0.001     7.4746     90.543     34.871  34.906667     4.6551      8.450   154.3533 2.4670e+02     2.2554     -0.069     -0.100    25.0298 0.0000e+00
     -0.064     -0.007     7.4262     89.954     34.828  34.862008     4.6561      8.451   154.8828 2.4905e+02     2.2957     -0.059     -0.087    25.0379 0.0000e+00
     -0.067     -0.017     7.4235     89.915     34.707  34.737913     4.6827      8.452   155.4282 2.5282e+02     2.2961     -0.063     -0.090    25.0411 0.0000e+00
     -0.079     -0.028     7.4603     90.355     34.585  34.613100     4.7374      8.454   155.9576 2.5662e+02     2.2289     -0.077     -0.112    25.0447 0.0000e+00
     -0.093     -0.039     7.5180     91.053     34.595  34.623280     4.7671      8.455   156.2931 2.5998e+02     2.1852     -0.092     -0.134    25.0466 0.0000e+00
     -0.104     -0.044     7.5769     91.767     34.705  34.733956     4.7658      8.457   156.4733 2.6366e+02     2.1642     -0.103     -0.149    25.0440 0.0000e+00
     -0.115     -0.043     7.6224     92.316     34.780  34.807943     4.7305      8.459   156.7602 2.6696e+02     2.1285     -0.111     -0.162    25.0396 0.0000e+00
     -0.127     -0.035     7.6474     92.611     34.794  34.819144     4.6711      8.460   158.6433 2.6829e+02     2.1503     -0.124     -0.180    25.0337 0.0000e+00
     -0.140     -0.021     7.6465     92.589     34.722  34.742347     4.6547      8.460   161.1733 2.6903e+02     2.1836     -0.140     -0.201    25.0344 0.0000e+00
     -0.149     -0.002     7.6172     92.217     34.565  34.578089     4.6693      8.460   160.9367 2.7057e+02     2.1641     -0.148     -0.215    25.0372 0.0000e+00
     -0.150      0.017     7.5638     91.559     34.476  34.484576     4.6827      8.460   159.3965 2.7162e+02     2.1593     -0.151     -0.221    25.0348 0.0000e+00
     -0.140      0.033     7.4943     90.717     34.556  34.564461     4.6971      8.461   158.8981 2.7134e+02     2.2165     -0.143     -0.207    25.0301 0.0000e+00
     -0.119      0.047     7.4203     89.817     34.712  34.718239     4.7052      8.461   158.8679 2.7056e+02     2.2770     -0.116     -0.168    25.0264 0.0000e+00
     -0.099      0.056     7.3538     89.005     34.816  34.819449     4.7162      8.461   158.9457 2.6977e+02     2.2802     -0.094     -0.136    25.0122 0.0000e+00
     -0.085      0.061     7.3017     88.378     34.830  34.835392     4.7197      8.458   159.2359 2.6970e+02     2.2548     -0.084     -0.121    25.0023 0.0000e+00
     -0.074      0.057     7.2643     87.935     34.775  34.783964     4.7120      8.454   159.7103 2.6943e+02     2.2438     -0.074     -0.107    25.0089 0.0000e+00
     -0.059      0.046     7.2364     87.609     34.755  34.769323     4.7055      8.452   160.1218 2.6063e+02     2.2693     -0.059     -0.086    25.0041 0.0000e+00
     -0.042      0.030     7.2118     87.326     34.828  34.848928     4.7050      8.452   160.5968 2.3237e+02     2.2883     -0.042     -0.060    24.9958 0.0000e+00
     -0.027      0.013     7.1904     87.085     34.892  34.920723     4.7145      8.450   161.1527 2.0250e+02     2.2603     -0.022     -0.031    24.9998 0.0000e+00
     -0.025     -0.003     7.1834     87.018     34.902  34.938693     4.7286      8.448   161.5079 1.9670e+02     2.2062     -0.017     -0.025    25.0076 0.0000e+00
     -0.039     -0.016     7.2000     87.238     34.895  34.939180     4.7471      8.448   161.7088 2.0053e+02     2.1531     -0.037     -0.055    25.0130 0.0000e+00
     -0.055     -0.024     7.2368     87.698     34.876  34.926615     4.7642      8.452   161.7744 1.9928e+02     2.1360     -0.057     -0.083    25.0227 0.0000e+00
     -0.065     -0.025     7.2832     88.269     34.859  34.913819     4.7792      8.456   161.6989 1.9788e+02     2.1530     -0.066     -0.094    25.0363 0.0000e+00
     -0.071     -0.016     7.3266     88.801     34.854  34.911508     4.8456      8.460   161.7418 1.9730e+02     2.1760     -0.071     -0.103    25.0465 0.0000e+00
     -0.073     -0.001     7.3641     89.261     34.839  34.898678     4.9511      8.464   161.8636 1.9663e+02     2.1692     -0.072     -0.105    25.0584 0.0000e+00
     -0.071      0.016     7.4027     89.731     34.826  34.885737     4.9977      8.466   161.8810 1.9700e+02     2.1314     -0.070     -0.102    25.0689 0.0000e+00
     -0.066      0.031     7.4462     90.256     34.823  34.882072     4.9955      8.466   161.8650 1.9895e+02     2.1156     -0.068     -0.098    25.0722 0.0000e+00
     -0.055      0.044     7.4955     90.846     34.798  34.854376     4.9528      8.464   161.9286 1.9570e+02     2.1616     -0.057     -0.083    25.0750 0.0000e+00
     -0.040      0.053     7.5534     91.530     34.756  34.804937     4.8671      8.463   162.2198 1.8410e+02     2.2596     -0.039     -0.057    25.0800 0.0000e+00
     -0.023      0.054     7.6161     92.267     34.753  34.792444     4.8233      8.463   162.7193 1.7257e+02     2.3246     -0.024     -0.035    25.0812 0.0000e+00
     -0.003      0.046     7.6712     92.925     34.795  34.830346     4.8182      8.465   163.1491 1.6385e+02     2.3063     -0.004     -0.006    25.0790 0.0000e+00
      0.016      0.032     7.7122     93.424     34.845  34.882086     4.8145      8.467   163.4589 1.5687e+02     2.2522      0.020      0.029    25.0778 0.0000e+00
      0.025      0.014     7.7412     93.784     34.869  34.909877     4.8245      8.470   164.0560 1.5379e+02     2.1892      0.030      0.043    25.0656 0.0000e+00
      0.021     -0.003     7.7582     93.999     34.868  34.912298     4.8286      8.472   167.4434 1.5489e+02     2.1243      0.023      0.034    25.0461 0.0000e+00
      0.009     -0.018     7.7558     93.982     34.863  34.911359     4.8185      8.474   179.1209 1.5769e+02     2.1085      0.009      0.012    25.0417 0.0000e+00
     -0.001     -0.030     7.7267     93.640     34.845  34.898532     4.8123      8.479   194.8588 1.5983e+02     2.1514     -0.003     -0.004    25.0460 0.0000e+00
     -0.008     -0.037     7.6684     92.940     34.828  34.884254     4.8088      8.483   203.2020 1.6376e+02     2.1844     -0.008     -0.011    25.0511 0.0000e+00
     -0.015     -0.040     7.5900     91.994     34.809  34.865776     4.8043      8.485   204.5412 1.7023e+02     2.1726     -0.014     -0.021    25.0563 0.0000e+00
     -0.025     -0.041     7.5110     91.032     34.747  34.802151     4.8028      8.487   197.5431 1.7771e+02     2.1302     -0.024     -0.034    25.0634 0.0000e+00
     -0.038     -0.044     7.4462     90.231     34.637  34.686643     4.8004      8.487   182.8596 1.8496e+02     2.0996     -0.037     -0.052    25.0711 0.0000e+00
     -0.052     -0.049     7.3981     89.631     34.571  34.612507     4.8116      8.485   173.7878 1.8942e+02     2.1074     -0.052     -0.075    25.0751 0.0000e+00
     -0.063     -0.050     7.3620     89.184     34.630  34.667989     4.8471      8.483   172.0892 1.9224e+02     2.1322     -0.063     -0.091    25.0755 0.0000e+00
     -0.074     -0.044     7.3378     88.884     34.688  34.722274     4.8719      8.480   171.6132 1.9684e+02     2.1555     -0.071     -0.103    25.0774 0.0000e+00
     -0.089     -0.029     7.3336     88.824     34.603  34.633670     4.8714      8.477   171.2170 2.0341e+02     2.1759     -0.085     -0.123    25.0664 0.0000e+00
     -0.107     -0.009     7.3510     89.033     34.456  34.485949     4.8502      8.474   170.8269 2.0906e+02     2.2262     -0.109     -0.158    25.0495 0.0000e+00
     -0.113      0.012     7.3746     89.312     34.370  34.397106     4.8178      8.471   170.5961 2.1189e+02     2.2758     -0.120     -0.174    25.0482 0.0000e+00
     -0.102      0.034     7.3841     89.381     34.377  34.385209     4.8023      8.466   170.4047 2.1254e+02     2.2869     -0.102     -0.148    25.0452 0.0000e+00
     -0.080      0.053     7.3692     89.122     34.431  34.405594     4.7995      8.463   170.2330 2.1183e+02     2.2992     -0.077     -0.112    25.0357 0.0000e+00
     -0.057      0.067     7.3319     88.601     34.508  34.452976     4.8575      8.462   169.8969 2.0282e+02     2.3025     -0.055     -0.080    25.0350 0.0000e+00
