Data/DataNotYetUploadedToEDI/Raw_CTD/RawDownloads/072318_fcr45.cnv
* Sea-Bird SBE19plus  Data File:
* FileName = C:\DATA\072318_fcr50_0007.hex
* Software version 2.6.3.104 SB_Terminal.dll
* Temperature SN = 7809
* Conductivity SN = 7809
* System UpLoad Time = Jul 23 2018 15:35:00
* <ApplicationData>
* <Seaterm232>
# nquan = 15
# nvalues = 737                         
# units = specified
# name 0 = depFM: Depth [fresh water, m]
# name 1 = dz/dtM: Descent Rate [m/s]
# name 2 = sbeox0Mg/L: Oxygen, SBE 43 [mg/l]
# name 3 = sbeox0PS: Oxygen, SBE 43 [% saturation]
# name 4 = specc: Specific Conductance [uS/cm]
# name 5 = c0uS/cm: Conductivity [uS/cm]
# name 6 = flECO-AFL: Fluorescence, WET Labs ECO-AFL/FL [mg/m^3]
# name 7 = ph: pH
# name 8 = orp: Oxidation Reduction Potential [mV]
# name 9 = par/sat/log: PAR/Logarithmic, Satlantic
# name 10 = turbWETntu0: Turbidity, WET Labs ECO [NTU]
# name 11 = prdM: Pressure, Strain Gauge [db]
# name 12 = prdE: Pressure, Strain Gauge [psi]
# name 13 = tv290C: Temperature [ITS-90, deg C]
# name 14 = flag:  0.000e+00
# span 0 =     -0.608,      7.411       
# span 1 =     -0.147,      0.147       
# span 2 =     1.3031,    13.6911       
# span 3 =     12.376,    161.087       
# span 4 =      0.675,     50.485       
# span 5 =   0.625410,  36.879908       
# span 6 =    -0.2021,    10.0006       
# span 7 =      6.152,      8.544       
# span 8 =    53.3908,   307.9206       
# span 9 = 1.2551e-01, 3.0751e+02       
# span 10 =    -0.4803,    18.7990      
# span 11 =     -0.596,      7.268      
# span 12 =     -0.865,     10.542      
# span 13 =    11.5161,    25.2278      
# span 14 = 0.0000e+00, 0.0000e+00      
# interval = seconds: 0.25
# start_time = Jul 23 2018 15:21:50 [Instrument's time stamp, header]
# bad_flag = -9.990e-29
*END*
[from data line 482]
      3.732      0.067     1.8196     17.592     46.615  36.200920     3.6347      6.824   263.5675 3.2895e+00     1.0312      3.659      5.307    14.1733 0.0000e+00
      3.750      0.069     1.7588     16.969     46.695  36.175767     3.3898      6.812   263.5131 3.2432e+00     1.0140      3.677      5.333    14.0979 0.0000e+00
      3.769      0.071     1.6963     16.336     46.647  36.060231     3.3580      6.801   263.2075 3.2082e+00     1.0543      3.697      5.361    14.0161 0.0000e+00
      3.788      0.072     1.6296     15.664     46.686  36.010884     3.3241      6.790   263.4859 3.1696e+00     1.0612      3.716      5.389    13.9271 0.0000e+00
      3.806      0.073     1.5547     14.917     46.807  36.023707     3.2741      6.779   264.2123 3.1161e+00     1.0661      3.733      5.415    13.8255 0.0000e+00
      3.823      0.073     1.4716     14.094     46.990  36.088120     3.2493      6.767   264.3323 3.0713e+00     1.0835      3.749      5.438    13.7270 0.0000e+00
      3.841      0.073     1.3956     13.342     47.258  36.217881     3.2351      6.755   263.2158 3.0514e+00     1.0571      3.766      5.463    13.6501 0.0000e+00
      3.861      0.072     1.3397     12.783     47.501  36.322033     3.2135      6.742   263.1023 3.0286e+00     1.0219      3.787      5.492    13.5665 0.0000e+00
      3.881      0.071     1.3082     12.454     47.551  36.267387     3.0895      6.730   264.3370 2.9868e+00     1.0236      3.807      5.521    13.4747 0.0000e+00
      3.900      0.068     1.3031     12.376     47.497  36.128787     2.8657      6.720   265.0664 2.9402e+00     1.0474      3.824      5.547    13.3963 0.0000e+00
      3.917      0.065     1.3237     12.545     47.507  36.043684     2.7407      6.711   265.5547 2.8940e+00     1.0652      3.841      5.571    13.3178 0.0000e+00
      3.932      0.061     1.3673     12.932     47.480  35.937104     2.7000      6.703   265.5953 2.8703e+00     1.0567      3.857      5.593    13.2375 0.0000e+00
      3.947      0.058     1.4343     13.541     47.306  35.729386     2.5204      6.694   265.4712 2.8606e+00     1.1270      3.871      5.614    13.1342 0.0000e+00
      3.961      0.056     1.5273     14.396     47.089  35.501358     2.2047      6.685   265.5171 2.8314e+00     1.3050      3.884      5.634    13.0245 0.0000e+00
      3.975      0.055     1.6498     15.529     46.952  35.339788     2.0257      6.675   265.0313 2.7968e+00     1.4090      3.898      5.653    12.9315 0.0000e+00
      3.989      0.055     1.8133     17.044     46.893  35.236841     2.0014      6.665   264.8460 2.7729e+00     1.4382      3.912      5.673    12.8374 0.0000e+00
      4.002      0.056     2.0319     19.071     46.851  35.145898     1.9204      6.655   265.3415 2.7462e+00     1.5972      3.923      5.691    12.7557 0.0000e+00
      4.016      0.057     2.3174     21.721     46.819  35.065933     1.7721      6.645   266.1178 2.7191e+00     1.8354      3.937      5.710    12.6902 0.0000e+00
      4.031      0.059     2.6753     25.045     46.842  35.032196     1.6875      6.635   267.6932 2.7097e+00     1.9074      3.953      5.733    12.6317 0.0000e+00
      4.046      0.061     3.0974     28.962     46.939  35.055541     1.6696      6.625   269.1607 2.7029e+00     1.8888      3.967      5.754    12.5701 0.0000e+00
      4.061      0.061     3.5634     33.282     47.055  35.094065     1.6199      6.617   269.4068 2.6676e+00     2.0977      3.982      5.775    12.5032 0.0000e+00
      4.078      0.060     4.0521     37.808     47.144  35.116790     1.5373      6.610   269.8085 2.6120e+00     2.4805      3.999      5.800    12.4431 0.0000e+00
      4.097      0.057     4.5371     42.296     47.226  35.139681     1.4970      6.602   270.6612 2.5720e+00     2.6717      4.018      5.827    12.3909 0.0000e+00
      4.112      0.054     4.9816     46.403     47.325  35.180232     1.4916      6.594   271.1129 2.5535e+00     2.6702      4.034      5.850    12.3393 0.0000e+00
      4.123      0.049     5.3628     49.920     47.425  35.225919     1.4821      6.587   270.8819 2.5435e+00     2.7674      4.044      5.865    12.2860 0.0000e+00
      4.133      0.045     5.6740     52.787     47.486  35.247384     1.4829      6.581   270.3635 2.5333e+00     2.9928      4.053      5.878    12.2381 0.0000e+00
      4.143      0.043     5.9143     54.993     47.520  35.249168     1.4915      6.575   270.6105 2.5125e+00     3.1065      4.064      5.894    12.1998 0.0000e+00
      4.153      0.045     6.0937     56.624     47.555  35.247459     1.4942      6.569   271.4582 2.4966e+00     3.1037      4.073      5.907    12.1650 0.0000e+00
      4.163      0.051     6.2181     57.733     47.572  35.226689     1.4877      6.561   272.6122 2.4910e+00     3.1425      4.081      5.918    12.1341 0.0000e+00
      4.174      0.059     6.2854     58.306     47.571  35.188583     1.4782      6.552   273.8082 2.4635e+00     3.4226      4.091      5.933    12.1097 0.0000e+00
      4.189      0.067     6.3093     58.479     47.590  35.167814     1.4803      6.543   274.1319 2.4140e+00     3.9276      4.105      5.954    12.0874 0.0000e+00
      4.209      0.074     6.3078     58.431     47.622  35.166100     1.4946      6.535   275.0634 2.3559e+00     4.2121      4.127      5.985    12.0602 0.0000e+00
      4.234      0.079     6.2927     58.264     47.651  35.167832     1.4936      6.528   277.3273 2.3061e+00     4.2390      4.153      6.022    12.0238 0.0000e+00
      4.256      0.081     6.2760     58.075     47.711  35.188732     1.4048      6.522   279.1337 2.2880e+00     4.5877      4.175      6.057    11.9815 0.0000e+00
      4.276      0.078     6.2596     57.885     47.803  35.228212     1.2479      6.516   279.2667 2.2675e+00     5.2854      4.191      6.081    11.9409 0.0000e+00
      4.295      0.071     6.2404     57.673     47.886  35.264009     1.1682      6.509   277.9035 2.2316e+00     5.6563      4.210      6.107    11.9160 0.0000e+00
      4.315      0.062     6.2210     57.470     47.964  35.303911     1.1767      6.503   278.0521 2.2100e+00     5.6846      4.234      6.140    11.9024 0.0000e+00
      4.331      0.053     6.2057     57.312     48.014  35.329494     1.1849      6.498   279.8581 2.2007e+00     5.9321      4.249      6.163    11.8767 0.0000e+00
      4.342      0.046     6.1924     57.176     48.013  35.319220     1.1759      6.493   280.4668 2.1895e+00     6.3904      4.259      6.179    11.8427 0.0000e+00
      4.350      0.039     6.1740     56.994     48.008  35.306737     1.1687      6.489   280.0775 2.1697e+00     6.6484      4.265      6.186    11.8155 0.0000e+00
      4.357      0.034     6.1467     56.734     48.016  35.305604     1.1616      6.485   279.0234 2.1498e+00     6.7324      4.272      6.196    11.7980 0.0000e+00
      4.366      0.032     6.1137     56.421     48.023  35.305504     1.1270      6.481   277.4434 2.1317e+00     6.8555      4.283      6.212    11.7875 0.0000e+00
      4.373      0.033     6.0768     56.075     48.030  35.305526     1.0719      6.477   276.4610 2.1089e+00     7.0085      4.289      6.221    11.7773 0.0000e+00
      4.379      0.038     6.0373     55.703     48.038  35.305860     1.0465      6.472   276.0940 2.0914e+00     7.1170      4.293      6.227    11.7677 0.0000e+00
      4.388      0.046     5.9981     55.336     48.049  35.309536     1.0502      6.467   275.9309 2.0774e+00     7.1909      4.302      6.239    11.7614 0.0000e+00
      4.400      0.056     5.9584     54.965     48.109  35.349973     1.0242      6.461   276.2100 2.0656e+00     7.4136      4.314      6.258    11.7560 0.0000e+00
      4.414      0.066     5.9186     54.592     48.201  35.413623     0.9532      6.455   277.1459 2.0454e+00     7.7648      4.326      6.275    11.7506 0.0000e+00
      4.432      0.074     5.8817     54.246     48.249  35.443892     0.8990      6.450   277.9548 1.9965e+00     7.9281      4.344      6.299    11.7447 0.0000e+00
      4.457      0.079     5.8484     53.933     48.279  35.461857     0.8930      6.444   278.8485 1.9418e+00     7.9230      4.370      6.338    11.7403 0.0000e+00
      4.484      0.079     5.8201     53.669     48.339  35.503779     0.9000      6.439   280.0356 1.8996e+00     7.9470      4.398      6.379    11.7372 0.0000e+00
      4.507      0.076     5.7942     53.434     48.425  35.569615     0.8914      6.435   280.6069 1.8652e+00     8.2795      4.422      6.414    11.7323 0.0000e+00
      4.523      0.070     5.7687     53.206     48.489  35.622633     0.8709      6.431   281.4546 1.8401e+00     8.8923      4.436      6.434    11.7268 0.0000e+00
      4.536      0.063     5.7423     52.966     48.505  35.636628     0.8551      6.429   282.8854 1.8106e+00     9.1907      4.447      6.451    11.7232 0.0000e+00
      4.550      0.056     5.7137     52.698     48.475  35.611785     0.8476      6.426   283.8809 1.7747e+00     9.2325      4.463      6.473    11.7190 0.0000e+00
      4.565      0.050     5.6825     52.408     48.430  35.576351     0.8258      6.423   283.7699 1.7474e+00     9.4294      4.477      6.494    11.7208 0.0000e+00
      4.579      0.045     5.6430     52.047     48.444  35.589342     0.7845      6.421   283.0916 1.7138e+00     9.7091      4.491      6.513    11.7322 0.0000e+00
      4.590      0.041     5.5924     51.586     48.509  35.641818     0.7611      6.420   282.7352 1.6745e+00     9.8672      4.503      6.531    11.7354 0.0000e+00
      4.599      0.040     5.5370     51.077     48.589  35.702639     0.7643      6.417   282.2997 1.6544e+00     9.9068      4.512      6.545    11.7282 0.0000e+00
      4.605      0.043     5.4848     50.592     48.662  35.753004     0.7586      6.414   282.3858 1.6509e+00    10.0044      4.516      6.550    11.7246 0.0000e+00
      4.612      0.050     5.4383     50.158     48.652  35.742584     0.7285      6.411   283.3461 1.6339e+00    10.1936      4.521      6.558    11.7286 0.0000e+00
      4.624      0.060     5.3994     49.796     48.603  35.703687     0.7037      6.407   284.3610 1.5945e+00    10.3025      4.533      6.574    11.7358 0.0000e+00
      4.642      0.070     5.3687     49.509     48.641  35.727382     0.6973      6.402   285.4507 1.5444e+00    10.2825      4.550      6.598    11.7387 0.0000e+00
      4.664      0.079     5.3435     49.272     48.711  35.774965     0.6981      6.398   286.6269 1.4807e+00    10.3796      4.571      6.630    11.7333 0.0000e+00
      4.690      0.085     5.3255     49.103     48.709  35.770805     0.7034      6.395   287.2254 1.4220e+00    10.6220      4.600      6.671    11.7293 0.0000e+00
      4.715      0.085     5.3117     48.978     48.665  35.740611     0.7154      6.390   287.6101 1.3825e+00    10.7107      4.625      6.709    11.7279 0.0000e+00
      4.737      0.080     5.2974     48.854     48.638  35.727514     0.7234      6.384   288.6972 1.3458e+00    10.6893      4.645      6.737    11.7226 0.0000e+00
      4.757      0.072     5.2825     48.726     48.643  35.739500     0.7090      6.379   289.1851 1.3072e+00    10.8203      4.666      6.767    11.7181 0.0000e+00
      4.775      0.062     5.2639     48.557     48.667  35.758501     0.6882      6.374   288.1743 1.2756e+00    11.0436      4.685      6.795    11.7153 0.0000e+00
      4.789      0.053     5.2469     48.396     48.682  35.766679     0.6832      6.371   287.1446 1.2545e+00    11.1619      4.698      6.814    11.7159 0.0000e+00
      4.800      0.047     5.2366     48.300     48.695  35.774859     0.6861      6.369   287.3181 1.2283e+00    11.1828      4.707      6.828    11.7242 0.0000e+00
      4.809      0.042     5.2295     48.237     48.717  35.793877     0.6772      6.367   287.6050 1.1952e+00    11.1743      4.717      6.840    11.7367 0.0000e+00
      4.817      0.040     5.2260     48.210     48.727  35.806052     0.6495      6.365   286.9135 1.1797e+00    11.2111      4.724      6.850    11.7388 0.0000e+00
      4.827      0.040     5.2278     48.235     48.703  35.795012     0.6264      6.363   286.2702 1.1667e+00    11.3227      4.733      6.865    11.7303 0.0000e+00
      4.838      0.044     5.2350     48.307     48.686  35.787457     0.6185      6.361   285.8504 1.1385e+00    11.3946      4.744      6.881    11.7286 0.0000e+00
      4.848      0.050     5.2475     48.421     48.676  35.778228     0.6091      6.358   285.5372 1.1204e+00    11.3787      4.754      6.896    11.7327 0.0000e+00
      4.859      0.056     5.2628     48.555     48.642  35.746954     0.6044      6.356   285.6670 1.1100e+00    11.4362      4.765      6.911    11.7383 0.0000e+00
      4.874      0.061     5.2768     48.676     48.623  35.726943     0.6075      6.353   286.1285 1.0823e+00    11.6312      4.778      6.930    11.7464 0.0000e+00
      4.893      0.065     5.2874     48.767     48.632  35.726839     0.6093      6.350   286.7292 1.0328e+00    11.7523      4.797      6.958    11.7537 0.0000e+00
      4.913      0.066     5.2943     48.822     48.667  35.745687     0.6083      6.346   286.9933 9.8599e-01    11.7719      4.819      6.989    11.7517 0.0000e+00
      4.932      0.065     5.2982     48.850     48.701  35.764248     0.6052      6.344   287.0851 9.5627e-01    11.8374      4.838      7.017    11.7414 0.0000e+00
      4.948      0.061     5.2999     48.863     48.701  35.760678     0.5992      6.343   287.6662 9.3534e-01    11.9341      4.854      7.039    11.7353 0.0000e+00
      4.962      0.055     5.2998     48.863     48.707  35.766048     0.5991      6.342   288.5129 9.3059e-01    11.9947      4.867      7.059    11.7304 0.0000e+00
      4.975      0.047     5.2992     48.860     48.703  35.765652     0.6039      6.340   289.3217 9.2319e-01    12.0211      4.879      7.077    11.7217 0.0000e+00
      4.987      0.040     5.2983     48.853     48.688  35.755893     0.5840      6.339   289.7022 9.0219e-01    12.0085      4.891      7.093    11.7132 0.0000e+00
      4.997      0.034     5.2963     48.837     48.710  35.775102     0.5435      6.338   289.4991 8.8495e-01    11.9640      4.901      7.108    11.7103 0.0000e+00
      5.005      0.029     5.2945     48.830     48.744  35.807335     0.5171      6.337   289.7057 8.6240e-01    11.9413      4.908      7.119    11.7121 0.0000e+00
      5.010      0.025     5.2944     48.842     48.756  35.828000     0.5226      6.335   289.9637 8.4964e-01    11.9779      4.914      7.127    11.7157 0.0000e+00
      5.014      0.023     5.2941     48.851     48.750  35.834407     0.5554      6.335   289.6927 8.5420e-01    12.0718      4.918      7.133    11.7169 0.0000e+00
      5.019      0.023     5.2911     48.835     48.720  35.821285     0.5919      6.334   289.6123 8.4979e-01    12.1612      4.921      7.138    11.7170 0.0000e+00
      5.024      0.025     5.2864     48.801     48.674  35.796395     0.6059      6.332   289.5080 8.3609e-01    12.2042      4.926      7.145    11.7255 0.0000e+00
      5.030      0.029     5.2834     48.778     48.658  35.787581     0.6039      6.329   289.1199 8.2702e-01    12.2254      4.933      7.154    11.7408 0.0000e+00
      5.038      0.035     5.2844     48.780     48.653  35.778247     0.6047      6.326   289.0493 8.2117e-01    12.1725      4.939      7.164    11.7510 0.0000e+00
      5.047      0.041     5.2868     48.790     48.625  35.747048     0.6060      6.324   289.3424 8.0287e-01    12.0532      4.949      7.178    11.7579 0.0000e+00
      5.058      0.049     5.2886     48.790     48.618  35.727973     0.6012      6.322   289.6524 7.8417e-01    11.9738      4.960      7.194    11.7716 0.0000e+00
      5.071      0.056     5.2917     48.800     48.655  35.738168     0.5931      6.319   289.9586 7.7690e-01    11.9447      4.972      7.211    11.7770 0.0000e+00
      5.086      0.063     5.2962     48.825     48.682  35.743253     0.5909      6.316   290.2061 7.5474e-01    11.9451      4.987      7.232    11.7666 0.0000e+00
