Data/DataNotYetUploadedToEDI/Raw_CTD/RawDownloads/072320_bvr50.cnv
* Sea-Bird SBE19plus  Data File:
* FileName = C:\DATA\SBE19plus_01907809_2020_07_23_0001.hex
* Software version 2.8.0.119
* Temperature SN = 7809
* Conductivity SN = 7809
* System UpLoad Time = Jul 23 2020 16:44:52
* <ApplicationData>
* <Seaterm232>
# nquan = 16
# nvalues = 3266                        
# units = specified
# name 0 = depFM: Depth [fresh water, m]
# name 1 = dz/dtM: Descent Rate [m/s]
# name 2 = sbeox0ML/L: Oxygen, SBE 43 [ml/l]
# name 3 = sbeox0PS: Oxygen, SBE 43 [% saturation]
# name 4 = specc: Specific Conductance [uS/cm]
# name 5 = c0uS/cm: Conductivity [uS/cm]
# name 6 = flECO-AFL: Fluorescence, WET Labs ECO-AFL/FL [mg/m^3]
# name 7 = ph: pH
# name 8 = orp: Oxidation Reduction Potential [mV]
# name 9 = par/sat/log: PAR/Logarithmic, Satlantic
# name 10 = turbWETntu0: Turbidity, WET Labs ECO [NTU]
# name 11 = prdM: Pressure, Strain Gauge [db]
# name 12 = prdE: Pressure, Strain Gauge [psi]
# name 13 = tv290C: Temperature [ITS-90, deg C]
# name 14 = density00: Density [density, kg/m^3]
# name 15 = flag:  0.000e+00
# span 0 =     -0.689,     10.897       
# span 1 =     -0.353,      0.218       
# span 2 =     0.0204,     6.4568       
# span 3 =      0.308,    107.831       
# span 4 =      1.599,    136.282       
# span 5 =   1.643561,  94.052008       
# span 6 =    -0.9995,    40.0949       
# span 7 =      6.441,      7.264       
# span 8 = -1240.7455,   888.3397       
# span 9 = 1.2351e-01, 5.2196e+02       
# span 10 =    -0.3203,     8.4539      
# span 11 =     -0.677,     10.687      
# span 12 =     -0.982,     15.500      
# span 13 =     9.4888,    27.4885      
# span 14 =   996.3989,   999.8456      
# span 15 = 0.0000e+00, 0.0000e+00      
# interval = seconds: 0.25
# start_time = Jul 22 2020 22:34:42 [Instrument's time stamp, header]
# bad_flag = -9.990e-29
*END*
[from data line 2170]
      9.180      0.009     0.0432      0.537    108.037  75.484437     0.9277      6.674  -106.8307 1.2369e-01     2.1650      9.000     13.054     9.9355   999.7907 0.0000e+00
      9.180      0.009     0.0444      0.505    107.956  75.424497     0.8889      6.675  -106.8155 1.2363e-01     2.0892      9.001     13.056     9.9350   999.7907 0.0000e+00
      9.184      0.011     0.0398      0.467    107.864  75.355246     0.8526      6.675  -106.7891 1.2358e-01     2.0536      9.006     13.062     9.9338   999.7908 0.0000e+00
      9.189      0.012     0.0402      0.469    107.855  75.346555     0.8510      6.675  -106.7702 1.2363e-01     2.0768      9.011     13.069     9.9324   999.7910 0.0000e+00
      9.194      0.012     0.0453      0.487    107.903  75.382991     0.8610      6.676  -106.8449 1.2367e-01     2.1301      9.015     13.075     9.9324   999.7910 0.0000e+00
      9.199      0.009     0.0397      0.503    107.942  75.414285     0.8963      6.677  -106.9175 1.2368e-01     2.2171      9.021     13.084     9.9312   999.7911 0.0000e+00
      9.201      0.006     0.0351      0.524    107.923  75.407015     0.9539      6.678  -106.9595 1.2370e-01     2.3050      9.026     13.090     9.9277   999.7914 0.0000e+00
      9.200      0.004     0.0369      0.526    107.845  75.358682     0.9762      6.677  -107.0081 1.2369e-01     2.3337      9.024     13.087     9.9262   999.7915 0.0000e+00
      9.197      0.003     0.0392      0.508    107.810  75.338574     0.9743      6.677  -106.9892 1.2365e-01     2.3246      9.018     13.080     9.9282   999.7913 0.0000e+00
      9.196      0.002     0.0389      0.496    107.830  75.354645     0.9788      6.678  -106.9899 1.2363e-01     2.3318      9.017     13.079     9.9304   999.7911 0.0000e+00
      9.198      0.001     0.0423      0.478    107.838  75.362249     0.9736      6.679  -107.1019 1.2367e-01     2.3863      9.020     13.083     9.9329   999.7909 0.0000e+00
      9.202      0.001     0.0427      0.443    107.842  75.366926     0.9500      6.680  -107.2255 1.2372e-01     2.4344      9.025     13.090     9.9364   999.7906 0.0000e+00
      9.204      0.001     0.0393      0.420    107.808  75.347614     0.9312      6.682  -107.3650 1.2371e-01     2.4326      9.028     13.095     9.9386   999.7904 0.0000e+00
      9.202      0.001     0.0396      0.433    107.763  75.319512     0.9281      6.682  -107.4125 1.2371e-01     2.3986      9.025     13.089     9.9392   999.7904 0.0000e+00
      9.199      0.000     0.0382      0.453    107.797  75.345071     0.9215      6.681  -107.2836 1.2368e-01     2.3681      9.021     13.084     9.9397   999.7903 0.0000e+00
      9.198     -0.001     0.0351      0.466    107.878  75.402305     0.9092      6.681  -107.2688 1.2364e-01     2.3721      9.019     13.082     9.9406   999.7902 0.0000e+00
      9.199     -0.002     0.0311      0.478    107.932  75.439268     0.9131      6.681  -107.4053 1.2368e-01     2.4128      9.021     13.084     9.9428   999.7900 0.0000e+00
      9.201     -0.003     0.0347      0.491    107.986  75.474060     0.9300      6.682  -107.4721 1.2367e-01     2.4141      9.024     13.088     9.9448   999.7898 0.0000e+00
      9.202     -0.006     0.0361      0.516    108.130  75.568631     0.9235      6.683  -107.4747 1.2364e-01     2.2499      9.025     13.090     9.9453   999.7898 0.0000e+00
      9.200     -0.015     0.0367      0.545    108.317  75.692512     0.8911      6.683  -107.6083 1.2366e-01     2.0069      9.023     13.086     9.9457   999.7898 0.0000e+00
      9.197     -0.030     0.0382      0.566    108.427  75.763765     0.8630      6.683  -107.7966 1.2365e-01     1.8796      9.020     13.081     9.9459   999.7898 0.0000e+00
      9.192     -0.048     0.0381      0.559    108.478  75.794289     0.8409      6.684  -107.8591 1.2361e-01     1.8434      9.017     13.077     9.9444   999.7899 0.0000e+00
      9.180     -0.065     0.0410      0.524    108.500  75.807239     0.7852      6.684  -107.9331 1.2362e-01     1.8438      9.007     13.063     9.9410   999.7902 0.0000e+00
      9.158     -0.075     0.0426      0.490    108.475  75.793168     0.7048      6.684  -108.0892 1.2366e-01     1.8842      8.984     13.031     9.9378   999.7905 0.0000e+00
      9.128     -0.078     0.0461      0.483    108.405  75.751330     0.6702      6.683  -108.1978 1.2365e-01     1.9197      8.952     12.984     9.9350   999.7906 0.0000e+00
      9.098     -0.073     0.0450      0.478    108.300  75.682902     0.6815      6.683  -108.2142 1.2364e-01     1.9304      8.918     12.935     9.9324   999.7907 0.0000e+00
      9.075     -0.061     0.0416      0.458    108.180  75.601662     0.7458      6.684  -108.2008 1.2366e-01     1.9795      8.895     12.902     9.9309   999.7907 0.0000e+00
      9.064     -0.044     0.0372      0.451    108.169  75.595681     0.8564      6.684  -108.1221 1.2365e-01     2.1011      8.886     12.888     9.9325   999.7905 0.0000e+00
      9.061     -0.026     0.0382      0.459    108.279  75.674181     0.9125      6.683  -108.1236 1.2361e-01     2.1987      8.885     12.886     9.9370   999.7901 0.0000e+00
      9.062     -0.011     0.0391      0.474    108.352  75.724178     0.9186      6.683  -108.2183 1.2363e-01     2.2327      8.886     12.888     9.9398   999.7898 0.0000e+00
      9.063     -0.003     0.0350      0.494    108.402  75.755095     0.9210      6.683  -108.2347 1.2366e-01     2.1689      8.888     12.890     9.9402   999.7897 0.0000e+00
      9.063      0.001     0.0354      0.500    108.467  75.793651     0.9034      6.684  -108.3214 1.2366e-01     2.0113      8.888     12.891     9.9409   999.7896 0.0000e+00
      9.064      0.002     0.0364      0.495    108.500  75.808831     0.8779      6.685  -108.4063 1.2368e-01     1.9060      8.889     12.892     9.9420   999.7897 0.0000e+00
      9.064      0.002     0.0368      0.510    108.515  75.811462     0.8603      6.685  -108.4013 1.2367e-01     1.8920      8.889     12.892     9.9420   999.7896 0.0000e+00
      9.064      0.002     0.0396      0.532    108.545  75.825449     0.8519      6.685  -108.4336 1.2366e-01     1.9110      8.888     12.890     9.9401   999.7898 0.0000e+00
      9.065      0.001     0.0406      0.545    108.588  75.850772     0.8529      6.686  -108.3664 1.2372e-01     1.9985      8.889     12.893     9.9365   999.7902 0.0000e+00
      9.066      0.001     0.0376      0.547    108.608  75.863282     0.8631      6.686  -108.1906 1.2372e-01     2.1253      8.891     12.895     9.9322   999.7906 0.0000e+00
      9.066      0.001     0.0406      0.537    108.586  75.849533     0.8798      6.686  -108.2006 1.2365e-01     2.1738      8.891     12.895     9.9285   999.7909 0.0000e+00
      9.066      0.001     0.0423      0.511    108.528  75.811703     0.8828      6.687  -108.4017 1.2360e-01     2.1733      8.890     12.894     9.9255   999.7912 0.0000e+00
      9.066      0.001     0.0434      0.486    108.490  75.787406     0.8813      6.687  -108.4708 1.2360e-01     2.2219      8.889     12.893     9.9234   999.7914 0.0000e+00
      9.066      0.001     0.0436      0.491    108.521  75.810107     0.8988      6.687  -108.4343 1.2360e-01     2.3147      8.890     12.893     9.9225   999.7915 0.0000e+00
      9.067      0.001     0.0428      0.491    108.553  75.831838     0.9138      6.687  -108.5625 1.2359e-01     2.3690      8.891     12.895     9.9233   999.7914 0.0000e+00
      9.067      0.002     0.0413      0.489    108.503  75.795808     0.9195      6.688  -108.7295 1.2359e-01     2.3633      8.892     12.897     9.9248   999.7912 0.0000e+00
      9.067      0.004     0.0359      0.516    108.448  75.755986     0.9106      6.689  -108.8194 1.2361e-01     2.3486      8.892     12.897     9.9259   999.7911 0.0000e+00
      9.067      0.005     0.0399      0.538    108.415  75.731876     0.8821      6.689  -108.8749 1.2364e-01     2.3622      8.890     12.895     9.9262   999.7911 0.0000e+00
      9.068      0.007     0.0395      0.539    108.269  75.631459     0.8606      6.689  -108.8840 1.2365e-01     2.3570      8.891     12.897     9.9261   999.7911 0.0000e+00
      9.072      0.010     0.0365      0.528    108.068  75.495637     0.8516      6.689  -108.9302 1.2365e-01     2.3197      8.897     12.904     9.9259   999.7912 0.0000e+00
      9.075      0.012     0.0419      0.509    107.957  75.424961     0.8678      6.689  -109.0031 1.2363e-01     2.2543      8.901     12.908     9.9247   999.7912 0.0000e+00
      9.076      0.013     0.0429      0.488    107.932  75.412773     0.9052      6.689  -108.9906 1.2364e-01     2.1498      8.900     12.909     9.9240   999.7913 0.0000e+00
      9.081      0.011     0.0431      0.478    107.925  75.411865     0.9317      6.690  -108.9506 1.2365e-01     2.1210      8.904     12.915     9.9244   999.7912 0.0000e+00
      9.088      0.009     0.0419      0.473    107.831  75.350405     0.9407      6.690  -109.0371 1.2365e-01     2.1810      8.914     12.929     9.9269   999.7910 0.0000e+00
      9.091      0.007     0.0407      0.458    107.670  75.241929     0.8986      6.690  -109.1761 1.2368e-01     2.1539      8.918     12.935     9.9308   999.7907 0.0000e+00
      9.090      0.006     0.0380      0.449    107.574  75.181235     0.8139      6.690  -109.1685 1.2372e-01     1.9990      8.914     12.929     9.9334   999.7904 0.0000e+00
      9.087      0.005     0.0373      0.462    107.574  75.188818     0.7647      6.690  -109.1175 1.2372e-01     1.8878      8.910     12.923     9.9350   999.7902 0.0000e+00
      9.087      0.003     0.0384      0.485    107.592  75.206454     0.7619      6.689  -109.1608 1.2371e-01     1.9086      8.910     12.923     9.9366   999.7901 0.0000e+00
      9.091      0.003     0.0356      0.485    107.585  75.203727     0.7799      6.689  -109.1763 1.2370e-01     2.0092      8.915     12.930     9.9380   999.7899 0.0000e+00
      9.094      0.002     0.0351      0.464    107.606  75.219434     0.8023      6.689  -109.2188 1.2370e-01     2.1086      8.920     12.936     9.9412   999.7896 0.0000e+00
      9.095     -0.005     0.0354      0.442    107.676  75.269202     0.8124      6.689  -109.4165 1.2369e-01     2.1495      8.919     12.937     9.9458   999.7893 0.0000e+00
      9.095     -0.020     0.0398      0.442    107.808  75.360382     0.8066      6.689  -109.6740 1.2361e-01     2.1605      8.919     12.936     9.9478   999.7890 0.0000e+00
      9.094     -0.042     0.0390      0.475    108.003  75.495276     0.7796      6.689  -109.9227 1.2358e-01     2.1382      8.920     12.938     9.9484   999.7889 0.0000e+00
      9.088     -0.067     0.0365      0.485    108.192  75.628497     0.7444      6.688  -110.0144 1.2363e-01     2.0521      8.917     12.933     9.9495   999.7889 0.0000e+00
      9.069     -0.083     0.0349      0.482    108.287  75.699444     0.7240      6.686  -109.8365 1.2364e-01     1.9774      8.900     12.907     9.9496   999.7888 0.0000e+00
      9.034     -0.087     0.0324      0.506    108.212  75.653664     0.7237      6.684  -109.5791 1.2364e-01     1.9555      8.864     12.856     9.9487   999.7887 0.0000e+00
      8.990     -0.078     0.0394      0.516    108.018  75.520066     0.7312      6.683  -109.5689 1.2367e-01     1.9251      8.813     12.783     9.9480   999.7886 0.0000e+00
      8.956     -0.062     0.0393      0.517    107.878  75.419420     0.7577      6.681  -109.7988 1.2366e-01     1.9529      8.772     12.722     9.9476   999.7886 0.0000e+00
      8.946     -0.045     0.0354      0.537    107.932  75.454127     0.8062      6.678  -110.0361 1.2361e-01     2.0512      8.764     12.711     9.9504   999.7883 0.0000e+00
      8.958     -0.035     0.0415      0.543    108.084  75.558195     0.8399      6.678  -110.3729 1.2360e-01     2.0836      8.785     12.741     9.9549   999.7880 0.0000e+00
      8.972     -0.035     0.0412      0.517    108.139  75.596746     0.8505      6.679  -110.6884 1.2362e-01     2.1048      8.806     12.771     9.9554   999.7880 0.0000e+00
      8.971     -0.048     0.0395      0.493    108.144  75.602316     0.8382      6.680  -110.7531 1.2367e-01     2.1704      8.805     12.772     9.9534   999.7881 0.0000e+00
      8.951     -0.070     0.0430      0.491    108.169  75.625551     0.8154      6.681  -110.7245 1.2367e-01     2.2242      8.783     12.739     9.9517   999.7881 0.0000e+00
      8.917     -0.091     0.0445      0.489    108.154  75.623346     0.8042      6.682  -110.8587 1.2365e-01     2.2052      8.746     12.685     9.9507   999.7881 0.0000e+00
      8.880     -0.102     0.0407      0.492    108.072  75.575666     0.7986      6.683  -111.0847 1.2373e-01     2.1477      8.705     12.625     9.9506   999.7879 0.0000e+00
      8.848     -0.097     0.0376      0.507    107.942  75.494161     0.8147      6.683  -111.1343 1.2381e-01     2.1463      8.674     12.581     9.9516   999.7877 0.0000e+00
      8.823     -0.080     0.0398      0.527    107.798  75.400913     0.8458      6.683  -111.1150 1.2378e-01     2.1541      8.651     12.549     9.9541   999.7874 0.0000e+00
      8.802     -0.055     0.0382      0.544    107.700  75.338405     0.8589      6.684  -111.1100 1.2372e-01     2.1394      8.629     12.515     9.9584   999.7869 0.0000e+00
      8.791     -0.030     0.0384      0.550    107.653  75.310649     0.8683      6.684  -111.0726 1.2372e-01     2.1059      8.615     12.496     9.9635   999.7864 0.0000e+00
      8.791     -0.011     0.0400      0.526    107.573  75.256076     0.8748      6.684  -111.1801 1.2379e-01     2.0576      8.620     12.502     9.9679   999.7860 0.0000e+00
      8.797      0.002     0.0418      0.492    107.478  75.187244     0.8612      6.683  -111.3767 1.2381e-01     2.0364      8.627     12.512     9.9708   999.7857 0.0000e+00
      8.805      0.008     0.0431      0.490    107.469  75.177820     0.8458      6.683  -111.4714 1.2373e-01     2.0556      8.634     12.523     9.9732   999.7855 0.0000e+00
      8.811      0.010     0.0446      0.490    107.511  75.205719     0.8422      6.683  -111.5494 1.2365e-01     2.0834      8.644     12.536     9.9767   999.7851 0.0000e+00
      8.812      0.008     0.0426      0.482    107.427  75.143069     0.8455      6.684  -111.6321 1.2360e-01     2.0980      8.644     12.537     9.9780   999.7850 0.0000e+00
      8.808      0.006     0.0366      0.490    107.124  74.928976     0.8670      6.685  -111.6115 1.2356e-01     2.1289      8.636     12.527     9.9754   999.7852 0.0000e+00
      8.806      0.006     0.0393      0.502    106.719  74.651812     0.8826      6.686  -111.5583 1.2356e-01     2.1487      8.633     12.522     9.9737   999.7853 0.0000e+00
      8.808      0.008     0.0394      0.513    106.421  74.462390     0.8728      6.686  -111.5911 1.2361e-01     2.1313      8.638     12.528     9.9740   999.7853 0.0000e+00
      8.813      0.010     0.0367      0.533    106.416  74.482594     0.8630      6.686  -111.6638 1.2365e-01     2.1241      8.643     12.536     9.9718   999.7856 0.0000e+00
      8.818      0.009     0.0392      0.540    106.619  74.641798     0.8590      6.686  -111.7490 1.2367e-01     2.1643      8.647     12.542     9.9688   999.7857 0.0000e+00
      8.823      0.004     0.0397      0.527    106.833  74.797777     0.8623      6.687  -111.8468 1.2368e-01     2.2053      8.652     12.549     9.9712   999.7854 0.0000e+00
      8.826     -0.009     0.0399      0.520    106.992  74.906137     0.8646      6.688  -111.9852 1.2365e-01     2.1748      8.657     12.556     9.9810   999.7844 0.0000e+00
      8.825     -0.030     0.0424      0.511    107.042  74.934634     0.8582      6.689  -112.1327 1.2369e-01     2.1038      8.656     12.554     9.9949   999.7832 0.0000e+00
