Data/DataNotYetUploadedToEDI/Raw_CTD/RawDownloads/072320_bvr50.cnv
* Sea-Bird SBE19plus  Data File:
* FileName = C:\DATA\SBE19plus_01907809_2020_07_23_0001.hex
* Software version 2.8.0.119
* Temperature SN = 7809
* Conductivity SN = 7809
* System UpLoad Time = Jul 23 2020 16:44:52
* <ApplicationData>
* <Seaterm232>
# nquan = 16
# nvalues = 3266                        
# units = specified
# name 0 = depFM: Depth [fresh water, m]
# name 1 = dz/dtM: Descent Rate [m/s]
# name 2 = sbeox0ML/L: Oxygen, SBE 43 [ml/l]
# name 3 = sbeox0PS: Oxygen, SBE 43 [% saturation]
# name 4 = specc: Specific Conductance [uS/cm]
# name 5 = c0uS/cm: Conductivity [uS/cm]
# name 6 = flECO-AFL: Fluorescence, WET Labs ECO-AFL/FL [mg/m^3]
# name 7 = ph: pH
# name 8 = orp: Oxidation Reduction Potential [mV]
# name 9 = par/sat/log: PAR/Logarithmic, Satlantic
# name 10 = turbWETntu0: Turbidity, WET Labs ECO [NTU]
# name 11 = prdM: Pressure, Strain Gauge [db]
# name 12 = prdE: Pressure, Strain Gauge [psi]
# name 13 = tv290C: Temperature [ITS-90, deg C]
# name 14 = density00: Density [density, kg/m^3]
# name 15 = flag:  0.000e+00
# span 0 =     -0.689,     10.897       
# span 1 =     -0.353,      0.218       
# span 2 =     0.0204,     6.4568       
# span 3 =      0.308,    107.831       
# span 4 =      1.599,    136.282       
# span 5 =   1.643561,  94.052008       
# span 6 =    -0.9995,    40.0949       
# span 7 =      6.441,      7.264       
# span 8 = -1240.7455,   888.3397       
# span 9 = 1.2351e-01, 5.2196e+02       
# span 10 =    -0.3203,     8.4539      
# span 11 =     -0.677,     10.687      
# span 12 =     -0.982,     15.500      
# span 13 =     9.4888,    27.4885      
# span 14 =   996.3989,   999.8456      
# span 15 = 0.0000e+00, 0.0000e+00      
# interval = seconds: 0.25
# start_time = Jul 22 2020 22:34:42 [Instrument's time stamp, header]
# bad_flag = -9.990e-29
*END*
     -0.689 -2.294e-13     5.3148     92.802      1.951   1.970791    -0.9417      6.892 -1240.7455 2.3142e+02     0.2481     -0.676     -0.980    25.5223   996.9173 0.0000e+00
     -0.689 -2.524e-12     5.3129     92.780      1.952   1.972093    -0.9202      6.894 -1240.7455 1.8798e+02     0.2723     -0.675     -0.979    25.5224   996.9173 0.0000e+00
     -0.689 -2.776e-11     5.3147     92.776      1.952   1.972430    -0.9192      6.894 -1240.7455 1.4992e+02     0.2296     -0.675     -0.979    25.5225   996.9173 0.0000e+00
     -0.689 -3.054e-10     5.3151     92.786      1.955   1.974866    -0.9306      6.894 -1240.7455 1.4131e+02     0.1436     -0.675     -0.980    25.5226   996.9173 0.0000e+00
     -0.689 -3.359e-09     5.3149     92.789      1.981   2.001546    -0.9339      6.895 -1240.7455 1.5201e+02     0.0568     -0.675     -0.979    25.5231   996.9172 0.0000e+00
     -0.689 -3.695e-08     5.3123     92.769      2.021   2.041618    -0.9299      6.896 -1240.7455 1.6353e+02    -0.0293     -0.675     -0.980    25.5234   996.9171 0.0000e+00
     -0.689 -4.064e-07     5.3124     92.753      2.058   2.079276    -0.9306      6.896 -1240.7455 1.7018e+02    -0.0736     -0.675     -0.979    25.5236   996.9170 0.0000e+00
     -0.689     -0.000     5.3135     92.770      2.118   2.140112    -0.9325      6.897 -1240.7455 1.7892e+02     0.0015     -0.675     -0.980    25.5240   996.9169 0.0000e+00
     -0.689     -0.000     5.3140     92.786      2.184   2.207031    -0.9247      6.897 -1240.7455 1.9200e+02     0.1572     -0.675     -0.979    25.5242   996.9169 0.0000e+00
     -0.689     -0.001     5.3125     92.776      2.232   2.254885    -0.9212      6.897 -1240.7455 2.0842e+02     0.2647     -0.676     -0.980    25.5245   996.9168 0.0000e+00
     -0.689     -0.001     5.3097     92.750      2.252   2.275256    -0.9288      6.898 -1240.7455 2.2692e+02     0.2363     -0.676     -0.980    25.5251   996.9166 0.0000e+00
     -0.689     -0.000     5.3126     92.730      2.240   2.263286    -0.9404      6.898 -1240.7455 2.4168e+02     0.0546     -0.676     -0.980    25.5257   996.9165 0.0000e+00
     -0.689 -1.841e-08     5.3136     92.729      2.214   2.236852    -0.9373      6.899 -1240.7455 2.4773e+02    -0.1478     -0.675     -0.980    25.5260   996.9164 0.0000e+00
     -0.689 -2.025e-07     5.3130     92.739      2.186   2.209053    -0.9201      6.899 -1240.7455 2.4727e+02    -0.2194     -0.676     -0.981    25.5261   996.9164 0.0000e+00
     -0.689 -1.950e-07     5.3107     92.750      2.158   2.180576    -0.9236      6.899 -1240.7453 2.4525e+02    -0.2612     -0.676     -0.980    25.5265   996.9162 0.0000e+00
     -0.689 7.1307e-08     5.3092     92.751      2.123   2.145939    -0.9409      6.900 -1240.7432 2.4204e+02    -0.3094     -0.675     -0.979    25.5272   996.9162 0.0000e+00
     -0.689 9.8593e-07     5.3097     92.748      2.085   2.107011    -0.9385      6.904 -1240.7207 2.4079e+02    -0.2536     -0.676     -0.980    25.5274   996.9161 0.0000e+00
     -0.689      0.000     5.3098     92.750      2.068   2.089994    -0.9325      6.906 -1240.4730 2.4495e+02    -0.2048     -0.676     -0.980    25.5285   996.9157 0.0000e+00
     -0.689      0.000     5.3113     92.748      2.108   2.130242    -0.9446      6.905 -1237.7480 2.5408e+02    -0.2333     -0.676     -0.980    25.5285   996.9157 0.0000e+00
     -0.689      0.001     5.3107     92.745      2.565   2.593650    -0.9420      6.916 -1207.7725 2.6976e+02    -0.2558     -0.675     -0.980    25.5297   996.9154 0.0000e+00
     -0.689      0.009     5.3105     92.760      7.413   7.502961    -0.9200      7.056  -878.0428 2.8666e+02    -0.2700     -0.676     -0.980    25.5281   996.9159 0.0000e+00
     -0.689      0.034     5.3106     92.778     18.240  18.516808    -0.9083      7.264  -262.3879 2.9612e+02    -0.2682     -0.677     -0.982    25.5312   996.9150 0.0000e+00
     -0.689      0.075     5.3111     92.765     26.825  27.364893    -0.9057      7.264    90.9624 3.0606e+02    -0.2682     -0.675     -0.979    25.5272   996.9161 0.0000e+00
     -0.685      0.121     5.3092     92.743     28.694  29.462293    -0.8879      7.121   139.5922 3.3624e+02    -0.2692     -0.677     -0.982    25.5349   996.9140 0.0000e+00
     -0.656      0.162     5.3115     92.738     28.106  29.036706    -0.5500      7.023   153.0826 3.8722e+02     0.0964     -0.666     -0.965    25.5234   996.9174 0.0000e+00
     -0.586      0.193     5.3085     92.756     27.644  28.690031     0.0904      6.969   149.4491 4.3603e+02     0.7874     -0.581     -0.843    25.5788   996.9075 0.0000e+00
     -0.498      0.212     5.2724     92.781     27.377  28.506049     0.4266      6.938   132.4001 4.7229e+02     1.1507     -0.476     -0.691    25.9315   996.8180 0.0000e+00
     -0.430      0.218     5.2287     92.832     27.336  28.525044     0.4537      6.923   124.1851 5.0023e+02     1.1590     -0.413     -0.600    26.3735   996.6999 0.0000e+00
     -0.384      0.208     5.1995     92.972     27.435  28.666059     0.6084      6.918   125.2341 5.1626e+02     1.0935     -0.375     -0.545    26.6799   996.6168 0.0000e+00
     -0.346      0.187     5.1794     93.226     27.498  28.752144     0.8959      6.918   126.5852 5.1955e+02     1.0111     -0.341     -0.496    26.9090   996.5544 0.0000e+00
     -0.305      0.171     5.1661     93.628     27.478  28.741275     1.0492      6.921   128.9911 5.2043e+02     0.9516     -0.299     -0.435    27.0736   996.5092 0.0000e+00
     -0.262      0.167     5.1563     94.178     27.461  28.724954     1.0510      6.925   132.7281 5.2196e+02     0.8892     -0.256     -0.372    27.1812   996.4797 0.0000e+00
     -0.220      0.170     5.1586     94.646     27.481  28.745114     1.0321      6.929   135.6331 5.1881e+02     0.8757     -0.215     -0.313    27.2470   996.4617 0.0000e+00
     -0.179      0.172     5.1686     94.582     27.532  28.794726     1.0202      6.934   136.4964 4.8932e+02     0.9257     -0.178     -0.259    27.2821   996.4521 0.0000e+00
     -0.134      0.170     5.1881     93.618     27.559  28.817330     1.0127      6.938   137.4871 4.1571e+02     0.9440     -0.134     -0.195    27.2947   996.4489 0.0000e+00
     -0.083      0.165     5.2229     91.748     27.511  28.764665     0.9988      6.942   139.8686 3.3874e+02     0.9254     -0.079     -0.116    27.2976   996.4483 0.0000e+00
     -0.037      0.159     5.2592     89.259     27.415  28.665420     1.0135      6.944   141.8018 2.9994e+02     0.9064     -0.032     -0.047    27.2953   996.4491 0.0000e+00
     -0.001      0.148     5.2658     86.543     27.318  28.568885     1.0568      6.945   142.9653 2.7750e+02     0.9202      0.001      0.002    27.2874   996.4516 0.0000e+00
      0.033      0.129     5.2122     83.982     27.233  28.485547     1.0739      6.946   144.3855 2.4896e+02     0.9203      0.029      0.042    27.2762   996.4548 0.0000e+00
      0.069      0.108     5.1026     81.779     27.164  28.419000     1.0679      6.947   145.6365 2.2528e+02     0.8734      0.068      0.099    27.2680   996.4571 0.0000e+00
      0.100      0.089     4.9568     80.003     27.139  28.398616     1.0519      6.948   147.0782 2.0863e+02     0.8682      0.105      0.153    27.2717   996.4562 0.0000e+00
      0.118      0.078     4.7963     78.804     27.163  28.429386     1.0422      6.949   148.8261 1.9033e+02     0.9260      0.119      0.172    27.2845   996.4527 0.0000e+00
      0.125      0.070     4.6492     78.249     27.201  28.473884     1.0655      6.950   149.9060 1.7397e+02     0.9895      0.122      0.176    27.2951   996.4498 0.0000e+00
      0.132      0.062     4.5279     78.157     27.216  28.492605     1.0849      6.950   150.7571 1.6388e+02     0.9838      0.126      0.183    27.3032   996.4476 0.0000e+00
      0.147      0.055     4.4236     78.288     27.189  28.465449     1.0769      6.949   151.8036 1.5384e+02     0.9257      0.140      0.203    27.3149   996.4444 0.0000e+00
      0.172      0.049     4.3535     78.438     27.127  28.399283     1.0827      6.949   153.0945 1.4492e+02     0.9042      0.170      0.247    27.3270   996.4412 0.0000e+00
      0.194      0.041     4.3279     78.433     27.061  28.326919     1.1076      6.948   154.6636 1.3903e+02     0.9304      0.196      0.283    27.3345   996.4391 0.0000e+00
      0.204      0.029     4.3267     78.206     27.027  28.288254     1.1204      6.948   156.2342 1.3505e+02     0.9669      0.204      0.296    27.3405   996.4376 0.0000e+00
      0.203      0.016     4.3376     77.761     27.052  28.312383     1.1329      6.948   157.6302 1.3361e+02     0.9683      0.201      0.291    27.3436   996.4367 0.0000e+00
      0.197      0.007     4.3501     77.077     27.103  28.364926     1.1258      6.948   158.8099 1.3083e+02     0.9475      0.192      0.279    27.3389   996.4379 0.0000e+00
      0.192      0.004     4.3516     76.165     27.152  28.416085     1.0908      6.948   159.4843 1.2798e+02     0.9563      0.187      0.273    27.3319   996.4398 0.0000e+00
      0.191      0.007     4.3384     75.121     27.220  28.486915     1.0728      6.948   159.7611 1.2641e+02     0.9718      0.185      0.269    27.3255   996.4416 0.0000e+00
      0.196      0.011     4.3154     74.071     27.317  28.586988     1.0698      6.948   160.4356 1.2466e+02     0.9626      0.192      0.276    27.3213   996.4428 0.0000e+00
      0.206      0.011     4.2774     73.162     27.462  28.737987     1.0640      6.947   161.3600 1.2184e+02     0.9482      0.203      0.294    27.3215   996.4428 0.0000e+00
      0.214      0.007     4.2246     72.601     27.634  28.917092     1.0503      6.947   162.1617 1.1965e+02     0.9345      0.212      0.307    27.3220   996.4427 0.0000e+00
      0.217      0.000     4.1640     72.538     27.753  29.039798     1.0474      6.947   163.0727 1.1901e+02     0.9344      0.215      0.311    27.3204   996.4432 0.0000e+00
      0.213     -0.007     4.1041     72.914     27.793  29.079788     1.0673      6.947   164.4595 1.1751e+02     0.9473      0.211      0.306    27.3180   996.4439 0.0000e+00
      0.205     -0.012     4.0492     73.555     27.798  29.083428     1.0898      6.947   166.1103 1.1623e+02     0.9534      0.202      0.293    27.3153   996.4446 0.0000e+00
      0.197     -0.014     4.0139     74.312     27.800  29.083809     1.1098      6.947   167.3728 1.1578e+02     0.9735      0.191      0.276    27.3129   996.4453 0.0000e+00
      0.193     -0.012     4.0130     75.123     27.801  29.084399     1.1290      6.947   168.3677 1.1476e+02     1.0183      0.187      0.271    27.3111   996.4459 0.0000e+00
      0.193     -0.008     4.0375     75.942     27.806  29.090568     1.1405      6.946   169.1910 1.1556e+02     1.0493      0.189      0.274    27.3082   996.4467 0.0000e+00
      0.194     -0.003     4.0770     76.653     27.810  29.094963     1.1153      6.945   169.8414 1.1728e+02     1.0057      0.191      0.277    27.3050   996.4475 0.0000e+00
      0.193      0.000     4.1196     77.111     27.790  29.074097     1.0720      6.945   170.3816 1.1779e+02     0.9364      0.190      0.275    27.3032   996.4480 0.0000e+00
      0.193      0.001     4.1649     77.234     27.746  29.028587     1.0647      6.945   170.6456 1.1878e+02     0.9329      0.188      0.272    27.3022   996.4483 0.0000e+00
      0.193      0.001     4.2129     77.084     27.708  28.988749     1.0752      6.946   171.0552 1.1876e+02     0.9628      0.188      0.272    27.3028   996.4481 0.0000e+00
      0.194      0.001     4.2552     76.799     27.693  28.973027     1.0747      6.946   171.9788 1.1833e+02     0.9550      0.190      0.277    27.3045   996.4476 0.0000e+00
      0.195      0.001     4.2831     76.518     27.686  28.965359     1.0686      6.947   173.0365 1.1933e+02     0.9071      0.192      0.278    27.3051   996.4475 0.0000e+00
      0.194      0.001     4.2879     76.316     27.681  28.959477     1.0678      6.947   173.9491 1.1824e+02     0.8639      0.191      0.276    27.3049   996.4476 0.0000e+00
      0.194      0.001     4.2767     76.233     27.686  28.965337     1.0749      6.947   174.4949 1.1586e+02     0.8797      0.190      0.275    27.3051   996.4475 0.0000e+00
      0.194      0.001     4.2580     76.312     27.693  28.972776     1.0872      6.947   174.9902 1.1516e+02     0.9602      0.191      0.276    27.3046   996.4476 0.0000e+00
      0.194      0.002     4.2410     76.542     27.705  28.985981     1.1026      6.947   175.5497 1.1447e+02     0.9795      0.191      0.277    27.3034   996.4479 0.0000e+00
      0.194      0.007     4.2299     76.855     27.716  28.998139     1.1186      6.947   176.0107 1.1380e+02     0.9419      0.191      0.276    27.3031   996.4480 0.0000e+00
      0.194      0.014     4.2235     77.155     27.710  28.992912     1.1280      6.947   176.8645 1.1533e+02     0.9510      0.191      0.277    27.3035   996.4479 0.0000e+00
      0.196      0.021     4.2283     77.344     27.705  28.986211     1.1208      6.947   177.6135 1.1820e+02     0.9519      0.191      0.276    27.3038   996.4478 0.0000e+00
      0.202      0.026     4.2424     77.371     27.700  28.980548     1.0987      6.946   177.8392 1.1864e+02     0.9191      0.195      0.282    27.3048   996.4475 0.0000e+00
      0.214      0.028     4.2614     77.288     27.708  28.987878     1.0693      6.946   178.1305 1.1757e+02     0.8973      0.208      0.301    27.3070   996.4470 0.0000e+00
      0.229      0.026     4.2801     77.197     27.731  29.011408     1.0517      6.946   178.9841 1.1625e+02     0.8946      0.228      0.331    27.3083   996.4467 0.0000e+00
      0.239      0.023     4.2921     77.129     27.731  29.011303     1.0576      6.946   180.4172 1.1322e+02     0.9203      0.238      0.345    27.3055   996.4475 0.0000e+00
      0.240      0.018     4.2927     77.056     27.707  28.986611     1.0644      6.947   181.4335 1.1086e+02     0.9339      0.236      0.341    27.3035   996.4481 0.0000e+00
      0.238      0.012     4.2850     76.931     27.688  28.966593     1.0579      6.947   181.2056 1.1132e+02     0.8874      0.233      0.337    27.3045   996.4478 0.0000e+00
      0.238      0.007     4.2798     76.674     27.682  28.959578     1.0545      6.945   180.6740 1.1256e+02     0.8723      0.232      0.336    27.3020   996.4486 0.0000e+00
      0.242      0.002     4.2772     76.201     27.686  28.965222     1.0617      6.945   180.9424 1.1284e+02     0.9231      0.237      0.344    27.3018   996.4486 0.0000e+00
      0.247      0.001     4.2731     75.509     27.690  28.971393     1.0885      6.946   181.7825 1.1366e+02     0.9530      0.245      0.355    27.3040   996.4480 0.0000e+00
      0.246      0.002     4.2686     74.746     27.688  28.970768     1.1206      6.947   182.5715 1.1619e+02     0.9244      0.244      0.353    27.3022   996.4485 0.0000e+00
      0.241      0.002     4.2559     74.075     27.676  28.957664     1.1253      6.948   183.2555 1.1795e+02     0.8869      0.235      0.340    27.3005   996.4490 0.0000e+00
      0.238      0.001     4.2306     73.471     27.661  28.939834     1.1170      6.948   183.8575 1.1768e+02     0.9104      0.231      0.336    27.3025   996.4484 0.0000e+00
      0.241      0.001     4.1886     72.882     27.668  28.945488     1.1165      6.947   184.1717 1.1708e+02     0.9352      0.236      0.343    27.3064   996.4474 0.0000e+00
      0.245      0.003     4.1404     72.342     27.686  28.962579     1.1189      6.947   184.5593 1.1581e+02     0.9121      0.241      0.350    27.3109   996.4461 0.0000e+00
      0.247      0.005     4.1059     71.894     27.680  28.956174     1.1172      6.947   185.1892 1.1394e+02     0.9049      0.243      0.352    27.3113   996.4459 0.0000e+00
      0.247      0.005     4.0741     71.591     27.657  28.931480     1.1151      6.947   185.6789 1.1324e+02     0.9174      0.242      0.351    27.3063   996.4474 0.0000e+00
