Data/DataNotYetUploadedToEDI/Raw_CTD/RawDownloads/072318_fcr30.cnv
* Sea-Bird SBE19plus  Data File:
* FileName = C:\DATA\072318_fcr50_0006.hex
* Software version 2.6.3.104 SB_Terminal.dll
* Temperature SN = 7809
* Conductivity SN = 7809
* System UpLoad Time = Jul 23 2018 15:34:36
* <ApplicationData>
* <Seaterm232>
# nquan = 15
# nvalues = 585                         
# units = specified
# name 0 = depFM: Depth [fresh water, m]
# name 1 = dz/dtM: Descent Rate [m/s]
# name 2 = sbeox0Mg/L: Oxygen, SBE 43 [mg/l]
# name 3 = sbeox0PS: Oxygen, SBE 43 [% saturation]
# name 4 = specc: Specific Conductance [uS/cm]
# name 5 = c0uS/cm: Conductivity [uS/cm]
# name 6 = flECO-AFL: Fluorescence, WET Labs ECO-AFL/FL [mg/m^3]
# name 7 = ph: pH
# name 8 = orp: Oxidation Reduction Potential [mV]
# name 9 = par/sat/log: PAR/Logarithmic, Satlantic
# name 10 = turbWETntu0: Turbidity, WET Labs ECO [NTU]
# name 11 = prdM: Pressure, Strain Gauge [db]
# name 12 = prdE: Pressure, Strain Gauge [psi]
# name 13 = tv290C: Temperature [ITS-90, deg C]
# name 14 = flag:  0.000e+00
# span 0 =     -0.609,      5.311       
# span 1 =     -0.153,      0.119       
# span 2 =     0.1538,    13.0745       
# span 3 =      1.547,    150.082       
# span 4 =      1.066,     50.793       
# span 5 =   1.003094,  39.572276       
# span 6 =    -0.1964,     9.3645       
# span 7 =      6.259,      8.532       
# span 8 =   143.0331,  1239.9583       
# span 9 = 6.1958e-01, 4.8254e+02       
# span 10 =    -0.2349,    52.3420      
# span 11 =     -0.598,      5.209      
# span 12 =     -0.867,      7.555      
# span 13 =    11.6373,    25.2131      
# span 14 = 0.0000e+00, 0.0000e+00      
# interval = seconds: 0.25
# start_time = Jul 23 2018 15:02:21 [Instrument's time stamp, header]
# bad_flag = -9.990e-29
*END*
[from data line 290]
      0.802      0.069     8.8926    108.009     35.245  35.383869     5.8181      8.452   206.9919 1.1014e+02     2.2478      0.788      1.142    25.1917 0.0000e+00
      0.817      0.067     8.8847    107.913     35.222  35.359701     5.8386      8.451   207.2145 1.0804e+02     2.2815      0.801      1.161    25.1915 0.0000e+00
      0.834      0.065     8.8709    107.743     35.197  35.334302     5.9097      8.452   208.4316 1.0551e+02     2.2985      0.818      1.185    25.1913 0.0000e+00
      0.852      0.062     8.8574    107.576     35.194  35.330858     6.0162      8.455   210.3510 1.0317e+02     2.2697      0.837      1.213    25.1910 0.0000e+00
      0.870      0.059     8.8484    107.467     35.181  35.318061     6.0697      8.458   211.1493 1.0133e+02     2.2690      0.854      1.238    25.1908 0.0000e+00
      0.885      0.055     8.8429    107.399     35.170  35.306608     6.0698      8.460   209.9093 9.9907e+01     2.2901      0.869      1.259    25.1904 0.0000e+00
      0.897      0.051     8.8326    107.275     35.183  35.319423     5.9988      8.463   208.1784 9.8684e+01     2.3121      0.880      1.277    25.1892 0.0000e+00
      0.908      0.049     8.8159    107.071     35.210  35.345975     5.8638      8.465   206.9984 9.7449e+01     2.2905      0.891      1.293    25.1880 0.0000e+00
      0.919      0.049     8.8000    106.877     35.238  35.373559     5.7880      8.466   206.4837 9.6171e+01     2.2417      0.901      1.307    25.1875 0.0000e+00
      0.930      0.052     8.7892    106.746     35.263  35.398853     5.7719      8.465   207.0317 9.4762e+01     2.2416      0.912      1.322    25.1875 0.0000e+00
      0.942      0.057     8.7852    106.698     35.262  35.397719     5.7615      8.462   207.0844 9.3135e+01     2.2585      0.924      1.340    25.1877 0.0000e+00
      0.956      0.062     8.7872    106.721     35.224  35.359847     5.7909      8.460   207.2077 9.1155e+01     2.2640      0.937      1.358    25.1875 0.0000e+00
      0.974      0.067     8.7930    106.790     35.187  35.322058     5.8514      8.458   207.9199 8.8807e+01     2.2763      0.955      1.384    25.1869 0.0000e+00
      0.994      0.071     8.8048    106.931     35.188  35.321944     5.8765      8.457   207.1779 8.6625e+01     2.2845      0.977      1.417    25.1870 0.0000e+00
      1.014      0.073     8.8185    107.097     35.224  35.358474     5.8833      8.454   206.6671 8.4830e+01     2.3033      0.996      1.444    25.1876 0.0000e+00
      1.033      0.074     8.8235    107.158     35.248  35.382611     5.9432      8.451   206.9928 8.3045e+01     2.3207      1.013      1.469    25.1874 0.0000e+00
      1.051      0.073     8.8196    107.113     35.225  35.359701     6.0311      8.449   206.7285 8.1235e+01     2.2805      1.032      1.496    25.1859 0.0000e+00
      1.070      0.071     8.8127    107.029     35.200  35.335552     6.0724      8.448   206.4825 7.9401e+01     2.2452      1.049      1.521    25.1843 0.0000e+00
      1.089      0.070     8.8003    106.877     35.210  35.344707     6.0757      8.446   206.6858 7.7636e+01     2.2598      1.067      1.550    25.1837 0.0000e+00
      1.107      0.070     8.7790    106.617     35.210  35.343354     6.1171      8.445   207.0359 7.6183e+01     2.2733      1.086      1.575    25.1843 0.0000e+00
      1.124      0.069     8.7542    106.314     35.186  35.319196     6.2051      8.445   207.1014 7.4861e+01     2.2873      1.102      1.598    25.1855 0.0000e+00
      1.141      0.069     8.7374    106.109     35.174  35.306690     6.2667      8.445   207.2197 7.3394e+01     2.3068      1.118      1.622    25.1861 0.0000e+00
      1.159      0.070     8.7358    106.088     35.187  35.319184     6.2832      8.445   207.6916 7.1839e+01     2.2955      1.136      1.648    25.1854 0.0000e+00
      1.176      0.071     8.7438    106.184     35.211  35.343218     6.3221      8.445   207.5591 7.0343e+01     2.2729      1.154      1.674    25.1845 0.0000e+00
      1.194      0.072     8.7509    106.269     35.211  35.343207     6.4058      8.444   207.3386 6.8799e+01     2.2773      1.170      1.697    25.1836 0.0000e+00
      1.214      0.073     8.7544    106.312     35.187  35.319049     6.4587      8.443   208.1225 6.7187e+01     2.2876      1.190      1.726    25.1823 0.0000e+00
      1.234      0.073     8.7568    106.340     35.174  35.305200     6.4662      8.442   209.3792 6.5733e+01     2.2754      1.211      1.757    25.1816 0.0000e+00
      1.252      0.073     8.7589    106.365     35.172  35.302805     6.5147      8.442   210.9179 6.4391e+01     2.2822      1.227      1.781    25.1813 0.0000e+00
      1.269      0.072     8.7565    106.335     35.159  35.290093     6.6034      8.442   212.3584 6.2962e+01     2.3707      1.243      1.803    25.1808 0.0000e+00
      1.289      0.070     8.7487    106.241     35.148  35.278543     6.6382      8.442   212.5138 6.1532e+01     2.4602      1.264      1.833    25.1807 0.0000e+00
      1.308      0.067     8.7406    106.142     35.159  35.290195     6.6319      8.442   211.8507 6.0195e+01     2.4792      1.283      1.860    25.1808 0.0000e+00
      1.326      0.063     8.7349    106.072     35.173  35.303940     6.6376      8.443   211.8268 5.9000e+01     2.4779      1.301      1.886    25.1803 0.0000e+00
      1.342      0.058     8.7365    106.092     35.187  35.317685     6.6611      8.444   211.7947 5.8025e+01     2.4137      1.317      1.909    25.1798 0.0000e+00
      1.355      0.054     8.7456    106.203     35.198  35.329339     6.6950      8.444   211.3755 5.7210e+01     2.2830      1.329      1.928    25.1797 0.0000e+00
      1.366      0.051     8.7560    106.331     35.186  35.317809     6.7079      8.444   210.9748 5.6391e+01     2.2409      1.339      1.942    25.1798 0.0000e+00
      1.377      0.050     8.7628    106.414     35.173  35.305315     6.7070      8.444   210.3056 5.5553e+01     2.2704      1.350      1.958    25.1797 0.0000e+00
      1.389      0.052     8.7659    106.452     35.173  35.305315     6.6840      8.443   209.8233 5.4743e+01     2.2737      1.362      1.976    25.1799 0.0000e+00
      1.402      0.056     8.7657    106.449     35.186  35.317801     6.6316      8.443   209.6171 5.3824e+01     2.2814      1.374      1.993    25.1805 0.0000e+00
      1.416      0.061     8.7617    106.399     35.198  35.329246     6.5975      8.442   209.4466 5.2749e+01     2.3015      1.389      2.013    25.1809 0.0000e+00
      1.432      0.066     8.7594    106.371     35.186  35.316655     6.5938      8.440   209.4822 5.1606e+01     2.3034      1.404      2.036    25.1810 0.0000e+00
      1.451      0.070     8.7631    106.415     35.162  35.292602     6.6418      8.438   209.5321 5.0395e+01     2.2739      1.421      2.061    25.1808 0.0000e+00
      1.471      0.072     8.7705    106.504     35.162  35.292506     6.7276      8.436   209.7056 4.9129e+01     2.2500      1.442      2.091    25.1805 0.0000e+00
      1.491      0.072     8.7808    106.628     35.186  35.315500     6.7761      8.435   210.0321 4.7956e+01     2.2589      1.463      2.121    25.1803 0.0000e+00
      1.510      0.071     8.7948    106.797     35.187  35.316531     6.7878      8.433   210.3813 4.6934e+01     2.2594      1.481      2.148    25.1801 0.0000e+00
      1.527      0.068     8.8090    106.969     35.176  35.304971     6.8596      8.431   210.9173 4.5993e+01     2.2557      1.498      2.173    25.1796 0.0000e+00
      1.544      0.065     8.8172    107.068     35.174  35.302776     7.0007      8.430   211.4361 4.5115e+01     2.2444      1.514      2.196    25.1791 0.0000e+00
      1.559      0.063     8.8189    107.088     35.161  35.289977     7.0789      8.431   211.4061 4.4318e+01     2.2148      1.529      2.218    25.1785 0.0000e+00
      1.575      0.063     8.8141    107.028     35.148  35.277264     7.0882      8.432   210.8990 4.3543e+01     2.2331      1.545      2.240    25.1778 0.0000e+00
      1.590      0.063     8.7992    106.848     35.147  35.276109     7.0664      8.431   210.4667 4.2728e+01     2.3135      1.560      2.262    25.1774 0.0000e+00
      1.606      0.064     8.7782    106.590     35.148  35.276005     7.0082      8.430   210.8255 4.1901e+01     2.4237      1.575      2.284    25.1773 0.0000e+00
      1.622      0.067     8.7594    106.360     35.149  35.276005     6.9735      8.428   212.3976 4.1072e+01     2.4976      1.590      2.307    25.1778 0.0000e+00
      1.639      0.070     8.7439    106.170     35.149  35.276117     6.9684      8.426   213.6429 4.0203e+01     2.5042      1.606      2.330    25.1776 0.0000e+00
      1.657      0.071     8.7340    106.050     35.150  35.277355     6.9650      8.426   213.4927 3.9262e+01     2.5046      1.626      2.356    25.1766 0.0000e+00
      1.677      0.071     8.7367    106.082     35.164  35.290980     6.9693      8.427   213.1627 3.8264e+01     2.4712      1.645      2.386    25.1756 0.0000e+00
      1.697      0.069     8.7496    106.237     35.188  35.313802     6.9740      8.427   213.3531 3.7366e+01     2.3753      1.666      2.417    25.1746 0.0000e+00
      1.716      0.066     8.7695    106.475     35.175  35.299209     6.9663      8.428   213.6440 3.6695e+01     2.2911      1.685      2.444    25.1742 0.0000e+00
      1.731      0.061     8.7905    106.724     35.120  35.241582     6.9498      8.429   214.0129 3.6111e+01     2.2468      1.698      2.463    25.1737 0.0000e+00
      1.745      0.056     8.7975    106.796     35.072  35.188714     6.9033      8.430   214.4579 3.5515e+01     2.2362      1.711      2.481    25.1732 0.0000e+00
      1.759      0.052     8.7840    106.613     35.058  35.168151     6.8268      8.430   214.4640 3.4970e+01     2.2548      1.725      2.503    25.1723 0.0000e+00
      1.771      0.049     8.7605    106.307     35.080  35.183510     6.7791      8.429   214.5171 3.4472e+01     2.2578      1.737      2.519    25.1717 0.0000e+00
      1.782      0.048     8.7407    106.045     35.088  35.183838     6.7765      8.427   215.1861 3.3980e+01     2.2423      1.748      2.535    25.1689 0.0000e+00
      1.794      0.047     8.7314    105.905     35.023  35.108580     6.8137      8.425   216.2720 3.3501e+01     2.2507      1.759      2.553    25.1616 0.0000e+00
      1.806      0.046     8.7287    105.822     34.905  34.972280     6.8702      8.422   217.0632 3.3032e+01     2.2667      1.771      2.569    25.1524 0.0000e+00
      1.817      0.045     8.7238    105.677     34.834  34.869736     6.8988      8.418   216.2347 3.2542e+01     2.2833      1.782      2.585    25.1409 0.0000e+00
      1.830      0.045     8.7176    105.521     34.878  34.884991     6.9027      8.413   214.4278 3.2082e+01     2.2988      1.795      2.603    25.1292 0.0000e+00
      1.842      0.047     8.7195    105.510     34.908  34.902615     6.9174      8.403   213.9735 3.1699e+01     2.3015      1.807      2.621    25.1199 0.0000e+00
      1.852      0.052     8.7409    105.720     34.851  34.828728     6.9386      8.381   215.3018 3.1319e+01     2.3162      1.815      2.633    25.1001 0.0000e+00
      1.863      0.060     8.8049    106.328     34.835  34.753829     6.9480      8.352   216.3787 3.0865e+01     2.3249      1.826      2.648    25.0467 0.0000e+00
      1.876      0.067     8.9316    107.586     34.872  34.695640     6.9574      8.322   216.4112 3.0249e+01     2.3144      1.839      2.666    24.9887 0.0000e+00
      1.895      0.072     9.1040    109.386     34.905  34.633183     6.9514      8.294   216.6403 2.9395e+01     2.2807      1.855      2.691    24.9850 0.0000e+00
      1.920      0.077     9.2860    111.369     34.911  34.570190     6.9213      8.268   217.2557 2.8459e+01     2.2532      1.882      2.731    24.9909 0.0000e+00
      1.945      0.079     9.4660    113.407     34.822  34.442035     6.9055      8.242   218.0012 2.7720e+01     2.2871      1.911      2.770    24.9018 0.0000e+00
      1.965      0.077     9.6623    115.650     34.704  34.290463     6.9075      8.217   219.1158 2.7171e+01     2.3243      1.928      2.796    24.7367 0.0000e+00
      1.982      0.074     9.8863    118.185     34.658  34.198404     6.9181      8.192   220.2353 2.6648e+01     2.3069      1.943      2.819    24.5914 0.0000e+00
      1.999      0.070    10.1173    120.773     34.603  34.091101     7.0615      8.167   220.8687 2.6128e+01     2.2296      1.961      2.844    24.4873 0.0000e+00
      2.016      0.067    10.3292    123.088     34.520  33.945755     7.3265      8.145   221.1814 2.5638e+01     2.1523      1.977      2.868    24.4470 0.0000e+00
      2.032      0.066    10.5173    125.060     34.492  33.838311     7.4667      8.124   221.6072 2.5162e+01     2.1353      1.993      2.891    24.4105 0.0000e+00
      2.049      0.067    10.6964    126.908     34.480  33.744634     7.4693      8.103   222.4023 2.4672e+01     2.1458      2.009      2.914    24.3300 0.0000e+00
      2.066      0.068    10.8804    128.826     34.384  33.575180     7.4506      8.085   223.1376 2.4209e+01     2.1869      2.026      2.938    24.2615 0.0000e+00
      2.083      0.069    11.0640    130.722     34.326  33.440756     7.4243      8.069   223.4418 2.3781e+01     2.2355      2.043      2.963    24.1728 0.0000e+00
      2.100      0.073    11.2357    132.455     34.358  33.389526     7.3991      8.053   223.6715 2.3296e+01     2.2763      2.058      2.986    24.0478 0.0000e+00
      2.119      0.078    11.4040    134.132     34.389  33.336731     7.3856      8.036   224.8822 2.2780e+01     2.3139      2.078      3.015    23.9190 0.0000e+00
      2.139      0.083    11.5959    136.007     34.468  33.310421     7.3426      8.021   226.7236 2.2272e+01     2.2938      2.098      3.042    23.8231 0.0000e+00
      2.159      0.087    11.8226    138.202     34.610  33.325317     7.2569      8.009   227.6088 2.1707e+01     2.2464      2.116      3.069    23.7093 0.0000e+00
      2.183      0.087    12.0568    140.524     34.790  33.389629     7.2124      8.001   228.1868 2.1057e+01     2.2292      2.139      3.102    23.5786 0.0000e+00
      2.211      0.085    12.2588    142.676     34.910  33.452700     7.2001      7.995   228.7213 2.0399e+01     2.2384      2.168      3.144    23.4783 0.0000e+00
      2.236      0.082    12.4298    144.663     34.912  33.452676     7.0440      7.987   228.2207 1.9918e+01     2.2354      2.197      3.186    23.3322 0.0000e+00
      2.255      0.078    12.6039    146.630     34.927  33.452866     6.7587      7.976   227.5545 1.9594e+01     2.1932      2.213      3.210    23.1342 0.0000e+00
      2.270      0.076    12.7835    148.386     35.082  33.518509     6.5991      7.961   228.1517 1.9242e+01     2.1248      2.226      3.228    22.9491 0.0000e+00
      2.285      0.077    12.9343    149.578     35.323  33.611081     6.5851      7.945   229.4187 1.8868e+01     2.0805      2.241      3.251    22.8697 0.0000e+00
      2.302      0.080    13.0329    150.082     35.564  33.682723     6.6538      7.929   230.1404 1.8477e+01     2.0534      2.256      3.271    22.9141 0.0000e+00
      2.323      0.085    13.0745    149.960     35.793  33.749349     6.7772      7.914   231.1127 1.7971e+01     2.0109      2.275      3.300    22.9305 0.0000e+00
      2.349      0.089    13.0570    149.286     36.020  33.844795     6.8370      7.901   232.4851 1.7399e+01     1.9637      2.303      3.341    22.7968 0.0000e+00
      2.377      0.090    12.9850    148.101     36.226  33.947351     6.8431      7.887   232.7958 1.6906e+01     1.9101      2.333      3.384    22.5773 0.0000e+00
      2.401      0.090    12.8593    146.369     36.403  34.036471     6.8607      7.872   232.6315 1.6487e+01     1.9122      2.356      3.417    22.3505 0.0000e+00
