Data/DataNotYetUploadedToEDI/Raw_CTD/RawDownloads/072320_fcr50.cnv
* Sea-Bird SBE19plus  Data File:
* FileName = C:\DATA\SBE19plus_01907809_2020_07_23_0002.hex
* Software version 2.8.0.119
* Temperature SN = 7809
* Conductivity SN = 7809
* System UpLoad Time = Jul 23 2020 16:45:34
* <ApplicationData>
* <Seaterm232>
# nquan = 16
# nvalues = 1626                        
# units = specified
# name 0 = depFM: Depth [fresh water, m]
# name 1 = dz/dtM: Descent Rate [m/s]
# name 2 = sbeox0ML/L: Oxygen, SBE 43 [ml/l]
# name 3 = sbeox0PS: Oxygen, SBE 43 [% saturation]
# name 4 = specc: Specific Conductance [uS/cm]
# name 5 = c0uS/cm: Conductivity [uS/cm]
# name 6 = flECO-AFL: Fluorescence, WET Labs ECO-AFL/FL [mg/m^3]
# name 7 = ph: pH
# name 8 = orp: Oxidation Reduction Potential [mV]
# name 9 = par/sat/log: PAR/Logarithmic, Satlantic
# name 10 = turbWETntu0: Turbidity, WET Labs ECO [NTU]
# name 11 = prdM: Pressure, Strain Gauge [db]
# name 12 = prdE: Pressure, Strain Gauge [psi]
# name 13 = tv290C: Temperature [ITS-90, deg C]
# name 14 = density00: Density [density, kg/m^3]
# name 15 = flag:  0.000e+00
# span 0 =     -0.622,      9.736       
# span 1 =     -0.400,      0.287       
# span 2 =     0.0038,    10.7029       
# span 3 =      0.142,    180.611       
# span 4 =      0.931,    322.585       
# span 5 =   1.014350, 234.560821       
# span 6 =    -2.7748,    17.6087       
# span 7 =      6.693,      7.092       
# span 8 =  -436.0118,   563.7757       
# span 9 = 1.2340e-01, 2.3251e+03       
# span 10 =    -1.0702,   118.0826      
# span 11 =     -0.610,      9.548      
# span 12 =     -0.886,     13.848      
# span 13 =    10.8001,    29.4760      
# span 14 =   995.8133,   999.7613      
# span 15 = 0.0000e+00, 0.0000e+00      
# interval = seconds: 0.25
# start_time = Jul 23 2020 01:47:15 [Instrument's time stamp, header]
# bad_flag = -9.990e-29
*END*
[from data line 633]
      5.620      0.061     0.3171      4.096     45.744  32.879223     1.0074      6.867   170.5675 1.8717e-01    48.6695      5.515      7.999    10.9373   999.6581 0.0000e+00
      5.632      0.055     0.3155      4.043     45.745  32.880273     0.8765      6.866   170.6150 1.9417e-01    48.6542      5.525      8.014    10.9362   999.6582 0.0000e+00
      5.638      0.047     0.3182      4.005     45.727  32.866856     0.8165      6.866   170.5305 1.9338e-01    48.6739      5.528      8.017    10.9345   999.6584 0.0000e+00
      5.646      0.040     0.3190      4.000     45.697  32.843897     0.8170      6.867   170.4916 1.8514e-01    48.7014      5.535      8.027    10.9344   999.6585 0.0000e+00
      5.657      0.036     0.3179      4.005     45.717  32.856474     0.8819      6.867   170.3171 1.8907e-01    48.7459      5.548      8.047    10.9359   999.6584 0.0000e+00
      5.668      0.035     0.3117      4.025     45.768  32.892028     1.0197      6.866   170.0547 1.8837e-01    48.8346      5.559      8.063    10.9365   999.6584 0.0000e+00
      5.678      0.035     0.3078      4.052     45.771  32.893067     1.1092      6.866   170.0720 1.8483e-01    48.8818      5.569      8.077    10.9353   999.6585 0.0000e+00
      5.686      0.035     0.3099      4.071     45.739  32.869041     1.1341      6.865   170.1819 1.9059e-01    48.9041      5.577      8.088    10.9342   999.6587 0.0000e+00
      5.693      0.034     0.3082      4.087     45.720  32.855329     1.0829      6.865   170.2657 1.9358e-01    48.9331      5.582      8.096    10.9329   999.6588 0.0000e+00
      5.701      0.034     0.3109      4.096     45.719  32.854177     0.9674      6.865   170.2244 1.9205e-01    48.9233      5.591      8.108    10.9309   999.6590 0.0000e+00
      5.711      0.034     0.3136      4.102     45.721  32.855113     0.9105      6.865   170.0265 1.8727e-01    48.8887      5.601      8.123    10.9297   999.6593 0.0000e+00
      5.721      0.034     0.3142      4.094     45.739  32.866639     0.9199      6.866   169.9379 1.7100e-01    48.8920      5.610      8.136    10.9290   999.6594 0.0000e+00
      5.730      0.034     0.3165      4.089     45.740  32.866640     0.9662      6.867   169.8413 1.5995e-01    49.0318      5.620      8.151    10.9280   999.6595 0.0000e+00
      5.738      0.033     0.3162      4.116     45.726  32.855123     1.0311      6.866   169.7196 1.7750e-01    49.2402      5.628      8.163    10.9279   999.6596 0.0000e+00
      5.745      0.032     0.3175      4.132     45.727  32.854283     1.0562      6.865   169.5845 1.9846e-01    49.3168      5.633      8.169    10.9275   999.6596 0.0000e+00
      5.753      0.029     0.3171      4.130     45.732  32.856484     1.0592      6.864   169.2402 1.9858e-01    49.3061      5.641      8.182    10.9258   999.6598 0.0000e+00
      5.762      0.027     0.3134      4.135     45.768  32.881742     1.0779      6.864   169.4287 1.9258e-01    49.2477      5.651      8.196    10.9248   999.6600 0.0000e+00
      5.769      0.027     0.3194      4.150     45.803  32.905863     1.1009      6.864   170.3149 1.8325e-01    49.0912      5.658      8.205    10.9237   999.6601 0.0000e+00
      5.775      0.030     0.3199      4.178     45.787  32.894326     1.1079      6.864   170.7492 1.7097e-01    48.9589      5.665      8.216    10.9215   999.6604 0.0000e+00
      5.779      0.034     0.3185      4.195     45.752  32.869156     1.0963      6.864   170.6361 1.7402e-01    48.9194      5.669      8.222    10.9201   999.6605 0.0000e+00
      5.783      0.036     0.3200      4.190     45.733  32.855330     1.0848      6.864   170.2383 1.8823e-01    48.9215      5.667      8.220    10.9193   999.6607 0.0000e+00
      5.796      0.038     0.3197      4.173     45.733  32.854064     1.0446      6.864   169.6392 1.9125e-01    48.9170      5.680      8.239    10.9179   999.6609 0.0000e+00
      5.814      0.038     0.3238      4.160     45.733  32.853845     0.9724      6.864   170.0168 1.7823e-01    48.8991      5.703      8.274    10.9178   999.6609 0.0000e+00
      5.827      0.039     0.3250      4.153     45.731  32.852681     0.9373      6.864   171.4488 1.6246e-01    48.8764      5.717      8.292    10.9184   999.6610 0.0000e+00
      5.833      0.039     0.3242      4.140     45.714  32.839991     0.9356      6.864   172.3268 1.5290e-01    48.8827      5.720      8.297    10.9180   999.6610 0.0000e+00
      5.837      0.037     0.3224      4.118     45.697  32.827311     0.9418      6.864   172.3724 1.4931e-01    48.9747      5.724      8.301    10.9169   999.6611 0.0000e+00
      5.845      0.035     0.3214      4.098     45.696  32.826261     0.9648      6.864   171.9139 1.5084e-01    49.0625      5.731      8.311    10.9163   999.6612 0.0000e+00
      5.856      0.036     0.3213      4.085     45.697  32.827301     0.9848      6.864   171.1712 1.5303e-01    49.0510      5.743      8.329    10.9168   999.6612 0.0000e+00
      5.867      0.040     0.3205      4.076     45.714  32.839886     1.0013      6.864   171.3084 1.5500e-01    49.0756      5.755      8.348    10.9165   999.6613 0.0000e+00
      5.877      0.045     0.3181      4.057     45.731  32.851526     1.1270      6.864   172.4540 1.4968e-01    49.2226      5.764      8.360    10.9157   999.6614 0.0000e+00
      5.887      0.051     0.3166      4.037     45.718  32.841134     1.3500      6.864   173.3209 1.3815e-01    49.3528      5.772      8.371    10.9151   999.6615 0.0000e+00
      5.899      0.056     0.3153      4.018     45.718  32.841134     1.4665      6.863   173.4447 1.3855e-01    49.3799      5.784      8.389    10.9156   999.6615 0.0000e+00
      5.914      0.061     0.3159      4.005     45.733  32.851527     1.4671      6.862   173.2618 1.4132e-01    49.3789      5.800      8.412    10.9168   999.6615 0.0000e+00
      5.933      0.066     0.3135      4.017     45.718  32.839897     1.4438      6.862   173.1745 1.3311e-01    49.5112      5.817      8.437    10.9160   999.6617 0.0000e+00
      5.953      0.070     0.3116      4.027     45.702  32.827416     1.4230      6.862   173.0775 1.2660e-01    49.7439      5.838      8.467    10.9141   999.6619 0.0000e+00
      5.972      0.071     0.3114      4.030     45.704  32.827520     1.4159      6.862   172.9502 1.2485e-01    49.8575      5.858      8.497    10.9138   999.6621 0.0000e+00
      5.990      0.070     0.3078      4.046     45.725  32.841146     1.4051      6.861   173.1840 1.2363e-01    49.8552      5.874      8.520    10.9141   999.6621 0.0000e+00
      6.007      0.067     0.3112      4.046     45.760  32.865268     1.3976      6.861   173.7525 1.2357e-01    49.8190      5.891      8.544    10.9130   999.6623 0.0000e+00
      6.024      0.065     0.3121      4.036     45.760  32.865382     1.4489      6.862   174.3177 1.2357e-01    49.7635      5.909      8.570    10.9121   999.6625 0.0000e+00
      6.040      0.062     0.3099      4.059     45.728  32.842519     1.5585      6.863   174.5114 1.2357e-01    49.6983      5.924      8.592    10.9110   999.6626 0.0000e+00
      6.055      0.060     0.3142      4.094     45.728  32.842634     1.6256      6.862   173.5985 1.2360e-01    49.6498      5.938      8.612    10.9091   999.6630 0.0000e+00
      6.070      0.059     0.3134      4.104     45.762  32.866766     1.6305      6.862   172.4007 1.2361e-01    49.6232      5.953      8.634    10.9076   999.6632 0.0000e+00
      6.085      0.060     0.3102      4.097     45.779  32.880496     1.6366      6.862   172.6767 1.2360e-01    49.5818      5.969      8.657    10.9077   999.6632 0.0000e+00
      6.098      0.061     0.3134      4.077     45.779  32.881744     1.6618      6.862   173.4087 1.2360e-01    49.5613      5.980      8.673    10.9079   999.6632 0.0000e+00
      6.112      0.061     0.3179      4.056     45.776  32.881856     1.6788      6.863   173.7649 1.2360e-01    49.5823      5.993      8.692    10.9075   999.6633 0.0000e+00
      6.130      0.060     0.3175      4.057     45.772  32.881856     1.6793      6.863   174.2304 1.2358e-01    49.5950      6.011      8.718    10.9079   999.6634 0.0000e+00
      6.149      0.060     0.3170      4.047     45.771  32.881743     1.7161      6.862   173.6160 1.2355e-01    49.6458      6.031      8.748    10.9089   999.6634 0.0000e+00
      6.164      0.060     0.3162      4.033     45.772  32.880494     1.7989      6.861   172.0158 1.2356e-01    49.7498      6.047      8.771    10.9107   999.6633 0.0000e+00
      6.177      0.059     0.3114      4.041     45.758  32.866755     1.8600      6.861   171.4021 1.2354e-01    49.8232      6.057      8.784    10.9136   999.6631 0.0000e+00
      6.190      0.057     0.3150      4.050     45.730  32.842520     1.8828      6.861   171.7026 1.2349e-01    49.8799      6.069      8.803    10.9166   999.6628 0.0000e+00
      6.207      0.057     0.3131      4.058     45.733  32.841262     1.8653      6.861   172.4653 1.2353e-01    49.8868      6.087      8.829    10.9179   999.6628 0.0000e+00
      6.222      0.059     0.3102      4.083     45.750  32.851540     1.8202      6.861   173.4827 1.2355e-01    49.8724      6.103      8.852    10.9161   999.6630 0.0000e+00
      6.235      0.063     0.3131      4.113     45.735  32.839890     1.8047      6.861   172.9910 1.2353e-01    49.8771      6.113      8.867    10.9113   999.6635 0.0000e+00
      6.249      0.065     0.3131      4.116     45.717  32.827303     1.8109      6.861   171.3375 1.2359e-01    49.8408      6.125      8.884    10.9057   999.6640 0.0000e+00
      6.268      0.065     0.3132      4.100     45.717  32.826255     1.8287      6.861   170.6982 1.2369e-01    49.9826      6.146      8.914    10.9020   999.6646 0.0000e+00
      6.288      0.065     0.3150      4.061     45.721  32.827210     1.8575      6.860   171.1977 1.2372e-01    50.3219      6.168      8.945    10.9003   999.6649 0.0000e+00
      6.306      0.065     0.3198      4.031     45.739  32.838849     1.8635      6.859   172.0429 1.2368e-01    50.5094      6.185      8.970    10.9005   999.6649 0.0000e+00
      6.321      0.062     0.3179      4.041     45.742  32.840079     1.8622      6.859   172.5720 1.2364e-01    50.5334      6.199      8.991    10.9004   999.6650 0.0000e+00
      6.336      0.057     0.3182      4.042     45.746  32.842083     1.8897      6.860   172.2613 1.2360e-01    50.4404      6.213      9.012    10.8989   999.6652 0.0000e+00
      6.350      0.053     0.3142      4.029     45.775  32.863078     1.9287      6.861   171.5553 1.2355e-01    50.2444      6.228      9.033    10.8970   999.6655 0.0000e+00
      6.363      0.052     0.3089      4.019     45.743  32.840119     1.9440      6.861   171.3491 1.2349e-01    50.1543      6.241      9.052    10.8956   999.6657 0.0000e+00
      6.374      0.052     0.3142      4.001     45.712  32.818296     1.9412      6.861   171.6612 1.2345e-01    50.1746      6.252      9.068    10.8942   999.6659 0.0000e+00
      6.385      0.052     0.3129      3.988     45.759  32.853017     1.9425      6.860   172.0593 1.2347e-01    50.1811      6.260      9.080    10.8934   999.6660 0.0000e+00
      6.398      0.053     0.3110      4.001     45.794  32.879237     1.9115      6.860   172.2901 1.2349e-01    50.1293      6.272      9.097    10.8933   999.6661 0.0000e+00
      6.415      0.054     0.3115      4.007     45.795  32.881517     1.8434      6.860   172.4727 1.2352e-01    50.0631      6.290      9.124    10.8932   999.6662 0.0000e+00
      6.430      0.056     0.3096      3.995     45.793  32.880581     1.8059      6.859   172.7197 1.2357e-01    50.0332      6.307      9.148    10.8935   999.6662 0.0000e+00
      6.443      0.057     0.3072      4.018     45.776  32.867911     1.8007      6.859   172.8674 1.2359e-01    50.0427      6.319      9.163    10.8947   999.6662 0.0000e+00
      6.456      0.055     0.3094      4.058     45.760  32.855233     1.8667      6.859   173.0540 1.2356e-01    50.1432      6.330      9.180    10.8965   999.6661 0.0000e+00
      6.471      0.050     0.3118      4.059     45.760  32.854184     2.0037      6.860   173.1682 1.2356e-01    50.2529      6.345      9.204    10.8982   999.6660 0.0000e+00
      6.487      0.045     0.3066      4.032     45.763  32.855232     2.0737      6.860   173.2158 1.2356e-01    50.2700      6.363      9.230    10.8984   999.6660 0.0000e+00
      6.500      0.042     0.3098      4.000     45.782  32.867903     2.0742      6.859   173.5435 1.2355e-01    50.2475      6.376      9.248    10.8979   999.6661 0.0000e+00
      6.508      0.042     0.3161      3.989     45.797  32.880488     2.0854      6.858   174.0325 1.2357e-01    50.2211      6.384      9.259    10.8967   999.6663 0.0000e+00
      6.512      0.045     0.3142      4.012     45.793  32.880497     2.1136      6.858   174.3101 1.2349e-01    50.1901      6.386      9.262    10.8954   999.6664 0.0000e+00
      6.518      0.050     0.3122      4.027     45.773  32.868016     2.1387      6.858   174.3191 1.2343e-01    50.1486      6.389      9.266    10.8945   999.6665 0.0000e+00
      6.532      0.055     0.3088      4.012     45.760  32.856479     2.1412      6.858   174.3135 1.2348e-01    50.0971      6.401      9.285    10.8926   999.6668 0.0000e+00
      6.554      0.059     0.3069      4.015     45.780  32.867902     2.0862      6.858   174.5004 1.2348e-01    50.0826      6.427      9.321    10.8942   999.6668 0.0000e+00
      6.576      0.061     0.3107      4.048     45.799  32.879230     1.9890      6.858   174.6001 1.2349e-01    50.1443      6.451      9.357    10.9003   999.6663 0.0000e+00
      6.593      0.061     0.3131      4.059     45.783  32.866540     1.9394      6.858   174.5718 1.2354e-01    50.1906      6.467      9.380    10.9023   999.6661 0.0000e+00
      6.605      0.056     0.3095      4.054     45.748  32.841370     1.9533      6.858   174.7606 1.2355e-01    50.1279      6.478      9.395    10.8985   999.6665 0.0000e+00
      6.615      0.047     0.3086      4.057     45.730  32.828699     1.9760      6.859   174.9041 1.2360e-01    50.0381      6.486      9.409    10.8943   999.6670 0.0000e+00
      6.626      0.039     0.3149      4.053     45.747  32.840235     2.0709      6.859   175.0170 1.2367e-01    49.9980      6.497      9.424    10.8918   999.6673 0.0000e+00
      6.638      0.034     0.3143      4.043     45.767  32.853955     2.2526      6.859   175.3515 1.2366e-01    49.9518      6.512      9.444    10.8909   999.6675 0.0000e+00
      6.647      0.034     0.3126      4.042     45.786  32.867683     2.3513      6.859   175.2494 1.2362e-01    49.8914      6.522      9.459    10.8914   999.6675 0.0000e+00
      6.650      0.038     0.3146      4.046     45.802  32.879314     2.3486      6.859   174.5564 1.2363e-01    49.8516      6.521      9.459    10.8914   999.6675 0.0000e+00
      6.653      0.044     0.3135      4.056     45.787  32.867684     2.2767      6.858   174.1133 1.2364e-01    49.8141      6.521      9.457    10.8908   999.6675 0.0000e+00
      6.663      0.049     0.3123      4.080     45.771  32.853966     2.1593      6.859   174.2796 1.2365e-01    49.8155      6.531      9.472    10.8901   999.6677 0.0000e+00
      6.683      0.053     0.3125      4.099     45.755  32.840351     2.1018      6.859   174.7609 1.2366e-01    49.8680      6.552      9.504    10.8906   999.6677 0.0000e+00
      6.705      0.055     0.3131      4.096     45.740  32.829960     2.0971      6.859   175.0278 1.2364e-01    49.8999      6.578      9.540    10.8915   999.6678 0.0000e+00
      6.722      0.055     0.3129      4.095     45.774  32.855225     2.1877      6.859   174.8396 1.2363e-01    49.9950      6.595      9.565    10.8896   999.6680 0.0000e+00
      6.733      0.050     0.3157      4.100     45.821  32.892035     2.3676      6.859   174.3786 1.2361e-01    50.1945      6.603      9.577    10.8863   999.6683 0.0000e+00
