Data/DataNotYetUploadedToEDI/Raw_CTD/RawDownloads/072320_bvr50.cnv
* Sea-Bird SBE19plus  Data File:
* FileName = C:\DATA\SBE19plus_01907809_2020_07_23_0001.hex
* Software version 2.8.0.119
* Temperature SN = 7809
* Conductivity SN = 7809
* System UpLoad Time = Jul 23 2020 16:44:52
* <ApplicationData>
* <Seaterm232>
# nquan = 16
# nvalues = 3266                        
# units = specified
# name 0 = depFM: Depth [fresh water, m]
# name 1 = dz/dtM: Descent Rate [m/s]
# name 2 = sbeox0ML/L: Oxygen, SBE 43 [ml/l]
# name 3 = sbeox0PS: Oxygen, SBE 43 [% saturation]
# name 4 = specc: Specific Conductance [uS/cm]
# name 5 = c0uS/cm: Conductivity [uS/cm]
# name 6 = flECO-AFL: Fluorescence, WET Labs ECO-AFL/FL [mg/m^3]
# name 7 = ph: pH
# name 8 = orp: Oxidation Reduction Potential [mV]
# name 9 = par/sat/log: PAR/Logarithmic, Satlantic
# name 10 = turbWETntu0: Turbidity, WET Labs ECO [NTU]
# name 11 = prdM: Pressure, Strain Gauge [db]
# name 12 = prdE: Pressure, Strain Gauge [psi]
# name 13 = tv290C: Temperature [ITS-90, deg C]
# name 14 = density00: Density [density, kg/m^3]
# name 15 = flag:  0.000e+00
# span 0 =     -0.689,     10.897       
# span 1 =     -0.353,      0.218       
# span 2 =     0.0204,     6.4568       
# span 3 =      0.308,    107.831       
# span 4 =      1.599,    136.282       
# span 5 =   1.643561,  94.052008       
# span 6 =    -0.9995,    40.0949       
# span 7 =      6.441,      7.264       
# span 8 = -1240.7455,   888.3397       
# span 9 = 1.2351e-01, 5.2196e+02       
# span 10 =    -0.3203,     8.4539      
# span 11 =     -0.677,     10.687      
# span 12 =     -0.982,     15.500      
# span 13 =     9.4888,    27.4885      
# span 14 =   996.3989,   999.8456      
# span 15 = 0.0000e+00, 0.0000e+00      
# interval = seconds: 0.25
# start_time = Jul 22 2020 22:34:42 [Instrument's time stamp, header]
# bad_flag = -9.990e-29
*END*
[from data line 1266]
      6.912      0.017     0.0450      0.609     35.340  26.479004     5.7208      6.844   144.5528 8.0401e-01     3.2987      6.778      9.830    12.4337   999.4959 0.0000e+00
      6.915      0.013     0.0417      0.605     35.287  26.442310     5.7202      6.844   144.2695 7.9698e-01     3.3202      6.780      9.833    12.4477   999.4942 0.0000e+00
      6.921      0.012     0.0426      0.579     35.260  26.420757     5.7930      6.844   143.8819 7.9531e-01     3.2422      6.786      9.843    12.4511   999.4938 0.0000e+00
      6.926      0.013     0.0425      0.554     35.331  26.472125     5.9335      6.845   143.7379 7.9059e-01     3.1111      6.793      9.852    12.4540   999.4936 0.0000e+00
      6.930      0.015     0.0469      0.529     35.440  26.555956     6.0172      6.845   143.6465 7.8790e-01     3.0746      6.797      9.859    12.4604   999.4929 0.0000e+00
      6.931      0.015     0.0458      0.523     35.506  26.609766     6.0318      6.844   143.4665 7.9715e-01     3.0746      6.797      9.858    12.4667   999.4920 0.0000e+00
      6.933      0.014     0.0426      0.550     35.513  26.615301     6.1004      6.843   143.2820 7.9275e-01     3.1121      6.797      9.859    12.4636   999.4924 0.0000e+00
      6.938      0.014     0.0420      0.605     35.532  26.622874     6.2454      6.842   142.9638 7.8037e-01     3.1839      6.803      9.867    12.4562   999.4934 0.0000e+00
      6.943      0.013     0.0385      0.633     35.562  26.637899     6.3457      6.841   142.4591 7.8178e-01     3.2222      6.810      9.877    12.4610   999.4929 0.0000e+00
      6.947      0.012     0.0384      0.615     35.523  26.606668     6.3792      6.842   142.0835 7.8467e-01     3.2659      6.814      9.883    12.4728   999.4916 0.0000e+00
      6.950      0.012     0.0395      0.604     35.458  26.562410     6.3729      6.843   141.9498 7.9040e-01     3.2660      6.816      9.886    12.4723   999.4915 0.0000e+00
      6.951      0.012     0.0461      0.604     35.432  26.546790     6.2507      6.843   141.7884 8.0063e-01     3.2226      6.818      9.888    12.4599   999.4930 0.0000e+00
      6.952      0.013     0.0496      0.594     35.435  26.544678     6.0561      6.843   141.5091 8.0503e-01     3.2224      6.817      9.887    12.4471   999.4946 0.0000e+00
      6.955      0.015     0.0445      0.568     35.448  26.536873     5.9654      6.843   141.2408 8.0161e-01     3.2291      6.819      9.891    12.4442   999.4949 0.0000e+00
      6.961      0.018     0.0450      0.529     35.452  26.515818     5.9553      6.843   141.0398 7.8694e-01     3.2353      6.826      9.902    12.4523   999.4940 0.0000e+00
      6.968      0.021     0.0454      0.519     35.429  26.480373     5.8754      6.843   140.7985 7.6984e-01     3.2631      6.833      9.911    12.4634   999.4926 0.0000e+00
      6.973      0.023     0.0443      0.547     35.370  26.425438     5.7434      6.843   140.5613 7.6903e-01     3.2556      6.838      9.918    12.4617   999.4929 0.0000e+00
      6.979      0.025     0.0437      0.583     35.289  26.359040     5.6857      6.842   140.4948 7.7797e-01     3.2485      6.844      9.927    12.4306   999.4967 0.0000e+00
      6.984      0.025     0.0379      0.577     35.230  26.311845     5.6830      6.842   140.3381 7.7714e-01     3.2800      6.849      9.934    12.3899   999.5015 0.0000e+00
      6.991      0.025     0.0381      0.548     35.215  26.298811     5.4819      6.842   139.9577 7.6668e-01     3.3273      6.855      9.942    12.3636   999.5047 0.0000e+00
      6.999      0.025     0.0400      0.552     35.255  26.328307     5.0947      6.842   139.6812 7.5706e-01     3.4091      6.863      9.955    12.3508   999.5062 0.0000e+00
      7.006      0.026     0.0455      0.559     35.375  26.414755     4.8825      6.843   139.4027 7.4878e-01     3.4791      6.872      9.967    12.3443   999.5070 0.0000e+00
      7.011      0.029     0.0446      0.555     35.691  26.646317     4.8713      6.843   139.0001 7.4617e-01     3.5203      6.875      9.972    12.3396   999.5075 0.0000e+00
      7.015      0.031     0.0384      0.556     36.218  27.034891     4.9978      6.842   138.8573 7.4571e-01     3.4617      6.878      9.976    12.3371   999.5078 0.0000e+00
      7.024      0.033     0.0422      0.554     36.586  27.307085     5.2293      6.842   138.7953 7.3499e-01     3.2862      6.888      9.989    12.3373   999.5079 0.0000e+00
      7.035      0.034     0.0421      0.544     36.710  27.400121     5.3535      6.842   138.4228 7.2858e-01     3.2182      6.900     10.007    12.3351   999.5083 0.0000e+00
      7.045      0.037     0.0410      0.550     36.876  27.525460     5.3744      6.842   138.0524 7.2702e-01     3.2564      6.909     10.021    12.3253   999.5095 0.0000e+00
      7.055      0.038     0.0418      0.584     37.005  27.617313     5.4530      6.842   137.8446 7.1104e-01     3.2682      6.919     10.036    12.3173   999.5108 0.0000e+00
      7.064      0.038     0.0418      0.597     36.943  27.559204     5.5787      6.842   137.6315 6.9849e-01     3.2576      6.928     10.049    12.3143   999.5113 0.0000e+00
      7.073      0.037     0.0407      0.567     36.823  27.457195     5.6352      6.842   137.4546 7.0821e-01     3.2308      6.935     10.058    12.3154   999.5112 0.0000e+00
      7.083      0.036     0.0393      0.543     36.759  27.398849     5.6409      6.841   137.2545 7.1230e-01     3.2193      6.946     10.073    12.3217   999.5106 0.0000e+00
      7.093      0.034     0.0448      0.571     36.728  27.361203     5.6370      6.840   136.9325 6.9855e-01     3.2208      6.957     10.091    12.3183   999.5111 0.0000e+00
      7.103      0.031     0.0463      0.604     36.690  27.319166     5.5319      6.840   136.6591 6.8484e-01     3.2150      6.966     10.104    12.2961   999.5137 0.0000e+00
      7.111      0.028     0.0426      0.590     36.639  27.271161     5.3431      6.840   136.5294 6.7766e-01     3.2178      6.973     10.114    12.2777   999.5158 0.0000e+00
      7.116      0.025     0.0382      0.555     36.587  27.224797     5.2421      6.840   136.3972 6.8512e-01     3.2202      6.979     10.123    12.2675   999.5171 0.0000e+00
      7.120      0.023     0.0425      0.513     36.564  27.202597     5.2263      6.840   136.2654 6.9525e-01     3.2099      6.982     10.127    12.2458   999.5196 0.0000e+00
      7.125      0.022     0.0481      0.508     36.549  27.193039     5.1137      6.839   136.2259 6.8780e-01     3.2300      6.986     10.133    12.2242   999.5222 0.0000e+00
      7.131      0.023     0.0436      0.536     36.512  27.172661     4.9011      6.838   136.1782 6.7849e-01     3.2579      6.993     10.143    12.2119   999.5236 0.0000e+00
      7.138      0.023     0.0429      0.537     36.467  27.146520     4.7826      6.836   136.0321 6.8251e-01     3.2380      6.999     10.152    12.2014   999.5248 0.0000e+00
      7.144      0.022     0.0371      0.527     36.446  27.130703     4.7870      6.836   135.7502 6.8355e-01     3.2645      7.005     10.160    12.1934   999.5258 0.0000e+00
      7.151      0.021     0.0362      0.526     36.424  27.108280     4.8784      6.836   135.4376 6.7429e-01     3.5438      7.013     10.172    12.1935   999.5258 0.0000e+00
      7.157      0.019     0.0425      0.533     36.378  27.065704     5.0295      6.836   135.2633 6.6840e-01     3.9709      7.021     10.183    12.2079   999.5242 0.0000e+00
      7.161      0.019     0.0399      0.539     36.383  27.059929     5.1073      6.837   135.1921 6.6272e-01     4.1714      7.024     10.187    12.2225   999.5225 0.0000e+00
      7.163      0.019     0.0394      0.517     36.457  27.101878     5.1039      6.837   135.0065 6.5326e-01     4.1488      7.023     10.186    12.2203   999.5227 0.0000e+00
      7.166      0.018     0.0395      0.499     36.512  27.128877     5.0539      6.836   134.6539 6.4805e-01     3.8684      7.025     10.189    12.2091   999.5241 0.0000e+00
      7.172      0.017     0.0393      0.518     36.529  27.132623     4.9709      6.835   134.3704 6.4643e-01     3.3564      7.032     10.199    12.1974   999.5254 0.0000e+00
      7.180      0.016     0.0424      0.547     36.549  27.147153     4.9201      6.835   134.1595 6.4508e-01     3.0401      7.043     10.214    12.1856   999.5268 0.0000e+00
      7.186      0.014     0.0385      0.559     36.590  27.177693     4.8975      6.835   133.9974 6.4307e-01     2.9620      7.049     10.223    12.1698   999.5287 0.0000e+00
      7.188      0.011     0.0357      0.554     36.605  27.184720     4.7831      6.834   133.8731 6.4301e-01     2.9619      7.049     10.224    12.1449   999.5316 0.0000e+00
      7.188      0.007     0.0390      0.546     36.590  27.168679     4.5773      6.834   133.6039 6.4573e-01     3.0035      7.049     10.223    12.1291   999.5335 0.0000e+00
      7.188      0.004     0.0417      0.548     36.600  27.174037     4.4689      6.834   133.3227 6.4504e-01     3.0190      7.049     10.224    12.1354   999.5328 0.0000e+00
      7.189      0.003     0.0425      0.553     36.615  27.186062     4.4553      6.834   133.1401 6.4227e-01     3.0123      7.050     10.225    12.1388   999.5323 0.0000e+00
      7.189      0.004     0.0417      0.545     36.615  27.187216     4.4512      6.833   132.8586 6.4391e-01     3.0254      7.051     10.226    12.1296   999.5334 0.0000e+00
      7.190      0.005     0.0407      0.546     36.613  27.187993     4.5237      6.833   132.5007 6.4555e-01     3.0407      7.050     10.225    12.1203   999.5345 0.0000e+00
      7.192      0.006     0.0408      0.565     36.613  27.195450     4.6551      6.833   132.2541 6.5101e-01     3.0254      7.052     10.228    12.1178   999.5348 0.0000e+00
      7.194      0.008     0.0427      0.567     36.620  27.213959     4.7234      6.833   132.1141 6.5833e-01     3.0114      7.056     10.233    12.1218   999.5343 0.0000e+00
      7.196      0.010     0.0404      0.544     36.614  27.221507     4.7289      6.833   131.9268 6.4838e-01     3.0084      7.057     10.235    12.1230   999.5343 0.0000e+00
      7.198      0.010     0.0401      0.544     36.609  27.223290     4.8079      6.833   131.6240 6.3466e-01     3.0242      7.058     10.237    12.1217   999.5344 0.0000e+00
      7.202      0.011     0.0431      0.574     36.709  27.298959     4.9638      6.833   131.2927 6.3526e-01     3.0649      7.062     10.243    12.1322   999.5331 0.0000e+00
      7.206      0.014     0.0440      0.593     37.069  27.565522     5.0400      6.832   131.0185 6.3754e-01     3.0543      7.067     10.250    12.1551   999.5306 0.0000e+00
      7.207      0.020     0.0399      0.573     37.625  27.972364     5.0522      6.832   130.9759 6.3794e-01     2.9990      7.069     10.252    12.1738   999.5284 0.0000e+00
      7.209      0.025     0.0396      0.539     37.989  28.221691     5.1683      6.832   130.9489 6.4105e-01     3.0839      7.068     10.251    12.1819   999.5275 0.0000e+00
      7.215      0.029     0.0438      0.534     38.044  28.233012     5.3756      6.832   130.6066 6.4414e-01     3.3249      7.072     10.257    12.1800   999.5277 0.0000e+00
      7.227      0.033     0.0457      0.551     38.080  28.236083     5.4988      6.832   130.3642 6.4233e-01     3.4749      7.085     10.276    12.1801   999.5278 0.0000e+00
      7.241      0.036     0.0440      0.565     38.215  28.322237     5.5134      6.832   130.2557 6.3305e-01     3.4898      7.103     10.302    12.1788   999.5283 0.0000e+00
      7.252      0.036     0.0387      0.549     38.314  28.386574     5.5043      6.831   129.8967 6.2088e-01     3.5055      7.114     10.318    12.1475   999.5321 0.0000e+00
      7.258      0.034     0.0399      0.520     38.398  28.443039     5.5028      6.831   129.5510 6.1088e-01     3.5269      7.117     10.323    12.0987   999.5377 0.0000e+00
      7.265      0.030     0.0413      0.531     38.648  28.624321     5.5058      6.830   129.3458 6.0327e-01     3.5426      7.124     10.333    12.0659   999.5416 0.0000e+00
      7.273      0.029     0.0435      0.573     39.065  28.929089     5.5021      6.830   129.1359 6.0277e-01     3.5586      7.134     10.348    12.0517   999.5434 0.0000e+00
      7.279      0.029     0.0426      0.621     39.627  29.336709     5.3909      6.830   128.9925 6.0879e-01     3.5138      7.139     10.354    12.0424   999.5444 0.0000e+00
      7.284      0.032     0.0368      0.641     40.288  29.809929     5.1632      6.830   128.9020 6.0859e-01     3.4471      7.143     10.358    12.0326   999.5456 0.0000e+00
      7.292      0.034     0.0399      0.623     40.768  30.146513     5.0475      6.828   128.7302 6.0313e-01     3.4736      7.150     10.370    12.0283   999.5462 0.0000e+00
      7.303      0.034     0.0425      0.589     40.998  30.297699     5.0604      6.828   128.4639 5.9612e-01     3.5248      7.161     10.386    12.0267   999.5466 0.0000e+00
      7.315      0.034     0.0477      0.548     41.203  30.432492     5.0517      6.828   128.2637 5.8813e-01     3.4828      7.174     10.405    12.0165   999.5481 0.0000e+00
      7.326      0.033     0.0498      0.512     41.493  30.634302     4.9714      6.829   128.2029 5.8453e-01     3.4127      7.185     10.421    11.9952   999.5508 0.0000e+00
      7.333      0.031     0.0469      0.497     41.864  30.897901     4.8519      6.829   128.3313 5.8411e-01     3.4318      7.192     10.431    11.9697   999.5539 0.0000e+00
      7.337      0.030     0.0452      0.511     42.214  31.145326     4.7898      6.828   128.4389 5.8339e-01     3.5083      7.195     10.436    11.9460   999.5566 0.0000e+00
      7.342      0.029     0.0408      0.521     42.411  31.278449     4.7927      6.827   128.2991 5.7945e-01     3.5134      7.199     10.442    11.9265   999.5588 0.0000e+00
      7.350      0.029     0.0388      0.535     42.459  31.302010     4.7820      6.826   128.0186 5.7160e-01     3.4591      7.206     10.451    11.9120   999.5606 0.0000e+00
      7.360      0.029     0.0357      0.575     42.472  31.303301     4.7366      6.826   127.6279 5.6346e-01     3.4346      7.217     10.467    11.9005   999.5622 0.0000e+00
      7.370      0.028     0.0394      0.596     42.553  31.357494     4.7107      6.826   127.2748 5.6160e-01     3.4576      7.229     10.484    11.8881   999.5637 0.0000e+00
      7.377      0.027     0.0398      0.581     42.773  31.513138     4.7168      6.826   127.0190 5.6298e-01     3.4971      7.235     10.494    11.8726   999.5655 0.0000e+00
      7.382      0.027     0.0383      0.561     43.159  31.789363     4.7347      6.825   126.7716 5.6372e-01     3.5004      7.240     10.501    11.8576   999.5673 0.0000e+00
      7.385      0.027     0.0448      0.561     43.675  32.159429     4.7644      6.825   126.6070 5.6818e-01     3.4637      7.242     10.504    11.8475   999.5685 0.0000e+00
      7.390      0.028     0.0463      0.583     44.235  32.561398     4.7900      6.824   126.4906 5.5950e-01     3.4652      7.246     10.509    11.8422   999.5690 0.0000e+00
      7.398      0.030     0.0440      0.596     44.719  32.906052     4.7965      6.823   126.3972 5.3545e-01     3.5178      7.255     10.522    11.8360   999.5699 0.0000e+00
      7.409      0.030     0.0419      0.567     44.985  33.090653     4.8236      6.822   126.2523 5.2877e-01     3.4826      7.266     10.538    11.8264   999.5711 0.0000e+00
      7.420      0.029     0.0417      0.542     44.984  33.080225     4.8787      6.822   125.9435 5.4635e-01     3.3486      7.277     10.554    11.8150   999.5726 0.0000e+00
      7.428      0.026     0.0441      0.549     45.017  33.097205     4.9003      6.823   125.6740 5.6375e-01     3.2359      7.286     10.567    11.8024   999.5743 0.0000e+00
