Data/DataNotYetUploadedToEDI/Raw_CTD/RawDownloads/072318_fcr20.cnv
* Sea-Bird SBE19plus  Data File:
* FileName = C:\DATA\072318_fcr50_0005.hex
* Software version 2.6.3.104 SB_Terminal.dll
* Temperature SN = 7809
* Conductivity SN = 7809
* System UpLoad Time = Jul 23 2018 15:34:17
* <ApplicationData>
* <Seaterm232>
# nquan = 15
# nvalues = 525                         
# units = specified
# name 0 = depFM: Depth [fresh water, m]
# name 1 = dz/dtM: Descent Rate [m/s]
# name 2 = sbeox0Mg/L: Oxygen, SBE 43 [mg/l]
# name 3 = sbeox0PS: Oxygen, SBE 43 [% saturation]
# name 4 = specc: Specific Conductance [uS/cm]
# name 5 = c0uS/cm: Conductivity [uS/cm]
# name 6 = flECO-AFL: Fluorescence, WET Labs ECO-AFL/FL [mg/m^3]
# name 7 = ph: pH
# name 8 = orp: Oxidation Reduction Potential [mV]
# name 9 = par/sat/log: PAR/Logarithmic, Satlantic
# name 10 = turbWETntu0: Turbidity, WET Labs ECO [NTU]
# name 11 = prdM: Pressure, Strain Gauge [db]
# name 12 = prdE: Pressure, Strain Gauge [psi]
# name 13 = tv290C: Temperature [ITS-90, deg C]
# name 14 = flag:  0.000e+00
# span 0 =     -0.621,      3.599       
# span 1 =     -0.105,      0.108       
# span 2 =    -0.3512,     9.8168       
# span 3 =     -3.841,    119.047       
# span 4 =      0.756,    391.620       
# span 5 =   0.734339, 312.275128       
# span 6 =    -0.1980,    13.5036       
# span 7 =      6.739,      8.476       
# span 8 =   112.3033,   337.5290       
# span 9 = 6.0589e-01, 1.5307e+02       
# span 10 =    -0.2389,    17.0521      
# span 11 =     -0.610,      3.530      
# span 12 =     -0.885,      5.120      
# span 13 =    14.8276,    25.1292      
# span 14 = 0.0000e+00, 0.0000e+00      
# interval = seconds: 0.25
# start_time = Jul 23 2018 14:24:47 [Instrument's time stamp, header]
# bad_flag = -9.990e-29
*END*
[from data line 97]
     -0.103     -0.005     7.4105     89.752     35.120  35.149598     6.4521      8.441   252.1196 1.1173e+02     2.6609     -0.105     -0.152    25.0458 0.0000e+00
     -0.098      0.001     7.3975     89.592     35.140  35.168492     6.4606      8.441   250.3109 1.1511e+02     2.6740     -0.096     -0.139    25.0438 0.0000e+00
     -0.091      0.006     7.4064     89.699     35.135  35.162814     6.5043      8.444   247.2233 1.1904e+02     2.6373     -0.086     -0.125    25.0417 0.0000e+00
     -0.088      0.009     7.4292     89.974     35.117  35.144463     6.5943      8.447   246.2775 1.2205e+02     2.5526     -0.084     -0.122    25.0384 0.0000e+00
     -0.088      0.009     7.4504     90.232     35.109  35.137175     6.6482      8.449   248.3393 1.2378e+02     2.5045     -0.086     -0.125    25.0356 0.0000e+00
     -0.088      0.008     7.4624     90.380     35.109  35.138218     6.6511      8.445   247.2875 1.2438e+02     2.5138     -0.087     -0.127    25.0346 0.0000e+00
     -0.088      0.008     7.4867     90.676     35.127  35.157069     6.6655      8.440   246.5519 1.2395e+02     2.5127     -0.087     -0.126    25.0337 0.0000e+00
     -0.085      0.009     7.5407     91.331     35.144  35.174553     6.6942      8.437   249.9429 1.2301e+02     2.4910     -0.085     -0.123    25.0336 0.0000e+00
     -0.080      0.011     7.6137     92.217     35.128  35.159052     6.7039      8.437   251.5489 1.2254e+02     2.4655     -0.079     -0.115    25.0347 0.0000e+00
     -0.075      0.011     7.6918     93.163     35.129  35.160212     6.6998      8.437   249.1051 1.2255e+02     2.4483     -0.072     -0.105    25.0359 0.0000e+00
     -0.073      0.010     7.7663     94.066     35.158  35.188574     6.6993      8.438   247.6698 1.2224e+02     2.4653     -0.071     -0.103    25.0367 0.0000e+00
     -0.072      0.007     7.8350     94.899     35.153  35.184371     6.6886      8.442   251.4897 1.2148e+02     2.5493     -0.072     -0.104    25.0379 0.0000e+00
     -0.071      0.004     7.8971     95.654     35.141  35.172912     6.6627      8.446   251.9264 1.2103e+02     2.6704     -0.070     -0.101    25.0388 0.0000e+00
     -0.069      0.002     7.9451     96.238     35.144  35.177072     6.6440      8.447   245.5505 1.2189e+02     2.7086     -0.068     -0.099    25.0383 0.0000e+00
     -0.069      0.001     7.9678     96.513     35.137  35.171152     6.6369      8.446   243.4033 1.2349e+02     2.6761     -0.067     -0.098    25.0386 0.0000e+00
     -0.070      0.001     7.9610     96.431     35.130  35.164842     6.6413      8.445   247.4741 1.2456e+02     2.6740     -0.068     -0.100    25.0395 0.0000e+00
     -0.071      0.002     7.9355     96.124     35.129  35.164300     6.6509      8.442   251.3206 1.2499e+02     2.6830     -0.070     -0.102    25.0405 0.0000e+00
     -0.070      0.004     7.9074     95.785     35.129  35.164602     6.6429      8.435   250.1602 1.2491e+02     2.6931     -0.070     -0.100    25.0417 0.0000e+00
     -0.069      0.005     7.8863     95.525     35.134  35.168501     6.6367      8.425   246.0062 1.2500e+02     2.7055     -0.068     -0.098    25.0423 0.0000e+00
     -0.067      0.002     7.8708     95.336     35.114  35.147922     6.6488      8.419   243.6845 1.2660e+02     2.6796     -0.067     -0.097    25.0424 0.0000e+00
     -0.062     -0.008     7.8514     95.101     35.073  35.106333     6.6515      8.420   242.0504 1.3069e+02     2.6542     -0.061     -0.088    25.0440 0.0000e+00
     -0.059     -0.023     7.8200     94.719     35.078  35.110302     6.6415      8.426   241.9930 1.3592e+02     2.6736     -0.054     -0.079    25.0453 0.0000e+00
     -0.063     -0.042     7.7753     94.173     35.101  35.132389     6.6290      8.433   243.7655 1.3971e+02     2.7006     -0.060     -0.087    25.0421 0.0000e+00
     -0.076     -0.057     7.7219     93.525     35.089  35.119299     6.5745      8.439   246.8755 1.4227e+02     2.7059     -0.072     -0.104    25.0405 0.0000e+00
     -0.099     -0.063     7.6679     92.869     35.050  35.079082     6.4882      8.443   252.2351 1.4531e+02     2.7073     -0.092     -0.134    25.0420 0.0000e+00
     -0.132     -0.059     7.6141     92.214     34.999  35.027244     6.4497      8.443   253.8466 1.4862e+02     2.7178     -0.131     -0.191    25.0402 0.0000e+00
     -0.159     -0.047     7.5547     91.487     34.976  35.000683     6.4581      8.443   248.8942 1.5091e+02     2.7403     -0.167     -0.241    25.0369 0.0000e+00
     -0.166     -0.024     7.4920     90.705     34.996  35.012003     6.4706      8.443   243.0342 1.5170e+02     2.7357     -0.169     -0.244    25.0374 0.0000e+00
     -0.159      0.008     7.4360     90.002     35.031  35.037058     6.5447      8.440   241.1549 1.5210e+02     2.6935     -0.153     -0.223    25.0359 0.0000e+00
     -0.153      0.045     7.3977     89.526     35.050  35.049523     6.6833      8.435   242.0889 1.5293e+02     2.6573     -0.150     -0.217    25.0349 0.0000e+00
     -0.145      0.077     7.3790     89.297     35.038  35.035672     6.7590      8.432   243.2289 1.5307e+02     2.6338     -0.149     -0.216    25.0334 0.0000e+00
     -0.123      0.097     7.3665     89.148     34.998  34.996623     6.7714      8.431   244.5283 1.5134e+02     2.6523     -0.126     -0.182    25.0170 0.0000e+00
     -0.085      0.107     7.3482     88.922     34.962  34.958513     6.7769      8.431   244.1192 1.3985e+02     2.6982     -0.085     -0.123    24.9978 0.0000e+00
     -0.042      0.108     7.3247     88.613     34.969  34.955995     6.7710      8.431   243.4444 1.1725e+02     2.7006     -0.039     -0.058    24.9904 0.0000e+00
     -0.003      0.098     7.2987     88.267     34.993  34.966162     6.7641      8.435   246.0915 9.9169e+01     2.6814      0.003      0.003    24.9903 0.0000e+00
      0.021      0.081     7.2631     87.816     34.990  34.954385     6.7575      8.439   249.2810 9.3399e+01     2.7101      0.026      0.038    24.9935 0.0000e+00
      0.030      0.061     7.2107     87.178     34.979  34.940620     6.6829      8.443   251.0348 9.5232e+01     2.7431      0.031      0.045    24.9956 0.0000e+00
      0.035      0.043     7.1463     86.400     34.964  34.926770     6.5424      8.447   252.2397 9.6536e+01     2.7141      0.032      0.046    24.9779 0.0000e+00
      0.040      0.030     7.0773     85.568     34.950  34.913971     6.4641      8.449   252.7506 9.4424e+01     2.6947      0.038      0.056    24.9510 0.0000e+00
      0.048      0.025     7.0079     84.728     34.950  34.912901     6.4611      8.451   252.3080 9.2307e+01     2.7226      0.047      0.068    24.9397 0.0000e+00
      0.056      0.024     6.9390     83.893     34.952  34.913836     6.4977      8.452   251.2763 9.1711e+01     2.7156      0.055      0.080    24.9383 0.0000e+00
      0.062      0.024     6.8720     83.082     34.963  34.925271     6.5576      8.451   250.1707 9.2324e+01     2.6716      0.063      0.091    24.9403 0.0000e+00
      0.067      0.021     6.8106     82.337     34.963  34.924126     6.5881      8.449   246.8557 9.2493e+01     2.6780      0.065      0.094    24.9427 0.0000e+00
      0.072      0.011     6.7555     81.665     34.942  34.899989     6.5913      8.448   241.3946 9.1763e+01     2.7318      0.069      0.100    24.9422 0.0000e+00
      0.078     -0.008     6.7059     81.050     34.936  34.887505     6.6052      8.449   238.2601 9.1047e+01     2.7729      0.077      0.111    24.9399 0.0000e+00
      0.082     -0.033     6.6706     80.600     34.961  34.900220     6.6269      8.450   237.8653 9.1658e+01     2.7476      0.082      0.120    24.9395 0.0000e+00
      0.078     -0.061     6.6598     80.446     34.999  34.926661     6.6332      8.449   239.6325 9.5720e+01     2.6696      0.083      0.119    24.9387 0.0000e+00
      0.059     -0.086     6.6786     80.663     35.029  34.953109     6.6357      8.449   242.1617 1.0312e+02     2.6241      0.066      0.096    24.9349 0.0000e+00
      0.022     -0.102     6.7294     81.287     35.037  34.965916     6.6472      8.447   243.0634 1.1393e+02     2.5940      0.023      0.034    24.9275 0.0000e+00
     -0.022     -0.105     6.8022     82.190     35.015  34.954480     6.6540      8.443   242.6199 1.2639e+02     2.5495     -0.025     -0.035    24.9081 0.0000e+00
     -0.060     -0.095     6.8798     83.158     34.988  34.941888     6.6441      8.438   240.3261 1.3415e+02     2.5125     -0.062     -0.089    24.8868 0.0000e+00
     -0.085     -0.075     6.9508     84.047     34.973  34.940731     6.6279      8.437   238.5605 1.3582e+02     2.4825     -0.090     -0.131    24.8809 0.0000e+00
     -0.096     -0.050     7.0040     84.712     34.963  34.940511     6.6229      8.438   239.7704 1.3416e+02     2.4922     -0.099     -0.142    24.8891 0.0000e+00
     -0.097     -0.027     7.0277     85.013     34.956  34.939241     6.6491      8.440   241.0162 1.3204e+02     2.5692     -0.094     -0.138    24.9063 0.0000e+00
     -0.095     -0.011     7.0193     84.921     34.938  34.925391     6.6969      8.443   240.2018 1.3163e+02     2.6506     -0.093     -0.136    24.9280 0.0000e+00
     -0.094     -0.002     6.9821     84.476     34.910  34.900097     6.7221      8.447   240.1613 1.3194e+02     2.6830     -0.093     -0.134    24.9494 0.0000e+00
     -0.094      0.001     6.9203     83.731     34.896  34.887487     6.7239      8.449   240.6984 1.3220e+02     2.7168     -0.091     -0.132    24.9633 0.0000e+00
     -0.095      0.002     6.8416     82.780     34.908  34.899972     6.7652      8.451   240.5011 1.3309e+02     2.7538     -0.092     -0.134    24.9715 0.0000e+00
     -0.095      0.003     6.7541     81.721     34.932  34.924006     6.8542      8.454   240.4431 1.3448e+02     2.7641     -0.094     -0.136    24.9778 0.0000e+00
     -0.094      0.005     6.6624     80.611     34.932  34.924005     6.9087      8.454   239.3099 1.3598e+02     2.7499     -0.093     -0.135    24.9810 0.0000e+00
     -0.093      0.006     6.5714     79.509     34.908  34.899961     6.9087      8.454   238.1564 1.3793e+02     2.7041     -0.092     -0.133    24.9818 0.0000e+00
     -0.090      0.006     6.4865     78.481     34.897  34.887371     6.8819      8.453   238.1110 1.3955e+02     2.6081     -0.089     -0.129    24.9817 0.0000e+00
     -0.086      0.006     6.4111     77.568     34.909  34.898815     6.8509      8.451   238.1592 1.4013e+02     2.5039     -0.085     -0.122    24.9822 0.0000e+00
     -0.085      0.005     6.3446     76.761     34.923  34.911290     6.8376      8.451   238.1372 1.4059e+02     2.4819     -0.082     -0.118    24.9824 0.0000e+00
     -0.085      0.005     6.2842     76.028     34.923  34.911165     6.8312      8.451   238.1030 1.4122e+02     2.4951     -0.084     -0.121    24.9816 0.0000e+00
     -0.086      0.005     6.2289     75.359     34.910  34.897298     6.8284      8.452   238.2618 1.4154e+02     2.5408     -0.086     -0.124    24.9811 0.0000e+00
     -0.085      0.006     6.1803     74.770     34.884  34.870660     6.8317      8.454   239.1960 1.4148e+02     2.6384     -0.085     -0.123    24.9799 0.0000e+00
     -0.083      0.007     6.1373     74.247     34.857  34.843172     6.8339      8.455   240.7089 1.4105e+02     2.6980     -0.083     -0.120    24.9776 0.0000e+00
     -0.080      0.007     6.0975     73.764     34.834  34.819013     6.8364      8.455   241.5831 1.4043e+02     2.7117     -0.078     -0.114    24.9770 0.0000e+00
     -0.076      0.007     6.0613     73.323     34.849  34.832633     6.8444      8.455   240.8183 1.4016e+02     2.7132     -0.075     -0.109    24.9766 0.0000e+00
     -0.074      0.006     6.0275     72.910     34.899  34.880813     6.8476      8.455   239.2058 1.4056e+02     2.6855     -0.073     -0.105    24.9752 0.0000e+00
     -0.073      0.004     5.9955     72.520     34.914  34.893401     6.8384      8.456   238.3468 1.4093e+02     2.6520     -0.071     -0.102    24.9738 0.0000e+00
     -0.074      0.002     5.9667     72.168     34.880  34.857789     6.8347      8.456   238.1768 1.4092e+02     2.6739     -0.072     -0.104    24.9727 0.0000e+00
     -0.074      0.001     5.9417     71.863     34.855  34.831340     6.8395      8.455   238.0965 1.4114e+02     2.7367     -0.074     -0.107    24.9717 0.0000e+00
     -0.074      0.001     5.9196     71.592     34.853  34.827689     6.8131      8.455   238.1498 1.4153e+02     2.7699     -0.074     -0.107    24.9691 0.0000e+00
     -0.073      0.001     5.9011     71.365     34.841  34.813630     6.7541      8.453   238.3918 1.4172e+02     2.7707     -0.072     -0.104    24.9653 0.0000e+00
     -0.073      0.002     5.8844     71.160     34.817  34.788397     6.7148      8.451   238.6133 1.4193e+02     2.7770     -0.071     -0.103    24.9628 0.0000e+00
     -0.073      0.002     5.8666     70.944     34.806  34.776676     6.7056      8.450   238.6770 1.4233e+02     2.7541     -0.073     -0.105    24.9608 0.0000e+00
     -0.072      0.001     5.8499     70.741     34.828  34.798942     6.7254      8.449   238.8180 1.4276e+02     2.7079     -0.072     -0.104    24.9582 0.0000e+00
     -0.071     -0.002     5.8344     70.556     34.959  34.930583     6.7617      8.448   239.0269 1.4312e+02     2.6757     -0.068     -0.100    24.9556 0.0000e+00
     -0.070     -0.003     5.8309     70.522     35.186  35.161458     6.7765      8.447   239.6541 1.4358e+02     2.6702     -0.067     -0.097    24.9532 0.0000e+00
     -0.072     -0.002     5.9098     71.507     35.312  35.303727     6.7755      8.448   240.9812 1.4401e+02     2.6713     -0.069     -0.100    24.9511 0.0000e+00
     -0.076     -0.001     6.1859     74.903     35.298  35.316856     6.7777      8.450   241.3931 1.4410e+02     2.6591     -0.074     -0.108    24.9521 0.0000e+00
     -0.079      0.001     6.6994     81.175     35.275  35.320241     6.7842      8.450   240.2458 1.4390e+02     2.6758     -0.078     -0.114    24.9543 0.0000e+00
     -0.079      0.003     7.3661     89.290     35.283  35.344695     6.7905      8.450   239.2405 1.4385e+02     2.6902     -0.079     -0.114    24.9517 0.0000e+00
     -0.074      0.004     8.0578     97.696     35.288  35.358457     6.7890      8.450   238.9607 1.4395e+02     2.6801     -0.073     -0.105    24.9721 0.0000e+00
     -0.068      0.004     8.6818    105.272     35.285  35.359614     6.7845      8.450   238.8419 1.4397e+02     2.6766     -0.064     -0.094    25.0243 0.0000e+00
     -0.065      0.003     9.1946    111.496     35.282  35.358686     6.7821      8.450   238.7502 1.4418e+02     2.6780     -0.062     -0.090    25.0642 0.0000e+00
     -0.068      0.002     9.5659    116.003     35.270  35.347242     6.7778      8.450   238.7123 1.4442e+02     2.6963     -0.067     -0.097    25.0841 0.0000e+00
     -0.072      0.000     9.7704    118.483     35.270  35.348293     6.7700      8.451   238.6423 1.4431e+02     2.7156     -0.072     -0.105    25.0953 0.0000e+00
     -0.074 -7.784e-08     9.8168    119.047     35.293  35.371392     6.7617      8.452   238.5066 1.4411e+02     2.7272     -0.073     -0.106    25.0995 0.0000e+00
     -0.072 -8.562e-07     9.7481    118.215     35.293  35.372442     6.7594      8.452   238.4476 1.4404e+02     2.7457     -0.071     -0.102    25.1029 0.0000e+00
     -0.069      0.000     9.6239    116.709     35.282  35.360987     6.7610      8.453   238.4447 1.4402e+02     2.7257     -0.068     -0.097    25.1048 0.0000e+00
     -0.068      0.000     9.4935    115.128     35.281  35.359946     6.7629      8.455   238.3856 1.4392e+02     2.6984     -0.066     -0.095    25.1051 0.0000e+00
     -0.068     -0.001     9.3786    113.734     35.281  35.359852     6.7719      8.457   238.3348 1.4382e+02     2.7207     -0.066     -0.095    25.1050 0.0000e+00
