Data/DataNotYetUploadedToEDI/Raw_CTD/RawDownloads/072318_fcr50.cnv
* Sea-Bird SBE19plus  Data File:
* FileName = C:\DATA\072318_fcr50_0003.hex
* Software version 2.6.3.104 SB_Terminal.dll
* Temperature SN = 7809
* Conductivity SN = 7809
* System UpLoad Time = Jul 23 2018 15:33:41
* <ApplicationData>
* <Seaterm232>
# nquan = 15
# nvalues = 493                         
# units = specified
# name 0 = depFM: Depth [fresh water, m]
# name 1 = dz/dtM: Descent Rate [m/s]
# name 2 = sbeox0Mg/L: Oxygen, SBE 43 [mg/l]
# name 3 = sbeox0PS: Oxygen, SBE 43 [% saturation]
# name 4 = specc: Specific Conductance [uS/cm]
# name 5 = c0uS/cm: Conductivity [uS/cm]
# name 6 = flECO-AFL: Fluorescence, WET Labs ECO-AFL/FL [mg/m^3]
# name 7 = ph: pH
# name 8 = orp: Oxidation Reduction Potential [mV]
# name 9 = par/sat/log: PAR/Logarithmic, Satlantic
# name 10 = turbWETntu0: Turbidity, WET Labs ECO [NTU]
# name 11 = prdM: Pressure, Strain Gauge [db]
# name 12 = prdE: Pressure, Strain Gauge [psi]
# name 13 = tv290C: Temperature [ITS-90, deg C]
# name 14 = flag:  0.000e+00
# span 0 =     -0.623,      6.373       
# span 1 =     -0.043,      0.304       
# span 2 =     1.7625,    14.1957       
# span 3 =     16.660,    163.533       
# span 4 =      1.897,     48.750       
# span 5 =   1.696735,  36.454639       
# span 6 =    -0.1985,     8.9064       
# span 7 =      6.197,      8.431       
# span 8 =   258.9338,   425.3230       
# span 9 = 1.2559e-01, 7.3091e+01       
# span 10 =    -0.2636,    12.3713      
# span 11 =     -0.611,      6.257      
# span 12 =     -0.886,      9.075      
# span 13 =    11.6975,    25.1880      
# span 14 = 0.0000e+00, 0.0000e+00      
# interval = seconds: 0.25
# start_time = Jul 23 2018 13:37:18 [Instrument's time stamp, header]
# bad_flag = -9.990e-29
*END*
[from data line 386]
      4.459      0.085     5.3786     49.663     48.668  35.801327     1.0181      6.542   312.4394 4.5917e-01     8.9046      4.374      6.345    11.8335 0.0000e+00
      4.480      0.083     5.3967     49.818     48.672  35.793366     0.9709      6.537   313.5289 4.5643e-01     9.9783      4.394      6.373    11.8324 0.0000e+00
      4.499      0.081     5.4021     49.860     48.653  35.773951     0.9639      6.531   313.7368 4.5558e-01    10.1123      4.411      6.398    11.8116 0.0000e+00
      4.518      0.078     5.3976     49.819     48.631  35.757146     0.9326      6.526   313.7481 4.4093e-01    10.3722      4.429      6.424    11.7910 0.0000e+00
      4.538      0.074     5.3887     49.739     48.660  35.780766     0.8781      6.521   313.8379 4.2584e-01    10.8626      4.450      6.453    11.7777 0.0000e+00
      4.560      0.069     5.3781     49.644     48.690  35.805436     0.8475      6.517   313.6184 4.2892e-01    11.1595      4.473      6.488    11.7656 0.0000e+00
      4.579      0.064     5.3658     49.533     48.681  35.801326     0.8384      6.514   314.0194 4.3483e-01    11.1847      4.493      6.516    11.7596 0.0000e+00
      4.593      0.060     5.3538     49.420     48.675  35.794605     0.8052      6.510   315.1586 4.3143e-01    11.1357      4.505      6.534    11.7597 0.0000e+00
      4.604      0.059     5.3437     49.318     48.676  35.787700     0.7483      6.505   315.9486 4.1738e-01    11.1167      4.515      6.549    11.7629 0.0000e+00
      4.615      0.062     5.3326     49.205     48.680  35.781340     0.7208      6.497   316.3446 3.9546e-01    11.1377      4.526      6.565    11.7657 0.0000e+00
      4.629      0.071     5.3190     49.073     48.689  35.781228     0.7209      6.485   316.5910 3.8006e-01    11.1465      4.539      6.583    11.7700 0.0000e+00
      4.646      0.081     5.3039     48.928     48.701  35.786330     0.7216      6.470   316.3468 3.8144e-01    11.1314      4.554      6.605    11.7688 0.0000e+00
      4.668      0.091     5.2895     48.794     48.695  35.779500     0.7199      6.459   316.0590 3.8183e-01    11.1078      4.573      6.633    11.7580 0.0000e+00
      4.698      0.097     5.2770     48.678     48.671  35.762174     0.7102      6.452   316.4666 3.6334e-01    11.1053      4.604      6.679    11.7480 0.0000e+00
      4.732      0.101     5.2638     48.557     48.678  35.767419     0.7050      6.448   317.2313 3.4029e-01    11.1308      4.644      6.736    11.7414 0.0000e+00
      4.759      0.102     5.2509     48.437     48.695  35.779394     0.7028      6.444   317.9914 3.3762e-01    11.1721      4.672      6.774    11.7366 0.0000e+00
      4.779      0.101     5.2405     48.341     48.696  35.779906     0.6743      6.441   318.6013 3.4762e-01    11.2688      4.684      6.793    11.7350 0.0000e+00
      4.800      0.096     5.2335     48.276     48.689  35.773611     0.6273      6.437   317.9806 3.3988e-01    11.4150      4.704      6.823    11.7355 0.0000e+00
      4.826      0.091     5.2294     48.237     48.681  35.766804     0.6033      6.434   316.5099 3.1708e-01    11.5056      4.732      6.863    11.7361 0.0000e+00
      4.853      0.086     5.2246     48.193     48.671  35.761126     0.6043      6.433   315.9613 3.0294e-01    11.5714      4.760      6.906    11.7360 0.0000e+00
      4.878      0.080     5.2181     48.138     48.674  35.768491     0.5933      6.430   316.4235 2.9564e-01    11.7223      4.786      6.942    11.7355 0.0000e+00
      4.897      0.070     5.2102     48.074     48.696  35.792329     0.5623      6.426   317.1090 2.8684e-01    11.8956      4.804      6.968    11.7342 0.0000e+00
      4.912      0.059     5.2022     48.010     48.690  35.795263     0.5426      6.424   317.2795 2.8254e-01    11.9879      4.818      6.987    11.7329 0.0000e+00
      4.925      0.048     5.1985     47.983     48.693  35.803973     0.5483      6.422   316.6793 2.8771e-01    12.0152      4.829      7.004    11.7339 0.0000e+00
      4.935      0.038     5.1988     47.990     48.728  35.834116     0.5760      6.420   315.7026 2.9833e-01    11.9503      4.840      7.022    11.7388 0.0000e+00
      4.943      0.033     5.1986     47.992     48.733  35.842099     0.6016      6.419   314.9346 2.9568e-01    11.8442      4.849      7.031    11.7478 0.0000e+00
      4.949      0.029     5.1973     47.987     48.718  35.836977     0.6011      6.418   314.6196 2.7695e-01    11.8004      4.855      7.041    11.7568 0.0000e+00
      4.954      0.028     5.1982     48.004     48.706  35.835725     0.5973      6.416   314.6486 2.5869e-01    11.7868      4.859      7.047    11.7626 0.0000e+00
      4.959      0.029     5.2015     48.039     48.690  35.826967     0.6011      6.414   315.4574 2.4574e-01    11.7722      4.862      7.051    11.7666 0.0000e+00
      4.968      0.034     5.2065     48.078     48.655  35.794616     0.6014      6.414   316.9132 2.4119e-01    11.7762      4.873      7.067    11.7692 0.0000e+00
      4.977      0.041     5.2127     48.117     48.633  35.762183     0.6000      6.413   318.5698 2.5008e-01    11.8037      4.881      7.080    11.7761 0.0000e+00
      4.986      0.050     5.2147     48.118     48.641  35.752424     0.5940      6.410   320.8604 2.5907e-01    11.8004      4.886      7.087    11.7861 0.0000e+00
      4.999      0.057     5.2117     48.078     48.638  35.740126     0.5931      6.408   322.8413 2.5374e-01    11.7354      4.900      7.107    11.7926 0.0000e+00
      5.017      0.062     5.2067     48.025     48.648  35.740533     0.6075      6.405   323.9357 2.4487e-01    11.6291      4.919      7.135    11.7856 0.0000e+00
      5.037      0.065     5.2012     47.972     48.673  35.757335     0.6203      6.400   326.9521 2.3818e-01    11.5530      4.938      7.162    11.7633 0.0000e+00
      5.057      0.066     5.1963     47.928     48.665  35.752705     0.6191      6.396   331.2634 2.3740e-01    11.5470      4.960      7.194    11.7463 0.0000e+00
      5.075      0.064     5.1928     47.898     48.655  35.748077     0.6124      6.391   332.5268 2.3761e-01    11.5569      4.980      7.222    11.7370 0.0000e+00
      5.089      0.061     5.1913     47.887     48.676  35.764898     0.6126      6.384   331.3012 2.2756e-01    11.5199      4.991      7.238    11.7296 0.0000e+00
      5.100      0.058     5.1914     47.887     48.677  35.765523     0.6123      6.377   329.6084 2.1578e-01    11.4351      5.002      7.253    11.7281 0.0000e+00
      5.114      0.054     5.1931     47.902     48.665  35.755631     0.5996      6.370   327.9766 2.0533e-01    11.3559      5.014      7.272    11.7309 0.0000e+00
      5.130      0.050     5.1958     47.927     48.687  35.772341     0.5881      6.364   327.7464 1.9745e-01    11.3251      5.029      7.295    11.7336 0.0000e+00
      5.145      0.048     5.1991     47.959     48.691  35.776981     0.6017      6.359   328.7183 1.9466e-01    11.3983      5.047      7.321    11.7356 0.0000e+00
      5.158      0.046     5.2027     47.994     48.651  35.748207     0.6360      6.355   329.5757 1.8623e-01    11.5083      5.062      7.341    11.7350 0.0000e+00
      5.165      0.044     5.2044     48.009     48.642  35.742063     0.6616      6.351   329.9382 1.7623e-01    11.5264      5.067      7.348    11.7328 0.0000e+00
      5.173      0.045     5.2041     48.005     48.677  35.766223     0.6631      6.349   330.2618 1.8238e-01    11.4954      5.070      7.352    11.7335 0.0000e+00
      5.184      0.050     5.2022     47.984     48.708  35.786227     0.6262      6.347   330.5633 1.9823e-01    11.4984      5.083      7.374    11.7362 0.0000e+00
      5.197      0.059     5.1992     47.954     48.721  35.793351     0.5656      6.343   331.0024 2.0536e-01    11.5324      5.097      7.393    11.7375 0.0000e+00
      5.211      0.067     5.1969     47.932     48.716  35.788835     0.5364      6.340   332.5606 1.8587e-01    11.5414      5.107      7.406    11.7378 0.0000e+00
      5.231      0.072     5.1924     47.896     48.719  35.795140     0.5406      6.339   335.1201 1.5502e-01    11.5451      5.126      7.434    11.7367 0.0000e+00
      5.256      0.073     5.1864     47.853     48.718  35.806065     0.5428      6.338   337.8584 1.4942e-01    11.6688      5.155      7.477    11.7324 0.0000e+00
      5.280      0.072     5.1842     47.846     48.686  35.793889     0.5444      6.336   339.8578 1.5757e-01    11.8774      5.183      7.516    11.7303 0.0000e+00
      5.296      0.067     5.1859     47.866     48.654  35.774982     0.5506      6.333   339.4195 1.5686e-01    11.9924      5.195      7.534    11.7274 0.0000e+00
      5.308      0.059     5.1879     47.885     48.645  35.768051     0.5526      6.331   336.9461 1.5073e-01    11.9913      5.204      7.548    11.7295 0.0000e+00
      5.323      0.051     5.1888     47.890     48.656  35.773610     0.5510      6.330   335.0755 1.4238e-01    11.9552      5.222      7.574    11.7461 0.0000e+00
      5.337      0.047     5.1906     47.903     48.666  35.778655     0.5494      6.331   334.2680 1.3240e-01    11.9531      5.236      7.595    11.7606 0.0000e+00
      5.346      0.052     5.1946     47.935     48.653  35.765524     0.5513      6.331   333.7228 1.2816e-01    11.9952      5.243      7.605    11.7646 0.0000e+00
      5.353      0.062     5.1987     47.965     48.631  35.741886     0.5470      6.329   333.1294 1.3234e-01    12.0071      5.247      7.610    11.7622 0.0000e+00
      5.364      0.073     5.2024     47.989     48.651  35.746941     0.5343      6.324   332.1699 1.3607e-01    11.9761      5.256      7.624    11.7589 0.0000e+00
      5.384      0.087     5.2077     48.028     48.685  35.763113     0.5441      6.318   330.7254 1.3577e-01    12.0169      5.277      7.653    11.7578 0.0000e+00
      5.414      0.102     5.2137     48.077     48.671  35.746835     0.5745      6.309   329.2582 1.3609e-01    12.1329      5.307      7.698    11.7547 0.0000e+00
      5.448      0.117     5.2191     48.122     48.669  35.740692     0.5979      6.300   328.2822 1.3404e-01    12.1885      5.345      7.751    11.7460 0.0000e+00
      5.479      0.126     5.2240     48.163     48.689  35.752355     0.6155      6.293   327.7006 1.2863e-01    12.2020      5.373      7.793    11.7346 0.0000e+00
      5.510      0.126     5.2278     48.195     48.704  35.760799     0.6040      6.289   327.6468 1.2593e-01    12.2345      5.399      7.831    11.7255 0.0000e+00
      5.546      0.118     5.2299     48.213     48.731  35.779265     0.5600      6.288   327.8890 1.2566e-01    12.2458      5.438      7.886    11.7192 0.0000e+00
      5.585      0.107     5.2322     48.233     48.741  35.785049     0.5337      6.288   327.7036 1.2566e-01    12.2168      5.481      7.949    11.7148 0.0000e+00
      5.615      0.095     5.2345     48.253     48.717  35.767196     0.5341      6.288   327.2124 1.2569e-01    12.1889      5.511      7.994    11.7119 0.0000e+00
      5.631      0.084     5.2343     48.252     48.699  35.753981     0.5373      6.287   326.5967 1.2574e-01    12.1524      5.523      8.012    11.7096 0.0000e+00
      5.641      0.073     5.2341     48.249     48.697  35.752315     0.5368      6.285   326.0241 1.2572e-01    12.0814      5.530      8.021    11.7079 0.0000e+00
      5.656      0.066     5.2361     48.266     48.691  35.747050     0.5366      6.284   326.3975 1.2565e-01    12.0320      5.545      8.043    11.7063 0.0000e+00
      5.674      0.066     5.2389     48.291     48.703  35.753857     0.5341      6.282   327.4117 1.2563e-01    12.0133      5.565      8.073    11.7059 0.0000e+00
      5.691      0.070     5.2403     48.302     48.728  35.771087     0.5344      6.278   327.7897 1.2565e-01    12.0387      5.581      8.095    11.7067 0.0000e+00
      5.708      0.074     5.2391     48.290     48.721  35.764800     0.5398      6.277   327.4402 1.2566e-01    12.1242      5.595      8.115    11.7058 0.0000e+00
      5.729      0.077     5.2374     48.273     48.690  35.741370     0.5358      6.277   326.8852 1.2565e-01    12.1631      5.616      8.145    11.7052 0.0000e+00
      5.752      0.080     5.2367     48.266     48.691  35.741890     0.5316      6.276   326.5871 1.2559e-01    12.1426      5.642      8.183    11.7033 0.0000e+00
      5.772      0.084     5.2345     48.246     48.731  35.771087     0.5441      6.275   326.6748 1.2563e-01    12.1195      5.663      8.213    11.7010 0.0000e+00
      5.791      0.088     5.2319     48.221     48.739  35.776758     0.5591      6.272   326.9988 1.2575e-01    12.0670      5.678      8.235    11.7011 0.0000e+00
      5.812      0.093     5.2329     48.231     48.699  35.746932     0.5565      6.268   327.3213 1.2577e-01    12.0261      5.698      8.264    11.7008 0.0000e+00
      5.837      0.098     5.2364     48.263     48.674  35.728083     0.5402      6.263   327.3044 1.2575e-01    12.0225      5.724      8.302    11.6998 0.0000e+00
      5.863      0.103     5.2389     48.286     48.689  35.739434     0.5276      6.258   327.0532 1.2575e-01    12.0237      5.749      8.339    11.6993 0.0000e+00
      5.892      0.105     5.2379     48.278     48.712  35.757128     0.5420      6.255   326.5202 1.2574e-01    12.0708      5.776      8.377    11.6989 0.0000e+00
      5.923      0.103     5.2345     48.248     48.703  35.751443     0.5850      6.254   325.7642 1.2571e-01    12.1651      5.808      8.424    11.6986 0.0000e+00
      5.953      0.099     5.2324     48.230     48.676  35.734222     0.6153      6.253   325.6565 1.2567e-01    12.2171      5.842      8.472    11.6988 0.0000e+00
      5.976      0.095     5.2306     48.218     48.679  35.739485     0.6150      6.250   326.0782 1.2569e-01    12.2120      5.862      8.503    11.6991 0.0000e+00
      5.994      0.093     5.2289     48.206     48.691  35.751556     0.6085      6.246   326.1306 1.2573e-01    12.1954      5.877      8.524    11.6998 0.0000e+00
      6.013      0.090     5.2274     48.192     48.692  35.753126     0.6102      6.243   326.0319 1.2570e-01    12.1987      5.895      8.550    11.7008 0.0000e+00
      6.037      0.088     5.2249     48.169     48.700  35.758475     0.6173      6.242   325.7458 1.2573e-01    12.2219      5.918      8.584    11.7024 0.0000e+00
      6.064      0.088     5.2254     48.173     48.694  35.752701     0.6203      6.242   324.9938 1.2578e-01    12.2318      5.949      8.628    11.7069 0.0000e+00
      6.089      0.089     5.2301     48.216     48.686  35.746831     0.5922      6.241   324.4243 1.2577e-01    12.2259      5.974      8.665    11.7113 0.0000e+00
      6.109      0.090     5.2342     48.253     48.692  35.751036     0.5433      6.238   324.2807 1.2575e-01    12.2123      5.991      8.689    11.7116 0.0000e+00
      6.128      0.089     5.2366     48.273     48.680  35.740006     0.5257      6.236   324.3758 1.2572e-01    12.1898      6.008      8.714    11.7103 0.0000e+00
      6.150      0.088     5.2382     48.283     48.685  35.740517     0.5360      6.233   324.4568 1.2569e-01    12.1975      6.028      8.743    11.7078 0.0000e+00
      6.176      0.087     5.2377     48.276     48.711  35.757217     0.5385      6.230   324.2282 1.2570e-01    12.2139      6.058      8.786    11.7079 0.0000e+00
      6.202      0.083     5.2368     48.266     48.705  35.751349     0.5294      6.229   323.8479 1.2571e-01    12.2045      6.085      8.824    11.7098 0.0000e+00
      6.223      0.075     5.2374     48.270     48.682  35.733079     0.5269      6.228   323.7306 1.2571e-01    12.2065      6.102      8.850    11.7067 0.0000e+00
      6.243      0.063     5.2380     48.276     48.674  35.726897     0.5352      6.228   323.9285 1.2569e-01    12.2078      6.124      8.883    11.7023 0.0000e+00
