Data/DataNotYetUploadedToEDI/Raw_CTD/RawDownloads/072318_fcr10.cnv
* Sea-Bird SBE19plus  Data File:
* FileName = C:\DATA\072318_fcr50_0004.hex
* Software version 2.6.3.104 SB_Terminal.dll
* Temperature SN = 7809
* Conductivity SN = 7809
* System UpLoad Time = Jul 23 2018 15:33:58
* <ApplicationData>
* <Seaterm232>
# nquan = 15
# nvalues = 403                         
# units = specified
# name 0 = depFM: Depth [fresh water, m]
# name 1 = dz/dtM: Descent Rate [m/s]
# name 2 = sbeox0Mg/L: Oxygen, SBE 43 [mg/l]
# name 3 = sbeox0PS: Oxygen, SBE 43 [% saturation]
# name 4 = specc: Specific Conductance [uS/cm]
# name 5 = c0uS/cm: Conductivity [uS/cm]
# name 6 = flECO-AFL: Fluorescence, WET Labs ECO-AFL/FL [mg/m^3]
# name 7 = ph: pH
# name 8 = orp: Oxidation Reduction Potential [mV]
# name 9 = par/sat/log: PAR/Logarithmic, Satlantic
# name 10 = turbWETntu0: Turbidity, WET Labs ECO [NTU]
# name 11 = prdM: Pressure, Strain Gauge [db]
# name 12 = prdE: Pressure, Strain Gauge [psi]
# name 13 = tv290C: Temperature [ITS-90, deg C]
# name 14 = flag:  0.000e+00
# span 0 =     -0.619,      2.088       
# span 1 =     -0.105,      0.126       
# span 2 =     6.5308,     9.2592       
# span 3 =     76.985,    111.998       
# span 4 =      0.132,     39.962       
# span 5 =   0.127097,  38.872077       
# span 6 =    -0.1952,     8.8020       
# span 7 =      6.239,      8.211       
# span 8 =   257.8735,   473.9774       
# span 9 = 5.2094e+00, 1.2913e+02       
# span 10 =    -0.2878,    49.4636      
# span 11 =     -0.608,      2.048      
# span 12 =     -0.881,      2.970      
# span 13 =    20.5430,    25.0479      
# span 14 = 0.0000e+00, 0.0000e+00      
# interval = seconds: 0.25
# start_time = Jul 23 2018 14:18:10 [Instrument's time stamp, header]
# bad_flag = -9.990e-29
*END*
[from data line 193]
     -0.100      0.006     8.8793    107.474     35.244  35.249569     6.7465      8.157   264.8289 1.2729e+02     2.8544     -0.096     -0.139    24.9695 0.0000e+00
     -0.101      0.009     8.8433    107.042     35.243  35.249559     6.7177      8.158   265.1330 1.2764e+02     2.9144     -0.101     -0.146    24.9785 0.0000e+00
     -0.100      0.010     8.8158    106.709     35.257  35.263197     6.7093      8.155   265.3713 1.2726e+02     2.9428     -0.100     -0.145    24.9887 0.0000e+00
     -0.095      0.010     8.7950    106.454     35.282  35.287424     6.6821      8.150   265.3873 1.2696e+02     2.8926     -0.094     -0.136    24.9974 0.0000e+00
     -0.090      0.009     8.7790    106.260     35.283  35.288403     6.6543      8.148   265.2397 1.2722e+02     2.7964     -0.088     -0.127    25.0028 0.0000e+00
     -0.085      0.008     8.7662    106.108     35.269  35.275030     6.6586      8.151   265.0498 1.2748e+02     2.7562     -0.082     -0.119    25.0048 0.0000e+00
     -0.083      0.006     8.7553    105.980     35.244  35.252777     6.6691      8.159   264.8981 1.2728e+02     2.7115     -0.080     -0.116    25.0033 0.0000e+00
     -0.085      0.004     8.7427    105.834     35.199  35.209897     6.7085      8.168   264.9537 1.2703e+02     2.7136     -0.083     -0.121    25.0016 0.0000e+00
     -0.088      0.003     8.7234    105.612     35.186  35.201226     6.7942      8.173   265.2932 1.2713e+02     2.8423     -0.087     -0.126    25.0008 0.0000e+00
     -0.088      0.003     8.6980    105.314     35.193  35.211461     6.8414      8.173   265.5611 1.2715e+02     2.9554     -0.087     -0.127    25.0030 0.0000e+00
     -0.085      0.004     8.6751    105.043     35.186  35.206615     6.8477      8.168   265.5251 1.2693e+02     2.9522     -0.084     -0.121    25.0059 0.0000e+00
     -0.081      0.005     8.6626    104.893     35.185  35.206160     6.8514      8.164   265.3736 1.2698e+02     2.8948     -0.080     -0.115    25.0083 0.0000e+00
     -0.079      0.005     8.6611    104.872     35.185  35.205963     6.8591      8.166   265.2784 1.2714e+02     2.8418     -0.077     -0.112    25.0149 0.0000e+00
     -0.078      0.004     8.6706    104.984     35.185  35.204227     6.8859      8.173   265.3207 1.2715e+02     2.7997     -0.076     -0.110    25.0211 0.0000e+00
     -0.079      0.002     8.6893    105.211     35.166  35.185171     6.9088      8.182   265.4546 1.2714e+02     2.7517     -0.078     -0.113    25.0241 0.0000e+00
     -0.080      0.002     8.7124    105.495     35.146  35.166121     6.9152      8.189   265.5210 1.2715e+02     2.6879     -0.080     -0.115    25.0248 0.0000e+00
     -0.080      0.003     8.7343    105.767     35.142  35.164455     6.9085      8.194   265.4350 1.2718e+02     2.6698     -0.079     -0.114    25.0225 0.0000e+00
     -0.079      0.005     8.7488    105.948     35.140  35.165027     6.9014      8.196   265.2749 1.2715e+02     2.7163     -0.078     -0.112    25.0205 0.0000e+00
     -0.076      0.006     8.7508    105.972     35.148  35.173046     6.9022      8.194   265.2201 1.2724e+02     2.7318     -0.075     -0.109    25.0200 0.0000e+00
     -0.073      0.006     8.7409    105.851     35.173  35.197888     6.8998      8.189   265.3751 1.2743e+02     2.7041     -0.072     -0.104    25.0219 0.0000e+00
     -0.071      0.006     8.7268    105.677     35.188  35.211312     6.8728      8.181   265.6865 1.2754e+02     2.6867     -0.070     -0.101    25.0269 0.0000e+00
     -0.071      0.006     8.7159    105.543     35.186  35.208310     6.8147      8.175   265.9737 1.2768e+02     2.6738     -0.069     -0.100    25.0304 0.0000e+00
     -0.071      0.006     8.7114    105.488     35.203  35.225113     6.7856      8.170   266.0085 1.2767e+02     2.6698     -0.070     -0.101    25.0303 0.0000e+00
     -0.070      0.006     8.7128    105.504     35.201  35.223916     6.7968      8.169   265.7625 1.2733e+02     2.6694     -0.069     -0.099    25.0287 0.0000e+00
     -0.067      0.007     8.7167    105.553     35.171  35.193832     6.8306      8.172   265.4948 1.2710e+02     2.6684     -0.066     -0.094    25.0272 0.0000e+00
     -0.064      0.009     8.7211    105.608     35.156  35.178976     6.8811      8.177   265.3529 1.2714e+02     2.6891     -0.063     -0.091    25.0261 0.0000e+00
     -0.063      0.013     8.7274    105.686     35.147  35.171326     6.9027      8.184   265.2524 1.2727e+02     2.7054     -0.062     -0.090    25.0257 0.0000e+00
     -0.062      0.018     8.7344    105.775     35.139  35.164861     6.9078      8.191   265.2252 1.2751e+02     2.7134     -0.061     -0.089    25.0256 0.0000e+00
     -0.058      0.025     8.7375    105.819     35.137  35.164324     6.9143      8.195   265.2821 1.2774e+02     2.7863     -0.059     -0.085    25.0261 0.0000e+00
     -0.052      0.033     8.7348    105.795     35.134  35.164842     6.9078      8.192   265.0791 1.2913e+02     2.8841     -0.052     -0.076    25.0270 0.0000e+00
     -0.042      0.042     8.7288    105.730     35.137  35.171126     6.9030      8.181   264.5781 1.2788e+02     2.8894     -0.042     -0.062    25.0275 0.0000e+00
     -0.029      0.048     8.7218    105.650     35.141  35.176786     6.9030      8.172   264.0427 1.1886e+02     2.8495     -0.030     -0.043    25.0293 0.0000e+00
     -0.013      0.052     8.7148    105.567     35.134  35.169766     6.9165      8.171   263.5097 1.0840e+02     2.8602     -0.013     -0.019    25.0329 0.0000e+00
      0.003      0.053     8.7122    105.534     35.114  35.149765     6.9471      8.171   263.2100 1.0226e+02     2.8965      0.005      0.008    25.0373 0.0000e+00
      0.018      0.053     8.7159    105.578     35.090  35.125512     6.9698      8.166   263.3442 9.8752e+01     2.8911      0.019      0.027    25.0422 0.0000e+00
      0.029      0.050     8.7215    105.645     35.095  35.130614     6.9796      8.148   263.6702 9.6096e+01     2.8556      0.028      0.041    25.0455 0.0000e+00
      0.041      0.042     8.7260    105.700     35.113  35.147933     6.9730      8.125   263.7965 9.3578e+01     2.8337      0.039      0.057    25.0461 0.0000e+00
      0.055      0.032     8.7315    105.767     35.109  35.144344     6.9454      8.113   263.5805 9.1558e+01     2.7790      0.054      0.078    25.0454 0.0000e+00
      0.066      0.023     8.7369    105.831     35.116  35.150743     6.9115      8.120   263.2090 9.0688e+01     2.6826      0.067      0.098    25.0446 0.0000e+00
      0.071      0.017     8.7398    105.866     35.127  35.161780     6.8949      8.135   263.0915 9.1298e+01     2.6456      0.072      0.105    25.0441 0.0000e+00
      0.068      0.015     8.7392    105.860     35.116  35.150753     6.8916      8.148   263.1916 9.2230e+01     2.6667      0.068      0.097    25.0442 0.0000e+00
      0.064      0.016     8.7342    105.801     35.109  35.144458     6.8720      8.152   262.9571 9.2617e+01     2.7246      0.061      0.088    25.0441 0.0000e+00
      0.065      0.021     8.7286    105.734     35.113  35.149191     6.8507      8.156   262.5788 9.1725e+01     2.8264      0.061      0.089    25.0434 0.0000e+00
      0.074      0.030     8.7254    105.697     35.108  35.144458     6.8538      8.164   262.4037 8.8906e+01     2.8903      0.071      0.101    25.0429 0.0000e+00
      0.088      0.041     8.7239    105.680     35.114  35.150753     6.8550      8.169   262.2166 8.6328e+01     2.9170      0.087      0.126    25.0436 0.0000e+00
      0.100      0.051     8.7232    105.673     35.124  35.161781     6.8832      8.170   262.0373 8.4547e+01     2.9370      0.099      0.144    25.0446 0.0000e+00
      0.112      0.059     8.7250    105.695     35.113  35.150753     6.9652      8.171   261.9561 8.1821e+01     2.9181      0.107      0.156    25.0453 0.0000e+00
      0.128      0.064     8.7285    105.738     35.107  35.144458     7.0196      8.177   262.0100 7.8749e+01     2.9017      0.125      0.181    25.0459 0.0000e+00
      0.146      0.066     8.7314    105.772     35.112  35.149192     7.0262      8.182   262.0860 7.6160e+01     2.9219      0.143      0.208    25.0466 0.0000e+00
      0.166      0.066     8.7327    105.787     35.107  35.144468     6.9715      8.184   261.9284 7.3422e+01     2.9174      0.163      0.237    25.0474 0.0000e+00
      0.186      0.064     8.7316    105.772     35.114  35.150857     6.8555      8.187   261.7396 7.0660e+01     2.8789      0.184      0.267    25.0479 0.0000e+00
      0.203      0.060     8.7291    105.742     35.127  35.162926     6.7902      8.192   261.8673 6.8394e+01     2.8829      0.200      0.291    25.0478 0.0000e+00
      0.217      0.057     8.7266    105.712     35.127  35.163351     6.7981      8.195   262.1823 6.6830e+01     2.9053      0.214      0.311    25.0475 0.0000e+00
      0.227      0.056     8.7246    105.688     35.120  35.155998     6.9042      8.195   262.3649 6.5625e+01     2.8749      0.223      0.323    25.0472 0.0000e+00
      0.236      0.056     8.7249    105.692     35.101  35.137530     7.0898      8.192   262.5272 6.3988e+01     2.8822      0.230      0.334    25.0466 0.0000e+00
      0.250      0.057     8.7279    105.727     35.095  35.130615     7.1855      8.187   262.7674 6.2009e+01     2.9619      0.243      0.353    25.0462 0.0000e+00
      0.269      0.057     8.7320    105.775     35.100  35.135907     7.1983      8.184   263.0318 5.9993e+01     2.9842      0.263      0.382    25.0462 0.0000e+00
      0.288      0.056     8.7367    105.831     35.102  35.137997     7.2068      8.184   263.4013 5.8117e+01     2.9384      0.283      0.410    25.0461 0.0000e+00
      0.303      0.055     8.7404    105.876     35.121  35.155897     7.1513      8.185   263.7936 5.6677e+01     2.8974      0.300      0.434    25.0463 0.0000e+00
      0.315      0.053     8.7414    105.886     35.127  35.161772     7.0409      8.185   264.0751 5.5506e+01     2.8843      0.310      0.450    25.0464 0.0000e+00
      0.325      0.051     8.7394    105.861     35.111  35.145500     6.9759      8.182   264.2240 5.4399e+01     2.9020      0.317      0.460    25.0455 0.0000e+00
      0.335      0.050     8.7337    105.792     35.116  35.149714     6.9620      8.181   264.4753 5.3216e+01     2.9284      0.329      0.476    25.0443 0.0000e+00
      0.348      0.050     8.7252    105.688     35.116  35.149203     6.9286      8.181   264.8764 5.1715e+01     2.9294      0.341      0.494    25.0440 0.0000e+00
      0.363      0.052     8.7166    105.583     35.106  35.139321     6.8658      8.182   265.2022 5.0160e+01     2.9140      0.356      0.517    25.0438 0.0000e+00
      0.378      0.056     8.7091    105.492     35.123  35.157269     6.8367      8.181   265.5749 4.8877e+01     2.9255      0.371      0.540    25.0432 0.0000e+00
      0.391      0.057     8.7016    105.401     35.142  35.175652     6.8427      8.176   265.8550 4.7665e+01     2.9455      0.382      0.556    25.0429 0.0000e+00
      0.404      0.057     8.6938    105.306     35.137  35.171023     6.8746      8.173   265.8359 4.6361e+01     2.9418      0.395      0.574    25.0427 0.0000e+00
      0.421      0.056     8.6880    105.236     35.130  35.164822     6.9371      8.175   265.8599 4.4897e+01     2.9427      0.412      0.597    25.0422 0.0000e+00
      0.438      0.053     8.6879    105.235     35.130  35.164197     6.9741      8.178   266.0593 4.3535e+01     2.9562      0.431      0.625    25.0423 0.0000e+00
      0.453      0.050     8.6946    105.315     35.130  35.163457     6.9824      8.182   266.2675 4.2611e+01     2.9521      0.446      0.647    25.0426 0.0000e+00
      0.463      0.046     8.7044    105.433     35.123  35.155885     7.0461      8.185   266.3986 4.1867e+01     2.9542      0.455      0.659    25.0423 0.0000e+00
      0.472      0.042     8.7133    105.540     35.103  35.136157     7.1559      8.187   266.5262 4.1130e+01     2.9516      0.463      0.672    25.0420 0.0000e+00
      0.481      0.040     8.7222    105.647     35.083  35.115492     7.2072      8.185   266.6061 4.0477e+01     2.8894      0.471      0.684    25.0420 0.0000e+00
      0.490      0.039     8.7304    105.745     35.064  35.096588     7.2067      8.182   266.5046 3.9742e+01     2.8433      0.480      0.696    25.0415 0.0000e+00
      0.501      0.039     8.7320    105.762     35.067  35.098149     7.1964      8.182   266.3309 3.8801e+01     2.8825      0.491      0.712    25.0412 0.0000e+00
      0.514      0.040     8.7237    105.659     35.104  35.134366     7.1749      8.184   266.2264 3.7928e+01     2.9361      0.505      0.733    25.0410 0.0000e+00
      0.525      0.041     8.7067    105.452     35.124  35.153365     7.1571      8.185   266.2738 3.7357e+01     2.9427      0.517      0.749    25.0404 0.0000e+00
      0.532      0.043     8.6887    105.234     35.108  35.137291     7.1469      8.186   266.3015 3.6905e+01     2.9013      0.522      0.757    25.0396 0.0000e+00
      0.540      0.045     8.6796    105.125     35.100  35.130584     7.1433      8.189   266.3035 3.6254e+01     2.8630      0.528      0.766    25.0386 0.0000e+00
      0.552      0.048     8.6770    105.096     35.105  35.135791     7.1506      8.192   266.4695 3.5323e+01     2.9365      0.540      0.784    25.0371 0.0000e+00
      0.567      0.053     8.6761    105.085     35.105  35.136728     7.1615      8.194   266.5880 3.4358e+01     3.0885      0.557      0.808    25.0355 0.0000e+00
      0.582      0.057     8.6782    105.112     35.110  35.141917     7.1645      8.196   266.5312 3.3511e+01     3.1439      0.571      0.829    25.0356 0.0000e+00
      0.597      0.059     8.6840    105.183     35.103  35.135002     7.1600      8.197   266.5581 3.2716e+01     3.1174      0.585      0.849    25.0372 0.0000e+00
      0.613      0.060     8.6935    105.300     35.084  35.116638     7.1716      8.194   266.7409 3.1978e+01     3.1346      0.602      0.873    25.0382 0.0000e+00
      0.629      0.059     8.7066    105.460     35.078  35.110438     7.2033      8.187   266.7619 3.1318e+01     3.1695      0.618      0.896    25.0383 0.0000e+00
      0.644      0.056     8.7217    105.642     35.091  35.123567     7.2222      8.183   266.7265 3.0620e+01     3.1734      0.631      0.915    25.0390 0.0000e+00
      0.659      0.053     8.7355    105.807     35.116  35.148331     7.2155      8.185   266.9157 2.9910e+01     3.1508      0.646      0.937    25.0402 0.0000e+00
      0.674      0.052     8.7441    105.910     35.124  35.155780     7.2052      8.187   267.2426 2.9458e+01     3.1094      0.664      0.963    25.0411 0.0000e+00
      0.684      0.052     8.7480    105.957     35.119  35.150120     7.2078      8.187   267.5815 2.9163e+01     3.1002      0.672      0.975    25.0411 0.0000e+00
      0.693      0.052     8.7497    105.977     35.111  35.143410     7.2189      8.186   267.8300 2.8697e+01     3.1313      0.676      0.982    25.0404 0.0000e+00
      0.706      0.052     8.7493    105.973     35.106  35.138175     7.2300      8.184   267.8374 2.8061e+01     3.1497      0.690      1.001    25.0398 0.0000e+00
      0.723      0.051     8.7420    105.886     35.118  35.150340     7.2320      8.182   267.4998 2.7384e+01     3.1390      0.709      1.028    25.0389 0.0000e+00
      0.740      0.050     8.7244    105.674     35.131  35.163460     7.2235      8.178   267.1891 2.6787e+01     3.1551      0.727      1.055    25.0385 0.0000e+00
      0.754      0.048     8.7013    105.394     35.137  35.169764     7.2101      8.178   267.1777 2.6377e+01     3.1913      0.741      1.075    25.0392 0.0000e+00
      0.764      0.046     8.6801    105.138     35.130  35.163044     7.1995      8.179   267.1899 2.6135e+01     3.1807      0.750      1.088    25.0398 0.0000e+00
      0.771      0.046     8.6661    104.969     35.113  35.145720     7.1689      8.177   267.2509 2.5912e+01     3.1484      0.756      1.097    25.0404 0.0000e+00
