Data/DataNotYetUploadedToEDI/Raw_CTD/RawDownloads/072318_fcr30.cnv
* Sea-Bird SBE19plus  Data File:
* FileName = C:\DATA\072318_fcr50_0006.hex
* Software version 2.6.3.104 SB_Terminal.dll
* Temperature SN = 7809
* Conductivity SN = 7809
* System UpLoad Time = Jul 23 2018 15:34:36
* <ApplicationData>
* <Seaterm232>
# nquan = 15
# nvalues = 585                         
# units = specified
# name 0 = depFM: Depth [fresh water, m]
# name 1 = dz/dtM: Descent Rate [m/s]
# name 2 = sbeox0Mg/L: Oxygen, SBE 43 [mg/l]
# name 3 = sbeox0PS: Oxygen, SBE 43 [% saturation]
# name 4 = specc: Specific Conductance [uS/cm]
# name 5 = c0uS/cm: Conductivity [uS/cm]
# name 6 = flECO-AFL: Fluorescence, WET Labs ECO-AFL/FL [mg/m^3]
# name 7 = ph: pH
# name 8 = orp: Oxidation Reduction Potential [mV]
# name 9 = par/sat/log: PAR/Logarithmic, Satlantic
# name 10 = turbWETntu0: Turbidity, WET Labs ECO [NTU]
# name 11 = prdM: Pressure, Strain Gauge [db]
# name 12 = prdE: Pressure, Strain Gauge [psi]
# name 13 = tv290C: Temperature [ITS-90, deg C]
# name 14 = flag:  0.000e+00
# span 0 =     -0.609,      5.311       
# span 1 =     -0.153,      0.119       
# span 2 =     0.1538,    13.0745       
# span 3 =      1.547,    150.082       
# span 4 =      1.066,     50.793       
# span 5 =   1.003094,  39.572276       
# span 6 =    -0.1964,     9.3645       
# span 7 =      6.259,      8.532       
# span 8 =   143.0331,  1239.9583       
# span 9 = 6.1958e-01, 4.8254e+02       
# span 10 =    -0.2349,    52.3420      
# span 11 =     -0.598,      5.209      
# span 12 =     -0.867,      7.555      
# span 13 =    11.6373,    25.2131      
# span 14 = 0.0000e+00, 0.0000e+00      
# interval = seconds: 0.25
# start_time = Jul 23 2018 15:02:21 [Instrument's time stamp, header]
# bad_flag = -9.990e-29
*END*
[from data line 97]
     -0.062      0.008     7.1775     86.796     34.603  34.573015     3.9442      8.463   194.6670 4.7127e+02     2.4722     -0.063     -0.091    24.9597 0.0000e+00
     -0.057      0.009     7.1367     86.291     34.598  34.563465     3.9466      8.463   194.8492 4.6750e+02     2.5066     -0.057     -0.083    24.9565 0.0000e+00
     -0.052      0.008     7.0862     85.669     34.594  34.555170     3.9765      8.463   195.4653 4.6386e+02     2.4343     -0.049     -0.072    24.9557 0.0000e+00
     -0.048      0.006     7.0268     84.943     34.579  34.536244     4.0298      8.463   195.9215 4.6192e+02     2.3308     -0.045     -0.066    24.9568 0.0000e+00
     -0.048      0.001     6.9628     84.160     34.571  34.525174     4.0493      8.464   195.8915 4.6206e+02     2.2922     -0.046     -0.068    24.9537 0.0000e+00
     -0.050     -0.003     6.9003     83.399     34.597  34.548363     4.0562      8.464   195.7037 4.6187e+02     2.3041     -0.048     -0.071    24.9444 0.0000e+00
     -0.054     -0.003     6.8427     82.698     34.613  34.562533     4.0667      8.462   195.3717 4.6086e+02     2.3221     -0.053     -0.077    24.9380 0.0000e+00
     -0.058      0.000     6.7911     82.072     34.558  34.505956     4.0659      8.459   194.4588 4.6050e+02     2.3265     -0.055     -0.081    24.9324 0.0000e+00
     -0.059      0.005     6.7470     81.535     34.490  34.435950     4.0649      8.457   193.3561 4.5963e+02     2.2964     -0.059     -0.086    24.9271 0.0000e+00
     -0.057      0.009     6.7098     81.079     34.472  34.414787     4.0638      8.457   193.2244 4.5643e+02     2.2624     -0.059     -0.086    24.9240 0.0000e+00
     -0.049      0.011     6.6762     80.665     34.501  34.440629     4.0617      8.456   192.3495 4.5628e+02     2.2513     -0.048     -0.070    24.9198 0.0000e+00
     -0.042      0.010     6.6433     80.263     34.557  34.494329     4.0764      8.454   191.4675 4.5948e+02     2.2238     -0.039     -0.057    24.9188 0.0000e+00
     -0.038      0.007     6.6131     79.898     34.619  34.555918     4.1043      8.453   194.3478 4.5810e+02     2.1734     -0.037     -0.052    24.9176 0.0000e+00
     -0.038      0.002     6.5945     79.679     34.674  34.613630     4.1139      8.454   197.9221 4.5380e+02     2.1308     -0.036     -0.052    24.9108 0.0000e+00
     -0.042     -0.003     6.5961     79.709     34.676  34.620459     4.1187      8.455   199.5797 4.4601e+02     2.1050     -0.041     -0.059    24.9052 0.0000e+00
     -0.046     -0.006     6.6126     79.916     34.627  34.574975     4.1342      8.456   200.4517 4.3900e+02     2.1050     -0.045     -0.065    24.9021 0.0000e+00
     -0.048     -0.007     6.6283     80.114     34.556  34.508326     4.1358      8.457   200.2912 4.3768e+02     2.1307     -0.047     -0.068    24.9004 0.0000e+00
     -0.050     -0.006     6.6323     80.177     34.491  34.449796     4.1290      8.458   196.2633 4.3747e+02     2.1715     -0.049     -0.070    24.9047 0.0000e+00
     -0.050     -0.003     6.6216     80.065     34.472  34.438971     4.1348      8.459   190.1241 4.3818e+02     2.2017     -0.049     -0.071    24.9163 0.0000e+00
     -0.049      0.001     6.5994     79.804     34.472  34.440964     4.1693      8.460   189.4729 4.3814e+02     2.2216     -0.048     -0.070    24.9203 0.0000e+00
     -0.049      0.003     6.5689     79.433     34.442  34.410384     4.2250      8.461   193.2079 4.3720e+02     2.2595     -0.048     -0.069    24.9217 0.0000e+00
     -0.049      0.003     6.5306     78.966     34.420  34.386821     4.2569      8.462   195.7060 4.3710e+02     2.2935     -0.050     -0.071    24.9342 0.0000e+00
     -0.047      0.003     6.4887     78.454     34.445  34.410134     4.2604      8.464   195.5000 4.3662e+02     2.2974     -0.048     -0.069    24.9486 0.0000e+00
     -0.044      0.003     6.4506     77.984     34.477  34.438180     4.2396      8.464   193.6434 4.3548e+02     2.2459     -0.043     -0.062    24.9533 0.0000e+00
     -0.043      0.003     6.4231     77.643     34.452  34.408334     4.2073      8.464   193.3046 4.3331e+02     2.1892     -0.041     -0.059    24.9490 0.0000e+00
     -0.044      0.002     6.4120     77.502     34.414  34.366854     4.2015      8.464   195.7051 4.2902e+02     2.1924     -0.043     -0.064    24.9469 0.0000e+00
     -0.045      0.001     6.4150     77.530     34.431  34.381261     4.2065      8.465   198.2325 4.2420e+02     2.1930     -0.045     -0.066    24.9454 0.0000e+00
     -0.044      0.000     6.4233     77.623     34.446  34.391966     4.2307      8.466   200.2022 4.2270e+02     2.1967     -0.042     -0.062    24.9372 0.0000e+00
     -0.043     -0.001     6.4316     77.716     34.426  34.369248     4.2828      8.466   202.6571 4.2395e+02     2.2370     -0.040     -0.058    24.9300 0.0000e+00
     -0.043     -0.005     6.4362     77.766     34.421  34.360647     4.3124      8.465   204.2537 4.2135e+02     2.2526     -0.041     -0.060    24.9266 0.0000e+00
     -0.044     -0.013     6.4337     77.731     34.414  34.351479     4.3224      8.463   202.2125 4.1136e+02     2.2328     -0.043     -0.063    24.9213 0.0000e+00
     -0.045     -0.029     6.4217     77.579     34.388  34.321921     4.3209      8.457   195.4434 3.9741e+02     2.2111     -0.044     -0.065    24.9159 0.0000e+00
     -0.049     -0.054     6.3980     77.288     34.389  34.320851     4.2391      8.449   192.5304 3.8656e+02     2.2036     -0.046     -0.066    24.9102 0.0000e+00
     -0.059     -0.086     6.3650     76.886     34.472  34.402055     4.0963      8.447   200.3755 3.7739e+02     2.2038     -0.054     -0.077    24.9054 0.0000e+00
     -0.080     -0.118     6.3305     76.466     34.613  34.541532     4.0184      8.450   204.7748 3.6403e+02     2.1825     -0.073     -0.106    24.9028 0.0000e+00
     -0.117     -0.143     6.3097     76.220     34.679  34.609865     4.0053      8.452   198.9166 3.5337e+02     2.1598     -0.107     -0.155    24.8986 0.0000e+00
     -0.172     -0.153     6.3237     76.409     34.589  34.529566     3.9562      8.450   192.6968 3.4953e+02     2.1742     -0.165     -0.239    24.8934 0.0000e+00
     -0.233     -0.146     6.3746     77.042     34.447  34.396393     3.8652      8.448   186.9601 3.4628e+02     2.2028     -0.234     -0.340    24.8936 0.0000e+00
     -0.282     -0.126     6.4513     77.932     34.401  34.333584     3.8156      8.448   184.1900 3.4273e+02     2.2310     -0.285     -0.413    24.8888 0.0000e+00
     -0.308     -0.095     6.5653     79.176     34.471  34.341785     3.8064      8.451   184.4993 3.4290e+02     2.2712     -0.308     -0.447    24.8909 0.0000e+00
     -0.317     -0.059     6.7283     80.967     34.579  34.368413     3.7536      8.454   182.3545 3.4431e+02     2.3231     -0.313     -0.454    24.9042 0.0000e+00
     -0.318     -0.023     6.9261     83.209     34.675  34.401350     3.6641      8.452   180.3687 3.4409e+02     2.4003     -0.313     -0.453    24.9318 0.0000e+00
     -0.318      0.007     7.1291     85.564     34.734  34.422338     3.6255      8.447   179.8481 3.4233e+02     2.4718     -0.311     -0.451    24.9295 0.0000e+00
     -0.317      0.029     7.3086     87.678     34.761  34.431568     3.6445      8.443   179.1573 3.4023e+02     2.4868     -0.312     -0.452    24.8159 0.0000e+00
     -0.312      0.048     7.4468     89.323     34.785  34.449408     3.7379      8.442   179.1575 3.4326e+02     2.4292     -0.312     -0.453    24.6748 0.0000e+00
     -0.293      0.067     7.5324     90.361     34.778  34.447482     3.9001      8.443   179.5060 3.5102e+02     2.3246     -0.291     -0.422    24.5856 0.0000e+00
     -0.268      0.085     7.5594     90.721     34.724  34.408276     3.9967      8.443   179.7582 3.5716e+02     2.2591     -0.260     -0.377    24.5364 0.0000e+00
     -0.245      0.099     7.5338     90.456     34.654  34.356509     4.0058      8.443   180.4854 3.6117e+02     2.2477     -0.243     -0.353    24.5172 0.0000e+00
     -0.219      0.104     7.4753     89.775     34.618  34.329737     3.9833      8.443   183.7392 3.6544e+02     2.2481     -0.219     -0.320    24.5075 0.0000e+00
     -0.184      0.102     7.4101     88.973     34.635  34.338659     3.9453      8.443   191.1364 3.6904e+02     2.2646     -0.180     -0.261    24.5134 0.0000e+00
     -0.150      0.094     7.3546     88.264     34.651  34.337339     3.9228      8.444   197.5653 3.7089e+02     2.2940     -0.143     -0.208    24.5381 0.0000e+00
     -0.126      0.084     7.3092     87.693     34.639  34.313744     3.9320      8.447   199.3499 3.7241e+02     2.2982     -0.119     -0.173    24.5699 0.0000e+00
     -0.111      0.070     7.2670     87.179     34.636  34.307434     3.9730      8.450   197.1415 3.7360e+02     2.2847     -0.109     -0.158    24.5914 0.0000e+00
     -0.099      0.054     7.2195     86.608     34.653  34.324555     4.0325      8.453   193.1478 3.7618e+02     2.2831     -0.098     -0.142    24.5718 0.0000e+00
     -0.086      0.039     7.1627     85.926     34.659  34.330201     4.0732      8.454   190.4691 3.8202e+02     2.2784     -0.082     -0.119    24.5350 0.0000e+00
     -0.077      0.029     7.0978     85.145     34.642  34.312186     4.0785      8.453   189.4464 3.8651e+02     2.2585     -0.075     -0.109    24.5202 0.0000e+00
     -0.072      0.020     7.0244     84.260     34.629  34.297281     4.0787      8.453   191.1059 3.9090e+02     2.2564     -0.070     -0.102    24.5188 0.0000e+00
     -0.069      0.011     6.9414     83.257     34.612  34.277030     4.0571      8.455   195.2203 3.9879e+02     2.2538     -0.067     -0.097    24.5198 0.0000e+00
     -0.067      0.002     6.8527     82.185     34.596  34.257880     3.9922      8.459   198.8408 4.1065e+02     2.1963     -0.066     -0.096    24.5194 0.0000e+00
     -0.066     -0.004     6.7673     81.155     34.598  34.256280     3.9464      8.461   200.8951 4.2338e+02     2.1404     -0.064     -0.093    24.5181 0.0000e+00
     -0.070     -0.007     6.6927     80.254     34.603  34.257683     3.9356      8.462   201.9038 4.2968e+02     2.1274     -0.067     -0.097    24.5149 0.0000e+00
     -0.076     -0.008     6.6287     79.482     34.623  34.274839     3.9347      8.460   203.2077 4.3138e+02     2.1612     -0.076     -0.110    24.5102 0.0000e+00
     -0.080     -0.007     6.5725     78.802     34.623  34.273158     3.9448      8.456   205.2171 4.3265e+02     2.2438     -0.080     -0.116    24.5043 0.0000e+00
     -0.081     -0.006     6.5269     78.251     34.589  34.237353     3.9480      8.453   206.7545 4.3261e+02     2.3026     -0.080     -0.115    24.4998 0.0000e+00
     -0.080     -0.003     6.4934     77.845     34.576  34.223022     3.9363      8.452   207.5996 4.3158e+02     2.2923     -0.079     -0.115    24.4970 0.0000e+00
     -0.079     -0.001     6.4669     77.525     34.582  34.226922     3.9315      8.452   208.1217 4.3022e+02     2.2409     -0.078     -0.113    24.4925 0.0000e+00
     -0.079      0.001     6.4449     77.256     34.578  34.220978     3.9366      8.452   208.5081 4.2880e+02     2.2005     -0.077     -0.112    24.4884 0.0000e+00
     -0.079      0.001     6.4256     77.021     34.574  34.214668     3.9431      8.452   208.3996 4.2770e+02     2.1997     -0.077     -0.112    24.4862 0.0000e+00
     -0.080      0.001     6.4060     76.782     34.575  34.214146     3.9456      8.453   207.8418 4.2739e+02     2.2004     -0.078     -0.114    24.4842 0.0000e+00
     -0.080      0.002     6.3855     76.532     34.578  34.214666     3.9383      8.455   207.7006 4.2819e+02     2.1790     -0.079     -0.114    24.4816 0.0000e+00
     -0.079      0.002     6.3622     76.248     34.586  34.220951     3.9382      8.456   207.8972 4.2918e+02     2.1541     -0.078     -0.113    24.4785 0.0000e+00
     -0.078      0.001     6.3345     75.913     34.594  34.226621     3.9440      8.457   208.0673 4.2982e+02     2.1442     -0.076     -0.110    24.4752 0.0000e+00
     -0.076      0.000     6.3044     75.548     34.589  34.219692     3.9447      8.458   208.2944 4.3034e+02     2.1512     -0.075     -0.108    24.4718 0.0000e+00
     -0.076     -0.000     6.2717     75.152     34.571  34.200695     3.9461      8.460   208.5790 4.3039e+02     2.1462     -0.074     -0.107    24.4691 0.0000e+00
     -0.077      0.000     6.2370     74.733     34.560  34.187471     3.9608      8.462   208.7550 4.3040e+02     2.1761     -0.076     -0.110    24.4668 0.0000e+00
     -0.080      0.001     6.2014     74.304     34.560  34.186839     3.9939      8.463   208.6146 4.3094e+02     2.2687     -0.079     -0.114    24.4642 0.0000e+00
     -0.081      0.001     6.1646     73.863     34.567  34.193057     4.0156      8.464   208.4316 4.3226e+02     2.3196     -0.081     -0.118    24.4612 0.0000e+00
     -0.080      0.001     6.1295     73.443     34.573  34.199129     4.0120      8.466   208.5204 4.3420e+02     2.3027     -0.079     -0.115    24.4576 0.0000e+00
     -0.076      0.000     6.1010     73.100     34.571  34.196743     3.9862      8.467   208.5697 4.3613e+02     2.2475     -0.073     -0.106    24.4550 0.0000e+00
     -0.074 -4.320e-07     6.0789     72.834     34.731  34.354762     3.9525      8.468   208.4259 4.3848e+02     2.1707     -0.071     -0.102    24.4534 0.0000e+00
     -0.075      0.000     6.0700     72.770     35.134  34.775823     3.9355      8.469   208.4168 4.4153e+02     2.1369     -0.073     -0.105    24.4529 0.0000e+00
     -0.079      0.000     6.1300     73.654     35.437  35.159078     3.9279      8.470   208.8031 4.4444e+02     2.1453     -0.078     -0.113    24.4544 0.0000e+00
     -0.081     -0.001     6.3756     76.879     35.450  35.304665     3.9252      8.470   209.2246 4.4689e+02     2.1804     -0.081     -0.117    24.4553 0.0000e+00
     -0.080     -0.002     6.8609     82.990     35.355  35.329431     3.9304      8.468   209.0396 4.4959e+02     2.2261     -0.080     -0.116    24.4481 0.0000e+00
     -0.077     -0.003     7.4893     90.760     35.283  35.331672     3.9354      8.467   208.5443 4.5244e+02     2.2395     -0.075     -0.109    24.4461 0.0000e+00
     -0.075     -0.003     8.1312     98.634     35.244  35.331872     3.9390      8.467   208.4847 4.5437e+02     2.2514     -0.072     -0.104    24.5652 0.0000e+00
     -0.077     -0.004     8.7069    105.672     35.223  35.331897     3.9645      8.467   208.7492 4.5549e+02     2.2779     -0.075     -0.109    24.8052 0.0000e+00
     -0.082     -0.006     9.1754    111.390     35.212  35.332002     4.0149      8.466   209.2477 4.5720e+02     2.2849     -0.081     -0.117    24.9875 0.0000e+00
     -0.087     -0.009     9.5129    115.506     35.207  35.333156     4.0516      8.464   210.2105 4.6103e+02     2.2749     -0.086     -0.125    25.0786 0.0000e+00
     -0.087     -0.011     9.7004    117.793     35.216  35.345859     4.0595      8.461   211.0118 4.6675e+02     2.2793     -0.086     -0.125    25.1268 0.0000e+00
     -0.085     -0.011     9.7464    118.357     35.227  35.358563     4.0465      8.461   211.2783 4.7178e+02     2.2773     -0.081     -0.118    25.1506 0.0000e+00
     -0.087     -0.010     9.6946    117.729     35.228  35.359708     4.0223      8.464   211.5403 4.7509e+02     2.2510     -0.082     -0.120    25.1656 0.0000e+00
     -0.095     -0.008     9.5965    116.539     35.228  35.359708     4.0068      8.466   211.8566 4.7710e+02     2.2353     -0.094     -0.137    25.1744 0.0000e+00
     -0.101     -0.006     9.4853    115.192     35.226  35.358562     4.0061      8.466   212.0045 4.7773e+02     2.2399     -0.102     -0.148    25.1796 0.0000e+00
     -0.102     -0.003     9.3787    113.898     35.212  35.345859     3.9951      8.465   212.1244 4.7770e+02     2.2461     -0.101     -0.146    25.1810 0.0000e+00
