Data/DataNotYetUploadedToEDI/Raw_CTD/RawDownloads/072318_fcr10.cnv
* Sea-Bird SBE19plus  Data File:
* FileName = C:\DATA\072318_fcr50_0004.hex
* Software version 2.6.3.104 SB_Terminal.dll
* Temperature SN = 7809
* Conductivity SN = 7809
* System UpLoad Time = Jul 23 2018 15:33:58
* <ApplicationData>
* <Seaterm232>
# nquan = 15
# nvalues = 403                         
# units = specified
# name 0 = depFM: Depth [fresh water, m]
# name 1 = dz/dtM: Descent Rate [m/s]
# name 2 = sbeox0Mg/L: Oxygen, SBE 43 [mg/l]
# name 3 = sbeox0PS: Oxygen, SBE 43 [% saturation]
# name 4 = specc: Specific Conductance [uS/cm]
# name 5 = c0uS/cm: Conductivity [uS/cm]
# name 6 = flECO-AFL: Fluorescence, WET Labs ECO-AFL/FL [mg/m^3]
# name 7 = ph: pH
# name 8 = orp: Oxidation Reduction Potential [mV]
# name 9 = par/sat/log: PAR/Logarithmic, Satlantic
# name 10 = turbWETntu0: Turbidity, WET Labs ECO [NTU]
# name 11 = prdM: Pressure, Strain Gauge [db]
# name 12 = prdE: Pressure, Strain Gauge [psi]
# name 13 = tv290C: Temperature [ITS-90, deg C]
# name 14 = flag:  0.000e+00
# span 0 =     -0.619,      2.088       
# span 1 =     -0.105,      0.126       
# span 2 =     6.5308,     9.2592       
# span 3 =     76.985,    111.998       
# span 4 =      0.132,     39.962       
# span 5 =   0.127097,  38.872077       
# span 6 =    -0.1952,     8.8020       
# span 7 =      6.239,      8.211       
# span 8 =   257.8735,   473.9774       
# span 9 = 5.2094e+00, 1.2913e+02       
# span 10 =    -0.2878,    49.4636      
# span 11 =     -0.608,      2.048      
# span 12 =     -0.881,      2.970      
# span 13 =    20.5430,    25.0479      
# span 14 = 0.0000e+00, 0.0000e+00      
# interval = seconds: 0.25
# start_time = Jul 23 2018 14:18:10 [Instrument's time stamp, header]
# bad_flag = -9.990e-29
*END*
[from data line 97]
     -0.217      0.003     6.6819     80.609     34.796  34.676383     6.6426      8.138   304.6906 1.0865e+02     2.6522     -0.213     -0.309    24.8056 0.0000e+00
     -0.216      0.004     6.6439     80.154     34.790  34.672984     6.6391      8.135   304.3991 1.0841e+02     2.6594     -0.212     -0.307    24.8083 0.0000e+00
     -0.216      0.005     6.6118     79.773     34.764  34.650059     6.6489      8.124   304.2019 1.0831e+02     2.6969     -0.212     -0.307    24.8137 0.0000e+00
     -0.215      0.005     6.5814     79.417     34.763  34.653281     6.6509      8.109   304.2843 1.0823e+02     2.7102     -0.212     -0.307    24.8187 0.0000e+00
     -0.213      0.004     6.5553     79.112     34.817  34.711941     6.6439      8.104   304.5355 1.0819e+02     2.6976     -0.209     -0.304    24.8224 0.0000e+00
     -0.210      0.003     6.5405     78.942     34.889  34.787655     6.6469      8.107   304.3137 1.0840e+02     2.6665     -0.206     -0.299    24.8251 0.0000e+00
     -0.209      0.003     6.5453     79.004     34.906  34.806511     6.6515      8.109   301.7753 1.0857e+02     2.6699     -0.204     -0.296    24.8286 0.0000e+00
     -0.209      0.005     6.5812     79.434     34.850  34.749371     6.6352      8.110   291.8260 1.0865e+02     2.7691     -0.204     -0.296    24.8354 0.0000e+00
     -0.210      0.010     6.6586     80.360     34.773  34.668452     6.5962      8.119   277.1976 1.0895e+02     2.8588     -0.206     -0.299    24.8442 0.0000e+00
     -0.211      0.020     6.7700     81.698     34.698  34.590344     6.5657      8.129   269.8813 1.0901e+02     2.9000     -0.209     -0.303    24.8502 0.0000e+00
     -0.208      0.033     6.8974     83.236     34.610  34.503664     6.5603      8.128   270.9919 1.0799e+02     2.9317     -0.206     -0.299    24.8518 0.0000e+00
     -0.198      0.046     7.0241     84.770     34.550  34.446159     6.5682      8.119   274.9660 1.0537e+02     2.9371     -0.196     -0.285    24.8510 0.0000e+00
     -0.182      0.056     7.1311     86.062     34.570  34.466712     6.5788      8.108   276.6334 1.0126e+02     2.9349     -0.182     -0.263    24.8440 0.0000e+00
     -0.160      0.059     7.2066     86.969     34.667  34.561616     6.5777      8.098   274.0299 9.6421e+01     2.9345     -0.157     -0.228    24.8362 0.0000e+00
     -0.137      0.058     7.2515     87.505     34.750  34.640862     6.5735      8.098   275.4088 9.2272e+01     2.9323     -0.131     -0.190    24.8389 0.0000e+00
     -0.119      0.053     7.2675     87.688     34.776  34.662646     6.5475      8.115   283.3247 9.0027e+01     2.9383     -0.115     -0.165    24.8442 0.0000e+00
     -0.110      0.049     7.2558     87.528     34.820  34.697967     6.4923      8.138   289.0353 9.0734e+01     2.9465     -0.106     -0.154    24.8458 0.0000e+00
     -0.106      0.045     7.2203     87.087     34.877  34.750312     6.4664      8.149   289.4758 9.3144e+01     2.9410     -0.105     -0.152    24.8410 0.0000e+00
     -0.101      0.041     7.1638     86.412     34.912  34.787387     6.4635      8.149   287.5325 9.4674e+01     2.9012     -0.102     -0.148    24.8381 0.0000e+00
     -0.088      0.036     7.0958     85.612     34.944  34.828646     6.4574      8.146   285.0698 9.6157e+01     2.8313     -0.089     -0.129    24.8353 0.0000e+00
     -0.070      0.026     7.0343     84.894     34.974  34.868068     6.4570      8.142   280.6936 9.8915e+01     2.7679     -0.068     -0.098    24.8185 0.0000e+00
     -0.055      0.014     6.9945     84.432     34.980  34.882947     6.4590      8.142   273.6814 1.0165e+02     2.7150     -0.049     -0.072    24.8064 0.0000e+00
     -0.052      0.001     6.9879     84.364     34.972  34.881516     6.4644      8.152   271.3549 1.0307e+02     2.6803     -0.046     -0.066    24.8117 0.0000e+00
     -0.062     -0.010     7.0296     84.878     34.937  34.850778     6.4660      8.164   279.4082 1.0426e+02     2.6833     -0.058     -0.083    24.8283 0.0000e+00
     -0.078     -0.017     7.1302     86.098     34.849  34.765374     6.4778      8.174   290.6917 1.0495e+02     2.7516     -0.079     -0.114    24.8455 0.0000e+00
     -0.088     -0.018     7.2747     87.848     34.757  34.674654     6.5072      8.179   295.2437 1.0293e+02     2.8649     -0.092     -0.132    24.8566 0.0000e+00
     -0.090     -0.015     7.4292     89.717     34.724  34.643157     6.5172      8.183   293.4067 9.8152e+01     2.9246     -0.090     -0.130    24.8646 0.0000e+00
     -0.086     -0.008     7.5601     91.300     34.782  34.702142     6.5165      8.188   288.0964 9.3284e+01     2.9238     -0.083     -0.122    24.8712 0.0000e+00
     -0.084     -0.002     7.6454     92.332     34.895  34.816169     6.5261      8.194   282.2314 9.0679e+01     2.8551     -0.080     -0.117    24.8745 0.0000e+00
     -0.085      0.002     7.6777     92.725     34.956  34.878505     6.5320      8.199   283.5810 8.9770e+01     2.7646     -0.082     -0.119    24.8755 0.0000e+00
     -0.088      0.003     7.6594     92.508     34.961  34.884172     6.5325      8.203   290.9921 8.9697e+01     2.7460     -0.087     -0.126    24.8774 0.0000e+00
     -0.088      0.004     7.5955     91.741     34.959  34.884697     6.5234      8.205   294.9189 9.0247e+01     2.7213     -0.088     -0.128    24.8789 0.0000e+00
     -0.086      0.005     7.4923     90.499     34.957  34.884857     6.4767      8.206   294.2359 9.0723e+01     2.6799     -0.085     -0.123    24.8810 0.0000e+00
     -0.082      0.007     7.3624     88.938     34.955  34.886110     6.4089      8.206   287.9823 9.0674e+01     2.6729     -0.080     -0.116    24.8824 0.0000e+00
     -0.079      0.010     7.2234     87.269     34.964  34.899853     6.3840      8.205   277.2108 9.0359e+01     2.6668     -0.077     -0.111    24.8839 0.0000e+00
     -0.077      0.014     7.0949     85.729     34.984  34.923986     6.3962      8.204   271.1172 9.0102e+01     2.6673     -0.075     -0.109    24.8872 0.0000e+00
     -0.076      0.019     6.9967     84.550     34.980  34.923829     6.4282      8.205   269.8009 8.9578e+01     2.6785     -0.075     -0.109    24.8904 0.0000e+00
     -0.074      0.028     6.9412     83.885     34.952  34.897959     6.4855      8.205   268.6954 8.7618e+01     2.6809     -0.075     -0.108    24.8947 0.0000e+00
     -0.067      0.039     6.9324     83.780     34.918  34.865273     6.5285      8.201   267.6446 8.3464e+01     2.6959     -0.067     -0.098    24.9020 0.0000e+00
     -0.054      0.050     6.9692     84.220     34.837  34.782704     6.5350      8.192   267.1621 7.4139e+01     2.7380     -0.054     -0.079    24.9098 0.0000e+00
     -0.039      0.060     7.0436     85.107     34.721  34.661845     6.5089      8.178   268.2817 6.1094e+01     2.7938     -0.040     -0.057    24.9141 0.0000e+00
     -0.020      0.065     7.1387     86.247     34.675  34.610820     6.4701      8.165   270.0827 5.4371e+01     2.8514     -0.020     -0.030    24.9172 0.0000e+00
      0.002      0.065     7.2338     87.392     34.739  34.673918     6.4525      8.156   269.5797 5.3716e+01     2.8850      0.003      0.003    24.9196 0.0000e+00
      0.023      0.059     7.3112     88.329     34.854  34.789566     6.4524      8.149   267.2758 5.3325e+01     2.8946      0.025      0.036    24.9179 0.0000e+00
      0.039      0.049     7.3622     88.949     34.929  34.865772     6.4502      8.145   266.1462 5.5148e+01     2.9062      0.041      0.060    24.9082 0.0000e+00
      0.049      0.038     7.3856     89.235     34.959  34.896618     6.4617      8.145   265.9882 5.8430e+01     2.8734      0.049      0.071    24.8990 0.0000e+00
      0.054      0.028     7.3824     89.199     34.969  34.908439     6.4908      8.150   265.5381 6.0971e+01     2.7725      0.053      0.078    24.8987 0.0000e+00
      0.058      0.020     7.3516     88.828     34.942  34.881664     6.5074      8.159   264.9194 6.3086e+01     2.6933      0.056      0.083    24.9005 0.0000e+00
      0.060      0.015     7.2912     88.090     34.891  34.826959     6.5159      8.167   264.5304 6.4049e+01     2.7096      0.058      0.085    24.9029 0.0000e+00
      0.062      0.014     7.2053     87.039     34.824  34.755154     6.5382      8.176   264.5341 6.4944e+01     2.7856      0.060      0.087    24.9047 0.0000e+00
      0.066      0.014     7.1051     85.822     34.784  34.712182     6.5657      8.186   264.7056 6.6253e+01     2.8501      0.065      0.094    24.9072 0.0000e+00
      0.070      0.014     7.0014     84.567     34.826  34.752009     6.5735      8.193   264.7968 6.7621e+01     2.9093      0.070      0.100    24.9109 0.0000e+00
      0.074      0.015     6.9077     83.433     34.867  34.792064     6.5673      8.198   264.8632 6.9730e+01     2.9520      0.073      0.105    24.9036 0.0000e+00
      0.078      0.016     6.8432     82.650     34.828  34.751859     6.5826      8.195   264.8203 7.1088e+01     2.9393      0.078      0.112    24.8924 0.0000e+00
      0.080      0.014     6.8174     82.324     34.793  34.710515     6.6207      8.186   264.5364 7.2298e+01     2.9082      0.079      0.112    24.8899 0.0000e+00
      0.084      0.009     6.8209     82.348     34.828  34.736804     6.6424      8.179   264.1838 7.3876e+01     2.8815      0.081      0.117    24.8882 0.0000e+00
      0.090      0.001     6.8375     82.539     34.847  34.752107     6.6516      8.175   263.9128 7.4828e+01     2.8598      0.090      0.131    24.8865 0.0000e+00
      0.094     -0.012     6.8544     82.744     34.800  34.704989     6.6955      8.175   263.9270 7.6669e+01     2.8290      0.096      0.139    24.8876 0.0000e+00
      0.091     -0.030     6.8612     82.826     34.707  34.611737     6.7603      8.176   264.1826 7.9219e+01     2.7844      0.092      0.133    24.8776 0.0000e+00
      0.081     -0.053     6.8492     82.679     34.609  34.513859     6.7917      8.177   264.4218 8.2121e+01     2.7778      0.082      0.118    24.8591 0.0000e+00
      0.066     -0.077     6.8157     82.267     34.573  34.474331     6.7897      8.182   264.5818 8.5635e+01     2.7807      0.067      0.096    24.8548 0.0000e+00
      0.043     -0.097     6.7649     81.628     34.625  34.514914     6.7272      8.189   264.6558 9.1862e+01     2.7578      0.045      0.065    24.8590 0.0000e+00
      0.012     -0.105     6.7043     80.873     34.745  34.623409     6.6050      8.194   264.8002 1.0543e+02     2.7450      0.017      0.025    24.8554 0.0000e+00
     -0.028     -0.101     6.6503     80.214     34.832  34.706319     6.5351      8.195   265.0370 1.1837e+02     2.7173     -0.028     -0.041    24.8568 0.0000e+00
     -0.067     -0.087     6.6208     79.860     34.817  34.691628     6.5248      8.197   265.1090 1.2023e+02     2.6678     -0.071     -0.103    24.8586 0.0000e+00
     -0.091     -0.067     6.6170     79.825     34.757  34.636330     6.5177      8.200   264.9831 1.1770e+02     2.6644     -0.095     -0.138    24.8330 0.0000e+00
     -0.099     -0.043     6.6260     79.951     34.722  34.609391     6.5588      8.203   264.9769 1.1665e+02     2.7688     -0.101     -0.146    24.8118 0.0000e+00
     -0.096     -0.021     6.6347     80.072     34.724  34.619992     6.6544      8.208   265.2065 1.1632e+02     2.8919     -0.093     -0.135    24.8123 0.0000e+00
     -0.093     -0.006     6.6363     80.101     34.737  34.637492     6.7180      8.211   265.2650 1.1633e+02     2.9318     -0.089     -0.131    24.8114 0.0000e+00
     -0.092      0.002     6.6288     80.016     34.728  34.630428     6.7314      8.210   264.9959 1.1618e+02     2.9467     -0.091     -0.132    24.8178 0.0000e+00
     -0.092      0.003     6.6125     79.823     34.694  34.598100     6.7519      8.208   264.7910 1.1655e+02     2.9187     -0.090     -0.130    24.8336 0.0000e+00
     -0.092      0.002     6.5925     79.580     34.660  34.564212     6.8000      8.209   264.7668 1.1700e+02     2.8672     -0.090     -0.131    24.8459 0.0000e+00
     -0.091      0.000     6.5754     79.367     34.638  34.538285     6.8449      8.211   264.7892 1.1740e+02     2.9043     -0.090     -0.130    24.8520 0.0000e+00
     -0.090     -0.001     6.5647     79.227     34.643  34.538681     6.8624      8.211   264.9753 1.1784e+02     2.9400     -0.089     -0.128    24.8552 0.0000e+00
     -0.090     -0.001     6.5624     79.188     34.679  34.569001     6.8833      8.211   265.2969 1.1821e+02     2.8413     -0.088     -0.128    24.8572 0.0000e+00
     -0.091     -0.001     6.5704     79.274     34.702  34.587278     6.9317      8.209   265.4942 1.1870e+02     2.7181     -0.089     -0.129    24.8573 0.0000e+00
     -0.093     -0.001     6.5863     79.458     34.687  34.569113     6.9701      8.208   265.5533 1.1917e+02     2.7011     -0.092     -0.133    24.8522 0.0000e+00
     -0.094     -0.001     6.6037     79.661     34.662  34.539915     6.9797      8.208   265.5820 1.1967e+02     2.7280     -0.093     -0.135    24.8432 0.0000e+00
     -0.093      0.000     6.6161     79.801     34.678  34.551827     6.9464      8.208   265.4961 1.2010e+02     2.7680     -0.090     -0.131    24.8348 0.0000e+00
     -0.092      0.001     6.6222     79.867     34.843  34.713138     6.8798      8.208   265.2897 1.2047e+02     2.8498     -0.089     -0.130    24.8287 0.0000e+00
     -0.092      0.001     6.6382     80.062     35.159  35.029365     6.8448      8.208   265.0654 1.2089e+02     2.9233     -0.090     -0.131    24.8236 0.0000e+00
     -0.092      0.001     6.7133     81.002     35.378  35.262851     6.8448      8.208   264.9350 1.2136e+02     2.9548     -0.090     -0.130    24.8184 0.0000e+00
     -0.092      0.000     6.9146     83.497     35.398  35.313031     6.8159      8.208   264.9180 1.2172e+02     2.9568     -0.090     -0.130    24.8121 0.0000e+00
     -0.091 -4.951e-07     7.2602     87.741     35.373  35.318534     6.7440      8.209   264.9454 1.2188e+02     2.9465     -0.089     -0.129    24.8073 0.0000e+00
     -0.091     -0.000     7.6959     93.055     35.363  35.329434     6.7022      8.209   265.0945 1.2202e+02     2.9219     -0.089     -0.129    24.8006 0.0000e+00
     -0.091     -0.000     8.1487     98.558     35.341  35.317814     6.7056      8.209   265.3445 1.2214e+02     2.9035     -0.091     -0.131    24.8188 0.0000e+00
     -0.091     -0.001     8.5581    103.523     35.323  35.305095     6.6928      8.206   265.4724 1.2224e+02     2.8770     -0.090     -0.131    24.8763 0.0000e+00
     -0.090     -0.002     8.8852    107.487     35.318  35.302700     6.6580      8.200   265.2647 1.2226e+02     2.7848     -0.089     -0.129    24.9244 0.0000e+00
     -0.090     -0.005     9.1137    110.250     35.304  35.288851     6.6342      8.192   264.9843 1.2243e+02     2.7035     -0.089     -0.129    24.9495 0.0000e+00
     -0.091     -0.007     9.2349    111.711     35.282  35.264693     6.6247      8.186   264.8351 1.2318e+02     2.6879     -0.089     -0.129    24.9644 0.0000e+00
     -0.094     -0.008     9.2592    111.998     35.284  35.264692     6.6263      8.182   264.6653 1.2413e+02     2.6871     -0.091     -0.131    24.9709 0.0000e+00
     -0.099     -0.008     9.2157    111.472     35.308  35.288829     6.6816      8.179   264.6522 1.2518e+02     2.6950     -0.096     -0.140    24.9736 0.0000e+00
     -0.104     -0.006     9.1383    110.545     35.318  35.302459     6.7782      8.172   264.7623 1.2659e+02     2.7224     -0.102     -0.149    24.9727 0.0000e+00
     -0.106     -0.004     9.0555    109.559     35.313  35.302448     6.8302      8.162   264.7918 1.2763e+02     2.7433     -0.105     -0.152    24.9694 0.0000e+00
     -0.105     -0.001     8.9831    108.703     35.293  35.288703     6.8312      8.156   264.7515 1.2747e+02     2.7343     -0.105     -0.151    24.9651 0.0000e+00
