Data/DataNotYetUploadedToEDI/Raw_CTD/RawDownloads/072518_ccr50.cnv
* Sea-Bird SBE19plus  Data File:
* FileName = C:\DATA\072518_ccr50_0001.hex
* Software version 2.6.3.104 SB_Terminal.dll
* Temperature SN = 7809
* Conductivity SN = 7809
* System UpLoad Time = Jul 25 2018 14:13:00
* <ApplicationData>
* <Seaterm232>
# nquan = 15
# nvalues = 1384                        
# units = specified
# name 0 = depFM: Depth [fresh water, m]
# name 1 = dz/dtM: Descent Rate [m/s]
# name 2 = sbeox0Mg/L: Oxygen, SBE 43 [mg/l]
# name 3 = sbeox0PS: Oxygen, SBE 43 [% saturation]
# name 4 = specc: Specific Conductance [uS/cm]
# name 5 = c0uS/cm: Conductivity [uS/cm]
# name 6 = flECO-AFL: Fluorescence, WET Labs ECO-AFL/FL [mg/m^3]
# name 7 = ph: pH
# name 8 = orp: Oxidation Reduction Potential [mV]
# name 9 = par/sat/log: PAR/Logarithmic, Satlantic
# name 10 = turbWETntu0: Turbidity, WET Labs ECO [NTU]
# name 11 = prdM: Pressure, Strain Gauge [db]
# name 12 = prdE: Pressure, Strain Gauge [psi]
# name 13 = tv290C: Temperature [ITS-90, deg C]
# name 14 = flag:  0.000e+00
# span 0 =     -0.399,     20.705       
# span 1 =     -0.098,      0.235       
# span 2 =     1.3385,    11.1683       
# span 3 =     12.001,    133.980       
# span 4 =      1.909,    136.712       
# span 5 =   2.151419,  97.063846       
# span 6 =    -0.1778,     4.4069       
# span 7 =      5.982,      7.925       
# span 8 = -1240.7455,   416.2234       
# span 9 = 1.2531e-01, 8.2480e+02       
# span 10 =    -0.3061,     9.7847      
# span 11 =     -0.392,     20.305      
# span 12 =     -0.568,     29.450      
# span 13 =    10.4927,    31.3580      
# span 14 = 0.0000e+00, 0.0000e+00      
# interval = seconds: 0.25
# start_time = Jul 25 2018 15:25:07 [Instrument's time stamp, header]
# bad_flag = -9.990e-29
*END*
[from data line 772]
      8.602      0.074     7.3653     67.889    120.362  88.336016     1.4940      7.004   281.3911 7.3389e+00     1.6994      8.435     12.234    11.7191 0.0000e+00
      8.614      0.070     7.4017     68.213    120.411  88.353920     1.5018      7.002   281.3856 7.2206e+00     1.7000      8.444     12.247    11.7079 0.0000e+00
      8.632      0.067     7.4288     68.453    120.442  88.363480     1.5053      7.001   281.4216 7.0542e+00     1.6765      8.462     12.273    11.7031 0.0000e+00
      8.655      0.065     7.4444     68.593    120.484  88.387903     1.4991      7.000   281.4823 6.8978e+00     1.6594      8.488     12.312    11.7012 0.0000e+00
      8.677      0.062     7.4501     68.647    120.492  88.394442     1.5001      6.998   281.5183 6.7831e+00     1.6772      8.511     12.345    11.6940 0.0000e+00
      8.693      0.060     7.4480     68.631    120.462  88.378858     1.5093      6.997   281.6833 6.7041e+00     1.7081      8.526     12.366    11.6844 0.0000e+00
      8.703      0.060     7.4441     68.598    120.472  88.390554     1.4913      6.995   282.0150 6.6571e+00     1.7577      8.536     12.380    11.6792 0.0000e+00
      8.712      0.062     7.4414     68.569    120.505  88.408475     1.4478      6.992   282.1730 6.6119e+00     1.8199      8.541     12.389    11.6763 0.0000e+00
      8.722      0.066     7.4374     68.519    120.529  88.404465     1.4240      6.989   282.0451 6.5009e+00     1.8503      8.550     12.400    11.6769 0.0000e+00
      8.742      0.068     7.4335     68.466    120.568  88.405726     1.4239      6.986   281.9326 6.2989e+00     1.8807      8.570     12.430    11.6802 0.0000e+00
      8.770      0.067     7.4296     68.417    120.618  88.423701     1.4286      6.983   282.1030 6.0902e+00     1.9741      8.601     12.475    11.6842 0.0000e+00
      8.795      0.062     7.4248     68.372    120.627  88.430703     1.4346      6.981   282.3838 5.9594e+00     2.1241      8.627     12.514    11.6822 0.0000e+00
      8.812      0.055     7.4235     68.371    120.602  88.426696     1.4413      6.980   282.5743 5.9092e+00     2.2296      8.645     12.539    11.6716 0.0000e+00
      8.820      0.049     7.4259     68.398    120.608  88.438964     1.4461      6.979   282.7721 5.9131e+00     2.2428      8.652     12.549    11.6586 0.0000e+00
      8.822      0.045     7.4293     68.422    120.640  88.451654     1.4281      6.978   282.8829 5.9072e+00     2.1925      8.650     12.546    11.6479 0.0000e+00
      8.826      0.046     7.4328     68.436    120.678  88.452739     1.3885      6.977   282.8813 5.8425e+00     2.1098      8.652     12.549    11.6486 0.0000e+00
      8.838      0.053     7.4335     68.419    120.725  88.452045     1.3626      6.975   283.0105 5.7451e+00     2.0663      8.665     12.568    11.6598 0.0000e+00
      8.858      0.065     7.4315     68.380    120.760  88.443220     1.3543      6.971   283.2402 5.6342e+00     2.0634      8.686     12.598    11.6643 0.0000e+00
      8.878      0.079     7.4289     68.341    120.746  88.409692     1.3698      6.968   283.4216 5.5202e+00     2.0752      8.707     12.628    11.6581 0.0000e+00
      8.898      0.091     7.4254     68.296    120.711  88.365097     1.4132      6.966   283.5700 5.4043e+00     2.1174      8.725     12.654    11.6474 0.0000e+00
      8.921      0.099     7.4226     68.255    120.721  88.349832     1.4381      6.963   283.6578 5.2806e+00     2.1468      8.747     12.686    11.6304 0.0000e+00
      8.948      0.102     7.4228     68.238    120.765  88.352472     1.4311      6.961   283.7091 5.1442e+00     2.1243      8.773     12.725    11.6146 0.0000e+00
      8.980      0.098     7.4236     68.228    120.775  88.333301     1.4205      6.959   283.7599 4.9837e+00     2.0900      8.805     12.771    11.6060 0.0000e+00
      9.013      0.090     7.4251     68.233    120.762  88.309069     1.4200      6.958   283.7544 4.8375e+00     2.0989      8.841     12.823    11.6003 0.0000e+00
      9.039      0.080     7.4304     68.278    120.776  88.314231     1.4260      6.958   283.8149 4.7513e+00     2.1097      8.869     12.862    11.5912 0.0000e+00
      9.054      0.071     7.4349     68.319    120.802  88.332018     1.4289      6.958   284.0618 4.7246e+00     2.0981      8.882     12.881    11.5768 0.0000e+00
      9.061      0.066     7.4350     68.315    120.813  88.333063     1.4455      6.957   284.2443 4.7086e+00     2.1106      8.885     12.887    11.5646 0.0000e+00
      9.069      0.069     7.4338     68.292    120.831  88.326848     1.4795      6.954   284.2144 4.6591e+00     2.1091      8.891     12.897    11.5590 0.0000e+00
      9.084      0.076     7.4321     68.258    120.859  88.320540     1.4998      6.950   284.2164 4.5698e+00     2.0800      8.905     12.916    11.5577 0.0000e+00
      9.106      0.084     7.4267     68.193    120.893  88.320458     1.4970      6.948   284.2688 4.4330e+00     2.0941      8.927     12.947    11.5586 0.0000e+00
      9.137      0.088     7.4181     68.102    120.925  88.325825     1.4551      6.947   284.2463 4.2753e+00     2.2186      8.960     12.994    11.5576 0.0000e+00
      9.170      0.086     7.4085     68.010    120.928  88.321715     1.3890      6.946   284.2023 4.1543e+00     2.3956      8.996     13.048    11.5481 0.0000e+00
      9.195      0.077     7.3986     67.925    120.932  88.334450     1.3590      6.944   284.1664 4.0868e+00     2.4632      9.021     13.084    11.5352 0.0000e+00
      9.210      0.065     7.3913     67.864    120.944  88.352445     1.3598      6.943   284.1564 4.0429e+00     2.4266      9.034     13.102    11.5250 0.0000e+00
      9.220      0.052     7.3869     67.818    120.951  88.348221     1.3610      6.943   284.0814 4.0112e+00     2.4102      9.043     13.115    11.5167 0.0000e+00
      9.228      0.042     7.3824     67.764    120.974  88.347065     1.3650      6.944   284.0340 3.9943e+00     2.4484      9.049     13.125    11.5119 0.0000e+00
      9.235      0.038     7.3795     67.728    120.983  88.338448     1.3712      6.944   284.1855 3.9636e+00     2.4917      9.056     13.134    11.5195 0.0000e+00
      9.243      0.039     7.3797     67.723    120.957  88.307708     1.3716      6.943   284.3642 3.9067e+00     2.4753      9.065     13.147    11.5276 0.0000e+00
      9.253      0.044     7.3800     67.721    120.948  88.293814     1.3698      6.943   284.5599 3.8498e+00     2.4339      9.074     13.160    11.5204 0.0000e+00
      9.264      0.053     7.3809     67.722    120.968  88.297831     1.3676      6.942   284.8312 3.8022e+00     2.4187      9.085     13.176    11.5113 0.0000e+00
      9.278      0.064     7.3823     67.725    120.983  88.292580     1.3636      6.939   285.0635 3.7409e+00     2.4131      9.097     13.195    11.5052 0.0000e+00
      9.293      0.075     7.3832     67.722    121.009  88.293987     1.3671      6.936   285.2173 3.6504e+00     2.4268      9.112     13.216    11.5000 0.0000e+00
      9.313      0.088     7.3844     67.722    121.062  88.314823     1.3736      6.932   285.3140 3.5367e+00     2.4321      9.130     13.243    11.4983 0.0000e+00
      9.339      0.099     7.3846     67.712    121.140  88.353413     1.3595      6.930   285.3725 3.4192e+00     2.4162      9.157     13.281    11.4947 0.0000e+00
      9.368      0.106     7.3826     67.682    121.200  88.378412     1.3246      6.929   285.4095 3.3116e+00     2.4177      9.186     13.324    11.4870 0.0000e+00
      9.399      0.106     7.3791     67.638    121.201  88.362307     1.3011      6.927   285.5021 3.2015e+00     2.4201      9.216     13.366    11.4794 0.0000e+00
      9.431      0.100     7.3796     67.636    121.201  88.349732     1.2957      6.925   285.6322 3.0844e+00     2.4150      9.249     13.414    11.4723 0.0000e+00
      9.461      0.089     7.3850     67.681    121.214  88.353732     1.2773      6.923   285.6914 2.9945e+00     2.3857      9.280     13.460    11.4646 0.0000e+00
      9.484      0.076     7.3899     67.723    121.209  88.346984     1.2451      6.922   285.7027 2.9543e+00     2.3102      9.304     13.494    11.4568 0.0000e+00
      9.497      0.065     7.3966     67.782    121.194  88.331824     1.2278      6.922   285.7685 2.9309e+00     2.2655      9.315     13.511    11.4491 0.0000e+00
      9.504      0.056     7.4070     67.872    121.159  88.297810     1.2239      6.922   285.7984 2.8966e+00     2.2718      9.319     13.517    11.4436 0.0000e+00
      9.513      0.050     7.4206     67.989    121.114  88.254162     1.2260      6.922   285.7194 2.8527e+00     2.2647      9.327     13.528    11.4419 0.0000e+00
      9.528      0.048     7.4348     68.114    121.121  88.249902     1.2258      6.922   285.7608 2.7969e+00     2.2399      9.342     13.550    11.4414 0.0000e+00
      9.543      0.051     7.4449     68.202    121.125  88.246292     1.2213      6.921   285.9548 2.7415e+00     2.2169      9.359     13.575    11.4402 0.0000e+00
      9.557      0.057     7.4510     68.255    121.083  88.210505     1.2267      6.919   286.0854 2.7031e+00     2.1999      9.374     13.596    11.4367 0.0000e+00
      9.568      0.065     7.4529     68.267    121.078  88.199332     1.2175      6.917   286.1361 2.6755e+00     2.1865      9.383     13.608    11.4312 0.0000e+00
      9.580      0.071     7.4488     68.224    121.058  88.174878     1.1833      6.915   286.1379 2.6244e+00     2.2075      9.392     13.620    11.4268 0.0000e+00
      9.600      0.075     7.4403     68.137    120.982  88.105892     1.1626      6.913   286.1066 2.5388e+00     2.2407      9.411     13.649    11.4248 0.0000e+00
      9.626      0.077     7.4272     68.007    120.948  88.065802     1.1610      6.913   286.1877 2.4420e+00     2.2216      9.440     13.692    11.4236 0.0000e+00
      9.653      0.076     7.4087     67.830    120.973  88.072276     1.1452      6.912   286.3444 2.3490e+00     2.2506      9.469     13.733    11.4200 0.0000e+00
      9.674      0.073     7.3855     67.616    120.955  88.056770     1.1185      6.911   286.4524 2.2881e+00     2.3481      9.490     13.764    11.4160 0.0000e+00
      9.689      0.068     7.3566     67.351    120.886  88.005693     1.1050      6.909   286.4612 2.2697e+00     2.3926      9.504     13.784    11.4109 0.0000e+00
      9.700      0.064     7.3226     67.032    120.846  87.964223     1.1007      6.907   286.3642 2.2488e+00     2.4225      9.511     13.795    11.4032 0.0000e+00
      9.712      0.060     7.2873     66.694    120.840  87.937488     1.1037      6.907   286.3990 2.2008e+00     2.4359      9.521     13.810    11.3972 0.0000e+00
      9.728      0.059     7.2501     66.341    120.868  87.937166     1.1135      6.906   286.7100 2.1396e+00     2.4623      9.538     13.834    11.3973 0.0000e+00
      9.748      0.059     7.2113     65.978    120.917  87.960307     1.1180      6.905   287.0268 2.0685e+00     2.5592      9.560     13.865    11.4005 0.0000e+00
      9.766      0.061     7.1742     65.637    120.924  87.962508     1.1121      6.905   287.1308 2.0106e+00     2.5997      9.580     13.895    11.3943 0.0000e+00
      9.780      0.066     7.1342     65.270    120.927  87.963780     1.1063      6.904   287.1080 1.9841e+00     2.5865      9.593     13.913    11.3823 0.0000e+00
      9.790      0.071     7.0926     64.887    120.949  87.975675     1.0948      6.902   287.0098 1.9586e+00     2.5515      9.598     13.920    11.3730 0.0000e+00
      9.804      0.076     7.0597     64.580    120.965  87.978951     1.0643      6.901   286.8893 1.9060e+00     2.5119      9.610     13.938    11.3679 0.0000e+00
      9.828      0.081     7.0352     64.348    121.017  88.003386     1.0403      6.900   286.8555 1.8399e+00     2.5049      9.637     13.977    11.3682 0.0000e+00
      9.857      0.084     7.0172     64.172    121.062  88.016345     1.0440      6.899   286.8591 1.7799e+00     2.4671      9.667     14.021    11.3688 0.0000e+00
      9.882      0.084     7.0075     64.071    121.078  88.008232     1.0537      6.899   286.8471 1.7254e+00     2.2993      9.692     14.057    11.3668 0.0000e+00
      9.904      0.079     7.0039     64.030    121.131  88.032646     1.0475      6.898   286.8824 1.6828e+00     2.0328      9.714     14.088    11.3635 0.0000e+00
      9.922      0.070     7.0062     64.046    121.175  88.056765     1.0331      6.897   286.9413 1.6558e+00     1.8999      9.732     14.115    11.3586 0.0000e+00
      9.937      0.061     7.0195     64.164    121.166  88.045082     1.0266      6.895   287.0431 1.6344e+00     1.8824      9.746     14.136    11.3492 0.0000e+00
      9.950      0.055     7.0419     64.364    121.139  88.018765     1.0434      6.893   287.2534 1.6160e+00     1.8206      9.759     14.153    11.3396 0.0000e+00
      9.962      0.054     7.0669     64.589    121.113  87.993310     1.0792      6.893   287.4190 1.6043e+00     1.7636      9.770     14.170    11.3341 0.0000e+00
      9.974      0.058     7.0949     64.843    121.116  87.992058     1.1019      6.893   287.5823 1.5962e+00     1.7423      9.782     14.187    11.3314 0.0000e+00
      9.986      0.065     7.1267     65.132    121.136  88.003618     1.1064      6.893   287.7662 1.5727e+00     1.6849      9.792     14.203    11.3306 0.0000e+00
     10.001      0.074     7.1547     65.386    121.143  88.005705     1.0781      6.892   287.8345 1.5182e+00     1.6186      9.805     14.221    11.3267 0.0000e+00
     10.022      0.080     7.1741     65.560    121.165  88.017285     1.0174      6.892   287.8918 1.4458e+00     1.6131      9.827     14.252    11.3231 0.0000e+00
     10.049      0.082     7.1882     65.684    121.176  88.016241     0.9785      6.892   287.9438 1.3834e+00     1.6481      9.854     14.293    11.3234 0.0000e+00
     10.075      0.080     7.1946     65.735    121.163  87.993074     0.9664      6.891   288.0318 1.3415e+00     1.6760      9.882     14.333    11.3215 0.0000e+00
     10.098      0.075     7.1911     65.696    121.175  87.991917     0.9814      6.890   288.1817 1.3239e+00     1.6760      9.905     14.367    11.3203 0.0000e+00
     10.116      0.069     7.1831     65.622    121.191  88.002232     1.0128      6.890   288.2942 1.3223e+00     1.6781      9.922     14.390    11.3199 0.0000e+00
     10.129      0.064     7.1761     65.561    121.167  87.990422     1.0240      6.890   288.4457 1.3039e+00     1.6708      9.934     14.407    11.3157 0.0000e+00
     10.139      0.065     7.1706     65.512    121.146  87.976505     1.0252      6.889   288.6358 1.2696e+00     1.6495      9.943     14.421    11.3087 0.0000e+00
     10.152      0.073     7.1672     65.477    121.136  87.961336     1.0091      6.888   288.7861 1.2440e+00     1.6336      9.953     14.436    11.3032 0.0000e+00
     10.169      0.087     7.1657     65.452    121.121  87.934393     0.9851      6.885   288.8861 1.2177e+00     1.6314      9.969     14.460    11.3033 0.0000e+00
     10.191      0.102     7.1634     65.417    121.115  87.905466     0.9840      6.881   288.8126 1.1788e+00     1.6530      9.992     14.492    11.3074 0.0000e+00
     10.221      0.113     7.1619     65.387    121.097  87.866307     0.9863      6.878   288.6721 1.1254e+00     1.6815     10.021     14.533    11.3089 0.0000e+00
     10.258      0.117     7.1609     65.364    121.094  87.843025     0.9843      6.876   288.8223 1.0616e+00     1.6703     10.059     14.589    11.3055 0.0000e+00
     10.298      0.112     7.1556     65.308    121.159  87.878703     0.9974      6.876   289.0800 1.0130e+00     1.6091     10.102     14.651    11.2991 0.0000e+00
     10.332      0.102     7.1477     65.236    121.207  87.915538     1.0156      6.877   289.1206 9.8767e-01     1.5823     10.136     14.701    11.2879 0.0000e+00
