Data/DataNotYetUploadedToEDI/Raw_CTD/RawDownloads/072518_ccr50.cnv
* Sea-Bird SBE19plus  Data File:
* FileName = C:\DATA\072518_ccr50_0001.hex
* Software version 2.6.3.104 SB_Terminal.dll
* Temperature SN = 7809
* Conductivity SN = 7809
* System UpLoad Time = Jul 25 2018 14:13:00
* <ApplicationData>
* <Seaterm232>
# nquan = 15
# nvalues = 1384                        
# units = specified
# name 0 = depFM: Depth [fresh water, m]
# name 1 = dz/dtM: Descent Rate [m/s]
# name 2 = sbeox0Mg/L: Oxygen, SBE 43 [mg/l]
# name 3 = sbeox0PS: Oxygen, SBE 43 [% saturation]
# name 4 = specc: Specific Conductance [uS/cm]
# name 5 = c0uS/cm: Conductivity [uS/cm]
# name 6 = flECO-AFL: Fluorescence, WET Labs ECO-AFL/FL [mg/m^3]
# name 7 = ph: pH
# name 8 = orp: Oxidation Reduction Potential [mV]
# name 9 = par/sat/log: PAR/Logarithmic, Satlantic
# name 10 = turbWETntu0: Turbidity, WET Labs ECO [NTU]
# name 11 = prdM: Pressure, Strain Gauge [db]
# name 12 = prdE: Pressure, Strain Gauge [psi]
# name 13 = tv290C: Temperature [ITS-90, deg C]
# name 14 = flag:  0.000e+00
# span 0 =     -0.399,     20.705       
# span 1 =     -0.098,      0.235       
# span 2 =     1.3385,    11.1683       
# span 3 =     12.001,    133.980       
# span 4 =      1.909,    136.712       
# span 5 =   2.151419,  97.063846       
# span 6 =    -0.1778,     4.4069       
# span 7 =      5.982,      7.925       
# span 8 = -1240.7455,   416.2234       
# span 9 = 1.2531e-01, 8.2480e+02       
# span 10 =    -0.3061,     9.7847      
# span 11 =     -0.392,     20.305      
# span 12 =     -0.568,     29.450      
# span 13 =    10.4927,    31.3580      
# span 14 = 0.0000e+00, 0.0000e+00      
# interval = seconds: 0.25
# start_time = Jul 25 2018 15:25:07 [Instrument's time stamp, header]
# bad_flag = -9.990e-29
*END*
[from data line 386]
      1.015      0.064     8.1955    102.592     83.653  86.751931     0.9736      7.917   228.2822 3.1147e+02     0.1528      1.000      1.449    26.8318 0.0000e+00
      1.008      0.051     8.1940    102.579     83.647  86.750676     0.9845      7.917   228.3285 3.1127e+02     0.1491      0.983      1.426    26.8315 0.0000e+00
      1.010      0.058     8.1850    102.468     83.623  86.726353     1.0124      7.916   228.4151 3.0805e+02     0.1519      0.983      1.426    26.8345 0.0000e+00
      1.030      0.077     8.1742    102.330     83.613  86.712564     1.0351      7.916   228.4689 3.0140e+02     0.1559      1.005      1.457    26.8401 0.0000e+00
      1.063      0.097     8.1669    102.233     83.616  86.711310     1.0387      7.917   228.5488 2.9438e+02     0.1679      1.041      1.510    26.8469 0.0000e+00
      1.099      0.114     8.1643    102.194     83.622  86.711188     1.0382      7.918   228.6066 2.8878e+02     0.1747      1.080      1.566    26.8502 0.0000e+00
      1.132      0.123     8.1652    102.198     83.628  86.711074     1.0552      7.920   228.7379 2.8227e+02     0.1764      1.111      1.611    26.8499 0.0000e+00
      1.163      0.124     8.1682    102.228     83.633  86.709925     1.0793      7.922   228.8454 2.7628e+02     0.1884      1.141      1.654    26.8477 0.0000e+00
      1.192      0.120     8.1719    102.267     83.628  86.697275     1.0901      7.924   228.7875 2.7118e+02     0.1679      1.169      1.696    26.8451 0.0000e+00
      1.222      0.116     8.1742    102.287     83.623  86.685479     1.0940      7.925   228.9845 2.6528e+02     0.1426      1.198      1.737    26.8415 0.0000e+00
      1.253      0.114     8.1721    102.251     83.641  86.694659     1.1082      7.923   229.4211 2.6049e+02     0.1570      1.229      1.783    26.8373 0.0000e+00
      1.282      0.116     8.1640    102.139     83.637  86.680881     1.1337      7.918   229.6780 2.5654e+02     0.1586      1.259      1.826    26.8334 0.0000e+00
      1.308      0.119     8.1508    101.965     83.612  86.646232     1.1543      7.914   229.7672 2.5183e+02     0.1626      1.282      1.859    26.8286 0.0000e+00
      1.335      0.123     8.1377    101.793     83.630  86.657801     1.1640      7.911   229.8119 2.4716e+02     0.1737      1.305      1.894    26.8250 0.0000e+00
      1.368      0.126     8.1305    101.697     83.670  86.693380     1.1588      7.910   229.8739 2.4257e+02     0.1709      1.340      1.943    26.8198 0.0000e+00
      1.404      0.128     8.1311    101.699     83.675  86.694311     1.1562      7.910   230.0010 2.3800e+02     0.2200      1.377      1.998    26.8131 0.0000e+00
      1.440      0.130     8.1401    101.807     83.655  86.669048     1.1696      7.909   230.1444 2.3374e+02     0.3105      1.412      2.049    26.8079 0.0000e+00
      1.475      0.131     8.1556    101.996     83.633  86.642647     1.1733      7.906   230.2314 2.2966e+02     0.3495      1.450      2.101    26.8038 0.0000e+00
      1.505      0.128     8.1718    102.195     83.625  86.629816     1.1643      7.906   230.2777 2.2591e+02     0.3559      1.478      2.144    26.8008 0.0000e+00
      1.534      0.122     8.1828    102.328     83.640  86.641272     1.1612      7.909   230.2744 2.2188e+02     0.3271      1.501      2.178    26.7977 0.0000e+00
      1.568      0.116     8.1843    102.343     83.655  86.653789     1.1638      7.909   230.2775 2.1733e+02     0.2449      1.536      2.229    26.7950 0.0000e+00
      1.603      0.110     8.1788    102.271     83.658  86.653788     1.1686      7.906   230.3158 2.1398e+02     0.1864      1.577      2.288    26.7931 0.0000e+00
      1.630      0.102     8.1708    102.168     83.648  86.641252     1.1824      7.904   230.3071 2.1193e+02     0.1693      1.600      2.321    26.7907 0.0000e+00
      1.651      0.093     8.1588    102.018     83.638  86.629579     1.2015      7.904   230.4297 2.0963e+02     0.1598      1.617      2.345    26.7880 0.0000e+00
      1.674      0.088     8.1478    101.878     83.649  86.640011     1.2157      7.904   230.7658 2.0744e+02     0.1328      1.642      2.382    26.7861 0.0000e+00
      1.695      0.090     8.1443    101.832     83.650  86.640011     1.2247      7.904   231.1015 2.0642e+02     0.1168      1.665      2.415    26.7846 0.0000e+00
      1.710      0.100     8.1456    101.844     83.643  86.629573     1.2282      7.902   231.2197 2.0564e+02     0.1502      1.676      2.431    26.7829 0.0000e+00
      1.729      0.111     8.1497    101.893     83.657  86.641161     1.2311      7.901   231.0752 2.0332e+02     0.1704      1.689      2.450    26.7821 0.0000e+00
      1.761      0.118     8.1582    101.996     83.672  86.652758     1.2408      7.902   230.8177 1.9971e+02     0.1467      1.723      2.499    26.7818 0.0000e+00
      1.803      0.118     8.1686    102.123     83.665  86.642415     1.2444      7.905   230.6016 1.9595e+02     0.1389      1.767      2.563    26.7808 0.0000e+00
      1.846      0.108     8.1783    102.242     83.668  86.643468     1.2380      7.909   230.5269 1.9271e+02     0.1671      1.813      2.629    26.7787 0.0000e+00
      1.881      0.088     8.1865    102.345     83.689  86.665486     1.2466      7.914   230.5168 1.9083e+02     0.1830      1.852      2.685    26.7768 0.0000e+00
      1.901      0.062     8.1912    102.405     83.677  86.653909     1.2747      7.917   230.4797 1.9018e+02     0.1784      1.871      2.712    26.7748 0.0000e+00
      1.906      0.040     8.1879    102.365     83.652  86.630848     1.2931      7.918   230.5946 1.9025e+02     0.1729      1.871      2.714    26.7729 0.0000e+00
      1.901      0.027     8.1774    102.236     83.660  86.641391     1.3032      7.916   230.7874 1.9077e+02     0.1770      1.865      2.705    26.7719 0.0000e+00
      1.896      0.025     8.1653    102.089     83.670  86.654021     1.3143      7.911   230.7461 1.9112e+02     0.1975      1.857      2.694    26.7720 0.0000e+00
      1.896      0.027     8.1558    101.971     83.671  86.656194     1.3073      7.911   230.6116 1.9057e+02     0.2070      1.854      2.689    26.7728 0.0000e+00
      1.909      0.032     8.1515    101.917     83.681  86.667666     1.2928      7.914   230.5379 1.8898e+02     0.2007      1.866      2.706    26.7736 0.0000e+00
      1.934      0.035     8.1508    101.911     83.677  86.665371     1.2858      7.917   230.4569 1.8786e+02     0.1829      1.899      2.755    26.7755 0.0000e+00
      1.952      0.037     8.1522    101.931     83.640  86.628444     1.2868      7.918   230.4927 1.8861e+02     0.1436      1.922      2.787    26.7775 0.0000e+00
      1.953      0.040     8.1562    101.981     83.615  86.603276     1.2959      7.917   230.6266 1.8925e+02     0.1221      1.915      2.777    26.7774 0.0000e+00
      1.951      0.042     8.1606    102.033     83.630  86.615795     1.3038      7.912   230.6125 1.8858e+02     0.1668      1.911      2.771    26.7776 0.0000e+00
      1.955      0.043     8.1650    102.083     83.669  86.652437     1.3095      7.908   230.4081 1.8753e+02     0.1955      1.915      2.777    26.7790 0.0000e+00
      1.969      0.043     8.1702    102.145     83.683  86.664215     1.3090      7.908   230.2209 1.8598e+02     0.1649      1.925      2.792    26.7805 0.0000e+00
      1.992      0.040     8.1717    102.163     83.652  86.630836     1.2980      7.911   230.1555 1.8439e+02     0.1321      1.955      2.835    26.7811 0.0000e+00
      2.015      0.028     8.1668    102.102     83.651  86.630950     1.2869      7.916   230.1340 1.8321e+02     0.1046      1.980      2.872    26.7791 0.0000e+00
      2.026      0.010     8.1609    102.035     83.680  86.665600     1.2842      7.919   230.3056 1.8239e+02     0.1062      1.991      2.889    26.7763 0.0000e+00
      2.022     -0.006     8.1595    102.026     83.675  86.667697     1.2927      7.918   230.6806 1.8253e+02     0.1512      1.989      2.884    26.7748 0.0000e+00
      2.006     -0.013     8.1624    102.071     83.656  86.656308     1.2891      7.915   230.8830 1.8366e+02     0.1913      1.970      2.857    26.7735 0.0000e+00
      1.985     -0.010     8.1661    102.118     83.652  86.655273     1.2596      7.913   230.8592 1.8467e+02     0.1958      1.944      2.820    26.7739 0.0000e+00
      1.973      0.001     8.1676    102.135     83.654  86.655189     1.2394      7.913   230.8233 1.8454e+02     0.1752      1.926      2.793    26.7769 0.0000e+00
      1.981      0.016     8.1691    102.153     83.656  86.655285     1.2372      7.915   230.7082 1.8364e+02     0.1547      1.936      2.808    26.7822 0.0000e+00
      2.003      0.029     8.1708    102.174     83.658  86.656432     1.2331      7.917   230.4994 1.8288e+02     0.1622      1.966      2.852    26.7886 0.0000e+00
      2.024      0.039     8.1710    102.176     83.670  86.669062     1.2275      7.918   230.5351 1.8265e+02     0.1742      1.989      2.885    26.7896 0.0000e+00
      2.034      0.046     8.1716    102.182     83.682  86.680632     1.2241      7.918   230.7963 1.8264e+02     0.1477      1.997      2.897    26.7868 0.0000e+00
      2.036      0.049     8.1731    102.200     83.672  86.668950     1.2284      7.914   230.9041 1.8241e+02     0.1153      1.997      2.896    26.7860 0.0000e+00
      2.039      0.050     8.1740    102.207     83.662  86.655171     1.2428      7.911   230.8920 1.8146e+02     0.1180      1.996      2.894    26.7857 0.0000e+00
      2.050      0.055     8.1764    102.230     83.653  86.641393     1.2512      7.911   230.9081 1.7971e+02     0.1192      2.005      2.908    26.7856 0.0000e+00
      2.074      0.062     8.1815    102.289     83.647  86.629711     1.2383      7.912   230.9264 1.7822e+02     0.1001      2.035      2.950    26.7860 0.0000e+00
      2.098      0.071     8.1855    102.334     83.663  86.641281     1.2239      7.914   231.0272 1.7738e+02     0.1001      2.061      2.989    26.7850 0.0000e+00
      2.116      0.078     8.1864    102.340     83.679  86.653911     1.2252      7.916   231.2664 1.7658e+02     0.1804      2.075      3.010    26.7822 0.0000e+00
      2.131      0.083     8.1862    102.334     83.684  86.655050     1.2263      7.916   231.5813 1.7562e+02     0.3075      2.090      3.030    26.7794 0.0000e+00
      2.149      0.088     8.1852    102.318     83.687  86.655050     1.2274      7.915   231.8242 1.7445e+02     0.3855      2.105      3.053    26.7761 0.0000e+00
      2.171      0.095     8.1843    102.303     83.690  86.653902     1.2299      7.912   231.7945 1.7311e+02     0.3913      2.126      3.083    26.7733 0.0000e+00
      2.199      0.103     8.1822    102.271     83.683  86.641158     1.2377      7.909   231.7377 1.7172e+02     0.3163      2.156      3.126    26.7709 0.0000e+00
      2.229      0.109     8.1775    102.206     83.676  86.628318     1.2664      7.909   231.9116 1.7008e+02     0.2118      2.185      3.170    26.7687 0.0000e+00
      2.261      0.111     8.1732    102.147     83.678  86.626004     1.2926      7.909   232.0898 1.6842e+02     0.1351      2.217      3.216    26.7672 0.0000e+00
      2.291      0.109     8.1721    102.131     83.668  86.613173     1.2972      7.909   232.1726 1.6701e+02     0.0901      2.248      3.262    26.7645 0.0000e+00
      2.318      0.106     8.1746    102.159     83.658  86.600542     1.3128      7.908   232.2243 1.6558e+02     0.1570      2.274      3.299    26.7605 0.0000e+00
      2.343      0.103     8.1770    102.185     83.662  86.600637     1.3521      7.907   232.2844 1.6411e+02     0.3026      2.298      3.333    26.7575 0.0000e+00
      2.367      0.102     8.1769    102.179     83.679  86.614313     1.3775      7.907   232.3824 1.6280e+02     0.3860      2.321      3.366    26.7552 0.0000e+00
      2.392      0.103     8.1758    102.160     83.708  86.638525     1.3720      7.907   232.4632 1.6148e+02     0.4016      2.344      3.400    26.7533 0.0000e+00
      2.418      0.105     8.1751    102.146     83.713  86.638648     1.3589      7.907   232.4867 1.6003e+02     0.3694      2.371      3.439    26.7524 0.0000e+00
      2.445      0.106     8.1732    102.117     83.695  86.615798     1.3564      7.906   232.4947 1.5854e+02     0.2717      2.398      3.478    26.7502 0.0000e+00
      2.473      0.105     8.1674    102.040     83.699  86.616957     1.3607      7.905   232.4744 1.5685e+02     0.1664      2.426      3.518    26.7476 0.0000e+00
      2.502      0.098     8.1586    101.926     83.736  86.652662     1.3552      7.903   232.4136 1.5499e+02     0.1341      2.454      3.559    26.7448 0.0000e+00
      2.532      0.087     8.1518    101.840     83.750  86.665400     1.3543      7.902   232.3614 1.5338e+02     0.1251      2.483      3.601    26.7409 0.0000e+00
      2.557      0.072     8.1505    101.824     83.729  86.643609     1.3691      7.904   232.3594 1.5233e+02     0.1189      2.511      3.641    26.7382 0.0000e+00
      2.574      0.061     8.1530    101.856     83.729  86.643922     1.3779      7.906   232.7334 1.5182e+02     0.1504      2.528      3.667    26.7363 0.0000e+00
      2.582      0.060     8.1564    101.898     83.753  86.669186     1.3784      7.904   233.5284 1.5171e+02     0.1702      2.535      3.676    26.7346 0.0000e+00
      2.583      0.073     8.1593    101.933     83.779  86.694337     1.3745      7.899   233.9702 1.5163e+02     0.1447      2.532      3.673    26.7335 0.0000e+00
      2.588      0.097     8.1629    101.976     83.780  86.693284     1.3670      7.896   233.8592 1.5078e+02     0.1167      2.532      3.672    26.7337 0.0000e+00
      2.611      0.123     8.1683    102.041     83.746  86.656454     1.3614      7.896   233.5632 1.4868e+02     0.1060      2.551      3.700    26.7348 0.0000e+00
      2.656      0.143     8.1727    102.094     83.724  86.631107     1.3620      7.899   233.2300 1.4553e+02     0.1072      2.597      3.768    26.7347 0.0000e+00
      2.717      0.149     8.1742    102.111     83.735  86.641538     1.3660      7.902   233.0137 1.4228e+02     0.1314      2.665      3.866    26.7336 0.0000e+00
      2.776      0.141     8.1725    102.090     83.748  86.655203     1.3632      7.905   232.9275 1.4004e+02     0.1542      2.732      3.961    26.7321 0.0000e+00
      2.815      0.121     8.1682    102.037     83.761  86.668972     1.3553      7.907   232.9619 1.3899e+02     0.1394      2.769      4.017    26.7308 0.0000e+00
      2.832      0.099     8.1654    102.003     83.771  86.680655     1.3529      7.907   233.1707 1.3870e+02     0.1051      2.781      4.034    26.7298 0.0000e+00
      2.837      0.085     8.1667    102.018     83.760  86.669086     1.3524      7.903   233.3878 1.3868e+02     0.1056      2.782      4.035    26.7287 0.0000e+00
      2.842      0.084     8.1692    102.048     83.750  86.656456     1.3494      7.898   233.4357 1.3820e+02     0.1449      2.782      4.035    26.7289 0.0000e+00
      2.858      0.092     8.1695    102.051     83.750  86.655308     1.3542      7.895   233.4061 1.3687e+02     0.1830      2.796      4.054    26.7300 0.0000e+00
      2.891      0.100     8.1681    102.032     83.751  86.655204     1.3652      7.895   233.3732 1.3489e+02     0.2006      2.831      4.105    26.7305 0.0000e+00
      2.934      0.101     8.1668    102.016     83.752  86.655195     1.3711      7.896   233.2102 1.3294e+02     0.2053      2.879      4.176    26.7300 0.0000e+00
      2.973      0.094     8.1662    102.008     83.752  86.655195     1.3882      7.899   232.9838 1.3166e+02     0.2402      2.922      4.238    26.7286 0.0000e+00
      2.998      0.081     8.1662    102.008     83.751  86.655204     1.4167      7.902   232.9591 1.3117e+02     0.3162      2.946      4.273    26.7280 0.0000e+00
