Data/DataNotYetUploadedToEDI/Raw_CTD/RawDownloads/072518_ccr50.cnv
* Sea-Bird SBE19plus  Data File:
* FileName = C:\DATA\072518_ccr50_0001.hex
* Software version 2.6.3.104 SB_Terminal.dll
* Temperature SN = 7809
* Conductivity SN = 7809
* System UpLoad Time = Jul 25 2018 14:13:00
* <ApplicationData>
* <Seaterm232>
# nquan = 15
# nvalues = 1384                        
# units = specified
# name 0 = depFM: Depth [fresh water, m]
# name 1 = dz/dtM: Descent Rate [m/s]
# name 2 = sbeox0Mg/L: Oxygen, SBE 43 [mg/l]
# name 3 = sbeox0PS: Oxygen, SBE 43 [% saturation]
# name 4 = specc: Specific Conductance [uS/cm]
# name 5 = c0uS/cm: Conductivity [uS/cm]
# name 6 = flECO-AFL: Fluorescence, WET Labs ECO-AFL/FL [mg/m^3]
# name 7 = ph: pH
# name 8 = orp: Oxidation Reduction Potential [mV]
# name 9 = par/sat/log: PAR/Logarithmic, Satlantic
# name 10 = turbWETntu0: Turbidity, WET Labs ECO [NTU]
# name 11 = prdM: Pressure, Strain Gauge [db]
# name 12 = prdE: Pressure, Strain Gauge [psi]
# name 13 = tv290C: Temperature [ITS-90, deg C]
# name 14 = flag:  0.000e+00
# span 0 =     -0.399,     20.705       
# span 1 =     -0.098,      0.235       
# span 2 =     1.3385,    11.1683       
# span 3 =     12.001,    133.980       
# span 4 =      1.909,    136.712       
# span 5 =   2.151419,  97.063846       
# span 6 =    -0.1778,     4.4069       
# span 7 =      5.982,      7.925       
# span 8 = -1240.7455,   416.2234       
# span 9 = 1.2531e-01, 8.2480e+02       
# span 10 =    -0.3061,     9.7847      
# span 11 =     -0.392,     20.305      
# span 12 =     -0.568,     29.450      
# span 13 =    10.4927,    31.3580      
# span 14 = 0.0000e+00, 0.0000e+00      
# interval = seconds: 0.25
# start_time = Jul 25 2018 15:25:07 [Instrument's time stamp, header]
# bad_flag = -9.990e-29
*END*
[from data line 1254]
     17.922      0.062     6.3029     56.966    122.304  87.673404     0.5402      6.763   303.0751 1.2542e-01     0.9726     17.565     25.475    10.8390 0.0000e+00
     17.945      0.073     6.2677     56.641    122.331  87.681314     0.5822      6.762   302.9904 1.2541e-01     1.0003     17.590     25.513    10.8424 0.0000e+00
     17.985      0.085     6.2254     56.256    122.333  87.677530     0.6138      6.762   302.9277 1.2544e-01     1.0526     17.639     25.584    10.8469 0.0000e+00
     18.023      0.095     6.1738     55.789    122.352  87.691342     0.6198      6.762   303.0050 1.2544e-01     1.0546     17.681     25.644    10.8466 0.0000e+00
     18.048      0.100     6.1073     55.190    122.392  87.720929     0.6177      6.762   303.1502 1.2541e-01     1.0247     17.703     25.677    10.8395 0.0000e+00
     18.061      0.101     6.0232     54.429    122.390  87.716820     0.6071      6.762   303.1346 1.2537e-01     0.9970     17.713     25.691    10.8342 0.0000e+00
     18.072      0.098     5.9235     53.525    122.382  87.705345     0.5927      6.761   303.1602 1.2535e-01     0.9638     17.717     25.697    10.8321 0.0000e+00
     18.097      0.093     5.8144     52.536    122.393  87.709562     0.5815      6.760   303.3739 1.2540e-01     0.9583     17.739     25.729    10.8328 0.0000e+00
     18.137      0.083     5.7064     51.560    122.387  87.704109     0.5634      6.759   303.4817 1.2546e-01     0.9925     17.787     25.798    10.8343 0.0000e+00
     18.175      0.073     5.6056     50.652    122.380  87.703104     0.5387      6.758   303.4307 1.2546e-01     1.0416     17.832     25.863    10.8326 0.0000e+00
     18.194      0.066     5.5144     49.832    122.358  87.697418     0.5316      6.756   303.4460 1.2545e-01     1.0936     17.851     25.890    10.8299 0.0000e+00
     18.194      0.065     5.4356     49.124    122.349  87.699054     0.5421      6.756   303.4940 1.2543e-01     1.1028     17.846     25.883    10.8281 0.0000e+00
     18.187      0.070     5.3766     48.589    122.389  87.722894     0.5543      6.756   303.4093 1.2542e-01     1.1214     17.831     25.862    10.8275 0.0000e+00
     18.193      0.079     5.3426     48.276    122.416  87.730896     0.5690      6.756   303.3688 1.2542e-01     1.1971     17.831     25.861    10.8284 0.0000e+00
     18.225      0.087     5.3300     48.158    122.431  87.732102     0.5820      6.756   303.4338 1.2542e-01     1.2244     17.866     25.912    10.8339 0.0000e+00
     18.275      0.092     5.3307     48.163    122.442  87.737469     0.5828      6.756   303.4214 1.2542e-01     1.2077     17.926     25.999    10.8396 0.0000e+00
     18.317      0.092     5.3372     48.224    122.429  87.732096     0.5518      6.755   303.3912 1.2546e-01     1.2390     17.973     26.067    10.8364 0.0000e+00
     18.336      0.090     5.3458     48.304    122.419  87.730824     0.5013      6.755   303.4132 1.2546e-01     1.2674     17.988     26.090    10.8296 0.0000e+00
     18.337      0.088     5.3551     48.387    122.407  87.722092     0.4778      6.755   303.4284 1.2542e-01     1.2453     17.982     26.081    10.8255 0.0000e+00
     18.340      0.093     5.3627     48.452    122.377  87.690202     0.4781      6.755   303.4033 1.2543e-01     1.2164     17.977     26.075    10.8245 0.0000e+00
     18.359      0.105     5.3676     48.490    122.360  87.663676     0.4776      6.756   303.3683 1.2544e-01     1.1928     17.996     26.102    10.8267 0.0000e+00
     18.399      0.124     5.3675     48.482    122.367  87.656101     0.4898      6.756   303.3485 1.2539e-01     1.3262     18.040     26.165    10.8308 0.0000e+00
     18.447      0.142     5.3650     48.455    122.390  87.662290     0.5243      6.755   303.3366 1.2536e-01     1.6390     18.093     26.242    10.8312 0.0000e+00
     18.492      0.152     5.3689     48.487    122.419  87.674809     0.5459      6.755   303.3096 1.2536e-01     1.8311     18.139     26.308    10.8255 0.0000e+00
     18.530      0.150     5.3801     48.586    122.436  87.680077     0.5400      6.755   303.2804 1.2539e-01     1.8788     18.173     26.357    10.8190 0.0000e+00
     18.566      0.136     5.3971     48.736    122.420  87.662281     0.5352      6.755   303.2417 1.2547e-01     1.9106     18.205     26.405    10.8139 0.0000e+00
     18.602      0.116     5.4168     48.911    122.410  87.650701     0.5428      6.755   303.2719 1.2547e-01     1.9101     18.244     26.460    10.8101 0.0000e+00
     18.635      0.094     5.4338     49.065    122.435  87.667436     0.5488      6.755   303.3872 1.2538e-01     1.8734     18.278     26.510    10.8069 0.0000e+00
     18.659      0.074     5.4459     49.175    122.440  87.673547     0.5435      6.754   303.3448 1.2537e-01     1.8331     18.302     26.546    10.8039 0.0000e+00
     18.672      0.059     5.4535     49.244    122.420  87.660904     0.5345      6.753   303.2761 1.2544e-01     1.7888     18.316     26.564    10.8014 0.0000e+00
     18.674      0.052     5.4561     49.266    122.396  87.641950     0.5316      6.753   303.3307 1.2544e-01     1.7040     18.314     26.563    10.7995 0.0000e+00
     18.675      0.054     5.4519     49.226    122.393  87.635440     0.5364      6.753   303.3162 1.2537e-01     1.6321     18.309     26.557    10.7986 0.0000e+00
     18.685      0.063     5.4424     49.138    122.417  87.645873     0.5473      6.754   303.2734 1.2533e-01     1.6209     18.319     26.569    10.7999 0.0000e+00
     18.705      0.073     5.4313     49.034    122.419  87.640710     0.5802      6.754   303.3298 1.2538e-01     1.6908     18.341     26.601    10.8016 0.0000e+00
     18.735      0.080     5.4193     48.924    122.420  87.636695     0.6302      6.754   303.3955 1.2543e-01     1.8060     18.371     26.645    10.8006 0.0000e+00
     18.766      0.081     5.4068     48.809    122.459  87.661012     0.6561      6.753   303.3805 1.2543e-01     1.8545     18.406     26.696    10.7983 0.0000e+00
     18.790      0.076     5.3959     48.711    122.487  87.679967     0.6543      6.753   303.3194 1.2543e-01     1.8500     18.432     26.733    10.7956 0.0000e+00
     18.805      0.068     5.3859     48.620    122.479  87.674817     0.6181      6.753   303.2584 1.2545e-01     1.8727     18.444     26.751    10.7927 0.0000e+00
     18.814      0.062     5.3758     48.529    122.463  87.662423     0.5581      6.753   303.3318 1.2545e-01     1.8856     18.450     26.759    10.7904 0.0000e+00
     18.823      0.063     5.3671     48.449    122.459  87.657491     0.5358      6.753   303.5192 1.2545e-01     1.8534     18.458     26.771    10.7891 0.0000e+00
     18.836      0.074     5.3592     48.376    122.495  87.678865     0.5407      6.752   303.6313 1.2542e-01     1.8499     18.471     26.789    10.7889 0.0000e+00
     18.854      0.092     5.3513     48.301    122.577  87.729773     0.5532      6.751   303.6549 1.2538e-01     1.8739     18.487     26.815    10.7893 0.0000e+00
     18.879      0.109     5.3420     48.213    122.637  87.763493     0.5770      6.750   303.5461 1.2542e-01     1.8985     18.510     26.847    10.7892 0.0000e+00
     18.913      0.119     5.3309     48.108    122.657  87.768127     0.5891      6.749   303.3484 1.2551e-01     1.9037     18.544     26.895    10.7883 0.0000e+00
     18.955      0.119     5.3154     47.965    122.694  87.785790     0.5892      6.749   303.3304 1.2551e-01     1.8752     18.589     26.960    10.7866 0.0000e+00
     18.996      0.109     5.2898     47.732    122.702  87.785972     0.5777      6.748   303.5000 1.2546e-01     1.8589     18.631     27.023    10.7833 0.0000e+00
     19.027      0.089     5.2517     47.388    122.678  87.770332     0.5607      6.748   303.5915 1.2546e-01     1.8595     18.663     27.070    10.7794 0.0000e+00
     19.046      0.065     5.2032     46.954    122.690  87.787755     0.5491      6.748   303.5764 1.2544e-01     1.8835     18.681     27.096    10.7751 0.0000e+00
     19.053      0.046     5.1485     46.467    122.697  87.805569     0.5389      6.747   303.5760 1.2544e-01     1.9042     18.687     27.104    10.7710 0.0000e+00
     19.053      0.040     5.0950     45.987    122.672  87.794668     0.5291      6.747   303.6728 1.2545e-01     1.8963     18.686     27.102    10.7686 0.0000e+00
     19.049      0.048     5.0483     45.562    122.665  87.783336     0.5320      6.747   303.8005 1.2544e-01     1.8793     18.679     27.090    10.7690 0.0000e+00
     19.054      0.068     5.0109     45.217    122.704  87.795925     0.5470      6.747   303.7425 1.2544e-01     1.8815     18.679     27.092    10.7728 0.0000e+00
     19.074      0.090     4.9874     44.999    122.758  87.819480     0.5533      6.746   303.6596 1.2545e-01     1.9235     18.700     27.122    10.7797 0.0000e+00
     19.109      0.107     4.9772     44.903    122.763  87.813365     0.5538      6.746   303.6589 1.2544e-01     1.9592     18.736     27.174    10.7843 0.0000e+00
     19.154      0.113     4.9740     44.873    122.729  87.785655     0.5614      6.745   303.6481 1.2539e-01     1.9473     18.786     27.246    10.7802 0.0000e+00
     19.195      0.106     4.9760     44.892    122.749  87.802889     0.5815      6.745   303.7012 1.2539e-01     1.9013     18.830     27.310    10.7724 0.0000e+00
     19.224      0.087     4.9801     44.932    122.780  87.830673     0.5943      6.746   303.7855 1.2547e-01     1.8608     18.856     27.349    10.7662 0.0000e+00
     19.239      0.065     4.9799     44.932    122.737  87.803152     0.5874      6.746   303.8068 1.2548e-01     1.8547     18.869     27.368    10.7619 0.0000e+00
     19.245      0.048     4.9747     44.886    122.712  87.788581     0.5895      6.746   303.7860 1.2549e-01     1.9187     18.874     27.374    10.7600 0.0000e+00
     19.247      0.044     4.9671     44.818    122.789  87.845564     0.6020      6.745   303.8788 1.2553e-01     2.0251     18.875     27.376    10.7622 0.0000e+00
     19.248      0.057     4.9584     44.737    122.900  87.918931     0.6003      6.745   303.9818 1.2552e-01     2.0722     18.874     27.375    10.7657 0.0000e+00
     19.255      0.078     4.9512     44.666    122.998  87.975074     0.5973      6.745   303.9130 1.2552e-01     2.0613     18.878     27.380    10.7660 0.0000e+00
     19.276      0.098     4.9484     44.634    123.078  88.014843     0.6200      6.744   303.8206 1.2550e-01     2.0758     18.896     27.407    10.7672 0.0000e+00
     19.315      0.112     4.9489     44.632    123.101  88.017615     0.6629      6.744   303.8119 1.2549e-01     2.1263     18.937     27.466    10.7697 0.0000e+00
     19.363      0.117     4.9465     44.608    123.097  88.008577     0.6932      6.744   303.8082 1.2549e-01     2.1526     18.992     27.545    10.7673 0.0000e+00
     19.404      0.115     4.9353     44.508    123.130  88.032941     0.7015      6.744   303.7752 1.2547e-01     2.1801     19.036     27.609    10.7603 0.0000e+00
     19.429      0.107     4.9133     44.309    123.165  88.057443     0.7176      6.743   303.7572 1.2548e-01     2.2760     19.059     27.642    10.7529 0.0000e+00
     19.443      0.099     4.8806     44.010    123.169  88.050067     0.7508      6.742   303.7618 1.2549e-01     2.3968     19.067     27.655    10.7463 0.0000e+00
     19.458      0.095     4.8399     43.635    123.224  88.071123     0.7722      6.740   303.7452 1.2546e-01     2.4496     19.078     27.670    10.7434 0.0000e+00
     19.479      0.100     4.7943     43.215    123.411  88.184631     0.7735      6.739   303.6427 1.2546e-01     2.4570     19.100     27.702    10.7452 0.0000e+00
     19.508      0.110     4.7479     42.790    123.655  88.339722     0.7845      6.739   303.6414 1.2546e-01     2.6086     19.129     27.745    10.7467 0.0000e+00
     19.541      0.119     4.7034     42.383    123.787  88.417733     0.8136      6.739   303.8156 1.2543e-01     2.8790     19.161     27.791    10.7423 0.0000e+00
     19.579      0.121     4.6588     41.975    123.820  88.427249     0.8315      6.739   303.9412 1.2539e-01     3.0096     19.200     27.848    10.7334 0.0000e+00
     19.616      0.115     4.6121     41.550    123.873  88.454763     0.8360      6.739   303.9555 1.2536e-01     3.0286     19.239     27.905    10.7251 0.0000e+00
     19.648      0.104     4.5641     41.114    123.942  88.495620     0.8768      6.738   303.9028 1.2541e-01     3.0466     19.271     27.951    10.7175 0.0000e+00
     19.671      0.093     4.5108     40.632    124.012  88.539099     0.9478      6.738   303.9069 1.2548e-01     3.0455     19.294     27.983    10.7106 0.0000e+00
     19.687      0.088     4.4489     40.071    124.104  88.598303     0.9775      6.737   304.0047 1.2552e-01     3.0456     19.307     28.003    10.7052 0.0000e+00
     19.702      0.089     4.3823     39.468    124.173  88.638214     0.9694      6.735   304.0536 1.2554e-01     3.0472     19.320     28.022    10.7008 0.0000e+00
     19.717      0.096     4.3109     38.821    124.194  88.639501     0.9601      6.735   303.9807 1.2551e-01     3.0345     19.333     28.041    10.6977 0.0000e+00
     19.741      0.104     4.2346     38.128    124.180  88.613852     0.9386      6.734   303.8980 1.2544e-01     3.0759     19.352     28.069    10.6953 0.0000e+00
     19.777      0.108     4.1609     37.460    124.156  88.582839     0.9116      6.733   303.8282 1.2538e-01     3.1809     19.392     28.126    10.6930 0.0000e+00
     19.818      0.108     4.0926     36.841    124.168  88.582969     0.9003      6.732   303.8249 1.2538e-01     3.2355     19.438     28.193    10.6896 0.0000e+00
     19.851      0.102     4.0286     36.264    124.218  88.615411     0.9032      6.732   303.9440 1.2539e-01     3.2481     19.472     28.242    10.6839 0.0000e+00
     19.873      0.093     3.9698     35.734    124.279  88.656639     0.9102      6.731   303.8915 1.2544e-01     3.2723     19.491     28.269    10.6768 0.0000e+00
     19.888      0.083     3.9182     35.267    124.351  88.699294     0.9023      6.731   303.7065 1.2548e-01     3.2839     19.504     28.287    10.6709 0.0000e+00
     19.901      0.079     3.8768     34.891    124.438  88.748989     0.8901      6.730   303.7725 1.2542e-01     3.2966     19.515     28.304    10.6669 0.0000e+00
     19.918      0.083     3.8479     34.627    124.542  88.811632     0.8918      6.729   303.9145 1.2536e-01     3.3042     19.530     28.326    10.6665 0.0000e+00
     19.939      0.092     3.8323     34.483    124.659  88.883467     0.8947      6.729   303.8750 1.2535e-01     3.2846     19.552     28.358    10.6671 0.0000e+00
     19.965      0.101     3.8257     34.418    124.814  88.980602     0.8981      6.728   303.8113 1.2536e-01     3.2736     19.577     28.394    10.6631 0.0000e+00
     19.996      0.106     3.8214     34.375    124.993  89.094378     0.9052      6.727   303.8322 1.2540e-01     3.2925     19.608     28.439    10.6571 0.0000e+00
     20.030      0.105     3.8157     34.320    125.125  89.176333     0.9069      6.727   303.8695 1.2539e-01     3.2993     19.643     28.490    10.6527 0.0000e+00
     20.060      0.100     3.8008     34.183    125.181  89.207186     0.8913      6.727   303.8321 1.2535e-01     3.2644     19.674     28.535    10.6487 0.0000e+00
     20.085      0.093     3.7681     33.887    125.198  89.212634     0.8543      6.726   303.8103 1.2538e-01     3.2373     19.698     28.572    10.6429 0.0000e+00
     20.104      0.088     3.7137     33.397    125.248  89.242196     0.8265      6.724   303.8639 1.2542e-01     3.2458     19.716     28.596    10.6369 0.0000e+00
     20.119      0.084     3.6367     32.702    125.355  89.309841     0.8310      6.723   303.8785 1.2541e-01     3.2749     19.730     28.616    10.6321 0.0000e+00
