Data/DataNotYetUploadedToEDI/Raw_CTD/RawDownloads/072518_ccr50.cnv
* Sea-Bird SBE19plus  Data File:
* FileName = C:\DATA\072518_ccr50_0001.hex
* Software version 2.6.3.104 SB_Terminal.dll
* Temperature SN = 7809
* Conductivity SN = 7809
* System UpLoad Time = Jul 25 2018 14:13:00
* <ApplicationData>
* <Seaterm232>
# nquan = 15
# nvalues = 1384                        
# units = specified
# name 0 = depFM: Depth [fresh water, m]
# name 1 = dz/dtM: Descent Rate [m/s]
# name 2 = sbeox0Mg/L: Oxygen, SBE 43 [mg/l]
# name 3 = sbeox0PS: Oxygen, SBE 43 [% saturation]
# name 4 = specc: Specific Conductance [uS/cm]
# name 5 = c0uS/cm: Conductivity [uS/cm]
# name 6 = flECO-AFL: Fluorescence, WET Labs ECO-AFL/FL [mg/m^3]
# name 7 = ph: pH
# name 8 = orp: Oxidation Reduction Potential [mV]
# name 9 = par/sat/log: PAR/Logarithmic, Satlantic
# name 10 = turbWETntu0: Turbidity, WET Labs ECO [NTU]
# name 11 = prdM: Pressure, Strain Gauge [db]
# name 12 = prdE: Pressure, Strain Gauge [psi]
# name 13 = tv290C: Temperature [ITS-90, deg C]
# name 14 = flag:  0.000e+00
# span 0 =     -0.399,     20.705       
# span 1 =     -0.098,      0.235       
# span 2 =     1.3385,    11.1683       
# span 3 =     12.001,    133.980       
# span 4 =      1.909,    136.712       
# span 5 =   2.151419,  97.063846       
# span 6 =    -0.1778,     4.4069       
# span 7 =      5.982,      7.925       
# span 8 = -1240.7455,   416.2234       
# span 9 = 1.2531e-01, 8.2480e+02       
# span 10 =    -0.3061,     9.7847      
# span 11 =     -0.392,     20.305      
# span 12 =     -0.568,     29.450      
# span 13 =    10.4927,    31.3580      
# span 14 = 0.0000e+00, 0.0000e+00      
# interval = seconds: 0.25
# start_time = Jul 25 2018 15:25:07 [Instrument's time stamp, header]
# bad_flag = -9.990e-29
*END*
[from data line 675]
      6.933      0.066     8.1056     77.835    116.684  89.884856     3.9411      7.358   266.8565 2.2910e+01     1.1054      6.799      9.861    13.6835 0.0000e+00
      6.944      0.066     8.1079     77.781    116.696  89.790625     3.9590      7.352   267.0651 2.2756e+01     1.0509      6.809      9.876    13.6317 0.0000e+00
      6.958      0.071     8.0988     77.606    116.647  89.633219     3.9423      7.344   267.2201 2.2553e+01     1.0230      6.822      9.894    13.5890 0.0000e+00
      6.976      0.078     8.0842     77.369    116.577  89.446496     3.8862      7.338   267.4405 2.2261e+01     0.9812      6.839      9.920    13.5522 0.0000e+00
      7.000      0.083     8.0684     77.120    116.580  89.316240     3.8042      7.333   267.7500 2.1880e+01     0.9730      6.865      9.955    13.5153 0.0000e+00
      7.028      0.083     8.0559     76.915    116.669  89.268323     3.7688      7.329   268.1237 2.1519e+01     0.9849      6.893      9.997    13.4714 0.0000e+00
      7.054      0.079     8.0483     76.775    116.764  89.249161     3.7806      7.326   268.3447 2.1249e+01     1.0020      6.919     10.036    13.4197 0.0000e+00
      7.074      0.072     8.0431     76.676    116.804  89.211833     3.7997      7.323   268.3583 2.1068e+01     1.0283      6.940     10.066    13.3603 0.0000e+00
      7.089      0.064     8.0360     76.565    116.862  89.199077     3.8159      7.320   268.3739 2.0944e+01     1.0288      6.954     10.086    13.3012 0.0000e+00
      7.100      0.056     8.0215     76.387    116.964  89.222241     3.8197      7.316   268.4466 2.0839e+01     1.0075      6.963     10.100    13.2497 0.0000e+00
      7.112      0.049     7.9990     76.137    117.048  89.237071     3.8180      7.313   268.7212 2.0717e+01     0.9839      6.974     10.115    13.2106 0.0000e+00
      7.125      0.044     7.9729     75.860    117.118  89.250951     3.7955      7.310   269.0268 2.0564e+01     0.9272      6.987     10.133    13.1846 0.0000e+00
      7.139      0.040     7.9454     75.575    117.178  89.262637     3.7412      7.305   269.1308 2.0431e+01     0.8403      7.001     10.154    13.1608 0.0000e+00
      7.149      0.038     7.9178     75.282    117.219  89.250944     3.7040      7.301   269.2033 2.0350e+01     0.7886      7.012     10.170    13.1377 0.0000e+00
      7.156      0.039     7.8942     75.019    117.272  89.236914     3.7037      7.298   269.3879 2.0283e+01     0.7896      7.018     10.179    13.1145 0.0000e+00
      7.162      0.044     7.8763     74.800    117.341  89.220319     3.7092      7.294   269.7274 2.0203e+01     0.8222      7.022     10.186    13.0982 0.0000e+00
      7.169      0.054     7.8637     74.616    117.402  89.177603     3.7162      7.287   270.1252 2.0096e+01     0.8777      7.029     10.195    13.0879 0.0000e+00
      7.181      0.068     7.8578     74.482    117.449  89.102491     3.7332      7.279   270.3264 1.9902e+01     0.9421      7.039     10.210    13.0685 0.0000e+00
      7.200      0.081     7.8573     74.390    117.493  89.012629     3.7398      7.271   270.4390 1.9592e+01     0.9903      7.057     10.236    13.0455 0.0000e+00
      7.228      0.091     7.8567     74.297    117.616  88.982636     3.7411      7.266   270.7115 1.9229e+01     1.0025      7.086     10.277    13.0181 0.0000e+00
      7.260      0.093     7.8553     74.207    117.776  88.994482     3.7488      7.261   271.0408 1.8891e+01     0.9676      7.120     10.327    12.9795 0.0000e+00
      7.290      0.088     7.8568     74.162    117.844  88.964659     3.7498      7.256   271.3229 1.8607e+01     0.9039      7.152     10.373    12.9313 0.0000e+00
      7.315      0.077     7.8605     74.160    117.883  88.940409     3.7529      7.253   271.4549 1.8413e+01     0.8426      7.176     10.407    12.8770 0.0000e+00
      7.330      0.062     7.8618     74.146    117.955  88.955994     3.7595      7.250   271.4329 1.8322e+01     0.8066      7.191     10.430    12.8230 0.0000e+00
      7.340      0.048     7.8565     74.073    118.006  88.961976     3.7289      7.246   271.4013 1.8266e+01     0.8038      7.199     10.442    12.7741 0.0000e+00
      7.347      0.041     7.8443     73.935    118.033  88.949012     3.6674      7.243   271.5020 1.8204e+01     0.8092      7.205     10.449    12.7381 0.0000e+00
      7.353      0.041     7.8291     73.757    118.068  88.926596     3.6413      7.239   271.7909 1.8149e+01     0.7801      7.210     10.458    12.7194 0.0000e+00
      7.360      0.049     7.8154     73.580    118.100  88.881965     3.6423      7.233   272.0547 1.8072e+01     0.7564      7.216     10.466    12.7039 0.0000e+00
      7.370      0.060     7.8044     73.420    118.173  88.855142     3.6793      7.227   272.1966 1.7910e+01     0.7979      7.224     10.477    12.6898 0.0000e+00
      7.387      0.070     7.7953     73.275    118.286  88.856956     3.7677      7.222   272.3016 1.7671e+01     0.8249      7.241     10.502    12.6804 0.0000e+00
      7.412      0.080     7.7867     73.144    118.358  88.840105     3.8289      7.217   272.4642 1.7419e+01     0.8077      7.268     10.539    12.6596 0.0000e+00
      7.438      0.084     7.7772     73.017    118.435  88.842398     3.8397      7.212   272.6993 1.7200e+01     0.8028      7.296     10.583    12.6286 0.0000e+00
      7.463      0.082     7.7632     72.853    118.553  88.884623     3.8798      7.206   272.9080 1.7000e+01     0.7973      7.319     10.616    12.5934 0.0000e+00
      7.485      0.075     7.7442     72.648    118.631  88.904742     3.9655      7.201   273.0087 1.6813e+01     0.7708      7.340     10.646    12.5548 0.0000e+00
      7.504      0.065     7.7231     72.432    118.654  88.894532     4.0118      7.198   273.0566 1.6694e+01     0.7276      7.362     10.678    12.5241 0.0000e+00
      7.518      0.055     7.6974     72.183    118.659  88.888536     4.0068      7.197   273.2291 1.6635e+01     0.7016      7.375     10.696    12.5031 0.0000e+00
      7.527      0.048     7.6681     71.908    118.673  88.895916     3.9601      7.195   273.3734 1.6569e+01     0.7312      7.381     10.705    12.4825 0.0000e+00
      7.535      0.045     7.6421     71.648    118.738  88.920075     3.8795      7.192   273.3386 1.6498e+01     0.7798      7.389     10.717    12.4672 0.0000e+00
      7.545      0.044     7.6236     71.447    118.799  88.925850     3.8325      7.189   273.3238 1.6401e+01     0.8008      7.398     10.730    12.4537 0.0000e+00
      7.557      0.046     7.6126     71.329    118.795  88.901991     3.8321      7.186   273.4527 1.6250e+01     0.8018      7.410     10.746    12.4491 0.0000e+00
      7.571      0.051     7.6083     71.288    118.776  88.886342     3.8390      7.183   273.6927 1.6112e+01     0.7920      7.425     10.769    12.4567 0.0000e+00
      7.585      0.056     7.6106     71.301    118.763  88.864026     3.8328      7.178   273.9890 1.5997e+01     0.7745      7.438     10.788    12.4452 0.0000e+00
      7.598      0.064     7.6163     71.333    118.749  88.823232     3.8220      7.173   274.3677 1.5874e+01     0.7738      7.450     10.806    12.4192 0.0000e+00
      7.612      0.074     7.6219     71.359    118.738  88.775220     3.8184      7.166   274.7441 1.5749e+01     0.7838      7.463     10.826    12.4103 0.0000e+00
      7.629      0.084     7.6262     71.368    118.738  88.729310     3.8074      7.159   274.9267 1.5591e+01     0.7720      7.478     10.847    12.4188 0.0000e+00
      7.652      0.094     7.6292     71.363    118.783  88.713925     3.6700      7.154   275.0266 1.5360e+01     0.8142      7.501     10.879    12.4127 0.0000e+00
      7.682      0.100     7.6298     71.338    118.847  88.716530     3.4155      7.150   275.2640 1.5093e+01     0.9281      7.532     10.924    12.3966 0.0000e+00
      7.715      0.100     7.6270     71.290    118.865  88.697062     3.2680      7.147   275.5594 1.4853e+01     0.9591      7.567     10.975    12.3819 0.0000e+00
      7.745      0.095     7.6192     71.205    118.851  88.669571     3.2282      7.143   275.7587 1.4670e+01     0.9455      7.598     11.021    12.3608 0.0000e+00
      7.769      0.089     7.5985     71.003    118.828  88.638888     3.0439      7.139   275.8668 1.4541e+01     0.9764      7.621     11.053    12.3394 0.0000e+00
      7.785      0.083     7.5686     70.702    118.793  88.580826     2.7221      7.135   275.9208 1.4418e+01     0.9964      7.637     11.075    12.3188 0.0000e+00
      7.800      0.080     7.5389     70.383    118.821  88.540720     2.5538      7.130   275.9813 1.4268e+01     1.0052      7.648     11.093    12.3039 0.0000e+00
      7.817      0.079     7.5019     69.991    118.909  88.536047     2.5435      7.126   276.0821 1.4097e+01     1.0214      7.663     11.114    12.2989 0.0000e+00
      7.838      0.079     7.4551     69.519    118.964  88.524237     2.5704      7.122   276.1062 1.3905e+01     1.0708      7.686     11.147    12.2973 0.0000e+00
      7.863      0.079     7.4074     69.058    118.999  88.525253     2.6305      7.120   276.1014 1.3700e+01     1.1443      7.712     11.186    12.2863 0.0000e+00
      7.888      0.076     7.3682     68.689    119.038  88.548307     2.6638      7.118   276.2822 1.3521e+01     1.1778      7.737     11.222    12.2567 0.0000e+00
      7.909      0.070     7.3447     68.465    119.048  88.548213     2.6513      7.116   276.4858 1.3407e+01     1.2014      7.758     11.253    12.2220 0.0000e+00
      7.925      0.060     7.3377     68.388    119.038  88.524116     2.5530      7.113   276.4983 1.3334e+01     1.3070      7.772     11.273    12.1992 0.0000e+00
      7.937      0.048     7.3427     68.423    119.044  88.511693     2.3761      7.111   276.4326 1.3264e+01     1.4173      7.782     11.288    12.1894 0.0000e+00
      7.948      0.037     7.3552     68.536    119.072  88.525362     2.2768      7.109   276.4662 1.3189e+01     1.4363      7.794     11.305    12.1906 0.0000e+00
      7.957      0.028     7.3699     68.681    119.105  88.561999     2.2709      7.107   276.6465 1.3148e+01     1.4452      7.805     11.319    12.1903 0.0000e+00
      7.962      0.024     7.3813     68.805    119.083  88.572529     2.2139      7.104   276.8056 1.3145e+01     1.5250      7.810     11.327    12.1802 0.0000e+00
      7.963      0.024     7.3883     68.882    118.995  88.525340     2.0831      7.101   276.8410 1.3143e+01     1.6377      7.809     11.326    12.1717 0.0000e+00
      7.964      0.026     7.3904     68.888    118.990  88.500985     2.0031      7.098   276.9030 1.3113e+01     1.6793      7.808     11.324    12.1673 0.0000e+00
      7.970      0.031     7.3856     68.807    119.108  88.532786     2.0006      7.095   277.0383 1.3028e+01     1.6621      7.813     11.332    12.1713 0.0000e+00
      7.981      0.040     7.3725     68.658    119.155  88.527638     2.0251      7.091   277.3579 1.2913e+01     1.6430      7.825     11.350    12.1881 0.0000e+00
      7.996      0.054     7.3554     68.485    119.064  88.438698     2.0614      7.086   277.9280 1.2817e+01     1.6312      7.842     11.373    12.2000 0.0000e+00
      8.009      0.070     7.3408     68.306    119.033  88.349059     2.0800      7.081   278.3390 1.2744e+01     1.6417      7.855     11.392    12.1946 0.0000e+00
      8.022      0.086     7.3242     68.074    119.175  88.335412     2.0853      7.076   278.4555 1.2624e+01     1.6472      7.864     11.406    12.1573 0.0000e+00
      8.042      0.098     7.3022     67.793    119.339  88.337251     2.1347      7.072   278.4768 1.2373e+01     1.5765      7.881     11.431    12.1364 0.0000e+00
      8.076      0.106     7.2827     67.549    119.429  88.307470     2.2265      7.068   278.5101 1.2043e+01     1.4576      7.918     11.484    12.1482 0.0000e+00
      8.115      0.109     7.2685     67.369    119.513  88.293679     2.2765      7.067   278.6007 1.1745e+01     1.4003      7.961     11.546    12.1184 0.0000e+00
      8.149      0.104     7.2588     67.246    119.588  88.297802     2.2800      7.066   278.7118 1.1503e+01     1.4026      7.995     11.594    12.0556 0.0000e+00
      8.176      0.093     7.2574     67.216    119.618  88.293573     2.2774      7.063   278.8213 1.1320e+01     1.4239      8.021     11.633    12.0041 0.0000e+00
      8.195      0.081     7.2624     67.256    119.650  88.306208     2.2451      7.061   278.8910 1.1200e+01     1.4446      8.038     11.660    11.9653 0.0000e+00
      8.208      0.071     7.2680     67.303    119.684  88.323170     2.1845      7.059   278.9528 1.1105e+01     1.4691      8.049     11.674    11.9326 0.0000e+00
      8.219      0.068     7.2742     67.350    119.683  88.307577     2.1505      7.056   279.0526 1.0993e+01     1.5069      8.059     11.688    11.9100 0.0000e+00
      8.234      0.070     7.2787     67.370    119.730  88.308729     2.1461      7.052   279.1501 1.0833e+01     1.5054      8.073     11.710    11.9015 0.0000e+00
      8.252      0.075     7.2747     67.302    119.835  88.337068     2.1138      7.049   279.2711 1.0600e+01     1.4512      8.090     11.734    11.8986 0.0000e+00
      8.275      0.078     7.2640     67.172    119.893  88.331712     2.0535      7.046   279.3980 1.0315e+01     1.4305      8.114     11.768    11.8966 0.0000e+00
      8.300      0.076     7.2514     67.036    119.903  88.307609     2.0243      7.044   279.4804 1.0033e+01     1.4685      8.140     11.806    11.8926 0.0000e+00
      8.324      0.071     7.2378     66.902    119.908  88.300358     2.0177      7.042   279.4924 9.8090e+00     1.4844      8.165     11.842    11.8783 0.0000e+00
      8.343      0.062     7.2257     66.793    119.913  88.307722     1.9179      7.040   279.4570 9.6743e+00     1.5313      8.185     11.872    11.8543 0.0000e+00
      8.355      0.052     7.2161     66.714    119.928  88.332960     1.7372      7.038   279.4827 9.6034e+00     1.6384      8.195     11.886    11.8321 0.0000e+00
      8.363      0.044     7.2076     66.649    119.922  88.350765     1.6437      7.038   279.6316 9.5389e+00     1.6804      8.201     11.895    11.8186 0.0000e+00
      8.371      0.039     7.2025     66.614    119.870  88.331954     1.6327      7.037   279.8802 9.4558e+00     1.6728      8.209     11.906    11.8145 0.0000e+00
      8.380      0.039     7.2032     66.613    119.837  88.296606     1.6122      7.035   280.0790 9.3732e+00     1.6683      8.218     11.919    11.8179 0.0000e+00
      8.389      0.044     7.2032     66.582    119.917  88.305511     1.5890      7.031   280.2286 9.2761e+00     1.6577      8.226     11.931    11.8234 0.0000e+00
      8.399      0.054     7.2008     66.522    120.096  88.375870     1.5825      7.028   280.4846 9.1401e+00     1.6661      8.236     11.945    11.8324 0.0000e+00
      8.411      0.066     7.2004     66.487    120.261  88.446650     1.5793      7.024   280.7649 8.9756e+00     1.6786      8.247     11.962    11.8475 0.0000e+00
      8.428      0.081     7.1994     66.454    120.327  88.460645     1.5590      7.021   280.9501 8.7414e+00     1.6559      8.262     11.983    11.8450 0.0000e+00
      8.451      0.093     7.1982     66.427    120.304  88.417674     1.5215      7.018   281.0892 8.4335e+00     1.6350      8.286     12.016    11.8171 0.0000e+00
      8.481      0.101     7.2024     66.448    120.280  88.372899     1.4929      7.014   281.1564 8.1294e+00     1.6396      8.317     12.063    11.7885 0.0000e+00
      8.513      0.101     7.2157     66.551    120.312  88.365070     1.4892      7.011   281.1614 7.8547e+00     1.6507      8.349     12.107    11.7680 0.0000e+00
      8.545      0.096     7.2428     66.786    120.376  88.386661     1.4948      7.009   281.2347 7.6184e+00     1.6787      8.381     12.155    11.7536 0.0000e+00
      8.572      0.088     7.2819     67.137    120.385  88.379164     1.4966      7.008   281.3543 7.4748e+00     1.7029      8.411     12.199    11.7456 0.0000e+00
