Data/DataNotYetUploadedToEDI/Raw_CTD/RawDownloads/072618_fcr50.cnv
* Sea-Bird SBE19plus  Data File:
* FileName = C:\DATA\073018_fcr50_0002.hex
* Software version 2.6.3.104 SB_Terminal.dll
* Temperature SN = 7809
* Conductivity SN = 7809
* System UpLoad Time = Jul 30 2018 16:26:04
* <ApplicationData>
* <Seaterm232>
# nquan = 15
# nvalues = 523                         
# units = specified
# name 0 = depFM: Depth [fresh water, m]
# name 1 = dz/dtM: Descent Rate [m/s]
# name 2 = sbeox0Mg/L: Oxygen, SBE 43 [mg/l]
# name 3 = sbeox0PS: Oxygen, SBE 43 [% saturation]
# name 4 = specc: Specific Conductance [uS/cm]
# name 5 = c0uS/cm: Conductivity [uS/cm]
# name 6 = flECO-AFL: Fluorescence, WET Labs ECO-AFL/FL [mg/m^3]
# name 7 = ph: pH
# name 8 = orp: Oxidation Reduction Potential [mV]
# name 9 = par/sat/log: PAR/Logarithmic, Satlantic
# name 10 = turbWETntu0: Turbidity, WET Labs ECO [NTU]
# name 11 = prdM: Pressure, Strain Gauge [db]
# name 12 = prdE: Pressure, Strain Gauge [psi]
# name 13 = tv290C: Temperature [ITS-90, deg C]
# name 14 = flag:  0.000e+00
# span 0 =     -0.551,      9.678       
# span 1 =     -0.053,      0.224       
# span 2 =     0.7957,    11.2927       
# span 3 =      7.486,    142.527       
# span 4 =      3.000,     50.206       
# span 5 =   3.553398,  41.392829       
# span 6 =    -0.6302,     5.5829       
# span 7 =      6.295,      9.025       
# span 8 = -1240.7455,   305.8039       
# span 9 = 1.2499e-01, 2.3484e+03       
# span 10 =    -0.7756,    12.1312      
# span 11 =     -0.541,      9.491      
# span 12 =     -0.785,     13.766      
# span 13 =    11.7956,    34.2287      
# span 14 = 0.0000e+00, 0.0000e+00      
# interval = seconds: 0.25
# start_time = Jul 26 2018 19:31:27 [Instrument's time stamp, header]
# bad_flag = -9.990e-29
*END*
[from data line 290]
      1.458      0.103    10.3818    125.370     35.706  35.622327     4.9904      8.990   219.2795 1.4675e+02     3.1650      1.432      2.076    24.9857 0.0000e+00
      1.482      0.104    10.3531    124.961     35.690  35.586868     5.0048      8.984   219.5782 1.4169e+02     3.1892      1.455      2.109    24.9559 0.0000e+00
      1.506      0.103    10.3251    124.556     35.706  35.582285     5.0442      8.978   219.6976 1.3601e+02     3.2695      1.475      2.139    24.9242 0.0000e+00
      1.534      0.100    10.3032    124.231     35.710  35.566875     5.1085      8.972   219.6043 1.3001e+02     3.3727      1.504      2.182    24.8996 0.0000e+00
      1.563      0.093    10.2861    123.976     35.686  35.527571     5.1397      8.970   219.6543 1.2510e+02     3.3995      1.535      2.226    24.8783 0.0000e+00
      1.590      0.083    10.2700    123.744     35.658  35.488165     5.1269      8.970   219.7010 1.2085e+02     3.3494      1.559      2.261    24.8506 0.0000e+00
      1.613      0.069    10.2522    123.509     35.647  35.471530     5.1009      8.970   219.6518 1.1753e+02     3.2252      1.584      2.297    24.8178 0.0000e+00
      1.630      0.054    10.2278    123.214     35.629  35.453477     5.0733      8.970   219.7480 1.1643e+02     3.0877      1.603      2.324    24.7930 0.0000e+00
      1.637      0.046    10.1945    122.810     35.573  35.396935     5.0596      8.969   220.0900 1.1649e+02     3.0601      1.607      2.331    24.7710 0.0000e+00
      1.639      0.046    10.1575    122.335     35.482  35.296052     5.0645      8.965   220.6035 1.1647e+02     3.0444      1.608      2.332    24.7527 0.0000e+00
      1.642      0.053    10.1224    121.839     35.395  35.186498     5.0868      8.957   221.0520 1.1558e+02     2.9888      1.607      2.330    24.7443 0.0000e+00
      1.652      0.063    10.0901    121.347     35.329  35.088625     5.1173      8.948   221.6414 1.1268e+02     2.9988      1.615      2.342    24.7454 0.0000e+00
      1.675      0.077    10.0561    120.829     35.212  34.938388     5.1386      8.935   222.4809 1.0771e+02     3.0121      1.639      2.377    24.7512 0.0000e+00
      1.707      0.092    10.0151    120.202     35.018  34.703855     5.1429      8.917   222.9425 1.0262e+02     2.9673      1.675      2.430    24.7398 0.0000e+00
      1.736      0.102     9.9654    119.389     34.922  34.539530     5.1320      8.898   222.7484 9.9357e+01     2.9458      1.707      2.476    24.7045 0.0000e+00
      1.759      0.103     9.9036    118.386     34.942  34.475898     5.1079      8.884   222.5435 9.6022e+01     2.9654      1.721      2.495    24.6552 0.0000e+00
      1.786      0.099     9.8320    117.306     34.916  34.378985     5.0811      8.870   222.8744 9.1484e+01     2.9909      1.748      2.534    24.6031 0.0000e+00
      1.818      0.095     9.7650    116.231     34.947  34.320438     5.0748      8.853   223.3075 8.8339e+01     3.0093      1.790      2.596    24.5632 0.0000e+00
      1.839      0.092     9.7088    115.136     35.108  34.339552     5.0781      8.834   223.8222 8.6948e+01     3.0053      1.807      2.620    24.4613 0.0000e+00
      1.854      0.090     9.6669    114.195     35.273  34.355802     5.0840      8.816   224.6236 8.4710e+01     3.0332      1.812      2.629    24.3076 0.0000e+00
      1.877      0.090     9.6741    113.919     35.430  34.389677     5.1085      8.794   224.8240 8.1470e+01     3.1328      1.839      2.668    24.2315 0.0000e+00
      1.902      0.094     9.7682    114.636     35.605  34.431371     5.1362      8.763   224.7820 7.8868e+01     3.2030      1.868      2.709    24.1409 0.0000e+00
      1.924      0.103     9.9367    116.155     35.741  34.415113     5.1523      8.723   225.5782 7.6578e+01     3.2108      1.886      2.735    23.9002 0.0000e+00
      1.948      0.111    10.1430    118.145     35.849  34.383446     5.1837      8.682   226.7928 7.3739e+01     3.1967      1.907      2.768    23.6619 0.0000e+00
      1.979      0.114    10.3689    120.445     35.939  34.365880     5.2497      8.644   228.7129 7.0224e+01     3.1845      1.938      2.811    23.5408 0.0000e+00
      2.015      0.115    10.6032    122.895     35.989  34.329614     5.3064      8.605   231.0696 6.6579e+01     3.2164      1.976      2.867    23.3636 0.0000e+00
      2.050      0.116    10.8274    125.225     36.070  34.325948     5.3266      8.564   231.8847 6.3817e+01     3.2455      2.015      2.923    23.1266 0.0000e+00
      2.077      0.119    11.0210    127.185     36.219  34.384963     5.3568      8.518   231.5996 6.1788e+01     3.1709      2.039      2.956    22.9357 0.0000e+00
      2.100      0.124    11.1686    128.559     36.413  34.471372     5.4133      8.463   232.0113 5.9733e+01     3.0471      2.057      2.984    22.7927 0.0000e+00
      2.126      0.130    11.2589    129.164     36.627  34.544834     5.4498      8.407   233.0770 5.7432e+01     3.0006      2.083      3.022    22.6941 0.0000e+00
      2.158      0.133    11.2765    128.900     36.805  34.574302     5.4676      8.358   234.1590 5.4532e+01     2.9740      2.112      3.063    22.5764 0.0000e+00
      2.200      0.132    11.2072    127.758     36.916  34.573402     5.5087      8.318   235.1134 5.0891e+01     2.7251      2.152      3.121    22.4650 0.0000e+00
      2.249      0.129    11.0474    125.768     36.996  34.597320     5.5616      8.284   236.2705 4.7657e+01     2.2802      2.210      3.205    22.3527 0.0000e+00
      2.288      0.129    10.8159    123.021     37.115  34.672864     5.5829      8.249   237.2228 4.6039e+01     2.0505      2.254      3.268    22.1592 0.0000e+00
      2.307      0.132    10.5519    119.790     37.250  34.724525     5.5738      8.212   237.5076 4.5421e+01     2.0841      2.265      3.285    21.9460 0.0000e+00
      2.321      0.136    10.2843    116.420     37.356  34.713690     5.5433      8.179   237.8206 4.4175e+01     2.0759      2.270      3.293    21.7893 0.0000e+00
      2.351      0.140    10.0170    113.083     37.489  34.732256     5.2506      8.151   238.5122 4.1490e+01     1.8909      2.296      3.330    21.7400 0.0000e+00
      2.400      0.148     9.7390    109.701     37.679  34.821813     4.7093      8.123   240.1060 3.8226e+01     1.6778      2.352      3.411    21.7361 0.0000e+00
      2.453      0.158     9.4458    106.196     37.851  34.907123     4.4113      8.097   242.2921 3.5688e+01     1.6050      2.412      3.499    21.6270 0.0000e+00
      2.498      0.161     9.1513    102.704     37.958  34.937875     4.3674      8.073   243.3485 3.3888e+01     1.5912      2.452      3.556    21.4510 0.0000e+00
      2.535      0.154     8.8703     99.389     38.028  34.939451     4.1971      8.052   242.8119 3.2185e+01     1.4806      2.484      3.604    21.3056 0.0000e+00
      2.573      0.140     8.6074     96.300     38.076  34.926096     3.8959      8.033   241.9992 3.0570e+01     1.2750      2.524      3.660    21.1997 0.0000e+00
      2.608      0.130     8.3554     93.355     38.109  34.903362     3.7312      8.013   242.4702 2.9310e+01     1.1494      2.559      3.711    21.1050 0.0000e+00
      2.638      0.127     8.1062     90.450     38.183  34.918594     3.7032      7.987   244.8923 2.8320e+01     1.1216      2.589      3.755    21.0134 0.0000e+00
      2.665      0.133     7.8720     87.683     38.328  34.983155     3.5382      7.954   248.1405 2.7470e+01     1.0609      2.614      3.791    20.9332 0.0000e+00
      2.690      0.144     7.6714     85.226     38.512  35.048667     3.2256      7.922   249.7372 2.6584e+01     0.9644      2.635      3.822    20.8557 0.0000e+00
      2.724      0.155     7.5018     83.026     38.706  35.075356     3.0476      7.896   249.8287 2.5420e+01     0.9015      2.667      3.868    20.7860 0.0000e+00
      2.769      0.164     7.3384     80.840     38.883  35.051566     3.0132      7.875   249.7636 2.4095e+01     0.8802      2.713      3.934    20.7297 0.0000e+00
      2.823      0.169     7.1559     78.470     39.041  35.014856     2.8829      7.855   249.5525 2.2875e+01     0.8591      2.766      4.012    20.6481 0.0000e+00
      2.878      0.170     6.9345     75.713     39.230  35.012374     2.6588      7.834   249.9434 2.1925e+01     0.7993      2.828      4.101    20.5203 0.0000e+00
      2.922      0.167     6.6667     72.426     39.464  35.021329     2.5368      7.812   251.3065 2.1267e+01     0.7373      2.872      4.165    20.3280 0.0000e+00
      2.954      0.164     6.3690     68.786     39.699  34.995831     2.5096      7.790   252.6973 2.0638e+01     0.6898      2.894      4.199    20.0600 0.0000e+00
      2.988      0.164     6.0549     64.975     39.945  34.957860     2.4039      7.770   253.4238 1.9918e+01     0.6515      2.927      4.246    19.8275 0.0000e+00
      3.027      0.166     5.7281     61.045     40.243  34.943011     2.2243      7.750   253.5512 1.9227e+01     0.6712      2.968      4.306    19.6421 0.0000e+00
      3.071      0.171     5.4008     57.145     40.571  34.942980     2.1301      7.732   253.5495 1.8510e+01     0.7139      3.007      4.361    19.3825 0.0000e+00
      3.121      0.173     5.0786     53.373     40.900  34.957122     2.1284      7.714   253.2313 1.7772e+01     0.7407      3.059      4.437    19.0785 0.0000e+00
      3.175      0.169     4.7679     49.817     41.203  34.986618     2.1206      7.696   252.7155 1.7146e+01     0.7507      3.117      4.523    18.7650 0.0000e+00
      3.221      0.163     4.4885     46.671     41.499  35.045244     2.0366      7.679   253.0772 1.6628e+01     0.7433      3.162      4.586    18.4172 0.0000e+00
      3.258      0.157     4.2423     43.913     41.846  35.157550     1.8932      7.661   254.1629 1.6212e+01     0.7426      3.197      4.637    18.0540 0.0000e+00
      3.289      0.150     4.0148     41.345     42.222  35.264407     1.8121      7.643   255.0014 1.5872e+01     0.7428      3.225      4.678    17.7108 0.0000e+00
      3.320      0.142     3.7983     38.886     42.577  35.320637     1.7999      7.626   254.0961 1.5462e+01     0.7153      3.253      4.717    17.4364 0.0000e+00
      3.359      0.136     3.5935     36.591     42.924  35.392458     1.7363      7.610   252.2502 1.4966e+01     0.6844      3.292      4.774    17.2122 0.0000e+00
      3.403      0.134     3.4032     34.513     43.248  35.497302     1.6041      7.592   252.2999 1.4530e+01     0.7051      3.340      4.844    17.0199 0.0000e+00
      3.439      0.137     3.2237     32.591     43.494  35.571735     1.5337      7.569   254.2668 1.4227e+01     0.7524      3.378      4.899    16.7808 0.0000e+00
      3.466      0.144     3.0477     30.719     43.754  35.657036     1.5377      7.542   256.7597 1.3959e+01     0.7373      3.399      4.928    16.4610 0.0000e+00
      3.492      0.153     2.8712     28.826     44.171  35.829756     1.5233      7.516   258.3509 1.3605e+01     0.7053      3.421      4.960    16.1944 0.0000e+00
      3.529      0.160     2.6914     26.878     44.666  36.008258     1.4884      7.494   258.1040 1.3150e+01     0.7010      3.456      5.013    16.0235 0.0000e+00
      3.578      0.166     2.5113     24.934     45.081  36.099859     1.4752      7.476   256.9585 1.2620e+01     0.6860      3.505      5.085    15.8871 0.0000e+00
      3.633      0.170     2.3434     23.148     45.441  36.174701     1.4827      7.460   256.6314 1.2102e+01     0.7064      3.565      5.170    15.7610 0.0000e+00
      3.685      0.170     2.1894     21.539     45.862  36.341185     1.4685      7.439   257.4185 1.1687e+01     0.7949      3.618      5.248    15.5846 0.0000e+00
      3.726      0.169     2.0376     19.979     46.354  36.587985     1.4328      7.414   258.4737 1.1381e+01     0.9022      3.657      5.303    15.3134 0.0000e+00
      3.759      0.168     1.8838     18.403     46.919  36.871620     1.4178      7.388   259.1514 1.1120e+01     0.9652      3.687      5.347    15.0212 0.0000e+00
      3.792      0.168     1.7236     16.755     47.574  37.165795     1.4158      7.365   259.9332 1.0814e+01     0.9773      3.715      5.388    14.7808 0.0000e+00
      3.833      0.171     1.5603     15.079     48.222  37.412854     1.3809      7.344   260.7860 1.0425e+01     0.9577      3.754      5.444    14.6054 0.0000e+00
      3.885      0.172     1.4101     13.552     48.735  37.571442     1.3181      7.324   260.9446 1.0006e+01     0.9410      3.810      5.526    14.4699 0.0000e+00
      3.939      0.171     1.2737     12.189     48.958  37.558272     1.2813      7.305   261.0767 9.6354e+00     0.9282      3.867      5.608    14.3201 0.0000e+00
      3.987      0.168     1.1447     10.919     48.908  37.380470     1.2760      7.283   261.5224 9.3427e+00     0.9245      3.913      5.675    14.0782 0.0000e+00
      4.027      0.164     1.0252      9.752     48.836  37.200321     1.2177      7.257   263.1495 9.1229e+00     1.0494      3.952      5.732    13.7792 0.0000e+00
      4.058      0.162     0.9207      8.730     48.882  37.095265     1.1003      7.232   265.6077 8.9233e+00     1.2792      3.980      5.771    13.5217 0.0000e+00
      4.090      0.161     0.8396      7.931     49.059  37.063024     1.0327      7.210   266.7231 8.6515e+00     1.3829      4.006      5.810    13.3354 0.0000e+00
      4.133      0.157     0.7957      7.486     49.283  37.064425     1.0160      7.193   266.6541 8.3099e+00     1.3271      4.048      5.873    13.2066 0.0000e+00
      4.185      0.153     0.8072      7.573     49.418  37.048485     0.9997      7.178   266.4952 7.9641e+00     1.3064      4.104      5.952    13.0908 0.0000e+00
      4.236      0.152     0.8953      8.385     49.438  36.997215     0.9552      7.160   267.0392 7.6975e+00     1.5286      4.159      6.033    12.9528 0.0000e+00
      4.271      0.155     1.0845     10.135     49.492  36.952695     0.8817      7.138   269.0157 7.5674e+00     1.8778      4.196      6.087    12.7765 0.0000e+00
      4.293      0.160     1.3822     12.878     49.666  36.954802     0.8376      7.114   271.4640 7.4665e+00     2.0497      4.207      6.102    12.5778 0.0000e+00
      4.320      0.162     1.7649     16.400     49.839  36.959012     0.8256      7.093   272.5495 7.2626e+00     2.1117      4.227      6.130    12.4529 0.0000e+00
      4.365      0.162     2.1970     20.379     49.932  36.939935     0.8111      7.078   272.3320 6.9759e+00     2.5053      4.276      6.202    12.4286 0.0000e+00
      4.425      0.162     2.6476     24.535     49.963  36.914632     0.7815      7.065   271.9325 6.6789e+00     3.2081      4.341      6.295    12.3538 0.0000e+00
      4.484      0.164     3.0916     28.637     49.979  36.907135     0.7613      7.050   272.5369 6.4493e+00     3.5888      4.405      6.389    12.1952 0.0000e+00
      4.524      0.165     3.4987     32.402     50.001  36.912793     0.7589      7.032   273.8751 6.3329e+00     3.7208      4.445      6.448    12.0603 0.0000e+00
      4.545      0.162     3.8392     35.545     50.029  36.919507     0.7075      7.016   274.5191 6.2202e+00     4.8039      4.455      6.461    11.9734 0.0000e+00
      4.570      0.157     4.0982     37.930     50.055  36.924763     0.6091      7.004   274.4723 5.9967e+00     6.7359      4.472      6.485    11.9277 0.0000e+00
      4.617      0.154     4.2800     39.603     50.053  36.912796     0.5522      6.995   274.5138 5.7069e+00     7.7627      4.522      6.559    11.9172 0.0000e+00
      4.674      0.156     4.4005     40.713     50.046  36.901862     0.5339      6.983   275.0212 5.4482e+00     7.9109      4.589      6.655    11.9128 0.0000e+00
      4.722      0.161     4.4741     41.390     50.075  36.919613     0.4885      6.968   275.1866 5.2611e+00     8.6193      4.637      6.726    11.8956 0.0000e+00
