Data/DataNotYetUploadedToEDI/Raw_CTD/RawDownloads/072618_bvr50.cnv
* Sea-Bird SBE19plus  Data File:
* FileName = C:\DATA\073018_fcr50_0001.hex
* Software version 2.6.3.104 SB_Terminal.dll
* Temperature SN = 7809
* Conductivity SN = 7809
* System UpLoad Time = Jul 30 2018 16:25:45
* <ApplicationData>
* <Seaterm232>
# nquan = 15
# nvalues = 746                         
# units = specified
# name 0 = depFM: Depth [fresh water, m]
# name 1 = dz/dtM: Descent Rate [m/s]
# name 2 = sbeox0Mg/L: Oxygen, SBE 43 [mg/l]
# name 3 = sbeox0PS: Oxygen, SBE 43 [% saturation]
# name 4 = specc: Specific Conductance [uS/cm]
# name 5 = c0uS/cm: Conductivity [uS/cm]
# name 6 = flECO-AFL: Fluorescence, WET Labs ECO-AFL/FL [mg/m^3]
# name 7 = ph: pH
# name 8 = orp: Oxidation Reduction Potential [mV]
# name 9 = par/sat/log: PAR/Logarithmic, Satlantic
# name 10 = turbWETntu0: Turbidity, WET Labs ECO [NTU]
# name 11 = prdM: Pressure, Strain Gauge [db]
# name 12 = prdE: Pressure, Strain Gauge [psi]
# name 13 = tv290C: Temperature [ITS-90, deg C]
# name 14 = flag:  0.000e+00
# span 0 =     -0.317,      7.100       
# span 1 =     -0.124,      0.126       
# span 2 =    -1.4855,     9.4341       
# span 3 =    -15.712,    114.327       
# span 4 =     28.605,     61.258       
# span 5 =  25.512695,  41.577794       
# span 6 =     1.1670,     9.0614       
# span 7 =      6.685,      8.786       
# span 8 =     4.8403,   199.7000       
# span 9 = 1.2531e-01, 2.4784e+03       
# span 10 =     1.1991,     8.9794      
# span 11 =     -0.315,      6.978      
# span 12 =     -0.456,     10.120      
# span 13 =     8.9090,    25.3732      
# span 14 = 0.0000e+00, 0.0000e+00      
# interval = seconds: 0.25
# start_time = Jul 26 2018 15:11:58 [Instrument's time stamp, header]
# bad_flag = -9.990e-29
*END*
[from data line 675]
      7.033      0.032     0.1024      0.885     59.777  40.570163     1.3267      6.693    26.7469 1.2540e-01     1.2422      6.896     10.002     8.9483 0.0000e+00
      7.044      0.031     0.1000      0.865     59.542  40.414904     1.3569      6.695    26.1573 1.2540e-01     1.2458      6.908     10.019     8.9510 0.0000e+00
      7.055      0.029     0.0974      0.843     59.301  40.263967     1.3713      6.696    25.4858 1.2545e-01     1.2472      6.920     10.036     8.9476 0.0000e+00
      7.063      0.026     0.0979      0.847     59.186  40.206634     1.3721      6.699    24.7368 1.2552e-01     1.2591      6.930     10.050     8.9358 0.0000e+00
      7.067      0.021     0.0992      0.858     59.190  40.230032     1.3932      6.701    24.1562 1.2554e-01     1.2974      6.932     10.053     8.9296 0.0000e+00
      7.070      0.016     0.1001      0.866     59.260  40.292725     1.4249      6.701    23.7138 1.2548e-01     1.3755      6.933     10.055     8.9336 0.0000e+00
      7.073      0.012     0.1001      0.866     59.300  40.329275     1.4334      6.703    23.2602 1.2548e-01     1.4405      6.936     10.060     8.9441 0.0000e+00
      7.076      0.011     0.0984      0.851     59.232  40.290718     1.4324      6.705    22.8017 1.2550e-01     1.4724      6.939     10.065     8.9642 0.0000e+00
      7.079      0.012     0.0959      0.830     59.281  40.334858     1.4395      6.706    22.3853 1.2547e-01     1.4869      6.942     10.069     8.9848 0.0000e+00
      7.081      0.013     0.0959      0.830     59.570  40.545282     1.4465      6.708    22.0972 1.2543e-01     1.4937      6.944     10.071     8.9959 0.0000e+00
      7.084      0.013     0.0971      0.841     59.749  40.674583     1.4427      6.710    21.8141 1.2547e-01     1.4933      6.946     10.075     9.0023 0.0000e+00
      7.087      0.012     0.0954      0.826     59.683  40.627434     1.4303      6.710    21.3716 1.2551e-01     1.4819      6.950     10.079     9.0080 0.0000e+00
      7.092      0.011     0.0929      0.805     59.572  40.547064     1.4618      6.710    20.8761 1.2550e-01     1.5392      6.955     10.086     9.0158 0.0000e+00
      7.096      0.009     0.0939      0.813     59.549  40.528865     1.5295      6.711    20.3832 1.2550e-01     1.6679      6.960     10.095     9.0313 0.0000e+00
      7.098      0.006     0.0947      0.820     59.657  40.598001     1.5599      6.713    19.9719 1.2546e-01     1.7251      6.962     10.098     9.0393 0.0000e+00
      7.098      0.001     0.0924      0.800     59.893  40.747574     1.5540      6.715    19.6038 1.2542e-01     1.6821      6.961     10.096     9.0331 0.0000e+00
      7.098     -0.003     0.0914      0.791     60.204  40.939430     1.4945      6.717    19.1155 1.2546e-01     1.5441      6.960     10.095     9.0284 0.0000e+00
      7.097     -0.007     0.0934      0.808     60.438  41.074997     1.3925      6.718    18.5419 1.2546e-01     1.3686      6.959     10.094     9.0280 0.0000e+00
      7.094     -0.009     0.0948      0.820     60.529  41.115849     1.3312      6.720    18.0028 1.2541e-01     1.2996      6.957     10.090     9.0273 0.0000e+00
      7.091     -0.009     0.0949      0.820     60.549  41.115634     1.3057      6.722    17.5877 1.2542e-01     1.2901      6.954     10.085     9.0180 0.0000e+00
      7.088     -0.009     0.0953      0.823     60.494  41.072380     1.2947      6.724    17.3089 1.2550e-01     1.2535      6.951     10.082     8.9996 0.0000e+00
      7.085     -0.009     0.0957      0.827     60.439  41.037659     1.3176      6.724    17.1265 1.2551e-01     1.2230      6.948     10.077     8.9783 0.0000e+00
      7.083     -0.008     0.0974      0.842     60.575  41.140618     1.3535      6.725    16.8452 1.2546e-01     1.2272      6.946     10.074     8.9590 0.0000e+00
      7.082     -0.007     0.1001      0.866     60.802  41.300580     1.3699      6.726    16.4036 1.2546e-01     1.2442      6.945     10.072     8.9481 0.0000e+00
      7.080     -0.006     0.0995      0.860     60.932  41.383196     1.3771      6.728    15.9162 1.2549e-01     1.2449      6.943     10.070     8.9432 0.0000e+00
      7.079     -0.005     0.0975      0.843     61.034  41.440549     1.3855      6.729    15.4262 1.2551e-01     1.2351      6.943     10.069     8.9444 0.0000e+00
      7.078     -0.005     0.0973      0.841     61.109  41.485670     1.3892      6.731    15.0392 1.2546e-01     1.2477      6.942     10.067     8.9576 0.0000e+00
      7.076     -0.005     0.0973      0.840     61.008  41.420391     1.3853      6.731    14.8502 1.2537e-01     1.2748      6.940     10.065     8.9660 0.0000e+00
      7.075     -0.006     0.0966      0.835     60.711  41.223161     1.3757      6.731    14.7767 1.2534e-01     1.2878      6.938     10.063     8.9580 0.0000e+00
      7.074     -0.006     0.0952      0.823     60.389  41.007259     1.3822      6.732    14.7523 1.2541e-01     1.3451      6.938     10.062     8.9450 0.0000e+00
      7.072     -0.005     0.0931      0.805     60.223  40.906834     1.4093      6.733    14.8133 1.2548e-01     1.4490      6.936     10.059     8.9379 0.0000e+00
      7.070     -0.004     0.0902      0.780     60.181  40.898534     1.4279      6.735    14.7388 1.2552e-01     1.5058      6.933     10.056     8.9455 0.0000e+00
      7.069     -0.004     0.0880      0.762     60.078  40.843384     1.4329      6.736    14.3679 1.2556e-01     1.5129      6.932     10.054     8.9502 0.0000e+00
      7.068     -0.003     0.0884      0.765     59.933  40.748364     1.4319      6.736    13.9433 1.2552e-01     1.5040      6.932     10.053     8.9467 0.0000e+00
      7.068     -0.002     0.0904      0.783     59.864  40.702780     1.4250      6.737    13.6493 1.2545e-01     1.4905      6.932     10.053     8.9563 0.0000e+00
      7.068     -0.001     0.0916      0.793     59.814  40.673490     1.4231      6.737    13.4803 1.2546e-01     1.4720      6.932     10.053     8.9797 0.0000e+00
      7.067     -0.001     0.0919      0.795     59.768  40.648387     1.4286      6.738    13.3619 1.2550e-01     1.4632      6.931     10.052     8.9940 0.0000e+00
      7.067     -0.001     0.0929      0.804     59.867  40.716968     1.4354      6.739    13.1643 1.2552e-01     1.4751      6.931     10.052     8.9931 0.0000e+00
      7.067     -0.001     0.0938      0.812     60.098  40.867295     1.4413      6.741    12.8980 1.2549e-01     1.4637      6.930     10.051     8.9919 0.0000e+00
      7.067     -0.000     0.0944      0.817     60.315  41.004519     1.4448      6.742    12.6375 1.2542e-01     1.4479      6.931     10.052     8.9970 0.0000e+00
      7.067 -1.844e-08     0.0939      0.813     60.475  41.105286     1.4495      6.743    12.3372 1.2539e-01     1.4673      6.931     10.052     9.0044 0.0000e+00
      7.067 -2.029e-07     0.0913      0.790     60.613  41.196061     1.4346      6.743    11.8489 1.2543e-01     1.4838      6.930     10.051     9.0069 0.0000e+00
      7.067 -1.826e-07     0.0889      0.769     60.734  41.276031     1.4019      6.743    11.1211 1.2546e-01     1.4947      6.930     10.051     9.0003 0.0000e+00
      7.067 4.0839e-08     0.0904      0.783     60.798  41.309680     1.3854      6.744    10.5069 1.2541e-01     1.5082      6.930     10.051     8.9882 0.0000e+00
      7.067 4.4923e-07     0.0934      0.808     60.603  41.158090     1.3818      6.745    10.1864 1.2539e-01     1.5240      6.930     10.051     8.9811 0.0000e+00
      7.067      0.000     0.0934      0.807     59.982  40.713999     1.3865      6.745     9.9144 1.2541e-01     1.5334      6.929     10.050     8.9813 0.0000e+00
      7.067      0.000     0.0939      0.812     59.422  40.324531     1.3866      6.746     9.7133 1.2546e-01     1.4997      6.930     10.051     8.9807 0.0000e+00
      7.067      0.001     0.0964      0.833     59.684  40.515667     1.3742      6.747     9.6476 1.2551e-01     1.4834      6.930     10.050     8.9736 0.0000e+00
      7.067      0.002     0.0970      0.838     60.549  41.118772     1.3651      6.747     9.4636 1.2556e-01     1.4885      6.930     10.051     8.9578 0.0000e+00
      7.067      0.003     0.0956      0.826     61.140  41.516683     1.3688      6.747     9.0373 1.2555e-01     1.4701      6.929     10.050     8.9319 0.0000e+00
      7.067      0.004     0.0943      0.815     61.258  41.577794     1.4093      6.747     8.6224 1.2551e-01     1.5048      6.930     10.050     8.9189 0.0000e+00
      7.069      0.004     0.0936      0.808     61.135  41.476374     1.4691      6.746     8.4064 1.2545e-01     1.6028      6.933     10.055     8.9382 0.0000e+00
      7.071      0.004     0.0930      0.803     60.899  41.307106     1.4944      6.746     8.2320 1.2536e-01     1.6778      6.935     10.058     8.9609 0.0000e+00
      7.072      0.003     0.0921      0.795     60.525  41.056216     1.4949      6.745     7.8901 1.2531e-01     1.7107      6.936     10.059     8.9553 0.0000e+00
      7.072      0.002     0.0908      0.785     60.019  40.730396     1.5022      6.745     7.4560 1.2533e-01     1.7253      6.936     10.060     8.9331 0.0000e+00
      7.072      0.001     0.0910      0.787     59.712  40.544746     1.5083      6.745     7.1138 1.2538e-01     1.7323      6.936     10.059     8.9165 0.0000e+00
      7.072      0.000     0.0913      0.789     59.576  40.463633     1.5051      6.746     6.9362 1.2541e-01     1.7346      6.935     10.059     8.9101 0.0000e+00
      7.072 2.0535e-08     0.0905      0.782     59.175  40.194454     1.5001      6.746     6.8564 1.2544e-01     1.7225      6.935     10.058     8.9090 0.0000e+00
      7.072 2.2588e-07     0.0904      0.782     58.535  39.768168     1.4842      6.746     6.5790 1.2543e-01     1.7082      6.935     10.059     8.9256 0.0000e+00
      7.072 2.3092e-07     0.0904      0.783     57.931  39.375931     1.4598      6.746     6.0781 1.2542e-01     1.7139      6.936     10.060     8.9545 0.0000e+00
      7.072 8.1452e-08     0.0904      0.783     57.452  39.073602     1.4446      6.746     5.7043 1.2545e-01     1.7305      6.936     10.059     8.9606 0.0000e+00
      7.072 6.7246e-07     0.0899      0.778     57.184  38.908358     1.4384      6.747     5.5008 1.2545e-01     1.7265      6.935     10.059     8.9584 0.0000e+00
      7.073      0.000     0.0878      0.760     57.163  38.902849     1.4397      6.748     5.2528 1.2549e-01     1.6345      6.936     10.060     8.9641 0.0000e+00
      7.073      0.000     0.0865      0.749     57.312  39.007013     1.4421      6.747     4.9419 1.2551e-01     1.5028      6.936     10.061     8.9808 0.0000e+00
      7.073      0.001     0.0871      0.754     58.089  39.532443     1.4403      6.747     4.8403 1.2545e-01     1.4769      6.936     10.059     9.0075 0.0000e+00
      7.072      0.005     0.0877      0.759     59.511  40.490409     1.4458      6.745     4.8845 1.2541e-01     1.5051      6.937     10.060     9.0206 0.0000e+00
      7.072      0.008     0.0879      0.760     60.263  40.995305     1.4523      6.744     4.8740 1.2546e-01     1.5074      6.934     10.056     9.0279 0.0000e+00
      7.072 -9.990e-29 -9.990e-29 -9.990e-29 -9.990e-29 -9.990e-29 -9.990e-29 -9.990e-29 -9.990e-29 1.2552e-01 -9.990e-29      6.936     10.059     9.0292 0.0000e+00
      7.076 -9.990e-29 -9.990e-29 -9.990e-29 -9.990e-29 -9.990e-29 -9.990e-29 -9.990e-29 -9.990e-29 1.2551e-01 -9.990e-29      6.934     10.058     9.0281 0.0000e+00
      7.090 -9.990e-29 -9.990e-29 -9.990e-29 -9.990e-29 -9.990e-29 -9.990e-29 -9.990e-29 -9.990e-29 1.2551e-01 -9.990e-29      6.951     10.082     9.0179 0.0000e+00
      7.100 -9.990e-29 -9.990e-29 -9.990e-29 -9.990e-29 -9.990e-29 -9.990e-29 -9.990e-29 -9.990e-29 1.2555e-01 -9.990e-29      6.978     10.120     9.0035 0.0000e+00
