Data/DataNotYetUploadedToEDI/Raw_CTD/RawDownloads/072618_bvr50.cnv
* Sea-Bird SBE19plus  Data File:
* FileName = C:\DATA\073018_fcr50_0001.hex
* Software version 2.6.3.104 SB_Terminal.dll
* Temperature SN = 7809
* Conductivity SN = 7809
* System UpLoad Time = Jul 30 2018 16:25:45
* <ApplicationData>
* <Seaterm232>
# nquan = 15
# nvalues = 746                         
# units = specified
# name 0 = depFM: Depth [fresh water, m]
# name 1 = dz/dtM: Descent Rate [m/s]
# name 2 = sbeox0Mg/L: Oxygen, SBE 43 [mg/l]
# name 3 = sbeox0PS: Oxygen, SBE 43 [% saturation]
# name 4 = specc: Specific Conductance [uS/cm]
# name 5 = c0uS/cm: Conductivity [uS/cm]
# name 6 = flECO-AFL: Fluorescence, WET Labs ECO-AFL/FL [mg/m^3]
# name 7 = ph: pH
# name 8 = orp: Oxidation Reduction Potential [mV]
# name 9 = par/sat/log: PAR/Logarithmic, Satlantic
# name 10 = turbWETntu0: Turbidity, WET Labs ECO [NTU]
# name 11 = prdM: Pressure, Strain Gauge [db]
# name 12 = prdE: Pressure, Strain Gauge [psi]
# name 13 = tv290C: Temperature [ITS-90, deg C]
# name 14 = flag:  0.000e+00
# span 0 =     -0.317,      7.100       
# span 1 =     -0.124,      0.126       
# span 2 =    -1.4855,     9.4341       
# span 3 =    -15.712,    114.327       
# span 4 =     28.605,     61.258       
# span 5 =  25.512695,  41.577794       
# span 6 =     1.1670,     9.0614       
# span 7 =      6.685,      8.786       
# span 8 =     4.8403,   199.7000       
# span 9 = 1.2531e-01, 2.4784e+03       
# span 10 =     1.1991,     8.9794      
# span 11 =     -0.315,      6.978      
# span 12 =     -0.456,     10.120      
# span 13 =     8.9090,    25.3732      
# span 14 = 0.0000e+00, 0.0000e+00      
# interval = seconds: 0.25
# start_time = Jul 26 2018 15:11:58 [Instrument's time stamp, header]
# bad_flag = -9.990e-29
*END*
[from data line 193]
     -0.169      0.005     9.0128    109.236     28.792  28.838696     3.1829      8.781   157.0961 2.3132e+03     8.1870     -0.165     -0.240    25.0725 0.0000e+00
     -0.174      0.016     8.9719    108.740     28.828  28.875422     3.1759      8.782   157.7636 2.3257e+03     8.2002     -0.174     -0.253    25.0761 0.0000e+00
     -0.173      0.027     8.9362    108.308     28.853  28.900594     3.1744      8.781   158.4806 2.3096e+03     8.1994     -0.174     -0.254    25.0774 0.0000e+00
     -0.163      0.038     8.9028    107.907     28.841  28.889048     3.1462      8.776   159.0540 2.2898e+03     8.1774     -0.161     -0.234    25.0766 0.0000e+00
     -0.145      0.045     8.8753    107.575     28.815  28.862826     3.0924      8.769   159.3625 2.2793e+03     8.1789     -0.142     -0.206    25.0753 0.0000e+00
     -0.125      0.047     8.8556    107.335     28.790  28.837551     3.0662      8.765   159.4574 2.2533e+03     8.2167     -0.122     -0.177    25.0750 0.0000e+00
     -0.108      0.043     8.8428    107.176     28.790  28.837447     3.0684      8.765   159.5131 2.2165e+03     8.2386     -0.104     -0.151    25.0759 0.0000e+00
     -0.098      0.036     8.8348    107.079     28.814  28.861568     3.0462      8.764   159.6058 2.1923e+03     8.1995     -0.093     -0.135    25.0771 0.0000e+00
     -0.095      0.026     8.8323    107.049     28.828  28.875193     3.0089      8.763   159.6316 2.1827e+03     8.1397     -0.093     -0.134    25.0786 0.0000e+00
     -0.095      0.017     8.8346    107.077     28.828  28.875183     3.0024      8.762   159.5670 2.1510e+03     8.1267     -0.095     -0.139    25.0780 0.0000e+00
     -0.091      0.009     8.8368    107.104     28.814  28.861452     3.0139      8.758   159.5125 2.0712e+03     8.1632     -0.089     -0.130    25.0761 0.0000e+00
     -0.086      0.004     8.8361    107.095     28.789  28.836177     3.0473      8.758   159.5756 1.9958e+03     8.2156     -0.084     -0.120    25.0756 0.0000e+00
     -0.084      0.003     8.8336    107.068     28.776  28.823583     3.1029      8.762   159.7272 1.9619e+03     8.2421     -0.082     -0.118    25.0761 0.0000e+00
     -0.087      0.003     8.8314    107.042     28.788  28.836177     3.1259      8.766   159.7974 1.9171e+03     8.2077     -0.084     -0.122    25.0762 0.0000e+00
     -0.091     -0.001     8.8333    107.064     28.813  28.861452     3.1222      8.766   159.8222 1.8409e+03     8.1970     -0.090     -0.131    25.0753 0.0000e+00
     -0.091     -0.004     8.8427    107.176     28.828  28.875182     3.1139      8.768   159.9408 1.7419e+03     8.2346     -0.094     -0.135    25.0751 0.0000e+00
     -0.084     -0.004     8.8552    107.328     28.828  28.875192     3.0895      8.772   160.1130 1.6763e+03     8.2356     -0.081     -0.117    25.0775 0.0000e+00
     -0.084     -0.001     8.8637    107.430     28.814  28.861567     3.0669      8.775   160.1831 1.7281e+03     8.2096     -0.077     -0.111    25.0784 0.0000e+00
     -0.092      0.002     8.8671    107.470     28.791  28.837437     3.0609      8.777   160.1858 1.7960e+03     8.1946     -0.094     -0.137    25.0762 0.0000e+00
     -0.096      0.002     8.8688    107.489     28.791  28.837438     3.0901      8.778   160.2320 1.7889e+03     8.2058     -0.100     -0.144    25.0759 0.0000e+00
     -0.090      0.003     8.8703    107.505     28.816  28.861580     3.1537      8.778   160.3116 1.5783e+03     8.2229     -0.089     -0.128    25.0764 0.0000e+00
     -0.084      0.005     8.8698    107.498     28.830  28.875329     3.1959      8.778   160.3732 1.1453e+03     8.2189     -0.081     -0.117    25.0761 0.0000e+00
     -0.083      0.007     8.8658    107.448     28.831  28.876682     3.1953      8.777   160.3755 9.3955e+02     8.1881     -0.081     -0.119    25.0756 0.0000e+00
     -0.083      0.008     8.8604    107.389     28.830  28.877941     3.1835      8.773   160.5115 1.0616e+03     8.1551     -0.083     -0.120    25.0734 0.0000e+00
     -0.082      0.004     8.8571    107.364     28.839  28.890547     3.1907      8.768   160.8135 1.2453e+03     8.1560     -0.081     -0.116    25.0727 0.0000e+00
     -0.082     -0.006     8.8567    107.379     28.845  28.902111     3.1995      8.761   160.9294 1.4814e+03     8.1680     -0.082     -0.118    25.0723 0.0000e+00
     -0.080     -0.022     8.8577    107.416     28.826  28.890762     3.1889      8.754   160.5355 1.7274e+03     8.1482     -0.081     -0.117    25.0708 0.0000e+00
     -0.077     -0.042     8.8587    107.455     28.808  28.880342     3.1828      8.751   159.7508 1.8407e+03     8.1606     -0.073     -0.105    25.0744 0.0000e+00
     -0.084     -0.063     8.8626    107.519     28.826  28.903138     3.1523      8.750   158.8417 1.8012e+03     8.2258     -0.074     -0.107    25.0822 0.0000e+00
     -0.110     -0.079     8.8709    107.619     28.836  28.912395     3.0863      8.752   158.0610 1.7657e+03     8.2356     -0.103     -0.150    25.0917 0.0000e+00
     -0.147     -0.088     8.8793    107.714     28.791  28.865268     3.0559      8.756   157.7961 1.7648e+03     8.1872     -0.146     -0.212    25.1057 0.0000e+00
     -0.181     -0.088     8.8861    107.795     28.767  28.841327     3.0610      8.759   157.9623 1.5896e+03     8.1292     -0.179     -0.261    25.1211 0.0000e+00
     -0.208     -0.080     8.8911    107.863     28.800  28.876928     3.0655      8.762   158.1773 1.2432e+03     8.1139     -0.207     -0.300    25.1313 0.0000e+00
     -0.224     -0.065     8.8918    107.882     28.834  28.914714     3.0733      8.766   158.3318 1.1487e+03     8.1540     -0.225     -0.325    25.1294 0.0000e+00
     -0.229     -0.050     8.8874    107.838     28.834  28.917202     3.0736      8.770   158.4533 1.4278e+03     8.1876     -0.227     -0.328    25.1213 0.0000e+00
     -0.233     -0.037     8.8825    107.786     28.823  28.907008     3.0601      8.775   158.5279 1.6689e+03     8.2147     -0.226     -0.329    25.1213 0.0000e+00
     -0.243     -0.026     8.8813    107.774     28.834  28.918470     3.0475      8.779   158.5453 1.7724e+03     8.2686     -0.237     -0.344    25.1270 0.0000e+00
     -0.255     -0.017     8.8813    107.775     28.844  28.928786     3.0498      8.782   158.5769 1.8964e+03     8.3512     -0.253     -0.366    25.1330 0.0000e+00
     -0.262     -0.010     8.8801    107.761     28.820  28.904741     3.0695      8.783   158.6519 1.9877e+03     8.4196     -0.260     -0.378    25.1381 0.0000e+00
     -0.262     -0.001     8.8783    107.737     28.797  28.881744     3.0744      8.781   158.7640 2.0134e+03     8.4245     -0.259     -0.375    25.1416 0.0000e+00
     -0.257      0.014     8.8776    107.727     28.820  28.904732     3.0628      8.775   159.2444 1.9731e+03     8.3492     -0.252     -0.364    25.1426 0.0000e+00
     -0.251      0.033     8.8799    107.754     28.844  28.928673     3.0760      8.767   160.2445 1.7121e+03     8.2417     -0.245     -0.354    25.1427 0.0000e+00
     -0.246      0.053     8.8845    107.803     28.834  28.917212     3.1057      8.762   161.3050 1.3852e+03     8.2227     -0.244     -0.354    25.1426 0.0000e+00
     -0.236      0.071     8.8877    107.821     28.816  28.893167     3.1278      8.757   162.0010 1.1855e+03     8.2718     -0.237     -0.345    25.1420 0.0000e+00
     -0.213      0.085     8.8860    107.778     28.822  28.891937     3.1318      8.754   162.3786 9.3309e+02     8.2554     -0.212     -0.308    25.1394 0.0000e+00
     -0.180      0.092     8.8794    107.688     28.835  28.902329     3.1263      8.754   162.5152 7.3781e+02     8.2082     -0.176     -0.254    25.1409 0.0000e+00
     -0.145      0.092     8.8734    107.616     28.825  28.891814     3.1351      8.758   162.4479 7.4996e+02     8.1893     -0.140     -0.203    25.1423 0.0000e+00
     -0.116      0.082     8.8723    107.607     28.823  28.891804     3.1373      8.763   162.4244 1.0193e+03     8.1803     -0.110     -0.159    25.1274 0.0000e+00
     -0.097      0.066     8.8701    107.582     28.833  28.902204     3.1246      8.768   162.4041 1.5099e+03     8.1908     -0.091     -0.132    25.1118 0.0000e+00
     -0.087      0.045     8.8626    107.490     28.821  28.890555     3.1195      8.773   162.3747 1.8491e+03     8.1929     -0.084     -0.122    25.1080 0.0000e+00
     -0.082      0.024     8.8545    107.389     28.810  28.877961     3.1224      8.777   162.4130 1.8786e+03     8.1757     -0.082     -0.118    25.1103 0.0000e+00
     -0.076      0.007     8.8492    107.317     28.811  28.876929     3.1319      8.778   162.4366 1.7604e+03     8.1959     -0.074     -0.107    25.1137 0.0000e+00
     -0.075     -0.003     8.8484    107.298     28.815  28.878074     3.1418      8.778   162.4883 1.6875e+03     8.2238     -0.069     -0.101    25.1139 0.0000e+00
     -0.082     -0.006     8.8522    107.342     28.830  28.891806     3.1408      8.778   162.6943 1.7058e+03     8.2073     -0.080     -0.116    25.1132 0.0000e+00
     -0.092     -0.006     8.8574    107.416     28.851  28.915956     3.1297      8.777   162.9486 1.7360e+03     8.1808     -0.093     -0.134    25.1128 0.0000e+00
     -0.097     -0.004     8.8621    107.489     28.846  28.916070     3.1262      8.776   162.9811 1.7568e+03     8.1776     -0.098     -0.141    25.1090 0.0000e+00
     -0.095     -0.001     8.8661    107.548     28.820  28.893187     3.1367      8.777   162.9154 1.7688e+03     8.1995     -0.096     -0.138    25.1021 0.0000e+00
     -0.088      0.003     8.8696    107.593     28.820  28.893292     3.1272      8.777   163.0149 1.7433e+03     8.2012     -0.087     -0.125    25.0999 0.0000e+00
     -0.082      0.004     8.8706    107.604     28.844  28.917338     3.0846      8.776   163.2375 1.7038e+03     8.1681     -0.078     -0.113    25.1067 0.0000e+00
     -0.082      0.001     8.8668    107.557     28.856  28.929923     3.0534      8.774   163.4556 1.6897e+03     8.1648     -0.078     -0.113    25.1170 0.0000e+00
     -0.086     -0.004     8.8605    107.478     28.846  28.918453     3.0625      8.771   163.5870 1.6896e+03     8.1922     -0.085     -0.124    25.1225 0.0000e+00
     -0.089     -0.008     8.8563    107.425     28.834  28.905658     3.0936      8.766   163.6220 1.7020e+03     8.1945     -0.089     -0.129    25.1226 0.0000e+00
     -0.091     -0.010     8.8560    107.423     28.830  28.902214     3.1171      8.764   163.5345 1.7100e+03     8.1922     -0.088     -0.128    25.1217 0.0000e+00
     -0.095     -0.010     8.8582    107.453     28.803  28.876815     3.1175      8.763   163.3893 1.7091e+03     8.1952     -0.093     -0.134    25.1217 0.0000e+00
     -0.099     -0.006     8.8625    107.510     28.778  28.852569     3.1167      8.761   163.4143 1.7112e+03     8.1997     -0.099     -0.144    25.1204 0.0000e+00
     -0.100     -0.003     8.8683    107.582     28.788  28.863064     3.1257      8.761   163.4933 1.7009e+03     8.2158     -0.098     -0.140    25.1183 0.0000e+00
     -0.101     -0.003     8.8713    107.617     28.802  28.876709     3.1251      8.765   163.4845 1.6859e+03     8.2069     -0.100     -0.144    25.1189 0.0000e+00
     -0.100     -0.004     8.8694    107.595     28.816  28.890542     3.1181      8.769   163.5659 1.7071e+03     8.1837     -0.102     -0.149    25.1216 0.0000e+00
     -0.094     -0.007     8.8652    107.547     28.828  28.903327     3.1148      8.773   163.7892 1.7637e+03     8.1792     -0.087     -0.127    25.1250 0.0000e+00
     -0.094     -0.010     8.8599    107.485     28.828  28.904283     3.1136      8.776   163.9475 1.8016e+03     8.1838     -0.088     -0.128    25.1258 0.0000e+00
     -0.103     -0.012     8.8545    107.421     28.825  28.902098     3.1211      8.778   163.9307 1.7809e+03     8.1781     -0.104     -0.151    25.1234 0.0000e+00
     -0.111     -0.012     8.8521    107.391     28.800  28.876916     3.1322      8.780   163.9307 1.5375e+03     8.1721     -0.110     -0.160    25.1236 0.0000e+00
     -0.115     -0.010     8.8544    107.411     28.779  28.853806     3.1281      8.782   164.0335 1.1347e+03     8.1716     -0.112     -0.163    25.1259 0.0000e+00
     -0.117     -0.002     8.8616    107.481     28.807  28.876679     3.1268      8.783   164.1414 1.1336e+03     8.1720     -0.116     -0.169    25.1273 0.0000e+00
     -0.117      0.011     8.8711    107.576     28.836  28.899467     3.1525      8.781   164.2029 1.5284e+03     8.2382     -0.116     -0.168    25.1278 0.0000e+00
     -0.115      0.025     8.8782    107.638     28.819  28.875317     3.1820      8.778   164.2601 1.7660e+03     8.3616     -0.114     -0.165    25.1289 0.0000e+00
     -0.109      0.037     8.8818    107.664     28.788  28.838675     3.1897      8.776   164.1447 1.7885e+03     8.4123     -0.111     -0.161    25.1252 0.0000e+00
     -0.095      0.052     8.8841    107.685     28.788  28.837425     3.1899      8.773   163.8393 1.6769e+03     8.3938     -0.094     -0.137    25.1158 0.0000e+00
     -0.077      0.071     8.8836    107.677     28.812  28.860204     3.2218      8.767   163.6656 1.5078e+03     8.5039     -0.075     -0.109    25.1049 0.0000e+00
     -0.060      0.091     8.8793    107.617     28.813  28.860081     3.2812      8.762   163.5932 1.4969e+03     8.7359     -0.058     -0.085    25.0899 0.0000e+00
     -0.041      0.104     8.8727    107.517     28.795  28.835939     3.3202      8.763   163.5666 1.4730e+03     8.8494     -0.043     -0.062    25.0809 0.0000e+00
     -0.010      0.109     8.8657    107.407     28.789  28.822294     3.3261      8.767   163.5159 1.1727e+03     8.8387     -0.018     -0.026    25.0788 0.0000e+00
      0.034      0.105     8.8615    107.342     28.793  28.822096     3.3427      8.770   163.4102 8.0795e+02     8.7277      0.036      0.052    25.0794 0.0000e+00
      0.074      0.095     8.8624    107.348     28.806  28.833538     3.3930      8.773   163.4939 6.6940e+02     8.5456      0.083      0.119    25.0788 0.0000e+00
      0.096      0.078     8.8684    107.418     28.807  28.833633     3.4283      8.775   163.7529 7.0128e+02     8.4378      0.095      0.138    25.0656 0.0000e+00
      0.106      0.056     8.8789    107.543     28.797  28.823251     3.4378      8.776   163.9614 7.2327e+02     8.4004      0.105      0.152    25.0499 0.0000e+00
      0.111      0.034     8.8914    107.699     28.808  28.835006     3.4447      8.776   164.1217 6.8651e+02     8.3993      0.111      0.161    25.0433 0.0000e+00
      0.115      0.019     8.9016    107.831     28.819  28.848764     3.4474      8.776   164.3140 6.4508e+02     8.3637      0.112      0.163    25.0423 0.0000e+00
      0.118      0.011     8.9052    107.884     28.830  28.862600     3.4523      8.776   164.4800 6.3741e+02     8.2745      0.117      0.170    25.0412 0.0000e+00
      0.119      0.006     8.8994    107.818     28.841  28.875300     3.4573      8.776   164.5801 7.0196e+02     8.2364      0.116      0.169    25.0394 0.0000e+00
      0.119      0.003     8.8869    107.671     28.840  28.875319     3.4532      8.776   164.6632 7.7647e+02     8.2389      0.115      0.168    25.0412 0.0000e+00
      0.120      0.002     8.8745    107.526     28.826  28.862830     3.4301      8.775   164.7971 7.4742e+02     8.2741      0.118      0.171    25.0472 0.0000e+00
      0.120      0.001     8.8638    107.404     28.812  28.851294     3.3977      8.775   164.9077 6.9489e+02     8.3566      0.119      0.172    25.0521 0.0000e+00
      0.119      0.002     8.8571    107.328     28.822  28.862839     3.3837      8.776   164.9682 7.2814e+02     8.4127      0.117      0.170    25.0536 0.0000e+00
      0.119      0.006     8.8552    107.305     28.835  28.875424     3.3898      8.776   165.0991 8.1818e+02     8.4340      0.116      0.169    25.0547 0.0000e+00
      0.119      0.011     8.8556    107.309     28.836  28.876466     3.4068      8.775   165.2003 8.7308e+02     8.4306      0.117      0.170    25.0580 0.0000e+00
