Data/DataNotYetUploadedToEDI/Raw_CTD/RawDownloads/072618_fcr50.cnv
* Sea-Bird SBE19plus  Data File:
* FileName = C:\DATA\073018_fcr50_0002.hex
* Software version 2.6.3.104 SB_Terminal.dll
* Temperature SN = 7809
* Conductivity SN = 7809
* System UpLoad Time = Jul 30 2018 16:26:04
* <ApplicationData>
* <Seaterm232>
# nquan = 15
# nvalues = 523                         
# units = specified
# name 0 = depFM: Depth [fresh water, m]
# name 1 = dz/dtM: Descent Rate [m/s]
# name 2 = sbeox0Mg/L: Oxygen, SBE 43 [mg/l]
# name 3 = sbeox0PS: Oxygen, SBE 43 [% saturation]
# name 4 = specc: Specific Conductance [uS/cm]
# name 5 = c0uS/cm: Conductivity [uS/cm]
# name 6 = flECO-AFL: Fluorescence, WET Labs ECO-AFL/FL [mg/m^3]
# name 7 = ph: pH
# name 8 = orp: Oxidation Reduction Potential [mV]
# name 9 = par/sat/log: PAR/Logarithmic, Satlantic
# name 10 = turbWETntu0: Turbidity, WET Labs ECO [NTU]
# name 11 = prdM: Pressure, Strain Gauge [db]
# name 12 = prdE: Pressure, Strain Gauge [psi]
# name 13 = tv290C: Temperature [ITS-90, deg C]
# name 14 = flag:  0.000e+00
# span 0 =     -0.551,      9.678       
# span 1 =     -0.053,      0.224       
# span 2 =     0.7957,    11.2927       
# span 3 =      7.486,    142.527       
# span 4 =      3.000,     50.206       
# span 5 =   3.553398,  41.392829       
# span 6 =    -0.6302,     5.5829       
# span 7 =      6.295,      9.025       
# span 8 = -1240.7455,   305.8039       
# span 9 = 1.2499e-01, 2.3484e+03       
# span 10 =    -0.7756,    12.1312      
# span 11 =     -0.541,      9.491      
# span 12 =     -0.785,     13.766      
# span 13 =    11.7956,    34.2287      
# span 14 = 0.0000e+00, 0.0000e+00      
# interval = seconds: 0.25
# start_time = Jul 26 2018 19:31:27 [Instrument's time stamp, header]
# bad_flag = -9.990e-29
*END*
     -0.551 -4.313e-20     7.2350    102.798      3.000   3.553398    -0.1952      6.775 -1113.9165 2.2865e+03    -0.3516     -0.540     -0.783    34.2285 0.0000e+00
     -0.551 -3.921e-21     7.2353    102.801      3.021   3.579136    -0.1894      6.739 -1122.9143 2.2310e+03    -0.3661     -0.540     -0.783    34.2284 0.0000e+00
     -0.551 -3.565e-22     7.2358    102.807      3.046   3.608679    -0.1778      6.697 -1137.5860 2.2208e+03    -0.3576     -0.540     -0.783    34.2287 0.0000e+00
     -0.551 -3.241e-23     7.2355    102.802      3.087   3.656917    -0.1746      6.652 -1174.8133 2.2339e+03    -0.4623     -0.540     -0.784    34.2284 0.0000e+00
     -0.551 -2.946e-24     7.2364    102.811      3.193   3.781870    -0.1779      6.598 -1218.2869 2.2486e+03    -0.6862     -0.540     -0.784    34.2279 0.0000e+00
     -0.551 -2.678e-25     7.2378    102.827      3.305   3.914503    -0.1811      6.578 -1238.7038 2.3053e+03    -0.7756     -0.540     -0.783    34.2275 0.0000e+00
     -0.551 -2.434e-26     7.2375    102.820      3.370   3.992179    -0.1860      6.594 -1240.5599 2.3388e+03    -0.7189     -0.540     -0.784    34.2269 0.0000e+00
     -0.551 -2.197e-27     7.2370    102.810      3.397   4.023436    -0.2098      6.628 -1240.7286 2.3334e+03    -0.5193     -0.540     -0.784    34.2267 0.0000e+00
     -0.551 -2.183e-29     7.2376    102.817      3.410   4.038751    -0.2473      6.661 -1240.7439 2.3484e+03    -0.1633     -0.541     -0.784    34.2244 0.0000e+00
     -0.551 1.9548e-27     7.2381    102.823      3.420   4.050511    -0.2636      6.681 -1240.7454 2.3338e+03     0.0760     -0.540     -0.784    34.2207 0.0000e+00
     -0.551 2.1702e-26     7.2380    102.821      3.410   4.038783    -0.2508      6.693 -1240.7455 1.8463e+03     0.1163     -0.540     -0.784    34.2190 0.0000e+00
     -0.551 2.3874e-25     7.2385    102.823      3.398   4.023783    -0.2204      6.698 -1240.7455 1.0767e+03    -0.1045     -0.540     -0.784    34.2183 0.0000e+00
     -0.551 2.6262e-24     7.2386    102.818      3.374   3.995990    -0.1906      6.701 -1240.7455 1.1486e+03    -0.5183     -0.541     -0.785    34.2174 0.0000e+00
     -0.551 2.8888e-23     7.2386    102.812      3.341   3.956421    -0.1848      6.706 -1240.7455 1.5019e+03    -0.7363     -0.540     -0.784    34.2173 0.0000e+00
     -0.551 3.1777e-22     7.2400    102.823      3.315   3.925880    -0.1967      6.707 -1240.7455 1.4409e+03    -0.7568     -0.540     -0.783    34.2168 0.0000e+00
     -0.551 3.4955e-21     7.2416    102.834      3.277   3.880394    -0.2142      6.702 -1240.7455 1.7262e+03    -0.6748     -0.540     -0.784    34.2140 0.0000e+00
     -0.551 3.8450e-20     7.2422    102.834      3.252   3.850395    -0.2403      6.699 -1240.7455 1.6683e+03    -0.4768     -0.541     -0.783    34.2100 0.0000e+00
     -0.551 4.2295e-19     7.2428    102.837      3.277   3.880259    -0.2543      6.704 -1240.7455 8.4079e+02    -0.3161     -0.540     -0.784    34.2065 0.0000e+00
     -0.551 4.6524e-18     7.2438    102.847      3.315   3.924381    -0.2461      6.713 -1240.7455 3.3373e+02    -0.2576     -0.541     -0.784    34.2013 0.0000e+00
     -0.551 5.1177e-17     7.2443    102.851      3.329   3.939932    -0.2238      6.721 -1240.7455 2.7003e+02    -0.2875     -0.541     -0.784    34.1936 0.0000e+00
     -0.551 5.6295e-16     7.2436    102.840      3.330   3.941448    -0.1963      6.723 -1240.7455 2.6084e+02    -0.3424     -0.540     -0.783    34.1875 0.0000e+00
     -0.551 6.1924e-15     7.2427    102.828      3.331   3.942711    -0.1798      6.724 -1240.7455 2.6313e+02    -0.3717     -0.540     -0.783    34.1849 0.0000e+00
     -0.550 6.8116e-14     7.2423    102.822      3.341   3.955198    -0.1716      6.724 -1240.7455 2.6587e+02    -0.3982     -0.539     -0.782    34.1830 0.0000e+00
     -0.550 7.4928e-13     7.2418    102.814      3.350   3.965586    -0.1706      6.724 -1240.7455 2.6854e+02    -0.3878     -0.540     -0.783    34.1811 0.0000e+00
     -0.550 8.2421e-12     7.2414    102.807      3.330   3.941477    -0.1776      6.723 -1240.7455 3.0788e+02    -0.3383     -0.540     -0.783    34.1810 0.0000e+00
     -0.550 9.0663e-11     7.2413    102.803      3.310   3.917379    -0.1815      6.721 -1240.7455 7.5536e+02    -0.3182     -0.539     -0.782    34.1817 0.0000e+00
     -0.550 9.9729e-10     7.2417    102.805      3.319   3.927891    -0.1813      6.716 -1240.7454 1.1361e+03    -0.3585     -0.539     -0.782    34.1815 0.0000e+00
     -0.550 1.0970e-08     7.2426    102.814      3.330   3.941745    -0.1842      6.703 -1240.7443 6.6546e+02    -0.3985     -0.539     -0.782    34.1808 0.0000e+00
     -0.550 1.2067e-07     7.2439    102.829      3.344   3.958049    -0.1893      6.693 -1240.7323 1.7451e+02    -0.3743     -0.539     -0.782    34.1787 0.0000e+00
     -0.550      0.000     7.2451    102.840      3.378   3.998172    -0.1881      6.696 -1240.6003 1.4251e+02    -0.3404     -0.539     -0.782    34.1785 0.0000e+00
     -0.550      0.000     7.2451    102.835      3.419   4.046351    -0.1883      6.714 -1239.1485 4.0196e+02    -0.3546     -0.539     -0.782    34.1763 0.0000e+00
     -0.549      0.000     7.2442    102.819      3.516   4.160047    -0.1914      6.737 -1223.1783 8.0529e+02    -0.3932     -0.539     -0.781    34.1749 0.0000e+00
     -0.549      0.002     7.2450    102.808      4.331   5.119178    -0.1882      6.771 -1047.5058 8.4900e+02    -0.3499     -0.539     -0.781    34.1706 0.0000e+00
     -0.550      0.009     7.2620    102.813      9.207  10.822951    -0.1772      6.913  -555.4053 8.2956e+02    -0.1976     -0.539     -0.782    34.1706 0.0000e+00
     -0.550      0.029     7.3344    102.861     19.243  22.364061    -0.1687      7.222    -4.3593 8.3909e+02    -0.1071     -0.539     -0.782    34.1621 0.0000e+00
     -0.549      0.059     7.4682    102.960     29.536  33.790237    -0.1865      7.609   252.3173 4.9140e+02    -0.1415     -0.538     -0.780    34.1701 0.0000e+00
     -0.544      0.097     7.6059    103.059     35.756  40.281319    -0.3099      7.994   289.1750 2.1520e+02    -0.3076     -0.540     -0.784    34.1555 0.0000e+00
     -0.518      0.142     7.7197    103.136     37.238  41.392829    -0.5121      8.309   287.4455 2.3100e+02    -0.5595     -0.521     -0.756    34.1776 0.0000e+00
     -0.466      0.184     7.8301    103.244     36.705  40.241986    -0.6183      8.496   282.4272 5.9102e+02    -0.6850     -0.457     -0.663    33.6970 0.0000e+00
     -0.404      0.212     7.9425    103.455     36.517  39.518125    -0.6302      8.580   276.6820 1.2659e+03    -0.6654     -0.396     -0.575    32.3768 0.0000e+00
     -0.335      0.224     8.0432    103.775     36.578  39.183942    -0.5724      8.635   272.3569 1.7926e+03    -0.2006     -0.336     -0.488    31.2826 0.0000e+00
     -0.259      0.221     8.1267    104.165     36.779  39.123274     0.1534      8.700   270.5711 2.1206e+03     1.1210     -0.248     -0.359    30.5871 0.0000e+00
     -0.197      0.207     8.1972    104.625     37.045  39.228885     1.4830      8.753   270.7493 2.2875e+03     2.4652     -0.182     -0.263    29.7894 0.0000e+00
     -0.160      0.188     8.2558    105.118     37.224  39.317025     2.2054      8.781   270.7258 2.3169e+03     2.9594     -0.158     -0.228    29.0350 0.0000e+00
     -0.126      0.167     8.3015    105.563     37.319  39.362896     2.2618      8.794   269.1682 2.3295e+03     3.0072     -0.128     -0.187    28.4958 0.0000e+00
     -0.084      0.148     8.3372    105.933     37.449  39.465765     2.3027      8.792   266.5428 2.2888e+03     3.0740     -0.080     -0.117    28.1362 0.0000e+00
     -0.043      0.134     8.3637    106.208     37.668  39.671290     2.3968      8.779   264.3648 1.8318e+03     3.1870     -0.039     -0.057    27.9049 0.0000e+00
     -0.009      0.123     8.3720    106.283     37.695  39.687687     2.4530      8.778   262.6232 9.4421e+02     3.2445     -0.007     -0.011    27.7834 0.0000e+00
      0.020      0.109     8.3136    105.540     37.371  39.346324     2.4579      8.793   261.4886 4.8614e+02     3.2199      0.020      0.029    27.7221 0.0000e+00
      0.047      0.092     8.1831    103.887     37.076  39.038223     2.4293      8.805   260.8846 5.2941e+02     3.1035      0.048      0.070    27.6855 0.0000e+00
      0.068      0.070     8.1262    103.152     36.935  38.884980     2.3640      8.808   259.2783 4.9577e+02     2.9045      0.071      0.102    27.6450 0.0000e+00
      0.082      0.044     8.2256    104.358     36.780  38.700574     2.3306      8.811   257.1240 5.4003e+02     2.7976      0.079      0.115    27.6320 0.0000e+00
      0.097      0.016     8.3888    106.343     36.705  38.587412     2.3379      8.814   255.5724 7.7263e+02     2.7885      0.096      0.139    27.6360 0.0000e+00
      0.105     -0.008     8.5472    108.278     36.741  38.596724     2.3699      8.816   253.7677 9.2986e+02     2.7944      0.114      0.164    27.6406 0.0000e+00
      0.092     -0.027     8.6973    110.171     36.769  38.622526     2.4238      8.821   251.8231 1.0334e+03     2.8070      0.096      0.140    27.6423 0.0000e+00
      0.068     -0.038     8.8561    112.244     36.830  38.708785     2.4472      8.827   251.0749 1.1747e+03     2.8200      0.061      0.089    27.6110 0.0000e+00
      0.049     -0.042     9.0221    114.442     37.018  38.940868     2.4502      8.830   250.6581 1.3312e+03     2.8291      0.046      0.067    27.5542 0.0000e+00
      0.038     -0.038     9.1372    115.989     37.179  39.141552     2.4970      8.830   249.7958 1.5423e+03     2.8246      0.037      0.054    27.5062 0.0000e+00
      0.032     -0.027     9.1520    116.239     37.120  39.102282     2.5800      8.830   249.2524 1.6731e+03     2.7965      0.029      0.041    27.4985 0.0000e+00
      0.030     -0.016     9.0892    115.484     36.984  38.974345     2.6271      8.830   247.7870 1.6581e+03     2.7644      0.029      0.043    27.5390 0.0000e+00
      0.030     -0.008     8.9967    114.353     36.926  38.928860     2.6349      8.830   244.8982 1.6741e+03     2.7719      0.031      0.046    27.5929 0.0000e+00
      0.028     -0.007     8.8850    112.971     36.917  38.933547     2.6284      8.835   242.8893 1.6978e+03     2.7956      0.027      0.040    27.6394 0.0000e+00
      0.028     -0.011     8.7408    111.154     36.883  38.903983     2.6033      8.845   242.4258 1.6509e+03     2.8062      0.025      0.038    27.6680 0.0000e+00
      0.030     -0.019     8.5637    108.903     36.808  38.825536     2.5886      8.855   242.4775 1.6651e+03     2.8087      0.031      0.045    27.6833 0.0000e+00
      0.028     -0.028     8.3853    106.638     36.793  38.810961     2.5888      8.861   241.3639 1.7401e+03     2.7959      0.031      0.045    27.7058 0.0000e+00
      0.017     -0.036     8.2404    104.802     36.832  38.854815     2.5782      8.862   238.6832 1.7781e+03     2.7735      0.019      0.028    27.7297 0.0000e+00
      0.000     -0.045     8.1239    103.326     36.883  38.911064     2.5251      8.861   236.4795 1.7851e+03     2.7810     -0.002     -0.002    27.7366 0.0000e+00
     -0.015     -0.052     8.0069    101.840     36.950  38.982804     2.4339      8.861   235.7134 1.7764e+03     2.7959     -0.017     -0.024    27.7315 0.0000e+00
     -0.025     -0.053     7.8805    100.232     36.989  39.023378     2.3847      8.863   235.6148 1.7647e+03     2.7702     -0.024     -0.034    27.7352 0.0000e+00
     -0.039     -0.048     7.7663     98.785     37.044  39.083987     2.3901      8.867   235.6310 1.7593e+03     2.7757     -0.036     -0.052    27.7408 0.0000e+00
     -0.056     -0.039     7.6870     97.814     37.146  39.207358     2.3974      8.865   235.7374 1.7594e+03     2.8320     -0.055     -0.081    27.7421 0.0000e+00
     -0.071     -0.029     7.6401     97.282     37.215  39.307973     2.4002      8.856   235.2668 1.7608e+03     2.8407     -0.073     -0.106    27.7445 0.0000e+00
     -0.077     -0.024     7.6021     96.893     37.214  39.347563     2.3963      8.850   233.7273 1.7584e+03     2.7893     -0.079     -0.115    27.7435 0.0000e+00
     -0.074     -0.021     7.5661     96.584     37.172  39.368446     2.3959      8.851   232.0935 1.7530e+03     2.7598     -0.073     -0.106    27.7386 0.0000e+00
     -0.069     -0.020     7.5569     96.641     37.102  39.369981     2.4505      8.857   231.2580 1.7518e+03     2.7893     -0.063     -0.093    27.7614 0.0000e+00
     -0.071     -0.021     7.5933     97.239     37.044  39.366239     2.5418      8.865   231.4551 1.7519e+03     2.8100     -0.067     -0.096    27.8049 0.0000e+00
     -0.083     -0.022     7.6543     98.096     37.033  39.386823     2.5809      8.874   231.9816 1.7564e+03     2.7968     -0.082     -0.119    27.8427 0.0000e+00
     -0.098     -0.020     7.7019     98.740     37.058  39.428310     2.5739      8.881   231.6002 1.7699e+03     2.7818     -0.098     -0.142    27.9418 0.0000e+00
     -0.108     -0.013     7.7175     98.960     37.106  39.486677     2.5585      8.885   230.3714 1.7814e+03     2.7515     -0.109     -0.157    28.0654 0.0000e+00
     -0.111     -0.001     7.7052     98.855     37.116  39.520746     2.5330      8.885   229.1707 1.7880e+03     2.7351     -0.112     -0.162    28.1385 0.0000e+00
     -0.106      0.012     7.6757     98.614     37.063  39.522604     2.5225      8.885   229.5587 1.7902e+03     2.7362     -0.107     -0.154    28.1805 0.0000e+00
     -0.096      0.025     7.6318     98.239     36.975  39.509240     2.5234      8.885   231.1904 1.7881e+03     2.7346     -0.094     -0.137    28.1953 0.0000e+00
     -0.086      0.039     7.5769     97.659     36.902  39.486362     2.4701      8.879   231.6058 1.7845e+03     2.8069     -0.084     -0.122    28.1972 0.0000e+00
     -0.078      0.052     7.5211     96.956     36.908  39.500202     2.3742      8.870   230.6230 1.7774e+03     2.9382     -0.076     -0.110    28.2104 0.0000e+00
     -0.069      0.062     7.4711     96.250     36.979  39.549529     2.3291      8.863   229.4600 1.7699e+03     3.0103     -0.071     -0.103    28.2945 0.0000e+00
     -0.052      0.069     7.4241     95.554     37.040  39.574454     2.3287      8.858   228.9015 1.7640e+03     3.0069     -0.057     -0.082    28.4399 0.0000e+00
     -0.026      0.071     7.3724     94.804     37.050  39.547372     2.3236      8.853   229.5484 1.7525e+03     2.9585     -0.025     -0.036    28.5228 0.0000e+00
      0.001      0.068     7.3161     94.012     37.011  39.476157     2.3137      8.853   230.8288 1.6874e+03     2.9142      0.005      0.006    28.5189 0.0000e+00
      0.022      0.059     7.2750     93.410     36.983  39.412219     2.3103      8.858   231.1325 1.5856e+03     2.9282      0.024      0.035    28.4761 0.0000e+00
      0.035      0.045     7.2751     93.313     37.021  39.409577     2.3193      8.865   230.4673 1.5719e+03     2.9757      0.036      0.053    28.4112 0.0000e+00
      0.041      0.028     7.3152     93.722     37.098  39.444132     2.3298      8.875   229.8413 1.6216e+03     2.9700      0.042      0.062    28.3588 0.0000e+00
      0.043      0.012     7.3684     94.304     37.144  39.448757     2.3732      8.883   229.1553 1.6405e+03     2.8589      0.042      0.062    28.3260 0.0000e+00
      0.044      0.000     7.4176     94.847     37.136  39.401901     2.4578      8.884   228.4544 1.6480e+03     2.7609      0.043      0.063    28.2850 0.0000e+00
      0.044     -0.009     7.4705     95.452     37.091  39.322262     2.5079      8.885   228.4215 1.6438e+03     2.7623      0.045      0.065    28.2203 0.0000e+00
      0.039     -0.014     7.5420     96.303     37.047  39.248194     2.5191      8.891   228.7584 1.6442e+03     2.7839      0.038      0.056    28.1527 0.0000e+00
      0.032     -0.015     7.6420     97.518     37.032  39.205174     2.5570      8.900   228.6554 1.6984e+03     2.8397      0.032      0.046    28.0943 0.0000e+00
