Data/DataNotYetUploadedToEDI/Raw_CTD/RawDownloads/072618_fcr50.cnv
* Sea-Bird SBE19plus  Data File:
* FileName = C:\DATA\073018_fcr50_0002.hex
* Software version 2.6.3.104 SB_Terminal.dll
* Temperature SN = 7809
* Conductivity SN = 7809
* System UpLoad Time = Jul 30 2018 16:26:04
* <ApplicationData>
* <Seaterm232>
# nquan = 15
# nvalues = 523                         
# units = specified
# name 0 = depFM: Depth [fresh water, m]
# name 1 = dz/dtM: Descent Rate [m/s]
# name 2 = sbeox0Mg/L: Oxygen, SBE 43 [mg/l]
# name 3 = sbeox0PS: Oxygen, SBE 43 [% saturation]
# name 4 = specc: Specific Conductance [uS/cm]
# name 5 = c0uS/cm: Conductivity [uS/cm]
# name 6 = flECO-AFL: Fluorescence, WET Labs ECO-AFL/FL [mg/m^3]
# name 7 = ph: pH
# name 8 = orp: Oxidation Reduction Potential [mV]
# name 9 = par/sat/log: PAR/Logarithmic, Satlantic
# name 10 = turbWETntu0: Turbidity, WET Labs ECO [NTU]
# name 11 = prdM: Pressure, Strain Gauge [db]
# name 12 = prdE: Pressure, Strain Gauge [psi]
# name 13 = tv290C: Temperature [ITS-90, deg C]
# name 14 = flag:  0.000e+00
# span 0 =     -0.551,      9.678       
# span 1 =     -0.053,      0.224       
# span 2 =     0.7957,    11.2927       
# span 3 =      7.486,    142.527       
# span 4 =      3.000,     50.206       
# span 5 =   3.553398,  41.392829       
# span 6 =    -0.6302,     5.5829       
# span 7 =      6.295,      9.025       
# span 8 = -1240.7455,   305.8039       
# span 9 = 1.2499e-01, 2.3484e+03       
# span 10 =    -0.7756,    12.1312      
# span 11 =     -0.541,      9.491      
# span 12 =     -0.785,     13.766      
# span 13 =    11.7956,    34.2287      
# span 14 = 0.0000e+00, 0.0000e+00      
# interval = seconds: 0.25
# start_time = Jul 26 2018 19:31:27 [Instrument's time stamp, header]
# bad_flag = -9.990e-29
*END*
[from data line 482]
      9.068      0.213     4.0892     37.775     50.078  36.857947     0.3247      6.323   305.2769 1.2506e-01    12.0593      8.897     12.903    11.8010 0.0000e+00
      9.116      0.203     4.0902     37.785     50.091  36.867727     0.3334      6.323   304.3919 1.2511e-01    12.0458      8.935     12.959    11.8002 0.0000e+00
      9.170      0.185     4.0894     37.777     50.068  36.849767     0.3312      6.324   303.7081 1.2516e-01    12.0039      8.990     13.038    11.7988 0.0000e+00
      9.225      0.170     4.0893     37.775     50.043  36.831382     0.3164      6.324   303.8058 1.2520e-01    12.0104      9.054     13.130    11.7983 0.0000e+00
      9.268      0.164     4.0918     37.798     50.049  36.836013     0.2827      6.320   304.5403 1.2520e-01    12.0648      9.095     13.192    11.7982 0.0000e+00
      9.295      0.165     4.0953     37.829     50.058  36.842235     0.2722      6.314   305.0183 1.2516e-01    12.0810      9.116     13.221    11.7980 0.0000e+00
      9.320      0.165     4.1003     37.876     50.060  36.843079     0.2815      6.309   305.2824 1.2515e-01    12.0538      9.136     13.249    11.7976 0.0000e+00
      9.360      0.162     4.1042     37.911     50.065  36.846213     0.2757      6.308   305.1529 1.2515e-01    12.0411      9.171     13.301    11.7966 0.0000e+00
      9.418      0.162     4.1032     37.902     50.110  36.880124     0.2669      6.307   303.6238 1.2510e-01    12.0496      9.236     13.394    11.7965 0.0000e+00
      9.478      0.162     4.1013     37.887     50.183  36.935464     0.2673      6.305   301.5937 1.2510e-01    12.0656      9.305     13.496    11.7963 0.0000e+00
      9.518      0.156     4.1006     37.881     50.192  36.943564     0.2711      6.303   301.5146 1.2512e-01    12.0814      9.341     13.549    11.7962 0.0000e+00
      9.542      0.139     4.0966     37.844     50.152  36.914539     0.2757      6.302   302.7536 1.2516e-01    12.0878      9.353     13.566    11.7956 0.0000e+00
      9.572      0.115     4.0906     37.790     50.133  36.902167     0.2768      6.301   303.1512 1.2519e-01    12.0818      9.383     13.608    11.7957 0.0000e+00
      9.608      0.094     4.0876     37.764     50.157  36.921037     0.2666      6.303   301.6760 1.2513e-01    12.0701      9.428     13.674    11.7986 0.0000e+00
      9.634      0.078     4.0826     37.719     50.197  36.952098     0.2632      6.304   299.2859 1.2506e-01    12.0683      9.454     13.711    11.8001 0.0000e+00
      9.647      0.063     4.0748     37.648     50.206  36.960078     0.2723      6.305   298.4295 1.2508e-01    12.0906      9.461     13.722    11.7996 0.0000e+00
      9.656      0.046     4.0710     37.614     50.195  36.953998     0.2668      6.305   298.5494 1.2510e-01    12.0956      9.469     13.734    11.8009 0.0000e+00
      9.665      0.030     4.0683     37.594     50.171  36.942126     0.2606      6.305   298.9285 1.2511e-01    12.0683      9.478     13.746    11.8029 0.0000e+00
      9.671      0.019     4.0633     37.556     50.161  36.943593     0.2702      6.305   299.8300 1.2514e-01    12.0650      9.485     13.756    11.8041 0.0000e+00
      9.674      0.013     4.0597     37.531     50.186  36.971738     0.2817      6.304   299.2969 1.2509e-01    12.0867      9.488     13.762    11.8052 0.0000e+00
      9.676      0.008     4.0587     37.529     50.166  36.964807     0.2809      6.304   297.3003 1.2507e-01    12.0862      9.489     13.763    11.8065 0.0000e+00
      9.676      0.004     4.0587     37.537     50.098  36.923325     0.2697      6.304   296.3395 1.2513e-01    12.0593      9.489     13.762    11.8118 0.0000e+00
      9.676      0.002     4.0597     37.554     50.073  36.914890     0.2657      6.303   296.7136 1.2516e-01    12.0665      9.489     13.763    11.8224 0.0000e+00
      9.676      0.001     4.0610     37.574     50.075  36.926354     0.2688      6.302   297.2632 1.2513e-01    12.1121      9.489     13.763    11.8324 0.0000e+00
      9.676      0.000     4.0628     37.596     50.078  36.934893     0.2706      6.301   297.5647 1.2505e-01    12.1221      9.490     13.764    11.8399 0.0000e+00
      9.676 5.7943e-08     4.0655     37.624     50.099  36.954618     0.2695      6.301   297.5201 1.2499e-01    12.0955      9.489     13.763    11.8482 0.0000e+00
      9.676 6.3737e-07     4.0685     37.657     50.117  36.974261     0.2645      6.302   296.9813 1.2508e-01    12.0651      9.489     13.763    11.8580 0.0000e+00
      9.677      0.000     4.0718     37.696     50.115  36.981816     0.2645      6.302   296.4717 1.2515e-01    12.0306      9.490     13.764    11.8692 0.0000e+00
      9.677      0.000     4.0756     37.740     50.102  36.982450     0.2883      6.300   296.1762 1.2509e-01    12.0137      9.490     13.764    11.8756 0.0000e+00
      9.677      0.001     4.0798     37.787     50.087  36.981929     0.3225      6.299   295.8175 1.2508e-01    12.0135      9.490     13.764    11.8777 0.0000e+00
      9.677      0.001     4.0810     37.805     50.067  36.975528     0.3377      6.299   296.6087 1.2509e-01    12.0277      9.490     13.764    11.8838 0.0000e+00
      9.677      0.001     4.0815     37.814     50.053  36.968598     0.3342      6.298   298.2571 1.2511e-01    12.0631      9.490     13.765    11.8941 0.0000e+00
      9.677      0.001     4.0846     37.842     50.045  36.961673     0.3269      6.298   298.7985 1.2513e-01    12.0751      9.490     13.765    11.9039 0.0000e+00
      9.677      0.000     4.0850     37.842     50.043  36.955320     0.3226      6.297   298.3366 1.2511e-01    12.0511      9.490     13.765    11.9145 0.0000e+00
      9.677 1.8640e-08     4.0828     37.814     50.054  36.955311     0.3194      6.296   297.7484 1.2512e-01    12.0474      9.490     13.765    11.9249 0.0000e+00
      9.678 2.0504e-07     4.0832     37.809     50.077  36.961560     0.3156      6.295   298.5703 1.2514e-01    12.0609      9.491     13.765    11.9286 0.0000e+00
      9.678 3.7591e-07     4.0844     37.816     50.092  36.967332     0.3138      6.295   299.6701 1.2512e-01    12.0620      9.491     13.765    11.9273 0.0000e+00
      9.678 -9.990e-29 -9.990e-29 -9.990e-29 -9.990e-29 -9.990e-29 -9.990e-29 -9.990e-29 -9.990e-29 1.2510e-01 -9.990e-29      9.491     13.765    11.9227 0.0000e+00
      9.678 -9.990e-29 -9.990e-29 -9.990e-29 -9.990e-29 -9.990e-29 -9.990e-29 -9.990e-29 -9.990e-29 1.2508e-01 -9.990e-29      9.491     13.766    11.9140 0.0000e+00
      9.678 -9.990e-29 -9.990e-29 -9.990e-29 -9.990e-29 -9.990e-29 -9.990e-29 -9.990e-29 -9.990e-29 1.2507e-01 -9.990e-29      9.491     13.765    11.9003 0.0000e+00
      9.678 -9.990e-29 -9.990e-29 -9.990e-29 -9.990e-29 -9.990e-29 -9.990e-29 -9.990e-29 -9.990e-29 1.2508e-01 -9.990e-29      9.491     13.766    11.8918 0.0000e+00
