Data/DataNotYetUploadedToEDI/Raw_CTD/RawDownloads/072618_bvr50.cnv
* Sea-Bird SBE19plus  Data File:
* FileName = C:\DATA\073018_fcr50_0001.hex
* Software version 2.6.3.104 SB_Terminal.dll
* Temperature SN = 7809
* Conductivity SN = 7809
* System UpLoad Time = Jul 30 2018 16:25:45
* <ApplicationData>
* <Seaterm232>
# nquan = 15
# nvalues = 746                         
# units = specified
# name 0 = depFM: Depth [fresh water, m]
# name 1 = dz/dtM: Descent Rate [m/s]
# name 2 = sbeox0Mg/L: Oxygen, SBE 43 [mg/l]
# name 3 = sbeox0PS: Oxygen, SBE 43 [% saturation]
# name 4 = specc: Specific Conductance [uS/cm]
# name 5 = c0uS/cm: Conductivity [uS/cm]
# name 6 = flECO-AFL: Fluorescence, WET Labs ECO-AFL/FL [mg/m^3]
# name 7 = ph: pH
# name 8 = orp: Oxidation Reduction Potential [mV]
# name 9 = par/sat/log: PAR/Logarithmic, Satlantic
# name 10 = turbWETntu0: Turbidity, WET Labs ECO [NTU]
# name 11 = prdM: Pressure, Strain Gauge [db]
# name 12 = prdE: Pressure, Strain Gauge [psi]
# name 13 = tv290C: Temperature [ITS-90, deg C]
# name 14 = flag:  0.000e+00
# span 0 =     -0.317,      7.100       
# span 1 =     -0.124,      0.126       
# span 2 =    -1.4855,     9.4341       
# span 3 =    -15.712,    114.327       
# span 4 =     28.605,     61.258       
# span 5 =  25.512695,  41.577794       
# span 6 =     1.1670,     9.0614       
# span 7 =      6.685,      8.786       
# span 8 =     4.8403,   199.7000       
# span 9 = 1.2531e-01, 2.4784e+03       
# span 10 =     1.1991,     8.9794      
# span 11 =     -0.315,      6.978      
# span 12 =     -0.456,     10.120      
# span 13 =     8.9090,    25.3732      
# span 14 = 0.0000e+00, 0.0000e+00      
# interval = seconds: 0.25
# start_time = Jul 26 2018 15:11:58 [Instrument's time stamp, header]
# bad_flag = -9.990e-29
*END*
[from data line 97]
     -0.217      0.037     7.2102     87.627     33.667  33.821288     3.1403      8.772   148.7509 2.4568e+03     8.4672     -0.214     -0.311    25.2325 0.0000e+00
     -0.212      0.057     7.2303     87.823     33.673  33.807842     3.1242      8.767   148.7854 2.4515e+03     8.4630     -0.208     -0.302    25.2373 0.0000e+00
     -0.201      0.071     7.2854     88.433     34.057  34.167430     3.1768      8.767   148.8152 2.4468e+03     8.4232     -0.204     -0.297    25.2389 0.0000e+00
     -0.171      0.076     7.3914     89.682     34.452  34.548625     3.2894      8.767   148.9382 2.4550e+03     8.3818     -0.177     -0.259    25.2378 0.0000e+00
     -0.127      0.074     7.5253     91.298     34.766  34.859834     3.3547      8.766   149.0692 2.4671e+03     8.3601     -0.113     -0.165    25.2318 0.0000e+00
     -0.100      0.064     7.6500     92.820     34.847  34.944884     3.3690      8.767   149.1935 2.4604e+03     8.3742     -0.089     -0.129    25.1979 0.0000e+00
     -0.094      0.048     7.7370     93.888     34.839  34.941769     3.3710      8.771   149.3230 2.4366e+03     8.3999     -0.093     -0.135    25.1498 0.0000e+00
     -0.094      0.028     7.7690     94.289     34.842  34.949226     3.3694      8.774   149.4304 2.3894e+03     8.3954     -0.092     -0.133    25.1267 0.0000e+00
     -0.095      0.012     7.7409     93.958     34.923  35.035047     3.3768      8.775   149.5450 2.2944e+03     8.3810     -0.094     -0.137    25.1259 0.0000e+00
     -0.096      0.005     7.6523     92.892     35.037  35.153679     3.3878      8.777   149.6762 1.8790e+03     8.3791     -0.094     -0.136    25.1326 0.0000e+00
     -0.094      0.004     7.5126     91.208     35.119  35.240244     3.4099      8.779   149.8122 1.3104e+03     8.3413     -0.092     -0.134    25.1411 0.0000e+00
     -0.090      0.004     7.3445     89.178     35.130  35.255944     3.4416      8.779   149.9857 1.4325e+03     8.2595     -0.089     -0.128    25.1482 0.0000e+00
     -0.088      0.004     7.1729     87.105     35.150  35.279989     3.4581      8.779   150.2249 2.0513e+03     8.2142     -0.087     -0.125    25.1545 0.0000e+00
     -0.087      0.002     7.0143     85.187     35.206  35.340416     3.4537      8.777   150.3814 2.3576e+03     8.2214     -0.085     -0.124    25.1603 0.0000e+00
     -0.088      0.000     6.8757     83.510     35.151  35.287840     3.4437      8.777   150.5013 2.3843e+03     8.2246     -0.086     -0.126    25.1668 0.0000e+00
     -0.088     -0.002     6.7584     82.091     35.014  35.152469     3.4111      8.775   150.7279 2.3552e+03     8.1915     -0.087     -0.125    25.1740 0.0000e+00
     -0.089     -0.002     6.6626     80.931     34.961  35.101105     3.3531      8.773   150.9700 2.0139e+03     8.1573     -0.086     -0.126    25.1803 0.0000e+00
     -0.092     -0.002     6.5859     80.001     34.970  35.111452     3.3213      8.772   151.1919 1.7037e+03     8.1468     -0.090     -0.131    25.1851 0.0000e+00
     -0.093     -0.001     6.5201     79.206     35.007  35.150532     3.3204      8.771   151.3455 2.0199e+03     8.1552     -0.092     -0.134    25.1898 0.0000e+00
     -0.091      0.000     6.4613     78.494     34.983  35.128980     3.3064      8.770   151.4513 2.3669e+03     8.2286     -0.088     -0.130    25.1936 0.0000e+00
     -0.090      0.001     6.4074     77.844     34.894  35.041424     3.2811      8.764   151.5246 2.4055e+03     8.3629     -0.088     -0.126    25.1956 0.0000e+00
     -0.090      0.002     6.3575     77.241     34.959  35.108215     3.2714      8.756   151.5432 2.4112e+03     8.4366     -0.088     -0.128    25.1974 0.0000e+00
     -0.091      0.001     6.3140     76.715     35.087  35.237839     3.2715      8.755   151.7618 2.4053e+03     8.4174     -0.089     -0.130    25.1996 0.0000e+00
     -0.091     -0.000     6.2782     76.283     35.123  35.274775     3.2905      8.759   152.0168 2.3713e+03     8.3448     -0.091     -0.132    25.2019 0.0000e+00
     -0.088     -0.001     6.2495     75.935     35.021  35.173692     3.3189      8.764   152.0451 2.3011e+03     8.2307     -0.086     -0.124    25.2045 0.0000e+00
     -0.087      0.002     6.2240     75.626     34.690  34.841403     3.3301      8.767   152.1891 2.2424e+03     8.1668     -0.084     -0.121    25.2073 0.0000e+00
     -0.090      0.008     6.1982     75.313     34.347  34.496579     3.3335      8.765   152.5539 2.2209e+03     8.1829     -0.089     -0.130    25.2092 0.0000e+00
     -0.093      0.014     6.1702     74.972     34.349  34.497993     3.3327      8.760   152.7572 2.1915e+03     8.3029     -0.092     -0.133    25.2102 0.0000e+00
     -0.091      0.019     6.1392     74.592     34.583  34.731461     3.3294      8.755   152.7541 1.9455e+03     8.5188     -0.093     -0.134    25.2114 0.0000e+00
     -0.081      0.022     6.1064     74.190     34.631  34.778689     3.3303      8.757   152.7751 1.4675e+03     8.6566     -0.083     -0.120    25.2129 0.0000e+00
     -0.066      0.023     6.0712     73.760     34.416  34.560872     3.3351      8.761   152.9246 1.0635e+03     8.6570     -0.063     -0.091    25.2130 0.0000e+00
     -0.055      0.023     6.0308     73.268     34.178  34.320992     3.3779      8.765   153.1851 8.0778e+02     8.4925     -0.048     -0.070    25.2115 0.0000e+00
     -0.054      0.020     5.9864     72.727     34.023  34.164970     3.4618      8.770   153.3433 6.8989e+02     8.2558     -0.051     -0.075    25.2096 0.0000e+00
     -0.055      0.016     5.9438     72.207     33.932  34.071808     3.5132      8.773   153.4607 9.1829e+02     8.1753     -0.057     -0.083    25.2070 0.0000e+00
     -0.054      0.012     5.9049     71.733     34.008  34.147329     3.5211      8.774   153.6586 1.2002e+03     8.1901     -0.053     -0.077    25.2048 0.0000e+00
     -0.050      0.009     5.8680     71.284     34.176  34.315874     3.5206      8.774   153.7562 1.1748e+03     8.1902     -0.048     -0.071    25.2035 0.0000e+00
     -0.045      0.008     5.8357     70.891     34.191  34.331199     3.5246      8.774   153.8669 1.2650e+03     8.2074     -0.044     -0.065    25.2022 0.0000e+00
     -0.040      0.007     5.8101     70.578     34.067  34.205577     3.5335      8.774   154.1372 1.4852e+03     8.2157     -0.038     -0.054    25.2008 0.0000e+00
     -0.038      0.004     5.7906     70.339     33.994  34.130861     3.5360      8.774   154.2715 1.5482e+03     8.1985     -0.035     -0.051    25.1996 0.0000e+00
     -0.041      0.002     5.7758     70.157     34.054  34.190020     3.5368      8.774   154.2858 1.5256e+03     8.1824     -0.041     -0.059    25.1992 0.0000e+00
     -0.044      0.000     5.7619     69.987     34.150  34.285691     3.5522      8.773   154.3968 1.5228e+03     8.1729     -0.045     -0.065    25.1984 0.0000e+00
     -0.043     -0.001     5.7469     69.804     34.199  34.334848     3.5752      8.772   154.4944 1.5518e+03     8.1759     -0.043     -0.063    25.1969 0.0000e+00
     -0.042      0.000     5.7322     69.624     34.204  34.339753     3.5855      8.771   154.4332 1.5903e+03     8.1883     -0.040     -0.057    25.1958 0.0000e+00
     -0.042      0.002     5.7179     69.449     34.083  34.217959     3.5836      8.770   154.4312 1.6158e+03     8.2005     -0.040     -0.058    25.1943 0.0000e+00
     -0.042      0.004     5.7020     69.256     33.998  34.132586     3.5528      8.767   154.6415 1.5804e+03     8.2928     -0.042     -0.061    25.1928 0.0000e+00
     -0.042      0.004     5.6840     69.039     34.188  34.323778     3.4981      8.764   154.8260 1.5010e+03     8.4800     -0.041     -0.060    25.1919 0.0000e+00
     -0.040      0.001     5.6660     68.820     34.361  34.497102     3.4644      8.763   154.9407 1.2906e+03     8.6025     -0.040     -0.058    25.1910 0.0000e+00
     -0.036     -0.003     5.6499     68.625     34.187  34.322710     3.4494      8.764   155.0815 9.7807e+02     8.6147     -0.037     -0.053    25.1909 0.0000e+00
     -0.034     -0.006     5.6356     68.451     33.797  33.930183     3.3805      8.765   155.3243 7.3693e+02     8.5362     -0.031     -0.045    25.1912 0.0000e+00
     -0.038     -0.007     5.6218     68.283     33.493  33.625623     3.2561      8.764   155.5533 6.4289e+02     8.4162     -0.034     -0.050    25.1918 0.0000e+00
     -0.048     -0.006     5.6122     68.165     33.430  33.562040     3.1864      8.761   155.6994 6.3809e+02     8.3842     -0.049     -0.071    25.1921 0.0000e+00
     -0.054     -0.006     5.6144     68.188     33.793  33.923580     3.1814      8.759   155.7144 6.3751e+02     8.4241     -0.057     -0.083    25.1915 0.0000e+00
     -0.053     -0.008     5.6288     68.357     34.436  34.567060     3.1768      8.759   155.5625 6.7616e+02     8.4413     -0.053     -0.077    25.1913 0.0000e+00
     -0.048     -0.014     5.6478     68.592     34.539  34.672989     3.1582      8.763   155.5838 7.9976e+02     8.4090     -0.047     -0.068    25.1927 0.0000e+00
     -0.043     -0.021     5.6700     68.877     33.986  34.124562     3.1393      8.767   155.7133 8.5231e+02     8.3990     -0.040     -0.058    25.1919 0.0000e+00
     -0.046     -0.028     5.7034     69.295     33.446  33.589156     3.1328      8.768   155.8375 7.4412e+02     8.4431     -0.037     -0.054    25.1876 0.0000e+00
     -0.064     -0.033     5.7590     69.973     33.074  33.217274     3.1351      8.768   156.0530 6.6084e+02     8.4233     -0.060     -0.087    25.1812 0.0000e+00
     -0.087     -0.033     5.8446     71.008     32.728  32.867405     3.1391      8.767   156.0816 6.7470e+02     8.3120     -0.093     -0.134    25.1828 0.0000e+00
     -0.100     -0.027     5.9621     72.424     32.402  32.534585     3.1354      8.763   155.9256 9.1445e+02     8.1956     -0.100     -0.147    25.1997 0.0000e+00
     -0.102     -0.013     6.1053     74.145     32.183  32.305277     3.1269      8.757   155.8886 1.4317e+03     8.1461     -0.100     -0.144    25.2121 0.0000e+00
     -0.100      0.003     6.2598     76.002     32.205  32.317763     3.1284      8.751   155.9778 1.8310e+03     8.1707     -0.099     -0.143    25.2119 0.0000e+00
     -0.094      0.014     6.4093     77.798     32.453  32.558510     3.1358      8.750   155.9714 1.9345e+03     8.2186     -0.094     -0.137    25.2081 0.0000e+00
     -0.084      0.016     6.5353     79.310     32.641  32.739158     3.1337      8.755   155.8966 1.9329e+03     8.2367     -0.083     -0.120    25.2004 0.0000e+00
     -0.074      0.012     6.6219     80.347     32.632  32.723624     3.1297      8.761   156.0200 1.9534e+03     8.2062     -0.070     -0.102    25.1838 0.0000e+00
     -0.070      0.005     6.6666     80.878     32.475  32.561215     3.1343      8.766   156.2590 1.9524e+03     8.1859     -0.067     -0.097    25.1677 0.0000e+00
     -0.073     -0.005     6.6799     81.034     32.216  32.299756     3.1343      8.767   156.2052 1.8874e+03     8.2054     -0.071     -0.101    25.1571 0.0000e+00
     -0.079     -0.012     6.6783     81.012     32.148  32.229831     3.1291      8.765   155.8863 1.8324e+03     8.1964     -0.078     -0.114    25.1444 0.0000e+00
     -0.085     -0.015     6.6759     80.981     32.523  32.604917     3.1261      8.762   155.7586 1.5693e+03     8.1695     -0.083     -0.121    25.1328 0.0000e+00
     -0.092     -0.014     6.6774     80.997     33.258  33.341720     3.1165      8.762   156.0373 1.3410e+03     8.1858     -0.089     -0.129    25.1267 0.0000e+00
     -0.098     -0.009     6.6748     80.967     34.002  34.088445     3.1237      8.762   156.3310 1.6152e+03     8.2403     -0.099     -0.142    25.1238 0.0000e+00
     -0.100     -0.006     6.6578     80.777     34.425  34.519800     3.1675      8.762   156.2125 1.8216e+03     8.3093     -0.101     -0.145    25.1222 0.0000e+00
     -0.097     -0.006     6.6258     80.420     34.510  34.619155     3.2040      8.762   156.0674 1.6018e+03     8.3483     -0.095     -0.138    25.1207 0.0000e+00
     -0.092     -0.007     6.5908     80.028     34.466  34.591075     3.2169      8.765   156.1253 1.4582e+03     8.3773     -0.088     -0.128    25.1196 0.0000e+00
     -0.092     -0.008     6.5740     79.843     34.364  34.497900     3.2503      8.769   156.0523 1.5217e+03     8.3538     -0.086     -0.126    25.1169 0.0000e+00
     -0.099     -0.011     6.5905     80.053     34.245  34.381849     3.3036      8.771   155.8726 1.2974e+03     8.2481     -0.096     -0.140    25.1255 0.0000e+00
     -0.108     -0.013     6.6412     80.672     34.320  34.458272     3.3281      8.773   155.6737 8.7380e+02     8.1977     -0.108     -0.156    25.1536 0.0000e+00
     -0.113     -0.014     6.7125     81.538     34.457  34.596193     3.3262      8.776   155.4541 7.3111e+02     8.2027     -0.111     -0.161    25.1787 0.0000e+00
     -0.115     -0.012     6.7834     82.399     34.512  34.652038     3.3270      8.778   155.3679 8.2663e+02     8.1860     -0.112     -0.162    25.1914 0.0000e+00
     -0.115     -0.007     6.8381     83.063     34.486  34.625348     3.3105      8.777   155.4919 8.7927e+02     8.1785     -0.114     -0.164    25.1964 0.0000e+00
     -0.115     -0.003     6.8672     83.417     33.313  33.447743     3.2739      8.776   155.7493 7.9482e+02     8.2044     -0.113     -0.165    25.1965 0.0000e+00
     -0.116      0.001     6.8707     83.447     30.899  31.020132     3.2611      8.777   156.0708 7.7187e+02     8.2241     -0.113     -0.164    25.1962 0.0000e+00
     -0.117      0.004     6.8927     83.677     29.243  29.343806     3.2654      8.779   156.3672 1.0158e+03     8.2027     -0.115     -0.168    25.1965 0.0000e+00
     -0.117      0.005     7.0273     85.254     28.851  28.929450     3.2619      8.779   156.4947 1.4880e+03     8.2211     -0.117     -0.170    25.1963 0.0000e+00
     -0.114      0.004     7.3253     88.817     28.808  28.867747     3.2553      8.779   156.4933 1.8913e+03     8.3241     -0.113     -0.164    25.1965 0.0000e+00
     -0.109     -0.000     7.7383     93.791     28.804  28.851739     3.2495      8.775   156.3510 2.0660e+03     8.4100     -0.106     -0.154    25.1956 0.0000e+00
     -0.107     -0.007     8.1891     99.236     28.821  28.862889     3.2562      8.768   155.9783 2.1173e+03     8.4353     -0.103     -0.149    25.1713 0.0000e+00
     -0.109     -0.016     8.6165    104.406     28.836  28.875542     3.2807      8.760   155.6007 2.1251e+03     8.4167     -0.105     -0.152    25.1254 0.0000e+00
     -0.114     -0.025     8.9737    108.734     28.839  28.877725     3.3067      8.757   155.4850 2.0761e+03     8.3994     -0.111     -0.161    25.0917 0.0000e+00
     -0.124     -0.032     9.2368    111.927     28.849  28.889278     3.3136      8.759   155.6124 1.9983e+03     8.4090     -0.121     -0.175    25.0738 0.0000e+00
     -0.137     -0.035     9.3913    113.805     28.846  28.888237     3.3087      8.765   155.9358 1.9533e+03     8.4102     -0.134     -0.194    25.0639 0.0000e+00
     -0.150     -0.032     9.4341    114.327     28.822  28.865147     3.2760      8.770   156.2978 2.0154e+03     8.3842     -0.148     -0.214    25.0605 0.0000e+00
     -0.160     -0.026     9.3911    113.809     28.820  28.864087     3.2118      8.771   156.3758 2.2013e+03     8.3086     -0.159     -0.230    25.0606 0.0000e+00
     -0.166     -0.019     9.3056    112.779     28.830  28.875423     3.1854      8.770   156.1903 2.3290e+03     8.2281     -0.165     -0.239    25.0635 0.0000e+00
     -0.167     -0.014     9.2127    111.659     28.828  28.875215     3.1958      8.770   155.9485 2.3308e+03     8.2043     -0.165     -0.240    25.0672 0.0000e+00
     -0.165     -0.009     9.1312    110.673     28.814  28.861579     3.1996      8.773   155.9473 2.2982e+03     8.2039     -0.162     -0.235    25.0688 0.0000e+00
