Data/DataNotYetUploadedToEDI/Raw_CTD/RawDownloads/072618_fcr50.cnv
* Sea-Bird SBE19plus  Data File:
* FileName = C:\DATA\073018_fcr50_0002.hex
* Software version 2.6.3.104 SB_Terminal.dll
* Temperature SN = 7809
* Conductivity SN = 7809
* System UpLoad Time = Jul 30 2018 16:26:04
* <ApplicationData>
* <Seaterm232>
# nquan = 15
# nvalues = 523                         
# units = specified
# name 0 = depFM: Depth [fresh water, m]
# name 1 = dz/dtM: Descent Rate [m/s]
# name 2 = sbeox0Mg/L: Oxygen, SBE 43 [mg/l]
# name 3 = sbeox0PS: Oxygen, SBE 43 [% saturation]
# name 4 = specc: Specific Conductance [uS/cm]
# name 5 = c0uS/cm: Conductivity [uS/cm]
# name 6 = flECO-AFL: Fluorescence, WET Labs ECO-AFL/FL [mg/m^3]
# name 7 = ph: pH
# name 8 = orp: Oxidation Reduction Potential [mV]
# name 9 = par/sat/log: PAR/Logarithmic, Satlantic
# name 10 = turbWETntu0: Turbidity, WET Labs ECO [NTU]
# name 11 = prdM: Pressure, Strain Gauge [db]
# name 12 = prdE: Pressure, Strain Gauge [psi]
# name 13 = tv290C: Temperature [ITS-90, deg C]
# name 14 = flag:  0.000e+00
# span 0 =     -0.551,      9.678       
# span 1 =     -0.053,      0.224       
# span 2 =     0.7957,    11.2927       
# span 3 =      7.486,    142.527       
# span 4 =      3.000,     50.206       
# span 5 =   3.553398,  41.392829       
# span 6 =    -0.6302,     5.5829       
# span 7 =      6.295,      9.025       
# span 8 = -1240.7455,   305.8039       
# span 9 = 1.2499e-01, 2.3484e+03       
# span 10 =    -0.7756,    12.1312      
# span 11 =     -0.541,      9.491      
# span 12 =     -0.785,     13.766      
# span 13 =    11.7956,    34.2287      
# span 14 = 0.0000e+00, 0.0000e+00      
# interval = seconds: 0.25
# start_time = Jul 26 2018 19:31:27 [Instrument's time stamp, header]
# bad_flag = -9.990e-29
*END*
[from data line 193]
      0.022      0.000    10.4095    131.264     36.626  38.286024     2.7750      8.892   213.9679 2.0462e+03     3.2121      0.021      0.031    27.2938 0.0000e+00
      0.022      0.002    10.3683    130.747     36.606  38.265223     2.7792      8.894   216.3771 2.0452e+03     3.2106      0.022      0.032    27.2776 0.0000e+00
      0.023      0.002    10.3374    130.368     36.571  38.232884     2.7752      8.896   216.7800 2.0432e+03     3.2155      0.022      0.032    27.2668 0.0000e+00
      0.023      0.002    10.3104    130.033     36.550  38.212669     2.7456      8.899   215.5704 2.0447e+03     3.2109      0.022      0.032    27.2625 0.0000e+00
      0.024      0.002    10.2909    129.779     36.551  38.211399     2.7158      8.902   215.1738 2.0517e+03     3.2149      0.023      0.033    27.2589 0.0000e+00
      0.025      0.002    10.2819    129.651     36.561  38.217524     2.7175      8.905   216.0281 2.0725e+03     3.2030      0.024      0.035    27.2589 0.0000e+00
      0.025      0.002    10.2790    129.609     36.568  38.223179     2.7296      8.907   217.5546 2.1035e+03     3.1893      0.025      0.036    27.2668 0.0000e+00
      0.025      0.002    10.2752    129.565     36.560  38.216250     2.7051      8.909   218.4871 2.1086e+03     3.2019      0.026      0.037    27.2724 0.0000e+00
      0.025      0.001    10.2723    129.537     36.540  38.197276     2.6611      8.911   218.6133 2.0808e+03     3.2333      0.025      0.036    27.2653 0.0000e+00
      0.026      0.001    10.2735    129.549     36.528  38.184360     2.6481      8.912   218.2197 2.0408e+03     3.2631      0.025      0.036    27.2567 0.0000e+00
      0.026      0.002    10.2754    129.554     36.536  38.187143     2.6575      8.913   217.4284 1.9574e+03     3.2573      0.026      0.037    27.2545 0.0000e+00
      0.026      0.002    10.2725    129.488     36.527  38.167379     2.6739      8.914   217.1329 1.8303e+03     3.2247      0.026      0.037    27.2571 0.0000e+00
      0.027      0.003    10.2637    129.342     36.507  38.135967     2.6911      8.916   217.4005 1.7363e+03     3.1741      0.026      0.038    27.2632 0.0000e+00
      0.028      0.003    10.2561    129.207     36.508  38.124967     2.6999      8.918   217.4808 1.6918e+03     3.1643      0.027      0.040    27.2637 0.0000e+00
      0.029      0.003    10.2568    129.169     36.496  38.097902     2.7054      8.919   217.5872 1.6643e+03     3.1971      0.028      0.041    27.2543 0.0000e+00
      0.030      0.003    10.2669    129.242     36.479  38.062818     2.7031      8.917   217.9129 1.6516e+03     3.2049      0.029      0.042    27.2398 0.0000e+00
      0.031      0.003    10.2794    129.342     36.515  38.081915     2.6994      8.911   217.0307 1.6471e+03     3.1977      0.030      0.044    27.2250 0.0000e+00
      0.032      0.002    10.2850    129.370     36.582  38.138180     2.7064      8.901   215.0072 1.6437e+03     3.2018      0.031      0.045    27.2085 0.0000e+00
      0.033      0.000    10.2848    129.370     36.613  38.171335     2.7146      8.893   214.0971 1.6455e+03     3.2241      0.032      0.047    27.1875 0.0000e+00
      0.034     -0.002    10.2881    129.441     36.598  38.165152     2.7162      8.890   214.7162 1.6505e+03     3.2533      0.034      0.050    27.1660 0.0000e+00
      0.033     -0.003    10.2986    129.587     36.558  38.126964     2.7158      8.893   215.6955 1.6722e+03     3.2504      0.033      0.048    27.1373 0.0000e+00
      0.030     -0.003    10.3102    129.711     36.530  38.090792     2.7194      8.898   214.9252 1.7666e+03     3.2193      0.029      0.042    27.1109 0.0000e+00
      0.027     -0.002    10.3152    129.726     36.501  38.045428     2.7225      8.903   212.5433 1.9272e+03     3.2120      0.026      0.038    27.1160 0.0000e+00
      0.026      0.002    10.3168    129.686     36.436  37.959624     2.7351      8.906   211.2458 1.9467e+03     3.2238      0.024      0.036    27.1386 0.0000e+00
      0.027      0.007    10.3216    129.670     36.382  37.879184     2.7619      8.906   211.3687 1.7773e+03     3.2388      0.026      0.038    27.1459 0.0000e+00
      0.030      0.014    10.3273    129.641     36.370  37.835143     2.7716      8.906   211.6207 1.6519e+03     3.2417      0.028      0.041    27.1351 0.0000e+00
      0.034      0.022    10.3285    129.562     36.372  37.808241     2.7700      8.900   211.1092 1.6294e+03     3.2287      0.032      0.047    27.1106 0.0000e+00
      0.041      0.031    10.3277    129.490     36.390  37.807983     2.7610      8.880   210.0022 1.6260e+03     3.2343      0.040      0.058    27.0862 0.0000e+00
      0.049      0.039    10.3279    129.450     36.426  37.831998     2.6435      8.858   208.7330 1.6096e+03     3.2479      0.047      0.068    27.0569 0.0000e+00
      0.059      0.045    10.3292    129.414     36.454  37.844473     2.4420      8.847   207.7230 1.5735e+03     3.2413      0.054      0.079    27.0071 0.0000e+00
      0.075      0.049    10.3338    129.410     36.460  37.831731     2.3378      8.848   207.1688 1.6224e+03     3.2144      0.072      0.105    26.9605 0.0000e+00
      0.092      0.051    10.3446    129.503     36.448  37.804956     2.3310      8.858   206.6777 1.7460e+03     3.1969      0.094      0.136    26.9374 0.0000e+00
      0.105      0.052    10.3619    129.701     36.424  37.774830     2.3599      8.874   207.2052 1.6781e+03     3.2440      0.105      0.152    26.9256 0.0000e+00
      0.115      0.053    10.3838    129.954     36.379  37.721594     2.4106      8.891   208.4700 1.4532e+03     3.3268      0.113      0.163    26.9025 0.0000e+00
      0.126      0.054    10.4059    130.163     36.349  37.669492     2.4381      8.904   208.4625 1.3172e+03     3.3742      0.123      0.179    26.8706 0.0000e+00
      0.140      0.058    10.4201    130.209     36.373  37.653056     2.4449      8.914   208.0616 1.2951e+03     3.3887      0.135      0.197    26.8496 0.0000e+00
      0.155      0.066    10.4234    130.087     36.419  37.649864     2.4369      8.924   207.9243 1.2923e+03     3.3194      0.152      0.220    26.8474 0.0000e+00
      0.172      0.076    10.4219    129.922     36.444  37.630810     2.4068      8.935   207.5765 1.2679e+03     3.2081      0.168      0.244    26.8463 0.0000e+00
      0.191      0.084    10.4253    129.852     36.461  37.613190     2.3839      8.944   208.7609 1.2327e+03     3.2018      0.186      0.269    26.8221 0.0000e+00
      0.215      0.088    10.4393    129.940     36.501  37.627360     2.3900      8.949   211.1460 1.1496e+03     3.2433      0.209      0.304    26.7589 0.0000e+00
      0.242      0.088    10.4639    130.182     36.505  37.611508     2.4254      8.955   212.3230 1.0666e+03     3.2217      0.236      0.343    26.6788 0.0000e+00
      0.271      0.086    10.4959    130.532     36.458  37.548545     2.4818      8.962   212.1514 1.0265e+03     3.1857      0.266      0.386    26.6168 0.0000e+00
      0.295      0.083    10.5297    130.903     36.427  37.501335     2.5290      8.968   211.6522 9.9351e+02     3.2039      0.294      0.426    26.5690 0.0000e+00
      0.310      0.079    10.5591    131.213     36.429  37.485370     2.5460      8.974   212.3962 9.5411e+02     3.2287      0.305      0.443    26.5330 0.0000e+00
      0.323      0.075    10.5777    131.373     36.447  37.482539     2.5495      8.979   214.3499 9.0340e+02     3.1501      0.313      0.455    26.5060 0.0000e+00
      0.341      0.074    10.5826    131.334     36.462  37.467073     2.5714      8.984   215.7430 8.7157e+02     3.0164      0.334      0.484    26.4895 0.0000e+00
      0.362      0.074    10.5763    131.154     36.452  37.425378     2.5895      8.985   216.4209 8.8075e+02     2.9854      0.354      0.514    26.4691 0.0000e+00
      0.383      0.075    10.5689    130.979     36.413  37.359514     2.5846      8.984   216.6953 8.6310e+02     3.0197      0.375      0.544    26.4440 0.0000e+00
      0.404      0.076    10.5696    130.894     36.389  37.305958     2.5859      8.984   216.7382 7.9557e+02     3.0346      0.398      0.578    26.4224 0.0000e+00
      0.423      0.076    10.5755    130.835     36.409  37.286006     2.6513      8.985   216.4229 7.5568e+02     3.0735      0.416      0.603    26.3719 0.0000e+00
      0.439      0.075    10.5823    130.764     36.415  37.245264     2.7781      8.988   215.8939 7.5518e+02     3.1544      0.431      0.625    26.3230 0.0000e+00
      0.456      0.074    10.5934    130.740     36.414  37.194429     2.8504      8.993   216.1934 7.4868e+02     3.2193      0.445      0.645    26.2960 0.0000e+00
      0.476      0.072    10.6098    130.785     36.446  37.179503     2.8547      8.997   217.1190 7.1426e+02     3.2475      0.466      0.675    26.2615 0.0000e+00
      0.498      0.072    10.6255    130.854     36.496  37.191781     2.9309      9.002   217.8790 6.8543e+02     3.2816      0.492      0.712    26.2031 0.0000e+00
      0.517      0.071    10.6371    130.928     36.540  37.215765     3.0827      9.005   216.9504 6.7215e+02     3.3575      0.508      0.737    26.1317 0.0000e+00
      0.532      0.069    10.6480    131.032     36.549  37.215352     3.1646      9.007   214.4087 6.5692e+02     3.4325      0.522      0.757    26.0674 0.0000e+00
      0.548      0.068    10.6627    131.206     36.523  37.186771     3.1765      9.009   213.5621 6.4458e+02     3.4563      0.538      0.780    25.9934 0.0000e+00
      0.566      0.069    10.6817    131.414     36.470  37.124300     3.2087      9.010   214.6304 6.3353e+02     3.4309      0.555      0.805    25.9370 0.0000e+00
      0.583      0.074    10.6985    131.529     36.406  37.031755     3.2598      9.011   215.5373 6.2597e+02     3.3389      0.572      0.830    25.9139 0.0000e+00
      0.599      0.080    10.7070    131.499     36.374  36.957136     3.2788      9.012   216.0956 6.1456e+02     3.2290      0.586      0.850    25.9008 0.0000e+00
      0.619      0.085    10.7068    131.375     36.374  36.920801     3.2741      9.012   215.5297 5.9033e+02     3.1707      0.604      0.875    25.9039 0.0000e+00
      0.645      0.089    10.6959    131.163     36.386  36.910008     3.2767      9.012   213.9443 5.6049e+02     3.1522      0.632      0.917    25.9050 0.0000e+00
      0.672      0.092    10.6737    130.852     36.378  36.890119     3.2822      9.013   213.2737 5.3676e+02     3.1584      0.659      0.957    25.8622 0.0000e+00
      0.697      0.093    10.6458    130.492     36.365  36.870885     3.2850      9.015   213.4444 5.1950e+02     3.1537      0.683      0.992    25.7925 0.0000e+00
      0.721      0.091    10.6217    130.162     36.372  36.868030     3.2928      9.018   213.9430 5.0319e+02     3.1264      0.709      1.028    25.7395 0.0000e+00
      0.742      0.088    10.6097    129.951     36.380  36.855578     3.3762      9.022   214.7435 4.8497e+02     3.1338      0.726      1.053    25.7090 0.0000e+00
      0.763      0.085    10.6086    129.859     36.395  36.847357     3.5222      9.022   214.9484 4.6677e+02     3.1823      0.748      1.084    25.6934 0.0000e+00
      0.785      0.085    10.6119    129.820     36.404  36.832107     3.5964      9.020   214.5276 4.5224e+02     3.2241      0.772      1.118    25.6927 0.0000e+00
      0.806      0.087    10.6156    129.777     36.334  36.734686     3.6020      9.017   214.3016 4.3871e+02     3.2422      0.790      1.146    25.6831 0.0000e+00
      0.826      0.090    10.6175    129.689     36.194  36.558754     3.6084      9.017   214.3669 4.2434e+02     3.2492      0.809      1.173    25.6492 0.0000e+00
      0.849      0.092    10.6190    129.576     36.096  36.420046     3.6460      9.018   214.3701 4.0899e+02     3.3082      0.831      1.205    25.6143 0.0000e+00
      0.874      0.093    10.6224    129.483     36.109  36.391536     3.7079      9.021   215.1152 3.9259e+02     3.4067      0.856      1.241    25.5840 0.0000e+00
      0.900      0.093    10.6247    129.402     36.155  36.404544     3.7414      9.023   216.4927 3.7583e+02     3.4327      0.882      1.280    25.5488 0.0000e+00
      0.927      0.091    10.6191    129.265     36.158  36.386706     3.7565      9.025   216.9149 3.6009e+02     3.4085      0.910      1.321    25.5001 0.0000e+00
      0.950      0.088    10.6051    129.056     36.149  36.366393     3.8530      9.025   216.3485 3.4772e+02     3.3899      0.934      1.355    25.4433 0.0000e+00
      0.970      0.085    10.5843    128.776     36.140  36.349501     4.0265      9.025   215.5812 3.3731e+02     3.3904      0.952      1.381    25.3829 0.0000e+00
      0.989      0.083    10.5612    128.462     36.110  36.309492     4.1270      9.025   215.3803 3.2743e+02     3.4147      0.971      1.409    25.3324 0.0000e+00
      1.008      0.082    10.5437    128.209     36.077  36.263780     4.1489      9.025   216.5869 3.1778e+02     3.4086      0.989      1.434    25.3062 0.0000e+00
      1.028      0.082    10.5324    128.024     36.069  36.241455     4.2082      9.025   218.5548 3.0570e+02     3.3472      1.006      1.458    25.2938 0.0000e+00
      1.052      0.082    10.5206    127.835     36.072  36.230096     4.3108      9.025   219.4716 2.9239e+02     3.2828      1.032      1.496    25.2837 0.0000e+00
      1.077      0.081    10.5044    127.600     36.044  36.189949     4.3783      9.024   219.1530 2.8185e+02     3.2703      1.058      1.534    25.2711 0.0000e+00
      1.097      0.080    10.4865    127.342     36.004  36.137165     4.4001      9.020   218.5746 2.7358e+02     3.2579      1.076      1.561    25.2540 0.0000e+00
      1.114      0.080    10.4710    127.095     35.985  36.100060     4.4729      9.015   218.5874 2.6590e+02     3.2242      1.093      1.585    25.2317 0.0000e+00
      1.132      0.079    10.4605    126.897     35.966  36.058898     4.6156      9.011   219.2214 2.5811e+02     3.2292      1.110      1.610    25.2108 0.0000e+00
      1.151      0.079    10.4526    126.737     35.947  36.020587     4.7012      9.010   219.7014 2.4905e+02     3.2271      1.128      1.635    25.1964 0.0000e+00
      1.173      0.079    10.4387    126.520     35.959  36.017947     4.7174      9.011   219.9173 2.3906e+02     3.1979      1.150      1.667    25.1825 0.0000e+00
      1.196      0.080    10.4227    126.289     35.980  36.026967     4.7384      9.011   219.8535 2.2961e+02     3.1814      1.173      1.702    25.1563 0.0000e+00
      1.218      0.083    10.4148    126.161     35.965  36.002579     4.7618      9.008   219.6173 2.2176e+02     3.1803      1.196      1.734    25.1216 0.0000e+00
      1.236      0.085    10.4163    126.153     35.948  35.977148     4.7713      9.006   219.4699 2.1507e+02     3.1852      1.212      1.759    25.0938 0.0000e+00
      1.254      0.087    10.4238    126.226     35.950  35.973557     4.7693      9.007   219.3628 2.0722e+02     3.1797      1.227      1.780    25.0737 0.0000e+00
      1.277      0.089    10.4327    126.322     35.939  35.959154     4.7651      9.007   219.4410 1.9780e+02     3.1745      1.251      1.813    25.0588 0.0000e+00
      1.305      0.093    10.4365    126.355     35.914  35.930047     4.7761      9.005   219.5554 1.8909e+02     3.1222      1.281      1.859    25.0458 0.0000e+00
      1.330      0.097    10.4324    126.277     35.869  35.875699     4.8016      9.003   219.6266 1.8227e+02     3.0357      1.306      1.895    25.0331 0.0000e+00
      1.352      0.100    10.4267    126.159     35.818  35.810205     4.8152      9.001   219.7863 1.7555e+02     3.0132      1.324      1.921    25.0249 0.0000e+00
      1.376      0.100    10.4232    126.053     35.801  35.773374     4.8211      9.000   219.5928 1.6775e+02     3.0338      1.348      1.955    25.0214 0.0000e+00
      1.404      0.100    10.4172    125.913     35.796  35.747958     4.8644      9.000   219.1800 1.5999e+02     3.0713      1.378      1.999    25.0178 0.0000e+00
