Data/DataNotYetUploadedToEDI/Raw_CTD/RawDownloads/072618_bvr50.cnv
* Sea-Bird SBE19plus  Data File:
* FileName = C:\DATA\073018_fcr50_0001.hex
* Software version 2.6.3.104 SB_Terminal.dll
* Temperature SN = 7809
* Conductivity SN = 7809
* System UpLoad Time = Jul 30 2018 16:25:45
* <ApplicationData>
* <Seaterm232>
# nquan = 15
# nvalues = 746                         
# units = specified
# name 0 = depFM: Depth [fresh water, m]
# name 1 = dz/dtM: Descent Rate [m/s]
# name 2 = sbeox0Mg/L: Oxygen, SBE 43 [mg/l]
# name 3 = sbeox0PS: Oxygen, SBE 43 [% saturation]
# name 4 = specc: Specific Conductance [uS/cm]
# name 5 = c0uS/cm: Conductivity [uS/cm]
# name 6 = flECO-AFL: Fluorescence, WET Labs ECO-AFL/FL [mg/m^3]
# name 7 = ph: pH
# name 8 = orp: Oxidation Reduction Potential [mV]
# name 9 = par/sat/log: PAR/Logarithmic, Satlantic
# name 10 = turbWETntu0: Turbidity, WET Labs ECO [NTU]
# name 11 = prdM: Pressure, Strain Gauge [db]
# name 12 = prdE: Pressure, Strain Gauge [psi]
# name 13 = tv290C: Temperature [ITS-90, deg C]
# name 14 = flag:  0.000e+00
# span 0 =     -0.317,      7.100       
# span 1 =     -0.124,      0.126       
# span 2 =    -1.4855,     9.4341       
# span 3 =    -15.712,    114.327       
# span 4 =     28.605,     61.258       
# span 5 =  25.512695,  41.577794       
# span 6 =     1.1670,     9.0614       
# span 7 =      6.685,      8.786       
# span 8 =     4.8403,   199.7000       
# span 9 = 1.2531e-01, 2.4784e+03       
# span 10 =     1.1991,     8.9794      
# span 11 =     -0.315,      6.978      
# span 12 =     -0.456,     10.120      
# span 13 =     8.9090,    25.3732      
# span 14 = 0.0000e+00, 0.0000e+00      
# interval = seconds: 0.25
# start_time = Jul 26 2018 15:11:58 [Instrument's time stamp, header]
# bad_flag = -9.990e-29
*END*
[from data line 290]
      0.127      0.019     8.8675    107.446     28.824  28.862943     3.4562      8.773   165.3846 8.2105e+02     8.3995      0.123      0.178    25.0661 0.0000e+00
      0.135      0.019     8.8793    107.586     28.814  28.852430     3.4607      8.773   165.5081 7.0129e+02     8.3938      0.131      0.192    25.0655 0.0000e+00
      0.145      0.019     8.8902    107.719     28.837  28.875321     3.4687      8.772   165.7048 6.2540e+02     8.3642      0.146      0.212    25.0641 0.0000e+00
      0.150      0.019     8.8960    107.794     28.847  28.885721     3.4976      8.770   166.0426 6.2857e+02     8.3773      0.151      0.219    25.0629 0.0000e+00
      0.150      0.015     8.8968    107.804     28.812  28.851180     3.5156      8.767   166.2371 6.9860e+02     8.3992      0.145      0.211    25.0612 0.0000e+00
      0.150      0.003     8.8957    107.792     28.799  28.838689     3.5111      8.763   166.3361 7.5652e+02     8.3857      0.144      0.210    25.0590 0.0000e+00
      0.156     -0.018     8.8927    107.771     28.818  28.861693     3.4988      8.759   166.4651 7.8566e+02     8.3968      0.152      0.221    25.0589 0.0000e+00
      0.162     -0.048     8.8847    107.702     28.823  28.875327     3.4776      8.759   166.5925 8.9462e+02     8.3811      0.163      0.237    25.0631 0.0000e+00
      0.156     -0.081     8.8686    107.536     28.815  28.876556     3.4572      8.760   166.7574 9.8282e+02     8.2876      0.161      0.233    25.0629 0.0000e+00
      0.131     -0.109     8.8459    107.285     28.808  28.876564     3.4539      8.762   166.8249 1.0089e+03     8.2112      0.137      0.197    25.0597 0.0000e+00
      0.084     -0.124     8.8241    107.036     28.803  28.875439     3.4464      8.765   166.7199 9.7178e+02     8.1905      0.088      0.127    25.0680 0.0000e+00
      0.025     -0.121     8.8122    106.896     28.789  28.862949     3.3943      8.765   166.6062 8.6895e+02     8.2208      0.020      0.030    25.0847 0.0000e+00
     -0.023     -0.104     8.8131    106.897     28.781  28.852559     3.3116      8.765   166.5691 8.9130e+02     8.3023     -0.033     -0.047    25.1005 0.0000e+00
     -0.046     -0.081     8.8231    107.004     28.810  28.876804     3.2646      8.768   166.6147 8.5865e+02     8.3831     -0.054     -0.077    25.1133 0.0000e+00
     -0.044     -0.059     8.8402    107.207     28.837  28.902090     3.2574      8.772   166.6418 6.8234e+02     8.4034     -0.048     -0.069    25.1226 0.0000e+00
     -0.034     -0.044     8.8624    107.489     28.836  28.904284     3.2701      8.774   166.5525 7.0449e+02     8.3345     -0.029     -0.042    25.1251 0.0000e+00
     -0.035     -0.034     8.8853    107.788     28.829  28.903337     3.2997      8.775   166.5673 1.0357e+03     8.2210     -0.025     -0.036    25.1181 0.0000e+00
     -0.055     -0.027     8.9031    108.023     28.811  28.890655     3.3207      8.773   166.9068 1.4677e+03     8.1605     -0.051     -0.074    25.1075 0.0000e+00
     -0.081     -0.013     8.9115    108.129     28.796  28.877947     3.3302      8.768   167.2168 1.7442e+03     8.1834     -0.084     -0.124    25.1037 0.0000e+00
     -0.096      0.012     8.9091    108.093     28.797  28.876688     3.3502      8.765   167.3038 1.8344e+03     8.3146     -0.099     -0.144    25.1119 0.0000e+00
     -0.093      0.045     8.8956    107.914     28.800  28.875439     3.3789      8.765   167.4415 1.9823e+03     8.4949     -0.097     -0.141    25.1253 0.0000e+00
     -0.070      0.077     8.8747    107.645     28.792  28.862836     3.3926      8.766   167.5915 1.9613e+03     8.5934     -0.078     -0.113    25.1367 0.0000e+00
     -0.029      0.102     8.8551    107.385     28.787  28.851301     3.3968      8.766   167.7407 1.3962e+03     8.6212     -0.030     -0.043    25.1403 0.0000e+00
      0.017      0.112     8.8406    107.185     28.805  28.862952     3.4022      8.764   167.9549 8.7126e+02     8.5255      0.024      0.035    25.1331 0.0000e+00
      0.050      0.108     8.8338    107.094     28.821  28.876702     3.4019      8.762   168.0311 7.4248e+02     8.3216      0.053      0.077    25.1246 0.0000e+00
      0.071      0.092     8.8376    107.148     28.833  28.890546     3.3931      8.763   167.9732 6.9128e+02     8.2007      0.069      0.100    25.1190 0.0000e+00
      0.089      0.067     8.8504    107.317     28.842  28.903340     3.3876      8.765   168.0294 7.2152e+02     8.1926      0.088      0.127    25.1070 0.0000e+00
      0.106      0.040     8.8676    107.538     28.839  28.904400     3.3914      8.766   168.1942 9.5846e+02     8.1931      0.107      0.154    25.0908 0.0000e+00
      0.116      0.020     8.8840    107.752     28.834  28.903360     3.3658      8.765   168.3308 1.2091e+03     8.1758      0.116      0.169    25.0861 0.0000e+00
      0.118      0.005     8.8962    107.911     28.818  28.890773     3.3079      8.764   168.4758 1.2310e+03     8.1667      0.120      0.175    25.0933 0.0000e+00
      0.109     -0.009     8.9019    107.983     28.806  28.879219     3.2709      8.765   168.5710 1.0847e+03     8.1444      0.109      0.158    25.1005 0.0000e+00
      0.097     -0.019     8.9015    107.979     28.817  28.890659     3.2579      8.767   168.6219 1.0009e+03     8.1506      0.089      0.129    25.1054 0.0000e+00
      0.093     -0.020     8.8976    107.936     28.827  28.902101     3.2517      8.770   168.7472 1.0592e+03     8.1805      0.091      0.133    25.1149 0.0000e+00
      0.091     -0.013     8.8912    107.860     28.815  28.890556     3.2512      8.771   168.7957 1.2219e+03     8.1695      0.095      0.137    25.1230 0.0000e+00
      0.081     -0.003     8.8818    107.739     28.805  28.878073     3.2519      8.771   168.7779 1.4026e+03     8.1702      0.077      0.111    25.1213 0.0000e+00
      0.077      0.004     8.8706    107.597     28.807  28.878178     3.2499      8.767   168.8764 1.3792e+03     8.1895      0.067      0.097    25.1202 0.0000e+00
      0.087      0.007     8.8601    107.469     28.821  28.891814     3.2643      8.762   168.9535 1.1911e+03     8.1888      0.086      0.125    25.1252 0.0000e+00
      0.098      0.006     8.8524    107.379     28.843  28.915944     3.2970      8.761   168.8499 1.0364e+03     8.1929      0.100      0.146    25.1276 0.0000e+00
      0.102      0.003     8.8498    107.354     28.842  28.915944     3.3064      8.765   168.8284 1.0200e+03     8.2080      0.100      0.146    25.1213 0.0000e+00
      0.101     -0.002     8.8533    107.399     28.817  28.891813     3.3038      8.769   168.9519 1.1702e+03     8.2188      0.102      0.148    25.1167 0.0000e+00
      0.096     -0.008     8.8616    107.499     28.803  28.878177     3.3115      8.773   168.8806 1.3199e+03     8.2326      0.095      0.138    25.1175 0.0000e+00
      0.087     -0.009     8.8721    107.625     28.803  28.878073     3.3165      8.777   168.7399 1.3281e+03     8.2530      0.084      0.123    25.1195 0.0000e+00
      0.082     -0.000     8.8812    107.731     28.817  28.890555     3.3187      8.779   168.8003 1.2689e+03     8.2514      0.079      0.114    25.1226 0.0000e+00
      0.080      0.015     8.8860    107.783     28.831  28.902080     3.3195      8.779   169.0086 1.2447e+03     8.2437      0.077      0.113    25.1244 0.0000e+00
      0.083      0.035     8.8842    107.753     28.821  28.890430     3.3444      8.777   169.2792 1.2206e+03     8.4343      0.078      0.114    25.1246 0.0000e+00
      0.094      0.056     8.8761    107.644     28.811  28.876689     3.3998      8.773   169.5762 1.1719e+03     8.7860      0.087      0.126    25.1237 0.0000e+00
      0.115      0.074     8.8672    107.518     28.802  28.862940     3.4380      8.772   169.9326 1.1049e+03     8.9565      0.112      0.162    25.1212 0.0000e+00
      0.142      0.088     8.8615    107.425     28.797  28.851187     3.4467      8.772   170.3195 1.0138e+03     8.9700      0.139      0.202    25.1179 0.0000e+00
      0.170      0.095     8.8571    107.345     28.815  28.861570     3.4498      8.772   170.6410 9.5345e+02     8.9794      0.166      0.241    25.1144 0.0000e+00
      0.197      0.095     8.8523    107.264     28.822  28.861455     3.4848      8.772   170.8940 9.3221e+02     8.9474      0.194      0.280    25.1095 0.0000e+00
      0.222      0.091     8.8483    107.195     28.817  28.849797     3.5487      8.773   171.1417 8.7306e+02     8.8884      0.218      0.315    25.1008 0.0000e+00
      0.245      0.086     8.8461    107.152     28.819  28.847603     3.5794      8.775   171.3986 8.1880e+02     8.8467      0.242      0.352    25.0875 0.0000e+00
      0.264      0.082     8.8488    107.170     28.811  28.834922     3.5801      8.776   171.6771 8.1247e+02     8.8084      0.260      0.378    25.0737 0.0000e+00
      0.281      0.081     8.8551    107.235     28.803  28.823463     3.6214      8.776   172.0146 7.9111e+02     8.7920      0.276      0.400    25.0615 0.0000e+00
      0.299      0.083     8.8589    107.271     28.818  28.836048     3.7018      8.775   172.4672 7.6641e+02     8.8006      0.293      0.425    25.0506 0.0000e+00
      0.319      0.086     8.8603    107.280     28.844  28.860084     3.7529      8.771   172.8480 7.4313e+02     8.7911      0.311      0.450    25.0428 0.0000e+00
      0.343      0.089     8.8619    107.292     28.847  28.860075     3.7790      8.768   172.9185 7.1875e+02     8.7680      0.337      0.488    25.0360 0.0000e+00
      0.370      0.090     8.8640    107.311     28.825  28.835935     3.8810      8.769   172.8898 6.9216e+02     8.6749      0.364      0.528    25.0293 0.0000e+00
      0.396      0.090     8.8685    107.360     28.813  28.822205     4.0577      8.772   173.0172 6.4623e+02     8.5198      0.390      0.565    25.0246 0.0000e+00
      0.420      0.089     8.8737    107.418     28.813  28.821060     4.1596      8.775   173.2537 6.1559e+02     8.4182      0.415      0.601    25.0208 0.0000e+00
      0.439      0.087     8.8765    107.447     28.815  28.822091     4.1945      8.776   173.4268 6.0812e+02     8.3927      0.431      0.626    25.0169 0.0000e+00
      0.457      0.084     8.8784    107.463     28.830  28.834676     4.4887      8.778   173.5622 5.9797e+02     8.4252      0.445      0.646    25.0138 0.0000e+00
      0.479      0.083     8.8776    107.449     28.843  28.846221     5.0232      8.781   173.7715 5.6599e+02     8.4439      0.470      0.681    25.0119 0.0000e+00
      0.504      0.083     8.8744    107.404     28.833  28.834676     5.3083      8.783   173.9783 5.3205e+02     8.4055      0.496      0.720    25.0098 0.0000e+00
      0.524      0.085     8.8736    107.389     28.822  28.822081     5.3452      8.782   174.1701 5.2197e+02     8.3878      0.515      0.747    25.0060 0.0000e+00
      0.544      0.088     8.8770    107.425     28.822  28.820938     5.4592      8.778   174.3700 5.1444e+02     8.4741      0.534      0.773    25.0029 0.0000e+00
      0.565      0.089     8.8816    107.476     28.824  28.820843     5.6577      8.774   174.5022 4.9272e+02     8.5954      0.553      0.802    25.0005 0.0000e+00
      0.588      0.089     8.8867    107.532     28.826  28.820928     5.7689      8.773   174.6497 4.7185e+02     8.6330      0.574      0.833    24.9977 0.0000e+00
      0.614      0.087     8.8948    107.628     28.827  28.821967     5.7842      8.775   174.8623 4.5425e+02     8.6241      0.601      0.870    24.9955 0.0000e+00
      0.641      0.084     8.9023    107.718     28.838  28.833407     5.7887      8.778   174.9227 4.3180e+02     8.6097      0.632      0.915    24.9929 0.0000e+00
      0.664      0.080     8.9041    107.742     28.837  28.832243     5.8321      8.782   174.8636 4.1325e+02     8.5808      0.654      0.948    24.9891 0.0000e+00
      0.680      0.076     8.9010    107.705     28.812  28.807903     5.9230      8.785   175.0079 4.0858e+02     8.5807      0.667      0.967    24.9858 0.0000e+00
      0.694      0.073     8.8952    107.635     28.798  28.793104     5.9784      8.786   175.3774 4.0351e+02     8.6086      0.679      0.985    24.9844 0.0000e+00
      0.710      0.072     8.8911    107.582     28.786  28.780309     5.9870      8.785   175.7173 3.8786e+02     8.6122      0.694      1.008    24.9847 0.0000e+00
      0.730      0.073     8.8895    107.556     28.787  28.780204     6.0263      8.782   175.9333 3.7440e+02     8.6542      0.715      1.038    24.9862 0.0000e+00
      0.750      0.076     8.8880    107.526     28.802  28.791835     6.1045      8.779   176.0969 3.6190e+02     8.7506      0.736      1.068    24.9874 0.0000e+00
      0.771      0.078     8.8871    107.504     28.807  28.793925     6.1514      8.779   176.2329 3.4912e+02     8.8012      0.755      1.096    24.9873 0.0000e+00
      0.791      0.079     8.8877    107.502     28.822  28.805471     6.1703      8.780   176.4591 3.3859e+02     8.8088      0.777      1.127    24.9858 0.0000e+00
      0.811      0.080     8.8890    107.512     28.822  28.804430     6.2230      8.780   176.7667 3.2773e+02     8.8123      0.797      1.156    24.9821 0.0000e+00
      0.830      0.081     8.8894    107.507     28.802  28.781330     6.3015      8.779   176.9404 3.1882e+02     8.8127      0.813      1.179    24.9760 0.0000e+00
      0.849      0.082     8.8865    107.460     28.804  28.780175     6.3482      8.777   177.0962 3.0977e+02     8.8127      0.832      1.206    24.9690 0.0000e+00
      0.871      0.084     8.8830    107.405     28.818  28.790461     6.3649      8.775   177.3598 2.9904e+02     8.8123      0.854      1.239    24.9653 0.0000e+00
      0.895      0.088     8.8834    107.396     28.811  28.778688     6.4202      8.774   177.4608 2.8861e+02     8.8084      0.878      1.274    24.9632 0.0000e+00
      0.916      0.092     8.8847    107.395     28.802  28.764825     6.5017      8.774   177.3710 2.7877e+02     8.8262      0.899      1.304    24.9586 0.0000e+00
      0.938      0.094     8.8840    107.365     28.793  28.749830     6.5330      8.774   177.4780 2.6771e+02     8.8442      0.917      1.330    24.9521 0.0000e+00
      0.964      0.097     8.8840    107.345     28.773  28.724378     6.5412      8.772   177.7235 2.5484e+02     8.8438      0.944      1.370    24.9453 0.0000e+00
      0.991      0.098     8.8845    107.337     28.764  28.711087     6.6092      8.769   177.6720 2.4412e+02     8.8515      0.974      1.414    24.9395 0.0000e+00
      1.016      0.098     8.8809    107.275     28.775  28.716115     6.7207      8.769   177.4571 2.3536e+02     8.8455      0.996      1.445    24.9312 0.0000e+00
      1.041      0.097     8.8712    107.137     28.786  28.721660     6.7781      8.773   177.3622 2.2500e+02     8.8323      1.019      1.478    24.9175 0.0000e+00
      1.069      0.094     8.8588    106.972     28.784  28.714630     6.7799      8.777   177.3845 2.1559e+02     8.8135      1.051      1.524    24.9078 0.0000e+00
      1.094      0.091     8.8463    106.811     28.767  28.694595     6.7881      8.779   177.5545 2.0959e+02     8.8019      1.076      1.560    24.9034 0.0000e+00
      1.113      0.089     8.8357    106.672     28.745  28.669925     6.8134      8.779   177.8693 2.0355e+02     8.8149      1.089      1.579    24.8931 0.0000e+00
      1.133      0.087     8.8317    106.616     28.748  28.670342     6.8464      8.776   178.1788 1.9557e+02     8.8177      1.110      1.609    24.8810 0.0000e+00
      1.157      0.087     8.8356    106.657     28.779  28.699631     6.8658      8.771   178.2858 1.8907e+02     8.8048      1.136      1.648    24.8730 0.0000e+00
      1.178      0.087     8.8445    106.760     28.787  28.706548     6.8642      8.769   178.2167 1.8409e+02     8.8116      1.156      1.676    24.8682 0.0000e+00
