Data/DataNotYetUploadedToEDI/Raw_CTD/RawDownloads/07292020_ccr30.cnv
* Sea-Bird SBE19plus  Data File:
* FileName = C:\DATA\07292020_ccr50_0003.hex
* Software version 2.8.0.119
* Temperature SN = 7809
* Conductivity SN = 7809
* System UpLoad Time = Jul 29 2020 17:31:42
* <ApplicationData>
* <Seaterm232>
# nquan = 16
# nvalues = 2269                        
# units = specified
# name 0 = depFM: Depth [fresh water, m]
# name 1 = dz/dtM: Descent Rate [m/s]
# name 2 = sbeox0ML/L: Oxygen, SBE 43 [ml/l]
# name 3 = sbeox0PS: Oxygen, SBE 43 [% saturation]
# name 4 = specc: Specific Conductance [uS/cm]
# name 5 = c0uS/cm: Conductivity [uS/cm]
# name 6 = flECO-AFL: Fluorescence, WET Labs ECO-AFL/FL [mg/m^3]
# name 7 = ph: pH
# name 8 = orp: Oxidation Reduction Potential [mV]
# name 9 = par/sat/log: PAR/Logarithmic, Satlantic
# name 10 = turbWETntu0: Turbidity, WET Labs ECO [NTU]
# name 11 = prdM: Pressure, Strain Gauge [db]
# name 12 = prdE: Pressure, Strain Gauge [psi]
# name 13 = tv290C: Temperature [ITS-90, deg C]
# name 14 = density00: Density [density, kg/m^3]
# name 15 = flag:  0.000e+00
# span 0 =     -0.460,     14.610       
# span 1 =     -0.279,      0.497       
# span 2 =     0.5217,     7.3803       
# span 3 =      6.820,    126.743       
# span 4 =      0.845,     92.849       
# span 5 =   1.014457,  64.988279       
# span 6 =    -2.0814,     2.7597       
# span 7 =      6.779,      7.450       
# span 8 = -1240.7455,   260.1378       
# span 9 = 1.2316e-01, 3.0715e+03       
# span 10 =    -1.7503,    12.3998      
# span 11 =     -0.452,     14.327      
# span 12 =     -0.656,     20.781      
# span 13 =     9.9608,    35.0673      
# span 14 =   994.0199,   999.8076      
# span 15 = 0.0000e+00, 0.0000e+00      
# interval = seconds: 0.25
# start_time = Jul 29 2020 00:14:02 [Instrument's time stamp, header]
# bad_flag = -9.990e-29
*END*
[from data line 1537]
     12.558      0.086     1.1871     14.649     87.793  61.575642    -0.1415      6.938   251.3764 1.3133e-01     7.1572     12.314     17.859    10.0764   999.7868 0.0000e+00
     12.584      0.081     1.1800     14.578     87.852  61.612518    -0.1306      6.937   251.4985 1.2633e-01     7.1333     12.342     17.899    10.0769   999.7868 0.0000e+00
     12.608      0.076     1.1701     14.538     87.857  61.613674    -0.1058      6.937   251.4153 1.2366e-01     7.1355     12.368     17.937    10.0738   999.7873 0.0000e+00
     12.625      0.071     1.1634     14.490     87.826  61.589614    -0.0795      6.937   251.2308 1.2348e-01     7.1152     12.382     17.959    10.0695   999.7877 0.0000e+00
     12.636      0.069     1.1541     14.437     87.808  61.575772    -0.0705      6.935   251.1593 1.2349e-01     7.0946     12.391     17.972    10.0662   999.7881 0.0000e+00
     12.648      0.069     1.1475     14.390     87.807  61.573387    -0.0637      6.927   251.1543 1.2350e-01     7.1266     12.402     17.988    10.0637   999.7884 0.0000e+00
     12.664      0.073     1.1478     14.350     87.789  61.560784    -0.0645      6.918   251.0838 1.2390e-01     7.3308     12.417     18.010    10.0619   999.7886 0.0000e+00
     12.685      0.080     1.1420     14.313     87.774  61.550471    -0.0900      6.911   250.9954 1.2430e-01     7.6751     12.439     18.041    10.0607   999.7888 0.0000e+00
     12.709      0.087     1.1386     14.283     87.811  61.575772    -0.1135      6.907   250.9461 1.2388e-01     7.8551     12.463     18.077    10.0603   999.7889 0.0000e+00
     12.733      0.092     1.1342     14.261     87.866  61.612542    -0.1200      6.905   250.9180 1.2338e-01     7.8606     12.487     18.112    10.0593   999.7891 0.0000e+00
     12.758      0.093     1.1317     14.249     87.869  61.613792    -0.1312      6.904   250.9137 1.2335e-01     7.8439     12.511     18.145    10.0592   999.7893 0.0000e+00
     12.783      0.091     1.1288     14.276     87.834  61.590888    -0.1433      6.904   250.8938 1.2339e-01     7.8590     12.537     18.184    10.0600   999.7893 0.0000e+00
     12.808      0.086     1.1255     14.326     87.829  61.589772    -0.1334      6.903   250.8500 1.2334e-01     7.9060     12.561     18.219    10.0593   999.7896 0.0000e+00
     12.829      0.082     1.1255     14.381     87.844  61.600302    -0.1166      6.902   250.8138 1.2330e-01     7.9313     12.581     18.248    10.0579   999.7898 0.0000e+00
     12.848      0.080     1.1214     14.446     87.834  61.591119    -0.1206      6.901   250.8009 1.2333e-01     7.9240     12.599     18.275    10.0571   999.7899 0.0000e+00
     12.865      0.080     1.1254     14.501     87.858  61.605821    -0.1340      6.900   250.8659 1.2329e-01     7.9562     12.616     18.299    10.0583   999.7899 0.0000e+00
     12.884      0.084     1.1300     14.558     87.926  61.650978    -0.1356      6.900   250.9117 1.2327e-01     8.0455     12.633     18.323    10.0602   999.7897 0.0000e+00
     12.904      0.090     1.1328     14.613     87.991  61.692309    -0.1305      6.901   250.9239 1.2334e-01     8.0767     12.652     18.352    10.0601   999.7899 0.0000e+00
     12.927      0.095     1.1404     14.638     88.041  61.724295    -0.1304      6.901   251.0144 1.2341e-01     8.0936     12.675     18.384    10.0588   999.7901 0.0000e+00
     12.954      0.097     1.1432     14.639     88.040  61.720009    -0.1342      6.900   251.0587 1.2340e-01     8.2843     12.704     18.424    10.0578   999.7903 0.0000e+00
     12.984      0.097     1.1476     14.620     88.022  61.704029    -0.1381      6.899   251.0287 1.2331e-01     8.5967     12.733     18.467    10.0561   999.7906 0.0000e+00
     13.012      0.093     1.1540     14.579     88.052  61.721698    -0.1396      6.899   251.0832 1.2323e-01     8.7472     12.763     18.510    10.0536   999.7910 0.0000e+00
     13.037      0.087     1.1548     14.530     88.086  61.743023    -0.1321      6.899   251.2011 1.2319e-01     8.7294     12.787     18.547    10.0517   999.7913 0.0000e+00
     13.056      0.081     1.1553     14.480     88.128  61.771230    -0.1052      6.899   251.1634 1.2316e-01     8.6908     12.804     18.571    10.0499   999.7916 0.0000e+00
     13.071      0.079     1.1537     14.414     88.183  61.808576    -0.0722      6.899   251.0577 1.2321e-01     8.6244     12.817     18.590    10.0477   999.7918 0.0000e+00
     13.086      0.081     1.1505     14.367     88.192  61.813319    -0.0666      6.899   251.0412 1.2331e-01     8.5779     12.832     18.611    10.0458   999.7920 0.0000e+00
     13.106      0.086     1.1454     14.362     88.217  61.828570    -0.0846      6.899   250.9642 1.2336e-01     8.5750     12.851     18.639    10.0445   999.7923 0.0000e+00
     13.129      0.091     1.1434     14.339     88.274  61.865885    -0.0991      6.899   250.8148 1.2338e-01     8.5551     12.873     18.670    10.0438   999.7925 0.0000e+00
     13.155      0.096     1.1371     14.309     88.305  61.883236    -0.0898      6.898   250.6968 1.2338e-01     8.5437     12.900     18.709    10.0430   999.7927 0.0000e+00
     13.185      0.096     1.1300     14.288     88.352  61.911281    -0.0676      6.898   250.6570 1.2337e-01     8.5747     12.932     18.757    10.0420   999.7929 0.0000e+00
     13.213      0.091     1.1355     14.247     88.416  61.950791    -0.0586      6.898   250.7638 1.2338e-01     8.5861     12.959     18.796    10.0413   999.7931 0.0000e+00
     13.235      0.084     1.1311     14.190     88.461  61.979697    -0.0675      6.899   250.9550 1.2336e-01     8.5103     12.981     18.828    10.0399   999.7934 0.0000e+00
     13.255      0.075     1.1279     14.118     88.501  62.006604    -0.0900      6.899   250.9902 1.2330e-01     8.3793     13.000     18.855    10.0374   999.7937 0.0000e+00
     13.270      0.070     1.1289     14.049     88.525  62.021957    -0.1005      6.898   250.8454 1.2330e-01     8.3413     13.014     18.876    10.0344   999.7940 0.0000e+00
     13.283      0.068     1.1240     14.014     88.555  62.038240    -0.0805      6.898   250.7533 1.2332e-01     8.3937     13.025     18.893    10.0313   999.7944 0.0000e+00
     13.298      0.069     1.1205     13.989     88.619  62.076378    -0.0578      6.899   250.8226 1.2330e-01     8.3950     13.040     18.913    10.0289   999.7947 0.0000e+00
     13.316      0.070     1.1141     13.911     88.664  62.101815    -0.0648      6.899   250.8226 1.2330e-01     8.3913     13.058     18.939    10.0293   999.7948 0.0000e+00
     13.337      0.073     1.1072     13.788     88.654  62.091628    -0.0797      6.898   250.6678 1.2337e-01     8.4521     13.079     18.969    10.0294   999.7949 0.0000e+00
     13.359      0.076     1.1050     13.667     88.637  62.080285    -0.0757      6.897   250.5850 1.2339e-01     8.5126     13.102     19.002    10.0256   999.7954 0.0000e+00
     13.379      0.077     1.1066     13.557     88.651  62.091752    -0.0733      6.898   250.5096 1.2336e-01     8.5731     13.121     19.030    10.0216   999.7958 0.0000e+00
     13.396      0.076     1.0996     13.466     88.671  62.103188    -0.0604      6.898   250.4456 1.2337e-01     8.7706     13.136     19.053    10.0185   999.7962 0.0000e+00
     13.414      0.074     1.0875     13.380     88.660  62.091464    -0.0244      6.897   250.4990 1.2337e-01     9.0812     13.154     19.077    10.0158   999.7965 0.0000e+00
     13.435      0.072     1.0789     13.283     88.644  62.077080    -0.0102      6.896   250.4672 1.2334e-01     9.2387     13.176     19.109    10.0166   999.7965 0.0000e+00
     13.455      0.072     1.0693     13.208     88.619  62.056357    -0.0222      6.896   250.4044 1.2331e-01     9.2335     13.196     19.139    10.0188   999.7964 0.0000e+00
     13.472      0.073     1.0625     13.180     88.498  61.967983    -0.0457      6.896   250.4282 1.2331e-01     9.1896     13.213     19.163    10.0170   999.7967 0.0000e+00
     13.487      0.075     1.0574     13.178     88.226  61.771066    -0.0649      6.896   250.4114 1.2331e-01     9.1207     13.226     19.183    10.0141   999.7970 0.0000e+00
     13.505      0.079     1.0477     13.171     87.879  61.518154    -0.0634      6.895   250.3731 1.2332e-01     9.0863     13.242     19.206    10.0123   999.7972 0.0000e+00
     13.525      0.085     1.0411     13.163     87.624  61.324614    -0.0661      6.895   250.3947 1.2336e-01     9.0828     13.262     19.236    10.0109   999.7974 0.0000e+00
     13.548      0.091     1.0397     13.204     87.664  61.337197    -0.0785      6.895   250.4150 1.2340e-01     9.2497     13.285     19.268    10.0089   999.7977 0.0000e+00
     13.573      0.096     1.0409     13.360     88.065  61.606733    -0.0900      6.895   250.3609 1.2343e-01     9.5941     13.311     19.305    10.0058   999.7980 0.0000e+00
     13.599      0.099     1.0405     13.705     88.514  61.914804    -0.0991      6.895   250.3422 1.2339e-01     9.7454     13.336     19.343    10.0001   999.7985 0.0000e+00
     13.627      0.099     1.0383     14.360     88.746  62.075597    -0.0939      6.894   250.3609 1.2332e-01     9.7393     13.364     19.383     9.9908   999.7993 0.0000e+00
     13.654      0.097     1.0400     15.425     88.856  62.152940    -0.0744      6.894   250.4151 1.2332e-01     9.7952     13.391     19.422     9.9812   999.8003 0.0000e+00
     13.679      0.094     1.0510     16.900     88.943  62.214527    -0.0642      6.897   250.6538 1.2333e-01     9.8029     13.415     19.457     9.9744   999.8012 0.0000e+00
     13.701      0.092     1.0747     18.715     88.989  62.248347    -0.0756      6.902   250.8375 1.2330e-01     9.7641     13.436     19.487     9.9712   999.8017 0.0000e+00
     13.723      0.091     1.1220     20.612     88.981  62.244152    -0.0877      6.907   250.7438 1.2329e-01     9.7726     13.457     19.518     9.9710   999.8019 0.0000e+00
     13.744      0.091     1.2083     22.184     88.956  62.227341    -0.0681      6.910   250.6394 1.2334e-01     9.9058     13.478     19.548     9.9715   999.8020 0.0000e+00
     13.768      0.091     1.3244     23.181     88.968  62.235707    -0.0287      6.910   250.6931 1.2338e-01    10.1387     13.499     19.580     9.9721   999.8021 0.0000e+00
     13.793      0.089     1.4745     23.486     89.033  62.281760    -0.0115      6.910   250.7053 1.2336e-01    10.2536     13.525     19.618     9.9730   999.8022 0.0000e+00
     13.818      0.086     1.6402     23.062     89.115  62.339366    -0.0228      6.910   250.6148 1.2335e-01    10.2306     13.551     19.654     9.9738   999.8022 0.0000e+00
     13.842      0.081     1.7691     22.034     89.144  62.360325    -0.0323      6.910   250.5456 1.2336e-01    10.1691     13.575     19.688     9.9742   999.8023 0.0000e+00
     13.862      0.076     1.8505     20.629     89.121  62.344543     0.0076      6.909   250.4708 1.2337e-01     9.9915     13.595     19.717     9.9741   999.8024 0.0000e+00
     13.878      0.072     1.8773     19.069     89.113  62.339174     0.0781      6.908   250.3981 1.2336e-01     9.6973     13.610     19.739     9.9743   999.8025 0.0000e+00
     13.892      0.071     1.8393     17.600     89.140  62.358951     0.1147      6.908   250.3547 1.2335e-01     9.5299     13.622     19.757     9.9746   999.8025 0.0000e+00
     13.907      0.073     1.7508     16.400     89.189  62.393036     0.1161      6.907   250.2903 1.2338e-01     9.5467     13.637     19.779     9.9748   999.8026 0.0000e+00
     13.925      0.077     1.6347     15.471     89.246  62.433569     0.1043      6.906   250.2222 1.2338e-01     9.5574     13.655     19.804     9.9751   999.8026 0.0000e+00
     13.947      0.082     1.5041     14.763     89.294  62.467765     0.0962      6.905   250.3050 1.2333e-01     9.5214     13.676     19.835     9.9753   999.8027 0.0000e+00
     13.971      0.085     1.3810     14.265     89.324  62.488781     0.1028      6.905   250.5170 1.2332e-01     9.5239     13.701     19.871     9.9754   999.8028 0.0000e+00
     13.993      0.085     1.2887     13.951     89.335  62.497036     0.1184      6.904   250.6353 1.2332e-01     9.5875     13.723     19.903     9.9758   999.8029 0.0000e+00
     14.017      0.083     1.2165     13.734     89.345  62.504037     0.1423      6.901   250.7023 1.2331e-01     9.7410     13.745     19.936     9.9760   999.8031 0.0000e+00
     14.040      0.079     1.1608     13.549     89.354  62.509882     0.1716      6.899   250.7248 1.2333e-01     9.9040     13.770     19.972     9.9760   999.8032 0.0000e+00
     14.059      0.075     1.1213     13.406     89.345  62.504164     0.1773      6.898   250.6490 1.2336e-01     9.9438     13.789     19.998     9.9763   999.8032 0.0000e+00
     14.074      0.073     1.0998     13.281     89.337  62.498437     0.1631      6.898   250.6466 1.2337e-01     9.9828     13.801     20.017     9.9766   999.8033 0.0000e+00
     14.091      0.073     1.0856     13.142     89.345  62.504177     0.1628      6.897   250.6953 1.2336e-01    10.1006     13.818     20.041     9.9766   999.8034 0.0000e+00
     14.109      0.075     1.0685     12.987     89.354  62.510027     0.1732      6.897   250.7219 1.2333e-01    10.2001     13.836     20.068     9.9765   999.8035 0.0000e+00
     14.128      0.080     1.0587     12.792     89.349  62.505625     0.1934      6.898   250.7097 1.2334e-01    10.2242     13.855     20.094     9.9766   999.8035 0.0000e+00
     14.148      0.085     1.0504     12.571     89.363  62.514490     0.2073      6.898   250.6340 1.2338e-01    10.2209     13.874     20.122     9.9766   999.8036 0.0000e+00
     14.171      0.090     1.0383     12.386     89.420  62.553673     0.1795      6.899   250.5810 1.2336e-01    10.4346     13.895     20.153     9.9766   999.8037 0.0000e+00
     14.196      0.092     1.0273     12.251     89.484  62.598112     0.1334      6.899   250.5854 1.2333e-01    10.8856     13.921     20.191     9.9763   999.8039 0.0000e+00
     14.223      0.092     1.0127     12.173     89.498  62.606983     0.1176      6.899   250.6015 1.2328e-01    11.1762     13.948     20.231     9.9760   999.8040 0.0000e+00
     14.249      0.087     0.9908     12.130     89.485  62.597388     0.1224      6.899   250.6033 1.2328e-01    11.2018     13.974     20.267     9.9755   999.8042 0.0000e+00
     14.272      0.082     0.9781     12.085     89.503  62.609188     0.1246      6.899   250.6930 1.2330e-01    10.9885     13.999     20.302     9.9752   999.8044 0.0000e+00
     14.292      0.077     0.9661     12.092     89.523  62.622564     0.1247      6.899   250.8263 1.2330e-01    10.6234     14.017     20.331     9.9747   999.8045 0.0000e+00
     14.307      0.075     0.9598     12.142     89.538  62.632026     0.1141      6.899   250.8383 1.2333e-01    10.4270     14.030     20.350     9.9743   999.8047 0.0000e+00
     14.320      0.078     0.9605     12.178     89.581  62.660048     0.1009      6.898   250.7521 1.2336e-01    10.3992     14.041     20.366     9.9741   999.8047 0.0000e+00
     14.337      0.083     0.9520     12.224     89.653  62.707188     0.0982      6.897   250.6437 1.2338e-01    10.4246     14.056     20.388     9.9738   999.8048 0.0000e+00
     14.360      0.091     0.9536     12.285     89.730  62.757174     0.1189      6.897   250.5603 1.2340e-01    10.6306     14.081     20.422     9.9733   999.8050 0.0000e+00
     14.388      0.097     0.9614     12.337     89.825  62.819607     0.1519      6.898   250.4323 1.2344e-01    10.9672     14.110     20.465     9.9730   999.8052 0.0000e+00
     14.417      0.100     0.9611     12.383     89.932  62.890142     0.1635      6.899   250.3005 1.2343e-01    11.1302     14.138     20.505     9.9721   999.8054 0.0000e+00
     14.446      0.096     0.9652     12.402     89.965  62.911007     0.1643      6.900   250.3438 1.2334e-01    11.1248     14.167     20.548     9.9701   999.8057 0.0000e+00
