Data/DataNotYetUploadedToEDI/Raw_CTD/RawDownloads/072919_fcr45.cnv
* Sea-Bird SBE19plus  Data File:
* FileName = C:\DATA\0772919_fcr_0004.hex
* Software version 2.8.0.119
* Temperature SN = 7809
* Conductivity SN = 7809
* System UpLoad Time = Jul 29 2019 16:12:34
* <ApplicationData>
* <Seaterm232>
# nquan = 18
# nvalues = 553                         
# units = specified
# name 0 = depFM: Depth [fresh water, m]
# name 1 = tv290C: Temperature [ITS-90, deg C]
# name 2 = sbeox0Mg/L: Oxygen, SBE 43 [mg/l]
# name 3 = sbeox0PS: Oxygen, SBE 43 [% saturation]
# name 4 = c0uS/cm: Conductivity [uS/cm]
# name 5 = specc: Specific Conductance [uS/cm]
# name 6 = ph: pH
# name 7 = orp: Oxidation Reduction Potential [mV]
# name 8 = flECO-AFL: Fluorescence, WET Labs ECO-AFL/FL [mg/m^3]
# name 9 = turbWETntu0: Turbidity, WET Labs ECO [NTU]
# name 10 = sal00: Salinity, Practical [PSU]
# name 11 = dz/dtM: Descent Rate [m/s]
# name 12 = prdM: Pressure, Strain Gauge [db]
# name 13 = prdE: Pressure, Strain Gauge [psi]
# name 14 = scan: Scan Count
# name 15 = par/sat/log: PAR/Logarithmic, Satlantic
# name 16 = density00: Density [density, kg/m^3]
# name 17 = flag:  0.000e+00
# span 0 =     -0.539,      6.647       
# span 1 =    11.0562,    26.0288       
# span 2 =    -0.0349,    11.8329       
# span 3 =     -0.333,    142.300       
# span 4 =   1.249210,  37.875654       
# span 5 =      1.364,     49.401       
# span 6 =      7.227,     11.226       
# span 7 =  -256.0405,   995.4823       
# span 8 =    -0.3467,    29.6945       
# span 9 =    -1.5948,    15.8387       
# span 10 =     0.0106,     0.0251      
# span 11 =     -0.028,      0.298      
# span 12 =     -0.528,      6.518      
# span 13 =     -0.766,      9.453      
# span 14 =          1,        553      
# span 15 = 1.2204e-01, 2.5360e+03      
# span 16 =   996.7971,   999.6498      
# span 17 = 0.0000e+00, 0.0000e+00      
# interval = seconds: 0.25
# start_time = Jul 29 2019 11:48:44 [Instrument's time stamp, header]
# bad_flag = -9.990e-29
*END*
[from data line 483]
      6.537    11.0773     2.5369     23.046  32.009489     44.327      7.880   265.9731     0.7138     6.8264     0.0228      0.016      6.411      9.298        484 2.6909e-01   999.6472 0.0000e+00
      6.542    11.0709     2.5006     22.721  32.282752     44.753      7.874   265.8595     0.7100     6.9417     0.0230      0.017      6.415      9.303        485 2.3464e-01   999.6473 0.0000e+00
      6.544    11.0673     2.4921     22.650  32.472731     44.991      7.874   265.7838     0.7291     7.0282     0.0231      0.017      6.417      9.307        486 2.4340e-01   999.6479 0.0000e+00
      6.546    11.0682     2.4867     22.606  32.573069     45.154      7.869   265.8217     0.7100     7.2734     0.0232      0.016      6.419      9.310        487 2.5076e-01   999.6487 0.0000e+00
      6.547    11.0714     2.4871     22.612  32.513444     45.081      7.864   265.8974     0.7291     7.1003     0.0232      0.015      6.420      9.312        488 2.2942e-01   999.6490 0.0000e+00
      6.549    11.0735     2.4947     22.682  32.546934     45.080      7.864   266.0110     0.7024     7.0427     0.0232      0.013      6.422      9.315        489 2.3570e-01   999.6489 0.0000e+00
      6.551    11.0734     2.5362     23.060  32.472131     45.076      7.863   266.0867     0.7176     7.2445     0.0232      0.011      6.424      9.318        490 2.4233e-01   999.6485 0.0000e+00
      6.553    11.0744     2.5813     23.470  32.488014     44.918      7.859   265.8217     0.7405     7.1724     0.0231      0.009      6.426      9.321        491 2.2909e-01   999.6483 0.0000e+00
      6.556    11.0766     2.6282     23.896  31.964201     44.493      7.858   265.8974     0.7062     7.1580     0.0229      0.008      6.428      9.324        492 2.1010e-01   999.6481 0.0000e+00
      6.557    11.0731     2.6622     24.203  32.738820     44.995      7.856   265.8595     0.7214     7.2013     0.0231      0.008      6.430      9.327        493 2.2212e-01   999.6484 0.0000e+00
      6.560    11.0699     2.6645     24.221  35.109465     49.094      7.851   266.5410     0.7100     7.0859     0.0249      0.008      6.433      9.330        494 1.9323e-01   999.6494 0.0000e+00
      6.562    11.0781     2.6449     24.043  34.258772     47.241      7.854   266.7302     0.6795     7.8357     0.0241      0.008      6.436      9.334        495 1.4333e-01   999.6493 0.0000e+00
      6.566    11.0911     2.5915     23.565  32.434354     45.078      7.848   267.3360     0.7024     7.8069     0.0232      0.009      6.439      9.339        496 1.2820e-01   999.6488 0.0000e+00
      6.568    11.0998     2.5243     22.959  32.401791     44.758      7.850   267.4495     0.6833     7.8934     0.0230      0.009      6.441      9.342        497 1.3293e-01   999.6480 0.0000e+00
      6.569    11.1044     2.4268     22.072  32.669580     45.399      7.847   267.7524     0.6757     7.8069     0.0233      0.009      6.441      9.343        498 1.4177e-01   999.6468 0.0000e+00
      6.568    11.1071     2.3466     21.343  33.108518     45.698      7.845   267.3738     0.6566     7.8790     0.0235      0.009      6.441      9.343        499 1.2865e-01   999.6461 0.0000e+00
      6.569    11.1076     2.2846     20.781  34.611253     48.012      7.846   267.6010     0.6489     7.8934     0.0245      0.007      6.442      9.344        500 1.3039e-01   999.6463 0.0000e+00
      6.569    11.1071     2.2639     20.594  35.629517     49.362      7.843   267.7145     0.6375     7.8934     0.0250      0.006      6.443      9.345        501 1.2782e-01   999.6465 0.0000e+00
      6.572    11.1064     2.2761     20.706  35.515789     49.129      7.844   267.5631     0.6184     7.8934     0.0249      0.005      6.444      9.347        502 1.2204e-01   999.6464 0.0000e+00
      6.573    11.1027     2.3015     20.938  35.641797     49.401      7.837   267.7145     0.5879     7.7492     0.0251      0.004      6.446      9.349        503 1.2497e-01   999.6465 0.0000e+00
      6.574    11.0976     2.3519     21.397  35.591239     49.247      7.838   267.7524     0.7329     8.4414     0.0250      0.003      6.447      9.350        504 1.2330e-01   999.6465 0.0000e+00
      6.575    11.0993     2.4035     21.867  35.608344     49.330      7.835   267.7145     0.7100     8.5423     0.0250      0.003      6.448      9.353        505 1.2458e-01   999.6470 0.0000e+00
      6.579    11.1114     2.4495     22.287  35.057462     48.601      7.834   267.5252     0.7138     8.5856     0.0247      0.005      6.452      9.358        506 1.2356e-01   999.6472 0.0000e+00
      6.585    11.1212     2.4878     22.635  33.935757     46.937      7.833   267.5252     0.7062     8.4702     0.0240      0.007      6.457      9.365        507 1.2365e-01   999.6465 0.0000e+00
      6.588    11.1213     2.5098     22.835  33.448329     46.340      7.831   267.2981     0.7024     8.5856     0.0237      0.009      6.461      9.371        508 1.2355e-01   999.6451 0.0000e+00
      6.593    11.1212     2.5187     22.918  33.441623     46.250      7.830   267.2224     0.7138     8.5856     0.0237      0.011      6.465      9.377        509 1.2372e-01   999.6442 0.0000e+00
      6.597    11.1255     2.5302     23.025  33.381098     46.250      7.828   267.5252     0.7100     8.4846     0.0237      0.013      6.468      9.382        510 1.2367e-01   999.6441 0.0000e+00
      6.597    11.1292     2.5214     22.945  33.405126     46.174      7.828   268.1310     0.7176     8.4991     0.0237      0.014      6.470      9.385        511 1.2355e-01   999.6441 0.0000e+00
      6.601    11.1310     2.5156     22.892  33.708036     46.709      7.826   268.3960     0.7252     8.5567     0.0239      0.014      6.473      9.389        512 1.2349e-01   999.6438 0.0000e+00
      6.604    11.1332     2.5085     22.828  33.863447     46.820      7.824   268.0174     0.7062     8.3981     0.0240      0.014      6.476      9.393        513 1.2353e-01   999.6435 0.0000e+00
      6.605    11.1349     2.5001     22.750  33.863615     46.895      7.823   267.8281     0.7138     8.4991     0.0240      0.013      6.479      9.397        514 1.2360e-01   999.6434 0.0000e+00
      6.611    11.1353     2.4935     22.693  33.796720     46.738      7.823   268.2824     0.7405     8.5423     0.0239      0.012      6.483      9.403        515 1.2357e-01   999.6431 0.0000e+00
      6.616    11.1362     2.4968     22.728  33.709640     46.658      7.819   268.2445     0.6757     9.8834     0.0239      0.012      6.487      9.409        516 1.2349e-01   999.6429 0.0000e+00
      6.617    11.1363     2.5005     22.763  33.794194     46.735      7.817   268.0553     0.7252     9.8834     0.0239      0.012      6.490      9.412        517 1.2355e-01   999.6429 0.0000e+00
      6.618    11.1378     2.5018     22.773  34.017446     47.081      7.814   268.1310     0.7443     9.8545     0.0241      0.012      6.490      9.413        518 1.2359e-01   999.6429 0.0000e+00
      6.619    11.1416     2.5336     23.057  33.994814     47.043      7.815   268.0174     0.7214     9.8401     0.0241      0.012      6.491      9.415        519 1.2361e-01   999.6429 0.0000e+00
      6.622    11.1440     2.5414     23.125  33.911254     46.886      7.812   268.2445     0.7100     9.9410     0.0240      0.011      6.494      9.419        520 1.2355e-01   999.6428 0.0000e+00
      6.625    11.1446     2.5682     23.367  33.973273     47.036      7.809   268.1688     1.1258    10.9648     0.0241      0.010      6.498      9.424        521 1.2352e-01   999.6424 0.0000e+00
      6.631    11.1449     2.5885     23.549  33.917632     46.878      7.807   268.6988     1.1029    10.9793     0.0240      0.011      6.503      9.432        522 1.2348e-01   999.6421 0.0000e+00
      6.636    11.1450     2.5996     23.646  33.861971     46.877      7.808   268.8503     1.1525    11.0514     0.0240      0.011      6.508      9.438        523 1.2331e-01   999.6421 0.0000e+00
      6.640    11.1445     2.6030     23.674  33.953647     46.916      7.805   269.3045     1.1792    11.0802     0.0240      0.012      6.511      9.443        524 1.2345e-01   999.6421 0.0000e+00
      6.642    11.1493     2.6007     23.652  34.010967     47.108      7.802   269.0395     0.7901    13.7190     0.0241      0.014      6.513      9.446        525 1.2363e-01   999.6421 0.0000e+00
      6.642    11.1579     2.5859     23.519  33.879533     46.800      7.805   269.1910     0.7825    13.6181     0.0239      0.014      6.514      9.448        526 1.2365e-01   999.6421 0.0000e+00
      6.644    11.1613     2.5660     23.340  33.850524     46.871      7.800   269.7210     0.7710    13.7767     0.0240      0.013      6.515      9.450        527 1.2364e-01   999.6417 0.0000e+00
      6.644    11.1571     2.5342     23.052  33.987800     46.937      7.800   269.6453     0.7977    13.7479     0.0240      0.011      6.515      9.450        528 1.2351e-01   999.6408 0.0000e+00
      6.644    11.1477     2.5129     22.858  34.212442     47.357      7.798   269.6831     1.1487    14.8149     0.0242      0.008      6.515      9.450        529 1.2340e-01   999.6406 0.0000e+00
      6.645    11.1402     2.5090     22.824  34.608097     47.788      7.796   270.1374     1.1372    14.8293     0.0244      0.006      6.516      9.451        530 1.2352e-01   999.6412 0.0000e+00
      6.645    11.1370     2.5146     22.881  34.947427     48.418      7.796   270.3267     1.1411    14.8293     0.0247      0.004      6.516      9.451        531 1.2371e-01   999.6424 0.0000e+00
      6.645    11.1325     2.5231     22.963  35.064383     48.429      7.795   270.4024     1.1411    14.8870     0.0247      0.002      6.517      9.451        532 1.2358e-01   999.6433 0.0000e+00
      6.645    11.1259     2.5478     23.188  35.203387     48.780      7.792   270.3645     1.0228    12.6087     0.0248      0.002      6.517      9.451        533 1.2347e-01   999.6436 0.0000e+00
      6.645    11.1199     2.5862     23.538  35.307849     48.786      7.793   270.4024     1.0075    12.5366     0.0248      0.001      6.517      9.451        534 1.2342e-01   999.6441 0.0000e+00
      6.645    11.1178     2.6550     24.162  35.141820     48.718      7.792   270.2131     1.0266    12.5366     0.0248      0.001      6.517      9.451        535 1.2347e-01   999.6447 0.0000e+00
      6.645    11.1200     2.7519     25.042  34.846970     48.146      7.791   270.7431     0.9961    12.5222     0.0245      0.001      6.517      9.451        536 1.2366e-01   999.6451 0.0000e+00
      6.645    11.1241     2.8688     26.104  34.726511     48.149      7.790   270.6674     0.9045    12.6952     0.0245      0.000      6.517      9.451        537 1.2356e-01   999.6453 0.0000e+00
      6.645    11.1265     3.0030     27.328  34.847226     48.146      7.785   270.4403     0.8931    12.7529     0.0245      0.000      6.517      9.451        538 1.2346e-01   999.6452 0.0000e+00
      6.645    11.1268     3.1358     28.540  35.319049     48.952      7.788   270.8567     0.8931    12.5222     0.0249      0.000      6.517      9.451        539 1.2347e-01   999.6450 0.0000e+00
      6.645    11.1298     3.2732     29.791  35.650661     49.297      7.785   270.7810     0.9045    12.5078     0.0250     -0.000      6.517      9.451        540 1.2360e-01   999.6448 0.0000e+00
      6.645    11.1401     3.3850     30.805  34.967952     48.485      7.784   270.6295     0.8969    12.5510     0.0247     -0.000      6.517      9.451        541 1.2344e-01   999.6444 0.0000e+00
      6.645    11.1498 -9.990e-29 -9.990e-29  33.590583     46.394      7.783   271.1217     0.9732    12.5654     0.0238      0.000      6.517      9.451        542 1.2342e-01   999.6436 0.0000e+00
      6.645    11.1512 -9.990e-29 -9.990e-29  32.801358     45.415      7.781   271.0081     0.9656    12.7241     0.0233      0.000      6.517      9.451        543 1.2358e-01   999.6421 0.0000e+00
      6.645    11.1505 -9.990e-29 -9.990e-29  32.601744     45.055      7.781   271.7653     0.9618    12.5510     0.0232      0.000      6.517      9.451        544 1.2346e-01   999.6411 0.0000e+00
      6.645    11.1478 -9.990e-29 -9.990e-29  32.327837     44.745      7.779   271.7274     0.9694    12.5799     0.0231      0.000      6.517      9.452        545 1.2356e-01   999.6408 0.0000e+00
      6.645    11.1435 -9.990e-29 -9.990e-29  32.401476     44.745      7.778   272.2195     1.4539    15.8387     0.0231      0.000      6.517      9.452        546 1.2341e-01   999.6408 0.0000e+00
      6.645    11.1423 -9.990e-29 -9.990e-29  32.776773     45.406      7.780   272.1438     1.4691    15.8243     0.0233      0.000      6.517      9.452        547 1.2346e-01   999.6413 0.0000e+00
      6.646    11.1455 -9.990e-29 -9.990e-29  32.542279     44.986      7.775   272.4845     1.4729    15.8387     0.0232      0.000      6.517      9.452        548 1.2376e-01   999.6416 0.0000e+00
      6.646    11.1506 -9.990e-29 -9.990e-29  32.485888     44.911      7.773   272.6360     1.4386    15.6657     0.0231      0.000      6.518      9.453        549 1.2365e-01   999.6417 0.0000e+00
      6.646    11.1501 -9.990e-29 -9.990e-29  32.906212     45.563      7.772   272.7117     1.6217    12.7241     0.0234      0.000      6.518      9.453        550 1.2357e-01   999.6416 0.0000e+00
      6.646    11.1473 -9.990e-29 -9.990e-29  33.085884     45.711      7.771   272.7874     1.6408    12.8394     0.0235      0.000      6.518      9.453        551 1.2347e-01   999.6412 0.0000e+00
      6.646 -9.990e-29 -9.990e-29 -9.990e-29  33.003050     45.711      7.770   272.6738     1.6408    12.8538     0.0235      0.001      6.518      9.453        552 1.2347e-01   999.6412 0.0000e+00
      6.647 -9.990e-29 -9.990e-29 -9.990e-29  32.831516     45.330      7.770   272.8631     1.6255    12.8538     0.0233      0.001      6.518      9.453        553 1.2359e-01   999.6414 0.0000e+00
