Data/DataNotYetUploadedToEDI/Raw_CTD/RawDownloads/07292020_ccr50.cnv
* Sea-Bird SBE19plus  Data File:
* FileName = C:\DATA\07292020_ccr50_0002.hex
* Software version 2.8.0.119
* Temperature SN = 7809
* Conductivity SN = 7809
* System UpLoad Time = Jul 29 2020 17:30:45
* <ApplicationData>
* <Seaterm232>
# nquan = 16
# nvalues = 3294                        
# units = specified
# name 0 = depFM: Depth [fresh water, m]
# name 1 = dz/dtM: Descent Rate [m/s]
# name 2 = sbeox0ML/L: Oxygen, SBE 43 [ml/l]
# name 3 = sbeox0PS: Oxygen, SBE 43 [% saturation]
# name 4 = specc: Specific Conductance [uS/cm]
# name 5 = c0uS/cm: Conductivity [uS/cm]
# name 6 = flECO-AFL: Fluorescence, WET Labs ECO-AFL/FL [mg/m^3]
# name 7 = ph: pH
# name 8 = orp: Oxidation Reduction Potential [mV]
# name 9 = par/sat/log: PAR/Logarithmic, Satlantic
# name 10 = turbWETntu0: Turbidity, WET Labs ECO [NTU]
# name 11 = prdM: Pressure, Strain Gauge [db]
# name 12 = prdE: Pressure, Strain Gauge [psi]
# name 13 = tv290C: Temperature [ITS-90, deg C]
# name 14 = density00: Density [density, kg/m^3]
# name 15 = flag:  0.000e+00
# span 0 =     -0.475,     21.183       
# span 1 =     -0.261,      0.274       
# span 2 =     0.3622,     6.8439       
# span 3 =      4.592,    118.173       
# span 4 =      1.737,    116.347       
# span 5 =   1.880001,  80.392288       
# span 6 =    -1.6089,     3.0438       
# span 7 =     -1.985,      8.503       
# span 8 = -1240.7455,   272.3922       
# span 9 = 1.2339e-01, 1.4451e+03       
# span 10 =    -0.3778,    26.7964      
# span 11 =     -0.467,     20.774      
# span 12 =     -0.677,     30.130      
# span 13 =     9.4688,    29.1413      
# span 14 =   995.9130,   999.8837      
# span 15 = 0.0000e+00, 0.0000e+00      
# interval = seconds: 0.25
# start_time = Jul 28 2020 20:31:20 [Instrument's time stamp, header]
# bad_flag = -9.990e-29
*END*
[from data line 1085]
      9.571      0.037     3.1764     44.966     79.609  56.672259    -0.1263      6.941   257.4565 2.2527e+00     2.3730      9.386     13.613    10.5908   999.7223 0.0000e+00
      9.580      0.035     3.2670     45.657     79.618  56.680801    -0.1225      6.941   257.5074 2.2290e+00     2.3852      9.395     13.627    10.5941   999.7220 0.0000e+00
      9.588      0.035     3.3512     46.149     79.689  56.739037    -0.1165      6.941   257.6026 2.2152e+00     2.3468      9.403     13.638    10.5970   999.7218 0.0000e+00
      9.595      0.036     3.4378     46.449     79.776  56.804667    -0.1211      6.940   257.6606 2.2049e+00     2.3204      9.409     13.647    10.5953   999.7221 0.0000e+00
      9.604      0.039     3.5076     46.583     79.836  56.839074    -0.1301      6.939   257.6075 2.1986e+00     2.3405      9.416     13.657    10.5896   999.7226 0.0000e+00
      9.614      0.044     3.5608     46.536     79.854  56.837414    -0.1203      6.939   257.5623 2.1912e+00     2.4532      9.428     13.673    10.5905   999.7225 0.0000e+00
      9.626      0.048     3.5995     46.361     79.882  56.848104    -0.1082      6.938   257.6298 2.1728e+00     2.6191      9.441     13.692    10.5990   999.7218 0.0000e+00
      9.638      0.051     3.6196     46.157     79.965  56.904785    -0.1071      6.938   257.7359 2.1554e+00     2.6634      9.451     13.707    10.6032   999.7215 0.0000e+00
      9.653      0.051     3.6334     45.949     80.044  56.951010    -0.1074      6.938   257.8125 2.1450e+00     2.6119      9.465     13.727    10.5966   999.7223 0.0000e+00
      9.670      0.050     3.6290     45.728     80.089  56.962301    -0.1109      6.937   257.8674 2.1291e+00     2.5797      9.484     13.757    10.5838   999.7236 0.0000e+00
      9.683      0.048     3.6114     45.538     80.139  56.977760    -0.1124      6.936   257.8841 2.1170e+00     2.6519      9.499     13.777    10.5773   999.7242 0.0000e+00
      9.693      0.047     3.5955     45.448     80.206  57.010841    -0.1063      6.936   257.8420 2.1103e+00     2.7981      9.506     13.786    10.5809   999.7239 0.0000e+00
      9.702      0.046     3.5809     45.456     80.269  57.044632    -0.1033      6.936   257.8746 2.0955e+00     2.8370      9.513     13.798    10.5758   999.7245 0.0000e+00
      9.713      0.043     3.5635     45.528     80.317  57.068680    -0.1048      6.935   258.0194 2.0782e+00     2.7791      9.524     13.813    10.5580   999.7262 0.0000e+00
      9.726      0.041     3.5469     45.662     80.394  57.111006    -0.1145      6.935   258.2165 2.0657e+00     2.7836      9.538     13.833    10.5452   999.7276 0.0000e+00
      9.739      0.040     3.5411     45.874     80.509  57.175222    -0.1447      6.935   258.3648 2.0556e+00     2.8919      9.551     13.853    10.5375   999.7284 0.0000e+00
      9.750      0.037     3.5438     46.137     80.585  57.209825    -0.1741      6.934   258.3501 2.0409e+00     2.9904      9.562     13.869    10.5305   999.7292 0.0000e+00
      9.758      0.034     3.5500     46.397     80.607  57.211735    -0.1746      6.934   258.3830 2.0228e+00     3.0124      9.570     13.880    10.5249   999.7298 0.0000e+00
      9.764      0.031     3.5595     46.646     80.596  57.198287    -0.1508      6.934   258.5050 2.0086e+00     3.0214      9.575     13.887    10.5188   999.7304 0.0000e+00
      9.769      0.030     3.5780     46.881     80.559  57.174278    -0.1248      6.934   258.4481 1.9995e+00     3.0297      9.580     13.895    10.5070   999.7316 0.0000e+00
      9.776      0.031     3.6022     47.069     80.549  57.175556    -0.1173      6.933   258.3834 1.9953e+00     3.0104      9.586     13.903    10.4919   999.7330 0.0000e+00
      9.786      0.033     3.6230     47.188     80.591  57.213742    -0.1181      6.933   258.5825 1.9913e+00     2.9944      9.597     13.918    10.4835   999.7339 0.0000e+00
      9.795      0.036     3.6419     47.244     80.651  57.254837    -0.0963      6.933   258.7909 1.9791e+00     3.0411      9.606     13.932    10.4807   999.7342 0.0000e+00
      9.803      0.038     3.6623     47.269     80.717  57.291267    -0.0539      6.932   258.7517 1.9614e+00     3.1633      9.612     13.941    10.4812   999.7341 0.0000e+00
      9.813      0.040     3.6764     47.293     80.795  57.336560    -0.0339      6.931   258.6257 1.9520e+00     3.2353      9.622     13.956    10.4886   999.7335 0.0000e+00
      9.824      0.040     3.6850     47.313     80.828  57.357770    -0.0453      6.932   258.5573 1.9485e+00     3.2254      9.634     13.973    10.4964   999.7328 0.0000e+00
      9.836      0.041     3.6887     47.314     80.822  57.357129    -0.0590      6.932   258.6138 1.9313e+00     3.2497      9.647     13.991    10.4960   999.7329 0.0000e+00
      9.846      0.044     3.6898     47.284     80.872  57.392347    -0.0751      6.931   258.7924 1.9074e+00     3.2897      9.656     14.005    10.4864   999.7339 0.0000e+00
      9.855      0.050     3.6935     47.251     80.987  57.465945    -0.0875      6.931   258.9104 1.8887e+00     3.2967      9.664     14.017    10.4771   999.7349 0.0000e+00
      9.865      0.059     3.6946     47.241     81.127  57.548173    -0.0941      6.930   258.9216 1.8752e+00     3.2662      9.674     14.030    10.4775   999.7349 0.0000e+00
      9.878      0.068     3.6957     47.227     81.266  57.624201    -0.1075      6.928   258.9274 1.8572e+00     3.2636      9.685     14.046    10.4818   999.7345 0.0000e+00
      9.898      0.075     3.6918     47.203     81.384  57.686350    -0.1349      6.927   258.9804 1.8166e+00     3.3345      9.704     14.074    10.4827   999.7346 0.0000e+00
      9.923      0.076     3.6884     47.192     81.471  57.727826    -0.1677      6.927   259.1323 1.7691e+00     3.4022      9.731     14.113    10.4779   999.7352 0.0000e+00
      9.951      0.072     3.6904     47.191     81.527  57.744493    -0.1806      6.927   259.2155 1.7350e+00     3.4292      9.761     14.157    10.4667   999.7364 0.0000e+00
      9.975      0.065     3.6907     47.196     81.579  57.760792    -0.1854      6.927   259.1260 1.7177e+00     3.4211      9.787     14.194    10.4512   999.7381 0.0000e+00
      9.986      0.055     3.6885     47.183     81.639  57.797807    -0.2064      6.927   259.0823 1.7147e+00     3.3725      9.797     14.209    10.4379   999.7394 0.0000e+00
      9.991      0.047     3.6896     47.118     81.641  57.810868    -0.2351      6.927   259.2040 1.7077e+00     3.2877      9.797     14.209    10.4272   999.7404 0.0000e+00
      9.997      0.042     3.6905     47.013     81.585  57.791660    -0.2461      6.926   259.3067 1.6910e+00     3.2543      9.802     14.216    10.4115   999.7420 0.0000e+00
     10.007      0.041     3.6925     46.912     81.603  57.819708    -0.2346      6.926   259.2052 1.6783e+00     3.2777      9.813     14.232    10.3958   999.7435 0.0000e+00
     10.019      0.044     3.6939     46.817     81.718  57.895883    -0.2111      6.926   259.0955 1.6695e+00     3.3299      9.826     14.250    10.3917   999.7440 0.0000e+00
     10.034      0.049     3.6874     46.725     81.827  57.950332    -0.1904      6.925   259.1843 1.6528e+00     3.4058      9.840     14.271    10.4007   999.7432 0.0000e+00
     10.048      0.053     3.6759     46.641     81.890  57.969791    -0.1839      6.924   259.4191 1.6433e+00     3.4054      9.855     14.292    10.4166   999.7417 0.0000e+00
     10.060      0.057     3.6670     46.536     81.969  58.004070    -0.1713      6.923   259.6115 1.6382e+00     3.3934      9.866     14.308    10.4301   999.7405 0.0000e+00
     10.072      0.058     3.6609     46.438     82.054  58.047120    -0.1531      6.923   259.6176 1.6124e+00     3.3986      9.875     14.323    10.4262   999.7410 0.0000e+00
     10.087      0.057     3.6531     46.375     82.071  58.045573    -0.1546      6.923   259.4928 1.5819e+00     3.3303      9.890     14.345    10.4072   999.7429 0.0000e+00
     10.106      0.053     3.6513     46.293     82.088  58.048884    -0.1701      6.923   259.4789 1.5586e+00     3.2545      9.911     14.374    10.3914   999.7445 0.0000e+00
     10.125      0.048     3.6423     46.180     82.136  58.087139    -0.1872      6.922   259.6214 1.5426e+00     3.2025      9.932     14.404    10.3791   999.7457 0.0000e+00
     10.137      0.044     3.6330     46.066     82.161  58.126935    -0.2002      6.921   259.6666 1.5379e+00     3.1831      9.943     14.421    10.3676   999.7470 0.0000e+00
     10.142      0.043     3.6329     45.982     82.159  58.148896    -0.1925      6.921   259.6814 1.5293e+00     3.2258      9.946     14.427    10.3597   999.7477 0.0000e+00
     10.147      0.043     3.6266     45.968     82.173  58.162106    -0.1706      6.920   259.8013 1.5157e+00     3.2724      9.949     14.431    10.3534   999.7483 0.0000e+00
     10.155      0.045     3.6163     46.018     82.284  58.223134    -0.1651      6.920   259.8261 1.5004e+00     3.2657      9.955     14.438    10.3523   999.7484 0.0000e+00
     10.168      0.050     3.6060     46.087     82.455  58.314986    -0.1733      6.920   259.7225 1.4794e+00     3.2824      9.969     14.460    10.3707   999.7468 0.0000e+00
     10.186      0.055     3.5953     46.163     82.596  58.383216    -0.1836      6.920   259.6668 1.4555e+00     3.3711      9.989     14.489    10.3921   999.7449 0.0000e+00
     10.205      0.059     3.5947     46.256     82.673  58.412746    -0.1946      6.919   259.7556 1.4361e+00     3.4448     10.008     14.515    10.3916   999.7450 0.0000e+00
     10.220      0.059     3.6015     46.348     82.700  58.417885    -0.1915      6.918   259.8495 1.4288e+00     3.4877     10.024     14.537    10.3798   999.7463 0.0000e+00
     10.233      0.056     3.6086     46.425     82.751  58.445335    -0.1935      6.917   259.8545 1.4185e+00     3.5461     10.036     14.555    10.3599   999.7482 0.0000e+00
     10.246      0.052     3.6159     46.522     82.832  58.490519    -0.2193      6.917   259.9032 1.3981e+00     3.6366     10.048     14.572    10.3387   999.7503 0.0000e+00
     10.260      0.049     3.6246     46.622     82.889  58.519464    -0.2459      6.917   259.9226 1.3826e+00     3.6885     10.063     14.595    10.3228   999.7519 0.0000e+00
     10.272      0.048     3.6349     46.712     82.928  58.541164    -0.2574      6.917   259.9169 1.3716e+00     3.6926     10.076     14.614    10.3148   999.7527 0.0000e+00
     10.282      0.050     3.6372     46.816     82.964  58.562292    -0.2448      6.916   260.0920 1.3623e+00     3.6866     10.083     14.624    10.3139   999.7527 0.0000e+00
     10.292      0.054     3.6475     46.894     83.007  58.584315    -0.1975      6.915   260.2324 1.3539e+00     3.7192     10.093     14.638    10.3039   999.7538 0.0000e+00
     10.306      0.058     3.6575     46.957     83.067  58.616843    -0.1436      6.914   260.1516 1.3365e+00     3.8459     10.105     14.657    10.2947   999.7547 0.0000e+00
     10.322      0.061     3.6611     47.029     83.116  58.637915    -0.1275      6.913   260.0623 1.3123e+00     3.9149     10.120     14.678    10.2943   999.7548 0.0000e+00
     10.341      0.062     3.6737     47.081     83.150  58.648477    -0.1264      6.913   260.0124 1.2867e+00     3.8661     10.142     14.709    10.2924   999.7551 0.0000e+00
     10.361      0.062     3.6786     47.100     83.205  58.681004    -0.1214      6.913   259.9794 1.2564e+00     3.9082     10.163     14.740    10.2864   999.7558 0.0000e+00
     10.377      0.060     3.6826     47.097     83.253  58.713532    -0.1235      6.912   260.0066 1.2300e+00     4.0813     10.178     14.761    10.2807   999.7564 0.0000e+00
     10.391      0.057     3.6910     47.102     83.276  58.724102    -0.1137      6.911   260.0839 1.2130e+00     4.1738     10.190     14.779    10.2732   999.7571 0.0000e+00
     10.403      0.053     3.6960     47.150     83.321  58.745278    -0.0978      6.911   260.1392 1.2037e+00     4.1677     10.202     14.796    10.2622   999.7582 0.0000e+00
     10.416      0.051     3.6974     47.229     83.387  58.778960    -0.1127      6.911   260.1589 1.1954e+00     4.1101     10.214     14.815    10.2587   999.7587 0.0000e+00
     10.428      0.051     3.6964     47.253     83.452  58.813675    -0.1505      6.910   260.2363 1.1838e+00     3.9926     10.227     14.833    10.2607   999.7586 0.0000e+00
     10.440      0.053     3.6956     47.194     83.512  58.847329    -0.1742      6.910   260.3009 1.1732e+00     3.9488     10.237     14.848    10.2581   999.7589 0.0000e+00
     10.453      0.055     3.6996     47.122     83.553  58.868200    -0.1795      6.910   260.3378 1.1502e+00     3.9919     10.249     14.865    10.2503   999.7596 0.0000e+00
     10.468      0.056     3.7106     47.102     83.570  58.875420    -0.1951      6.909   260.4240 1.1288e+00     3.9991     10.265     14.888    10.2416   999.7605 0.0000e+00
     10.484      0.057     3.7141     47.123     83.568  58.871077    -0.2304      6.908   260.4828 1.1161e+00     3.9678     10.282     14.913    10.2355   999.7612 0.0000e+00
     10.499      0.057     3.7067     47.118     83.585  58.879223    -0.2538      6.908   260.5323 1.1018e+00     3.9567     10.297     14.935    10.2305   999.7617 0.0000e+00
     10.513      0.056     3.6995     47.120     83.637  58.910382    -0.2588      6.907   260.5926 1.0974e+00     3.9328     10.310     14.954    10.2253   999.7623 0.0000e+00
     10.527      0.054     3.6981     47.208     83.674  58.930151    -0.2518      6.907   260.6093 1.0779e+00     3.9197     10.324     14.973    10.2216   999.7627 0.0000e+00
     10.540      0.053     3.7036     47.347     83.682  58.927637    -0.2368      6.907   260.5619 1.0483e+00     3.9353     10.338     14.992    10.2216   999.7628 0.0000e+00
     10.554      0.053     3.7024     47.501     83.716  58.943504    -0.2386      6.906   260.6225 1.0415e+00     3.9160     10.349     15.011    10.2192   999.7631 0.0000e+00
     10.567      0.053     3.6976     47.654     83.795  58.994924    -0.2542      6.905   260.7396 1.0441e+00     3.8916     10.362     15.028    10.2149   999.7635 0.0000e+00
     10.581      0.054     3.7087     47.750     83.863  59.041084    -0.2538      6.905   260.6867 1.0364e+00     3.9161     10.376     15.049    10.2126   999.7638 0.0000e+00
     10.595      0.056     3.7207     47.823     83.892  59.056885    -0.2157      6.905   260.6721 1.0153e+00     3.9715     10.391     15.070    10.2068   999.7644 0.0000e+00
     10.607      0.056     3.7323     47.943     83.905  59.058900    -0.1650      6.905   260.7349 9.8767e-01     3.9780     10.402     15.086    10.2001   999.7651 0.0000e+00
     10.622      0.055     3.7483     48.065     83.923  59.065447    -0.1556      6.904   260.7575 9.6777e-01     3.9603     10.414     15.105    10.1985   999.7653 0.0000e+00
     10.639      0.053     3.7544     48.135     83.938  59.072500    -0.1695      6.903   260.6865 9.5841e-01     3.9625     10.434     15.133    10.1990   999.7654 0.0000e+00
     10.655      0.051     3.7562     48.179     83.951  59.080640    -0.1706      6.903   260.6519 9.4632e-01     3.9365     10.450     15.158    10.1965   999.7657 0.0000e+00
     10.666      0.050     3.7691     48.181     83.974  59.100325    -0.1690      6.903   260.7684 9.3701e-01     3.9201     10.460     15.171    10.1909   999.7663 0.0000e+00
     10.676      0.048     3.7815     48.127     83.999  59.119915    -0.1689      6.902   260.8044 9.3648e-01     3.9363     10.468     15.183    10.1876   999.7666 0.0000e+00
     10.686      0.048     3.7843     48.068     84.017  59.126905    -0.1690      6.902   260.7433 9.3272e-01     3.9608     10.480     15.198    10.1853   999.7669 0.0000e+00
     10.698      0.048     3.7891     47.998     84.028  59.121303    -0.1895      6.902   260.7176 9.2179e-01     3.9759     10.491     15.216    10.1837   999.7671 0.0000e+00
