Data/DataNotYetUploadedToEDI/Raw_CTD/RawDownloads/07292020_ccr10.cnv
* Sea-Bird SBE19plus  Data File:
* FileName = C:\DATA\07292020_ccr50_0005.hex
* Software version 2.8.0.119
* Temperature SN = 7809
* Conductivity SN = 7809
* System UpLoad Time = Jul 29 2020 17:32:40
* <ApplicationData>
* <Seaterm232>
# nquan = 16
# nvalues = 854                         
# units = specified
# name 0 = depFM: Depth [fresh water, m]
# name 1 = dz/dtM: Descent Rate [m/s]
# name 2 = sbeox0ML/L: Oxygen, SBE 43 [ml/l]
# name 3 = sbeox0PS: Oxygen, SBE 43 [% saturation]
# name 4 = specc: Specific Conductance [uS/cm]
# name 5 = c0uS/cm: Conductivity [uS/cm]
# name 6 = flECO-AFL: Fluorescence, WET Labs ECO-AFL/FL [mg/m^3]
# name 7 = ph: pH
# name 8 = orp: Oxidation Reduction Potential [mV]
# name 9 = par/sat/log: PAR/Logarithmic, Satlantic
# name 10 = turbWETntu0: Turbidity, WET Labs ECO [NTU]
# name 11 = prdM: Pressure, Strain Gauge [db]
# name 12 = prdE: Pressure, Strain Gauge [psi]
# name 13 = tv290C: Temperature [ITS-90, deg C]
# name 14 = density00: Density [density, kg/m^3]
# name 15 = flag:  0.000e+00
# span 0 =     -0.482,      3.782       
# span 1 =     -0.329,      0.199       
# span 2 =     0.9207,     5.6259       
# span 3 =     15.865,    105.684       
# span 4 =      5.478,     59.631       
# span 5 =   6.044108,  62.233243       
# span 6 =    -2.4512,   267.0882       
# span 7 =      7.023,      7.623       
# span 8 =   126.6552,   296.2976       
# span 9 = 7.2910e+00, 2.7566e+03       
# span 10 =    -0.2072,    38.2937      
# span 11 =     -0.478,      3.710      
# span 12 =     -0.694,      5.381      
# span 13 =    24.4154,    30.3744      
# span 14 =   995.5597,   997.2366      
# span 15 = 0.0000e+00, 0.0000e+00      
# interval = seconds: 0.25
# start_time = Jul 29 2020 00:52:58 [Instrument's time stamp, header]
# bad_flag = -9.990e-29
*END*
[from data line 452]
      2.304      0.071     4.7739     87.442     55.891  60.505858     2.8738      7.110   208.0662 8.2455e+01     4.3328      2.259      3.277    29.1571   995.9355 0.0000e+00
      2.315      0.077     4.7534     87.109     55.926  60.533319     3.0704      7.109   207.9868 8.1925e+01     4.8058      2.268      3.289    29.1444   995.9392 0.0000e+00
      2.330      0.086     4.7363     86.884     55.934  60.533857     3.4564      7.108   207.6638 8.0602e+01     5.7412      2.280      3.308    29.1355   995.9419 0.0000e+00
      2.355      0.094     4.7162     86.766     55.977  60.575879     3.6872      7.108   207.7735 7.8579e+01     6.2699      2.306      3.344    29.1291   995.9439 0.0000e+00
      2.390      0.099     4.6938     86.720     55.998  60.596658     3.7342      7.108   208.0235 7.6417e+01     6.3571      2.345      3.401    29.1226   995.9461 0.0000e+00
      2.425      0.099     4.6759     86.692     55.998  60.594486     3.8338      7.108   207.6744 7.4411e+01     6.4530      2.382      3.454    29.1119   995.9494 0.0000e+00
      2.453      0.094     4.6648     86.673     56.017  60.613151     4.0043      7.108   207.5965 7.3152e+01     6.5370      2.408      3.493    29.1030   995.9521 0.0000e+00
      2.472      0.086     4.6588     86.659     56.036  60.631722     4.0987      7.108   208.2866 7.2502e+01     6.5488      2.426      3.518    29.1009   995.9528 0.0000e+00
      2.486      0.081     4.6586     86.628     56.036  60.628421     4.1256      7.107   209.1347 7.1825e+01     6.6298      2.438      3.536    29.0990   995.9535 0.0000e+00
      2.500      0.080     4.6566     86.593     56.046  60.636766     4.3393      7.107   209.3328 7.0895e+01     7.1721      2.450      3.554    29.0967   995.9543 0.0000e+00
      2.519      0.083     4.6558     86.565     56.078  60.669087     4.7283      7.106   209.0471 6.9543e+01     8.0246      2.468      3.580    29.0950   995.9548 0.0000e+00
      2.544      0.087     4.6561     86.542     56.109  60.701537     4.9382      7.106   208.9511 6.8028e+01     8.4569      2.494      3.617    29.0932   995.9554 0.0000e+00
      2.571      0.088     4.6540     86.553     56.120  60.711439     4.9407      7.107   208.7740 6.6572e+01     8.4518      2.522      3.659    29.0914   995.9561 0.0000e+00
      2.597      0.086     4.6518     86.620     56.135  60.725277     4.9487      7.108   208.6254 6.4957e+01     8.4429      2.547      3.695    29.0892   995.9568 0.0000e+00
      2.621      0.082     4.6511     86.686     56.210  60.805305     4.9977      7.108   208.7893 6.3576e+01     8.5214      2.572      3.731    29.0869   995.9576 0.0000e+00
      2.640      0.078     4.6495     86.703     56.317  60.916628     5.0273      7.107   209.2076 6.2730e+01     8.5755      2.592      3.759    29.0854   995.9582 0.0000e+00
      2.653      0.075     4.6486     86.680     56.393  60.991170     5.0307      7.107   209.7257 6.1858e+01     8.5482      2.601      3.773    29.0839   995.9587 0.0000e+00
      2.667      0.074     4.6547     86.638     56.478  61.071227     5.0191      7.106   210.1487 6.0472e+01     8.5010      2.612      3.790    29.0824   995.9592 0.0000e+00
      2.687      0.074     4.6591     86.588     56.598  61.185684     4.9817      7.105   210.5365 5.8637e+01     8.4172      2.634      3.821    29.0814   995.9596 0.0000e+00
      2.711      0.074     4.6596     86.493     56.717  61.294920     4.9413      7.105   210.8867 5.6844e+01     8.3239      2.660      3.857    29.0786   995.9606 0.0000e+00
      2.733      0.074     4.6589     86.336     56.812  61.375389     4.9310      7.105   211.0273 5.5286e+01     8.2995      2.682      3.889    29.0707   995.9630 0.0000e+00
      2.753      0.071     4.6567     86.155     56.914  61.459685     4.9437      7.105   210.8599 5.3810e+01     8.2941      2.700      3.916    29.0602   995.9662 0.0000e+00
      2.769      0.067     4.6564     85.953     57.024  61.551653     4.9516      7.105   210.5842 5.2430e+01     8.3963      2.717      3.941    29.0473   995.9701 0.0000e+00
      2.783      0.066     4.6534     85.695     57.092  61.597800     4.9498      7.105   210.4460 5.1085e+01     8.6083      2.730      3.960    29.0299   995.9753 0.0000e+00
      2.796      0.068     4.6450     85.356     57.157  61.636381     4.9311      7.104   210.5650 4.9643e+01     8.6945      2.741      3.976    29.0095   995.9813 0.0000e+00
      2.811      0.073     4.6370     84.886     57.254  61.700397     4.9163      7.103   210.6475 4.8052e+01     8.6826      2.754      3.996    28.9866   995.9881 0.0000e+00
      2.830      0.077     4.6294     84.211     57.334  61.736362     4.8859      7.102   210.4965 4.6382e+01     8.5686      2.774      4.024    28.9631   995.9952 0.0000e+00
      2.855      0.078     4.6173     83.326     57.395  61.753465     4.8114      7.102   210.2884 4.4776e+01     8.3111      2.799      4.059    28.9399   996.0021 0.0000e+00
      2.880      0.078     4.6018     82.272     57.457  61.780034     4.7591      7.103   210.3675 4.3397e+01     8.1094      2.826      4.099    28.9156   996.0093 0.0000e+00
      2.903      0.077     4.5816     81.027     57.506  61.803380     4.7497      7.103   210.7651 4.2413e+01     8.0530      2.849      4.133    28.8794   996.0200 0.0000e+00
      2.919      0.076     4.5491     79.584     57.509  61.781546     4.8213      7.102   210.9670 4.1738e+01     8.4526      2.865      4.153    28.8317   996.0340 0.0000e+00
      2.933      0.076     4.5028     78.064     57.462  61.706613     4.9676      7.101   211.1737 4.1000e+01     9.2332      2.875      4.170    28.7864   996.0473 0.0000e+00
      2.948      0.076     4.4498     76.609     57.444  61.659793     5.0586      7.100   211.4570 4.0006e+01     9.6645      2.888      4.190    28.7514   996.0576 0.0000e+00
      2.969      0.077     4.3855     75.270     57.471  61.660162     5.0930      7.100   211.5528 3.8876e+01     9.7525      2.910      4.219    28.7284   996.0643 0.0000e+00
      2.995      0.080     4.3057     74.080     57.546  61.711034     5.2111      7.100   211.5580 3.7766e+01    10.2975      2.938      4.259    28.7085   996.0703 0.0000e+00
      3.019      0.083     4.2216     73.088     57.681  61.830066     5.4084      7.100   211.6060 3.6890e+01    11.3443      2.965      4.300    28.6871   996.0766 0.0000e+00
      3.038      0.087     4.1445     72.259     57.820  61.955644     5.5141      7.099   211.8753 3.6286e+01    11.9717      2.981      4.323    28.6636   996.0835 0.0000e+00
      3.055      0.090     4.0738     71.498     57.908  62.022117     5.5169      7.098   212.1467 3.5628e+01    12.0809      2.993      4.341    28.6370   996.0913 0.0000e+00
      3.075      0.093     4.0090     70.786     57.913  61.998355     5.4518      7.098   212.4785 3.4708e+01    12.2870      3.014      4.371    28.6113   996.0987 0.0000e+00
      3.101      0.094     3.9576     70.146     57.861  61.922450     5.3368      7.098   212.9613 3.3623e+01    12.6443      3.040      4.409    28.5887   996.1055 0.0000e+00
      3.131      0.094     3.9170     69.556     57.824  61.866787     5.2716      7.097   213.1663 3.2588e+01    12.7954      3.071      4.453    28.5719   996.1105 0.0000e+00
      3.160      0.091     3.8773     69.012     57.811  61.833617     5.2637      7.097   213.1505 3.1682e+01    12.7411      3.100      4.496    28.5464   996.1181 0.0000e+00
      3.186      0.084     3.8394     68.525     57.778  61.775514     5.2700      7.097   213.1137 3.0932e+01    12.7439      3.126      4.533    28.5147   996.1274 0.0000e+00
      3.205      0.077     3.8072     68.082     57.768  61.736077     5.2627      7.096   213.0654 3.0426e+01    13.1034      3.146      4.562    28.5004   996.1315 0.0000e+00
      3.217      0.074     3.7753     67.677     57.901  61.801515     5.2324      7.096   213.0828 2.9979e+01    13.7238      3.156      4.577    28.4921   996.1339 0.0000e+00
      3.229      0.075     3.7467     67.266     58.156  61.867694     5.2088      7.097   213.2386 2.9430e+01    14.0308      3.166      4.591    28.4714   996.1400 0.0000e+00
      3.245      0.080     3.7220     66.682     58.405  61.836983     5.2059      7.097   213.5716 2.8668e+01    13.9993      3.180      4.612    28.4552   996.1449 0.0000e+00
      3.268      0.085     3.6994     65.663     58.618  61.810933     5.1974      7.096   213.7536 2.7607e+01    13.6518      3.203      4.644    28.4308   996.1518 0.0000e+00
      3.297      0.087     3.6785     63.776     58.792  61.806492     5.1720      7.095   213.5468 2.6568e+01    13.0910      3.234      4.690    28.4120   996.1574 0.0000e+00
      3.326      0.086     3.6720     60.665     58.897  61.782985     5.1572      7.095   213.3087 2.5705e+01    12.8495      3.263      4.733    28.2293   996.2101 0.0000e+00
      3.350      0.081     3.6661     56.699     58.969  61.780657     5.1518      7.095   213.2836 2.5001e+01    12.9286      3.289      4.769    27.8946   996.3056 0.0000e+00
      3.368      0.073     3.6299     52.608     59.021  61.778242     5.1162      7.094   213.3290 2.4461e+01    13.4301      3.304      4.792    27.7032   996.3598 0.0000e+00
      3.381      0.067     3.5499     48.738     59.060  61.753698     5.0510      7.092   213.4279 2.3951e+01    14.3461      3.315      4.809    27.5442   996.4044 0.0000e+00
      3.393      0.063     3.3759     45.356     59.122  61.737943     5.0035      7.091   213.4467 2.3501e+01    14.9061      3.327      4.826    27.4175   996.4400 0.0000e+00
      3.408      0.062     3.1370     42.746     59.178  61.714707     4.9705      7.090   213.5561 2.3037e+01    14.9830      3.339      4.844    27.3775   996.4512 0.0000e+00
      3.426      0.061     2.9124     40.919     59.197  61.663230     4.8515      7.089   213.7190 2.2499e+01    15.1377      3.360      4.872    27.3297   996.4646 0.0000e+00
      3.445      0.060     2.6948     39.703     59.224  61.623743     4.6617      7.088   213.5227 2.1964e+01    15.4729      3.378      4.900    27.2813   996.4781 0.0000e+00
      3.462      0.060     2.5017     38.910     59.161  61.491319     4.5642      7.088   213.5056 2.1455e+01    15.6708      3.395      4.926    27.2064   996.4990 0.0000e+00
      3.477      0.062     2.3619     38.373     58.860  61.078601     4.5499      7.088   213.9425 2.1103e+01    15.7798      3.411      4.948    27.1302   996.5202 0.0000e+00
      3.487      0.066     2.2662     37.897     58.696  60.699781     4.5362      7.086   214.1592 2.0904e+01    16.9274      3.420      4.959    27.0759   996.5352 0.0000e+00
      3.498      0.073     2.2048     37.301     58.809  60.532253     4.5314      7.085   213.9747 2.0549e+01    19.0755      3.427      4.970    27.0216   996.5503 0.0000e+00
      3.516      0.081     2.1653     36.481     58.782  60.259733     4.5307      7.085   214.0350 1.9872e+01    20.2939      3.445      4.996    26.9601   996.5672 0.0000e+00
      3.543      0.088     2.1409     35.285     58.735  60.009293     4.5276      7.084   214.2865 1.9125e+01    20.4668      3.475      5.040    26.9216   996.5778 0.0000e+00
      3.572      0.091     2.1258     33.549     58.817  59.918185     4.5322      7.084   214.4340 1.8554e+01    20.5131      3.505      5.083    26.7394   996.6275 0.0000e+00
      3.600      0.089     2.1050     31.357     58.878  59.856740     4.5392      7.084   214.6996 1.8092e+01    20.6140      3.529      5.120    26.4241   996.7134 0.0000e+00
      3.625      0.082     2.0683     28.993     58.814  59.710919     4.5450      7.083   214.9169 1.7711e+01    20.7943      3.558      5.160    26.2414   996.7626 0.0000e+00
      3.645      0.073     2.0127     26.727     58.544  59.362061     4.5452      7.082   214.9963 1.7496e+01    20.9073      3.578      5.189    26.0785   996.8061 0.0000e+00
      3.657      0.066     1.9176     24.697     58.238  58.942250     4.5508      7.081   214.9712 1.7306e+01    20.9850      3.587      5.202    25.9049   996.8524 0.0000e+00
      3.668      0.059     1.7890     22.962     58.038  58.573737     4.6599      7.080   214.6138 1.6883e+01    21.0474      3.595      5.215    25.8150   996.8762 0.0000e+00
      3.682      0.052     1.6506     21.609     57.883  58.209664     4.8447      7.080   214.2021 1.6182e+01    21.0430      3.610      5.235    25.7512   996.8931 0.0000e+00
      3.699      0.045     1.5199     20.689     57.801  57.906941     4.9252      7.079   214.2091 1.5405e+01    20.9658      3.629      5.264    25.7047   996.9052 0.0000e+00
      3.714      0.039     1.4066     20.082     57.991  57.898972     4.9184      7.078   214.2688 1.4707e+01    20.7662      3.644      5.287    25.6171   996.9282 0.0000e+00
      3.722      0.032     1.3082     19.545     58.445  58.240066     4.8767      7.079   214.2352 1.4062e+01    19.3168      3.652      5.297    25.4694   996.9669 0.0000e+00
      3.727      0.024     1.2333     18.945     58.775  58.600432     4.7932      7.079   214.4062 1.3479e+01    16.6933      3.655      5.302    25.2795   997.0160 0.0000e+00
      3.730      0.018     1.1872     18.317     58.745  58.698621     4.7478      7.078   214.6152 1.2979e+01    15.2762      3.657      5.305    25.0796   997.0676 0.0000e+00
      3.731      0.016     1.1624     17.718     58.480  58.538071     4.7380      7.078   214.6970 1.2496e+01    15.0914      3.659      5.307    24.8942   997.1152 0.0000e+00
      3.734      0.016     1.1378     17.255     58.238  58.311143     4.7125      7.079   214.7925 1.1997e+01    14.3220      3.661      5.311    24.7624   997.1490 0.0000e+00
      3.739      0.017     1.0988     17.080     58.169  58.178365     4.6885      7.079   214.9097 1.1503e+01    12.9782      3.666      5.317    24.8104   997.1370 0.0000e+00
      3.745      0.018     1.0594     17.246     58.165  58.076050     4.6858      7.079   214.7381 1.1072e+01    12.3016      3.672      5.326    24.9699   997.0962 0.0000e+00
      3.751      0.018     1.0207     17.665     58.143  57.963290     4.6993      7.078   214.3522 1.0741e+01    12.3207      3.678      5.335    25.0740   997.0694 0.0000e+00
      3.756      0.017     0.9893     18.150     58.145  57.894828     4.7558      7.078   214.1151 1.0497e+01    12.5921      3.683      5.342    25.0846   997.0666 0.0000e+00
      3.760      0.015     0.9799     18.540     58.128  57.819908     4.8538      7.078   214.0221 1.0324e+01    13.0426      3.688      5.348    25.0119   997.0853 0.0000e+00
      3.763      0.013     0.9926     18.774     58.054  57.692620     4.9028      7.078   214.0022 1.0199e+01    13.2688      3.691      5.353    24.9129   997.1107 0.0000e+00
      3.766      0.012     1.0235     18.840     57.983  57.562723     4.8899      7.077   214.0475 1.0055e+01    13.3707      3.693      5.356    24.8321   997.1312 0.0000e+00
      3.768      0.012     1.0560     18.712     58.013  57.519762     4.8781      7.076   214.3109 9.7490e+00    14.7212      3.695      5.360    24.7748   997.1459 0.0000e+00
      3.771      0.011     1.0809     18.404     58.114  57.554223     4.8846      7.074   214.9498 9.1741e+00    17.2713      3.698      5.363    24.7279   997.1578 0.0000e+00
      3.774      0.010     1.0945     17.979     58.129  57.534616     4.8926      7.072   215.5778 8.4125e+00    18.6949      3.701      5.367    24.6834   997.1690 0.0000e+00
      3.778      0.009     1.1009     17.503     58.086  57.473222     4.8792      7.072   215.7098 7.6898e+00    18.8184      3.704      5.373    24.6390   997.1802 0.0000e+00
      3.780      0.007     1.0945     17.051     58.150  57.510672     4.8472      7.072   215.5128 7.2910e+00    18.7654      3.707      5.377    24.5685   997.1980 0.0000e+00
      3.782      0.005     1.0759     16.662     58.323  57.669747     4.7432      7.071   215.5192 7.3147e+00    18.1227      3.709      5.379    24.4984   997.2158 0.0000e+00
