Data/DataNotYetUploadedToEDI/Raw_CTD/RawDownloads/07292020_ccr30.cnv
* Sea-Bird SBE19plus  Data File:
* FileName = C:\DATA\07292020_ccr50_0003.hex
* Software version 2.8.0.119
* Temperature SN = 7809
* Conductivity SN = 7809
* System UpLoad Time = Jul 29 2020 17:31:42
* <ApplicationData>
* <Seaterm232>
# nquan = 16
# nvalues = 2269                        
# units = specified
# name 0 = depFM: Depth [fresh water, m]
# name 1 = dz/dtM: Descent Rate [m/s]
# name 2 = sbeox0ML/L: Oxygen, SBE 43 [ml/l]
# name 3 = sbeox0PS: Oxygen, SBE 43 [% saturation]
# name 4 = specc: Specific Conductance [uS/cm]
# name 5 = c0uS/cm: Conductivity [uS/cm]
# name 6 = flECO-AFL: Fluorescence, WET Labs ECO-AFL/FL [mg/m^3]
# name 7 = ph: pH
# name 8 = orp: Oxidation Reduction Potential [mV]
# name 9 = par/sat/log: PAR/Logarithmic, Satlantic
# name 10 = turbWETntu0: Turbidity, WET Labs ECO [NTU]
# name 11 = prdM: Pressure, Strain Gauge [db]
# name 12 = prdE: Pressure, Strain Gauge [psi]
# name 13 = tv290C: Temperature [ITS-90, deg C]
# name 14 = density00: Density [density, kg/m^3]
# name 15 = flag:  0.000e+00
# span 0 =     -0.460,     14.610       
# span 1 =     -0.279,      0.497       
# span 2 =     0.5217,     7.3803       
# span 3 =      6.820,    126.743       
# span 4 =      0.845,     92.849       
# span 5 =   1.014457,  64.988279       
# span 6 =    -2.0814,     2.7597       
# span 7 =      6.779,      7.450       
# span 8 = -1240.7455,   260.1378       
# span 9 = 1.2316e-01, 3.0715e+03       
# span 10 =    -1.7503,    12.3998      
# span 11 =     -0.452,     14.327      
# span 12 =     -0.656,     20.781      
# span 13 =     9.9608,    35.0673      
# span 14 =   994.0199,   999.8076      
# span 15 = 0.0000e+00, 0.0000e+00      
# interval = seconds: 0.25
# start_time = Jul 29 2020 00:14:02 [Instrument's time stamp, header]
# bad_flag = -9.990e-29
*END*
[from data line 272]
     -0.188      0.083     5.1598     97.750     52.211  57.469424    -0.0735      7.032   189.1009 2.0781e+03     0.4576     -0.192     -0.279    30.0317   995.6625 0.0000e+00
     -0.143      0.101     5.1645     97.638     52.226  57.486493    -0.0668      7.034   189.1469 2.1021e+03     0.4852     -0.139     -0.202    30.0298   995.6634 0.0000e+00
     -0.098      0.104     5.1723     97.435     52.220  57.478578    -0.0571      7.038   191.1324 2.1458e+03     0.5623     -0.089     -0.130    30.0242   995.6653 0.0000e+00
     -0.066      0.094     5.1700     97.188     52.183  57.437247    -0.0612      7.039   193.0601 2.2091e+03     0.5993     -0.060     -0.087    30.0264   995.6648 0.0000e+00
     -0.050      0.074     5.1677     96.982     52.178  57.431426    -0.0782      7.039   191.3753 2.2785e+03     0.5895     -0.045     -0.066    30.0300   995.6637 0.0000e+00
     -0.042      0.053     5.1630     96.873     52.215  57.471717    -0.0821      7.040   189.4316 2.3482e+03     0.5810     -0.040     -0.058    30.0295   995.6639 0.0000e+00
     -0.037      0.035     5.1512     96.896     52.221  57.479735    -0.0698      7.040   189.2624 2.4220e+03     0.6003     -0.037     -0.054    30.0277   995.6645 0.0000e+00
     -0.031      0.024     5.1364     97.051     52.206  57.464853    -0.0535      7.040   189.2434 2.4955e+03     0.6512     -0.032     -0.046    30.0269   995.6647 0.0000e+00
     -0.024      0.015     5.1244     97.231     52.219  57.482348    -0.0474      7.041   189.2877 2.5555e+03     0.6812     -0.024     -0.034    30.0265   995.6648 0.0000e+00
     -0.017      0.005     5.1187     97.360     52.234  57.500705    -0.0524      7.042   189.4539 2.5983e+03     0.6533     -0.014     -0.021    30.0261   995.6650 0.0000e+00
     -0.014     -0.005     5.1181     97.464     52.228  57.496238    -0.0571      7.042   189.7898 2.6251e+03     0.5897     -0.011     -0.015    30.0268   995.6648 0.0000e+00
     -0.017     -0.015     5.1298     97.550     52.222  57.491864    -0.0576      7.042   190.0794 2.6342e+03     0.5644     -0.015     -0.021    30.0295   995.6640 0.0000e+00
     -0.026     -0.023     5.1408     97.535     52.239  57.511345    -0.0577      7.042   190.1164 2.6281e+03     0.5876     -0.025     -0.036    30.0320   995.6632 0.0000e+00
     -0.038     -0.027     5.1460     97.348     52.265  57.541213    -0.0579      7.042   190.1511 2.6104e+03     0.5955     -0.039     -0.056    30.0340   995.6625 0.0000e+00
     -0.048     -0.026     5.1508     97.058     52.259  57.535382    -0.0508      7.041   190.3263 2.5821e+03     0.5912     -0.049     -0.071    30.0360   995.6619 0.0000e+00
     -0.054     -0.021     5.1571     96.829     52.230  57.504360    -0.0486      7.040   190.5140 2.5406e+03     0.5698     -0.053     -0.077    30.0382   995.6612 0.0000e+00
     -0.059     -0.014     5.1584     96.716     52.210  57.483752    -0.0594      7.040   190.6143 2.4828e+03     0.5421     -0.057     -0.083    30.0399   995.6606 0.0000e+00
     -0.061     -0.007     5.1470     96.631     52.204  57.476794    -0.0674      7.040   190.6792 2.4142e+03     0.5660     -0.061     -0.090    30.0403   995.6606 0.0000e+00
     -0.060     -0.002     5.1273     96.553     52.210  57.483752    -0.0680      7.040   190.7818 2.3410e+03     0.5840     -0.058     -0.085    30.0413   995.6603 0.0000e+00
     -0.058      0.002     5.1134     96.526     52.227  57.504359    -0.0672      7.040   190.9094 2.2632e+03     0.5538     -0.054     -0.079    30.0425   995.6599 0.0000e+00
     -0.059      0.007     5.1115     96.617     52.254  57.535381    -0.0676      7.040   191.0172 2.1882e+03     0.5444     -0.057     -0.084    30.0428   995.6597 0.0000e+00
     -0.059      0.010     5.1063     96.844     52.258  57.541213    -0.0630      7.040   191.0526 2.1252e+03     0.5394     -0.059     -0.086    30.0428   995.6598 0.0000e+00
     -0.055      0.011     5.1013     97.094     52.231  57.511345    -0.0594      7.041   191.0786 2.0709e+03     0.5270     -0.055     -0.079    30.0433   995.6596 0.0000e+00
     -0.049      0.011     5.0988     97.275     52.212  57.491872    -0.0432      7.042   191.2463 2.0194e+03     0.5666     -0.048     -0.070    30.0447   995.6593 0.0000e+00
     -0.044      0.010     5.1015     97.350     52.215  57.496350    -0.0107      7.042   191.4455 1.9689e+03     0.6057     -0.043     -0.062    30.0462   995.6588 0.0000e+00
     -0.041      0.007     5.1176     97.291     52.219  57.501965     0.0003      7.041   191.5936 1.9179e+03     0.5885     -0.039     -0.057    30.0473   995.6585 0.0000e+00
     -0.040      0.002     5.1320     97.167     52.209  57.496235    -0.0054      7.040   191.7461 1.8671e+03     0.5639     -0.038     -0.056    30.0479   995.6584 0.0000e+00
     -0.042     -0.001     5.1416     97.072     52.199  57.490610    -0.0223      7.039   191.9127 1.8219e+03     0.5831     -0.041     -0.060    30.0481   995.6583 0.0000e+00
     -0.045     -0.002     5.1471     96.998     52.199  57.497482    -0.0517      7.041   192.0599 1.7840e+03     0.6147     -0.044     -0.064    30.0487   995.6581 0.0000e+00
     -0.047     -0.001     5.1420     96.908     52.212  57.515810    -0.0556      7.042   191.9769 1.7505e+03     0.6032     -0.046     -0.067    30.0506   995.6575 0.0000e+00
     -0.048      0.001     5.1322     96.860     52.217  57.521642    -0.0405      7.041   191.8552 1.7166e+03     0.5806     -0.048     -0.069    30.0548   995.6562 0.0000e+00
     -0.046      0.003     5.1275     96.911     52.203  57.504478    -0.0514      7.040   191.9654 1.6782e+03     0.5471     -0.046     -0.066    30.0617   995.6541 0.0000e+00
     -0.043      0.004     5.1246     96.997     52.199  57.498856    -0.0723      7.040   192.1049 1.6346e+03     0.5071     -0.042     -0.062    30.0689   995.6519 0.0000e+00
     -0.040      0.003     5.1178     97.064     52.215  57.517183    -0.0740      7.041   192.2510 1.5868e+03     0.5096     -0.038     -0.056    30.0730   995.6508 0.0000e+00
     -0.039      0.001     5.1129     97.139     52.230  57.535500    -0.0623      7.041   192.4418 1.5406e+03     0.5429     -0.037     -0.054    30.0726   995.6509 0.0000e+00
     -0.040     -0.001     5.1183     97.216     52.222  57.529763    -0.0552      7.040   192.5191 1.5019e+03     0.5660     -0.039     -0.056    30.0705   995.6515 0.0000e+00
     -0.041     -0.001     5.1247     97.255     52.202  57.511340    -0.0641      7.039   192.4968 1.4697e+03     0.5494     -0.040     -0.058    30.0696   995.6518 0.0000e+00
     -0.044     -0.000     5.1260     97.240     52.193  57.503322    -0.0743      7.039   192.4309 1.4425e+03     0.5130     -0.042     -0.062    30.0699   995.6516 0.0000e+00
     -0.045      0.002     5.1307     97.198     52.187  57.496354    -0.0736      7.038   192.3249 1.4195e+03     0.5044     -0.045     -0.065    30.0719   995.6510 0.0000e+00
     -0.045      0.004     5.1352     97.125     52.185  57.490609    -0.0649      7.038   192.3329 1.3980e+03     0.5482     -0.045     -0.065    30.0750   995.6501 0.0000e+00
     -0.041      0.005     5.1376     97.024     52.194  57.497379    -0.0550      7.039   192.4420 1.3768e+03     0.5952     -0.040     -0.059    30.0786   995.6490 0.0000e+00
     -0.037      0.006     5.1352     96.949     52.213  57.514675    -0.0497      7.039   192.5250 1.3568e+03     0.5923     -0.035     -0.051    30.0814   995.6483 0.0000e+00
     -0.035      0.006     5.1335     96.936     52.210  57.509156    -0.0576      7.039   192.6487 1.3398e+03     0.5482     -0.032     -0.047    30.0802   995.6486 0.0000e+00
     -0.035      0.005     5.1307     96.997     52.197  57.494179    -0.0745      7.038   192.7327 1.3263e+03     0.5081     -0.034     -0.049    30.0763   995.6497 0.0000e+00
     -0.036      0.002     5.1235     97.108     52.222  57.524151    -0.0820      7.038   192.6797 1.3150e+03     0.5200     -0.037     -0.053    30.0728   995.6508 0.0000e+00
     -0.035      0.000     5.1198     97.221     52.245  57.553932    -0.0724      7.039   192.6970 1.3087e+03     0.5546     -0.035     -0.050    30.0700   995.6517 0.0000e+00
     -0.034     -0.001     5.1187     97.310     52.226  57.536645    -0.0542      7.040   192.7702 1.3081e+03     0.5831     -0.032     -0.046    30.0674   995.6525 0.0000e+00
     -0.034     -0.002     5.1227     97.345     52.196  57.505718    -0.0519      7.040   192.7040 1.3058e+03     0.5902     -0.033     -0.049    30.0661   995.6528 0.0000e+00
     -0.035     -0.001     5.1296     97.287     52.189  57.497614    -0.0644      7.040   192.6701 1.2998e+03     0.5367     -0.035     -0.051    30.0684   995.6521 0.0000e+00
     -0.036      0.003     5.1353     97.194     52.194  57.502188    -0.0719      7.039   192.8773 1.2933e+03     0.4861     -0.034     -0.050    30.0742   995.6504 0.0000e+00
     -0.040      0.008     5.1396     97.191     52.189  57.497492    -0.0661      7.038   193.1443 1.2858e+03     0.4929     -0.038     -0.056    30.0791   995.6489 0.0000e+00
     -0.041      0.012     5.1431     97.274     52.193  57.504364    -0.0514      7.037   193.2315 1.2798e+03     0.5500     -0.043     -0.063    30.0803   995.6485 0.0000e+00
     -0.033      0.011     5.1393     97.339     52.208  57.521754    -0.0462      7.038   193.2432 1.2793e+03     0.6285     -0.035     -0.051    30.0789   995.6490 0.0000e+00
     -0.020      0.006     5.1301     97.308     52.203  57.517180    -0.0508      7.038   193.2857 1.2845e+03     0.6168     -0.018     -0.026    30.0777   995.6494 0.0000e+00
     -0.012      0.001     5.1309     97.151     52.199  57.512599    -0.0603      7.038   193.2290 1.2940e+03     0.5457     -0.006     -0.010    30.0786   995.6491 0.0000e+00
     -0.015     -0.003     5.1375     96.890     52.215  57.529886    -0.0650      7.037   193.0743 1.3073e+03     0.5582     -0.011     -0.014    30.0810   995.6484 0.0000e+00
     -0.027     -0.005     5.1422     96.593     52.221  57.535614    -0.0513      7.036   193.0493 1.3237e+03     0.6311     -0.026     -0.038    30.0833   995.6477 0.0000e+00
     -0.039     -0.005     5.1412     96.402     52.206  57.518334    -0.0370      7.036   193.2703 1.3417e+03     0.6720     -0.042     -0.061    30.0840   995.6473 0.0000e+00
     -0.041     -0.005     5.1323     96.434     52.202  57.511527    -0.0451      7.036   193.5093 1.3604e+03     0.6413     -0.045     -0.066    30.0829   995.6478 0.0000e+00
     -0.032     -0.005     5.1179     96.659     52.210  57.516829    -0.0630      7.037   193.6168 1.3804e+03     0.5683     -0.033     -0.047    30.0822   995.6480 0.0000e+00
     -0.021     -0.006     5.0989     96.919     52.212  57.518912    -0.0621      7.037   193.7958 1.4036e+03     0.5447     -0.016     -0.023    30.0825   995.6480 0.0000e+00
     -0.020     -0.008     5.0861     97.091     52.227  57.536710    -0.0641      7.037   194.0382 1.4386e+03     0.5622     -0.014     -0.020    30.0821   995.6481 0.0000e+00
     -0.032     -0.011     5.0885     97.170     52.230  57.541453    -0.0964      7.038   194.2251 1.4915e+03     0.5741     -0.031     -0.044    30.0782   995.6492 0.0000e+00
     -0.045     -0.015     5.1047     97.173     52.203  57.512734    -0.1275      7.040   194.3347 1.5520e+03     0.5503     -0.048     -0.070    30.0742   995.6504 0.0000e+00
     -0.051     -0.018     5.1216     97.078     52.198  57.507103    -0.1365      7.041   194.3307 1.6079e+03     0.4813     -0.053     -0.077    30.0741   995.6503 0.0000e+00
     -0.051     -0.018     5.1294     96.897     52.226  57.536885    -0.1195      7.042   194.3488 1.6573e+03     0.4598     -0.051     -0.074    30.0757   995.6499 0.0000e+00
     -0.049     -0.020     5.1330     96.748     52.244  57.555214    -0.0840      7.042   194.4678 1.7018e+03     0.5311     -0.046     -0.067    30.0781   995.6492 0.0000e+00
     -0.049     -0.025     5.1335     96.735     52.229  57.538135    -0.0592      7.042   194.5647 1.7397e+03     0.6229     -0.045     -0.066    30.0793   995.6488 0.0000e+00
     -0.056     -0.030     5.1293     96.810     52.214  57.520961    -0.0580      7.041   194.5737 1.7719e+03     0.6428     -0.052     -0.076    30.0787   995.6490 0.0000e+00
     -0.070     -0.034     5.1168     96.852     52.228  57.538135    -0.0700      7.041   194.5773 1.8038e+03     0.5999     -0.067     -0.098    30.0773   995.6494 0.0000e+00
     -0.087     -0.032     5.1060     96.787     52.242  57.555212    -0.0793      7.041   194.5215 1.8353e+03     0.5508     -0.086     -0.125    30.0753   995.6499 0.0000e+00
     -0.102     -0.026     5.1075     96.620     52.224  57.536874    -0.0751      7.041   194.5020 1.8563e+03     0.5288     -0.103     -0.148    30.0742   995.6501 0.0000e+00
     -0.107     -0.016     5.1138     96.443     52.197  57.506987    -0.0574      7.041   194.6849 1.8593e+03     0.5413     -0.109     -0.158    30.0743   995.6500 0.0000e+00
     -0.105     -0.008     5.1178     96.390     52.203  57.511464    -0.0468      7.041   194.8404 1.8480e+03     0.4961     -0.104     -0.150    30.0757   995.6497 0.0000e+00
     -0.099     -0.003     5.1135     96.426     52.219  57.527483    -0.0526      7.041   194.9199 1.8308e+03     0.3595     -0.096     -0.139    30.0786   995.6488 0.0000e+00
     -0.095     -0.002     5.1034     96.442     52.204  57.510092    -0.0605      7.041   194.9579 1.8131e+03     0.2635     -0.091     -0.132    30.0809   995.6481 0.0000e+00
     -0.095     -0.002     5.0898     96.517     52.187  57.491765    -0.0561      7.041   194.8689 1.8001e+03     0.2964     -0.090     -0.131    30.0802   995.6483 0.0000e+00
     -0.101     -0.002     5.0879     96.705     52.191  57.496460    -0.0468      7.041   194.7908 1.7982e+03     0.4132     -0.098     -0.142    30.0778   995.6490 0.0000e+00
     -0.108      0.002     5.0952     96.885     52.197  57.503344    -0.0438      7.040   194.7881 1.8040e+03     0.5085     -0.108     -0.156    30.0755   995.6497 0.0000e+00
     -0.110      0.008     5.0921     96.997     52.204  57.511467    -0.0492      7.040   194.8360 1.8125e+03     0.5217     -0.111     -0.161    30.0750   995.6498 0.0000e+00
     -0.105      0.014     5.0939     97.100     52.223  57.531147    -0.0641      7.040   194.9396 1.8277e+03     0.5041     -0.105     -0.152    30.0754   995.6497 0.0000e+00
     -0.095      0.020     5.1085     97.230     52.243  57.550724    -0.0711      7.038   195.0939 1.8516e+03     0.5021     -0.093     -0.134    30.0752   995.6498 0.0000e+00
     -0.084      0.022     5.1190     97.356     52.251  57.557598    -0.0760      7.038   195.2385 1.8823e+03     0.5312     -0.081     -0.117    30.0759   995.6497 0.0000e+00
     -0.078      0.020     5.1225     97.401     52.246  57.550735    -0.0954      7.039   195.2260 1.9198e+03     0.5819     -0.076     -0.110    30.0765   995.6495 0.0000e+00
     -0.074      0.017     5.1277     97.330     52.228  57.531263    -0.1143      7.038   195.1149 1.9654e+03     0.5999     -0.072     -0.105    30.0753   995.6499 0.0000e+00
     -0.073      0.016     5.1350     97.193     52.212  57.512726    -0.1235      7.037   195.0143 2.0257e+03     0.5769     -0.070     -0.102    30.0730   995.6506 0.0000e+00
     -0.073      0.018     5.1441     97.054     52.217  57.517183    -0.1301      7.036   194.9558 2.0986e+03     0.5439     -0.073     -0.105    30.0709   995.6512 0.0000e+00
     -0.071      0.022     5.1474     96.969     52.222  57.521633    -0.1381      7.036   195.0100 2.1707e+03     0.5442     -0.072     -0.104    30.0696   995.6516 0.0000e+00
     -0.063      0.024     5.1421     96.961     52.207  57.502993    -0.1336      7.034   195.1530 2.2294e+03     0.5805     -0.063     -0.091    30.0697   995.6516 0.0000e+00
