Data/DataNotYetUploadedToEDI/Raw_CTD/RawDownloads/07292020_ccr10.cnv
* Sea-Bird SBE19plus  Data File:
* FileName = C:\DATA\07292020_ccr50_0005.hex
* Software version 2.8.0.119
* Temperature SN = 7809
* Conductivity SN = 7809
* System UpLoad Time = Jul 29 2020 17:32:40
* <ApplicationData>
* <Seaterm232>
# nquan = 16
# nvalues = 854                         
# units = specified
# name 0 = depFM: Depth [fresh water, m]
# name 1 = dz/dtM: Descent Rate [m/s]
# name 2 = sbeox0ML/L: Oxygen, SBE 43 [ml/l]
# name 3 = sbeox0PS: Oxygen, SBE 43 [% saturation]
# name 4 = specc: Specific Conductance [uS/cm]
# name 5 = c0uS/cm: Conductivity [uS/cm]
# name 6 = flECO-AFL: Fluorescence, WET Labs ECO-AFL/FL [mg/m^3]
# name 7 = ph: pH
# name 8 = orp: Oxidation Reduction Potential [mV]
# name 9 = par/sat/log: PAR/Logarithmic, Satlantic
# name 10 = turbWETntu0: Turbidity, WET Labs ECO [NTU]
# name 11 = prdM: Pressure, Strain Gauge [db]
# name 12 = prdE: Pressure, Strain Gauge [psi]
# name 13 = tv290C: Temperature [ITS-90, deg C]
# name 14 = density00: Density [density, kg/m^3]
# name 15 = flag:  0.000e+00
# span 0 =     -0.482,      3.782       
# span 1 =     -0.329,      0.199       
# span 2 =     0.9207,     5.6259       
# span 3 =     15.865,    105.684       
# span 4 =      5.478,     59.631       
# span 5 =   6.044108,  62.233243       
# span 6 =    -2.4512,   267.0882       
# span 7 =      7.023,      7.623       
# span 8 =   126.6552,   296.2976       
# span 9 = 7.2910e+00, 2.7566e+03       
# span 10 =    -0.2072,    38.2937      
# span 11 =     -0.478,      3.710      
# span 12 =     -0.694,      5.381      
# span 13 =    24.4154,    30.3744      
# span 14 =   995.5597,   997.2366      
# span 15 = 0.0000e+00, 0.0000e+00      
# interval = seconds: 0.25
# start_time = Jul 29 2020 00:52:58 [Instrument's time stamp, header]
# bad_flag = -9.990e-29
*END*
     -0.422      0.077     5.5659     98.174     53.479  57.444795    -0.8511      7.222   158.7518 2.0262e+03    -0.1699     -0.425     -0.615    26.1114   996.7638 0.0000e+00
     -0.390      0.102     5.5177     98.160     53.745  58.125181    -0.8281      7.278   154.8377 1.0607e+03    -0.2072     -0.382     -0.554    26.6100   996.6309 0.0000e+00
     -0.352      0.126     5.4235     98.142     53.720  58.423264    -0.8183      7.351   151.6481 5.4138e+02     0.0328     -0.341     -0.496    27.5430   996.3812 0.0000e+00
     -0.318      0.146     5.3537     98.130     53.636  58.635374    -0.6944      7.428   147.6338 4.9905e+02     3.5910     -0.313     -0.454    28.2506   996.1868 0.0000e+00
     -0.283      0.158     5.3073     98.170     53.468  58.720930    -0.4465      7.484   140.9745 4.8885e+02    10.2322     -0.280     -0.406    28.7315   996.0480 0.0000e+00
     -0.240      0.163     5.2729     98.283     53.273  58.695829    -0.3099      7.524   131.8755 4.7182e+02    13.8628     -0.238     -0.345    29.1004   995.9404 0.0000e+00
     -0.191      0.166     5.2477     98.449     53.136  58.649818    -0.2926      7.562   126.9268 4.5003e+02    13.8769     -0.186     -0.269    29.3652   995.8624 0.0000e+00
     -0.143      0.170     5.2186     98.711     53.052  58.609482    -0.1987      7.594   126.6552 4.2236e+02    10.6768     -0.138     -0.199    29.6627   995.7741 0.0000e+00
     -0.103      0.173     5.1953     99.122     52.954  58.525839    -0.0330      7.615   127.2149 3.7781e+02     4.8342     -0.100     -0.145    29.9387   995.6915 0.0000e+00
     -0.064      0.174     5.1872     99.646     52.829  58.400863     0.0510      7.623   127.8433 3.3739e+02     1.6695     -0.065     -0.095    30.1110   995.6395 0.0000e+00
     -0.021      0.177     5.1874    100.254     52.734  58.305441     0.0732      7.623   128.4022 3.2717e+02     1.4230     -0.022     -0.032    30.1970   995.6135 0.0000e+00
      0.026      0.183     5.1948    100.908     52.689  58.261487     0.1314      7.618   129.3271 3.2877e+02     1.4082      0.026      0.038    30.2385   995.6011 0.0000e+00
      0.075      0.190     5.2170    101.402     52.680  58.250588     0.1920      7.611   130.5944 3.1468e+02     1.3873      0.074      0.107    30.2588   995.5951 0.0000e+00
      0.123      0.196     5.2443    101.428     52.734  58.300709     0.2048      7.601   131.9378 2.7974e+02     1.3763      0.119      0.172    30.2666   995.5929 0.0000e+00
      0.175      0.199     5.2744    100.638     52.806  58.359270     0.1999      7.590   133.3518 2.4418e+02     1.3780      0.170      0.247    30.2743   995.5908 0.0000e+00
      0.230      0.199     5.3129     98.791     52.811  58.323335     0.2473      7.580   134.7850 2.2254e+02     1.4426      0.228      0.330    30.2848   995.5878 0.0000e+00
      0.283      0.198     5.3449     96.162     52.799  58.247320     0.3492      7.569   136.1884 2.1031e+02     1.5392      0.278      0.405    30.2833   995.5886 0.0000e+00
      0.331      0.196     5.3530     93.424     52.823  58.202389     0.4206      7.558   137.4143 2.0421e+02     1.5506      0.324      0.470    30.2724   995.5921 0.0000e+00
      0.378      0.188     5.3207     91.005     52.853  58.161111     0.4243      7.548   138.3362 2.0267e+02     1.4772      0.371      0.538    30.2592   995.5963 0.0000e+00
      0.428      0.172     5.2216     88.905     52.885  58.129270     0.4321      7.539   139.0757 2.0100e+02     1.4075      0.419      0.608    30.2197   995.6085 0.0000e+00
      0.477      0.147     5.0717     87.071     52.934  58.134928     0.4768      7.530   139.8164 1.9698e+02     1.3598      0.469      0.680    30.1544   995.6285 0.0000e+00
      0.522      0.117     4.9248     85.570     52.990  58.165918     0.5165      7.521   140.5801 1.9133e+02     1.3813      0.517      0.751    30.0864   995.6494 0.0000e+00
      0.552      0.082     4.8060     84.423     53.032  58.186281     0.5497      7.514   141.3405 1.8543e+02     1.4622      0.548      0.795    30.0128   995.6718 0.0000e+00
      0.563      0.048     4.7026     83.528     53.059  58.190522     0.5725      7.508   142.1278 1.8127e+02     1.4790      0.557      0.808    29.9429   995.6929 0.0000e+00
      0.561      0.020     4.6057     82.687     53.105  58.217154     0.5645      7.500   142.8720 1.7943e+02     1.4470      0.553      0.800    29.8990   995.7061 0.0000e+00
      0.552      0.003     4.5283     81.769     53.158  58.254143     0.5482      7.492   143.6267 1.7998e+02     1.4191      0.541      0.785    29.8756   995.7131 0.0000e+00
      0.545     -0.002     4.4705     80.821     53.177  58.256552     0.5472      7.486   144.3701 1.7888e+02     1.4155      0.532      0.773    29.8527   995.7200 0.0000e+00
      0.542      0.001     4.4296     79.886     53.181  58.246255     0.5513      7.479   145.0638 1.7796e+02     1.4380      0.530      0.768    29.8279   995.7274 0.0000e+00
      0.546      0.007     4.3907     79.055     53.199  58.256672     0.5503      7.472   145.9905 1.8028e+02     1.4514      0.533      0.773    29.8061   995.7340 0.0000e+00
      0.554      0.013     4.3400     78.521     53.203  58.255434     0.5458      7.467   147.0573 1.7972e+02     1.4400      0.544      0.788    29.7852   995.7404 0.0000e+00
      0.562      0.014     4.2912     78.410     53.184  58.231275     0.5333      7.461   147.8094 1.7837e+02     1.4034      0.554      0.802    29.7671   995.7458 0.0000e+00
      0.566      0.011     4.2419     78.768     53.175  58.218665     0.5233      7.455   148.2884 1.7917e+02     1.3864      0.556      0.807    29.7536   995.7498 0.0000e+00
      0.568      0.006     4.1925     79.613     53.187  58.230025     0.5389      7.449   148.8045 1.7895e+02     1.4401      0.557      0.806    29.7455   995.7523 0.0000e+00
      0.568      0.002     4.1631     80.859     53.200  58.241569     0.5604      7.444   149.3173 1.7762e+02     1.5031      0.558      0.809    29.7414   995.7535 0.0000e+00
      0.566     -0.001     4.1570     82.337     53.194  58.231174     0.5545      7.439   149.6703 1.7562e+02     1.4615      0.556      0.806    29.7373   995.7547 0.0000e+00
      0.563     -0.002     4.1752     83.869     53.199  58.231399     0.5449      7.435   149.9746 1.7367e+02     1.3839      0.551      0.799    29.7346   995.7555 0.0000e+00
      0.561     -0.001     4.2216     85.229     53.214  58.244284     0.5481      7.432   150.4157 1.7203e+02     1.3879      0.549      0.797    29.7340   995.7557 0.0000e+00
      0.563      0.003     4.2922     86.206     53.231  58.259900     0.5546      7.428   150.9592 1.6776e+02     1.4420      0.553      0.801    29.7320   995.7564 0.0000e+00
      0.565      0.010     4.3734     86.744     53.265  58.293152     0.5666      7.423   151.6426 1.6206e+02     1.4886      0.555      0.804    29.7270   995.7579 0.0000e+00
      0.566      0.024     4.4594     86.889     53.247  58.265159     0.5692      7.417   152.3966 1.5955e+02     1.5049      0.555      0.805    29.7223   995.7592 0.0000e+00
      0.568      0.042     4.5375     86.762     53.119  58.112005     0.5681      7.412   152.9360 1.5998e+02     1.5366      0.556      0.806    29.7187   995.7603 0.0000e+00
      0.574      0.057     4.5894     86.651     52.996  57.965994     0.5816      7.408   153.2596 1.6383e+02     1.5968      0.559      0.810    29.7170   995.7609 0.0000e+00
      0.594      0.068     4.6174     86.811     52.998  57.960834     0.5989      7.403   153.6425 1.6930e+02     1.6489      0.577      0.835    29.7141   995.7618 0.0000e+00
      0.626      0.072     4.6241     87.128     53.087  58.049601     0.6145      7.398   154.2958 1.7161e+02     1.7203      0.615      0.891    29.7084   995.7637 0.0000e+00
      0.658      0.069     4.6132     87.329     53.185  58.149899     0.6370      7.393   154.8776 1.7171e+02     1.7728      0.651      0.945    29.6924   995.7685 0.0000e+00
      0.676      0.058     4.5999     87.284     53.250  58.220624     0.6612      7.388   155.1701 1.7201e+02     1.7352      0.668      0.969    29.6783   995.7728 0.0000e+00
      0.684      0.040     4.6131     86.917     53.294  58.269465     0.6686      7.383   155.5101 1.7208e+02     1.6430      0.671      0.974    29.6775   995.7731 0.0000e+00
      0.688      0.021     4.6378     86.133     53.318  58.295747     0.6698      7.378   155.8911 1.7224e+02     1.6193      0.676      0.980    29.6666   995.7764 0.0000e+00
      0.689      0.006     4.6500     84.918     53.308  58.284288     0.6845      7.372   156.2484 1.7108e+02     1.6898      0.677      0.981    29.6577   995.7791 0.0000e+00
      0.687     -0.002     4.6490     83.425     53.285  58.257961     0.7038      7.367   156.6471 1.6842e+02     1.7403      0.674      0.978    29.6597   995.7785 0.0000e+00
      0.683     -0.005     4.6312     81.883     53.266  58.231541     0.7024      7.363   156.9256 1.6608e+02     1.7146      0.670      0.972    29.6623   995.7777 0.0000e+00
      0.679     -0.006     4.5909     80.501     53.264  58.218941     0.6864      7.359   157.1207 1.6284e+02     1.6879      0.666      0.965    29.6626   995.7776 0.0000e+00
      0.679     -0.005     4.5224     79.469     53.284  58.232654     0.6735      7.355   157.3707 1.6028e+02     1.6919      0.665      0.965    29.6607   995.7782 0.0000e+00
      0.679     -0.001     4.4384     78.909     53.319  58.270281     0.6601      7.352   157.5396 1.6083e+02     1.6939      0.667      0.967    29.6605   995.7783 0.0000e+00
      0.678      0.006     4.3532     78.816     53.338  58.292719     0.6677      7.349   157.7002 1.6372e+02     1.7122      0.666      0.966    29.6553   995.7798 0.0000e+00
      0.677      0.016     4.2769     79.074     53.299  58.249853     0.6892      7.345   158.1082 1.6994e+02     1.7074      0.663      0.961    29.6433   995.7834 0.0000e+00
      0.679      0.025     4.2199     79.442     53.257  58.196678     0.6904      7.343   158.6015 1.7743e+02     1.6705      0.663      0.962    29.6341   995.7861 0.0000e+00
      0.688      0.035     4.1905     79.637     53.289  58.221508     0.6832      7.339   159.1045 1.8267e+02     1.7125      0.671      0.975    29.6346   995.7860 0.0000e+00
      0.703      0.047     4.1873     79.573     53.303  58.232423     0.6784      7.333   159.8016 1.8736e+02     1.8372      0.687      0.997    29.6374   995.7853 0.0000e+00
      0.719      0.058     4.2053     79.423     53.217  58.138058     0.6705      7.327   160.5771 1.9319e+02     1.9082      0.709      1.028    29.6404   995.7845 0.0000e+00
      0.732      0.063     4.2323     79.429     53.125  58.033443     0.6733      7.320   161.1675 2.0253e+02     1.9192      0.719      1.042    29.6327   995.7868 0.0000e+00
      0.747      0.062     4.2455     79.631     53.095  57.983940     0.7028      7.315   161.4334 2.2148e+02     1.9350      0.727      1.054    29.6168   995.7916 0.0000e+00
      0.770      0.055     4.2382     79.851     53.121  57.984183     0.7315      7.310   161.5557 2.4918e+02     1.9275      0.757      1.097    29.6165   995.7919 0.0000e+00
      0.791      0.043     4.2240     79.966     53.193  58.036337     0.7344      7.307   161.7857 2.7784e+02     1.8970      0.781      1.133    29.6170   995.7917 0.0000e+00
      0.803      0.029     4.2234     80.015     53.272  58.106269     0.7281      7.303   162.0634 3.1399e+02     1.8761      0.790      1.145    29.6163   995.7919 0.0000e+00
      0.806      0.013     4.2403     80.072     53.300  58.130913     0.7117      7.298   162.5035 3.7234e+02     1.8801      0.793      1.149    29.6052   995.7953 0.0000e+00
      0.802     -0.002     4.2574     80.122     53.254  58.080197     0.6892      7.293   163.1491 4.6921e+02     1.9116      0.787      1.141    29.5687   995.8062 0.0000e+00
      0.795     -0.012     4.2638     80.012     53.181  58.001275     0.6856      7.287   163.6747 5.9958e+02     1.9474      0.779      1.130    29.5408   995.8144 0.0000e+00
      0.788     -0.015     4.2658     79.597     53.120  57.938982     0.6871      7.281   163.9543 7.9579e+02     1.9356      0.773      1.122    29.5263   995.8187 0.0000e+00
      0.783     -0.015     4.2688     78.959     53.090  57.898766     0.6781      7.275   164.1207 9.2628e+02     1.9059      0.768      1.113    29.5219   995.8200 0.0000e+00
      0.779     -0.013     4.2747     78.356     53.114  57.896165     0.6821      7.269   164.3103 7.8525e+02     1.9315      0.764      1.107    29.5253   995.8190 0.0000e+00
      0.777     -0.013     4.2736     77.951     53.158  57.907485     0.6981      7.264   164.5260 6.3541e+02     1.9705      0.761      1.104    29.5214   995.8201 0.0000e+00
      0.778     -0.014     4.2487     77.776     53.182  57.908517     0.6994      7.260   164.7491 6.9206e+02     2.0002      0.764      1.107    29.5311   995.8172 0.0000e+00
      0.778     -0.016     4.2083     77.931     53.193  57.908603     0.6880      7.255   165.0300 9.6996e+02     1.9811      0.765      1.109    29.5336   995.8165 0.0000e+00
      0.772     -0.016     4.1746     78.396     53.197  57.908507     0.6749      7.250   165.3406 1.2155e+03     1.9121      0.758      1.099    29.4967   995.8275 0.0000e+00
      0.762     -0.016     4.1589     78.883     53.194  57.907355     0.6650      7.246   165.4064 1.1712e+03     1.8867      0.747      1.083    29.4544   995.8399 0.0000e+00
      0.754     -0.016     4.1467     79.117     53.177  57.894672     0.6638      7.242   165.3958 1.2349e+03     1.9137      0.738      1.070    29.4334   995.8461 0.0000e+00
      0.751     -0.022     4.1547     78.990     53.167  57.882218     0.6698      7.239   165.9872 1.2282e+03     1.9299      0.735      1.065    29.4223   995.8495 0.0000e+00
      0.752     -0.034     4.1881     78.572     53.188  57.883836     0.6804      7.236   166.7064 9.1687e+02     1.8767      0.737      1.069    29.4184   995.8506 0.0000e+00
      0.754     -0.048     4.2189     78.096     53.248  57.914206     0.6872      7.232   166.7779 7.0937e+02     1.8192      0.743      1.077    29.4220   995.8496 0.0000e+00
      0.746     -0.056     4.2331     77.869     53.342  57.995250     0.6844      7.228   166.7659 5.7532e+02     1.8183      0.741      1.074    29.4299   995.8473 0.0000e+00
      0.717     -0.051     4.2242     78.130     53.370  58.037857     0.6849      7.223   167.1641 4.5223e+02     1.8663      0.709      1.027    29.4371   995.8449 0.0000e+00
      0.679     -0.036     4.1993     78.942     53.284  57.984711     0.6748      7.219   167.7206 4.7330e+02     1.8841      0.659      0.957    29.4128   995.8519 0.0000e+00
      0.656     -0.013     4.1701     80.136     53.184  57.924461     0.6474      7.215   168.2461 5.4601e+02     1.7926      0.631      0.915    29.3699   995.8646 0.0000e+00
      0.661      0.010     4.1556     81.425     53.123  57.881199     0.6301      7.210   168.6127 5.7207e+02     1.6883      0.640      0.928    29.3421   995.8729 0.0000e+00
      0.689      0.025     4.1665     82.593     53.104  57.842827     0.6191      7.206   168.7115 5.7214e+02     1.6525      0.675      0.979    29.3546   995.8694 0.0000e+00
      0.720      0.027     4.2106     83.595     53.139  57.841624     0.6181      7.202   168.7525 5.7672e+02     1.7379      0.711      1.031    29.4020   995.8554 0.0000e+00
      0.739      0.015     4.2765     84.460     53.190  57.866589     0.6279      7.198   168.9368 5.8583e+02     1.8974      0.734      1.063    29.4563   995.8393 0.0000e+00
      0.737     -0.003     4.3473     85.098     53.223  57.890521     0.6326      7.194   169.2188 5.8620e+02     1.9671      0.732      1.060    29.4908   995.8291 0.0000e+00
      0.714     -0.015     4.4122     85.315     53.204  57.876858     0.6268      7.189   169.4098 5.9120e+02     1.9276      0.702      1.019    29.4627   995.8373 0.0000e+00
