Data/DataNotYetUploadedToEDI/Raw_CTD/RawDownloads/07292020_ccr50.cnv
* Sea-Bird SBE19plus  Data File:
* FileName = C:\DATA\07292020_ccr50_0002.hex
* Software version 2.8.0.119
* Temperature SN = 7809
* Conductivity SN = 7809
* System UpLoad Time = Jul 29 2020 17:30:45
* <ApplicationData>
* <Seaterm232>
# nquan = 16
# nvalues = 3294                        
# units = specified
# name 0 = depFM: Depth [fresh water, m]
# name 1 = dz/dtM: Descent Rate [m/s]
# name 2 = sbeox0ML/L: Oxygen, SBE 43 [ml/l]
# name 3 = sbeox0PS: Oxygen, SBE 43 [% saturation]
# name 4 = specc: Specific Conductance [uS/cm]
# name 5 = c0uS/cm: Conductivity [uS/cm]
# name 6 = flECO-AFL: Fluorescence, WET Labs ECO-AFL/FL [mg/m^3]
# name 7 = ph: pH
# name 8 = orp: Oxidation Reduction Potential [mV]
# name 9 = par/sat/log: PAR/Logarithmic, Satlantic
# name 10 = turbWETntu0: Turbidity, WET Labs ECO [NTU]
# name 11 = prdM: Pressure, Strain Gauge [db]
# name 12 = prdE: Pressure, Strain Gauge [psi]
# name 13 = tv290C: Temperature [ITS-90, deg C]
# name 14 = density00: Density [density, kg/m^3]
# name 15 = flag:  0.000e+00
# span 0 =     -0.475,     21.183       
# span 1 =     -0.261,      0.274       
# span 2 =     0.3622,     6.8439       
# span 3 =      4.592,    118.173       
# span 4 =      1.737,    116.347       
# span 5 =   1.880001,  80.392288       
# span 6 =    -1.6089,     3.0438       
# span 7 =     -1.985,      8.503       
# span 8 = -1240.7455,   272.3922       
# span 9 = 1.2339e-01, 1.4451e+03       
# span 10 =    -0.3778,    26.7964      
# span 11 =     -0.467,     20.774      
# span 12 =     -0.677,     30.130      
# span 13 =     9.4688,    29.1413      
# span 14 =   995.9130,   999.8837      
# span 15 = 0.0000e+00, 0.0000e+00      
# interval = seconds: 0.25
# start_time = Jul 28 2020 20:31:20 [Instrument's time stamp, header]
# bad_flag = -9.990e-29
*END*
[from data line 272]
      0.423     -0.000     3.0162     55.998     51.528  55.435090    -0.0067      7.677   201.1623 7.1648e+01     0.6777      0.414      0.601    28.7857   996.0346 0.0000e+00
      0.424     -0.001     3.0196     56.112     51.518  55.423740    -0.0093      7.673   201.2689 7.1383e+01     0.6296      0.417      0.604    28.7858   996.0346 0.0000e+00
      0.426     -0.002     3.0227     56.221     51.530  55.435213    -0.0115      7.669   201.1470 7.1484e+01     0.6049      0.418      0.606    28.7843   996.0350 0.0000e+00
      0.426     -0.002     3.0207     56.282     51.541  55.446772    -0.0041      7.667   201.1517 7.1574e+01     0.6532      0.417      0.605    28.7838   996.0352 0.0000e+00
      0.425     -0.003     3.0229     56.332     51.532  55.436454     0.0035      7.666   201.3255 7.1727e+01     0.6989      0.417      0.605    28.7843   996.0351 0.0000e+00
      0.423     -0.003     3.0312     56.384     51.534  55.437496     0.0050      7.664   201.3564 7.1675e+01     0.6762      0.414      0.602    28.7840   996.0351 0.0000e+00
      0.420     -0.003     3.0384     56.378     51.555  55.459373     0.0042      7.662   201.3528 7.1025e+01     0.6539      0.411      0.597    28.7823   996.0356 0.0000e+00
      0.419     -0.002     3.0401     56.273     51.544  55.446887     0.0035      7.660   201.6258 7.1553e+01     0.6693      0.410      0.595    28.7812   996.0360 0.0000e+00
      0.419     -0.001     3.0422     56.118     51.514  55.413567     0.0056      7.656   202.0758 7.2268e+01     0.7248      0.411      0.596    28.7818   996.0358 0.0000e+00
      0.420      0.001     3.0468     55.942     51.537  55.437611     0.0110      7.651   202.1476 7.1047e+01     0.7760      0.411      0.597    28.7810   996.0360 0.0000e+00
      0.421      0.001     3.0482     55.708     51.581  55.483530     0.0119      7.646   201.8056 7.0858e+01     0.7735      0.412      0.598    28.7784   996.0368 0.0000e+00
      0.422      0.001     3.0406     55.418     51.561  55.460623     0.0064      7.641   201.7268 7.2258e+01     0.7289      0.414      0.600    28.7781   996.0368 0.0000e+00
      0.422      0.000     3.0312     55.132     51.518  55.414714     0.0019      7.634   201.8838 7.1767e+01     0.6827      0.414      0.601    28.7788   996.0366 0.0000e+00
      0.421 4.4676e-07     3.0236     54.887     51.539  55.436590    -0.0042      7.627   201.8958 7.1197e+01     0.6953      0.412      0.597    28.7770   996.0372 0.0000e+00
      0.420      0.000     3.0110     54.681     51.571  55.471046    -0.0010      7.622   202.1301 7.2245e+01     0.7444      0.410      0.595    28.7751   996.0377 0.0000e+00
      0.420      0.000     2.9933     54.521     51.551  55.450221     0.0115      7.616   202.5661 7.2071e+01     0.7274      0.411      0.598    28.7752   996.0377 0.0000e+00
      0.420      0.001     2.9772     54.406     51.541  55.438862     0.0036      7.608   202.5214 7.1262e+01     0.6607      0.412      0.597    28.7750   996.0377 0.0000e+00
      0.420      0.002     2.9647     54.316     51.561  55.460747    -0.0101      7.603   202.1916 7.1662e+01     0.6250      0.411      0.596    28.7741   996.0380 0.0000e+00
      0.422      0.002     2.9531     54.273     51.561  55.460758    -0.0109      7.599   202.1925 7.1894e+01     0.6045      0.414      0.601    28.7735   996.0382 0.0000e+00
      0.423      0.001     2.9444     54.318     51.540  55.438997    -0.0065      7.596   202.2738 7.1550e+01     0.6188      0.416      0.603    28.7741   996.0380 0.0000e+00
      0.423      0.001     2.9388     54.409     51.552  55.451708    -0.0040      7.591   202.2292 7.1573e+01     0.6608      0.415      0.603    28.7746   996.0379 0.0000e+00
      0.422      0.001     2.9339     54.470     51.585  55.487415    -0.0009      7.588   202.4270 7.1866e+01     0.6663      0.414      0.601    28.7741   996.0380 0.0000e+00
      0.422      0.000     2.9294     54.509     51.586  55.489612     0.0033      7.585   202.7722 7.2176e+01     0.6502      0.413      0.600    28.7747   996.0379 0.0000e+00
      0.422      0.000     2.9332     54.533     51.576  55.478272    -0.0014      7.581   202.8751 7.2042e+01     0.6377      0.414      0.601    28.7756   996.0376 0.0000e+00
      0.423      0.000     2.9406     54.497     51.575  55.477344    -0.0003      7.578   202.8972 7.1574e+01     0.6536      0.414      0.601    28.7758   996.0375 0.0000e+00
      0.423      0.001     2.9428     54.386     51.576  55.478386     0.0073      7.576   203.0398 7.1770e+01     0.6696      0.415      0.602    28.7757   996.0376 0.0000e+00
      0.423      0.001     2.9444     54.229     51.588  55.490874     0.0047      7.575   203.2223 7.1923e+01     0.6599      0.414      0.601    28.7760   996.0375 0.0000e+00
      0.423      0.002     2.9474     54.044     51.598  55.501295    -0.0029      7.574   203.3833 7.1410e+01     0.6392      0.414      0.601    28.7762   996.0374 0.0000e+00
      0.423      0.003     2.9458     53.853     51.575  55.477355     0.0105      7.574   203.5237 7.1420e+01     0.6252      0.415      0.602    28.7759   996.0375 0.0000e+00
      0.424      0.003     2.9385     53.678     51.555  55.455490     0.0517      7.573   203.7148 7.2012e+01     0.6636      0.416      0.603    28.7761   996.0375 0.0000e+00
      0.425      0.004     2.9301     53.527     51.588  55.490996     0.0763      7.571   203.9723 7.1553e+01     0.7252      0.416      0.604    28.7763   996.0374 0.0000e+00
      0.426      0.004     2.9196     53.413     51.620  55.525547     0.0700      7.569   204.1429 7.0756e+01     0.7513      0.418      0.606    28.7757   996.0376 0.0000e+00
      0.428      0.003     2.9089     53.420     51.589  55.492132     0.0612      7.567   204.1426 7.1409e+01     0.7049      0.420      0.609    28.7756   996.0377 0.0000e+00
      0.429      0.002     2.8991     53.565     51.567  55.468089     0.0548      7.564   204.0556 7.1660e+01     0.6450      0.421      0.611    28.7759   996.0375 0.0000e+00
      0.430      0.001     2.8917     53.735     51.587  55.488915     0.0503      7.562   203.8646 7.0921e+01     0.6454      0.421      0.611    28.7756   996.0376 0.0000e+00
      0.430      0.000     2.8832     53.957     51.588  55.489860     0.0544      7.560   203.8118 7.0969e+01     0.6754      0.421      0.611    28.7753   996.0377 0.0000e+00
      0.429      0.000     2.8814     54.330     51.579  55.479525     0.0662      7.555   204.1068 7.1197e+01     0.6984      0.421      0.610    28.7757   996.0376 0.0000e+00
      0.428     -0.001     2.8948     54.767     51.590  55.490986     0.0692      7.548   204.5060 7.1070e+01     0.6832      0.419      0.608    28.7761   996.0375 0.0000e+00
      0.428     -0.002     2.9026     55.130     51.600  55.501400     0.0622      7.539   204.6803 7.0756e+01     0.6642      0.418      0.607    28.7754   996.0377 0.0000e+00
      0.429     -0.003     2.9102     55.380     51.579  55.478390     0.0572      7.531   204.3209 7.0586e+01     0.6742      0.420      0.609    28.7753   996.0377 0.0000e+00
      0.429     -0.004     2.9338     55.508     51.569  55.466850     0.0475      7.525   203.8604 7.1072e+01     0.6664      0.421      0.611    28.7752   996.0377 0.0000e+00
      0.428     -0.004     2.9608     55.496     51.590  55.488906     0.0315      7.522   203.8446 7.1399e+01     0.6385      0.420      0.609    28.7737   996.0382 0.0000e+00
      0.425     -0.004     2.9804     55.371     51.593  55.490997     0.0154      7.520   204.0445 7.1391e+01     0.6450      0.416      0.604    28.7728   996.0384 0.0000e+00
      0.421     -0.003     2.9938     55.165     51.594  55.492134    -0.0044      7.516   204.2111 7.1302e+01     0.6775      0.413      0.599    28.7728   996.0384 0.0000e+00
      0.420     -0.002     3.0020     54.919     51.604  55.502651    -0.0171      7.511   204.2248 7.1032e+01     0.6872      0.411      0.596    28.7720   996.0387 0.0000e+00
      0.421     -0.001     3.0002     54.724     51.593  55.491121    -0.0048      7.505   204.2107 7.1395e+01     0.6938      0.412      0.598    28.7712   996.0389 0.0000e+00
      0.423      0.001     2.9930     54.694     51.582  55.479764     0.0107      7.500   204.2985 7.1546e+01     0.7237      0.415      0.603    28.7709   996.0390 0.0000e+00
      0.424      0.002     2.9816     54.873     51.594  55.492372     0.0087      7.495   204.3394 7.0876e+01     0.7400      0.417      0.605    28.7707   996.0391 0.0000e+00
      0.424      0.002     2.9661     55.192     51.617  55.516530    -0.0006      7.491   204.3609 7.1266e+01     0.7189      0.416      0.604    28.7706   996.0391 0.0000e+00
      0.423      0.003     2.9534     55.645     51.618  55.517779    -0.0063      7.488   204.5588 7.2028e+01     0.6742      0.415      0.602    28.7707   996.0390 0.0000e+00
      0.423      0.003     2.9497     56.250     51.608  55.507479    -0.0024      7.483   205.0117 7.1620e+01     0.6456      0.415      0.602    28.7709   996.0390 0.0000e+00
      0.424      0.003     2.9629     56.915     51.619  55.519028     0.0081      7.473   205.2766 7.1077e+01     0.6820      0.415      0.603    28.7708   996.0390 0.0000e+00
      0.427      0.002     2.9795     57.543     51.630  55.530377     0.0152      7.459   205.0082 7.1308e+01     0.7368      0.417      0.605    28.7706   996.0391 0.0000e+00
      0.430      0.001     3.0022     58.086     51.619  55.517666     0.0075      7.446   204.6055 7.1651e+01     0.7250      0.421      0.611    28.7714   996.0389 0.0000e+00
      0.431     -0.001     3.0381     58.534     51.595  55.492373    -0.0087      7.439   204.5384 7.1073e+01     0.6774      0.423      0.614    28.7720   996.0386 0.0000e+00
      0.429     -0.002     3.0757     58.842     51.583  55.478630    -0.0182      7.436   204.7992 7.0778e+01     0.6413      0.421      0.610    28.7708   996.0391 0.0000e+00
      0.425     -0.002     3.1108     58.927     51.583  55.478536    -0.0130      7.435   205.0909 7.1473e+01     0.6311      0.416      0.604    28.7698   996.0393 0.0000e+00
      0.423     -0.002     3.1398     58.795     51.595  55.491238    -0.0027      7.432   205.3122 7.1437e+01     0.6917      0.413      0.600    28.7699   996.0393 0.0000e+00
      0.423     -0.001     3.1645     58.530     51.608  55.505180    -0.0072      7.431   205.4099 7.0944e+01     0.7561      0.413      0.599    28.7701   996.0392 0.0000e+00
      0.425      0.001     3.1839     58.177     51.622  55.520069    -0.0111      7.431   205.4115 7.1054e+01     0.7233      0.416      0.604    28.7693   996.0394 0.0000e+00
      0.427      0.003     3.1884     57.754     51.644  55.544228    -0.0021      7.431   205.5039 7.1094e+01     0.6726      0.419      0.607    28.7689   996.0396 0.0000e+00
      0.427      0.003     3.1784     57.310     51.643  55.543205     0.0162      7.431   205.7530 7.0821e+01     0.6928      0.419      0.608    28.7692   996.0395 0.0000e+00
      0.427      0.002     3.1640     56.931     51.609  55.507701     0.0479      7.431   205.9284 7.0702e+01     0.7609      0.418      0.607    28.7689   996.0396 0.0000e+00
      0.427     -0.000     3.1445     56.650     51.599  55.496058     0.0668      7.431   205.7315 7.0935e+01     0.8100      0.418      0.607    28.7688   996.0396 0.0000e+00
      0.427     -0.002     3.1213     56.435     51.630  55.529463     0.0624      7.431   205.4369 7.1038e+01     0.7719      0.419      0.608    28.7690   996.0396 0.0000e+00
      0.426     -0.002     3.0947     56.308     51.630  55.530493     0.0622      7.432   205.4642 7.1005e+01     0.6776      0.419      0.608    28.7694   996.0394 0.0000e+00
      0.425     -0.002     3.0733     56.313     51.610  55.508522     0.0550      7.433   205.7169 7.1042e+01     0.6305      0.417      0.605    28.7699   996.0393 0.0000e+00
      0.424     -0.003     3.0601     56.456     51.619  55.517885     0.0322      7.433   205.9110 7.0848e+01     0.6832      0.415      0.603    28.7698   996.0392 0.0000e+00
      0.423     -0.003     3.0471     56.641     51.619  55.516664     0.0154      7.431   206.0044 7.1174e+01     0.7302      0.415      0.602    28.7694   996.0394 0.0000e+00
      0.423     -0.002     3.0398     56.753     51.599  55.493750     0.0052      7.427   206.1576 7.1519e+01     0.6837      0.415      0.602    28.7700   996.0392 0.0000e+00
      0.423     -0.002     3.0390     56.791     51.600  55.494904     0.0136      7.422   206.2150 7.0726e+01     0.6362      0.415      0.602    28.7707   996.0390 0.0000e+00
      0.423     -0.003     3.0489     56.759     51.633  55.530616     0.0397      7.417   206.0108 7.0473e+01     0.6371      0.414      0.601    28.7699   996.0392 0.0000e+00
      0.422     -0.003     3.0629     56.654     51.645  55.544437     0.0637      7.412   205.8390 7.1408e+01     0.6606      0.414      0.601    28.7683   996.0397 0.0000e+00
      0.421     -0.002     3.0671     56.502     51.636  55.534980     0.0846      7.409   205.8587 7.1266e+01     0.6798      0.413      0.600    28.7675   996.0399 0.0000e+00
      0.419      0.000     3.0698     56.317     51.644  55.543301     0.0831      7.409   205.9915 6.9916e+01     0.6629      0.411      0.596    28.7675   996.0399 0.0000e+00
      0.418      0.003     3.0684     56.151     51.620  55.518017     0.0639      7.409   206.2399 6.9490e+01     0.6286      0.409      0.593    28.7676   996.0399 0.0000e+00
      0.419      0.005     3.0612     56.062     51.587  55.483345     0.0531      7.403   206.5382 6.9778e+01     0.6083      0.410      0.596    28.7682   996.0397 0.0000e+00
      0.422      0.005     3.0539     56.026     51.608  55.505193     0.0579      7.387   206.4153 6.9241e+01     0.6231      0.413      0.599    28.7689   996.0395 0.0000e+00
      0.426      0.003     3.0423     55.981     51.630  55.528107     0.0545      7.366   205.9581 6.8580e+01     0.6705      0.418      0.606    28.7688   996.0396 0.0000e+00
      0.429      0.000     3.0319     55.983     51.610  55.506317     0.0220      7.351   205.7425 6.9016e+01     0.6662      0.422      0.612    28.7689   996.0395 0.0000e+00
      0.429     -0.002     3.0273     56.141     51.600  55.495808    -0.0014      7.346   205.7879 6.9795e+01     0.6054      0.422      0.613    28.7692   996.0394 0.0000e+00
      0.425     -0.003     3.0282     56.439     51.631  55.528079     0.0007      7.346   206.0760 6.9884e+01     0.5880      0.418      0.605    28.7686   996.0396 0.0000e+00
      0.419     -0.002     3.0243     56.820     51.620  55.515386     0.0092      7.343   206.3874 6.9726e+01     0.6277      0.409      0.592    28.7683   996.0397 0.0000e+00
      0.417      0.001     3.0204     57.260     51.578  55.469372     0.0151      7.337   206.4552 6.9656e+01     0.6737      0.406      0.590    28.7688   996.0396 0.0000e+00
      0.420      0.005     3.0308     57.739     51.588  55.479879     0.0153      7.327   206.4657 6.9381e+01     0.6976      0.411      0.596    28.7682   996.0398 0.0000e+00
      0.426      0.009     3.0478     58.182     51.621  55.515384     0.0109      7.314   206.6002 6.9246e+01     0.6761      0.418      0.607    28.7666   996.0403 0.0000e+00
      0.431      0.010     3.0692     58.545     51.624  55.517552     0.0007      7.299   206.7048 6.9705e+01     0.6544      0.424      0.615    28.7664   996.0404 0.0000e+00
      0.433      0.008     3.0926     58.871     51.614  55.506097    -0.0132      7.284   206.6128 6.9845e+01     0.7091      0.424      0.615    28.7659   996.0405 0.0000e+00
      0.434      0.004     3.1204     59.185     51.612  55.503921    -0.0240      7.273   206.5194 6.9494e+01     0.7543      0.425      0.616    28.7645   996.0409 0.0000e+00
