Data/DataNotYetUploadedToEDI/Raw_CTD/RawDownloads/07292020_ccr50.cnv
* Sea-Bird SBE19plus  Data File:
* FileName = C:\DATA\07292020_ccr50_0002.hex
* Software version 2.8.0.119
* Temperature SN = 7809
* Conductivity SN = 7809
* System UpLoad Time = Jul 29 2020 17:30:45
* <ApplicationData>
* <Seaterm232>
# nquan = 16
# nvalues = 3294                        
# units = specified
# name 0 = depFM: Depth [fresh water, m]
# name 1 = dz/dtM: Descent Rate [m/s]
# name 2 = sbeox0ML/L: Oxygen, SBE 43 [ml/l]
# name 3 = sbeox0PS: Oxygen, SBE 43 [% saturation]
# name 4 = specc: Specific Conductance [uS/cm]
# name 5 = c0uS/cm: Conductivity [uS/cm]
# name 6 = flECO-AFL: Fluorescence, WET Labs ECO-AFL/FL [mg/m^3]
# name 7 = ph: pH
# name 8 = orp: Oxidation Reduction Potential [mV]
# name 9 = par/sat/log: PAR/Logarithmic, Satlantic
# name 10 = turbWETntu0: Turbidity, WET Labs ECO [NTU]
# name 11 = prdM: Pressure, Strain Gauge [db]
# name 12 = prdE: Pressure, Strain Gauge [psi]
# name 13 = tv290C: Temperature [ITS-90, deg C]
# name 14 = density00: Density [density, kg/m^3]
# name 15 = flag:  0.000e+00
# span 0 =     -0.475,     21.183       
# span 1 =     -0.261,      0.274       
# span 2 =     0.3622,     6.8439       
# span 3 =      4.592,    118.173       
# span 4 =      1.737,    116.347       
# span 5 =   1.880001,  80.392288       
# span 6 =    -1.6089,     3.0438       
# span 7 =     -1.985,      8.503       
# span 8 = -1240.7455,   272.3922       
# span 9 = 1.2339e-01, 1.4451e+03       
# span 10 =    -0.3778,    26.7964      
# span 11 =     -0.467,     20.774      
# span 12 =     -0.677,     30.130      
# span 13 =     9.4688,    29.1413      
# span 14 =   995.9130,   999.8837      
# span 15 = 0.0000e+00, 0.0000e+00      
# interval = seconds: 0.25
# start_time = Jul 28 2020 20:31:20 [Instrument's time stamp, header]
# bad_flag = -9.990e-29
*END*
[from data line 1899]
     21.178     -0.004     0.7443      8.117    103.098  71.235163     0.6678      6.769   257.4745 1.2352e-01    22.0680     20.768     30.122     9.5437   999.8787 0.0000e+00
     21.177     -0.005     0.7254      7.825    105.201  72.694191     0.6427      6.769   257.4332 1.2347e-01    23.2331     20.768     30.122     9.5411   999.8786 0.0000e+00
     21.176     -0.006     0.6987      7.578    109.281  75.515747     0.6232      6.769   257.2776 1.2350e-01    23.8766     20.766     30.119     9.5412   999.8784 0.0000e+00
     21.174     -0.006     0.6709      7.382    113.721  78.582208     0.6424      6.770   257.0559 1.2354e-01    24.0117     20.765     30.117     9.5422   999.8783 0.0000e+00
     21.173     -0.006     0.6483      7.211    116.347  80.392288     0.6939      6.770   256.9890 1.2359e-01    24.6611     20.765     30.117     9.5451   999.8780 0.0000e+00
     21.172     -0.007     0.6230      7.106    116.213  80.294104     0.7588      6.770   256.8996 1.2366e-01    25.7541     20.762     30.113     9.5481   999.8783 0.0000e+00
     21.169     -0.007     0.6024      7.082    114.048  78.794277     0.7974      6.770   256.5773 1.2364e-01    26.3087     20.759     30.109     9.5494   999.8800 0.0000e+00
     21.167     -0.007     0.5902      7.083    112.113  77.457630     0.8089      6.770   256.1900 1.2358e-01    26.3205     20.758     30.107     9.5488   999.8820 0.0000e+00
     21.166     -0.007     0.5729      7.090    112.426  77.678488     0.8205      6.771   255.9159 1.2352e-01    26.1710     20.757     30.105     9.5467   999.8833 0.0000e+00
     21.164     -0.007     0.5641      7.089    113.300  78.284987     0.8333      6.771   255.6723 1.2346e-01    25.9431     20.754     30.102     9.5435   999.8833 0.0000e+00
     21.162     -0.006     0.5653      7.012    111.581  77.095999     0.8397      6.771   255.4813 1.2345e-01    25.8315     20.752     30.099     9.5411   999.8825 0.0000e+00
     21.160     -0.006     0.5654      6.818    108.373  74.875806     0.8494      6.771   255.3276 1.2351e-01    25.8510     20.751     30.097     9.5416   999.8813 0.0000e+00
     21.158     -0.006     0.5653      6.535    106.486  73.569260     0.8647      6.771   255.1041 1.2356e-01    26.1109     20.749     30.093     9.5446   999.8814 0.0000e+00
     21.158     -0.006     0.5683      6.191    106.120  73.316015     0.8625      6.771   254.8444 1.2357e-01    26.5361     20.749     30.094     9.5461   999.8824 0.0000e+00
     21.157     -0.006     0.5637      5.817    106.519  73.594068     0.8422      6.771   254.4252 1.2359e-01    26.7689     20.749     30.093     9.5451   999.8814 0.0000e+00
     21.154     -0.007     0.5461      5.462    107.291  74.133678     0.8292      6.770   253.8210 1.2362e-01    26.7964     20.746     30.088     9.5429   999.8798 0.0000e+00
     21.152     -0.008     0.5234      5.166    108.083  74.690423     0.8199      6.770   253.3897 1.2365e-01    26.6290     20.743     30.085     9.5410   999.8795 0.0000e+00
     21.150     -0.009     0.4952      4.965    108.125  74.730424     0.7208      6.770   253.1683 1.2367e-01    24.8131     20.741     30.083     9.5411   999.8795 0.0000e+00
     21.149     -0.009     0.4636      4.867    107.299  74.172180     0.5453      6.770   252.9506 1.2362e-01    21.4925     20.740     30.081     9.5422   999.8796 0.0000e+00
     21.146     -0.008     0.4345      4.835    106.727  73.790296     0.4631      6.770   252.7369 1.2356e-01    19.6802     20.737     30.076     9.5449   999.8797 0.0000e+00
     21.143     -0.008     0.4097      4.879    106.353  73.546570     0.4612      6.769   252.5627 1.2359e-01    19.5168     20.733     30.071     9.5497   999.8796 0.0000e+00
     21.141     -0.008     0.3925      5.028    106.468  73.641302     0.4467      6.768   252.3933 1.2366e-01    19.3802     20.732     30.069     9.5552   999.8793 0.0000e+00
     21.140     -0.008     0.3872      5.234    107.218  74.172604     0.4299      6.769   252.1514 1.2370e-01    19.1272     20.731     30.068     9.5607   999.8781 0.0000e+00
     21.138     -0.007     0.3840      5.454    106.951  73.993965     0.4291      6.769   251.8744 1.2369e-01    18.9977     20.729     30.064     9.5673   999.8776 0.0000e+00
     21.136     -0.007     0.3852      5.703    105.795  73.198183     0.4381      6.769   251.6254 1.2360e-01    19.0158     20.727     30.062     9.5744   999.8768 0.0000e+00
     21.135     -0.007     0.3996      5.966    106.341  73.579096     0.4617      6.769   251.4639 1.2357e-01    19.0377     20.726     30.061     9.5820   999.8760 0.0000e+00
     21.132     -0.007     0.4179      6.208    108.454  75.038457     0.4953      6.769   251.2980 1.2369e-01    19.0224     20.723     30.057     9.5886   999.8761 0.0000e+00
     21.130     -0.008     0.4334      6.441    108.608  75.138572     0.5103      6.768   251.0822 1.2375e-01    18.9683     20.721     30.054     9.5901   999.8759 0.0000e+00
     21.129     -0.008     0.4541      6.649    106.910  73.963557     0.5097      6.767   251.0064 1.2368e-01    18.8982     20.720     30.052     9.5919   999.8748 0.0000e+00
     21.127     -0.008     0.4770      6.778    106.846  73.929410     0.5074      6.768   250.9840 1.2363e-01    18.3125     20.718     30.049     9.5952   999.8746 0.0000e+00
     21.124     -0.008     0.4950      6.877    108.802  75.297626     0.5113      6.768   250.8120 1.2363e-01    17.1740     20.716     30.046     9.5933   999.8764 0.0000e+00
     21.122     -0.008     0.5131      6.976    109.913  76.073314     0.5181      6.768   250.5614 1.2364e-01    16.5311     20.714     30.043     9.5883   999.8768 0.0000e+00
     21.120     -0.009     0.5343      7.031    109.077  75.487698     0.5231      6.768   250.3621 1.2364e-01    16.4791     20.712     30.040     9.5871   999.8755 0.0000e+00
     21.119     -0.010     0.5409      7.064    107.782  74.575426     0.5144      6.768   250.2093 1.2362e-01    16.3737     20.710     30.038     9.5928   999.8750 0.0000e+00
     21.117     -0.011     0.5465      7.084    107.084  74.072023     0.4986      6.769   250.0902 1.2363e-01    16.1489     20.709     30.036     9.6021   999.8755 0.0000e+00
     21.114     -0.012     0.5591      7.075    106.335  73.534006     0.4941      6.769   250.0411 1.2366e-01    15.9927     20.706     30.032     9.6067   999.8757 0.0000e+00
     21.110     -0.013     0.5601      7.054    105.447  72.902285     0.4987      6.767   250.0453 1.2363e-01    15.9609     20.702     30.025     9.6025   999.8752 0.0000e+00
     21.106     -0.016     0.5633      7.025    107.608  74.381139     0.4963      6.767   250.0550 1.2360e-01    16.1080     20.698     30.020     9.5936   999.8755 0.0000e+00
     21.103     -0.021     0.5665      6.970    109.638  75.770978     0.4750      6.768   250.0727 1.2360e-01    16.3632     20.695     30.015     9.5833   999.8760 0.0000e+00
     21.098     -0.031     0.5642      6.876    106.629  73.681267     0.4608      6.768   250.0875 1.2363e-01    16.4376     20.690     30.009     9.5736   999.8771 0.0000e+00
     21.093     -0.045     0.5631      6.775    104.481  72.196533     0.4581      6.768   250.0619 1.2364e-01    16.3893     20.686     30.003     9.5654   999.8763 0.0000e+00
     21.084     -0.062     0.5610      6.702    105.642  73.018145     0.4424      6.768   250.0214 1.2360e-01    16.3976     20.679     29.992     9.5586   999.8779 0.0000e+00
     21.068     -0.082     0.5578      6.653    105.938  73.252365     0.3947      6.768   250.0277 1.2356e-01    16.2635     20.664     29.970     9.5526   999.8811 0.0000e+00
     21.042     -0.098     0.5493      6.633    103.976  71.912870     0.3388      6.767   250.0512 1.2355e-01    15.9690     20.638     29.932     9.5464   999.8782 0.0000e+00
     21.008     -0.107     0.5392      6.662    101.834  70.427612     0.3207      6.767   249.9626 1.2354e-01    15.8244     20.604     29.883     9.5437   999.8774 0.0000e+00
     20.972     -0.106     0.5345      6.728    100.839  69.725622     0.3277      6.767   249.9022 1.2352e-01    15.8198     20.567     29.829     9.5543   999.8777 0.0000e+00
     20.938     -0.096     0.5301      6.794    100.201  69.273437     0.3574      6.768   250.0096 1.2349e-01    15.7076     20.531     29.777     9.5739   999.8762 0.0000e+00
     20.911     -0.081     0.5272      6.839     99.763  68.964960     0.4024      6.769   250.0565 1.2353e-01    15.4629     20.502     29.736     9.5838   999.8741 0.0000e+00
     20.897     -0.069     0.5298      6.852     99.432  68.729164     0.4244      6.769   249.9529 1.2359e-01    15.2984     20.488     29.716     9.5797   999.8733 0.0000e+00
     20.893     -0.061     0.5374      6.870     99.143  68.520058     0.4318      6.769   249.8758 1.2363e-01    15.2295     20.489     29.717     9.5692   999.8742 0.0000e+00
     20.888     -0.060     0.5421      6.938     98.986  68.407132     0.4161      6.769   249.9847 1.2365e-01    14.7333     20.488     29.715     9.5634   999.8743 0.0000e+00
     20.875     -0.065     0.5471      7.036     99.037  68.444362     0.3683      6.770   250.1506 1.2363e-01    13.7963     20.475     29.696     9.5629   999.8742 0.0000e+00
     20.852     -0.070     0.5471      7.158     99.056  68.461706     0.3311      6.770   250.2469 1.2358e-01    13.2383     20.450     29.661     9.5596   999.8742 0.0000e+00
     20.824     -0.074     0.5456      7.345     98.817  68.299013     0.3093      6.771   250.2894 1.2357e-01    13.1708     20.420     29.618     9.5524   999.8746 0.0000e+00
     20.799     -0.074     0.5535      7.617     98.483  68.066334     0.3242      6.772   250.2339 1.2358e-01    13.4962     20.395     29.580     9.5502   999.8745 0.0000e+00
     20.781     -0.071     0.5612      7.954     98.208  67.873079     0.3867      6.774   250.2639 1.2357e-01    14.1506     20.377     29.555     9.5525   999.8743 0.0000e+00
     20.769     -0.069     0.5691      8.316     98.114  67.805668     0.4355      6.775   250.3943 1.2358e-01    14.5257     20.367     29.540     9.5549   999.8741 0.0000e+00
     20.759     -0.069     0.5834      8.674     98.232  67.886878     0.4570      6.775   250.4338 1.2357e-01    14.5979     20.359     29.528     9.5569   999.8738 0.0000e+00
     20.744     -0.074     0.6061      9.025     98.341  67.965124     0.4651      6.776   250.4833 1.2352e-01    14.9558     20.346     29.509     9.5555   999.8737 0.0000e+00
     20.723     -0.080     0.6340      9.364     98.275  67.925444     0.4578      6.776   250.6482 1.2357e-01    15.5917     20.326     29.480     9.5534   999.8736 0.0000e+00
     20.697     -0.085     0.6644      9.692     98.158  67.852051     0.4451      6.776   250.7935 1.2364e-01    15.9340     20.298     29.439     9.5521   999.8735 0.0000e+00
     20.670     -0.085     0.6920      9.992     98.040  67.776924     0.4444      6.776   250.7776 1.2359e-01    16.0049     20.269     29.396     9.5513   999.8736 0.0000e+00
     20.645     -0.081     0.7210     10.247     97.854  67.652704     0.4681      6.777   250.8004 1.2353e-01    16.1740     20.243     29.361     9.5528   999.8735 0.0000e+00
     20.625     -0.076     0.7474     10.483     97.712  67.557771     0.5031      6.777   250.9834 1.2353e-01    16.3990     20.224     29.333     9.5565   999.8730 0.0000e+00
     20.610     -0.072     0.7735     10.712     97.651  67.518948     0.5237      6.777   251.0970 1.2356e-01    16.4944     20.210     29.312     9.5602   999.8725 0.0000e+00
     20.598     -0.072     0.7995     10.927     97.619  67.501109     0.5168      6.779   251.0559 1.2362e-01    16.4697     20.201     29.299     9.5638   999.8722 0.0000e+00
     20.583     -0.075     0.8174     11.130     97.565  67.469209     0.5056      6.780   251.0023 1.2363e-01    16.4773     20.189     29.281     9.5664   999.8718 0.0000e+00
     20.563     -0.080     0.8365     11.300     97.435  67.387487     0.5311      6.780   251.0498 1.2361e-01    16.7922     20.166     29.249     9.5671   999.8716 0.0000e+00
     20.538     -0.084     0.8554     11.437     97.260  67.275748     0.5776      6.778   251.1153 1.2365e-01    17.3589     20.141     29.212     9.5688   999.8713 0.0000e+00
     20.513     -0.087     0.8716     11.608     97.230  67.262263     0.6002      6.778   251.1917 1.2368e-01    17.6642     20.115     29.174     9.5718   999.8709 0.0000e+00
     20.488     -0.088     0.8882     11.800     97.355  67.351553     0.6042      6.779   251.2842 1.2365e-01    17.6687     20.090     29.138     9.5739   999.8707 0.0000e+00
     20.466     -0.088     0.9037     11.963     97.335  67.338406     0.6261      6.780   251.2883 1.2357e-01    17.7219     20.069     29.107     9.5781   999.8701 0.0000e+00
     20.447     -0.087     0.9098     12.136     97.177  67.230426     0.6549      6.780   251.2409 1.2354e-01    17.8954     20.053     29.084     9.5840   999.8694 0.0000e+00
     20.427     -0.087     0.9244     12.336     97.115  67.190051     0.6569      6.779   251.1413 1.2358e-01    17.9808     20.034     29.058     9.5881   999.8691 0.0000e+00
     20.404     -0.086     0.9437     12.537     97.172  67.231597     0.6503      6.779   251.1164 1.2360e-01    18.0333     20.010     29.023     9.5887   999.8690 0.0000e+00
     20.379     -0.086     0.9527     12.756     97.159  67.224285     0.6515      6.779   251.1981 1.2362e-01    18.4962     19.984     28.985     9.5883   999.8689 0.0000e+00
     20.355     -0.086     0.9663     12.963     96.979  67.101640     0.6530      6.780   251.1825 1.2366e-01    19.2175     19.960     28.950     9.5895   999.8685 0.0000e+00
     20.334     -0.086     0.9846     13.115     96.767  66.956332     0.6486      6.781   251.1004 1.2366e-01    19.5786     19.941     28.921     9.5908   999.8683 0.0000e+00
     20.315     -0.086     0.9984     13.259     96.635  66.865669     0.6367      6.781   251.0657 1.2358e-01    19.6012     19.922     28.894     9.5920   999.8682 0.0000e+00
     20.295     -0.087     1.0167     13.381     96.582  66.831709     0.5952      6.781   251.1066 1.2357e-01    19.2159     19.903     28.867     9.5930   999.8680 0.0000e+00
     20.275     -0.089     1.0372     13.437     96.530  66.799949     0.5374      6.780   251.1651 1.2365e-01    18.4908     19.885     28.841     9.5938   999.8678 0.0000e+00
     20.251     -0.090     1.0444     13.475     96.435  66.735896     0.5198      6.780   251.0838 1.2362e-01    18.1126     19.861     28.807     9.5942   999.8676 0.0000e+00
     20.223     -0.088     1.0572     13.524     96.374  66.692830     0.5248      6.780   250.9847 1.2356e-01    18.0760     19.831     28.763     9.5945   999.8674 0.0000e+00
     20.196     -0.085     1.0702     13.576     96.330  66.660586     0.5403      6.779   251.0853 1.2362e-01    18.4948     19.804     28.724     9.5960   999.8671 0.0000e+00
     20.175     -0.081     1.0709     13.650     96.244  66.600266     0.5653      6.779   251.1817 1.2364e-01    19.3656     19.783     28.692     9.5984   999.8668 0.0000e+00
     20.158     -0.079     1.0735     13.747     96.149  66.535521     0.5693      6.779   251.2034 1.2358e-01    19.8500     19.767     28.669     9.5997   999.8665 0.0000e+00
     20.144     -0.079     1.0786     13.833     96.111  66.513332     0.5703      6.779   251.2618 1.2357e-01    19.8873     19.756     28.653     9.5989   999.8665 0.0000e+00
     20.128     -0.079     1.0814     13.925     96.114  66.522666     0.6158      6.780   251.2858 1.2357e-01    19.5763     19.742     28.633     9.5977   999.8666 0.0000e+00
     20.105     -0.079     1.0869     14.047     96.010  66.457711     0.6902      6.781   251.2348 1.2358e-01    18.9407     19.719     28.600     9.5970   999.8665 0.0000e+00
