Data/DataNotYetUploadedToEDI/Raw_CTD/RawDownloads/07292020_ccr30.cnv
* Sea-Bird SBE19plus  Data File:
* FileName = C:\DATA\07292020_ccr50_0003.hex
* Software version 2.8.0.119
* Temperature SN = 7809
* Conductivity SN = 7809
* System UpLoad Time = Jul 29 2020 17:31:42
* <ApplicationData>
* <Seaterm232>
# nquan = 16
# nvalues = 2269                        
# units = specified
# name 0 = depFM: Depth [fresh water, m]
# name 1 = dz/dtM: Descent Rate [m/s]
# name 2 = sbeox0ML/L: Oxygen, SBE 43 [ml/l]
# name 3 = sbeox0PS: Oxygen, SBE 43 [% saturation]
# name 4 = specc: Specific Conductance [uS/cm]
# name 5 = c0uS/cm: Conductivity [uS/cm]
# name 6 = flECO-AFL: Fluorescence, WET Labs ECO-AFL/FL [mg/m^3]
# name 7 = ph: pH
# name 8 = orp: Oxidation Reduction Potential [mV]
# name 9 = par/sat/log: PAR/Logarithmic, Satlantic
# name 10 = turbWETntu0: Turbidity, WET Labs ECO [NTU]
# name 11 = prdM: Pressure, Strain Gauge [db]
# name 12 = prdE: Pressure, Strain Gauge [psi]
# name 13 = tv290C: Temperature [ITS-90, deg C]
# name 14 = density00: Density [density, kg/m^3]
# name 15 = flag:  0.000e+00
# span 0 =     -0.460,     14.610       
# span 1 =     -0.279,      0.497       
# span 2 =     0.5217,     7.3803       
# span 3 =      6.820,    126.743       
# span 4 =      0.845,     92.849       
# span 5 =   1.014457,  64.988279       
# span 6 =    -2.0814,     2.7597       
# span 7 =      6.779,      7.450       
# span 8 = -1240.7455,   260.1378       
# span 9 = 1.2316e-01, 3.0715e+03       
# span 10 =    -1.7503,    12.3998      
# span 11 =     -0.452,     14.327      
# span 12 =     -0.656,     20.781      
# span 13 =     9.9608,    35.0673      
# span 14 =   994.0199,   999.8076      
# span 15 = 0.0000e+00, 0.0000e+00      
# interval = seconds: 0.25
# start_time = Jul 29 2020 00:14:02 [Instrument's time stamp, header]
# bad_flag = -9.990e-29
*END*
[from data line 1989]
      6.040     -0.109     1.0936     15.393     53.153  40.564263     1.0403      6.910   237.9035 7.1212e+01     3.7435      5.922      8.589    13.1035   999.4150 0.0000e+00
      6.014     -0.109     1.0942     15.575     52.935  40.397575     1.0477      6.909   237.3241 7.2678e+01     3.7749      5.896      8.552    13.1972   999.4030 0.0000e+00
      5.992     -0.110     1.1032     15.783     52.627  40.209253     1.0903      6.909   236.8265 7.4001e+01     3.8243      5.875      8.522    13.1856   999.4044 0.0000e+00
      5.969     -0.112     1.1188     15.996     52.325  40.064579     1.1173      6.910   236.5320 7.5603e+01     3.8249      5.855      8.493    13.1751   999.4055 0.0000e+00
      5.939     -0.114     1.1303     16.165     52.178  40.044846     1.1160      6.910   236.4309 7.7718e+01     3.7828      5.827      8.451    13.1523   999.4083 0.0000e+00
      5.904     -0.114     1.1440     16.259     52.172  40.097716     1.1691      6.909   236.4648 7.9970e+01     3.8303      5.789      8.396    13.1330   999.4106 0.0000e+00
      5.869     -0.114     1.1583     16.326     52.120  40.069175     1.2930      6.909   236.5123 8.1892e+01     3.9866      5.753      8.344    13.1861   999.4035 0.0000e+00
      5.840     -0.110     1.1730     16.422     51.974  39.953656     1.3649      6.909   236.6606 8.3432e+01     4.0932      5.725      8.303    13.2771   999.3914 0.0000e+00
      5.815     -0.103     1.1842     16.548     51.820  39.843484     1.3709      6.909   236.8808 8.4915e+01     4.0901      5.702      8.270    13.3844   999.3772 0.0000e+00
      5.791     -0.097     1.1876     16.709     51.595  39.689185     1.3646      6.908   237.0229 8.6429e+01     3.9822      5.678      8.236    13.4458   999.3691 0.0000e+00
      5.768     -0.093     1.1902     16.921     51.209  39.420973     1.3556      6.907   237.0024 8.7834e+01     3.8530      5.656      8.204    13.4389   999.3699 0.0000e+00
      5.748     -0.094     1.1988     17.179     50.854  39.202887     1.3586      6.907   236.7201 8.9219e+01     3.8327      5.637      8.176    13.4266   999.3714 0.0000e+00
      5.726     -0.098     1.2074     17.469     50.750  39.210385     1.3616      6.908   236.2765 9.0831e+01     3.8399      5.616      8.146    13.4373   999.3698 0.0000e+00
      5.701     -0.103     1.2177     17.772     50.797  39.321329     1.3062      6.908   236.0266 9.2769e+01     3.8376      5.592      8.111    13.4572   999.3670 0.0000e+00
      5.673     -0.107     1.2331     18.068     50.797  39.338460     1.2139      6.909   236.1083 9.5041e+01     3.9073      5.565      8.072    13.4812   999.3635 0.0000e+00
      5.641     -0.111     1.2508     18.353     50.596  39.163651     1.1804      6.910   236.3178 9.7414e+01     3.9965      5.533      8.025    13.5214   999.3579 0.0000e+00
      5.610     -0.112     1.2697     18.619     50.274  38.921380     1.1862      6.911   236.4946 9.9504e+01     4.0570      5.499      7.977    13.6306   999.3431 0.0000e+00
      5.582     -0.111     1.2895     18.892     50.053  38.821033     1.1797      6.911   236.6108 1.0149e+02     4.0557      5.473      7.939    13.7312   999.3294 0.0000e+00
      5.556     -0.108     1.3107     19.231     49.872  38.775548     1.1962      6.910   236.6046 1.0366e+02     3.9472      5.450      7.904    13.7309   999.3294 0.0000e+00
      5.529     -0.106     1.3328     19.613     49.603  38.625410     1.2533      6.909   236.3341 1.0577e+02     3.8087      5.421      7.863    13.6903   999.3347 0.0000e+00
      5.503     -0.106     1.3531     19.993     49.354  38.465564     1.2976      6.909   235.9208 1.0765e+02     3.7889      5.395      7.825    13.6729   999.3367 0.0000e+00
      5.477     -0.106     1.3664     20.398     49.163  38.366134     1.3120      6.908   235.6515 1.0965e+02     3.8451      5.372      7.792    13.7651   999.3241 0.0000e+00
      5.450     -0.107     1.3885     20.857     48.926  38.248337     1.3223      6.907   235.4869 1.1207e+02     3.8356      5.346      7.754    13.8966   999.3059 0.0000e+00
      5.420     -0.108     1.4172     21.372     48.682  38.120308     1.3368      6.907   235.3933 1.1461e+02     3.7779      5.316      7.710    13.9418   999.2995 0.0000e+00
      5.392     -0.108     1.4419     21.947     48.490  38.024089     1.3534      6.907   235.4661 1.1699e+02     3.7307      5.287      7.669    13.9556   999.2973 0.0000e+00
      5.365     -0.108     1.4691     22.555     48.340  37.973544     1.3704      6.907   235.5924 1.1929e+02     3.7449      5.262      7.632    14.0065   999.2901 0.0000e+00
      5.338     -0.109     1.4998     23.144     48.175  37.953520     1.3623      6.907   235.7164 1.2160e+02     3.7441      5.235      7.592    14.0904   999.2782 0.0000e+00
      5.311     -0.109     1.5341     23.706     48.030  37.972503     1.3217      6.907   235.9324 1.2401e+02     3.6176      5.208      7.553    14.1547   999.2690 0.0000e+00
      5.284     -0.109     1.5743     24.255     48.072  38.076301     1.2987      6.906   236.0537 1.2672e+02     3.5206      5.183      7.517    14.2007   999.2622 0.0000e+00
      5.256     -0.108     1.6183     24.813     48.171  38.129697     1.3132      6.907   235.9777 1.2969e+02     3.5326      5.155      7.476    14.2581   999.2540 0.0000e+00
      5.226     -0.107     1.6560     25.375     48.022  37.983410     1.4107      6.907   236.1325 1.3251e+02     3.4534      5.125      7.433    14.3664   999.2383 0.0000e+00
      5.198     -0.105     1.6891     25.905     47.702  37.767240     1.5712      6.906   236.6346 1.3507e+02     3.2507      5.097      7.392    14.5549   999.2109 0.0000e+00
      5.172     -0.103     1.7238     26.408     47.467  37.673865     1.6422      6.905   236.9734 1.3754e+02     3.1077      5.071      7.355    14.6555   999.1962 0.0000e+00
      5.147     -0.101     1.7662     26.911     47.387  37.743046     1.6307      6.904   236.9591 1.3988e+02     3.0967      5.047      7.321    14.5665   999.2092 0.0000e+00
      5.123     -0.099     1.8111     27.413     47.447  37.905752     1.6421      6.903   236.9768 1.4224e+02     3.1512      5.024      7.286    14.5096   999.2172 0.0000e+00
      5.098     -0.098     1.8453     27.885     47.512  37.991186     1.6847      6.904   237.1023 1.4498e+02     3.1842      5.001      7.253    14.5708   999.2081 0.0000e+00
      5.072     -0.099     1.8770     28.313     47.480  37.951003     1.7159      6.904   237.0133 1.4790e+02     3.1519      4.975      7.216    14.6581   999.1951 0.0000e+00
      5.047     -0.101     1.9056     28.712     47.434  37.927601     1.7147      6.902   236.8480 1.5055e+02     3.0689      4.949      7.178    14.8231   999.1706 0.0000e+00
      5.023     -0.105     1.9354     29.116     47.244  37.835178     1.6798      6.901   236.5662 1.5316e+02     3.0389      4.926      7.144    14.9873   999.1461 0.0000e+00
      4.998     -0.110     1.9688     29.561     46.714  37.531705     1.6274      6.902   236.0149 1.5626e+02     3.0994      4.903      7.111    15.0004   999.1439 0.0000e+00
      4.970     -0.114     2.0006     30.020     46.053  37.241308     1.5966      6.904   235.9466 1.5981e+02     3.1484      4.875      7.070    14.9372   999.1532 0.0000e+00
      4.939     -0.118     2.0281     30.475     45.558  37.180190     1.5839      6.906   236.3428 1.6361e+02     3.1162      4.843      7.025    14.9600   999.1497 0.0000e+00
      4.905     -0.120     2.0506     31.004     45.264  37.237408     1.5792      6.906   236.3311 1.6774e+02     3.0533      4.811      6.978    15.0293   999.1391 0.0000e+00
      4.871     -0.120     2.0805     31.667     45.137  37.298865     1.6642      6.906   235.9776 1.7179e+02     3.0062      4.775      6.927    15.1126   999.1261 0.0000e+00
      4.841     -0.119     2.1019     32.526     45.117  37.352286     1.8292      6.906   235.7678 1.7529e+02     2.9582      4.745      6.883    15.3782   999.0849 0.0000e+00
      4.814     -0.118     2.1104     33.775     45.117  37.375696     1.9143      6.906   235.7732 1.7886e+02     2.9187      4.722      6.847    15.8276   999.0136 0.0000e+00
      4.785     -0.117     2.1282     35.550     45.137  37.391547     1.9206      6.906   235.7855 1.8274e+02     2.8727      4.693      6.807    16.1995   998.9531 0.0000e+00
      4.755     -0.117     2.1681     37.741     45.180  37.417011     1.9824      6.906   236.0020 1.8659e+02     2.8138      4.663      6.762    16.3453   998.9288 0.0000e+00
      4.725     -0.118     2.2178     40.157     45.223  37.429714     2.1082      6.907   236.4127 1.9059e+02     2.8243      4.633      6.719    16.4051   998.9187 0.0000e+00
      4.694     -0.120     2.2960     42.534     45.244  37.418181     2.1819      6.908   236.4483 1.9496e+02     2.8968      4.604      6.678    16.4294   998.9144 0.0000e+00
      4.663     -0.120     2.4247     44.619     45.217  37.404456     2.1779      6.910   236.3463 1.9953e+02     2.9007      4.573      6.632    16.4137   998.9170 0.0000e+00
      4.631     -0.119     2.5772     46.285     45.109  37.390705     2.1458      6.910   236.3849 2.0415e+02     2.8023      4.541      6.586    16.4115   998.9172 0.0000e+00
      4.601     -0.118     2.7515     47.437     44.934  37.378930     2.1085      6.910   236.1404 2.0861e+02     2.7034      4.512      6.544    16.3876   998.9211 0.0000e+00
      4.571     -0.118     2.9250     48.010     44.724  37.389187     2.0988      6.911   235.6274 2.1271e+02     2.7008      4.483      6.500    16.3336   998.9300 0.0000e+00
      4.543     -0.118     3.0701     48.158     44.493  37.388017     2.1143      6.913   235.4295 2.1679e+02     2.7363      4.455      6.461    16.3227   998.9316 0.0000e+00
      4.514     -0.118     3.1795     48.210     44.305  37.365036     2.1523      6.915   235.6412 2.2149e+02     2.7198      4.428      6.423    16.4263   998.9142 0.0000e+00
      4.483     -0.118     3.2524     48.422     44.205  37.365347     2.2053      6.915   235.6918 2.2650e+02     2.6738      4.397      6.377    16.5641   998.8908 0.0000e+00
      4.451     -0.119     3.2728     48.940     44.112  37.391881     2.2317      6.915   235.6111 2.3117e+02     2.6608      4.364      6.330    16.7865   998.8527 0.0000e+00
      4.421     -0.119     3.2539     49.818     43.991  37.432135     2.2419      6.915   235.6974 2.3580e+02     2.6988      4.335      6.288    17.0475   998.8075 0.0000e+00
      4.391     -0.119     3.2432     51.051     43.909  37.471463     2.2626      6.916   235.8751 2.4061e+02     2.6533      4.307      6.246    17.1911   998.7822 0.0000e+00
      4.361     -0.118     3.2495     52.618     43.861  37.486752     2.2905      6.916   236.2980 2.4544e+02     2.4878      4.277      6.204    17.2485   998.7719 0.0000e+00
      4.330     -0.117     3.2769     54.465     43.817  37.490132     2.3119      6.915   236.7669 2.5021e+02     2.4489      4.246      6.159    17.3438   998.7548 0.0000e+00
      4.299     -0.119     3.3210     56.528     43.815  37.512386     2.3110      6.915   236.8117 2.5471e+02     2.5611      4.215      6.114    17.5690   998.7143 0.0000e+00
      4.271     -0.123     3.3946     58.688     43.950  37.628922     2.2987      6.916   236.6673 2.5899e+02     2.5745      4.188      6.074    17.6919   998.6920 0.0000e+00
      4.243     -0.127     3.4982     60.725     44.089  37.820263     2.3266      6.918   236.6560 2.6387e+02     2.4394      4.163      6.038    17.7290   998.6851 0.0000e+00
      4.211     -0.128     3.6191     62.483     43.919  37.922023     2.3904      6.918   236.5890 2.6967e+02     2.2663      4.133      5.994    17.7771   998.6763 0.0000e+00
      4.173     -0.128     3.7539     64.011     43.520  37.907658     2.4219      6.919   236.3729 2.7562e+02     2.1633      4.093      5.937    17.8274   998.6668 0.0000e+00
      4.135     -0.126     3.9074     65.441     43.222  37.900879     2.4297      6.920   236.2805 2.8093e+02     2.1555      4.053      5.880    17.7891   998.6737 0.0000e+00
      4.102     -0.123     4.0486     66.829     43.097  37.903862     2.4950      6.919   236.4185 2.8586e+02     2.0696      4.021      5.832    17.7769   998.6760 0.0000e+00
      4.074     -0.119     4.1329     68.299     43.098  37.880412     2.6006      6.917   236.5788 2.9081e+02     1.8796      3.994      5.792    18.1365   998.6093 0.0000e+00
      4.048     -0.117     4.1895     70.097     43.278  37.934621     2.6388      6.915   236.4979 2.9508e+02     1.7459      3.969      5.757    18.5975   998.5221 0.0000e+00
      4.023     -0.118     4.2571     72.260     43.537  38.114891     2.6237      6.915   236.3010 2.9963e+02     1.6894      3.946      5.724    18.8972   998.4640 0.0000e+00
      3.995     -0.123     4.3349     74.551     43.654  38.346411     2.5694      6.915   236.3486 3.0596e+02     1.7114      3.918      5.683    19.0300   998.4380 0.0000e+00
      3.962     -0.127     4.4248     76.761     43.605  38.576253     2.4685      6.916   236.4710 3.1383e+02     1.7714      3.886      5.637    18.9834   998.4469 0.0000e+00
      3.924     -0.131     4.5568     78.705     43.434  38.736395     2.3965      6.917   236.5770 3.2226e+02     1.7626      3.849      5.582    18.8029   998.4820 0.0000e+00
      3.886     -0.132     4.7191     80.243     43.138  38.759893     2.3665      6.918   236.8557 3.2937e+02     1.7080      3.808      5.523    18.6745   998.5067 0.0000e+00
      3.851     -0.130     4.8548     81.569     42.813  38.670351     2.3062      6.919   237.1734 3.3579e+02     1.6612      3.776      5.476    18.8529   998.4720 0.0000e+00
      3.821     -0.125     4.9640     83.074     42.661  38.606035     2.2012      6.920   237.7517 3.4281e+02     1.6088      3.747      5.436    19.2260   998.3987 0.0000e+00
      3.791     -0.120     5.0597     84.969     42.746  38.680472     2.1365      6.920   238.3412 3.4922e+02     1.5552      3.717      5.392    19.5927   998.3253 0.0000e+00
      3.761     -0.117     5.1152     87.224     42.801  38.745283     2.1155      6.918   238.2781 3.5432e+02     1.4937      3.688      5.349    19.9525   998.2517 0.0000e+00
      3.732     -0.118     5.1598     89.669     42.796  38.755022     2.0525      6.916   237.8482 3.5815e+02     1.4486      3.660      5.309    20.2274   998.1945 0.0000e+00
      3.705     -0.121     5.2457     92.054     43.071  38.988644     1.9565      6.914   237.5319 3.6068e+02     1.4566      3.633      5.270    20.2815   998.1829 0.0000e+00
      3.677     -0.125     5.3737     94.031     43.472  39.412039     1.9185      6.914   237.3790 3.6337e+02     1.5216      3.608      5.233    20.2101   998.1978 0.0000e+00
      3.643     -0.130     5.5169     95.451     43.535  39.685407     1.9255      6.914   237.1175 3.6708e+02     1.5818      3.575      5.185    20.2540   998.1885 0.0000e+00
      3.606     -0.134     5.6685     96.428     43.379  39.818929     1.9179      6.914   237.0380 3.7071e+02     1.5322      3.535      5.128    20.3121   998.1761 0.0000e+00
      3.568     -0.137     5.8402     96.981     43.282  39.947839     1.8931      6.913   237.3637 3.7388e+02     1.4021      3.499      5.075    20.2244   998.1944 0.0000e+00
      3.533     -0.138     5.9695     97.226     43.292  40.101871     1.8642      6.913   237.7001 3.7704e+02     1.3132      3.465      5.025    20.2314   998.1930 0.0000e+00
      3.498     -0.137     6.0128     97.524     43.440  40.348623     1.8541      6.914   237.6637 3.7935e+02     1.2822      3.430      4.975    20.5532   998.1251 0.0000e+00
      3.464     -0.136     6.0323     98.119     43.558  40.582989     1.8466      6.916   237.3545 3.8110e+02     1.2330      3.396      4.927    20.9322   998.0438 0.0000e+00
      3.431     -0.135     6.0380     99.093     43.546  40.714220     1.7839      6.918   237.3172 3.8440e+02     1.1300      3.365      4.880    21.1722   997.9915 0.0000e+00
