Data/DataNotYetUploadedToEDI/Raw_CTD/RawDownloads/07292020_ccr30.cnv
* Sea-Bird SBE19plus  Data File:
* FileName = C:\DATA\07292020_ccr50_0003.hex
* Software version 2.8.0.119
* Temperature SN = 7809
* Conductivity SN = 7809
* System UpLoad Time = Jul 29 2020 17:31:42
* <ApplicationData>
* <Seaterm232>
# nquan = 16
# nvalues = 2269                        
# units = specified
# name 0 = depFM: Depth [fresh water, m]
# name 1 = dz/dtM: Descent Rate [m/s]
# name 2 = sbeox0ML/L: Oxygen, SBE 43 [ml/l]
# name 3 = sbeox0PS: Oxygen, SBE 43 [% saturation]
# name 4 = specc: Specific Conductance [uS/cm]
# name 5 = c0uS/cm: Conductivity [uS/cm]
# name 6 = flECO-AFL: Fluorescence, WET Labs ECO-AFL/FL [mg/m^3]
# name 7 = ph: pH
# name 8 = orp: Oxidation Reduction Potential [mV]
# name 9 = par/sat/log: PAR/Logarithmic, Satlantic
# name 10 = turbWETntu0: Turbidity, WET Labs ECO [NTU]
# name 11 = prdM: Pressure, Strain Gauge [db]
# name 12 = prdE: Pressure, Strain Gauge [psi]
# name 13 = tv290C: Temperature [ITS-90, deg C]
# name 14 = density00: Density [density, kg/m^3]
# name 15 = flag:  0.000e+00
# span 0 =     -0.460,     14.610       
# span 1 =     -0.279,      0.497       
# span 2 =     0.5217,     7.3803       
# span 3 =      6.820,    126.743       
# span 4 =      0.845,     92.849       
# span 5 =   1.014457,  64.988279       
# span 6 =    -2.0814,     2.7597       
# span 7 =      6.779,      7.450       
# span 8 = -1240.7455,   260.1378       
# span 9 = 1.2316e-01, 3.0715e+03       
# span 10 =    -1.7503,    12.3998      
# span 11 =     -0.452,     14.327      
# span 12 =     -0.656,     20.781      
# span 13 =     9.9608,    35.0673      
# span 14 =   994.0199,   999.8076      
# span 15 = 0.0000e+00, 0.0000e+00      
# interval = seconds: 0.25
# start_time = Jul 29 2020 00:14:02 [Instrument's time stamp, header]
# bad_flag = -9.990e-29
*END*
[from data line 1085]
      1.752      0.110     5.0977     94.872     52.014  56.675616     0.2564      7.070   222.1813 3.2389e+02     0.7050      1.718      2.492    29.5389   995.8188 0.0000e+00
      1.781      0.107     5.0948     94.750     52.026  56.672462     0.2616      7.070   222.2455 3.1619e+02     0.8181      1.745      2.530    29.5193   995.8248 0.0000e+00
      1.811      0.102     5.0893     94.814     52.038  56.675164     0.2510      7.070   222.2866 3.0807e+02     0.8131      1.775      2.576    29.5062   995.8288 0.0000e+00
      1.841      0.097     5.0765     94.962     52.018  56.644744     0.2335      7.070   222.7646 3.0058e+02     0.7476      1.810      2.625    29.4927   995.8330 0.0000e+00
      1.864      0.092     5.0595     95.102     52.005  56.622250     0.2311      7.070   223.5511 2.9583e+02     0.7473      1.830      2.654    29.4739   995.8387 0.0000e+00
      1.882      0.088     5.0537     95.257     51.987  56.593749     0.2413      7.069   223.8797 2.9241e+02     0.8108      1.845      2.677    29.4567   995.8439 0.0000e+00
      1.901      0.086     5.0609     95.509     51.962  56.554199     0.2608      7.068   223.8991 2.8861e+02     0.8626      1.863      2.701    29.4476   995.8466 0.0000e+00
      1.922      0.087     5.0716     95.857     51.947  56.525167     0.2765      7.067   223.7860 2.8505e+02     0.8591      1.883      2.731    29.4414   995.8486 0.0000e+00
      1.945      0.091     5.0790     96.171     51.934  56.496791     0.2684      7.066   223.3721 2.8228e+02     0.8364      1.909      2.767    29.4334   995.8510 0.0000e+00
      1.969      0.096     5.0856     96.351     51.919  56.465165     0.2486      7.066   223.1968 2.7929e+02     0.8283      1.929      2.799    29.4242   995.8538 0.0000e+00
      1.994      0.100     5.0998     96.418     51.869  56.396833     0.2475      7.065   223.3015 2.7575e+02     0.8298      1.954      2.835    29.4128   995.8574 0.0000e+00
      2.022      0.104     5.1232     96.428     51.798  56.305786     0.2749      7.065   223.3476 2.7240e+02     0.7518      1.984      2.877    29.3994   995.8615 0.0000e+00
      2.050      0.107     5.1435     96.423     51.763  56.253586     0.3122      7.064   223.5823 2.6879e+02     0.6060      2.011      2.916    29.3856   995.8656 0.0000e+00
      2.076      0.108     5.1533     96.451     51.737  56.210301     0.3268      7.064   223.9884 2.6476e+02     0.5431      2.035      2.951    29.3709   995.8702 0.0000e+00
      2.103      0.105     5.1568     96.477     51.710  56.163530     0.3175      7.065   223.9559 2.6018e+02     0.5402      2.062      2.991    29.3575   995.8742 0.0000e+00
      2.133      0.100     5.1583     96.411     51.698  56.132697     0.3131      7.066   223.3600 2.5525e+02     0.5712      2.092      3.034    29.3452   995.8779 0.0000e+00
      2.161      0.095     5.1575     96.251     51.675  56.091558     0.3225      7.067   222.8922 2.5082e+02     0.6082      2.120      3.075    29.3310   995.8823 0.0000e+00
      2.185      0.091     5.1608     96.069     51.645  56.047219     0.3360      7.068   222.7746 2.4692e+02     0.6109      2.146      3.112    29.3166   995.8867 0.0000e+00
      2.203      0.089     5.1669     95.923     51.594  55.977690     0.3335      7.068   222.9701 2.4295e+02     0.5693      2.162      3.135    29.3009   995.8914 0.0000e+00
      2.220      0.089     5.1646     95.817     51.525  55.886061     0.3109      7.068   223.1920 2.3859e+02     0.5168      2.175      3.155    29.2812   995.8973 0.0000e+00
      2.240      0.090     5.1557     95.752     51.491  55.828585     0.3012      7.069   223.1331 2.3364e+02     0.5261      2.195      3.184    29.2650   995.9021 0.0000e+00
      2.266      0.091     5.1455     95.776     51.476  55.790872     0.3111      7.069   223.1190 2.2835e+02     0.5438      2.222      3.222    29.2552   995.9051 0.0000e+00
      2.295      0.092     5.1390     95.901     51.452  55.747631     0.3255      7.068   223.2796 2.2371e+02     0.5600      2.252      3.267    29.2437   995.9086 0.0000e+00
      2.321      0.091     5.1352     96.059     51.408  55.686848     0.3326      7.067   223.7845 2.1984e+02     0.5849      2.276      3.303    29.2273   995.9135 0.0000e+00
      2.343      0.088     5.1321     96.184     51.364  55.627593     0.3113      7.068   224.2336 2.1615e+02     0.5692      2.298      3.332    29.2049   995.9202 0.0000e+00
      2.364      0.084     5.1350     96.268     51.351  55.602834     0.2678      7.069   224.0633 2.1290e+02     0.5414      2.321      3.366    29.1817   995.9271 0.0000e+00
      2.382      0.083     5.1451     96.343     51.340  55.578031     0.2462      7.069   223.7900 2.1047e+02     0.5580      2.337      3.389    29.1652   995.9321 0.0000e+00
      2.401      0.085     5.1562     96.433     51.298  55.518240     0.2601      7.068   223.7690 2.0827e+02     0.5987      2.353      3.413    29.1535   995.9356 0.0000e+00
      2.421      0.090     5.1633     96.479     51.249  55.451544     0.2736      7.068   223.7229 2.0576e+02     0.6214      2.373      3.442    29.1440   995.9385 0.0000e+00
      2.445      0.096     5.1686     96.432     51.221  55.406773     0.2656      7.067   223.7493 2.0306e+02     0.5929      2.396      3.476    29.1338   995.9416 0.0000e+00
      2.473      0.103     5.1722     96.363     51.192  55.357994     0.2492      7.066   224.0028 2.0066e+02     0.5289      2.425      3.518    29.1207   995.9455 0.0000e+00
      2.501      0.108     5.1801     96.313     51.162  55.306361     0.2475      7.065   223.9482 1.9873e+02     0.4992      2.454      3.559    29.1060   995.9500 0.0000e+00
      2.529      0.109     5.1862     96.250     51.164  55.290584     0.2549      7.064   223.6912 1.9687e+02     0.5429      2.479      3.596    29.0934   995.9538 0.0000e+00
      2.559      0.107     5.1815     96.186     51.180  55.294245     0.2529      7.063   223.9931 1.9519e+02     0.6116      2.509      3.639    29.0808   995.9576 0.0000e+00
      2.589      0.103     5.1786     96.118     51.181  55.287082     0.2417      7.063   224.4149 1.9419e+02     0.6090      2.541      3.685    29.0625   995.9632 0.0000e+00
      2.615      0.098     5.1798     96.025     51.169  55.267481     0.2338      7.064   224.1450 1.9353e+02     0.5450      2.565      3.721    29.0424   995.9691 0.0000e+00
      2.638      0.093     5.1767     95.925     51.158  55.247789     0.2238      7.065   223.7405 1.9281e+02     0.4904      2.586      3.750    29.0246   995.9744 0.0000e+00
      2.661      0.088     5.1745     95.821     51.158  55.239530     0.2073      7.065   223.7410 1.9256e+02     0.4979      2.610      3.785    29.0109   995.9786 0.0000e+00
      2.682      0.086     5.1731     95.716     51.156  55.231122     0.2058      7.065   223.8063 1.9294e+02     0.5671      2.632      3.817    29.0030   995.9810 0.0000e+00
      2.700      0.086     5.1668     95.613     51.142  55.209642     0.2049      7.065   223.8412 1.9335e+02     0.6063      2.647      3.839    28.9982   995.9825 0.0000e+00
      2.719      0.087     5.1629     95.494     51.114  55.170357     0.1778      7.065   224.0768 1.9373e+02     0.5603      2.665      3.865    28.9909   995.9847 0.0000e+00
      2.742      0.089     5.1577     95.348     51.092  55.137218     0.1355      7.065   224.5908 1.9394e+02     0.4913      2.689      3.899    28.9816   995.9875 0.0000e+00
      2.768      0.089     5.1524     95.200     51.091  55.126533     0.1131      7.065   224.8933 1.9375e+02     0.4924      2.713      3.937    28.9753   995.9894 0.0000e+00
      2.794      0.088     5.1478     95.079     51.078  55.104657     0.1261      7.066   224.5505 1.9363e+02     0.5735      2.741      3.976    28.9705   995.9910 0.0000e+00
      2.817      0.086     5.1426     94.963     51.048  55.063257     0.1405      7.066   223.8872 1.9374e+02     0.6144      2.765      4.010    28.9623   995.9935 0.0000e+00
      2.837      0.084     5.1352     94.814     50.949  54.943540     0.1441      7.066   223.4991 1.9361e+02     0.5402      2.782      4.034    28.9512   995.9967 0.0000e+00
      2.856      0.083     5.1268     94.642     50.608  54.546375     0.1611      7.067   223.4712 1.9316e+02     0.4665      2.800      4.061    28.9414   995.9998 0.0000e+00
      2.875      0.086     5.1222     94.517     49.932  53.754460     0.1828      7.068   223.5509 1.9267e+02     0.5121      2.821      4.092    28.9338   996.0020 0.0000e+00
      2.894      0.091     5.1169     94.485     48.970  52.608983     0.1971      7.068   223.7739 1.9194e+02     0.6106      2.836      4.115    28.9284   996.0036 0.0000e+00
      2.917      0.099     5.1105     94.528     48.020  51.429571     0.2004      7.067   224.0161 1.9084e+02     0.6961      2.858      4.145    28.9153   996.0076 0.0000e+00
      2.945      0.106     5.1008     94.600     47.305  50.480838     0.1939      7.066   224.1563 1.9008e+02     0.7568      2.889      4.189    28.8957   996.0134 0.0000e+00
      2.976      0.113     5.0983     94.786     46.705  49.647211     0.1944      7.066   224.3505 1.8963e+02     0.7605      2.918      4.233    28.8384   996.0300 0.0000e+00
      3.007      0.118     5.1073     95.445     46.267  48.970076     0.1979      7.066   224.4710 1.8924e+02     0.7758      2.949      4.278    28.7261   996.0625 0.0000e+00
      3.038      0.119     5.1260     97.021     45.981  48.452747     0.2264      7.066   224.4094 1.8967e+02     0.7699      2.980      4.322    28.5546   996.1120 0.0000e+00
      3.069      0.115     5.1494     99.736     45.763  48.027157     0.2914      7.066   224.2072 1.9108e+02     0.6886      3.010      4.365    28.3433   996.1729 0.0000e+00
      3.100      0.110     5.1681    103.414     45.622  47.697243     0.3259      7.067   224.2641 1.9327e+02     0.6172      3.040      4.409    28.1548   996.2267 0.0000e+00
      3.130      0.106     5.2163    107.589     45.417  47.320763     0.3288      7.067   224.5815 1.9686e+02     0.5941      3.071      4.454    27.9168   996.2944 0.0000e+00
      3.155      0.101     5.3210    111.798     45.219  46.967029     0.4492      7.066   224.5168 2.0210e+02     0.6487      3.096      4.491    27.6655   996.3654 0.0000e+00
      3.175      0.096     5.4941    115.753     45.176  46.785142     0.6757      7.066   224.4281 2.0799e+02     0.7622      3.111      4.513    27.4654   996.4214 0.0000e+00
      3.199      0.092     5.7295    119.235     45.151  46.645176     0.7881      7.066   224.7135 2.1434e+02     0.8337      3.134      4.545    27.2582   996.4792 0.0000e+00
      3.225      0.091     5.9892    121.961     45.015  46.417365     0.7876      7.065   225.1282 2.2193e+02     0.8272      3.165      4.591    27.0824   996.5278 0.0000e+00
      3.248      0.093     6.2469    123.895     44.808  46.125736     0.8321      7.064   225.2267 2.2963e+02     0.7853      3.185      4.620    26.9262   996.5708 0.0000e+00
      3.268      0.097     6.4875    125.254     44.626  45.849048     0.9355      7.063   224.8719 2.3662e+02     0.8092      3.204      4.647    26.7655   996.6149 0.0000e+00
      3.291      0.099     6.7076    126.156     44.552  45.674863     1.0072      7.062   225.0537 2.4363e+02     0.8755      3.226      4.678    26.6354   996.6504 0.0000e+00
      3.318      0.100     6.8725    126.632     44.512  45.543241     1.0225      7.061   225.6186 2.5077e+02     0.8664      3.252      4.715    26.5455   996.6749 0.0000e+00
      3.348      0.100     6.9823    126.743     44.458  45.400251     1.0151      7.061   225.5069 2.5852e+02     0.8013      3.284      4.763    26.4715   996.6950 0.0000e+00
      3.375      0.097     7.0713    126.638     44.425  45.279082     1.0038      7.061   225.5109 2.6611e+02     0.7410      3.310      4.800    26.3717   996.7219 0.0000e+00
      3.401      0.094     7.1374    126.495     44.319  45.093842     1.0009      7.061   226.2689 2.7320e+02     0.7554      3.335      4.837    26.2453   996.7560 0.0000e+00
      3.425      0.093     7.1766    126.457     44.116  44.811055     1.0080      7.059   226.9277 2.8261e+02     0.8373      3.363      4.879    26.1506   996.7814 0.0000e+00
      3.442      0.094     7.1906    126.559     43.871  44.462714     1.0132      7.058   227.1101 2.9294e+02     0.8735      3.374      4.894    26.0607   996.8053 0.0000e+00
      3.459      0.101     7.1965    126.681     43.598  44.056153     1.0161      7.057   227.2698 3.0038e+02     0.8152      3.388      4.913    25.9437   996.8366 0.0000e+00
      3.486      0.111     7.1956    126.712     43.348  43.640682     1.0338      7.055   227.3954 3.0604e+02     0.7512      3.418      4.957    25.8664   996.8571 0.0000e+00
      3.517      0.123     7.2008    126.616     43.213  43.311450     1.0552      7.054   227.2522 3.1042e+02     0.7856      3.448      5.002    25.7941   996.8762 0.0000e+00
      3.550      0.132     7.2262    126.404     43.289  43.185719     1.0652      7.054   227.2597 3.1110e+02     0.8541      3.479      5.046    25.6788   996.9067 0.0000e+00
      3.590      0.136     7.2548    126.133     43.405  43.135865     1.0872      7.054   227.5712 3.0800e+02     0.8575      3.519      5.103    25.5323   996.9452 0.0000e+00
      3.633      0.136     7.2816    125.839     43.281  42.898865     1.1221      7.053   227.9219 3.0396e+02     0.8266      3.567      5.173    25.3456   996.9940 0.0000e+00
      3.669      0.132     7.3073    125.534     43.094  42.605261     1.1341      7.053   228.2303 3.0042e+02     0.7892      3.602      5.225    25.1152   997.0536 0.0000e+00
      3.697      0.127     7.3276    125.231     43.067  42.442334     1.1367      7.053   228.3744 2.9512e+02     0.7838      3.625      5.257    24.8599   997.1191 0.0000e+00
      3.726      0.122     7.3392    124.883     42.970  42.198291     1.1829      7.052   228.6324 2.8713e+02     0.8979      3.653      5.298    24.6515   997.1723 0.0000e+00
      3.755      0.121     7.3364    124.488     42.680  41.749088     1.2538      7.050   228.8546 2.7886e+02     1.0707      3.685      5.344    24.5511   997.1977 0.0000e+00
      3.783      0.121     7.3305    124.100     42.470  41.327207     1.2788      7.050   228.3936 2.7042e+02     1.1227      3.709      5.380    24.4501   997.2231 0.0000e+00
      3.814      0.121     7.3399    123.656     42.490  41.096002     1.2745      7.050   227.7900 2.6018e+02     1.0802      3.736      5.418    24.2690   997.2685 0.0000e+00
      3.851      0.117     7.3436    123.025     42.610  40.984416     1.3545      7.049   227.7516 2.4896e+02     1.1405      3.776      5.477    24.0955   997.3118 0.0000e+00
      3.888      0.111     7.3396    122.193     42.665  40.866334     1.5124      7.049   228.2731 2.3924e+02     1.2675      3.817      5.537    23.9328   997.3521 0.0000e+00
      3.915      0.104     7.3549    121.274     42.612  40.683619     1.6002      7.048   228.9334 2.3154e+02     1.3107      3.841      5.570    23.6710   997.4161 0.0000e+00
      3.935      0.096     7.3783    120.319     42.604  40.552277     1.6054      7.047   229.2820 2.2444e+02     1.2855      3.859      5.597    23.3380   997.4967 0.0000e+00
      3.956      0.089     7.3803    119.308     42.723  40.547574     1.6132      7.047   229.2183 2.1767e+02     1.3061      3.880      5.627    23.0602   997.5632 0.0000e+00
      3.976      0.086     7.3526    118.244     42.760  40.499643     1.6467      7.047   229.0241 2.1120e+02     1.3890      3.899      5.656    22.8685   997.6087 0.0000e+00
      3.996      0.089     7.3155    117.164     42.660  40.353451     1.6781      7.046   228.9994 2.0533e+02     1.4295      3.920      5.685    22.7324   997.6407 0.0000e+00
      4.017      0.096     7.2795    116.177     42.595  40.239766     1.6869      7.044   229.0913 1.9988e+02     1.4177      3.939      5.712    22.5900   997.6739 0.0000e+00
