Data/DataNotYetUploadedToEDI/Raw_CTD/RawDownloads/07292020_ccr20.cnv
* Sea-Bird SBE19plus  Data File:
* FileName = C:\DATA\07292020_ccr50_0004.hex
* Software version 2.8.0.119
* Temperature SN = 7809
* Conductivity SN = 7809
* System UpLoad Time = Jul 29 2020 17:32:16
* <ApplicationData>
* <Seaterm232>
# nquan = 16
# nvalues = 1281                        
# units = specified
# name 0 = depFM: Depth [fresh water, m]
# name 1 = dz/dtM: Descent Rate [m/s]
# name 2 = sbeox0ML/L: Oxygen, SBE 43 [ml/l]
# name 3 = sbeox0PS: Oxygen, SBE 43 [% saturation]
# name 4 = specc: Specific Conductance [uS/cm]
# name 5 = c0uS/cm: Conductivity [uS/cm]
# name 6 = flECO-AFL: Fluorescence, WET Labs ECO-AFL/FL [mg/m^3]
# name 7 = ph: pH
# name 8 = orp: Oxidation Reduction Potential [mV]
# name 9 = par/sat/log: PAR/Logarithmic, Satlantic
# name 10 = turbWETntu0: Turbidity, WET Labs ECO [NTU]
# name 11 = prdM: Pressure, Strain Gauge [db]
# name 12 = prdE: Pressure, Strain Gauge [psi]
# name 13 = tv290C: Temperature [ITS-90, deg C]
# name 14 = density00: Density [density, kg/m^3]
# name 15 = flag:  0.000e+00
# span 0 =     -0.476,      8.881       
# span 1 =     -0.174,      0.161       
# span 2 =     0.0512,     7.1780       
# span 3 =      0.696,    123.801       
# span 4 =      1.305,     70.636       
# span 5 =   1.291800,  57.849422       
# span 6 =    -0.9347,     3.7809       
# span 7 =      6.918,      7.596       
# span 8 =    99.1658,   249.4048       
# span 9 = 3.4917e-01, 7.2536e+02       
# span 10 =    -0.3418,    29.0271      
# span 11 =     -0.470,      8.709      
# span 12 =     -0.682,     12.631      
# span 13 =    11.9408,    30.3222      
# span 14 =   995.5757,   999.5745      
# span 15 = 0.0000e+00, 0.0000e+00      
# interval = seconds: 0.25
# start_time = Jul 29 2020 00:34:31 [Instrument's time stamp, header]
# bad_flag = -9.990e-29
*END*
[from data line 724]
      6.053      0.137     2.0379     31.458     46.346  37.988110     2.3048      7.011   235.7470 1.3380e+01     4.9982      5.936      8.609    16.4376   998.9192 0.0000e+00
      6.107      0.133     2.0817     31.453     46.466  37.991449     2.2727      7.011   235.7269 1.2816e+01     4.7677      5.997      8.698    16.3720   998.9306 0.0000e+00
      6.145      0.122     2.1227     31.190     46.541  37.999454     2.2248      7.011   235.5500 1.2511e+01     4.3790      6.033      8.750    16.2589   998.9498 0.0000e+00
      6.167      0.110     2.1556     30.610     46.598  38.021368     2.2118      7.010   235.6731 1.2362e+01     4.1781      6.051      8.776    16.1110   998.9742 0.0000e+00
      6.178      0.105     2.1799     29.657     46.846  38.192914     2.2204      7.009   236.0116 1.2262e+01     4.2264      6.059      8.789    15.9685   998.9975 0.0000e+00
      6.190      0.109     2.1841     28.365     47.444  38.613838     2.1578      7.008   236.2862 1.2077e+01     4.3793      6.065      8.798    15.8593   999.0152 0.0000e+00
      6.213      0.118     2.1704     26.859     48.274  39.175673     2.0271      7.007   236.6706 1.1708e+01     4.5171      6.085      8.826    15.8064   999.0238 0.0000e+00
      6.254      0.126     2.1326     25.316     48.877  39.527576     1.9559      7.007   237.2180 1.1206e+01     4.5194      6.129      8.890    15.7966   999.0255 0.0000e+00
      6.305      0.126     2.0664     23.895     48.838  39.377669     1.9459      7.007   237.7424 1.0716e+01     4.4749      6.186      8.972    15.7763   999.0291 0.0000e+00
      6.351      0.116     1.9765     22.670     48.460  39.013229     1.8397      7.007   238.0208 1.0357e+01     4.3578      6.233      9.040    15.7103   999.0401 0.0000e+00
      6.381      0.101     1.8719     21.569     48.427  38.992745     1.6248      7.007   237.8317 1.0168e+01     4.1328      6.264      9.085    15.5845   999.0604 0.0000e+00
      6.395      0.091     1.7665     20.475     49.198  39.637760     1.4933      7.007   237.6065 1.0148e+01     3.9863      6.276      9.103    15.4262   999.0856 0.0000e+00
      6.399      0.091     1.6693     19.326     50.566  40.718852     1.4805      7.007   238.2228 1.0151e+01     3.9244      6.273      9.099    15.2876   999.1071 0.0000e+00
      6.405      0.101     1.5888     18.134     51.520  41.400683     1.4894      7.007   239.0891 9.9735e+00     3.9000      6.275      9.102    15.2189   999.1174 0.0000e+00
      6.430      0.114     1.5140     16.978     51.761  41.470741     1.5430      7.005   238.7886 9.5684e+00     4.0341      6.297      9.134    15.2475   999.1131 0.0000e+00
      6.476      0.122     1.4369     15.963     51.865  41.438832     1.6328      7.004   237.8586 9.0163e+00     4.2753      6.346      9.204    15.3018   999.1052 0.0000e+00
      6.531      0.123     1.3565     15.098     51.900  41.395609     1.6698      7.004   237.4807 8.5258e+00     4.4133      6.411      9.299    15.2869   999.1084 0.0000e+00
      6.575      0.116     1.2738     14.335     51.775  41.265428     1.6658      7.004   237.5760 8.2860e+00     4.4325      6.458      9.368    15.1898   999.1239 0.0000e+00
      6.596      0.104     1.1922     13.647     51.558  41.070839     1.5936      7.003   237.7200 8.2140e+00     4.5417      6.473      9.388    15.0523   999.1448 0.0000e+00
      6.604      0.094     1.1235     12.931     51.531  41.010566     1.4553      7.002   237.9313 8.1630e+00     4.7724      6.475      9.391    14.9279   999.1636 0.0000e+00
      6.613      0.092     1.0673     12.124     52.215  41.488751     1.3759      7.002   238.0655 8.0581e+00     4.9215      6.482      9.401    14.8604   999.1738 0.0000e+00
      6.631      0.101     1.0113     11.261     53.325  42.282101     1.3487      7.002   237.9659 7.8305e+00     4.9716      6.498      9.425    14.8446   999.1762 0.0000e+00
      6.663      0.116     0.9677     10.401     54.028  42.731525     1.2897      7.001   238.1903 7.5008e+00     5.3098      6.529      9.470    14.8344   999.1778 0.0000e+00
      6.704      0.126     0.9195      9.627     54.173  42.732946     1.2059      7.001   238.7983 7.1411e+00     5.9891      6.574      9.535    14.7979   999.1832 0.0000e+00
      6.748      0.128     0.8611      8.990     54.156  42.616559     1.1648      7.001   239.1230 6.8308e+00     6.3872      6.621      9.602    14.7331   999.1933 0.0000e+00
      6.786      0.123     0.8016      8.510     54.146  42.530311     1.1552      7.001   239.1906 6.6261e+00     6.4156      6.658      9.657    14.6505   999.2063 0.0000e+00
      6.815      0.114     0.7379      8.160     53.955  42.324850     1.1090      7.000   239.1858 6.4901e+00     6.4692      6.685      9.696    14.5448   999.2220 0.0000e+00
      6.836      0.108     0.6845      7.859     53.489  41.909704     1.0349      6.999   238.9786 6.3706e+00     6.6581      6.705      9.724    14.4339   999.2382 0.0000e+00
      6.855      0.109     0.6390      7.539     53.048  41.509916     1.0038      6.998   238.9217 6.2442e+00     6.8446      6.721      9.748    14.3344   999.2525 0.0000e+00
      6.876      0.117     0.6063      7.182     53.017  41.426601     1.0087      6.997   239.1863 6.0796e+00     6.9053      6.740      9.775    14.2597   999.2632 0.0000e+00
      6.906      0.127     0.5847      6.802     53.400  41.664020     0.9230      6.997   239.4258 5.8657e+00     7.0826      6.767      9.815    14.2183   999.2691 0.0000e+00
      6.946      0.132     0.5650      6.404     53.789  41.904835     0.7587      6.997   239.4076 5.6215e+00     7.4777      6.809      9.876    14.1751   999.2752 0.0000e+00
      6.993      0.129     0.5437      6.039     53.889  41.926049     0.6815      6.996   239.2242 5.3835e+00     7.7340      6.860      9.949    14.1215   999.2828 0.0000e+00
      7.035      0.120     0.5168      5.800     53.857  41.856969     0.6865      6.995   239.3595 5.1869e+00     7.8122      6.903     10.012    14.0665   999.2907 0.0000e+00
      7.064      0.107     0.4917      5.740     53.947  41.894771     0.6851      6.995   240.0118 5.0619e+00     7.8405      6.932     10.053    14.0084   999.2991 0.0000e+00
      7.081      0.095     0.4616      5.844     54.201  42.065686     0.6553      6.995   240.6582 5.0051e+00     7.9726      6.946     10.073    13.9486   999.3076 0.0000e+00
      7.093      0.088     0.4330      6.019     54.506  42.273003     0.6125      6.995   240.6361 4.9527e+00     8.2756      6.954     10.087    13.8922   999.3155 0.0000e+00
      7.108      0.088     0.4148      6.183     54.760  42.433529     0.5969      6.994   240.0024 4.8380e+00     8.4835      6.966     10.104    13.8511   999.3211 0.0000e+00
      7.130      0.093     0.4106      6.325     54.953  42.546529     0.6098      6.994   239.5357 4.6529e+00     8.5636      6.990     10.137    13.8239   999.3250 0.0000e+00
      7.160      0.099     0.4215      6.443     55.098  42.623539     0.6632      6.993   239.4667 4.4630e+00     8.3865      7.023     10.185    13.8043   999.3280 0.0000e+00
      7.192      0.103     0.4371      6.496     55.198  42.666327     0.7472      6.993   239.5980 4.3024e+00     7.9896      7.053     10.230    13.7791   999.3316 0.0000e+00
      7.223      0.102     0.4491      6.477     55.253  42.682949     0.7957      6.993   239.9190 4.1584e+00     7.7811      7.084     10.275    13.7405   999.3371 0.0000e+00
      7.251      0.098     0.4589      6.417     55.372  42.761012     0.8017      6.993   240.1640 4.0457e+00     7.7891      7.114     10.317    13.7067   999.3418 0.0000e+00
      7.272      0.096     0.4700      6.324     55.668  42.975347     0.7242      6.992   240.1525 3.9567e+00     8.0518      7.132     10.344    13.6770   999.3460 0.0000e+00
      7.289      0.098     0.4744      6.187     56.135  43.306506     0.5734      6.992   239.9520 3.8754e+00     8.4861      7.147     10.365    13.6433   999.3507 0.0000e+00
      7.308      0.103     0.4716      6.024     56.641  43.654347     0.4852      6.991   239.6321 3.7779e+00     8.6801      7.164     10.390    13.6157   999.3544 0.0000e+00
      7.333      0.110     0.4674      5.865     56.911  43.816399     0.4681      6.990   239.2959 3.6389e+00     8.6802      7.189     10.427    13.6084   999.3555 0.0000e+00
      7.368      0.116     0.4614      5.723     56.873  43.742208     0.4621      6.990   239.0700 3.4809e+00     8.6587      7.224     10.478    13.6043   999.3564 0.0000e+00
      7.405      0.118     0.4509      5.559     56.719  43.582552     0.4508      6.989   239.1378 3.3301e+00     8.5918      7.263     10.534    13.5745   999.3607 0.0000e+00
      7.440      0.115     0.4390      5.375     56.622  43.473066     0.4265      6.989   239.4273 3.1944e+00     8.5233      7.299     10.586    13.5331   999.3667 0.0000e+00
      7.469      0.110     0.4264      5.230     56.609  43.434114     0.3980      6.988   239.6449 3.0752e+00     8.4834      7.327     10.627    13.4922   999.3724 0.0000e+00
      7.492      0.104     0.4184      5.093     56.718  43.492450     0.3533      6.988   239.8761 2.9700e+00     8.5555      7.348     10.658    13.4513   999.3778 0.0000e+00
      7.513      0.098     0.4078      4.941     56.978  43.670504     0.2964      6.988   240.0723 2.8743e+00     8.7082      7.367     10.686    13.4143   999.3827 0.0000e+00
      7.537      0.096     0.3901      4.821     57.267  43.872860     0.2732      6.987   239.9521 2.7741e+00     8.7850      7.391     10.720    13.3841   999.3867 0.0000e+00
      7.562      0.099     0.3827      4.744     57.668  44.161535     0.2725      6.986   239.7989 2.6717e+00     8.7640      7.417     10.757    13.3588   999.3902 0.0000e+00
      7.587      0.104     0.3741      4.720     58.293  44.621405     0.2688      6.986   239.7684 2.5777e+00     8.7283      7.441     10.792    13.3357   999.3933 0.0000e+00
      7.613      0.109     0.3597      4.765     58.882  45.052522     0.2672      6.985   239.8419 2.4729e+00     8.7305      7.464     10.826    13.3181   999.3959 0.0000e+00
      7.641      0.113     0.3525      4.853     59.245  45.310922     0.2716      6.985   240.0848 2.3545e+00     8.7562      7.492     10.866    13.3026   999.3982 0.0000e+00
      7.673      0.114     0.3461      4.946     59.379  45.396590     0.2837      6.985   240.2968 2.2491e+00     8.7646      7.525     10.914    13.2859   999.4005 0.0000e+00
      7.706      0.113     0.3435      5.010     59.221  45.262941     0.2799      6.984   240.5123 2.1606e+00     8.7287      7.558     10.961    13.2708   999.4029 0.0000e+00
      7.736      0.111     0.3484      5.003     58.929  45.028231     0.2646      6.983   240.6256 2.0754e+00     8.7348      7.587     11.004    13.2542   999.4054 0.0000e+00
      7.764      0.107     0.3557      4.897     58.869  44.971291     0.2612      6.984   240.3751 1.9911e+00     8.7697      7.615     11.045    13.2365   999.4080 0.0000e+00
      7.789      0.105     0.3637      4.729     59.196  45.209374     0.2669      6.984   240.0655 1.9111e+00     8.7722      7.639     11.081    13.2223   999.4100 0.0000e+00
      7.812      0.103     0.3689      4.516     59.669  45.557754     0.2759      6.983   239.8941 1.8359e+00     8.8000      7.661     11.111    13.2115   999.4114 0.0000e+00
      7.836      0.101     0.3707      4.242     59.864  45.691599     0.2750      6.980   239.7649 1.7632e+00     8.6933      7.684     11.144    13.2022   999.4125 0.0000e+00
      7.864      0.099     0.3607      3.947     59.713  45.557879     0.2652      6.980   239.8797 1.6885e+00     8.4432      7.710     11.184    13.1924   999.4139 0.0000e+00
      7.894      0.098     0.3478      3.703     59.453  45.337710     0.2623      6.981   240.1632 1.6171e+00     8.3170      7.742     11.230    13.1831   999.4154 0.0000e+00
      7.920      0.098     0.3339      3.544     59.209  45.124683     0.2691      6.981   240.2681 1.5684e+00     8.3348      7.770     11.269    13.1737   999.4170 0.0000e+00
      7.941      0.101     0.3122      3.431     59.026  44.950328     0.2611      6.981   240.3738 1.5407e+00     8.6240      7.788     11.295    13.1610   999.4188 0.0000e+00
      7.961      0.106     0.2888      3.340     58.991  44.880250     0.2222      6.980   240.5808 1.5000e+00     9.1362      7.806     11.322    13.1455   999.4207 0.0000e+00
      7.985      0.113     0.2690      3.284     59.187  44.975701     0.1907      6.980   240.7917 1.4355e+00     9.4120      7.829     11.355    13.1278   999.4230 0.0000e+00
      8.015      0.121     0.2598      3.257     59.500  45.152027     0.1857      6.980   241.0315 1.3663e+00     9.4181      7.858     11.397    13.1051   999.4260 0.0000e+00
      8.052      0.126     0.2524      3.261     59.690  45.234443     0.1996      6.980   241.1565 1.2914e+00     9.3478      7.894     11.449    13.0761   999.4298 0.0000e+00
      8.092      0.126     0.2447      3.310     59.900  45.337237     0.2151      6.980   241.2707 1.2197e+00     9.2484      7.937     11.511    13.0397   999.4346 0.0000e+00
      8.130      0.121     0.2414      3.388     60.444  45.696446     0.2114      6.980   241.3802 1.1648e+00     9.1772      7.977     11.569    12.9947   999.4406 0.0000e+00
      8.160      0.112     0.2400      3.480     61.202  46.212559     0.2030      6.979   241.2749 1.1192e+00     9.1735      8.005     11.611    12.9402   999.4478 0.0000e+00
      8.183      0.103     0.2392      3.588     61.913  46.688617     0.1894      6.979   241.1174 1.0826e+00     9.3760      8.025     11.639    12.8850   999.4549 0.0000e+00
      8.203      0.098     0.2444      3.710     62.411  47.007855     0.1704      6.978   241.1101 1.0461e+00     9.7373      8.044     11.666    12.8397   999.4606 0.0000e+00
      8.223      0.096     0.2506      3.829     62.663  47.151647     0.1644      6.977   241.1870 1.0058e+00     9.9372      8.063     11.695    12.7994   999.4659 0.0000e+00
      8.246      0.097     0.2576      3.904     62.883  47.284241     0.1544      6.977   241.1002 9.6666e-01     9.9731      8.085     11.727    12.7527   999.4721 0.0000e+00
      8.274      0.098     0.2660      3.920     63.162  47.468081     0.1364      6.977   240.9206 9.1944e-01     9.9645      8.113     11.768    12.7012   999.4789 0.0000e+00
      8.304      0.098     0.2753      3.870     63.449  47.660021     0.1284      6.976   240.8227 8.8351e-01     9.8337      8.146     11.815    12.6538   999.4850 0.0000e+00
      8.331      0.098     0.2865      3.757     63.699  47.827041     0.1337      6.975   240.7772 8.6443e-01     9.6275      8.173     11.854    12.6165   999.4897 0.0000e+00
      8.353      0.094     0.2916      3.607     63.822  47.900057     0.1432      6.975   240.8006 8.3144e-01     9.4973      8.192     11.881    12.5925   999.4928 0.0000e+00
      8.375      0.086     0.2934      3.421     63.857  47.907866     0.1378      6.975   241.0196 7.9461e-01     9.4259      8.211     11.909    12.5734   999.4953 0.0000e+00
      8.399      0.077     0.2902      3.201     63.892  47.921443     0.0968      6.975   241.2746 7.7251e-01     9.1768      8.238     11.947    12.5545   999.4978 0.0000e+00
      8.421      0.070     0.2805      2.973     63.922  47.937200     0.0393      6.974   241.1302 7.6689e-01     8.7861      8.261     11.981    12.5385   999.5000 0.0000e+00
      8.437      0.067     0.2695      2.739     63.970  47.971383     0.0140      6.973   240.8223 7.5531e-01     8.6161      8.275     12.003    12.5226   999.5020 0.0000e+00
      8.448      0.069     0.2566      2.516     64.036  48.017251     0.0108      6.972   240.8209 7.2745e-01     8.5966      8.285     12.017    12.5076   999.5039 0.0000e+00
