Data/DataNotYetUploadedToEDI/Raw_CTD/RawDownloads/07292020_ccr10.cnv
* Sea-Bird SBE19plus  Data File:
* FileName = C:\DATA\07292020_ccr50_0005.hex
* Software version 2.8.0.119
* Temperature SN = 7809
* Conductivity SN = 7809
* System UpLoad Time = Jul 29 2020 17:32:40
* <ApplicationData>
* <Seaterm232>
# nquan = 16
# nvalues = 854                         
# units = specified
# name 0 = depFM: Depth [fresh water, m]
# name 1 = dz/dtM: Descent Rate [m/s]
# name 2 = sbeox0ML/L: Oxygen, SBE 43 [ml/l]
# name 3 = sbeox0PS: Oxygen, SBE 43 [% saturation]
# name 4 = specc: Specific Conductance [uS/cm]
# name 5 = c0uS/cm: Conductivity [uS/cm]
# name 6 = flECO-AFL: Fluorescence, WET Labs ECO-AFL/FL [mg/m^3]
# name 7 = ph: pH
# name 8 = orp: Oxidation Reduction Potential [mV]
# name 9 = par/sat/log: PAR/Logarithmic, Satlantic
# name 10 = turbWETntu0: Turbidity, WET Labs ECO [NTU]
# name 11 = prdM: Pressure, Strain Gauge [db]
# name 12 = prdE: Pressure, Strain Gauge [psi]
# name 13 = tv290C: Temperature [ITS-90, deg C]
# name 14 = density00: Density [density, kg/m^3]
# name 15 = flag:  0.000e+00
# span 0 =     -0.482,      3.782       
# span 1 =     -0.329,      0.199       
# span 2 =     0.9207,     5.6259       
# span 3 =     15.865,    105.684       
# span 4 =      5.478,     59.631       
# span 5 =   6.044108,  62.233243       
# span 6 =    -2.4512,   267.0882       
# span 7 =      7.023,      7.623       
# span 8 =   126.6552,   296.2976       
# span 9 = 7.2910e+00, 2.7566e+03       
# span 10 =    -0.2072,    38.2937      
# span 11 =     -0.478,      3.710      
# span 12 =     -0.694,      5.381      
# span 13 =    24.4154,    30.3744      
# span 14 =   995.5597,   997.2366      
# span 15 = 0.0000e+00, 0.0000e+00      
# interval = seconds: 0.25
# start_time = Jul 29 2020 00:52:58 [Instrument's time stamp, header]
# bad_flag = -9.990e-29
*END*
[from data line 91]
      0.676     -0.011     4.5182     84.091     53.113  57.813451     0.5944      7.183   169.2093 7.0986e+02     1.8413      0.656      0.951    29.3830   995.8608 0.0000e+00
      0.683     -0.003     4.5575     82.910     53.124  57.822606     0.6072      7.180   169.2319 6.5639e+02     1.8684      0.664      0.964    29.3717   995.8641 0.0000e+00
      0.703      0.000     4.5720     81.751     53.143  57.812082     0.6271      7.177   169.3675 6.5264e+02     1.9186      0.690      1.001    29.3807   995.8617 0.0000e+00
      0.720     -0.005     4.5507     80.857     53.174  57.813213     0.6153      7.176   169.3862 8.9906e+02     1.8648      0.713      1.034    29.3996   995.8561 0.0000e+00
      0.720     -0.018     4.4977     80.241     53.212  57.836218     0.5694      7.175   169.3718 1.0864e+03     1.6997      0.713      1.035    29.4266   995.8481 0.0000e+00
      0.702     -0.034     4.4275     79.786     53.214  57.836104     0.5401      7.173   169.7108 9.0828e+02     1.6046      0.689      1.000    29.4283   995.8475 0.0000e+00
      0.677     -0.048     4.3632     79.395     53.186  57.811829     0.5376      7.171   170.2149 8.0343e+02     1.6409      0.663      0.960    29.3851   995.8602 0.0000e+00
      0.657     -0.056     4.3188     79.016     53.167  57.796832     0.5296      7.169   170.6489 1.0155e+03     1.7264      0.643      0.932    29.3490   995.8708 0.0000e+00
      0.644     -0.059     4.2901     78.622     53.158  57.781838     0.5097      7.168   171.1727 1.3987e+03     1.7804      0.629      0.912    29.3327   995.8756 0.0000e+00
      0.638     -0.062     4.2675     78.185     53.157  57.757578     0.4977      7.164   173.1065 1.4707e+03     1.7441      0.626      0.908    29.3322   995.8757 0.0000e+00
      0.630     -0.071     4.2465     77.640     53.182  57.757571     0.4895      7.161   176.4778 1.1601e+03     1.6321      0.622      0.902    29.3416   995.8729 0.0000e+00
      0.614     -0.084     4.2263     76.966     53.219  57.781713     0.4765      7.160   177.8635 1.0629e+03     1.5589      0.606      0.879    29.3507   995.8701 0.0000e+00
      0.588     -0.097     4.2053     76.271     53.235  57.795355     0.4835      7.158   177.2130 1.0809e+03     1.5450      0.581      0.843    29.3504   995.8700 0.0000e+00
      0.553     -0.107     4.1855     75.690     53.228  57.795458     0.5177      7.154   177.3881 1.0522e+03     1.5335      0.545      0.790    29.3211   995.8786 0.0000e+00
      0.516     -0.108     4.1603     75.340     53.202  57.782967     0.5472      7.152   178.2610 1.1910e+03     1.4882      0.501      0.725    29.2895   995.8878 0.0000e+00
      0.486     -0.098     4.1216     75.198     53.180  57.771415     0.5447      7.150   178.5603 1.3441e+03     1.4095      0.474      0.687    29.2760   995.8917 0.0000e+00
      0.462     -0.078     4.0829     75.068     53.185  57.782851     0.4964      7.148   177.8233 1.5547e+03     1.3707      0.456      0.661    29.2714   995.8929 0.0000e+00
      0.439     -0.053     4.0482     74.810     53.193  57.794190     0.4306      7.146   176.5773 1.8542e+03     1.3973      0.427      0.618    29.2795   995.8905 0.0000e+00
      0.427     -0.030     4.0275     74.457     53.184  57.781465     0.4076      7.143   175.9708 1.7706e+03     1.4567      0.412      0.597    29.2998   995.8844 0.0000e+00
      0.429     -0.012     4.0249     74.139     53.178  57.756047     0.4180      7.141   176.3413 1.4656e+03     1.4705      0.419      0.608    29.3133   995.8803 0.0000e+00
      0.439     -0.002     4.0202     73.876     53.188  57.740942     0.4033      7.140   177.0985 1.9427e+03     1.4269      0.430      0.625    29.3149   995.8800 0.0000e+00
      0.446      0.003     4.0059     73.637     53.193  57.725837     0.3636      7.139   177.6411 2.6907e+03     1.4104      0.439      0.637    29.3190   995.8788 0.0000e+00
      0.447      0.002     3.9822     73.519     53.175  57.700429     0.3388      7.137   177.9115 2.2461e+03     1.4421      0.441      0.639    29.3226   995.8777 0.0000e+00
      0.443     -0.001     3.9668     73.607     53.158  57.687829     0.3420      7.136   177.9581 1.4431e+03     1.5015      0.436      0.632    29.3022   995.8838 0.0000e+00
      0.438     -0.003     3.9578     73.871     53.160  57.700552     0.3542      7.135   178.0330 1.1749e+03     1.5106      0.429      0.622    29.2688   995.8936 0.0000e+00
      0.433     -0.003     3.9425     74.191     53.289  57.854272     0.3536      7.134   178.3860 1.2184e+03     1.4491      0.424      0.615    29.2479   995.8997 0.0000e+00
      0.433      0.000     3.9349     74.532     53.587  58.212422     0.3441      7.132   178.6134 1.4083e+03     1.4103      0.423      0.615    29.2437   995.9009 0.0000e+00
      0.436      0.004     3.9398     75.431     53.798  58.537020     0.3343      7.132   178.1156 1.5293e+03     1.4192      0.428      0.621    29.2528   995.8982 0.0000e+00
      0.441      0.005     3.9554     78.009     53.774  58.666300     0.3308      7.131   177.0994 1.6140e+03     1.4539      0.433      0.629    29.2637   995.8951 0.0000e+00
      0.445      0.004     3.9756     82.774     53.663  58.695837     0.3391      7.130   176.3923 1.5783e+03     1.4863      0.436      0.634    29.2737   995.8921 0.0000e+00
      0.445      0.003     3.9849     88.721     53.578  58.703818     0.3494      7.129   176.3635 1.3702e+03     1.4680      0.438      0.635    29.2849   995.8890 0.0000e+00
      0.444      0.000     3.9994     94.389     53.520  58.699431     0.3508      7.129   176.8368 1.1466e+03     1.4039      0.435      0.631    29.3694   995.8641 0.0000e+00
      0.442     -0.001     4.1070     99.097     53.497  58.706421     0.3650      7.128   177.3835 1.2827e+03     1.3982      0.432      0.627    29.5492   995.8106 0.0000e+00
      0.441     -0.001     4.3761    102.667     53.498  58.724842     0.3975      7.128   177.5528 1.9625e+03     1.4673      0.432      0.627    29.7018   995.7649 0.0000e+00
      0.441     -0.001     4.7206    104.913     53.495  58.731598     0.4196      7.128   177.2498 2.4441e+03     1.5182      0.432      0.627    29.7901   995.7384 0.0000e+00
      0.441     -0.001     5.0245    105.684     53.484  58.724599     0.4317      7.128   177.1609 2.1535e+03     1.5337      0.432      0.627    29.8399   995.7235 0.0000e+00
      0.442     -0.005     5.2730    105.149     53.459  58.703758     0.4198      7.127   177.6827 1.6579e+03     1.4831      0.434      0.629    29.8651   995.7159 0.0000e+00
      0.443     -0.013     5.4645    103.849     53.421  58.670209     0.3798      7.127   178.3962 1.6106e+03     1.4215      0.435      0.631    29.8816   995.7111 0.0000e+00
      0.442     -0.024     5.5874    102.394     53.385  58.636606     0.3488      7.127   178.5608 2.1087e+03     1.4409      0.436      0.633    29.8877   995.7092 0.0000e+00
      0.436     -0.037     5.6259    101.161     53.360  58.615123     0.3418      7.127   178.0380 2.2451e+03     1.4772      0.430      0.624    29.8914   995.7080 0.0000e+00
      0.423     -0.048     5.5842    100.226     53.340  58.601050     0.3514      7.126   177.1515 1.6647e+03     1.4832      0.417      0.604    29.8979   995.7060 0.0000e+00
      0.405     -0.055     5.5028     99.581     53.325  58.593530     0.3794      7.126   176.3602 1.3092e+03     1.4792      0.398      0.577    29.9059   995.7034 0.0000e+00
      0.386     -0.055     5.4171     99.230     53.314  58.587734     0.4035      7.125   176.9020 1.3541e+03     1.4629      0.377      0.548    29.9113   995.7018 0.0000e+00
      0.368     -0.049     5.3523     99.085     53.314  58.594506     0.4049      7.124   178.4535 1.3547e+03     1.4233      0.361      0.522    29.9156   995.7004 0.0000e+00
      0.353     -0.037     5.3024     98.985     53.324  58.611887     0.4054      7.123   179.2881 1.2373e+03     1.3774      0.345      0.500    29.9241   995.6978 0.0000e+00
      0.343     -0.023     5.2660     98.830     53.313  58.607312     0.3997      7.122   179.2491 1.2884e+03     1.3205      0.333      0.484    29.9337   995.6948 0.0000e+00
      0.342     -0.010     5.2492     98.669     53.300  58.602738     0.3745      7.122   179.0160 1.7939e+03     1.2506      0.333      0.483    29.9399   995.6929 0.0000e+00
      0.347      0.001     5.2441     98.558     53.308  58.620128     0.3493      7.122   178.9644 2.1317e+03     1.1851      0.341      0.495    29.9443   995.6917 0.0000e+00
      0.352      0.009     5.2413     98.472     53.308  58.627011     0.3427      7.122   178.8830 1.6608e+03     1.1459      0.347      0.504    29.9499   995.6900 0.0000e+00
      0.355      0.014     5.2303     98.414     53.299  58.622437     0.3425      7.122   178.5486 1.1913e+03     1.1886      0.348      0.505    29.9578   995.6876 0.0000e+00
      0.356      0.014     5.2190     98.392     53.299  58.628371     0.3373      7.122   178.4484 1.2956e+03     1.3232      0.348      0.505    29.9669   995.6848 0.0000e+00
      0.360      0.012     5.2143     98.375     53.301  58.635234     0.3371      7.121   178.6174 1.4115e+03     1.4346      0.352      0.511    29.9764   995.6821 0.0000e+00
      0.365      0.010     5.2086     98.392     53.302  58.641899     0.3403      7.121   178.8711 1.3230e+03     1.4376      0.360      0.522    29.9832   995.6800 0.0000e+00
      0.370      0.008     5.2042     98.503     53.301  58.645429     0.3183      7.121   179.4513 1.2296e+03     1.3930      0.364      0.528    29.9874   995.6787 0.0000e+00
      0.371      0.005     5.2047     98.717     53.270  58.614395     0.2809      7.120   180.1263 1.0257e+03     1.3756      0.365      0.530    29.9925   995.6772 0.0000e+00
      0.370      0.000     5.2020     98.991     53.241  58.584317     0.2789      7.119   180.4071 8.7406e+02     1.3995      0.363      0.527    29.9975   995.6756 0.0000e+00
      0.368     -0.005     5.2012     99.255     53.255  58.599389     0.2937      7.119   180.4376 8.7403e+02     1.4420      0.361      0.524    30.0014   995.6745 0.0000e+00
      0.368     -0.010     5.2065     99.420     53.261  58.606053     0.2979      7.119   180.4081 8.1628e+02     1.4774      0.360      0.522    30.0061   995.6731 0.0000e+00
      0.367     -0.013     5.2185     99.452     53.257  58.601366     0.3007      7.119   180.2226 7.9550e+02     1.4499      0.361      0.523    30.0098   995.6719 0.0000e+00
      0.364     -0.013     5.2340     99.382     53.263  58.606241     0.2893      7.119   180.1736 8.2221e+02     1.3844      0.359      0.521    30.0107   995.6717 0.0000e+00
      0.356     -0.008     5.2499     99.203     53.260  58.601468     0.2662      7.119   180.0748 7.6725e+02     1.3717      0.349      0.507    30.0114   995.6714 0.0000e+00
      0.347     -0.001     5.2600     98.967     53.266  58.607188     0.2592      7.119   179.4583 9.0398e+02     1.3991      0.338      0.490    30.0120   995.6711 0.0000e+00
      0.345      0.005     5.2591     98.776     53.270  58.611865     0.2906      7.119   179.0004 1.2127e+03     1.4409      0.335      0.485    30.0103   995.6717 0.0000e+00
      0.352      0.008     5.2576     98.652     53.252  58.594482     0.3314      7.118   179.3568 1.2065e+03     1.4305      0.344      0.497    30.0088   995.6722 0.0000e+00
      0.365      0.009     5.2470     98.596     53.245  58.587599     0.3421      7.117   179.9817 1.0019e+03     1.3768      0.359      0.520    30.0077   995.6726 0.0000e+00
      0.373      0.009     5.2314     98.584     53.248  58.592181     0.3442      7.117   180.1882 9.6685e+02     1.3757      0.372      0.538    30.0056   995.6733 0.0000e+00
      0.371      0.007     5.2222     98.580     53.242  58.586360     0.3472      7.117   179.8754 1.3193e+03     1.4165      0.367      0.532    30.0069   995.6728 0.0000e+00
      0.364      0.002     5.2146     98.591     53.234  58.580736     0.3500      7.116   179.1245 1.6796e+03     1.4585      0.354      0.513    30.0090   995.6721 0.0000e+00
      0.361     -0.002     5.2122     98.645     53.239  58.587713     0.3581      7.114   178.5953 1.5375e+03     1.4365      0.351      0.509    30.0100   995.6719 0.0000e+00
      0.364     -0.003     5.2126     98.740     53.257  58.607197     0.3592      7.113   178.7249 1.4039e+03     1.3915      0.357      0.518    30.0110   995.6716 0.0000e+00
      0.367     -0.002     5.2120     98.848     53.275  58.625734     0.3543      7.113   179.0565 1.4997e+03     1.3949      0.361      0.524    30.0117   995.6714 0.0000e+00
      0.367      0.000     5.2116     98.950     53.270  58.621267     0.3463      7.113   179.3356 1.7728e+03     1.4092      0.361      0.524    30.0142   995.6707 0.0000e+00
      0.365      0.002     5.2143     99.029     53.265  58.616703     0.3392      7.113   179.6045 2.0332e+03     1.4273      0.359      0.521    30.0161   995.6700 0.0000e+00
      0.363      0.003     5.2202     99.042     53.281  58.634085     0.3452      7.113   179.9849 1.8528e+03     1.4418      0.356      0.515    30.0150   995.6703 0.0000e+00
      0.363      0.005     5.2263     98.959     53.288  58.640854     0.3518      7.114   180.1493 1.6003e+03     1.4477      0.354      0.514    30.0145   995.6705 0.0000e+00
      0.366      0.005     5.2315     98.841     53.284  58.635014     0.3429      7.114   180.3870 1.4858e+03     1.4301      0.358      0.520    30.0156   995.6702 0.0000e+00
      0.371      0.005     5.2366     98.777     53.276  58.626995     0.3329      7.114   181.1381 1.5204e+03     1.3655      0.364      0.528    30.0167   995.6699 0.0000e+00
      0.375      0.003     5.2384     98.760     53.256  58.607425     0.3260      7.114   181.7459 1.6327e+03     1.3195      0.368      0.536    30.0169   995.6698 0.0000e+00
      0.376     -0.000     5.2328     98.751     53.237  58.588993     0.3263      7.114   182.3151 1.6290e+03     1.3545      0.370      0.536    30.0161   995.6700 0.0000e+00
      0.373     -0.004     5.2239     98.764     53.241  58.594720     0.3462      7.114   182.8572 1.7804e+03     1.4103      0.366      0.531    30.0138   995.6707 0.0000e+00
      0.369     -0.006     5.2216     98.829     53.257  58.613143     0.3655      7.114   183.1378 2.0451e+03     1.4448      0.362      0.524    30.0128   995.6710 0.0000e+00
      0.366     -0.007     5.2215     98.938     53.263  58.621161     0.3591      7.114   183.3849 1.9337e+03     1.4630      0.358      0.519    30.0174   995.6697 0.0000e+00
      0.365     -0.006     5.2200     99.058     53.269  58.628128     0.3366      7.114   183.6085 1.6674e+03     1.4588      0.357      0.518    30.0207   995.6686 0.0000e+00
      0.364     -0.003     5.2199     99.141     53.274  58.633854     0.3312      7.114   183.8619 1.5823e+03     1.4622      0.358      0.519    30.0209   995.6686 0.0000e+00
      0.363      0.001     5.2236     99.151     53.268  58.626877     0.3510      7.114   184.1263 1.6533e+03     1.4707      0.356      0.516    30.0219   995.6683 0.0000e+00
      0.363      0.003     5.2299     99.086     53.250  58.607300     0.3667      7.114   184.3961 1.7553e+03     1.4585      0.355      0.515    30.0227   995.6680 0.0000e+00
      0.364      0.003     5.2371     98.916     53.232  58.587731     0.3588      7.113   184.7142 1.5757e+03     1.4174      0.357      0.518    30.0228   995.6680 0.0000e+00
      0.367      0.003     5.2428     98.721     53.226  58.580847     0.3418      7.112   184.8755 1.5326e+03     1.3851      0.360      0.523    30.0230   995.6680 0.0000e+00
      0.369      0.002     5.2419     98.627     53.231  58.587606     0.3327      7.112   184.7976 1.8111e+03     1.3771      0.363      0.527    30.0233   995.6679 0.0000e+00
