Data/DataNotYetUploadedToEDI/Raw_CTD/RawDownloads/07292020_ccr50.cnv
* Sea-Bird SBE19plus  Data File:
* FileName = C:\DATA\07292020_ccr50_0002.hex
* Software version 2.8.0.119
* Temperature SN = 7809
* Conductivity SN = 7809
* System UpLoad Time = Jul 29 2020 17:30:45
* <ApplicationData>
* <Seaterm232>
# nquan = 16
# nvalues = 3294                        
# units = specified
# name 0 = depFM: Depth [fresh water, m]
# name 1 = dz/dtM: Descent Rate [m/s]
# name 2 = sbeox0ML/L: Oxygen, SBE 43 [ml/l]
# name 3 = sbeox0PS: Oxygen, SBE 43 [% saturation]
# name 4 = specc: Specific Conductance [uS/cm]
# name 5 = c0uS/cm: Conductivity [uS/cm]
# name 6 = flECO-AFL: Fluorescence, WET Labs ECO-AFL/FL [mg/m^3]
# name 7 = ph: pH
# name 8 = orp: Oxidation Reduction Potential [mV]
# name 9 = par/sat/log: PAR/Logarithmic, Satlantic
# name 10 = turbWETntu0: Turbidity, WET Labs ECO [NTU]
# name 11 = prdM: Pressure, Strain Gauge [db]
# name 12 = prdE: Pressure, Strain Gauge [psi]
# name 13 = tv290C: Temperature [ITS-90, deg C]
# name 14 = density00: Density [density, kg/m^3]
# name 15 = flag:  0.000e+00
# span 0 =     -0.475,     21.183       
# span 1 =     -0.261,      0.274       
# span 2 =     0.3622,     6.8439       
# span 3 =      4.592,    118.173       
# span 4 =      1.737,    116.347       
# span 5 =   1.880001,  80.392288       
# span 6 =    -1.6089,     3.0438       
# span 7 =     -1.985,      8.503       
# span 8 = -1240.7455,   272.3922       
# span 9 = 1.2339e-01, 1.4451e+03       
# span 10 =    -0.3778,    26.7964      
# span 11 =     -0.467,     20.774      
# span 12 =     -0.677,     30.130      
# span 13 =     9.4688,    29.1413      
# span 14 =   995.9130,   999.8837      
# span 15 = 0.0000e+00, 0.0000e+00      
# interval = seconds: 0.25
# start_time = Jul 28 2020 20:31:20 [Instrument's time stamp, header]
# bad_flag = -9.990e-29
*END*
[from data line 633]
      3.757      0.055     5.3359     99.376     44.902  46.459513     0.4855      7.219   221.3469 9.8473e+01     0.6677      3.685      5.345    27.1379   996.5154 0.0000e+00
      3.771      0.057     5.3576    101.099     44.436  45.768648     0.5380      7.219   221.5428 9.6658e+01     0.6946      3.696      5.361    27.0644   996.5357 0.0000e+00
      3.787      0.057     5.3859    102.817     44.549  45.655796     0.6560      7.219   221.5224 9.6561e+01     0.7861      3.713      5.385    26.9957   996.5546 0.0000e+00
      3.805      0.054     5.4564    104.315     44.914  45.856521     0.7384      7.220   221.4448 9.5853e+01     0.8814      3.732      5.413    26.8996   996.5809 0.0000e+00
      3.823      0.048     5.5608    105.700     45.227  46.100224     0.7528      7.222   221.4651 9.3175e+01     0.9199      3.750      5.440    26.7622   996.6181 0.0000e+00
      3.836      0.042     5.6853    107.361     45.383  46.253210     0.7723      7.223   221.6820 9.3107e+01     0.9074      3.764      5.461    26.5028   996.6884 0.0000e+00
      3.843      0.035     5.8210    109.521     45.368  46.246000     0.8308      7.225   221.8301 9.5221e+01     0.9021      3.770      5.468    26.2123   996.7668 0.0000e+00
      3.846      0.030     5.9257    112.008     45.204  46.076550     0.8784      7.225   221.7934 9.2842e+01     0.9256      3.772      5.470    25.9967   996.8244 0.0000e+00
      3.850      0.026     6.0008    114.361     45.000  45.855134     0.9004      7.226   221.7540 8.9477e+01     0.9854      3.774      5.474    25.9296   996.8422 0.0000e+00
      3.856      0.024     6.0875    116.214     44.783  45.600488     0.9443      7.227   221.7835 9.1512e+01     1.0405      3.781      5.484    25.9554   996.8355 0.0000e+00
      3.866      0.024     6.2120    117.445     44.656  45.410132     1.0186      7.227   221.8923 9.2344e+01     1.0770      3.792      5.500    25.9657   996.8329 0.0000e+00
      3.875      0.024     6.3664    118.080     44.584  45.267633     1.0641      7.228   222.0371 8.9206e+01     1.0844      3.801      5.513    25.9626   996.8337 0.0000e+00
      3.881      0.024     6.5086    118.173     44.401  45.020189     1.0744      7.230   222.1578 8.9197e+01     1.0951      3.807      5.522    25.9491   996.8372 0.0000e+00
      3.884      0.025     6.6191    117.841     44.162  44.703713     1.0760      7.232   222.2332 9.0345e+01     1.1380      3.810      5.525    25.9219   996.8443 0.0000e+00
      3.887      0.027     6.6977    117.339     43.921  44.361364     1.0738      7.232   222.3454 8.8178e+01     1.1565      3.811      5.527    25.8409   996.8657 0.0000e+00
      3.892      0.032     6.7437    116.907     43.681  43.991451     1.0760      7.233   222.5689 9.0317e+01     1.1472      3.815      5.533    25.7511   996.8895 0.0000e+00
      3.902      0.037     6.7546    116.649     43.574  43.722507     1.0742      7.233   222.8700 9.4788e+01     1.1286      3.825      5.548    25.6994   996.9031 0.0000e+00
      3.914      0.042     6.7388    116.529     43.598  43.585157     1.0811      7.232   223.0612 9.2638e+01     1.1369      3.839      5.566    25.6184   996.9242 0.0000e+00
      3.928      0.046     6.7190    116.448     43.672  43.536672     1.1125      7.232   223.0733 8.8334e+01     1.1795      3.854      5.589    25.5036   996.9543 0.0000e+00
      3.941      0.049     6.7089    116.365     43.737  43.516973     1.1386      7.232   223.1019 8.6368e+01     1.1974      3.865      5.606    25.3687   996.9894 0.0000e+00
      3.953      0.050     6.7200    116.310     43.630  43.346862     1.1393      7.232   223.2351 9.0434e+01     1.1819      3.876      5.621    25.1649   997.0420 0.0000e+00
      3.965      0.051     6.7421    116.303     43.427  43.066801     1.1402      7.232   223.3936 9.3741e+01     1.1636      3.891      5.642    24.9564   997.0957 0.0000e+00
      3.977      0.052     6.7543    116.344     43.336  42.860321     1.1780      7.231   223.5561 8.7543e+01     1.1476      3.900      5.655    24.8248   997.1294 0.0000e+00
      3.990      0.055     6.7600    116.398     43.294  42.691068     1.2434      7.231   223.8224 8.7209e+01     1.1593      3.912      5.674    24.7318   997.1532 0.0000e+00
      4.006      0.057     6.7635    116.385     43.195  42.480200     1.2731      7.231   224.1185 9.2307e+01     1.1688      3.929      5.698    24.6748   997.1676 0.0000e+00
      4.021      0.059     6.7721    116.196     43.105  42.278400     1.2700      7.231   224.3834 8.8001e+01     1.1253      3.943      5.720    24.6029   997.1857 0.0000e+00
      4.037      0.061     6.7947    115.747     43.042  42.091813     1.3109      7.230   224.7023 8.3689e+01     1.1136      3.959      5.743    24.4479   997.2249 0.0000e+00
      4.053      0.061     6.8199    115.088     43.012  41.937891     1.3954      7.230   224.9627 8.4711e+01     1.1650      3.975      5.766    24.2865   997.2654 0.0000e+00
      4.068      0.060     6.8368    114.410     43.055  41.877123     1.4428      7.231   225.0374 8.4141e+01     1.1978      3.991      5.788    24.1664   997.2952 0.0000e+00
      4.083      0.060     6.8439    113.874     43.115  41.864738     1.4358      7.231   225.0894 8.4086e+01     1.2006      4.005      5.808    24.0438   997.3256 0.0000e+00
      4.098      0.060     6.8360    113.471     43.090  41.788037     1.4640      7.231   225.2467 8.5068e+01     1.1989      4.019      5.829    23.8910   997.3633 0.0000e+00
      4.114      0.060     6.8122    113.197     42.951  41.584435     1.5540      7.232   225.3911 8.4739e+01     1.1772      4.035      5.852    23.7364   997.4012 0.0000e+00
      4.129      0.062     6.7830    113.135     42.849  41.370647     1.6177      7.233   225.6303 8.4968e+01     1.1786      4.050      5.873    23.6115   997.4317 0.0000e+00
      4.145      0.065     6.7629    113.254     42.854  41.234180     1.6437      7.233   226.0737 8.3914e+01     1.2149      4.065      5.896    23.5335   997.4507 0.0000e+00
      4.161      0.068     6.7460    113.378     42.892  41.140242     1.6487      7.232   226.3646 8.2605e+01     1.2047      4.080      5.918    23.4900   997.4613 0.0000e+00
      4.177      0.069     6.7326    113.348     42.994  41.123292     1.6590      7.230   226.3931 8.3380e+01     1.2266      4.095      5.939    23.4310   997.4756 0.0000e+00
      4.196      0.068     6.7494    113.121     43.124  41.156027     1.7107      7.230   226.4188 8.2047e+01     1.3431      4.114      5.966    23.2813   997.5116 0.0000e+00
      4.219      0.066     6.7847    112.680     43.189  41.155067     1.7502      7.231   226.5040 7.9776e+01     1.4106      4.138      6.003    23.0924   997.5568 0.0000e+00
      4.238      0.062     6.8153    112.019     43.184  41.111596     1.7640      7.231   226.6494 8.1727e+01     1.3909      4.160      6.032    22.9493   997.5908 0.0000e+00
      4.251      0.057     6.8313    111.234     43.110  41.011211     1.7823      7.231   226.8004 8.3897e+01     1.3801      4.169      6.047    22.8089   997.6240 0.0000e+00
      4.262      0.052     6.8321    110.409     43.039  40.893395     1.8093      7.232   226.9522 8.0862e+01     1.4170      4.179      6.061    22.6978   997.6501 0.0000e+00
      4.273      0.049     6.8160    109.570     43.064  40.829548     1.8231      7.233   227.1084 7.8815e+01     1.4593      4.191      6.078    22.6317   997.6656 0.0000e+00
      4.284      0.048     6.7776    108.729     43.091  40.746894     1.8253      7.233   227.2258 8.0458e+01     1.4455      4.200      6.093    22.5885   997.6757 0.0000e+00
      4.296      0.049     6.7316    107.919     43.039  40.592088     1.8645      7.233   227.3394 7.9294e+01     1.3885      4.212      6.109    22.5674   997.6806 0.0000e+00
      4.310      0.050     6.6866    107.163     43.048  40.481003     1.9150      7.234   227.4490 7.6270e+01     1.3532      4.227      6.131    22.5235   997.6909 0.0000e+00
      4.325      0.051     6.6502    106.422     43.189  40.482633     1.9405      7.235   227.6048 7.6202e+01     1.3954      4.242      6.152    22.4115   997.7170 0.0000e+00
      4.338      0.051     6.6167    105.579     43.294  40.484673     1.9634      7.235   227.8471 7.7248e+01     1.4869      4.254      6.170    22.2649   997.7507 0.0000e+00
      4.350      0.052     6.5800    104.620     43.239  40.378584     2.0204      7.233   228.1414 7.6360e+01     1.4983      4.266      6.187    22.1586   997.7751 0.0000e+00
      4.361      0.055     6.5510    103.705     43.134  40.215404     2.1048      7.231   228.4095 7.5010e+01     1.4303      4.277      6.203    22.0281   997.8048 0.0000e+00
      4.374      0.057     6.5326    102.852     43.118  40.098383     2.1448      7.231   228.6805 7.5226e+01     1.3855      4.290      6.221    21.8396   997.8476 0.0000e+00
      4.389      0.059     6.4977    101.954     43.178  40.042566     2.1611      7.230   229.0084 7.5754e+01     1.3691      4.302      6.239    21.7260   997.8732 0.0000e+00
      4.407      0.062     6.4346    100.999     43.232  39.984659     2.2351      7.228   229.2760 7.4293e+01     1.4377      4.322      6.269    21.6964   997.8799 0.0000e+00
      4.426      0.066     6.3864     99.976     43.279  39.905858     2.3332      7.226   229.4210 7.2082e+01     1.5970      4.342      6.298    21.6347   997.8938 0.0000e+00
      4.441      0.069     6.3560     98.924     43.376  39.851266     2.3649      7.224   229.4705 7.2079e+01     1.6816      4.353      6.313    21.4959   997.9248 0.0000e+00
      4.456      0.070     6.3153     97.870     43.515  39.832157     2.3519      7.223   229.5311 7.2525e+01     1.6710      4.369      6.336    21.3559   997.9558 0.0000e+00
      4.475      0.070     6.2713     96.706     43.616  39.801550     2.3674      7.222   229.7237 7.0782e+01     1.6747      4.388      6.365    21.2475   997.9797 0.0000e+00
      4.495      0.070     6.2236     95.368     43.649  39.734913     2.4087      7.221   229.9071 6.9109e+01     1.6918      4.409      6.394    21.1099   998.0099 0.0000e+00
      4.515      0.070     6.1760     93.840     43.666  39.661033     2.4410      7.221   229.8547 6.9156e+01     1.7063      4.430      6.424    20.9333   998.0483 0.0000e+00
      4.532      0.068     6.1376     92.140     43.720  39.606327     2.4432      7.220   229.6931 6.9246e+01     1.7125      4.445      6.446    20.7525   998.0873 0.0000e+00
      4.548      0.063     6.0821     90.376     43.809  39.581085     2.4257      7.220   229.6731 6.8131e+01     1.6642      4.458      6.466    20.6089   998.1181 0.0000e+00
      4.565      0.059     6.0095     88.643     43.855  39.546094     2.4199      7.221   229.7848 6.6634e+01     1.6363      4.477      6.493    20.5081   998.1395 0.0000e+00
      4.580      0.057     5.9257     87.038     43.776  39.437026     2.4300      7.221   230.0109 6.6592e+01     1.6849      4.492      6.515    20.4191   998.1584 0.0000e+00
      4.592      0.055     5.8274     85.570     43.636  39.277822     2.4339      7.220   230.3430 6.6921e+01     1.7364      4.502      6.530    20.2936   998.1848 0.0000e+00
      4.605      0.054     5.7317     84.210     43.549  39.144391     2.4288      7.219   230.7035 6.5841e+01     1.7439      4.516      6.549    20.1552   998.2138 0.0000e+00
      4.618      0.054     5.6282     83.042     43.490  39.029547     2.4819      7.219   231.0137 6.4751e+01     1.7075      4.529      6.568    20.0631   998.2329 0.0000e+00
      4.632      0.057     5.5292     82.144     43.414  38.904666     2.6086      7.218   231.1681 6.4566e+01     1.6744      4.543      6.589    20.0346   998.2389 0.0000e+00
      4.644      0.062     5.4408     81.515     43.273  38.713344     2.6928      7.217   231.1939 6.4072e+01     1.6522      4.555      6.605    20.0204   998.2418 0.0000e+00
      4.659      0.066     5.3580     81.049     43.058  38.429808     2.7091      7.215   231.3247 6.2452e+01     1.6454      4.567      6.624    19.9389   998.2585 0.0000e+00
      4.679      0.070     5.2918     80.636     42.952  38.205393     2.7201      7.214   231.6312 6.1539e+01     1.6604      4.588      6.655    19.8593   998.2750 0.0000e+00
      4.700      0.073     5.2383     80.231     42.991  38.094178     2.7297      7.213   231.8892 6.1904e+01     1.6622      4.610      6.686    19.8078   998.2857 0.0000e+00
      4.720      0.074     5.2096     79.799     43.076  38.036906     2.7400      7.212   232.0346 6.1264e+01     1.6667      4.629      6.714    19.7325   998.3010 0.0000e+00
      4.739      0.072     5.1922     79.336     43.187  38.020473     2.7580      7.211   232.1845 5.9729e+01     1.6817      4.647      6.740    19.6429   998.3192 0.0000e+00
      4.759      0.067     5.1826     78.797     43.280  38.022261     2.7473      7.211   232.3254 5.8583e+01     1.6708      4.667      6.769    19.4776   998.3526 0.0000e+00
      4.776      0.062     5.1782     78.087     43.364  38.058425     2.7058      7.211   232.4470 5.8087e+01     1.6378      4.687      6.798    19.2888   998.3904 0.0000e+00
      4.790      0.058     5.1641     77.216     43.404  38.076886     2.6848      7.211   232.6228 5.8101e+01     1.6262      4.698      6.814    19.1454   998.4189 0.0000e+00
      4.803      0.055     5.1500     76.303     43.317  37.991589     2.6941      7.211   232.6440 5.7365e+01     1.6676      4.709      6.829    18.9993   998.4477 0.0000e+00
      4.816      0.052     5.1290     75.412     43.254  37.915611     2.7041      7.210   232.4458 5.6216e+01     1.6925      4.723      6.849    18.8981   998.4675 0.0000e+00
      4.828      0.049     5.0858     74.559     43.296  37.919791     2.7015      7.209   232.3771 5.5799e+01     1.6525      4.734      6.867    18.8740   998.4722 0.0000e+00
      4.842      0.048     5.0258     73.751     43.300  37.915147     2.6906      7.208   232.5871 5.5141e+01     1.6300      4.747      6.886    18.8539   998.4762 0.0000e+00
      4.856      0.049     4.9665     73.029     43.316  37.922927     2.6781      7.207   232.9209 5.4547e+01     1.6274      4.765      6.910    18.8529   998.4765 0.0000e+00
      4.866      0.052     4.9088     72.439     43.391  37.950391     2.6739      7.205   233.1430 5.4500e+01     1.6206      4.773      6.922    18.8422   998.4786 0.0000e+00
      4.875      0.055     4.8613     71.937     43.409  37.929827     2.6393      7.204   233.2937 5.4918e+01     1.6163      4.778      6.930    18.7625   998.4941 0.0000e+00
      4.888      0.058     4.8073     71.490     43.359  37.864638     2.5553      7.204   233.4527 5.5023e+01     1.6102      4.793      6.950    18.7739   998.4919 0.0000e+00
      4.907      0.061     4.7544     71.105     43.320  37.796813     2.4971      7.202   233.5166 5.3025e+01     1.6154      4.812      6.979    18.7995   998.4870 0.0000e+00
      4.926      0.064     4.7268     70.781     43.330  37.744369     2.4888      7.201   233.6361 5.1303e+01     1.6104      4.830      7.006    18.7189   998.5027 0.0000e+00
      4.945      0.065     4.6987     70.531     43.350  37.674709     2.4943      7.201   233.7787 5.1333e+01     1.6527      4.850      7.034    18.6736   998.5115 0.0000e+00
      4.960      0.064     4.6693     70.340     43.388  37.589097     2.4968      7.201   233.7783 5.0975e+01     1.7822      4.865      7.057    18.6691   998.5125 0.0000e+00
      4.975      0.062     4.6480     70.085     43.487  37.534117     2.4903      7.200   233.8023 5.0193e+01     1.8722      4.876      7.073    18.6315   998.5196 0.0000e+00
      4.990      0.058     4.6338     69.697     43.625  37.517474     2.4822      7.200   233.8109 4.9428e+01     1.8825      4.892      7.096    18.5583   998.5338 0.0000e+00
      5.006      0.054     4.6247     69.200     43.747  37.514621     2.4842      7.200   233.7968 4.8528e+01     1.8732      4.910      7.121    18.4646   998.5518 0.0000e+00
