Data/DataNotYetUploadedToEDI/Raw_CTD/RawDownloads/072919_fcr30.cnv
* Sea-Bird SBE19plus  Data File:
* FileName = C:\DATA\0772919_fcr_0003.hex
* Software version 2.8.0.119
* Temperature SN = 7809
* Conductivity SN = 7809
* System UpLoad Time = Jul 29 2019 16:12:15
* <ApplicationData>
* <Seaterm232>
# nquan = 18
# nvalues = 413                         
# units = specified
# name 0 = depFM: Depth [fresh water, m]
# name 1 = tv290C: Temperature [ITS-90, deg C]
# name 2 = sbeox0Mg/L: Oxygen, SBE 43 [mg/l]
# name 3 = sbeox0PS: Oxygen, SBE 43 [% saturation]
# name 4 = c0uS/cm: Conductivity [uS/cm]
# name 5 = specc: Specific Conductance [uS/cm]
# name 6 = ph: pH
# name 7 = orp: Oxidation Reduction Potential [mV]
# name 8 = flECO-AFL: Fluorescence, WET Labs ECO-AFL/FL [mg/m^3]
# name 9 = turbWETntu0: Turbidity, WET Labs ECO [NTU]
# name 10 = sal00: Salinity, Practical [PSU]
# name 11 = dz/dtM: Descent Rate [m/s]
# name 12 = prdM: Pressure, Strain Gauge [db]
# name 13 = prdE: Pressure, Strain Gauge [psi]
# name 14 = scan: Scan Count
# name 15 = par/sat/log: PAR/Logarithmic, Satlantic
# name 16 = density00: Density [density, kg/m^3]
# name 17 = flag:  0.000e+00
# span 0 =     -0.543,      5.467       
# span 1 =    11.4281,    26.3715       
# span 2 =    -0.0649,    10.7587       
# span 3 =     -0.648,    127.432       
# span 4 =   3.779947,  51.466189       
# span 5 =      3.785,     66.034       
# span 6 =      7.120,      8.645       
# span 7 =  -197.0589,   438.0722       
# span 8 =    -1.3538,    35.5234       
# span 9 =    -0.6575,   918.5023       
# span 10 =     0.0121,     0.0336      
# span 11 =     -0.015,      0.202      
# span 12 =     -0.532,      5.361      
# span 13 =     -0.772,      7.775      
# span 14 =          1,        413      
# span 15 = 5.7353e-01, 2.0891e+03      
# span 16 =   996.7048,   999.6057      
# span 17 = 0.0000e+00, 0.0000e+00      
# interval = seconds: 0.25
# start_time = Jul 29 2019 11:44:43 [Instrument's time stamp, header]
# bad_flag = -9.990e-29
*END*
[from data line 322]
      4.571    12.7651     0.1338      1.260  43.726100     57.543      7.806   214.9037     6.3787     6.9561     0.0294      0.091      4.480      6.497        323 3.0683e+00   999.4277 0.0000e+00
      4.593    12.7475     0.1318      1.242  43.760043     57.807      7.800   214.6387     6.3825     7.0282     0.0295      0.108      4.503      6.530        324 2.9194e+00   999.4433 0.0000e+00
      4.610    12.7520     0.1286      1.213  43.956613     58.253      7.796   214.0708     6.3635     6.8840     0.0296      0.116      4.520      6.555        325 2.8575e+00   999.4527 0.0000e+00
      4.622    12.7488     0.1301      1.226  43.866919     58.020      7.790   213.7680     6.4054     6.9417     0.0295      0.116      4.533      6.575        326 2.7822e+00   999.4549 0.0000e+00
      4.636    12.7360     0.1287      1.211  43.723451     58.012      7.787   213.4651     4.8986     7.8357     0.0295      0.107      4.545      6.592        327 2.7541e+00   999.4544 0.0000e+00
      4.647    12.7257     0.1292      1.214  43.571879     57.573      7.786   213.0865     4.8833     7.7925     0.0293      0.091      4.557      6.609        328 2.7153e+00   999.4548 0.0000e+00
      4.658    12.7258     0.1320      1.238  43.640502     57.964      7.782   212.7837     4.9062     7.8069     0.0295      0.074      4.569      6.627        329 2.6271e+00   999.4564 0.0000e+00
      4.675    12.7212     0.1345      1.260  42.926563     56.794      7.781   212.5187     4.8910     7.7348     0.0290      0.061      4.584      6.649        330 2.5640e+00   999.4574 0.0000e+00
      4.690    12.6896     0.1328      1.243  41.910883     55.610      7.776   212.1022     1.9650     7.8213     0.0285      0.055      4.599      6.670        331 2.4919e+00   999.4571 0.0000e+00
      4.702    12.6537     0.1315      1.230  41.050734     54.355      7.774   211.5722     1.9765     7.8790     0.0279      0.053      4.611      6.687        332 2.4600e+00   999.4573 0.0000e+00
      4.712    12.6493     0.1225      1.145  41.180876     54.589      7.770   211.4587     1.9269     7.7204     0.0280      0.051      4.621      6.702        333 2.4105e+00   999.4613 0.0000e+00
      4.722    12.6799     0.1271      1.188  41.660002     55.419      7.769   211.2315     1.9345     7.7348     0.0283      0.050      4.630      6.715        334 2.3872e+00   999.4660 0.0000e+00
      4.729    12.7040     0.1208      1.130  41.284485     54.722      7.768   211.1937     1.9269     7.8069     0.0280      0.048      4.637      6.726        335 2.3874e+00   999.4664 0.0000e+00
      4.735    12.6848     0.1196      1.117  41.084983     54.602      7.761   210.8529     1.6560     8.7875     0.0280      0.045      4.646      6.739        336 2.3167e+00   999.4625 0.0000e+00
      4.751    12.6284     0.1219      1.138  40.070452     53.121      7.761   210.8151     1.6484     8.7298     0.0274      0.042      4.660      6.758        337 2.2511e+00   999.4592 0.0000e+00
      4.768    12.5473     0.1310      1.222  38.604790     51.185      7.760   210.6258     1.6408     8.6577     0.0265      0.042      4.675      6.780        338 2.1936e+00   999.4610 0.0000e+00
      4.781    12.4639     0.1402      1.307  37.662709     50.074      7.760   210.2851     1.6217     8.7298     0.0260      0.043      4.688      6.798        339 2.1664e+00   999.4675 0.0000e+00
      4.790    12.4061     0.1605      1.497  37.093479     49.327      7.760   209.7929     1.2669    10.3448     0.0256      0.044      4.698      6.813        340 2.1563e+00   999.4771 0.0000e+00
      4.799    12.3736     0.1856      1.732  37.446057     49.998      7.761   209.5279     1.2822    10.4313     0.0259      0.045      4.708      6.828        341 2.0950e+00   999.4874 0.0000e+00
      4.814    12.3533     0.2065      1.925  37.549975     50.223      7.760   209.6415     1.2822    10.3304     0.0260      0.047      4.720      6.847        342 2.0486e+00   999.4946 0.0000e+00
      4.828    12.3347     0.2400      2.236  36.816008     49.221      7.762   209.4144     1.2402    10.3160     0.0255      0.049      4.733      6.865        343 2.0347e+00   999.4982 0.0000e+00
      4.838    12.3292     0.2688      2.501  36.373839     48.686      7.757   210.3229     1.3470    12.3059     0.0253      0.049      4.746      6.884        344 2.0052e+00   999.5004 0.0000e+00
      4.854    12.3281     0.3032      2.818  36.529530     48.898      7.757   210.2094     1.3013    12.4068     0.0254      0.048      4.761      6.905        345 1.9300e+00   999.5027 0.0000e+00
      4.873    12.2993     0.3478      3.230  36.325901     48.719      7.758   209.9444     1.3470    12.3636     0.0253      0.050      4.778      6.930        346 1.8479e+00   999.5033 0.0000e+00
      4.890    12.2530     0.4000      3.714  35.678933     47.708      7.760   209.8308     1.3356    12.4357     0.0249      0.053      4.793      6.951        347 1.8049e+00   999.5034 0.0000e+00
      4.898    12.2172     0.4819      4.474  35.319497     47.410      7.759   209.9065     1.2326    14.6130     0.0247      0.055      4.803      6.966        348 1.7877e+00   999.5066 0.0000e+00
      4.904    12.2127     0.5859      5.437  35.439663     47.468      7.760   210.1337     1.2135    14.5554     0.0247      0.055      4.810      6.976        349 1.7800e+00   999.5122 0.0000e+00
      4.912    12.2301     0.7090      6.576  35.677582     48.041      7.760   210.6637     1.2250    14.6130     0.0249      0.051      4.820      6.990        350 1.7380e+00   999.5165 0.0000e+00
      4.928    12.2340     0.8295      7.694  35.705016     47.858      7.763   211.0044     1.2250    14.6563     0.0249      0.049      4.834      7.011        351 1.6987e+00   999.5171 0.0000e+00
      4.948    12.2105     0.9344      8.665  35.524060     47.835      7.761   211.0422     1.1868    15.8099     0.0249      0.049      4.851      7.036        352 1.6555e+00   999.5150 0.0000e+00
      4.963    12.1731     1.0291      9.538  35.043388     46.929      7.762   210.7772     1.1945    15.7234     0.0245      0.049      4.867      7.059        353 1.5988e+00   999.5144 0.0000e+00
      4.978    12.1199     1.1010     10.197  34.702974     46.735      7.760   211.6101     1.2021    15.7378     0.0244      0.050      4.883      7.081        354 1.5670e+00   999.5171 0.0000e+00
      4.997    12.0597     1.1535     10.679  34.258603     45.992      7.764   211.8751     1.2326    15.8387     0.0240      0.054      4.899      7.106        355 1.5390e+00   999.5214 0.0000e+00
      5.013    12.0268     1.2008     11.108  33.877717     45.683      7.761   212.1022     1.1945    15.7234     0.0239      0.059      4.915      7.128        356 1.4855e+00   999.5275 0.0000e+00
      5.026    12.0190     1.2534     11.586  33.932440     45.720      7.764   212.1022     1.0266    16.9779     0.0239      0.063      4.928      7.148        357 1.4322e+00   999.5345 0.0000e+00
      5.038    12.0097     1.3185     12.182  34.101629     46.100      7.763   212.3672     1.0228    16.9923     0.0240      0.063      4.939      7.164        358 1.4254e+00   999.5384 0.0000e+00
      5.048    11.9933     1.3996     12.926  34.082028     45.996      7.762   212.5565     1.0037    17.0067     0.0240      0.059      4.949      7.178        359 1.4113e+00   999.5393 0.0000e+00
      5.055    11.9791     1.4991     13.839  33.927208     45.857      7.762   212.7458     1.0381    17.1077     0.0239      0.054      4.957      7.189        360 1.4195e+00   999.5404 0.0000e+00
      5.059    11.9741     1.6010     14.771  33.909089     45.802      7.761   213.0865     1.1868    17.9584     0.0239      0.049      4.962      7.198        361 1.4252e+00   999.5423 0.0000e+00
      5.066    11.9697     1.7216     15.870  33.956423     45.933      7.759   213.4272     1.1983    17.9296     0.0239      0.042      4.972      7.211        362 1.3629e+00   999.5440 0.0000e+00
      5.084    11.9417     1.8289     16.846  33.779412     45.674      7.761   213.5408     1.2097    17.8287     0.0238      0.039      4.988      7.235        363 1.2960e+00   999.5446 0.0000e+00
      5.109    11.9096     1.9402     17.866  33.418219     45.188      7.761   214.2222     1.2173    17.9296     0.0236      0.041      5.009      7.265        364 1.2400e+00   999.5450 0.0000e+00
      5.130    11.8932     2.0530     18.914  33.309559     45.071      7.762   214.1087     1.1754    18.7083     0.0235      0.047      5.028      7.293        365 1.1954e+00   999.5483 0.0000e+00
      5.143    11.8613     2.1767     20.055  33.233128     45.037      7.760   214.1844     1.1372    18.5929     0.0235      0.052      5.043      7.313        366 1.1883e+00   999.5519 0.0000e+00
      5.153    11.8265     2.3002     21.191  33.009622     44.713      7.761   214.3737     1.1601    18.4775     0.0234      0.057      5.053      7.329        367 1.1812e+00   999.5537 0.0000e+00
      5.163    11.8072     2.4417     22.483  32.935839     44.679      7.760   214.5630     1.1563    18.5208     0.0233      0.060      5.063      7.344        368 1.1398e+00   999.5574 0.0000e+00
      5.173    11.7881     2.5595     23.543  32.939763     44.720      7.757   214.7144     1.2250    18.1459     0.0233      0.060      5.074      7.359        369 1.1273e+00   999.5613 0.0000e+00
      5.185    11.7699     2.6590     24.436  32.767710     44.516      7.758   215.3580     1.2097    18.1315     0.0232      0.057      5.087      7.378        370 1.0894e+00   999.5634 0.0000e+00
      5.204    11.7440     2.7515     25.271  32.527730     44.198      7.758   215.6987     1.2250    18.1026     0.0231      0.053      5.104      7.401        371 1.0328e+00   999.5655 0.0000e+00
      5.222    11.7082     2.8127     25.830  32.349519     43.992      7.760   215.5094     1.1868    18.0882     0.0230      0.051      5.120      7.425        372 1.0040e+00   999.5676 0.0000e+00
      5.235    11.6726     2.8685     26.343  32.248753     43.870      7.755   215.8880     0.9122    16.8481     0.0229      0.051      5.132      7.444        373 9.5735e-01   999.5705 0.0000e+00
      5.245    11.6633     2.9388     26.972  32.238328     43.914      7.758   216.1530     0.9198    17.0211     0.0229      0.053      5.142      7.458        374 9.4542e-01   999.5744 0.0000e+00
      5.251    11.6806     2.9942     27.455  32.362507     44.108      7.755   216.1530     0.9236    16.7760     0.0230      0.052      5.152      7.472        375 9.2628e-01   999.5785 0.0000e+00
      5.265    11.6846     3.0404     27.863  32.331263     44.122      7.753   215.9637     0.9274    16.7760     0.0230      0.052      5.164      7.490        376 8.9776e-01   999.5796 0.0000e+00
      5.281    11.6786     3.0922     28.332  32.129070     43.754      7.753   216.2287     0.8893    16.8914     0.0229      0.052      5.179      7.511        377 8.7952e-01   999.5777 0.0000e+00
      5.295    11.6565     3.1519     28.877  32.080801     43.753      7.755   216.3422     0.9160    15.7666     0.0229      0.050      5.193      7.532        378 8.5449e-01   999.5772 0.0000e+00
      5.311    11.6134     3.2200     29.498  31.946890     43.529      7.752   216.7587     0.9236    15.6801     0.0228      0.049      5.208      7.552        379 8.1324e-01   999.5779 0.0000e+00
      5.325    11.5729     3.2999     30.232  31.792026     43.366      7.753   216.9101     0.9312    15.7810     0.0227      0.050      5.221      7.572        380 7.7788e-01   999.5803 0.0000e+00
      5.335    11.5464     3.3672     30.852  31.680955     43.265      7.750   216.9480     0.9045    15.6080     0.0226      0.052      5.233      7.590        381 7.7901e-01   999.5851 0.0000e+00
      5.349    11.5420     3.4211     31.344  31.699957     43.313      7.751   217.2130     0.7710    14.6130     0.0226      0.054      5.247      7.610        382 7.4244e-01   999.5896 0.0000e+00
      5.366    11.5416     3.4728     31.813  31.738765     43.459      7.749   217.3265     0.7901    14.5698     0.0227      0.056      5.263      7.633        383 6.9107e-01   999.5925 0.0000e+00
      5.386    11.5154     3.5090     32.141  31.543783     43.120      7.749   217.2130     0.7825    14.6275     0.0225      0.057      5.281      7.659        384 6.6915e-01   999.5930 0.0000e+00
      5.405    11.4755     3.5246     32.286  31.379670     42.967      7.748   217.2887     0.7939    14.4977     0.0225      0.059      5.298      7.684        385 6.3701e-01   999.5930 0.0000e+00
      5.418    11.4505     3.5175     32.229  31.291180     42.807      7.744   217.0615     0.7863    13.0557     0.0224      0.060      5.311      7.703        386 6.2587e-01   999.5960 0.0000e+00
      5.426    11.4416     3.4991     32.086  31.328006     42.970      7.743   217.3265     0.7977    13.0845     0.0224      0.060      5.321      7.718        387 6.2160e-01   999.6004 0.0000e+00
      5.436    11.4381     3.4605     31.766  31.363482     42.998      7.745   216.9480     0.7596    12.9980     0.0224      0.058      5.330      7.731        388 6.0414e-01   999.6031 0.0000e+00
      5.443    11.4346     3.4247     31.453  31.335926     43.009      7.741   217.7808     0.8130    13.0990     0.0224      0.055      5.337      7.740        389 6.1188e-01   999.6040 0.0000e+00
      5.446    11.4371     3.3908     31.141  31.362303     43.013      7.740   217.5537     0.7367    11.9454     0.0224      0.048      5.341      7.746        390 6.0177e-01   999.6045 0.0000e+00
      5.450    11.4419     3.3561     30.814  31.389914     43.094      7.734   217.6672     0.7176    11.9886     0.0225      0.040      5.343      7.750        391 5.9497e-01   999.6048 0.0000e+00
      5.451    11.4404     3.3172     30.447  31.390450     43.053      7.733   217.4780     0.7176    11.8589     0.0225      0.031      5.345      7.753        392 6.1886e-01   999.6046 0.0000e+00
      5.453    11.4332     3.2710     30.024  31.450521     43.162      7.733   217.5537     0.7558    11.9886     0.0225      0.023      5.347      7.756        393 6.1577e-01   999.6041 0.0000e+00
      5.454    11.4281     3.2225     29.589  31.463299     43.164      7.729   217.4022     0.8816    11.6282     0.0225      0.017      5.349      7.758        394 5.9297e-01   999.6043 0.0000e+00
      5.457    11.4303     3.1676     29.085  31.463434     43.172      7.728   217.7051     0.9122    11.6714     0.0225      0.013      5.351      7.760        395 5.9063e-01   999.6051 0.0000e+00
      5.457    11.4417     3.1230     28.674  31.509611     43.255      7.725   217.8565     0.8969    11.7002     0.0225      0.010      5.352      7.762        396 5.9450e-01   999.6057 0.0000e+00
      5.458    11.4769     3.0724     28.227  31.465091     43.175      7.723   218.0837     0.9007    11.6137     0.0225      0.007      5.353      7.764        397 5.8543e-01   999.6054 0.0000e+00
      5.460    11.5222     3.0284     27.853  31.578094     43.316      7.723   218.2730     0.9007    11.6858     0.0226      0.007      5.355      7.766        398 5.9609e-01   999.6043 0.0000e+00
      5.461    11.5445     2.9891     27.534  31.694888     43.465      7.717   218.2730     0.7710    12.1905     0.0227      0.006      5.356      7.768        399 5.9346e-01   999.6005 0.0000e+00
      5.462    11.5438     2.9565     27.286  31.704902     43.372      7.715   218.4244     0.7825    12.2049     0.0226      0.006      5.357      7.769        400 5.7353e-01   999.5956 0.0000e+00
      5.463    11.5311     2.9160     26.967  31.802646     43.537      7.713   218.2730     0.8015    12.2049     0.0227      0.005      5.357      7.770        401 5.9529e-01   999.5932 0.0000e+00
      5.463    11.5187 -9.990e-29 -9.990e-29  31.839897     43.538      7.713   218.1215     0.8092    12.1328     0.0227      0.004      5.358      7.771        402 5.9076e-01   999.5933 0.0000e+00
