Data/DataNotYetUploadedToEDI/Raw_CTD/RawDownloads/072919_fcr45.cnv
* Sea-Bird SBE19plus  Data File:
* FileName = C:\DATA\0772919_fcr_0004.hex
* Software version 2.8.0.119
* Temperature SN = 7809
* Conductivity SN = 7809
* System UpLoad Time = Jul 29 2019 16:12:34
* <ApplicationData>
* <Seaterm232>
# nquan = 18
# nvalues = 553                         
# units = specified
# name 0 = depFM: Depth [fresh water, m]
# name 1 = tv290C: Temperature [ITS-90, deg C]
# name 2 = sbeox0Mg/L: Oxygen, SBE 43 [mg/l]
# name 3 = sbeox0PS: Oxygen, SBE 43 [% saturation]
# name 4 = c0uS/cm: Conductivity [uS/cm]
# name 5 = specc: Specific Conductance [uS/cm]
# name 6 = ph: pH
# name 7 = orp: Oxidation Reduction Potential [mV]
# name 8 = flECO-AFL: Fluorescence, WET Labs ECO-AFL/FL [mg/m^3]
# name 9 = turbWETntu0: Turbidity, WET Labs ECO [NTU]
# name 10 = sal00: Salinity, Practical [PSU]
# name 11 = dz/dtM: Descent Rate [m/s]
# name 12 = prdM: Pressure, Strain Gauge [db]
# name 13 = prdE: Pressure, Strain Gauge [psi]
# name 14 = scan: Scan Count
# name 15 = par/sat/log: PAR/Logarithmic, Satlantic
# name 16 = density00: Density [density, kg/m^3]
# name 17 = flag:  0.000e+00
# span 0 =     -0.539,      6.647       
# span 1 =    11.0562,    26.0288       
# span 2 =    -0.0349,    11.8329       
# span 3 =     -0.333,    142.300       
# span 4 =   1.249210,  37.875654       
# span 5 =      1.364,     49.401       
# span 6 =      7.227,     11.226       
# span 7 =  -256.0405,   995.4823       
# span 8 =    -0.3467,    29.6945       
# span 9 =    -1.5948,    15.8387       
# span 10 =     0.0106,     0.0251      
# span 11 =     -0.028,      0.298      
# span 12 =     -0.528,      6.518      
# span 13 =     -0.766,      9.453      
# span 14 =          1,        553      
# span 15 = 1.2204e-01, 2.5360e+03      
# span 16 =   996.7971,   999.6498      
# span 17 = 0.0000e+00, 0.0000e+00      
# interval = seconds: 0.25
# start_time = Jul 29 2019 11:48:44 [Instrument's time stamp, header]
# bad_flag = -9.990e-29
*END*
[from data line 322]
      4.034    14.6081     0.8737      8.437  31.317081     39.305      8.332   234.2487     5.0626     1.7506     0.0222      0.057      3.957      5.739        323 1.5035e+01   999.1661 0.0000e+00
      4.059    14.4621     0.7385      7.119  31.617007     39.825      8.329   235.0437     5.0741     1.7794     0.0224      0.065      3.979      5.772        324 1.4764e+01   999.1810 0.0000e+00
      4.079    14.3135     0.6157      5.928  32.050413     40.449      8.327   235.1573     5.0893     1.7506     0.0226      0.072      3.997      5.798        325 1.4624e+01   999.1956 0.0000e+00
      4.091    14.2272     0.5003      4.809  32.140678     40.742      8.326   234.9302     5.0779     1.7939     0.0227      0.077      4.011      5.818        326 1.4529e+01   999.2169 0.0000e+00
      4.103    14.1779     0.3756      3.605  31.949166     40.613      8.322   235.0437     5.0626     1.8660     0.0226      0.077      4.023      5.836        327 1.4356e+01   999.2383 0.0000e+00
      4.116    14.1436     0.2459      2.359  32.259177     41.094      8.316   235.6494     4.7651     2.0102     0.0228      0.074      4.035      5.853        328 1.4239e+01   999.2507 0.0000e+00
      4.126    14.1195     0.1420      1.361  32.851207     41.963      8.314   235.8766     4.7765     1.9669     0.0231      0.067      4.047      5.869        329 1.4178e+01   999.2580 0.0000e+00
      4.138    14.0639     0.0565      0.540  33.079091     42.217      8.309   236.7094     4.7880     2.0102     0.0232      0.060      4.061      5.890        330 1.3877e+01   999.2629 0.0000e+00
      4.160    13.9744    -0.0015     -0.014  33.575632     42.917      8.304   236.8609     4.7841     1.9813     0.0235      0.056      4.079      5.917        331 1.3570e+01   999.2666 0.0000e+00
      4.180    13.8737    -0.0349     -0.333  34.248205     43.838      8.303   237.0502     4.5896     1.9381     0.0239      0.055      4.098      5.945        332 1.3357e+01   999.2748 0.0000e+00
      4.198    13.7757    -0.0332     -0.316  34.731178     44.546      8.299   237.6937     4.6087     2.0102     0.0241      0.058      4.117      5.972        333 1.3113e+01   999.2877 0.0000e+00
      4.219    13.7007    -0.0224     -0.214  34.959992     44.987      8.293   238.2237     4.6048     1.9525     0.0243      0.063      4.136      5.999        334 1.2914e+01   999.3018 0.0000e+00
      4.235    13.6409     0.0032      0.031  34.911752     44.991      8.289   239.1323     4.5934     1.9236     0.0243      0.067      4.154      6.024        335 1.2674e+01   999.3153 0.0000e+00
      4.254    13.5637     0.0334      0.318  34.820891     45.008      8.283   239.1702     4.4484     2.2697     0.0242      0.070      4.170      6.048        336 1.2443e+01   999.3255 0.0000e+00
      4.268    13.4980     0.0626      0.597  34.806404     45.003      8.273   239.1323     4.4332     2.4860     0.0242      0.072      4.183      6.067        337 1.2373e+01   999.3336 0.0000e+00
      4.275    13.4693     0.0875      0.833  34.811278     45.167      8.269   239.1323     4.4256     2.4283     0.0243      0.069      4.192      6.080        338 1.2323e+01   999.3440 0.0000e+00
      4.282    13.4150     0.1132      1.075  34.814857     45.173      8.262   238.9809     4.4561     2.5004     0.0242      0.062      4.201      6.092        339 1.2154e+01   999.3529 0.0000e+00
      4.294    13.3129     0.1438      1.361  34.801979     45.277      8.257   239.2459     4.3226     2.5725     0.0243      0.056      4.211      6.107        340 1.2011e+01   999.3567 0.0000e+00
      4.303    13.2177     0.1858      1.755  34.442101     44.795      8.251   239.4730     4.3149     2.5149     0.0240      0.050      4.221      6.122        341 1.1940e+01   999.3638 0.0000e+00
      4.315    13.1750     0.2540      2.397  34.255233     44.698      8.246   240.0409     4.3149     2.4572     0.0240      0.045      4.232      6.139        342 1.1833e+01   999.3771 0.0000e+00
      4.330    13.1779     0.3578      3.374  34.412287     45.028      8.242   240.7602     4.3264     2.6590     0.0241      0.043      4.246      6.158        343 1.1652e+01   999.3897 0.0000e+00
      4.344    13.2026     0.5056      4.762  34.483750     45.153      8.233   241.0630     4.3226     2.7311     0.0241      0.042      4.260      6.178        344 1.1476e+01   999.3954 0.0000e+00
      4.356    13.2191     0.6937      6.527  34.344114     45.001      8.229   241.6309     4.3187     2.7888     0.0240      0.044      4.274      6.198        345 1.1311e+01   999.3949 0.0000e+00
      4.374    13.2220     0.9152      8.599  34.111946     44.608      8.223   242.7666     4.3035     2.7888     0.0239      0.049      4.291      6.223        346 1.1009e+01   999.3917 0.0000e+00
      4.398    13.2192     1.1269     10.580  34.180024     44.732      8.222   243.6752     4.3035     2.7311     0.0239      0.055      4.312      6.253        347 1.0761e+01   999.3897 0.0000e+00
      4.418    13.1531     1.3272     12.462  34.051958     44.550      8.216   244.3188     4.2577     3.2358     0.0239      0.060      4.332      6.282        348 1.0626e+01   999.3894 0.0000e+00
      4.434    13.0141     1.4994     14.085  33.352737     43.635      8.211   244.3188     4.2386     3.2791     0.0235      0.065      4.350      6.308        349 1.0358e+01   999.3895 0.0000e+00
      4.454    12.8744     1.6483     15.477  32.531548     42.615      8.205   245.2273     4.2119     3.2070     0.0230      0.069      4.369      6.336        350 1.0048e+01   999.3977 0.0000e+00
      4.477    12.7853     1.7574     16.484  32.318293     42.477      8.203   245.6059     4.2615     3.2791     0.0229      0.073      4.389      6.365        351 9.7559e+00   999.4155 0.0000e+00
      4.494    12.7407     1.8265     17.107  32.432975     42.857      8.201   245.6059     4.2386     3.1349     0.0230      0.076      4.405      6.389        352 9.5715e+00   999.4333 0.0000e+00
      4.504    12.7045     1.8737     17.519  32.388884     42.810      8.196   246.3630     4.5629     4.6778     0.0229      0.075      4.417      6.407        353 9.4279e+00   999.4445 0.0000e+00
      4.517    12.6620     1.9137     17.866  32.373202     42.934      8.191   247.0445     4.5591     4.5913     0.0230      0.071      4.431      6.427        354 9.1780e+00   999.4501 0.0000e+00
      4.535    12.6096     1.9728     18.388  32.274737     42.752      8.188   246.8930     4.5514     4.5769     0.0229      0.067      4.447      6.449        355 8.9552e+00   999.4546 0.0000e+00
      4.550    12.5500     2.0591     19.165  32.215147     42.801      8.186   247.3095     4.5438     4.6778     0.0229      0.064      4.462      6.470        356 8.7552e+00   999.4598 0.0000e+00
      4.564    12.5113     2.1868     20.331  32.180716     42.749      8.184   247.8395     4.0670     5.8170     0.0228      0.062      4.475      6.490        357 8.5725e+00   999.4663 0.0000e+00
      4.574    12.5173     2.3673     21.992  32.228720     42.929      8.178   248.1045     4.0784     5.8170     0.0229      0.058      4.487      6.507        358 8.4136e+00   999.4737 0.0000e+00
      4.587    12.5359     2.5898     24.042  32.303577     43.048      8.176   248.2181     4.0746     5.7449     0.0229      0.055      4.500      6.526        359 8.1421e+00   999.4784 0.0000e+00
      4.604    12.5190     2.8348     26.306  32.146830     42.855      8.172   248.7102     4.0212     5.8602     0.0228      0.055      4.516      6.550        360 7.8675e+00   999.4777 0.0000e+00
      4.624    12.4716     3.1033     28.793  31.949720     42.534      8.171   248.8238     3.3689     6.4803     0.0227      0.057      4.536      6.579        361 7.6226e+00   999.4755 0.0000e+00
      4.648    12.4050     3.3522     31.094  31.748887     42.332      8.169   249.2402     3.4299     6.5380     0.0226      0.060      4.559      6.613        362 7.2748e+00   999.4776 0.0000e+00
      4.677    12.3315     3.5727     33.134  31.478278     41.975      8.167   249.4673     3.3803     6.3505     0.0224      0.066      4.584      6.649        363 6.9609e+00   999.4833 0.0000e+00
      4.699    12.2639     3.7507     34.779  31.368021     41.938      8.163   249.5052     3.3841     6.4947     0.0224      0.073      4.608      6.683        364 6.7399e+00   999.4914 0.0000e+00
      4.721    12.1936     3.9037     36.169  31.293558     41.909      8.160   249.8459     2.2855     7.2157     0.0223      0.080      4.629      6.713        365 6.5194e+00   999.5001 0.0000e+00
      4.740    12.1289     3.9848     36.889  31.096927     41.721      8.161   249.7702     2.2969     7.2301     0.0222      0.086      4.649      6.742        366 6.3118e+00   999.5081 0.0000e+00
      4.760    12.0808     4.0266     37.242  30.931314     41.577      8.158   249.8459     2.2969     7.1580     0.0221      0.088      4.668      6.771        367 6.1112e+00   999.5164 0.0000e+00
      4.780    12.0459     4.0478     37.407  30.877508     41.573      8.154   249.6945     2.3084     7.0859     0.0221      0.088      4.686      6.797        368 5.9479e+00   999.5239 0.0000e+00
      4.795    12.0165     4.0481     37.391  30.926892     41.704      8.153   249.8459     2.2473     7.3743     0.0222      0.084      4.701      6.819        369 5.8423e+00   999.5297 0.0000e+00
      4.808    11.9988     4.0653     37.558  30.899505     41.704      8.149   250.1488     2.2283     7.3166     0.0221      0.078      4.714      6.836        370 5.7360e+00   999.5338 0.0000e+00
      4.817    11.9912     4.1002     37.903  30.881980     41.700      8.147   250.1488     2.2397     7.4897     0.0221      0.070      4.724      6.851        371 5.6747e+00   999.5371 0.0000e+00
      4.827    11.9794     4.1329     38.208  30.919086     41.795      8.142   250.0731     2.2359     7.3455     0.0222      0.063      4.734      6.866        372 5.6255e+00   999.5392 0.0000e+00
      4.837    11.9726     4.1615     38.457  30.882963     41.728      8.137   250.3759     2.2244     7.3743     0.0221      0.057      4.747      6.884        373 5.4893e+00   999.5401 0.0000e+00
      4.856    11.9629     4.1959     38.755  30.926940     41.817      8.136   250.4895     2.2244     7.4032     0.0222      0.053      4.764      6.909        374 5.2631e+00   999.5415 0.0000e+00
      4.880    11.9314     4.2087     38.852  30.864363     41.750      8.137   250.4138     2.2206     7.3743     0.0221      0.053      4.787      6.943        375 5.0850e+00   999.5424 0.0000e+00
      4.907    11.8926     4.2002     38.769  30.694195     41.494      8.135   250.9816     2.2359     7.2878     0.0220      0.058      4.812      6.980        376 4.8668e+00   999.5436 0.0000e+00
      4.936    11.8531     4.1730     38.509  30.664678     41.532      8.132   251.5116     2.2244     7.3743     0.0220      0.066      4.837      7.016        377 4.6030e+00   999.5473 0.0000e+00
      4.956    11.8162     4.1274     38.069  30.634464     41.498      8.130   251.7009     1.9231     7.7781     0.0220      0.075      4.857      7.044        378 4.4902e+00   999.5518 0.0000e+00
      4.966    11.7949     4.0724     37.539  30.613302     41.544      8.128   251.8523     1.9536     7.9655     0.0220      0.080      4.869      7.062        379 4.4417e+00   999.5563 0.0000e+00
      4.974    11.8036     4.0036     36.879  30.691030     41.661      8.125   251.9659     1.9536     7.8213     0.0220      0.081      4.878      7.075        380 4.3656e+00   999.5604 0.0000e+00
      4.983    11.8291     3.9509     36.369  30.715512     41.762      8.123   252.4581     1.9193     7.8357     0.0221      0.076      4.888      7.089        381 4.2607e+00   999.5629 0.0000e+00
      4.996    11.8322     3.8899     35.789  30.760605     41.752      8.121   253.1016     1.2975     7.8357     0.0221      0.068      4.900      7.106        382 4.1664e+00   999.5620 0.0000e+00
      5.010    11.8159     3.8448     35.358  30.812673     41.873      8.119   253.2909     1.3051     7.7925     0.0221      0.059      4.914      7.126        383 4.0496e+00   999.5593 0.0000e+00
      5.024    11.7922     3.8128     35.045  30.769217     41.718      8.118   253.7452     1.3203     7.8502     0.0221      0.052      4.929      7.149        384 3.8475e+00   999.5589 0.0000e+00
      5.046    11.7699     3.8043     34.944  30.844313     41.927      8.113   254.2374     1.3394     7.7348     0.0221      0.049      4.947      7.175        385 3.7055e+00   999.5610 0.0000e+00
      5.064    11.7633     3.8163     35.040  30.837734     41.877      8.110   254.3509     1.1830     7.5185     0.0221      0.052      4.964      7.200        386 3.6486e+00   999.5637 0.0000e+00
      5.076    11.7540     3.8651     35.483  30.866295     41.981      8.109   254.2374     1.1754     7.5618     0.0221      0.056      4.977      7.219        387 3.5570e+00   999.5662 0.0000e+00
      5.086    11.7317     3.9293     36.061  30.927286     42.062      8.107   254.5781     1.2250     7.5906     0.0222      0.059      4.990      7.238        388 3.4668e+00   999.5671 0.0000e+00
      5.104    11.7051     4.0171     36.844  30.909974     42.035      8.104   254.5024     1.1945     7.6050     0.0222      0.060      5.007      7.263        389 3.3030e+00   999.5681 0.0000e+00
      5.129    11.6747     4.1241     37.803  30.917473     42.099      8.103   255.0324     1.2975     7.1724     0.0222      0.063      5.031      7.297        390 3.0862e+00   999.5707 0.0000e+00
      5.160    11.6453     4.2254     38.711  30.829079     41.977      8.098   255.1838     1.3165     7.0715     0.0221      0.069      5.058      7.336        391 2.9562e+00   999.5738 0.0000e+00
      5.185    11.6225     4.3077     39.447  30.723715     41.898      8.094   255.0702     1.3089     7.2445     0.0221      0.075      5.082      7.371        392 2.8356e+00   999.5772 0.0000e+00
      5.203    11.6035     4.3681     39.985  30.633828     41.780      8.091   255.3352     1.3432     7.1869     0.0220      0.079      5.101      7.398        393 2.7561e+00   999.5804 0.0000e+00
      5.216    11.5798     4.4332     40.573  30.615055     41.805      8.091   255.6759     1.3280     7.1003     0.0220      0.081      5.116      7.420        394 2.7113e+00   999.5830 0.0000e+00
      5.233    11.5513     4.4692     40.912  30.569323     41.751      8.085   255.4109     1.4844     7.2157     0.0220      0.083      5.131      7.443        395 2.6343e+00   999.5852 0.0000e+00
      5.248    11.5332     4.4931     41.143  30.512987     41.701      8.082   255.4866     1.5149     7.0571     0.0219      0.082      5.145      7.463        396 2.5902e+00   999.5879 0.0000e+00
      5.258    11.5272     4.4969     41.185  30.507414     41.734      8.081   256.0166     1.5073     7.1003     0.0219      0.075      5.157      7.480        397 2.5318e+00   999.5910 0.0000e+00
      5.272    11.5129     4.4856     41.080  30.457762     41.679      8.079   256.3574     1.5111     7.1869     0.0219      0.067      5.171      7.499        398 2.4856e+00   999.5930 0.0000e+00
      5.289    11.4866     4.4446     40.702  30.456276     41.685      8.079   256.8116     1.1258     6.9129     0.0219      0.060      5.185      7.520        399 2.4255e+00   999.5937 0.0000e+00
      5.301    11.4601     4.3963     40.273  30.450012     41.701      8.075   257.1902     1.1411     6.9129     0.0219      0.056      5.198      7.539        400 2.3698e+00   999.5953 0.0000e+00
      5.313    11.4367     4.3477     39.833  30.465564     41.732      8.075   257.3038     1.1449     6.9561     0.0219      0.054      5.212      7.559        401 2.3193e+00   999.5982 0.0000e+00
      5.330    11.4173     4.3072     39.461  30.436933     41.762      8.069   257.3038     1.1449     6.9273     0.0219      0.054      5.229      7.584        402 2.2167e+00   999.6011 0.0000e+00
