Data/DataNotYetUploadedToEDI/Raw_CTD/RawDownloads/072919_fcr45.cnv
* Sea-Bird SBE19plus  Data File:
* FileName = C:\DATA\0772919_fcr_0004.hex
* Software version 2.8.0.119
* Temperature SN = 7809
* Conductivity SN = 7809
* System UpLoad Time = Jul 29 2019 16:12:34
* <ApplicationData>
* <Seaterm232>
# nquan = 18
# nvalues = 553                         
# units = specified
# name 0 = depFM: Depth [fresh water, m]
# name 1 = tv290C: Temperature [ITS-90, deg C]
# name 2 = sbeox0Mg/L: Oxygen, SBE 43 [mg/l]
# name 3 = sbeox0PS: Oxygen, SBE 43 [% saturation]
# name 4 = c0uS/cm: Conductivity [uS/cm]
# name 5 = specc: Specific Conductance [uS/cm]
# name 6 = ph: pH
# name 7 = orp: Oxidation Reduction Potential [mV]
# name 8 = flECO-AFL: Fluorescence, WET Labs ECO-AFL/FL [mg/m^3]
# name 9 = turbWETntu0: Turbidity, WET Labs ECO [NTU]
# name 10 = sal00: Salinity, Practical [PSU]
# name 11 = dz/dtM: Descent Rate [m/s]
# name 12 = prdM: Pressure, Strain Gauge [db]
# name 13 = prdE: Pressure, Strain Gauge [psi]
# name 14 = scan: Scan Count
# name 15 = par/sat/log: PAR/Logarithmic, Satlantic
# name 16 = density00: Density [density, kg/m^3]
# name 17 = flag:  0.000e+00
# span 0 =     -0.539,      6.647       
# span 1 =    11.0562,    26.0288       
# span 2 =    -0.0349,    11.8329       
# span 3 =     -0.333,    142.300       
# span 4 =   1.249210,  37.875654       
# span 5 =      1.364,     49.401       
# span 6 =      7.227,     11.226       
# span 7 =  -256.0405,   995.4823       
# span 8 =    -0.3467,    29.6945       
# span 9 =    -1.5948,    15.8387       
# span 10 =     0.0106,     0.0251      
# span 11 =     -0.028,      0.298      
# span 12 =     -0.528,      6.518      
# span 13 =     -0.766,      9.453      
# span 14 =          1,        553      
# span 15 = 1.2204e-01, 2.5360e+03      
# span 16 =   996.7971,   999.6498      
# span 17 = 0.0000e+00, 0.0000e+00      
# interval = seconds: 0.25
# start_time = Jul 29 2019 11:48:44 [Instrument's time stamp, header]
# bad_flag = -9.990e-29
*END*
[from data line 242]
      2.814    21.2922     8.6738     95.849  35.373331     38.100      8.568   205.1744    29.1681     2.2409     0.0239      0.062      2.760      4.002        243 4.2576e+01   997.9348 0.0000e+00
      2.827    21.2228     8.6932     95.765  35.365104     38.154      8.562   205.5151    26.7571     1.9381     0.0239      0.062      2.772      4.020        244 4.2068e+01   997.9491 0.0000e+00
      2.837    21.1671     8.6919     95.570  35.253214     38.076      8.558   206.0829    26.7609     1.9236     0.0239      0.059      2.784      4.037        245 4.1451e+01   997.9610 0.0000e+00
      2.852    21.1007     8.6772     95.249  35.216274     38.074      8.552   206.8022    26.7762     1.9525     0.0239      0.056      2.799      4.059        246 4.0347e+01   997.9762 0.0000e+00
      2.873    20.9626     8.6170     94.447  35.114774     38.060      8.547   207.7108    26.7915     1.9525     0.0238      0.056      2.817      4.086        247 3.9151e+01   997.9884 0.0000e+00
      2.892    20.8192     8.5469     93.566  34.875802     37.778      8.538   207.9758    23.1179     1.6208     0.0237      0.058      2.835      4.111        248 3.8469e+01   998.0030 0.0000e+00
      2.906    20.6945     8.4636     92.455  34.802527     37.895      8.534   208.6951    23.1026     1.7650     0.0237      0.060      2.851      4.135        249 3.7784e+01   998.0329 0.0000e+00
      2.924    20.5723     8.4080     91.670  34.643005     37.769      8.530   209.6415    23.1102     1.7362     0.0236      0.062      2.868      4.160        250 3.6752e+01   998.0639 0.0000e+00
      2.945    20.4804     8.3675     91.157  34.511376     37.780      8.527   209.8308    23.1255     1.7939     0.0236      0.065      2.887      4.186        251 3.5864e+01   998.0907 0.0000e+00
      2.960    20.3829     8.3720     91.029  34.492283     37.821      8.519   210.5501    17.6589     1.7939     0.0236      0.068      2.902      4.208        252 3.5308e+01   998.1168 0.0000e+00
      2.974    20.2308     8.4098     91.228  34.459397     37.897      8.515   210.3987    17.6856     1.8227     0.0236      0.068      2.916      4.228        253 3.4865e+01   998.1364 0.0000e+00
      2.986    20.0773     8.4458     91.519  34.374558     37.854      8.514   210.3229    17.6742     1.7073     0.0235      0.066      2.929      4.248        254 3.4295e+01   998.1570 0.0000e+00
      3.001    19.9788     8.4712     91.689  34.331228     37.951      8.511   210.8908    17.6513     1.7218     0.0235      0.063      2.943      4.269        255 3.3708e+01   998.1889 0.0000e+00
      3.017    19.8958     8.4727     91.458  34.305964     38.052      8.507   210.7394    13.6153     1.6208     0.0235      0.061      2.958      4.290        256 3.3134e+01   998.2209 0.0000e+00
      3.030    19.8218     8.4489     90.913  34.139381     37.947      8.505   210.9287    13.6077     1.4622     0.0234      0.060      2.972      4.310        257 3.2716e+01   998.2413 0.0000e+00
      3.044    19.7588     8.4019     90.134  33.945959     37.800      8.502   211.0801    13.6000     1.4622     0.0233      0.057      2.985      4.329        258 3.2255e+01   998.2583 0.0000e+00
      3.057    19.6520     8.3334     89.162  33.717035     37.614      8.499   211.4587    13.6306     1.4910     0.0232      0.055      2.996      4.346        259 3.1942e+01   998.2735 0.0000e+00
      3.064    19.5583     8.2654     88.236  33.476112     37.384      8.495   211.3829    11.5096     1.2603     0.0231      0.053      3.008      4.362        260 3.1594e+01   998.2864 0.0000e+00
      3.080    19.5132     8.2093     87.472  33.416156     37.412      8.493   212.3672    11.5096     1.2748     0.0231      0.052      3.023      4.384        261 3.0807e+01   998.3080 0.0000e+00
      3.103    19.4200     8.1873     87.111  33.465756     37.556      8.489   213.0487    11.4638     1.2892     0.0231      0.054      3.042      4.412        262 3.0151e+01   998.3271 0.0000e+00
      3.122    19.3053     8.1988     87.097  33.473687     37.589      8.489   213.1622    11.4790     1.2459     0.0231      0.056      3.061      4.440        263 2.9530e+01   998.3364 0.0000e+00
      3.140    19.2501     8.2421     87.394  33.406316     37.608      8.486   213.9951     9.5564     1.2459     0.0231      0.059      3.079      4.465        264 2.8949e+01   998.3551 0.0000e+00
      3.157    19.1902     8.2863     87.703  33.312594     37.580      8.484   214.1087     9.5488     1.2748     0.0231      0.063      3.096      4.490        265 2.8583e+01   998.3781 0.0000e+00
      3.172    19.0595     8.3192     87.933  33.294063     37.626      8.479   214.6008     9.5373     1.2748     0.0231      0.066      3.111      4.512        266 2.8190e+01   998.3892 0.0000e+00
      3.187    18.9016     8.3274     87.954  33.162737     37.516      8.478   214.5630     9.5259     1.2748     0.0230      0.068      3.126      4.534        267 2.7737e+01   998.4011 0.0000e+00
      3.204    18.7531     8.3328     87.951  32.883460     37.314      8.474   214.8658     9.5564     1.2171     0.0229      0.069      3.141      4.555        268 2.7452e+01   998.4268 0.0000e+00
      3.216    18.6224     8.3118     87.568  32.634256     37.161      8.473   215.0172     8.0915     1.0873     0.0228      0.066      3.154      4.574        269 2.7236e+01   998.4576 0.0000e+00
      3.227    18.5112     8.2671     86.941  32.465526     37.097      8.468   214.9415     8.1182     1.0585     0.0227      0.062      3.165      4.591        270 2.6927e+01   998.4865 0.0000e+00
      3.240    18.4193     8.2222     86.283  32.412030     37.143      8.469   215.5851     8.1144     0.9864     0.0227      0.058      3.178      4.609        271 2.6588e+01   998.5117 0.0000e+00
      3.254    18.3474     8.1510     85.273  32.345337     37.174      8.464   215.8501     8.1068     1.0873     0.0226      0.055      3.191      4.629        272 2.6228e+01   998.5329 0.0000e+00
      3.269    18.2714     8.0293     83.826  32.252284     37.125      8.462   216.0394     7.7597     1.0873     0.0226      0.054      3.206      4.650        273 2.5933e+01   998.5505 0.0000e+00
      3.284    18.1795     7.8958     82.424  32.231584     37.185      8.461   216.7587     7.7482     1.0296     0.0226      0.053      3.220      4.671        274 2.5592e+01   998.5641 0.0000e+00
      3.299    18.0920     7.7928     81.310  32.163729     37.154      8.460   216.8722     7.7558     1.0152     0.0225      0.054      3.235      4.692        275 2.5226e+01   998.5785 0.0000e+00
      3.313    18.0255     7.7167     80.354  31.981219     37.039      8.458   217.2887     7.7635     1.0873     0.0225      0.054      3.249      4.712        276 2.4988e+01   998.5957 0.0000e+00
      3.327    17.9907     7.6744     79.723  31.955066     37.051      8.453   217.5158     6.9929     1.1450     0.0224      0.055      3.264      4.734        277 2.4660e+01   998.6120 0.0000e+00
      3.346    17.9529     7.6523     79.327  32.077799     37.301      8.453   218.3487     6.9776     1.0440     0.0225      0.058      3.282      4.760        278 2.4129e+01   998.6246 0.0000e+00
      3.369    17.8680     7.6722     79.360  32.035910     37.236      8.448   218.8408     6.9967     1.1017     0.0225      0.061      3.302      4.790        279 2.3745e+01   998.6311 0.0000e+00
      3.389    17.7786     7.6963     79.424  31.977587     37.232      8.445   219.1815     6.9738     1.0729     0.0225      0.065      3.322      4.818        280 2.3473e+01   998.6382 0.0000e+00
      3.404    17.6739     7.7376     79.640  31.943002     37.245      8.443   219.8630     6.7907     1.0152     0.0225      0.067      3.338      4.841        281 2.3210e+01   998.6539 0.0000e+00
      3.418    17.5264     7.7430     79.502  31.753069     37.125      8.441   219.4844     6.8212     1.0440     0.0224      0.068      3.352      4.862        282 2.3002e+01   998.6702 0.0000e+00
      3.432    17.4287     7.6817     78.708  31.473288     36.856      8.439   219.7494     6.8136     1.0152     0.0222      0.068      3.366      4.882        283 2.2803e+01   998.6892 0.0000e+00
      3.446    17.4203     7.5412     77.121  31.402392     36.920      8.437   220.2415     6.7716     1.0008     0.0222      0.067      3.379      4.901        284 2.2635e+01   998.7159 0.0000e+00
      3.458    17.3967     7.3221     74.754  31.367307     36.974      8.435   220.3930     5.9743     0.8422     0.0222      0.064      3.391      4.918        285 2.2447e+01   998.7334 0.0000e+00
      3.470    17.3008     7.0243     71.615  31.102201     36.648      8.433   220.2037     5.9667     0.7412     0.0220      0.059      3.402      4.935        286 2.2307e+01   998.7349 0.0000e+00
      3.480    17.1870     6.7300     68.546  30.873129     36.405      8.429   220.5444     5.9591     0.8710     0.0219      0.054      3.415      4.953        287 2.2090e+01   998.7391 0.0000e+00
      3.497    17.0847     6.4346     65.481  30.822836     36.423      8.428   221.4530     5.9782     0.8710     0.0219      0.052      3.430      4.975        288 2.1810e+01   998.7562 0.0000e+00
      3.517    16.9815     6.1555     62.596  30.809301     36.522      8.424   221.6044     5.9667     0.7412     0.0219      0.053      3.448      5.001        289 2.1553e+01   998.7764 0.0000e+00
      3.534    16.8688     5.9116     60.034  30.830765     36.610      8.425   221.7180     5.2381     0.7845     0.0219      0.055      3.465      5.026        290 2.1307e+01   998.7944 0.0000e+00
      3.549    16.7442     5.7010     57.792  31.033187     36.967      8.422   222.0587     5.2534     0.9287     0.0220      0.057      3.480      5.048        291 2.1145e+01   998.8125 0.0000e+00
      3.563    16.6278     5.5070     55.734  31.090726     37.132      8.422   222.6644     5.2648     0.8133     0.0221      0.059      3.495      5.069        292 2.0909e+01   998.8322 0.0000e+00
      3.581    16.5282     5.3673     54.281  30.996225     37.110      8.422   223.3458     5.2495     0.8998     0.0220      0.062      3.511      5.092        293 2.0656e+01   998.8536 0.0000e+00
      3.597    16.4378     5.2559     53.109  31.032331     37.281      8.418   223.5351     5.0779     0.7845     0.0220      0.064      3.526      5.114        294 2.0472e+01   998.8735 0.0000e+00
      3.609    16.3571     5.1547     51.983  31.045840     37.370      8.418   223.8380     5.0512     0.8422     0.0220      0.064      3.539      5.133        295 2.0298e+01   998.8903 0.0000e+00
      3.622    16.2931     5.0439     50.743  31.038713     37.452      8.418   223.8758     5.0741     0.7845     0.0220      0.061      3.552      5.152        296 2.0147e+01   998.9056 0.0000e+00
      3.636    16.2442     4.9343     49.525  31.100496     37.592      8.415   224.0273     5.0779     0.8998     0.0221      0.058      3.566      5.172        297 1.9957e+01   998.9192 0.0000e+00
      3.649    16.2055     4.8058     48.115  31.146750     37.719      8.412   224.4437     5.0702     0.7412     0.0221      0.057      3.579      5.191        298 1.9766e+01   998.9299 0.0000e+00
      3.662    16.1689     4.6568     46.538  31.099686     37.694      8.413   224.5951     5.0512     0.7989     0.0221      0.055      3.591      5.209        299 1.9590e+01   998.9381 0.0000e+00
      3.674    16.1070     4.4593     44.498  31.099833     37.731      8.409   224.7844     5.0512     0.7845     0.0221      0.054      3.603      5.226        300 1.9474e+01   998.9446 0.0000e+00
      3.686    16.0210     4.2232     42.073  31.028076     37.695      8.408   225.2008     5.0702     0.8422     0.0220      0.051      3.615      5.244        301 1.9336e+01   998.9506 0.0000e+00
      3.701    15.9467     3.9482     39.290  30.951986     37.617      8.405   225.6173     4.9749     1.0008     0.0220      0.051      3.631      5.266        302 1.9073e+01   998.9608 0.0000e+00
      3.721    15.9103     3.6717     36.533  31.076042     37.900      8.403   226.3744     4.9405     1.0152     0.0221      0.053      3.651      5.296        303 1.8808e+01   998.9750 0.0000e+00
      3.748    15.8694     3.3897     33.760  31.110744     37.970      8.400   226.9423     4.9558     1.0008     0.0221      0.058      3.676      5.331        304 1.8436e+01   998.9871 0.0000e+00
      3.776    15.7763     3.1619     31.531  31.027340     37.934      8.397   227.9266     4.9558     0.9864     0.0221      0.065      3.702      5.370        305 1.8100e+01   998.9931 0.0000e+00
      3.802    15.6648     3.0039     29.972  30.942836     37.835      8.392   228.2673     5.3182     1.1161     0.0220      0.074      3.728      5.408        306 1.7853e+01   998.9999 0.0000e+00
      3.827    15.5538     2.9141     29.072  31.038165     38.059      8.388   228.9866     5.2953     1.1306     0.0221      0.083      3.752      5.443        307 1.7605e+01   999.0149 0.0000e+00
      3.850    15.4398     2.8998     28.881  31.145762     38.301      8.386   229.5923     5.3106     1.0729     0.0221      0.091      3.774      5.475        308 1.7350e+01   999.0329 0.0000e+00
      3.871    15.3537     2.9426     29.226  31.164509     38.405      8.381   229.8573     5.3182     1.0296     0.0221      0.095      3.793      5.502        309 1.7153e+01   999.0506 0.0000e+00
      3.884    15.2827     3.0002     29.712  31.192648     38.584      8.377   229.4030     5.2915     0.9864     0.0222      0.094      3.807      5.522        310 1.7085e+01   999.0684 0.0000e+00
      3.890    15.2079     3.0617     30.238  31.170046     38.596      8.375   230.5766     5.4632     1.0296     0.0221      0.086      3.815      5.534        311 1.6984e+01   999.0819 0.0000e+00
      3.898    15.1568     3.0755     30.308  31.192676     38.733      8.370   230.3873     5.4365     1.0585     0.0222      0.075      3.821      5.543        312 1.6977e+01   999.0930 0.0000e+00
      3.902    15.1498     3.0266     29.766  31.223773     38.806      8.365   230.3873     5.4021     0.9719     0.0222      0.062      3.826      5.549        313 1.6962e+01   999.1045 0.0000e+00
      3.905    15.1958     2.9148     28.573  31.190631     38.855      8.361   230.8416     5.4250     1.0873     0.0222      0.049      3.831      5.556        314 1.6878e+01   999.1123 0.0000e+00
      3.912    15.2517     2.7466     26.837  31.174686     38.793      8.357   230.9930     4.9978     1.2459     0.0221      0.038      3.838      5.567        315 1.6719e+01   999.1135 0.0000e+00
      3.925    15.2789     2.5336     24.709  31.184363     38.818      8.353   231.1066     4.9901     1.2027     0.0222      0.031      3.850      5.583        316 1.6522e+01   999.1064 0.0000e+00
      3.938    15.2716     2.2614     22.032  31.178573     38.692      8.352   231.5609     5.0207     1.3036     0.0221      0.029      3.861      5.600        317 1.6424e+01   999.0978 0.0000e+00
      3.946    15.1948     1.9704     19.181  31.181872     38.738      8.350   231.9016     4.9978     1.2748     0.0222      0.030      3.871      5.613        318 1.6306e+01   999.0937 0.0000e+00
      3.955    15.0668     1.6958     16.501  31.180245     38.673      8.346   232.2801     5.0245     1.5920     0.0221      0.033      3.881      5.628        319 1.6150e+01   999.0949 0.0000e+00
      3.970    14.9323     1.4471     14.063  31.180603     38.818      8.341   232.8480     5.0207     1.4910     0.0222      0.036      3.895      5.649        320 1.5887e+01   999.1068 0.0000e+00
      3.990    14.8044     1.2320     11.949  31.181457     38.873      8.337   233.1887     5.0130     1.5343     0.0221      0.043      3.913      5.676        321 1.5579e+01   999.1264 0.0000e+00
