Data/DataNotYetUploadedToEDI/Raw_CTD/RawDownloads/07292020_ccr20.cnv
* Sea-Bird SBE19plus  Data File:
* FileName = C:\DATA\07292020_ccr50_0004.hex
* Software version 2.8.0.119
* Temperature SN = 7809
* Conductivity SN = 7809
* System UpLoad Time = Jul 29 2020 17:32:16
* <ApplicationData>
* <Seaterm232>
# nquan = 16
# nvalues = 1281                        
# units = specified
# name 0 = depFM: Depth [fresh water, m]
# name 1 = dz/dtM: Descent Rate [m/s]
# name 2 = sbeox0ML/L: Oxygen, SBE 43 [ml/l]
# name 3 = sbeox0PS: Oxygen, SBE 43 [% saturation]
# name 4 = specc: Specific Conductance [uS/cm]
# name 5 = c0uS/cm: Conductivity [uS/cm]
# name 6 = flECO-AFL: Fluorescence, WET Labs ECO-AFL/FL [mg/m^3]
# name 7 = ph: pH
# name 8 = orp: Oxidation Reduction Potential [mV]
# name 9 = par/sat/log: PAR/Logarithmic, Satlantic
# name 10 = turbWETntu0: Turbidity, WET Labs ECO [NTU]
# name 11 = prdM: Pressure, Strain Gauge [db]
# name 12 = prdE: Pressure, Strain Gauge [psi]
# name 13 = tv290C: Temperature [ITS-90, deg C]
# name 14 = density00: Density [density, kg/m^3]
# name 15 = flag:  0.000e+00
# span 0 =     -0.476,      8.881       
# span 1 =     -0.174,      0.161       
# span 2 =     0.0512,     7.1780       
# span 3 =      0.696,    123.801       
# span 4 =      1.305,     70.636       
# span 5 =   1.291800,  57.849422       
# span 6 =    -0.9347,     3.7809       
# span 7 =      6.918,      7.596       
# span 8 =    99.1658,   249.4048       
# span 9 = 3.4917e-01, 7.2536e+02       
# span 10 =    -0.3418,    29.0271      
# span 11 =     -0.470,      8.709      
# span 12 =     -0.682,     12.631      
# span 13 =    11.9408,    30.3222      
# span 14 =   995.5757,   999.5745      
# span 15 = 0.0000e+00, 0.0000e+00      
# interval = seconds: 0.25
# start_time = Jul 29 2020 00:34:31 [Instrument's time stamp, header]
# bad_flag = -9.990e-29
*END*
[from data line 181]
      0.094      0.000     5.0299     96.319     52.255  57.726902     0.0845      7.135   184.2395 2.6814e+02     0.7746      0.088      0.127    30.2261   995.6049 0.0000e+00
      0.099      0.006     5.0548     96.206     52.265  57.739501     0.0685      7.130   184.3930 2.6894e+02     0.7462      0.097      0.140    30.2255   995.6052 0.0000e+00
      0.107      0.012     5.0728     96.021     52.265  57.740645     0.0257      7.127   184.5675 2.7340e+02     0.6682      0.106      0.152    30.2271   995.6047 0.0000e+00
      0.113      0.016     5.0784     95.791     52.263  57.740739     0.0065      7.124   184.7996 2.7744e+02     0.6550      0.111      0.162    30.2267   995.6048 0.0000e+00
      0.118      0.015     5.0747     95.600     52.259  57.740634     0.0178      7.122   184.8769 2.8059e+02     0.7243      0.115      0.168    30.2277   995.6045 0.0000e+00
      0.122      0.011     5.0692     95.531     52.255  57.739384     0.0380      7.120   184.8143 2.8249e+02     0.7510      0.120      0.174    30.2290   995.6042 0.0000e+00
      0.123      0.007     5.0591     95.589     52.242  57.725638     0.0600      7.118   184.8168 2.8317e+02     0.7029      0.122      0.177    30.2299   995.6039 0.0000e+00
      0.123      0.004     5.0445     95.703     52.222  57.701478     0.0640      7.118   184.9073 2.8428e+02     0.6580      0.121      0.176    30.2335   995.6028 0.0000e+00
      0.123      0.002     5.0323     95.806     52.223  57.701364     0.0576      7.118   184.9616 2.8495e+02     0.6545      0.120      0.174    30.2381   995.6014 0.0000e+00
      0.123      0.002     5.0281     95.835     52.244  57.724255     0.0504      7.118   184.9571 2.8460e+02     0.6938      0.121      0.175    30.2412   995.6004 0.0000e+00
      0.124      0.002     5.0334     95.743     52.244  57.724149     0.0334      7.118   185.0250 2.8419e+02     0.7221      0.122      0.177    30.2417   995.6003 0.0000e+00
      0.124      0.002     5.0405     95.607     52.222  57.700083     0.0147      7.117   185.0945 2.8372e+02     0.6873      0.122      0.177    30.2394   995.6010 0.0000e+00
      0.125      0.002     5.0470     95.503     52.212  57.687378    -0.0045      7.117   185.1947 2.8115e+02     0.6505      0.122      0.177    30.2368   995.6018 0.0000e+00
      0.126      0.002     5.0508     95.391     52.223  57.697584    -0.0083      7.116   185.4625 2.7853e+02     0.6547      0.124      0.179    30.2361   995.6021 0.0000e+00
      0.126      0.002     5.0434     95.246     52.224  57.696422     0.0262      7.115   185.6652 2.7923e+02     0.7040      0.124      0.180    30.2376   995.6015 0.0000e+00
      0.126      0.002     5.0336     95.097     52.205  57.673321     0.0802      7.115   185.6665 2.8216e+02     0.7662      0.122      0.178    30.2381   995.6014 0.0000e+00
      0.127      0.003     5.0307     94.995     52.205  57.672375     0.1006      7.116   185.6502 2.8695e+02     0.7537      0.124      0.180    30.2367   995.6019 0.0000e+00
      0.128      0.005     5.0250     95.017     52.218  57.684976     0.0822      7.115   185.7271 2.9075e+02     0.6907      0.126      0.183    30.2348   995.6024 0.0000e+00
      0.128      0.008     5.0168     95.159     52.232  57.698628     0.0577      7.113   185.8206 2.9142e+02     0.6569      0.125      0.181    30.2328   995.6030 0.0000e+00
      0.129      0.009     5.0087     95.257     52.244  57.710386     0.0328      7.113   185.9201 2.9656e+02     0.6883      0.124      0.180    30.2298   995.6040 0.0000e+00
      0.133      0.009     5.0014     95.209     52.236  57.700095     0.0202      7.113   185.9842 2.9243e+02     0.7612      0.129      0.187    30.2283   995.6045 0.0000e+00
      0.139      0.007     5.0017     95.114     52.240  57.701242     0.0193      7.112   185.9929 2.6643e+02     0.7834      0.137      0.198    30.2274   995.6047 0.0000e+00
      0.143      0.005     5.0137     95.059     52.264  57.724257     0.0122      7.111   186.1119 2.4921e+02     0.7509      0.143      0.207    30.2258   995.6052 0.0000e+00
      0.143      0.002     5.0226     95.083     52.264  57.724257     0.0015      7.110   186.3044 2.5526e+02     0.7119      0.142      0.206    30.2257   995.6053 0.0000e+00
      0.139     -0.001     5.0155     95.218     52.242  57.701244     0.0041      7.109   186.4280 2.6366e+02     0.6881      0.136      0.197    30.2236   995.6059 0.0000e+00
      0.135     -0.003     5.0102     95.435     52.239  57.700107     0.0156      7.108   186.4883 2.6708e+02     0.7040      0.132      0.191    30.2199   995.6070 0.0000e+00
      0.135     -0.003     5.0072     95.659     52.245  57.710521     0.0163      7.106   186.6028 2.7403e+02     0.7330      0.131      0.191    30.2169   995.6079 0.0000e+00
      0.136     -0.001     5.0069     95.804     52.233  57.700106     0.0124      7.105   186.7808 2.7518e+02     0.6954      0.133      0.193    30.2155   995.6084 0.0000e+00
      0.138      0.001     5.0152     95.863     52.233  57.701241     0.0068      7.104   186.9198 2.6533e+02     0.6271      0.135      0.196    30.2175   995.6078 0.0000e+00
      0.138      0.001     5.0274     95.838     52.254  57.724245    -0.0039      7.104   187.0786 2.5815e+02     0.6277      0.135      0.196    30.2200   995.6069 0.0000e+00
      0.138      0.000     5.0414     95.653     52.256  57.724141    -0.0033      7.104   187.1515 2.5614e+02     0.6677      0.135      0.195    30.2225   995.6062 0.0000e+00
      0.138      0.000     5.0487     95.336     52.236  57.699981     0.0151      7.103   187.1135 2.5533e+02     0.6988      0.135      0.196    30.2258   995.6052 0.0000e+00
      0.137      0.000     5.0498     95.017     52.226  57.686236     0.0178      7.102   187.2206 2.6248e+02     0.6951      0.134      0.195    30.2276   995.6046 0.0000e+00
      0.136      0.001     5.0525     94.802     52.226  57.684987     0.0101      7.101   187.4145 2.8135e+02     0.6581      0.132      0.192    30.2269   995.6049 0.0000e+00
      0.136      0.003     5.0420     94.770     52.226  57.684873     0.0174      7.100   187.5648 2.8706e+02     0.6276      0.132      0.192    30.2249   995.6055 0.0000e+00
      0.137      0.003     5.0216     94.904     52.226  57.684853     0.0203      7.099   187.6614 2.6733e+02     0.6704      0.135      0.196    30.2224   995.6062 0.0000e+00
      0.140      0.003     5.0044     95.092     52.225  57.684748     0.0165      7.099   187.7216 2.5041e+02     0.7629      0.138      0.199    30.2204   995.6068 0.0000e+00
      0.142      0.002     4.9904     95.262     52.221  57.683613     0.0204      7.099   187.7766 2.4761e+02     0.7852      0.139      0.201    30.2192   995.6072 0.0000e+00
      0.142      0.000     4.9893     95.443     52.207  57.671127     0.0282      7.098   187.7238 2.4559e+02     0.7343      0.139      0.202    30.2189   995.6073 0.0000e+00
      0.141     -0.002     4.9990     95.598     52.197  57.660836     0.0245      7.098   187.6861 2.4491e+02     0.6624      0.138      0.201    30.2191   995.6072 0.0000e+00
      0.139     -0.004     5.0111     95.594     52.221  57.686237     0.0140      7.097   187.8367 2.5743e+02     0.6373      0.137      0.198    30.2198   995.6070 0.0000e+00
      0.137     -0.004     5.0179     95.424     52.255  57.724142     0.0068      7.096   187.9967 2.7221e+02     0.6713      0.134      0.195    30.2230   995.6060 0.0000e+00
      0.135     -0.003     5.0269     95.171     52.266  57.738000     0.0037      7.096   188.0715 2.7126e+02     0.6949      0.132      0.192    30.2268   995.6049 0.0000e+00
      0.135     -0.003     5.0401     94.931     52.254  57.726754     0.0244      7.096   188.2248 2.5338e+02     0.6828      0.132      0.192    30.2270   995.6048 0.0000e+00
      0.135     -0.003     5.0392     94.818     52.241  57.715223     0.0573      7.095   188.4739 2.3423e+02     0.6629      0.133      0.193    30.2249   995.6055 0.0000e+00
      0.135     -0.003     5.0279     94.820     52.248  57.725638     0.0675      7.093   188.5874 2.3693e+02     0.6608      0.133      0.193    30.2252   995.6054 0.0000e+00
      0.135     -0.001     5.0136     94.837     52.248  57.725629     0.0616      7.092   188.5651 2.5253e+02     0.6563      0.133      0.193    30.2277   995.6046 0.0000e+00
      0.133      0.004     4.9972     94.829     52.239  57.715111     0.0528      7.090   188.6337 2.6229e+02     0.6772      0.131      0.189    30.2296   995.6040 0.0000e+00
      0.131      0.009     4.9915     94.787     52.252  57.725517     0.0377      7.086   188.7287 2.6235e+02     0.7076      0.128      0.184    30.2321   995.6033 0.0000e+00
      0.131      0.011     4.9950     94.777     52.256  57.724382     0.0214      7.083   188.7687 2.6551e+02     0.7148      0.126      0.182    30.2348   995.6024 0.0000e+00
      0.139      0.008     4.9949     94.882     52.238  57.701388     0.0088      7.082   188.7732 2.6740e+02     0.6962      0.133      0.194    30.2354   995.6023 0.0000e+00
      0.150     -0.000     4.9959     95.022     52.240  57.701598     0.0185      7.082   188.8682 2.4990e+02     0.6884      0.150      0.217    30.2343   995.6028 0.0000e+00
      0.157     -0.010     4.9928     95.072     52.260  57.726912     0.0621      7.081   189.2290 2.3808e+02     0.7571      0.157      0.228    30.2307   995.6038 0.0000e+00
      0.152     -0.015     4.9890     95.075     52.276  57.753361     0.0971      7.080   189.5225 2.4447e+02     0.8060      0.154      0.225    30.2254   995.6054 0.0000e+00
      0.133     -0.016     4.9979     95.138     52.278  57.767304     0.0996      7.080   189.5780 2.4676e+02     0.7987      0.132      0.192    30.2215   995.6065 0.0000e+00
      0.113     -0.013     5.0090     95.262     52.273  57.768466     0.0919      7.079   189.6412 2.3932e+02     0.7719      0.101      0.147    30.2192   995.6071 0.0000e+00
      0.109     -0.008     5.0099     95.391     52.270  57.767426     0.0889      7.079   189.7703 2.2681e+02     0.7226      0.100      0.145    30.2212   995.6064 0.0000e+00
      0.121      0.000     5.0059     95.477     52.258  57.754732     0.0819      7.078   190.0205 2.2113e+02     0.6826      0.120      0.175    30.2317   995.6034 0.0000e+00
      0.133      0.008     5.0088     95.460     52.248  57.742028     0.0745      7.078   190.4293 2.2510e+02     0.6664      0.134      0.194    30.2449   995.5995 0.0000e+00
      0.138      0.012     5.0163     95.351     52.249  57.740873     0.0760      7.077   190.6698 2.2795e+02     0.6642      0.137      0.199    30.2506   995.5977 0.0000e+00
      0.136      0.009     5.0230     95.232     52.250  57.740769     0.0722      7.076   190.6043 2.3384e+02     0.6559      0.134      0.194    30.2509   995.5976 0.0000e+00
      0.133      0.004     5.0296     95.111     52.253  57.740759     0.0665      7.075   190.4981 2.4211e+02     0.6346      0.129      0.188    30.2526   995.5970 0.0000e+00
      0.132     -0.000     5.0289     94.975     52.256  57.740749     0.0734      7.077   190.4184 2.4757e+02     0.6127      0.128      0.186    30.2509   995.5975 0.0000e+00
      0.133     -0.004     5.0204     94.899     52.257  57.740644     0.0887      7.078   190.4144 2.4191e+02     0.6321      0.130      0.189    30.2480   995.5984 0.0000e+00
      0.136     -0.007     5.0148     94.952     52.253  57.739499     0.0990      7.078   190.4499 2.3224e+02     0.6622      0.133      0.195    30.2472   995.5987 0.0000e+00
      0.136     -0.011     5.0097     95.100     52.235  57.726898     0.0933      7.079   190.4173 2.3894e+02     0.6686      0.135      0.196    30.2446   995.5994 0.0000e+00
      0.131     -0.018     5.0006     95.226     52.220  57.715346     0.0769      7.079   190.3648 2.5005e+02     0.6741      0.130      0.187    30.2410   995.6005 0.0000e+00
      0.125     -0.024     4.9949     95.260     52.229  57.726886     0.0620      7.080   190.3319 2.5076e+02     0.6606      0.122      0.177    30.2388   995.6012 0.0000e+00
      0.117     -0.028     4.9984     95.269     52.243  57.739382     0.0477      7.081   190.3630 2.4870e+02     0.6766      0.116      0.168    30.2413   995.6004 0.0000e+00
      0.107     -0.026     5.0081     95.325     52.245  57.739382     0.0286      7.081   190.3968 2.5103e+02     0.7306      0.107      0.154    30.2491   995.5979 0.0000e+00
      0.096     -0.020     5.0164     95.384     52.235  57.726877     0.0217      7.081   190.3958 2.5234e+02     0.7300      0.093      0.134    30.2568   995.5956 0.0000e+00
      0.088     -0.012     5.0158     95.371     52.226  57.715232     0.0212      7.082   190.4376 2.5145e+02     0.7043      0.083      0.120    30.2576   995.5954 0.0000e+00
      0.087     -0.003     5.0143     95.214     52.236  57.725628    -0.0062      7.082   190.5583 2.5316e+02     0.6933      0.083      0.120    30.2536   995.5965 0.0000e+00
      0.092      0.005     5.0195     94.929     52.237  57.725523    -0.0428      7.082   190.7371 2.5502e+02     0.6663      0.089      0.129    30.2516   995.5971 0.0000e+00
      0.098      0.009     5.0238     94.683     52.228  57.713973    -0.0497      7.080   190.9641 2.5909e+02     0.6523      0.097      0.140    30.2498   995.5977 0.0000e+00
      0.104      0.009     5.0246     94.547     52.230  57.713019    -0.0327      7.078   191.0653 2.6809e+02     0.6616      0.102      0.148    30.2483   995.5982 0.0000e+00
      0.107      0.005     5.0178     94.469     52.234  57.713975    -0.0180      7.078   190.9286 2.7604e+02     0.6413      0.105      0.154    30.2476   995.5985 0.0000e+00
      0.107      0.001     4.9974     94.527     52.246  57.725525    -0.0153      7.078   190.8604 2.8047e+02     0.6134      0.107      0.154    30.2459   995.5989 0.0000e+00
      0.103     -0.001     4.9827     94.802     52.246  57.725630    -0.0191      7.078   191.0141 2.8424e+02     0.5987      0.102      0.147    30.2449   995.5992 0.0000e+00
      0.098     -0.000     4.9796     95.180     52.235  57.715245    -0.0159      7.079   191.2385 2.8719e+02     0.6355      0.096      0.138    30.2427   995.5999 0.0000e+00
      0.097      0.001     4.9729     95.524     52.244  57.727004    -0.0052      7.079   191.3367 2.8694e+02     0.7481      0.094      0.136    30.2385   995.6012 0.0000e+00
      0.100      0.003     4.9730     95.767     52.254  57.740768     0.0057      7.079   191.3416 2.8331e+02     0.7938      0.098      0.141    30.2362   995.6019 0.0000e+00
      0.105      0.004     4.9915     95.868     52.263  57.754618     0.0102      7.078   191.4697 2.7987e+02     0.7421      0.104      0.150    30.2365   995.6018 0.0000e+00
      0.109      0.003     5.0141     95.813     52.268  57.767416     0.0024      7.078   191.5955 2.7999e+02     0.6722      0.108      0.157    30.2377   995.6015 0.0000e+00
      0.109      0.002     5.0326     95.621     52.263  57.768473    -0.0028      7.080   191.5713 2.8152e+02     0.6350      0.109      0.158    30.2396   995.6009 0.0000e+00
      0.107      0.000     5.0462     95.321     52.258  57.767414     0.0045      7.080   191.6069 2.8142e+02     0.6698      0.105      0.152    30.2425   995.6000 0.0000e+00
      0.104     -0.001     5.0514     94.949     52.247  57.754615     0.0144      7.080   191.7678 2.8011e+02     0.7494      0.102      0.147    30.2462   995.5989 0.0000e+00
      0.103     -0.001     5.0475     94.597     52.237  57.740766     0.0124      7.081   191.8825 2.7916e+02     0.7736      0.100      0.145    30.2528   995.5969 0.0000e+00
      0.104      0.000     5.0356     94.341     52.228  57.727012    -0.0014      7.082   191.9607 2.7864e+02     0.6880      0.101      0.146    30.2618   995.5942 0.0000e+00
      0.106      0.001     5.0199     94.258     52.219  57.715357    -0.0095      7.082   192.1113 2.7845e+02     0.6069      0.104      0.151    30.2667   995.5927 0.0000e+00
