Data/DataNotYetUploadedToEDI/Raw_CTD/RawDownloads/072919_fcr45.cnv
* Sea-Bird SBE19plus  Data File:
* FileName = C:\DATA\0772919_fcr_0004.hex
* Software version 2.8.0.119
* Temperature SN = 7809
* Conductivity SN = 7809
* System UpLoad Time = Jul 29 2019 16:12:34
* <ApplicationData>
* <Seaterm232>
# nquan = 18
# nvalues = 553                         
# units = specified
# name 0 = depFM: Depth [fresh water, m]
# name 1 = tv290C: Temperature [ITS-90, deg C]
# name 2 = sbeox0Mg/L: Oxygen, SBE 43 [mg/l]
# name 3 = sbeox0PS: Oxygen, SBE 43 [% saturation]
# name 4 = c0uS/cm: Conductivity [uS/cm]
# name 5 = specc: Specific Conductance [uS/cm]
# name 6 = ph: pH
# name 7 = orp: Oxidation Reduction Potential [mV]
# name 8 = flECO-AFL: Fluorescence, WET Labs ECO-AFL/FL [mg/m^3]
# name 9 = turbWETntu0: Turbidity, WET Labs ECO [NTU]
# name 10 = sal00: Salinity, Practical [PSU]
# name 11 = dz/dtM: Descent Rate [m/s]
# name 12 = prdM: Pressure, Strain Gauge [db]
# name 13 = prdE: Pressure, Strain Gauge [psi]
# name 14 = scan: Scan Count
# name 15 = par/sat/log: PAR/Logarithmic, Satlantic
# name 16 = density00: Density [density, kg/m^3]
# name 17 = flag:  0.000e+00
# span 0 =     -0.539,      6.647       
# span 1 =    11.0562,    26.0288       
# span 2 =    -0.0349,    11.8329       
# span 3 =     -0.333,    142.300       
# span 4 =   1.249210,  37.875654       
# span 5 =      1.364,     49.401       
# span 6 =      7.227,     11.226       
# span 7 =  -256.0405,   995.4823       
# span 8 =    -0.3467,    29.6945       
# span 9 =    -1.5948,    15.8387       
# span 10 =     0.0106,     0.0251      
# span 11 =     -0.028,      0.298      
# span 12 =     -0.528,      6.518      
# span 13 =     -0.766,      9.453      
# span 14 =          1,        553      
# span 15 = 1.2204e-01, 2.5360e+03      
# span 16 =   996.7971,   999.6498      
# span 17 = 0.0000e+00, 0.0000e+00      
# interval = seconds: 0.25
# start_time = Jul 29 2019 11:48:44 [Instrument's time stamp, header]
# bad_flag = -9.990e-29
*END*
[from data line 161]
      1.437    25.7498     6.4373     78.837  36.506724     35.975      8.815   167.5064     8.4997     3.1926     0.0242      0.085      1.408      2.043        162 2.3617e+02   996.8785 0.0000e+00
      1.451    25.7485     6.4649     79.143  36.448974     35.890      8.822   167.6578     8.4997     3.2070     0.0242      0.079      1.424      2.066        163 2.3225e+02   996.8775 0.0000e+00
      1.469    25.7431     6.4993     79.538  36.485571     35.969      8.827   167.8850     9.0071     3.5531     0.0242      0.073      1.441      2.090        164 2.2758e+02   996.8764 0.0000e+00
      1.487    25.7340     6.5242     79.826  36.461179     35.888      8.835   167.6578     8.9994     3.5675     0.0242      0.068      1.458      2.115        165 2.2260e+02   996.8768 0.0000e+00
      1.505    25.7228     6.5519     80.151  36.538600     36.029      8.835   168.5664     8.9918     3.4954     0.0243      0.067      1.476      2.141        166 2.1853e+02   996.8783 0.0000e+00
      1.526    25.7132     6.5701     80.361  36.596666     36.035      8.840   168.5664     8.9689     3.5819     0.0243      0.068      1.496      2.169        167 2.1250e+02   996.8808 0.0000e+00
      1.546    25.7041     6.5780     80.446  36.537093     36.044      8.844   169.0207     9.7281     3.3368     0.0243      0.069      1.514      2.196        168 2.0915e+02   996.8838 0.0000e+00
      1.560    25.6942     6.5753     80.401  36.464569     35.913      8.846   169.2100     9.7204     3.3368     0.0242      0.070      1.530      2.219        169 2.0625e+02   996.8864 0.0000e+00
      1.576    25.6810     6.5656     80.262  36.568387     36.084      8.850   169.4371     9.7586     3.4089     0.0243      0.070      1.546      2.242        170 2.0117e+02   996.8889 0.0000e+00
      1.593    25.6631     6.6030     80.532  36.585705     36.064      8.855   169.4371     9.7433     3.3079     0.0243      0.070      1.562      2.266        171 1.9795e+02   996.8916 0.0000e+00
      1.609    25.6419     6.8204     82.846  36.561560     36.073      8.859   169.4371    10.3194     3.3079     0.0243      0.069      1.579      2.291        172 1.9323e+02   996.8951 0.0000e+00
      1.631    25.6204     7.3793     89.376  36.568808     36.086      8.861   169.9293    10.3422     3.2791     0.0243      0.069      1.599      2.318        173 1.8841e+02   996.8999 0.0000e+00
      1.649    25.6020     8.1897     98.990  36.517427     36.046      8.865   170.0807    10.3270     3.2358     0.0243      0.069      1.617      2.344        174 1.8499e+02   996.9055 0.0000e+00
      1.664    25.5903     9.1728    110.721  36.566245     36.116      8.867   170.4971    10.3117     3.1637     0.0243      0.068      1.633      2.368        175 1.8100e+02   996.9113 0.0000e+00
      1.683    25.5811    10.0430    121.094  36.596969     36.157      8.868   170.3078    11.0175     3.0916     0.0243      0.068      1.650      2.393        176 1.7671e+02   996.9162 0.0000e+00
      1.700    25.5730    10.7927    130.043  36.568105     36.138      8.870   170.4214    10.9984     2.9186     0.0243      0.070      1.667      2.417        177 1.7313e+02   996.9193 0.0000e+00
      1.716    25.5639    11.3442    136.631  36.572537     36.144      8.874   170.6485    10.9946     3.0628     0.0243      0.070      1.683      2.441        178 1.6953e+02   996.9218 0.0000e+00
      1.732    25.5575    11.6898    140.705  36.561823     36.151      8.874   170.7621    10.9946     3.0051     0.0243      0.069      1.698      2.463        179 1.6680e+02   996.9240 0.0000e+00
      1.747    25.5409    11.8329    142.300  36.522175     36.101      8.878   171.2164    10.9907     3.0340     0.0243      0.067      1.713      2.484        180 1.6383e+02   996.9264 0.0000e+00
      1.762    25.4128    11.7667    141.376  36.562614     36.162      8.881   171.2921    12.2344     2.9907     0.0243      0.064      1.729      2.507        181 1.6013e+02   996.9282 0.0000e+00
      1.779    25.1981    11.5714    138.882  36.570770     36.172      8.880   171.5950    12.2153     3.0628     0.0243      0.064      1.745      2.530        182 1.5728e+02   996.9327 0.0000e+00
      1.796    25.0356    11.3388    135.962  36.571314     36.263      8.882   171.7843    12.2572     3.1061     0.0243      0.063      1.762      2.555        183 1.5360e+02   996.9662 0.0000e+00
      1.815    24.9287    11.1170    133.225  36.562000     36.423      8.884   172.5793    12.2382     2.9907     0.0243      0.064      1.779      2.580        184 1.4994e+02   997.0219 0.0000e+00
      1.832    24.8515    10.9232    130.824  36.523185     36.482      8.882   172.8443    13.4742     3.0628     0.0243      0.064      1.796      2.605        185 1.4719e+02   997.0638 0.0000e+00
      1.848    24.7948    10.7599    128.805  36.501163     36.562      8.882   172.7685    13.5047     3.0772     0.0243      0.065      1.811      2.627        186 1.4420e+02   997.0913 0.0000e+00
      1.862    24.7562    10.6241    127.144  36.411655     36.505      8.885   172.9957    13.5085     3.0340     0.0242      0.065      1.825      2.648        187 1.4197e+02   997.1110 0.0000e+00
      1.874    24.7337    10.5123    125.746  36.427173     36.576      8.887   173.4121    13.5009     2.9763     0.0242      0.064      1.840      2.668        188 1.3904e+02   997.1255 0.0000e+00
      1.893    24.6994    10.4147    124.503  36.363344     36.548      8.885   174.2071    15.8775     3.1061     0.0242      0.064      1.857      2.693        189 1.3533e+02   997.1354 0.0000e+00
      1.912    24.6518    10.3210    123.301  36.165134     36.339      8.883   174.5478    15.8698     3.0484     0.0241      0.064      1.874      2.718        190 1.3274e+02   997.1411 0.0000e+00
      1.928    24.6021    10.2318    122.113  36.140440     36.364      8.880   174.9643    15.8584     2.9763     0.0241      0.063      1.890      2.742        191 1.3040e+02   997.1499 0.0000e+00
      1.944    24.5451    10.1690    121.216  36.127385     36.372      8.874   176.1378    15.8736     3.0628     0.0241      0.063      1.906      2.765        192 1.2775e+02   997.1620 0.0000e+00
      1.959    24.4949    10.1477    120.843  36.033233     36.323      8.872   176.0243    16.4878     2.8465     0.0241      0.063      1.921      2.787        193 1.2509e+02   997.1746 0.0000e+00
      1.975    24.4630    10.1519    120.788  35.961295     36.281      8.867   176.2514    16.4497     2.7888     0.0241      0.064      1.937      2.810        194 1.2234e+02   997.1890 0.0000e+00
      1.993    24.4313    10.1787    120.979  35.950233     36.318      8.866   176.5543    16.4344     2.7600     0.0241      0.065      1.954      2.834        195 1.1978e+02   997.2018 0.0000e+00
      2.009    24.4051    10.2147    121.292  35.958123     36.341      8.858   177.2357    16.4458     2.7456     0.0241      0.065      1.970      2.857        196 1.1786e+02   997.2099 0.0000e+00
      2.024    24.3890    10.2690    121.797  35.951493     36.364      8.860   177.6900    19.2230     2.6735     0.0241      0.064      1.986      2.880        197 1.1538e+02   997.2179 0.0000e+00
      2.041    24.3637    10.3263    122.342  35.958497     36.384      8.853   178.3714    19.2726     2.5149     0.0241      0.063      2.002      2.903        198 1.1271e+02   997.2246 0.0000e+00
      2.058    24.3313    10.3714    122.795  35.890152     36.338      8.846   178.6743    19.2306     2.5725     0.0240      0.064      2.018      2.927        199 1.1053e+02   997.2286 0.0000e+00
      2.073    24.2950    10.4161    123.307  35.799491     36.244      8.842   179.0907    19.2268     2.5725     0.0240      0.064      2.033      2.949        200 1.0867e+02   997.2351 0.0000e+00
      2.089    24.2414    10.4753    123.959  35.775000     36.268      8.837   179.6586    19.2459     2.8465     0.0240      0.064      2.049      2.972        201 1.0678e+02   997.2432 0.0000e+00
      2.105    24.1766    10.5292    124.508  35.683576     36.181      8.832   179.8857    22.9538     2.9474     0.0240      0.064      2.065      2.996        202 1.0415e+02   997.2523 0.0000e+00
      2.124    24.1242    10.5792    124.980  35.616951     36.164      8.823   180.3021    22.9119     2.9186     0.0239      0.064      2.083      3.021        203 1.0163e+02   997.2657 0.0000e+00
      2.143    24.0758    10.6080    125.132  35.650507     36.240      8.817   180.7943    22.9233     2.7888     0.0239      0.065      2.100      3.046        204 9.9690e+01   997.2820 0.0000e+00
      2.158    24.0215    10.5966    124.802  35.552948     36.194      8.811   181.0971    22.9233     2.8753     0.0239      0.066      2.116      3.070        205 9.7850e+01   997.2951 0.0000e+00
      2.174    23.9693    10.5540    124.146  35.442058     36.086      8.807   182.3086    25.9255     2.9474     0.0239      0.066      2.134      3.095        206 9.5239e+01   997.3071 0.0000e+00
      2.197    23.9095    10.4913    123.320  35.344035     36.071      8.800   183.9743    25.9331     2.9042     0.0238      0.068      2.155      3.124        207 9.2616e+01   997.3206 0.0000e+00
      2.218    23.8497    10.4301    122.469  35.230465     35.937      8.792   184.2014    25.9446     2.7744     0.0238      0.070      2.175      3.154        208 9.0500e+01   997.3334 0.0000e+00
      2.237    23.8157    10.3752    121.637  35.227825     36.039      8.784   184.3529    25.9103     2.8465     0.0238      0.072      2.193      3.181        209 8.8528e+01   997.3482 0.0000e+00
      2.254    23.8065    10.3214    120.842  35.228817     36.025      8.780   185.2614    27.4056     2.7600     0.0238      0.073      2.210      3.206        210 8.6742e+01   997.3631 0.0000e+00
      2.271    23.7857    10.2807    120.336  35.229257     36.109      8.772   184.5043    27.4095     2.8177     0.0238      0.073      2.227      3.231        211 8.4839e+01   997.3715 0.0000e+00
      2.289    23.7483    10.2733    120.235  35.168030     36.000      8.768   184.3907    27.4247     2.7888     0.0237      0.074      2.246      3.257        212 8.3081e+01   997.3738 0.0000e+00
      2.308    23.6962    10.2362    119.676  35.067959     35.958      8.761   184.6936    27.4400     2.7888     0.0237      0.074      2.266      3.286        213 8.0871e+01   997.3790 0.0000e+00
      2.334    23.6180    10.2417    119.459  34.968579     35.843      8.751   185.9050    27.5620     2.6735     0.0237      0.075      2.290      3.321        214 7.7721e+01   997.3881 0.0000e+00
      2.364    23.5333    10.2126    118.787  34.936135     35.880      8.739   187.2679    27.5582     2.7311     0.0237      0.078      2.317      3.360        215 7.4997e+01   997.4010 0.0000e+00
      2.389    23.4699    10.1726    118.027  34.900936     35.882      8.730   187.1922    27.5697     2.7888     0.0236      0.082      2.340      3.394        216 7.3494e+01   997.4201 0.0000e+00
      2.405    23.4287    10.1007    117.044  34.893891     35.944      8.720   188.4036    27.6040     2.7167     0.0236      0.085      2.358      3.420        217 7.2018e+01   997.4407 0.0000e+00
      2.422    23.3733    10.0317    116.131  34.944941     36.050      8.714   191.1293    28.5043     2.5581     0.0237      0.087      2.375      3.444        218 7.0188e+01   997.4562 0.0000e+00
      2.439    23.2902     9.9657    115.139  34.955966     36.078      8.705   191.8865    28.4890     2.5004     0.0237      0.086      2.389      3.465        219 6.9197e+01   997.4663 0.0000e+00
      2.449    23.2224     9.8936    114.010  34.998725     36.179      8.698   192.5300    28.5005     2.6590     0.0237      0.081      2.399      3.480        220 6.8761e+01   997.4796 0.0000e+00
      2.453    23.2057     9.8389    113.061  34.980654     36.211      8.690   193.1357    28.4509     2.5004     0.0237      0.072      2.406      3.490        221 6.8160e+01   997.4996 0.0000e+00
      2.461    23.2002     9.7443    111.730  34.948856     36.236      8.687   193.9686    28.9850     2.4139     0.0237      0.061      2.415      3.503        222 6.7018e+01   997.5159 0.0000e+00
      2.476    23.1430     9.6358    110.298  35.008692     36.303      8.681   195.0665    28.9850     2.3562     0.0237      0.052      2.430      3.524        223 6.5232e+01   997.5199 0.0000e+00
      2.497    23.0222     9.5072    108.577  35.143263     36.453      8.673   195.7100    28.9888     2.4139     0.0238      0.048      2.450      3.553        224 6.3128e+01   997.5214 0.0000e+00
      2.522    22.8732     9.3743    106.830  35.196251     36.553      8.665   196.9215    28.9659     2.4139     0.0238      0.051      2.473      3.587        225 6.0860e+01   997.5352 0.0000e+00
      2.549    22.7444     9.2364    105.145  35.150207     36.589      8.656   197.2622    29.0040     2.5437     0.0238      0.057      2.497      3.621        226 5.9381e+01   997.5640 0.0000e+00
      2.568    22.6763     9.1379    103.873  35.141355     36.702      8.649   197.7922    29.4694     2.6879     0.0238      0.065      2.517      3.651        227 5.8049e+01   997.5993 0.0000e+00
      2.585    22.6231     9.0623    102.841  35.207336     36.861      8.642   198.0572    29.5038     2.5725     0.0238      0.073      2.536      3.677        228 5.6480e+01   997.6298 0.0000e+00
      2.604    22.5214     8.9977    101.974  35.245949     36.971      8.636   198.7386    29.4885     2.5725     0.0238      0.079      2.553      3.702        229 5.5375e+01   997.6458 0.0000e+00
      2.619    22.3846     8.9209    101.007  35.271136     37.011      8.629   199.5715    29.4465     2.6735     0.0238      0.081      2.568      3.724        230 5.4436e+01   997.6583 0.0000e+00
      2.632    22.2401     8.8355     99.919  35.413089     37.268      8.623   199.7608    29.6487     2.3995     0.0239      0.078      2.582      3.745        231 5.3447e+01   997.6821 0.0000e+00
      2.647    22.1258     8.7503     98.830  35.484202     37.434      8.619   199.8743    29.6678     2.4860     0.0239      0.073      2.596      3.766        232 5.2399e+01   997.7138 0.0000e+00
      2.662    22.0355     8.6858     98.004  35.479032     37.550      8.615   199.7608    29.6945     2.3274     0.0239      0.067      2.611      3.787        233 5.1415e+01   997.7471 0.0000e+00
      2.678    21.9171     8.6341     97.286  35.360325     37.522      8.611   200.5936    29.6144     2.2986     0.0239      0.062      2.626      3.808        234 5.0519e+01   997.7734 0.0000e+00
      2.692    21.8096     8.5906     96.689  35.276390     37.474      8.608   200.7451    29.6220     2.4716     0.0239      0.060      2.639      3.827        235 4.9704e+01   997.7940 0.0000e+00
      2.702    21.7492     8.5770     96.419  35.346471     37.688      8.604   201.0479    29.5953     2.4860     0.0239      0.057      2.651      3.845        236 4.9048e+01   997.8209 0.0000e+00
      2.716    21.6765     8.5784     96.166  35.391695     37.777      8.600   201.6915    29.6106     2.3851     0.0239      0.055      2.665      3.865        237 4.8093e+01   997.8453 0.0000e+00
      2.735    21.5890     8.5908     96.038  35.457224     37.942      8.595   202.3729    29.6068     2.4716     0.0240      0.056      2.682      3.891        238 4.6654e+01   997.8589 0.0000e+00
      2.755    21.5224     8.6301     96.242  35.442758     37.943      8.590   202.9408    29.1871     2.2265     0.0239      0.058      2.701      3.917        239 4.5733e+01   997.8753 0.0000e+00
      2.771    21.4719     8.6396     96.114  35.409734     38.014      8.583   203.2436    29.1757     2.1688     0.0239      0.060      2.716      3.940        240 4.5054e+01   997.8949 0.0000e+00
      2.784    21.4101     8.6430     95.980  35.379827     38.009      8.580   204.0386    29.1986     2.2986     0.0239      0.060      2.731      3.961        241 4.4153e+01   997.9097 0.0000e+00
