Data/DataNotYetUploadedToEDI/Raw_CTD/RawDownloads/072919_fcr30.cnv
* Sea-Bird SBE19plus  Data File:
* FileName = C:\DATA\0772919_fcr_0003.hex
* Software version 2.8.0.119
* Temperature SN = 7809
* Conductivity SN = 7809
* System UpLoad Time = Jul 29 2019 16:12:15
* <ApplicationData>
* <Seaterm232>
# nquan = 18
# nvalues = 413                         
# units = specified
# name 0 = depFM: Depth [fresh water, m]
# name 1 = tv290C: Temperature [ITS-90, deg C]
# name 2 = sbeox0Mg/L: Oxygen, SBE 43 [mg/l]
# name 3 = sbeox0PS: Oxygen, SBE 43 [% saturation]
# name 4 = c0uS/cm: Conductivity [uS/cm]
# name 5 = specc: Specific Conductance [uS/cm]
# name 6 = ph: pH
# name 7 = orp: Oxidation Reduction Potential [mV]
# name 8 = flECO-AFL: Fluorescence, WET Labs ECO-AFL/FL [mg/m^3]
# name 9 = turbWETntu0: Turbidity, WET Labs ECO [NTU]
# name 10 = sal00: Salinity, Practical [PSU]
# name 11 = dz/dtM: Descent Rate [m/s]
# name 12 = prdM: Pressure, Strain Gauge [db]
# name 13 = prdE: Pressure, Strain Gauge [psi]
# name 14 = scan: Scan Count
# name 15 = par/sat/log: PAR/Logarithmic, Satlantic
# name 16 = density00: Density [density, kg/m^3]
# name 17 = flag:  0.000e+00
# span 0 =     -0.543,      5.467       
# span 1 =    11.4281,    26.3715       
# span 2 =    -0.0649,    10.7587       
# span 3 =     -0.648,    127.432       
# span 4 =   3.779947,  51.466189       
# span 5 =      3.785,     66.034       
# span 6 =      7.120,      8.645       
# span 7 =  -197.0589,   438.0722       
# span 8 =    -1.3538,    35.5234       
# span 9 =    -0.6575,   918.5023       
# span 10 =     0.0121,     0.0336      
# span 11 =     -0.015,      0.202      
# span 12 =     -0.532,      5.361      
# span 13 =     -0.772,      7.775      
# span 14 =          1,        413      
# span 15 = 5.7353e-01, 2.0891e+03      
# span 16 =   996.7048,   999.6057      
# span 17 = 0.0000e+00, 0.0000e+00      
# interval = seconds: 0.25
# start_time = Jul 29 2019 11:44:43 [Instrument's time stamp, header]
# bad_flag = -9.990e-29
*END*
     -0.542    24.5801     7.3009     88.138   3.779947      3.785      7.131   438.0722    -0.1102    -0.0951     0.0121 -2.105e-16     -0.532     -0.771          1 1.8162e+02   997.1615 0.0000e+00
     -0.542    24.5819     7.2766     88.101   3.886198      3.953      7.134    25.8446    -0.1026    -0.0519     0.0122      0.000     -0.532     -0.771          2 1.9520e+02   997.1608 0.0000e+00
     -0.541    24.5831     7.2385     88.095   4.284532      4.262      7.120    68.0554    -0.1254    -0.0951     0.0123      0.000     -0.531     -0.771          3 1.9005e+02   997.1602 0.0000e+00
     -0.542    24.5837     7.2020     88.052   4.231004      4.374      7.132    70.6675    -0.1941    -0.6142     0.0123      0.000     -0.531     -0.771          4 1.8455e+02   997.1597 0.0000e+00
     -0.542    24.5847     7.1730     88.014   4.455790      4.318      7.126    76.9897    -0.1827    -0.4845     0.0123      0.000     -0.532     -0.771          5 1.7379e+02   997.1594 0.0000e+00
     -0.543    24.5856     7.1494     87.995   4.063964      4.374      7.132    80.0940    -0.1827    -0.6575     0.0123      0.000     -0.532     -0.772          6 2.7899e+02   997.1591 0.0000e+00
     -0.543    24.6277     7.1297     87.999   6.405158      5.921      7.135    79.7154    -0.2017    -0.6142     0.0127     -0.000     -0.532     -0.772          7 4.2426e+02   997.1595 0.0000e+00
     -0.542    24.7205     7.1230     88.095  10.301269     11.094      7.142    78.5797    -1.3195     7.3743     0.0144     -0.000     -0.532     -0.771          8 5.6661e+02   997.1602 0.0000e+00
     -0.542    24.7863     7.1199     88.172   7.589820      7.152      7.151    77.8226    -1.3347     7.4897     0.0131     -0.000     -0.532     -0.771          9 7.1501e+02   997.1489 0.0000e+00
     -0.543    24.8163     7.1302     88.394   6.257712      6.493      7.169    75.2104    -1.3538     7.2734     0.0129     -0.000     -0.532     -0.770         10 8.4025e+02   997.1251 0.0000e+00
     -0.542    24.8645     7.1506     88.708   9.088389      8.977      7.182    73.2040    -1.3538     7.3311     0.0137     -0.000     -0.527     -0.764         11 1.0703e+03   997.1090 0.0000e+00
     -0.528    25.0234     7.1862     89.185   5.635529      6.117      7.140  -197.0589    -1.3385     7.3599     0.0128      0.004     -0.508     -0.737         12 1.1126e+03   997.1007 0.0000e+00
     -0.483    25.2966     7.2370     89.795   5.820189      4.853      7.441   152.0606     0.7786   918.4302     0.0125      0.018     -0.467     -0.677         13 1.2106e+03   997.0887 0.0000e+00
     -0.417    25.5496     7.2893     90.423  22.980718     23.491      7.761   183.9364     0.7786   918.4157     0.0191      0.046     -0.406     -0.588         14 1.4293e+03   997.0530 0.0000e+00
     -0.339    25.7452     7.3344     90.979  36.538079     36.458      8.006   183.8229     0.7634   918.5023     0.0243      0.086     -0.340     -0.493         15 1.5795e+03   996.9869 0.0000e+00
     -0.284    25.9157     7.3751     91.476  37.280849     36.803      8.181   186.8893     0.7825   918.4734     0.0245      0.128     -0.287     -0.416         16 1.6368e+03   996.9215 0.0000e+00
     -0.254    26.0688     7.4064     91.876  37.343218     36.824      8.285   188.8957     2.1405    15.0601     0.0246      0.160     -0.251     -0.365         17 1.7205e+03   996.8703 0.0000e+00
     -0.231    26.1809     7.4459     92.376  37.586504     36.895      8.364   187.2679     2.1481    15.0889     0.0247      0.179     -0.222     -0.322         18 1.7094e+03   996.8254 0.0000e+00
     -0.195    26.2547     7.5036     93.064  37.570710     36.783      8.420   186.0564     2.1291    15.1033     0.0247      0.188     -0.182     -0.265         19 1.8474e+03   996.7848 0.0000e+00
     -0.131    26.3120     7.5902     94.092  37.510976     36.648      8.438   183.3686     2.1329    15.0456     0.0246      0.190     -0.127     -0.184         20 1.5329e+03   996.7551 0.0000e+00
     -0.064    26.3514     7.7396     95.916  37.334792     36.405      8.457   185.4129     4.4332     2.5581     0.0246      0.188     -0.061     -0.089         21 5.1750e+02   996.7356 0.0000e+00
      0.010    26.3715     7.8753     97.584  37.256487     36.309      8.469   187.3436     4.4370     2.3995     0.0245      0.190      0.001      0.001         22 7.0189e+02   996.7205 0.0000e+00
      0.055    26.3613     7.9715     98.768  37.163861     36.174      8.477   188.2900     4.4484     2.4139     0.0245      0.192      0.050      0.071         23 1.1400e+03   996.7100 0.0000e+00
      0.086    26.3478     8.0235     99.412  37.094417     36.103      8.479   188.5929     4.4446     2.4860     0.0245      0.197      0.085      0.123         24 1.4968e+03   996.7048 0.0000e+00
      0.120    26.3453     8.0164     99.327  37.105819     36.112      8.478   184.0500     4.7269     2.8898     0.0245      0.202      0.119      0.173         25 2.0891e+03   996.7077 0.0000e+00
      0.155    26.3415     7.9447     98.439  37.208946     36.230      8.478   160.9949     4.7269     2.8032     0.0245      0.199      0.161      0.234         26 1.4828e+03   996.7116 0.0000e+00
      0.224    26.3479     7.8287     97.001  37.321708     36.340      8.476   149.8649     4.7460     2.8177     0.0246      0.195      0.210      0.305         27 7.6744e+02   996.7126 0.0000e+00
      0.259    26.3537     7.7012     95.425  37.321117     36.343      8.476   148.2749     4.7346     2.8032     0.0246      0.182      0.246      0.358         28 6.3867e+02   996.7137 0.0000e+00
      0.271    26.3371     7.5679     93.780  37.328223     36.339      8.474   147.7070     4.7346     2.8177     0.0246      0.163      0.263      0.382         29 4.2506e+02   996.7121 0.0000e+00
      0.276    26.3105     7.4590     92.438  37.401769     36.416      8.474   146.9878     4.5781     2.5149     0.0246      0.142      0.270      0.392         30 3.0803e+02   996.7106 0.0000e+00
      0.280    26.2942     7.3745     91.395  37.466676     36.482      8.477   147.0256     4.6048     2.5293     0.0246      0.123      0.275      0.400         31 5.0136e+02   996.7151 0.0000e+00
      0.287    26.2862     7.2997     90.474  37.454905     36.502      8.476   147.0256     4.6048     2.6446     0.0246      0.103      0.281      0.409         32 7.7606e+02   996.7222 0.0000e+00
      0.294    26.2821     7.2292     89.604  37.386795     36.431      8.478   146.8742     4.6163     2.5004     0.0246      0.080      0.290      0.421         33 8.1140e+02   996.7266 0.0000e+00
      0.307    26.2820     7.1643     88.798  37.373632     36.437      8.475   147.0635     4.5057     2.5004     0.0246      0.058      0.301      0.437         34 7.9755e+02   996.7288 0.0000e+00
      0.320    26.2831     7.0936     87.918  37.382383     36.440      8.478   147.1013     4.5019     2.5870     0.0246      0.038      0.312      0.453         35 7.0976e+02   996.7300 0.0000e+00
      0.328    26.2833     7.0349     87.191  37.316638     36.385      8.479   147.1392     4.4980     2.5870     0.0246      0.032      0.320      0.463         36 9.5026e+02   996.7300 0.0000e+00
      0.330    26.2836     7.0069     86.847  37.277637     36.330      8.475   147.1770     4.5057     2.6014     0.0245      0.032      0.322      0.467         37 1.1246e+03   996.7297 0.0000e+00
      0.327    26.2857     7.0338     87.187  37.253102     36.330      8.473   147.1392     4.5705     2.6014     0.0245      0.030      0.319      0.463         38 8.8705e+02   996.7297 0.0000e+00
      0.320    26.2896     7.1194     88.257  37.228628     36.275      8.474   147.4420     4.5667     2.6014     0.0245      0.024      0.314      0.456         39 7.5497e+02   996.7295 0.0000e+00
      0.314    26.2935     7.2545     89.944  37.308095     36.383      8.473   147.5935     4.5629     2.6158     0.0246      0.015      0.309      0.447         40 8.2458e+02   996.7290 0.0000e+00
      0.310    26.2971     7.3973     91.726  37.332020     36.380      8.474   147.7828     4.5553     2.7311     0.0246      0.005      0.305      0.441         41 1.1819e+03   996.7279 0.0000e+00
      0.307    26.3004     7.5414     93.522  37.317395     36.377      8.475   147.8585     4.5820     2.6446     0.0246     -0.005      0.301      0.436         42 1.1180e+03   996.7268 0.0000e+00
      0.304    26.3020     7.6750     95.181  37.326293     36.375      8.477   148.0856     4.5553     2.5870     0.0246     -0.012      0.299      0.433         43 8.0256e+02   996.7259 0.0000e+00
      0.303    26.3011     7.7808     96.493  37.320944     36.372      8.476   148.3128     4.5476     2.5437     0.0246     -0.015      0.297      0.431         44 7.1733e+02   996.7250 0.0000e+00
      0.302    26.2996     7.8560     97.424  37.264779     36.317      8.478   148.3128     4.5705     2.6302     0.0245     -0.015      0.297      0.431         45 8.9438e+02   996.7245 0.0000e+00
      0.303    26.2998     7.8983     97.945  37.277648     36.317      8.479   148.5778     4.5972     2.6879     0.0245     -0.012      0.297      0.431         46 1.0381e+03   996.7247 0.0000e+00
      0.303    26.3019     7.9139     98.138  37.304930     36.373      8.481   148.8428     4.6277     2.7311     0.0246     -0.008      0.297      0.431         47 9.3253e+02   996.7251 0.0000e+00
      0.302    26.3054     7.9192     98.200  37.230826     36.264      8.481   149.2213     4.6125     2.5870     0.0245     -0.005      0.297      0.430         48 7.2035e+02   996.7252 0.0000e+00
      0.301    26.3108     7.9259     98.279  37.251327     36.317      8.481   149.2213     4.5896     2.6446     0.0245     -0.003      0.296      0.429         49 6.2117e+02   996.7246 0.0000e+00
      0.301    26.3183     7.9361     98.402  37.220146     36.260      8.481   149.2971     4.6239     2.5293     0.0245     -0.002      0.295      0.428         50 7.1109e+02   996.7237 0.0000e+00
      0.300    26.3256     7.9450     98.512  37.210356     36.256      8.483   149.4485     4.5972     2.6879     0.0245     -0.001      0.295      0.428         51 8.6942e+02   996.7222 0.0000e+00
      0.300    26.3308     7.9514     98.593  37.263507     36.305      8.483   149.8649     4.5896     2.5870     0.0245     -0.001      0.295      0.428         52 8.7044e+02   996.7201 0.0000e+00
      0.302    26.3328     7.9505     98.583  37.272541     36.300      8.487   149.9785     4.5820     2.5581     0.0245     -0.001      0.296      0.429         53 8.1842e+02   996.7182 0.0000e+00
      0.303    26.3320     7.9462     98.531  37.258381     36.296      8.484   150.2813     4.5896     2.5149     0.0245     -0.000      0.298      0.431         54 1.0690e+03   996.7168 0.0000e+00
      0.303    26.3309     7.9320     98.357  37.221853     36.241      8.488   150.5463     4.5705     2.6014     0.0245      0.000      0.298      0.432         55 1.0196e+03   996.7162 0.0000e+00
      0.304    26.3298     7.9035     98.005  37.199455     36.241      8.489   150.6978     4.5820     2.6446     0.0245      0.001      0.297      0.431         56 9.0283e+02   996.7164 0.0000e+00
      0.302    26.3286     7.8733     97.629  37.226984     36.242      8.489   150.9628     4.5438     2.6158     0.0245      0.001      0.296      0.430         57 8.4669e+02   996.7167 0.0000e+00
      0.302    26.3271     7.8408     97.221  37.246865     36.297      8.488   150.9249     4.5629     2.5870     0.0245      0.001      0.296      0.430         58 7.6295e+02   996.7170 0.0000e+00
      0.301    26.3248     7.8134     96.875  37.174716     36.189      8.491   150.8113     4.7193     2.5437     0.0245      0.001      0.296      0.429         59 7.2462e+02   996.7173 0.0000e+00
      0.301    26.3230     7.8005     96.711  37.198232     36.245      8.492   151.3792     4.7307     2.5293     0.0245     -0.000      0.296      0.429         60 6.1091e+02   996.7177 0.0000e+00
      0.302    26.3228     7.7963     96.657  37.217598     36.246      8.494   151.4171     4.7269     2.6879     0.0245     -0.001      0.296      0.430         61 5.8472e+02   996.7184 0.0000e+00
      0.303    26.3233     7.8055     96.772  37.209885     36.248      8.496   151.4928     4.7040     2.5725     0.0245     -0.001      0.297      0.431         62 5.8519e+02   996.7189 0.0000e+00
      0.303    26.3240     7.8233     96.994  37.207832     36.248      8.497   151.8335     4.7841     2.6158     0.0245     -0.000      0.298      0.432         63 6.1240e+02   996.7189 0.0000e+00
      0.304    26.3250     7.8395     97.194  37.160885     36.193      8.498   152.2121     4.7651     2.5437     0.0245      0.000      0.298      0.432         64 7.8177e+02   996.7188 0.0000e+00
      0.304    26.3260     7.8505     97.329  37.209040     36.247      8.499   152.0985     4.7651     2.6158     0.0245      0.001      0.298      0.432         65 6.5051e+02   996.7186 0.0000e+00
      0.304    26.3265     7.8460     97.272  37.207174     36.246      8.500   152.3635     4.7803     2.5149     0.0245      0.001      0.298      0.432         66 6.0711e+02   996.7182 0.0000e+00
      0.303    26.3260     7.8235     96.994  37.163206     36.191      8.503   152.5528     4.7002     2.4860     0.0245      0.001      0.297      0.431         67 7.4858e+02   996.7180 0.0000e+00
      0.302    26.3232     7.7847     96.512  37.204486     36.245      8.504   152.5528     4.7460     2.5581     0.0245      0.001      0.296      0.430         68 5.7781e+02   996.7179 0.0000e+00
      0.302    26.3197     7.7308     95.842  37.215074     36.245      8.507   152.7421     4.7193     2.5870     0.0245     -0.000      0.296      0.429         69 6.1888e+02   996.7181 0.0000e+00
      0.301    26.3174     7.6701     95.086  37.150030     36.193      8.509   152.8935     4.7536     2.6302     0.0245     -0.001      0.295      0.428         70 6.2858e+02   996.7188 0.0000e+00
      0.300    26.3165     7.6102     94.339  37.166892     36.196      8.510   152.8556     4.8986     2.4283     0.0245     -0.002      0.295      0.427         71 4.8401e+02   996.7197 0.0000e+00
      0.300    26.3168     7.5511     93.602  37.194091     36.251      8.512   153.1963     4.8986     2.3562     0.0245     -0.002      0.294      0.427         72 6.2700e+02   996.7203 0.0000e+00
      0.300    26.3172     7.4868     92.800  37.116181     36.143      8.512   153.5371     4.8986     2.4716     0.0245     -0.002      0.294      0.427         73 7.3746e+02   996.7206 0.0000e+00
      0.300    26.3168     7.4384     92.194  37.145309     36.197      8.513   153.8021     4.9062     2.3707     0.0245     -0.002      0.294      0.427         74 5.8049e+02   996.7205 0.0000e+00
      0.300    26.3162     7.3897     91.584  37.157841     36.197      8.516   154.1806     4.9062     2.3707     0.0245     -0.002      0.294      0.427         75 5.3222e+02   996.7204 0.0000e+00
      0.301    26.3159     7.3407     90.970  37.100584     36.143      8.515   154.0292     4.8452     2.6302     0.0245     -0.001      0.295      0.428         76 5.7467e+02   996.7205 0.0000e+00
      0.301    26.3160     7.2991     90.442  37.098024     36.143      8.517   154.1049     4.8681     2.5870     0.0245     -0.000      0.295      0.429         77 5.0754e+02   996.7206 0.0000e+00
      0.301    26.3154     7.2516     89.845  37.101758     36.144      8.518   154.2185     4.8223     2.6158     0.0245      0.000      0.295      0.429         78 5.0130e+02   996.7207 0.0000e+00
      0.301    26.3142     7.1884     89.060  37.095939     36.144      8.518   154.8242     4.8719     2.6014     0.0245      0.001      0.295      0.429         79 6.2447e+02   996.7207 0.0000e+00
      0.302    26.3122     7.1336     88.379  37.105265     36.144      8.519   154.8621     4.8871     2.3851     0.0245      0.001      0.295      0.429         80 6.1121e+02   996.7209 0.0000e+00
