Data/DataNotYetUploadedToEDI/Raw_CTD/RawDownloads/072919_fcr30.cnv
* Sea-Bird SBE19plus  Data File:
* FileName = C:\DATA\0772919_fcr_0003.hex
* Software version 2.8.0.119
* Temperature SN = 7809
* Conductivity SN = 7809
* System UpLoad Time = Jul 29 2019 16:12:15
* <ApplicationData>
* <Seaterm232>
# nquan = 18
# nvalues = 413                         
# units = specified
# name 0 = depFM: Depth [fresh water, m]
# name 1 = tv290C: Temperature [ITS-90, deg C]
# name 2 = sbeox0Mg/L: Oxygen, SBE 43 [mg/l]
# name 3 = sbeox0PS: Oxygen, SBE 43 [% saturation]
# name 4 = c0uS/cm: Conductivity [uS/cm]
# name 5 = specc: Specific Conductance [uS/cm]
# name 6 = ph: pH
# name 7 = orp: Oxidation Reduction Potential [mV]
# name 8 = flECO-AFL: Fluorescence, WET Labs ECO-AFL/FL [mg/m^3]
# name 9 = turbWETntu0: Turbidity, WET Labs ECO [NTU]
# name 10 = sal00: Salinity, Practical [PSU]
# name 11 = dz/dtM: Descent Rate [m/s]
# name 12 = prdM: Pressure, Strain Gauge [db]
# name 13 = prdE: Pressure, Strain Gauge [psi]
# name 14 = scan: Scan Count
# name 15 = par/sat/log: PAR/Logarithmic, Satlantic
# name 16 = density00: Density [density, kg/m^3]
# name 17 = flag:  0.000e+00
# span 0 =     -0.543,      5.467       
# span 1 =    11.4281,    26.3715       
# span 2 =    -0.0649,    10.7587       
# span 3 =     -0.648,    127.432       
# span 4 =   3.779947,  51.466189       
# span 5 =      3.785,     66.034       
# span 6 =      7.120,      8.645       
# span 7 =  -197.0589,   438.0722       
# span 8 =    -1.3538,    35.5234       
# span 9 =    -0.6575,   918.5023       
# span 10 =     0.0121,     0.0336      
# span 11 =     -0.015,      0.202      
# span 12 =     -0.532,      5.361      
# span 13 =     -0.772,      7.775      
# span 14 =          1,        413      
# span 15 = 5.7353e-01, 2.0891e+03      
# span 16 =   996.7048,   999.6057      
# span 17 = 0.0000e+00, 0.0000e+00      
# interval = seconds: 0.25
# start_time = Jul 29 2019 11:44:43 [Instrument's time stamp, header]
# bad_flag = -9.990e-29
*END*
[from data line 81]
      0.300    26.3073     7.0539     87.391  37.159530     36.201      8.520   155.0892     4.8871     2.3130     0.0245      0.001      0.294      0.427         82 5.3636e+02   996.7218 0.0000e+00
      0.300    26.3044     7.0262     87.044  37.092686     36.148      8.523   155.3164     4.8795     2.5004     0.0245     -0.000      0.294      0.427         83 6.3761e+02   996.7224 0.0000e+00
      0.300    26.3007     6.9954     86.662  37.114067     36.150      8.526   155.5814     5.3258     2.3707     0.0245     -0.001      0.294      0.426         84 6.2479e+02   996.7230 0.0000e+00
      0.299    26.2971     6.9685     86.329  37.132924     36.206      8.524   155.8085     5.3106     2.3851     0.0245     -0.001      0.293      0.425         85 5.3991e+02   996.7238 0.0000e+00
      0.298    26.2924     6.9444     86.031  37.069220     36.100      8.521   156.1114     5.3144     2.4572     0.0244     -0.002      0.292      0.424         86 5.8529e+02   996.7248 0.0000e+00
      0.297    26.2849     6.9299     85.854  37.015535     36.103      8.524   156.2628     5.2991     2.4428     0.0244     -0.002      0.290      0.420         87 5.6608e+02   996.7258 0.0000e+00
      0.291    26.2802     6.9180     85.706  36.814480     35.861      8.524   156.2249     5.2686     2.3851     0.0243     -0.004      0.285      0.413         88 4.5538e+02   996.7270 0.0000e+00
      0.283    26.2784     6.9005     85.488  36.726732     35.812      8.524   156.2249     5.2686     2.4572     0.0243     -0.007      0.279      0.404         89 5.0261e+02   996.7289 0.0000e+00
      0.278    26.2774     6.8763     85.183  36.739485     35.815      8.525   156.2628     5.2610     2.4139     0.0243     -0.010      0.276      0.400         90 6.7828e+02   996.7301 0.0000e+00
      0.282    26.2784     6.8543     84.901  36.828246     35.898      8.523   156.7928     5.2572     2.4860     0.0244     -0.011      0.279      0.404         91 5.0593e+02   996.7306 0.0000e+00
      0.292    26.2772     6.8220     84.498  36.971889     36.062      8.525   156.7171     5.1389     2.3995     0.0244     -0.009      0.285      0.414         92 4.5659e+02   996.7310 0.0000e+00
      0.298    26.2749     6.7753     83.920  36.797805     35.871      8.523   157.0956     5.1237     2.5149     0.0243     -0.004      0.289      0.419         93 6.2960e+02   996.7307 0.0000e+00
      0.293    26.2747     6.7424     83.509  36.630004     35.708      8.526   157.1335     5.1618     2.4860     0.0243     -0.001      0.289      0.419         94 4.9352e+02   996.7309 0.0000e+00
      0.293    26.2748     6.7358     83.414  36.736191     35.819      8.524   157.0956     5.1465     2.2986     0.0243      0.002      0.291      0.421         95 5.0895e+02   996.7315 0.0000e+00
      0.302    26.2754     6.7521     83.614  36.873100     35.955      8.524   157.2849     5.1275     2.4283     0.0244      0.008      0.297      0.430         96 5.3948e+02   996.7317 0.0000e+00
      0.311    26.2765     6.7693     83.850  36.844876     35.928      8.521   157.3985     5.4288     2.5725     0.0244      0.013      0.305      0.443         97 4.1741e+02   996.7318 0.0000e+00
      0.321    26.2763     6.7909     84.118  36.800952     35.873      8.524   158.0042     5.4517     2.6158     0.0243      0.018      0.314      0.456         98 4.5783e+02   996.7316 0.0000e+00
      0.329    26.2756     6.8085     84.301  36.838859     35.926      8.522   157.6635     5.4288     2.5725     0.0244      0.020      0.323      0.467         99 5.4557e+02   996.7313 0.0000e+00
      0.336    26.2721     6.8184     84.417  36.797701     35.872      8.522   158.5342     5.4365     2.6014     0.0243      0.022      0.329      0.477        100 4.6187e+02   996.7315 0.0000e+00
      0.342    26.2664     6.8019     84.216  36.792903     35.873      8.518   158.3071     5.4822     2.6158     0.0243      0.026      0.332      0.482        101 3.9351e+02   996.7317 0.0000e+00
      0.339    26.2641     6.7843     83.997  36.696656     35.793      8.519   158.4585     5.4822     2.6014     0.0243      0.027      0.332      0.482        102 3.5853e+02   996.7326 0.0000e+00
      0.333    26.2641     6.7635     83.740  36.591498     35.661      8.519   158.3449     5.4899     2.6014     0.0243      0.023      0.333      0.484        103 4.6277e+02   996.7340 0.0000e+00
      0.348    26.2617     6.7439     83.501  36.716330     35.826      8.515   159.3671     5.5051     2.6302     0.0243      0.019      0.348      0.505        104 6.6125e+02   996.7347 0.0000e+00
      0.384    26.2535     6.7238     83.246  36.867287     35.935      8.509   160.0864     5.4403     2.6014     0.0244      0.025      0.377      0.546        105 5.5955e+02   996.7349 0.0000e+00
      0.421    26.2525     6.7081     83.051  36.966696     36.073      8.505   160.6542     5.4327     2.5293     0.0244      0.038      0.406      0.589        106 4.7749e+02   996.7358 0.0000e+00
      0.436    26.2672     6.7054     83.014  36.800065     35.888      8.502   160.8435     5.4403     2.6302     0.0243      0.051      0.422      0.613        107 4.6691e+02   996.7380 0.0000e+00
      0.435    26.2664     6.7255     83.250  36.570867     35.671      8.503   161.0328     5.4136     2.5149     0.0243      0.058      0.423      0.615        108 4.4602e+02   996.7382 0.0000e+00
      0.424    26.2461     6.7626     83.707  36.511060     35.606      8.508   160.8814     5.0130     2.6735     0.0242      0.059      0.420      0.610        109 4.4261e+02   996.7342 0.0000e+00
      0.428    26.2398     6.8075     84.262  36.578146     35.660      8.514   161.2599     4.9940     2.6735     0.0243      0.056      0.425      0.617        110 4.6661e+02   996.7344 0.0000e+00
      0.449    26.2425     6.8638     84.953  36.665188     35.785      8.516   161.6385     5.0054     2.5870     0.0243      0.052      0.441      0.640        111 4.8057e+02   996.7399 0.0000e+00
      0.471    26.2414     6.9218     85.661  36.758358     35.843      8.520   162.0928     5.0397     2.5581     0.0243      0.045      0.463      0.671        112 4.9821e+02   996.7418 0.0000e+00
      0.497    26.2424     6.9848     86.433  36.788182     35.923      8.520   162.6228     5.4327     2.4139     0.0244      0.041      0.486      0.704        113 4.8575e+02   996.7412 0.0000e+00
      0.515    26.2435     7.0466     87.192  36.716976     35.787      8.523   162.7742     5.4555     2.5149     0.0243      0.043      0.506      0.734        114 4.3742e+02   996.7416 0.0000e+00
      0.536    26.2403     7.0950     87.784  36.817340     35.951      8.525   163.0014     5.4212     2.3418     0.0244      0.054      0.527      0.765        115 4.8276e+02   996.7414 0.0000e+00
      0.562    26.2399     7.1355     88.273  36.811458     35.895      8.528   163.0771     5.4136     2.4139     0.0243      0.070      0.551      0.799        116 4.8308e+02   996.7412 0.0000e+00
      0.586    26.2373     7.1793     88.802  36.842835     35.952      8.531   163.0014     5.4136     2.4428     0.0244      0.083      0.577      0.837        117 4.7242e+02   996.7422 0.0000e+00
      0.618    26.2296     7.2101     89.172  36.985735     36.088      8.534   163.8342     5.4555     2.6014     0.0244      0.091      0.605      0.877        118 4.8689e+02   996.7425 0.0000e+00
      0.644    26.2275     7.2366     89.484  36.989241     36.090      8.535   164.0992     5.4403     2.7023     0.0244      0.095      0.631      0.915        119 4.5017e+02   996.7433 0.0000e+00
      0.667    26.2268     7.2537     89.676  36.986650     36.096      8.537   164.2885     5.4670     2.6302     0.0244      0.097      0.654      0.948        120 4.4481e+02   996.7455 0.0000e+00
      0.688    26.2230     7.2516     89.642  36.988963     36.097      8.540   164.6671     5.4327     2.5581     0.0244      0.097      0.675      0.979        121 4.5844e+02   996.7462 0.0000e+00
      0.709    26.2174     7.2166     89.208  36.986364     36.098      8.542   164.7428     5.7416     2.5149     0.0244      0.098      0.696      1.009        122 4.3411e+02   996.7464 0.0000e+00
      0.731    26.2121     7.1591     88.495  36.989887     36.100      8.542   164.8564     5.7607     2.6014     0.0244      0.096      0.716      1.039        123 4.4226e+02   996.7476 0.0000e+00
      0.751    26.2083     7.0814     87.531  36.925310     36.050      8.547   165.0835     5.7340     2.5437     0.0244      0.093      0.736      1.067        124 4.3924e+02   996.7491 0.0000e+00
      0.767    26.2036     7.0064     86.599  36.859286     35.972      8.550   164.9700     5.7340     2.6302     0.0244      0.088      0.755      1.095        125 4.1996e+02   996.7506 0.0000e+00
      0.792    26.1961     6.9341     85.701  36.983153     36.111      8.554   165.5757     5.7226     2.7456     0.0244      0.084      0.777      1.128        126 4.3260e+02   996.7518 0.0000e+00
      0.818    26.1886     6.8755     84.968  37.037879     36.168      8.556   165.6135     5.7340     2.6158     0.0244      0.083      0.802      1.164        127 4.1682e+02   996.7531 0.0000e+00
      0.843    26.1821     6.8427     84.550  36.998628     36.119      8.558   165.6892     5.7264     2.6158     0.0244      0.085      0.830      1.203        128 4.1716e+02   996.7552 0.0000e+00
      0.877    26.1719     6.8359     84.447  37.091273     36.234      8.559   166.4842     5.7035     2.6446     0.0245      0.090      0.861      1.248        129 3.9576e+02   996.7574 0.0000e+00
      0.912    26.1606     6.8508     84.615  37.159670     36.293      8.559   166.3707     5.9209     2.6446     0.0245      0.097      0.891      1.293        130 3.7812e+02   996.7594 0.0000e+00
      0.940    26.1554     6.8785     84.948  37.032055     36.191      8.558   166.6735     5.9209     2.5725     0.0244      0.104      0.915      1.329        131 3.9090e+02   996.7621 0.0000e+00
      0.950    26.1542     6.9143     85.377  36.864836     36.008      8.561   166.9007     5.9019     2.5725     0.0244      0.105      0.930      1.350        132 3.7991e+02   996.7651 0.0000e+00
      0.958    26.1529     6.9364     85.632  36.775075     35.957      8.564   166.7871     5.9019     2.5581     0.0243      0.101      0.940      1.365        133 3.8750e+02   996.7665 0.0000e+00
      0.970    26.1507     6.9706     86.032  36.758509     35.903      8.567   166.8250     6.2566     2.3274     0.0243      0.092      0.953      1.384        134 3.8772e+02   996.7669 0.0000e+00
      0.990    26.1478     6.9871     86.208  36.855818     36.041      8.572   167.2414     6.2643     2.3851     0.0244      0.083      0.973      1.411        135 3.8354e+02   996.7674 0.0000e+00
      1.017    26.1443     7.0020     86.365  36.920691     36.069      8.575   167.7714     6.2681     2.3995     0.0244      0.076      0.996      1.444        136 3.6895e+02   996.7681 0.0000e+00
      1.039    26.1390     7.0068     86.399  36.974127     36.153      8.576   167.3171     6.2833     2.5149     0.0244      0.071      1.019      1.477        137 3.6010e+02   996.7690 0.0000e+00
      1.060    26.1302     7.0029     86.328  36.996764     36.156      8.577   167.6957     6.2643     2.3995     0.0244      0.069      1.041      1.509        138 3.5030e+02   996.7701 0.0000e+00
      1.086    26.1184     6.9932     86.194  36.981425     36.160      8.577   168.0364     6.1193     2.5149     0.0244      0.073      1.065      1.544        139 3.3809e+02   996.7716 0.0000e+00
      1.111    26.1084     6.9674     85.864  36.993219     36.166      8.577   167.9607     6.1422     2.4860     0.0244      0.082      1.088      1.578        140 3.3181e+02   996.7741 0.0000e+00
      1.131    26.1018     6.9493     85.633  37.041362     36.229      8.577   168.5285     6.1422     2.4139     0.0244      0.088      1.109      1.609        141 3.2713e+02   996.7773 0.0000e+00
      1.152    26.0932     6.9182     85.246  37.040060     36.236      8.582   168.6043     6.1689     2.5293     0.0244      0.090      1.130      1.639        142 3.2336e+02   996.7800 0.0000e+00
      1.176    26.0817     6.8842     84.822  37.054116     36.240      8.581   169.1721     6.2261     2.4139     0.0244      0.090      1.153      1.673        143 3.1549e+02   996.7819 0.0000e+00
      1.200    26.0675     6.8466     84.353  37.083144     36.301      8.584   169.0964     6.2070     2.3851     0.0245      0.090      1.178      1.708        144 3.1249e+02   996.7843 0.0000e+00
      1.225    26.0498     6.8250     84.070  37.063211     36.255      8.583   169.4371     6.1994     2.4139     0.0244      0.091      1.203      1.746        145 2.9692e+02   996.7875 0.0000e+00
      1.256    26.0329     6.8254     84.041  37.138200     36.374      8.585   169.5128     6.2147     2.3851     0.0245      0.093      1.232      1.787        146 2.8815e+02   996.7915 0.0000e+00
      1.286    26.0168     6.8655     84.498  37.108369     36.332      8.590   169.4371     6.6267     2.6879     0.0245      0.096      1.261      1.829        147 2.8312e+02   996.7963 0.0000e+00
      1.314    26.0021     6.9293     85.259  37.041071     36.289      8.595   169.8535     6.6572     2.5437     0.0245      0.101      1.289      1.869        148 2.6939e+02   996.8009 0.0000e+00
      1.343    25.9927     7.0043     86.173  37.044149     36.301      8.601   170.0050     6.6190     2.5004     0.0245      0.106      1.315      1.907        149 2.5954e+02   996.8053 0.0000e+00
      1.364    25.9856     7.0409     86.617  37.045279     36.312      8.609   169.8157     6.6038     2.6446     0.0245      0.107      1.337      1.939        150 2.5750e+02   996.8093 0.0000e+00
      1.385    25.9808     7.0636     86.869  37.039673     36.318      8.615   169.4750     7.4201     2.5725     0.0245      0.106      1.357      1.968        151 2.5078e+02   996.8119 0.0000e+00
      1.401    25.9779     7.0585     86.760  36.932589     36.214      8.622   169.7021     7.4049     2.3995     0.0244      0.102      1.372      1.990        152 2.4965e+02   996.8137 0.0000e+00
      1.411    25.9746     7.0373     86.455  36.852560     36.135      8.628   169.9293     7.4049     2.4139     0.0244      0.093      1.384      2.008        153 2.4856e+02   996.8151 0.0000e+00
      1.424    25.9705     7.0011     85.964  36.842920     36.137      8.632   169.7021     7.3896     2.4283     0.0244      0.082      1.397      2.026        154 2.4042e+02   996.8159 0.0000e+00
      1.437    25.9596     6.9522     85.324  36.855683     36.139      8.638   169.5885     7.3210     2.4283     0.0244      0.072      1.413      2.049        155 2.3888e+02   996.8169 0.0000e+00
      1.462    25.9377     6.9111     84.796  36.984853     36.279      8.642   170.2321     7.3362     2.4572     0.0244      0.067      1.437      2.083        156 2.2737e+02   996.8182 0.0000e+00
      1.495    25.9136     6.8727     84.333  37.037795     36.342      8.643   170.1564     7.3248     2.4283     0.0245      0.067      1.467      2.128        157 2.2015e+02   996.8211 0.0000e+00
      1.530    25.8984     6.8386     83.929  36.997251     36.303      8.644   170.9514     7.3553     2.5004     0.0244      0.075      1.500      2.175        158 2.1285e+02   996.8271 0.0000e+00
      1.563    25.8926     6.8089     83.575  36.976050     36.320      8.641   171.6328     7.3057     2.3851     0.0244      0.085      1.530      2.219        159 2.0500e+02   996.8337 0.0000e+00
      1.587    25.8881     6.7756     83.165  36.916015     36.248      8.641   171.4814     8.7629     2.6735     0.0244      0.096      1.555      2.255        160 2.0173e+02   996.8378 0.0000e+00
