Data/DataNotYetUploadedToEDI/Raw_CTD/RawDownloads/07292020_ccr20.cnv
* Sea-Bird SBE19plus  Data File:
* FileName = C:\DATA\07292020_ccr50_0004.hex
* Software version 2.8.0.119
* Temperature SN = 7809
* Conductivity SN = 7809
* System UpLoad Time = Jul 29 2020 17:32:16
* <ApplicationData>
* <Seaterm232>
# nquan = 16
# nvalues = 1281                        
# units = specified
# name 0 = depFM: Depth [fresh water, m]
# name 1 = dz/dtM: Descent Rate [m/s]
# name 2 = sbeox0ML/L: Oxygen, SBE 43 [ml/l]
# name 3 = sbeox0PS: Oxygen, SBE 43 [% saturation]
# name 4 = specc: Specific Conductance [uS/cm]
# name 5 = c0uS/cm: Conductivity [uS/cm]
# name 6 = flECO-AFL: Fluorescence, WET Labs ECO-AFL/FL [mg/m^3]
# name 7 = ph: pH
# name 8 = orp: Oxidation Reduction Potential [mV]
# name 9 = par/sat/log: PAR/Logarithmic, Satlantic
# name 10 = turbWETntu0: Turbidity, WET Labs ECO [NTU]
# name 11 = prdM: Pressure, Strain Gauge [db]
# name 12 = prdE: Pressure, Strain Gauge [psi]
# name 13 = tv290C: Temperature [ITS-90, deg C]
# name 14 = density00: Density [density, kg/m^3]
# name 15 = flag:  0.000e+00
# span 0 =     -0.476,      8.881       
# span 1 =     -0.174,      0.161       
# span 2 =     0.0512,     7.1780       
# span 3 =      0.696,    123.801       
# span 4 =      1.305,     70.636       
# span 5 =   1.291800,  57.849422       
# span 6 =    -0.9347,     3.7809       
# span 7 =      6.918,      7.596       
# span 8 =    99.1658,   249.4048       
# span 9 = 3.4917e-01, 7.2536e+02       
# span 10 =    -0.3418,    29.0271      
# span 11 =     -0.470,      8.709      
# span 12 =     -0.682,     12.631      
# span 13 =    11.9408,    30.3222      
# span 14 =   995.5757,   999.5745      
# span 15 = 0.0000e+00, 0.0000e+00      
# interval = seconds: 0.25
# start_time = Jul 29 2020 00:34:31 [Instrument's time stamp, header]
# bad_flag = -9.990e-29
*END*
[from data line 91]
      0.075      0.008     3.9614     75.590     51.517  56.676971     0.0067      7.326   170.1835 2.4207e+02     0.6788      0.072      0.105    30.0261   995.6652 0.0000e+00
      0.083      0.013     3.9800     75.159     51.590  56.718723     0.0018      7.322   170.5356 2.4563e+02     0.6904      0.081      0.118    30.0118   995.6696 0.0000e+00
      0.089      0.013     3.9998     74.469     51.634  56.743164     0.0038      7.318   170.8078 2.4847e+02     0.7283      0.089      0.128    30.0224   995.6664 0.0000e+00
      0.092      0.011     4.0059     73.681     51.613  56.718355     0.0013      7.315   171.0656 2.4966e+02     0.7252      0.091      0.132    30.0392   995.6612 0.0000e+00
      0.092      0.008     4.0031     72.910     51.570  56.672841    -0.0090      7.312   171.3296 2.5082e+02     0.6875      0.090      0.131    30.0077   995.6708 0.0000e+00
      0.092      0.006     3.9834     72.200     51.543  56.637523    -0.0156      7.309   171.5038 2.5337e+02     0.6498      0.089      0.130    29.9537   995.6872 0.0000e+00
      0.092      0.005     3.9443     71.603     51.527  56.608928    -0.0121      7.306   171.5378 2.5642e+02     0.6473      0.090      0.131    29.9311   995.6941 0.0000e+00
      0.093      0.007     3.8997     71.117     51.510  56.581162    -0.0049      7.303   171.4821 2.5797e+02     0.6912      0.091      0.133    29.9383   995.6919 0.0000e+00
      0.094      0.010     3.8589     70.714     51.494  56.555880     0.0047      7.302   171.5182 2.5752e+02     0.6999      0.092      0.134    29.9440   995.6901 0.0000e+00
      0.097      0.014     3.8200     70.413     51.502  56.557312     0.0177      7.299   171.8028 2.5650e+02     0.6841      0.094      0.137    29.9363   995.6924 0.0000e+00
      0.102      0.015     3.7889     70.135     51.544  56.598469     0.0195      7.295   172.1694 2.5685e+02     0.7061      0.099      0.143    29.9238   995.6962 0.0000e+00
      0.108      0.015     3.7664     69.851     51.609  56.672367    -0.0020      7.292   172.3375 2.5831e+02     0.6912      0.106      0.153    29.9146   995.6990 0.0000e+00
      0.114      0.014     3.7420     69.659     51.673  56.752075    -0.0132      7.290   172.3727 2.5921e+02     0.6761      0.113      0.164    29.9074   995.7012 0.0000e+00
      0.119      0.011     3.7304     69.603     51.703  56.799969    -0.0022      7.288   172.5954 2.6031e+02     0.6611      0.118      0.170    29.8995   995.7036 0.0000e+00
      0.120      0.007     3.7171     69.679     51.693  56.806829     0.0170      7.284   172.9647 2.6228e+02     0.6125      0.119      0.172    29.8929   995.7055 0.0000e+00
      0.119      0.004     3.6980     69.855     51.650  56.771521     0.0284      7.281   173.1380 2.6356e+02     0.6370      0.118      0.170    29.8951   995.7049 0.0000e+00
      0.118      0.000     3.6874     70.048     51.584  56.690696     0.0017      7.280   173.1420 2.6329e+02     0.6827      0.115      0.167    29.9066   995.7015 0.0000e+00
      0.118     -0.005     3.6832     70.117     51.514  56.591816    -0.0286      7.278   173.0997 2.6239e+02     0.7193      0.115      0.166    29.9216   995.6969 0.0000e+00
      0.120     -0.009     3.6868     69.956     51.468  56.528765    -0.0230      7.276   173.1425 2.6260e+02     0.7699      0.118      0.171    29.9397   995.6915 0.0000e+00
      0.119     -0.012     3.6960     69.569     51.441  56.500021    -0.0175      7.275   173.4874 2.6367e+02     0.7450      0.119      0.171    29.9586   995.6859 0.0000e+00
      0.114     -0.014     3.7101     69.026     51.438  56.498356    -0.0289      7.274   174.0003 2.6465e+02     0.6936      0.113      0.164    29.9493   995.6886 0.0000e+00
      0.106     -0.014     3.7185     68.371     51.451  56.508644    -0.0459      7.271   174.3538 2.6635e+02     0.6979      0.103      0.150    29.9147   995.6989 0.0000e+00
      0.099     -0.013     3.7102     67.645     51.448  56.497357    -0.0611      7.267   174.4919 2.6864e+02     0.6934      0.095      0.138    29.9034   995.7023 0.0000e+00
      0.096     -0.010     3.6873     66.963     51.448  56.488920    -0.0591      7.264   174.5512 2.7016e+02     0.6735      0.093      0.136    29.9120   995.6997 0.0000e+00
      0.096     -0.004     3.6576     66.436     51.497  56.533659    -0.0325      7.262   174.6412 2.7047e+02     0.6636      0.094      0.137    29.9146   995.6989 0.0000e+00
      0.096      0.001     3.6234     66.131     51.732  56.784190    -0.0057      7.260   174.8910 2.6969e+02     0.6427      0.095      0.138    29.9085   995.7007 0.0000e+00
      0.096      0.006     3.5826     66.308     52.132  57.231253    -0.0021      7.257   175.2495 2.6783e+02     0.6258      0.094      0.137    29.8993   995.7035 0.0000e+00
      0.098      0.008     3.5443     67.815     52.386  57.556000    -0.0081      7.254   175.4477 2.6619e+02     0.5971      0.095      0.138    29.8917   995.7059 0.0000e+00
      0.102      0.008     3.5173     71.768     52.407  57.661643    -0.0116      7.252   175.4817 2.6619e+02     0.5700      0.099      0.144    29.8823   995.7087 0.0000e+00
      0.107      0.007     3.4987     78.201     52.353  57.682896    -0.0070      7.251   175.5739 2.6750e+02     0.6072      0.106      0.154    29.8737   995.7112 0.0000e+00
      0.111      0.005     3.4943     85.796     52.306  57.686059     0.0095      7.248   175.7878 2.6894e+02     0.6698      0.111      0.161    29.8680   995.7132 0.0000e+00
      0.111      0.003     3.5402     93.026     52.285  57.699973     0.0167      7.246   176.0031 2.6969e+02     0.6747      0.110      0.160    29.9096   995.7008 0.0000e+00
      0.108      0.001     3.7407     98.883     52.284  57.724133     0.0044      7.244   176.1976 2.6976e+02     0.6312      0.106      0.154    30.0115   995.6701 0.0000e+00
      0.105      0.001     4.1089    103.040     52.270  57.724123     0.0031      7.243   176.4191 2.6929e+02     0.6253      0.102      0.149    30.0946   995.6449 0.0000e+00
      0.105      0.001     4.5346    105.507     52.244  57.699878     0.0197      7.241   176.5305 2.6869e+02     0.6713      0.102      0.148    30.1413   995.6307 0.0000e+00
      0.107      0.002     4.9340    106.364     52.229  57.685090     0.0245      7.239   176.5974 2.6881e+02     0.7072      0.105      0.152    30.1750   995.6205 0.0000e+00
      0.111      0.003     5.2434    105.902     52.216  57.672376     0.0132      7.238   176.7978 2.6977e+02     0.6815      0.109      0.158    30.1991   995.6132 0.0000e+00
      0.113      0.003     5.4593    104.681     52.216  57.673198     0.0165      7.235   177.0604 2.7110e+02     0.6360      0.111      0.161    30.2130   995.6090 0.0000e+00
      0.113      0.002     5.5896    103.300     52.238  57.695038     0.0458      7.233   177.2777 2.7230e+02     0.6378      0.110      0.160    30.2153   995.6083 0.0000e+00
      0.112      0.000     5.6294    102.109     52.228  57.682343     0.0708      7.231   177.4463 2.7274e+02     0.6686      0.109      0.159    30.2160   995.6080 0.0000e+00
      0.110      0.000     5.5936    101.178     52.197  57.646749     0.0806      7.230   177.6363 2.7218e+02     0.7334      0.108      0.157    30.2183   995.6074 0.0000e+00
      0.110      0.000     5.5164    100.436     52.195  57.645822     0.0790      7.228   177.8551 2.7082e+02     0.8031      0.108      0.156    30.2185   995.6073 0.0000e+00
      0.110      0.001     5.4378     99.805     52.215  57.671127     0.0607      7.225   178.0271 2.6968e+02     0.8596      0.108      0.156    30.2165   995.6079 0.0000e+00
      0.111      0.002     5.3747     99.263     52.236  57.698619     0.0505      7.224   178.0809 2.6964e+02     0.9008      0.109      0.157    30.2140   995.6087 0.0000e+00
      0.112      0.002     5.3276     98.802     52.257  57.724131     0.0602      7.223   178.0754 2.7025e+02     0.9245      0.110      0.160    30.2127   995.6091 0.0000e+00
      0.114      0.001     5.2904     98.408     52.257  57.725504     0.0632      7.222   178.2181 2.7141e+02     0.9054      0.112      0.162    30.2133   995.6089 0.0000e+00
      0.114     -0.001     5.2568     98.121     52.248  57.715214     0.0686      7.220   178.4293 2.7336e+02     0.8073      0.112      0.163    30.2176   995.6076 0.0000e+00
      0.113     -0.001     5.2274     97.970     52.260  57.726765     0.0779      7.219   178.5633 2.7503e+02     0.7346      0.111      0.162    30.2231   995.6059 0.0000e+00
      0.112     -0.001     5.2044     97.966     52.272  57.738116     0.0699      7.217   178.8061 2.7517e+02     0.7131      0.109      0.159    30.2237   995.6058 0.0000e+00
      0.110      0.000     5.1817     98.108     52.262  57.725403     0.0677      7.215   179.0426 2.7385e+02     0.7185      0.107      0.156    30.2248   995.6054 0.0000e+00
      0.110      0.002     5.1663     98.337     52.240  57.700098     0.0796      7.213   179.1001 2.7208e+02     0.7659      0.107      0.155    30.2264   995.6050 0.0000e+00
      0.112      0.004     5.1585     98.561     52.225  57.686256     0.0902      7.211   179.2434 2.7088e+02     0.8052      0.109      0.158    30.2238   995.6057 0.0000e+00
      0.115      0.004     5.1579     98.723     52.220  57.685101     0.0905      7.210   179.4846 2.7090e+02     0.7819      0.112      0.163    30.2208   995.6067 0.0000e+00
      0.117      0.003     5.1670     98.785     52.220  57.686131     0.0740      7.208   179.6072 2.7205e+02     0.7239      0.115      0.166    30.2190   995.6072 0.0000e+00
      0.117      0.001     5.1813     98.694     52.232  57.698721     0.0436      7.207   179.6930 2.7378e+02     0.6874      0.116      0.168    30.2178   995.6075 0.0000e+00
      0.117     -0.002     5.1939     98.504     52.243  57.710270     0.0185      7.206   179.8334 2.7577e+02     0.6843      0.115      0.167    30.2206   995.6067 0.0000e+00
      0.116     -0.003     5.2019     98.379     52.232  57.698720     0.0188      7.205   180.0142 2.7668e+02     0.7207      0.114      0.165    30.2259   995.6050 0.0000e+00
      0.113     -0.002     5.2071     98.394     52.221  57.686121     0.0279      7.203   180.1583 2.7556e+02     0.7492      0.111      0.161    30.2276   995.6045 0.0000e+00
      0.111     -0.001     5.2016     98.492     52.220  57.684986     0.0140      7.202   180.1989 2.7389e+02     0.7211      0.108      0.157    30.2265   995.6048 0.0000e+00
      0.111      0.001     5.1872     98.569     52.220  57.684996    -0.0256      7.201   180.3337 2.7313e+02     0.6892      0.107      0.156    30.2252   995.6053 0.0000e+00
      0.113      0.003     5.1792     98.566     52.221  57.686245    -0.0600      7.199   180.5832 2.7293e+02     0.7067      0.110      0.159    30.2249   995.6054 0.0000e+00
      0.116      0.003     5.1817     98.511     52.234  57.700085    -0.0588      7.197   180.7211 2.7276e+02     0.7274      0.114      0.165    30.2251   995.6053 0.0000e+00
      0.118      0.003     5.1888     98.447     52.257  57.725276    -0.0202      7.195   180.7964 2.7351e+02     0.7334      0.117      0.169    30.2252   995.6053 0.0000e+00
      0.118      0.002     5.1946     98.360     52.269  57.736741     0.0160      7.194   180.8908 2.7543e+02     0.7450      0.117      0.169    30.2255   995.6052 0.0000e+00
      0.117     -0.000     5.1934     98.247     52.249  57.711647     0.0155      7.192   180.9166 2.7615e+02     0.7298      0.115      0.166    30.2241   995.6056 0.0000e+00
      0.115     -0.002     5.1890     98.101     52.218  57.675958     0.0033      7.191   180.9364 2.7489e+02     0.7210      0.113      0.164    30.2246   995.6054 0.0000e+00
      0.115     -0.002     5.1869     97.925     52.227  57.686371     0.0209      7.190   181.1294 2.7335e+02     0.7425      0.112      0.163    30.2251   995.6053 0.0000e+00
      0.115     -0.002     5.1821     97.812     52.247  57.710511     0.0660      7.188   181.3575 2.7265e+02     0.7495      0.113      0.165    30.2223   995.6062 0.0000e+00
      0.115     -0.001     5.1764     97.869     52.247  57.713737     0.0915      7.187   181.4577 2.7312e+02     0.7020      0.113      0.164    30.2196   995.6070 0.0000e+00
      0.115     -0.001     5.1698     98.084     52.254  57.725380     0.0812      7.186   181.5662 2.7487e+02     0.6147      0.112      0.163    30.2184   995.6074 0.0000e+00
      0.115     -0.001     5.1580     98.330     52.254  57.724244     0.0650      7.183   181.7235 2.7712e+02     0.5871      0.113      0.164    30.2181   995.6074 0.0000e+00
      0.115     -0.002     5.1493     98.485     52.234  57.699991     0.0567      7.181   181.8963 2.7863e+02     0.6431      0.112      0.163    30.2198   995.6069 0.0000e+00
      0.114     -0.002     5.1521     98.521     52.223  57.686237     0.0580      7.180   182.0212 2.7915e+02     0.7071      0.111      0.162    30.2255   995.6051 0.0000e+00
      0.113     -0.001     5.1659     98.491     52.223  57.684996     0.0706      7.178   182.1149 2.7868e+02     0.7094      0.111      0.161    30.2295   995.6040 0.0000e+00
      0.112      0.000     5.1819     98.443     52.223  57.684978     0.0856      7.176   182.2554 2.7731e+02     0.6703      0.110      0.159    30.2280   995.6044 0.0000e+00
      0.112      0.002     5.1905     98.333     52.222  57.686018     0.0868      7.175   182.3426 2.7565e+02     0.6467      0.109      0.159    30.2243   995.6056 0.0000e+00
      0.113      0.003     5.1917     98.112     52.229  57.697576     0.0755      7.174   182.3949 2.7453e+02     0.6640      0.110      0.160    30.2223   995.6062 0.0000e+00
      0.115      0.003     5.1881     97.808     52.226  57.697680     0.0735      7.173   182.4579 2.7494e+02     0.7072      0.112      0.163    30.2222   995.6062 0.0000e+00
      0.117      0.002     5.1871     97.430     52.216  57.687285     0.0715      7.171   182.5018 2.7701e+02     0.7229      0.115      0.167    30.2214   995.6065 0.0000e+00
      0.117      0.002     5.1833     96.960     52.226  57.698940     0.0511      7.170   182.6681 2.7871e+02     0.7174      0.116      0.168    30.2232   995.6059 0.0000e+00
      0.117      0.001     5.1690     96.413     52.237  57.711549     0.0269      7.169   183.0060 2.7650e+02     0.7089      0.115      0.167    30.2285   995.6043 0.0000e+00
      0.116     -0.001     5.1530     95.803     52.239  57.712696     0.0079      7.166   183.3174 2.6885e+02     0.6884      0.113      0.163    30.2311   995.6035 0.0000e+00
      0.115     -0.001     5.1340     95.220     52.240  57.712810    -0.0064      7.163   183.5074 2.6326e+02     0.6758      0.112      0.162    30.2317   995.6033 0.0000e+00
      0.116     -0.001     5.1083     94.890     52.241  57.712925    -0.0029      7.159   183.5829 2.6916e+02     0.6940      0.113      0.164    30.2331   995.6029 0.0000e+00
      0.116     -0.002     5.0794     94.900     52.242  57.714080     0.0117      7.157   183.5410 2.8188e+02     0.7024      0.114      0.165    30.2330   995.6029 0.0000e+00
      0.115     -0.005     5.0472     95.135     52.255  57.726775     0.0078      7.154   183.5170 2.9053e+02     0.6746      0.112      0.164    30.2324   995.6031 0.0000e+00
      0.115     -0.009     5.0096     95.506     52.268  57.739376    -0.0015      7.151   183.5515 2.9197e+02     0.6671      0.111      0.162    30.2319   995.6033 0.0000e+00
      0.114     -0.011     4.9905     95.916     52.269  57.739386     0.0130      7.148   183.7000 2.8941e+02     0.6801      0.115      0.166    30.2301   995.6038 0.0000e+00
      0.109     -0.009     4.9957     96.224     52.257  57.726891     0.0408      7.146   183.9365 2.8319e+02     0.6943      0.110      0.161    30.2302   995.6038 0.0000e+00
