Data/DataNotYetUploadedToEDI/Raw_CTD/RawDownloads/072919_fcr30.cnv
* Sea-Bird SBE19plus  Data File:
* FileName = C:\DATA\0772919_fcr_0003.hex
* Software version 2.8.0.119
* Temperature SN = 7809
* Conductivity SN = 7809
* System UpLoad Time = Jul 29 2019 16:12:15
* <ApplicationData>
* <Seaterm232>
# nquan = 18
# nvalues = 413                         
# units = specified
# name 0 = depFM: Depth [fresh water, m]
# name 1 = tv290C: Temperature [ITS-90, deg C]
# name 2 = sbeox0Mg/L: Oxygen, SBE 43 [mg/l]
# name 3 = sbeox0PS: Oxygen, SBE 43 [% saturation]
# name 4 = c0uS/cm: Conductivity [uS/cm]
# name 5 = specc: Specific Conductance [uS/cm]
# name 6 = ph: pH
# name 7 = orp: Oxidation Reduction Potential [mV]
# name 8 = flECO-AFL: Fluorescence, WET Labs ECO-AFL/FL [mg/m^3]
# name 9 = turbWETntu0: Turbidity, WET Labs ECO [NTU]
# name 10 = sal00: Salinity, Practical [PSU]
# name 11 = dz/dtM: Descent Rate [m/s]
# name 12 = prdM: Pressure, Strain Gauge [db]
# name 13 = prdE: Pressure, Strain Gauge [psi]
# name 14 = scan: Scan Count
# name 15 = par/sat/log: PAR/Logarithmic, Satlantic
# name 16 = density00: Density [density, kg/m^3]
# name 17 = flag:  0.000e+00
# span 0 =     -0.543,      5.467       
# span 1 =    11.4281,    26.3715       
# span 2 =    -0.0649,    10.7587       
# span 3 =     -0.648,    127.432       
# span 4 =   3.779947,  51.466189       
# span 5 =      3.785,     66.034       
# span 6 =      7.120,      8.645       
# span 7 =  -197.0589,   438.0722       
# span 8 =    -1.3538,    35.5234       
# span 9 =    -0.6575,   918.5023       
# span 10 =     0.0121,     0.0336      
# span 11 =     -0.015,      0.202      
# span 12 =     -0.532,      5.361      
# span 13 =     -0.772,      7.775      
# span 14 =          1,        413      
# span 15 = 5.7353e-01, 2.0891e+03      
# span 16 =   996.7048,   999.6057      
# span 17 = 0.0000e+00, 0.0000e+00      
# interval = seconds: 0.25
# start_time = Jul 29 2019 11:44:43 [Instrument's time stamp, header]
# bad_flag = -9.990e-29
*END*
[from data line 161]
      1.629    25.8425     6.7600     82.896  36.914347     36.255      8.641   172.7685     8.7629     2.6446     0.0244      0.108      1.598      2.317        162 1.9137e+02   996.8406 0.0000e+00
      1.651    25.8136     6.7809     83.078  36.861262     36.240      8.641   173.0714     8.7706     2.6158     0.0244      0.107      1.619      2.347        163 1.8682e+02   996.8453 0.0000e+00
      1.671    25.7846     6.8121     83.401  36.871327     36.234      8.638   173.3364    11.4561     2.7023     0.0244      0.101      1.639      2.377        164 1.8316e+02   996.8530 0.0000e+00
      1.691    25.7586     6.8481     83.830  36.872199     36.308      8.635   173.9800    11.4218     2.9042     0.0244      0.093      1.659      2.406        165 1.7845e+02   996.8606 0.0000e+00
      1.712    25.7448     6.8729     84.130  36.830558     36.220      8.634   173.7907    11.4409     2.9186     0.0244      0.086      1.678      2.434        166 1.7418e+02   996.8684 0.0000e+00
      1.729    25.7483     6.8811     84.230  36.863895     36.348      8.633   173.8286    11.4294     2.7311     0.0244      0.082      1.695      2.457        167 1.7180e+02   996.8753 0.0000e+00
      1.742    25.7582     6.8689     84.077  36.830723     36.248      8.631   174.2071    13.7946     2.8465     0.0244      0.078      1.708      2.477        168 1.6923e+02   996.8791 0.0000e+00
      1.754    25.7650     6.8388     83.689  36.782941     36.273      8.628   174.4721    13.8137     2.7600     0.0244      0.073      1.720      2.495        169 1.6727e+02   996.8781 0.0000e+00
      1.766    25.7638     6.7925     83.086  36.715915     36.128      8.629   174.8886    13.8060     2.8321     0.0243      0.068      1.734      2.515        170 1.6426e+02   996.8755 0.0000e+00
      1.785    25.7464     6.7779     82.679  36.765959     36.233      8.628   174.9264    13.8289     2.9186     0.0244      0.064      1.753      2.542        171 1.5911e+02   996.8739 0.0000e+00
      1.812    25.7125     6.9366     83.962  36.809563     36.234      8.625   175.6078    16.0834     2.7744     0.0244      0.064      1.777      2.577        172 1.5396e+02   996.8743 0.0000e+00
      1.838    25.6637     7.4447     89.457  36.839458     36.302      8.622   175.6078    16.1140     2.6446     0.0244      0.067      1.803      2.615        173 1.4910e+02   996.8791 0.0000e+00
      1.866    25.6261     8.1113     96.988  36.876939     36.353      8.618   176.2514    16.1063     2.8898     0.0244      0.073      1.828      2.652        174 1.4419e+02   996.8881 0.0000e+00
      1.889    25.6168     8.8206    105.148  36.792575     36.306      8.611   176.4786    16.0720     2.8609     0.0244      0.080      1.850      2.683        175 1.4083e+02   996.9010 0.0000e+00
      1.903    25.6162     9.4934    112.928  36.796297     36.334      8.609   177.1221    20.2492     3.0051     0.0244      0.085      1.866      2.706        176 1.3850e+02   996.9109 0.0000e+00
      1.917    25.6144    10.0550    119.418  36.783417     36.339      8.608   177.6900    20.2682     2.9474     0.0244      0.087      1.878      2.724        177 1.3610e+02   996.9134 0.0000e+00
      1.926    25.6133    10.4589    124.027  36.690069     36.230      8.604   177.7657    20.2720     3.0051     0.0243      0.083      1.889      2.740        178 1.3422e+02   996.9136 0.0000e+00
      1.936    25.5980    10.7138    126.940  36.675390     36.231      8.602   177.8036    20.2301     2.9907     0.0243      0.074      1.900      2.755        179 1.3151e+02   996.9141 0.0000e+00
      1.951    25.5780    10.7587    127.432  36.831322     36.370      8.597   177.9550    21.9315     2.9763     0.0244      0.065      1.913      2.775        180 1.2845e+02   996.9144 0.0000e+00
      1.966    25.4142    10.6430    126.010  36.703462     36.297      8.591   178.2578    21.9162     2.9474     0.0243      0.058      1.928      2.796        181 1.2607e+02   996.9185 0.0000e+00
      1.980    25.0090    10.4690    123.849  36.064023     35.624      8.590   178.9014    21.9124     2.9474     0.0241      0.052      1.943      2.818        182 1.2288e+02   996.9237 0.0000e+00
      1.999    24.6078    10.2849    121.494  35.611996     35.315      8.584   180.1507    21.9200     3.0916     0.0239      0.052      1.960      2.843        183 1.1974e+02   996.9664 0.0000e+00
      2.017    24.3464    10.0991    119.183  35.576966     35.557      8.584   179.9993    21.9429     3.0628     0.0239      0.055      1.978      2.869        184 1.1700e+02   997.0711 0.0000e+00
      2.035    24.1779     9.8993    116.752  35.574389     35.868      8.584   180.6807    24.8612     2.7311     0.0239      0.059      1.997      2.896        185 1.1375e+02   997.1734 0.0000e+00
      2.056    24.0669     9.6991    114.315  35.437586     35.892      8.585   181.1729    24.8726     2.7888     0.0238      0.064      2.017      2.925        186 1.1027e+02   997.2391 0.0000e+00
      2.078    23.9787     9.5185    112.144  35.362116     35.954      8.575   181.4000    24.8459     2.7167     0.0238      0.070      2.039      2.957        187 1.0653e+02   997.2812 0.0000e+00
      2.103    23.9004     9.3812    110.500  35.372065     36.038      8.571   181.8921    24.8383     2.7600     0.0238      0.074      2.061      2.989        188 1.0344e+02   997.3089 0.0000e+00
      2.124    23.8534     9.2707    109.180  35.306732     36.044      8.563   182.0814    26.8372     3.1061     0.0238      0.078      2.082      3.019        189 1.0117e+02   997.3307 0.0000e+00
      2.141    23.8355     9.1919    108.230  35.324936     36.103      8.560   182.9143    26.8258     3.0628     0.0238      0.081      2.100      3.045        190 9.9158e+01   997.3501 0.0000e+00
      2.157    23.8150     9.1426    107.608  35.408712     36.252      8.554   183.1036    26.8563     2.9763     0.0239      0.080      2.117      3.070        191 9.6658e+01   997.3618 0.0000e+00
      2.178    23.7694     9.1366    107.466  35.380295     36.207      8.552   183.9743    26.8258     2.9763     0.0238      0.080      2.137      3.100        192 9.3093e+01   997.3662 0.0000e+00
      2.204    23.6951     9.1591    107.612  35.360313     36.223      8.545   184.7693    27.0318     2.7600     0.0238      0.081      2.161      3.134        193 8.9600e+01   997.3714 0.0000e+00
      2.228    23.6416     9.1915    107.853  35.374328     36.255      8.539   185.8293    27.0280     2.7888     0.0238      0.082      2.184      3.168        194 8.7203e+01   997.3827 0.0000e+00
      2.249    23.6078     9.2326    108.153  35.362877     36.313      8.534   186.3972    27.0204     2.9474     0.0238      0.082      2.206      3.199        195 8.4611e+01   997.4009 0.0000e+00
      2.272    23.5736     9.2451    108.130  35.374593     36.352      8.525   186.3972    27.0013     2.7888     0.0238      0.083      2.227      3.229        196 8.2129e+01   997.4140 0.0000e+00
      2.290    23.5527     9.2741    108.322  35.359774     36.377      8.517   187.7222    27.0814     2.5725     0.0238      0.084      2.244      3.254        197 8.0784e+01   997.4224 0.0000e+00
      2.302    23.5401     9.2620    107.956  35.322073     36.346      8.507   189.3122    27.0509     2.5870     0.0238      0.083      2.257      3.273        198 7.9585e+01   997.4306 0.0000e+00
      2.312    23.5309     9.2335    107.330  35.302996     36.361      8.502   190.1072    27.0738     2.6735     0.0238      0.079      2.267      3.289        199 7.8400e+01   997.4357 0.0000e+00
      2.323    23.5196     9.1799    106.459  35.264994     36.313      8.496   190.6750    27.0623     2.5437     0.0238      0.071      2.277      3.303        200 7.7437e+01   997.4388 0.0000e+00
      2.331    23.5001     9.1230    105.560  35.250841     36.320      8.490   191.4700    27.0699     2.5149     0.0238      0.062      2.287      3.318        201 7.6457e+01   997.4411 0.0000e+00
      2.343    23.4635     9.0459    104.359  35.261348     36.328      8.485   192.1136    27.4705     2.7744     0.0238      0.054      2.300      3.335        202 7.4788e+01   997.4440 0.0000e+00
      2.361    23.4067     8.9698    103.161  35.192657     36.285      8.481   192.6057    27.5201     2.7311     0.0238      0.050      2.317      3.359        203 7.2631e+01   997.4487 0.0000e+00
      2.381    23.3360     8.8846    101.917  35.158540     36.254      8.477   192.9843    27.5201     2.8898     0.0238      0.049      2.336      3.388        204 7.0605e+01   997.4576 0.0000e+00
      2.404    23.2482     8.7953    100.694  35.185294     36.356      8.472   193.1357    27.5010     2.8609     0.0238      0.053      2.358      3.420        205 6.8172e+01   997.4715 0.0000e+00
      2.428    23.1658     8.7265     99.743  35.159388     36.350      8.467   193.4386    30.0683     2.7744     0.0238      0.061      2.380      3.453        206 6.6176e+01   997.4887 0.0000e+00
      2.449    23.0930     8.6836     99.064  35.131550     36.417      8.464   193.3629    30.0340     2.9042     0.0238      0.069      2.402      3.484        207 6.4524e+01   997.5097 0.0000e+00
      2.470    22.9829     8.6526     98.483  35.160713     36.480      8.456   193.5900    30.0493     2.7744     0.0238      0.076      2.422      3.513        208 6.2606e+01   997.5295 0.0000e+00
      2.490    22.8409     8.6494     98.207  35.300931     36.708      8.454   193.7036    30.0493     2.8032     0.0238      0.081      2.440      3.540        209 6.1351e+01   997.5469 0.0000e+00
      2.505    22.7180     8.6434     98.010  35.312687     36.792      8.447   194.0065    32.0406     2.7600     0.0238      0.082      2.457      3.565        210 6.0295e+01   997.5732 0.0000e+00
      2.523    22.5981     8.6204     97.789  35.264668     36.845      8.441   194.6122    32.0062     2.7888     0.0238      0.081      2.477      3.592        211 5.8366e+01   997.6068 0.0000e+00
      2.549    22.4444     8.6213     97.863  35.360754     37.056      8.436   194.7258    31.9986     2.7311     0.0239      0.080      2.500      3.625        212 5.6324e+01   997.6358 0.0000e+00
      2.574    22.2829     8.6184     97.931  35.489503     37.266      8.428   194.8393    32.0291     2.7311     0.0239      0.080      2.522      3.657        213 5.5219e+01   997.6640 0.0000e+00
      2.589    22.1483     8.6254     97.929  35.578637     37.505      8.422   194.8015    33.3109     2.8177     0.0240      0.079      2.538      3.682        214 5.4338e+01   997.6998 0.0000e+00
      2.603    22.0456     8.6146     97.573  35.575867     37.604      8.419   194.9529    33.3147     2.8321     0.0240      0.077      2.552      3.702        215 5.3269e+01   997.7371 0.0000e+00
      2.617    21.9600     8.5693     96.937  35.552291     37.711      8.414   195.6343    33.3071     2.7888     0.0240      0.075      2.566      3.721        216 5.2515e+01   997.7680 0.0000e+00
      2.629    21.8614     8.4155     95.145  35.578408     37.794      8.408   195.9372    33.3071     2.8465     0.0240      0.071      2.580      3.741        217 5.1471e+01   997.7915 0.0000e+00
      2.645    21.7426     8.1660     91.933  35.602683     37.921      8.408   196.3536    35.5196     2.7888     0.0240      0.068      2.595      3.763        218 5.0003e+01   997.8111 0.0000e+00
      2.664    21.6165     7.8446     87.750  35.581393     37.941      8.403   196.8079    35.5234     2.8032     0.0240      0.065      2.612      3.788        219 4.8957e+01   997.8334 0.0000e+00
      2.680    21.5524     7.5204     83.670  35.575321     38.068      8.399   197.5650    35.5234     2.8753     0.0240      0.061      2.629      3.812        220 4.7930e+01   997.8603 0.0000e+00
      2.697    21.5667     7.1130     78.834  35.491763     38.051      8.398   198.3979    35.4700     2.7456     0.0240      0.060      2.645      3.837        221 4.6698e+01   997.8885 0.0000e+00
      2.715    21.6070     6.6720     73.738  35.566898     38.197      8.395   199.1172    34.9932     2.8177     0.0240      0.062      2.663      3.863        222 4.5538e+01   997.9029 0.0000e+00
      2.735    21.6523     6.2094     68.463  35.452212     38.089      8.392   199.6093    34.6995     2.7600     0.0240      0.065      2.683      3.892        223 4.4059e+01   997.8998 0.0000e+00
      2.759    21.6133     5.7385     63.111  35.693754     38.212      8.383   200.1393    34.6613     2.6446     0.0240      0.069      2.706      3.924        224 4.2459e+01   997.8909 0.0000e+00
      2.783    21.4902     5.3639     58.823  36.481285     39.186      8.375   200.3286    34.6995     2.7600     0.0245      0.074      2.727      3.956        225 4.1426e+01   997.8812 0.0000e+00
      2.800    21.4295     5.0471     55.177  36.427986     39.012      8.368   200.7072    34.6880     2.7888     0.0244      0.077      2.746      3.983        226 4.0516e+01   997.8900 0.0000e+00
      2.818    21.3899     4.6713     50.920  36.115705     38.875      8.364   201.5779    32.5289     2.6158     0.0243      0.078      2.764      4.009        227 3.9263e+01   997.9174 0.0000e+00
      2.838    21.1785     4.2574     46.306  36.366168     39.110      8.357   202.3351    32.5212     2.6014     0.0244      0.079      2.784      4.037        228 3.8082e+01   997.9310 0.0000e+00
      2.860    20.8517     3.9221     42.588  36.679387     39.586      8.350   202.1079    32.5250     2.6302     0.0245      0.080      2.804      4.067        229 3.7000e+01   997.9400 0.0000e+00
      2.880    20.5769     3.7252     40.390  36.614997     39.591      8.344   202.2215    32.5479     2.4860     0.0245      0.080      2.823      4.094        230 3.6066e+01   997.9865 0.0000e+00
      2.896    20.3807     3.6839     39.886  36.742749     40.088      8.336   202.5622    27.7223     2.3562     0.0246      0.078      2.840      4.119        231 3.5351e+01   998.0576 0.0000e+00
      2.912    20.2385     3.7274     40.295  36.787265     40.361      8.332   202.9029    27.7146     2.5437     0.0246      0.075      2.856      4.143        232 3.4504e+01   998.1165 0.0000e+00
      2.930    20.1179     3.7947     40.949  36.648640     40.350      8.329   203.5086    27.7185     2.4860     0.0246      0.073      2.875      4.169        233 3.3452e+01   998.1579 0.0000e+00
      2.952    19.9910     3.8987     41.967  37.093183     41.001      8.322   203.5844    27.7146     2.3851     0.0248      0.074      2.897      4.202        234 3.2331e+01   998.1880 0.0000e+00
      2.981    19.8466     4.0282     43.228  37.893731     41.976      8.317   204.0765    18.1015     1.7073     0.0252      0.076      2.926      4.243        235 3.0794e+01   998.2136 0.0000e+00
      3.018    19.6912     4.2061     45.019  37.904793     42.188      8.310   205.7801    18.1167     1.7073     0.0252      0.082      2.957      4.289        236 2.9208e+01   998.2401 0.0000e+00
      3.049    19.5466     4.3615     46.632  36.842402     41.016      8.302   206.4994    18.1015     1.8660     0.0247      0.090      2.985      4.329        237 2.8376e+01   998.2695 0.0000e+00
      3.065    19.4361     4.4403     47.435  36.311598     40.628      8.299   206.6129    18.1053     1.7794     0.0245      0.095      3.003      4.356        238 2.7997e+01   998.3011 0.0000e+00
      3.075    19.3524     4.4136     47.083  36.579844     41.043      8.291   207.9001    15.4464     1.4910     0.0246      0.097      3.017      4.376        239 2.7427e+01   998.3306 0.0000e+00
      3.090    19.2789     4.3481     46.296  36.775360     41.396      8.284   208.3922    15.4616     1.4622     0.0247      0.094      3.031      4.396        240 2.6811e+01   998.3529 0.0000e+00
      3.105    19.2074     4.2379     45.015  36.749946     41.411      8.278   208.5815    15.4655     1.5631     0.0247      0.088      3.044      4.416        241 2.6441e+01   998.3698 0.0000e+00
