Data/DataNotYetUploadedToEDI/Raw_CTD/RawDownloads/07292020_ccr20.cnv
* Sea-Bird SBE19plus  Data File:
* FileName = C:\DATA\07292020_ccr50_0004.hex
* Software version 2.8.0.119
* Temperature SN = 7809
* Conductivity SN = 7809
* System UpLoad Time = Jul 29 2020 17:32:16
* <ApplicationData>
* <Seaterm232>
# nquan = 16
# nvalues = 1281                        
# units = specified
# name 0 = depFM: Depth [fresh water, m]
# name 1 = dz/dtM: Descent Rate [m/s]
# name 2 = sbeox0ML/L: Oxygen, SBE 43 [ml/l]
# name 3 = sbeox0PS: Oxygen, SBE 43 [% saturation]
# name 4 = specc: Specific Conductance [uS/cm]
# name 5 = c0uS/cm: Conductivity [uS/cm]
# name 6 = flECO-AFL: Fluorescence, WET Labs ECO-AFL/FL [mg/m^3]
# name 7 = ph: pH
# name 8 = orp: Oxidation Reduction Potential [mV]
# name 9 = par/sat/log: PAR/Logarithmic, Satlantic
# name 10 = turbWETntu0: Turbidity, WET Labs ECO [NTU]
# name 11 = prdM: Pressure, Strain Gauge [db]
# name 12 = prdE: Pressure, Strain Gauge [psi]
# name 13 = tv290C: Temperature [ITS-90, deg C]
# name 14 = density00: Density [density, kg/m^3]
# name 15 = flag:  0.000e+00
# span 0 =     -0.476,      8.881       
# span 1 =     -0.174,      0.161       
# span 2 =     0.0512,     7.1780       
# span 3 =      0.696,    123.801       
# span 4 =      1.305,     70.636       
# span 5 =   1.291800,  57.849422       
# span 6 =    -0.9347,     3.7809       
# span 7 =      6.918,      7.596       
# span 8 =    99.1658,   249.4048       
# span 9 = 3.4917e-01, 7.2536e+02       
# span 10 =    -0.3418,    29.0271      
# span 11 =     -0.470,      8.709      
# span 12 =     -0.682,     12.631      
# span 13 =    11.9408,    30.3222      
# span 14 =   995.5757,   999.5745      
# span 15 = 0.0000e+00, 0.0000e+00      
# interval = seconds: 0.25
# start_time = Jul 29 2020 00:34:31 [Instrument's time stamp, header]
# bad_flag = -9.990e-29
*END*
[from data line 814]
      8.473      0.084     0.2220      2.217     64.153  48.080675     0.0125      6.971   241.5212 6.9893e-01     8.8263      8.304     12.044    12.4918   999.5058 0.0000e+00
      8.498      0.093     0.2045      2.114     64.200  48.103290     0.0143      6.970   241.8778 6.6523e-01     8.9318      8.331     12.083    12.4926   999.5059 0.0000e+00
      8.531      0.099     0.1855      2.040     64.249  48.130229     0.0219      6.970   241.9836 6.2260e-01     9.0029      8.365     12.133    12.4927   999.5061 0.0000e+00
      8.565      0.100     0.1734      2.006     64.288  48.152389     0.0376      6.970   241.7679 5.8680e-01     9.1024      8.400     12.183    12.4827   999.5075 0.0000e+00
      8.594      0.096     0.1650      1.992     64.247  48.117228     0.0612      6.971   241.5072 5.6840e-01     9.1730      8.431     12.229    12.4696   999.5093 0.0000e+00
      8.615      0.091     0.1573      1.986     64.472  48.276577     0.0782      6.971   241.4122 5.5986e-01     9.1705      8.451     12.257    12.4598   999.5105 0.0000e+00
      8.629      0.089     0.1505      1.968     65.304  48.872543     0.0812      6.969   241.4804 5.4857e-01     9.1752      8.462     12.274    12.4524   999.5115 0.0000e+00
      8.644      0.092     0.1496      1.930     66.532  49.734965     0.0881      6.968   241.5569 5.3556e-01     9.2985      8.474     12.291    12.4467   999.5122 0.0000e+00
      8.665      0.099     0.1483      1.914     67.951  50.702724     0.0945      6.968   241.4771 5.1176e-01     9.4253      8.494     12.321    12.4437   999.5126 0.0000e+00
      8.695      0.106     0.1484      1.918     69.174  51.492306     0.0924      6.968   241.3754 4.7358e-01     9.4375      8.526     12.366    12.4419   999.5130 0.0000e+00
      8.730      0.111     0.1486      1.901     69.821  51.851273     0.0903      6.967   241.3604 4.3533e-01     9.4116      8.561     12.416    12.4249   999.5156 0.0000e+00
      8.765      0.109     0.1429      1.875     70.140  51.994397     0.1068      6.967   241.4683 4.1878e-01     9.4899      8.596     12.468    12.3837   999.5211 0.0000e+00
      8.796      0.101     0.1424      1.867     70.425  52.143023     0.1403      6.967   241.7330 4.2263e-01     9.6638      8.629     12.516    12.3163   999.5298 0.0000e+00
      8.821      0.088     0.1451      1.866     70.630  52.250994     0.1610      6.966   241.9797 4.1480e-01     9.7629      8.653     12.549    12.2175   999.5420 0.0000e+00
      8.838      0.072     0.1433      1.839     70.636  52.220125     0.1660      6.965   241.9555 3.9741e-01     9.7612      8.668     12.573    12.1189   999.5537 0.0000e+00
      8.853      0.055     0.1402      1.766     70.482  52.087309     0.1543      6.965   241.6128 3.8817e-01     9.7119      8.683     12.594    12.0531   999.5614 0.0000e+00
      8.865      0.040     0.1405      1.637     70.244  51.915331     0.1432      6.965   241.2775 3.7880e-01     9.6129      8.696     12.612    12.0139   999.5661 0.0000e+00
      8.874      0.028     0.1416      1.467     69.960  51.728524     0.1560      6.965   241.1715 3.6715e-01     9.5603      8.704     12.625    11.9857   999.5695 0.0000e+00
      8.878      0.019     0.1397      1.282     69.750  51.606938     0.1659      6.965   241.1051 3.6119e-01     9.5912      8.707     12.628    11.9570   999.5727 0.0000e+00
      8.879      0.011     0.1352      1.110     69.591  51.524957     0.1570      6.964   240.9908 3.6330e-01     9.5739      8.708     12.629    11.9408   999.5745 0.0000e+00
      8.880      0.006     0.1247      0.962     69.349  51.372429     0.1446      6.963   240.8216 3.7656e-01     9.3857      8.708     12.630    11.9472   999.5737 0.0000e+00
      8.880      0.003     0.1114      0.843     69.039  51.159958     0.1397      6.964   240.6082 3.9008e-01     9.1354      8.708     12.630    11.9639   999.5717 0.0000e+00
      8.880      0.001     0.0959      0.756     68.609  50.861248     0.1365      6.964   240.4756 3.8225e-01     9.0198      8.709     12.631    11.9906   999.5686 0.0000e+00
      8.880      0.000     0.0831      0.706     68.054  50.491588     0.1344      6.964   240.4234 3.6140e-01     9.0175      8.709     12.631    12.0200   999.5652 0.0000e+00
      8.881 2.0864e-08     0.0718      0.696     67.635  50.246825     0.1523      6.963   240.4068 3.4917e-01     9.0725      8.709     12.631    12.0395   999.5628 0.0000e+00
      8.881 2.2950e-07     0.0626      0.710     67.466  50.188124     0.1811      6.962   240.5333 3.5159e-01     9.1356      8.709     12.631    12.0482   999.5618 0.0000e+00
      8.880 2.2950e-07     0.0563      0.753     67.372  50.162948     0.1959      6.962   240.6619 3.5890e-01     9.1628      8.708     12.630    12.0559   999.5607 0.0000e+00
      8.880 2.0857e-08     0.0512      0.824     67.208  50.069486     0.1983      6.961   240.4993 3.5933e-01     9.1963      8.708     12.630    12.0858   999.5570 0.0000e+00
      8.880 1.8223e-09     0.0525      0.907     66.997  49.947181     0.2097      6.960   240.2879 3.6087e-01     9.2316      8.709     12.631    12.1418   999.5504 0.0000e+00
      8.880 -6.468e-10     0.0523      1.012     66.775  49.827280     0.2195      6.960   240.1706 3.6553e-01     9.2458      8.708     12.630    12.2011   999.5435 0.0000e+00
      8.880 -8.996e-09     0.0554      1.148     66.533  49.699379     0.2117      6.961   240.0278 3.6443e-01     9.2306      8.709     12.631    12.2308   999.5400 0.0000e+00
      8.880 -9.912e-08     0.0619      1.277     66.246  49.543866     0.2012      6.961   239.9382 3.6053e-01     9.1856      8.708     12.630    12.2425   999.5386 0.0000e+00
      8.880      0.000     0.0676      1.370     65.904  49.344118     0.1794      6.960   239.8614 3.5634e-01     9.1817      8.708     12.630    12.2696   999.5353 0.0000e+00
      8.880      0.000     0.0741      1.438     65.642  49.189378     0.1578      6.960   239.8739 3.5549e-01     9.2519      8.709     12.631    12.3056   999.5309 0.0000e+00
      8.880      0.000     0.0863      1.492     65.531  49.133513     0.1498      6.960   240.0894 3.6117e-01     9.2788      8.708     12.630    12.3436   999.5264 0.0000e+00
      8.880     -0.001     0.0969      1.550     65.391  49.049701     0.1493      6.959   240.3162 3.6530e-01     9.2330      8.709     12.631    12.3911   999.5207 0.0000e+00
      8.880     -0.006     0.1025      1.627     65.135  48.874544     0.1521      6.959   240.4642 3.6612e-01     9.1786      8.709     12.631    12.4393   999.5148 0.0000e+00
      8.880     -0.016     0.1080      1.706     64.673  48.539744     0.1451      6.960   240.6752 3.6938e-01     9.1012      8.709     12.631    12.4696   999.5110 0.0000e+00
      8.879     -0.032     0.1110      1.756     63.897  47.986160     0.1409      6.960   241.1467 3.7430e-01     9.0531      8.708     12.630    12.4863   999.5091 0.0000e+00
      8.875     -0.053     0.1149      1.798     63.088  47.451607     0.1393      6.959   241.8630 3.8005e-01     9.0436      8.707     12.628    12.5017   999.5071 0.0000e+00
      8.862     -0.077     0.1209      1.852     62.633  47.219876     0.1354      6.957   242.2801 3.9625e-01     8.9857      8.696     12.612    12.5194   999.5048 0.0000e+00
      8.838     -0.100     0.1285      1.902     62.566  47.279821     0.1416      6.956   241.8884 4.3342e-01     8.8342      8.671     12.576    12.5211   999.5045 0.0000e+00
      8.803     -0.118     0.1309      1.941     62.641  47.414583     0.1474      6.957   241.1706 4.7668e-01     8.6533      8.635     12.524    12.5306   999.5028 0.0000e+00
      8.763     -0.128     0.1331      1.987     62.727  47.515951     0.1477      6.958   240.9145 5.0230e-01     8.5839      8.592     12.463    12.5936   999.4945 0.0000e+00
      8.723     -0.128     0.1375      2.053     62.767  47.553046     0.1547      6.957   241.1148 5.1582e-01     8.5780      8.553     12.405    12.6924   999.4822 0.0000e+00
      8.687     -0.119     0.1417      2.170     62.771  47.545630     0.1749      6.957   241.2695 5.2902e-01     8.4790      8.517     12.353    12.7920   999.4697 0.0000e+00
      8.657     -0.109     0.1428      2.339     62.809  47.553261     0.1917      6.957   241.1503 5.4427e-01     8.3137      8.487     12.310    12.8571   999.4615 0.0000e+00
      8.635     -0.100     0.1467      2.489     62.794  47.518303     0.1958      6.956   241.1363 5.6936e-01     8.2618      8.466     12.279    12.8791   999.4587 0.0000e+00
      8.619     -0.095     0.1507      2.611     62.547  47.313418     0.2058      6.956   241.2721 6.0173e-01     8.2981      8.452     12.259    12.8816   999.4583 0.0000e+00
      8.601     -0.095     0.1576      2.747     62.019  46.917368     0.2074      6.955   241.0717 6.2245e-01     8.3063      8.435     12.235    12.8725   999.4594 0.0000e+00
      8.577     -0.099     0.1749      2.876     61.471  46.539388     0.1777      6.955   240.8644 6.3404e-01     8.2923      8.412     12.200    12.8515   999.4620 0.0000e+00
      8.547     -0.104     0.1850      2.916     61.164  46.362497     0.1413      6.955   240.9167 6.5458e-01     8.2667      8.383     12.158    12.8328   999.4642 0.0000e+00
      8.515     -0.106     0.1923      2.869     61.101  46.365988     0.1305      6.956   240.5853 6.9058e-01     8.2714      8.351     12.112    12.8143   999.4662 0.0000e+00
      8.484     -0.105     0.2030      2.822     61.166  46.454668     0.1426      6.957   240.2132 7.3541e-01     8.2813      8.318     12.065    12.8095   999.4664 0.0000e+00
      8.456     -0.101     0.2156      2.792     61.246  46.545872     0.1545      6.957   240.2892 7.5715e-01     8.2828      8.291     12.025    12.8465   999.4615 0.0000e+00
      8.433     -0.096     0.2192      2.794     61.252  46.579853     0.1500      6.956   240.4707 7.5582e-01     8.2899      8.269     11.994    12.9002   999.4546 0.0000e+00
      8.413     -0.092     0.2100      2.859     61.088  46.484603     0.1355      6.956   240.9462 7.7960e-01     8.2634      8.250     11.966    12.9435   999.4490 0.0000e+00
      8.392     -0.090     0.2082      2.962     60.789  46.283150     0.1512      6.955   241.5641 8.2526e-01     8.2370      8.231     11.937    12.9746   999.4450 0.0000e+00
      8.369     -0.089     0.2054      3.085     60.536  46.112403     0.1970      6.955   241.5746 8.5161e-01     8.2463      8.208     11.904    12.9955   999.4423 0.0000e+00
      8.344     -0.091     0.2032      3.233     60.460  46.070943     0.2219      6.955   241.1590 8.6770e-01     8.2725      8.183     11.868    13.0195   999.4392 0.0000e+00
      8.320     -0.096     0.2100      3.372     60.487  46.099323     0.2234      6.954   240.9270 8.9795e-01     8.2789      8.158     11.833    13.0463   999.4356 0.0000e+00
      8.299     -0.102     0.2179      3.478     60.463  46.074610     0.2148      6.954   240.8347 9.3806e-01     8.2203      8.138     11.804    13.0672   999.4327 0.0000e+00
      8.276     -0.108     0.2258      3.556     60.419  46.026105     0.1940      6.954   240.9904 9.7504e-01     8.0789      8.118     11.774    13.0841   999.4304 0.0000e+00
      8.247     -0.113     0.2381      3.600     60.433  46.020769     0.1723      6.954   241.4327 1.0144e+00     7.9081      8.089     11.731    13.0995   999.4282 0.0000e+00
      8.214     -0.114     0.2495      3.639     60.442  46.010082     0.1622      6.953   241.6213 1.0720e+00     7.8379      8.055     11.683    13.1093   999.4268 0.0000e+00
      8.180     -0.109     0.2556      3.681     60.316  45.896865     0.1573      6.953   241.3785 1.1405e+00     7.8480      8.022     11.635    13.1006   999.4278 0.0000e+00
      8.147     -0.099     0.2635      3.707     60.120  45.731196     0.1606      6.953   241.1638 1.1995e+00     7.9956      7.989     11.587    13.0852   999.4295 0.0000e+00
      8.119     -0.089     0.2645      3.715     60.038  45.657745     0.1836      6.953   241.0904 1.2203e+00     8.3525      7.958     11.541    13.0738   999.4309 0.0000e+00
      8.101     -0.080     0.2678      3.725     60.098  45.707164     0.2060      6.953   240.8353 1.2165e+00     8.5920      7.940     11.516    13.0574   999.4329 0.0000e+00
      8.092     -0.077     0.2716      3.740     60.155  45.757307     0.2127      6.953   240.5742 1.2346e+00     8.5912      7.937     11.511    13.0439   999.4346 0.0000e+00
      8.082     -0.077     0.2736      3.734     60.066  45.692608     0.1882      6.952   240.5147 1.2762e+00     8.4799      7.929     11.502    13.0298   999.4362 0.0000e+00
      8.062     -0.082     0.2737      3.734     59.966  45.623294     0.1484      6.951   240.4612 1.3250e+00     8.3456      7.909     11.472    13.0135   999.4381 0.0000e+00
      8.035     -0.089     0.2736      3.752     59.945  45.617652     0.1417      6.951   240.3577 1.3752e+00     8.3069      7.881     11.430    13.0238   999.4367 0.0000e+00
      8.005     -0.095     0.2772      3.766     59.943  45.624401     0.1549      6.951   240.4678 1.4305e+00     8.3203      7.850     11.386    13.0333   999.4355 0.0000e+00
      7.977     -0.097     0.2745      3.770     59.954  45.641403     0.1743      6.950   240.8453 1.4867e+00     8.3707      7.821     11.343    13.0277   999.4360 0.0000e+00
      7.953     -0.096     0.2743      3.774     59.936  45.632762     0.1949      6.950   241.1361 1.5342e+00     8.4702      7.798     11.310    13.0378   999.4345 0.0000e+00
      7.931     -0.094     0.2769      3.789     59.871  45.583427     0.1949      6.951   240.9723 1.5731e+00     8.5267      7.778     11.281    13.0473   999.4333 0.0000e+00
      7.910     -0.094     0.2775      3.809     59.746  45.489331     0.1928      6.951   240.4135 1.6140e+00     8.5393      7.758     11.251    13.0532   999.4324 0.0000e+00
      7.888     -0.097     0.2776      3.811     59.599  45.383912     0.1975      6.951   239.9723 1.6588e+00     8.5541      7.736     11.220    13.0618   999.4313 0.0000e+00
      7.864     -0.103     0.2775      3.800     59.502  45.324657     0.1852      6.950   239.8536 1.7121e+00     8.5341      7.713     11.187    13.0664   999.4305 0.0000e+00
      7.836     -0.108     0.2784      3.792     59.419  45.280821     0.1588      6.949   239.9254 1.7848e+00     8.4692      7.686     11.148    13.0655   999.4305 0.0000e+00
      7.806     -0.110     0.2814      3.787     59.338  45.234859     0.1448      6.947   240.1529 1.8719e+00     8.4557      7.657     11.104    13.0638   999.4305 0.0000e+00
      7.775     -0.108     0.2808      3.803     59.297  45.213377     0.1497      6.947   240.2803 1.9722e+00     8.6117      7.625     11.059    13.0679   999.4298 0.0000e+00
      7.744     -0.105     0.2795      3.848     59.287  45.211566     0.1603      6.948   240.2617 2.0597e+00     8.8788      7.592     11.012    13.0810   999.4280 0.0000e+00
      7.717     -0.101     0.2789      3.884     59.284  45.212961     0.1692      6.948   240.2717 2.1105e+00     9.0071      7.565     10.972    13.1008   999.4253 0.0000e+00
      7.696     -0.100     0.2783      3.902     59.301  45.230248     0.1616      6.947   240.3156 2.1518e+00     8.9954      7.546     10.945    13.1149   999.4234 0.0000e+00
      7.677     -0.101     0.2780      3.924     59.292  45.230116     0.1441      6.947   240.1906 2.2134e+00     8.9782      7.530     10.922    13.1226   999.4223 0.0000e+00
      7.653     -0.104     0.2834      3.947     59.255  45.211372     0.1394      6.946   239.7931 2.3013e+00     8.7989      7.508     10.889    13.1271   999.4216 0.0000e+00
      7.624     -0.109     0.2866      3.980     59.218  45.194100     0.1426      6.945   239.5528 2.4019e+00     8.4760      7.478     10.846    13.1290   999.4212 0.0000e+00
