Data/DataNotYetUploadedToEDI/Raw_CTD/RawDownloads/07292020_ccr10.cnv
* Sea-Bird SBE19plus  Data File:
* FileName = C:\DATA\07292020_ccr50_0005.hex
* Software version 2.8.0.119
* Temperature SN = 7809
* Conductivity SN = 7809
* System UpLoad Time = Jul 29 2020 17:32:40
* <ApplicationData>
* <Seaterm232>
# nquan = 16
# nvalues = 854                         
# units = specified
# name 0 = depFM: Depth [fresh water, m]
# name 1 = dz/dtM: Descent Rate [m/s]
# name 2 = sbeox0ML/L: Oxygen, SBE 43 [ml/l]
# name 3 = sbeox0PS: Oxygen, SBE 43 [% saturation]
# name 4 = specc: Specific Conductance [uS/cm]
# name 5 = c0uS/cm: Conductivity [uS/cm]
# name 6 = flECO-AFL: Fluorescence, WET Labs ECO-AFL/FL [mg/m^3]
# name 7 = ph: pH
# name 8 = orp: Oxidation Reduction Potential [mV]
# name 9 = par/sat/log: PAR/Logarithmic, Satlantic
# name 10 = turbWETntu0: Turbidity, WET Labs ECO [NTU]
# name 11 = prdM: Pressure, Strain Gauge [db]
# name 12 = prdE: Pressure, Strain Gauge [psi]
# name 13 = tv290C: Temperature [ITS-90, deg C]
# name 14 = density00: Density [density, kg/m^3]
# name 15 = flag:  0.000e+00
# span 0 =     -0.482,      3.782       
# span 1 =     -0.329,      0.199       
# span 2 =     0.9207,     5.6259       
# span 3 =     15.865,    105.684       
# span 4 =      5.478,     59.631       
# span 5 =   6.044108,  62.233243       
# span 6 =    -2.4512,   267.0882       
# span 7 =      7.023,      7.623       
# span 8 =   126.6552,   296.2976       
# span 9 = 7.2910e+00, 2.7566e+03       
# span 10 =    -0.2072,    38.2937      
# span 11 =     -0.478,      3.710      
# span 12 =     -0.694,      5.381      
# span 13 =    24.4154,    30.3744      
# span 14 =   995.5597,   997.2366      
# span 15 = 0.0000e+00, 0.0000e+00      
# interval = seconds: 0.25
# start_time = Jul 29 2020 00:52:58 [Instrument's time stamp, header]
# bad_flag = -9.990e-29
*END*
[from data line 272]
      0.015      0.002     5.2150     98.585     53.188  58.843681     0.1969      7.121   192.6804 1.3538e+03     1.4090      0.015      0.022    30.3101   995.5794 0.0000e+00
      0.013      0.000     5.2170     98.508     53.185  58.837733     0.1959      7.121   192.7248 1.3654e+03     1.3907      0.013      0.019    30.3109   995.5791 0.0000e+00
      0.013      0.000     5.2081     98.463     53.180  58.830727     0.2016      7.121   192.8191 1.3850e+03     1.3106      0.013      0.019    30.3115   995.5789 0.0000e+00
      0.014      0.001     5.1919     98.443     53.175  58.822489     0.2180      7.120   192.7872 1.4077e+03     1.2298      0.014      0.020    30.3108   995.5791 0.0000e+00
      0.014      0.002     5.1838     98.442     53.160  58.801663     0.2138      7.120   192.6844 1.4318e+03     1.2028      0.014      0.021    30.3089   995.5797 0.0000e+00
      0.015      0.005     5.1819     98.445     53.135  58.769494     0.1988      7.120   192.6946 1.4556e+03     1.1560      0.015      0.022    30.3073   995.5802 0.0000e+00
      0.017      0.007     5.1789     98.481     53.123  58.751166     0.2075      7.120   192.8245 1.4794e+03     1.2136      0.017      0.025    30.3055   995.5807 0.0000e+00
      0.018      0.007     5.1786     98.551     53.144  58.770632     0.2232      7.120   192.9640 1.5054e+03     1.4195      0.018      0.026    30.3019   995.5818 0.0000e+00
      0.020      0.006     5.1797     98.610     53.187  58.814267     0.2268      7.120   193.0044 1.5341e+03     1.5155      0.019      0.028    30.2979   995.5831 0.0000e+00
      0.024      0.004     5.1789     98.641     53.207  58.834054     0.2232      7.121   192.9691 1.5612e+03     1.4481      0.024      0.034    30.2943   995.5842 0.0000e+00
      0.028      0.001     5.1810     98.651     53.195  58.819284     0.2177      7.123   192.9678 1.5865e+03     1.3258      0.029      0.041    30.2901   995.5855 0.0000e+00
      0.028     -0.002     5.1866     98.630     53.201  58.826272     0.2077      7.123   193.0749 1.6164e+03     1.2043      0.029      0.041    30.2863   995.5866 0.0000e+00
      0.025     -0.004     5.1903     98.600     53.226  58.855016     0.2071      7.123   193.3179 1.6503e+03     1.1462      0.024      0.035    30.2827   995.5876 0.0000e+00
      0.020     -0.004     5.1911     98.594     53.219  58.849185     0.2293      7.122   193.4967 1.6803e+03     1.1721      0.018      0.027    30.2798   995.5885 0.0000e+00
      0.017     -0.003     5.1932     98.576     53.191  58.819296     0.2376      7.122   193.5158 1.7030e+03     1.2092      0.015      0.022    30.2787   995.5889 0.0000e+00
      0.017     -0.002     5.1911     98.502     53.184  58.811278     0.2215      7.123   193.4629 1.7228e+03     1.1832      0.016      0.024    30.2795   995.5886 0.0000e+00
      0.019      0.001     5.1882     98.424     53.189  58.815765     0.2155      7.124   193.4585 1.7415e+03     1.1318      0.019      0.027    30.2810   995.5882 0.0000e+00
      0.021      0.003     5.1887     98.408     53.185  58.810028     0.2228      7.124   193.5493 1.7546e+03     1.1370      0.021      0.030    30.2821   995.5879 0.0000e+00
      0.022      0.003     5.1894     98.436     53.182  58.805436     0.2239      7.123   193.6147 1.7592e+03     1.1765      0.022      0.032    30.2832   995.5875 0.0000e+00
      0.022      0.003     5.1839     98.490     53.201  58.823764     0.2190      7.123   193.6462 1.7514e+03     1.1983      0.022      0.031    30.2839   995.5873 0.0000e+00
      0.022      0.002     5.1777     98.577     53.217  58.841043     0.2206      7.123   193.6715 1.7271e+03     1.1943      0.020      0.029    30.2831   995.5876 0.0000e+00
      0.022      0.002     5.1785     98.662     53.201  58.823764     0.2244      7.123   193.6629 1.6887e+03     1.1633      0.021      0.030    30.2812   995.5882 0.0000e+00
      0.023      0.001     5.1805     98.727     53.184  58.805435     0.2277      7.123   193.7143 1.6385e+03     1.2345      0.022      0.032    30.2790   995.5888 0.0000e+00
      0.024      0.001     5.1827     98.820     53.187  58.810018     0.2314      7.124   193.8625 1.5684e+03     1.4371      0.023      0.034    30.2765   995.5896 0.0000e+00
      0.024      0.000     5.1883     98.910     53.191  58.815642     0.2310      7.125   193.8204 1.4793e+03     1.5879      0.025      0.036    30.2765   995.5896 0.0000e+00
      0.024     -0.001     5.1940     98.907     53.184  58.809915     0.2223      7.125   193.7211 1.3849e+03     1.5815      0.024      0.035    30.2778   995.5893 0.0000e+00
      0.023     -0.002     5.1947     98.748     53.176  58.804300     0.2031      7.125   193.8664 1.2866e+03     1.4634      0.023      0.033    30.2779   995.5892 0.0000e+00
      0.022     -0.002     5.2007     98.438     53.179  58.811288     0.1888      7.125   194.0284 1.1812e+03     1.3268      0.022      0.032    30.2781   995.5891 0.0000e+00
      0.020     -0.003     5.2077     98.092     53.194  58.830886     0.1931      7.125   194.1321 1.0757e+03     1.2342      0.020      0.028    30.2786   995.5890 0.0000e+00
      0.020     -0.006     5.2082     97.836     53.209  58.850672     0.2076      7.125   194.2596 9.8056e+02     1.2364      0.019      0.027    30.2807   995.5883 0.0000e+00
      0.020     -0.009     5.2001     97.684     53.210  58.859949     0.2209      7.124   194.3659 8.9926e+02     1.2504      0.021      0.029    30.2854   995.5869 0.0000e+00
      0.020     -0.013     5.1807     97.648     53.217  58.879535     0.2112      7.124   194.3840 8.3235e+02     1.1969      0.021      0.030    30.2888   995.5858 0.0000e+00
      0.016     -0.014     5.1588     97.807     53.223  58.896916     0.1762      7.124   194.3065 7.8071e+02     1.1396      0.017      0.025    30.2904   995.5853 0.0000e+00
      0.009     -0.011     5.1459     98.132     53.203  58.879532     0.1496      7.125   194.1173 7.4225e+02     1.1415      0.009      0.013    30.2935   995.5843 0.0000e+00
      0.001     -0.004     5.1381     98.484     53.187  58.859946     0.1471      7.125   192.7838 7.1663e+02     1.1847     -0.000     -0.001    30.3010   995.5820 0.0000e+00
     -0.004      0.005     5.1316     98.737     53.184  58.850679     0.1746      7.125   190.3150 7.0093e+02     1.2160     -0.006     -0.009    30.3132   995.5783 0.0000e+00
     -0.000      0.012     5.1400     98.826     53.173  58.831008     0.2161      7.124   188.7886 6.8778e+02     1.2113     -0.004     -0.006    30.3250   995.5747 0.0000e+00
      0.010      0.016     5.1598     98.772     53.161  58.812682     0.2294      7.122   188.6108 6.7462e+02     1.1610      0.009      0.012    30.3310   995.5729 0.0000e+00
      0.023      0.016     5.1808     98.639     53.170  58.819670     0.2204      7.121   190.0579 6.6337e+02     1.1575      0.025      0.037    30.3274   995.5740 0.0000e+00
      0.031      0.011     5.1964     98.484     53.199  58.851969     0.2304      7.121   192.7783 6.5495e+02     1.2040      0.035      0.049    30.3194   995.5766 0.0000e+00
      0.031      0.002     5.2009     98.376     53.225  58.885573     0.2652      7.121   194.2285 6.4621e+02     1.2084      0.033      0.047    30.3131   995.5785 0.0000e+00
      0.025     -0.008     5.1970     98.353     53.237  58.908335     0.2972      7.122   194.3419 6.4341e+02     1.2102      0.025      0.036    30.3073   995.5802 0.0000e+00
      0.018     -0.015     5.1896     98.385     53.247  58.936615     0.3035      7.124   194.4071 6.5294e+02     1.1921      0.017      0.024    30.3047   995.5810 0.0000e+00
      0.013     -0.018     5.1800     98.452     53.263  58.973414     0.2837      7.124   194.5010 6.5910e+02     1.1269      0.013      0.018    30.3053   995.5808 0.0000e+00
      0.008     -0.016     5.1727     98.567     53.249  58.972125     0.2678      7.124   194.7033 6.4859e+02     1.1075      0.009      0.013    30.3082   995.5798 0.0000e+00
      0.002     -0.011     5.1721     98.663     53.199  58.921052     0.2737      7.125   194.9598 6.3454e+02     1.1638      0.001      0.001    30.3169   995.5771 0.0000e+00
     -0.001     -0.007     5.1729     98.665     53.154  58.864141     0.2878      7.125   195.1928 6.3007e+02     1.2241     -0.004     -0.005    30.3339   995.5720 0.0000e+00
      0.001     -0.004     5.1730     98.576     53.158  58.855759     0.2952      7.124   195.4554 6.3117e+02     1.2181      0.001      0.001    30.3556   995.5655 0.0000e+00
      0.003     -0.001     5.1796     98.466     53.193  58.883212     0.2863      7.124   195.4683 6.3335e+02     1.1606      0.003      0.004    30.3710   995.5607 0.0000e+00
      0.003      0.003     5.1864     98.420     53.194  58.878410     0.2663      7.124   195.2627 6.3352e+02     1.1467      0.003      0.004    30.3744   995.5597 0.0000e+00
      0.002      0.005     5.1868     98.452     53.181  58.861215     0.2638      7.124   195.2059 6.3257e+02     1.1876      0.002      0.003    30.3648   995.5626 0.0000e+00
      0.002      0.008     5.1823     98.481     53.186  58.865891     0.2750      7.124   195.1259 6.3369e+02     1.1748      0.002      0.002    30.3501   995.5670 0.0000e+00
      0.003      0.012     5.1753     98.468     53.192  58.871419     0.2773      7.124   194.8113 6.3653e+02     1.1297      0.003      0.004    30.3400   995.5701 0.0000e+00
      0.007      0.019     5.1728     98.482     53.188  58.864527     0.2828      7.123   193.8123 6.3927e+02     1.1566      0.006      0.009    30.3348   995.5717 0.0000e+00
      0.012      0.026     5.1770     98.572     53.176  58.846074     0.2843      7.123   192.4258 6.4157e+02     1.1911      0.011      0.016    30.3339   995.5720 0.0000e+00
      0.019      0.033     5.1799     98.719     53.177  58.838888     0.2761      7.123   191.5544 6.3869e+02     1.1693      0.017      0.025    30.3334   995.5722 0.0000e+00
      0.030      0.040     5.1767     98.866     53.187  58.841151     0.2787      7.123   190.6757 6.2989e+02     1.1678      0.028      0.041    30.3309   995.5730 0.0000e+00
      0.043      0.049     5.1768     98.916     53.166  58.809899     0.2867      7.123   190.1469 6.2986e+02     1.2063      0.042      0.062    30.3293   995.5735 0.0000e+00
      0.055      0.060     5.1827     98.800     53.151  58.778648     0.2780      7.122   190.3236 6.3850e+02     1.2241      0.053      0.077    30.3258   995.5747 0.0000e+00
      0.067      0.071     5.1918     98.570     53.174  58.780914     0.2686      7.121   191.0048 6.4066e+02     1.2107      0.063      0.092    30.3172   995.5774 0.0000e+00
      0.084      0.078     5.2026     98.356     53.189  58.773731     0.2881      7.120   192.0168 6.3434e+02     1.1813      0.078      0.114    30.3071   995.5806 0.0000e+00
      0.109      0.080     5.2076     98.262     53.184  58.755281     0.3233      7.120   192.0620 6.1737e+02     1.1781      0.105      0.152    30.3019   995.5822 0.0000e+00
      0.139      0.080     5.2012     98.293     53.185  58.748397     0.3513      7.120   191.4661 5.8213e+02     1.2063      0.140      0.203    30.2929   995.5851 0.0000e+00
      0.164      0.077     5.1884     98.363     53.199  58.754012     0.3584      7.120   191.5224 5.2932e+02     1.2131      0.165      0.240    30.2646   995.5938 0.0000e+00
      0.181      0.071     5.1775     98.421     53.213  58.759628     0.3615      7.120   191.9684 4.9608e+02     1.1920      0.179      0.259    30.2377   995.6020 0.0000e+00
      0.192      0.066     5.1728     98.499     53.214  58.752755     0.3897      7.121   192.0406 4.9682e+02     1.1568      0.188      0.272    30.2291   995.6047 0.0000e+00
      0.205      0.061     5.1776     98.583     53.204  58.734428     0.4225      7.123   191.7070 4.9838e+02     1.1650      0.199      0.289    30.2233   995.6066 0.0000e+00
      0.220      0.059     5.1838     98.643     53.207  58.728607     0.4334      7.123   191.3772 4.9543e+02     1.2226      0.215      0.311    30.2132   995.6097 0.0000e+00
      0.237      0.059     5.1854     98.643     53.231  58.745887     0.4459      7.123   191.1499 4.9998e+02     1.3043      0.232      0.336    30.2038   995.6126 0.0000e+00
      0.254      0.057     5.1915     98.564     53.245  58.752761     0.4678      7.122   190.9375 5.0873e+02     1.3968      0.250      0.362    30.1967   995.6149 0.0000e+00
      0.269      0.053     5.1967     98.435     53.249  58.748180     0.4692      7.122   190.9604 4.9744e+02     1.4145      0.264      0.382    30.1910   995.6167 0.0000e+00
      0.284      0.049     5.2010     98.277     53.262  58.754015     0.4636      7.123   191.5132 4.7384e+02     1.3813      0.279      0.405    30.1826   995.6192 0.0000e+00
      0.295      0.047     5.2035     98.154     53.277  58.759766     0.4760      7.123   191.9427 4.6554e+02     1.4063      0.292      0.423    30.1721   995.6225 0.0000e+00
      0.301      0.047     5.1978     98.144     53.283  58.754165     0.4945      7.124   191.6794 4.6295e+02     1.4765      0.294      0.427    30.1640   995.6251 0.0000e+00
      0.309      0.050     5.1927     98.243     53.289  58.749805     0.4967      7.124   192.0292 4.5455e+02     1.4750      0.301      0.437    30.1562   995.6274 0.0000e+00
      0.322      0.054     5.1835     98.419     53.315  58.770551     0.4937      7.124   193.5044 4.4248e+02     1.4234      0.315      0.457    30.1490   995.6296 0.0000e+00
      0.339      0.057     5.1754     98.609     53.361  58.814408     0.4962      7.124   194.8897 4.2579e+02     1.4019      0.332      0.481    30.1393   995.6327 0.0000e+00
      0.359      0.058     5.1772     98.694     53.386  58.835363     0.5073      7.124   195.6146 4.1064e+02     1.3859      0.353      0.511    30.1268   995.6365 0.0000e+00
      0.376      0.057     5.1833     98.607     53.389  58.833322     0.5433      7.124   195.9013 4.0132e+02     1.4024      0.371      0.538    30.1164   995.6398 0.0000e+00
      0.391      0.053     5.1943     98.435     53.412  58.853251     0.5688      7.124   196.1197 3.9464e+02     1.4632      0.384      0.557    30.1086   995.6422 0.0000e+00
      0.402      0.050     5.2077     98.318     53.448  58.885731     0.5671      7.125   196.2763 3.9431e+02     1.5027      0.395      0.573    30.1013   995.6445 0.0000e+00
      0.411      0.049     5.2149     98.303     53.478  58.908386     0.5710      7.127   196.2465 3.9246e+02     1.4684      0.404      0.586    30.0959   995.6462 0.0000e+00
      0.421      0.052     5.2084     98.364     53.517  58.936559     0.5967      7.127   196.0166 3.8882e+02     1.4260      0.411      0.596    30.0919   995.6474 0.0000e+00
      0.432      0.057     5.1958     98.461     53.569  58.972227     0.6198      7.126   195.4756 3.8822e+02     1.4366      0.422      0.611    30.0872   995.6489 0.0000e+00
      0.449      0.062     5.1904     98.611     53.579  58.958440     0.6218      7.125   194.9548 3.7471e+02     1.4591      0.438      0.635    30.0798   995.6512 0.0000e+00
      0.469      0.067     5.1905     98.873     53.544  58.896873     0.6298      7.124   194.9683 3.5866e+02     1.5269      0.460      0.667    30.0711   995.6539 0.0000e+00
      0.489      0.071     5.1962     99.198     53.531  58.863074     0.6503      7.123   195.2939 3.5684e+02     1.6386      0.481      0.698    30.0591   995.6577 0.0000e+00
      0.507      0.074     5.2034     99.398     53.554  58.867388     0.6683      7.121   195.4500 3.5859e+02     1.7115      0.497      0.721    30.0357   995.6648 0.0000e+00
      0.524      0.074     5.2112     99.356     53.589  58.885478     0.6767      7.121   195.6507 3.5449e+02     1.7206      0.512      0.743    30.0102   995.6725 0.0000e+00
