Data/DataNotYetUploadedToEDI/Raw_CTD/RawDownloads/073018_fcr30.cnv
* Sea-Bird SBE19plus  Data File:
* FileName = C:\DATA\073018_fcr50_0005.hex
* Software version 2.6.3.104 SB_Terminal.dll
* Temperature SN = 7809
* Conductivity SN = 7809
* System UpLoad Time = Jul 30 2018 16:26:39
* <ApplicationData>
* <Seaterm232>
# nquan = 15
# nvalues = 232                         
# units = specified
# name 0 = depFM: Depth [fresh water, m]
# name 1 = dz/dtM: Descent Rate [m/s]
# name 2 = sbeox0Mg/L: Oxygen, SBE 43 [mg/l]
# name 3 = sbeox0PS: Oxygen, SBE 43 [% saturation]
# name 4 = specc: Specific Conductance [uS/cm]
# name 5 = c0uS/cm: Conductivity [uS/cm]
# name 6 = flECO-AFL: Fluorescence, WET Labs ECO-AFL/FL [mg/m^3]
# name 7 = ph: pH
# name 8 = orp: Oxidation Reduction Potential [mV]
# name 9 = par/sat/log: PAR/Logarithmic, Satlantic
# name 10 = turbWETntu0: Turbidity, WET Labs ECO [NTU]
# name 11 = prdM: Pressure, Strain Gauge [db]
# name 12 = prdE: Pressure, Strain Gauge [psi]
# name 13 = tv290C: Temperature [ITS-90, deg C]
# name 14 = flag:  0.000e+00
# span 0 =     -0.550,      5.344       
# span 1 =      0.000,      0.223       
# span 2 =    -1.1031,     8.4451       
# span 3 =    -10.521,     99.281       
# span 4 =      0.956,     59.295       
# span 5 =   0.902561,  48.934699       
# span 6 =    -0.1873,     6.7720       
# span 7 =      6.339,      8.865       
# span 8 =   174.6281,   399.2580       
# span 9 = 1.9800e-01, 2.1651e+02       
# span 10 =    -0.2376,    19.6937      
# span 11 =     -0.540,      5.241      
# span 12 =     -0.783,      7.601      
# span 13 =    11.8932,    25.5298      
# span 14 = 0.0000e+00, 0.0000e+00      
# interval = seconds: 0.25
# start_time = Jul 30 2018 13:58:14 [Instrument's time stamp, header]
# bad_flag = -9.990e-29
*END*
[from data line 97]
      1.132      0.173     7.0975     86.413     35.103  35.332914     4.9424      8.843   199.7450 2.6267e+01     3.9685      1.117      1.619    25.4735 0.0000e+00
      1.175      0.153     7.0409     85.693     35.153  35.368727     4.9509      8.838   200.0355 2.5417e+01     3.9507      1.156      1.676    25.4731 0.0000e+00
      1.205      0.133     7.0162     85.401     35.138  35.358426     4.9456      8.829   200.4146 2.4868e+01     3.9840      1.185      1.719    25.4379 0.0000e+00
      1.227      0.117     7.0296     85.586     35.105  35.335421     4.9245      8.819   200.7155 2.4452e+01     4.0049      1.205      1.746    25.3654 0.0000e+00
      1.248      0.110     7.0660     86.033     35.112  35.344670     4.9064      8.804   201.3500 2.3837e+01     3.9889      1.220      1.770    25.3089 0.0000e+00
      1.277      0.115     7.1058     86.504     35.117  35.343212     4.9017      8.777   202.3218 2.3091e+01     3.9748      1.250      1.814    25.2925 0.0000e+00
      1.307      0.131     7.1379     86.901     35.089  35.317785     4.9593      8.734   203.3456 2.2478e+01     3.9562      1.285      1.864    25.3030 0.0000e+00
      1.334      0.149     7.1604     87.208     35.049  35.291313     5.0788      8.683   204.2637 2.1775e+01     3.9475      1.303      1.891    25.3274 0.0000e+00
      1.370      0.161     7.1724     87.380     35.024  35.277253     5.1516      8.633   205.1635 2.0602e+01     3.9608      1.333      1.934    25.3325 0.0000e+00
      1.424      0.166     7.1735     87.370     35.031  35.274841     5.1601      8.588   206.2222 1.9204e+01     3.9651      1.395      2.024    25.3087 0.0000e+00
      1.483      0.164     7.1641     87.202     35.042  35.262138     5.1540      8.548   207.2561 1.8103e+01     3.9690      1.461      2.119    25.3098 0.0000e+00
      1.530      0.159     7.1512     87.008     35.047  35.250661     5.1597      8.511   208.3723 1.7379e+01     3.9772      1.506      2.184    25.3404 0.0000e+00
      1.564      0.150     7.1478     86.965     35.061  35.263093     5.1834      8.475   209.3930 1.6824e+01     3.9718      1.536      2.227    25.3699 0.0000e+00
      1.591      0.144     7.1612     87.152     35.072  35.285400     5.2013      8.435   209.9608 1.6338e+01     3.9652      1.561      2.263    25.3512 0.0000e+00
      1.618      0.144     7.1870     87.495     35.041  35.266312     5.2199      8.390   210.6775 1.5848e+01     3.9584      1.586      2.299    25.3010 0.0000e+00
      1.650      0.152     7.2120     87.827     34.986  35.222886     5.3173      8.340   212.0362 1.5223e+01     3.9508      1.612      2.339    25.2753 0.0000e+00
      1.692      0.167     7.2235     87.993     34.956  35.204988     5.4874      8.288   213.9125 1.4410e+01     3.9653      1.656      2.402    25.2766 0.0000e+00
      1.742      0.182     7.2117     87.869     34.920  35.176964     5.5852      8.236   215.7261 1.3542e+01     4.0103      1.710      2.480    25.2983 0.0000e+00
      1.794      0.191     7.1760     87.439     34.880  35.138144     5.6181      8.192   216.8424 1.2766e+01     4.0070      1.759      2.552    25.3180 0.0000e+00
      1.846      0.187     7.1257     86.784     34.877  35.116750     5.9127      8.161   217.7732 1.2020e+01     3.8038      1.809      2.622    25.3321 0.0000e+00
      1.901      0.172     7.0680     85.978     34.914  35.108820     6.4538      8.137   218.8930 1.1225e+01     3.5064      1.863      2.702    25.3517 0.0000e+00
      1.954      0.155     7.0129     85.205     34.957  35.105710     6.7475      8.113   219.5409 1.0596e+01     3.3712      1.923      2.789    25.3627 0.0000e+00
      1.989      0.139     6.9797     84.754     34.952  35.079078     6.7720      8.089   219.7556 1.0304e+01     3.3592      1.959      2.841    25.3738 0.0000e+00
      2.008      0.124     6.9769     84.717     34.915  35.040856     6.6853      8.067   220.1988 1.0100e+01     3.3010      1.967      2.854    25.3601 0.0000e+00
      2.028      0.110     6.9935     84.933     34.892  35.024697     6.5073      8.048   221.0284 9.7635e+00     3.1865      1.983      2.877    25.2717 0.0000e+00
      2.058      0.103     7.0152     85.208     34.872  35.010757     6.4036      8.030   221.7845 9.3925e+00     3.1340      2.018      2.927    25.1895 0.0000e+00
      2.089      0.104     7.0313     85.408     34.859  34.999342     6.3864      8.010   222.1997 9.0857e+00     3.1543      2.052      2.976    25.1666 0.0000e+00
      2.115      0.112     7.0338     85.440     34.872  35.013732     6.2810      7.985   222.7788 8.8195e+00     3.1568      2.075      3.010    25.1708 0.0000e+00
      2.140      0.122     7.0183     85.263     34.912  35.057702     6.0855      7.957   223.7103 8.5340e+00     3.1343      2.096      3.041    25.1868 0.0000e+00
      2.167      0.136     6.9884     84.921     34.931  35.086345     5.9799      7.928   224.4273 8.2036e+00     3.1264      2.122      3.078    25.1943 0.0000e+00
      2.199      0.155     6.9551     84.532     34.880  35.042458     5.9321      7.900   224.8230 7.8381e+00     3.1225      2.154      3.124    25.1952 0.0000e+00
      2.239      0.174     6.9247     84.163     34.810  34.971723     5.5537      7.874   225.2255 7.3898e+00     2.9960      2.191      3.177    25.1952 0.0000e+00
      2.291      0.187     6.8953     83.808     34.767  34.929804     4.8792      7.851   225.5930 6.8463e+00     2.7259      2.243      3.252    25.1979 0.0000e+00
      2.353      0.187     6.8673     83.461     34.756  34.916735     4.5126      7.831   225.9114 6.3023e+00     2.5424      2.309      3.349    25.2178 0.0000e+00
      2.412      0.176     6.8423     83.112     34.801  34.940748     4.4755      7.814   226.3221 5.8624e+00     2.5165      2.369      3.436    25.2340 0.0000e+00
      2.461      0.153     6.8193     82.765     34.857  34.966033     4.4676      7.797   226.6871 5.5752e+00     2.5041      2.417      3.506    25.2229 0.0000e+00
      2.496      0.123     6.7968     82.440     34.883  34.968325     4.4352      7.782   226.9700 5.4067e+00     2.4839      2.452      3.557    25.2267 0.0000e+00
      2.518      0.094     6.7707     82.103     34.893  34.968423     4.3696      7.770   227.3327 5.3062e+00     2.4861      2.473      3.586    25.2388 0.0000e+00
      2.531      0.074     6.7384     81.715     34.890  34.967213     4.3258      7.755   227.8035 5.2550e+00     2.4692      2.484      3.603    25.2013 0.0000e+00
      2.539      0.063     6.7065     81.346     34.868  34.953688     4.3194      7.738   228.4458 5.2205e+00     2.4635      2.490      3.612    25.1423 0.0000e+00
      2.548      0.062     6.6809     81.058     34.836  34.931945     4.3113      7.719   229.2482 5.1632e+00     2.4480      2.495      3.619    25.1086 0.0000e+00
      2.563      0.071     6.6569     80.788     34.852  34.958412     4.2918      7.699   230.1065 5.0502e+00     2.3727      2.511      3.641    25.0964 0.0000e+00
      2.585      0.087     6.6319     80.488     34.912  35.019639     4.2772      7.677   230.7356 4.9133e+00     2.3162      2.535      3.677    25.1013 0.0000e+00
      2.608      0.108     6.6117     80.190     34.954  35.037039     4.2627      7.655   231.0900 4.7978e+00     2.2827      2.559      3.713    25.1159 0.0000e+00
      2.633      0.131     6.6027     79.962     35.015  35.041722     4.1164      7.632   231.8956 4.6449e+00     2.2431      2.578      3.740    25.1306 0.0000e+00
      2.667      0.155     6.6069     79.820     35.142  35.076173     3.8406      7.607   233.5931 4.4326e+00     2.2039      2.608      3.784    25.1490 0.0000e+00
      2.714      0.179     6.6275     79.718     35.307  35.072337     3.6949      7.577   235.5257 4.2263e+00     2.1741      2.661      3.860    25.1615 0.0000e+00
      2.765      0.199     6.6730     79.733     35.484  34.995097     3.6784      7.548   236.8501 4.0308e+00     2.1582      2.712      3.933    25.1325 0.0000e+00
      2.818      0.209     6.7395     79.977     35.658  34.904120     3.4840      7.524   237.3882 3.8051e+00     2.0423      2.757      3.999    25.0395 0.0000e+00
      2.881      0.209     6.8092     80.414     35.803  34.861227     3.1185      7.502   237.6433 3.5740e+00     1.8411      2.823      4.093    24.9401 0.0000e+00
      2.946      0.198     6.8689     80.937     35.888  34.857319     2.9259      7.480   238.1288 3.4024e+00     1.7386      2.896      4.199    24.7225 0.0000e+00
      3.000      0.180     6.9094     81.396     35.895  34.856745     2.9104      7.457   238.6977 3.2958e+00     1.7189      2.946      4.273    24.3098 0.0000e+00
      3.040      0.159     6.9294     81.695     35.862  34.854293     2.8211      7.432   239.1874 3.2163e+00     1.6032      2.982      4.327    23.8894 0.0000e+00
      3.072      0.136     6.9447     81.894     35.826  34.827728     2.6458      7.409   239.5750 3.1542e+00     1.3780      3.017      4.376    23.6268 0.0000e+00
      3.097      0.116     6.9700     82.131     35.816  34.789632     2.5467      7.389   239.7707 3.0969e+00     1.2542      3.038      4.407    23.5227 0.0000e+00
      3.120      0.101     7.0023     82.433     35.839  34.774748     2.5408      7.371   240.0048 3.0268e+00     1.2655      3.056      4.432    23.5202 0.0000e+00
      3.149      0.090     7.0320     82.727     35.865  34.774751     2.5380      7.355   240.2550 2.9650e+00     1.2705      3.089      4.479    23.6080 0.0000e+00
      3.175      0.083     7.0588     83.000     35.900  34.789636     2.5402      7.340   240.3864 2.9225e+00     1.3146      3.118      4.522    23.6269 0.0000e+00
      3.194      0.080     7.0878     83.300     35.959  34.827646     2.5675      7.323   240.7333 2.8900e+00     1.4325      3.133      4.545    23.5599 0.0000e+00
      3.207      0.081     7.1268     83.705     36.010  34.853181     2.5926      7.303   241.2657 2.8550e+00     1.5065      3.145      4.561    23.5036 0.0000e+00
      3.222      0.086     7.1842     84.279     36.048  34.844276     2.5951      7.283   241.8329 2.7973e+00     1.5071      3.158      4.581    23.4700 0.0000e+00
      3.241      0.097     7.2591     84.961     36.143  34.846943     2.5520      7.263   242.5150 2.7363e+00     1.5315      3.177      4.608    23.4508 0.0000e+00
      3.267      0.115     7.3471     85.610     36.358  34.885309     2.4674      7.241   243.1467 2.6817e+00     1.6172      3.200      4.642    23.4214 0.0000e+00
      3.301      0.136     7.4551     86.198     36.713  34.926813     2.4088      7.217   243.7060 2.6202e+00     1.6894      3.236      4.693    23.3965 0.0000e+00
      3.338      0.157     7.5783     86.770     37.154  34.967209     2.3852      7.189   244.3727 2.5661e+00     1.7328      3.274      4.748    23.3477 0.0000e+00
      3.379      0.176     7.6965     87.289     37.713  35.119112     2.3482      7.156   244.2395 2.4909e+00     1.7449      3.308      4.799    23.2311 0.0000e+00
      3.430      0.195     7.8144     87.700     38.493  35.429020     2.2915      7.121   240.6326 2.3775e+00     1.7137      3.361      4.874    23.0479 0.0000e+00
      3.485      0.213     7.9460     88.066     39.221  35.601173     2.2680      7.089   231.2201 2.2705e+00     1.6909      3.421      4.961    22.6189 0.0000e+00
      3.538      0.223     8.0877     88.530     39.565  35.421303     2.2850      7.065   219.2251 2.1760e+00     1.7141      3.469      5.031    22.0157 0.0000e+00
      3.596      0.221     8.2201     89.112     39.702  35.159221     2.3227      7.049   210.5512 2.0645e+00     1.9636      3.520      5.106    21.5801 0.0000e+00
      3.664      0.204     8.2907     89.629     39.690  35.036229     2.3750      7.035   205.0712 1.9388e+00     2.4186      3.592      5.211    21.0913 0.0000e+00
      3.733      0.176     8.2662     89.874     39.412  35.013923     2.4021      7.022   200.3746 1.8403e+00     2.6689      3.670      5.323    20.3659 0.0000e+00
      3.782      0.142     8.1926     89.796     39.200  35.143924     2.4033      7.011   196.5265 1.7868e+00     2.7012      3.718      5.395    19.7291 0.0000e+00
      3.805      0.108     8.1235     89.516     39.251  35.401611     2.3990      6.998   193.7338 1.7597e+00     2.7785      3.736      5.419    19.1611 0.0000e+00
      3.813      0.078     8.0735     89.238     39.325  35.589010     2.3955      6.986   191.5591 1.7477e+00     2.9020      3.740      5.425    18.9159 0.0000e+00
      3.816      0.059     8.0450     89.065     39.372  35.694818     2.3883      6.975   189.5061 1.7460e+00     2.9423      3.741      5.427    19.4009 0.0000e+00
      3.823      0.055     8.0375     88.965     39.489  35.791683     2.3766      6.963   187.4956 1.7487e+00     2.8995      3.745      5.431    19.9070 0.0000e+00
      3.838      0.061     8.0432     88.871     39.725  35.934386     2.3830      6.952   185.7491 1.7266e+00     2.8735      3.761      5.455    20.1193 0.0000e+00
      3.859      0.074     8.0479     88.696     40.291  36.340230     2.4283      6.938   184.3924 1.6769e+00     2.9324      3.783      5.487    20.2638 0.0000e+00
      3.883      0.088     8.0499     88.320     42.899  38.475234     2.4929      6.923   183.2226 1.6320e+00     3.0634      3.807      5.522    20.3593 0.0000e+00
      3.906      0.097     8.0485     87.335     48.899  43.259518     2.5209      6.907   182.1031 1.5952e+00     3.1447      3.832      5.558    20.3531 0.0000e+00
      3.929      0.098     7.9915     84.758     55.247  47.609408     2.5086      6.892   181.2670 1.5568e+00     3.1514      3.850      5.584    20.2222 0.0000e+00
      3.959      0.095     7.7897     80.133     58.759  48.934699     2.3992      6.880   180.7709 1.5145e+00     3.1751      3.879      5.626    20.1245 0.0000e+00
      3.991      0.091     7.3811     73.982     59.295  47.968292     2.1998      6.866   180.3201 1.4845e+00     3.2481      3.919      5.684    19.9573 0.0000e+00
      4.014      0.090     6.7052     66.145     57.944  46.029055     2.0837      6.848   179.9467 1.4646e+00     3.3018      3.941      5.716    19.5749 0.0000e+00
      4.027      0.088     5.7095     55.819     56.765  44.617880     2.0617      6.823   179.3533 1.4468e+00     3.3053      3.949      5.729    18.3586 0.0000e+00
      4.042      0.082     4.4702     43.474     56.315  43.998112     2.0154      6.799   178.1366 1.4239e+00     3.3211      3.959      5.744    16.5082 0.0000e+00
      4.066      0.072     3.1753     30.786     56.022  43.619295     1.9376      6.781   176.8504 1.3759e+00     3.3714      3.983      5.777    15.2376 0.0000e+00
      4.096      0.063     1.9676     19.041     56.291  43.723351     1.8938      6.768   175.7617 1.3354e+00     3.3944      4.022      5.832    14.6060 0.0000e+00
      4.118      0.055     0.9268      8.956     56.900  44.112222     1.8809      6.756   175.0392 1.3329e+00     3.3855      4.045      5.866    14.2380 0.0000e+00
      4.126      0.052     0.0878      0.851     55.928  43.300547     1.9008      6.741   175.1696 1.3443e+00     3.4168      4.048      5.871    14.0248 0.0000e+00
      4.127      0.058    -0.5427     -5.216     53.098  41.026231     1.9597      6.727   175.4461 1.3493e+00     3.4975      4.048      5.871    13.9159 0.0000e+00
      4.127      0.073    -0.9386     -8.992     51.003  39.235234     1.9963      6.717   175.1988 1.3449e+00     3.5678      4.045      5.867    13.8338 0.0000e+00
      4.137      0.096    -1.1031    -10.521     50.414  38.547582     2.0032      6.712   174.9329 1.3054e+00     3.6569      4.047      5.870    13.7443 0.0000e+00
      4.170      0.122    -1.0906    -10.355     50.225  38.175628     1.9876      6.709   174.8117 1.2274e+00     4.3614      4.082      5.920    13.7120 0.0000e+00
