Data/DataNotYetUploadedToEDI/Raw_CTD/RawDownloads/073018_fcr50.cnv
* Sea-Bird SBE19plus  Data File:
* FileName = C:\DATA\073018_fcr50_0007.hex
* Software version 2.6.3.104 SB_Terminal.dll
* Temperature SN = 7809
* Conductivity SN = 7809
* System UpLoad Time = Jul 30 2018 16:27:10
* <ApplicationData>
* <Seaterm232>
# nquan = 15
# nvalues = 478                         
# units = specified
# name 0 = depFM: Depth [fresh water, m]
# name 1 = dz/dtM: Descent Rate [m/s]
# name 2 = sbeox0Mg/L: Oxygen, SBE 43 [mg/l]
# name 3 = sbeox0PS: Oxygen, SBE 43 [% saturation]
# name 4 = specc: Specific Conductance [uS/cm]
# name 5 = c0uS/cm: Conductivity [uS/cm]
# name 6 = flECO-AFL: Fluorescence, WET Labs ECO-AFL/FL [mg/m^3]
# name 7 = ph: pH
# name 8 = orp: Oxidation Reduction Potential [mV]
# name 9 = par/sat/log: PAR/Logarithmic, Satlantic
# name 10 = turbWETntu0: Turbidity, WET Labs ECO [NTU]
# name 11 = prdM: Pressure, Strain Gauge [db]
# name 12 = prdE: Pressure, Strain Gauge [psi]
# name 13 = tv290C: Temperature [ITS-90, deg C]
# name 14 = flag:  0.000e+00
# span 0 =     -0.555,      9.452       
# span 1 =     -0.053,      0.230       
# span 2 =     0.1595,     8.8422       
# span 3 =      1.546,    106.557       
# span 4 =      0.648,     50.152       
# span 5 =   0.598511,  38.118924       
# span 6 =    -0.1929,     6.0807       
# span 7 =      6.146,      8.894       
# span 8 =   -26.1362,   301.7383       
# span 9 = 1.2549e-01, 1.6615e+02       
# span 10 =    -0.2658,    29.2701      
# span 11 =     -0.544,      9.270      
# span 12 =     -0.789,     13.446      
# span 13 =    11.9068,    25.6858      
# span 14 = 0.0000e+00, 0.0000e+00      
# interval = seconds: 0.25
# start_time = Jul 30 2018 14:35:09 [Instrument's time stamp, header]
# bad_flag = -9.990e-29
*END*
[from data line 386]
      7.510      0.090     2.9790     27.596     50.064  36.970362     0.5373      6.225   295.4917 1.2562e-01    14.7469      7.362     10.678    11.9247 0.0000e+00
      7.545      0.099     2.9777     27.583     50.064  36.969849     0.4723      6.225   295.2189 1.2559e-01    14.7651      7.401     10.734    11.9253 0.0000e+00
      7.579      0.103     2.9755     27.563     50.079  36.980766     0.4727      6.224   295.4722 1.2558e-01    14.7564      7.435     10.783    11.9251 0.0000e+00
      7.607      0.106     2.9746     27.555     50.070  36.975303     0.4775      6.219   296.4034 1.2559e-01    14.7642      7.463     10.824    11.9233 0.0000e+00
      7.629      0.109     2.9738     27.548     50.060  36.967324     0.4761      6.211   297.2716 1.2560e-01    14.8289      7.484     10.854    11.9202 0.0000e+00
      7.646      0.112     2.9720     27.530     50.035  36.947817     0.4739      6.205   297.5386 1.2563e-01    14.8680      7.496     10.872    11.9186 0.0000e+00
      7.669      0.113     2.9718     27.527     50.014  36.930028     0.4788      6.204   297.3075 1.2564e-01    14.9004      7.513     10.896    11.9191 0.0000e+00
      7.707      0.112     2.9731     27.539     50.032  36.942819     0.4980      6.205   296.9723 1.2564e-01    14.8848      7.555     10.958    11.9213 0.0000e+00
      7.752      0.111     2.9733     27.542     50.073  36.975424     0.5228      6.207   296.8413 1.2567e-01    14.7714      7.610     11.036    11.9206 0.0000e+00
      7.784      0.108     2.9730     27.540     50.112  37.006606     0.5308      6.209   296.8425 1.2571e-01    14.6887      7.640     11.080    11.9186 0.0000e+00
      7.801      0.101     2.9720     27.533     50.102  37.002193     0.5305      6.210   296.9013 1.2573e-01    14.6786      7.650     11.095    11.9164 0.0000e+00
      7.817      0.089     2.9707     27.523     50.076  36.985607     0.5372      6.210   296.9498 1.2576e-01    14.7108      7.662     11.113    11.9160 0.0000e+00
      7.839      0.079     2.9696     27.513     50.091  36.996647     0.5379      6.211   296.8263 1.2578e-01    14.7416      7.687     11.150    11.9188 0.0000e+00
      7.864      0.072     2.9671     27.491     50.106  37.008623     0.5298      6.211   296.6988 1.2574e-01    14.7466      7.715     11.189    11.9206 0.0000e+00
      7.884      0.065     2.9645     27.467     50.100  37.003350     0.5220      6.212   296.5265 1.2568e-01    14.7409      7.733     11.216    11.9239 0.0000e+00
      7.900      0.057     2.9644     27.465     50.092  36.996420     0.5174      6.213   296.2920 1.2566e-01    14.7324      7.748     11.238    11.9268 0.0000e+00
      7.913      0.048     2.9657     27.475     50.083  36.988358     0.5196      6.215   296.3586 1.2565e-01    14.7358      7.762     11.258    11.9269 0.0000e+00
      7.921      0.043     2.9663     27.481     50.057  36.969405     0.5213      6.215   296.5573 1.2567e-01    14.7212      7.769     11.268    11.9275 0.0000e+00
      7.926      0.042     2.9662     27.481     50.039  36.957845     0.5197      6.216   296.7151 1.2572e-01    14.7086      7.773     11.273    11.9271 0.0000e+00
      7.934      0.046     2.9663     27.482     50.063  36.975642     0.5186      6.216   296.7175 1.2571e-01    14.7353      7.779     11.283    11.9256 0.0000e+00
      7.945      0.051     2.9670     27.488     50.088  36.994004     0.5259      6.215   296.4141 1.2568e-01    14.7389      7.789     11.298    11.9237 0.0000e+00
      7.961      0.057     2.9664     27.483     50.080  36.989269     0.5435      6.214   296.1449 1.2568e-01    14.7218      7.805     11.322    11.9239 0.0000e+00
      7.980      0.064     2.9644     27.468     50.064  36.981922     0.5394      6.212   296.1291 1.2565e-01    14.7122      7.827     11.352    11.9269 0.0000e+00
      7.998      0.069     2.9627     27.454     50.040  36.968704     0.5223      6.212   296.3956 1.2564e-01    14.7140      7.844     11.378    11.9273 0.0000e+00
      8.015      0.074     2.9612     27.441     50.024  36.956520     0.5290      6.210   296.8716 1.2566e-01    14.7438      7.859     11.400    11.9249 0.0000e+00
      8.032      0.079     2.9611     27.437     50.038  36.961661     0.5470      6.206   297.1531 1.2567e-01    14.7676      7.876     11.423    11.9259 0.0000e+00
      8.051      0.084     2.9642     27.462     50.054  36.967332     0.5568      6.202   296.9593 1.2566e-01    14.7575      7.896     11.451    11.9319 0.0000e+00
      8.073      0.086     2.9692     27.505     50.054  36.961548     0.5459      6.199   296.6796 1.2562e-01    14.7135      7.915     11.480    11.9384 0.0000e+00
      8.098      0.085     2.9695     27.505     50.050  36.955253     0.5160      6.196   296.6967 1.2562e-01    14.6933      7.938     11.513    11.9385 0.0000e+00
      8.127      0.081     2.9644     27.457     50.051  36.954742     0.4897      6.194   296.9073 1.2566e-01    14.7266      7.970     11.560    11.9315 0.0000e+00
      8.152      0.074     2.9615     27.430     50.050  36.955367     0.4764      6.192   297.1617 1.2570e-01    14.7504      8.000     11.603    11.9238 0.0000e+00
      8.166      0.066     2.9623     27.440     50.056  36.962808     0.4735      6.191   297.3635 1.2569e-01    14.7365      8.011     11.618    11.9184 0.0000e+00
      8.176      0.058     2.9624     27.442     50.078  36.981185     0.4918      6.190   297.5399 1.2566e-01    14.7107      8.015     11.624    11.9151 0.0000e+00
      8.188      0.055     2.9621     27.439     50.087  36.986975     0.5229      6.189   297.8318 1.2566e-01    14.7137      8.029     11.644    11.9137 0.0000e+00
      8.201      0.064     2.9610     27.426     50.067  36.969281     0.5378      6.184   298.1397 1.2562e-01    14.7422      8.044     11.667    11.9153 0.0000e+00
      8.212      0.083     2.9595     27.411     50.056  36.957827     0.5336      6.178   298.3375 1.2557e-01    14.7493      8.052     11.679    11.9191 0.0000e+00
      8.227      0.106     2.9616     27.429     50.083  36.975540     0.5087      6.172   298.8468 1.2560e-01    14.7699      8.063     11.693    11.9211 0.0000e+00
      8.256      0.127     2.9660     27.468     50.108  36.992861     0.4764      6.167   299.4798 1.2560e-01    14.8689      8.090     11.733    11.9200 0.0000e+00
      8.300      0.142     2.9691     27.498     50.087  36.976671     0.4649      6.163   299.4528 1.2560e-01    14.9699      8.138     11.804    11.9170 0.0000e+00
      8.349      0.150     2.9721     27.526     50.078  36.970375     0.4613      6.162   299.2082 1.2569e-01    14.9836      8.190     11.878    11.9136 0.0000e+00
      8.396      0.149     2.9748     27.551     50.091  36.980260     0.4507      6.163   299.1031 1.2568e-01    14.9436      8.235     11.943    11.9112 0.0000e+00
      8.436      0.138     2.9739     27.543     50.075  36.969127     0.4470      6.164   298.9561 1.2555e-01    14.8830      8.277     12.005    11.9102 0.0000e+00
      8.467      0.120     2.9734     27.539     50.066  36.962822     0.4542      6.166   299.2378 1.2549e-01    14.8001      8.305     12.046    11.9098 0.0000e+00
      8.491      0.100     2.9768     27.570     50.072  36.967565     0.4547      6.167   299.8419 1.2556e-01    14.7337      8.325     12.076    11.9097 0.0000e+00
      8.514      0.086     2.9782     27.584     50.065  36.962940     0.4532      6.168   300.2376 1.2562e-01    14.7215      8.351     12.112    11.9106 0.0000e+00
      8.533      0.079     2.9785     27.587     50.075  36.970428     0.4641      6.167   300.4082 1.2562e-01    14.7742      8.371     12.141    11.9116 0.0000e+00
      8.546      0.078     2.9809     27.610     50.105  36.994578     0.4764      6.165   300.3563 1.2566e-01    14.8532      8.381     12.155    11.9115 0.0000e+00
      8.560      0.079     2.9831     27.632     50.110  37.000827     0.4823      6.164   300.2981 1.2565e-01    14.8832      8.391     12.170    11.9118 0.0000e+00
      8.581      0.080     2.9856     27.655     50.085  36.982456     0.4796      6.165   300.4794 1.2558e-01    14.8931      8.411     12.200    11.9119 0.0000e+00
      8.610      0.085     2.9873     27.671     50.059  36.963039     0.4626      6.166   300.8270 1.2554e-01    14.8813      8.445     12.248    11.9121 0.0000e+00
      8.636      0.094     2.9850     27.651     50.049  36.956639     0.4328      6.163   301.2322 1.2558e-01    14.8013      8.473     12.290    11.9147 0.0000e+00
      8.655      0.107     2.9815     27.617     50.066  36.968606     0.4130      6.157   301.5922 1.2561e-01    14.7483      8.488     12.312    11.9178 0.0000e+00
      8.673      0.122     2.9788     27.591     50.084  36.980667     0.4162      6.151   301.7383 1.2560e-01    14.7600      8.502     12.331    11.9176 0.0000e+00
      8.700      0.134     2.9743     27.549     50.079  36.975402     0.4343      6.150   301.4507 1.2560e-01    14.7601      8.526     12.365    11.9166 0.0000e+00
      8.742      0.141     2.9681     27.491     50.070  36.968472     0.4568      6.150   300.9533 1.2560e-01    14.7499      8.568     12.426    11.9179 0.0000e+00
      8.794      0.140     2.9645     27.458     50.058  36.960410     0.4684      6.150   300.7145 1.2560e-01    14.7574      8.626     12.510    11.9175 0.0000e+00
      8.844      0.130     2.9646     27.459     50.031  36.941457     0.4729      6.152   300.7149 1.2559e-01    14.7595      8.679     12.588    11.9157 0.0000e+00
      8.879      0.111     2.9670     27.482     50.015  36.929897     0.4751      6.156   300.7862 1.2559e-01    14.7460      8.713     12.637    11.9145 0.0000e+00
      8.898      0.091     2.9699     27.509     50.039  36.947695     0.4676      6.158   300.7157 1.2559e-01    14.7460      8.729     12.662    11.9135 0.0000e+00
      8.906      0.079     2.9722     27.531     50.062  36.966068     0.4647      6.156   300.4651 1.2559e-01    14.7600      8.736     12.671    11.9143 0.0000e+00
      8.912      0.078     2.9760     27.566     50.054  36.961448     0.4682      6.152   300.3379 1.2561e-01    14.7622      8.738     12.674    11.9160 0.0000e+00
      8.925      0.084     2.9802     27.606     50.046  36.955371     0.4639      6.149   300.3814 1.2563e-01    14.7420      8.746     12.685    11.9157 0.0000e+00
      8.951      0.094     2.9826     27.627     50.049  36.956120     0.4670      6.149   300.5604 1.2564e-01    14.7292      8.772     12.722    11.9152 0.0000e+00
      8.991      0.103     2.9834     27.634     50.069  36.970502     0.4687      6.150   300.7822 1.2564e-01    14.7608      8.818     12.788    11.9169 0.0000e+00
      9.028      0.110     2.9830     27.629     50.114  37.002200     0.4573      6.150   300.8266 1.2569e-01    14.7885      8.861     12.851    11.9190 0.0000e+00
      9.053      0.113     2.9826     27.624     50.142  37.021731     0.4584      6.150   300.5804 1.2574e-01    14.7892      8.881     12.881    11.9188 0.0000e+00
      9.073      0.111     2.9823     27.622     50.136  37.016071     0.4640      6.150   300.3003 1.2571e-01    14.8298      8.894     12.900    11.9169 0.0000e+00
      9.097      0.106     2.9815     27.614     50.112  36.997290     0.4606      6.149   300.3653 1.2567e-01    14.9129      8.919     12.934    11.9161 0.0000e+00
      9.127      0.104     2.9799     27.599     50.096  36.985229     0.4631      6.148   300.5926 1.2567e-01    14.9710      8.950     12.981    11.9155 0.0000e+00
      9.160      0.105     2.9790     27.591     50.113  36.997302     0.4663      6.148   300.6397 1.2562e-01    14.9517      8.984     13.030    11.9139 0.0000e+00
      9.189      0.104     2.9790     27.589     50.141  37.016197     0.4624      6.149   300.6768 1.2556e-01    14.8020      9.014     13.074    11.9123 0.0000e+00
      9.211      0.096     2.9773     27.572     50.152  37.023108     0.4614      6.149   300.8687 1.2557e-01    14.5945      9.032     13.100    11.9115 0.0000e+00
      9.235      0.082     2.9745     27.547     50.145  37.017327     0.4643      6.149   300.8948 1.2560e-01    14.5190      9.054     13.131    11.9117 0.0000e+00
      9.260      0.067     2.9724     27.527     50.134  37.009828     0.4697      6.150   300.6473 1.2564e-01    14.5600      9.085     13.177    11.9114 0.0000e+00
      9.280      0.055     2.9705     27.510     50.114  36.995978     0.4712      6.151   300.4586 1.2570e-01    14.5715      9.106     13.207    11.9095 0.0000e+00
      9.287      0.048     2.9659     27.467     50.087  36.976920     0.4637      6.151   300.7643 1.2570e-01    14.5362      9.110     13.213    11.9077 0.0000e+00
      9.288      0.048     2.9579     27.394     50.077  36.969985     0.4624      6.150   301.3315 1.2567e-01    14.4992      9.108     13.210    11.9068 0.0000e+00
      9.292      0.054     2.9524     27.343     50.086  36.975656     0.4737      6.148   301.6374 1.2566e-01    14.4900      9.109     13.211    11.9075 0.0000e+00
      9.303      0.062     2.9505     27.325     50.096  36.981951     0.4807      6.147   301.6241 1.2567e-01    14.5479      9.118     13.224    11.9093 0.0000e+00
      9.326      0.069     2.9472     27.294     50.098  36.982575     0.4741      6.146   301.3425 1.2571e-01    14.6495      9.141     13.259    11.9104 0.0000e+00
      9.358      0.072     2.9431     27.256     50.098  36.983191     0.4668      6.146   301.1587 1.2571e-01    14.7125      9.179     13.313    11.9099 0.0000e+00
      9.386      0.069     2.9411     27.238     50.105  36.989400     0.4663      6.147   301.2943 1.2566e-01    14.7289      9.209     13.358    11.9089 0.0000e+00
      9.401      0.060     2.9396     27.225     50.110  36.994125     0.4860      6.149   301.5203 1.2563e-01    14.7262      9.222     13.374    11.9084 0.0000e+00
      9.408      0.047     2.9392     27.222     50.086  36.976794     0.5213      6.150   301.4813 1.2561e-01    14.7101      9.227     13.381    11.9077 0.0000e+00
      9.413      0.035     2.9417     27.244     50.077  36.970442     0.5348      6.151   301.2526 1.2560e-01    14.6870      9.232     13.390    11.9075 0.0000e+00
      9.419      0.027     2.9448     27.273     50.092  36.980847     0.5306      6.151   301.1645 1.2558e-01    14.6909      9.237     13.397    11.9087 0.0000e+00
      9.426      0.024     2.9480     27.303     50.085  36.975544     0.5349      6.152   301.1044 1.2557e-01    14.7259      9.244     13.407    11.9104 0.0000e+00
      9.433      0.024     2.9499     27.320     50.077  36.969851     0.5406      6.152   301.0425 1.2561e-01    14.7439      9.251     13.418    11.9109 0.0000e+00
      9.439 -9.990e-29 -9.990e-29 -9.990e-29 -9.990e-29 -9.990e-29 -9.990e-29 -9.990e-29 -9.990e-29 1.2564e-01 -9.990e-29      9.257     13.426    11.9106 0.0000e+00
      9.445 -9.990e-29 -9.990e-29 -9.990e-29 -9.990e-29 -9.990e-29 -9.990e-29 -9.990e-29 -9.990e-29 1.2563e-01 -9.990e-29      9.263     13.435    11.9104 0.0000e+00
      9.450 -9.990e-29 -9.990e-29 -9.990e-29 -9.990e-29 -9.990e-29 -9.990e-29 -9.990e-29 -9.990e-29 1.2561e-01 -9.990e-29      9.268     13.443    11.9105 0.0000e+00
      9.452 -9.990e-29 -9.990e-29 -9.990e-29 -9.990e-29 -9.990e-29 -9.990e-29 -9.990e-29 -9.990e-29 1.2561e-01 -9.990e-29      9.270     13.446    11.9106 0.0000e+00
