Data/DataNotYetUploadedToEDI/Raw_CTD/RawDownloads/07302020_fcr50.cnv
* Sea-Bird SBE19plus  Data File:
* FileName = C:\DATA\07302020_bvr50_0002.hex
* Software version 2.8.0.119
* Temperature SN = 7809
* Conductivity SN = 7809
* System UpLoad Time = Jul 30 2020 16:36:29
* <ApplicationData>
* <Seaterm232>
# nquan = 16
# nvalues = 3106                        
# units = specified
# name 0 = depFM: Depth [fresh water, m]
# name 1 = dz/dtM: Descent Rate [m/s]
# name 2 = sbeox0ML/L: Oxygen, SBE 43 [ml/l]
# name 3 = sbeox0PS: Oxygen, SBE 43 [% saturation]
# name 4 = specc: Specific Conductance [uS/cm]
# name 5 = c0uS/cm: Conductivity [uS/cm]
# name 6 = flECO-AFL: Fluorescence, WET Labs ECO-AFL/FL [mg/m^3]
# name 7 = ph: pH
# name 8 = orp: Oxidation Reduction Potential [mV]
# name 9 = par/sat/log: PAR/Logarithmic, Satlantic
# name 10 = turbWETntu0: Turbidity, WET Labs ECO [NTU]
# name 11 = prdM: Pressure, Strain Gauge [db]
# name 12 = prdE: Pressure, Strain Gauge [psi]
# name 13 = tv290C: Temperature [ITS-90, deg C]
# name 14 = density00: Density [density, kg/m^3]
# name 15 = flag:  0.000e+00
# span 0 =     -0.684,      9.597       
# span 1 =     -0.324,      7.845       
# span 2 =    -0.2516,     9.5636       
# span 3 =     -3.576,    171.994       
# span 4 =      1.416,    455.404       
# span 5 =   1.442740, 329.927093       
# span 6 =    -0.9530,     9.7586       
# span 7 =      6.659,      7.057       
# span 8 =  -144.0490,   165.8843       
# span 9 = 1.2344e-01, 4.2812e+02       
# span 10 =    -0.3525,   141.5509      
# span 11 =     -0.671,      9.411      
# span 12 =     -0.973,     13.650      
# span 13 =    11.0250,    27.6667      
# span 14 =   996.3479,   999.8137      
# span 15 = 0.0000e+00, 0.0000e+00      
# interval = seconds: 0.25
# start_time = Jul 30 2020 01:06:20 [Instrument's time stamp, header]
# bad_flag = -9.990e-29
*END*
[from data line 724]
      6.052      0.067     0.1257      1.633     46.565  33.591355     0.8099      6.901    22.5538 1.2360e-01     7.3530      5.937      8.611    11.0797   999.6459 0.0000e+00
      6.069      0.062     0.1210      1.620     46.541  33.568897     0.8121      6.902    22.9574 1.2358e-01     7.4371      5.955      8.636    11.0823   999.6457 0.0000e+00
      6.081      0.056     0.1261      1.610     46.554  33.574052     0.8061      6.901    22.4097 1.2356e-01     7.4945      5.963      8.649    11.0788   999.6461 0.0000e+00
      6.093      0.050     0.1288      1.615     46.581  33.590224     0.7946      6.901    21.3519 1.2353e-01     7.4976      5.972      8.662    11.0725   999.6469 0.0000e+00
      6.108      0.045     0.1246      1.650     46.562  33.574068     0.7965      6.901    21.2671 1.2353e-01     7.5087      5.990      8.688    11.0664   999.6476 0.0000e+00
      6.121      0.044     0.1252      1.657     46.557  33.569065     0.8009      6.900    22.1582 1.2357e-01     7.5261      6.005      8.710    11.0609   999.6482 0.0000e+00
      6.127      0.044     0.1241      1.631     46.593  33.593187     0.7998      6.900    23.0925 1.2356e-01     7.5023      6.009      8.715    11.0566   999.6486 0.0000e+00
      6.134      0.043     0.1222      1.631     46.620  33.611919     0.7926      6.900    23.0133 1.2355e-01     7.4944      6.012      8.720    11.0533   999.6490 0.0000e+00
      6.147      0.042     0.1287      1.655     46.610  33.605193     0.7713      6.900    22.1463 1.2360e-01     7.4651      6.027      8.742    11.0506   999.6493 0.0000e+00
      6.162      0.040     0.1294      1.676     46.569  33.575313     0.7512      6.900    21.9885 1.2361e-01     7.3546      6.045      8.768    11.0485   999.6496 0.0000e+00
      6.174      0.037     0.1238      1.708     46.558  33.567900     0.7403      6.900    22.5690 1.2362e-01     7.2916      6.057      8.785    11.0468   999.6499 0.0000e+00
      6.183      0.033     0.1250      1.763     46.572  33.579023     0.7258      6.900    23.2283 1.2366e-01     7.2870      6.064      8.795    11.0460   999.6500 0.0000e+00
      6.189      0.029     0.1282      1.815     46.576  33.582890     0.7191      6.900    23.6784 1.2361e-01     7.2645      6.070      8.803    11.0461   999.6500 0.0000e+00
      6.194      0.027     0.1286      1.846     46.617  33.614652     0.7449      6.900    23.6239 1.2351e-01     7.3278      6.076      8.812    11.0464   999.6500 0.0000e+00
      6.198      0.029     0.1307      1.873     46.653  33.645800     0.7894      6.900    23.2569 1.2354e-01     7.5036      6.078      8.816    11.0470   999.6499 0.0000e+00
      6.203      0.032     0.1360      1.912     46.640  33.642234     0.8187      6.900    23.2843 1.2362e-01     7.6047      6.081      8.819    11.0484   999.6498 0.0000e+00
      6.213      0.035     0.1407      1.940     46.622  33.634992     0.8229      6.900    23.6967 1.2361e-01     7.5889      6.091      8.835    11.0492   999.6498 0.0000e+00
      6.228      0.037     0.1425      1.943     46.595  33.621696     0.8497      6.900    24.1995 1.2356e-01     7.5186      6.108      8.859    11.0504   999.6498 0.0000e+00
      6.240      0.040     0.1433      1.924     46.566  33.608383     0.9137      6.899    24.7180 1.2352e-01     7.4066      6.121      8.877    11.0562   999.6493 0.0000e+00
      6.248      0.042     0.1479      1.892     46.548  33.600941     0.9481      6.898    24.9759 1.2351e-01     7.3333      6.128      8.887    11.0638   999.6485 0.0000e+00
      6.256      0.042     0.1503      1.865     46.537  33.595171     0.9513      6.897    25.0799 1.2355e-01     7.3190      6.135      8.898    11.0689   999.6480 0.0000e+00
      6.265      0.041     0.1500      1.840     46.548  33.602073     0.9804      6.897    25.3740 1.2360e-01     7.3719      6.142      8.908    11.0749   999.6474 0.0000e+00
      6.277      0.039     0.1489      1.813     46.579  33.620945     1.0431      6.897    25.8644 1.2360e-01     7.4924      6.154      8.925    11.0847   999.6465 0.0000e+00
      6.291      0.036     0.1450      1.791     46.601  33.632992     1.0893      6.897    26.4493 1.2360e-01     7.5744      6.171      8.949    11.0919   999.6458 0.0000e+00
      6.303      0.035     0.1436      1.778     46.588  33.620822     1.0909      6.897    27.0257 1.2363e-01     7.5724      6.181      8.965    11.0931   999.6457 0.0000e+00
      6.310      0.037     0.1418      1.776     46.562  33.600700     1.0908      6.897    27.4129 1.2367e-01     7.5370      6.190      8.978    11.0917   999.6459 0.0000e+00
      6.313      0.041     0.1395      1.775     46.538  33.580058     1.1168      6.896    27.6036 1.2368e-01     7.5241      6.192      8.981    11.0881   999.6462 0.0000e+00
      6.316      0.046     0.1378      1.772     46.519  33.561591     1.1391      6.895    27.8683 1.2363e-01     7.5191      6.190      8.978    11.0830   999.6468 0.0000e+00
      6.328      0.051     0.1364      1.767     46.534  33.567765     1.1505      6.893    28.2905 1.2356e-01     7.5118      6.202      8.993    11.0798   999.6472 0.0000e+00
      6.350      0.059     0.1371      1.777     46.573  33.591253     1.1582      6.893    28.7505 1.2356e-01     7.5724      6.228      9.032    11.0792   999.6474 0.0000e+00
      6.372      0.069     0.1365      1.797     46.579  33.591763     1.1567      6.894    29.2140 1.2359e-01     7.7029      6.253      9.069    11.0765   999.6478 0.0000e+00
      6.387      0.078     0.1370      1.810     46.559  33.573929     1.1513      6.894    29.5072 1.2363e-01     7.7854      6.266      9.085    11.0709   999.6484 0.0000e+00
      6.401      0.086     0.1354      1.812     46.551  33.565977     1.1507      6.893    29.7137 1.2367e-01     7.7807      6.273      9.099    11.0652   999.6490 0.0000e+00
      6.422      0.095     0.1364      1.800     46.544  33.559064     1.1491      6.893    30.0765 1.2368e-01     7.7490      6.296      9.132    11.0599   999.6497 0.0000e+00
      6.449      0.106     0.1390      1.804     46.539  33.553798     1.1416      6.893    30.6245 1.2365e-01     7.7454      6.325      9.173    11.0559   999.6502 0.0000e+00
      6.478      0.114     0.1392      1.822     46.557  33.565759     1.1458      6.893    31.2626 1.2358e-01     7.7713      6.349      9.209    11.0531   999.6506 0.0000e+00
      6.513      0.115     0.1408      1.809     46.574  33.576776     1.1614      6.893    31.5969 1.2354e-01     7.8213      6.384      9.260    11.0506   999.6511 0.0000e+00
      6.552      0.109     0.1378      1.765     46.552  33.560096     1.1683      6.893    31.2258 1.2359e-01     7.8690      6.428      9.323    11.0484   999.6515 0.0000e+00
      6.585      0.098     0.1381      1.742     46.544  33.554432     1.1424      6.892    30.6468 1.2365e-01     7.9360      6.462      9.373    11.0467   999.6518 0.0000e+00
      6.605      0.085     0.1416      1.750     46.567  33.571747     1.0964      6.891    30.6194 1.2368e-01     8.0826      6.480      9.399    11.0455   999.6520 0.0000e+00
      6.619      0.071     0.1408      1.739     46.576  33.579095     1.0799      6.891    30.9796 1.2369e-01     8.2337      6.491      9.414    11.0444   999.6522 0.0000e+00
      6.631      0.059     0.1351      1.707     46.576  33.579815     1.0946      6.891    31.6470 1.2366e-01     8.3205      6.503      9.431    11.0430   999.6524 0.0000e+00
      6.643      0.051     0.1325      1.697     46.578  33.580456     1.1318      6.891    32.3222 1.2362e-01     8.4110      6.514      9.448    11.0420   999.6525 0.0000e+00
      6.656      0.045     0.1362      1.725     46.588  33.586848     1.1763      6.890    32.0878 1.2362e-01     8.5393      6.526      9.465    11.0431   999.6525 0.0000e+00
      6.671      0.039     0.1349      1.765     46.599  33.593657     1.1943      6.890    31.3083 1.2361e-01     8.6014      6.542      9.488    11.0457   999.6523 0.0000e+00
      6.684      0.032     0.1306      1.795     46.609  33.599321     1.1970      6.890    31.1568 1.2364e-01     8.6466      6.557      9.510    11.0465   999.6523 0.0000e+00
      6.690      0.027     0.1294      1.806     46.599  33.591879     1.2093      6.891    31.4608 1.2365e-01     8.6746      6.564      9.520    11.0454   999.6524 0.0000e+00
      6.691      0.025     0.1328      1.782     46.565  33.567133     1.2190      6.891    31.9725 1.2360e-01     8.5958      6.561      9.515    11.0440   999.6526 0.0000e+00
      6.691      0.028     0.1366      1.745     46.546  33.553923     1.2094      6.891    32.7835 1.2360e-01     8.5179      6.561      9.515    11.0429   999.6527 0.0000e+00
      6.695      0.035     0.1384      1.727     46.553  33.559065     1.1969      6.890    32.9201 1.2355e-01     8.4543      6.566      9.523    11.0418   999.6528 0.0000e+00
      6.704      0.045     0.1408      1.698     46.563  33.565851     1.2312      6.890    32.2485 1.2351e-01     8.2034      6.572      9.533    11.0408   999.6530 0.0000e+00
      6.720      0.053     0.1379      1.644     46.573  33.572512     1.3093      6.890    31.8905 1.2358e-01     7.8193      6.588      9.556    11.0407   999.6530 0.0000e+00
      6.741      0.059     0.1331      1.622     46.578  33.576147     1.3494      6.890    32.3771 1.2361e-01     7.6211      6.611      9.589    11.0411   999.6531 0.0000e+00
      6.761      0.067     0.1336      1.640     46.538  33.546357     1.3451      6.889    33.3994 1.2360e-01     7.5926      6.632      9.620    11.0413   999.6532 0.0000e+00
      6.776      0.077     0.1326      1.667     46.516  33.529582     1.3428      6.888    34.1839 1.2357e-01     7.5432      6.647      9.642    11.0409   999.6533 0.0000e+00
      6.787      0.086     0.1254      1.715     46.564  33.563682     1.3788      6.888    34.4643 1.2354e-01     7.4698      6.654      9.650    11.0404   999.6534 0.0000e+00
      6.803      0.091     0.1230      1.757     46.584  33.577937     1.4467      6.887    34.4667 1.2359e-01     7.4271      6.664      9.666    11.0399   999.6535 0.0000e+00
      6.835      0.090     0.1278      1.787     46.580  33.575035     1.4766      6.887    34.3852 1.2365e-01     7.4381      6.699      9.717    11.0392   999.6537 0.0000e+00
      6.875      0.085     0.1267      1.826     46.602  33.592042     1.4639      6.887    34.4251 1.2362e-01     7.5004      6.748      9.787    11.0384   999.6541 0.0000e+00
      6.905      0.077     0.1329      1.844     46.602  33.593211     1.3792      6.887    34.5186 1.2357e-01     7.5620      6.779      9.834    11.0377   999.6543 0.0000e+00
      6.917      0.065     0.1366      1.848     46.594  33.589164     1.2340      6.887    34.9993 1.2355e-01     7.5995      6.786      9.842    11.0374   999.6543 0.0000e+00
      6.921      0.050     0.1357      1.833     46.615  33.606578     1.1575      6.887    35.7635 1.2359e-01     7.5756      6.784      9.839    11.0373   999.6543 0.0000e+00
      6.927      0.037     0.1431      1.825     46.622  33.613406     1.1413      6.887    36.0143 1.2364e-01     7.5132      6.790      9.849    11.0379   999.6543 0.0000e+00
      6.938      0.031     0.1413      1.855     46.612  33.608263     1.1246      6.887    36.0533 1.2362e-01     7.5660      6.804      9.869    11.0397   999.6542 0.0000e+00
      6.948      0.030     0.1438      1.866     46.608  33.607846     1.1085      6.887    36.0628 1.2359e-01     7.6992      6.816      9.885    11.0419   999.6540 0.0000e+00
      6.955      0.029     0.1413      1.836     46.605  33.608376     1.0889      6.887    35.9568 1.2360e-01     7.7510      6.821      9.892    11.0443   999.6538 0.0000e+00
      6.961      0.026     0.1381      1.806     46.610  33.614665     1.0776      6.887    36.5789 1.2360e-01     7.7459      6.825      9.899    11.0466   999.6536 0.0000e+00
      6.969      0.025     0.1444      1.808     46.611  33.620432     1.0871      6.888    37.7340 1.2359e-01     7.7747      6.835      9.913    11.0488   999.6534 0.0000e+00
      6.975      0.026     0.1452      1.819     46.593  33.614662     1.1181      6.888    38.1355 1.2360e-01     7.8246      6.842      9.923    11.0510   999.6532 0.0000e+00
      6.977      0.029     0.1414      1.814     46.575  33.608364     1.1467      6.888    37.9055 1.2366e-01     7.8350      6.841      9.922    11.0533   999.6530 0.0000e+00
      6.982      0.031     0.1375      1.784     46.570  33.607739     1.1471      6.887    37.7924 1.2366e-01     7.7971      6.844      9.927    11.0562   999.6527 0.0000e+00
      6.993      0.033     0.1393      1.765     46.570  33.607116     1.1425      6.886    37.7148 1.2361e-01     7.7090      6.857      9.946    11.0615   999.6522 0.0000e+00
      7.007      0.034     0.1405      1.782     46.564  33.600829     1.1480      6.886    38.0857 1.2363e-01     7.5932      6.874      9.968    11.0703   999.6514 0.0000e+00
      7.017      0.034     0.1410      1.801     46.559  33.595164     1.1461      6.886    38.9210 1.2370e-01     7.5301      6.883      9.982    11.0785   999.6506 0.0000e+00
      7.024      0.031     0.1370      1.811     46.570  33.602077     1.1395      6.886    39.2100 1.2370e-01     7.5298      6.888      9.990    11.0813   999.6503 0.0000e+00
      7.030      0.027     0.1341      1.827     46.596  33.620960     1.1342      6.885    39.1713 1.2361e-01     7.5563      6.895     10.000    11.0797   999.6505 0.0000e+00
      7.037      0.024     0.1379      1.833     46.611  33.633120     1.1678      6.884    39.3138 1.2351e-01     7.5754      6.900     10.009    11.0770   999.6508 0.0000e+00
      7.042      0.022     0.1390      1.824     46.595  33.622197     1.2417      6.884    39.4701 1.2351e-01     7.5884      6.906     10.016    11.0749   999.6510 0.0000e+00
      7.046      0.022     0.1388      1.824     46.586  33.615795     1.2829      6.884    39.6848 1.2364e-01     7.6110      6.910     10.022    11.0738   999.6512 0.0000e+00
      7.051      0.022     0.1410      1.828     46.593  33.619171     1.2939      6.885    39.8445 1.2373e-01     7.6078      6.914     10.029    11.0738   999.6512 0.0000e+00
      7.057      0.023     0.1422      1.828     46.569  33.599560     1.3265      6.884    39.7663 1.2369e-01     7.5493      6.920     10.037    11.0750   999.6511 0.0000e+00
      7.064      0.025     0.1395      1.833     46.532  33.569036     1.3821      6.884    39.7719 1.2366e-01     7.5219      6.927     10.047    11.0765   999.6510 0.0000e+00
      7.071      0.025     0.1405      1.834     46.536  33.567371     1.4126      6.884    40.0840 1.2370e-01     7.5515      6.934     10.057    11.0772   999.6509 0.0000e+00
      7.077      0.024     0.1414      1.814     46.558  33.579418     1.3999      6.883    40.3570 1.2370e-01     7.5292      6.939     10.064    11.0762   999.6511 0.0000e+00
      7.084      0.023     0.1403      1.808     46.573  33.587785     1.3529      6.882    40.4050 1.2362e-01     7.5280      6.946     10.075    11.0726   999.6515 0.0000e+00
      7.091      0.023     0.1412      1.846     46.600  33.605080     1.2920      6.882    40.4065 1.2361e-01     7.6400      6.956     10.088    11.0679   999.6520 0.0000e+00
      7.096      0.023     0.1423      1.872     46.594  33.598167     1.2740      6.881    40.3751 1.2366e-01     7.7490      6.960     10.095    11.0633   999.6525 0.0000e+00
      7.099      0.023     0.1396      1.847     46.554  33.567653     1.2882      6.880    40.3693 1.2365e-01     7.7478      6.961     10.096    11.0591   999.6529 0.0000e+00
      7.104      0.023     0.1369      1.831     46.538  33.553393     1.2532      6.880    40.5943 1.2359e-01     7.6601      6.965     10.101    11.0561   999.6532 0.0000e+00
