Data/DataNotYetUploadedToEDI/Raw_CTD/RawDownloads/07302020_fcr50.cnv
* Sea-Bird SBE19plus  Data File:
* FileName = C:\DATA\07302020_bvr50_0002.hex
* Software version 2.8.0.119
* Temperature SN = 7809
* Conductivity SN = 7809
* System UpLoad Time = Jul 30 2020 16:36:29
* <ApplicationData>
* <Seaterm232>
# nquan = 16
# nvalues = 3106                        
# units = specified
# name 0 = depFM: Depth [fresh water, m]
# name 1 = dz/dtM: Descent Rate [m/s]
# name 2 = sbeox0ML/L: Oxygen, SBE 43 [ml/l]
# name 3 = sbeox0PS: Oxygen, SBE 43 [% saturation]
# name 4 = specc: Specific Conductance [uS/cm]
# name 5 = c0uS/cm: Conductivity [uS/cm]
# name 6 = flECO-AFL: Fluorescence, WET Labs ECO-AFL/FL [mg/m^3]
# name 7 = ph: pH
# name 8 = orp: Oxidation Reduction Potential [mV]
# name 9 = par/sat/log: PAR/Logarithmic, Satlantic
# name 10 = turbWETntu0: Turbidity, WET Labs ECO [NTU]
# name 11 = prdM: Pressure, Strain Gauge [db]
# name 12 = prdE: Pressure, Strain Gauge [psi]
# name 13 = tv290C: Temperature [ITS-90, deg C]
# name 14 = density00: Density [density, kg/m^3]
# name 15 = flag:  0.000e+00
# span 0 =     -0.684,      9.597       
# span 1 =     -0.324,      7.845       
# span 2 =    -0.2516,     9.5636       
# span 3 =     -3.576,    171.994       
# span 4 =      1.416,    455.404       
# span 5 =   1.442740, 329.927093       
# span 6 =    -0.9530,     9.7586       
# span 7 =      6.659,      7.057       
# span 8 =  -144.0490,   165.8843       
# span 9 = 1.2344e-01, 4.2812e+02       
# span 10 =    -0.3525,   141.5509      
# span 11 =     -0.671,      9.411      
# span 12 =     -0.973,     13.650      
# span 13 =    11.0250,    27.6667      
# span 14 =   996.3479,   999.8137      
# span 15 = 0.0000e+00, 0.0000e+00      
# interval = seconds: 0.25
# start_time = Jul 30 2020 01:06:20 [Instrument's time stamp, header]
# bad_flag = -9.990e-29
*END*
[from data line 1537]
      8.703 6.5295e-20     0.1188      1.479     46.589  33.607100     1.6916      6.786   104.9094 1.2364e-01     7.7391      8.535     12.379    11.0665   999.6596 0.0000e+00
      8.703 5.9355e-21     0.1183      1.510     46.602  33.614541     1.5163      6.786   105.1450 1.2360e-01     7.6684      8.535     12.379    11.0666   999.6596 0.0000e+00
      8.703 5.3960e-22     0.1173      1.554     46.613  33.620301     1.4112      6.786   105.5436 1.2357e-01     7.6826      8.535     12.379    11.0664   999.6596 0.0000e+00
      8.703 4.9056e-23     0.1149      1.578     46.605  33.613289     1.3927      6.786   105.6844 1.2362e-01     7.7730      8.536     12.380    11.0662   999.6597 0.0000e+00
      8.703 4.4596e-24     0.1118      1.585     46.578  33.593204     1.3891      6.785   105.6432 1.2366e-01     8.0400      8.535     12.379    11.0652   999.6598 0.0000e+00
      8.703 4.0542e-25     0.1162      1.577     46.543  33.567824     1.3953      6.785   105.6481 1.2362e-01     8.4390      8.535     12.380    11.0632   999.6601 0.0000e+00
      8.703 3.6856e-26     0.1208      1.563     46.533  33.560221     1.4013      6.786   105.9149 1.2357e-01     8.6146      8.535     12.379    11.0608   999.6603 0.0000e+00
      8.704 3.3505e-27     0.1217      1.555     46.538  33.564736     1.4052      6.786   106.4599 1.2359e-01     8.5846      8.535     12.380    11.0588   999.6604 0.0000e+00
      8.704 3.0460e-28     0.1227      1.550     46.528  33.558958     1.4033      6.786   106.7319 1.2364e-01     8.5911      8.535     12.380    11.0579   999.6605 0.0000e+00
      8.703 2.7690e-29     0.1216      1.530     46.519  33.553814     1.4076      6.786   106.7086 1.2365e-01     8.5551      8.535     12.379    11.0577   999.6605 0.0000e+00
      8.703 2.5173e-30     0.1202      1.513     46.534  33.565992     1.4181      6.786   106.6944 1.2367e-01     8.3909      8.535     12.379    11.0581   999.6605 0.0000e+00
      8.703 2.2885e-31     0.1193      1.520     46.550  33.579307     1.4064      6.786   106.6457 1.2371e-01     8.2538      8.536     12.380    11.0593   999.6604 0.0000e+00
      8.703 2.0804e-32     0.1203      1.541     46.560  33.587893     1.3810      6.785   106.8079 1.2368e-01     8.2014      8.535     12.379    11.0610   999.6602 0.0000e+00
      8.704 1.8913e-33     0.1177      1.563     46.583  33.606351     1.3497      6.785   107.3647 1.2358e-01     8.1005      8.535     12.380    11.0626   999.6600 0.0000e+00
      8.704 1.7194e-34     0.1156      1.589     46.589  33.612129     1.3043      6.785   107.7002 1.2355e-01     7.9261      8.535     12.380    11.0640   999.6599 0.0000e+00
      8.704 1.5630e-35     0.1168      1.612     46.561  33.594295     1.2712      6.785   107.6804 1.2359e-01     7.8101      8.536     12.380    11.0652   999.6598 0.0000e+00
      8.704 1.4210e-36     0.1188      1.615     46.541  33.581084     1.2641      6.785   107.6422 1.2360e-01     7.7622      8.536     12.381    11.0666   999.6596 0.0000e+00
      8.704 1.2918e-37     0.1203      1.603     46.538  33.579307     1.3142      6.785   107.4953 1.2361e-01     7.7244      8.536     12.381    11.0685   999.6595 0.0000e+00
      8.704 1.1744e-38     0.1221      1.571     46.528  33.572810     1.4097      6.785   107.5399 1.2364e-01     7.7307      8.536     12.380    11.0708   999.6593 0.0000e+00
      8.704 1.0676e-39     0.1252      1.534     46.518  33.565983     1.4549      6.785   108.0089 1.2363e-01     7.7698      8.536     12.380    11.0727   999.6590 0.0000e+00
      8.704 9.7055e-41     0.1245      1.519     46.509  33.560214     1.4506      6.786   108.4349 1.2363e-01     7.7855      8.536     12.380    11.0739   999.6589 0.0000e+00
      8.704 8.8230e-42     0.1242      1.510     46.517  33.566511     1.4821      6.786   108.5601 1.2370e-01     7.7831      8.535     12.380    11.0747   999.6588 0.0000e+00
      8.704 8.0210e-43     0.1216      1.508     46.533  33.578661     1.5584      6.786   108.5758 1.2373e-01     7.7749      8.536     12.380    11.0755   999.6587 0.0000e+00
      8.704 7.2920e-44     0.1166      1.513     46.533  33.580227     1.6013      6.786   108.7104 1.2370e-01     7.7546      8.536     12.380    11.0761   999.6587 0.0000e+00
      8.704 6.6290e-45     0.1174      1.526     46.538  33.585451     1.5911      6.785   108.6390 1.2368e-01     7.7781      8.536     12.381    11.0766   999.6586 0.0000e+00
      8.704 6.0265e-46     0.1160      1.556     46.525  33.578368     1.5020      6.784   108.3152 1.2359e-01     7.7850      8.535     12.380    11.0770   999.6586 0.0000e+00
      8.704 5.4786e-47     0.1156      1.574     46.494  33.558038     1.3535      6.784   108.4088 1.2353e-01     7.7345      8.536     12.379    11.0778   999.6585 0.0000e+00
      8.704 4.9879e-48     0.1170      1.575     46.454  33.530002     1.2832      6.784   108.8240 1.2358e-01     7.7164      8.536     12.380    11.0793   999.6583 0.0000e+00
      8.704 5.3507e-49     0.1163      1.578     46.402  33.493194     1.2813      6.784   109.1197 1.2368e-01     7.7036      8.536     12.380    11.0812   999.6581 0.0000e+00
      8.704 9.4662e-49     0.1206      1.575     46.402  33.493714     1.2728      6.784   109.2303 1.2371e-01     7.6833      8.536     12.380    11.0835   999.6579 0.0000e+00
      8.704 9.9638e-48     0.1221      1.562     46.461  33.536289     1.2855      6.783   108.8717 1.2363e-01     7.6768      8.536     12.380    11.0854   999.6577 0.0000e+00
      8.704 1.0956e-46     0.1204      1.542     46.499  33.563795     1.3397      6.783   108.3115 1.2352e-01     7.6933      8.536     12.381    11.0868   999.6575 0.0000e+00
      8.704 1.2052e-45     0.1223      1.534     46.510  33.572485     1.3938      6.784   108.3073 1.2352e-01     7.7456      8.536     12.380    11.0876   999.6574 0.0000e+00
      8.704 1.3257e-44     0.1213      1.552     46.515  33.577905     1.4152      6.784   108.5627 1.2363e-01     7.7606      8.536     12.380    11.0878   999.6574 0.0000e+00
      8.704 1.4583e-43     0.1204      1.562     46.493  33.565873     1.4551      6.784   108.9906 1.2369e-01     7.6682      8.536     12.381    11.0879   999.6574 0.0000e+00
      8.704 1.6041e-42     0.1189      1.558     46.470  33.553913     1.5431      6.785   109.6088 1.2361e-01     7.5550      8.536     12.380    11.0878   999.6575 0.0000e+00
      8.705 1.7645e-41     0.1162      1.565     46.473  33.560211     1.6019      6.785   109.3260 1.2356e-01     7.5253      8.536     12.381    11.0885   999.6574 0.0000e+00
      8.705 1.9409e-40     0.1205      1.575     46.494  33.578573     1.6034      6.785   108.3246 1.2361e-01     7.5147      8.537     12.381    11.0908   999.6572 0.0000e+00
      8.705 2.1350e-39     0.1209      1.578     46.504  33.585581     1.5414      6.785   107.9990 1.2361e-01     7.5299      8.536     12.381    11.0949   999.6567 0.0000e+00
      8.705 2.3485e-38     0.1189      1.577     46.501  33.581485     1.4344      6.784   108.2288 1.2353e-01     7.6409      8.537     12.381    11.1005   999.6561 0.0000e+00
      8.705 2.5834e-37     0.1209      1.572     46.521  33.592502     1.3875      6.784   108.5214 1.2349e-01     7.7574      8.536     12.381    11.1056   999.6556 0.0000e+00
      8.705 2.8417e-36     0.1211      1.548     46.526  33.591880     1.3937      6.784   108.9547 1.2349e-01     7.8062      8.537     12.381    11.1084   999.6553 0.0000e+00
      8.705 3.1259e-35     0.1220      1.528     46.508  33.573951     1.3475      6.784   108.9082 1.2349e-01     7.7501      8.537     12.381    11.1083   999.6553 0.0000e+00
      8.705 3.4385e-34     0.1209      1.536     46.503  33.566085     1.2475      6.784   108.3024 1.2349e-01     7.5942      8.536     12.381    11.1058   999.6557 0.0000e+00
      8.705 3.7823e-33     0.1222      1.549     46.501  33.560211     1.1869      6.783   107.9969 1.2353e-01     7.5001      8.537     12.382    11.1021   999.6560 0.0000e+00
      8.705 4.1606e-32     0.1193      1.561     46.516  33.566386     1.1960      6.783   108.0549 1.2358e-01     7.5049      8.537     12.381    11.0975   999.6565 0.0000e+00
      8.705 4.5766e-31     0.1158      1.551     46.536  33.577289     1.2622      6.783   108.2290 1.2358e-01     7.5489      8.537     12.382    11.0925   999.6570 0.0000e+00
      8.705 5.0343e-30     0.1191      1.521     46.523  33.565128     1.3488      6.784   108.4676 1.2353e-01     7.6205      8.536     12.381    11.0875   999.6575 0.0000e+00
      8.705 5.5377e-29     0.1186      1.519     46.501  33.546246     1.3843      6.785   108.6165 1.2346e-01     7.6501      8.537     12.382    11.0827   999.6580 0.0000e+00
      8.705 6.0915e-28     0.1209      1.545     46.495  33.539341     1.3764      6.785   108.6527 1.2346e-01     7.6659      8.536     12.382    11.0784   999.6584 0.0000e+00
      8.705 6.7006e-27     0.1208      1.550     46.505  33.545095     1.3681      6.784   108.5610 1.2355e-01     7.7085      8.536     12.381    11.0743   999.6589 0.0000e+00
      8.705 7.3707e-26     0.1159      1.550     46.518  33.552370     1.3415      6.783   108.4537 1.2361e-01     7.7885      8.537     12.382    11.0706   999.6592 0.0000e+00
      8.706 8.1078e-25     0.1153      1.570     46.536  33.563849     1.2930      6.784   108.4748 1.2360e-01     7.9115      8.537     12.383    11.0678   999.6596 0.0000e+00
      8.706 8.9186e-24     0.1209      1.580     46.528  33.556975     1.2688      6.784   108.6440 1.2354e-01     7.9939      8.537     12.382    11.0653   999.6598 0.0000e+00
      8.705 9.8104e-23     0.1195      1.589     46.495  33.532700     1.2683      6.784   109.2085 1.2352e-01     8.0301      8.537     12.382    11.0631   999.6600 0.0000e+00
      8.705 1.0791e-21     0.1178      1.597     46.485  33.524154     1.2772      6.783   109.8798 1.2360e-01     7.9715      8.537     12.382    11.0614   999.6602 0.0000e+00
      8.705 1.1871e-20     0.1224      1.578     46.476  33.517098     1.2993      6.783   109.9629 1.2365e-01     7.8009      8.537     12.382    11.0600   999.6603 0.0000e+00
      8.705 1.3058e-19     0.1215      1.549     46.469  33.510839     1.3167      6.784   109.6110 1.2362e-01     7.6830      8.537     12.382    11.0588   999.6605 0.0000e+00
      8.706 1.4363e-18     0.1220      1.546     46.472  33.511934     1.3354      6.784   109.1534 1.2352e-01     7.7138      8.538     12.383    11.0577   999.6605 0.0000e+00
      8.706 1.5800e-17     0.1242      1.550     46.498  33.530330     1.4106      6.784   108.8182 1.2352e-01     7.7613      8.537     12.382    11.0566   999.6606 0.0000e+00
      8.706 1.7380e-16     0.1223      1.555     46.517  33.542914     1.5304      6.784   109.4294 1.2361e-01     7.7074      8.537     12.382    11.0556   999.6607 0.0000e+00
      8.706 1.9118e-15     0.1176      1.571     46.510  33.537169     1.5919      6.784   110.6925 1.2362e-01     7.6464      8.537     12.382    11.0548   999.6608 0.0000e+00
      8.706 2.1030e-14     0.1195      1.575     46.494  33.524325     1.5999      6.783   111.0123 1.2360e-01     7.6414      8.537     12.381    11.0538   999.6609 0.0000e+00
      8.706 2.3132e-13     0.1196      1.569     46.481  33.514524     1.6664      6.782   110.7156 1.2361e-01     7.7497      8.537     12.382    11.0528   999.6610 0.0000e+00
      8.706 2.5446e-12     0.1186      1.556     46.525  33.545559     1.7949      6.783   110.4605 1.2360e-01     7.9259      8.538     12.383    11.0519   999.6611 0.0000e+00
      8.705 2.7990e-11     0.1223      1.527     46.576  33.582305     1.8746      6.783   110.6811 1.2353e-01     8.0216      8.537     12.382    11.0509   999.6612 0.0000e+00
      8.705 3.0789e-10     0.1214      1.496     46.571  33.578100     1.8680      6.783   111.7485 1.2352e-01     8.0134      8.537     12.382    11.0502   999.6613 0.0000e+00
      8.706 3.3868e-09     0.1208      1.485     46.544  33.558172     1.7345      6.782   112.3526 1.2355e-01     7.9647      8.538     12.383    11.0492   999.6614 0.0000e+00
      8.706 3.7255e-08     0.1208      1.498     46.506  33.531720     1.5190      6.782   112.3070 1.2357e-01     7.9827      8.538     12.383    11.0485   999.6615 0.0000e+00
      8.706 4.0981e-07     0.1175      1.520     46.478  33.512076     1.4078      6.783   112.0572 1.2360e-01     8.0238      8.538     12.383    11.0482   999.6615 0.0000e+00
      8.706      0.000     0.1148      1.533     46.477  33.511014     1.3911      6.783   111.5700 1.2362e-01     8.0158      8.538     12.383    11.0477   999.6616 0.0000e+00
      8.706      0.000     0.1134      1.526     46.487  33.518883     1.3839      6.783   111.6641 1.2365e-01     7.9890      8.538     12.383    11.0476   999.6616 0.0000e+00
      8.706      0.001     0.1154      1.509     46.521  33.543775     1.4069      6.783   112.4207 1.2365e-01     7.9396      8.538     12.383    11.0481   999.6615 0.0000e+00
      8.706      0.001     0.1173      1.517     46.541  33.558171     1.4501      6.782   112.8886 1.2359e-01     7.8650      8.538     12.384    11.0488   999.6614 0.0000e+00
      8.707      0.001     0.1187      1.536     46.552  33.566033     1.4667      6.782   113.0183 1.2354e-01     7.7739      8.539     12.385    11.0494   999.6614 0.0000e+00
      8.707      0.001     0.1185      1.547     46.565  33.575387     1.4557      6.783   113.1288 1.2357e-01     7.6968      8.539     12.384    11.0497   999.6613 0.0000e+00
      8.707      0.001     0.1147      1.556     46.523  33.544362     1.3931      6.783   113.1064 1.2364e-01     7.6870      8.539     12.385    11.0497   999.6614 0.0000e+00
      8.707      0.000     0.1169      1.572     46.473  33.508175     1.2822      6.783   112.8339 1.2367e-01     7.7246      8.538     12.384    11.0495   999.6614 0.0000e+00
      8.707 1.8628e-08     0.1189      1.600     46.488  33.518566     1.2208      6.782   112.5013 1.2366e-01     7.7400      8.539     12.385    11.0494   999.6614 0.0000e+00
      8.707 2.0490e-07     0.1191      1.628     46.523  33.543094     1.2134      6.782   112.5260 1.2366e-01     7.7356      8.539     12.385    11.0494   999.6614 0.0000e+00
      8.707 2.0490e-07     0.1198      1.615     46.535  33.550933     1.2977      6.782   112.7028 1.2358e-01     7.7059      8.539     12.385    11.0493   999.6614 0.0000e+00
      8.708 1.8627e-08     0.1209      1.574     46.535  33.549893     1.4871      6.782   112.9182 1.2351e-01     7.6207      8.539     12.385    11.0490   999.6614 0.0000e+00
      8.708 1.6934e-09     0.1226      1.549     46.510  33.530508     1.6048      6.781   113.2375 1.2357e-01     7.5302      8.539     12.385    11.0484   999.6615 0.0000e+00
      8.707 1.5395e-10     0.1272      1.546     46.480  33.506916     1.6148      6.781   112.7774 1.2363e-01     7.5040      8.539     12.384    11.0475   999.6616 0.0000e+00
      8.707 1.3995e-11     0.1256      1.552     46.498  33.518452     1.5693      6.782   111.6576 1.2358e-01     7.5790      8.538     12.384    11.0465   999.6617 0.0000e+00
      8.707 1.2723e-12     0.1200      1.557     46.534  33.543085     1.4937      6.783   111.2266 1.2353e-01     7.6809      8.539     12.384    11.0453   999.6618 0.0000e+00
      8.707 1.1566e-13     0.1190      1.567     46.547  33.550932     1.4646      6.784   111.6962 1.2355e-01     7.7063      8.539     12.384    11.0438   999.6620 0.0000e+00
      8.707 1.0515e-14     0.1186      1.583     46.547  33.549877     1.4654      6.784   112.5175 1.2355e-01     7.6803      8.538     12.384    11.0423   999.6621 0.0000e+00
      8.707 9.5590e-16     0.1199      1.586     46.521  33.530337     1.3976      6.784   112.9830 1.2355e-01     7.6747      8.539     12.384    11.0406   999.6623 0.0000e+00
      8.707 8.6900e-17     0.1198      1.568     46.488  33.505028     1.2748      6.783   112.2494 1.2360e-01     7.7071      8.539     12.385    11.0389   999.6625 0.0000e+00
