Data/DataNotYetUploadedToEDI/Raw_CTD/RawDownloads/073018_fcr10.cnv
* Sea-Bird SBE19plus  Data File:
* FileName = C:\DATA\073018_fcr50_0003.hex
* Software version 2.6.3.104 SB_Terminal.dll
* Temperature SN = 7809
* Conductivity SN = 7809
* System UpLoad Time = Jul 30 2018 16:26:15
* <ApplicationData>
* <Seaterm232>
# nquan = 15
# nvalues = 247                         
# units = specified
# name 0 = depFM: Depth [fresh water, m]
# name 1 = dz/dtM: Descent Rate [m/s]
# name 2 = sbeox0Mg/L: Oxygen, SBE 43 [mg/l]
# name 3 = sbeox0PS: Oxygen, SBE 43 [% saturation]
# name 4 = specc: Specific Conductance [uS/cm]
# name 5 = c0uS/cm: Conductivity [uS/cm]
# name 6 = flECO-AFL: Fluorescence, WET Labs ECO-AFL/FL [mg/m^3]
# name 7 = ph: pH
# name 8 = orp: Oxidation Reduction Potential [mV]
# name 9 = par/sat/log: PAR/Logarithmic, Satlantic
# name 10 = turbWETntu0: Turbidity, WET Labs ECO [NTU]
# name 11 = prdM: Pressure, Strain Gauge [db]
# name 12 = prdE: Pressure, Strain Gauge [psi]
# name 13 = tv290C: Temperature [ITS-90, deg C]
# name 14 = flag:  0.000e+00
# span 0 =     -0.558,      2.562       
# span 1 =     -0.009,      0.195       
# span 2 =    -0.1276,    10.0459       
# span 3 =     -1.459,    121.976       
# span 4 =      1.920,    157.436       
# span 5 =   1.767810, 143.531693       
# span 6 =    -0.1944,     9.5202       
# span 7 =      6.084,      8.783       
# span 8 =  -447.8558,   235.2539       
# span 9 = 1.5881e+00, 1.2901e+02       
# span 10 =    -0.1964,    34.2777      
# span 11 =     -0.549,      2.515      
# span 12 =     -0.796,      3.648      
# span 13 =    20.5001,    25.2113      
# span 14 = 0.0000e+00, 0.0000e+00      
# interval = seconds: 0.25
# start_time = Jul 30 2018 13:18:21 [Instrument's time stamp, header]
# bad_flag = -9.990e-29
*END*
[from data line 97]
      0.001     -0.005     6.4530     77.966     36.591  36.525575     7.5308      8.773   186.8382 1.1840e+02     4.2390      0.002      0.002    24.9255 0.0000e+00
     -0.001     -0.008     6.4187     77.541     36.566  36.495005     7.5233      8.773   187.1191 1.1823e+02     4.2148     -0.001     -0.001    24.9205 0.0000e+00
     -0.004     -0.009     6.3855     77.127     36.571  36.493224     7.5721      8.773   187.5109 1.1788e+02     4.1398     -0.003     -0.005    24.9157 0.0000e+00
     -0.008     -0.008     6.3561     76.759     36.589  36.504036     7.6700      8.772   187.8749 1.1753e+02     4.0340     -0.008     -0.012    24.9104 0.0000e+00
     -0.012     -0.006     6.3307     76.439     36.590  36.498667     7.7241      8.770   188.1646 1.1751e+02     4.0045     -0.014     -0.020    24.9047 0.0000e+00
     -0.014     -0.003     6.3084     76.156     36.590  36.491823     7.7206      8.770   188.5186 1.1779e+02     4.0266     -0.015     -0.021    24.8973 0.0000e+00
     -0.013      0.001     6.2892     75.911     36.590  36.484797     7.6825      8.771   188.8861 1.1803e+02     4.0569     -0.013     -0.019    24.8884 0.0000e+00
     -0.012      0.003     6.2710     75.679     36.589  36.477234     7.6308      8.771   189.1658 1.1813e+02     4.1581     -0.011     -0.017    24.8790 0.0000e+00
     -0.010      0.004     6.2535     75.455     36.582  36.463886     7.6100      8.770   189.4054 1.1823e+02     4.2433     -0.009     -0.014    24.8696 0.0000e+00
     -0.007      0.003     6.2373     75.249     36.574  36.450450     7.6160      8.768   189.5462 1.1825e+02     4.2324     -0.006     -0.009    24.8600 0.0000e+00
     -0.006      0.002     6.2214     75.047     36.571  36.441828     7.6201      8.766   189.5774 1.1815e+02     4.2094     -0.004     -0.006    24.8503 0.0000e+00
     -0.006      0.002     6.2049     74.838     36.557  36.423155     7.6496      8.765   189.6106 1.1807e+02     4.2082     -0.006     -0.009    24.8411 0.0000e+00
     -0.008      0.002     6.1890     74.636     36.555  36.415242     7.7249      8.765   189.7766 1.1808e+02     4.2184     -0.008     -0.012    24.8326 0.0000e+00
     -0.008      0.003     6.1746     74.451     36.556  36.409667     7.7765      8.767   189.9488 1.1815e+02     4.2106     -0.008     -0.012    24.8248 0.0000e+00
     -0.007      0.006     6.1612     74.278     36.571  36.419252     7.7777      8.769   189.8861 1.1823e+02     4.1750     -0.007     -0.011    24.8174 0.0000e+00
     -0.004      0.011     6.1496     74.125     36.690  36.531132     7.7480      8.769   189.5344 1.1839e+02     4.1547     -0.003     -0.006    24.8101 0.0000e+00
     -0.001      0.019     6.1437     74.045     36.912  36.746001     7.6936      8.766   188.7074 1.1858e+02     4.1482      0.000     -0.000    24.8023 0.0000e+00
      0.001      0.032     6.1521     74.146     37.088  36.920886     7.6616      8.761   188.2333 1.1817e+02     4.1568      0.001      0.001    24.7942 0.0000e+00
      0.006      0.048     6.1841     74.551     37.150  36.993984     7.6562      8.758   193.5241 1.1625e+02     4.1983      0.004      0.004    24.7861 0.0000e+00
      0.018      0.066     6.2455     75.330     37.193  37.058109     7.6189      8.758   198.8176 1.0412e+02     4.3444      0.015      0.021    24.7777 0.0000e+00
      0.039      0.083     6.3305     76.402     37.235  37.124499     7.5600      8.759   193.7302 8.1843e+01     4.5508      0.035      0.051    24.7662 0.0000e+00
      0.068      0.098     6.4225     77.554     37.251  37.161487     7.5320      8.761   187.8526 6.6535e+01     4.6177      0.066      0.095    24.7634 0.0000e+00
      0.099      0.109     6.5065     78.604     37.259  37.187719     7.5385      8.761   186.9462 6.0016e+01     4.6038      0.099      0.143    24.7774 0.0000e+00
      0.130      0.115     6.5731     79.441     37.242  37.187594     7.5468      8.757   186.6430 5.5100e+01     4.5662      0.129      0.187    24.8102 0.0000e+00
      0.160      0.117     6.6166     79.985     37.205  37.160006     7.5396      8.753   186.6823 5.1170e+01     4.4677      0.156      0.227    24.8489 0.0000e+00
      0.188      0.114     6.6361     80.218     37.155  37.108268     7.5338      8.748   186.9909 4.7815e+01     4.4202      0.183      0.266    24.8746 0.0000e+00
      0.218      0.109     6.6326     80.166     37.058  37.006712     7.5328      8.739   187.2759 4.4928e+01     4.4193      0.214      0.310    24.8979 0.0000e+00
      0.248      0.101     6.6096     79.885     36.938  36.884977     7.5174      8.737   187.4613 4.2535e+01     4.3657      0.245      0.354    24.9250 0.0000e+00
      0.276      0.087     6.5740     79.459     36.830  36.779854     7.4862      8.747   187.5986 4.0528e+01     4.2608      0.271      0.392    24.9398 0.0000e+00
      0.300      0.069     6.5327     78.941     36.749  36.688569     7.4679      8.757   187.7314 3.9030e+01     4.1886      0.297      0.431    24.9318 0.0000e+00
      0.318      0.049     6.4906     78.354     36.771  36.670589     7.4790      8.763   187.9476 3.8543e+01     4.1945      0.316      0.459    24.9242 0.0000e+00
      0.326      0.033     6.4476     77.726     36.910  36.752965     7.4918      8.769   188.2339 3.8660e+01     4.2096      0.322      0.467    24.9180 0.0000e+00
      0.326      0.026     6.4085     77.171     37.059  36.858659     7.5308      8.775   188.6989 3.8945e+01     4.1878      0.320      0.464    24.9288 0.0000e+00
      0.322      0.028     6.3913     76.932     37.149  36.932064     7.6111      8.780   189.4395 3.9414e+01     4.1754      0.316      0.458    24.9330 0.0000e+00
      0.321      0.039     6.4088     77.146     37.157  36.941692     7.6538      8.781   190.2193 3.9124e+01     4.1816      0.311      0.450    24.8670 0.0000e+00
      0.330      0.056     6.4583     77.759     37.117  36.911543     7.6610      8.782   190.9005 3.7578e+01     4.2012      0.317      0.460    24.7717 0.0000e+00
      0.352      0.075     6.5290     78.639     37.075  36.885188     7.7258      8.783   191.4809 3.5454e+01     4.2600      0.343      0.496    24.7081 0.0000e+00
      0.381      0.092     6.6040     79.588     37.045  36.877155     7.8494      8.781   192.0749 3.3284e+01     4.3440      0.375      0.544    24.6931 0.0000e+00
      0.411      0.103     6.6693     80.429     37.019  36.877978     7.9244      8.777   192.9192 3.1385e+01     4.3925      0.404      0.587    24.7038 0.0000e+00
      0.439      0.107     6.7175     81.068     36.945  36.831649     7.9246      8.770   193.6013 2.9706e+01     4.3888      0.430      0.624    24.7123 0.0000e+00
      0.465      0.102     6.7477     81.469     36.856  36.761705     7.9160      8.760   193.6970 2.8107e+01     4.3908      0.456      0.662    24.7331 0.0000e+00
      0.493      0.092     6.7592     81.617     36.821  36.731109     7.9215      8.756   193.7326 2.6589e+01     4.4163      0.483      0.701    24.7650 0.0000e+00
      0.521      0.081     6.7536     81.523     36.819  36.715824     7.9261      8.761   194.2032 2.5314e+01     4.4232      0.514      0.745    24.8001 0.0000e+00
      0.543      0.072     6.7370     81.266     36.835  36.703922     7.9263      8.766   194.9128 2.4502e+01     4.4124      0.537      0.779    24.8478 0.0000e+00
      0.555      0.066     6.7176     80.986     36.868  36.714203     7.8779      8.769   195.4302 2.4047e+01     4.4076      0.545      0.792    24.8732 0.0000e+00
      0.562      0.061     6.7046     80.815     36.874  36.713057     7.7820      8.772   195.7265 2.3587e+01     4.3961      0.548      0.795    24.8788 0.0000e+00
      0.574      0.059     6.7007     80.767     36.852  36.690057     7.7320      8.774   196.0003 2.2827e+01     4.3960      0.559      0.812    24.8655 0.0000e+00
      0.592      0.059     6.7010     80.768     36.852  36.690203     7.7323      8.776   196.3317 2.1877e+01     4.4060      0.581      0.843    24.8110 0.0000e+00
      0.612      0.063     6.7031     80.795     36.877  36.714819     7.7770      8.776   196.8085 2.1024e+01     4.3955      0.601      0.872    24.7760 0.0000e+00
      0.629      0.068     6.7094     80.885     36.888  36.733590     7.8593      8.771   197.4630 2.0265e+01     4.3900      0.617      0.894    24.7758 0.0000e+00
      0.644      0.072     6.7226     81.082     36.862  36.726595     7.9096      8.762   198.1366 1.9519e+01     4.4005      0.631      0.915    24.7757 0.0000e+00
      0.659      0.074     6.7468     81.422     36.806  36.693790     7.9249      8.753   198.4995 1.8861e+01     4.4005      0.645      0.936    24.7744 0.0000e+00
      0.677      0.075     6.7817     81.868     36.755  36.654618     7.9251      8.748   198.4954 1.8228e+01     4.3901      0.662      0.959    24.7726 0.0000e+00
      0.700      0.075     6.8189     82.322     36.731  36.634134     7.8566      8.746   198.4312 1.7549e+01     4.3972      0.685      0.994    24.7774 0.0000e+00
      0.725      0.075     6.8494     82.702     36.728  36.636697     7.7396      8.744   198.4980 1.6952e+01     4.3947      0.713      1.034    24.8060 0.0000e+00
      0.745      0.074     6.8686     82.958     36.702  36.622083     7.6776      8.740   198.7001 1.6471e+01     4.3910      0.734      1.063    24.8489 0.0000e+00
      0.759      0.073     6.8742     83.056     36.650  36.584510     7.6775      8.739   199.0678 1.6011e+01     4.4440      0.744      1.081    24.8650 0.0000e+00
      0.773      0.072     6.8646     82.968     36.616  36.563565     7.8030      8.738   199.6752 1.5552e+01     4.4854      0.757      1.099    24.8579 0.0000e+00
      0.791      0.072     6.8419     82.711     36.604  36.559440     8.0369      8.734   200.3650 1.5092e+01     4.4644      0.775      1.123    24.8662 0.0000e+00
      0.812      0.072     6.8106     82.338     36.575  36.534640     8.1612      8.731   200.6968 1.4605e+01     4.4341      0.796      1.155    24.8837 0.0000e+00
      0.833      0.072     6.7737     81.891     36.559  36.517814     8.1664      8.732   200.7617 1.4120e+01     4.4244      0.817      1.186    24.9054 0.0000e+00
      0.853      0.070     6.7314     81.374     36.591  36.546573     8.1275      8.737   200.9781 1.3698e+01     4.3778      0.838      1.214    24.9262 0.0000e+00
      0.873      0.067     6.6846     80.801     36.613  36.564733     8.0503      8.740   201.3342 1.3397e+01     4.2668      0.858      1.246    24.9354 0.0000e+00
      0.888      0.065     6.6387     80.237     36.599  36.546812     7.9954      8.739   201.7121 1.3177e+01     4.1809      0.872      1.265    24.9413 0.0000e+00
      0.899      0.065     6.6002     79.767     36.574  36.520457     7.9864      8.734   202.0193 1.2942e+01     4.1641      0.880      1.276    24.9385 0.0000e+00
      0.913      0.064     6.5714     79.422     36.553  36.500168     8.0521      8.725   202.2950 1.2677e+01     4.1856      0.894      1.297    24.9338 0.0000e+00
      0.931      0.064     6.5514     79.182     36.544  36.492069     8.1741      8.720   202.5510 1.2402e+01     4.1957      0.912      1.322    24.9299 0.0000e+00
      0.952      0.065     6.5379     79.018     36.539  36.486066     8.2395      8.722   202.7050 1.2142e+01     4.1650      0.933      1.354    24.9210 0.0000e+00
      0.971      0.066     6.5271     78.886     36.545  36.491110     8.2361      8.723   202.9520 1.1963e+01     4.1503      0.955      1.386    24.9187 0.0000e+00
      0.985      0.066     6.5207     78.808     36.543  36.489518     8.1891      8.721   203.3867 1.1831e+01     4.1706      0.968      1.404    24.9218 0.0000e+00
      0.997      0.066     6.5204     78.810     36.517  36.466823     8.1028      8.714   203.7446 1.1645e+01     4.1663      0.975      1.415    24.9225 0.0000e+00
      1.013      0.066     6.5232     78.852     36.517  36.470806     8.0476      8.705   203.9246 1.1453e+01     4.1593      0.992      1.439    24.9230 0.0000e+00
      1.032      0.066     6.5271     78.901     36.520  36.474165     8.0538      8.695   204.1006 1.1251e+01     4.1773      1.012      1.468    24.9205 0.0000e+00
      1.052      0.066     6.5305     78.939     36.491  36.443908     8.1967      8.682   204.3240 1.1016e+01     4.2310      1.033      1.498    24.9173 0.0000e+00
      1.070      0.065     6.5312     78.945     36.471  36.422587     8.4514      8.670   204.6460 1.0837e+01     4.3206      1.051      1.524    24.9236 0.0000e+00
      1.086      0.063     6.5275     78.898     36.457  36.406947     8.5876      8.660   205.0691 1.0716e+01     4.3755      1.065      1.544    24.9334 0.0000e+00
      1.101      0.059     6.5194     78.800     36.432  36.381851     8.6034      8.653   205.3091 1.0602e+01     4.3762      1.080      1.566    24.9317 0.0000e+00
      1.115      0.056     6.5087     78.671     36.422  36.373255     8.6051      8.648   205.3976 1.0485e+01     4.3592      1.093      1.586    24.9298 0.0000e+00
      1.128      0.055     6.4962     78.520     36.416  36.366533     8.5717      8.645   205.6228 1.0330e+01     4.3838      1.105      1.603    24.9289 0.0000e+00
      1.142      0.056     6.4841     78.378     36.284  36.237050     8.5126      8.640   205.8808 1.0158e+01     4.4295      1.120      1.624    24.9235 0.0000e+00
      1.156      0.058     6.4854     78.424     35.983  35.951112     8.4784      8.630   206.1944 1.0014e+01     4.4230      1.133      1.645    24.9249 0.0000e+00
      1.169      0.061     6.5558     79.354     35.698  35.704307     8.4708      8.616   206.5749 9.8687e+00     4.3968      1.145      1.661    24.9283 0.0000e+00
      1.183      0.065     6.8034     82.468     35.543  35.603356     8.4845      8.602   206.7824 9.6864e+00     4.3880      1.159      1.681    24.9257 0.0000e+00
      1.201      0.069     7.2768     88.313     35.450  35.556384     8.5247      8.588   207.2404 9.4699e+00     4.3770      1.176      1.706    24.9242 0.0000e+00
      1.221      0.074     7.8874     95.792     35.383  35.517568     8.5531      8.578   208.2397 9.2624e+00     4.3555      1.199      1.739    24.9364 0.0000e+00
      1.241      0.078     8.5119    103.410     35.368  35.515200     8.5611      8.570   209.3154 9.1061e+00     4.3420      1.219      1.769    24.9924 0.0000e+00
      1.260      0.083     9.0731    110.240     35.375  35.527769     8.5286      8.563   210.2658 8.9213e+00     4.3968      1.234      1.791    25.0848 0.0000e+00
      1.281      0.088     9.5272    115.757     35.390  35.542512     8.4556      8.555   211.0412 8.6640e+00     4.5292      1.255      1.821    25.1556 0.0000e+00
      1.304      0.092     9.8493    119.657     35.418  35.566408     8.4217      8.547   211.3770 8.4147e+00     4.6306      1.278      1.854    25.1908 0.0000e+00
      1.328      0.096    10.0225    121.734     35.423  35.562605     8.4408      8.540   211.4001 8.1733e+00     4.6457      1.301      1.886    25.2062 0.0000e+00
      1.355      0.098    10.0459    121.976     35.497  35.623551     8.5760      8.535   211.4922 7.8944e+00     4.6205      1.327      1.925    25.2113 0.0000e+00
      1.383      0.099     9.9586    120.854     35.751  35.858636     8.8164      8.530   211.7162 7.6353e+00     4.6011      1.357      1.968    25.2107 0.0000e+00
      1.410      0.098     9.8176    119.039     35.981  36.054639     8.9489      8.523   212.2157 7.4418e+00     4.5945      1.384      2.007    25.2063 0.0000e+00
      1.433      0.095     9.6554    116.930     36.189  36.214729     8.9653      8.510   212.8004 7.2520e+00     4.6025      1.404      2.037    25.1939 0.0000e+00
      1.456      0.091     9.4721    114.558     36.614  36.587252     8.9585      8.494   213.1064 7.0325e+00     4.6361      1.428      2.071    25.1744 0.0000e+00
