Data/DataNotYetUploadedToEDI/Raw_CTD/RawDownloads/073018_fcr10.cnv
* Sea-Bird SBE19plus  Data File:
* FileName = C:\DATA\073018_fcr50_0003.hex
* Software version 2.6.3.104 SB_Terminal.dll
* Temperature SN = 7809
* Conductivity SN = 7809
* System UpLoad Time = Jul 30 2018 16:26:15
* <ApplicationData>
* <Seaterm232>
# nquan = 15
# nvalues = 247                         
# units = specified
# name 0 = depFM: Depth [fresh water, m]
# name 1 = dz/dtM: Descent Rate [m/s]
# name 2 = sbeox0Mg/L: Oxygen, SBE 43 [mg/l]
# name 3 = sbeox0PS: Oxygen, SBE 43 [% saturation]
# name 4 = specc: Specific Conductance [uS/cm]
# name 5 = c0uS/cm: Conductivity [uS/cm]
# name 6 = flECO-AFL: Fluorescence, WET Labs ECO-AFL/FL [mg/m^3]
# name 7 = ph: pH
# name 8 = orp: Oxidation Reduction Potential [mV]
# name 9 = par/sat/log: PAR/Logarithmic, Satlantic
# name 10 = turbWETntu0: Turbidity, WET Labs ECO [NTU]
# name 11 = prdM: Pressure, Strain Gauge [db]
# name 12 = prdE: Pressure, Strain Gauge [psi]
# name 13 = tv290C: Temperature [ITS-90, deg C]
# name 14 = flag:  0.000e+00
# span 0 =     -0.558,      2.562       
# span 1 =     -0.009,      0.195       
# span 2 =    -0.1276,    10.0459       
# span 3 =     -1.459,    121.976       
# span 4 =      1.920,    157.436       
# span 5 =   1.767810, 143.531693       
# span 6 =    -0.1944,     9.5202       
# span 7 =      6.084,      8.783       
# span 8 =  -447.8558,   235.2539       
# span 9 = 1.5881e+00, 1.2901e+02       
# span 10 =    -0.1964,    34.2777      
# span 11 =     -0.549,      2.515      
# span 12 =     -0.796,      3.648      
# span 13 =    20.5001,    25.2113      
# span 14 = 0.0000e+00, 0.0000e+00      
# interval = seconds: 0.25
# start_time = Jul 30 2018 13:18:21 [Instrument's time stamp, header]
# bad_flag = -9.990e-29
*END*
     -0.558 2.0951e-14     8.8083     98.875      1.947   1.792971    -0.1786      6.084  -444.7515 9.4571e+01    -0.0288     -0.547     -0.793    21.0329 0.0000e+00
     -0.558 2.3046e-13     8.8085     98.878      1.947   1.792888    -0.1837      6.084  -445.7744 9.4181e+01    -0.0295     -0.547     -0.793    21.0331 0.0000e+00
     -0.558 2.5350e-12     8.8096     98.890      1.946   1.791748    -0.1872      6.085  -447.8558 9.6132e+01     0.0012     -0.547     -0.793    21.0336 0.0000e+00
     -0.558 2.7885e-11     8.8114     98.911      1.932   1.779184    -0.1837      6.087  -444.8790 1.0004e+02     0.0065     -0.547     -0.793    21.0336 0.0000e+00
     -0.558 3.0674e-10     8.8116     98.914      1.920   1.767810    -0.1870      6.089  -440.4124 1.0380e+02     0.0040     -0.547     -0.793    21.0337 0.0000e+00
     -0.558 3.3741e-09     8.8107     98.905      1.934   1.781059    -0.1906      6.090  -442.3762 1.0843e+02     0.0014     -0.547     -0.793    21.0336 0.0000e+00
     -0.558 3.7115e-08     8.8098     98.896      1.968   1.812544    -0.1810      6.092  -447.0275 1.1463e+02     0.0064     -0.547     -0.794    21.0343 0.0000e+00
     -0.558 4.0827e-07     8.8095     98.893      1.989   1.831421    -0.1719      6.095  -443.9087 1.1988e+02    -0.0583     -0.547     -0.793    21.0338 0.0000e+00
     -0.558      0.000     8.8100     98.900      1.975   1.819049    -0.1727      6.101  -380.5760 1.2314e+02    -0.1710     -0.547     -0.794    21.0354 0.0000e+00
     -0.558      0.000     8.8098     98.899      2.012   1.853200    -0.1822      6.110  -274.8620 1.2440e+02    -0.1964     -0.547     -0.794    21.0341 0.0000e+00
     -0.558      0.001     8.8084     98.892      2.640   2.434582    -0.1944      6.121  -233.3915 1.2379e+02    -0.1821     -0.547     -0.793    21.0374 0.0000e+00
     -0.558      0.006     8.8001     98.891      9.362   8.658240    -0.1911      6.209  -133.5778 1.2061e+02    -0.1815     -0.547     -0.793    21.0324 0.0000e+00
     -0.558      0.026     8.7496     98.906     24.707  23.040950    -0.1794      6.569    68.6589 1.1357e+02    -0.1888     -0.548     -0.795    21.0408 0.0000e+00
     -0.558      0.063     8.6312     98.943     37.243  35.183011    -0.1625      7.187   161.0904 1.0515e+02    -0.1474     -0.546     -0.792    21.0280 0.0000e+00
     -0.556      0.111     8.4907     98.981     39.938  38.337199    -0.0611      7.742   163.4463 1.0051e+02     0.6540     -0.549     -0.796    21.0499 0.0000e+00
     -0.537      0.155     8.3794     99.016     38.683  37.681972     0.9736      8.075   175.6980 1.0142e+02     9.4396     -0.544     -0.789    21.0149 0.0000e+00
     -0.478      0.185     8.3038     99.095     37.747  37.172377     2.8722      8.241   181.2837 1.0495e+02    25.4801     -0.483     -0.698    21.1712 0.0000e+00
     -0.388      0.195     8.2592     99.242     37.230  36.940932     3.9180      8.313   172.3897 1.0848e+02    34.1650     -0.377     -0.545    22.0788 0.0000e+00
     -0.306      0.187     8.2390     99.418     36.907  36.789786     4.0875      8.363   153.2555 1.1149e+02    34.2777     -0.287     -0.416    23.1002 0.0000e+00
     -0.257      0.166     8.2345     99.595     36.703  36.679163     4.9040      8.416   139.7365 1.1377e+02    26.8727     -0.240     -0.349    23.7672 0.0000e+00
     -0.238      0.138     8.2425     99.812     36.596  36.619930     6.3828      8.467   135.0645 1.1561e+02    13.2062     -0.228     -0.331    24.2954 0.0000e+00
     -0.233      0.117     8.2671    100.163     36.600  36.645398     7.1801      8.509   134.3664 1.2013e+02     5.7587     -0.232     -0.337    24.6591 0.0000e+00
     -0.221      0.111     8.3053    100.647     36.679  36.733019     7.2472      8.530   135.7690 1.2671e+02     5.0946     -0.225     -0.326    24.8707 0.0000e+00
     -0.190      0.114     8.3476    101.142     36.743  36.790018     7.2678      8.531   137.2258 1.2901e+02     5.0235     -0.190     -0.275    24.9805 0.0000e+00
     -0.146      0.117     8.3971    101.641     36.819  36.826354     7.2825      8.534   138.3867 1.2547e+02     4.8382     -0.145     -0.210    25.0403 0.0000e+00
     -0.098      0.114     8.4562    102.199     36.909  36.854673     7.2781      8.549   139.5653 1.2045e+02     4.5326     -0.096     -0.139    25.0601 0.0000e+00
     -0.059      0.100     8.5365    103.059     36.912  36.814695     7.2700      8.572   140.7208 1.1982e+02     4.3795     -0.047     -0.067    25.0706 0.0000e+00
     -0.042      0.077     8.6427    104.339     36.759  36.660545     7.2760      8.593   141.8623 1.2233e+02     4.3915     -0.034     -0.050    25.0784 0.0000e+00
     -0.038      0.052     8.7299    105.463     36.523  36.451923     7.2953      8.610   143.0417 1.2169e+02     4.3726     -0.043     -0.062    25.0202 0.0000e+00
     -0.031      0.030     8.7580    105.895     36.361  36.325094     7.3194      8.622   144.3118 1.1922e+02     4.2732     -0.029     -0.042    24.9071 0.0000e+00
     -0.024      0.016     8.7286    105.633     36.271  36.270556     7.3374      8.631   145.9479 1.1817e+02     4.1970     -0.021     -0.030    24.8377 0.0000e+00
     -0.024      0.011     8.6588    104.874     36.205  36.237230     7.3481      8.637   147.7674 1.1802e+02     4.1837     -0.024     -0.035    24.8476 0.0000e+00
     -0.024      0.009     8.5628    103.788     36.179  36.239823     7.3843      8.641   149.5333 1.1815e+02     4.1420     -0.024     -0.034    24.8957 0.0000e+00
     -0.023      0.007     8.4467    102.442     36.154  36.238430     7.4433      8.644   151.3824 1.1815e+02     4.0587     -0.022     -0.032    24.9461 0.0000e+00
     -0.020      0.006     8.3192    100.942     36.118  36.220424     7.4736      8.646   153.0887 1.1813e+02     4.0007     -0.019     -0.028    24.9945 0.0000e+00
     -0.018      0.006     8.2034     99.570     36.098  36.212702     7.4755      8.649   154.5055 1.1839e+02     3.9607     -0.018     -0.026    25.0406 0.0000e+00
     -0.016      0.005     8.1221     98.608     36.083  36.208612     7.4843      8.653   156.1223 1.1885e+02     4.0015     -0.015     -0.022    25.0802 0.0000e+00
     -0.014      0.003     8.0745     98.050     36.102  36.234502     7.5159      8.656   157.9244 1.1915e+02     4.1285     -0.013     -0.020    25.1142 0.0000e+00
     -0.014      0.001     8.0433     97.679     36.199  36.335182     7.5444      8.659   159.3449 1.1920e+02     4.1839     -0.014     -0.021    25.1387 0.0000e+00
     -0.014     -0.001     8.0072     97.236     36.401  36.536592     7.5452      8.661   160.3919 1.1923e+02     4.1832     -0.014     -0.020    25.1534 0.0000e+00
     -0.015     -0.002     7.9518     96.554     36.695  36.827527     7.5344      8.664   161.4631 1.1936e+02     4.2115     -0.014     -0.021    25.1683 0.0000e+00
     -0.016     -0.003     7.8772     95.641     36.991  37.121271     7.5240      8.667   162.4016 1.1951e+02     4.2507     -0.015     -0.022    25.1808 0.0000e+00
     -0.018     -0.003     7.7911     94.593     37.226  37.356615     7.5215      8.670   163.3078 1.1959e+02     4.2604     -0.017     -0.025    25.1850 0.0000e+00
     -0.018     -0.003     7.7024     93.520     37.444  37.576677     7.5308      8.675   164.1604 1.1972e+02     4.2377     -0.018     -0.026    25.1811 0.0000e+00
     -0.019     -0.002     7.6199     92.525     37.676  37.812674     7.5358      8.681   164.4503 1.1992e+02     4.2197     -0.018     -0.026    25.1740 0.0000e+00
     -0.019     -0.002     7.5559     91.756     37.846  37.986549     7.5356      8.687   164.5759 1.2003e+02     4.2264     -0.019     -0.028    25.1692 0.0000e+00
     -0.019     -0.002     7.5268     91.411     37.883  38.027251     7.5375      8.689   165.0771 1.2000e+02     4.2274     -0.020     -0.029    25.1683 0.0000e+00
     -0.019     -0.001     7.5422     91.605     37.840  37.987162     7.5396      8.689   165.8637 1.1961e+02     4.2315     -0.017     -0.026    25.1705 0.0000e+00
     -0.020      0.001     7.5951     92.252     37.798  37.946545     7.5431      8.691   166.7737 1.1876e+02     4.2750     -0.018     -0.027    25.1744 0.0000e+00
     -0.022      0.003     7.6660     93.114     37.768  37.917326     7.5529      8.694   167.7344 1.1796e+02     4.3265     -0.023     -0.033    25.1797 0.0000e+00
     -0.022      0.005     7.7403     94.016     37.739  37.888000     7.5844      8.698   168.7033 1.1761e+02     4.3666     -0.024     -0.035    25.1851 0.0000e+00
     -0.019      0.006     7.8177     94.955     37.698  37.846072     7.6121      8.701   169.4541 1.1763e+02     4.3936     -0.018     -0.027    25.1895 0.0000e+00
     -0.014      0.007     7.8957     95.900     37.645  37.791551     7.6120      8.701   169.8432 1.1772e+02     4.4085     -0.012     -0.018    25.1918 0.0000e+00
     -0.011      0.007     7.9629     96.713     37.591  37.737022     7.5732      8.701   170.2240 1.1782e+02     4.3640     -0.011     -0.016    25.1922 0.0000e+00
     -0.010      0.006     8.0095     97.280     37.549  37.694994     7.5018      8.703   170.8753 1.1792e+02     4.2516     -0.011     -0.016    25.1924 0.0000e+00
     -0.009      0.004     8.0352     97.596     37.517  37.664560     7.4654      8.705   171.5234 1.1796e+02     4.1786     -0.009     -0.014    25.1916 0.0000e+00
     -0.009      0.002     8.0494     97.774     37.474  37.623156     7.4639      8.707   172.1229 1.1796e+02     4.1831     -0.008     -0.012    25.1894 0.0000e+00
     -0.009      0.001     8.0644     97.960     37.424  37.575557     7.4749      8.709   172.7892 1.1805e+02     4.1836     -0.009     -0.013    25.1874 0.0000e+00
     -0.009      0.001     8.0876     98.246     37.381  37.533746     7.5058      8.711   173.2987 1.1816e+02     4.0940     -0.009     -0.014    25.1871 0.0000e+00
     -0.009      0.002     8.1192     98.632     37.345  37.498789     7.5256      8.712   173.8089 1.1823e+02     3.9841     -0.009     -0.013    25.1902 0.0000e+00
     -0.009      0.003     8.1538     99.051     37.318  37.470532     7.5304      8.713   174.4842 1.1832e+02     3.9846     -0.008     -0.012    25.1941 0.0000e+00
     -0.009      0.004     8.1853     99.426     37.297  37.446197     7.5455      8.715   175.0117 1.1840e+02     4.1006     -0.009     -0.013    25.1964 0.0000e+00
     -0.008      0.005     8.2088     99.696     37.316  37.458666     7.5704      8.718   175.2823 1.1840e+02     4.2267     -0.008     -0.011    25.1988 0.0000e+00
     -0.005      0.005     8.2191     99.806     37.357  37.494232     7.5833      8.722   175.5191 1.1838e+02     4.2583     -0.005     -0.008    25.2007 0.0000e+00
     -0.003      0.004     8.2138     99.730     37.363  37.495051     7.5821      8.726   175.8088 1.1841e+02     4.2079     -0.003     -0.004    25.2006 0.0000e+00
     -0.001      0.004     8.1965     99.507     37.342  37.468560     7.5826      8.731   176.2048 1.1846e+02     4.1668     -0.001     -0.001    25.1954 0.0000e+00
     -0.001      0.004     8.1716     99.186     37.308  37.428028     7.5892      8.737   176.7797 1.1841e+02     4.1882      0.000     -0.000    25.1861 0.0000e+00
     -0.001      0.003     8.1407     98.786     37.277  37.386134     7.5980      8.741   177.4255 1.1826e+02     4.2225     -0.001     -0.002    25.1775 0.0000e+00
     -0.001      0.002     8.1032     98.302     37.246  37.343170     7.6060      8.740   177.9895 1.1812e+02     4.2152     -0.002     -0.003    25.1705 0.0000e+00
      0.000      0.001     8.0580     97.730     37.203  37.289704     7.6038      8.737   178.4372 1.1801e+02     4.1913 2.5486e-07      0.000    25.1654 0.0000e+00
      0.001      0.001     8.0049     97.066     37.169  37.247883     7.5805      8.733   178.8809 1.1787e+02     4.1786      0.001      0.002    25.1564 0.0000e+00
      0.001      0.001     7.9436     96.306     37.147  37.218667     7.5537      8.729   179.3104 1.1781e+02     4.1841      0.002      0.003    25.1407 0.0000e+00
      0.001      0.000     7.8741     95.450     37.124  37.190544     7.5373      8.724   179.7580 1.1779e+02     4.1965      0.001      0.002    25.1241 0.0000e+00
      0.001      0.000     7.7962     94.495     37.100  37.161953     7.5289      8.720   180.3353 1.1785e+02     4.2059      0.001      0.001    25.1098 0.0000e+00
      0.000      0.000     7.7133     93.479     37.070  37.127071     7.5447      8.718   180.9567 1.1802e+02     4.2064     -0.000     -0.000    25.0985 0.0000e+00
      0.000      0.001     7.6305     92.465     37.034  37.086415     7.5808      8.719   181.3340 1.1813e+02     4.2026     -0.001     -0.002    25.0899 0.0000e+00
      0.000      0.002     7.5497     91.478     37.003  37.051539     7.5978      8.722   181.4548 1.1816e+02     4.1901      0.000     -0.001    25.0833 0.0000e+00
      0.001      0.002     7.4729     90.538     36.979  37.023010     7.5852      8.723   181.6429 1.1810e+02     4.1470      0.001      0.002    25.0771 0.0000e+00
      0.003      0.001     7.4016     89.663     36.956  36.995575     7.5573      8.725   181.8883 1.1798e+02     4.1380      0.003      0.004    25.0706 0.0000e+00
      0.004      0.000     7.3326     88.813     36.941  36.973919     7.5368      8.731   182.0998 1.1777e+02     4.1733      0.005      0.008    25.0644 0.0000e+00
      0.004     -0.001     7.2637     87.965     36.925  36.951744     7.5384      8.741   182.3928 1.1737e+02     4.1777      0.005      0.007    25.0595 0.0000e+00
      0.001     -0.001     7.1974     87.148     36.898  36.918024     7.5406      8.750   182.7625 1.1705e+02     4.1909      0.000      0.000    25.0541 0.0000e+00
     -0.001     -0.001     7.1345     86.373     36.870  36.883827     7.5906      8.756   183.1293 1.1705e+02     4.2114     -0.002     -0.003    25.0471 0.0000e+00
     -0.001      0.000     7.0746     85.634     36.848  36.855886     7.7013      8.761   183.4718 1.1728e+02     4.1809     -0.001     -0.002    25.0390 0.0000e+00
      0.000      0.002     7.0164     84.916     36.833  36.834288     7.7676      8.764   183.8059 1.1748e+02     4.1584      0.000      0.000    25.0302 0.0000e+00
      0.002      0.002     6.9599     84.219     36.818  36.813264     7.7855      8.766   184.1575 1.1753e+02     4.1831      0.002      0.003    25.0213 0.0000e+00
      0.004      0.001     6.9081     83.579     36.803  36.792245     7.7887      8.767   184.4536 1.1757e+02     4.2044      0.004      0.005    25.0126 0.0000e+00
      0.004      0.000     6.8606     82.993     36.788  36.770710     7.7152      8.767   184.7193 1.1763e+02     4.1422      0.005      0.007    25.0042 0.0000e+00
      0.004     -0.002     6.8149     82.427     36.767  36.743455     7.5944      8.767   185.0471 1.1757e+02     4.0102      0.005      0.007    24.9960 0.0000e+00
      0.003     -0.003     6.7719     81.895     36.746  36.716802     7.5418      8.768   185.4053 1.1740e+02     3.9519      0.003      0.003    24.9873 0.0000e+00
      0.001     -0.003     6.7301     81.377     36.737  36.702545     7.5483      8.768   185.6950 1.1742e+02     3.9867     -0.000     -0.000    24.9787 0.0000e+00
     -0.001     -0.002     6.6862     80.836     36.738  36.698117     7.5799      8.768   185.8825 1.1766e+02     4.0332     -0.001     -0.002    24.9707 0.0000e+00
     -0.001     -0.001     6.6447     80.323     36.708  36.663252     7.6214      8.769   186.0376 1.1785e+02     4.0874     -0.001     -0.002    24.9625 0.0000e+00
     -0.001      0.001     6.6057     79.843     36.648  36.598614     7.6365      8.771   186.2799 1.1791e+02     4.1530     -0.002     -0.003    24.9545 0.0000e+00
     -0.001      0.001     6.5660     79.355     36.605  36.551821     7.6430      8.773   186.5751 1.1801e+02     4.2170     -0.002     -0.003    24.9468 0.0000e+00
      0.000      0.000     6.5263     78.868     36.600  36.542153     7.6270      8.774   186.6806 1.1820e+02     4.2502      0.001      0.001    24.9388 0.0000e+00
