Data/DataNotYetUploadedToEDI/Raw_CTD/RawDownloads/073018_fcr10.cnv
* Sea-Bird SBE19plus  Data File:
* FileName = C:\DATA\073018_fcr50_0003.hex
* Software version 2.6.3.104 SB_Terminal.dll
* Temperature SN = 7809
* Conductivity SN = 7809
* System UpLoad Time = Jul 30 2018 16:26:15
* <ApplicationData>
* <Seaterm232>
# nquan = 15
# nvalues = 247                         
# units = specified
# name 0 = depFM: Depth [fresh water, m]
# name 1 = dz/dtM: Descent Rate [m/s]
# name 2 = sbeox0Mg/L: Oxygen, SBE 43 [mg/l]
# name 3 = sbeox0PS: Oxygen, SBE 43 [% saturation]
# name 4 = specc: Specific Conductance [uS/cm]
# name 5 = c0uS/cm: Conductivity [uS/cm]
# name 6 = flECO-AFL: Fluorescence, WET Labs ECO-AFL/FL [mg/m^3]
# name 7 = ph: pH
# name 8 = orp: Oxidation Reduction Potential [mV]
# name 9 = par/sat/log: PAR/Logarithmic, Satlantic
# name 10 = turbWETntu0: Turbidity, WET Labs ECO [NTU]
# name 11 = prdM: Pressure, Strain Gauge [db]
# name 12 = prdE: Pressure, Strain Gauge [psi]
# name 13 = tv290C: Temperature [ITS-90, deg C]
# name 14 = flag:  0.000e+00
# span 0 =     -0.558,      2.562       
# span 1 =     -0.009,      0.195       
# span 2 =    -0.1276,    10.0459       
# span 3 =     -1.459,    121.976       
# span 4 =      1.920,    157.436       
# span 5 =   1.767810, 143.531693       
# span 6 =    -0.1944,     9.5202       
# span 7 =      6.084,      8.783       
# span 8 =  -447.8558,   235.2539       
# span 9 = 1.5881e+00, 1.2901e+02       
# span 10 =    -0.1964,    34.2777      
# span 11 =     -0.549,      2.515      
# span 12 =     -0.796,      3.648      
# span 13 =    20.5001,    25.2113      
# span 14 = 0.0000e+00, 0.0000e+00      
# interval = seconds: 0.25
# start_time = Jul 30 2018 13:18:21 [Instrument's time stamp, header]
# bad_flag = -9.990e-29
*END*
[from data line 193]
      1.501      0.082     8.9975    108.588     37.396  37.282755     8.9115      8.468   214.6426 6.6011e+00     4.6468      1.472      2.135    25.1047 0.0000e+00
      1.522      0.080     8.7142    105.102     37.652  37.512294     8.9131      8.446   215.9853 6.4455e+00     4.6294      1.496      2.169    25.0322 0.0000e+00
      1.540      0.081     8.4153    101.450     37.967  37.807285     8.9234      8.415   217.0080 6.3002e+00     4.6376      1.512      2.193    24.9549 0.0000e+00
      1.556      0.085     8.1128     97.760     38.297  38.117726     8.9257      8.379   217.8884 6.1141e+00     4.5626      1.524      2.211    24.8859 0.0000e+00
      1.575      0.091     7.8263     94.254     38.420  38.216390     8.9212      8.341   219.1448 5.9193e+00     4.4250      1.544      2.239    24.8376 0.0000e+00
      1.600      0.096     7.5748     91.160     38.343  38.110785     8.9161      8.306   220.0668 5.7028e+00     4.3785      1.567      2.273    24.8052 0.0000e+00
      1.629      0.098     7.3583     88.480     38.252  37.984352     8.9282      8.275   220.3471 5.4684e+00     4.3966      1.596      2.315    24.7833 0.0000e+00
      1.660      0.096     7.1622     86.038     38.203  37.894707     9.0949      8.247   220.4683 5.2659e+00     4.3995      1.629      2.363    24.7643 0.0000e+00
      1.689      0.091     6.9722     83.676     38.200  37.852716     9.3787      8.222   220.7580 5.1089e+00     4.4145      1.658      2.405    24.7310 0.0000e+00
      1.712      0.083     6.7740     81.241     38.233  37.857752     9.5202      8.198   221.1826 5.0091e+00     4.4244      1.681      2.439    24.6928 0.0000e+00
      1.728      0.075     6.5626     78.676     38.218  37.828497     9.5191      8.177   221.4728 4.9526e+00     4.3974      1.696      2.461    24.6489 0.0000e+00
      1.740      0.070     6.3546     76.149     38.160  37.753089     9.3011      8.157   221.7708 4.8789e+00     4.3628      1.705      2.474    24.5892 0.0000e+00
      1.755      0.070     6.1646     73.794     38.161  37.708318     8.8786      8.138   222.5492 4.7749e+00     4.3726      1.719      2.494    24.5356 0.0000e+00
      1.772      0.074     5.9909     71.592     38.321  37.795341     8.6376      8.118   223.7431 4.6754e+00     4.3931      1.737      2.520    24.4963 0.0000e+00
      1.792      0.079     5.8089     69.287     38.716  38.106355     8.5833      8.096   224.7626 4.5611e+00     4.3656      1.756      2.547    24.4831 0.0000e+00
      1.816      0.083     5.5893     66.552     39.107  38.419215     8.2868      8.071   225.5835 4.4135e+00     4.3456      1.781      2.583    24.4773 0.0000e+00
      1.840      0.086     5.3245     63.310     39.214  38.465035     7.7453      8.045   226.4417 4.2710e+00     4.3658      1.805      2.618    24.4157 0.0000e+00
      1.863      0.090     5.0073     59.475     39.070  38.279100     7.4401      8.015   227.3093 4.1529e+00     4.4268      1.828      2.651    24.3106 0.0000e+00
      1.884      0.095     4.6235     54.861     38.842  38.013406     7.3997      7.984   228.1580 4.0470e+00     4.5032      1.849      2.682    24.2037 0.0000e+00
      1.904      0.099     4.1795     49.527     38.807  37.920745     7.3578      7.954   228.9599 3.9245e+00     4.6484      1.868      2.709    24.1102 0.0000e+00
      1.928      0.103     3.7180     43.982     39.013  38.048078     7.2822      7.924   229.7777 3.7569e+00     4.9014      1.887      2.737    24.0299 0.0000e+00
      1.958      0.105     3.3024     38.984     39.278  38.218756     7.2304      7.896   230.7329 3.5669e+00     5.0588      1.918      2.782    23.9797 0.0000e+00
      1.992      0.104     2.9797     35.095     39.490  38.332493     7.2179      7.871   231.7325 3.4102e+00     5.0564      1.956      2.837    23.9390 0.0000e+00
      2.023      0.099     2.7389     32.200     39.577  38.343117     7.1682      7.849   232.6582 3.2967e+00     5.0244      1.985      2.879    23.8581 0.0000e+00
      2.048      0.092     2.5253     29.650     39.572  38.283570     6.6292      7.824   233.3212 3.2011e+00     5.0692      2.009      2.914    23.7632 0.0000e+00
      2.069      0.083     2.2926     26.885     39.590  38.247748     5.6556      7.799   233.6395 3.1423e+00     5.1709      2.031      2.947    23.6524 0.0000e+00
      2.084      0.075     2.0349     23.832     39.757  38.354632     5.1277      7.777   233.9260 3.1046e+00     5.2159      2.045      2.966    23.5181 0.0000e+00
      2.099      0.071     1.7691     20.697     40.745  39.258159     5.0716      7.756   234.2900 3.0286e+00     5.2172      2.056      2.982    23.4215 0.0000e+00
      2.118      0.075     1.4943     17.460     44.782  43.072893     5.0043      7.733   234.5125 2.9448e+00     5.2175      2.078      3.014    23.3708 0.0000e+00
      2.135      0.084     1.2094     14.102     54.153  51.942295     4.8927      7.707   234.5514 2.8891e+00     5.2194      2.096      3.038    23.3009 0.0000e+00
      2.153      0.093     0.9292     10.805     67.054  64.113370     4.8342      7.679   234.6751 2.8171e+00     5.2395      2.105      3.053    23.2207 0.0000e+00
      2.178      0.100     0.6708      7.779     78.150  74.491468     4.8304      7.652   234.9751 2.6973e+00     5.2466      2.132      3.092    23.1781 0.0000e+00
      2.212      0.101     0.4506      5.211     83.245  79.126782     4.7923      7.627   235.2539 2.5703e+00     5.1831      2.170      3.148    23.1221 0.0000e+00
      2.245      0.097     0.2678      3.090     84.210  79.872759     4.7133      7.601   235.2065 2.4745e+00     5.0822      2.204      3.196    22.9879 0.0000e+00
      2.273      0.091     0.1158      1.334     88.514  83.829562     4.6653      7.566   234.8317 2.4023e+00     5.0342      2.232      3.237    22.8225 0.0000e+00
      2.293      0.084     0.0011      0.014     96.886  91.624828     4.6448      7.513   234.5939 2.3480e+00     5.0301      2.253      3.267    22.6637 0.0000e+00
      2.305      0.079    -0.0750     -0.860    103.986  98.147495     4.5010      7.447   233.7081 2.3018e+00     5.0012      2.260      3.278    22.5072 0.0000e+00
      2.317      0.077    -0.1173     -1.344    110.208 103.770437     4.2408      7.381   222.4009 2.2443e+00     4.9607      2.268      3.288    22.4026 0.0000e+00
      2.338      0.077    -0.1276     -1.459    117.702 110.538831     4.0907      7.319   192.2654 2.1583e+00     4.9065      2.290      3.320    22.3547 0.0000e+00
      2.364      0.079    -0.1118     -1.276    125.482 117.509263     4.0559      7.259   154.8195 2.0628e+00     4.8335      2.319      3.364    22.2969 0.0000e+00
      2.389      0.080    -0.0757     -0.861    131.353 122.622906     3.9124      7.203   124.7297 1.9915e+00     4.7808      2.345      3.401    22.1984 0.0000e+00
      2.409      0.077    -0.0258     -0.293    135.043 125.677756     3.6509      7.154   105.9297 1.9407e+00     4.7271      2.364      3.428    22.0805 0.0000e+00
      2.428      0.072     0.0255      0.288    138.707 128.733816     3.5125      7.112    96.4049 1.8949e+00     4.6726      2.380      3.452    21.9631 0.0000e+00
      2.444      0.066     0.0708      0.798    142.739 132.133678     3.5077      7.073    90.9599 1.8500e+00     4.6403      2.397      3.478    21.8310 0.0000e+00
      2.459      0.063     0.1114      1.253    146.434 135.194148     3.4368      7.038    86.5553 1.8035e+00     4.6724      2.412      3.498    21.6753 0.0000e+00
      2.473      0.061     0.1456      1.634    149.687 137.843434     3.2992      7.008    82.8995 1.7560e+00     4.7544      2.424      3.515    21.5192 0.0000e+00
      2.488      0.059     0.1713      1.919    152.445 140.034432     3.2317      6.985    79.7114 1.7210e+00     4.7784      2.439      3.538    21.3995 0.0000e+00
      2.504      0.056     0.1913      2.138    154.970 141.956342     3.2353      6.968    76.7446 1.6847e+00     4.7799      2.456      3.562    21.2880 0.0000e+00
      2.520      0.052     0.2055      2.290    156.821 143.201563     3.3062      6.954    72.7536 1.6442e+00     4.8027      2.473      3.586    21.1549 0.0000e+00
      2.535      0.050     0.2108      2.346    157.436 143.531693     3.3721      6.948    70.1748 1.6249e+00     4.8096      2.487      3.607    21.0392 0.0000e+00
      2.545 -9.990e-29 -9.990e-29 -9.990e-29 -9.990e-29 -9.990e-29 -9.990e-29 -9.990e-29 -9.990e-29 1.6233e+00 -9.990e-29      2.497      3.621    20.9270 0.0000e+00
      2.553 -9.990e-29 -9.990e-29 -9.990e-29 -9.990e-29 -9.990e-29 -9.990e-29 -9.990e-29 -9.990e-29 1.6167e+00 -9.990e-29      2.504      3.632    20.8164 0.0000e+00
      2.559 -9.990e-29 -9.990e-29 -9.990e-29 -9.990e-29 -9.990e-29 -9.990e-29 -9.990e-29 -9.990e-29 1.5986e+00 -9.990e-29      2.511      3.642    20.6346 0.0000e+00
      2.562 -9.990e-29 -9.990e-29 -9.990e-29 -9.990e-29 -9.990e-29 -9.990e-29 -9.990e-29 -9.990e-29 1.5881e+00 -9.990e-29      2.515      3.648    20.5001 0.0000e+00
