Data/DataNotYetUploadedToEDI/Raw_CTD/RawDownloads/073018_fcr50.cnv
* Sea-Bird SBE19plus  Data File:
* FileName = C:\DATA\073018_fcr50_0007.hex
* Software version 2.6.3.104 SB_Terminal.dll
* Temperature SN = 7809
* Conductivity SN = 7809
* System UpLoad Time = Jul 30 2018 16:27:10
* <ApplicationData>
* <Seaterm232>
# nquan = 15
# nvalues = 478                         
# units = specified
# name 0 = depFM: Depth [fresh water, m]
# name 1 = dz/dtM: Descent Rate [m/s]
# name 2 = sbeox0Mg/L: Oxygen, SBE 43 [mg/l]
# name 3 = sbeox0PS: Oxygen, SBE 43 [% saturation]
# name 4 = specc: Specific Conductance [uS/cm]
# name 5 = c0uS/cm: Conductivity [uS/cm]
# name 6 = flECO-AFL: Fluorescence, WET Labs ECO-AFL/FL [mg/m^3]
# name 7 = ph: pH
# name 8 = orp: Oxidation Reduction Potential [mV]
# name 9 = par/sat/log: PAR/Logarithmic, Satlantic
# name 10 = turbWETntu0: Turbidity, WET Labs ECO [NTU]
# name 11 = prdM: Pressure, Strain Gauge [db]
# name 12 = prdE: Pressure, Strain Gauge [psi]
# name 13 = tv290C: Temperature [ITS-90, deg C]
# name 14 = flag:  0.000e+00
# span 0 =     -0.555,      9.452       
# span 1 =     -0.053,      0.230       
# span 2 =     0.1595,     8.8422       
# span 3 =      1.546,    106.557       
# span 4 =      0.648,     50.152       
# span 5 =   0.598511,  38.118924       
# span 6 =    -0.1929,     6.0807       
# span 7 =      6.146,      8.894       
# span 8 =   -26.1362,   301.7383       
# span 9 = 1.2549e-01, 1.6615e+02       
# span 10 =    -0.2658,    29.2701      
# span 11 =     -0.544,      9.270      
# span 12 =     -0.789,     13.446      
# span 13 =    11.9068,    25.6858      
# span 14 = 0.0000e+00, 0.0000e+00      
# interval = seconds: 0.25
# start_time = Jul 30 2018 14:35:09 [Instrument's time stamp, header]
# bad_flag = -9.990e-29
*END*
[from data line 193]
      2.577      0.058     7.3409     83.333     36.885  34.385830     3.5558      7.734   238.4648 3.5737e+00     1.8909      2.529      3.669    21.6154 0.0000e+00
      2.591      0.071     7.2821     82.561     37.110  34.544956     3.6712      7.716   238.7564 3.5582e+00     1.9499      2.543      3.688    21.5340 0.0000e+00
      2.604      0.085     7.2553     81.821     37.456  34.660585     3.6815      7.695   239.1582 3.5075e+00     1.9375      2.550      3.698    21.4430 0.0000e+00
      2.624      0.099     7.2401     81.069     37.871  34.767287     3.6797      7.673   239.8811 3.4101e+00     1.9540      2.568      3.724    21.5135 0.0000e+00
      2.655      0.115     7.1905     79.973     38.283  34.881897     3.6870      7.648   241.1305 3.2938e+00     1.9667      2.601      3.773    21.6610 0.0000e+00
      2.690      0.135     7.0481     77.903     38.646  34.966119     3.6864      7.619   242.6494 3.1987e+00     1.9383      2.639      3.829    21.6409 0.0000e+00
      2.725      0.156     6.7808     74.493     38.976  35.023041     3.6632      7.591   243.6193 3.1193e+00     1.9167      2.673      3.876    21.2929 0.0000e+00
      2.762      0.167     6.4022     69.921     39.280  35.061653     3.4613      7.568   243.7369 3.0141e+00     1.8267      2.705      3.923    20.8768 0.0000e+00
      2.809      0.165     5.9422     64.581     39.481  35.051531     3.0844      7.551   243.6414 2.8739e+00     1.6444      2.749      3.987    20.5515 0.0000e+00
      2.866      0.152     5.4251     58.796     39.573  35.027442     2.8740      7.536   243.7544 2.7221e+00     1.5434      2.812      4.078    20.2328 0.0000e+00
      2.921      0.132     4.8889     52.944     39.598  35.024337     2.8475      7.521   244.0714 2.6176e+00     1.5217      2.875      4.171    19.9260 0.0000e+00
      2.954      0.111     4.3820     47.478     39.562  35.013962     2.7910      7.505   244.5488 2.5836e+00     1.4429      2.906      4.214    19.6108 0.0000e+00
      2.964      0.093     3.9429     42.748     39.552  35.029070     2.6962      7.486   245.0529 2.5699e+00     1.3219      2.908      4.217    19.3394 0.0000e+00
      2.967      0.084     3.6077     39.095     39.636  35.080010     2.6484      7.466   245.6060 2.5377e+00     1.2492      2.907      4.217    19.2166 0.0000e+00
      2.977      0.084     3.3982     36.746     39.779  35.121675     2.6443      7.446   246.3325 2.5010e+00     1.2659      2.914      4.227    19.1997 0.0000e+00
      3.000      0.093     3.2987     35.550     39.962  35.151592     2.6098      7.427   247.2114 2.4530e+00     1.2492      2.936      4.259    19.2407 0.0000e+00
      3.035      0.107     3.2684     35.087     40.177  35.187485     2.5531      7.410   247.8867 2.3743e+00     1.1388      2.972      4.311    19.3071 0.0000e+00
      3.076      0.121     3.2640     34.880     40.444  35.237843     2.5283      7.393   248.2176 2.3006e+00     1.0907      3.019      4.379    19.2756 0.0000e+00
      3.109      0.131     3.2475     34.475     40.766  35.252068     2.5218      7.378   248.6309 2.2636e+00     1.0948      3.056      4.432    19.1627 0.0000e+00
      3.133      0.137     3.2015     33.711     41.050  35.168562     2.5117      7.363   249.2704 2.2274e+00     1.0671      3.069      4.450    18.9865 0.0000e+00
      3.163      0.140     3.1273     32.675     41.279  35.053531     2.4801      7.346   249.8403 2.1562e+00     1.0603      3.095      4.487    18.7830 0.0000e+00
      3.204      0.143     3.0146     31.288     41.539  35.004226     2.4236      7.328   250.1868 2.0779e+00     1.0736      3.144      4.560    18.6133 0.0000e+00
      3.246      0.148     2.8580     29.491     41.833  35.016740     2.3895      7.308   250.5351 2.0230e+00     1.0753      3.185      4.620    18.2706 0.0000e+00
      3.285      0.154     2.6730     27.436     42.160  35.077501     2.3805      7.288   251.0400 1.9712e+00     1.0809      3.221      4.672    17.8111 0.0000e+00
      3.325      0.156     2.4864     25.385     42.525  35.166940     2.3239      7.267   251.5592 1.9159e+00     1.0802      3.261      4.730    17.4373 0.0000e+00
      3.363      0.150     2.3234     23.595     42.835  35.208561     2.2105      7.249   251.9946 1.8745e+00     1.0669      3.298      4.783    17.1171 0.0000e+00
      3.402      0.140     2.1891     22.132     43.039  35.199345     2.1398      7.235   252.3461 1.8283e+00     1.0728      3.334      4.835    16.8377 0.0000e+00
      3.444      0.129     2.0741     20.905     43.324  35.309384     2.1310      7.223   252.7131 1.7795e+00     1.0912      3.378      4.900    16.6016 0.0000e+00
      3.481      0.119     1.9648     19.754     43.867  35.649568     2.1409      7.209   253.1618 1.7531e+00     1.1058      3.422      4.963    16.3516 0.0000e+00
      3.504      0.113     1.8554     18.600     44.540  36.072665     2.1671      7.194   253.7269 1.7322e+00     1.0963      3.439      4.988    16.0766 0.0000e+00
      3.520      0.112     1.7492     17.472     45.162  36.422848     2.1995      7.176   254.2978 1.7037e+00     1.0678      3.447      5.001    15.8583 0.0000e+00
      3.541      0.114     1.6457     16.372     45.652  36.643612     2.2107      7.157   254.8162 1.6712e+00     1.0663      3.471      5.033    15.7394 0.0000e+00
      3.572      0.116     1.5319     15.175     45.957  36.708857     2.1932      7.138   255.4342 1.6326e+00     1.0789      3.501      5.077    15.6439 0.0000e+00
      3.611      0.115     1.3945     13.765     46.142  36.703281     2.1627      7.121   256.0056 1.5910e+00     1.0678      3.539      5.133    15.5041 0.0000e+00
      3.652      0.109     1.2323     12.135     46.261  36.703068     2.1355      7.106   256.3050 1.5586e+00     1.0535      3.584      5.199    15.3310 0.0000e+00
      3.686      0.097     1.0458     10.289     46.314  36.706177     2.1210      7.092   256.6448 1.5290e+00     1.0593      3.620      5.251    15.1338 0.0000e+00
      3.705      0.085     0.8461      8.321     46.385  36.740831     2.1065      7.078   257.2741 1.5096e+00     1.0766      3.637      5.275    14.9257 0.0000e+00
      3.713      0.075     0.6531      6.416     46.602  36.867932     2.0810      7.063   257.8914 1.5152e+00     1.1097      3.641      5.281    14.7424 0.0000e+00
      3.721      0.072     0.4808      4.715     46.931  37.035862     2.0608      7.046   258.3441 1.5163e+00     1.1247      3.646      5.289    14.6393 0.0000e+00
      3.736      0.078     0.3408      3.334     47.278  37.182951     2.0548      7.028   258.7041 1.5034e+00     1.1050      3.662      5.312    14.6193 0.0000e+00
      3.758      0.091     0.2413      2.353     47.836  37.502704     2.0630      7.010   259.3180 1.4861e+00     1.0854      3.683      5.342    14.6096 0.0000e+00
      3.785      0.105     0.1826      1.776     48.583  37.979460     2.1052      6.991   260.2601 1.4612e+00     1.1309      3.710      5.381    14.5737 0.0000e+00
      3.819      0.116     0.1595      1.546     48.935  38.118924     2.1698      6.973   260.9755 1.4261e+00     1.2285      3.745      5.432    14.4739 0.0000e+00
      3.854      0.122     0.1607      1.551     48.753  37.791107     2.2007      6.954   261.4295 1.3847e+00     1.2578      3.781      5.484    14.3106 0.0000e+00
      3.886      0.123     0.1736      1.668     48.584  37.446320     2.1850      6.933   261.8769 1.3577e+00     1.2412      3.812      5.529    14.1870 0.0000e+00
      3.917      0.119     0.1887      1.804     48.679  37.317014     2.1094      6.912   262.4272 1.3390e+00     1.2108      3.840      5.570    14.0978 0.0000e+00
      3.947      0.111     0.2059      1.961     48.880  37.307454     1.9942      6.892   263.0922 1.3037e+00     1.1654      3.871      5.614    13.9666 0.0000e+00
      3.977      0.104     0.2394      2.274     49.062  37.330539     1.9321      6.875   263.7231 1.2657e+00     1.1491      3.900      5.657    13.7671 0.0000e+00
      4.004      0.101     0.3127      2.965     49.184  37.341894     1.9190      6.860   264.2903 1.2449e+00     1.1365      3.930      5.700    13.5263 0.0000e+00
      4.024      0.100     0.4466      4.227     49.244  37.317598     1.8532      6.845   264.7018 1.2309e+00     1.2574      3.949      5.726    13.3128 0.0000e+00
      4.043      0.098     0.6428      6.072     49.311  37.290814     1.7433      6.832   264.9998 1.2125e+00     1.5426      3.960      5.742    13.1403 0.0000e+00
      4.069      0.095     0.8898      8.392     49.396  37.272076     1.6928      6.822   265.4838 1.1869e+00     1.7157      3.988      5.785    13.0275 0.0000e+00
      4.102      0.097     1.1694     11.007     49.436  37.218008     1.6834      6.812   266.1660 1.1546e+00     1.7632      4.024      5.838    12.9544 0.0000e+00
      4.129      0.106     1.4553     13.661     49.493  37.145224     1.6757      6.797   266.7092 1.1340e+00     1.9647      4.053      5.880    12.8928 0.0000e+00
      4.147      0.117     1.7268     16.156     49.618  37.090747     1.6824      6.781   267.1477 1.1259e+00     2.3211      4.067      5.897    12.8129 0.0000e+00
      4.167      0.127     1.9691     18.363     49.783  37.067390     1.6827      6.765   267.8539 1.0973e+00     2.5314      4.080      5.915    12.7170 0.0000e+00
      4.202      0.138     2.1738     20.222     49.918  37.053236     1.6692      6.750   268.6227 1.0440e+00     2.6462      4.116      5.971    12.6564 0.0000e+00
      4.248      0.149     2.3522     21.846     50.008  37.046551     1.6197      6.738   269.1301 9.9732e-01     3.7707      4.167      6.043    12.5393 0.0000e+00
      4.294      0.158     2.5198     23.381     50.070  37.050006     1.5349      6.728   269.5148 9.6903e-01     5.8738      4.212      6.108    12.3713 0.0000e+00
      4.338      0.161     2.6806     24.860     50.077  37.031426     1.4899      6.718   269.8319 9.4919e-01     7.0468      4.254      6.170    12.2137 0.0000e+00
      4.380      0.157     2.8351     26.287     50.067  37.012463     1.4893      6.709   270.0397 9.2315e-01     7.1809      4.297      6.232    12.0936 0.0000e+00
      4.417      0.151     2.9823     27.649     50.072  37.011308     1.4810      6.701   270.2203 8.8747e-01     7.2508      4.332      6.283    12.0288 0.0000e+00
      4.452      0.146     3.1155     28.883     50.083  37.017452     1.3714      6.693   270.4668 8.5758e-01     7.8003      4.364      6.330    11.9884 0.0000e+00
      4.488      0.141     3.2254     29.899     50.095  37.023214     1.1660      6.685   270.7822 8.3462e-01     8.8513      4.400      6.383    11.9673 0.0000e+00
      4.524      0.134     3.3014     30.602     50.090  37.017438     1.0472      6.676   271.1086 8.0802e-01     9.4601      4.436      6.435    11.9575 0.0000e+00
      4.561      0.124     3.3399     30.960     50.081  37.011141     1.0287      6.668   271.4026 7.7704e-01     9.5771      4.474      6.489    11.9550 0.0000e+00
      4.595      0.112     3.3499     31.053     50.079  37.010610     0.9515      6.663   271.7554 7.4840e-01    10.2043      4.508      6.539    11.9533 0.0000e+00
      4.625      0.100     3.3424     30.984     50.078  37.011027     0.8029      6.658   272.3629 7.3186e-01    11.3367      4.537      6.581    11.9500 0.0000e+00
      4.647      0.094     3.3216     30.791     50.085  37.016187     0.7201      6.650   273.0693 7.1751e-01    11.9457      4.561      6.616    11.9475 0.0000e+00
      4.661      0.095     3.2891     30.490     50.076  37.009466     0.7128      6.638   273.4983 7.0641e-01    12.0139      4.571      6.630    11.9484 0.0000e+00
      4.674      0.101     3.2533     30.159     50.053  36.993290     0.7242      6.626   273.6783 6.9927e-01    12.1307      4.579      6.640    11.9491 0.0000e+00
      4.698      0.108     3.2208     29.857     50.078  37.011184     0.7487      6.616   273.6971 6.7941e-01    12.3197      4.602      6.675    11.9506 0.0000e+00
      4.735      0.113     3.1902     29.571     50.114  37.035230     0.7603      6.611   273.6406 6.5031e-01    12.4079      4.640      6.731    11.9509 0.0000e+00
      4.778      0.115     3.1623     29.311     50.110  37.029919     0.7538      6.607   273.5969 6.0770e-01    12.4338      4.689      6.801    11.9504 0.0000e+00
      4.813      0.113     3.1382     29.086     50.087  37.010489     0.7165      6.602   273.5128 5.6032e-01    12.6628      4.727      6.855    11.9525 0.0000e+00
      4.836      0.104     3.1161     28.881     50.062  36.990882     0.6497      6.598   273.5697 5.3867e-01    13.0413      4.743      6.880    11.9516 0.0000e+00
      4.855      0.094     3.0971     28.704     50.053  36.983442     0.6070      6.595   273.8557 5.3131e-01    13.2249      4.760      6.904    11.9480 0.0000e+00
      4.876      0.086     3.0820     28.563     50.056  36.984067     0.5959      6.591   274.2171 5.1722e-01    13.2355      4.781      6.935    11.9458 0.0000e+00
      4.896      0.084     3.0683     28.434     50.077  36.998428     0.6077      6.585   274.4978 5.0451e-01    13.2609      4.801      6.964    11.9431 0.0000e+00
      4.916      0.086     3.0557     28.316     50.122  37.030020     0.6397      6.578   274.6678 4.8896e-01    13.2878      4.820      6.991    11.9414 0.0000e+00
      4.938      0.088     3.0447     28.214     50.148  37.048396     0.6598      6.572   274.8970 4.6986e-01    13.2859      4.841      7.022    11.9417 0.0000e+00
      4.962      0.086     3.0338     28.114     50.123  37.030029     0.6673      6.565   275.2903 4.5060e-01    13.2687      4.866      7.057    11.9403 0.0000e+00
      4.988      0.085     3.0241     28.024     50.081  36.998532     0.6658      6.558   275.8956 4.2468e-01    13.2018      4.891      7.094    11.9385 0.0000e+00
      5.012      0.087     3.0167     27.955     50.063  36.985211     0.6604      6.549   276.6221 4.0779e-01    13.0568      4.918      7.134    11.9366 0.0000e+00
      5.030      0.093     3.0113     27.905     50.078  36.996024     0.6667      6.538   277.1051 4.0601e-01    12.9196      4.936      7.160    11.9359 0.0000e+00
      5.044      0.102     3.0084     27.878     50.086  37.002205     0.6773      6.526   277.2625 3.9806e-01    12.8559      4.942      7.168    11.9369 0.0000e+00
      5.065      0.113     3.0077     27.871     50.079  36.996419     0.6785      6.516   277.3201 3.7607e-01    12.8654      4.961      7.194    11.9362 0.0000e+00
      5.100      0.124     3.0066     27.861     50.069  36.989599     0.6539      6.509   277.3714 3.4679e-01    12.9436      5.000      7.252    11.9357 0.0000e+00
      5.142      0.131     3.0043     27.840     50.059  36.983265     0.6184      6.504   277.3664 3.1865e-01    13.0383      5.043      7.315    11.9361 0.0000e+00
      5.184      0.132     3.0030     27.828     50.059  36.983361     0.6073      6.502   277.3458 2.8952e-01    13.0641      5.084      7.375    11.9353 0.0000e+00
      5.222      0.127     3.0017     27.817     50.069  36.990763     0.6118      6.501   277.4654 2.6179e-01    13.0429      5.126      7.433    11.9350 0.0000e+00
      5.252      0.117     3.0001     27.802     50.094  37.009230     0.6087      6.498   277.6950 2.4876e-01    13.1474      5.154      7.474    11.9362 0.0000e+00
      5.274      0.108     2.9990     27.792     50.103  37.016056     0.5976      6.494   277.8851 2.4273e-01    13.3515      5.171      7.501    11.9367 0.0000e+00
      5.295      0.099     2.9968     27.771     50.095  37.009769     0.5972      6.489   277.9566 2.4063e-01    13.4349      5.191      7.530    11.9366 0.0000e+00
      5.320      0.093     2.9954     27.758     50.078  36.996743     0.6128      6.484   277.9576 2.3894e-01    13.4538      5.215      7.565    11.9367 0.0000e+00
      5.347      0.090     2.9974     27.777     50.062  36.985618     0.6026      6.480   278.2409 2.2891e-01    13.5802      5.243      7.605    11.9365 0.0000e+00
