Data/DataNotYetUploadedToEDI/Raw_CTD/RawDownloads/07302020_bvr50.cnv
* Sea-Bird SBE19plus  Data File:
* FileName = C:\DATA\07302020_bvr50_0001.hex
* Software version 2.8.0.119
* Temperature SN = 7809
* Conductivity SN = 7809
* System UpLoad Time = Jul 30 2020 16:35:11
* <ApplicationData>
* <Seaterm232>
# nquan = 16
# nvalues = 6711                        
# units = specified
# name 0 = depFM: Depth [fresh water, m]
# name 1 = dz/dtM: Descent Rate [m/s]
# name 2 = sbeox0ML/L: Oxygen, SBE 43 [ml/l]
# name 3 = sbeox0PS: Oxygen, SBE 43 [% saturation]
# name 4 = specc: Specific Conductance [uS/cm]
# name 5 = c0uS/cm: Conductivity [uS/cm]
# name 6 = flECO-AFL: Fluorescence, WET Labs ECO-AFL/FL [mg/m^3]
# name 7 = ph: pH
# name 8 = orp: Oxidation Reduction Potential [mV]
# name 9 = par/sat/log: PAR/Logarithmic, Satlantic
# name 10 = turbWETntu0: Turbidity, WET Labs ECO [NTU]
# name 11 = prdM: Pressure, Strain Gauge [db]
# name 12 = prdE: Pressure, Strain Gauge [psi]
# name 13 = tv290C: Temperature [ITS-90, deg C]
# name 14 = density00: Density [density, kg/m^3]
# name 15 = flag:  0.000e+00
# span 0 =     -0.750,     10.842       
# span 1 =     -0.216,      0.308       
# span 2 =     0.0258,     6.4091       
# span 3 =      0.369,    111.303       
# span 4 =      4.612,    167.213       
# span 5 =   4.934589, 114.932334       
# span 6 =    -3.2569,   259.6993       
# span 7 =      6.703,      8.034       
# span 8 =  -661.6794,   394.6766       
# span 9 = 1.2351e-01, 2.9688e+03       
# span 10 =   -10.0238,     8.8705      
# span 11 =     -0.737,     10.632      
# span 12 =     -1.068,     15.421      
# span 13 =     9.3486,    32.6119      
# span 14 =   994.8390,   999.8701      
# span 15 = 0.0000e+00, 0.0000e+00      
# interval = seconds: 0.25
# start_time = Jul 29 2020 22:03:07 [Instrument's time stamp, header]
# bad_flag = -9.990e-29
*END*
[from data line 2622]
      6.002      0.004     0.0333      0.503     35.133  26.687532     8.4520      6.758   176.7671 6.5350e+00     3.6597      5.887      8.538    12.9727   999.4254 0.0000e+00
      6.002      0.003     0.0356      0.480     35.198  26.740012     8.2835      6.757   176.5851 6.5332e+00     3.6496      5.885      8.537    12.9709   999.4256 0.0000e+00
      6.002      0.002     0.0338      0.470     35.259  26.786950     8.1825      6.757   176.3396 6.5399e+00     3.6511      5.885      8.536    12.9703   999.4257 0.0000e+00
      6.003      0.002     0.0383      0.482     35.293  26.811036     8.1557      6.757   176.0360 6.5585e+00     3.6428      5.887      8.538    12.9731   999.4254 0.0000e+00
      6.004      0.003     0.0382      0.492     35.336  26.840941     8.0745      6.757   175.8392 6.5587e+00     3.5834      5.888      8.540    12.9778   999.4248 0.0000e+00
      6.005      0.003     0.0345      0.482     35.411  26.894799     7.9347      6.757   175.6804 6.5430e+00     3.4834      5.889      8.542    12.9827   999.4241 0.0000e+00
      6.005      0.003     0.0342      0.469     35.412  26.891348     7.8579      6.757   175.4925 6.5481e+00     3.3947      5.889      8.542    12.9827   999.4242 0.0000e+00
      6.006      0.002     0.0353      0.487     35.296  26.799206     7.8516      6.758   175.3741 6.5625e+00     3.3696      5.890      8.542    12.9801   999.4245 0.0000e+00
      6.008      0.001     0.0374      0.507     35.124  26.668747     7.8866      6.758   175.1961 6.5638e+00     3.3860      5.892      8.544    12.9771   999.4249 0.0000e+00
      6.008     -0.001     0.0359      0.494     35.004  26.582592     7.9573      6.758   174.8891 6.5542e+00     3.4214      5.892      8.546    12.9733   999.4255 0.0000e+00
      6.008     -0.002     0.0331      0.472     34.995  26.582121     7.9915      6.758   174.5868 6.5619e+00     3.4535      5.892      8.546    12.9658   999.4265 0.0000e+00
      6.007     -0.004     0.0356      0.457     35.011  26.599626     7.9950      6.758   174.2944 6.5851e+00     3.4312      5.892      8.545    12.9576   999.4275 0.0000e+00
      6.005     -0.004     0.0394      0.458     35.010  26.603956     8.1036      6.758   174.0210 6.5940e+00     3.3916      5.889      8.542    12.9574   999.4273 0.0000e+00
      6.003     -0.004     0.0360      0.474     35.045  26.634478     8.3031      6.758   173.7766 6.6021e+00     3.3875      5.886      8.537    12.9669   999.4261 0.0000e+00
      6.001     -0.003     0.0349      0.475     35.150  26.714947     8.4051      6.758   173.5756 6.6181e+00     3.4156      5.885      8.535    12.9788   999.4245 0.0000e+00
      6.001     -0.001     0.0332      0.460     35.286  26.815733     8.4214      6.758   173.3980 6.6391e+00     3.4216      5.884      8.534    12.9851   999.4238 0.0000e+00
      6.001      0.002     0.0329      0.445     35.407  26.901621     8.4240      6.758   173.1781 6.6491e+00     3.3921      5.884      8.534    12.9915   999.4230 0.0000e+00
      6.002      0.005     0.0358      0.445     35.538  26.992235     8.2835      6.758   172.9817 6.6408e+00     3.4022      5.886      8.536    12.9982   999.4222 0.0000e+00
      6.003      0.008     0.0354      0.447     35.676  27.086720     8.0290      6.758   172.8306 6.6299e+00     3.4404      5.887      8.538    13.0002   999.4220 0.0000e+00
      6.005      0.010     0.0343      0.463     35.783  27.155973     7.8836      6.758   172.6411 6.6040e+00     3.4417      5.888      8.539    12.9972   999.4224 0.0000e+00
      6.009      0.012     0.0317      0.495     35.853  27.195238     7.8508      6.757   172.3258 6.5736e+00     3.4182      5.893      8.547    12.9869   999.4237 0.0000e+00
      6.013      0.013     0.0334      0.512     35.852  27.180858     7.8523      6.757   172.0294 6.5532e+00     3.4655      5.897      8.553    12.9747   999.4254 0.0000e+00
      6.016      0.013     0.0326      0.522     35.767  27.108958     7.8729      6.757   171.8103 6.5287e+00     3.6019      5.900      8.557    12.9608   999.4272 0.0000e+00
      6.021      0.010     0.0329      0.527     35.653  27.023635     7.8807      6.756   171.5700 6.5007e+00     3.6933      5.905      8.564    12.9424   999.4296 0.0000e+00
      6.025      0.005     0.0380      0.522     35.578  26.973845     7.8707      6.756   171.3615 6.4815e+00     3.6442      5.910      8.571    12.9233   999.4320 0.0000e+00
      6.027      0.000     0.0376      0.514     35.538  26.950983     7.9047      6.756   171.1812 6.4747e+00     3.5231      5.912      8.574    12.9022   999.4346 0.0000e+00
      6.025     -0.004     0.0384      0.486     35.511  26.937507     8.0047      6.756   171.0247 6.4791e+00     3.4649      5.910      8.572    12.8882   999.4364 0.0000e+00
      6.021     -0.006     0.0399      0.444     35.501  26.937776     8.0701      6.757   170.8463 6.4903e+00     3.4555      5.907      8.566    12.8926   999.4358 0.0000e+00
      6.016     -0.004     0.0379      0.424     35.515  26.954248     8.0566      6.757   170.6586 6.4985e+00     3.4086      5.900      8.557    12.9062   999.4340 0.0000e+00
      6.013      0.000     0.0387      0.435     35.582  27.009817     7.9270      6.756   170.5626 6.4934e+00     3.3788      5.895      8.551    12.9151   999.4329 0.0000e+00
      6.013      0.004     0.0367      0.461     35.617  27.038775     7.7230      6.755   170.4599 6.4756e+00     3.4048      5.896      8.552    12.9244   999.4317 0.0000e+00
      6.018      0.008     0.0318      0.484     35.547  26.987215     7.6225      6.755   170.2766 6.4609e+00     3.4478      5.901      8.558    12.9365   999.4302 0.0000e+00
      6.024      0.010     0.0304      0.489     35.509  26.957306     7.6179      6.755   170.0677 6.4453e+00     3.4873      5.907      8.568    12.9456   999.4291 0.0000e+00
      6.029      0.011     0.0317      0.477     35.560  26.994298     7.6194      6.755   169.8262 6.4197e+00     3.4708      5.914      8.578    12.9521   999.4283 0.0000e+00
      6.031      0.013     0.0341      0.472     35.640  27.053896     7.6210      6.755   169.5941 6.4155e+00     3.4543      5.916      8.580    12.9565   999.4277 0.0000e+00
      6.030      0.016     0.0361      0.482     35.796  27.170444     7.6189      6.755   169.3259 6.4354e+00     3.4932      5.912      8.575    12.9581   999.4275 0.0000e+00
      6.030      0.020     0.0368      0.482     36.006  27.325123     7.6124      6.755   168.9063 6.4279e+00     3.5289      5.911      8.573    12.9562   999.4278 0.0000e+00
      6.037      0.024     0.0349      0.461     36.121  27.401720     7.6095      6.754   168.3926 6.3877e+00     3.5431      5.919      8.584    12.9535   999.4281 0.0000e+00
      6.047      0.028     0.0341      0.445     36.135  27.398814     7.5652      6.754   167.8477 6.3435e+00     3.5962      5.930      8.601    12.9513   999.4285 0.0000e+00
      6.059      0.029     0.0360      0.454     36.173  27.416830     7.4766      6.754   167.3084 6.2923e+00     3.6903      5.942      8.618    12.9505   999.4287 0.0000e+00
      6.070      0.029     0.0365      0.481     36.281  27.492676     7.4342      6.754   166.8618 6.2440e+00     3.7534      5.954      8.636    12.9457   999.4295 0.0000e+00
      6.076      0.027     0.0337      0.497     36.370  27.554657     7.4255      6.753   166.4921 6.2233e+00     3.7759      5.960      8.644    12.9293   999.4316 0.0000e+00
      6.078      0.024     0.0322      0.493     36.352  27.531898     7.3615      6.752   166.1082 6.2013e+00     3.7905      5.959      8.643    12.9058   999.4345 0.0000e+00
      6.082      0.019     0.0327      0.486     36.284  27.471221     7.2606      6.751   165.6613 6.1519e+00     3.8607      5.962      8.648    12.8896   999.4365 0.0000e+00
      6.090      0.016     0.0361      0.490     36.266  27.455345     7.2174      6.751   165.2191 6.1001e+00     3.9723      5.973      8.663    12.8860   999.4371 0.0000e+00
      6.096      0.015     0.0375      0.496     36.274  27.466801     7.2208      6.751   164.8909 6.0650e+00     4.0415      5.980      8.673    12.8816   999.4378 0.0000e+00
      6.098      0.015     0.0363      0.488     36.288  27.482876     7.1676      6.751   164.6179 6.0493e+00     4.0110      5.981      8.674    12.8662   999.4397 0.0000e+00
      6.098      0.015     0.0357      0.473     36.338  27.522838     7.0606      6.751   164.3282 6.0318e+00     3.9470      5.979      8.672    12.8488   999.4418 0.0000e+00
      6.101      0.015     0.0360      0.472     36.402  27.569384     7.0149      6.751   163.9688 6.0091e+00     3.9550      5.982      8.676    12.8455   999.4422 0.0000e+00
      6.106      0.016     0.0373      0.476     36.535  27.665067     7.0430      6.751   163.5417 5.9961e+00     4.0042      5.987      8.684    12.8570   999.4409 0.0000e+00
      6.110      0.018     0.0364      0.464     36.796  27.855082     7.1052      6.750   163.0370 5.9768e+00     4.0614      5.992      8.690    12.8671   999.4395 0.0000e+00
      6.115      0.019     0.0344      0.446     37.119  28.090677     7.2051      6.749   162.5122 5.9454e+00     4.1663      5.997      8.697    12.8692   999.4393 0.0000e+00
      6.122      0.018     0.0347      0.441     37.315  28.229967     7.2870      6.749   162.1863 5.9168e+00     4.2768      6.004      8.707    12.8661   999.4398 0.0000e+00
      6.128      0.016     0.0358      0.439     37.294  28.207085     7.3139      6.749   161.9363 5.9068e+00     4.3328      6.010      8.717    12.8594   999.4407 0.0000e+00
      6.131      0.014     0.0346      0.431     37.200  28.131179     7.2810      6.749   161.5545 5.9054e+00     4.2593      6.013      8.721    12.8492   999.4420 0.0000e+00
      6.134      0.011     0.0322      0.433     37.045  28.009981     7.1372      6.749   161.0113 5.9147e+00     4.0748      6.016      8.725    12.8353   999.4439 0.0000e+00
      6.136      0.007     0.0327      0.454     36.879  27.883513     6.9399      6.749   160.3580 5.9320e+00     3.9900      6.017      8.728    12.8225   999.4457 0.0000e+00
      6.137      0.004     0.0329      0.469     36.855  27.870744     6.8318      6.749   159.7647 5.9348e+00     3.9901      6.018      8.729    12.8125   999.4468 0.0000e+00
      6.137      0.002     0.0316      0.457     36.824  27.855606     6.8120      6.749   159.2590 5.9454e+00     3.9731      6.020      8.731    12.8069   999.4474 0.0000e+00
      6.137      0.002     0.0312      0.441     36.693  27.763917     6.7872      6.749   158.8031 5.9616e+00     3.9206      6.019      8.731    12.8017   999.4481 0.0000e+00
      6.136      0.002     0.0337      0.438     36.869  27.903964     6.7315      6.749   158.3829 5.9569e+00     3.8710      6.017      8.728    12.7976   999.4485 0.0000e+00
      6.136      0.003     0.0363      0.446     37.443  28.343636     6.7019      6.748   158.0491 5.9463e+00     3.9226      6.017      8.727    12.8064   999.4474 0.0000e+00
      6.137      0.005     0.0334      0.454     37.746  28.576066     6.7053      6.747   157.6927 5.9446e+00     3.9951      6.018      8.729    12.8210   999.4456 0.0000e+00
      6.138      0.007     0.0324      0.463     37.554  28.430582     6.7814      6.747   157.2579 5.9365e+00     4.0608      6.020      8.731    12.8301   999.4444 0.0000e+00
      6.141      0.009     0.0318      0.475     37.378  28.297377     6.9360      6.746   157.0081 5.9177e+00     4.1679      6.022      8.735    12.8380   999.4434 0.0000e+00
      6.145      0.011     0.0333      0.498     37.378  28.297658     7.0100      6.746   156.8231 5.9058e+00     4.1918      6.027      8.741    12.8477   999.4426 0.0000e+00
      6.148      0.014     0.0333      0.508     37.308  28.243683     6.9620      6.746   156.3972 5.8965e+00     4.1433      6.030      8.745    12.8515   999.4422 0.0000e+00
      6.150      0.017     0.0345      0.485     37.275  28.215688     6.5559      6.745   155.8163 5.8779e+00     4.1658      6.030      8.746    12.8493   999.4423 0.0000e+00
      6.153      0.019     0.0346      0.469     37.445  28.339770     5.8289      6.745   155.2200 5.8591e+00     4.2229      6.033      8.750    12.8495   999.4424 0.0000e+00
      6.159      0.021     0.0365      0.460     37.630  28.475233     5.4284      6.746   154.5211 5.8439e+00     4.2161      6.039      8.759    12.8512   999.4422 0.0000e+00
      6.168      0.021     0.0400      0.455     37.694  28.521412     5.3951      6.746   153.7336 5.8143e+00     4.1511      6.048      8.772    12.8504   999.4422 0.0000e+00
      6.177      0.020     0.0343      0.458     37.689  28.517497     5.4552      6.745   153.0117 5.7824e+00     4.1243      6.058      8.787    12.8461   999.4428 0.0000e+00
      6.182      0.017     0.0352      0.471     37.736  28.554765     5.5534      6.745   152.4185 5.7739e+00     4.1666      6.063      8.794    12.8388   999.4438 0.0000e+00
      6.184      0.015     0.0339      0.489     37.952  28.718275     5.5809      6.745   151.9805 5.7769e+00     4.1826      6.064      8.795    12.8320   999.4448 0.0000e+00
      6.185      0.014     0.0334      0.494     38.208  28.908551     5.5590      6.745   151.6741 5.7962e+00     4.1451      6.066      8.799    12.8291   999.4451 0.0000e+00
      6.185      0.014     0.0337      0.489     38.274  28.952259     5.5562      6.744   151.2947 5.8139e+00     4.1254      6.065      8.797    12.8292   999.4451 0.0000e+00
      6.188      0.013     0.0343      0.475     38.169  28.866110     5.5572      6.744   150.7499 5.7892e+00     4.1507      6.067      8.798    12.8319   999.4448 0.0000e+00
      6.196      0.013     0.0371      0.456     38.026  28.755052     5.5424      6.744   150.2486 5.7616e+00     4.2104      6.076      8.812    12.8337   999.4446 0.0000e+00
      6.203      0.012     0.0363      0.446     37.934  28.687897     5.5195      6.744   149.8793 5.7666e+00     4.2303      6.085      8.825    12.8292   999.4454 0.0000e+00
      6.205      0.010     0.0367      0.451     37.927  28.688518     5.5186      6.744   149.5548 5.7872e+00     4.1513      6.087      8.829    12.8182   999.4468 0.0000e+00
      6.204      0.007     0.0352      0.469     38.022  28.762568     5.6557      6.744   149.1643 5.8014e+00     4.0447      6.085      8.825    12.8083   999.4480 0.0000e+00
      6.204      0.005     0.0335      0.482     38.187  28.885423     5.9000      6.744   148.6857 5.8052e+00     3.9706      6.083      8.823    12.8037   999.4485 0.0000e+00
      6.204      0.004     0.0324      0.481     38.305  28.968632     6.0302      6.744   148.2417 5.8191e+00     3.9419      6.084      8.824    12.8075   999.4479 0.0000e+00
      6.205      0.006     0.0331      0.488     38.370  29.007394     6.0381      6.743   147.8401 5.8241e+00     3.9381      6.084      8.824    12.8191   999.4465 0.0000e+00
      6.207      0.009     0.0345      0.498     38.426  29.036892     5.9288      6.741   147.3571 5.8093e+00     3.9938      6.087      8.828    12.8231   999.4461 0.0000e+00
      6.211      0.012     0.0369      0.502     38.404  29.008087     5.7378      6.741   146.8765 5.7993e+00     4.1342      6.091      8.834    12.8190   999.4467 0.0000e+00
      6.213      0.016     0.0346      0.500     38.292  28.912849     5.6554      6.740   146.5026 5.7944e+00     4.1939      6.093      8.837    12.8119   999.4476 0.0000e+00
      6.217      0.020     0.0362      0.493     38.119  28.773486     5.6670      6.740   146.1057 5.7865e+00     4.1317      6.097      8.841    12.7970   999.4495 0.0000e+00
      6.223      0.023     0.0374      0.494     37.974  28.655234     5.8013      6.740   145.6917 5.7752e+00     4.1037      6.102      8.850    12.7795   999.4517 0.0000e+00
