Data/DataNotYetUploadedToEDI/Raw_CTD/RawDownloads/07302020_bvr50.cnv
* Sea-Bird SBE19plus  Data File:
* FileName = C:\DATA\07302020_bvr50_0001.hex
* Software version 2.8.0.119
* Temperature SN = 7809
* Conductivity SN = 7809
* System UpLoad Time = Jul 30 2020 16:35:11
* <ApplicationData>
* <Seaterm232>
# nquan = 16
# nvalues = 6711                        
# units = specified
# name 0 = depFM: Depth [fresh water, m]
# name 1 = dz/dtM: Descent Rate [m/s]
# name 2 = sbeox0ML/L: Oxygen, SBE 43 [ml/l]
# name 3 = sbeox0PS: Oxygen, SBE 43 [% saturation]
# name 4 = specc: Specific Conductance [uS/cm]
# name 5 = c0uS/cm: Conductivity [uS/cm]
# name 6 = flECO-AFL: Fluorescence, WET Labs ECO-AFL/FL [mg/m^3]
# name 7 = ph: pH
# name 8 = orp: Oxidation Reduction Potential [mV]
# name 9 = par/sat/log: PAR/Logarithmic, Satlantic
# name 10 = turbWETntu0: Turbidity, WET Labs ECO [NTU]
# name 11 = prdM: Pressure, Strain Gauge [db]
# name 12 = prdE: Pressure, Strain Gauge [psi]
# name 13 = tv290C: Temperature [ITS-90, deg C]
# name 14 = density00: Density [density, kg/m^3]
# name 15 = flag:  0.000e+00
# span 0 =     -0.750,     10.842       
# span 1 =     -0.216,      0.308       
# span 2 =     0.0258,     6.4091       
# span 3 =      0.369,    111.303       
# span 4 =      4.612,    167.213       
# span 5 =   4.934589, 114.932334       
# span 6 =    -3.2569,   259.6993       
# span 7 =      6.703,      8.034       
# span 8 =  -661.6794,   394.6766       
# span 9 = 1.2351e-01, 2.9688e+03       
# span 10 =   -10.0238,     8.8705      
# span 11 =     -0.737,     10.632      
# span 12 =     -1.068,     15.421      
# span 13 =     9.3486,    32.6119      
# span 14 =   994.8390,   999.8701      
# span 15 = 0.0000e+00, 0.0000e+00      
# interval = seconds: 0.25
# start_time = Jul 29 2020 22:03:07 [Instrument's time stamp, header]
# bad_flag = -9.990e-29
*END*
[from data line 4159]
      8.787      0.001     0.0396      0.461    108.427  76.163695     1.3894      6.753   -75.2551 2.0326e-01     2.5267      8.618     12.499    10.1139   999.7732 0.0000e+00
      8.786     -0.002     0.0365      0.463    108.473  76.200462     1.3312      6.754   -75.3264 2.0435e-01     2.5957      8.617     12.498    10.1150   999.7731 0.0000e+00
      8.785     -0.004     0.0368      0.438    108.503  76.224549     1.3095      6.754   -75.4614 2.1230e-01     2.6741      8.615     12.495    10.1165   999.7729 0.0000e+00
      8.784     -0.004     0.0352      0.414    108.468  76.200584     1.2985      6.754   -75.5959 2.2575e-01     2.6846      8.614     12.494    10.1179   999.7728 0.0000e+00
      8.782     -0.003     0.0361      0.408    108.418  76.165059     1.2946      6.753   -75.7482 2.2540e-01     2.6889      8.613     12.492    10.1197   999.7726 0.0000e+00
      8.780      0.000     0.0381      0.413    108.433  76.176535     1.2910      6.753   -76.0120 2.1454e-01     2.6910      8.610     12.486    10.1223   999.7724 0.0000e+00
      8.780      0.004     0.0339      0.422    108.483  76.212166     1.2738      6.753   -76.2050 2.0561e-01     2.6074      8.609     12.486    10.1240   999.7723 0.0000e+00
      8.782      0.006     0.0321      0.431    108.485  76.214355     1.2484      6.753   -76.2745 2.0884e-01     2.4674      8.613     12.491    10.1238   999.7723 0.0000e+00
      8.785      0.008     0.0320      0.433    108.469  76.203004     1.2414      6.754   -76.4226 2.1966e-01     2.4406      8.615     12.494    10.1231   999.7723 0.0000e+00
      8.788      0.009     0.0324      0.432    108.468  76.202086     1.2565      6.754   -76.6189 2.2329e-01     2.6266      8.619     12.500    10.1234   999.7723 0.0000e+00
      8.792      0.009     0.0331      0.435    108.469  76.203251     1.2876      6.754   -76.7544 2.2536e-01     2.8626      8.623     12.507    10.1243   999.7723 0.0000e+00
      8.793      0.008     0.0345      0.451    108.490  76.217097     1.3029      6.755   -76.8565 2.2421e-01     2.8561      8.622     12.506    10.1241   999.7723 0.0000e+00
      8.793      0.006     0.0339      0.470    108.527  76.242322     1.2986      6.755   -76.9930 2.0739e-01     2.6510      8.621     12.504    10.1238   999.7723 0.0000e+00
      8.796      0.002     0.0343      0.483    108.546  76.253894     1.3119      6.755   -77.1148 1.9130e-01     2.5462      8.626     12.510    10.1243   999.7723 0.0000e+00
      8.799      0.000     0.0335      0.492    108.514  76.229839     1.3200      6.754   -77.2104 1.9376e-01     2.6190      8.630     12.517    10.1246   999.7723 0.0000e+00
      8.798      0.000     0.0354      0.482    108.481  76.205814     1.3115      6.754   -77.3739 2.0899e-01     2.7074      8.630     12.516    10.1239   999.7724 0.0000e+00
      8.794      0.001     0.0377      0.479    108.499  76.217768     1.3321      6.754   -77.5425 2.1996e-01     2.7568      8.623     12.506    10.1233   999.7724 0.0000e+00
      8.791      0.001     0.0374      0.494    108.540  76.247200     1.3882      6.755   -77.6146 2.1982e-01     2.8377      8.618     12.500    10.1228   999.7724 0.0000e+00
      8.793      0.002     0.0401      0.495    108.625  76.307321     1.4173      6.755   -77.6436 2.1205e-01     2.8954      8.622     12.505    10.1221   999.7725 0.0000e+00
      8.797      0.004     0.0376      0.479    108.816  76.435986     1.3891      6.755   -77.7213 2.0136e-01     2.8371      8.628     12.514    10.1216   999.7725 0.0000e+00
      8.800      0.005     0.0364      0.459    109.066  76.594706     1.3331      6.755   -77.8657 1.9706e-01     2.6137      8.630     12.517    10.1212   999.7726 0.0000e+00
      8.801      0.005     0.0400      0.450    109.248  76.700256     1.3025      6.757   -78.0125 1.9048e-01     2.4260      8.631     12.518    10.1214   999.7726 0.0000e+00
      8.802      0.004     0.0395      0.464    109.272  76.694741     1.3247      6.757   -78.0333 1.8798e-01     2.4560      8.632     12.520    10.1224   999.7725 0.0000e+00
      8.801      0.002     0.0377      0.474    109.153  76.591583     1.3723      6.756   -78.0317 1.9773e-01     2.5984      8.631     12.518    10.1214   999.7727 0.0000e+00
      8.801      0.002     0.0363      0.479    109.084  76.533968     1.4019      6.756   -78.1658 2.0132e-01     2.6709      8.630     12.516    10.1127   999.7737 0.0000e+00
      8.802      0.004     0.0340      0.475    109.129  76.570410     1.3966      6.756   -78.2776 2.0183e-01     2.6122      8.632     12.520    10.1005   999.7748 0.0000e+00
      8.803      0.007     0.0374      0.452    109.139  76.587093     1.3844      6.756   -78.2651 2.0987e-01     2.5411      8.633     12.521    10.0914   999.7756 0.0000e+00
      8.803      0.011     0.0374      0.445    109.068  76.544913     1.3873      6.756   -78.3587 2.1327e-01     2.6353      8.631     12.518    10.0806   999.7765 0.0000e+00
      8.805      0.013     0.0376      0.452    109.001  76.505551     1.4034      6.755   -78.5491 2.0204e-01     2.8928      8.633     12.521    10.0750   999.7770 0.0000e+00
      8.812      0.014     0.0390      0.449    108.967  76.492708     1.4356      6.755   -78.5890 1.9531e-01     3.0791      8.642     12.535    10.0799   999.7766 0.0000e+00
      8.819      0.013     0.0345      0.447    108.897  76.453225     1.4718      6.755   -78.5825 2.0308e-01     3.0690      8.649     12.545    10.0855   999.7761 0.0000e+00
      8.822      0.011     0.0344      0.443    108.828  76.409710     1.4782      6.756   -78.6429 2.0300e-01     3.0108      8.651     12.547    10.0879   999.7759 0.0000e+00
      8.825      0.007     0.0366      0.437    108.831  76.411681     1.4088      6.756   -78.7164 1.8646e-01     2.9244      8.655     12.553    10.0906   999.7756 0.0000e+00
      8.825      0.002     0.0347      0.443    108.835  76.413472     1.3005      6.756   -78.7825 1.7280e-01     2.7113      8.656     12.554    10.0967   999.7751 0.0000e+00
      8.824     -0.002     0.0354      0.447    108.859  76.431364     1.2556      6.756   -78.8402 1.7160e-01     2.5971      8.653     12.550    10.1024   999.7745 0.0000e+00
      8.824     -0.004     0.0356      0.455    108.957  76.500835     1.2859      6.756   -78.8978 1.7274e-01     2.6763      8.652     12.551    10.1038   999.7743 0.0000e+00
      8.823     -0.004     0.0329      0.467    109.037  76.553976     1.3330      6.756   -78.9626 1.7414e-01     2.7765      8.653     12.550    10.1031   999.7745 0.0000e+00
      8.820     -0.004     0.0359      0.467    109.063  76.565178     1.3197      6.757   -79.0219 1.7505e-01     2.7447      8.648     12.543    10.1024   999.7745 0.0000e+00
      8.818     -0.003     0.0349      0.478    109.088  76.572674     1.2586      6.757   -79.1844 1.7047e-01     2.6002      8.645     12.539    10.1030   999.7744 0.0000e+00
      8.818      0.000     0.0351      0.500    109.112  76.581012     1.2327      6.756   -79.3777 1.7615e-01     2.5054      8.647     12.541    10.1041   999.7744 0.0000e+00
      8.818      0.004     0.0381      0.508    109.151  76.602404     1.2446      6.756   -79.3805 1.9981e-01     2.5257      8.648     12.542    10.1031   999.7745 0.0000e+00
      8.819      0.008     0.0360      0.504    109.215  76.640553     1.2690      6.757   -79.4774 2.0700e-01     2.7433      8.647     12.542    10.0991   999.7748 0.0000e+00
      8.821      0.009     0.0370      0.487    109.255  76.660730     1.3087      6.757   -79.7741 1.9290e-01     3.0422      8.650     12.545    10.0937   999.7754 0.0000e+00
      8.825      0.009     0.0403      0.468    109.257  76.655587     1.3428      6.757   -79.9569 1.8523e-01     3.1173      8.655     12.551    10.0896   999.7758 0.0000e+00
      8.830      0.008     0.0401      0.488    109.242  76.641951     1.3487      6.757   -80.0526 1.9197e-01     3.0688      8.661     12.561    10.0877   999.7760 0.0000e+00
      8.832      0.008     0.0399      0.503    109.216  76.623029     1.3512      6.757   -80.1570 2.0888e-01     2.9700      8.663     12.565    10.0851   999.7762 0.0000e+00
      8.832      0.007     0.0394      0.472    109.207  76.617574     1.3640      6.757   -80.1866 2.1553e-01     2.7470      8.661     12.562    10.0808   999.7766 0.0000e+00
      8.832      0.007     0.0345      0.439    109.234  76.639576     1.3789      6.757   -80.2384 2.0178e-01     2.6380      8.660     12.560    10.0774   999.7769 0.0000e+00
      8.833      0.006     0.0385      0.430    109.223  76.634709     1.4164      6.758   -80.3528 1.8683e-01     2.7175      8.661     12.562    10.0763   999.7770 0.0000e+00
      8.835      0.006     0.0423      0.434    109.205  76.622321     1.4559      6.758   -80.4522 1.8638e-01     2.8151      8.664     12.567    10.0758   999.7771 0.0000e+00
      8.840      0.006     0.0366      0.429    109.290  76.680565     1.4259      6.758   -80.5792 1.8307e-01     2.7531      8.669     12.574    10.0762   999.7771 0.0000e+00
      8.842      0.005     0.0337      0.411    109.416  76.766625     1.3589      6.758   -80.6840 1.7205e-01     2.5866      8.673     12.580    10.0782   999.7769 0.0000e+00
      8.842      0.004     0.0336      0.411    109.520  76.836208     1.3333      6.758   -80.7728 1.6728e-01     2.5185      8.671     12.577    10.0799   999.7768 0.0000e+00
      8.841      0.001     0.0344      0.441    109.599  76.885985     1.3543      6.758   -80.8785 1.7826e-01     2.6163      8.669     12.574    10.0798   999.7767 0.0000e+00
      8.841      0.000     0.0347      0.458    109.663  76.923340     1.3932      6.758   -80.9294 1.9845e-01     2.8074      8.669     12.575    10.0791   999.7768 0.0000e+00
      8.842      0.000     0.0318      0.461    109.742  76.969918     1.4124      6.758   -81.0447 1.9780e-01     2.9070      8.673     12.580    10.0778   999.7770 0.0000e+00
      8.842      0.001     0.0306      0.467    109.800  77.004013     1.4156      6.758   -81.2399 1.8309e-01     2.8252      8.672     12.578    10.0762   999.7772 0.0000e+00
      8.840      0.003     0.0358      0.464    109.825  77.017631     1.4226      6.758   -81.3101 1.7479e-01     2.6417      8.668     12.572    10.0742   999.7774 0.0000e+00
      8.841      0.004     0.0370      0.471    109.814  77.007381     1.4205      6.758   -81.2917 1.7508e-01     2.5420      8.669     12.573    10.0705   999.7777 0.0000e+00
      8.844      0.005     0.0351      0.486    109.723  76.943673     1.4002      6.759   -81.2749 1.8663e-01     2.6150      8.673     12.579    10.0658   999.7782 0.0000e+00
      8.846      0.008     0.0383      0.486    109.630  76.883245     1.3862      6.760   -81.2791 2.0062e-01     2.7010      8.675     12.582    10.0626   999.7785 0.0000e+00
      8.847      0.010     0.0356      0.470    109.658  76.912654     1.4227      6.759   -81.3430 1.9637e-01     2.7917      8.676     12.583    10.0610   999.7787 0.0000e+00
      8.850      0.011     0.0367      0.439    109.744  76.981306     1.4977      6.759   -81.3591 1.7927e-01     2.9904      8.678     12.586    10.0601   999.7788 0.0000e+00
      8.853      0.010     0.0393      0.435    109.790  77.013846     1.5207      6.760   -81.3017 1.7819e-01     3.0434      8.682     12.592    10.0595   999.7788 0.0000e+00
      8.857      0.008     0.0383      0.466    109.851  77.051730     1.4824      6.760   -81.3366 1.8327e-01     2.8842      8.685     12.598    10.0612   999.7786 0.0000e+00
      8.860      0.007     0.0385      0.491    109.962  77.121395     1.4541      6.759   -81.4368 1.7552e-01     2.7827      8.690     12.603    10.0675   999.7781 0.0000e+00
      8.861      0.006     0.0331      0.483    110.033  77.156668     1.4547      6.758   -81.4808 1.6721e-01     2.8458      8.691     12.604    10.0725   999.7777 0.0000e+00
      8.861      0.005     0.0329      0.457    110.064  77.160251     1.4714      6.758   -81.5250 1.7484e-01     2.9256      8.689     12.602    10.0717   999.7778 0.0000e+00
      8.861      0.004     0.0371      0.446    110.093  77.164691     1.4742      6.759   -81.6272 1.8548e-01     2.8898      8.689     12.602    10.0690   999.7780 0.0000e+00
      8.862      0.004     0.0400      0.464    110.081  77.146748     1.4597      6.760   -81.7706 1.7823e-01     2.7558      8.691     12.605    10.0662   999.7783 0.0000e+00
      8.864      0.004     0.0386      0.457    110.071  77.134053     1.4402      6.759   -81.7961 1.7215e-01     2.5761      8.693     12.608    10.0592   999.7790 0.0000e+00
      8.865      0.005     0.0360      0.419    110.081  77.138376     1.4096      6.759   -81.7632 1.8149e-01     2.5024      8.693     12.609    10.0491   999.7799 0.0000e+00
      8.866      0.005     0.0333      0.422    110.081  77.135430     1.3846      6.759   -81.8887 1.8530e-01     2.6193      8.695     12.610    10.0416   999.7806 0.0000e+00
      8.867      0.004     0.0378      0.453    110.121  77.162023     1.3769      6.760   -82.0232 1.7699e-01     2.7196      8.696     12.612    10.0377   999.7809 0.0000e+00
      8.869      0.003     0.0384      0.460    110.186  77.205552     1.3743      6.761   -82.0988 1.7324e-01     2.7888      8.697     12.614    10.0357   999.7811 0.0000e+00
      8.870      0.003     0.0302      0.455    110.204  77.216593     1.3627      6.761   -82.1145 1.7449e-01     2.9399      8.699     12.617    10.0344   999.7812 0.0000e+00
      8.870      0.003     0.0325      0.459    110.227  77.231925     1.3508      6.761   -82.1276 1.8107e-01     3.0014      8.699     12.616    10.0334   999.7813 0.0000e+00
      8.870      0.004     0.0373      0.468    110.272  77.263752     1.3254      6.762   -82.2576 1.8712e-01     2.9490      8.697     12.614    10.0328   999.7814 0.0000e+00
      8.871      0.005     0.0365      0.484    110.301  77.283456     1.2753      6.762   -82.3090 1.7766e-01     2.8212      8.699     12.617    10.0319   999.7815 0.0000e+00
      8.873      0.005     0.0352      0.490    110.296  77.279382     1.2697      6.762   -82.2327 1.6503e-01     2.7612      8.702     12.621    10.0306   999.7816 0.0000e+00
      8.875      0.006     0.0364      0.471    110.295  77.278092     1.3051      6.762   -82.2816 1.5761e-01     2.8416      8.703     12.623    10.0306   999.7817 0.0000e+00
      8.877      0.007     0.0366      0.464    110.371  77.331447     1.3220      6.763   -82.4698 1.6129e-01     2.8662      8.705     12.626    10.0310   999.7816 0.0000e+00
      8.879      0.007     0.0381      0.477    110.493  77.415760     1.3120      6.763   -82.6148 1.7869e-01     2.7496      8.709     12.630    10.0307   999.7817 0.0000e+00
      8.879      0.006     0.0403      0.476    110.579  77.470839     1.2700      6.763   -82.7440 1.8866e-01     2.5648      8.708     12.629    10.0301   999.7818 0.0000e+00
      8.881      0.006     0.0364      0.464    110.614  77.488668     1.2338      6.763   -82.8278 1.7580e-01     2.5202      8.709     12.631    10.0299   999.7817 0.0000e+00
      8.883      0.006     0.0353      0.447    110.643  77.504141     1.2274      6.763   -82.8545 1.5928e-01     2.6566      8.712     12.636    10.0302   999.7818 0.0000e+00
      8.885      0.005     0.0391      0.434    110.685  77.530726     1.2490      6.763   -82.9801 1.5993e-01     2.8063      8.713     12.637    10.0305   999.7818 0.0000e+00
      8.886      0.005     0.0373      0.426    110.726  77.555746     1.3044      6.763   -83.1418 1.6233e-01     2.8886      8.714     12.639    10.0281   999.7821 0.0000e+00
      8.888      0.004     0.0371      0.431    110.723  77.552289     1.3443      6.763   -83.1756 1.6733e-01     2.8622      8.716     12.641    10.0232   999.7825 0.0000e+00
