Data/DataNotYetUploadedToEDI/Raw_CTD/RawDownloads/073018_fcr30.cnv
* Sea-Bird SBE19plus  Data File:
* FileName = C:\DATA\073018_fcr50_0005.hex
* Software version 2.6.3.104 SB_Terminal.dll
* Temperature SN = 7809
* Conductivity SN = 7809
* System UpLoad Time = Jul 30 2018 16:26:39
* <ApplicationData>
* <Seaterm232>
# nquan = 15
# nvalues = 232                         
# units = specified
# name 0 = depFM: Depth [fresh water, m]
# name 1 = dz/dtM: Descent Rate [m/s]
# name 2 = sbeox0Mg/L: Oxygen, SBE 43 [mg/l]
# name 3 = sbeox0PS: Oxygen, SBE 43 [% saturation]
# name 4 = specc: Specific Conductance [uS/cm]
# name 5 = c0uS/cm: Conductivity [uS/cm]
# name 6 = flECO-AFL: Fluorescence, WET Labs ECO-AFL/FL [mg/m^3]
# name 7 = ph: pH
# name 8 = orp: Oxidation Reduction Potential [mV]
# name 9 = par/sat/log: PAR/Logarithmic, Satlantic
# name 10 = turbWETntu0: Turbidity, WET Labs ECO [NTU]
# name 11 = prdM: Pressure, Strain Gauge [db]
# name 12 = prdE: Pressure, Strain Gauge [psi]
# name 13 = tv290C: Temperature [ITS-90, deg C]
# name 14 = flag:  0.000e+00
# span 0 =     -0.550,      5.344       
# span 1 =      0.000,      0.223       
# span 2 =    -1.1031,     8.4451       
# span 3 =    -10.521,     99.281       
# span 4 =      0.956,     59.295       
# span 5 =   0.902561,  48.934699       
# span 6 =    -0.1873,     6.7720       
# span 7 =      6.339,      8.865       
# span 8 =   174.6281,   399.2580       
# span 9 = 1.9800e-01, 2.1651e+02       
# span 10 =    -0.2376,    19.6937      
# span 11 =     -0.540,      5.241      
# span 12 =     -0.783,      7.601      
# span 13 =    11.8932,    25.5298      
# span 14 = 0.0000e+00, 0.0000e+00      
# interval = seconds: 0.25
# start_time = Jul 30 2018 13:58:14 [Instrument's time stamp, header]
# bad_flag = -9.990e-29
*END*
     -0.550 9.9834e-13     8.4416     96.911      0.982   0.926884    -0.1640      6.344   372.8382 1.5419e+02     0.0305     -0.539     -0.782    22.1926 0.0000e+00
     -0.550 1.0982e-11     8.4440     96.938      0.968   0.914194    -0.1743      6.344   376.3427 1.4716e+02     0.0007     -0.539     -0.782    22.1926 0.0000e+00
     -0.550 1.2080e-10     8.4446     96.946      0.956   0.902561    -0.1793      6.343   378.6135 1.3442e+02    -0.0589     -0.539     -0.782    22.1927 0.0000e+00
     -0.550 1.3288e-09     8.4435     96.933      0.967   0.913063    -0.1698      6.340   383.0875 1.2924e+02    -0.1415     -0.539     -0.782    22.1927 0.0000e+00
     -0.550 1.4617e-08     8.4415     96.910      0.968   0.914346    -0.1693      6.339   385.6965 1.3764e+02    -0.2043     -0.539     -0.782    22.1926 0.0000e+00
     -0.550 1.6078e-07     8.4402     96.895      0.973   0.918075    -0.1732      6.341   381.5067 1.4822e+02    -0.2376     -0.539     -0.782    22.1930 0.0000e+00
     -0.550      0.000     8.4419     96.915      1.015   0.958152    -0.1711      6.346   376.6538 1.5407e+02    -0.1786     -0.540     -0.783    22.1925 0.0000e+00
     -0.550      0.000     8.4449     96.949      1.078   1.018434    -0.1806      6.351   378.7294 1.5315e+02     0.6927     -0.539     -0.782    22.1934 0.0000e+00
     -0.550      0.000     8.4451     96.954      1.207   1.139637    -0.1873      6.353   385.4379 1.4808e+02     2.2397     -0.540     -0.783    22.1920 0.0000e+00
     -0.550      0.002     8.4424     96.931      1.759   1.662648    -0.1783      6.345   399.2580 1.4306e+02     3.0536     -0.540     -0.783    22.1941 0.0000e+00
     -0.550      0.011     8.4339     96.908      6.212   5.883597    -0.1733      6.352   378.9106 1.3586e+02     3.0572     -0.540     -0.783    22.1908 0.0000e+00
     -0.550      0.030     8.3967     96.919     15.605  14.873062    -0.1723      6.505   300.9153 1.3166e+02     2.2218     -0.540     -0.783    22.1962 0.0000e+00
     -0.549      0.058     8.3098     96.933     25.557  24.639884    -0.1756      6.926   241.3319 1.3969e+02     0.6739     -0.539     -0.782    22.1880 0.0000e+00
     -0.542      0.090     8.2033     96.886     33.004  32.197006    -0.1765      7.500   226.0080 1.5588e+02    -0.1244     -0.539     -0.782    22.2029 0.0000e+00
     -0.516      0.119     8.1188     96.791     36.022  35.446942    -0.1370      7.993   236.8644 1.6995e+02     0.0164     -0.517     -0.749    22.1809 0.0000e+00
     -0.466      0.140     8.0579     96.668     36.080  35.739990     0.2378      8.313   260.9166 1.8149e+02     1.8875     -0.458     -0.665    22.3098 0.0000e+00
     -0.409      0.153     8.0044     96.483     35.959  35.804087     0.9082      8.492   267.9104 1.9822e+02     5.2865     -0.397     -0.576    22.9993 0.0000e+00
     -0.360      0.159     7.9518     96.236     35.840  35.841061     1.2688      8.591   251.5610 2.1617e+02     7.1467     -0.347     -0.503    23.7818 0.0000e+00
     -0.325      0.158     7.9032     95.967     35.676  35.806140     1.3539      8.644   226.7116 2.1651e+02     7.2595     -0.314     -0.455    24.2416 0.0000e+00
     -0.299      0.148     7.8645     95.731     35.476  35.699668     2.0564      8.656   212.9293 1.9973e+02     6.4366     -0.297     -0.432    24.5441 0.0000e+00
     -0.267      0.133     7.8414     95.592     35.290  35.570206     3.3578      8.649   209.7633 1.9138e+02     4.8873     -0.268     -0.389    24.7881 0.0000e+00
     -0.223      0.118     7.8345     95.587     35.138  35.447809     4.0760      8.641   207.7907 1.9730e+02     4.0302     -0.218     -0.316    25.0091 0.0000e+00
     -0.180      0.102     7.8410     95.709     35.036  35.363207     4.1412      8.632   206.3724 2.0203e+02     3.9464     -0.170     -0.246    25.1939 0.0000e+00
     -0.155      0.082     7.8563     95.915     34.975  35.309571     4.1460      8.627   205.1765 2.0227e+02     3.9661     -0.146     -0.212    25.3294 0.0000e+00
     -0.145      0.062     7.8784     96.170     34.979  35.307476     4.1806      8.633   203.3115 2.0337e+02     3.9939     -0.142     -0.205    25.4036 0.0000e+00
     -0.139      0.046     7.9042     96.438     35.028  35.337857     4.2380      8.655   201.1173 2.0627e+02     3.9779     -0.136     -0.198    25.4412 0.0000e+00
     -0.136      0.039     7.9269     96.669     35.004  35.295760     4.2696      8.685   199.7260 2.0904e+02     3.9552     -0.131     -0.191    25.4634 0.0000e+00
     -0.134      0.040     7.9455     96.877     34.959  35.243092     4.2782      8.708   198.9646 2.0600e+02     3.9329     -0.134     -0.194    25.4789 0.0000e+00
     -0.125      0.044     7.9624     97.088     35.113  35.399777     4.2868      8.721   198.4506 1.9238e+02     3.8910     -0.129     -0.187    25.4722 0.0000e+00
     -0.103      0.045     7.9785     97.294     35.750  36.046849     4.3098      8.727   198.0716 1.7685e+02     3.8456     -0.100     -0.146    25.4350 0.0000e+00
     -0.081      0.043     8.0015     97.578     36.790  37.095627     4.3350      8.736   197.7372 1.7035e+02     3.7806     -0.074     -0.109    25.4033 0.0000e+00
     -0.070      0.037     8.0494     98.161     37.541  37.852986     4.3434      8.751   197.4189 1.7050e+02     3.7467     -0.066     -0.095    25.3939 0.0000e+00
     -0.065      0.026     8.1113     98.922     37.709  38.025544     4.3477      8.765   197.0619 1.7140e+02     3.7708     -0.064     -0.092    25.4023 0.0000e+00
     -0.062      0.013     8.1392     99.281     37.652  37.974993     4.3493      8.775   196.6909 1.7129e+02     3.7981     -0.061     -0.089    25.4110 0.0000e+00
     -0.061      0.004     8.1172     99.035     37.546  37.877088     4.3360      8.782   196.2892 1.7056e+02     3.7708     -0.058     -0.085    25.4112 0.0000e+00
     -0.064      0.001     8.0555     98.302     37.330  37.667659     4.3249      8.788   196.0762 1.7015e+02     3.7155     -0.061     -0.090    25.4066 0.0000e+00
     -0.068      0.001     7.9557     97.103     37.069  37.412185     4.3430      8.793   196.1804 1.7032e+02     3.7094     -0.068     -0.098    25.4095 0.0000e+00
     -0.070      0.003     7.8269     95.550     36.854  37.202240     4.3801      8.798   196.2579 1.7038e+02     3.7269     -0.070     -0.101    25.4226 0.0000e+00
     -0.067      0.005     7.6853     93.839     36.680  37.035048     4.4064      8.802   196.2403 1.6992e+02     3.7443     -0.066     -0.097    25.4352 0.0000e+00
     -0.061      0.005     7.5433     92.118     36.556  36.915317     4.4130      8.804   196.4829 1.6967e+02     3.7671     -0.059     -0.086    25.4468 0.0000e+00
     -0.056      0.005     7.4088     90.478     36.475  36.834535     4.4323      8.805   196.6967 1.6976e+02     3.7582     -0.054     -0.079    25.4564 0.0000e+00
     -0.056      0.003     7.2944     89.079     36.399  36.757104     4.4831      8.806   196.5882 1.6979e+02     3.7283     -0.054     -0.078    25.4671 0.0000e+00
     -0.057      0.001     7.2085     88.024     36.323  36.677874     4.5219      8.810   196.3747 1.6984e+02     3.7420     -0.056     -0.081    25.4792 0.0000e+00
     -0.059      0.000     7.1457     87.258     36.284  36.638875     4.5339      8.816   196.0939 1.6979e+02     3.7706     -0.058     -0.084    25.4866 0.0000e+00
     -0.061      0.003     7.0999     86.705     36.309  36.666723     4.5369      8.821   195.9470 1.6963e+02     3.7693     -0.061     -0.088    25.4890 0.0000e+00
     -0.062      0.009     7.0694     86.341     36.335  36.696968     4.5301      8.823   196.0619 1.6950e+02     3.7576     -0.063     -0.091    25.4863 0.0000e+00
     -0.059      0.016     7.0517     86.131     36.322  36.686934     4.5256      8.822   197.3973 1.6909e+02     3.7511     -0.061     -0.087    25.4806 0.0000e+00
     -0.054      0.022     7.0426     86.022     36.307  36.672462     4.5282      8.820   211.1459 1.6815e+02     3.7510     -0.054     -0.078    25.4812 0.0000e+00
     -0.046      0.024     7.0394     85.982     36.284  36.649035     4.5246      8.820   236.6777 1.6670e+02     3.7564     -0.045     -0.067    25.4868 0.0000e+00
     -0.036      0.023     7.0375     85.958     36.230  36.594260     4.4901      8.825   251.7682 1.6410e+02     3.8159     -0.034     -0.051    25.4921 0.0000e+00
     -0.026      0.020     7.0394     85.983     36.154  36.518375     4.4338      8.833   254.6502 1.6069e+02     3.9219     -0.023     -0.033    25.4968 0.0000e+00
     -0.022      0.015     7.0564     86.193     36.066  36.430281     4.4039      8.842   255.8647 1.5821e+02     3.9699     -0.018     -0.027    25.4978 0.0000e+00
     -0.022      0.011     7.0947     86.663     35.991  36.354940     4.4041      8.849   255.6979 1.5723e+02     3.9694     -0.022     -0.031    25.4957 0.0000e+00
     -0.023      0.007     7.1490     87.328     35.941  36.306198     4.4087      8.852   245.1480 1.5716e+02     3.9768     -0.024     -0.035    25.4965 0.0000e+00
     -0.023      0.005     7.2130     88.116     35.918  36.285612     4.4055      8.851   224.8429 1.5755e+02     3.9670     -0.024     -0.034    25.4984 0.0000e+00
     -0.020      0.003     7.2868     89.022     35.927  36.296608     4.4016      8.849   220.5568 1.5790e+02     3.9431     -0.020     -0.029    25.4987 0.0000e+00
     -0.016      0.003     7.3732     90.081     35.941  36.312109     4.4073      8.850   236.4306 1.5780e+02     3.9624     -0.016     -0.023    25.4998 0.0000e+00
     -0.015      0.002     7.4709     91.276     35.974  36.345999     4.4287      8.857   249.5976 1.5715e+02     4.0176     -0.014     -0.020    25.5022 0.0000e+00
     -0.016      0.000     7.5643     92.416     36.016  36.388743     4.4582      8.864   252.9353 1.5615e+02     4.0306     -0.015     -0.021    25.5050 0.0000e+00
     -0.018      0.000     7.6388     93.325     36.012  36.384257     4.4698      8.865   243.4041 1.5560e+02     3.9962     -0.018     -0.026    25.5082 0.0000e+00
     -0.020      0.001     7.6937     93.994     35.985  36.355278     4.4670      8.860   222.8906 1.5575e+02     3.9683     -0.021     -0.030    25.5112 0.0000e+00
     -0.021      0.004     7.7354     94.501     35.986  36.355975     4.4802      8.850   209.0801 1.5602e+02     3.9678     -0.022     -0.032    25.5113 0.0000e+00
     -0.020      0.014     7.7779     95.021     36.023  36.392690     4.5100      8.842   204.7067 1.5624e+02     3.9600     -0.020     -0.030    25.5105 0.0000e+00
     -0.017      0.034     7.8308     95.665     36.049  36.418047     4.5236      8.837   201.9325 1.5638e+02     3.9347     -0.015     -0.022    25.5099 0.0000e+00
     -0.012      0.062     7.8896     96.377     35.979  36.344951     4.5249      8.837   200.1452 1.5490e+02     3.9064     -0.013     -0.018    25.5081 0.0000e+00
     -0.002      0.093     7.9453     97.052     35.782  36.144115     4.5265      8.840   199.3575 1.4115e+02     3.9540     -0.009     -0.012    25.5067 0.0000e+00
      0.023      0.120     7.9941     97.643     35.601  35.958973     4.5066      8.840   198.7754 1.1535e+02     4.1126      0.015      0.022    25.5080 0.0000e+00
      0.067      0.136     8.0383     98.166     35.534  35.885055     4.4776      8.835   198.1835 9.4727e+01     4.2070      0.059      0.086    25.5060 0.0000e+00
      0.124      0.141     8.0733     98.555     35.550  35.885595     4.4691      8.833   197.9660 7.9965e+01     4.2101      0.123      0.178    25.5029 0.0000e+00
      0.176      0.132     8.0871     98.682     35.645  35.965488     4.4685      8.834   197.9517 6.7050e+01     4.2113      0.182      0.265    25.4985 0.0000e+00
      0.208      0.113     8.0767     98.532     35.776  36.088733     4.5066      8.836   197.6669 5.9353e+01     4.1611      0.209      0.303    25.4975 0.0000e+00
      0.225      0.088     8.0467     98.168     35.855  36.168795     4.5991      8.839   197.3618 5.6268e+01     4.0607      0.222      0.322    25.4956 0.0000e+00
      0.235      0.063     8.0003     97.627     35.848  36.171229     4.6591      8.841   197.8760 5.5440e+01     4.0045      0.232      0.335    25.4670 0.0000e+00
      0.244      0.047     7.9422     96.953     35.781  36.118175     4.6618      8.843   198.2916 5.4688e+01     4.0004      0.238      0.344    25.4379 0.0000e+00
      0.254      0.042     7.8792     96.218     35.685  36.035536     4.6230      8.847   197.3104 5.3706e+01     3.9803      0.250      0.363    25.4275 0.0000e+00
      0.264      0.049     7.8226     95.551     35.575  35.934344     4.5567      8.851   196.3371 5.2752e+01     3.9445      0.260      0.378    25.4266 0.0000e+00
      0.271      0.064     7.7837     95.096     35.481  35.847529     4.5226      8.854   196.3322 5.1786e+01     3.9343      0.266      0.385    25.4431 0.0000e+00
      0.281      0.084     7.7577     94.797     35.438  35.811664     4.5229      8.855   196.6482 5.0596e+01     3.9796      0.271      0.393    25.4668 0.0000e+00
      0.304      0.109     7.7286     94.453     35.440  35.818322     4.5237      8.856   196.9754 4.8617e+01     4.0946      0.291      0.423    25.4866 0.0000e+00
      0.339      0.137     7.6950     94.044     35.423  35.800988     4.5227      8.857   197.2767 4.6112e+01     4.1946      0.331      0.480    25.5000 0.0000e+00
      0.381      0.167     7.6676     93.705     35.354  35.729124     4.5202      8.858   197.5378 4.3621e+01     4.2130      0.373      0.541    25.5093 0.0000e+00
      0.427      0.191     7.6483     93.466     35.275  35.648164     4.5204      8.858   197.6370 4.1638e+01     4.1945      0.418      0.605    25.5225 0.0000e+00
      0.480      0.205     7.6286     93.228     35.210  35.584356     4.5354      8.858   197.5304 4.0455e+01     4.1238      0.466      0.675    25.5289 0.0000e+00
      0.542      0.207     7.5964     92.826     35.159  35.529330     4.5636      8.856   197.4534 3.9461e+01     4.0301      0.532      0.771    25.5298 0.0000e+00
      0.605      0.198     7.5434     92.145     35.135  35.491009     4.5859      8.851   197.4804 3.8507e+01     4.0081      0.599      0.868    25.5257 0.0000e+00
      0.660      0.180     7.4693     91.192     35.166  35.502124     4.5932      8.846   197.5982 3.7898e+01     4.0098      0.649      0.942    25.5201 0.0000e+00
      0.705      0.156     7.3850     90.121     35.218  35.536645     4.6152      8.842   197.7593 3.7595e+01     3.9898      0.696      1.008    25.5294 0.0000e+00
      0.740      0.131     7.3154     89.249     35.218  35.527240     4.6497      8.843   197.7076 3.7481e+01     3.9791      0.731      1.060    25.5286 0.0000e+00
      0.761      0.112     7.2774     88.788     35.206  35.515450     4.6517      8.849   197.6606 3.7406e+01     3.9726      0.749      1.086    25.5048 0.0000e+00
      0.778      0.107     7.2652     88.654     35.205  35.521126     4.6390      8.854   197.8800 3.7066e+01     3.9723      0.759      1.101    25.4718 0.0000e+00
      0.799      0.114     7.2675     88.697     35.146  35.468840     4.6529      8.856   198.2956 3.6413e+01     3.9762      0.782      1.135    25.4415 0.0000e+00
      0.825      0.131     7.2788     88.846     35.065  35.391442     4.7284      8.854   198.8138 3.5581e+01     3.9580      0.807      1.170    25.4283 0.0000e+00
      0.858      0.156     7.2895     88.987     35.016  35.347562     4.8347      8.850   199.1557 3.4332e+01     3.9356      0.834      1.209    25.4303 0.0000e+00
      0.904      0.180     7.2874     88.967     34.986  35.319426     4.8809      8.847   199.2458 3.2715e+01     3.9187      0.884      1.282    25.4444 0.0000e+00
      0.958      0.195     7.2659     88.692     34.978  35.305339     4.8833      8.847   199.3009 3.1031e+01     3.9067      0.940      1.363    25.4550 0.0000e+00
      1.017      0.200     7.2239     88.122     35.001  35.304279     4.9000      8.846   199.4772 2.9236e+01     3.9425      0.995      1.444    25.4582 0.0000e+00
