Data/DataNotYetUploadedToEDI/Raw_CTD/RawDownloads/073018_fcr50.cnv
* Sea-Bird SBE19plus  Data File:
* FileName = C:\DATA\073018_fcr50_0007.hex
* Software version 2.6.3.104 SB_Terminal.dll
* Temperature SN = 7809
* Conductivity SN = 7809
* System UpLoad Time = Jul 30 2018 16:27:10
* <ApplicationData>
* <Seaterm232>
# nquan = 15
# nvalues = 478                         
# units = specified
# name 0 = depFM: Depth [fresh water, m]
# name 1 = dz/dtM: Descent Rate [m/s]
# name 2 = sbeox0Mg/L: Oxygen, SBE 43 [mg/l]
# name 3 = sbeox0PS: Oxygen, SBE 43 [% saturation]
# name 4 = specc: Specific Conductance [uS/cm]
# name 5 = c0uS/cm: Conductivity [uS/cm]
# name 6 = flECO-AFL: Fluorescence, WET Labs ECO-AFL/FL [mg/m^3]
# name 7 = ph: pH
# name 8 = orp: Oxidation Reduction Potential [mV]
# name 9 = par/sat/log: PAR/Logarithmic, Satlantic
# name 10 = turbWETntu0: Turbidity, WET Labs ECO [NTU]
# name 11 = prdM: Pressure, Strain Gauge [db]
# name 12 = prdE: Pressure, Strain Gauge [psi]
# name 13 = tv290C: Temperature [ITS-90, deg C]
# name 14 = flag:  0.000e+00
# span 0 =     -0.555,      9.452       
# span 1 =     -0.053,      0.230       
# span 2 =     0.1595,     8.8422       
# span 3 =      1.546,    106.557       
# span 4 =      0.648,     50.152       
# span 5 =   0.598511,  38.118924       
# span 6 =    -0.1929,     6.0807       
# span 7 =      6.146,      8.894       
# span 8 =   -26.1362,   301.7383       
# span 9 = 1.2549e-01, 1.6615e+02       
# span 10 =    -0.2658,    29.2701      
# span 11 =     -0.544,      9.270      
# span 12 =     -0.789,     13.446      
# span 13 =    11.9068,    25.6858      
# span 14 = 0.0000e+00, 0.0000e+00      
# interval = seconds: 0.25
# start_time = Jul 30 2018 14:35:09 [Instrument's time stamp, header]
# bad_flag = -9.990e-29
*END*
     -0.554 -8.630e-20     8.8411     99.515      0.673   0.620899    -0.1818      6.373   -19.5555 1.3891e+02     0.0021     -0.543     -0.788    21.1730 0.0000e+00
     -0.554 -7.845e-21     8.8418     99.524      0.672   0.619869    -0.1833      6.374   -22.4928 1.3507e+02     0.0080     -0.543     -0.787    21.1732 0.0000e+00
     -0.554 -7.130e-22     8.8417     99.523      0.658   0.607529    -0.1789      6.374   -24.0815 1.2945e+02     0.0199     -0.544     -0.788    21.1735 0.0000e+00
     -0.554 -6.485e-23     8.8411     99.517      0.648   0.598511    -0.1744      6.373   -23.5357 1.2331e+02    -0.0058     -0.543     -0.787    21.1736 0.0000e+00
     -0.554 -5.895e-24     8.8416     99.522      0.691   0.637658    -0.1748      6.372   -23.2937 1.1811e+02    -0.0287     -0.544     -0.788    21.1735 0.0000e+00
     -0.554 -5.324e-25     8.8422     99.528      0.758   0.700377    -0.1832      6.373   -24.7683 1.1502e+02    -0.0137     -0.544     -0.788    21.1739 0.0000e+00
     -0.554 -9.532e-27     8.8417     99.523      0.782   0.722721    -0.1842      6.374   -26.1362 1.0869e+02    -0.0072     -0.544     -0.789    21.1740 0.0000e+00
     -0.554 4.2648e-25     8.8405     99.509      0.846   0.780989    -0.1779      6.374   -24.6042 9.8845e+01    -0.0716     -0.544     -0.788    21.1741 0.0000e+00
     -0.554 4.7396e-24     8.8385     99.488      1.041   0.960999    -0.1803      6.374   -22.1618 9.3512e+01    -0.1823     -0.544     -0.789    21.1742 0.0000e+00
     -0.554 5.2140e-23     8.8376     99.478      1.217   1.123645    -0.1773      6.374   -20.0080 9.1867e+01    -0.2166     -0.544     -0.788    21.1741 0.0000e+00
     -0.554 5.7354e-22     8.8378     99.481      1.258   1.162197    -0.1692      6.374   -16.8034 9.0435e+01    -0.1815     -0.543     -0.787    21.1744 0.0000e+00
     -0.554 6.3089e-21     8.8377     99.480      1.270   1.173481    -0.1740      6.373   -13.1848 8.8481e+01    -0.1235     -0.543     -0.788    21.1746 0.0000e+00
     -0.554 6.9398e-20     8.8380     99.483      1.365   1.260081    -0.1807      6.372    -7.4883 8.7404e+01    -0.0341     -0.543     -0.788    21.1747 0.0000e+00
     -0.554 7.6338e-19     8.8376     99.480      1.500   1.384880    -0.1759      6.371     2.9443 9.0082e+01     0.0143     -0.543     -0.787    21.1749 0.0000e+00
     -0.554 8.3971e-18     8.8375     99.479      1.531   1.414134    -0.1715      6.370    16.1603 9.2224e+01     0.0037     -0.543     -0.788    21.1750 0.0000e+00
     -0.554 9.2369e-17     8.8378     99.483      1.473   1.360119    -0.1739      6.369    27.2046 9.0537e+01    -0.0699     -0.544     -0.788    21.1752 0.0000e+00
     -0.555 1.0161e-15     8.8374     99.478      1.479   1.365934    -0.1764      6.369    32.8887 8.9412e+01    -0.1735     -0.544     -0.789    21.1754 0.0000e+00
     -0.555 1.1177e-14     8.8383     99.488      1.607   1.484448    -0.1743      6.372    34.0372 8.9033e+01    -0.2120     -0.544     -0.789    21.1756 0.0000e+00
     -0.554 1.2294e-13     8.8395     99.503      1.788   1.651596    -0.1759      6.375    31.2824 8.4620e+01    -0.2297     -0.543     -0.788    21.1758 0.0000e+00
     -0.554 1.3524e-12     8.8396     99.505      1.950   1.801530    -0.1873      6.378    27.2861 7.2604e+01    -0.2658     -0.543     -0.787    21.1758 0.0000e+00
     -0.554 1.4876e-11     8.8397     99.506      2.059   1.902146    -0.1929      6.378    27.5326 5.5510e+01    -0.2514     -0.544     -0.788    21.1759 0.0000e+00
     -0.554 1.6364e-10     8.8400     99.509      2.075   1.916897    -0.1880      6.378    30.2188 4.3050e+01    -0.2094     -0.544     -0.788    21.1761 0.0000e+00
     -0.554 1.8000e-09     8.8403     99.512      2.006   1.853052    -0.1745      6.379    30.8555 3.6042e+01    -0.2155     -0.544     -0.788    21.1763 0.0000e+00
     -0.554 1.9800e-08     8.8403     99.512      1.910   1.764357    -0.1667      6.380    32.9079 2.5575e+01    -0.2332     -0.544     -0.788    21.1764 0.0000e+00
     -0.554 2.1780e-07     8.8389     99.497      1.875   1.732313    -0.1757      6.382    67.1655 1.2861e+01    -0.2402     -0.544     -0.788    21.1768 0.0000e+00
     -0.554 4.0775e-07     8.8369     99.474      2.067   1.909527    -0.1742      6.387   145.9892 9.5142e+00    -0.2399     -0.544     -0.789    21.1768 0.0000e+00
     -0.554 3.2843e-07     8.8369     99.473      2.445   2.258208    -0.1663      6.393   212.7242 2.7199e+01    -0.2292     -0.542     -0.787    21.1770 0.0000e+00
     -0.554      0.000     8.8386     99.491      2.733   2.523676    -0.1724      6.394   233.3175 5.6035e+01    -0.2325     -0.543     -0.788    21.1766 0.0000e+00
     -0.554      0.000     8.8397     99.503      2.797   2.582592    -0.1746      6.391   233.1415 7.1576e+01    -0.2184     -0.544     -0.789    21.1773 0.0000e+00
     -0.554      0.000     8.8399     99.505      2.667   2.463210    -0.1746      6.389   231.2459 7.5668e+01    -0.1810     -0.544     -0.788    21.1758 0.0000e+00
     -0.554      0.002     8.8396     99.507      2.610   2.412016    -0.1817      6.388   234.0582 7.8038e+01    -0.1771     -0.543     -0.787    21.1774 0.0000e+00
     -0.554      0.008     8.8345     99.512      3.899   3.612474    -0.1782      6.398   237.5481 7.9809e+01    -0.2023     -0.543     -0.788    21.1735 0.0000e+00
     -0.554      0.023     8.7940     99.519      9.134   8.542461    -0.1680      6.538   253.5659 8.5578e+01    -0.2113     -0.544     -0.789    21.1784 0.0000e+00
     -0.554      0.044     8.6865     99.531     16.919  16.027031    -0.1686      6.899   287.6565 9.5852e+01    -0.1934     -0.543     -0.787    21.1694 0.0000e+00
     -0.549      0.066     8.5452     99.532     24.792  23.871871    -0.1675      7.336   300.8456 1.0571e+02    -0.1699     -0.543     -0.788    21.1834 0.0000e+00
     -0.529      0.087     8.4328     99.543     32.215  31.413317    -0.1640      7.691   293.6111 1.1362e+02    -0.1093     -0.528     -0.766    21.1604 0.0000e+00
     -0.489      0.103     8.3632     99.570     35.764  35.142102    -0.1264      7.960   288.3753 1.1882e+02     0.6608     -0.479     -0.696    21.2514 0.0000e+00
     -0.447      0.110     8.3181     99.590     35.910  35.492959    -0.0348      8.174   284.1728 1.2047e+02     2.0918     -0.432     -0.627    22.0068 0.0000e+00
     -0.417      0.107     8.2871     99.617     35.790  35.528757     0.0157      8.344   281.0870 1.2457e+02     2.9101     -0.409     -0.594    23.0583 0.0000e+00
     -0.392      0.095     8.2634     99.637     35.717  35.575142     0.0154      8.484   278.2542 1.3149e+02     3.5665     -0.386     -0.559    23.7541 0.0000e+00
     -0.369      0.080     8.2418     99.630     35.717  35.672852     0.1457      8.622   275.8191 1.3647e+02    10.1507     -0.358     -0.519    24.1617 0.0000e+00
     -0.354      0.070     8.2234     99.617     35.719  35.757476     0.8831      8.753   273.4986 1.4375e+02    22.2152     -0.344     -0.499    24.4398 0.0000e+00
     -0.344      0.066     8.2099     99.611     35.737  35.836184     2.0297      8.845   272.4813 1.5457e+02    28.7689     -0.339     -0.491    24.6474 0.0000e+00
     -0.332      0.070     8.1990     99.610     35.775  35.925851     2.6142      8.880   270.8326 1.6249e+02    29.2701     -0.329     -0.477    24.8015 0.0000e+00
     -0.316      0.081     8.1891     99.635     35.745  35.952384     2.7021      8.869   252.6173 1.6615e+02    28.7329     -0.311     -0.450    24.9384 0.0000e+00
     -0.296      0.097     8.1813     99.697     35.636  35.902986     3.2116      8.841   220.4487 1.6584e+02    22.4570     -0.293     -0.425    25.0611 0.0000e+00
     -0.268      0.115     8.1814     99.838     35.516  35.836858     4.1517      8.825   202.2950 1.5785e+02    10.9153     -0.265     -0.385    25.1393 0.0000e+00
     -0.235      0.134     8.1959    100.113     35.430  35.788142     4.6675      8.820   199.0057 1.4356e+02     4.6022     -0.231     -0.336    25.1969 0.0000e+00
     -0.196      0.150     8.2254    100.523     35.319  35.695151     4.7160      8.812   197.7139 1.3282e+02     4.0189     -0.195     -0.283    25.2816 0.0000e+00
     -0.155      0.160     8.2692    101.095     35.150  35.538323     4.7470      8.800   197.3459 1.2889e+02     3.9845     -0.150     -0.218    25.3738 0.0000e+00
     -0.112      0.160     8.3222    101.793     35.011  35.416476     4.7945      8.791   197.1370 1.2189e+02     4.0036     -0.114     -0.166    25.4527 0.0000e+00
     -0.063      0.149     8.3919    102.673     35.012  35.428840     4.8119      8.789   196.8220 1.0164e+02     4.0055     -0.063     -0.092    25.5134 0.0000e+00
     -0.014      0.129     8.4989    103.958     35.151  35.560788     4.8194      8.792   196.8069 7.8649e+01     4.0068     -0.006     -0.009    25.5288 0.0000e+00
      0.020      0.103     8.6218    105.412     35.285  35.677883     4.8300      8.796   196.8683 7.0321e+01     3.9286      0.026      0.037    25.5400 0.0000e+00
      0.038      0.071     8.7013    106.361     35.317  35.701223     4.8300      8.800   196.6186 7.1559e+01     3.8226      0.041      0.059    25.5773 0.0000e+00
      0.045      0.031     8.7168    106.557     35.329  35.715933     4.8374      8.804   196.1968 7.1316e+01     3.8232      0.045      0.065    25.6022 0.0000e+00
      0.050     -0.009     8.6974    106.337     35.399  35.792228     4.8467      8.809   195.8988 6.9806e+01     3.8446      0.048      0.071    25.5822 0.0000e+00
      0.051     -0.039     8.6599    105.887     35.464  35.861444     4.8128      8.817   195.7680 7.2415e+01     3.8076      0.057      0.082    25.5432 0.0000e+00
      0.035     -0.053     8.5942    105.090     35.391  35.790552     4.7405      8.822   195.9060 8.2970e+01     3.7415      0.043      0.062    25.5299 0.0000e+00
      0.000     -0.053     8.5073    104.036     35.170  35.570293     4.7076      8.822   196.1041 9.6137e+01     3.7166     -0.000      0.000    25.5409 0.0000e+00
     -0.035     -0.043     8.4167    102.921     35.026  35.421578     4.7182      8.822   196.1846 1.0048e+02     3.7513     -0.043     -0.062    25.5524 0.0000e+00
     -0.048     -0.028     8.3352    101.876     35.076  35.453441     4.7496      8.827   196.1916 9.5297e+01     3.7946     -0.058     -0.084    25.5556 0.0000e+00
     -0.038     -0.007     8.2689    101.001     35.220  35.574396     4.8026      8.835   196.1017 8.8208e+01     3.8127     -0.039     -0.057    25.5549 0.0000e+00
     -0.022      0.013     8.2079    100.219     35.336  35.677101     4.8254      8.844   196.0448 8.2523e+01     3.7874     -0.016     -0.025    25.5639 0.0000e+00
     -0.012      0.027     8.1368     99.349     35.338  35.678870     4.8143      8.853   196.1914 7.9484e+01     3.7638     -0.010     -0.014    25.5707 0.0000e+00
     -0.009      0.031     8.0523     98.328     35.251  35.595779     4.8152      8.859   196.4117 7.9613e+01     3.7712     -0.009     -0.013    25.5368 0.0000e+00
     -0.005      0.027     7.9582     97.185     35.215  35.561764     4.8180      8.862   196.5576 8.0025e+01     3.8155     -0.006     -0.009    25.4897 0.0000e+00
      0.003      0.021     7.8501     95.876     35.359  35.712250     4.8015      8.864   196.7511 7.8393e+01     3.9022      0.002      0.003    25.4690 0.0000e+00
      0.012      0.018     7.7290     94.421     35.589  35.954293     4.7821      8.864   197.0303 7.7169e+01     3.9352      0.013      0.018    25.4759 0.0000e+00
      0.018      0.016     7.6056     92.941     35.697  36.074467     4.7761      8.861   197.2663 7.8056e+01     3.9087      0.019      0.028    25.4851 0.0000e+00
      0.019      0.013     7.4879     91.526     35.698  36.085398     4.8024      8.856   197.2809 7.8668e+01     3.8868      0.020      0.028    25.4843 0.0000e+00
      0.018      0.010     7.3832     90.268     35.690  36.086476     4.8515      8.850   197.1213 7.8462e+01     3.8228      0.016      0.023    25.4889 0.0000e+00
      0.019      0.008     7.2938     89.201     35.680  36.087511     4.8741      8.847   196.9714 7.8177e+01     3.7453      0.017      0.025    25.5047 0.0000e+00
      0.024      0.007     7.2167     88.284     35.679  36.097921     4.8730      8.847   197.1033 7.7543e+01     3.7443      0.024      0.035    25.5250 0.0000e+00
      0.028      0.007     7.1557     87.561     35.656  36.085321     4.8757      8.851   197.4252 7.7459e+01     3.8402      0.028      0.041    25.5365 0.0000e+00
      0.029      0.007     7.1241     87.194     35.624  36.062227     4.8790      8.856   197.5939 7.7674e+01     3.9586      0.028      0.041    25.5483 0.0000e+00
      0.030      0.005     7.1386     87.385     35.628  36.072800     4.8758      8.862   197.6810 7.7922e+01     3.9866      0.028      0.041    25.5651 0.0000e+00
      0.031      0.003     7.2050     88.210     35.637  36.086112     4.8734      8.867   197.6175 7.7794e+01     3.9649      0.030      0.045    25.5812 0.0000e+00
      0.032      0.003     7.3188     89.614     35.642  36.096152     4.9059      8.872   197.6012 7.7013e+01     3.9705      0.033      0.048    25.5968 0.0000e+00
      0.031      0.005     7.4667     91.435     35.609  36.067152     4.9659      8.873   197.9134 7.6819e+01     3.9937      0.031      0.045    25.6087 0.0000e+00
      0.031      0.009     7.6248     93.378     35.529  35.989580     5.0009      8.869   198.1225 7.7006e+01     4.0007      0.029      0.042    25.6176 0.0000e+00
      0.031      0.013     7.7763     95.235     35.461  35.920509     5.0074      8.864   198.0645 7.6439e+01     3.9639      0.029      0.042    25.6244 0.0000e+00
      0.035      0.016     7.9082     96.845     35.410  35.867243     4.9987      8.861   197.8152 7.4700e+01     3.9459      0.033      0.047    25.6311 0.0000e+00
      0.044      0.020     8.0017     97.987     35.398  35.853718     4.9781      8.862   197.5164 7.3301e+01     3.9654      0.043      0.063    25.6379 0.0000e+00
      0.052      0.021     8.0466     98.541     35.426  35.884019     4.9605      8.862   197.6350 7.3172e+01     3.9869      0.053      0.077    25.6424 0.0000e+00
      0.057      0.021     8.0478     98.565     35.455  35.916009     4.9601      8.862   198.0458 7.2572e+01     4.0225      0.056      0.081    25.6437 0.0000e+00
      0.060      0.017     8.0149     98.172     35.458  35.922897     4.9643      8.865   198.2677 7.0797e+01     4.0294      0.059      0.085    25.6387 0.0000e+00
      0.065      0.012     7.9562     97.461     35.435  35.903790     4.9386      8.871   198.3385 6.9866e+01     4.0097      0.065      0.093    25.6349 0.0000e+00
      0.070      0.008     7.8785     96.515     35.405  35.875561     4.9063      8.877   198.2996 7.0600e+01     4.0283      0.070      0.102    25.6389 0.0000e+00
      0.071      0.006     7.7893     95.426     35.365  35.835670     4.9044      8.881   198.2280 7.1101e+01     4.0409      0.069      0.101    25.6445 0.0000e+00
      0.070      0.003     7.7001     94.336     35.330  35.802601     4.9064      8.883   198.2466 7.1126e+01     4.0098      0.068      0.099    25.6505 0.0000e+00
      0.070      0.001     7.6239     93.406     35.320  35.793342     4.8944      8.884   198.2666 7.1303e+01     4.0478      0.069      0.099    25.6563 0.0000e+00
      0.070 -8.159e-08     7.5730     92.786     35.312  35.787247     4.8873      8.887   198.3832 7.1270e+01     4.1658      0.068      0.098    25.6585 0.0000e+00
      0.070 -8.975e-07     7.5527     92.542     35.315  35.792432     4.8945      8.889   198.5386 7.1188e+01     4.2158      0.068      0.099    25.6599 0.0000e+00
      0.070      0.000     7.5603     92.643     35.312  35.792517     4.8984      8.890   198.6824 7.1302e+01     4.1947      0.069      0.100    25.6626 0.0000e+00
      0.070      0.000     7.5873     92.981     35.305  35.788274     4.9072      8.890   198.7448 7.1372e+01     4.1848      0.068      0.099    25.6640 0.0000e+00
