Data/DataNotYetUploadedToEDI/Raw_CTD/RawDownloads/07302020_bvr50.cnv
* Sea-Bird SBE19plus  Data File:
* FileName = C:\DATA\07302020_bvr50_0001.hex
* Software version 2.8.0.119
* Temperature SN = 7809
* Conductivity SN = 7809
* System UpLoad Time = Jul 30 2020 16:35:11
* <ApplicationData>
* <Seaterm232>
# nquan = 16
# nvalues = 6711                        
# units = specified
# name 0 = depFM: Depth [fresh water, m]
# name 1 = dz/dtM: Descent Rate [m/s]
# name 2 = sbeox0ML/L: Oxygen, SBE 43 [ml/l]
# name 3 = sbeox0PS: Oxygen, SBE 43 [% saturation]
# name 4 = specc: Specific Conductance [uS/cm]
# name 5 = c0uS/cm: Conductivity [uS/cm]
# name 6 = flECO-AFL: Fluorescence, WET Labs ECO-AFL/FL [mg/m^3]
# name 7 = ph: pH
# name 8 = orp: Oxidation Reduction Potential [mV]
# name 9 = par/sat/log: PAR/Logarithmic, Satlantic
# name 10 = turbWETntu0: Turbidity, WET Labs ECO [NTU]
# name 11 = prdM: Pressure, Strain Gauge [db]
# name 12 = prdE: Pressure, Strain Gauge [psi]
# name 13 = tv290C: Temperature [ITS-90, deg C]
# name 14 = density00: Density [density, kg/m^3]
# name 15 = flag:  0.000e+00
# span 0 =     -0.750,     10.842       
# span 1 =     -0.216,      0.308       
# span 2 =     0.0258,     6.4091       
# span 3 =      0.369,    111.303       
# span 4 =      4.612,    167.213       
# span 5 =   4.934589, 114.932334       
# span 6 =    -3.2569,   259.6993       
# span 7 =      6.703,      8.034       
# span 8 =  -661.6794,   394.6766       
# span 9 = 1.2351e-01, 2.9688e+03       
# span 10 =   -10.0238,     8.8705      
# span 11 =     -0.737,     10.632      
# span 12 =     -1.068,     15.421      
# span 13 =     9.3486,    32.6119      
# span 14 =   994.8390,   999.8701      
# span 15 = 0.0000e+00, 0.0000e+00      
# interval = seconds: 0.25
# start_time = Jul 29 2020 22:03:07 [Instrument's time stamp, header]
# bad_flag = -9.990e-29
*END*
[from data line 814]
      1.601      0.028     5.2004     94.356     26.952  28.512714     0.8332      7.200   246.8252 2.5028e+02     0.9485      1.570      2.277    27.9241   996.2798 0.0000e+00
      1.607      0.031     5.1940     94.281     26.954  28.512703     0.8118      7.198   247.0911 2.6069e+02     0.9060      1.576      2.285    27.9178   996.2816 0.0000e+00
      1.616      0.032     5.1876     94.211     26.965  28.523083     0.8168      7.196   247.3508 2.6368e+02     0.9266      1.583      2.296    27.9080   996.2844 0.0000e+00
      1.627      0.031     5.1821     94.114     26.958  28.511353     0.8085      7.191   247.2985 2.5484e+02     0.8890      1.594      2.312    27.8982   996.2872 0.0000e+00
      1.637      0.026     5.1775     94.014     26.949  28.497723     0.7971      7.185   246.9741 2.4586e+02     0.8291      1.606      2.329    27.8848   996.2911 0.0000e+00
      1.645      0.020     5.1739     93.962     26.937  28.485149     0.8030      7.182   246.7843 2.4652e+02     0.8547      1.615      2.343    27.8842   996.2912 0.0000e+00
      1.650      0.012     5.1707     93.926     26.936  28.486198     0.8131      7.182   246.8969 2.5251e+02     0.9241      1.620      2.350    27.8887   996.2901 0.0000e+00
      1.650      0.003     5.1664     93.852     26.957  28.510398     0.8047      7.182   246.8719 2.5299e+02     0.9468      1.619      2.348    27.8738   996.2942 0.0000e+00
      1.647     -0.003     5.1596     93.795     26.967  28.524026     0.7968      7.183   246.5686 2.5290e+02     0.9236      1.614      2.341    27.8636   996.2970 0.0000e+00
      1.643     -0.007     5.1576     93.844     26.967  28.524112     0.8030      7.185   246.2410 2.4613e+02     0.8831      1.611      2.337    27.8674   996.2960 0.0000e+00
      1.641     -0.006     5.1576     94.014     26.957  28.511434     0.8139      7.187   246.2656 2.5018e+02     0.8697      1.609      2.334    27.8692   996.2955 0.0000e+00
      1.638     -0.001     5.1512     94.244     26.948  28.497605     0.8233      7.187   246.6088 2.5445e+02     0.8988      1.606      2.329    27.8747   996.2940 0.0000e+00
      1.636      0.006     5.1452     94.444     26.943  28.483769     0.8208      7.187   246.6909 2.3020e+02     0.9257      1.604      2.326    27.8813   996.2921 0.0000e+00
      1.636      0.013     5.1476     94.544     26.943  28.470989     0.8122      7.188   246.4838 2.0700e+02     0.9547      1.603      2.324    27.8827   996.2916 0.0000e+00
      1.642      0.018     5.1587     94.526     26.957  28.469934     0.8142      7.189   246.2554 1.9857e+02     0.9762      1.608      2.332    27.8778   996.2930 0.0000e+00
      1.652      0.022     5.1740     94.445     26.972  28.470984     0.8262      7.189   246.0811 1.9839e+02     0.9445      1.621      2.351    27.8709   996.2951 0.0000e+00
      1.661      0.024     5.1876     94.374     26.997  28.483663     0.8435      7.189   246.0973 1.9532e+02     0.8803      1.631      2.365    27.8573   996.2989 0.0000e+00
      1.667      0.024     5.1965     94.349     27.019  28.496340     0.8601      7.189   246.2788 1.8638e+02     0.8520      1.635      2.371    27.8290   996.3070 0.0000e+00
      1.671      0.023     5.1966     94.360     27.027  28.497379     0.8647      7.189   246.3827 1.7934e+02     0.8765      1.639      2.377    27.7984   996.3157 0.0000e+00
      1.676      0.022     5.1932     94.381     27.032  28.496222     0.8711      7.190   246.3214 1.7494e+02     0.9028      1.644      2.384    27.7705   996.3236 0.0000e+00
      1.681      0.022     5.1911     94.439     27.027  28.482341     0.8992      7.190   246.1398 1.6876e+02     0.9636      1.648      2.391    27.7445   996.3309 0.0000e+00
      1.686      0.024     5.1913     94.532     27.012  28.456399     0.9279      7.190   246.0793 1.6248e+02     1.0626      1.653      2.398    27.7259   996.3362 0.0000e+00
      1.691      0.026     5.1946     94.582     27.005  28.436270     0.9327      7.189   246.2787 1.5885e+02     1.1042      1.658      2.404    27.7151   996.3392 0.0000e+00
      1.698      0.026     5.1952     94.557     27.013  28.429247     0.9284      7.188   246.3991 1.5592e+02     1.1222      1.665      2.415    27.7039   996.3424 0.0000e+00
      1.708      0.025     5.1996     94.507     27.031  28.434892     0.9235      7.185   246.3315 1.5321e+02     1.1089      1.675      2.429    27.6853   996.3477 0.0000e+00
      1.716      0.023     5.2092     94.522     27.044  28.441069     0.9023      7.182   246.2357 1.5022e+02     0.9787      1.684      2.441    27.6677   996.3526 0.0000e+00
      1.722      0.020     5.2143     94.659     27.043  28.440482     0.8812      7.179   246.1005 1.4787e+02     0.8523      1.689      2.449    27.6464   996.3587 0.0000e+00
      1.726      0.017     5.2149     94.878     27.023  28.427793     0.8791      7.178   246.0736 1.4566e+02     0.8510      1.694      2.456    27.6146   996.3676 0.0000e+00
      1.729      0.015     5.2127     95.138     26.998  28.414536     0.8772      7.178   246.1690 1.4367e+02     0.8941      1.697      2.461    27.5866   996.3754 0.0000e+00
      1.730      0.015     5.2130     95.418     26.982  28.407080     0.8868      7.177   246.2211 1.4175e+02     0.8926      1.696      2.461    27.5708   996.3799 0.0000e+00
      1.732      0.016     5.2227     95.631     26.983  28.401095     0.8991      7.176   246.2741 1.3915e+02     0.8670      1.697      2.462    27.5699   996.3802 0.0000e+00
      1.737      0.018     5.2338     95.705     27.011  28.405589     0.8836      7.175   246.2067 1.3656e+02     0.8593      1.703      2.469    27.5884   996.3750 0.0000e+00
      1.743      0.019     5.2447     95.693     27.038  28.397940     0.8798      7.176   246.0083 1.3403e+02     0.9028      1.710      2.479    27.6204   996.3660 0.0000e+00
      1.750      0.019     5.2599     95.702     27.049  28.371987     0.8920      7.179   245.7678 1.3170e+02     0.9468      1.717      2.490    27.6463   996.3588 0.0000e+00
      1.756      0.018     5.2751     95.822     27.053  28.345464     0.8876      7.181   245.5372 1.2993e+02     0.9108      1.723      2.499    27.6357   996.3618 0.0000e+00
      1.760      0.017     5.2822     96.075     27.058  28.330938     0.8840      7.182   245.5422 1.2861e+02     0.8788      1.726      2.503    27.5822   996.3769 0.0000e+00
      1.762      0.016     5.2860     96.355     27.058  28.323190     0.8865      7.184   245.7431 1.2742e+02     0.9043      1.728      2.506    27.5090   996.3974 0.0000e+00
      1.765      0.016     5.2923     96.600     27.055  28.315202     0.9082      7.185   246.0725 1.2620e+02     0.9434      1.731      2.510    27.4352   996.4180 0.0000e+00
      1.770      0.016     5.3026     96.904     27.045  28.297787     0.9548      7.186   246.4279 1.2474e+02     0.9394      1.734      2.516    27.3747   996.4349 0.0000e+00
      1.774      0.017     5.3237     97.322     27.002  28.239483     0.9834      7.186   246.4268 1.2326e+02     0.8904      1.740      2.524    27.3381   996.4451 0.0000e+00
      1.778      0.019     5.3426     97.752     26.973  28.181125     0.9965      7.186   246.1448 1.2200e+02     0.9013      1.744      2.530    27.3279   996.4479 0.0000e+00
      1.783      0.020     5.3524     98.117     27.003  28.163036     0.9795      7.187   245.9432 1.2098e+02     0.9328      1.748      2.536    27.3282   996.4479 0.0000e+00
      1.789      0.021     5.3690     98.497     27.040  28.147561     0.9212      7.189   245.8827 1.2033e+02     0.9278      1.755      2.545    27.3128   996.4522 0.0000e+00
      1.794      0.022     5.3972     99.006     27.057  28.120789     0.8829      7.189   245.9294 1.1968e+02     0.9440      1.760      2.553    27.2943   996.4574 0.0000e+00
      1.800      0.022     5.4280     99.656     27.059  28.092996     0.8784      7.189   245.9059 1.1898e+02     0.9574      1.764      2.559    27.2506   996.4694 0.0000e+00
      1.806      0.022     5.4557    100.381     27.054  28.065202     0.8863      7.189   245.7701 1.1852e+02     0.9522      1.771      2.568    27.1465   996.4983 0.0000e+00
      1.812      0.021     5.4848    101.095     27.050  28.038441     0.8926      7.190   245.6639 1.1813e+02     0.9497      1.777      2.578    27.0319   996.5299 0.0000e+00
      1.819      0.019     5.5219    101.719     27.059  28.023120     0.8883      7.190   245.5684 1.1783e+02     0.9276      1.784      2.588    26.9471   996.5533 0.0000e+00
      1.824      0.018     5.5646    102.179     27.067  28.006777     0.8822      7.190   245.5619 1.1763e+02     0.8905      1.790      2.596    26.8968   996.5671 0.0000e+00
      1.827      0.016     5.6105    102.478     27.044  27.967670     0.8857      7.190   245.6717 1.1717e+02     0.8795      1.792      2.599    26.8645   996.5759 0.0000e+00
      1.829      0.015     5.6553    102.729     27.011  27.930847     0.9102      7.189   245.8638 1.1651e+02     0.8968      1.794      2.602    26.8249   996.5868 0.0000e+00
      1.832      0.015     5.6976    103.044     27.014  27.942133     0.9406      7.188   245.9912 1.1593e+02     0.8934      1.797      2.607    26.7750   996.6004 0.0000e+00
      1.836      0.014     5.7289    103.429     27.034  27.977276     0.9481      7.188   245.9222 1.1563e+02     0.8731      1.801      2.612    26.7241   996.6143 0.0000e+00
      1.841      0.014     5.7458    103.834     27.019  27.975186     0.9438      7.189   245.8032 1.1499e+02     0.8922      1.806      2.619    26.6909   996.6234 0.0000e+00
      1.846      0.013     5.7574    104.216     26.956  27.916900     0.9453      7.190   245.7572 1.1415e+02     0.9179      1.811      2.627    26.6900   996.6237 0.0000e+00
      1.849      0.013     5.7731    104.495     26.896  27.843432     0.9473      7.190   245.7955 1.1352e+02     0.9090      1.814      2.631    26.7084   996.6186 0.0000e+00
      1.851      0.013     5.7942    104.621     26.875  27.784621     0.9483      7.190   245.8369 1.1281e+02     0.8883      1.815      2.632    26.7345   996.6115 0.0000e+00
      1.853      0.014     5.8127    104.619     26.869  27.713216     0.9485      7.190   245.9138 1.1239e+02     0.8738      1.817      2.634    26.7673   996.6026 0.0000e+00
      1.856      0.016     5.8349    104.550     26.914  27.677726     0.9302      7.190   245.8645 1.1206e+02     0.9387      1.820      2.640    26.7880   996.5969 0.0000e+00
      1.861      0.018     5.8528    104.497     26.981  27.672535     0.9083      7.188   245.7564 1.1173e+02     1.0899      1.825      2.648    26.7731   996.6011 0.0000e+00
      1.867      0.019     5.8662    104.525     27.004  27.650338     0.8944      7.186   245.8982 1.1179e+02     1.1573      1.829      2.654    26.7047   996.6197 0.0000e+00
      1.873      0.019     5.8789    104.715     27.032  27.662991     0.8767      7.185   246.2031 1.1214e+02     1.1013      1.836      2.664    26.5765   996.6545 0.0000e+00
      1.879      0.018     5.8904    105.132     27.067  27.698644     0.8751      7.185   246.4309 1.1246e+02     1.0643      1.844      2.674    26.4089   996.6999 0.0000e+00
      1.884      0.016     5.9035    105.749     27.067  27.700828     0.8847      7.186   246.3291 1.1273e+02     1.0886      1.848      2.681    26.2522   996.7421 0.0000e+00
      1.887      0.013     5.9124    106.428     27.049  27.689399     0.8877      7.186   246.0916 1.1324e+02     1.1199      1.851      2.685    26.1671   996.7648 0.0000e+00
      1.889      0.010     5.9230    107.035     27.031  27.687327     0.8832      7.185   246.0545 1.1361e+02     1.0998      1.853      2.687    26.1515   996.7689 0.0000e+00
      1.891      0.008     5.9459    107.520     27.003  27.675807     0.8967      7.184   246.2243 1.1363e+02     1.0163      1.854      2.689    26.1606   996.7665 0.0000e+00
      1.892      0.007     5.9840    107.839     26.999  27.676993     0.9359      7.184   246.4238 1.1338e+02     0.9354      1.856      2.691    26.1632   996.7658 0.0000e+00
      1.893      0.006     6.0256    107.914     27.030  27.701680     0.9473      7.184   246.5734 1.1310e+02     0.9109      1.857      2.693    26.1659   996.7651 0.0000e+00
      1.896      0.005     6.0556    107.735     27.058  27.720563     0.9393      7.184   246.6565 1.1310e+02     0.9258      1.859      2.696    26.2055   996.7546 0.0000e+00
      1.898      0.005     6.0784    107.424     27.060  27.714997     0.9438      7.184   246.5685 1.1326e+02     0.9097      1.861      2.699    26.2533   996.7418 0.0000e+00
      1.898      0.004     6.0980    107.153     27.050  27.697802     0.9358      7.185   246.5419 1.1358e+02     0.9225      1.862      2.700    26.2600   996.7400 0.0000e+00
      1.899      0.004     6.1055    106.998     27.064  27.702941     0.9087      7.185   246.6790 1.1383e+02     1.0459      1.861      2.700    26.2348   996.7468 0.0000e+00
      1.900      0.004     6.0950    106.928     27.083  27.713684     0.8834      7.185   246.7631 1.1406e+02     1.1319      1.862      2.702    26.2146   996.7523 0.0000e+00
      1.901      0.005     6.0739    106.896     27.071  27.700822     0.8774      7.184   246.8698 1.1434e+02     1.1031      1.863      2.702    26.2050   996.7547 0.0000e+00
      1.902      0.006     6.0584    106.882     27.042  27.674290     0.9128      7.183   247.0235 1.1429e+02     1.0765      1.864      2.704    26.1936   996.7578 0.0000e+00
      1.903      0.009     6.0530    106.852     27.020  27.646610     0.9769      7.183   247.2448 1.1414e+02     1.1185      1.866      2.706    26.1738   996.7631 0.0000e+00
      1.904      0.014     6.0529    106.791     27.001  27.619866     1.0147      7.182   247.4799 1.1399e+02     1.1649      1.866      2.706    26.1516   996.7691 0.0000e+00
      1.907      0.018     6.0505    106.771     26.986  27.604633     1.0264      7.181   247.4569 1.1386e+02     1.1570      1.869      2.711    26.1532   996.7686 0.0000e+00
      1.913      0.021     6.0488    106.881     26.962  27.589293     1.1278      7.178   247.4838 1.1373e+02     1.1595      1.877      2.721    26.1705   996.7640 0.0000e+00
      1.920      0.022     6.0492    107.086     26.931  27.561277     1.3245      7.175   247.6326 1.1333e+02     1.1954      1.882      2.730    26.1604   996.7668 0.0000e+00
      1.930      0.021     6.0472    107.254     26.896  27.519622     1.4310      7.172   247.6213 1.1305e+02     1.1793      1.893      2.747    26.1295   996.7751 0.0000e+00
      1.938      0.019     6.0430    107.330     26.853  27.466214     1.4325      7.171   247.6919 1.1325e+02     1.1372      1.902      2.759    26.1326   996.7743 0.0000e+00
      1.941      0.016     6.0466    107.358     26.828  27.422957     1.4571      7.173   247.7977 1.1340e+02     1.1326      1.903      2.760    26.1618   996.7665 0.0000e+00
      1.942      0.014     6.0617    107.406     26.812  27.377167     1.5192      7.175   247.8679 1.1333e+02     1.1230      1.905      2.762    26.1708   996.7640 0.0000e+00
      1.943      0.013     6.0738    107.526     26.822  27.356523     1.5632      7.175   248.1103 1.1349e+02     1.1243      1.904      2.762    26.1535   996.7687 0.0000e+00
      1.945      0.014     6.0782    107.708     26.851  27.363596     1.5697      7.175   248.3194 1.1366e+02     1.1478      1.907      2.766    26.1386   996.7727 0.0000e+00
      1.950      0.015     6.0815    107.937     26.836  27.335793     1.5594      7.176   248.4179 1.1371e+02     1.1323      1.912      2.773    26.1148   996.7790 0.0000e+00
      1.955      0.016     6.0897    108.249     26.845  27.337499     1.5437      7.177   248.5263 1.1371e+02     1.1094      1.917      2.780    26.0479   996.7968 0.0000e+00
