Data/DataNotYetUploadedToEDI/Raw_CTD/RawDownloads/07302020_fcr50.cnv
* Sea-Bird SBE19plus  Data File:
* FileName = C:\DATA\07302020_bvr50_0002.hex
* Software version 2.8.0.119
* Temperature SN = 7809
* Conductivity SN = 7809
* System UpLoad Time = Jul 30 2020 16:36:29
* <ApplicationData>
* <Seaterm232>
# nquan = 16
# nvalues = 3106                        
# units = specified
# name 0 = depFM: Depth [fresh water, m]
# name 1 = dz/dtM: Descent Rate [m/s]
# name 2 = sbeox0ML/L: Oxygen, SBE 43 [ml/l]
# name 3 = sbeox0PS: Oxygen, SBE 43 [% saturation]
# name 4 = specc: Specific Conductance [uS/cm]
# name 5 = c0uS/cm: Conductivity [uS/cm]
# name 6 = flECO-AFL: Fluorescence, WET Labs ECO-AFL/FL [mg/m^3]
# name 7 = ph: pH
# name 8 = orp: Oxidation Reduction Potential [mV]
# name 9 = par/sat/log: PAR/Logarithmic, Satlantic
# name 10 = turbWETntu0: Turbidity, WET Labs ECO [NTU]
# name 11 = prdM: Pressure, Strain Gauge [db]
# name 12 = prdE: Pressure, Strain Gauge [psi]
# name 13 = tv290C: Temperature [ITS-90, deg C]
# name 14 = density00: Density [density, kg/m^3]
# name 15 = flag:  0.000e+00
# span 0 =     -0.684,      9.597       
# span 1 =     -0.324,      7.845       
# span 2 =    -0.2516,     9.5636       
# span 3 =     -3.576,    171.994       
# span 4 =      1.416,    455.404       
# span 5 =   1.442740, 329.927093       
# span 6 =    -0.9530,     9.7586       
# span 7 =      6.659,      7.057       
# span 8 =  -144.0490,   165.8843       
# span 9 = 1.2344e-01, 4.2812e+02       
# span 10 =    -0.3525,   141.5509      
# span 11 =     -0.671,      9.411      
# span 12 =     -0.973,     13.650      
# span 13 =    11.0250,    27.6667      
# span 14 =   996.3479,   999.8137      
# span 15 = 0.0000e+00, 0.0000e+00      
# interval = seconds: 0.25
# start_time = Jul 30 2020 01:06:20 [Instrument's time stamp, header]
# bad_flag = -9.990e-29
*END*
[from data line 2351]
      8.717 2.8594e-59     0.1292      1.720     46.476  33.506557     1.4506      6.769   136.5345 1.2376e-01     7.7557      8.549     12.399    11.0452   999.6619 0.0000e+00
      8.717 3.1453e-58     0.1301      1.722     46.490  33.516377     1.5295      6.769   136.4131 1.2378e-01     7.8560      8.548     12.399    11.0449   999.6619 0.0000e+00
      8.717 3.4599e-57     0.1316      1.721     46.495  33.520428     1.5793      6.769   136.4361 1.2372e-01     7.9259      8.548     12.398    11.0446   999.6619 0.0000e+00
      8.717 3.8058e-56     0.1313      1.712     46.456  33.492083     1.5758      6.770   136.3830 1.2361e-01     7.9144      8.549     12.399    11.0444   999.6620 0.0000e+00
      8.717 4.1864e-55     0.1333      1.717     46.455  33.490923     1.4684      6.770   136.3735 1.2361e-01     7.7864      8.548     12.398    11.0444   999.6619 0.0000e+00
      8.717 4.6051e-54     0.1323      1.739     46.477  33.506407     1.2917      6.770   136.4928 1.2370e-01     7.5799      8.548     12.398    11.0443   999.6619 0.0000e+00
      8.717 5.0656e-53     0.1334      1.746     46.453  33.488938     1.2032      6.770   136.5350 1.2373e-01     7.5111      8.549     12.399    11.0441   999.6620 0.0000e+00
      8.717 5.5721e-52     0.1314      1.730     46.427  33.470058     1.1997      6.770   136.5390 1.2369e-01     7.5730      8.549     12.399    11.0440   999.6620 0.0000e+00
      8.717 6.1294e-51     0.1314      1.718     46.425  33.468498     1.2013      6.770   136.6282 1.2368e-01     7.5727      8.548     12.397    11.0440   999.6620 0.0000e+00
      8.717 6.7423e-50     0.1350      1.716     46.428  33.470068     1.2516      6.771   136.6663 1.2365e-01     7.5077      8.549     12.398    11.0438   999.6620 0.0000e+00
      8.717 7.4165e-49     0.1354      1.711     46.454  33.489052     1.3691      6.771   136.5694 1.2361e-01     7.5077      8.548     12.399    11.0437   999.6620 0.0000e+00
      8.717 8.1582e-48     0.1332      1.710     46.480  33.507671     1.4488      6.770   136.5755 1.2367e-01     7.5396      8.548     12.398    11.0435   999.6620 0.0000e+00
      8.717 8.9740e-47     0.1316      1.705     46.476  33.504825     1.4613      6.769   136.8258 1.2372e-01     7.5149      8.548     12.398    11.0432   999.6621 0.0000e+00
      8.717 9.8714e-46     0.1331      1.715     46.495  33.518092     1.4825      6.770   137.1009 1.2369e-01     7.5519      8.548     12.398    11.0429   999.6621 0.0000e+00
      8.717 1.0859e-44     0.1308      1.725     46.527  33.541180     1.5339      6.771   137.1484 1.2364e-01     7.7124      8.548     12.398    11.0427   999.6621 0.0000e+00
      8.717 1.1944e-43     0.1330      1.722     46.512  33.530174     1.5773      6.771   137.1419 1.2363e-01     7.8421      8.548     12.398    11.0425   999.6621 0.0000e+00
      8.717 1.3139e-42     0.1302      1.730     46.487  33.511918     1.5976      6.770   137.1084 1.2368e-01     7.8503      8.548     12.398    11.0423   999.6621 0.0000e+00
      8.717 1.4453e-41     0.1322      1.724     46.486  33.510812     1.5974      6.770   137.0014 1.2374e-01     7.7771      8.548     12.398    11.0421   999.6622 0.0000e+00
      8.717 1.5898e-40     0.1345      1.718     46.495  33.516797     1.5842      6.770   137.2253 1.2378e-01     7.7121      8.548     12.398    11.0420   999.6622 0.0000e+00
      8.717 1.7488e-39     0.1309      1.721     46.501  33.520837     1.5811      6.770   137.7501 1.2382e-01     7.7168      8.548     12.398    11.0418   999.6622 0.0000e+00
      8.717 1.9237e-38     0.1349      1.688     46.467  33.496202     1.5883      6.770   138.0130 1.2381e-01     7.7651      8.548     12.398    11.0415   999.6622 0.0000e+00
      8.717 2.1160e-37     0.1328      1.646     46.435  33.472747     1.5955      6.770   137.9936 1.2373e-01     7.7808      8.548     12.398    11.0413   999.6623 0.0000e+00
      8.717 2.3276e-36     0.1310      1.640     46.460  33.491055     1.5918      6.770   137.8604 1.2364e-01     7.7353      8.549     12.399    11.0411   999.6623 0.0000e+00
      8.717 2.5604e-35     0.1348      1.658     46.510  33.527201     1.5812      6.770   137.6073 1.2360e-01     7.7297      8.548     12.398    11.0408   999.6623 0.0000e+00
      8.717 2.8164e-34     0.1304      1.675     46.512  33.529070     1.5724      6.770   137.6005 1.2362e-01     7.7482      8.548     12.398    11.0406   999.6623 0.0000e+00
      8.717 3.0981e-33     0.1251      1.674     46.490  33.513651     1.5147      6.771   137.9497 1.2366e-01     7.6832      8.549     12.399    11.0407   999.6623 0.0000e+00
      8.717 3.4079e-32     0.1262      1.672     46.514  33.531127     1.3979      6.771   138.2157 1.2367e-01     7.5967      8.548     12.398    11.0406   999.6623 0.0000e+00
      8.717 3.7487e-31     0.1273      1.695     46.540  33.550014     1.3147      6.770   138.2360 1.2370e-01     7.5607      8.548     12.398    11.0404   999.6624 0.0000e+00
      8.717 4.1235e-30     0.1301      1.730     46.542  33.551656     1.2998      6.770   138.1946 1.2373e-01     7.5569      8.548     12.398    11.0406   999.6623 0.0000e+00
      8.717 4.5359e-29     0.1291      1.756     46.541  33.550980     1.3037      6.770   138.2317 1.2368e-01     7.5519      8.549     12.399    11.0409   999.6623 0.0000e+00
      8.717 4.9895e-28     0.1276      1.756     46.527  33.541840     1.2472      6.770   138.2541 1.2368e-01     7.6704      8.549     12.399    11.0411   999.6623 0.0000e+00
      8.717 5.4884e-27     0.1306      1.743     46.475  33.504608     1.1317      6.769   138.2073 1.2373e-01     7.8919      8.549     12.399    11.0416   999.6622 0.0000e+00
      8.717 6.0372e-26     0.1332      1.735     46.442  33.481520     1.0612      6.768   138.2690 1.2369e-01     7.9637      8.549     12.399    11.0419   999.6622 0.0000e+00
      8.717 6.6410e-25     0.1364      1.728     46.491  33.516494     1.0622      6.768   138.3980 1.2368e-01     7.9890      8.549     12.399    11.0423   999.6622 0.0000e+00
      8.716 7.3051e-24     0.1360      1.729     46.532  33.546760     1.2014      6.769   138.4761 1.2369e-01     8.3009      8.548     12.398    11.0428   999.6621 0.0000e+00
      8.716 8.0356e-23     0.1335      1.732     46.509  33.530207     1.4471      6.769   138.4391 1.2364e-01     8.8167      8.548     12.397    11.0431   999.6621 0.0000e+00
      8.717 8.8391e-22     0.1344      1.728     46.476  33.506703     1.5729      6.769   138.2087 1.2362e-01     9.0759      8.548     12.398    11.0436   999.6620 0.0000e+00
      8.717 9.7230e-21     0.1327      1.719     46.489  33.516391     1.5689      6.769   137.9272 1.2366e-01     9.0315      8.548     12.398    11.0439   999.6620 0.0000e+00
      8.717 1.0695e-19     0.1331      1.704     46.494  33.520441     1.4652      6.770   137.8747 1.2367e-01     8.6910      8.548     12.398    11.0442   999.6620 0.0000e+00
      8.717 1.1765e-18     0.1341      1.702     46.455  33.492213     1.2815      6.771   138.0895 1.2366e-01     8.0838      8.548     12.398    11.0446   999.6619 0.0000e+00
      8.717 1.2941e-17     0.1329      1.732     46.455  33.492353     1.1792      6.771   138.2876 1.2364e-01     7.7329      8.548     12.398    11.0449   999.6619 0.0000e+00
      8.717 1.4236e-16     0.1331      1.756     46.496  33.522138     1.1717      6.771   138.1187 1.2364e-01     7.7090      8.549     12.399    11.0451   999.6619 0.0000e+00
      8.717 1.5659e-15     0.1312      1.748     46.514  33.535083     1.1629      6.770   137.6826 1.2369e-01     7.7263      8.549     12.399    11.0452   999.6619 0.0000e+00
      8.717 1.7225e-14     0.1295      1.740     46.495  33.521959     1.1301      6.769   137.4893 1.2373e-01     7.7712      8.549     12.399    11.0455   999.6618 0.0000e+00
      8.716 1.8947e-13     0.1340      1.743     46.452  33.490361     1.0994      6.769   137.5886 1.2372e-01     7.8056      8.548     12.398    11.0459   999.6618 0.0000e+00
      8.716 2.0842e-12     0.1370      1.726     46.424  33.470301     1.0878      6.769   137.6778 1.2372e-01     7.7643      8.548     12.398    11.0460   999.6618 0.0000e+00
      8.717 2.2926e-11     0.1343      1.692     46.424  33.469766     1.1319      6.769   137.7936 1.2368e-01     7.6838      8.549     12.399    11.0459   999.6618 0.0000e+00
      8.717 2.5219e-10     0.1334      1.668     46.444  33.483901     1.2134      6.769   137.8701 1.2368e-01     7.6213      8.548     12.398    11.0459   999.6618 0.0000e+00
      8.717 2.7741e-09     0.1354      1.661     46.487  33.514301     1.2533      6.769   137.6566 1.2368e-01     7.5924      8.549     12.399    11.0456   999.6618 0.0000e+00
      8.717 3.0515e-08     0.1339      1.680     46.496  33.520060     1.2520      6.770   137.4492 1.2366e-01     7.5409      8.548     12.398    11.0453   999.6618 0.0000e+00
      8.717 3.3567e-07     0.1295      1.707     46.455  33.490076     1.2446      6.770   137.5134 1.2368e-01     7.5479      8.549     12.399    11.0450   999.6619 0.0000e+00
      8.717      0.000     0.1288      1.730     46.426  33.469027     1.2688      6.770   137.6589 1.2371e-01     7.6770      8.548     12.398    11.0445   999.6619 0.0000e+00
      8.717      0.000     0.1265      1.751     46.408  33.455921     1.3164      6.770   137.7459 1.2370e-01     7.7629      8.549     12.399    11.0442   999.6620 0.0000e+00
      8.717      0.000     0.1296      1.758     46.412  33.458521     1.3344      6.770   137.8759 1.2366e-01     7.7621      8.548     12.399    11.0438   999.6620 0.0000e+00
      8.717      0.005     0.1318      1.746     46.470  33.500459     1.3139      6.770   138.6290 1.2361e-01     7.7366      8.548     12.398    11.0435   999.6620 0.0000e+00
      8.717      0.024     0.1330      1.733     46.496  33.518827     1.2304      6.767   140.3121 1.2357e-01     7.7287      8.548     12.398    11.0431   999.6620 0.0000e+00
      8.717      0.065     0.1356      1.735     46.458  33.490247     1.1070      6.761   141.8791 1.2360e-01     7.7700      8.548     12.398    11.0427   999.6621 0.0000e+00
      8.719      0.116     0.1360      1.744     46.435  33.472150     1.0521      6.756   142.2598 1.2366e-01     7.7893      8.548     12.399    11.0424   999.6621 0.0000e+00
      8.736      0.158     0.1347      1.751     46.463  33.490378     1.0536      6.755   141.9041 1.2370e-01     7.7568      8.549     12.399    11.0420   999.6622 0.0000e+00
      8.796      0.178     0.1325      1.750     46.507  33.520275     1.0486      6.755   141.9663 1.2371e-01     7.7888      8.604     12.479    11.0417   999.6625 0.0000e+00
      8.897      0.178     0.1340      1.760     46.502  33.516380     1.0396      6.755   142.4100 1.2375e-01     7.9010      8.732     12.665    11.0411   999.6631 0.0000e+00
      8.983      0.160     0.1341      1.774     46.488  33.506731     1.0391      6.756   142.4506 1.2376e-01     7.9804      8.836     12.814    11.0395   999.6638 0.0000e+00
      9.012      0.124     0.1359      1.765     46.519  33.530507     1.0528      6.757   142.2847 1.2370e-01     7.9936      8.852     12.838    11.0373   999.6641 0.0000e+00
      9.004      0.075     0.1342      1.764     46.542  33.550044     1.0809      6.758   142.0397 1.2365e-01     7.9573      8.824     12.798    11.0354   999.6642 0.0000e+00
      8.997      0.028     0.1349      1.771     46.541  33.552604     1.1313      6.758   141.6390 1.2368e-01     7.9541      8.818     12.789    11.0344   999.6642 0.0000e+00
      9.001      0.002     0.1387      1.754     46.546  33.561460     1.1757      6.759   141.8275 1.2370e-01     8.0230      8.831     12.808    11.0351   999.6642 0.0000e+00
      9.002     -0.004     0.1353      1.739     46.583  33.593672     1.1882      6.760   142.5116 1.2370e-01     8.0695      8.829     12.806    11.0371   999.6640 0.0000e+00
      8.999     -0.001     0.1349      1.723     46.619  33.624821     1.1968      6.760   142.7692 1.2373e-01     8.1046      8.822     12.794    11.0394   999.6638 0.0000e+00
      8.999      0.000     0.1385      1.699     46.605  33.620819     1.2228      6.760   142.5334 1.2376e-01     8.1730      8.825     12.799    11.0433   999.6634 0.0000e+00
      9.000      0.000     0.1342      1.697     46.580  33.608753     1.2449      6.761   142.0693 1.2376e-01     8.2436      8.828     12.805    11.0491   999.6628 0.0000e+00
      8.999      0.004     0.1340      1.707     46.567  33.605840     1.2546      6.762   141.8906 1.2372e-01     8.3057      8.825     12.799    11.0548   999.6623 0.0000e+00
      8.999      0.015     0.1338      1.717     46.532  33.585604     1.2918      6.760   142.5226 1.2367e-01     8.3062      8.823     12.798    11.0602   999.6617 0.0000e+00
      9.000      0.036     0.1293      1.742     46.484  33.554445     1.3515      6.758   143.4304 1.2365e-01     8.2496      8.827     12.803    11.0666   999.6610 0.0000e+00
      9.002      0.061     0.1308      1.769     46.472  33.546369     1.3762      6.758   143.8325 1.2366e-01     8.2051      8.826     12.801    11.0739   999.6603 0.0000e+00
      9.013      0.083     0.1318      1.799     46.482  33.551409     1.3801      6.759   143.8575 1.2368e-01     8.1802      8.828     12.805    11.0807   999.6596 0.0000e+00
      9.047      0.097     0.1314      1.843     46.488  33.551919     1.3890      6.759   143.6462 1.2366e-01     8.1886      8.863     12.854    11.0864   999.6592 0.0000e+00
      9.097      0.102     0.1343      1.868     46.495  33.552534     1.3599      6.760   143.2564 1.2361e-01     8.1350      8.925     12.945    11.0906   999.6590 0.0000e+00
      9.137      0.100     0.1366      1.861     46.509  33.558839     1.2950      6.761   143.1879 1.2361e-01     7.9785      8.971     13.011    11.0922   999.6591 0.0000e+00
      9.156      0.090     0.1370      1.831     46.520  33.564699     1.2532      6.761   143.4216 1.2361e-01     7.9102      8.983     13.028    11.0896   999.6595 0.0000e+00
      9.164      0.070     0.1432      1.808     46.516  33.559929     1.2453      6.761   143.5870 1.2357e-01     7.9621      8.984     13.030    11.0839   999.6600 0.0000e+00
      9.175      0.049     0.1444      1.804     46.524  33.564615     1.2477      6.761   143.6389 1.2358e-01     7.9881      8.995     13.047    11.0784   999.6606 0.0000e+00
      9.190      0.034     0.1445      1.788     46.514  33.557908     1.2440      6.761   143.6179 1.2367e-01     7.9491      9.014     13.074    11.0748   999.6610 0.0000e+00
      9.201      0.027     0.1409      1.753     46.491  33.542286     1.2480      6.761   143.5910 1.2370e-01     7.9370      9.027     13.091    11.0728   999.6613 0.0000e+00
      9.203      0.026     0.1377      1.717     46.521  33.566089     1.2575      6.762   143.2278 1.2367e-01     7.9791      9.026     13.091    11.0710   999.6615 0.0000e+00
      9.203      0.028     0.1401      1.688     46.554  33.591899     1.2353      6.762   142.6681 1.2369e-01     8.0120      9.024     13.089    11.0695   999.6616 0.0000e+00
      9.204      0.028     0.1379      1.672     46.564  33.600537     1.1895      6.762   142.7606 1.2370e-01     7.9920      9.025     13.090    11.0695   999.6617 0.0000e+00
      9.211      0.025     0.1353      1.676     46.572  33.607086     1.1615      6.761   143.3142 1.2366e-01     7.9424      9.028     13.093    11.0717   999.6615 0.0000e+00
      9.228      0.020     0.1317      1.675     46.572  33.607629     1.1635      6.761   143.8550 1.2361e-01     7.9622      9.048     13.122    11.0744   999.6613 0.0000e+00
      9.246      0.009     0.1301      1.663     46.570  33.607100     1.1473      6.761   144.1370 1.2364e-01     7.9571      9.074     13.162    11.0762   999.6612 0.0000e+00
