Data/DataNotYetUploadedToEDI/Raw_CTD/RawDownloads/07302020_bvr50.cnv
* Sea-Bird SBE19plus  Data File:
* FileName = C:\DATA\07302020_bvr50_0001.hex
* Software version 2.8.0.119
* Temperature SN = 7809
* Conductivity SN = 7809
* System UpLoad Time = Jul 30 2020 16:35:11
* <ApplicationData>
* <Seaterm232>
# nquan = 16
# nvalues = 6711                        
# units = specified
# name 0 = depFM: Depth [fresh water, m]
# name 1 = dz/dtM: Descent Rate [m/s]
# name 2 = sbeox0ML/L: Oxygen, SBE 43 [ml/l]
# name 3 = sbeox0PS: Oxygen, SBE 43 [% saturation]
# name 4 = specc: Specific Conductance [uS/cm]
# name 5 = c0uS/cm: Conductivity [uS/cm]
# name 6 = flECO-AFL: Fluorescence, WET Labs ECO-AFL/FL [mg/m^3]
# name 7 = ph: pH
# name 8 = orp: Oxidation Reduction Potential [mV]
# name 9 = par/sat/log: PAR/Logarithmic, Satlantic
# name 10 = turbWETntu0: Turbidity, WET Labs ECO [NTU]
# name 11 = prdM: Pressure, Strain Gauge [db]
# name 12 = prdE: Pressure, Strain Gauge [psi]
# name 13 = tv290C: Temperature [ITS-90, deg C]
# name 14 = density00: Density [density, kg/m^3]
# name 15 = flag:  0.000e+00
# span 0 =     -0.750,     10.842       
# span 1 =     -0.216,      0.308       
# span 2 =     0.0258,     6.4091       
# span 3 =      0.369,    111.303       
# span 4 =      4.612,    167.213       
# span 5 =   4.934589, 114.932334       
# span 6 =    -3.2569,   259.6993       
# span 7 =      6.703,      8.034       
# span 8 =  -661.6794,   394.6766       
# span 9 = 1.2351e-01, 2.9688e+03       
# span 10 =   -10.0238,     8.8705      
# span 11 =     -0.737,     10.632      
# span 12 =     -1.068,     15.421      
# span 13 =     9.3486,    32.6119      
# span 14 =   994.8390,   999.8701      
# span 15 = 0.0000e+00, 0.0000e+00      
# interval = seconds: 0.25
# start_time = Jul 29 2020 22:03:07 [Instrument's time stamp, header]
# bad_flag = -9.990e-29
*END*
[from data line 3436]
      7.328      0.008     0.0328      0.464     52.509  38.408618     5.6746      6.713    59.9661 2.2585e+00     6.3664      7.187     10.424    11.5445   999.6053 0.0000e+00
      7.330      0.008     0.0321      0.476     52.561  38.449333     5.7541      6.713    59.9130 2.2499e+00     6.4206      7.188     10.426    11.5495   999.6046 0.0000e+00
      7.331      0.007     0.0372      0.489     52.754  38.590530     5.8531      6.714    59.8325 2.2470e+00     6.3741      7.189     10.426    11.5590   999.6035 0.0000e+00
      7.332      0.007     0.0359      0.488     53.023  38.782984     5.9074      6.714    59.6803 2.2456e+00     6.3528      7.190     10.428    11.5684   999.6024 0.0000e+00
      7.334      0.006     0.0343      0.468     53.331  38.999159     5.8956      6.715    59.5362 2.2381e+00     6.4038      7.192     10.431    11.5713   999.6021 0.0000e+00
      7.337      0.006     0.0366      0.445     53.586  39.173254     5.8919      6.716    59.4662 2.2261e+00     6.4413      7.195     10.435    11.5734   999.6019 0.0000e+00
      7.339      0.005     0.0377      0.452     53.690  39.237711     5.8914      6.716    59.4365 2.2162e+00     6.2225      7.197     10.438    11.5751   999.6018 0.0000e+00
      7.340      0.004     0.0377      0.466     53.657  39.207266     5.8701      6.716    59.3491 2.2176e+00     5.9208      7.198     10.439    11.5704   999.6024 0.0000e+00
      7.340      0.003     0.0361      0.443     53.630  39.185955     5.8444      6.716    59.2694 2.2219e+00     5.8144      7.198     10.439    11.5610   999.6036 0.0000e+00
      7.340      0.001     0.0326      0.422     53.692  39.233921     5.7241      6.715    59.1611 2.2254e+00     5.7946      7.198     10.439    11.5488   999.6050 0.0000e+00
      7.340      0.001     0.0338      0.439     53.748  39.279468     5.5414      6.714    58.9869 2.2276e+00     5.7506      7.198     10.440    11.5366   999.6063 0.0000e+00
      7.340      0.001     0.0377      0.455     53.848  39.355843     5.4372      6.714    58.8835 2.2174e+00     5.6262      7.199     10.441    11.5309   999.6069 0.0000e+00
      7.340      0.002     0.0336      0.450     54.075  39.522657     5.3891      6.714    58.8570 2.2086e+00     5.4235      7.198     10.440    11.5303   999.6069 0.0000e+00
      7.340      0.003     0.0301      0.449     54.330  39.709621     5.3800      6.715    58.8393 2.2080e+00     5.2561      7.197     10.439    11.5330   999.6067 0.0000e+00
      7.341      0.005     0.0339      0.452     54.508  39.839204     5.4411      6.715    58.7553 2.2057e+00     5.2165      7.199     10.441    11.5386   999.6061 0.0000e+00
      7.343      0.007     0.0357      0.460     54.568  39.883461     5.5180      6.715    58.6153 2.2042e+00     5.3225      7.201     10.445    11.5416   999.6058 0.0000e+00
      7.345      0.010     0.0334      0.468     54.543  39.863906     5.5175      6.714    58.4372 2.1958e+00     5.3356      7.203     10.447    11.5416   999.6059 0.0000e+00
      7.348      0.012     0.0344      0.466     54.536  39.856649     5.4635      6.714    58.3230 2.1801e+00     5.2034      7.206     10.451    11.5413   999.6061 0.0000e+00
      7.351      0.013     0.0342      0.460     54.630  39.922657     5.4946      6.714    58.3533 2.1711e+00     5.4394      7.209     10.455    11.5416   999.6061 0.0000e+00
      7.355      0.012     0.0348      0.459     54.776  40.027277     5.6268      6.714    58.2873 2.1585e+00     6.0954      7.213     10.461    11.5416   999.6061 0.0000e+00
      7.360      0.011     0.0365      0.471     54.972  40.169505     5.7265      6.714    58.1265 2.1353e+00     6.5438      7.219     10.471    11.5408   999.6063 0.0000e+00
      7.364      0.009     0.0352      0.479     55.252  40.372860     5.7275      6.714    58.0445 2.1326e+00     6.5692      7.224     10.477    11.5389   999.6065 0.0000e+00
      7.364      0.008     0.0354      0.478     55.545  40.581806     5.6487      6.714    57.9843 2.1582e+00     6.4362      7.222     10.475    11.5358   999.6068 0.0000e+00
      7.364      0.007     0.0340      0.487     55.675  40.664666     5.5650      6.714    57.9144 2.1670e+00     6.4119      7.220     10.472    11.5342   999.6070 0.0000e+00
      7.365      0.007     0.0362      0.485     55.713  40.676486     5.5460      6.714    57.8876 2.1527e+00     6.5505      7.223     10.474    11.5341   999.6071 0.0000e+00
      7.368      0.008     0.0371      0.467     55.968  40.851646     5.5708      6.714    57.8325 2.1509e+00     6.7053      7.226     10.480    11.5333   999.6073 0.0000e+00
      7.371      0.009     0.0357      0.490     56.270  41.068661     5.6069      6.714    57.6782 2.1535e+00     6.6697      7.229     10.486    11.5299   999.6078 0.0000e+00
      7.373      0.011     0.0371      0.527     56.369  41.142224     5.6202      6.714    57.5712 2.1427e+00     6.4291      7.231     10.487    11.5191   999.6091 0.0000e+00
      7.375      0.011     0.0387      0.518     56.403  41.169807     5.6085      6.714    57.5714 2.1377e+00     6.2676      7.232     10.489    11.5012   999.6109 0.0000e+00
      7.380      0.010     0.0332      0.492     56.197  41.021303     5.6084      6.713    57.5947 2.1368e+00     6.3661      7.237     10.496    11.4895   999.6123 0.0000e+00
      7.383      0.007     0.0366      0.462     55.816  40.743138     5.6193      6.713    57.5946 2.1218e+00     6.5202      7.242     10.502    11.4877   999.6127 0.0000e+00
      7.385      0.005     0.0432      0.437     55.882  40.789883     5.6162      6.714    57.5696 2.1125e+00     6.4487      7.242     10.503    11.4904   999.6123 0.0000e+00
      7.385      0.004     0.0390      0.436     56.367  41.142186     5.5990      6.714    57.4644 2.1225e+00     6.2572      7.243     10.505    11.4935   999.6121 0.0000e+00
      7.385      0.004     0.0379      0.434     56.792  41.448149     5.6125      6.713    57.2694 2.1295e+00     6.2642      7.244     10.506    11.4952   999.6119 0.0000e+00
      7.384      0.004     0.0356      0.417     56.877  41.505838     5.6840      6.712    57.1052 2.1260e+00     6.5338      7.241     10.501    11.4951   999.6116 0.0000e+00
      7.384      0.004     0.0320      0.422     56.642  41.331880     5.7472      6.712    57.0276 2.1282e+00     6.7708      7.240     10.501    11.4942   999.6118 0.0000e+00
      7.386      0.004     0.0335      0.450     56.358  41.122197     5.7378      6.713    57.0201 2.1292e+00     6.7259      7.243     10.506    11.4933   999.6121 0.0000e+00
      7.390      0.003     0.0343      0.466     56.198  41.001837     5.7040      6.713    57.0993 2.1261e+00     6.5744      7.248     10.512    11.4891   999.6128 0.0000e+00
      7.392      0.002     0.0306      0.466     56.226  41.019186     5.6914      6.713    57.1248 2.1272e+00     6.5521      7.251     10.517    11.4842   999.6134 0.0000e+00
      7.392      0.002     0.0313      0.457     56.484  41.205004     5.6903      6.713    56.9852 2.1268e+00     6.6631      7.250     10.515    11.4820   999.6135 0.0000e+00
      7.389      0.002     0.0351      0.439     56.765  41.407719     5.6813      6.713    56.8735 2.1218e+00     6.7491      7.247     10.511    11.4804   999.6135 0.0000e+00
      7.388      0.003     0.0361      0.439     56.812  41.438949     5.6400      6.712    56.8067 2.1230e+00     6.6306      7.244     10.507    11.4766   999.6138 0.0000e+00
      7.388      0.005     0.0353      0.450     56.751  41.392168     5.6009      6.712    56.6935 2.1285e+00     6.4318      7.243     10.505    11.4737   999.6141 0.0000e+00
      7.392      0.008     0.0359      0.452     56.779  41.413387     5.7328      6.712    56.6239 2.1186e+00     6.5765      7.247     10.511    11.4730   999.6143 0.0000e+00
      7.397      0.010     0.0324      0.444     56.901  41.505071     6.0135      6.712    56.5674 2.1075e+00     7.0417      7.255     10.522    11.4713   999.6147 0.0000e+00
      7.400      0.012     0.0330      0.418     57.046  41.612028     6.1626      6.712    56.5264 2.1054e+00     7.3187      7.258     10.527    11.4670   999.6152 0.0000e+00
      7.402      0.012     0.0354      0.411     57.246  41.754431     6.1630      6.712    56.5578 2.1017e+00     7.3167      7.259     10.528    11.4643   999.6154 0.0000e+00
      7.405      0.011     0.0339      0.444     57.447  41.893807     6.1516      6.711    56.5176 2.0919e+00     7.2581      7.261     10.531    11.4655   999.6153 0.0000e+00
      7.408      0.010     0.0355      0.471     57.557  41.964147     6.1588      6.711    56.3843 2.0799e+00     7.2620      7.264     10.536    11.4687   999.6150 0.0000e+00
      7.410      0.010     0.0312      0.470     57.927  42.224033     6.1729      6.711    56.2362 2.0816e+00     7.2950      7.267     10.540    11.4712   999.6148 0.0000e+00
      7.413      0.011     0.0294      0.464     58.748  42.814244     6.1798      6.711    56.1039 2.0875e+00     7.3139      7.269     10.544    11.4686   999.6152 0.0000e+00
      7.415      0.014     0.0346      0.469     59.721  43.513999     6.2224      6.711    55.9884 2.0863e+00     7.3874      7.271     10.546    11.4615   999.6161 0.0000e+00
      7.416      0.018     0.0372      0.481     60.604  44.145969     6.2973      6.711    55.8728 2.0857e+00     7.4634      7.272     10.547    11.4509   999.6172 0.0000e+00
      7.420      0.023     0.0358      0.488     61.264  44.614732     6.3414      6.711    55.8244 2.0707e+00     7.5112      7.276     10.553    11.4420   999.6183 0.0000e+00
      7.427      0.027     0.0351      0.482     61.626  44.864682     6.3550      6.711    55.7474 2.0492e+00     7.5536      7.283     10.564    11.4370   999.6192 0.0000e+00
      7.437      0.029     0.0359      0.487     61.844  45.009498     6.4045      6.711    55.6305 2.0395e+00     7.6665      7.292     10.577    11.4294   999.6204 0.0000e+00
      7.447      0.030     0.0363      0.498     62.065  45.159401     6.5012      6.710    55.6153 2.0283e+00     7.8808      7.304     10.593    11.4198   999.6217 0.0000e+00
      7.457      0.027     0.0386      0.506     61.982  45.089916     6.5512      6.710    55.6495 2.0126e+00     7.9477      7.315     10.608    11.4095   999.6232 0.0000e+00
      7.464      0.022     0.0358      0.513     61.422  44.677249     6.5426      6.710    55.6134 2.0001e+00     7.8909      7.320     10.617    11.3981   999.6245 0.0000e+00
      7.468      0.014     0.0369      0.488     60.726  44.169612     6.4256      6.710    55.5237 1.9879e+00     7.6065      7.322     10.622    11.3864   999.6258 0.0000e+00
      7.472      0.006     0.0390      0.454     60.267  43.840607     6.1956      6.711    55.4248 1.9709e+00     7.0165      7.328     10.629    11.3772   999.6270 0.0000e+00
      7.473      0.000     0.0375      0.430     60.386  43.937061     6.0504      6.711    55.1919 1.9604e+00     6.6619      7.330     10.631    11.3704   999.6277 0.0000e+00
      7.469     -0.002     0.0415      0.397     60.983  44.383547     6.0148      6.710    54.9459 1.9740e+00     6.5807      7.325     10.624    11.3652   999.6279 0.0000e+00
      7.464      0.000     0.0373      0.382     61.627  44.858512     6.0126      6.710    54.8592 1.9958e+00     6.5155      7.319     10.615    11.3636   999.6278 0.0000e+00
      7.461      0.003     0.0337      0.410     62.063  45.172228     6.0142      6.710    54.8320 2.0013e+00     6.2168      7.315     10.610    11.3670   999.6272 0.0000e+00
      7.463      0.008     0.0341      0.444     62.108  45.192700     5.9967      6.710    54.7887 1.9980e+00     5.6129      7.316     10.612    11.3768   999.6262 0.0000e+00
      7.468      0.012     0.0297      0.473     62.008  45.106030     5.9718      6.710    54.6805 1.9902e+00     5.2214      7.323     10.621    11.3892   999.6253 0.0000e+00
      7.476      0.013     0.0272      0.499     61.805  44.949641     5.9612      6.709    54.5562 1.9727e+00     5.1569      7.332     10.634    11.3960   999.6248 0.0000e+00
      7.482      0.011     0.0319      0.505     61.374  44.635044     6.0785      6.709    54.4895 1.9571e+00     5.2794      7.338     10.645    11.3922   999.6254 0.0000e+00
      7.484      0.008     0.0343      0.500     61.497  44.730611     6.3319      6.709    54.4765 1.9615e+00     5.6720      7.340     10.646    11.3798   999.6267 0.0000e+00
      7.484      0.005     0.0356      0.486     62.245  45.279795     6.5259      6.709    54.3987 1.9801e+00     6.1280      7.339     10.645    11.3667   999.6280 0.0000e+00
      7.482      0.003     0.0397      0.476     62.635  45.561201     6.5736      6.709    54.2369 1.9902e+00     6.2600      7.338     10.643    11.3588   999.6289 0.0000e+00
      7.480      0.003     0.0384      0.471     62.512  45.466536     6.4700      6.709    54.2413 1.9859e+00     6.1699      7.334     10.637    11.3580   999.6286 0.0000e+00
      7.480      0.003     0.0389      0.449     62.343  45.341517     6.2933      6.708    54.2794 1.9716e+00     6.1716      7.334     10.637    11.3656   999.6278 0.0000e+00
      7.484      0.004     0.0369      0.425     62.049  45.128934     6.2112      6.708    54.0960 1.9573e+00     6.3141      7.341     10.647    11.3727   999.6276 0.0000e+00
      7.489      0.004     0.0358      0.426     61.593  44.800871     6.2317      6.708    53.8309 1.9587e+00     6.5207      7.346     10.655    11.3687   999.6282 0.0000e+00
      7.489      0.003     0.0373      0.441     61.586  44.803312     6.2640      6.708    53.6556 1.9699e+00     6.5063      7.344     10.652    11.3622   999.6287 0.0000e+00
      7.488      0.001     0.0345      0.442     62.064  45.158468     6.2677      6.708    53.5244 1.9691e+00     6.2777      7.343     10.651    11.3618   999.6287 0.0000e+00
      7.487      0.000     0.0315      0.430     62.416  45.412712     6.2582      6.708    53.2769 1.9665e+00     6.1596      7.342     10.649    11.3623   999.6287 0.0000e+00
      7.485      0.000     0.0320      0.424     62.236  45.274292     6.2535      6.708    52.9865 1.9763e+00     6.2798      7.340     10.646    11.3635   999.6281 0.0000e+00
      7.485      0.001     0.0346      0.436     61.786  44.945073     6.3061      6.708    52.7664 1.9798e+00     6.6674      7.340     10.645    11.3721   999.6273 0.0000e+00
      7.486      0.003     0.0340      0.459     61.658  44.860554     6.3890      6.708    52.6807 1.9669e+00     7.0000      7.341     10.648    11.3815   999.6265 0.0000e+00
      7.488      0.005     0.0328      0.460     61.593  44.823807     6.3973      6.708    52.6385 1.9499e+00     7.0054      7.343     10.651    11.3791   999.6270 0.0000e+00
      7.490      0.005     0.0318      0.440     61.315  44.627756     6.3784      6.709    52.4277 1.9315e+00     6.9393      7.345     10.653    11.3681   999.6281 0.0000e+00
      7.492      0.005     0.0328      0.451     61.248  44.585219     6.3802      6.710    52.1970 1.9218e+00     6.9216      7.347     10.656    11.3641   999.6282 0.0000e+00
      7.494      0.004     0.0358      0.483     61.473  44.753924     6.3612      6.710    52.0865 1.9343e+00     6.8946      7.349     10.659    11.3757   999.6270 0.0000e+00
      7.494      0.004     0.0366      0.472     61.747  44.953384     6.3011      6.710    51.9523 1.9460e+00     6.7839      7.350     10.660    11.3867   999.6259 0.0000e+00
      7.494      0.004     0.0323      0.452     62.114  45.219219     6.2356      6.710    51.8650 1.9496e+00     6.5795      7.349     10.659    11.3882   999.6255 0.0000e+00
      7.495      0.005     0.0326      0.454     62.663  45.618999     6.2068      6.710    51.8918 1.9553e+00     6.4830      7.349     10.659    11.3947   999.6247 0.0000e+00
