Data/DataNotYetUploadedToEDI/Raw_CTD/RawDownloads/073018_fcr50.cnv
* Sea-Bird SBE19plus  Data File:
* FileName = C:\DATA\073018_fcr50_0007.hex
* Software version 2.6.3.104 SB_Terminal.dll
* Temperature SN = 7809
* Conductivity SN = 7809
* System UpLoad Time = Jul 30 2018 16:27:10
* <ApplicationData>
* <Seaterm232>
# nquan = 15
# nvalues = 478                         
# units = specified
# name 0 = depFM: Depth [fresh water, m]
# name 1 = dz/dtM: Descent Rate [m/s]
# name 2 = sbeox0Mg/L: Oxygen, SBE 43 [mg/l]
# name 3 = sbeox0PS: Oxygen, SBE 43 [% saturation]
# name 4 = specc: Specific Conductance [uS/cm]
# name 5 = c0uS/cm: Conductivity [uS/cm]
# name 6 = flECO-AFL: Fluorescence, WET Labs ECO-AFL/FL [mg/m^3]
# name 7 = ph: pH
# name 8 = orp: Oxidation Reduction Potential [mV]
# name 9 = par/sat/log: PAR/Logarithmic, Satlantic
# name 10 = turbWETntu0: Turbidity, WET Labs ECO [NTU]
# name 11 = prdM: Pressure, Strain Gauge [db]
# name 12 = prdE: Pressure, Strain Gauge [psi]
# name 13 = tv290C: Temperature [ITS-90, deg C]
# name 14 = flag:  0.000e+00
# span 0 =     -0.555,      9.452       
# span 1 =     -0.053,      0.230       
# span 2 =     0.1595,     8.8422       
# span 3 =      1.546,    106.557       
# span 4 =      0.648,     50.152       
# span 5 =   0.598511,  38.118924       
# span 6 =    -0.1929,     6.0807       
# span 7 =      6.146,      8.894       
# span 8 =   -26.1362,   301.7383       
# span 9 = 1.2549e-01, 1.6615e+02       
# span 10 =    -0.2658,    29.2701      
# span 11 =     -0.544,      9.270      
# span 12 =     -0.789,     13.446      
# span 13 =    11.9068,    25.6858      
# span 14 = 0.0000e+00, 0.0000e+00      
# interval = seconds: 0.25
# start_time = Jul 30 2018 14:35:09 [Instrument's time stamp, header]
# bad_flag = -9.990e-29
*END*
[from data line 97]
      0.071     -0.003     7.6561     93.833     35.313  35.800033     4.9482      8.891   198.2812 7.1283e+01     4.1961      0.071      0.103    25.6692 0.0000e+00
      0.070     -0.005     7.6817     94.151     35.308  35.795905     4.9392      8.892   198.3579 7.1307e+01     4.1977      0.069      0.100    25.6735 0.0000e+00
      0.068     -0.005     7.6967     94.335     35.329  35.818264     4.9289      8.893   198.6730 7.1691e+01     4.0853      0.067      0.096    25.6777 0.0000e+00
      0.065     -0.004     7.7077     94.468     35.328  35.816284     4.9068      8.894   198.9076 7.2380e+01     3.8751      0.063      0.092    25.6817 0.0000e+00
      0.062     -0.002     7.7235     94.655     35.287  35.771963     4.8923      8.893   198.7852 7.2517e+01     3.7611      0.060      0.088    25.6839 0.0000e+00
      0.061      0.001     7.7468     94.933     35.246  35.727034     4.9012      8.892   198.4835 7.2094e+01     3.7446      0.059      0.086    25.6854 0.0000e+00
      0.063      0.004     7.7776     95.307     35.238  35.717703     4.9405      8.891   198.3573 7.1862e+01     3.7375      0.060      0.089    25.6858 0.0000e+00
      0.066      0.005     7.8186     95.809     35.243  35.722655     4.9910      8.891   198.2928 7.2047e+01     3.7361      0.065      0.094    25.6848 0.0000e+00
      0.069      0.005     7.8670     96.400     35.245  35.723394     5.0063      8.891   198.2193 7.1910e+01     3.7280      0.068      0.099    25.6817 0.0000e+00
      0.073      0.005     7.9079     96.894     35.251  35.726636     5.0057      8.891   198.1563 7.1397e+01     3.7301      0.072      0.105    25.6754 0.0000e+00
      0.073      0.007     7.9246     97.094     35.287  35.761847     5.0107      8.888   197.7898 7.1689e+01     3.7618      0.073      0.107    25.6715 0.0000e+00
      0.071      0.017     7.9156     96.979     35.357  35.831511     4.9933      8.881   197.1431 7.2777e+01     3.8363      0.070      0.101    25.6747 0.0000e+00
      0.068      0.039     7.8974     96.739     35.402  35.870191     4.9609      8.874   196.8762 7.3014e+01     3.9295      0.067      0.095    25.6755 0.0000e+00
      0.070      0.068     7.8954     96.694     35.327  35.784869     4.9495      8.873   198.4351 7.2036e+01     3.9728      0.066      0.096    25.6679 0.0000e+00
      0.085      0.095     7.9255     97.058     35.109  35.562125     4.9475      8.873   200.3316 6.8544e+01     3.9933      0.075      0.108    25.6653 0.0000e+00
      0.122      0.114     7.9769     97.702     34.881  35.336742     4.8725      8.872   199.7600 5.9864e+01     4.0253      0.111      0.160    25.6682 0.0000e+00
      0.176      0.120     8.0231     98.263     34.766  35.219517     4.7321      8.872   198.5788 4.8844e+01     4.0235      0.176      0.255    25.6549 0.0000e+00
      0.226      0.115     8.0427     98.439     34.796  35.224612     4.6558      8.877   198.3543 4.0651e+01     4.0025      0.232      0.336    25.6377 0.0000e+00
      0.255      0.106     8.0282     98.164     34.943  35.334780     4.6486      8.883   198.6799 3.6816e+01     3.9850      0.257      0.373    25.6345 0.0000e+00
      0.266      0.101     7.9886     97.610     35.105  35.471642     4.6632      8.885   199.3314 3.6425e+01     3.9636      0.262      0.381    25.6489 0.0000e+00
      0.270      0.106     7.9424     97.027     35.123  35.481905     4.6956      8.886   199.6929 3.6586e+01     3.9579      0.263      0.382    25.6624 0.0000e+00
      0.281      0.122     7.8980     96.510     34.964  35.331811     4.7180      8.889   200.0389 3.6014e+01     3.9468      0.267      0.387    25.6176 0.0000e+00
      0.314      0.141     7.8557     96.042     34.796  35.181386     4.7225      8.891   200.5907 3.5482e+01     3.9514      0.295      0.429    25.5464 0.0000e+00
      0.374      0.155     7.8263     95.715     34.726  35.124124     4.6850      8.892   200.9442 3.4544e+01     3.9214      0.363      0.528    25.5054 0.0000e+00
      0.441      0.161     7.8238     95.663     34.758  35.147642     4.6238      8.893   201.0432 3.3154e+01     3.8283      0.441      0.640    25.4970 0.0000e+00
      0.490      0.157     7.8439     95.859     34.841  35.211652     4.5987      8.893   201.0991 3.2112e+01     3.7723      0.489      0.709    25.5144 0.0000e+00
      0.518      0.146     7.8656     96.091     34.905  35.262818     4.5925      8.890   201.3622 3.1763e+01     3.7326      0.510      0.739    25.5496 0.0000e+00
      0.538      0.132     7.8693     96.120     34.969  35.321625     4.5942      8.888   202.0734 3.1746e+01     3.7746      0.525      0.761    25.5836 0.0000e+00
      0.563      0.123     7.8443     95.817     35.060  35.414510     4.6098      8.885   202.9864 3.1251e+01     3.8841      0.548      0.794    25.5614 0.0000e+00
      0.596      0.127     7.7895     95.178     35.129  35.496594     4.6250      8.882   203.5397 3.0307e+01     3.9275      0.584      0.848    25.5170 0.0000e+00
      0.632      0.138     7.7112     94.272     35.164  35.551863     4.6403      8.880   203.6875 2.9542e+01     3.9630      0.622      0.902    25.5051 0.0000e+00
      0.667      0.152     7.6190     93.194     35.165  35.574620     4.6480      8.879   203.7405 2.8934e+01     3.9777      0.653      0.947    25.4961 0.0000e+00
      0.706      0.163     7.5227     92.051     35.094  35.517694     4.6633      8.877   203.8364 2.8113e+01     3.9536      0.690      1.000    25.4911 0.0000e+00
      0.750      0.167     7.4348     90.995     34.943  35.371764     4.6969      8.877   203.9864 2.6980e+01     3.9458      0.735      1.065    25.5119 0.0000e+00
      0.797      0.163     7.3667     90.175     34.775  35.207663     4.7140      8.877   204.2636 2.5672e+01     3.9450      0.782      1.132    25.5465 0.0000e+00
      0.847      0.150     7.3233     89.642     34.691  35.121573     4.7136      8.878   204.5216 2.4383e+01     3.9741      0.831      1.205    25.5778 0.0000e+00
      0.893      0.128     7.2993     89.278     34.692  35.093107     4.6639      8.881   204.6963 2.3463e+01     3.9928      0.880      1.278    25.6034 0.0000e+00
      0.926      0.099     7.2831     88.933     34.716  35.054000     4.5636      8.886   204.8267 2.2986e+01     3.9573      0.914      1.326    25.6058 0.0000e+00
      0.945      0.069     7.2688     88.588     34.764  35.029762     4.5119      8.890   204.8933 2.2721e+01     3.9409      0.930      1.349    25.6153 0.0000e+00
      0.952      0.043     7.2548     88.293     34.841  35.054013     4.5169      8.892   205.0721 2.2600e+01     3.9482      0.936      1.357    25.6323 0.0000e+00
      0.952      0.026     7.2435     88.100     34.904  35.093054     4.5868      8.892   205.2686 2.2623e+01     3.8929      0.935      1.355    25.5912 0.0000e+00
      0.950      0.019     7.2385     88.030     34.935  35.120654     4.7052      8.893   205.3766 2.2667e+01     3.7905      0.932      1.351    25.4875 0.0000e+00
      0.950      0.022     7.2396     88.050     34.945  35.133629     4.7624      8.893   205.5171 2.2602e+01     3.7480      0.930      1.349    25.3631 0.0000e+00
      0.955      0.030     7.2426     88.090     34.932  35.122909     4.7737      8.893   205.6764 2.2460e+01     3.7755      0.934      1.356    25.2812 0.0000e+00
      0.966      0.040     7.2417     88.075     34.930  35.118078     4.7588      8.893   205.5818 2.2286e+01     3.7874      0.948      1.374    25.2559 0.0000e+00
      0.981      0.050     7.2315     87.952     34.950  35.138728     4.7017      8.893   205.2341 2.1988e+01     3.7700      0.961      1.394    25.2575 0.0000e+00
      0.998      0.058     7.2066     87.673     34.983  35.182033     4.6621      8.893   205.1716 2.1584e+01     3.7477      0.977      1.419    25.2657 0.0000e+00
      1.015      0.067     7.1617     87.179     35.038  35.260562     4.6569      8.892   205.6006 2.1236e+01     3.7322      0.996      1.445    25.2693 0.0000e+00
      1.030      0.082     7.1021     86.526     35.134  35.389523     4.7122      8.887   206.3769 2.0923e+01     3.7953      1.010      1.465    25.2624 0.0000e+00
      1.045      0.105     7.0473     85.933     35.245  35.534450     4.8249      8.877   207.2442 2.0512e+01     3.9008      1.023      1.484    25.2577 0.0000e+00
      1.066      0.134     7.0171     85.614     35.304  35.615446     4.8895      8.863   207.6561 1.9885e+01     3.9388      1.042      1.510    25.2721 0.0000e+00
      1.100      0.166     7.0199     85.657     35.291  35.606618     4.8954      8.842   207.7430 1.8943e+01     3.9497      1.071      1.553    25.3050 0.0000e+00
      1.151      0.196     7.0561     86.076     35.250  35.554758     4.9061      8.813   208.4674 1.7742e+01     3.9724      1.123      1.628    25.3562 0.0000e+00
      1.216      0.219     7.1238     86.863     35.209  35.496566     5.0465      8.778   209.7039 1.6463e+01     3.9386      1.191      1.729    25.4114 0.0000e+00
      1.286      0.230     7.2153     87.928     35.146  35.411162     5.3057      8.739   210.6478 1.5267e+01     3.8466      1.263      1.831    25.4458 0.0000e+00
      1.351      0.226     7.3162     89.093     35.048  35.284357     5.4401      8.702   211.4477 1.4240e+01     3.7746      1.328      1.926    25.4488 0.0000e+00
      1.411      0.207     7.4114     90.189     34.960  35.170236     5.4403      8.672   212.1481 1.3367e+01     3.7395      1.384      2.009    25.4289 0.0000e+00
      1.464      0.178     7.4864     91.057     34.920  35.111139     5.4547      8.647   212.4917 1.2644e+01     3.6050      1.439      2.088    25.4059 0.0000e+00
      1.509      0.147     7.5320     91.591     34.895  35.077951     5.4944      8.626   212.7626 1.2162e+01     3.3394      1.486      2.155    25.3758 0.0000e+00
      1.539      0.119     7.5504     91.814     34.905  35.086556     5.5160      8.605   213.2720 1.1909e+01     3.1514      1.514      2.197    25.3306 0.0000e+00
      1.558      0.099     7.5505     91.817     34.969  35.151652     5.5136      8.580   214.1769 1.1721e+01     3.1028      1.528      2.218    25.2900 0.0000e+00
      1.573      0.087     7.5447     91.737     34.987  35.166307     5.4840      8.549   215.1855 1.1504e+01     3.0876      1.541      2.236    25.2615 0.0000e+00
      1.588      0.081     7.5419     91.683     34.903  35.073175     5.4246      8.516   215.7446 1.1259e+01     3.0896      1.556      2.257    25.2503 0.0000e+00
      1.608      0.077     7.5380     91.617     34.816  34.978387     5.3926      8.489   216.1185 1.0944e+01     3.1270      1.573      2.282    25.2541 0.0000e+00
      1.634      0.075     7.5227     91.420     34.816  34.973027     5.4015      8.468   216.6950 1.0589e+01     3.1428      1.601      2.322    25.2585 0.0000e+00
      1.661      0.072     7.4912     91.025     34.856  35.008362     5.4583      8.450   217.2948 1.0344e+01     3.1283      1.633      2.369    25.2536 0.0000e+00
      1.679      0.069     7.4445     90.441     34.879  35.024485     5.5647      8.432   217.8642 1.0223e+01     3.1344      1.651      2.395    25.2381 0.0000e+00
      1.688      0.067     7.3875     89.731     34.903  35.040924     5.6304      8.411   218.7618 1.0097e+01     3.1561      1.654      2.399    25.2242 0.0000e+00
      1.699      0.070     7.3274     88.986     34.948  35.080064     5.6465      8.386   220.1455 9.9095e+00     3.1465      1.663      2.412    25.2198 0.0000e+00
      1.715      0.081     7.2739     88.317     34.993  35.116594     5.6946      8.351   221.6030 9.7031e+00     3.1098      1.682      2.439    25.2141 0.0000e+00
      1.734      0.103     7.2397     87.857     34.998  35.101478     5.7713      8.308   222.7899 9.4706e+00     3.1095      1.698      2.464    25.2006 0.0000e+00
      1.758      0.129     7.2392     87.740     34.968  35.024318     5.8116      8.262   223.7412 9.1531e+00     3.1428      1.721      2.498    25.1917 0.0000e+00
      1.792      0.153     7.2812     88.061     34.969  34.945817     5.8231      8.218   224.7596 8.6900e+00     3.1761      1.753      2.542    25.1825 0.0000e+00
      1.840      0.173     7.3632     88.830     35.033  34.914441     5.8367      8.178   226.0690 8.1116e+00     3.1768      1.800      2.610    25.1741 0.0000e+00
      1.898      0.185     7.4732     89.946     35.107  34.898887     5.8937      8.143   227.1826 7.5805e+00     3.1210      1.864      2.703    25.1583 0.0000e+00
      1.955      0.186     7.5897     91.173     35.166  34.884672     6.0057      8.116   227.6418 7.1516e+00     3.0819      1.918      2.783    25.0946 0.0000e+00
      2.005      0.176     7.6894     92.235     35.207  34.869496     6.0797      8.095   227.7488 6.7799e+00     3.1008      1.966      2.852    24.9674 0.0000e+00
      2.050      0.160     7.7620     92.995     35.226  34.842349     6.0807      8.075   227.9603 6.4576e+00     3.1358      2.012      2.918    24.8194 0.0000e+00
      2.088      0.142     7.8094     93.463     35.235  34.810444     5.9907      8.055   228.3933 6.1956e+00     3.0468      2.051      2.975    24.6888 0.0000e+00
      2.117      0.126     7.8366     93.687     35.203  34.737760     5.8363      8.036   229.0263 6.0000e+00     2.8173      2.078      3.014    24.5850 0.0000e+00
      2.140      0.112     7.8608     93.791     35.137  34.598660     5.7488      8.017   229.5907 5.8132e+00     2.6813      2.096      3.041    24.5092 0.0000e+00
      2.167      0.100     7.9121     93.970     35.174  34.462393     5.7226      8.000   229.7967 5.6043e+00     2.6542      2.124      3.080    24.4486 0.0000e+00
      2.196      0.090     8.0202     94.603     35.332  34.360285     5.4469      7.985   230.1407 5.4320e+00     2.5497      2.157      3.127    24.3909 0.0000e+00
      2.220      0.088     8.1822     95.895     35.471  34.252945     4.9145      7.966   231.1691 5.3163e+00     2.3643      2.180      3.162    24.3374 0.0000e+00
      2.238      0.096     8.3377     97.225     35.594  34.180486     4.6162      7.938   232.4216 5.2355e+00     2.2741      2.197      3.187    24.2902 0.0000e+00
      2.251      0.112     8.4316     97.822     35.797  34.182629     4.5691      7.908   233.2394 5.1689e+00     2.2822      2.209      3.204    24.0450 0.0000e+00
      2.268      0.132     8.4585     97.537     36.074  34.215060     4.3730      7.882   233.8295 5.0159e+00     2.1877      2.216      3.214    23.5951 0.0000e+00
      2.303      0.150     8.4326     96.641     36.363  34.254689     4.0277      7.861   234.3080 4.7018e+00     2.0174      2.247      3.258    23.2407 0.0000e+00
      2.362      0.163     8.3688     95.439     36.588  34.280340     3.8401      7.844   234.4644 4.3514e+00     1.9322      2.316      3.359    23.0114 0.0000e+00
      2.424      0.163     8.2685     93.974     36.716  34.270878     3.8050      7.829   234.6027 4.1052e+00     1.9198      2.385      3.459    22.7741 0.0000e+00
      2.474      0.148     8.1232     92.162     36.781  34.267138     3.6500      7.817   235.0336 3.9277e+00     1.8974      2.428      3.523    22.4217 0.0000e+00
      2.510      0.122     7.9457     90.138     36.819  34.298539     3.3710      7.804   235.6304 3.8045e+00     1.8146      2.467      3.577    22.0628 0.0000e+00
      2.532      0.094     7.7746     88.209     36.851  34.332954     3.2258      7.791   236.2261 3.7667e+00     1.7427      2.490      3.610    21.8199 0.0000e+00
      2.541      0.071     7.6344     86.542     36.854  34.302154     3.2273      7.777   236.9019 3.7562e+00     1.7303      2.493      3.616    21.6359 0.0000e+00
      2.546      0.057     7.5211     85.188     36.824  34.243682     3.2424      7.764   237.6071 3.7097e+00     1.7253      2.494      3.617    21.5392 0.0000e+00
