Data/DataNotYetUploadedToEDI/Raw_CTD/RawDownloads/07302020_fcr50.cnv
* Sea-Bird SBE19plus  Data File:
* FileName = C:\DATA\07302020_bvr50_0002.hex
* Software version 2.8.0.119
* Temperature SN = 7809
* Conductivity SN = 7809
* System UpLoad Time = Jul 30 2020 16:36:29
* <ApplicationData>
* <Seaterm232>
# nquan = 16
# nvalues = 3106                        
# units = specified
# name 0 = depFM: Depth [fresh water, m]
# name 1 = dz/dtM: Descent Rate [m/s]
# name 2 = sbeox0ML/L: Oxygen, SBE 43 [ml/l]
# name 3 = sbeox0PS: Oxygen, SBE 43 [% saturation]
# name 4 = specc: Specific Conductance [uS/cm]
# name 5 = c0uS/cm: Conductivity [uS/cm]
# name 6 = flECO-AFL: Fluorescence, WET Labs ECO-AFL/FL [mg/m^3]
# name 7 = ph: pH
# name 8 = orp: Oxidation Reduction Potential [mV]
# name 9 = par/sat/log: PAR/Logarithmic, Satlantic
# name 10 = turbWETntu0: Turbidity, WET Labs ECO [NTU]
# name 11 = prdM: Pressure, Strain Gauge [db]
# name 12 = prdE: Pressure, Strain Gauge [psi]
# name 13 = tv290C: Temperature [ITS-90, deg C]
# name 14 = density00: Density [density, kg/m^3]
# name 15 = flag:  0.000e+00
# span 0 =     -0.684,      9.597       
# span 1 =     -0.324,      7.845       
# span 2 =    -0.2516,     9.5636       
# span 3 =     -3.576,    171.994       
# span 4 =      1.416,    455.404       
# span 5 =   1.442740, 329.927093       
# span 6 =    -0.9530,     9.7586       
# span 7 =      6.659,      7.057       
# span 8 =  -144.0490,   165.8843       
# span 9 = 1.2344e-01, 4.2812e+02       
# span 10 =    -0.3525,   141.5509      
# span 11 =     -0.671,      9.411      
# span 12 =     -0.973,     13.650      
# span 13 =    11.0250,    27.6667      
# span 14 =   996.3479,   999.8137      
# span 15 = 0.0000e+00, 0.0000e+00      
# interval = seconds: 0.25
# start_time = Jul 30 2020 01:06:20 [Instrument's time stamp, header]
# bad_flag = -9.990e-29
*END*
[from data line 1718]
      8.710      0.000     0.1184      1.533     46.464  33.489165     1.4538      6.780   115.5590 1.2356e-01     7.5246      8.542     12.389    11.0367   999.6627 0.0000e+00
      8.710      0.001     0.1175      1.530     46.439  33.471484     1.3383      6.779   115.1485 1.2356e-01     7.5671      8.542     12.389    11.0361   999.6628 0.0000e+00
      8.710      0.001     0.1192      1.536     46.457  33.484075     1.2769      6.778   115.4150 1.2359e-01     7.5968      8.542     12.389    11.0356   999.6628 0.0000e+00
      8.711      0.001     0.1186      1.543     46.499  33.514505     1.2646      6.777   116.8025 1.2364e-01     7.5757      8.542     12.389    11.0352   999.6629 0.0000e+00
      8.711      0.001     0.1181      1.543     46.510  33.522147     1.2180      6.778   117.4693 1.2363e-01     7.5863      8.542     12.389    11.0350   999.6628 0.0000e+00
      8.711      0.001     0.1178      1.564     46.497  33.513015     1.1621      6.779   117.2820 1.2357e-01     7.6561      8.543     12.390    11.0352   999.6628 0.0000e+00
      8.711      0.001     0.1180      1.588     46.522  33.530996     1.1513      6.779   116.7756 1.2354e-01     7.6984      8.543     12.390    11.0353   999.6628 0.0000e+00
      8.711      0.000     0.1201      1.582     46.548  33.549199     1.1534      6.778   115.9063 1.2356e-01     7.6857      8.543     12.391    11.0354   999.6628 0.0000e+00
      8.711 1.8628e-08     0.1175      1.572     46.539  33.542742     1.1970      6.778   116.2360 1.2358e-01     7.6048      8.543     12.390    11.0353   999.6629 0.0000e+00
      8.711 2.0490e-07     0.1201      1.565     46.503  33.516379     1.3070      6.779   117.7505 1.2360e-01     7.5113      8.543     12.391    11.0354   999.6628 0.0000e+00
      8.711 2.0490e-07     0.1245      1.545     46.458  33.484263     1.3875      6.779   118.5586 1.2360e-01     7.5159      8.543     12.390    11.0353   999.6629 0.0000e+00
      8.711 1.8627e-08     0.1213      1.527     46.441  33.471683     1.4070      6.778   118.6081 1.2359e-01     7.5236      8.543     12.390    11.0351   999.6629 0.0000e+00
      8.711 1.6934e-09     0.1211      1.532     46.468  33.491185     1.3996      6.778   118.2625 1.2366e-01     7.5359      8.543     12.390    11.0348   999.6629 0.0000e+00
      8.711 1.5395e-10     0.1212      1.534     46.522  33.529708     1.3927      6.778   117.5628 1.2372e-01     7.6644      8.543     12.390    11.0346   999.6629 0.0000e+00
      8.711 1.3995e-11     0.1192      1.524     46.561  33.556742     1.4002      6.778   117.4623 1.2369e-01     7.7721      8.543     12.390    11.0344   999.6629 0.0000e+00
      8.711 1.2723e-12     0.1166      1.542     46.571  33.564242     1.4049      6.778   118.1652 1.2362e-01     7.7739      8.543     12.390    11.0342   999.6629 0.0000e+00
      8.712 1.1566e-13     0.1180      1.554     46.560  33.556929     1.4014      6.778   118.7478 1.2357e-01     7.7894      8.543     12.391    11.0338   999.6630 0.0000e+00
      8.712 1.0515e-14     0.1197      1.529     46.525  33.531778     1.3960      6.777   118.8287 1.2357e-01     7.8565      8.543     12.391    11.0333   999.6631 0.0000e+00
      8.711 9.5590e-16     0.1156      1.528     46.499  33.513952     1.3970      6.776   118.7994 1.2359e-01     7.9328      8.542     12.390    11.0331   999.6631 0.0000e+00
      8.711 8.6900e-17     0.1188      1.550     46.523  33.531762     1.4045      6.776   118.7373 1.2364e-01     7.9911      8.543     12.390    11.0330   999.6631 0.0000e+00
      8.711 7.9000e-18     0.1224      1.553     46.556  33.556758     1.3910      6.776   118.2499 1.2366e-01     7.9771      8.543     12.390    11.0333   999.6631 0.0000e+00
      8.711 7.1820e-19     0.1159      1.539     46.562  33.562370     1.3289      6.777   117.8099 1.2362e-01     7.8329      8.543     12.390    11.0336   999.6630 0.0000e+00
      8.712 6.5290e-20     0.1169      1.541     46.524  33.536163     1.2453      6.778   118.0634 1.2364e-01     7.6203      8.543     12.391    11.0341   999.6629 0.0000e+00
      8.712 5.9355e-21     0.1206      1.552     46.463  33.493695     1.1998      6.778   118.4756 1.2365e-01     7.5357      8.543     12.391    11.0349   999.6629 0.0000e+00
      8.711 5.3997e-22     0.1201      1.557     46.460  33.493070     1.1888      6.778   118.8359 1.2359e-01     7.5648      8.543     12.391    11.0358   999.6628 0.0000e+00
      8.711 5.3106e-23     0.1182      1.581     46.506  33.528614     1.1698      6.778   119.1509 1.2358e-01     7.5604      8.543     12.391    11.0371   999.6627 0.0000e+00
      8.711 4.9052e-23     0.1177      1.588     46.522  33.542730     1.1321      6.777   118.4116 1.2358e-01     7.5167      8.543     12.391    11.0388   999.6625 0.0000e+00
      8.711 4.9093e-22     0.1213      1.574     46.511  33.536842     1.1053      6.777   117.2967 1.2357e-01     7.4832      8.543     12.390    11.0408   999.6623 0.0000e+00
      8.711 5.3958e-21     0.1179      1.588     46.485  33.520885     1.1122      6.778   117.5444 1.2357e-01     7.4981      8.543     12.391    11.0430   999.6620 0.0000e+00
      8.711 5.9353e-20     0.1230      1.605     46.421  33.476702     1.1103      6.778   118.2239 1.2357e-01     7.5596      8.543     12.391    11.0453   999.6618 0.0000e+00
      8.711 6.5288e-19     0.1240      1.596     46.377  33.446792     1.0738      6.778   118.6288 1.2364e-01     7.6428      8.543     12.391    11.0477   999.6616 0.0000e+00
      8.712 7.1817e-18     0.1188      1.578     46.416  33.476515     1.0518      6.778   119.0844 1.2364e-01     7.7144      8.543     12.391    11.0504   999.6613 0.0000e+00
      8.712 7.8999e-17     0.1230      1.568     46.473  33.518825     1.0637      6.778   118.4846 1.2355e-01     7.7398      8.543     12.391    11.0531   999.6610 0.0000e+00
      8.711 8.6899e-16     0.1245      1.556     46.465  33.514187     1.1413      6.778   117.0542 1.2350e-01     7.6746      8.543     12.391    11.0553   999.6608 0.0000e+00
      8.711 9.5589e-15     0.1234      1.538     46.421  33.483889     1.2654      6.779   116.5886 1.2355e-01     7.5444      8.543     12.390    11.0572   999.6606 0.0000e+00
      8.711 1.0515e-13     0.1208      1.536     46.401  33.469764     1.3144      6.779   116.8991 1.2363e-01     7.4698      8.543     12.391    11.0590   999.6604 0.0000e+00
      8.711 1.1566e-12     0.1210      1.554     46.401  33.470299     1.3046      6.778   117.5392 1.2365e-01     7.4941      8.543     12.391    11.0606   999.6603 0.0000e+00
      8.711 1.2723e-11     0.1205      1.571     46.429  33.490361     1.3095      6.777   118.4767 1.2362e-01     7.5979      8.543     12.390    11.0619   999.6601 0.0000e+00
      8.711 1.3995e-10     0.1176      1.571     46.473  33.521972     1.3263      6.777   117.9961 1.2362e-01     7.7286      8.543     12.390    11.0627   999.6600 0.0000e+00
      8.711 1.5395e-09     0.1177      1.561     46.491  33.535238     1.3354      6.778   116.2881 1.2363e-01     7.7699      8.543     12.390    11.0631   999.6600 0.0000e+00
      8.712 1.6934e-08     0.1198      1.561     46.476  33.523858     1.3251      6.779   115.6349 1.2360e-01     7.7195      8.544     12.391    11.0634   999.6599 0.0000e+00
      8.712 1.8627e-07     0.1215      1.559     46.458  33.511287     1.3159      6.779   116.2935 1.2363e-01     7.6688      8.543     12.391    11.0637   999.6599 0.0000e+00
      8.712 1.8627e-07     0.1216      1.553     46.456  33.510144     1.3191      6.779   117.3692 1.2367e-01     7.7407      8.544     12.392    11.0637   999.6600 0.0000e+00
      8.712 1.6934e-08     0.1194      1.553     46.456  33.510040     1.3162      6.778   118.2302 1.2361e-01     7.9019      8.543     12.391    11.0635   999.6600 0.0000e+00
      8.712 1.5395e-09     0.1205      1.548     46.456  33.510033     1.3096      6.777   117.8418 1.2356e-01     7.9702      8.544     12.391    11.0635   999.6600 0.0000e+00
      8.712 1.3995e-10     0.1207      1.560     46.457  33.510056     1.3153      6.777   116.2007 1.2356e-01     7.9832      8.543     12.391    11.0637   999.6599 0.0000e+00
      8.712 1.2723e-11     0.1186      1.589     46.458  33.510312     1.3658      6.777   115.1643 1.2351e-01     8.0243      8.543     12.391    11.0636   999.6600 0.0000e+00
      8.712 1.1566e-12     0.1208      1.591     46.463  33.513133     1.4622      6.777   115.3777 1.2350e-01     8.0558      8.543     12.391    11.0635   999.6599 0.0000e+00
      8.712 1.0515e-13     0.1184      1.571     46.508  33.544167     1.5182      6.777   116.0274 1.2360e-01     8.0203      8.543     12.391    11.0637   999.6600 0.0000e+00
      8.712 9.5590e-15     0.1189      1.556     46.543  33.568276     1.5189      6.777   116.3084 1.2364e-01     7.9378      8.543     12.391    11.0633   999.6600 0.0000e+00
      8.712 8.6900e-16     0.1241      1.548     46.520  33.550815     1.5659      6.777   116.0225 1.2358e-01     7.9171      8.543     12.391    11.0626   999.6601 0.0000e+00
      8.712 7.9000e-17     0.1232      1.547     46.483  33.523405     1.6665      6.777   115.6687 1.2360e-01     7.9750      8.543     12.391    11.0619   999.6601 0.0000e+00
      8.712 7.1820e-18     0.1207      1.542     46.439  33.490672     1.7242      6.777   115.4725 1.2367e-01     8.0203      8.544     12.392    11.0608   999.6602 0.0000e+00
      8.712 6.5290e-19     0.1197      1.514     46.415  33.472314     1.7302      6.777   115.4566 1.2371e-01     7.9846      8.543     12.391    11.0592   999.6604 0.0000e+00
      8.712 5.9355e-20     0.1191      1.481     46.443  33.491793     1.6816      6.777   115.5624 1.2371e-01     7.8867      8.543     12.391    11.0580   999.6605 0.0000e+00
      8.712 5.3960e-21     0.1190      1.487     46.506  33.535834     1.5844      6.777   116.1492 1.2366e-01     7.7980      8.544     12.392    11.0569   999.6607 0.0000e+00
      8.712 4.9052e-22     0.1197      1.522     46.541  33.560636     1.5366      6.777   116.7873 1.2356e-01     7.7703      8.543     12.391    11.0559   999.6607 0.0000e+00
      8.712 4.4593e-23     0.1172      1.552     46.510  33.537862     1.5433      6.777   116.4799 1.2351e-01     7.7922      8.543     12.391    11.0549   999.6608 0.0000e+00
      8.712 4.0567e-24     0.1123      1.577     46.479  33.514283     1.5409      6.777   115.9604 1.2351e-01     7.7884      8.543     12.391    11.0538   999.6609 0.0000e+00
      8.712 3.9919e-25     0.1135      1.599     46.501  33.529367     1.5366      6.776   115.7545 1.2359e-01     7.7585      8.544     12.392    11.0528   999.6611 0.0000e+00
      8.712 3.7066e-25     0.1180      1.603     46.502  33.529874     1.5394      6.776   115.6259 1.2368e-01     7.7733      8.543     12.391    11.0519   999.6612 0.0000e+00
      8.712 3.7118e-24     0.1197      1.595     46.489  33.520418     1.5360      6.776   116.2113 1.2373e-01     7.7963      8.543     12.391    11.0512   999.6612 0.0000e+00
      8.712 4.0797e-23     0.1214      1.588     46.519  33.541931     1.5236      6.776   117.3258 1.2371e-01     7.7626      8.544     12.392    11.0506   999.6613 0.0000e+00
      8.712 4.4876e-22     0.1241      1.558     46.511  33.536176     1.4566      6.777   117.6589 1.2362e-01     7.7088      8.543     12.391    11.0499   999.6614 0.0000e+00
      8.712 4.9364e-21     0.1241      1.520     46.481  33.514290     1.3557      6.777   117.3129 1.2362e-01     7.6951      8.544     12.392    11.0495   999.6614 0.0000e+00
      8.712 5.4300e-20     0.1221      1.511     46.505  33.531111     1.3145      6.777   116.8417 1.2367e-01     7.6994      8.544     12.392    11.0491   999.6614 0.0000e+00
      8.712 5.9730e-19     0.1236      1.526     46.531  33.549209     1.3111      6.776   116.3503 1.2365e-01     7.6925      8.543     12.391    11.0488   999.6615 0.0000e+00
      8.712 6.5703e-18     0.1205      1.543     46.521  33.542757     1.3052      6.776   117.0499 1.2362e-01     7.6795      8.543     12.391    11.0487   999.6615 0.0000e+00
      8.712 7.2273e-17     0.1158      1.559     46.485  33.516549     1.3093      6.777   118.6753 1.2365e-01     7.6805      8.544     12.392    11.0486   999.6615 0.0000e+00
      8.712 7.9500e-16     0.1159      1.591     46.443  33.486134     1.3224      6.777   119.3121 1.2368e-01     7.7382      8.544     12.392    11.0484   999.6615 0.0000e+00
      8.712 8.7450e-15     0.1175      1.621     46.451  33.492275     1.3299      6.777   119.0708 1.2364e-01     7.7946      8.544     12.392    11.0483   999.6615 0.0000e+00
      8.712 9.6196e-14     0.1193      1.614     46.500  33.527351     1.3153      6.777   118.4245 1.2358e-01     7.7782      8.544     12.392    11.0483   999.6615 0.0000e+00
      8.712 1.0582e-12     0.1193      1.572     46.503  33.529520     1.2892      6.777   117.6067 1.2360e-01     7.7805      8.544     12.392    11.0483   999.6615 0.0000e+00
      8.712 1.1640e-11     0.1225      1.535     46.488  33.518495     1.2712      6.777   118.2168 1.2360e-01     7.8211      8.544     12.391    11.0484   999.6615 0.0000e+00
      8.712 1.2804e-10     0.1263      1.524     46.491  33.520964     1.2601      6.777   119.9511 1.2355e-01     7.8238      8.544     12.392    11.0484   999.6615 0.0000e+00
      8.712 1.4084e-09     0.1258      1.523     46.456  33.495915     1.2313      6.777   120.6791 1.2353e-01     7.7783      8.543     12.391    11.0482   999.6615 0.0000e+00
      8.712 1.5492e-08     0.1208      1.521     46.420  33.469440     1.1897      6.776   120.1360 1.2354e-01     7.7174      8.544     12.392    11.0483   999.6615 0.0000e+00
      8.712 1.7042e-07     0.1172      1.526     46.400  33.454670     1.1769      6.776   119.2345 1.2359e-01     7.7064      8.544     12.392    11.0482   999.6615 0.0000e+00
      8.712 3.1243e-07     0.1175      1.548     46.385  33.444225     1.1911      6.777   118.8145 1.2359e-01     7.7479      8.544     12.392    11.0481   999.6616 0.0000e+00
      8.712 1.7042e-07     0.1175      1.567     46.421  33.470060     1.2186      6.777   119.4450 1.2357e-01     7.7729      8.544     12.392    11.0482   999.6615 0.0000e+00
      8.712 1.5492e-08     0.1172      1.563     46.481  33.513229     1.2511      6.777   120.6627 1.2359e-01     7.7339      8.544     12.392    11.0482   999.6615 0.0000e+00
      8.712 1.4084e-09     0.1167      1.549     46.494  33.522015     1.2597      6.777   121.3205 1.2360e-01     7.6887      8.544     12.392    11.0484   999.6615 0.0000e+00
      8.712 1.2803e-10     0.1194      1.536     46.481  33.512832     1.2563      6.777   121.3754 1.2361e-01     7.7060      8.544     12.392    11.0485   999.6615 0.0000e+00
      8.712 1.1640e-11     0.1219      1.521     46.504  33.529108     1.2580      6.777   121.1548 1.2366e-01     7.7367      8.544     12.392    11.0483   999.6615 0.0000e+00
      8.712 1.0581e-12     0.1205      1.517     46.504  33.528447     1.2614      6.777   120.7180 1.2366e-01     7.7520      8.544     12.392    11.0479   999.6616 0.0000e+00
      8.713 9.6195e-14     0.1192      1.536     46.472  33.504839     1.2884      6.777   120.4819 1.2365e-01     7.7533      8.545     12.393    11.0474   999.6616 0.0000e+00
      8.713 8.7450e-15     0.1186      1.563     46.462  33.497484     1.3169      6.777   120.7091 1.2364e-01     7.7178      8.545     12.393    11.0471   999.6616 0.0000e+00
      8.713 7.9500e-16     0.1170      1.581     46.471  33.502967     1.3191      6.777   121.2279 1.2367e-01     7.7010      8.544     12.392    11.0469   999.6617 0.0000e+00
      8.713 7.2275e-17     0.1160      1.587     46.478  33.507682     1.3247      6.777   121.5060 1.2374e-01     7.7215      8.544     12.392    11.0466   999.6617 0.0000e+00
