Data/DataNotYetUploadedToEDI/Raw_CTD/RawDownloads/073018_fcr30.cnv
* Sea-Bird SBE19plus  Data File:
* FileName = C:\DATA\073018_fcr50_0005.hex
* Software version 2.6.3.104 SB_Terminal.dll
* Temperature SN = 7809
* Conductivity SN = 7809
* System UpLoad Time = Jul 30 2018 16:26:39
* <ApplicationData>
* <Seaterm232>
# nquan = 15
# nvalues = 232                         
# units = specified
# name 0 = depFM: Depth [fresh water, m]
# name 1 = dz/dtM: Descent Rate [m/s]
# name 2 = sbeox0Mg/L: Oxygen, SBE 43 [mg/l]
# name 3 = sbeox0PS: Oxygen, SBE 43 [% saturation]
# name 4 = specc: Specific Conductance [uS/cm]
# name 5 = c0uS/cm: Conductivity [uS/cm]
# name 6 = flECO-AFL: Fluorescence, WET Labs ECO-AFL/FL [mg/m^3]
# name 7 = ph: pH
# name 8 = orp: Oxidation Reduction Potential [mV]
# name 9 = par/sat/log: PAR/Logarithmic, Satlantic
# name 10 = turbWETntu0: Turbidity, WET Labs ECO [NTU]
# name 11 = prdM: Pressure, Strain Gauge [db]
# name 12 = prdE: Pressure, Strain Gauge [psi]
# name 13 = tv290C: Temperature [ITS-90, deg C]
# name 14 = flag:  0.000e+00
# span 0 =     -0.550,      5.344       
# span 1 =      0.000,      0.223       
# span 2 =    -1.1031,     8.4451       
# span 3 =    -10.521,     99.281       
# span 4 =      0.956,     59.295       
# span 5 =   0.902561,  48.934699       
# span 6 =    -0.1873,     6.7720       
# span 7 =      6.339,      8.865       
# span 8 =   174.6281,   399.2580       
# span 9 = 1.9800e-01, 2.1651e+02       
# span 10 =    -0.2376,    19.6937      
# span 11 =     -0.540,      5.241      
# span 12 =     -0.783,      7.601      
# span 13 =    11.8932,    25.5298      
# span 14 = 0.0000e+00, 0.0000e+00      
# interval = seconds: 0.25
# start_time = Jul 30 2018 13:58:14 [Instrument's time stamp, header]
# bad_flag = -9.990e-29
*END*
[from data line 193]
      4.271      0.163    -0.7292     -6.874     49.850  37.542448     1.9373      6.702   174.6281 1.1175e+00     6.3750      4.191      6.079    13.4847 0.0000e+00
      4.317      0.169    -0.4008     -3.770     49.706  37.305988     1.9328      6.697   174.7039 1.0790e+00     6.5180      4.234      6.140    13.2162 0.0000e+00
      4.359      0.164     0.0095      0.082     49.731  37.215194     1.9274      6.692   174.9948 1.0432e+00     6.6445      4.277      6.203    12.9907 0.0000e+00
      4.399      0.158     0.4685      4.374     49.845  37.206902     1.8535      6.685   175.5636 1.0063e+00     7.4157      4.314      6.257    12.7956 0.0000e+00
      4.436      0.155     0.9498      8.858     49.945  37.205624     1.7102      6.677   176.1598 9.7240e-01     8.8541      4.351      6.311    12.6407 0.0000e+00
      4.471      0.152     1.4397     13.412     50.019  37.199654     1.6284      6.670   176.6973 9.4211e-01     9.6618      4.385      6.361    12.5201 0.0000e+00
      4.508      0.148     1.9142     17.817     49.992  37.134646     1.6089      6.664   177.5035 9.0590e-01     9.9484      4.416      6.404    12.4078 0.0000e+00
      4.552      0.144     2.3375     21.745     49.837  36.991332     1.4381      6.659   178.5073 8.6006e-01    12.4111      4.464      6.473    12.3124 0.0000e+00
      4.596      0.140     2.6891     25.002     49.700  36.864466     1.1066      6.655   179.3696 8.2311e-01    16.9161      4.515      6.549    12.2396 0.0000e+00
      4.626      0.135     2.9646     27.546     49.662  36.807728     0.9188      6.653   180.1866 7.9674e-01    19.4032      4.537      6.581    12.1767 0.0000e+00
      4.654      0.128     3.1710     29.446     49.707  36.813513     0.9040      6.648   181.0717 7.5394e-01    19.6859      4.558      6.612    12.1302 0.0000e+00
      4.687      0.120     3.3209     30.822     49.814  36.870855     0.9100      6.642   181.9836 7.0833e-01    19.6937      4.598      6.670    12.1087 0.0000e+00
      4.719      0.115     3.4236     31.765     49.914  36.929262     0.9087      6.637   183.1252 6.8265e-01    19.5882      4.629      6.714    12.0870 0.0000e+00
      4.747      0.115     3.4908     32.380     49.954  36.947932     0.8971      6.629   184.6358 6.5459e-01    19.5083      4.653      6.748    12.0541 0.0000e+00
      4.775      0.120     3.5346     32.780     49.909  36.905994     0.8983      6.617   186.1370 6.2064e-01    19.4914      4.684      6.794    12.0257 0.0000e+00
      4.801      0.130     3.5639     33.046     49.780  36.803357     0.8957      6.604   187.2523 5.9345e-01    19.5364      4.709      6.831    12.0039 0.0000e+00
      4.827      0.142     3.5830     33.216     49.684  36.723401     0.8652      6.594   187.9682 5.5250e-01    19.6255      4.730      6.860    11.9878 0.0000e+00
      4.864      0.153     3.5890     33.263     49.669  36.701577     0.8425      6.587   188.5114 4.9361e-01    19.6835      4.765      6.909    11.9776 0.0000e+00
      4.914      0.160     3.5770     33.146     49.633  36.666523     0.8330      6.583   189.0886 4.2793e-01    19.6580      4.818      6.988    11.9705 0.0000e+00
      4.966      0.162     3.5515     32.906     49.573  36.617203     0.7866      6.581   189.6985 3.6638e-01    19.0120      4.873      7.068    11.9644 0.0000e+00
      5.011      0.157     3.5210     32.622     49.570  36.613458     0.7227      6.579   190.3786 3.3694e-01    17.7932      4.916      7.132    11.9543 0.0000e+00
      5.049      0.144     3.4900     32.335     49.581  36.621237     0.6942      6.577   191.1167 3.2811e-01    17.1287      4.952      7.183    11.9423 0.0000e+00
      5.082      0.126     3.4620     32.076     49.531  36.584208     0.6803      6.574   191.7401 3.1855e-01    17.0503      4.985      7.231    11.9328 0.0000e+00
      5.112      0.110     3.4399     31.871     49.482  36.546906     0.6660      6.571   192.2375 3.1420e-01    16.9675      5.016      7.276    11.9284 0.0000e+00
      5.136      0.098     3.4259     31.738     49.494  36.551388     0.6685      6.566   192.8287 3.0489e-01    16.7685      5.038      7.306    11.9283 0.0000e+00
      5.155      0.090     3.4196     31.676     49.533  36.574864     0.6827      6.562   193.4682 2.8179e-01    16.5056      5.054      7.330    11.9269 0.0000e+00
      5.175      0.086     3.4201     31.677     49.540  36.576635     0.6821      6.557   194.0322 2.5531e-01    16.3536      5.075      7.361    11.9278 0.0000e+00
      5.196      0.087     3.4273     31.742     49.539  36.572795     0.6691      6.552   194.6586 2.4055e-01    16.3033      5.096      7.392    11.9289 0.0000e+00
      5.218      0.090     3.4373     31.831     49.570  36.591969     0.6640      6.544   195.2771 2.3634e-01    16.2947      5.118      7.423    11.9228 0.0000e+00
      5.239      0.090     3.4436     31.884     49.613  36.617870     0.6663      6.538   195.7446 2.2836e-01    16.3102      5.137      7.449    11.9165 0.0000e+00
      5.264      0.085     3.4476     31.919     49.637  36.631836     0.6783      6.533   196.0963 2.1687e-01    16.3382      5.160      7.483    11.9135 0.0000e+00
      5.294      0.075     3.4487     31.934     49.632  36.633781     0.6894      6.529   196.4320 2.0589e-01    16.3585      5.194      7.532    11.9109 0.0000e+00
      5.318      0.063     3.4437     31.901     49.617  36.641392     0.6724      6.527   196.9637 2.0607e-01    16.2199      5.222      7.573    11.9072 0.0000e+00
      5.330      0.049     3.4359     31.844     49.616  36.660348     0.6380      6.524   197.6215 2.1263e-01    15.9747      5.231      7.587    11.9005 0.0000e+00
      5.334      0.042     3.4319     31.812     49.623  36.672423     0.6222      6.523   197.9321 2.0414e-01    15.8661      5.231      7.587    11.8932 0.0000e+00
      5.337 -9.990e-29 -9.990e-29 -9.990e-29 -9.990e-29 -9.990e-29 -9.990e-29 -9.990e-29 -9.990e-29 1.9800e-01 -9.990e-29      5.233      7.591    11.8951 0.0000e+00
      5.340 -9.990e-29 -9.990e-29 -9.990e-29 -9.990e-29 -9.990e-29 -9.990e-29 -9.990e-29 -9.990e-29 2.0413e-01 -9.990e-29      5.237      7.596    11.9218 0.0000e+00
      5.343 -9.990e-29 -9.990e-29 -9.990e-29 -9.990e-29 -9.990e-29 -9.990e-29 -9.990e-29 -9.990e-29 2.0398e-01 -9.990e-29      5.240      7.599    11.9477 0.0000e+00
      5.344 -9.990e-29 -9.990e-29 -9.990e-29 -9.990e-29 -9.990e-29 -9.990e-29 -9.990e-29 -9.990e-29 2.0050e-01 -9.990e-29      5.241      7.601    11.9521 0.0000e+00
