Data/DataNotYetUploadedToEDI/Raw_CTD/RawDownloads/080119_fcr50.cnv
* Sea-Bird SBE19plus  Data File:
* FileName = C:\DATA\080119_fcr50_0001.hex
* Software version 2.8.0.119 SB_Terminal.dll
* Temperature SN = 7809
* Conductivity SN = 7809
* System UpLoad Time = Aug 01 2019 09:49:36
* <ApplicationData>
* <Seaterm232>
# nquan = 16
# nvalues = 1017                        
# units = specified
# name 0 = depFM: Depth [fresh water, m]
# name 1 = dz/dtM: Descent Rate [m/s]
# name 2 = sbeox0Mg/L: Oxygen, SBE 43 [mg/l]
# name 3 = sbeox0PS: Oxygen, SBE 43 [% saturation]
# name 4 = specc: Specific Conductance [uS/cm]
# name 5 = c0uS/cm: Conductivity [uS/cm]
# name 6 = flECO-AFL: Fluorescence, WET Labs ECO-AFL/FL [mg/m^3]
# name 7 = ph: pH
# name 8 = orp: Oxidation Reduction Potential [mV]
# name 9 = par/sat/log: PAR/Logarithmic, Satlantic
# name 10 = turbWETntu0: Turbidity, WET Labs ECO [NTU]
# name 11 = prdM: Pressure, Strain Gauge [db]
# name 12 = prdE: Pressure, Strain Gauge [psi]
# name 13 = tv290C: Temperature [ITS-90, deg C]
# name 14 = density00: Density [density, kg/m^3]
# name 15 = flag:  0.000e+00
# span 0 =     -0.552,      9.728       
# span 1 =     -0.261,      4.242       
# span 2 =    -0.0395,     9.6796       
# span 3 =     -0.378,    118.283       
# span 4 =      3.093,    122.609       
# span 5 =   3.007666,  87.878830       
# span 6 =    -2.0332,    28.1239       
# span 7 =      6.569,      9.229       
# span 8 =  -303.6188,   341.4721       
# span 9 = 1.2356e-01, 1.4375e+03       
# span 10 =    -1.8490,    40.7767      
# span 11 =     -0.542,      9.543      
# span 12 =     -0.785,     13.841      
# span 13 =    10.8306,    25.5894      
# span 14 =   996.9110,   999.7148      
# span 15 = 0.0000e+00, 0.0000e+00      
# interval = seconds: 0.25
# start_time = Aug 01 2019 09:36:36 [Instrument's time stamp, header]
# bad_flag = -9.990e-29
*END*
[from data line 272]
      0.239      0.034     8.6969    106.313     35.193  35.578010     8.1043      8.339   222.9081 3.7668e+02     3.4944      0.233      0.338    25.5380   996.9263 0.0000e+00
      0.250      0.042     8.6985    106.325     35.174  35.555999     8.0026      8.333   222.8484 3.8352e+02     3.5313      0.247      0.358    25.5395   996.9260 0.0000e+00
      0.260      0.048     8.6965    106.290     35.150  35.528356     7.9942      8.325   222.7400 3.7925e+02     3.5339      0.254      0.368    25.5414   996.9255 0.0000e+00
      0.272      0.053     8.6911    106.212     35.124  35.497649     7.9765      8.317   222.7169 3.7365e+02     3.5260      0.265      0.385    25.5425   996.9253 0.0000e+00
      0.286      0.056     8.6828    106.100     35.132  35.502055     7.7713      8.312   222.8268 3.6645e+02     3.5008      0.281      0.407    25.5421   996.9254 0.0000e+00
      0.302      0.057     8.6749    105.994     35.152  35.518152     7.3942      8.311   223.1226 3.5941e+02     3.4914      0.295      0.428    25.5388   996.9263 0.0000e+00
      0.320      0.057     8.6749    105.986     35.138  35.501868     7.1890      8.311   223.6260 3.5467e+02     3.5438      0.315      0.457    25.5323   996.9281 0.0000e+00
      0.336      0.056     8.6855    106.108     35.135  35.495564     7.1715      8.311   224.1805 3.5101e+02     3.6102      0.333      0.483    25.5254   996.9300 0.0000e+00
      0.348      0.054     8.7000    106.278     35.147  35.505401     7.1568      8.310   224.5798 3.4644e+02     3.6714      0.341      0.495    25.5200   996.9315 0.0000e+00
      0.359      0.050     8.7110    106.407     35.138  35.493873     7.1323      8.309   224.7539 3.4203e+02     3.7265      0.351      0.509    25.5148   996.9329 0.0000e+00
      0.373      0.046     8.7156    106.460     35.128  35.483105     7.1182      8.308   224.9944 3.3966e+02     3.7190      0.366      0.531    25.5103   996.9341 0.0000e+00
      0.387      0.043     8.7141    106.439     35.148  35.502143     7.1161      8.310   225.4233 3.3535e+02     3.7120      0.380      0.552    25.5070   996.9350 0.0000e+00
      0.398      0.041     8.7092    106.376     35.180  35.533644     7.1418      8.311   225.8096 3.2825e+02     3.6747      0.392      0.567    25.5037   996.9359 0.0000e+00
      0.406      0.041     8.7030    106.294     35.195  35.546644     7.1952      8.311   226.1380 3.2311e+02     3.5964      0.398      0.577    25.5010   996.9366 0.0000e+00
      0.413      0.042     8.6953    106.192     35.184  35.532386     7.2241      8.309   226.4682 3.2156e+02     3.5509      0.403      0.585    25.4988   996.9373 0.0000e+00
      0.423      0.046     8.6861    106.070     35.144  35.488183     7.2222      8.306   226.7048 3.2173e+02     3.5188      0.414      0.600    25.4975   996.9376 0.0000e+00
      0.435      0.051     8.6789    105.974     35.115  35.456460     7.2684      8.302   226.9342 3.2088e+02     3.5359      0.426      0.618    25.4969   996.9378 0.0000e+00
      0.450      0.056     8.6783    105.958     35.128  35.466164     7.3655      8.301   227.2624 3.1878e+02     3.5939      0.440      0.638    25.4941   996.9387 0.0000e+00
      0.466      0.060     8.6817    105.992     35.143  35.478576     7.4169      8.299   227.4891 3.1338e+02     3.6303      0.458      0.664    25.4885   996.9402 0.0000e+00
      0.483      0.064     8.6840    106.015     35.146  35.479592     7.4294      8.294   227.5245 3.0071e+02     3.6148      0.474      0.688    25.4834   996.9416 0.0000e+00
      0.500      0.065     8.6833    106.000     35.147  35.478447     7.5178      8.288   227.5180 2.8662e+02     3.6037      0.491      0.712    25.4794   996.9427 0.0000e+00
      0.516      0.063     8.6765    105.913     35.135  35.464724     7.6784      8.284   227.4972 2.7899e+02     3.6590      0.505      0.732    25.4753   996.9438 0.0000e+00
      0.533      0.058     8.6622    105.737     35.112  35.440596     7.7673      8.280   227.5305 2.7747e+02     3.7263      0.522      0.756    25.4712   996.9450 0.0000e+00
      0.551      0.054     8.6461    105.539     35.112  35.440595     7.7692      8.276   227.5767 2.7995e+02     3.7625      0.542      0.787    25.4677   996.9460 0.0000e+00
      0.564      0.049     8.6316    105.360     35.136  35.464713     7.7713      8.272   227.4533 2.8403e+02     3.7692      0.555      0.806    25.4659   996.9465 0.0000e+00
      0.572      0.046     8.6169    105.179     35.151  35.478333     7.8700      8.269   227.2428 2.8603e+02     3.7089      0.560      0.811    25.4637   996.9471 0.0000e+00
      0.581      0.045     8.6063    105.046     35.152  35.478331     8.0611      8.267   227.0976 2.8728e+02     3.6230      0.570      0.825    25.4619   996.9476 0.0000e+00
      0.591      0.046     8.6067    105.043     35.141  35.464691     8.1750      8.266   227.0744 2.8868e+02     3.6157      0.581      0.842    25.4621   996.9476 0.0000e+00
      0.601      0.051     8.6178    105.169     35.121  35.440346     8.1898      8.265   227.2200 2.8565e+02     3.6212      0.589      0.854    25.4616   996.9478 0.0000e+00
      0.615      0.056     8.6340    105.355     35.123  35.437840     8.2139      8.262   227.6534 2.7973e+02     3.5911      0.602      0.873    25.4604   996.9482 0.0000e+00
      0.631      0.061     8.6483    105.518     35.123  35.434377     8.2661      8.260   228.0984 2.7429e+02     3.5793      0.619      0.898    25.4586   996.9486 0.0000e+00
      0.649      0.064     8.6593    105.642     35.091  35.398482     8.3006      8.259   228.1273 2.6833e+02     3.5773      0.636      0.922    25.4542   996.9499 0.0000e+00
      0.667      0.065     8.6684    105.742     35.081  35.384635     8.3115      8.256   227.8299 2.6258e+02     3.5666      0.655      0.949    25.4485   996.9515 0.0000e+00
      0.685      0.065     8.6735    105.796     35.094  35.393875     8.3539      8.254   227.5147 2.5793e+02     3.5477      0.672      0.975    25.4430   996.9530 0.0000e+00
      0.701      0.064     8.6708    105.756     35.086  35.383271     8.4234      8.252   227.4996 2.5447e+02     3.5449      0.689      0.999    25.4375   996.9545 0.0000e+00
      0.716      0.063     8.6594    105.611     35.088  35.383356     8.4497      8.249   228.2493 2.5274e+02     3.5669      0.704      1.020    25.4322   996.9559 0.0000e+00
      0.731      0.063     8.6421    105.395     35.101  35.394895     8.4550      8.244   229.2661 2.5146e+02     3.5836      0.717      1.038    25.4266   996.9574 0.0000e+00
      0.747      0.063     8.6237    105.164     35.105  35.395841     8.5399      8.239   229.4684 2.4903e+02     3.5835      0.732      1.062    25.4216   996.9588 0.0000e+00
      0.763      0.063     8.6068    104.952     35.106  35.394792     8.6782      8.235   229.3185 2.4579e+02     3.5646      0.748      1.085    25.4181   996.9598 0.0000e+00
      0.780      0.062     8.5925    104.773     35.094  35.382213     8.7481      8.233   229.1749 2.4213e+02     3.5520      0.764      1.108    25.4150   996.9607 0.0000e+00
      0.798      0.060     8.5805    104.628     35.083  35.370674     8.7788      8.232   228.9360 2.3841e+02     3.5620      0.783      1.136    25.4126   996.9615 0.0000e+00
      0.814      0.056     8.5715    104.520     35.094  35.382223     8.9800      8.231   229.4420 2.3531e+02     3.5230      0.798      1.159    25.4093   996.9624 0.0000e+00
      0.828      0.051     8.5691    104.489     35.107  35.394917     9.3167      8.233   230.4748 2.3270e+02     3.4070      0.812      1.177    25.4052   996.9635 0.0000e+00
      0.840      0.046     8.5717    104.516     35.110  35.397216     9.4856      8.234   230.9271 2.3066e+02     3.3070      0.824      1.195    25.4036   996.9639 0.0000e+00
      0.850      0.041     8.5746    104.548     35.124  35.410012     9.4959      8.232   230.7811 2.2951e+02     3.2642      0.834      1.209    25.4047   996.9636 0.0000e+00
      0.859      0.037     8.5768    104.574     35.138  35.422705     9.5022      8.232   230.4292 2.2894e+02     3.2488      0.843      1.222    25.4064   996.9633 0.0000e+00
      0.867      0.034     8.5808    104.622     35.139  35.423746     9.5697      8.233   230.2860 2.2819e+02     3.2531      0.850      1.233    25.4052   996.9636 0.0000e+00
      0.875      0.033     8.5875    104.701     35.138  35.422592     9.7067      8.233   230.5125 2.2753e+02     3.2840      0.858      1.245    25.4017   996.9646 0.0000e+00
      0.882      0.035     8.5945    104.784     35.126  35.408757     9.7885      8.231   230.7592 2.2784e+02     3.2944      0.866      1.256    25.4001   996.9651 0.0000e+00
      0.890      0.039     8.6021    104.874     35.102  35.383390     9.7959      8.227   230.9453 2.2800e+02     3.2803      0.872      1.264    25.4001   996.9651 0.0000e+00
      0.899      0.044     8.6108    104.976     35.090  35.369760     9.8397      8.224   231.1279 2.2704e+02     3.3752      0.880      1.277    25.4000   996.9651 0.0000e+00
      0.911      0.049     8.6186    105.068     35.092  35.370895     9.9270      8.222   231.1605 2.2491e+02     3.5244      0.892      1.294    25.3987   996.9655 0.0000e+00
      0.926      0.053     8.6241    105.129     35.120  35.397104     9.9758      8.222   230.8231 2.2074e+02     3.5772      0.906      1.314    25.3967   996.9661 0.0000e+00
      0.943      0.056     8.6267    105.156     35.157  35.432771     9.9880      8.222   230.4033 2.1596e+02     3.5879      0.925      1.342    25.3953   996.9665 0.0000e+00
      0.959      0.058     8.6259    105.141     35.147  35.421336    10.0742      8.221   230.3004 2.1263e+02     3.5874      0.942      1.367    25.3937   996.9670 0.0000e+00
      0.972      0.060     8.6199    105.062     35.114  35.385774    10.2381      8.220   230.4397 2.0954e+02     3.5715      0.952      1.381    25.3907   996.9679 0.0000e+00
      0.985      0.060     8.6075    104.907     35.114  35.383600    10.3309      8.220   230.7971 2.0511e+02     3.5589      0.964      1.398    25.3886   996.9685 0.0000e+00
      1.002      0.060     8.5905    104.694     35.127  35.395046    10.3468      8.221   231.0942 1.9993e+02     3.5330      0.982      1.424    25.3866   996.9691 0.0000e+00
      1.019      0.060     8.5757    104.508     35.131  35.397231    10.4387      8.221   230.7626 1.9503e+02     3.4556      1.000      1.450    25.3834   996.9700 0.0000e+00
      1.034      0.059     8.5688    104.420     35.145  35.410019    10.6190      8.219   230.0574 1.9050e+02     3.3436      1.015      1.471    25.3804   996.9708 0.0000e+00
      1.049      0.056     8.5683    104.409     35.159  35.422723    10.7234      8.217   229.7946 1.8600e+02     3.2940      1.029      1.491    25.3780   996.9715 0.0000e+00
      1.064      0.051     8.5687    104.410     35.162  35.423888    10.7381      8.217   229.9946 1.8163e+02     3.2810      1.044      1.513    25.3755   996.9722 0.0000e+00
      1.078      0.046     8.5664    104.380     35.163  35.424107    10.8487      8.218   230.3243 1.7862e+02     3.3182      1.059      1.536    25.3727   996.9730 0.0000e+00
      1.089      0.043     8.5635    104.342     35.166  35.425375    11.0635      8.219   230.5977 1.7686e+02     3.4816      1.069      1.550    25.3700   996.9738 0.0000e+00
      1.097      0.042     8.5627    104.328     35.181  35.439212    11.1852      8.220   230.5475 1.7525e+02     3.6177      1.076      1.561    25.3680   996.9744 0.0000e+00
      1.103      0.042     8.5614    104.307     35.208  35.464477    11.1929      8.223   230.2335 1.7316e+02     3.6201      1.081      1.568    25.3662   996.9748 0.0000e+00
      1.111      0.044     8.5559    104.235     35.223  35.476972    11.1911      8.224   230.0698 1.6978e+02     3.5761      1.087      1.577    25.3645   996.9753 0.0000e+00
      1.125      0.047     8.5483    104.139     35.210  35.463343    11.2504      8.224   230.1176 1.6564e+02     3.5448      1.102      1.600    25.3632   996.9758 0.0000e+00
      1.140      0.051     8.5412    104.052     35.173  35.426626    11.3643      8.223   230.2090 1.6176e+02     3.5365      1.119      1.623    25.3614   996.9763 0.0000e+00
      1.154      0.055     8.5345    103.971     35.160  35.413838    11.4232      8.222   230.4003 1.5819e+02     3.5416      1.133      1.643    25.3583   996.9771 0.0000e+00
      1.168      0.057     8.5296    103.911     35.182  35.435660    11.4256      8.220   230.5383 1.5488e+02     3.5402      1.146      1.662    25.3550   996.9781 0.0000e+00
      1.181      0.056     8.5282    103.892     35.185  35.436595    11.4279      8.218   230.5871 1.5149e+02     3.5531      1.157      1.679    25.3537   996.9784 0.0000e+00
      1.196      0.056     8.5298    103.907     35.175  35.425151    11.4338      8.217   230.7320 1.4770e+02     3.5657      1.172      1.700    25.3535   996.9785 0.0000e+00
      1.213      0.056     8.5328    103.941     35.175  35.424223    11.4356      8.217   230.9134 1.4439e+02     3.5617      1.191      1.728    25.3540   996.9786 0.0000e+00
      1.228      0.057     8.5326    103.935     35.177  35.425378    11.4416      8.217   231.0591 1.4203e+02     3.5702      1.205      1.748    25.3541   996.9785 0.0000e+00
      1.240      0.060     8.5252    103.841     35.192  35.439112    11.5234      8.215   231.1178 1.3989e+02     3.5699      1.215      1.762    25.3525   996.9790 0.0000e+00
      1.253      0.063     8.5165    103.730     35.218  35.463334    11.6617      8.212   231.1070 1.3749e+02     3.5588      1.227      1.779    25.3507   996.9795 0.0000e+00
      1.268      0.065     8.5125    103.675     35.221  35.464376    11.7348      8.209   231.1856 1.3464e+02     3.5338      1.242      1.802    25.3489   996.9801 0.0000e+00
      1.287      0.066     8.5119    103.661     35.211  35.451703    11.7486      8.205   231.3799 1.3150e+02     3.5294      1.262      1.831    25.3470   996.9806 0.0000e+00
      1.308      0.066     8.5117    103.653     35.198  35.437035    11.8112      8.203   231.5640 1.2828e+02     3.5714      1.284      1.861    25.3450   996.9813 0.0000e+00
      1.328      0.064     8.5097    103.626     35.176  35.413965    11.9279      8.201   231.6911 1.2528e+02     3.5839      1.303      1.890    25.3428   996.9819 0.0000e+00
      1.344      0.060     8.5025    103.536     35.190  35.426630    11.9900      8.198   231.6261 1.2318e+02     3.5484      1.320      1.914    25.3394   996.9829 0.0000e+00
      1.356      0.056     8.4899    103.380     35.227  35.463234    11.9905      8.193   231.3798 1.2167e+02     3.5029      1.331      1.929    25.3350   996.9841 0.0000e+00
      1.366      0.053     8.4771    103.221     35.241  35.475728    11.9846      8.189   231.2940 1.1969e+02     3.4925      1.338      1.941    25.3322   996.9848 0.0000e+00
      1.379      0.051     8.4664    103.090     35.216  35.450749    11.9799      8.188   231.4498 1.1731e+02     3.5213      1.351      1.960    25.3310   996.9852 0.0000e+00
      1.394      0.050     8.4567    102.970     35.181  35.415089    11.9769      8.188   231.7153 1.1501e+02     3.5227      1.367      1.982    25.3301   996.9855 0.0000e+00
      1.409      0.049     8.4503    102.893     35.191  35.425381    11.9739      8.189   231.5785 1.1295e+02     3.4765      1.382      2.004    25.3290   996.9858 0.0000e+00
      1.422      0.047     8.4512    102.905     35.214  35.448242    11.9792      8.191   230.9138 1.1122e+02     3.4545      1.395      2.024    25.3275   996.9863 0.0000e+00
      1.432      0.044     8.4603    103.015     35.203  35.437629    12.0406      8.193   230.4758 1.0957e+02     3.4540      1.405      2.038    25.3267   996.9866 0.0000e+00
