Data/DataNotYetUploadedToEDI/Raw_CTD/RawDownloads/080119_fcr50.cnv
* Sea-Bird SBE19plus  Data File:
* FileName = C:\DATA\080119_fcr50_0001.hex
* Software version 2.8.0.119 SB_Terminal.dll
* Temperature SN = 7809
* Conductivity SN = 7809
* System UpLoad Time = Aug 01 2019 09:49:36
* <ApplicationData>
* <Seaterm232>
# nquan = 16
# nvalues = 1017                        
# units = specified
# name 0 = depFM: Depth [fresh water, m]
# name 1 = dz/dtM: Descent Rate [m/s]
# name 2 = sbeox0Mg/L: Oxygen, SBE 43 [mg/l]
# name 3 = sbeox0PS: Oxygen, SBE 43 [% saturation]
# name 4 = specc: Specific Conductance [uS/cm]
# name 5 = c0uS/cm: Conductivity [uS/cm]
# name 6 = flECO-AFL: Fluorescence, WET Labs ECO-AFL/FL [mg/m^3]
# name 7 = ph: pH
# name 8 = orp: Oxidation Reduction Potential [mV]
# name 9 = par/sat/log: PAR/Logarithmic, Satlantic
# name 10 = turbWETntu0: Turbidity, WET Labs ECO [NTU]
# name 11 = prdM: Pressure, Strain Gauge [db]
# name 12 = prdE: Pressure, Strain Gauge [psi]
# name 13 = tv290C: Temperature [ITS-90, deg C]
# name 14 = density00: Density [density, kg/m^3]
# name 15 = flag:  0.000e+00
# span 0 =     -0.552,      9.728       
# span 1 =     -0.261,      4.242       
# span 2 =    -0.0395,     9.6796       
# span 3 =     -0.378,    118.283       
# span 4 =      3.093,    122.609       
# span 5 =   3.007666,  87.878830       
# span 6 =    -2.0332,    28.1239       
# span 7 =      6.569,      9.229       
# span 8 =  -303.6188,   341.4721       
# span 9 = 1.2356e-01, 1.4375e+03       
# span 10 =    -1.8490,    40.7767      
# span 11 =     -0.542,      9.543      
# span 12 =     -0.785,     13.841      
# span 13 =    10.8306,    25.5894      
# span 14 =   996.9110,   999.7148      
# span 15 = 0.0000e+00, 0.0000e+00      
# interval = seconds: 0.25
# start_time = Aug 01 2019 09:36:36 [Instrument's time stamp, header]
# bad_flag = -9.990e-29
*END*
[from data line 633]
      4.387      0.059     0.0872      0.833     44.032  33.712688     3.9708      7.480   301.7841 2.2867e+00     3.0724      4.304      6.242    13.2955   999.3796 0.0000e+00
      4.402      0.059     0.1350      1.288     43.893  33.590189     3.9048      7.475   301.7191 2.2512e+00     3.1373      4.317      6.261    13.2771   999.3822 0.0000e+00
      4.416      0.059     0.1841      1.755     44.131  33.729910     3.9069      7.471   301.6480 2.2146e+00     3.1588      4.328      6.279    13.2729   999.3828 0.0000e+00
      4.431      0.058     0.2345      2.232     44.656  34.069199     3.9180      7.468   301.6987 2.1702e+00     3.1350      4.344      6.301    13.2732   999.3828 0.0000e+00
      4.446      0.057     0.2855      2.714     45.004  34.265265     4.0404      7.464   301.8165 2.1252e+00     3.1776      4.361      6.325    13.2879   999.3808 0.0000e+00
      4.461      0.055     0.3359      3.187     45.079  34.259935     4.2862      7.459   301.8670 2.0780e+00     3.3786      4.375      6.346    13.2724   999.3828 0.0000e+00
      4.476      0.052     0.3910      3.707     45.054  34.195083     4.4276      7.455   301.9654 2.0371e+00     3.5340      4.391      6.368    13.2193   999.3898 0.0000e+00
      4.490      0.049     0.4638      4.394     44.907  34.052291     4.4404      7.452   302.2318 2.0168e+00     3.5488      4.405      6.389    13.1471   999.3995 0.0000e+00
      4.500      0.047     0.5652      5.350     44.613  33.802755     4.3714      7.450   302.4204 1.9982e+00     3.6556      4.414      6.401    13.0628   999.4103 0.0000e+00
      4.509      0.045     0.6993      6.614     44.291  33.526179     4.2344      7.448   302.4388 1.9593e+00     3.9080      4.420      6.411    12.9898   999.4197 0.0000e+00
      4.520      0.044     0.8621      8.146     43.885  33.183345     4.1629      7.446   302.4542 1.9164e+00     4.0444      4.431      6.428    12.9384   999.4263 0.0000e+00
      4.533      0.045     1.0401      9.821     43.461  32.830731     4.1655      7.442   302.4348 1.8798e+00     4.0587      4.447      6.448    12.9102   999.4298 0.0000e+00
      4.545      0.047     1.2147     11.464     43.305  32.689746     4.1965      7.440   302.3763 1.8411e+00     4.3761      4.458      6.466    12.8854   999.4328 0.0000e+00
      4.555      0.050     1.3721     12.945     43.142  32.557566     4.2432      7.436   302.3488 1.8061e+00     4.9981      4.467      6.478    12.8457   999.4377 0.0000e+00
      4.567      0.054     1.5018     14.165     42.742  32.247926     4.2627      7.432   302.4466 1.7674e+00     5.3530      4.479      6.494    12.8030   999.4429 0.0000e+00
      4.581      0.057     1.5942     15.027     42.437  31.992053     4.2497      7.430   302.7841 1.7305e+00     5.3891      4.493      6.516    12.7645   999.4476 0.0000e+00
      4.597      0.062     1.6496     15.533     42.337  31.875309     4.0867      7.428   303.2467 1.6974e+00     5.5005      4.508      6.538    12.7328   999.4516 0.0000e+00
      4.614      0.066     1.6764     15.768     42.277  31.788241     3.7818      7.425   303.5658 1.6511e+00     5.7165      4.524      6.562    12.7281   999.4522 0.0000e+00
      4.632      0.067     1.6817     15.800     42.216  31.700795     3.6156      7.422   303.7173 1.6058e+00     5.8381      4.543      6.589    12.7313   999.4516 0.0000e+00
      4.650      0.066     1.6785     15.752     42.193  31.642928     3.5943      7.420   303.7870 1.5727e+00     5.8898      4.560      6.614    12.6977   999.4558 0.0000e+00
      4.670      0.064     1.6848     15.794     42.182  31.596207     3.5494      7.419   303.8067 1.5354e+00     6.0132      4.580      6.642    12.6403   999.4630 0.0000e+00
      4.687      0.062     1.7096     16.013     42.118  31.516603     3.4714      7.418   303.9554 1.5008e+00     6.1833      4.598      6.669    12.5904   999.4691 0.0000e+00
      4.699      0.060     1.7552     16.429     42.056  31.441913     3.4152      7.415   304.4664 1.4818e+00     6.2418      4.608      6.684    12.5440   999.4747 0.0000e+00
      4.711      0.059     1.8217     17.039     42.025  31.391149     3.3987      7.413   305.1664 1.4456e+00     6.2294      4.618      6.697    12.4926   999.4810 0.0000e+00
      4.726      0.059     1.9036     17.792     42.000  31.346996     3.3850      7.412   305.4506 1.3971e+00     6.2953      4.634      6.721    12.4456   999.4867 0.0000e+00
      4.743      0.060     1.9945     18.632     42.034  31.352247     3.2147      7.411   305.3208 1.3716e+00     6.5145      4.653      6.748    12.4094   999.4911 0.0000e+00
      4.758      0.061     2.0897     19.516     42.098  31.391159     2.8911      7.407   304.9736 1.3450e+00     6.8159      4.666      6.768    12.3778   999.4949 0.0000e+00
      4.773      0.060     2.1849     20.407     42.156  31.436712     2.7067      7.403   304.5230 1.2832e+00     6.9568      4.679      6.787    12.3452   999.4988 0.0000e+00
      4.792      0.059     2.2794     21.293     42.092  31.395357     2.6852      7.402   304.6044 1.2288e+00     6.9718      4.700      6.817    12.3137   999.5026 0.0000e+00
      4.809      0.057     2.3715     22.153     41.842  31.208435     2.6299      7.401   305.1829 1.2217e+00     7.0640      4.719      6.844    12.2847   999.5061 0.0000e+00
      4.820      0.056     2.4551     22.923     41.693  31.080390     2.5239      7.400   305.4098 1.2196e+00     7.1864      4.727      6.856    12.2750   999.5073 0.0000e+00
      4.830      0.054     2.5246     23.555     41.693  31.052867     2.4619      7.399   305.1960 1.1921e+00     7.2066      4.734      6.867    12.2818   999.5065 0.0000e+00
      4.844      0.053     2.5786     24.042     41.661  31.002536     2.4517      7.398   304.9215 1.1546e+00     7.2100      4.750      6.890    12.2917   999.5055 0.0000e+00
      4.860      0.053     2.6226     24.435     41.663  30.979474     2.4345      7.397   304.7588 1.1226e+00     7.4568      4.768      6.916    12.3000   999.5044 0.0000e+00
      4.874      0.052     2.6658     24.823     41.758  31.027821     2.4020      7.395   304.7764 1.0875e+00     7.8641      4.780      6.932    12.2760   999.5073 0.0000e+00
      4.888      0.050     2.7154     25.275     41.848  31.079417     2.3884      7.393   304.7044 1.0495e+00     8.0704      4.793      6.951    12.2327   999.5125 0.0000e+00
      4.902      0.046     2.7752     25.826     41.881  31.095637     2.3828      7.391   304.6632 1.0258e+00     8.1162      4.809      6.975    12.2058   999.5157 0.0000e+00
      4.913      0.042     2.8448     26.471     41.886  31.097019     2.2736      7.390   304.9664 1.0025e+00     8.1878      4.818      6.989    12.1772   999.5191 0.0000e+00
      4.921      0.038     2.9225     27.193     41.887  31.096123     2.0735      7.389   305.3587 9.7497e-01     8.2804      4.825      6.999    12.1436   999.5230 0.0000e+00
      4.929      0.037     3.0038     27.939     41.888  31.084799     1.9662      7.388   305.7073 9.5999e-01     8.3191      4.835      7.013    12.1295   999.5247 0.0000e+00
      4.938      0.037     3.0790     28.624     41.918  31.087006     1.9563      7.386   305.9971 9.5355e-01     8.2949      4.843      7.024    12.1189   999.5260 0.0000e+00
      4.946      0.042     3.1388     29.163     41.994  31.122786     1.9364      7.384   305.6792 9.4814e-01     8.1843      4.850      7.034    12.1157   999.5264 0.0000e+00
      4.955      0.047     3.1775     29.503     42.046  31.136643     1.9075      7.382   305.1330 9.4159e-01     7.9978      4.859      7.047    12.1233   999.5256 0.0000e+00
      4.967      0.051     3.1947     29.636     42.079  31.127604     1.9022      7.380   305.3302 9.1035e-01     7.9087      4.870      7.062    12.1063   999.5276 0.0000e+00
      4.983      0.055     3.1953     29.616     42.140  31.140369     1.9063      7.379   305.6543 8.5438e-01     7.8928      4.885      7.085    12.0757   999.5312 0.0000e+00
      5.002      0.056     3.1860     29.513     42.201  31.164043     1.8972      7.378   305.8680 8.2575e-01     7.8714      4.906      7.115    12.0563   999.5336 0.0000e+00
      5.019      0.056     3.1719     29.374     42.382  31.286901     1.8777      7.375   306.3652 8.2596e-01     7.9449      4.925      7.143    12.0293   999.5367 0.0000e+00
      5.032      0.054     3.1598     29.257     42.742  31.547036     1.8535      7.372   306.2458 8.1891e-01     8.0929      4.936      7.158    11.9831   999.5420 0.0000e+00
      5.042      0.051     3.1558     29.214     43.056  31.770961     1.8385      7.370   305.4564 7.9801e-01     8.1537      4.943      7.170    11.9407   999.5469 0.0000e+00
      5.054      0.048     3.1618     29.260     43.334  31.963659     1.8348      7.369   305.1671 7.6975e-01     8.1224      4.956      7.188    11.9157   999.5499 0.0000e+00
      5.067      0.047     3.1729     29.353     43.795  32.290421     1.8343      7.369   305.4148 7.5300e-01     7.9770      4.969      7.208    11.9053   999.5512 0.0000e+00
      5.080      0.048     3.1814     29.420     44.335  32.675666     1.8329      7.368   305.9553 7.4535e-01     7.7716      4.981      7.226    11.9024   999.5517 0.0000e+00
      5.090      0.049     3.1839     29.435     44.625  32.877363     1.8263      7.366   306.6264 7.2170e-01     7.7037      4.991      7.240    11.8943   999.5528 0.0000e+00
      5.101      0.049     3.1770     29.364     44.655  32.888701     1.8235      7.364   306.7328 6.9320e-01     7.6802      5.002      7.255    11.8773   999.5548 0.0000e+00
      5.115      0.050     3.1561     29.164     44.565  32.812740     1.8078      7.361   306.3807 6.7630e-01     7.6526      5.016      7.275    11.8618   999.5567 0.0000e+00
      5.129      0.052     3.1189     28.813     44.365  32.657009     1.7753      7.358   306.2416 6.5824e-01     7.6645      5.031      7.297    11.8478   999.5586 0.0000e+00
      5.142      0.054     3.0619     28.283     44.198  32.528856     1.7687      7.356   306.3411 6.4207e-01     7.6595      5.043      7.315    11.8331   999.5604 0.0000e+00
      5.153      0.056     2.9874     27.597     44.112  32.469036     1.7811      7.354   306.5509 6.3038e-01     7.6578      5.053      7.328    11.8219   999.5616 0.0000e+00
      5.168      0.057     2.9039     26.834     44.059  32.441429     1.7777      7.351   306.8852 6.0816e-01     7.6118      5.067      7.348    11.8123   999.5627 0.0000e+00
      5.186      0.058     2.8212     26.079     44.050  32.448915     1.7614      7.347   307.2861 5.8135e-01     7.4960      5.087      7.378    11.8006   999.5641 0.0000e+00
      5.201      0.060     2.7494     25.422     44.016  32.432649     1.7579      7.343   307.6130 5.6658e-01     7.4375      5.102      7.400    11.7912   999.5652 0.0000e+00
      5.215      0.060     2.6971     24.937     43.935  32.371693     1.7706      7.340   307.7397 5.5711e-01     7.4623      5.114      7.417    11.7965   999.5647 0.0000e+00
      5.230      0.059     2.6668     24.648     43.919  32.346516     1.8018      7.338   307.6130 5.4046e-01     7.4682      5.128      7.438    11.8130   999.5628 0.0000e+00
      5.247      0.059     2.6586     24.559     43.997  32.382065     1.8575      7.334   307.3720 5.2277e-01     7.4422      5.145      7.462    11.8308   999.5609 0.0000e+00
      5.263      0.059     2.6701     24.648     44.086  32.420723     1.8983      7.330   307.4072 5.0998e-01     7.4430      5.163      7.488    11.8443   999.5595 0.0000e+00
      5.277      0.059     2.6930     24.841     44.140  32.433122     1.9051      7.329   308.0389 4.9623e-01     7.4457      5.175      7.506    11.8425   999.5597 0.0000e+00
      5.290      0.058     2.7235     25.108     44.132  32.405017     1.8962      7.328   308.8154 4.7926e-01     7.4420      5.187      7.523    11.8249   999.5617 0.0000e+00
      5.305      0.058     2.7615     25.448     44.058  32.334737     1.8427      7.325   308.9658 4.6472e-01     7.3989      5.202      7.545    11.7996   999.5647 0.0000e+00
      5.320      0.059     2.7993     25.789     43.914  32.217968     1.7526      7.322   308.9964 4.4756e-01     7.2839      5.218      7.568    11.7678   999.5684 0.0000e+00
      5.334      0.062     2.8300     26.065     43.729  32.072007     1.7086      7.319   309.4444 4.2517e-01     7.2315      5.232      7.588    11.7340   999.5721 0.0000e+00
      5.349      0.065     2.8535     26.273     43.600  31.966066     1.7087      7.317   309.9075 4.0601e-01     7.2900      5.245      7.607    11.7088   999.5750 0.0000e+00
      5.366      0.068     2.8718     26.432     43.513  31.888941     1.7113      7.316   310.4666 3.8915e-01     7.8928      5.260      7.630    11.6910   999.5770 0.0000e+00
      5.385      0.071     2.8868     26.560     43.375  31.774084     1.7140      7.314   311.2138 3.7630e-01     9.0141      5.281      7.660    11.6787   999.5784 0.0000e+00
      5.405      0.072     2.9018     26.685     43.239  31.656130     1.7056      7.312   311.6287 3.6880e-01     9.6391      5.301      7.689    11.6703   999.5793 0.0000e+00
      5.423      0.071     2.9214     26.850     43.200  31.605019     1.6880      7.310   311.6117 3.5486e-01     9.7152      5.317      7.713    11.6555   999.5810 0.0000e+00
      5.442      0.066     2.9468     27.069     43.222  31.600302     1.5960      7.308   311.3512 3.2917e-01     9.9339      5.337      7.741    11.6402   999.5828 0.0000e+00
      5.462      0.060     2.9771     27.336     43.242  31.599068     1.4264      7.306   311.1473 3.0769e-01    10.3505      5.360      7.773    11.6275   999.5842 0.0000e+00
      5.477      0.054     3.0147     27.673     43.245  31.590085     1.3362      7.305   311.4691 3.0046e-01    10.5899      5.374      7.795    11.6050   999.5866 0.0000e+00
      5.487      0.049     3.0606     28.089     43.207  31.555133     1.3380      7.304   312.0588 3.0456e-01    10.6322      5.381      7.805    11.5754   999.5899 0.0000e+00
      5.495      0.046     3.1096     28.535     43.131  31.493762     1.3786      7.303   312.3405 3.1427e-01    10.4367      5.388      7.814    11.5506   999.5927 0.0000e+00
      5.505      0.046     3.1571     28.966     43.036  31.419170     1.4374      7.301   312.3796 3.1773e-01     9.9632      5.396      7.827    11.5330   999.5946 0.0000e+00
      5.517      0.051     3.1987     29.342     42.953  31.351286     1.4584      7.299   312.4459 2.9778e-01     9.6590      5.410      7.847    11.5209   999.5959 0.0000e+00
      5.529      0.057     3.2314     29.634     42.907  31.307571     1.4602      7.297   312.5403 2.6174e-01     9.6105      5.423      7.866    11.5132   999.5968 0.0000e+00
      5.544      0.062     3.2563     29.854     42.872  31.271350     1.4680      7.295   312.5744 2.4352e-01     9.5074      5.435      7.883    11.5073   999.5975 0.0000e+00
      5.563      0.065     3.2767     30.033     42.830  31.230611     1.4663      7.293   312.5142 2.3732e-01     9.3297      5.455      7.911    11.5011   999.5982 0.0000e+00
      5.584      0.066     3.2957     30.200     42.793  31.195747     1.4565      7.293   312.4140 2.2787e-01     9.2643      5.479      7.946    11.4928   999.5992 0.0000e+00
      5.602      0.066     3.3143     30.364     42.764  31.167092     1.4533      7.292   312.4810 2.2060e-01     9.2729      5.495      7.971    11.4814   999.6005 0.0000e+00
      5.616      0.066     3.3329     30.529     42.734  31.137972     1.4625      7.290   312.8946 2.1383e-01     9.2379      5.506      7.987    11.4681   999.6020 0.0000e+00
      5.631      0.066     3.3527     30.705     42.687  31.097480     1.4985      7.289   313.3703 2.1016e-01     9.2014      5.521      8.007    11.4551   999.6034 0.0000e+00
      5.648      0.067     3.3768     30.922     42.640  31.058240     1.5503      7.286   313.5873 2.1136e-01     9.1922      5.539      8.034    11.4458   999.6045 0.0000e+00
