Data/DataNotYetUploadedToEDI/Raw_CTD/RawDownloads/080119_fcr50.cnv
* Sea-Bird SBE19plus  Data File:
* FileName = C:\DATA\080119_fcr50_0001.hex
* Software version 2.8.0.119 SB_Terminal.dll
* Temperature SN = 7809
* Conductivity SN = 7809
* System UpLoad Time = Aug 01 2019 09:49:36
* <ApplicationData>
* <Seaterm232>
# nquan = 16
# nvalues = 1017                        
# units = specified
# name 0 = depFM: Depth [fresh water, m]
# name 1 = dz/dtM: Descent Rate [m/s]
# name 2 = sbeox0Mg/L: Oxygen, SBE 43 [mg/l]
# name 3 = sbeox0PS: Oxygen, SBE 43 [% saturation]
# name 4 = specc: Specific Conductance [uS/cm]
# name 5 = c0uS/cm: Conductivity [uS/cm]
# name 6 = flECO-AFL: Fluorescence, WET Labs ECO-AFL/FL [mg/m^3]
# name 7 = ph: pH
# name 8 = orp: Oxidation Reduction Potential [mV]
# name 9 = par/sat/log: PAR/Logarithmic, Satlantic
# name 10 = turbWETntu0: Turbidity, WET Labs ECO [NTU]
# name 11 = prdM: Pressure, Strain Gauge [db]
# name 12 = prdE: Pressure, Strain Gauge [psi]
# name 13 = tv290C: Temperature [ITS-90, deg C]
# name 14 = density00: Density [density, kg/m^3]
# name 15 = flag:  0.000e+00
# span 0 =     -0.552,      9.728       
# span 1 =     -0.261,      4.242       
# span 2 =    -0.0395,     9.6796       
# span 3 =     -0.378,    118.283       
# span 4 =      3.093,    122.609       
# span 5 =   3.007666,  87.878830       
# span 6 =    -2.0332,    28.1239       
# span 7 =      6.569,      9.229       
# span 8 =  -303.6188,   341.4721       
# span 9 = 1.2356e-01, 1.4375e+03       
# span 10 =    -1.8490,    40.7767      
# span 11 =     -0.542,      9.543      
# span 12 =     -0.785,     13.841      
# span 13 =    10.8306,    25.5894      
# span 14 =   996.9110,   999.7148      
# span 15 = 0.0000e+00, 0.0000e+00      
# interval = seconds: 0.25
# start_time = Aug 01 2019 09:36:36 [Instrument's time stamp, header]
# bad_flag = -9.990e-29
*END*
[from data line 995]
      9.448      0.066     0.0960      0.867    118.602  85.056173     3.3648      6.578   172.6278 1.2369e-01     1.3762      9.265     13.438    10.8547   999.7098 0.0000e+00
      9.460      0.068     0.0965      0.872    119.123  85.421303     3.3646      6.578   171.4246 1.2374e-01     1.3403      9.276     13.454    10.8538   999.7100 0.0000e+00
      9.477      0.070     0.0938      0.848    119.738  85.846317     3.3610      6.578   170.3941 1.2374e-01     1.3437      9.290     13.475    10.8521   999.7101 0.0000e+00
      9.500      0.071     0.0914      0.826    120.141  86.122700     3.3559      6.577   169.4593 1.2369e-01     1.3838      9.315     13.510    10.8538   999.7102 0.0000e+00
      9.524      0.069     0.0907      0.819    120.283  86.217808     3.3547      6.576   168.8128 1.2371e-01     1.4316      9.341     13.548    10.8576   999.7099 0.0000e+00
      9.546      0.067     0.0888      0.803    120.574  86.423564     3.3548      6.576   168.5137 1.2375e-01     1.4301      9.363     13.580    10.8531   999.7107 0.0000e+00
      9.561      0.066     0.0866      0.783    121.496  87.083265     3.3571      6.576   168.3373 1.2372e-01     1.3986      9.379     13.603    10.8439   999.7120 0.0000e+00
      9.569      0.066     0.0881      0.797    122.363  87.703605     3.3649      6.575   168.1438 1.2371e-01     1.3790      9.385     13.612    10.8389   999.7127 0.0000e+00
      9.578      0.067     0.0891      0.806    122.609  87.878830     3.3710      6.574   167.2922 1.2368e-01     1.3567      9.389     13.618    10.8365   999.7129 0.0000e+00
      9.596      0.068     0.0876      0.791    122.592  87.865550     3.3701      6.572   166.3012 1.2363e-01     1.3254      9.405     13.642    10.8352   999.7130 0.0000e+00
      9.623      0.068     0.0882      0.796    122.498  87.797574     3.3888      6.571   165.9696 1.2366e-01     1.2960      9.436     13.686    10.8354   999.7136 0.0000e+00
      9.648      0.066     0.0894      0.807    122.356  87.693298     3.4327      6.570   165.3466 1.2370e-01     1.2960      9.465     13.728    10.8350   999.7142 0.0000e+00
      9.666      0.060     0.0889      0.803    122.261  87.622930     3.4597      6.571   164.1034 1.2373e-01     1.3253      9.481     13.752    10.8343   999.7144 0.0000e+00
      9.677      0.050     0.0892      0.806    122.208  87.583118     3.4718      6.571   162.9843 1.2371e-01     1.3232      9.490     13.764    10.8343   999.7144 0.0000e+00
      9.685      0.040     0.0897      0.810    122.135  87.530110     3.4742      6.570   162.2267 1.2365e-01     1.3353      9.499     13.777    10.8339   999.7145 0.0000e+00
      9.692      0.033     0.0887      0.802    122.075  87.491090     3.4539      6.569   160.9663 1.2365e-01     1.3736      9.506     13.786    10.8328   999.7145 0.0000e+00
      9.698      0.029     0.0899      0.813    122.244  87.620416     3.4353      6.569   159.1875 1.2368e-01     1.3603      9.511     13.793    10.8318   999.7146 0.0000e+00
      9.705      0.028     0.0918      0.830    122.428  87.757427     3.4309      6.569   158.3572 1.2363e-01     1.3375      9.517     13.803    10.8308   999.7147 0.0000e+00
      9.712 -9.990e-29 -9.990e-29 -9.990e-29 -9.990e-29 -9.990e-29 -9.990e-29 -9.990e-29 -9.990e-29 1.2357e-01 -9.990e-29      9.525     13.814    10.8306   999.7148 0.0000e+00
      9.720 -9.990e-29 -9.990e-29 -9.990e-29 -9.990e-29 -9.990e-29 -9.990e-29 -9.990e-29 -9.990e-29 1.2357e-01 -9.990e-29      9.532     13.825    10.8313   999.7147 0.0000e+00
      9.726 -9.990e-29 -9.990e-29 -9.990e-29 -9.990e-29 -9.990e-29 -9.990e-29 -9.990e-29 -9.990e-29 1.2363e-01 -9.990e-29      9.539     13.835    10.8359   999.7143 0.0000e+00
      9.728 -9.990e-29 -9.990e-29 -9.990e-29 -9.990e-29 -9.990e-29 -9.990e-29 -9.990e-29 -9.990e-29 1.2368e-01 -9.990e-29      9.543     13.841    10.8404   999.7141 0.0000e+00
