Data/DataNotYetUploadedToEDI/Raw_CTD/RawDownloads/080119_fcr50.cnv
* Sea-Bird SBE19plus  Data File:
* FileName = C:\DATA\080119_fcr50_0001.hex
* Software version 2.8.0.119 SB_Terminal.dll
* Temperature SN = 7809
* Conductivity SN = 7809
* System UpLoad Time = Aug 01 2019 09:49:36
* <ApplicationData>
* <Seaterm232>
# nquan = 16
# nvalues = 1017                        
# units = specified
# name 0 = depFM: Depth [fresh water, m]
# name 1 = dz/dtM: Descent Rate [m/s]
# name 2 = sbeox0Mg/L: Oxygen, SBE 43 [mg/l]
# name 3 = sbeox0PS: Oxygen, SBE 43 [% saturation]
# name 4 = specc: Specific Conductance [uS/cm]
# name 5 = c0uS/cm: Conductivity [uS/cm]
# name 6 = flECO-AFL: Fluorescence, WET Labs ECO-AFL/FL [mg/m^3]
# name 7 = ph: pH
# name 8 = orp: Oxidation Reduction Potential [mV]
# name 9 = par/sat/log: PAR/Logarithmic, Satlantic
# name 10 = turbWETntu0: Turbidity, WET Labs ECO [NTU]
# name 11 = prdM: Pressure, Strain Gauge [db]
# name 12 = prdE: Pressure, Strain Gauge [psi]
# name 13 = tv290C: Temperature [ITS-90, deg C]
# name 14 = density00: Density [density, kg/m^3]
# name 15 = flag:  0.000e+00
# span 0 =     -0.552,      9.728       
# span 1 =     -0.261,      4.242       
# span 2 =    -0.0395,     9.6796       
# span 3 =     -0.378,    118.283       
# span 4 =      3.093,    122.609       
# span 5 =   3.007666,  87.878830       
# span 6 =    -2.0332,    28.1239       
# span 7 =      6.569,      9.229       
# span 8 =  -303.6188,   341.4721       
# span 9 = 1.2356e-01, 1.4375e+03       
# span 10 =    -1.8490,    40.7767      
# span 11 =     -0.542,      9.543      
# span 12 =     -0.785,     13.841      
# span 13 =    10.8306,    25.5894      
# span 14 =   996.9110,   999.7148      
# span 15 = 0.0000e+00, 0.0000e+00      
# interval = seconds: 0.25
# start_time = Aug 01 2019 09:36:36 [Instrument's time stamp, header]
# bad_flag = -9.990e-29
*END*
[from data line 814]
      7.142      0.061     2.5478     23.140     45.457  32.786085     0.8938      7.132   306.6611 1.2378e-01    12.0708      7.005     10.160    11.0663   999.6519 0.0000e+00
      7.158      0.061     2.4921     22.633     45.386  32.732658     0.8563      7.131   307.0296 1.2375e-01    11.9706      7.020     10.183    11.0648   999.6522 0.0000e+00
      7.172      0.061     2.4252     22.024     45.336  32.695671     0.8747      7.129   306.7988 1.2374e-01    12.0015      7.032     10.200    11.0634   999.6525 0.0000e+00
      7.187      0.061     2.3492     21.334     45.283  32.656187     1.0205      7.127   306.4521 1.2374e-01    12.0507      7.047     10.221    11.0616   999.6527 0.0000e+00
      7.203      0.060     2.2644     20.562     45.258  32.636037     1.2582      7.127   306.4515 1.2369e-01    12.1077      7.064     10.246    11.0599   999.6529 0.0000e+00
      7.218      0.057     2.1729     19.730     45.269  32.642425     1.3816      7.126   307.3066 1.2369e-01    12.1332      7.079     10.267    11.0581   999.6532 0.0000e+00
      7.234      0.055     2.0825     18.909     45.309  32.669956     1.3934      7.123   308.6181 1.2376e-01    12.1627      7.094     10.289    11.0566   999.6534 0.0000e+00
      7.250      0.052     2.0038     18.193     45.374  32.715066     1.3666      7.121   309.0578 1.2373e-01    12.1687      7.112     10.315    11.0554   999.6536 0.0000e+00
      7.261      0.048     1.9405     17.618     45.417  32.743607     1.3094      7.120   308.7521 1.2372e-01    12.0752      7.123     10.331    11.0539   999.6538 0.0000e+00
      7.271      0.045     1.8924     17.182     45.443  32.761182     1.2747      7.118   308.6208 1.2379e-01    11.9824      7.129     10.339    11.0515   999.6541 0.0000e+00
      7.281      0.043     1.8569     16.859     45.498  32.800640     1.2765      7.116   308.3311 1.2381e-01    11.9641      7.140     10.355    11.0492   999.6543 0.0000e+00
      7.293      0.042     1.8308     16.623     45.548  32.839913     1.3301      7.115   308.2607 1.2377e-01    11.8538      7.152     10.374    11.0472   999.6546 0.0000e+00
      7.303      0.042     1.8146     16.478     45.563  32.855249     1.4201      7.112   309.0604 1.2374e-01    11.6319      7.162     10.388    11.0452   999.6549 0.0000e+00
      7.314      0.041     1.8054     16.396     45.563  32.859150     1.4627      7.111   309.6540 1.2372e-01    11.5419      7.173     10.403    11.0433   999.6551 0.0000e+00
      7.326      0.038     1.7971     16.322     45.597  32.887082     1.4637      7.110   309.6737 1.2372e-01    11.5520      7.185     10.422    11.0429   999.6553 0.0000e+00
      7.336      0.035     1.7885     16.245     45.666  32.939122     1.4587      7.108   309.6427 1.2370e-01    11.5250      7.195     10.436    11.0455   999.6551 0.0000e+00
      7.344      0.032     1.7808     16.175     45.722  32.980665     1.3674      7.107   309.5373 1.2367e-01    11.2481      7.202     10.444    11.0514   999.6545 0.0000e+00
      7.352      0.030     1.7737     16.110     45.762  33.008590     1.2010      7.106   309.4315 1.2364e-01    10.7277      7.210     10.457    11.0571   999.6539 0.0000e+00
      7.359      0.028     1.7662     16.042     45.780  33.022899     1.1115      7.104   309.3964 1.2364e-01    10.4441      7.218     10.469    11.0603   999.6537 0.0000e+00
      7.364      0.028     1.7577     15.967     45.781  33.026748     1.1090      7.102   309.4571 1.2366e-01    10.4078      7.221     10.474    11.0636   999.6534 0.0000e+00
      7.370      0.028     1.7501     15.899     45.816  33.055131     1.1185      7.101   309.5632 1.2368e-01    10.3217      7.226     10.481    11.0646   999.6533 0.0000e+00
      7.379      0.029     1.7448     15.851     45.892  33.112221     1.1140      7.100   309.8182 1.2370e-01    10.1900      7.236     10.495    11.0621   999.6536 0.0000e+00
      7.388      0.031     1.7395     15.803     45.936  33.145849     1.0980      7.099   310.2175 1.2374e-01    10.1263      7.245     10.509    11.0634   999.6535 0.0000e+00
      7.395      0.035     1.7309     15.725     45.936  33.144403     1.0813      7.097   309.8309 1.2372e-01    10.1408      7.252     10.519    11.0690   999.6530 0.0000e+00
      7.401      0.037     1.7182     15.609     45.960  33.158206     1.0155      7.096   308.7572 1.2368e-01    10.1690      7.258     10.526    11.0714   999.6528 0.0000e+00
      7.411      0.039     1.7052     15.489     46.002  33.185809     0.9091      7.095   308.3342 1.2372e-01    10.2051      7.266     10.538    11.0725   999.6528 0.0000e+00
      7.424      0.041     1.6915     15.364     46.059  33.224287     0.8620      7.093   308.5030 1.2375e-01    10.2162      7.280     10.559    11.0765   999.6525 0.0000e+00
      7.438      0.043     1.6752     15.216     46.176  33.306116     0.8702      7.093   308.9051 1.2375e-01    10.1722      7.295     10.581    11.0745   999.6527 0.0000e+00
      7.448      0.043     1.6590     15.067     46.329  33.413617     0.8786      7.092   309.4097 1.2373e-01    10.1975      7.305     10.595    11.0689   999.6533 0.0000e+00
      7.458      0.042     1.6429     14.918     46.469  33.508627     0.8937      7.089   309.0119 1.2373e-01    10.2929      7.311     10.604    11.0677   999.6535 0.0000e+00
      7.468      0.041     1.6255     14.757     46.559  33.566365     0.9140      7.087   307.8810 1.2375e-01    10.3426      7.322     10.620    11.0650   999.6539 0.0000e+00
      7.479      0.041     1.6088     14.603     46.622  33.603981     0.9251      7.086   307.4379 1.2372e-01    10.3726      7.335     10.638    11.0618   999.6543 0.0000e+00
      7.489      0.041     1.5937     14.463     46.689  33.646104     0.9234      7.085   307.7841 1.2367e-01    10.3936      7.345     10.653    11.0596   999.6546 0.0000e+00
      7.499      0.041     1.5743     14.286     46.763  33.694874     0.9282      7.083   308.2815 1.2366e-01    10.4651      7.354     10.666    11.0534   999.6553 0.0000e+00
      7.509      0.041     1.5490     14.056     46.843  33.749391     0.9570      7.082   308.6336 1.2365e-01    10.5813      7.363     10.679    11.0440   999.6564 0.0000e+00
      7.519      0.041     1.5179     13.772     46.913  33.797524     0.9862      7.080   308.6852 1.2364e-01    10.6196      7.374     10.694    11.0351   999.6573 0.0000e+00
      7.530      0.041     1.4784     13.414     46.965  33.832588     0.9951      7.078   308.4750 1.2364e-01    10.5999      7.384     10.710    11.0289   999.6581 0.0000e+00
      7.542      0.042     1.4352     13.021     46.999  33.856003     0.9785      7.075   308.2431 1.2367e-01    10.5721      7.396     10.728    11.0242   999.6586 0.0000e+00
      7.552      0.043     1.3912     12.621     47.049  33.890239     0.9492      7.073   308.2041 1.2372e-01    10.5786      7.406     10.741    11.0210   999.6590 0.0000e+00
      7.562      0.043     1.3452     12.203     47.105  33.929195     0.9271      7.072   308.3488 1.2372e-01    10.6141      7.415     10.755    11.0186   999.6593 0.0000e+00
      7.573      0.043     1.2997     11.790     47.130  33.946222     0.9111      7.072   308.6160 1.2369e-01    10.6080      7.426     10.771    11.0164   999.6596 0.0000e+00
      7.586      0.042     1.2573     11.405     47.163  33.969174     0.8849      7.071   308.9389 1.2369e-01    10.6026      7.439     10.789    11.0147   999.6598 0.0000e+00
      7.597      0.041     1.2174     11.045     47.230  34.016306     0.8531      7.069   309.1553 1.2370e-01    10.6139      7.451     10.807    11.0132   999.6600 0.0000e+00
      7.607      0.040     1.1838     10.740     47.308  34.071812     0.8482      7.067   309.0820 1.2372e-01    10.6137      7.460     10.821    11.0120   999.6603 0.0000e+00
      7.616      0.039     1.1568     10.494     47.394  34.132567     0.8513      7.065   308.9129 1.2378e-01    10.6011      7.469     10.833    11.0112   999.6604 0.0000e+00
      7.625      0.038     1.1301     10.251     47.460  34.179679     0.8125      7.063   308.9179 1.2380e-01    10.4284      7.478     10.846    11.0101   999.6605 0.0000e+00
      7.635      0.036     1.1056     10.029     47.486  34.197178     0.7518      7.062   309.0569 1.2377e-01    10.1306      7.488     10.860    11.0089   999.6607 0.0000e+00
      7.645      0.035     1.0859      9.850     47.514  34.217199     0.7246      7.061   309.6464 1.2378e-01     9.9501      7.497     10.874    11.0080   999.6609 0.0000e+00
      7.655      0.032     1.0661      9.670     47.533  34.231347     0.7271      7.060   310.5386 1.2374e-01     9.9169      7.507     10.889    11.0073   999.6611 0.0000e+00
      7.663      0.029     1.0442      9.472     47.458  34.177840     0.7296      7.058   310.8962 1.2366e-01     9.9920      7.516     10.901    11.0062   999.6612 0.0000e+00
      7.670      0.025     1.0198      9.251     47.318  34.077997     0.7279      7.055   310.7874 1.2366e-01    10.1040      7.521     10.909    11.0051   999.6614 0.0000e+00
      7.676      0.023     0.9916      8.996     47.173  33.976160     0.7330      7.053   310.5135 1.2365e-01    10.1574      7.527     10.917    11.0042   999.6615 0.0000e+00
      7.681      0.023     0.9616      8.724     47.058  33.898540     0.7398      7.052   310.1655 1.2364e-01    10.1786      7.534     10.927    11.0048   999.6615 0.0000e+00
      7.683      0.027     0.9326      8.463     47.050  33.901108     0.7404      7.051   310.3652 1.2369e-01    10.2941      7.535     10.929    11.0064   999.6613 0.0000e+00
      7.686      0.032     0.9074      8.237     47.097  33.943749     0.7400      7.049   311.1222 1.2374e-01    10.5058      7.535     10.928    11.0074   999.6612 0.0000e+00
      7.695      0.036     0.8920      8.098     47.125  33.969849     0.7354      7.048   311.4887 1.2372e-01    10.6403      7.544     10.940    11.0086   999.6610 0.0000e+00
      7.710      0.040     0.8909      8.089     47.196  34.026292     0.7369      7.047   311.2689 1.2372e-01    10.6763      7.560     10.966    11.0132   999.6606 0.0000e+00
      7.726      0.044     0.9050      8.218     47.315  34.118461     0.7491      7.046   310.9602 1.2373e-01    10.6785      7.578     10.991    11.0241   999.6596 0.0000e+00
      7.737      0.045     0.9354      8.496     47.412  34.195727     0.7868      7.043   310.8536 1.2368e-01    10.6335      7.588     11.006    11.0360   999.6584 0.0000e+00
      7.745      0.045     0.9777      8.882     47.494  34.262376     0.8550      7.041   310.9257 1.2363e-01    10.5917      7.594     11.015    11.0396   999.6581 0.0000e+00
      7.755      0.042     1.0239      9.301     47.618  34.353109     0.8980      7.039   310.9716 1.2364e-01    10.5991      7.603     11.028    11.0435   999.6578 0.0000e+00
      7.767      0.041     1.0653      9.676     47.788  34.467690     0.9070      7.038   311.0642 1.2365e-01    10.6236      7.617     11.048    11.0514   999.6571 0.0000e+00
      7.779      0.041     1.0933      9.926     48.121  34.695736     0.9291      7.037   311.2713 1.2365e-01    10.6261      7.629     11.064    11.0589   999.6564 0.0000e+00
      7.789      0.041     1.1040     10.020     48.759  35.142843     0.9658      7.036   311.4112 1.2367e-01    10.5970      7.638     11.078    11.0706   999.6552 0.0000e+00
      7.798      0.040     1.0964      9.949     49.440  35.621110     0.9785      7.035   311.2924 1.2371e-01    10.5992      7.647     11.091    11.0733   999.6551 0.0000e+00
      7.808      0.039     1.0730      9.734     49.857  35.908500     0.9613      7.035   311.0402 1.2371e-01    10.6210      7.657     11.105    11.0618   999.6564 0.0000e+00
      7.819      0.038     1.0359      9.395     50.108  36.078768     0.8965      7.033   310.9423 1.2371e-01    10.6637      7.667     11.120    11.0477   999.6579 0.0000e+00
      7.829      0.037     0.9842      8.925     50.402  36.283375     0.7933      7.030   310.8834 1.2370e-01    10.7542      7.679     11.137    11.0345   999.6596 0.0000e+00
      7.839      0.036     0.9167      8.312     50.679  36.478170     0.7365      7.028   311.0157 1.2367e-01    10.7976      7.688     11.151    11.0217   999.6612 0.0000e+00
      7.846      0.035     0.8304      7.530     50.755  36.529783     0.7296      7.026   311.3377 1.2364e-01    10.7951      7.694     11.159    11.0082   999.6627 0.0000e+00
      7.854      0.032     0.7242      6.567     50.753  36.526566     0.7446      7.024   311.1629 1.2360e-01    10.7906      7.702     11.171    10.9972   999.6639 0.0000e+00
      7.864      0.030     0.6047      5.482     50.810  36.566228     0.7791      7.021   310.7092 1.2359e-01    10.8077      7.712     11.186    10.9904   999.6648 0.0000e+00
      7.872      0.028     0.4803      4.354     50.896  36.628478     0.8006      7.020   310.5846 1.2360e-01    10.8387      7.721     11.199    10.9866   999.6654 0.0000e+00
      7.878      0.028     0.3573      3.239     51.270  36.898385     0.8047      7.019   310.6017 1.2365e-01    10.8376      7.726     11.205    10.9839   999.6656 0.0000e+00
      7.883      0.029     0.2469      2.239     52.079  37.481030     0.8026      7.018   310.6580 1.2372e-01    11.0236      7.730     11.210    10.9818   999.6659 0.0000e+00
      7.889      0.031     0.1573      1.426     53.188  38.277633     0.7928      7.015   310.5778 1.2373e-01    11.4495      7.736     11.220    10.9808   999.6661 0.0000e+00
      7.898      0.035     0.0906      0.821     54.514  39.229922     0.7901      7.013   310.2344 1.2375e-01    11.7255      7.745     11.233    10.9809   999.6660 0.0000e+00
      7.908      0.040     0.0514      0.465     55.824  40.171076     0.7958      7.010   310.0332 1.2374e-01    11.7721      7.755     11.247    10.9824   999.6660 0.0000e+00
      7.918      0.044     0.0374      0.338     56.833  40.896175     0.7929      7.007   310.0381 1.2368e-01    11.7835      7.764     11.260    10.9828   999.6663 0.0000e+00
      7.929      0.046     0.0390      0.353     57.438  41.330886     0.7902      7.005   310.1216 1.2367e-01    11.8963      7.775     11.275    10.9809   999.6669 0.0000e+00
      7.944      0.045     0.0477      0.433     58.101  41.808267     0.7972      7.002   310.1819 1.2366e-01    12.1207      7.790     11.298    10.9789   999.6677 0.0000e+00
      7.959      0.044     0.0587      0.533     59.384  42.731662     0.7994      7.000   310.0785 1.2364e-01    12.2675      7.807     11.324    10.9773   999.6685 0.0000e+00
      7.970      0.041     0.0656      0.595     60.511  43.542970     0.7994      6.998   309.9041 1.2364e-01    12.2616      7.818     11.339    10.9765   999.6690 0.0000e+00
      7.977      0.037     0.0667      0.604     60.788  43.744384     0.8316      6.996   309.7086 1.2368e-01    12.1480      7.823     11.346    10.9763   999.6692 0.0000e+00
      7.984      0.033     0.0679      0.616     61.434  44.214531     0.8852      6.994   309.4351 1.2372e-01    12.0412      7.828     11.355    10.9761   999.6693 0.0000e+00
      7.992      0.032     0.0682      0.620     63.359  45.607951     0.9104      6.990   309.1795 1.2370e-01    12.0190      7.839     11.369    10.9761   999.6699 0.0000e+00
      8.000      0.033     0.0652      0.591     65.905  47.447181     0.9199      6.985   309.0266 1.2368e-01    12.0102      7.846     11.380    10.9763   999.6705 0.0000e+00
      8.008      0.035     0.0643      0.582     69.272  49.877457     0.9304      6.980   309.0484 1.2370e-01    12.0329      7.852     11.388    10.9777   999.6702 0.0000e+00
      8.017      0.040     0.0670      0.607     73.797  53.143035     0.9248      6.976   309.2710 1.2370e-01    12.1294      7.862     11.403    10.9824   999.6699 0.0000e+00
