Data/DataNotYetUploadedToEDI/Raw_CTD/RawDownloads/080320_fcr50.cnv
* Sea-Bird SBE19plus  Data File:
* FileName = C:\DATA\080320_fcr50_0003.hex
* Software version 2.8.0.119
* Temperature SN = 7809
* Conductivity SN = 7809
* System UpLoad Time = Aug 03 2020 12:05:22
* <ApplicationData>
* <Seaterm232>
# nquan = 16
# nvalues = 6683                        
# units = specified
# name 0 = depFM: Depth [fresh water, m]
# name 1 = dz/dtM: Descent Rate [m/s]
# name 2 = sbeox0ML/L: Oxygen, SBE 43 [ml/l]
# name 3 = sbeox0PS: Oxygen, SBE 43 [% saturation]
# name 4 = specc: Specific Conductance [uS/cm]
# name 5 = c0uS/cm: Conductivity [uS/cm]
# name 6 = flECO-AFL: Fluorescence, WET Labs ECO-AFL/FL [mg/m^3]
# name 7 = ph: pH
# name 8 = orp: Oxidation Reduction Potential [mV]
# name 9 = par/sat/log: PAR/Logarithmic, Satlantic
# name 10 = turbWETntu0: Turbidity, WET Labs ECO [NTU]
# name 11 = prdM: Pressure, Strain Gauge [db]
# name 12 = prdE: Pressure, Strain Gauge [psi]
# name 13 = tv290C: Temperature [ITS-90, deg C]
# name 14 = density00: Density [density, kg/m^3]
# name 15 = flag:  0.000e+00
# span 0 =     -0.634,      9.672       
# span 1 =     -4.470,      9.177       
# span 2 =     0.0327,     7.7344       
# span 3 =      0.467,    136.924       
# span 4 =      1.086,    240.646       
# span 5 =   1.087630, 174.311448       
# span 6 =    -1.0077,    32.1489       
# span 7 =      6.873,      7.503       
# span 8 =    44.6731,   339.2324       
# span 9 = 1.2346e-01, 8.5855e+02       
# span 10 =    -0.3690,   351.4767      
# span 11 =     -0.632,      9.486      
# span 12 =     -0.917,     13.758      
# span 13 =    11.1189,    26.5309      
# span 14 =   996.6606,   999.7209      
# span 15 = 0.0000e+00, 0.0000e+00      
# interval = seconds: 0.25
# start_time = Aug 02 2020 22:16:39 [Instrument's time stamp, header]
# bad_flag = -9.990e-29
*END*
[from data line 3074]
      9.062      0.008     0.3384      4.413     47.106  34.068178     0.6663      6.894   169.6922 1.2360e-01     6.2670      8.887     12.889    11.1410   999.6538 0.0000e+00
      9.064      0.008     0.3362      4.413     47.116  34.074052     0.6180      6.894   169.9542 1.2358e-01     6.3112      8.889     12.893    11.1531   999.6526 0.0000e+00
      9.067      0.009     0.3404      4.411     47.113  34.067764     0.5895      6.894   169.8408 1.2357e-01     6.3246      8.891     12.896    11.1587   999.6521 0.0000e+00
      9.069      0.010     0.3415      4.388     47.103  34.055603     0.5791      6.893   169.5255 1.2357e-01     6.3253      8.894     12.899    11.1603   999.6519 0.0000e+00
      9.071      0.011     0.3379      4.379     47.109  34.053921     0.5690      6.893   169.1535 1.2358e-01     6.3888      8.896     12.902    11.1592   999.6520 0.0000e+00
      9.074      0.011     0.3394      4.390     47.105  34.047424     0.5437      6.893   169.5580 1.2358e-01     6.5423      8.899     12.906    11.1572   999.6522 0.0000e+00
      9.077      0.011     0.3407      4.404     47.095  34.040494     0.5202      6.894   170.5450 1.2355e-01     6.6365      8.901     12.910    11.1536   999.6527 0.0000e+00
      9.081      0.011     0.3364      4.432     47.083  34.033581     0.5238      6.895   170.9348 1.2350e-01     6.6009      8.905     12.916    11.1471   999.6533 0.0000e+00
      9.085      0.010     0.3358      4.455     47.073  34.027291     0.5872      6.895   170.5715 1.2351e-01     6.5583      8.909     12.921    11.1403   999.6540 0.0000e+00
      9.087      0.009     0.3385      4.458     47.074  34.027906     0.7048      6.895   169.9381 1.2360e-01     6.5676      8.911     12.924    11.1358   999.6545 0.0000e+00
      9.088      0.008     0.3376      4.465     47.094  34.041012     0.7820      6.896   169.6435 1.2362e-01     6.6102      8.912     12.926    11.1366   999.6544 0.0000e+00
      9.090      0.008     0.3411      4.470     47.121  34.058837     0.7964      6.896   170.2780 1.2359e-01     6.6271      8.914     12.929    11.1403   999.6540 0.0000e+00
      9.092      0.008     0.3440      4.480     47.116  34.053068     0.7930      6.896   171.3290 1.2365e-01     6.5666      8.916     12.931    11.1414   999.6539 0.0000e+00
      9.093      0.009     0.3416      4.498     47.093  34.034714     0.7690      6.895   171.6831 1.2370e-01     6.4957      8.917     12.933    11.1405   999.6540 0.0000e+00
      9.095      0.010     0.3442      4.499     47.085  34.027282     0.7358      6.895   171.5484 1.2368e-01     6.4915      8.919     12.936    11.1392   999.6542 0.0000e+00
      9.098      0.011     0.3433      4.481     47.086  34.026658     0.7250      6.895   171.1629 1.2366e-01     6.5495      8.922     12.941    11.1372   999.6544 0.0000e+00
      9.101      0.013     0.3441      4.455     47.087  34.027168     0.7242      6.895   170.5494 1.2362e-01     6.5800      8.925     12.944    11.1346   999.6547 0.0000e+00
      9.104      0.013     0.3468      4.431     47.095  34.033456     0.7647      6.894   170.6687 1.2361e-01     6.5506      8.928     12.948    11.1322   999.6549 0.0000e+00
      9.109      0.013     0.3464      4.414     47.102  34.039224     0.8613      6.893   171.4867 1.2367e-01     6.5379      8.933     12.956    11.1306   999.6551 0.0000e+00
      9.113      0.013     0.3452      4.417     47.095  34.033456     0.9292      6.893   172.0085 1.2368e-01     6.5638      8.937     12.963    11.1296   999.6553 0.0000e+00
      9.116      0.012     0.3422      4.442     47.086  34.027168     0.9464      6.894   172.0731 1.2366e-01     6.5892      8.940     12.967    11.1295   999.6553 0.0000e+00
      9.118      0.011     0.3409      4.473     47.085  34.026658     0.9263      6.894   171.8379 1.2367e-01     6.5358      8.942     12.969    11.1301   999.6552 0.0000e+00
      9.121      0.010     0.3389      4.505     47.084  34.027292     0.8773      6.894   171.4882 1.2369e-01     6.4327      8.945     12.973    11.1309   999.6552 0.0000e+00
      9.123      0.010     0.3391      4.550     47.094  34.034829     0.8500      6.894   171.4586 1.2367e-01     6.3736      8.947     12.976    11.1305   999.6552 0.0000e+00
      9.125      0.011     0.3413      4.570     47.122  34.054328     0.8439      6.894   171.6516 1.2362e-01     6.3705      8.948     12.978    11.1294   999.6553 0.0000e+00
      9.127      0.013     0.3447      4.549     47.149  34.072692     0.7559      6.894   171.7573 1.2362e-01     6.4293      8.950     12.981    11.1301   999.6553 0.0000e+00
      9.130      0.014     0.3452      4.501     47.144  34.066502     0.5960      6.894   171.7905 1.2364e-01     6.5007      8.954     12.985    11.1319   999.6551 0.0000e+00
      9.135      0.015     0.3509      4.430     47.114  34.042937     0.5222      6.894   171.7947 1.2364e-01     6.5474      8.959     12.992    11.1326   999.6550 0.0000e+00
      9.140      0.015     0.3534      4.400     47.114  34.041585     0.5318      6.894   171.8081 1.2364e-01     6.5815      8.964     13.001    11.1321   999.6551 0.0000e+00
      9.145      0.016     0.3493      4.427     47.127  34.050153     0.5781      6.894   171.6940 1.2365e-01     6.5351      8.970     13.008    11.1299   999.6554 0.0000e+00
      9.148      0.018     0.3487      4.456     47.085  34.019623     0.6627      6.894   171.4485 1.2365e-01     6.3986      8.972     13.012    11.1274   999.6557 0.0000e+00
      9.150      0.019     0.3384      4.488     47.045  33.989722     0.7158      6.894   171.3339 1.2365e-01     6.3043      8.972     13.013    11.1254   999.6559 0.0000e+00
      9.155      0.020     0.3364      4.559     47.068  34.005882     0.7240      6.894   171.3414 1.2361e-01     6.3220      8.977     13.019    11.1241   999.6560 0.0000e+00
      9.162      0.021     0.3413      4.649     47.095  34.024657     0.7144      6.894   171.4530 1.2362e-01     6.3725      8.984     13.030    11.1234   999.6562 0.0000e+00
      9.169      0.022     0.3429      4.698     47.097  34.026364     0.6854      6.894   171.5647 1.2366e-01     6.5713      8.993     13.042    11.1225   999.6563 0.0000e+00
      9.175      0.022     0.3438      4.691     47.097  34.026529     0.6495      6.894   171.4010 1.2366e-01     6.9748      8.999     13.052    11.1217   999.6563 0.0000e+00
      9.180      0.021     0.3494      4.630     47.097  34.026648     0.6334      6.894   171.1091 1.2366e-01     7.2338      9.002     13.058    11.1213   999.6564 0.0000e+00
      9.185      0.020     0.3602      4.563     47.099  34.027798     0.6430      6.894   171.0462 1.2366e-01     7.2993      9.007     13.063    11.1212   999.6565 0.0000e+00
      9.190      0.018     0.3619      4.524     47.116  34.040437     0.6799      6.894   171.1571 1.2366e-01     7.4590      9.013     13.071    11.1211   999.6565 0.0000e+00
      9.195      0.016     0.3635      4.491     47.133  34.052555     0.7173      6.894   171.1586 1.2361e-01     7.6876      9.018     13.080    11.1212   999.6565 0.0000e+00
      9.199      0.015     0.3561      4.458     47.127  34.047415     0.7225      6.895   171.0648 1.2357e-01     7.7627      9.022     13.085    11.1212   999.6565 0.0000e+00
      9.202      0.014     0.3492      4.411     47.119  34.041740     0.7440      6.896   171.0552 1.2361e-01     7.7156      9.024     13.088    11.1210   999.6566 0.0000e+00
      9.205      0.013     0.3491      4.387     47.127  34.047399     1.0342      6.896   171.1291 1.2364e-01     7.4953      9.027     13.092    11.1209   999.6566 0.0000e+00
      9.207      0.013     0.3445      4.407     47.134  34.052384     1.5602      6.895   171.1837 1.2362e-01     7.0906      9.029     13.095    11.1209   999.6566 0.0000e+00
      9.210      0.014     0.3443      4.397     47.116  34.038548     1.8303      6.894   171.1997 1.2356e-01     6.8396      9.032     13.100    11.1208   999.6566 0.0000e+00
      9.214      0.016     0.3389      4.367     47.073  34.007017     1.8115      6.893   171.1501 1.2355e-01     6.7954      9.036     13.106    11.1208   999.6567 0.0000e+00
      9.219      0.017     0.3346      4.365     47.048  33.988416     1.5423      6.893   171.1866 1.2362e-01     6.6927      9.041     13.112    11.1205   999.6567 0.0000e+00
      9.224      0.018     0.3414      4.366     47.069  34.004003     1.0647      6.893   171.4676 1.2365e-01     6.4907      9.046     13.119    11.1202   999.6568 0.0000e+00
      9.229      0.018     0.3393      4.360     47.071  34.005124     0.8150      6.894   171.6235 1.2363e-01     6.3792      9.051     13.128    11.1196   999.6568 0.0000e+00
      9.233      0.017     0.3341      4.364     47.066  34.001967     0.7923      6.895   171.5222 1.2362e-01     6.3742      9.055     13.134    11.1192   999.6569 0.0000e+00
      9.238      0.016     0.3363      4.356     47.103  34.029287     0.7818      6.894   171.4481 1.2360e-01     6.4300      9.060     13.140    11.1190   999.6569 0.0000e+00
      9.242      0.015     0.3365      4.347     47.087  34.018179     0.7918      6.894   171.4154 1.2361e-01     6.5395      9.064     13.147    11.1189   999.6570 0.0000e+00
      9.245      0.013     0.3343      4.375     47.054  33.994567     0.8088      6.894   171.5569 1.2364e-01     6.5990      9.067     13.150    11.1190   999.6570 0.0000e+00
      9.248      0.012     0.3365      4.390     47.059  33.997619     0.8064      6.894   171.8690 1.2368e-01     6.5655      9.069     13.153    11.1191   999.6569 0.0000e+00
      9.251      0.012     0.3359      4.377     47.051  33.991618     0.7913      6.895   172.0055 1.2373e-01     6.5125      9.072     13.159    11.1193   999.6570 0.0000e+00
      9.254      0.012     0.3319      4.385     47.042  33.985464     0.7506      6.895   172.0023 1.2367e-01     6.5753      9.075     13.163    11.1196   999.6570 0.0000e+00
      9.257      0.012     0.3376      4.410     47.044  33.986671     0.6949      6.896   172.0018 1.2357e-01     6.7418      9.077     13.166    11.1197   999.6569 0.0000e+00
      9.260      0.013     0.3395      4.415     47.071  34.006213     0.6714      6.896   171.9998 1.2360e-01     6.8091      9.081     13.170    11.1196   999.6570 0.0000e+00
      9.264      0.013     0.3352      4.419     47.106  34.031382     0.6573      6.895   171.9790 1.2365e-01     6.7713      9.085     13.176    11.1198   999.6569 0.0000e+00
      9.267      0.014     0.3367      4.439     47.113  34.037164     0.6098      6.895   172.0076 1.2364e-01     6.6619      9.088     13.181    11.1198   999.6570 0.0000e+00
      9.270      0.014     0.3406      4.450     47.079  34.012674     0.5547      6.895   172.1744 1.2365e-01     6.4822      9.091     13.185    11.1197   999.6570 0.0000e+00
      9.274      0.014     0.3399      4.452     47.046  33.989090     0.5349      6.895   172.3614 1.2369e-01     6.3842      9.094     13.190    11.1199   999.6570 0.0000e+00
      9.278      0.014     0.3386      4.419     47.070  34.005825     0.5331      6.895   172.5475 1.2368e-01     6.3348      9.099     13.197    11.1199   999.6570 0.0000e+00
      9.281      0.014     0.3427      4.352     47.096  34.024652     0.5901      6.895   172.7031 1.2362e-01     6.3655      9.103     13.202    11.1202   999.6570 0.0000e+00
      9.284      0.013     0.3420      4.329     47.098  34.026363     0.7090      6.895   172.4361 1.2357e-01     6.5160      9.104     13.205    11.1204   999.6570 0.0000e+00
      9.288      0.012     0.3432      4.379     47.097  34.026517     0.7783      6.895   171.9863 1.2362e-01     6.6089      9.108     13.211    11.1205   999.6570 0.0000e+00
      9.292      0.011     0.3425      4.469     47.096  34.026517     0.7991      6.894   171.9958 1.2368e-01     6.6304      9.113     13.217    11.1207   999.6570 0.0000e+00
      9.294      0.010     0.3324      4.569     47.096  34.026362     0.7500      6.894   172.2930 1.2367e-01     6.6730      9.115     13.219    11.1206   999.6570 0.0000e+00
      9.296      0.009     0.3310      4.653     47.093  34.024647     0.6327      6.894   172.6554 1.2362e-01     6.7806      9.115     13.220    11.1207   999.6570 0.0000e+00
      9.298      0.008     0.3357      4.696     47.067  34.005779     0.5830      6.895   172.8499 1.2360e-01     6.8668      9.118     13.225    11.1213   999.6570 0.0000e+00
      9.300      0.008     0.3439      4.704     47.042  33.988587     0.5971      6.895   172.2349 1.2357e-01     6.8569      9.121     13.228    11.1218   999.6569 0.0000e+00
      9.301      0.009     0.3517      4.687     47.067  34.007140     0.5748      6.895   171.3287 1.2352e-01     6.6956      9.121     13.229    11.1220   999.6569 0.0000e+00
      9.303      0.009     0.3595      4.634     47.112  34.039749     0.5233      6.895   171.2715 1.2358e-01     6.4273      9.123     13.232    11.1221   999.6569 0.0000e+00
      9.306      0.009     0.3624      4.548     47.147  34.065589     0.5075      6.895   171.6290 1.2365e-01     6.2901      9.126     13.237    11.1221   999.6569 0.0000e+00
      9.309      0.009     0.3619      4.449     47.146  34.065746     0.5176      6.895   171.9522 1.2364e-01     6.3068      9.130     13.241    11.1228   999.6568 0.0000e+00
      9.311      0.010     0.3622      4.390     47.111  34.041647     0.5207      6.895   171.7373 1.2360e-01     6.3207      9.132     13.244    11.1233   999.6568 0.0000e+00
      9.313      0.011     0.3570      4.386     47.091  34.028023     0.5072      6.895   170.7516 1.2360e-01     6.2869      9.133     13.247    11.1237   999.6568 0.0000e+00
      9.316      0.012     0.3510      4.393     47.091  34.027929     0.4879      6.894   170.2729 1.2363e-01     6.2751      9.135     13.250    11.1245   999.6568 0.0000e+00
      9.319      0.014     0.3407      4.400     47.108  34.040510     0.4983      6.893   170.4238 1.2362e-01     6.3158      9.138     13.253    11.1253   999.6567 0.0000e+00
      9.323      0.015     0.3354      4.414     47.127  34.053234     0.5274      6.893   170.8545 1.2360e-01     6.3324      9.142     13.259    11.1263   999.6566 0.0000e+00
      9.328      0.015     0.3378      4.416     47.130  34.054864     0.5724      6.893   171.5235 1.2365e-01     6.3394      9.147     13.267    11.1274   999.6565 0.0000e+00
      9.333      0.015     0.3381      4.404     47.137  34.060222     0.6229      6.894   171.3706 1.2371e-01     6.3998      9.153     13.276    11.1279   999.6565 0.0000e+00
      9.337      0.014     0.3379      4.390     47.129  34.054557     0.6428      6.894   170.3828 1.2371e-01     6.4785      9.157     13.282    11.1274   999.6565 0.0000e+00
      9.340      0.013     0.3400      4.359     47.123  34.049829     0.6602      6.895   169.8184 1.2371e-01     6.5365      9.160     13.285    11.1267   999.6567 0.0000e+00
      9.342      0.011     0.3405      4.306     47.146  34.066510     0.7092      6.895   169.8805 1.2369e-01     6.4829      9.161     13.287    11.1263   999.6567 0.0000e+00
      9.345      0.010     0.3382      4.252     47.145  34.065885     0.7580      6.895   170.2733 1.2368e-01     6.3456      9.164     13.291    11.1262   999.6567 0.0000e+00
      9.348      0.010     0.3386      4.216     47.113  34.042273     0.7740      6.894   170.7825 1.2371e-01     6.2835      9.167     13.296    11.1261   999.6567 0.0000e+00
      9.350      0.011     0.3361      4.220     47.103  34.034830     0.7782      6.894   170.8752 1.2371e-01     6.2817      9.169     13.299    11.1261   999.6567 0.0000e+00
      9.352      0.012     0.3310      4.256     47.110  34.039350     0.8192      6.894   170.5332 1.2370e-01     6.2891      9.170     13.300    11.1261   999.6568 0.0000e+00
