Data/DataNotYetUploadedToEDI/Raw_CTD/RawDownloads/080320_fcr50.cnv
* Sea-Bird SBE19plus  Data File:
* FileName = C:\DATA\080320_fcr50_0003.hex
* Software version 2.8.0.119
* Temperature SN = 7809
* Conductivity SN = 7809
* System UpLoad Time = Aug 03 2020 12:05:22
* <ApplicationData>
* <Seaterm232>
# nquan = 16
# nvalues = 6683                        
# units = specified
# name 0 = depFM: Depth [fresh water, m]
# name 1 = dz/dtM: Descent Rate [m/s]
# name 2 = sbeox0ML/L: Oxygen, SBE 43 [ml/l]
# name 3 = sbeox0PS: Oxygen, SBE 43 [% saturation]
# name 4 = specc: Specific Conductance [uS/cm]
# name 5 = c0uS/cm: Conductivity [uS/cm]
# name 6 = flECO-AFL: Fluorescence, WET Labs ECO-AFL/FL [mg/m^3]
# name 7 = ph: pH
# name 8 = orp: Oxidation Reduction Potential [mV]
# name 9 = par/sat/log: PAR/Logarithmic, Satlantic
# name 10 = turbWETntu0: Turbidity, WET Labs ECO [NTU]
# name 11 = prdM: Pressure, Strain Gauge [db]
# name 12 = prdE: Pressure, Strain Gauge [psi]
# name 13 = tv290C: Temperature [ITS-90, deg C]
# name 14 = density00: Density [density, kg/m^3]
# name 15 = flag:  0.000e+00
# span 0 =     -0.634,      9.672       
# span 1 =     -4.470,      9.177       
# span 2 =     0.0327,     7.7344       
# span 3 =      0.467,    136.924       
# span 4 =      1.086,    240.646       
# span 5 =   1.087630, 174.311448       
# span 6 =    -1.0077,    32.1489       
# span 7 =      6.873,      7.503       
# span 8 =    44.6731,   339.2324       
# span 9 = 1.2346e-01, 8.5855e+02       
# span 10 =    -0.3690,   351.4767      
# span 11 =     -0.632,      9.486      
# span 12 =     -0.917,     13.758      
# span 13 =    11.1189,    26.5309      
# span 14 =   996.6606,   999.7209      
# span 15 = 0.0000e+00, 0.0000e+00      
# interval = seconds: 0.25
# start_time = Aug 02 2020 22:16:39 [Instrument's time stamp, header]
# bad_flag = -9.990e-29
*END*
[from data line 2351]
      6.673      0.011     0.3600      4.628     47.079  34.034830     0.3784      6.903   124.5052 1.2360e-01     6.1102      6.543      9.491    11.1545   999.6414 0.0000e+00
      6.676      0.012     0.3584      4.640     47.091  34.042262     0.4021      6.902   124.8158 1.2359e-01     6.1282      6.546      9.495    11.1507   999.6417 0.0000e+00
      6.679      0.013     0.3566      4.650     47.125  34.065865     0.4373      6.902   125.1535 1.2354e-01     6.0995      6.550      9.500    11.1470   999.6421 0.0000e+00
      6.682      0.013     0.3560      4.653     47.128  34.066385     0.4510      6.902   125.3186 1.2351e-01     6.0724      6.553      9.505    11.1452   999.6423 0.0000e+00
      6.686      0.013     0.3549      4.660     47.104  34.048551     0.4530      6.901   125.3492 1.2351e-01     6.0746      6.557      9.511    11.1442   999.6424 0.0000e+00
      6.690      0.013     0.3571      4.675     47.094  34.040599     0.4438      6.901   125.4368 1.2352e-01     6.0577      6.560      9.515    11.1429   999.6426 0.0000e+00
      6.693      0.012     0.3580      4.690     47.084  34.033696     0.4063      6.902   125.6033 1.2358e-01     6.0057      6.564      9.520    11.1417   999.6428 0.0000e+00
      6.696      0.012     0.3575      4.688     47.075  34.028543     0.3518      6.902   125.7284 1.2363e-01     5.9261      6.567      9.524    11.1403   999.6429 0.0000e+00
      6.699      0.012     0.3582      4.643     47.094  34.041743     0.3196      6.902   125.8313 1.2360e-01     5.8509      6.569      9.528    11.1392   999.6430 0.0000e+00
      6.702      0.012     0.3595      4.603     47.130  34.066396     0.3314      6.902   125.9008 1.2356e-01     5.8517      6.571      9.531    11.1383   999.6431 0.0000e+00
      6.705      0.012     0.3607      4.643     47.140  34.072799     0.3614      6.901   125.9666 1.2359e-01     5.9699      6.575      9.536    11.1387   999.6431 0.0000e+00
      6.709      0.013     0.3622      4.690     47.118  34.055702     0.3672      6.901   126.1101 1.2362e-01     6.1129      6.579      9.542    11.1403   999.6429 0.0000e+00
      6.711      0.013     0.3582      4.685     47.111  34.050044     0.3448      6.902   126.3455 1.2358e-01     6.1379      6.581      9.545    11.1400   999.6430 0.0000e+00
      6.714      0.013     0.3493      4.686     47.136  34.067832     0.3188      6.902   126.5760 1.2358e-01     6.0672      6.584      9.550    11.1384   999.6432 0.0000e+00
      6.718      0.012     0.3575      4.699     47.154  34.080420     0.3009      6.902   126.6593 1.2366e-01     6.0474      6.589      9.556    11.1371   999.6434 0.0000e+00
      6.722      0.012     0.3638      4.704     47.148  34.075332     0.2901      6.902   126.7505 1.2365e-01     6.1044      6.592      9.560    11.1361   999.6435 0.0000e+00
      6.724      0.012     0.3587      4.702     47.140  34.069767     0.2841      6.902   127.0770 1.2359e-01     6.1384      6.594      9.564    11.1353   999.6435 0.0000e+00
      6.727      0.013     0.3602      4.657     47.150  34.076585     0.2755      6.902   127.4228 1.2362e-01     6.1154      6.597      9.568    11.1345   999.6437 0.0000e+00
      6.729      0.014     0.3620      4.568     47.175  34.094311     0.2626      6.901   127.5768 1.2367e-01     6.1001      6.599      9.571    11.1341   999.6437 0.0000e+00
      6.732      0.016     0.3613      4.517     47.175  34.093729     0.2621      6.902   127.7342 1.2362e-01     6.1260      6.602      9.575    11.1339   999.6438 0.0000e+00
      6.737      0.018     0.3626      4.528     47.141  34.069554     0.2690      6.902   127.8631 1.2355e-01     6.1545      6.606      9.581    11.1337   999.6438 0.0000e+00
      6.743      0.020     0.3612      4.598     47.121  34.055820     0.2695      6.901   127.8451 1.2358e-01     6.1699      6.612      9.590    11.1334   999.6438 0.0000e+00
      6.750      0.022     0.3487      4.680     47.120  34.054581     0.2776      6.900   127.8603 1.2367e-01     6.2089      6.619      9.600    11.1332   999.6439 0.0000e+00
      6.755      0.022     0.3462      4.734     47.120  34.054572     0.3010      6.901   128.0470 1.2369e-01     6.3161      6.624      9.608    11.1333   999.6439 0.0000e+00
      6.760      0.021     0.3464      4.814     47.122  34.055720     0.3235      6.901   128.3816 1.2366e-01     6.4019      6.630      9.615    11.1333   999.6439 0.0000e+00
      6.766      0.019     0.3524      4.900     47.139  34.068461     0.3305      6.901   128.7224 1.2363e-01     6.3535      6.636      9.624    11.1334   999.6440 0.0000e+00
      6.771      0.017     0.3631      4.926     47.158  34.081714     0.3282      6.901   128.9840 1.2362e-01     6.2808      6.641      9.633    11.1333   999.6440 0.0000e+00
      6.775      0.016     0.3615      4.916     47.168  34.089046     0.3433      6.901   128.9631 1.2357e-01     6.2440      6.644      9.636    11.1334   999.6440 0.0000e+00
      6.778      0.015     0.3702      4.931     47.174  34.093661     0.3792      6.901   128.7280 1.2351e-01     6.1836      6.646      9.640    11.1333   999.6440 0.0000e+00
      6.781      0.014     0.3792      4.960     47.148  34.074058     0.3996      6.901   128.7230 1.2351e-01     6.1678      6.651      9.646    11.1330   999.6441 0.0000e+00
      6.785      0.014     0.3808      4.983     47.104  34.042390     0.3904      6.900   128.9018 1.2354e-01     6.1903      6.654      9.650    11.1329   999.6441 0.0000e+00
      6.788      0.015     0.3758      4.996     47.084  34.028035     0.3918      6.900   129.2551 1.2360e-01     6.2158      6.656      9.654    11.1330   999.6441 0.0000e+00
      6.792      0.016     0.3794      5.006     47.083  34.027410     0.4361      6.901   129.7255 1.2366e-01     6.3043      6.660      9.660    11.1330   999.6441 0.0000e+00
      6.797      0.016     0.3821      5.047     47.094  34.034832     0.4773      6.902   129.5125 1.2366e-01     6.4013      6.665      9.667    11.1328   999.6442 0.0000e+00
      6.801      0.016     0.3828      5.094     47.122  34.054320     0.4797      6.901   128.8313 1.2361e-01     6.4282      6.669      9.673    11.1328   999.6442 0.0000e+00
      6.805      0.016     0.3858      5.104     47.148  34.072675     0.4649      6.901   128.8896 1.2358e-01     6.3894      6.674      9.680    11.1327   999.6442 0.0000e+00
      6.809      0.015     0.3825      5.060     47.139  34.066387     0.4506      6.901   129.3569 1.2354e-01     6.3438      6.678      9.685    11.1326   999.6442 0.0000e+00
      6.813      0.015     0.3886      4.975     47.105  34.041753     0.4499      6.901   129.7489 1.2352e-01     6.3568      6.681      9.690    11.1322   999.6443 0.0000e+00
      6.816      0.015     0.3926      4.918     47.087  34.028647     0.4572      6.901   130.1868 1.2351e-01     6.3756      6.683      9.694    11.1317   999.6444 0.0000e+00
      6.819      0.015     0.3944      4.943     47.096  34.034833     0.4627      6.901   129.9196 1.2346e-01     6.3303      6.688      9.700    11.1316   999.6444 0.0000e+00
      6.823      0.015     0.3906      4.986     47.121  34.053084     0.4682      6.900   129.1851 1.2348e-01     6.2898      6.691      9.706    11.1312   999.6445 0.0000e+00
      6.827      0.016     0.3824      5.030     47.129  34.058956     0.4663      6.899   129.0505 1.2356e-01     6.3328      6.695      9.711    11.1310   999.6445 0.0000e+00
      6.831      0.017     0.3744      5.120     47.106  34.042377     0.4688      6.900   129.2379 1.2362e-01     6.4030      6.700      9.717    11.1308   999.6445 0.0000e+00
      6.835      0.017     0.3802      5.180     47.106  34.043002     0.5373      6.901   129.6442 1.2362e-01     6.3832      6.703      9.721    11.1306   999.6445 0.0000e+00
      6.839      0.017     0.3856      5.188     47.138  34.066512     0.6545      6.901   130.3495 1.2357e-01     6.3000      6.707      9.727    11.1307   999.6446 0.0000e+00
      6.844      0.017     0.3823      5.183     47.146  34.072809     0.7133      6.901   130.2795 1.2354e-01     6.2551      6.712      9.735    11.1309   999.6446 0.0000e+00
      6.849      0.016     0.3967      5.131     47.123  34.055694     0.7137      6.901   129.4005 1.2354e-01     6.2865      6.718      9.743    11.1315   999.6445 0.0000e+00
      6.853      0.015     0.4000      5.032     47.115  34.049935     0.7071      6.900   129.0145 1.2362e-01     6.3370      6.721      9.748    11.1321   999.6445 0.0000e+00
      6.857      0.014     0.3981      4.964     47.138  34.066625     0.6430      6.900   129.4839 1.2367e-01     6.3162      6.725      9.754    11.1324   999.6445 0.0000e+00
      6.860      0.013     0.4004      4.934     47.139  34.067136     0.5206      6.901   130.2580 1.2367e-01     6.2749      6.728      9.759    11.1326   999.6445 0.0000e+00
      6.863      0.012     0.3969      4.885     47.124  34.056109     0.4577      6.902   130.6304 1.2363e-01     6.2847      6.729      9.760    11.1325   999.6445 0.0000e+00
      6.866      0.012     0.3857      4.851     47.130  34.060213     0.4641      6.901   130.2864 1.2356e-01     6.3307      6.733      9.765    11.1323   999.6445 0.0000e+00
      6.870      0.011     0.3790      4.841     47.120  34.053301     0.4737      6.900   129.7985 1.2357e-01     6.3167      6.737      9.771    11.1322   999.6446 0.0000e+00
      6.872      0.011     0.3823      4.831     47.096  34.035983     0.4689      6.900   129.7216 1.2359e-01     6.1847      6.739      9.774    11.1320   999.6446 0.0000e+00
      6.875      0.011     0.3739      4.816     47.103  34.041183     0.4535      6.899   129.8727 1.2357e-01     6.0734      6.742      9.779    11.1320   999.6446 0.0000e+00
      6.878      0.011     0.3727      4.790     47.119  34.052729     0.4497      6.899   130.1637 1.2356e-01     6.1032      6.745      9.783    11.1319   999.6446 0.0000e+00
      6.881      0.012     0.3728      4.753     47.113  34.048671     0.4618      6.899   130.4857 1.2359e-01     6.2358      6.747      9.786    11.1319   999.6446 0.0000e+00
      6.884      0.012     0.3714      4.721     47.122  34.055578     0.4759      6.899   130.5835 1.2366e-01     6.3386      6.751      9.791    11.1322   999.6446 0.0000e+00
      6.887      0.012     0.3711      4.717     47.147  34.072788     0.4771      6.899   130.4851 1.2366e-01     6.3499      6.754      9.796    11.1323   999.6446 0.0000e+00
      6.890      0.012     0.3683      4.724     47.138  34.066396     0.4570      6.899   130.3290 1.2360e-01     6.3382      6.756      9.798    11.1324   999.6446 0.0000e+00
      6.894      0.013     0.3663      4.719     47.104  34.041744     0.3946      6.899   130.3311 1.2360e-01     6.3003      6.760      9.805    11.1324   999.6446 0.0000e+00
      6.898      0.014     0.3612      4.697     47.085  34.028534     0.3041      6.899   130.5965 1.2358e-01     6.2009      6.765      9.812    11.1323   999.6447 0.0000e+00
      6.900      0.016     0.3631      4.677     47.092  34.033574     0.2599      6.899   130.9558 1.2355e-01     6.1322      6.766      9.813    11.1323   999.6447 0.0000e+00
      6.903      0.017     0.3636      4.688     47.100  34.039238     0.2602      6.899   131.1479 1.2358e-01     6.1556      6.769      9.817    11.1322   999.6447 0.0000e+00
      6.909      0.018     0.3636      4.724     47.093  34.033564     0.2800      6.899   131.1994 1.2363e-01     6.2097      6.776      9.827    11.1323   999.6447 0.0000e+00
      6.914      0.020     0.3615      4.760     47.086  34.028419     0.3179      6.899   131.2329 1.2364e-01     6.2716      6.781      9.834    11.1323   999.6447 0.0000e+00
      6.920      0.021     0.3584      4.777     47.102  34.040486     0.3372      6.899   131.3816 1.2364e-01     6.3196      6.787      9.842    11.1321   999.6448 0.0000e+00
      6.925      0.021     0.3598      4.781     47.119  34.052553     0.3316      6.899   131.6215 1.2360e-01     6.3094      6.792      9.850    11.1322   999.6448 0.0000e+00
      6.930      0.020     0.3634      4.789     47.112  34.047418     0.3168      6.899   131.8963 1.2356e-01     6.2858      6.796      9.857    11.1323   999.6448 0.0000e+00
      6.936      0.020     0.3668      4.805     47.104  34.041848     0.3110      6.898   132.2087 1.2356e-01     6.3768      6.802      9.866    11.1321   999.6449 0.0000e+00
      6.941      0.019     0.3678      4.804     47.113  34.048666     0.3275      6.898   132.3010 1.2355e-01     6.5518      6.808      9.874    11.1322   999.6449 0.0000e+00
      6.946      0.018     0.3679      4.792     47.138  34.066397     0.3356      6.898   132.2379 1.2353e-01     6.6173      6.812      9.880    11.1322   999.6449 0.0000e+00
      6.950      0.017     0.3676      4.793     47.137  34.065868     0.3241      6.899   132.3066 1.2354e-01     6.5849      6.815      9.885    11.1321   999.6449 0.0000e+00
      6.954      0.015     0.3705      4.788     47.105  34.042274     0.3208      6.899   132.4437 1.2359e-01     6.5374      6.820      9.891    11.1322   999.6449 0.0000e+00
      6.958      0.013     0.3702      4.769     47.095  34.034936     0.3344      6.899   132.6045 1.2360e-01     6.4552      6.824      9.898    11.1323   999.6449 0.0000e+00
      6.962      0.013     0.3674      4.756     47.102  34.040600     0.3456      6.899   132.8740 1.2359e-01     6.3805      6.826      9.901    11.1323   999.6450 0.0000e+00
      6.965      0.013     0.3692      4.754     47.112  34.047304     0.3416      6.899   133.0348 1.2360e-01     6.3551      6.830      9.906    11.1323   999.6450 0.0000e+00
      6.967      0.012     0.3691      4.759     47.119  34.052543     0.4100      6.899   132.9998 1.2360e-01     6.4230      6.832      9.909    11.1321   999.6450 0.0000e+00
      6.969      0.012     0.3660      4.758     47.102  34.040485     0.5712      6.899   133.0530 1.2363e-01     6.5831      6.835      9.912    11.1321   999.6450 0.0000e+00
      6.973      0.013     0.3659      4.746     47.085  34.028419     0.6702      6.899   133.2479 1.2366e-01     6.6780      6.838      9.918    11.1321   999.6451 0.0000e+00
      6.977      0.013     0.3649      4.749     47.092  34.033563     0.6721      6.899   133.3778 1.2364e-01     6.6776      6.841      9.923    11.1323   999.6450 0.0000e+00
      6.980      0.014     0.3663      4.767     47.100  34.039228     0.5656      6.900   133.4193 1.2362e-01     6.7497      6.846      9.929    11.1322   999.6451 0.0000e+00
      6.984      0.014     0.3668      4.764     47.093  34.033450     0.3655      6.900   133.4915 1.2359e-01     6.9318      6.849      9.934    11.1322   999.6451 0.0000e+00
      6.986      0.014     0.3644      4.732     47.084  34.027161     0.2545      6.900   133.5623 1.2359e-01     7.0596      6.851      9.936    11.1322   999.6451 0.0000e+00
      6.990      0.014     0.3647      4.701     47.083  34.026641     0.2640      6.899   133.5883 1.2359e-01     7.0245      6.854      9.941    11.1321   999.6451 0.0000e+00
      6.994      0.014     0.3673      4.683     47.084  34.027171     0.3270      6.898   133.6330 1.2356e-01     6.7474      6.860      9.949    11.1322   999.6452 0.0000e+00
      6.998      0.014     0.3680      4.681     47.092  34.033563     0.4055      6.898   133.6730 1.2358e-01     6.3186      6.863      9.954    11.1322   999.6451 0.0000e+00
      7.002      0.013     0.3632      4.682     47.102  34.040476     0.4406      6.899   133.6413 1.2361e-01     6.0970      6.866      9.959    11.1323   999.6452 0.0000e+00
      7.006      0.012     0.3616      4.670     47.112  34.047299     0.4466      6.899   133.5934 1.2358e-01     6.1287      6.870      9.964    11.1322   999.6452 0.0000e+00
