Data/DataNotYetUploadedToEDI/Raw_CTD/RawDownloads/080320_fcr50.cnv
* Sea-Bird SBE19plus  Data File:
* FileName = C:\DATA\080320_fcr50_0003.hex
* Software version 2.8.0.119
* Temperature SN = 7809
* Conductivity SN = 7809
* System UpLoad Time = Aug 03 2020 12:05:22
* <ApplicationData>
* <Seaterm232>
# nquan = 16
# nvalues = 6683                        
# units = specified
# name 0 = depFM: Depth [fresh water, m]
# name 1 = dz/dtM: Descent Rate [m/s]
# name 2 = sbeox0ML/L: Oxygen, SBE 43 [ml/l]
# name 3 = sbeox0PS: Oxygen, SBE 43 [% saturation]
# name 4 = specc: Specific Conductance [uS/cm]
# name 5 = c0uS/cm: Conductivity [uS/cm]
# name 6 = flECO-AFL: Fluorescence, WET Labs ECO-AFL/FL [mg/m^3]
# name 7 = ph: pH
# name 8 = orp: Oxidation Reduction Potential [mV]
# name 9 = par/sat/log: PAR/Logarithmic, Satlantic
# name 10 = turbWETntu0: Turbidity, WET Labs ECO [NTU]
# name 11 = prdM: Pressure, Strain Gauge [db]
# name 12 = prdE: Pressure, Strain Gauge [psi]
# name 13 = tv290C: Temperature [ITS-90, deg C]
# name 14 = density00: Density [density, kg/m^3]
# name 15 = flag:  0.000e+00
# span 0 =     -0.634,      9.672       
# span 1 =     -4.470,      9.177       
# span 2 =     0.0327,     7.7344       
# span 3 =      0.467,    136.924       
# span 4 =      1.086,    240.646       
# span 5 =   1.087630, 174.311448       
# span 6 =    -1.0077,    32.1489       
# span 7 =      6.873,      7.503       
# span 8 =    44.6731,   339.2324       
# span 9 = 1.2346e-01, 8.5855e+02       
# span 10 =    -0.3690,   351.4767      
# span 11 =     -0.632,      9.486      
# span 12 =     -0.917,     13.758      
# span 13 =    11.1189,    26.5309      
# span 14 =   996.6606,   999.7209      
# span 15 = 0.0000e+00, 0.0000e+00      
# interval = seconds: 0.25
# start_time = Aug 02 2020 22:16:39 [Instrument's time stamp, header]
# bad_flag = -9.990e-29
*END*
[from data line 2622]
      7.603      0.012     0.3837      4.997     47.110  34.053292     0.7067      6.895   145.9771 1.2361e-01     6.1421      7.457     10.814    11.1379   999.6474 0.0000e+00
      7.605      0.010     0.3801      5.014     47.112  34.054965     0.7339      6.895   146.3102 1.2361e-01     6.1342      7.458     10.816    11.1371   999.6475 0.0000e+00
      7.607      0.010     0.3787      5.025     47.122  34.061349     0.7182      6.895   146.2492 1.2366e-01     6.0656      7.460     10.819    11.1371   999.6475 0.0000e+00
      7.609      0.010     0.3828      5.033     47.132  34.067022     0.6606      6.895   145.9267 1.2367e-01     6.0332      7.462     10.822    11.1383   999.6473 0.0000e+00
      7.612      0.011     0.3846      5.042     47.125  34.060106     0.5809      6.895   145.7665 1.2360e-01     6.0516      7.464     10.826    11.1398   999.6472 0.0000e+00
      7.615      0.012     0.3858      5.059     47.101  34.041185     0.5549      6.895   145.8606 1.2357e-01     6.0820      7.468     10.831    11.1405   999.6471 0.0000e+00
      7.619      0.012     0.3864      5.071     47.084  34.028598     0.5473      6.895   146.1191 1.2362e-01     6.0917      7.471     10.836    11.1397   999.6472 0.0000e+00
      7.622      0.012     0.3874      5.081     47.092  34.034829     0.5369      6.895   146.4826 1.2361e-01     6.0657      7.475     10.840    11.1376   999.6475 0.0000e+00
      7.626      0.012     0.3869      5.091     47.117  34.053073     0.5530      6.895   146.7272 1.2359e-01     6.0426      7.478     10.846    11.1355   999.6477 0.0000e+00
      7.628      0.011     0.3896      5.093     47.125  34.058832     0.5708      6.896   146.7544 1.2362e-01     6.0517      7.481     10.850    11.1338   999.6479 0.0000e+00
      7.631      0.011     0.3903      5.098     47.100  34.041007     0.5799      6.896   146.7247 1.2361e-01     6.1075      7.483     10.853    11.1329   999.6480 0.0000e+00
      7.633      0.012     0.3901      5.088     47.082  34.027901     0.5868      6.896   146.7983 1.2359e-01     6.1685      7.485     10.856    11.1336   999.6480 0.0000e+00
      7.636      0.013     0.3927      5.066     47.081  34.027278     0.5780      6.895   146.8707 1.2363e-01     6.1715      7.488     10.860    11.1346   999.6479 0.0000e+00
      7.639      0.014     0.3906      5.054     47.087  34.033471     0.5493      6.894   147.0841 1.2363e-01     6.1439      7.491     10.865    11.1347   999.6479 0.0000e+00
      7.643      0.015     0.3931      5.051     47.093  34.039334     0.5354      6.894   147.4847 1.2361e-01     6.1444      7.495     10.871    11.1341   999.6479 0.0000e+00
      7.647      0.016     0.3917      5.052     47.084  34.034709     0.5525      6.894   147.6716 1.2357e-01     6.1773      7.499     10.878    11.1337   999.6480 0.0000e+00
      7.652      0.016     0.3888      5.043     47.091  34.041006     0.6326      6.895   147.7085 1.2355e-01     6.3698      7.503     10.884    11.1343   999.6480 0.0000e+00
      7.656      0.016     0.3890      5.031     47.105  34.052023     0.7701      6.895   147.7582 1.2353e-01     6.7547      7.509     10.890    11.1358   999.6478 0.0000e+00
      7.660      0.016     0.3878      5.017     47.088  34.041007     0.8501      6.895   147.7572 1.2349e-01     7.0199      7.512     10.895    11.1382   999.6476 0.0000e+00
      7.663      0.016     0.3893      4.998     47.079  34.034719     0.8564      6.895   147.8674 1.2348e-01     7.0701      7.515     10.898    11.1404   999.6474 0.0000e+00
      7.666      0.017     0.3876      4.995     47.088  34.039448     0.7990      6.895   148.0579 1.2350e-01     6.8131      7.518     10.904    11.1415   999.6473 0.0000e+00
      7.671      0.017     0.3867      4.994     47.085  34.034729     0.6903      6.895   148.1688 1.2358e-01     6.3161      7.523     10.911    11.1423   999.6473 0.0000e+00
      7.677      0.016     0.3868      4.977     47.098  34.041122     0.6393      6.895   148.2613 1.2370e-01     6.1067      7.528     10.919    11.1437   999.6471 0.0000e+00
      7.682      0.015     0.3830      4.972     47.118  34.053283     0.6492      6.896   148.4032 1.2371e-01     6.1700      7.534     10.927    11.1444   999.6471 0.0000e+00
      7.686      0.015     0.3840      4.968     47.122  34.054852     0.6189      6.896   148.5931 1.2363e-01     6.1538      7.538     10.933    11.1422   999.6473 0.0000e+00
      7.688      0.015     0.3855      4.950     47.131  34.060091     0.5492      6.896   148.6645 1.2361e-01     6.0490      7.539     10.935    11.1387   999.6476 0.0000e+00
      7.691      0.016     0.3817      4.935     47.123  34.053178     0.5122      6.895   148.5785 1.2366e-01     6.0017      7.541     10.938    11.1355   999.6481 0.0000e+00
      7.694      0.017     0.3822      4.905     47.098  34.034720     0.5149      6.895   148.6706 1.2366e-01     6.0618      7.545     10.943    11.1331   999.6483 0.0000e+00
      7.699      0.018     0.3832      4.861     47.089  34.027279     0.5924      6.895   149.0036 1.2360e-01     6.2263      7.549     10.949    11.1320   999.6484 0.0000e+00
      7.706      0.018     0.3798      4.845     47.089  34.026654     0.7240      6.895   149.3351 1.2360e-01     6.4460      7.556     10.959    11.1311   999.6486 0.0000e+00
      7.712      0.017     0.3803      4.853     47.090  34.027164     0.7898      6.896   149.4956 1.2360e-01     6.5553      7.565     10.971    11.1300   999.6487 0.0000e+00
      7.716      0.016     0.3784      4.851     47.099  34.033452     0.7874      6.896   149.3098 1.2360e-01     6.5521      7.568     10.977    11.1290   999.6488 0.0000e+00
      7.719      0.014     0.3725      4.852     47.107  34.039220     0.7143      6.896   149.0679 1.2363e-01     6.5108      7.569     10.978    11.1280   999.6489 0.0000e+00
      7.722      0.012     0.3717      4.875     47.098  34.033452     0.5829      6.896   149.1524 1.2364e-01     6.4329      7.572     10.983    11.1273   999.6490 0.0000e+00
      7.724      0.010     0.3743      4.896     47.088  34.027164     0.5047      6.896   149.4704 1.2360e-01     6.3655      7.574     10.985    11.1268   999.6491 0.0000e+00
      7.726      0.010     0.3733      4.910     47.087  34.026653     0.4935      6.895   149.9009 1.2361e-01     6.3488      7.576     10.988    11.1267   999.6491 0.0000e+00
      7.729      0.011     0.3718      4.921     47.088  34.027278     0.5047      6.895   150.1427 1.2369e-01     6.3679      7.579     10.994    11.1272   999.6491 0.0000e+00
      7.731      0.011     0.3755      4.919     47.099  34.034710     0.5827      6.895   149.8125 1.2368e-01     6.3903      7.582     10.997    11.1279   999.6490 0.0000e+00
      7.734      0.011     0.3770      4.926     47.124  34.053065     0.7227      6.895   149.1778 1.2363e-01     6.3796      7.584     11.000    11.1285   999.6489 0.0000e+00
      7.737      0.012     0.3774      4.941     47.132  34.058838     0.8037      6.895   149.0936 1.2364e-01     6.3420      7.588     11.006    11.1290   999.6489 0.0000e+00
      7.741      0.013     0.3794      4.918     47.107  34.041061     0.8183      6.895   149.5694 1.2365e-01     6.3475      7.592     11.012    11.1290   999.6489 0.0000e+00
      7.744      0.014     0.3780      4.885     47.090  34.028483     0.9760      6.895   149.9397 1.2364e-01     6.4465      7.594     11.014    11.1283   999.6490 0.0000e+00
      7.747      0.016     0.3776      4.901     47.098  34.033671     1.2895      6.896   149.8713 1.2365e-01     6.5768      7.597     11.018    11.1282   999.6490 0.0000e+00
      7.752      0.017     0.3823      4.932     47.108  34.040329     1.4614      6.896   149.4309 1.2367e-01     6.6185      7.602     11.025    11.1284   999.6491 0.0000e+00
      7.757      0.017     0.3791      4.937     47.115  34.045524     1.4526      6.896   149.0888 1.2367e-01     6.6075      7.607     11.032    11.1288   999.6490 0.0000e+00
      7.762      0.016     0.3728      4.930     47.098  34.033032     1.3259      6.895   149.0038 1.2367e-01     6.8215      7.611     11.039    11.1289   999.6490 0.0000e+00
      7.766      0.015     0.3771      4.926     47.075  34.016203     1.1212      6.894   149.2640 1.2365e-01     7.2829      7.617     11.048    11.1284   999.6491 0.0000e+00
      7.770      0.014     0.3806      4.931     47.097  34.032408     1.0099      6.894   149.8258 1.2363e-01     7.5519      7.620     11.052    11.1279   999.6492 0.0000e+00
      7.772      0.013     0.3799      4.930     47.105  34.038599     0.9819      6.894   150.0317 1.2364e-01     7.5665      7.621     11.054    11.1274   999.6492 0.0000e+00
      7.774      0.013     0.3792      4.897     47.090  34.027611     0.9254      6.894   149.6882 1.2364e-01     7.8378      7.623     11.057    11.1272   999.6493 0.0000e+00
      7.777      0.014     0.3787      4.852     47.089  34.026458     0.8501      6.895   149.2867 1.2359e-01     8.3946      7.627     11.062    11.1274   999.6492 0.0000e+00
      7.781      0.015     0.3790      4.827     47.087  34.024656     0.8153      6.895   149.1347 1.2355e-01     8.7027      7.631     11.067    11.1277   999.6493 0.0000e+00
      7.786      0.016     0.3808      4.810     47.061  34.005821     0.8099      6.894   149.3136 1.2356e-01     8.6787      7.635     11.073    11.1279   999.6493 0.0000e+00
      7.791      0.016     0.3771      4.795     47.038  33.989086     0.8524      6.894   149.6424 1.2359e-01     8.1727      7.640     11.081    11.1278   999.6493 0.0000e+00
      7.795      0.015     0.3721      4.809     47.070  34.012686     0.9576      6.894   149.9273 1.2359e-01     7.2206      7.644     11.087    11.1272   999.6494 0.0000e+00
      7.799      0.014     0.3713      4.855     47.103  34.037343     1.0418      6.895   150.0911 1.2355e-01     6.6763      7.649     11.093    11.1266   999.6494 0.0000e+00
      7.801      0.013     0.3707      4.902     47.095  34.033405     1.0696      6.896   150.0741 1.2358e-01     6.6389      7.651     11.097    11.1264   999.6495 0.0000e+00
      7.804      0.013     0.3676      4.924     47.086  34.028520     1.0552      6.895   150.0657 1.2360e-01     6.5966      7.652     11.099    11.1264   999.6495 0.0000e+00
      7.807      0.013     0.3688      4.917     47.104  34.041745     0.9812      6.895   150.0757 1.2363e-01     6.4393      7.656     11.104    11.1268   999.6495 0.0000e+00
      7.810      0.012     0.3737      4.905     47.138  34.066390     0.8720      6.896   150.1092 1.2368e-01     6.2476      7.659     11.109    11.1279   999.6494 0.0000e+00
      7.815      0.012     0.3774      4.892     47.147  34.072688     0.8126      6.896   150.5569 1.2368e-01     6.1678      7.664     11.116    11.1297   999.6492 0.0000e+00
      7.819      0.011     0.3805      4.890     47.121  34.054448     0.7973      6.896   151.1864 1.2365e-01     6.1604      7.668     11.121    11.1316   999.6490 0.0000e+00
      7.821      0.010     0.3773      4.886     47.095  34.036207     0.7244      6.896   151.2674 1.2362e-01     6.1244      7.670     11.124    11.1321   999.6490 0.0000e+00
      7.822      0.008     0.3780      4.852     47.103  34.042500     0.5985      6.896   150.9346 1.2357e-01     6.1104      7.671     11.126    11.1315   999.6491 0.0000e+00
      7.824      0.007     0.3757      4.828     47.138  34.067082     0.5430      6.895   150.6900 1.2356e-01     6.1283      7.672     11.128    11.1312   999.6491 0.0000e+00
      7.826      0.007     0.3755      4.836     47.156  34.079605     0.5403      6.895   150.7181 1.2358e-01     6.1345      7.674     11.131    11.1318   999.6491 0.0000e+00
      7.827      0.007     0.3781      4.845     47.139  34.067015     0.5192      6.896   151.2755 1.2362e-01     6.1165      7.676     11.132    11.1333   999.6489 0.0000e+00
      7.829      0.008     0.3721      4.840     47.104  34.041757     0.5067      6.896   151.9229 1.2364e-01     6.0825      7.677     11.135    11.1337   999.6489 0.0000e+00
      7.831      0.010     0.3702      4.830     47.086  34.028028     0.5127      6.895   151.8352 1.2359e-01     6.0674      7.679     11.138    11.1329   999.6490 0.0000e+00
      7.833      0.012     0.3723      4.815     47.087  34.027919     0.5250      6.894   151.4197 1.2354e-01     6.1048      7.681     11.140    11.1321   999.6491 0.0000e+00
      7.836      0.013     0.3733      4.788     47.106  34.040442     0.5410      6.894   151.2007 1.2355e-01     6.1230      7.684     11.145    11.1318   999.6491 0.0000e+00
      7.841      0.014     0.3721      4.754     47.124  34.052542     0.5627      6.894   151.1648 1.2362e-01     6.0817      7.689     11.152    11.1319   999.6491 0.0000e+00
      7.846      0.014     0.3717      4.731     47.118  34.047306     0.5779      6.894   151.6751 1.2364e-01     6.0518      7.695     11.160    11.1318   999.6491 0.0000e+00
      7.850      0.013     0.3708      4.726     47.110  34.040593     0.5918      6.894   152.4665 1.2359e-01     6.0695      7.699     11.166    11.1307   999.6493 0.0000e+00
      7.852      0.012     0.3686      4.723     47.102  34.034824     0.6833      6.895   152.6455 1.2362e-01     6.1586      7.700     11.168    11.1289   999.6495 0.0000e+00
      7.855      0.010     0.3654      4.743     47.111  34.041013     0.8349      6.895   152.4627 1.2369e-01     6.2367      7.702     11.171    11.1277   999.6496 0.0000e+00
      7.857      0.010     0.3629      4.782     47.126  34.051969     0.9174      6.896   152.3215 1.2372e-01     6.2583      7.705     11.175    11.1272   999.6497 0.0000e+00
      7.859      0.010     0.3643      4.782     47.110  34.040379     0.9278      6.896   152.4861 1.2371e-01     6.2830      7.707     11.178    11.1263   999.6498 0.0000e+00
      7.861      0.011     0.3626      4.766     47.092  34.027788     0.9130      6.895   152.9901 1.2366e-01     6.2595      7.709     11.180    11.1258   999.6498 0.0000e+00
      7.864      0.011     0.3630      4.765     47.089  34.026644     0.9105      6.895   153.0813 1.2363e-01     6.2150      7.712     11.185    11.1261   999.6498 0.0000e+00
      7.868      0.012     0.3705      4.763     47.089  34.026545     0.9261      6.895   152.9005 1.2365e-01     6.2255      7.716     11.191    11.1264   999.6498 0.0000e+00
      7.871      0.012     0.3682      4.760     47.090  34.026587     0.9210      6.895   152.7833 1.2362e-01     6.2839      7.719     11.195    11.1265   999.6498 0.0000e+00
      7.874      0.012     0.3653      4.745     47.091  34.027158     0.9050      6.895   152.6975 1.2362e-01     6.3374      7.722     11.199    11.1268   999.6498 0.0000e+00
      7.878      0.011     0.3674      4.725     47.099  34.033452     0.8100      6.895   152.8089 1.2366e-01     6.3239      7.725     11.205    11.1274   999.6497 0.0000e+00
      7.880      0.010     0.3659      4.736     47.107  34.039231     0.6295      6.895   153.0117 1.2364e-01     6.2915      7.728     11.209    11.1274   999.6497 0.0000e+00
      7.882      0.009     0.3665      4.770     47.098  34.033567     0.5254      6.895   153.0850 1.2361e-01     6.2888      7.730     11.211    11.1270   999.6498 0.0000e+00
      7.883      0.009     0.3660      4.785     47.091  34.028422     0.5145      6.895   153.0066 1.2360e-01     6.3256      7.731     11.213    11.1269   999.6498 0.0000e+00
      7.885      0.009     0.3619      4.780     47.108  34.040488     0.5350      6.895   152.9241 1.2358e-01     6.4274      7.733     11.217    11.1270   999.6498 0.0000e+00
      7.888      0.009     0.3633      4.750     47.126  34.052545     0.5642      6.896   152.9477 1.2363e-01     6.4551      7.735     11.219    11.1274   999.6498 0.0000e+00
