Data/DataNotYetUploadedToEDI/Raw_CTD/RawDownloads/080320_fcr50.cnv
* Sea-Bird SBE19plus  Data File:
* FileName = C:\DATA\080320_fcr50_0003.hex
* Software version 2.8.0.119
* Temperature SN = 7809
* Conductivity SN = 7809
* System UpLoad Time = Aug 03 2020 12:05:22
* <ApplicationData>
* <Seaterm232>
# nquan = 16
# nvalues = 6683                        
# units = specified
# name 0 = depFM: Depth [fresh water, m]
# name 1 = dz/dtM: Descent Rate [m/s]
# name 2 = sbeox0ML/L: Oxygen, SBE 43 [ml/l]
# name 3 = sbeox0PS: Oxygen, SBE 43 [% saturation]
# name 4 = specc: Specific Conductance [uS/cm]
# name 5 = c0uS/cm: Conductivity [uS/cm]
# name 6 = flECO-AFL: Fluorescence, WET Labs ECO-AFL/FL [mg/m^3]
# name 7 = ph: pH
# name 8 = orp: Oxidation Reduction Potential [mV]
# name 9 = par/sat/log: PAR/Logarithmic, Satlantic
# name 10 = turbWETntu0: Turbidity, WET Labs ECO [NTU]
# name 11 = prdM: Pressure, Strain Gauge [db]
# name 12 = prdE: Pressure, Strain Gauge [psi]
# name 13 = tv290C: Temperature [ITS-90, deg C]
# name 14 = density00: Density [density, kg/m^3]
# name 15 = flag:  0.000e+00
# span 0 =     -0.634,      9.672       
# span 1 =     -4.470,      9.177       
# span 2 =     0.0327,     7.7344       
# span 3 =      0.467,    136.924       
# span 4 =      1.086,    240.646       
# span 5 =   1.087630, 174.311448       
# span 6 =    -1.0077,    32.1489       
# span 7 =      6.873,      7.503       
# span 8 =    44.6731,   339.2324       
# span 9 = 1.2346e-01, 8.5855e+02       
# span 10 =    -0.3690,   351.4767      
# span 11 =     -0.632,      9.486      
# span 12 =     -0.917,     13.758      
# span 13 =    11.1189,    26.5309      
# span 14 =   996.6606,   999.7209      
# span 15 = 0.0000e+00, 0.0000e+00      
# interval = seconds: 0.25
# start_time = Aug 02 2020 22:16:39 [Instrument's time stamp, header]
# bad_flag = -9.990e-29
*END*
[from data line 6147]
      9.285 -1.896e-09     0.3703      4.764     46.876  33.875036     0.9912      6.890   214.4174 1.2374e-01     6.3525      9.105     13.206    11.1307   999.6559 0.0000e+00
      9.284 -1.723e-10     0.3709      4.732     46.920  33.906448     0.9934      6.890   214.1971 1.2372e-01     6.3070      9.105     13.206    11.1304   999.6559 0.0000e+00
      9.284 -1.567e-11     0.3677      4.711     46.945  33.924893     1.0895      6.889   213.5757 1.2369e-01     6.3984      9.105     13.206    11.1302   999.6559 0.0000e+00
      9.284 -1.424e-12     0.3675      4.694     46.921  33.907693     1.2756      6.889   213.4437 1.2370e-01     6.6671      9.105     13.206    11.1301   999.6559 0.0000e+00
      9.284 -1.295e-13     0.3679      4.679     46.895  33.888838     1.3841      6.890   213.7193 1.2376e-01     6.8786      9.105     13.206    11.1299   999.6560 0.0000e+00
      9.284 -1.177e-14     0.3628      4.689     46.893  33.887278     1.3906      6.891   213.9823 1.2383e-01     6.8956      9.105     13.205    11.1298   999.6560 0.0000e+00
      9.284 -1.070e-15     0.3623      4.702     46.896  33.888839     1.3543      6.891   214.2147 1.2378e-01     6.7010      9.105     13.206    11.1296   999.6560 0.0000e+00
      9.284 -1.010e-16     0.3620      4.723     46.923  33.907714     1.2986      6.891   213.8621 1.2370e-01     6.4483      9.105     13.205    11.1294   999.6560 0.0000e+00
      9.284 -4.909e-17     0.3579      4.754     46.947  33.925122     1.2702      6.889   213.0751 1.2369e-01     6.3460      9.105     13.206    11.1292   999.6560 0.0000e+00
      9.284 -4.435e-16     0.3615      4.763     46.925  33.908961     1.2775      6.889   212.7871 1.2371e-01     6.3575      9.106     13.207    11.1292   999.6560 0.0000e+00
      9.284 -4.870e-15     0.3614      4.768     46.916  33.902673     1.3685      6.890   213.0476 1.2372e-01     6.4145      9.105     13.206    11.1291   999.6561 0.0000e+00
      9.284 -5.356e-14     0.3620      4.777     46.930  33.912546     1.5405      6.890   213.4702 1.2373e-01     6.4867      9.106     13.207    11.1288   999.6561 0.0000e+00
      9.284 -5.892e-13     0.3677      4.769     46.915  33.901435     1.6402      6.890   213.7672 1.2376e-01     6.5434      9.105     13.206    11.1286   999.6561 0.0000e+00
      9.284 -6.481e-12     0.3656      4.744     46.906  33.895232     1.6481      6.890   213.5408 1.2379e-01     6.5853      9.105     13.205    11.1285   999.6561 0.0000e+00
      9.284 -7.129e-11     0.3667      4.731     46.914  33.900999     1.5981      6.890   212.9702 1.2380e-01     6.5808      9.105     13.206    11.1283   999.6561 0.0000e+00
      9.284 -7.842e-10     0.3679      4.733     46.924  33.907713     1.5026      6.890   212.7193 1.2378e-01     6.5235      9.105     13.206    11.1283   999.6562 0.0000e+00
      9.284 -8.627e-09     0.3676      4.733     46.931  33.912962     1.4575      6.890   212.7435 1.2377e-01     6.5115      9.105     13.206    11.1282   999.6561 0.0000e+00
      9.284 -9.489e-08     0.3645      4.742     46.915  33.901008     1.4540      6.890   212.9180 1.2380e-01     6.5733      9.105     13.205    11.1281   999.6562 0.0000e+00
      9.284     -0.000     0.3630      4.758     46.900  33.890088     1.3165      6.890   213.2815 1.2379e-01     6.5833      9.105     13.206    11.1281   999.6562 0.0000e+00
      9.285     -0.000     0.3650      4.778     46.924  33.907827     1.0639      6.890   213.3529 1.2376e-01     6.5299      9.105     13.206    11.1279   999.6562 0.0000e+00
      9.285     -0.000     0.3629      4.797     46.948  33.925132     0.9264      6.889   213.0065 1.2375e-01     6.5104      9.105     13.206    11.1278   999.6562 0.0000e+00
      9.285     -0.001     0.3649      4.792     46.926  33.908963     0.9039      6.889   212.7927 1.2373e-01     6.5544      9.106     13.207    11.1276   999.6562 0.0000e+00
      9.285     -0.005     0.3658      4.778     46.917  33.902686     0.9159      6.889   212.7471 1.2374e-01     6.5806      9.105     13.206    11.1275   999.6562 0.0000e+00
      9.284     -0.013     0.3672      4.782     46.931  33.912686     1.0914      6.889   212.6267 1.2375e-01     6.4841      9.105     13.206    11.1277   999.6562 0.0000e+00
      9.283     -0.024     0.3700      4.794     46.917  33.902970     1.4035      6.890   212.6286 1.2374e-01     6.3832      9.105     13.206    11.1276   999.6562 0.0000e+00
      9.279     -0.036     0.3690      4.790     46.928  33.912121     1.5712      6.890   212.9419 1.2375e-01     6.3563      9.103     13.203    11.1275   999.6562 0.0000e+00
      9.268     -0.048     0.3665      4.766     46.992  33.959874     1.5736      6.890   213.4024 1.2372e-01     6.3300      9.093     13.188    11.1274   999.6562 0.0000e+00
      9.248     -0.061     0.3677      4.748     47.007  33.972723     1.4614      6.890   213.5504 1.2364e-01     6.3060      9.070     13.155    11.1272   999.6561 0.0000e+00
      9.227     -0.075     0.3693      4.768     46.959  33.940568     1.2549      6.891   213.3546 1.2369e-01     6.3061      9.047     13.122    11.1279   999.6559 0.0000e+00
      9.210     -0.089     0.3692      4.794     46.970  33.951816     1.1363      6.892   213.0999 1.2377e-01     6.3314      9.032     13.100    11.1290   999.6557 0.0000e+00
      9.191     -0.101     0.3666      4.784     47.005  33.981822     1.1242      6.893   213.1394 1.2377e-01     6.3370      9.017     13.078    11.1302   999.6556 0.0000e+00
      9.165     -0.111     0.3634      4.773     47.005  33.986110     1.0699      6.893   213.7455 1.2373e-01     6.4427      8.990     13.039    11.1325   999.6552 0.0000e+00
      9.131     -0.119     0.3664      4.784     47.022  34.003662     0.9467      6.893   214.4059 1.2372e-01     6.6478      8.955     12.988    11.1358   999.6546 0.0000e+00
      9.095     -0.121     0.3706      4.798     47.015  34.003682     0.8645      6.893   214.5841 1.2375e-01     6.7577      8.920     12.937    11.1393   999.6541 0.0000e+00
      9.059     -0.115     0.3679      4.815     46.986  33.986367     0.8390      6.893   214.4386 1.2379e-01     6.8098      8.884     12.885    11.1437   999.6535 0.0000e+00
      9.024     -0.103     0.3654      4.822     46.980  33.984677     0.8680      6.893   214.1950 1.2382e-01     6.7969      8.847     12.830    11.1488   999.6528 0.0000e+00
      8.997     -0.089     0.3687      4.827     46.976  33.983246     0.9485      6.893   214.4777 1.2382e-01     6.7049      8.817     12.790    11.1547   999.6521 0.0000e+00
      8.982     -0.075     0.3679      4.848     46.956  33.969063     0.9919      6.892   215.3616 1.2379e-01     6.6244      8.806     12.773    11.1604   999.6514 0.0000e+00
      8.972     -0.062     0.3710      4.872     46.916  33.940101     0.9919      6.891   215.8478 1.2377e-01     6.5451      8.801     12.765    11.1647   999.6509 0.0000e+00
      8.960     -0.052     0.3710      4.897     46.930  33.950340     0.9968      6.891   215.8833 1.2376e-01     6.5348      8.788     12.746    11.1675   999.6506 0.0000e+00
      8.945     -0.045     0.3696      4.928     46.952  33.965960     1.0033      6.891   215.7900 1.2374e-01     6.6029      8.771     12.721    11.1688   999.6504 0.0000e+00
      8.932     -0.042     0.3732      4.960     46.915  33.938585     0.9940      6.891   215.5804 1.2380e-01     6.5791      8.757     12.701    11.1686   999.6504 0.0000e+00
      8.922     -0.041     0.3738      4.968     46.915  33.936628     0.9794      6.892   215.7589 1.2388e-01     6.4875      8.749     12.689    11.1679   999.6503 0.0000e+00
      8.915     -0.041     0.3767      4.962     46.925  33.942300     0.9696      6.892   216.3124 1.2387e-01     6.4912      8.742     12.680    11.1682   999.6503 0.0000e+00
      8.907     -0.043     0.3781      4.964     46.930  33.943710     0.8946      6.892   216.5951 1.2383e-01     6.5893      8.735     12.669    11.1686   999.6503 0.0000e+00
      8.898     -0.046     0.3824      4.958     46.946  33.953675     0.7505      6.891   216.5961 1.2379e-01     6.6438      8.727     12.658    11.1675   999.6503 0.0000e+00
      8.885     -0.050     0.3825      4.937     46.923  33.935866     0.6671      6.891   216.5820 1.2374e-01     6.5999      8.715     12.641    11.1659   999.6504 0.0000e+00
      8.869     -0.054     0.3801      4.886     46.901  33.918749     0.6496      6.892   216.4235 1.2371e-01     6.5748      8.697     12.614    11.1641   999.6505 0.0000e+00
      8.851     -0.059     0.3825      4.824     46.928  33.937075     0.6715      6.892   216.3157 1.2371e-01     6.6490      8.677     12.586    11.1613   999.6507 0.0000e+00
      8.837     -0.065     0.3809      4.810     46.971  33.967084     0.7413      6.892   216.5690 1.2373e-01     6.7755      8.665     12.568    11.1592   999.6509 0.0000e+00
      8.825     -0.070     0.3807      4.823     46.966  33.964318     0.7881      6.892   216.9049 1.2379e-01     6.8683      8.657     12.555    11.1584   999.6509 0.0000e+00
      8.809     -0.074     0.3767      4.809     46.970  33.967088     0.7899      6.892   217.1069 1.2381e-01     6.8791      8.642     12.535    11.1576   999.6509 0.0000e+00
      8.787     -0.077     0.3683      4.787     47.017  34.000569     0.8100      6.892   217.1193 1.2377e-01     6.8031      8.618     12.499    11.1561   999.6509 0.0000e+00
      8.761     -0.077     0.3687      4.785     46.999  33.988408     0.8691      6.892   216.9683 1.2377e-01     6.7043      8.591     12.460    11.1552   999.6510 0.0000e+00
      8.736     -0.075     0.3726      4.797     46.941  33.946966     0.9136      6.892   216.6583 1.2382e-01     6.6461      8.566     12.425    11.1555   999.6509 0.0000e+00
      8.716     -0.073     0.3698      4.818     46.936  33.943675     0.9185      6.891   216.3818 1.2384e-01     6.5799      8.545     12.394    11.1550   999.6507 0.0000e+00
      8.703     -0.071     0.3670      4.821     46.943  33.948621     0.8715      6.891   216.4646 1.2377e-01     6.5209      8.532     12.375    11.1547   999.6507 0.0000e+00
      8.694     -0.070     0.3680      4.796     46.935  33.943306     0.8024      6.891   216.6268 1.2371e-01     6.5174      8.528     12.369    11.1555   999.6506 0.0000e+00
      8.679     -0.070     0.3681      4.801     46.935  33.942875     0.7789      6.892   216.7942 1.2364e-01     6.5366      8.517     12.352    11.1562   999.6504 0.0000e+00
      8.655     -0.069     0.3705      4.839     46.935  33.943403     0.7794      6.891   217.0264 1.2361e-01     6.5479      8.489     12.312    11.1565   999.6503 0.0000e+00
      8.629     -0.069     0.3728      4.858     46.944  33.949691     0.8169      6.891   216.6806 1.2367e-01     6.6541      8.458     12.268    11.1566   999.6502 0.0000e+00
      8.609     -0.069     0.3669      4.865     46.952  33.955450     0.9084      6.891   215.8836 1.2375e-01     6.8596      8.440     12.241    11.1567   999.6500 0.0000e+00
      8.597     -0.067     0.3673      4.860     46.945  33.949578     0.9700      6.891   215.6491 1.2376e-01     7.0064      8.430     12.227    11.1569   999.6500 0.0000e+00
      8.587     -0.063     0.3740      4.845     46.935  33.942144     0.9887      6.892   216.0826 1.2372e-01     7.1248      8.422     12.216    11.1571   999.6499 0.0000e+00
      8.573     -0.061     0.3730      4.842     46.917  33.929028     0.9918      6.892   216.6503 1.2372e-01     7.1576      8.411     12.198    11.1573   999.6499 0.0000e+00
      8.553     -0.063     0.3745      4.833     46.901  33.917908     0.9608      6.893   216.9218 1.2370e-01     6.9571      8.388     12.166    11.1568   999.6498 0.0000e+00
      8.533     -0.067     0.3742      4.816     46.924  33.934588     0.9180      6.893   216.3538 1.2368e-01     6.6912      8.365     12.133    11.1563   999.6497 0.0000e+00
      8.518     -0.071     0.3713      4.806     46.933  33.940356     0.9132      6.893   215.2032 1.2366e-01     6.5867      8.353     12.115    11.1562   999.6497 0.0000e+00
      8.503     -0.072     0.3728      4.805     46.911  33.924195     0.9219      6.892   214.7103 1.2369e-01     6.5857      8.342     12.098    11.1561   999.6496 0.0000e+00
      8.484     -0.070     0.3719      4.804     46.919  33.929547     0.9091      6.891   215.1266 1.2375e-01     6.5763      8.321     12.069    11.1561   999.6495 0.0000e+00
      8.461     -0.069     0.3697      4.801     46.936  33.941613     0.9019      6.891   215.6770 1.2372e-01     6.5426      8.297     12.033    11.1557   999.6495 0.0000e+00
      8.441     -0.070     0.3693      4.797     46.939  33.943174     0.9112      6.891   215.8590 1.2365e-01     6.5214      8.275     12.003    11.1556   999.6494 0.0000e+00
      8.426     -0.070     0.3695      4.808     46.947  33.948423     0.9258      6.891   215.6911 1.2362e-01     6.5601      8.261     11.982    11.1557   999.6493 0.0000e+00
      8.413     -0.069     0.3694      4.832     46.938  33.941614     0.9733      6.891   215.2818 1.2365e-01     6.6327      8.253     11.968    11.1554   999.6493 0.0000e+00
      8.397     -0.069     0.3693      4.833     46.915  33.924309     1.0478      6.890   214.8691 1.2370e-01     6.7129      8.237     11.948    11.1545   999.6493 0.0000e+00
      8.375     -0.070     0.3685      4.834     46.924  33.929558     1.0915      6.890   214.7447 1.2374e-01     6.8084      8.213     11.913    11.1535   999.6493 0.0000e+00
      8.354     -0.073     0.3685      4.854     46.941  33.941615     1.1106      6.890   214.8958 1.2376e-01     6.8946      8.191     11.880    11.1531   999.6492 0.0000e+00
      8.337     -0.076     0.3730      4.844     46.944  33.943175     1.1841      6.890   215.3194 1.2376e-01     7.1033      8.176     11.858    11.1529   999.6492 0.0000e+00
      8.321     -0.076     0.3718      4.811     46.951  33.948422     1.3124      6.890   215.6502 1.2373e-01     7.4783      8.162     11.838    11.1523   999.6492 0.0000e+00
      8.302     -0.073     0.3698      4.799     46.942  33.941604     1.3836      6.891   215.4545 1.2372e-01     7.7202      8.143     11.810    11.1513   999.6492 0.0000e+00
      8.280     -0.069     0.3751      4.804     46.919  33.924199     1.3770      6.892   215.1042 1.2370e-01     7.7623      8.119     11.775    11.1506   999.6492 0.0000e+00
      8.258     -0.065     0.3732      4.808     46.926  33.928342     1.2618      6.892   214.9427 1.2369e-01     7.5410      8.097     11.743    11.1501   999.6491 0.0000e+00
      8.243     -0.060     0.3688      4.821     46.928  33.928238     1.0484      6.892   214.8780 1.2371e-01     7.0698      8.082     11.722    11.1503   999.6490 0.0000e+00
      8.232     -0.054     0.3684      4.823     46.922  33.922940     0.9244      6.892   215.1820 1.2374e-01     6.7684      8.073     11.708    11.1502   999.6490 0.0000e+00
      8.221     -0.047     0.3700      4.816     46.929  33.927739     0.9069      6.891   215.6927 1.2382e-01     6.7129      8.062     11.693    11.1493   999.6490 0.0000e+00
      8.209     -0.042     0.3689      4.852     46.923  33.922812     0.8948      6.891   215.8906 1.2390e-01     6.6729      8.050     11.676    11.1479   999.6491 0.0000e+00
      8.197     -0.042     0.3709      4.881     46.929  33.926813     0.8820      6.891   215.9399 1.2388e-01     6.5940      8.038     11.657    11.1460   999.6493 0.0000e+00
      8.188     -0.045     0.3726      4.854     46.910  33.912667     0.8666      6.891   215.7731 1.2380e-01     6.5135      8.029     11.644    11.1451   999.6493 0.0000e+00
      8.182     -0.047     0.3672      4.819     46.864  33.878681     0.8510      6.891   215.4229 1.2372e-01     6.4900      8.026     11.641    11.1451   999.6493 0.0000e+00
      8.170     -0.047     0.3737      4.801     46.889  33.896611     0.8463      6.891   215.7493 1.2368e-01     6.5152      8.016     11.626    11.1446   999.6493 0.0000e+00
