Data/DataNotYetUploadedToEDI/Raw_CTD/RawDownloads/080519_fcr10.cnv
* Sea-Bird SBE19plus  Data File:
* FileName = C:\DATA\080519_fcr50_0001.hex
* Software version 2.8.0.119 SB_Terminal.dll
* Temperature SN = 7809
* Conductivity SN = 7809
* System UpLoad Time = Aug 05 2019 17:58:35
* <ApplicationData>
* <Seaterm232>
# nquan = 16
# nvalues = 291                         
# units = specified
# name 0 = depFM: Depth [fresh water, m]
# name 1 = dz/dtM: Descent Rate [m/s]
# name 2 = sbeox0Mg/L: Oxygen, SBE 43 [mg/l]
# name 3 = sbeox0PS: Oxygen, SBE 43 [% saturation]
# name 4 = specc: Specific Conductance [uS/cm]
# name 5 = c0uS/cm: Conductivity [uS/cm]
# name 6 = flECO-AFL: Fluorescence, WET Labs ECO-AFL/FL [mg/m^3]
# name 7 = ph: pH
# name 8 = orp: Oxidation Reduction Potential [mV]
# name 9 = par/sat/log: PAR/Logarithmic, Satlantic
# name 10 = turbWETntu0: Turbidity, WET Labs ECO [NTU]
# name 11 = prdM: Pressure, Strain Gauge [db]
# name 12 = prdE: Pressure, Strain Gauge [psi]
# name 13 = tv290C: Temperature [ITS-90, deg C]
# name 14 = density00: Density [density, kg/m^3]
# name 15 = flag:  0.000e+00
# span 0 =     -0.588,      2.324       
# span 1 =     -0.014,      0.160       
# span 2 =    -0.5810,     9.5704       
# span 3 =     -6.793,    118.227       
# span 4 =      2.608,     64.134       
# span 5 =   2.724026,  61.772878       
# span 6 =    -0.1342,     8.9444       
# span 7 =      6.663,      9.052       
# span 8 = -1240.7455,   467.4806       
# span 9 = 1.4624e+01, 6.4858e+02       
# span 10 =    -0.5921,     8.9044      
# span 11 =     -0.577,      2.279      
# span 12 =     -0.837,      3.306      
# span 13 =    23.1455,    27.2278      
# span 14 =   996.4590,   997.5424      
# span 15 = 0.0000e+00, 0.0000e+00      
# interval = seconds: 0.25
# start_time = Aug 05 2019 11:12:49 [Instrument's time stamp, header]
# bad_flag = -9.990e-29
*END*
[from data line 272]
      2.322      0.001     0.7655      8.998     48.341  46.821938     7.4957      7.602   254.3689 1.4797e+01     4.8705      2.277      3.302    23.2446   997.5142 0.0000e+00
      2.322      0.001     0.8665     10.193     49.030  47.528053     7.5287      7.598   254.4583 1.4782e+01     4.9175      2.277      3.303    23.3036   997.5007 0.0000e+00
      2.322      0.001     0.9744     11.463     49.885  48.371735     7.5344      7.594   254.6636 1.4760e+01     4.9475      2.277      3.303    23.3359   997.4927 0.0000e+00
      2.322      0.001     1.0904     12.828     50.886  49.338347     7.6254      7.589   254.9583 1.4756e+01     4.9389      2.277      3.303    23.3699   997.4836 0.0000e+00
      2.322      0.000     1.2049     14.173     51.318  49.752071     7.8057      7.584   255.2683 1.4755e+01     4.9117      2.277      3.302    23.4261   997.4701 0.0000e+00
      2.323 1.8936e-08     1.3033     15.333     50.461  48.928190     7.9193      7.580   255.5722 1.4724e+01     4.8803      2.278      3.303    23.4732   997.4592 0.0000e+00
      2.323 2.0829e-07     1.3850     16.298     48.914  47.442791     7.9497      7.577   255.8801 1.4677e+01     4.8873      2.278      3.304    23.4859   997.4563 0.0000e+00
      2.323 2.4216e-07     1.4576     17.158     47.891  46.462781     7.9393      7.573   256.1517 1.4642e+01     4.9312      2.278      3.304    23.4739   997.4596 0.0000e+00
      2.323 4.2844e-07     1.5268     17.975     47.966  46.541441     7.8978      7.569   256.3607 1.4626e+01     4.9525      2.277      3.303    23.4614   997.4629 0.0000e+00
      2.323      0.000     1.5960     18.787     48.504  47.060311     7.8721      7.565   256.5144 1.4624e+01     4.9476      2.278      3.304    23.4727   997.4598 0.0000e+00
      2.323      0.000     1.6674     19.625     48.667  47.211523     7.8631      7.560   256.6335 1.4629e+01     4.9369      2.277      3.303    23.4921   997.4544 0.0000e+00
      2.323      0.001     1.7416     20.497     48.357  46.909120     7.8498      7.556   256.7683 1.4634e+01     4.9211      2.278      3.304    23.5061   997.4505 0.0000e+00
      2.323      0.001     1.8182     21.401     48.208  46.769739     7.7551      7.553   257.0254 1.4650e+01     4.9207      2.278      3.304    23.5137   997.4489 0.0000e+00
      2.324      0.001     1.8889     22.236     48.360  46.923376     7.5756      7.549   257.2467 1.4680e+01     4.9328      2.279      3.305    23.5089   997.4504 0.0000e+00
      2.324      0.001     1.9206     22.611     48.424  46.988604     7.4826      7.547   257.2935 1.4716e+01     4.9365      2.279      3.305    23.4972   997.4533 0.0000e+00
      2.324 -9.990e-29 -9.990e-29 -9.990e-29 -9.990e-29 -9.990e-29 -9.990e-29 -9.990e-29 -9.990e-29 1.4773e+01 -9.990e-29      2.279      3.306    23.4954   997.4534 0.0000e+00
      2.324 -9.990e-29 -9.990e-29 -9.990e-29 -9.990e-29 -9.990e-29 -9.990e-29 -9.990e-29 -9.990e-29 1.4848e+01 -9.990e-29      2.279      3.306    23.5026   997.4516 0.0000e+00
      2.324 -9.990e-29 -9.990e-29 -9.990e-29 -9.990e-29 -9.990e-29 -9.990e-29 -9.990e-29 -9.990e-29 1.4946e+01 -9.990e-29      2.279      3.306    23.5100   997.4500 0.0000e+00
      2.324 -9.990e-29 -9.990e-29 -9.990e-29 -9.990e-29 -9.990e-29 -9.990e-29 -9.990e-29 -9.990e-29 1.5003e+01 -9.990e-29      2.279      3.306    23.5152   997.4487 0.0000e+00
