Data/DataNotYetUploadedToEDI/Raw_CTD/RawDownloads/080520_ccr50.cnv
* Sea-Bird SBE19plus  Data File:
* FileName = C:\DATA\080520_ccr50_0004.hex
* Software version 2.8.0.119
* Temperature SN = 7809
* Conductivity SN = 7809
* System UpLoad Time = Aug 05 2020 16:00:06
* <ApplicationData>
* <Seaterm232>
# nquan = 16
# nvalues = 2105                        
# units = specified
# name 0 = depFM: Depth [fresh water, m]
# name 1 = dz/dtM: Descent Rate [m/s]
# name 2 = sbeox0ML/L: Oxygen, SBE 43 [ml/l]
# name 3 = sbeox0PS: Oxygen, SBE 43 [% saturation]
# name 4 = specc: Specific Conductance [uS/cm]
# name 5 = c0uS/cm: Conductivity [uS/cm]
# name 6 = flECO-AFL: Fluorescence, WET Labs ECO-AFL/FL [mg/m^3]
# name 7 = ph: pH
# name 8 = orp: Oxidation Reduction Potential [mV]
# name 9 = par/sat/log: PAR/Logarithmic, Satlantic
# name 10 = turbWETntu0: Turbidity, WET Labs ECO [NTU]
# name 11 = prdM: Pressure, Strain Gauge [db]
# name 12 = prdE: Pressure, Strain Gauge [psi]
# name 13 = tv290C: Temperature [ITS-90, deg C]
# name 14 = density00: Density [density, kg/m^3]
# name 15 = flag:  0.000e+00
# span 0 =     -0.415,     21.135       
# span 1 =     -0.384,      0.229       
# span 2 =     0.4964,     6.7281       
# span 3 =      6.326,    112.390       
# span 4 =      6.761,    111.591       
# span 5 =   7.152586,  77.312406       
# span 6 =    -1.5407,     3.4246       
# span 7 =     10.734,     12.420       
# span 8 =   261.0365,   330.5501       
# span 9 = 1.2320e-01, 2.9568e+03       
# span 10 =    -8.5368,   962.3206      
# span 11 =     -0.408,     20.727      
# span 12 =     -0.592,     30.062      
# span 13 =     9.6381,    34.1354      
# span 14 =   994.3395,   999.8745      
# span 15 = 0.0000e+00, 0.0000e+00      
# interval = seconds: 0.25
# start_time = Aug 04 2020 22:23:32 [Instrument's time stamp, header]
# bad_flag = -9.990e-29
*END*
[from data line 633]
      1.677      0.063     5.3809     97.912     50.445  53.305607     0.0604     12.125   275.3844 7.3577e+02     0.5443      1.642      2.382    27.8428   996.3103 0.0000e+00
      1.697      0.065     5.3791     97.802     50.465  53.324023     0.0428     12.125   275.3559 7.0152e+02     0.5227      1.662      2.411    27.8404   996.3111 0.0000e+00
      1.719      0.065     5.3792     97.616     50.472  53.329713     0.0513     12.125   275.3599 6.0537e+02     0.5483      1.688      2.448    27.8369   996.3122 0.0000e+00
      1.737      0.064     5.3816     97.414     50.455  53.310879     0.0676     12.124   275.2618 5.8114e+02     0.5792      1.706      2.474    27.8327   996.3135 0.0000e+00
      1.751      0.063     5.3793     97.273     50.433  53.286839     0.0880     12.124   275.2022 5.4648e+02     0.5862      1.717      2.490    27.8286   996.3147 0.0000e+00
      1.764      0.060     5.3745     97.163     50.440  53.293095     0.1165     12.124   275.2416 5.0333e+02     0.5654      1.728      2.508    27.8258   996.3156 0.0000e+00
      1.778      0.058     5.3634     97.094     50.470  53.323006     0.1259     12.124   275.3079 5.0646e+02     0.5334      1.742      2.528    27.8243   996.3160 0.0000e+00
      1.794      0.056     5.3489     97.137     50.479  53.330921     0.1259     12.124   275.3151 5.3676e+02     0.5422      1.759      2.551    27.8234   996.3163 0.0000e+00
      1.809      0.055     5.3440     97.249     50.474  53.325289     0.1356     12.125   275.3287 5.6359e+02     0.5695      1.774      2.573    27.8226   996.3166 0.0000e+00
      1.824      0.054     5.3378     97.336     50.469  53.318418     0.1379     12.125   275.3872 5.3988e+02     0.5884      1.788      2.594    27.8217   996.3169 0.0000e+00
      1.838      0.051     5.3310     97.390     50.463  53.311348     0.1348     12.124   275.4194 5.3284e+02     0.5992      1.802      2.614    27.8203   996.3173 0.0000e+00
      1.850      0.047     5.3352     97.436     50.455  53.303323     0.1264     12.124   275.4594 5.5177e+02     0.5633      1.814      2.632    27.8187   996.3179 0.0000e+00
      1.861      0.044     5.3442     97.451     50.438  53.284895     0.1226     12.123   275.4411 5.3547e+02     0.5660      1.825      2.647    27.8174   996.3183 0.0000e+00
      1.871      0.044     5.3489     97.436     50.433  53.279065     0.1360     12.123   275.3703 5.6263e+02     0.5969      1.835      2.661    27.8167   996.3187 0.0000e+00
      1.880      0.047     5.3504     97.416     50.450  53.296348     0.1457     12.123   275.5497 5.8958e+02     0.5943      1.844      2.674    27.8158   996.3189 0.0000e+00
      1.889      0.053     5.3544     97.343     50.458  53.303324     0.1357     12.123   275.8042 5.5348e+02     0.5686      1.852      2.686    27.8154   996.3190 0.0000e+00
      1.902      0.059     5.3553     97.231     50.456  53.299897     0.1189     12.123   275.6941 5.2713e+02     0.5265      1.863      2.702    27.8152   996.3191 0.0000e+00
      1.919      0.062     5.3526     97.165     50.475  53.318419     0.1149     12.122   275.5087 5.1003e+02     0.4974      1.879      2.726    27.8151   996.3192 0.0000e+00
      1.942      0.063     5.3541     97.170     50.494  53.336739     0.1155     12.122   275.5412 4.9610e+02     0.4904      1.903      2.761    27.8147   996.3194 0.0000e+00
      1.963      0.063     5.3501     97.218     50.490  53.330861     0.1165     12.121   275.5702 5.1755e+02     0.5452      1.929      2.797    27.8129   996.3200 0.0000e+00
      1.978      0.061     5.3411     97.260     50.474  53.310864     0.1175     12.121   275.4299 5.5015e+02     0.5766      1.942      2.816    27.8107   996.3208 0.0000e+00
      1.988      0.058     5.3377     97.263     50.452  53.285479     0.1372     12.121   275.3079 5.1815e+02     0.5276      1.948      2.824    27.8095   996.3211 0.0000e+00
      1.999      0.055     5.3386     97.244     50.446  53.277984     0.1741     12.121   275.3849 5.1043e+02     0.5011      1.960      2.843    27.8084   996.3215 0.0000e+00
      2.014      0.054     5.3427     97.254     50.451  53.283747     0.1908     12.121   275.5004 5.2734e+02     0.5316      1.976      2.865    27.8062   996.3222 0.0000e+00
      2.029      0.055     5.3458     97.311     50.457  53.291653     0.1961     12.121   275.5001 4.7547e+02     0.5866      1.990      2.886    27.8033   996.3231 0.0000e+00
      2.044      0.056     5.3461     97.382     50.473  53.310062     0.1910     12.121   275.3816 4.5370e+02     0.5823      2.005      2.908    27.8009   996.3238 0.0000e+00
      2.059      0.058     5.3436     97.407     50.478  53.315797     0.1760     12.121   275.2722 4.5306e+02     0.5138      2.020      2.929    27.8002   996.3240 0.0000e+00
      2.072      0.060     5.3438     97.356     50.463  53.297482     0.1773     12.121   275.2953 4.3866e+02     0.4798      2.032      2.947    27.8012   996.3238 0.0000e+00
      2.086      0.063     5.3475     97.291     50.448  53.279150     0.1881     12.120   275.4033 4.8167e+02     0.5141      2.045      2.966    27.8023   996.3236 0.0000e+00
      2.102      0.068     5.3524     97.261     50.457  53.284668     0.2107     12.120   275.4586 5.1957e+02     0.5515      2.061      2.990    27.8030   996.3234 0.0000e+00
      2.120      0.072     5.3553     97.256     50.477  53.300683     0.2501     12.119   275.5343 4.8730e+02     0.5540      2.078      3.014    27.8039   996.3233 0.0000e+00
      2.140      0.076     5.3502     97.267     50.463  53.282240     0.2644     12.119   275.7164 4.5755e+02     0.5442      2.098      3.042    27.8028   996.3236 0.0000e+00
      2.162      0.077     5.3461     97.298     50.438  53.252208     0.2499     12.119   275.7678 4.3906e+02     0.5363      2.121      3.076    27.7991   996.3248 0.0000e+00
      2.184      0.075     5.3456     97.371     50.444  53.255114     0.2560     12.119   275.6391 4.1255e+02     0.5615      2.143      3.108    27.7948   996.3261 0.0000e+00
      2.203      0.070     5.3453     97.470     50.445  53.253865     0.2811     12.119   275.5373 3.9641e+02     0.5750      2.160      3.134    27.7904   996.3275 0.0000e+00
      2.221      0.064     5.3470     97.555     50.430  53.237104     0.2863     12.119   275.4829 4.0945e+02     0.5618      2.180      3.162    27.7861   996.3288 0.0000e+00
      2.236      0.059     5.3480     97.615     50.437  53.242980     0.2718     12.117   275.4977 4.3439e+02     0.5733      2.195      3.183    27.7826   996.3298 0.0000e+00
      2.247      0.055     5.3527     97.636     50.457  53.261403     0.2582     12.115   275.6300 4.2238e+02     0.5419      2.202      3.194    27.7794   996.3307 0.0000e+00
      2.259      0.051     5.3596     97.615     50.466  53.269317     0.2551     12.115   275.7053 4.0667e+02     0.4578      2.214      3.211    27.7776   996.3312 0.0000e+00
      2.274      0.048     5.3641     97.589     50.473  53.275147     0.2629     12.115   275.6343 3.9923e+02     0.4133      2.231      3.236    27.7765   996.3317 0.0000e+00
      2.289      0.047     5.3679     97.557     50.467  53.268379     0.2665     12.115   275.5468 3.9419e+02     0.4161      2.245      3.257    27.7744   996.3323 0.0000e+00
      2.299      0.048     5.3698     97.464     50.452  53.251002     0.2606     12.115   275.6788 4.0529e+02     0.3888      2.256      3.272    27.7722   996.3330 0.0000e+00
      2.308      0.048     5.3676     97.340     50.457  53.255565     0.2679     12.114   275.9401 4.0504e+02     0.3243      2.263      3.282    27.7704   996.3335 0.0000e+00
      2.318      0.048     5.3657     97.261     50.462  53.260041     0.2883     12.114   275.8676 3.9824e+02     0.3231      2.270      3.293    27.7691   996.3340 0.0000e+00
      2.332      0.050     5.3667     97.207     50.445  53.241614     0.3067     12.114   275.5760 3.9461e+02     0.3737      2.286      3.315    27.7680   996.3344 0.0000e+00
      2.348      0.054     5.3606     97.129     50.429  53.223290     0.3274     12.113   275.4260 3.8997e+02     0.3865      2.305      3.342    27.7670   996.3347 0.0000e+00
      2.362      0.059     5.3512     97.031     50.436  53.229015     0.3391     12.112   275.4307 4.1242e+02     0.4098      2.318      3.362    27.7665   996.3349 0.0000e+00
      2.374      0.064     5.3480     96.920     50.455  53.247320     0.3331     12.112   275.5472 4.2758e+02     0.4828      2.328      3.376    27.7657   996.3351 0.0000e+00
      2.388      0.067     5.3467     96.792     50.464  53.254083     0.3227     12.112   275.6289 3.9435e+02     0.5151      2.341      3.395    27.7647   996.3354 0.0000e+00
      2.407      0.069     5.3418     96.727     50.459  53.247269     0.3181     12.112   275.5581 3.8083e+02     0.5252      2.360      3.421    27.7636   996.3359 0.0000e+00
      2.430      0.069     5.3361     96.776     50.443  53.228442     0.3248     12.112   275.4664 3.8248e+02     0.5709      2.383      3.456    27.7621   996.3364 0.0000e+00
      2.452      0.069     5.3316     96.875     50.433  53.216981     0.3282     12.113   275.4655 3.6832e+02     0.5522      2.406      3.492    27.7605   996.3370 0.0000e+00
      2.470      0.068     5.3220     96.930     50.451  53.235711     0.3199     12.113   275.5480 3.6881e+02     0.5053      2.424      3.516    27.7583   996.3377 0.0000e+00
      2.483      0.068     5.3169     96.882     50.480  53.264370     0.3198     12.113   275.6893 3.6403e+02     0.5191      2.435      3.531    27.7561   996.3383 0.0000e+00
      2.495      0.069     5.3221     96.743     50.464  53.245937     0.3461     12.112   275.7970 3.6079e+02     0.5474      2.446      3.547    27.7545   996.3389 0.0000e+00
      2.511      0.072     5.3294     96.602     50.426  53.203363     0.3911     12.112   275.8181 3.6749e+02     0.5725      2.460      3.568    27.7534   996.3393 0.0000e+00
      2.531      0.076     5.3340     96.544     50.420  53.194193     0.4147     12.111   275.8591 3.5945e+02     0.5822      2.480      3.597    27.7528   996.3394 0.0000e+00
      2.555      0.080     5.3312     96.554     50.426  53.198566     0.4029     12.111   276.0334 3.5768e+02     0.5617      2.506      3.636    27.7516   996.3400 0.0000e+00
      2.580      0.081     5.3219     96.604     50.423  53.192718     0.3915     12.111   276.1189 3.5839e+02     0.5303      2.532      3.671    27.7499   996.3407 0.0000e+00
      2.600      0.078     5.3114     96.699     50.420  53.186991     0.4010     12.111   276.0319 3.5172e+02     0.5456      2.551      3.700    27.7475   996.3413 0.0000e+00
      2.619      0.073     5.3099     96.820     50.428  53.192821     0.4125     12.111   276.1005 3.5256e+02     0.5757      2.569      3.726    27.7448   996.3421 0.0000e+00
      2.637      0.068     5.3117     96.949     50.436  53.199696     0.4155     12.110   276.2600 3.5213e+02     0.5506      2.586      3.750    27.7422   996.3429 0.0000e+00
      2.653      0.063     5.3135     97.063     50.445  53.206616     0.4087     12.109   276.3258 3.5388e+02     0.5170      2.603      3.776    27.7394   996.3438 0.0000e+00
      2.667      0.059     5.3203     97.118     50.452  53.212966     0.3968     12.109   276.3798 3.4800e+02     0.5129      2.616      3.794    27.7370   996.3445 0.0000e+00
      2.682      0.055     5.3271     97.073     50.453  53.212966     0.3959     12.109   276.3971 3.3130e+02     0.5353      2.629      3.813    27.7351   996.3452 0.0000e+00
      2.696      0.051     5.3346     96.923     50.448  53.206616     0.3983     12.110   276.4490 3.3125e+02     0.5819      2.645      3.836    27.7333   996.3457 0.0000e+00
      2.709      0.049     5.3422     96.765     50.443  53.199697     0.3975     12.111   276.6630 3.3470e+02     0.6299      2.657      3.854    27.7314   996.3463 0.0000e+00
      2.720      0.048     5.3458     96.693     50.438  53.192812     0.3960     12.112   276.8330 3.3217e+02     0.5659      2.668      3.869    27.7298   996.3468 0.0000e+00
      2.730      0.047     5.3448     96.706     50.434  53.186877     0.3793     12.112   276.8704 3.3734e+02     0.3921      2.677      3.883    27.7286   996.3472 0.0000e+00
      2.742      0.044     5.3338     96.794     50.439  53.191450     0.3669     12.111   276.8572 3.3575e+02     0.3141      2.688      3.899    27.7274   996.3476 0.0000e+00
      2.756      0.041     5.3224     96.931     50.434  53.184587     0.3808     12.111   276.6733 3.3572e+02     0.3426      2.703      3.921    27.7256   996.3481 0.0000e+00
      2.768      0.039     5.3202     97.056     50.419  53.167409     0.4129     12.112   276.4539 3.4243e+02     0.4286      2.715      3.938    27.7240   996.3487 0.0000e+00
      2.776      0.039     5.3204     97.153     50.425  53.174280     0.4503     12.113   276.5270 3.3527e+02     0.5296      2.723      3.949    27.7229   996.3490 0.0000e+00
      2.783      0.039     5.3257     97.221     50.454  53.204151     0.4605     12.114   276.6971 3.2922e+02     0.5341      2.729      3.959    27.7216   996.3494 0.0000e+00
      2.790      0.040     5.3355     97.207     50.460  53.211024     0.4505     12.114   276.6171 3.2923e+02     0.5173      2.735      3.967    27.7201   996.3498 0.0000e+00
      2.800      0.041     5.3425     97.100     50.445  53.193864     0.4537     12.113   276.5924 3.2203e+02     0.5326      2.745      3.980    27.7191   996.3501 0.0000e+00
      2.814      0.044     5.3470     96.952     50.440  53.187202     0.4714     12.113   276.6562 3.2015e+02     0.5480      2.759      4.001    27.7191   996.3502 0.0000e+00
      2.828      0.046     5.3526     96.794     50.448  53.193977     0.4832     12.113   276.6147 3.2662e+02     0.5659      2.774      4.024    27.7196   996.3501 0.0000e+00
      2.840      0.046     5.3525     96.658     50.467  53.212269     0.4721     12.113   276.6066 3.2603e+02     0.5772      2.786      4.040    27.7195   996.3502 0.0000e+00
      2.851      0.045     5.3445     96.597     50.474  53.217834     0.4520     12.112   276.5586 3.1639e+02     0.5469      2.795      4.054    27.7180   996.3507 0.0000e+00
      2.862      0.043     5.3366     96.622     50.456  53.197749     0.4496     12.112   276.6362 3.0982e+02     0.5087      2.806      4.071    27.7162   996.3513 0.0000e+00
      2.872      0.042     5.3276     96.691     50.421  53.159956     0.4630     12.112   276.8568 3.1048e+02     0.5267      2.816      4.086    27.7144   996.3517 0.0000e+00
      2.883      0.041     5.3185     96.736     50.405  53.141955     0.4698     12.112   276.9030 3.0893e+02     0.5596      2.827      4.101    27.7128   996.3523 0.0000e+00
      2.893      0.039     5.3155     96.719     50.433  53.170624     0.4658     12.112   276.8503 3.1355e+02     0.5632      2.837      4.114    27.7114   996.3527 0.0000e+00
      2.903      0.038     5.3174     96.637     50.452  53.189037     0.4617     12.111   276.8219 3.2480e+02     0.5358      2.846      4.129    27.7103   996.3531 0.0000e+00
      2.913      0.038     5.3234     96.518     50.439  53.174043     0.4681     12.110   276.8178 3.2193e+02     0.5369      2.859      4.147    27.7097   996.3533 0.0000e+00
      2.922      0.038     5.3264     96.467     50.446  53.179873     0.4765     12.111   276.8008 3.2024e+02     0.5767      2.866      4.156    27.7088   996.3536 0.0000e+00
      2.931      0.038     5.3253     96.577     50.463  53.196012     0.4672     12.111   276.7891 3.2531e+02     0.5706      2.872      4.166    27.7077   996.3539 0.0000e+00
      2.941      0.037     5.3213     96.808     50.448  53.178634     0.4522     12.111   276.8481 3.1274e+02     0.5319      2.884      4.182    27.7059   996.3545 0.0000e+00
      2.951      0.036     5.3123     97.063     50.430  53.160292     0.4477     12.110   276.8253 3.0707e+02     0.5205      2.894      4.198    27.7041   996.3550 0.0000e+00
