Data/DataNotYetUploadedToEDI/Raw_CTD/RawDownloads/080519_fcr30.cnv
* Sea-Bird SBE19plus  Data File:
* FileName = C:\DATA\080519_fcr50_0003.hex
* Software version 2.8.0.119 SB_Terminal.dll
* Temperature SN = 7809
* Conductivity SN = 7809
* System UpLoad Time = Aug 05 2019 17:59:04
* <ApplicationData>
* <Seaterm232>
# nquan = 16
# nvalues = 463                         
# units = specified
# name 0 = depFM: Depth [fresh water, m]
# name 1 = dz/dtM: Descent Rate [m/s]
# name 2 = sbeox0Mg/L: Oxygen, SBE 43 [mg/l]
# name 3 = sbeox0PS: Oxygen, SBE 43 [% saturation]
# name 4 = specc: Specific Conductance [uS/cm]
# name 5 = c0uS/cm: Conductivity [uS/cm]
# name 6 = flECO-AFL: Fluorescence, WET Labs ECO-AFL/FL [mg/m^3]
# name 7 = ph: pH
# name 8 = orp: Oxidation Reduction Potential [mV]
# name 9 = par/sat/log: PAR/Logarithmic, Satlantic
# name 10 = turbWETntu0: Turbidity, WET Labs ECO [NTU]
# name 11 = prdM: Pressure, Strain Gauge [db]
# name 12 = prdE: Pressure, Strain Gauge [psi]
# name 13 = tv290C: Temperature [ITS-90, deg C]
# name 14 = density00: Density [density, kg/m^3]
# name 15 = flag:  0.000e+00
# span 0 =     -0.581,      5.229       
# span 1 =     -0.093,      0.343       
# span 2 =     0.1011,     8.7793       
# span 3 =      0.940,    109.077       
# span 4 =      1.444,     72.083       
# span 5 =   1.418283,  56.399368       
# span 6 =    -0.1280,     8.8842       
# span 7 =      6.874,      8.519       
# span 8 =   136.4639,   913.3452       
# span 9 = 4.7011e-01, 6.0707e+02       
# span 10 =    -0.5461,     7.1907      
# span 11 =     -0.570,      5.128      
# span 12 =     -0.827,      7.438      
# span 13 =    11.9422,    26.4877      
# span 14 =   996.6726,   999.5493      
# span 15 = 0.0000e+00, 0.0000e+00      
# interval = seconds: 0.25
# start_time = Aug 05 2019 11:47:15 [Instrument's time stamp, header]
# bad_flag = -9.990e-29
*END*
[from data line 362]
      4.080      0.073     0.1489      1.456     67.934  53.466249     3.7569      7.621   230.0018 2.5088e+00     5.7900      4.000      5.803    14.5830   999.2069 0.0000e+00
      4.097      0.070     0.1464      1.431     69.550  54.663005     3.6918      7.611   229.6398 2.4148e+00     5.7226      4.017      5.826    14.5156   999.2170 0.0000e+00
      4.116      0.068     0.1444      1.409     70.767  55.549045     3.5977      7.602   229.3654 2.3206e+00     5.6172      4.036      5.854    14.4568   999.2258 0.0000e+00
      4.136      0.067     0.1425      1.389     71.562  56.110620     3.5544      7.593   229.1797 2.2379e+00     5.5635      4.057      5.884    14.4038   999.2340 0.0000e+00
      4.154      0.066     0.1407      1.371     71.968  56.370127     3.5504      7.583   228.9432 2.1773e+00     5.5650      4.075      5.911    14.3504   999.2425 0.0000e+00
      4.169      0.066     0.1389      1.352     72.083  56.399368     3.5322      7.572   228.5706 2.1337e+00     5.5695      4.090      5.931    14.2935   999.2513 0.0000e+00
      4.183      0.065     0.1355      1.318     72.003  56.273483     3.4294      7.561   228.1158 2.0816e+00     5.5527      4.102      5.949    14.2415   999.2591 0.0000e+00
      4.198      0.064     0.1322      1.285     71.808  56.055179     3.2610      7.549   227.7465 2.0217e+00     5.5589      4.116      5.970    14.2000   999.2653 0.0000e+00
      4.215      0.064     0.1317      1.279     71.475  55.729419     3.1780      7.539   227.3749 1.9601e+00     5.6111      4.133      5.995    14.1613   999.2710 0.0000e+00
      4.234      0.065     0.1320      1.280     70.790  55.130200     3.1720      7.528   226.8921 1.9096e+00     5.6270      4.153      6.023    14.1192   999.2770 0.0000e+00
      4.252      0.066     0.1310      1.268     69.771  54.273834     3.1538      7.517   226.3840 1.8751e+00     5.5871      4.171      6.050    14.0737   999.2835 0.0000e+00
      4.267      0.067     0.1300      1.257     68.705  53.380037     3.1225      7.506   225.9627 1.8207e+00     5.5554      4.186      6.071    14.0275   999.2899 0.0000e+00
      4.282      0.067     0.1297      1.253     67.845  52.645560     3.1060      7.496   225.5845 1.7584e+00     5.5709      4.198      6.088    13.9812   999.2963 0.0000e+00
      4.299      0.067     0.1300      1.254     67.671  52.444677     3.1007      7.486   225.0806 1.7159e+00     5.6112      4.216      6.114    13.9347   999.3026 0.0000e+00
      4.318      0.068     0.1299      1.253     68.368  52.920388     3.0413      7.479   224.5159 1.6719e+00     5.6158      4.236      6.144    13.8910   999.3083 0.0000e+00
      4.336      0.070     0.1276      1.229     69.288  53.569313     2.9262      7.473   224.0052 1.6203e+00     5.5946      4.251      6.166    13.8452   999.3143 0.0000e+00
      4.354      0.072     0.1250      1.203     69.758  53.874532     2.8617      7.467   223.4659 1.5778e+00     5.5839      4.269      6.192    13.7945   999.3209 0.0000e+00
      4.371      0.073     0.1259      1.210     69.674  53.751956     2.8684      7.460   222.9858 1.5338e+00     5.5851      4.287      6.218    13.7464   999.3274 0.0000e+00
      4.390      0.074     0.1275      1.225     69.243  53.357753     2.9384      7.454   222.6748 1.4802e+00     5.6086      4.303      6.242    13.6988   999.3343 0.0000e+00
      4.410      0.075     0.1272      1.222     68.760  52.919847     3.0484      7.449   222.5442 1.4380e+00     5.6385      4.325      6.273    13.6530   999.3410 0.0000e+00
      4.430      0.075     0.1271      1.218     68.249  52.459378     3.1065      7.444   222.6107 1.4090e+00     5.6190      4.346      6.303    13.6120   999.3467 0.0000e+00
      4.449      0.074     0.1266      1.211     67.464  51.792267     3.1119      7.439   222.7910 1.3704e+00     5.5361      4.362      6.327    13.5713   999.3523 0.0000e+00
      4.469      0.071     0.1267      1.211     66.444  50.951985     3.0088      7.434   222.8310 1.3205e+00     5.4229      4.384      6.358    13.5280   999.3580 0.0000e+00
      4.489      0.068     0.1270      1.213     65.332  50.049097     2.8055      7.430   222.4063 1.2873e+00     5.3324      4.404      6.388    13.4790   999.3643 0.0000e+00
      4.504      0.064     0.1245      1.188     64.197  49.132836     2.6910      7.426   221.6141 1.2712e+00     5.3263      4.417      6.408    13.4274   999.3711 0.0000e+00
      4.519      0.060     0.1230      1.173     63.444  48.511582     2.6737      7.422   220.8240 1.2547e+00     5.3493      4.431      6.426    13.3796   999.3772 0.0000e+00
      4.534      0.057     0.1233      1.175     63.581  48.571318     2.6747      7.417   220.0808 1.2332e+00     5.3804      4.446      6.449    13.3374   999.3824 0.0000e+00
      4.548      0.056     0.1214      1.157     64.490  49.219911     2.6856      7.414   219.3393 1.2091e+00     5.4731      4.461      6.470    13.2990   999.3871 0.0000e+00
      4.562      0.057     0.1188      1.132     65.325  49.811698     2.6921      7.412   218.6548 1.1921e+00     5.5532      4.474      6.488    13.2633   999.3914 0.0000e+00
      4.575      0.058     0.1190      1.132     65.560  49.946693     2.6929      7.410   217.9999 1.1781e+00     5.5950      4.486      6.507    13.2293   999.3955 0.0000e+00
      4.589      0.059     0.1206      1.146     65.474  49.835833     2.6865      7.409   217.3579 1.1575e+00     5.6181      4.500      6.525    13.1941   999.4001 0.0000e+00
      4.606      0.060     0.1209      1.148     65.406  49.741574     2.6933      7.407   216.7431 1.1203e+00     5.5367      4.516      6.549    13.1577   999.4054 0.0000e+00
      4.623      0.061     0.1190      1.130     65.308  49.632682     2.7233      7.406   216.1587 1.0750e+00     5.3978      4.534      6.576    13.1233   999.4103 0.0000e+00
      4.639      0.061     0.1161      1.102     64.959  49.344884     2.7453      7.405   215.5406 1.0494e+00     5.3482      4.550      6.600    13.0890   999.4148 0.0000e+00
      4.654      0.061     0.1156      1.096     64.515  48.992950     2.7509      7.404   214.8620 1.0387e+00     5.3298      4.563      6.619    13.0543   999.4192 0.0000e+00
      4.669      0.060     0.1162      1.101     64.209  48.743722     2.6961      7.402   214.2348 1.0227e+00     5.0450      4.578      6.640    13.0202   999.4235 0.0000e+00
      4.684      0.060     0.1143      1.083     63.739  48.363909     2.5766      7.399   213.7213 1.0055e+00     4.5264      4.594      6.664    12.9913   999.4273 0.0000e+00
      4.698      0.061     0.1106      1.047     62.482  47.385682     2.5032      7.397   213.2999 9.8360e-01     4.2366      4.607      6.682    12.9760   999.4291 0.0000e+00
      4.713      0.063     0.1087      1.029     60.774  46.061257     2.5022      7.395   212.9254 9.5146e-01     4.1966      4.622      6.703    12.9678   999.4300 0.0000e+00
      4.729      0.067     0.1093      1.034     59.839  45.305717     2.5558      7.393   212.6347 9.2134e-01     4.1402      4.638      6.726    12.9561   999.4315 0.0000e+00
      4.745      0.072     0.1094      1.035     59.743  45.172529     2.6393      7.392   212.3661 8.9419e-01     4.0472      4.653      6.749    12.9357   999.4341 0.0000e+00
      4.764      0.076     0.1084      1.023     59.703  45.085854     2.6789      7.391   212.0006 8.7143e-01     3.9889      4.671      6.775    12.9167   999.4362 0.0000e+00
      4.785      0.077     0.1078      1.016     59.248  44.702178     2.6706      7.390   211.5718 8.4998e-01     3.9595      4.691      6.805    12.8985   999.4377 0.0000e+00
      4.808      0.075     0.1088      1.026     58.651  44.216486     2.5912      7.390   211.1390 8.2768e-01     3.9543      4.715      6.839    12.8587   999.4425 0.0000e+00
      4.830      0.070     0.1107      1.043     58.463  44.039317     2.4561      7.389   210.8120 8.1152e-01     3.9922      4.738      6.873    12.8014   999.4498 0.0000e+00
      4.849      0.062     0.1114      1.049     58.473  44.020507     2.3898      7.388   210.6290 7.9010e-01     4.0234      4.756      6.899    12.7488   999.4564 0.0000e+00
      4.864      0.054     0.1100      1.035     58.363  43.925525     2.3874      7.387   210.4755 7.7432e-01     4.0049      4.772      6.921    12.7192   999.4600 0.0000e+00
      4.875      0.049     0.1088      1.024     57.757  43.462366     2.3757      7.387   210.2459 7.7463e-01     3.9641      4.782      6.936    12.6944   999.4627 0.0000e+00
      4.881      0.049     0.1085      1.021     56.047  42.166741     2.3696      7.388   210.0899 7.7491e-01     3.9556      4.787      6.943    12.6566   999.4674 0.0000e+00
      4.888      0.055     0.1085      1.021     53.629  40.323828     2.3828      7.388   210.1380 7.6800e-01     3.9681      4.792      6.950    12.6329   999.4704 0.0000e+00
      4.899      0.064     0.1095      1.028     51.714  38.829846     2.3881      7.389   210.1392 7.4172e-01     3.9847      4.802      6.964    12.6273   999.4711 0.0000e+00
      4.919      0.074     0.1105      1.037     50.719  38.006342     2.3817      7.391   209.9322 7.0112e-01     3.9927      4.821      6.992    12.6219   999.4718 0.0000e+00
      4.945      0.081     0.1110      1.040     50.198  37.540202     2.3924      7.393   209.7011 6.6573e-01     4.1304      4.849      7.034    12.6186   999.4717 0.0000e+00
      4.972      0.083     0.1111      1.039     49.816  37.192852     2.4212      7.393   209.5820 6.4143e-01     4.4372      4.878      7.074    12.6044   999.4724 0.0000e+00
      4.996      0.079     0.1118      1.044     49.511  36.916881     2.4434      7.394   209.4377 6.2956e-01     4.6214      4.901      7.108    12.5476   999.4788 0.0000e+00
      5.016      0.071     0.1134      1.058     49.244  36.678976     2.4529      7.395   209.1613 6.2381e-01     4.6528      4.921      7.138    12.4631   999.4888 0.0000e+00
      5.031      0.060     0.1152      1.074     49.097  36.537963     2.4331      7.396   208.9072 6.1380e-01     4.7191      4.934      7.157    12.3839   999.4981 0.0000e+00
      5.043      0.050     0.1154      1.075     49.226  36.608312     2.3948      7.398   208.7748 6.0329e-01     4.8331      4.945      7.173    12.3214   999.5055 0.0000e+00
      5.053      0.040     0.1126      1.049     49.465  36.767835     2.3789      7.398   208.6787 6.0127e-01     4.9170      4.957      7.189    12.2747   999.5110 0.0000e+00
      5.063      0.035     0.1093      1.018     49.542  36.816370     2.3709      7.399   208.5201 6.0342e-01     4.9467      4.965      7.203    12.2365   999.5154 0.0000e+00
      5.071      0.035     0.1075      1.001     49.199  36.560388     2.3071      7.401   208.3195 6.0337e-01     5.0936      4.974      7.214    12.2046   999.5191 0.0000e+00
      5.076      0.039     0.1055      0.982     48.559  36.084784     2.1973      7.404   208.1462 5.9937e-01     5.3824      4.978      7.220    12.1777   999.5223 0.0000e+00
      5.082      0.045     0.1030      0.959     48.136  35.762957     2.1353      7.407   208.0599 5.9370e-01     5.5553      4.980      7.224    12.1595   999.5246 0.0000e+00
      5.093      0.052     0.1015      0.944     47.584  35.335101     2.1294      7.410   208.0496 5.7762e-01     5.5778      4.991      7.240    12.1514   999.5256 0.0000e+00
      5.111      0.061     0.1011      0.940     46.702  34.656336     2.1358      7.412   207.6771 5.5131e-01     5.4907      5.013      7.271    12.1516   999.5256 0.0000e+00
      5.131      0.066     0.1029      0.956     46.248  34.283830     2.1423      7.415   206.9124 5.3407e-01     5.3545      5.033      7.298    12.1568   999.5247 0.0000e+00
      5.149      0.066     0.1060      0.984     46.358  34.321938     2.1476      7.416   206.5474 5.2612e-01     5.3396      5.048      7.321    12.1492   999.5257 0.0000e+00
      5.169      0.060     0.1063      0.985     46.625  34.482363     2.1396      7.416   206.7051 5.1908e-01     5.3765      5.070      7.352    12.1273   999.5281 0.0000e+00
      5.187      0.051     0.1045      0.968     46.863  34.636779     2.0970      7.416   206.8399 5.1203e-01     5.4066      5.090      7.382    12.1052   999.5303 0.0000e+00
      5.199      0.040     0.1067      0.988     47.083  34.792641     2.0405      7.417   206.8871 5.0893e-01     5.4750      5.101      7.398    12.0682   999.5344 0.0000e+00
      5.205      0.029     0.1131      1.048     47.407  35.034026     2.0114      7.418   207.1037 5.1266e-01     5.5152      5.105      7.404    12.0123   999.5410 0.0000e+00
      5.209      0.019     0.1199      1.112     47.805  35.333910     2.0139      7.418   207.4793 5.1347e-01     5.5649      5.108      7.409    11.9688   999.5461 0.0000e+00
      5.211      0.012     0.1260      1.169     48.101  35.562349     2.0269      7.418   207.8148 5.0883e-01     5.8459      5.110      7.412    11.9460   999.5488 0.0000e+00
      5.213      0.008     0.1306      1.211     48.181  35.638063     2.0298      7.416   207.9764 5.0787e-01     6.2914      5.112      7.414    11.9422   999.5493 0.0000e+00
      5.214      0.006     0.1351      1.253     48.125  35.614663     2.0234      7.413   207.9713 5.1059e-01     6.4944      5.113      7.415    11.9477   999.5487 0.0000e+00
      5.215      0.006     0.1402      1.301     48.084  35.596801     2.0192      7.412   207.9253 5.1254e-01     6.4652      5.114      7.417    11.9519   999.5484 0.0000e+00
      5.216      0.006     0.1417      1.315     48.093  35.612516     2.0134      7.411   207.9361 5.0784e-01     6.4632      5.115      7.419    11.9608   999.5475 0.0000e+00
      5.217      0.006     0.1395      1.295     48.168  35.677740     1.9786      7.410   208.0157 4.9539e-01     6.6017      5.116      7.421    11.9791   999.5455 0.0000e+00
      5.219      0.006     0.1365      1.268     48.248  35.750708     1.9196      7.408   208.1142 4.8810e-01     6.8273      5.118      7.423    12.0025   999.5428 0.0000e+00
      5.221      0.005     0.1334      1.240     48.287  35.796594     1.8898      7.405   208.1801 4.9533e-01     6.9293      5.120      7.426    12.0136   999.5415 0.0000e+00
      5.222      0.005     0.1313      1.220     48.428  35.915200     1.8956      7.403   208.1243 5.0563e-01     6.9187      5.121      7.428    12.0212   999.5406 0.0000e+00
      5.223      0.004     0.1298      1.207     48.768  36.169220     1.9207      7.402   208.0418 5.0513e-01     6.9613      5.122      7.429    12.0311   999.5395 0.0000e+00
      5.224      0.004     0.1283      1.192     49.159  36.455947     1.9504      7.402   208.2148 4.9717e-01     7.0833      5.123      7.431    12.0427   999.5383 0.0000e+00
      5.225      0.003     0.1264      1.175     49.416  36.652610     1.9591      7.401   208.4096 4.8323e-01     7.1808      5.124      7.431    12.0650   999.5357 0.0000e+00
      5.226      0.003     0.1236      1.150     49.631  36.833250     1.9485      7.398   208.5044 4.7011e-01     7.1907      5.125      7.432    12.0839   999.5336 0.0000e+00
      5.226      0.003     0.1198      1.115     49.879  37.053191     1.9176      7.396   208.6724 4.7501e-01     7.1048      5.125      7.434    12.0821   999.5339 0.0000e+00
      5.227      0.002     0.1145      1.067     49.954  37.153758     1.8716      7.394   208.7211 4.8845e-01     6.9939      5.126      7.435    12.0718   999.5353 0.0000e+00
      5.228      0.002     0.1107      1.033     49.827  37.097107     1.8436      7.392   208.7490 4.9811e-01     6.9638      5.127      7.436    12.0766   999.5348 0.0000e+00
      5.229      0.001     0.1101      1.028     49.671  37.003037     1.8299      7.390   209.0951 5.0512e-01     6.9703      5.127      7.437    12.0984   999.5323 0.0000e+00
