Data/DataNotYetUploadedToEDI/Raw_CTD/RawDownloads/080520_ccr50.cnv
* Sea-Bird SBE19plus  Data File:
* FileName = C:\DATA\080520_ccr50_0004.hex
* Software version 2.8.0.119
* Temperature SN = 7809
* Conductivity SN = 7809
* System UpLoad Time = Aug 05 2020 16:00:06
* <ApplicationData>
* <Seaterm232>
# nquan = 16
# nvalues = 2105                        
# units = specified
# name 0 = depFM: Depth [fresh water, m]
# name 1 = dz/dtM: Descent Rate [m/s]
# name 2 = sbeox0ML/L: Oxygen, SBE 43 [ml/l]
# name 3 = sbeox0PS: Oxygen, SBE 43 [% saturation]
# name 4 = specc: Specific Conductance [uS/cm]
# name 5 = c0uS/cm: Conductivity [uS/cm]
# name 6 = flECO-AFL: Fluorescence, WET Labs ECO-AFL/FL [mg/m^3]
# name 7 = ph: pH
# name 8 = orp: Oxidation Reduction Potential [mV]
# name 9 = par/sat/log: PAR/Logarithmic, Satlantic
# name 10 = turbWETntu0: Turbidity, WET Labs ECO [NTU]
# name 11 = prdM: Pressure, Strain Gauge [db]
# name 12 = prdE: Pressure, Strain Gauge [psi]
# name 13 = tv290C: Temperature [ITS-90, deg C]
# name 14 = density00: Density [density, kg/m^3]
# name 15 = flag:  0.000e+00
# span 0 =     -0.415,     21.135       
# span 1 =     -0.384,      0.229       
# span 2 =     0.4964,     6.7281       
# span 3 =      6.326,    112.390       
# span 4 =      6.761,    111.591       
# span 5 =   7.152586,  77.312406       
# span 6 =    -1.5407,     3.4246       
# span 7 =     10.734,     12.420       
# span 8 =   261.0365,   330.5501       
# span 9 = 1.2320e-01, 2.9568e+03       
# span 10 =    -8.5368,   962.3206      
# span 11 =     -0.408,     20.727      
# span 12 =     -0.592,     30.062      
# span 13 =     9.6381,    34.1354      
# span 14 =   994.3395,   999.8745      
# span 15 = 0.0000e+00, 0.0000e+00      
# interval = seconds: 0.25
# start_time = Aug 04 2020 22:23:32 [Instrument's time stamp, header]
# bad_flag = -9.990e-29
*END*
[from data line 1356]
     14.238      0.085     3.7392     47.759     85.891  60.178065    -0.3110     12.134   326.8813 1.2335e-01     3.5096     13.959     20.245    10.0354   999.7976 0.0000e+00
     14.273      0.088     3.7490     47.834     85.918  60.192034    -0.2664     12.138   326.9205 1.2339e-01     3.6049     13.999     20.302    10.0361   999.7977 0.0000e+00
     14.304      0.092     3.7571     47.884     85.963  60.218605    -0.2508     12.142   326.8481 1.2336e-01     3.6488     14.031     20.350    10.0355   999.7980 0.0000e+00
     14.325      0.094     3.7620     47.911     86.007  60.245175    -0.2556     12.145   326.7806 1.2331e-01     3.6282     14.050     20.377    10.0330   999.7983 0.0000e+00
     14.340      0.091     3.7685     47.932     86.032  60.259134    -0.2769     12.149   326.7933 1.2333e-01     3.6302     14.062     20.395    10.0293   999.7987 0.0000e+00
     14.358      0.087     3.7761     47.943     86.038  60.260300    -0.3171     12.152   326.8289 1.2333e-01     3.6382     14.076     20.416    10.0259   999.7990 0.0000e+00
     14.383      0.085     3.7800     47.941     86.040  60.259271    -0.3311     12.155   326.7813 1.2331e-01     3.6223     14.104     20.456    10.0232   999.7994 0.0000e+00
     14.412      0.085     3.7811     47.901     86.025  60.246689    -0.3137     12.159   326.7338 1.2329e-01     3.6439     14.136     20.503    10.0210   999.7999 0.0000e+00
     14.435      0.084     3.7840     47.805     86.011  60.235243    -0.2977     12.161   326.7706 1.2327e-01     3.5899     14.158     20.535    10.0188   999.8001 0.0000e+00
     14.452      0.079     3.7845     47.665     86.032  60.247950    -0.2796     12.164   326.7959 1.2330e-01     3.4506     14.170     20.553    10.0170   999.8003 0.0000e+00
     14.472      0.072     3.7851     47.427     86.069  60.273259    -0.2574     12.166   326.7816 1.2335e-01     3.4022     14.189     20.581    10.0155   999.8006 0.0000e+00
     14.492      0.068     3.7841     47.101     86.090  60.287102    -0.2492     12.169   326.7709 1.2337e-01     3.4158     14.216     20.619    10.0144   999.8008 0.0000e+00
     14.507      0.067     3.7735     46.807     86.092  60.288250    -0.2664     12.171   326.8378 1.2337e-01     3.3755     14.230     20.639    10.0136   999.8009 0.0000e+00
     14.517      0.064     3.7661     46.580     86.091  60.287130    -0.2928     12.172   326.9876 1.2334e-01     3.2579     14.233     20.645    10.0124   999.8010 0.0000e+00
     14.532      0.056     3.7485     46.395     86.071  60.273569    -0.3112     12.175   327.1191 1.2333e-01     3.1610     14.246     20.663    10.0118   999.8012 0.0000e+00
     14.555      0.050     3.7158     46.267     86.038  60.251357    -0.3257     12.177   327.3959 1.2336e-01     3.1315     14.275     20.704    10.0114   999.8013 0.0000e+00
     14.575      0.050     3.6933     46.214     86.065  60.272709    -0.3352     12.178   327.8398 1.2336e-01     3.1418     14.301     20.741    10.0109   999.8015 0.0000e+00
     14.580      0.058     3.6767     46.236     86.160  60.341131    -0.3310     12.181   327.9254 1.2338e-01     3.2509     14.303     20.743    10.0111   999.8015 0.0000e+00
     14.577      0.068     3.6613     46.346     86.215  60.379736    -0.3135     12.185   327.5704 1.2343e-01     3.4200     14.289     20.725    10.0113   999.8014 0.0000e+00
     14.587      0.075     3.6498     46.473     86.188  60.358250    -0.3041     12.186   327.3335 1.2346e-01     3.4699     14.295     20.732    10.0116   999.8014 0.0000e+00
     14.620      0.080     3.6474     46.561     86.161  60.335489    -0.3135     12.187   327.3837 1.2345e-01     3.4074     14.335     20.791    10.0132   999.8014 0.0000e+00
     14.660      0.087     3.6461     46.664     86.197  60.358677    -0.3305     12.190   327.4900 1.2336e-01     3.3517     14.383     20.860    10.0153   999.8015 0.0000e+00
     14.689      0.094     3.6575     46.772     86.235  60.384457    -0.3285     12.192   327.5863 1.2329e-01     3.3467     14.412     20.903    10.0153   999.8017 0.0000e+00
     14.703      0.098     3.6724     46.880     86.250  60.393051    -0.3096     12.192   327.6018 1.2329e-01     3.3811     14.421     20.916    10.0133   999.8019 0.0000e+00
     14.713      0.099     3.6731     47.030     86.261  60.399031    -0.3112     12.192   327.4187 1.2332e-01     3.3546     14.425     20.920    10.0111   999.8021 0.0000e+00
     14.733      0.099     3.6848     47.206     86.257  60.393221    -0.3379     12.194   327.0937 1.2334e-01     3.3011     14.441     20.945    10.0096   999.8023 0.0000e+00
     14.768      0.104     3.6933     47.381     86.252  60.386350    -0.3744     12.196   326.7692 1.2337e-01     3.3179     14.480     21.002    10.0091   999.8026 0.0000e+00
     14.808      0.109     3.6991     47.571     86.246  60.379486    -0.3909     12.199   326.6789 1.2338e-01     3.3514     14.526     21.068    10.0086   999.8028 0.0000e+00
     14.839      0.109     3.7126     47.781     86.240  60.373759    -0.3756     12.201   326.7756 1.2336e-01     3.3983     14.556     21.112    10.0071   999.8031 0.0000e+00
     14.863      0.103     3.7277     47.951     86.252  60.380634    -0.3328     12.202   326.9064 1.2335e-01     3.4382     14.576     21.141    10.0053   999.8034 0.0000e+00
     14.885      0.096     3.7410     48.084     86.279  60.399079    -0.2842     12.203   327.2277 1.2338e-01     3.3869     14.597     21.170    10.0034   999.8037 0.0000e+00
     14.907      0.095     3.7545     48.209     86.289  60.406163    -0.2733     12.205   327.6490 1.2339e-01     3.3276     14.620     21.204    10.0019   999.8039 0.0000e+00
     14.927      0.102     3.7753     48.288     86.284  60.402744    -0.2771     12.206   327.8709 1.2343e-01     3.3732     14.640     21.232    10.0009   999.8040 0.0000e+00
     14.947      0.110     3.7879     48.326     86.310  60.421275    -0.2829     12.208   327.8450 1.2348e-01     3.5615     14.655     21.255    10.0000   999.8042 0.0000e+00
     14.976      0.115     3.7959     48.350     86.338  60.439608    -0.3045     12.210   327.7670 1.2346e-01     3.8190     14.681     21.294     9.9995   999.8044 0.0000e+00
     15.016      0.115     3.8093     48.352     86.331  60.433785    -0.3194     12.212   327.7019 1.2342e-01     3.9110     14.723     21.356     9.9996   999.8046 0.0000e+00
     15.058      0.115     3.8143     48.342     86.303  60.414414    -0.3288     12.214   327.8326 1.2336e-01     3.8498     14.772     21.424    10.0002   999.8047 0.0000e+00
     15.088      0.118     3.8160     48.354     86.276  60.396004    -0.3426     12.214   328.3144 1.2332e-01     3.8343     14.803     21.469    10.0004   999.8049 0.0000e+00
     15.105      0.124     3.8189     48.384     86.286  60.401791    -0.3430     12.215   328.6223 1.2334e-01     3.8615     14.814     21.485     9.9994   999.8051 0.0000e+00
     15.122      0.129     3.8191     48.416     86.316  60.420853    -0.3249     12.218   328.4582 1.2334e-01     3.8697     14.824     21.500     9.9983   999.8052 0.0000e+00
     15.153      0.134     3.8163     48.461     86.341  60.435863    -0.3137     12.220   328.1371 1.2331e-01     3.8638     14.853     21.542     9.9988   999.8053 0.0000e+00
     15.201      0.140     3.8179     48.517     86.373  60.456194    -0.3227     12.220   328.0100 1.2330e-01     3.8588     14.904     21.617     9.9995   999.8054 0.0000e+00
     15.254      0.148     3.8212     48.553     86.401  60.476050    -0.3381     12.221   328.2122 1.2330e-01     3.8438     14.965     21.705     9.9989   999.8058 0.0000e+00
     15.294      0.155     3.8229     48.570     86.415  60.485326    -0.3471     12.222   328.4308 1.2334e-01     3.8208     15.006     21.764     9.9975   999.8061 0.0000e+00
     15.321      0.158     3.8264     48.581     86.445  60.504815    -0.3451     12.224   328.4155 1.2340e-01     3.7861     15.024     21.790     9.9959   999.8064 0.0000e+00
     15.351      0.157     3.8326     48.565     86.472  60.521066    -0.3338     12.226   328.3706 1.2345e-01     3.8024     15.048     21.825     9.9945   999.8066 0.0000e+00
     15.393      0.155     3.8355     48.536     86.435  60.491204    -0.3242     12.228   328.4053 1.2345e-01     3.9143     15.091     21.888     9.9947   999.8068 0.0000e+00
     15.443      0.155     3.8349     48.521     86.396  60.461435    -0.3244     12.229   328.4052 1.2338e-01     4.0063     15.146     21.966     9.9950   999.8070 0.0000e+00
     15.492      0.153     3.8387     48.524     86.424  60.478822    -0.3266     12.231   328.3685 1.2334e-01     4.0218     15.198     22.042     9.9941   999.8074 0.0000e+00
     15.532      0.145     3.8358     48.544     86.471  60.510808    -0.3226     12.232   328.3063 1.2335e-01     3.9991     15.234     22.095     9.9923   999.8077 0.0000e+00
     15.564      0.135     3.8329     48.578     86.500  60.530485    -0.3133     12.234   328.3408 1.2335e-01     4.0402     15.263     22.137     9.9901   999.8080 0.0000e+00
     15.593      0.128     3.8323     48.599     86.496  60.526120    -0.3101     12.234   328.6139 1.2338e-01     4.1074     15.292     22.180     9.9884   999.8083 0.0000e+00
     15.619      0.129     3.8324     48.601     86.492  60.521566    -0.3131     12.235   328.7697 1.2343e-01     4.0906     15.316     22.214     9.9873   999.8086 0.0000e+00
     15.644      0.134     3.8341     48.601     86.520  60.538954    -0.3203     12.236   328.5897 1.2343e-01     4.0776     15.340     22.247     9.9867   999.8087 0.0000e+00
     15.678      0.135     3.8377     48.567     86.532  60.545735    -0.3210     12.238   328.3307 1.2341e-01     4.1211     15.370     22.291     9.9865   999.8090 0.0000e+00
     15.723      0.132     3.8403     48.481     86.526  60.540017    -0.2935     12.240   328.1326 1.2342e-01     4.2395     15.416     22.359     9.9858   999.8092 0.0000e+00
     15.771      0.126     3.8384     48.356     86.517  60.533352    -0.2642     12.241   328.0011 1.2337e-01     4.3755     15.474     22.443     9.9845   999.8096 0.0000e+00
     15.806      0.117     3.8405     48.226     86.511  60.528683    -0.2524     12.242   327.8592 1.2334e-01     4.4272     15.508     22.492     9.9833   999.8099 0.0000e+00
     15.822      0.107     3.8387     48.138     86.537  60.547111    -0.2662     12.243   327.7080 1.2339e-01     4.3490     15.516     22.505     9.9819   999.8100 0.0000e+00
     15.837      0.094     3.8307     48.071     86.563  60.565547    -0.3066     12.244   327.7211 1.2339e-01     4.1859     15.527     22.520     9.9809   999.8102 0.0000e+00
     15.860      0.086     3.8213     47.989     86.557  60.560975    -0.3307     12.246   327.8452 1.2336e-01     4.1030     15.551     22.554     9.9807   999.8103 0.0000e+00
     15.888      0.086     3.8078     47.927     86.550  60.555361    -0.3280     12.249   327.9185 1.2336e-01     4.1023     15.582     22.601     9.9810   999.8104 0.0000e+00
     15.911      0.091     3.8021     47.902     86.559  60.561202    -0.3029     12.251   327.9183 1.2335e-01     4.1088     15.607     22.636     9.9813   999.8105 0.0000e+00
     15.929      0.094     3.7994     47.902     86.569  60.568068    -0.2668     12.251   327.8437 1.2332e-01     4.1125     15.619     22.654     9.9811   999.8106 0.0000e+00
     15.949      0.093     3.7900     47.913     86.579  60.574840    -0.2533     12.252   327.8770 1.2325e-01     4.0784     15.636     22.679     9.9806   999.8107 0.0000e+00
     15.978      0.089     3.7852     47.892     86.584  60.579538    -0.2644     12.253   327.9764 1.2320e-01     4.0049     15.669     22.725     9.9800   999.8109 0.0000e+00
     16.009      0.085     3.7841     47.844     86.556  60.561331    -0.2761     12.254   327.8412 1.2324e-01     3.9798     15.703     22.775     9.9800   999.8111 0.0000e+00
     16.031      0.082     3.7832     47.811     86.530  60.545311    -0.2512     12.255   327.7054 1.2328e-01     4.1177     15.725     22.806     9.9802   999.8112 0.0000e+00
     16.046      0.077     3.7870     47.796     86.570  60.576464    -0.2018     12.256   327.7964 1.2328e-01     4.3337     15.736     22.824     9.9802   999.8112 0.0000e+00
     16.060      0.073     3.7850     47.801     86.627  60.620314    -0.1853     12.256   327.9085 1.2332e-01     4.3947     15.748     22.840     9.9806   999.8113 0.0000e+00
     16.076      0.074     3.7783     47.814     86.637  60.630739    -0.2035     12.257   327.9434 1.2332e-01     4.3397     15.765     22.864     9.9812   999.8113 0.0000e+00
     16.095      0.082     3.7774     47.848     86.647  60.638969    -0.2310     12.259   327.8736 1.2331e-01     4.3897     15.784     22.892     9.9820   999.8113 0.0000e+00
     16.115      0.091     3.7744     47.919     86.677  60.656281    -0.2512     12.260   327.7533 1.2332e-01     4.5197     15.802     22.919     9.9841   999.8112 0.0000e+00
     16.139      0.093     3.7763     47.992     86.677  60.649440    -0.2573     12.260   327.7796 1.2335e-01     4.5718     15.823     22.949     9.9871   999.8111 0.0000e+00
     16.170      0.088     3.7762     48.049     86.644  60.619777    -0.2571     12.260   327.9331 1.2335e-01     4.5389     15.856     22.996     9.9897   999.8110 0.0000e+00
     16.204      0.079     3.7773     48.095     86.644  60.615319    -0.2578     12.261   328.0607 1.2334e-01     4.3967     15.896     23.054     9.9907   999.8111 0.0000e+00
     16.227      0.074     3.7856     48.110     86.711  60.659070    -0.2667     12.261   328.2039 1.2336e-01     4.1911     15.920     23.090     9.9881   999.8115 0.0000e+00
     16.234      0.072     3.7920     48.061     86.780  60.704001    -0.2783     12.261   328.3731 1.2336e-01     4.1130     15.922     23.092     9.9829   999.8119 0.0000e+00
     16.235      0.073     3.7963     47.965     86.800  60.713792    -0.2742     12.262   328.4726 1.2331e-01     4.1387     15.916     23.084     9.9789   999.8122 0.0000e+00
     16.248      0.078     3.8004     47.831     86.808  60.713906    -0.2271     12.264   328.4606 1.2331e-01     4.2622     15.927     23.099     9.9768   999.8125 0.0000e+00
     16.276      0.086     3.8042     47.690     86.803  60.705376    -0.1564     12.265   328.3998 1.2331e-01     4.4730     15.959     23.145     9.9754   999.8129 0.0000e+00
     16.311      0.095     3.7982     47.598     86.765  60.674196    -0.1248     12.266   328.3400 1.2334e-01     4.5581     15.998     23.203     9.9738   999.8131 0.0000e+00
     16.342      0.097     3.7913     47.514     86.742  60.654592    -0.1312     12.266   328.2540 1.2339e-01     4.5361     16.030     23.249     9.9712   999.8135 0.0000e+00
     16.366      0.090     3.7812     47.395     86.754  60.658955    -0.1387     12.267   328.2199 1.2336e-01     4.5166     16.050     23.279     9.9675   999.8139 0.0000e+00
     16.387      0.076     3.7660     47.301     86.764  60.663415    -0.1301     12.268   328.2718 1.2332e-01     4.4589     16.070     23.308     9.9642   999.8143 0.0000e+00
     16.406      0.065     3.7619     47.279     86.741  60.644968    -0.1123     12.268   328.3660 1.2338e-01     4.3883     16.092     23.340     9.9622   999.8146 0.0000e+00
     16.419      0.060     3.7578     47.253     86.716  60.626530    -0.1141     12.268   328.4119 1.2339e-01     4.3491     16.104     23.358     9.9604   999.8148 0.0000e+00
     16.425      0.059     3.7455     47.133     86.725  60.631094    -0.1617     12.268   328.3961 1.2334e-01     4.3282     16.106     23.360     9.9581   999.8150 0.0000e+00
     16.434      0.060     3.7358     46.950     86.735  60.636613    -0.2302     12.269   328.4335 1.2335e-01     4.3426     16.112     23.368     9.9560   999.8152 0.0000e+00
     16.454      0.066     3.7373     46.784     86.728  60.629720    -0.2554     12.270   328.6920 1.2339e-01     4.3854     16.134     23.400     9.9552   999.8154 0.0000e+00
