Data/DataNotYetUploadedToEDI/Raw_CTD/RawDownloads/080519_fcr10.cnv
* Sea-Bird SBE19plus  Data File:
* FileName = C:\DATA\080519_fcr50_0001.hex
* Software version 2.8.0.119 SB_Terminal.dll
* Temperature SN = 7809
* Conductivity SN = 7809
* System UpLoad Time = Aug 05 2019 17:58:35
* <ApplicationData>
* <Seaterm232>
# nquan = 16
# nvalues = 291                         
# units = specified
# name 0 = depFM: Depth [fresh water, m]
# name 1 = dz/dtM: Descent Rate [m/s]
# name 2 = sbeox0Mg/L: Oxygen, SBE 43 [mg/l]
# name 3 = sbeox0PS: Oxygen, SBE 43 [% saturation]
# name 4 = specc: Specific Conductance [uS/cm]
# name 5 = c0uS/cm: Conductivity [uS/cm]
# name 6 = flECO-AFL: Fluorescence, WET Labs ECO-AFL/FL [mg/m^3]
# name 7 = ph: pH
# name 8 = orp: Oxidation Reduction Potential [mV]
# name 9 = par/sat/log: PAR/Logarithmic, Satlantic
# name 10 = turbWETntu0: Turbidity, WET Labs ECO [NTU]
# name 11 = prdM: Pressure, Strain Gauge [db]
# name 12 = prdE: Pressure, Strain Gauge [psi]
# name 13 = tv290C: Temperature [ITS-90, deg C]
# name 14 = density00: Density [density, kg/m^3]
# name 15 = flag:  0.000e+00
# span 0 =     -0.588,      2.324       
# span 1 =     -0.014,      0.160       
# span 2 =    -0.5810,     9.5704       
# span 3 =     -6.793,    118.227       
# span 4 =      2.608,     64.134       
# span 5 =   2.724026,  61.772878       
# span 6 =    -0.1342,     8.9444       
# span 7 =      6.663,      9.052       
# span 8 = -1240.7455,   467.4806       
# span 9 = 1.4624e+01, 6.4858e+02       
# span 10 =    -0.5921,     8.9044      
# span 11 =     -0.577,      2.279      
# span 12 =     -0.837,      3.306      
# span 13 =    23.1455,    27.2278      
# span 14 =   996.4590,   997.5424      
# span 15 = 0.0000e+00, 0.0000e+00      
# interval = seconds: 0.25
# start_time = Aug 05 2019 11:12:49 [Instrument's time stamp, header]
# bad_flag = -9.990e-29
*END*
[from data line 91]
     -0.038      0.001     7.5523     93.633     36.616  37.584792     4.5692      8.778   211.2598 4.4548e+02     3.8344     -0.036     -0.053    26.3105   996.7208 0.0000e+00
     -0.039      0.002     7.4589     92.475     36.606  37.574197     4.5210      8.773   211.1972 4.4881e+02     3.8075     -0.038     -0.056    26.3144   996.7198 0.0000e+00
     -0.039      0.002     7.3668     91.335     36.594  37.562741     4.5083      8.769   211.0808 4.5244e+02     3.7987     -0.039     -0.057    26.3168   996.7191 0.0000e+00
     -0.038      0.001     7.2793     90.251     36.603  37.573222     4.5107      8.764   211.1423 4.5478e+02     3.7944     -0.038     -0.055    26.3166   996.7191 0.0000e+00
     -0.037      0.001     7.2033     89.312     36.603  37.573978     4.5245      8.759   211.3396 4.5557e+02     3.6901     -0.037     -0.054    26.3159   996.7194 0.0000e+00
     -0.037      0.001     7.1396     88.524     36.600  37.571880     4.5710      8.753   211.6591 4.5448e+02     3.5535     -0.036     -0.052    26.3160   996.7193 0.0000e+00
     -0.037      0.001     7.0840     87.836     36.576  37.547861     4.6047      8.748   211.9076 4.5142e+02     3.5184     -0.035     -0.051    26.3172   996.7190 0.0000e+00
     -0.037      0.001     7.0328     87.203     36.565  37.537466     4.6114      8.742   212.0206 4.4752e+02     3.5281     -0.037     -0.053    26.3184   996.7187 0.0000e+00
     -0.037      0.001     6.9808     86.560     36.598  37.573147     4.6257      8.736   212.1666 4.4399e+02     3.5728     -0.037     -0.054    26.3197   996.7184 0.0000e+00
     -0.036      0.002     6.9256     85.879     36.621  37.598432     4.6469      8.730   212.3821 4.4229e+02     3.6987     -0.036     -0.052    26.3210   996.7180 0.0000e+00
     -0.036      0.003     6.8684     85.174     36.611  37.589285     4.6510      8.723   212.5611 4.4409e+02     3.8056     -0.036     -0.052    26.3221   996.7177 0.0000e+00
     -0.035      0.005     6.8087     84.436     36.610  37.589502     4.6497      8.716   212.5238 4.4734e+02     3.8489     -0.036     -0.052    26.3234   996.7173 0.0000e+00
     -0.034      0.005     6.7475     83.680     36.620  37.601053     4.6581      8.711   212.3603 4.4956e+02     3.8284     -0.033     -0.048    26.3255   996.7168 0.0000e+00
     -0.032      0.004     6.6864     82.924     36.620  37.601998     4.6655      8.707   212.3913 4.5060e+02     3.7871     -0.030     -0.043    26.3276   996.7163 0.0000e+00
     -0.030      0.003     6.6259     82.177     36.618  37.600940     4.6689      8.703   212.5549 4.4976e+02     3.7764     -0.029     -0.042    26.3293   996.7158 0.0000e+00
     -0.030      0.002     6.5689     81.472     36.605  37.588264     4.6651      8.699   212.6178 4.4754e+02     3.7648     -0.029     -0.042    26.3310   996.7153 0.0000e+00
     -0.030     -0.001     6.5154     80.811     36.591  37.575683     4.6629      8.695   212.6350 4.4550e+02     3.7448     -0.029     -0.041    26.3328   996.7149 0.0000e+00
     -0.030     -0.003     6.4639     80.175     36.590  37.575778     4.6681      8.692   212.6774 4.4438e+02     3.7305     -0.029     -0.042    26.3346   996.7144 0.0000e+00
     -0.031     -0.003     6.4127     79.543     36.602  37.589407     4.6671      8.690   212.8724 4.4415e+02     3.7557     -0.030     -0.043    26.3361   996.7140 0.0000e+00
     -0.033     -0.003     6.3625     78.921     36.624  37.613527     4.6684      8.686   213.2712 4.4468e+02     3.7875     -0.032     -0.046    26.3377   996.7135 0.0000e+00
     -0.034     -0.002     6.3160     78.346     36.623  37.613517     4.6756      8.681   213.6273 4.4581e+02     3.7542     -0.033     -0.048    26.3395   996.7130 0.0000e+00
     -0.035     -0.001     6.2738     77.825     36.598  37.589282     4.6937      8.678   213.7369 4.4636e+02     3.7142     -0.035     -0.051    26.3412   996.7126 0.0000e+00
     -0.034     -0.001     6.2348     77.344     36.583  37.574403     4.7226      8.676   213.6496 4.4579e+02     3.7625     -0.034     -0.049    26.3432   996.7120 0.0000e+00
     -0.032      0.000     6.1983     76.894     36.569  37.560565     4.7296      8.673   213.6045 4.4505e+02     3.8463     -0.031     -0.045    26.3450   996.7116 0.0000e+00
     -0.032      0.000     6.1621     76.448     36.556  37.548919     4.7181      8.671   213.7085 4.4430e+02     3.8426     -0.031     -0.045    26.3463   996.7112 0.0000e+00
     -0.033      0.001     6.1249     75.989     36.566  37.560553     4.7127      8.669   213.9609 4.4396e+02     3.7834     -0.033     -0.047    26.3475   996.7109 0.0000e+00
     -0.034      0.001     6.0891     75.546     36.578  37.574287     4.7167      8.666   214.2471 4.4460e+02     3.7866     -0.034     -0.050    26.3490   996.7105 0.0000e+00
     -0.034      0.000     6.0554     75.129     36.590  37.588021     4.7228      8.664   214.3290 4.4550e+02     3.8155     -0.034     -0.050    26.3505   996.7101 0.0000e+00
     -0.033     -0.000     6.0214     74.710     36.600  37.599666     4.7261      8.662   214.2620 4.4594e+02     3.7722     -0.032     -0.046    26.3524   996.7096 0.0000e+00
     -0.032     -0.001     5.9856     74.267     36.588  37.588135     4.7655      8.659   214.2117 4.4539e+02     3.7222     -0.031     -0.044    26.3545   996.7090 0.0000e+00
     -0.032     -0.001     5.9492     73.817     36.575  37.575545     4.8440      8.656   214.2379 4.4427e+02     3.7356     -0.030     -0.044    26.3558   996.7087 0.0000e+00
     -0.033      0.000     5.9153     73.398     36.572  37.574401     4.8946      8.653   214.4067 4.4390e+02     3.7698     -0.032     -0.048    26.3570   996.7084 0.0000e+00
     -0.035      0.000     5.8848     73.022     36.571  37.574297     4.9088      8.650   214.7042 4.4391e+02     3.8079     -0.035     -0.051    26.3586   996.7079 0.0000e+00
     -0.036      0.001     5.8567     72.677     36.571  37.574297     4.8941      8.647   214.9956 4.4356e+02     3.8691     -0.035     -0.051    26.3602   996.7075 0.0000e+00
     -0.034      0.001     5.8292     72.337     36.570  37.574400     4.8558      8.645   215.1757 4.4362e+02     3.9523     -0.033     -0.048    26.3619   996.7070 0.0000e+00
     -0.032      0.002     5.8011     71.990     36.570  37.575545     4.8360      8.643   215.1615 4.4396e+02     3.9943     -0.031     -0.045    26.3634   996.7066 0.0000e+00
     -0.031      0.003     5.7740     71.655     36.581  37.588135     4.8370      8.641   214.9970 4.4378e+02     3.9839     -0.030     -0.043    26.3646   996.7062 0.0000e+00
     -0.031      0.003     5.7488     71.344     36.591  37.599675     4.8156      8.638   215.0787 4.4337e+02     3.8592     -0.030     -0.044    26.3658   996.7060 0.0000e+00
     -0.031      0.003     5.7244     71.043     36.579  37.588135     4.7681      8.635   215.4604 4.4339e+02     3.6330     -0.031     -0.045    26.3671   996.7056 0.0000e+00
     -0.030      0.002     5.6994     70.734     36.566  37.575554     4.7391      8.632   215.7413 4.4422e+02     3.5433     -0.030     -0.044    26.3686   996.7052 0.0000e+00
     -0.029      0.002     5.6731     70.409     36.565  37.574514     4.7337      8.631   215.8070 4.4512e+02     3.5616     -0.029     -0.042    26.3705   996.7047 0.0000e+00
     -0.027      0.002     5.6471     70.089     36.565  37.575554     4.7372      8.629   215.7390 4.4541e+02     3.5590     -0.027     -0.040    26.3720   996.7043 0.0000e+00
     -0.027      0.002     5.6229     69.790     36.575  37.588135     4.7559      8.628   215.6939 4.4474e+02     3.6101     -0.026     -0.038    26.3733   996.7040 0.0000e+00
     -0.027      0.002     5.5996     69.503     36.585  37.599684     4.7783      8.627   215.7778 4.4306e+02     3.7204     -0.027     -0.038    26.3744   996.7037 0.0000e+00
     -0.028      0.001     5.5773     69.228     36.573  37.588247     4.7821      8.624   215.9787 4.4184e+02     3.7789     -0.028     -0.040    26.3756   996.7034 0.0000e+00
     -0.028      0.001     5.5569     68.976     36.561  37.576802     4.7754      8.621   216.3162 4.4165e+02     3.7926     -0.027     -0.040    26.3772   996.7029 0.0000e+00
     -0.027      0.001     5.5365     68.725     36.571  37.588248     4.7754      8.617   216.5895 4.4185e+02     3.8209     -0.027     -0.039    26.3787   996.7026 0.0000e+00
     -0.026      0.001     5.5140     68.447     36.581  37.599694     4.7743      8.615   216.6160 4.4191e+02     3.7937     -0.026     -0.037    26.3802   996.7021 0.0000e+00
     -0.026      0.001     5.4911     68.165     36.569  37.588247     4.7708      8.613   216.6367 4.4176e+02     3.7261     -0.025     -0.037    26.3814   996.7018 0.0000e+00
     -0.026      0.001     5.4701     67.905     36.558  37.576800     4.7677      8.610   216.7536 4.4141e+02     3.7245     -0.025     -0.037    26.3826   996.7015 0.0000e+00
     -0.026      0.001     5.4505     67.663     36.568  37.588236     4.7617      8.608   216.8237 4.4053e+02     3.7738     -0.026     -0.037    26.3839   996.7011 0.0000e+00
     -0.026      0.001     5.4312     67.424     36.578  37.599568     4.7682      8.607   216.7962 4.3978e+02     3.7970     -0.026     -0.038    26.3854   996.7007 0.0000e+00
     -0.025      0.001     5.4117     67.184     36.565  37.586863     4.7863      8.604   216.6805 4.3961e+02     3.7762     -0.025     -0.036    26.3870   996.7003 0.0000e+00
     -0.024      0.001     5.3934     66.958     36.540  37.561578     4.7888      8.602   216.6290 4.3934e+02     3.7512     -0.024     -0.034    26.3881   996.7000 0.0000e+00
     -0.024      0.001     5.3769     66.755     36.525  37.547747     4.7648      8.600   216.6893 4.3887e+02     3.7580     -0.023     -0.033    26.3892   996.6997 0.0000e+00
     -0.024      0.001     5.3610     66.559     36.524  37.546584     4.7301      8.598   216.8933 4.3865e+02     3.7925     -0.023     -0.034    26.3902   996.6995 0.0000e+00
     -0.024      0.000     5.3445     66.356     36.524  37.547519     4.7158      8.596   217.2886 4.3863e+02     3.8076     -0.024     -0.035    26.3911   996.6991 0.0000e+00
     -0.024      0.000     5.3270     66.140     36.534  37.559049     4.7298      8.595   217.5981 4.3800e+02     3.7774     -0.024     -0.034    26.3925   996.6988 0.0000e+00
     -0.024      0.000     5.3090     65.918     36.533  37.559049     4.7700      8.594   217.7097 4.3701e+02     3.7544     -0.024     -0.034    26.3936   996.6985 0.0000e+00
     -0.024      0.001     5.2920     65.708     36.521  37.547519     4.8203      8.592   217.8633 4.3671e+02     3.7585     -0.023     -0.033    26.3947   996.6982 0.0000e+00
     -0.024      0.001     5.2760     65.512     36.520  37.546584     4.8435      8.590   218.0780 4.3661e+02     3.7624     -0.023     -0.034    26.3960   996.6979 0.0000e+00
     -0.024      0.001     5.2599     65.312     36.520  37.547746     4.8434      8.588   218.1550 4.3635e+02     3.7687     -0.023     -0.033    26.3970   996.6976 0.0000e+00
     -0.023      0.001     5.2428     65.100     36.532  37.561567     4.8442      8.586   218.1918 4.3617e+02     3.7684     -0.023     -0.034    26.3981   996.6972 0.0000e+00
     -0.022      0.001     5.2263     64.897     36.556  37.586746     4.8272      8.585   218.3512 4.3593e+02     3.8242     -0.022     -0.032    26.3991   996.6970 0.0000e+00
     -0.022      0.001     5.2114     64.713     36.567  37.598296     4.7941      8.583   218.5332 4.3583e+02     3.9517     -0.022     -0.031    26.4000   996.6968 0.0000e+00
     -0.023      0.001     5.1974     64.541     36.543  37.574269     4.7907      8.581   218.7577 4.3599e+02     4.0330     -0.022     -0.032    26.4010   996.6965 0.0000e+00
     -0.023      0.001     5.1837     64.372     36.518  37.550138     4.7951      8.579   219.0871 4.3621e+02     4.0535     -0.022     -0.032    26.4020   996.6963 0.0000e+00
     -0.022      0.000     5.1695     64.196     36.527  37.560422     4.7864      8.577   219.3328 4.3632e+02     4.0354     -0.022     -0.032    26.4031   996.6960 0.0000e+00
     -0.021      0.000     5.1560     64.030     36.537  37.571659     4.7890      8.575   219.4058 4.3625e+02     3.9780     -0.021     -0.030    26.4042   996.6957 0.0000e+00
     -0.021      0.001     5.1422     63.860     36.524  37.559059     4.7927      8.574   219.4529 4.3622e+02     3.9499     -0.021     -0.030    26.4055   996.6953 0.0000e+00
     -0.022      0.001     5.1260     63.660     36.500  37.535030     4.7875      8.572   219.5583 4.3621e+02     3.9894     -0.022     -0.032    26.4064   996.6951 0.0000e+00
     -0.022      0.001     5.1109     63.473     36.500  37.535030     4.7691      8.570   219.6477 4.3590e+02     3.9976     -0.022     -0.032    26.4074   996.6948 0.0000e+00
     -0.022      0.000     5.0992     63.329     36.522  37.559056     4.7439      8.569   219.6728 4.3560e+02     3.9507     -0.022     -0.031    26.4086   996.6945 0.0000e+00
     -0.021      0.000     5.0881     63.191     36.534  37.571636     4.7345      8.568   219.6040 4.3494e+02     3.9468     -0.020     -0.029    26.4098   996.6942 0.0000e+00
     -0.021      0.001     5.0751     63.031     36.522  37.560180     4.7339      8.567   219.3320 4.3429e+02     3.9833     -0.020     -0.029    26.4108   996.6939 0.0000e+00
     -0.021      0.001     5.0611     62.859     36.509  37.547494     4.7010      8.566   219.0511 4.3431e+02     4.0315     -0.020     -0.029    26.4115   996.6937 0.0000e+00
     -0.022      0.002     5.0487     62.707     36.507  37.545195     4.6404      8.566   218.9610 4.3411e+02     4.0710     -0.022     -0.031    26.4124   996.6934 0.0000e+00
     -0.022      0.003     5.0392     62.589     36.494  37.532387     4.6088      8.565   218.9307 4.3450e+02     4.0673     -0.021     -0.031    26.4133   996.6932 0.0000e+00
     -0.021      0.006     5.0315     62.494     36.481  37.519578     4.6135      8.564   218.8567 4.3434e+02     4.0516     -0.020     -0.029    26.4145   996.6929 0.0000e+00
     -0.018      0.009     5.0260     62.424     36.479  37.517278     4.6625      8.562   218.7547 4.3064e+02     4.1111     -0.017     -0.025    26.4155   996.6926 0.0000e+00
     -0.016      0.011     5.0228     62.384     36.467  37.504581     4.7413      8.561   218.7306 4.2370e+02     4.1966     -0.015     -0.022    26.4160   996.6925 0.0000e+00
     -0.013      0.013     5.0213     62.365     36.456  37.493011     4.7768      8.558   218.6501 4.2020e+02     4.2004     -0.014     -0.019    26.4167   996.6923 0.0000e+00
     -0.008      0.013     5.0216     62.370     36.467  37.504329     4.7719      8.554   218.2986 4.2554e+02     4.1906     -0.008     -0.012    26.4169   996.6923 0.0000e+00
     -0.004      0.014     5.0209     62.360     36.477  37.514483     4.7685      8.551   217.7500 4.2928e+02     4.2087     -0.004     -0.006    26.4165   996.6924 0.0000e+00
     -0.000      0.017     5.0192     62.338     36.453  37.488826     4.7705      8.542   216.9210 4.2196e+02     4.1562     -0.000     -0.000    26.4157   996.6926 0.0000e+00
      0.002      0.023     5.0236     62.386     36.293  37.321056     4.7705      8.526   215.7612 3.9049e+02     4.0477      0.002      0.003    26.4152   996.6928 0.0000e+00
      0.006      0.033     5.0560     62.774     35.999  37.009362     4.7679      8.506   214.6538 3.4831e+02     4.0118      0.005      0.007    26.4160   996.6926 0.0000e+00
      0.013      0.049     5.1890     64.392     35.783  36.766869     4.7648      8.485   214.0286 3.2074e+02     4.0163      0.011      0.015    26.4165   996.6925 0.0000e+00
      0.023      0.068     5.5419     68.715     35.722  36.674089     4.7935      8.466   213.9663 2.9253e+02     4.0697      0.021      0.029    26.4160   996.6927 0.0000e+00
