Data/DataNotYetUploadedToEDI/Raw_CTD/RawDownloads/080520_ccr50.cnv
* Sea-Bird SBE19plus  Data File:
* FileName = C:\DATA\080520_ccr50_0004.hex
* Software version 2.8.0.119
* Temperature SN = 7809
* Conductivity SN = 7809
* System UpLoad Time = Aug 05 2020 16:00:06
* <ApplicationData>
* <Seaterm232>
# nquan = 16
# nvalues = 2105                        
# units = specified
# name 0 = depFM: Depth [fresh water, m]
# name 1 = dz/dtM: Descent Rate [m/s]
# name 2 = sbeox0ML/L: Oxygen, SBE 43 [ml/l]
# name 3 = sbeox0PS: Oxygen, SBE 43 [% saturation]
# name 4 = specc: Specific Conductance [uS/cm]
# name 5 = c0uS/cm: Conductivity [uS/cm]
# name 6 = flECO-AFL: Fluorescence, WET Labs ECO-AFL/FL [mg/m^3]
# name 7 = ph: pH
# name 8 = orp: Oxidation Reduction Potential [mV]
# name 9 = par/sat/log: PAR/Logarithmic, Satlantic
# name 10 = turbWETntu0: Turbidity, WET Labs ECO [NTU]
# name 11 = prdM: Pressure, Strain Gauge [db]
# name 12 = prdE: Pressure, Strain Gauge [psi]
# name 13 = tv290C: Temperature [ITS-90, deg C]
# name 14 = density00: Density [density, kg/m^3]
# name 15 = flag:  0.000e+00
# span 0 =     -0.415,     21.135       
# span 1 =     -0.384,      0.229       
# span 2 =     0.4964,     6.7281       
# span 3 =      6.326,    112.390       
# span 4 =      6.761,    111.591       
# span 5 =   7.152586,  77.312406       
# span 6 =    -1.5407,     3.4246       
# span 7 =     10.734,     12.420       
# span 8 =   261.0365,   330.5501       
# span 9 = 1.2320e-01, 2.9568e+03       
# span 10 =    -8.5368,   962.3206      
# span 11 =     -0.408,     20.727      
# span 12 =     -0.592,     30.062      
# span 13 =     9.6381,    34.1354      
# span 14 =   994.3395,   999.8745      
# span 15 = 0.0000e+00, 0.0000e+00      
# interval = seconds: 0.25
# start_time = Aug 04 2020 22:23:32 [Instrument's time stamp, header]
# bad_flag = -9.990e-29
*END*
[from data line 181]
      0.213      0.021     5.3772     98.465     50.488  53.675853    -0.2524     12.303   265.0732 1.8299e+03     0.2634      0.206      0.299    28.1546   996.2153 0.0000e+00
      0.227      0.015     5.3795     98.477     50.490  53.675958    -0.2678     12.302   264.8810 1.6309e+03     0.2816      0.224      0.327    28.1565   996.2149 0.0000e+00
      0.237     -0.000     5.3747     98.452     50.501  53.687721    -0.2673     12.302   264.2245 1.5284e+03     0.3185      0.237      0.343    28.1566   996.2149 0.0000e+00
      0.236     -0.023     5.3759     98.428     50.502  53.691061    -0.2566     12.301   263.7607 1.4345e+03     0.3309      0.235      0.340    28.1534   996.2158 0.0000e+00
      0.226     -0.053     5.3786     98.485     50.522  53.716353    -0.2431     12.301   263.5751 1.2825e+03     0.3629      0.224      0.325    28.1499   996.2168 0.0000e+00
      0.208     -0.085     5.3795     98.560     50.541  53.739476    -0.2563     12.300   263.1852 1.4008e+03     0.4306      0.207      0.298    28.1485   996.2171 0.0000e+00
      0.182     -0.115     5.3784     98.501     50.517  53.716599    -0.2925     12.298   262.8324 1.8050e+03     0.5318      0.181      0.262    28.1485   996.2169 0.0000e+00
      0.147     -0.135     5.3731     98.295     50.493  53.693799    -0.3083     12.298   262.8374 2.1208e+03     0.6244      0.146      0.212    28.1505   996.2162 0.0000e+00
      0.105     -0.144     5.3778     98.062     50.512  53.717858    -0.3136     12.297   262.9010 2.2363e+03     0.7607      0.105      0.152    28.1546   996.2149 0.0000e+00
      0.057     -0.138     5.3862     97.927     50.542  53.753447    -0.4423     12.296   262.7411 2.2422e+03     2.0084      0.057      0.084    28.1585   996.2136 0.0000e+00
      0.010     -0.122     5.3824     97.884     50.531  53.743038    -0.6913     12.295   262.6248 2.2131e+03     4.2430      0.004      0.004    28.1597   996.2130 0.0000e+00
     -0.025     -0.105     5.3686     97.877     50.509  53.719039    -0.8361     12.295   262.6134 2.1836e+03     5.3949     -0.031     -0.045    28.1606   996.2126 0.0000e+00
     -0.041     -0.095     5.3516     97.905     50.510  53.717322    -0.8382     12.295   262.3450 2.1600e+03     5.3954     -0.046     -0.065    28.1657   996.2110 0.0000e+00
     -0.044     -0.093     5.3447     97.955     50.516  53.722278    -0.6784     12.296   261.6168 2.1197e+03     4.2824     -0.044     -0.063    28.1713   996.2094 0.0000e+00
     -0.051     -0.100     5.3444     98.020     50.450  53.651934    -0.3921     12.295   261.0365 2.0500e+03     2.1354     -0.039     -0.058    28.1726   996.2091 0.0000e+00
     -0.077     -0.109     5.3426     98.085     50.368  53.565428    -0.2468     12.293   261.0928 1.9853e+03     0.9284     -0.070     -0.102    28.1713   996.2093 0.0000e+00
     -0.121     -0.113     5.3456     98.101     50.424  53.629025    -0.2567     12.290   261.6096 1.9196e+03     0.8125     -0.118     -0.171    28.1689   996.2098 0.0000e+00
     -0.171     -0.100     5.3484     98.016     50.508  53.722257    -0.2639     12.286   262.4664 1.8241e+03     0.8028     -0.169     -0.247    28.1667   996.2102 0.0000e+00
     -0.212     -0.060     5.3520     97.845     50.523  53.740009    -0.1625     12.284   263.1069 1.7348e+03     0.8111     -0.217     -0.315    28.1661   996.2102 0.0000e+00
     -0.234      0.005     5.3567     97.649     50.501  53.716635     0.0253     12.284   263.2445 1.6974e+03     0.8437     -0.238     -0.344    28.1670   996.2097 0.0000e+00
     -0.229      0.081     5.3585     97.456     50.482  53.693697     0.1185     12.285   263.1836 1.7277e+03     0.8541     -0.236     -0.344    28.1709   996.2086 0.0000e+00
     -0.191      0.151     5.3532     97.284     50.507  53.716713     0.0869     12.285   262.9728 1.8018e+03     0.8001     -0.200     -0.291    28.1755   996.2075 0.0000e+00
     -0.123      0.203     5.3417     97.159     50.534  53.740861    -0.1656     12.285   262.7613 1.5862e+03     0.7742     -0.125     -0.181    28.1777   996.2072 0.0000e+00
     -0.042      0.228     5.3310     97.101     50.529  53.731605    -0.5983     12.284   262.6905 1.2428e+03     0.8160     -0.040     -0.058    28.1772   996.2078 0.0000e+00
      0.036      0.227     5.3202     97.097     50.532  53.731815    -0.8251     12.284   262.6340 1.3740e+03     0.8244      0.041      0.060    28.1748   996.2088 0.0000e+00
      0.099      0.202     5.3107     97.102     50.545  53.743391    -0.8287     12.283   263.3681 1.6037e+03     0.8074      0.105      0.151    28.1709   996.2102 0.0000e+00
      0.144      0.163     5.3039     97.093     50.546  53.744547    -0.6892     12.282   264.8561 1.6214e+03     0.7134      0.146      0.212    28.1661   996.2118 0.0000e+00
      0.175      0.122     5.3011     97.085     50.547  53.745787    -0.4357     12.281   265.4823 1.6196e+03     0.5796      0.174      0.254    28.1614   996.2133 0.0000e+00
      0.196      0.085     5.3028     97.101     50.557  53.758392    -0.2907     12.282   265.2603 1.5766e+03     0.5981      0.194      0.282    28.1584   996.2142 0.0000e+00
      0.209      0.056     5.3035     97.158     50.566  53.769931    -0.2518     12.282   265.0969 1.6286e+03     0.6618      0.207      0.298    28.1572   996.2146 0.0000e+00
      0.217      0.032     5.3023     97.225     50.555  53.758270    -0.2331     12.282   265.1415 1.6446e+03     0.6289      0.213      0.308    28.1568   996.2148 0.0000e+00
      0.223      0.011     5.3018     97.287     50.543  53.744422    -0.2455     12.282   265.2831 1.4367e+03     0.5786      0.220      0.319    28.1579   996.2146 0.0000e+00
      0.225     -0.006     5.3012     97.348     50.529  53.729523    -0.2589     12.282   265.4321 1.4352e+03     0.5691      0.224      0.324    28.1597   996.2140 0.0000e+00
      0.222     -0.020     5.3058     97.378     50.506  53.705160    -0.2520     12.282   265.5676 1.6454e+03     0.5826      0.221      0.320    28.1609   996.2136 0.0000e+00
      0.212     -0.028     5.3096     97.342     50.505  53.703901    -0.2375     12.282   265.6303 1.6452e+03     0.6037      0.209      0.302    28.1610   996.2135 0.0000e+00
      0.197     -0.031     5.3123     97.232     50.513  53.714302    -0.2279     12.281   265.6743 1.5913e+03     0.6187      0.193      0.279    28.1608   996.2135 0.0000e+00
      0.182     -0.028     5.3169     97.097     50.503  53.703888    -0.2301     12.280   265.7551 1.6908e+03     0.5915      0.176      0.255    28.1608   996.2134 0.0000e+00
      0.173     -0.021     5.3188     96.983     50.505  53.705023    -0.2452     12.280   265.7470 1.7383e+03     0.5500      0.166      0.242    28.1603   996.2135 0.0000e+00
      0.173     -0.012     5.3179     96.899     50.528  53.728023    -0.2579     12.280   265.6630 1.6192e+03     0.5291      0.168      0.244    28.1601   996.2136 0.0000e+00
      0.176     -0.005     5.3099     96.790     50.529  53.727919    -0.2499     12.279   265.5994 1.5203e+03     0.4766      0.173      0.251    28.1610   996.2133 0.0000e+00
      0.178     -0.001     5.3018     96.610     50.508  53.703764    -0.2251     12.279   265.5798 1.4859e+03     0.3955      0.175      0.254    28.1620   996.2131 0.0000e+00
      0.179     -0.001     5.2952     96.447     50.498  53.690021    -0.2249     12.280   265.5991 1.4696e+03     0.3376      0.176      0.255    28.1615   996.2132 0.0000e+00
      0.179     -0.004     5.2917     96.380     50.499  53.688772    -0.2564     12.281   265.6605 1.5856e+03     0.2920      0.177      0.256    28.1603   996.2136 0.0000e+00
      0.177     -0.005     5.2885     96.394     50.500  53.688659    -0.2731     12.280   265.8918 1.7256e+03     0.3241      0.174      0.253    28.1589   996.2141 0.0000e+00
      0.172     -0.004     5.2755     96.448     50.503  53.688649    -0.2547     12.279   266.1588 1.7167e+03     0.4860      0.168      0.243    28.1562   996.2147 0.0000e+00
      0.168     -0.003     5.2649     96.468     50.505  53.688648    -0.2348     12.279   266.1355 1.5162e+03     0.6358      0.162      0.235    28.1539   996.2152 0.0000e+00
      0.168     -0.003     5.2628     96.407     50.506  53.688648    -0.2419     12.279   265.8679 1.3399e+03     0.6584      0.163      0.237    28.1522   996.2158 0.0000e+00
      0.172     -0.002     5.2636     96.287     50.506  53.688648    -0.2548     12.278   265.5900 1.3943e+03     0.5538      0.169      0.245    28.1499   996.2165 0.0000e+00
      0.174      0.001     5.2691     96.132     50.507  53.688648    -0.2583     12.277   265.3562 1.4981e+03     0.4356      0.173      0.251    28.1475   996.2172 0.0000e+00
      0.173      0.005     5.2716     95.972     50.510  53.688648    -0.2549     12.277   265.3648 1.6203e+03     0.3961      0.170      0.247    28.1455   996.2178 0.0000e+00
      0.169      0.007     5.2671     95.866     50.513  53.688639    -0.2425     12.277   265.6076 1.6884e+03     0.3861      0.165      0.239    28.1444   996.2181 0.0000e+00
      0.169      0.007     5.2604     95.869     50.516  53.688536    -0.2325     12.276   265.7104 1.6174e+03     0.3830      0.163      0.237    28.1439   996.2182 0.0000e+00
      0.174      0.006     5.2518     95.957     50.517  53.687400    -0.2381     12.275   265.6617 1.5764e+03     0.3585      0.169      0.245    28.1426   996.2186 0.0000e+00
      0.182      0.005     5.2418     96.048     50.507  53.674898    -0.2536     12.274   265.7073 1.5474e+03     0.3295      0.180      0.262    28.1404   996.2193 0.0000e+00
      0.186      0.005     5.2349     96.131     50.497  53.664390    -0.2583     12.274   265.9180 1.5019e+03     0.3766      0.186      0.270    28.1370   996.2203 0.0000e+00
      0.183      0.004     5.2357     96.262     50.519  53.687379    -0.2465     12.274   266.1439 1.5782e+03     0.4821      0.181      0.263    28.1333   996.2213 0.0000e+00
      0.178      0.002     5.2434     96.438     50.529  53.698814    -0.2350     12.274   266.2021 1.6790e+03     0.5741      0.171      0.249    28.1307   996.2220 0.0000e+00
      0.176      0.002     5.2487     96.577     50.506  53.675614    -0.2339     12.273   266.1053 1.6421e+03     0.5967      0.170      0.246    28.1294   996.2224 0.0000e+00
      0.179      0.003     5.2509     96.605     50.491  53.660926    -0.2429     12.272   266.0055 1.5481e+03     0.5490      0.176      0.255    28.1295   996.2224 0.0000e+00
      0.184      0.005     5.2583     96.508     50.478  53.648242    -0.2481     12.272   265.9418 1.5018e+03     0.4788      0.181      0.264    28.1297   996.2223 0.0000e+00
      0.187      0.005     5.2702     96.393     50.478  53.649283    -0.2402     12.271   265.8509 1.5448e+03     0.3993      0.184      0.267    28.1300   996.2223 0.0000e+00
      0.188      0.003     5.2789     96.380     50.500  53.673523    -0.2332     12.270   265.7674 1.7950e+03     0.3443      0.186      0.269    28.1310   996.2220 0.0000e+00
      0.187     -0.001     5.2814     96.441     50.514  53.687265    -0.2388     12.269   265.7065 1.9764e+03     0.3280      0.184      0.267    28.1322   996.2216 0.0000e+00
      0.185     -0.003     5.2734     96.505     50.517  53.688410    -0.2511     12.269   265.6317 1.7994e+03     0.3057      0.181      0.263    28.1333   996.2213 0.0000e+00
      0.183     -0.003     5.2630     96.580     50.518  53.687370    -0.2583     12.270   265.6371 1.6409e+03     0.2797      0.179      0.260    28.1345   996.2209 0.0000e+00
      0.182     -0.002     5.2642     96.705     50.507  53.674688    -0.2590     12.271   265.7712 1.6197e+03     0.2883      0.178      0.258    28.1351   996.2208 0.0000e+00
      0.182      0.000     5.2694     96.845     50.497  53.662090    -0.2498     12.270   265.9628 1.6406e+03     0.3418      0.179      0.259    28.1341   996.2211 0.0000e+00
      0.183      0.003     5.2728     96.929     50.497  53.662081    -0.2419     12.270   266.0610 1.6670e+03     0.3761      0.179      0.260    28.1323   996.2216 0.0000e+00
      0.183      0.005     5.2754     96.913     50.509  53.674574    -0.2398     12.270   266.0116 1.5480e+03     0.3604      0.179      0.260    28.1302   996.2222 0.0000e+00
      0.184      0.005     5.2835     96.793     50.520  53.686112    -0.2243     12.269   265.9682 1.4930e+03     0.3240      0.179      0.259    28.1284   996.2227 0.0000e+00
      0.188      0.001     5.2929     96.594     50.508  53.674563    -0.1974     12.268   265.9663 1.6227e+03     0.3136      0.184      0.267    28.1278   996.2229 0.0000e+00
      0.193     -0.003     5.2983     96.391     50.494  53.661965    -0.1728     12.268   265.9892 1.7754e+03     0.3375      0.193      0.280    28.1275   996.2230 0.0000e+00
      0.193     -0.006     5.2976     96.272     50.491  53.660810    -0.1653     12.269   266.0727 1.8427e+03     0.4068      0.192      0.278    28.1273   996.2231 0.0000e+00
      0.185     -0.008     5.2903     96.243     50.491  53.660602    -0.1723     12.269   266.1154 1.7571e+03     0.5332      0.182      0.263    28.1272   996.2231 0.0000e+00
      0.178     -0.010     5.2786     96.310     50.490  53.659457    -0.1819     12.269   266.0758 1.6650e+03     0.5954      0.173      0.251    28.1281   996.2227 0.0000e+00
      0.175     -0.010     5.2640     96.476     50.479  53.646963    -0.1862     12.268   266.1091 1.6503e+03     0.5755      0.171      0.248    28.1301   996.2222 0.0000e+00
      0.175     -0.007     5.2586     96.642     50.469  53.636560    -0.1957     12.268   266.1743 1.6075e+03     0.4994      0.172      0.249    28.1321   996.2216 0.0000e+00
      0.175     -0.002     5.2570     96.736     50.491  53.660696    -0.2201     12.268   266.1753 1.5625e+03     0.3965      0.172      0.250    28.1322   996.2216 0.0000e+00
      0.175      0.002     5.2591     96.774     50.512  53.684746    -0.2434     12.267   266.2077 1.5142e+03     0.3611      0.173      0.251    28.1307   996.2220 0.0000e+00
      0.175      0.005     5.2718     96.794     50.501  53.673302    -0.2575     12.266   266.2217 1.4731e+03     0.3451      0.172      0.250    28.1306   996.2220 0.0000e+00
      0.176      0.006     5.2820     96.807     50.479  53.649357    -0.2375     12.265   266.0868 1.5676e+03     0.3410      0.172      0.250    28.1320   996.2217 0.0000e+00
      0.179      0.005     5.2864     96.839     50.479  53.649273    -0.1935     12.265   265.8668 1.7418e+03     0.3803      0.175      0.254    28.1329   996.2214 0.0000e+00
      0.183      0.004     5.2872     96.907     50.501  53.672284    -0.1726     12.265   265.7990 1.8066e+03     0.4080      0.180      0.261    28.1336   996.2212 0.0000e+00
      0.187      0.004     5.2887     96.948     50.503  53.673534    -0.1759     12.265   265.8686 1.6761e+03     0.4002      0.186      0.269    28.1340   996.2211 0.0000e+00
      0.187      0.004     5.2889     96.917     50.495  53.664381    -0.1856     12.265   265.9341 1.5748e+03     0.3897      0.185      0.268    28.1341   996.2211 0.0000e+00
      0.182      0.003     5.2893     96.851     50.518  53.688640    -0.1847     12.264   265.9893 1.6465e+03     0.4535      0.176      0.257    28.1339   996.2211 0.0000e+00
      0.180      0.000     5.2953     96.786     50.541  53.712795    -0.1751     12.264   265.9334 1.6950e+03     0.5535      0.174      0.253    28.1329   996.2214 0.0000e+00
      0.184     -0.009     5.2989     96.724     50.530  53.702393    -0.1747     12.263   265.8607 1.6426e+03     0.6020      0.179      0.260    28.1320   996.2217 0.0000e+00
      0.189     -0.023     5.2958     96.649     50.516  53.689899    -0.1798     12.261   265.8847 1.6003e+03     0.6290      0.188      0.273    28.1317   996.2218 0.0000e+00
      0.189     -0.040     5.2913     96.529     50.512  53.688764    -0.1988     12.261   265.7932 1.6287e+03     0.5706      0.189      0.276    28.1317   996.2218 0.0000e+00
