Data/DataNotYetUploadedToEDI/Raw_CTD/RawDownloads/080519_fcr30.cnv
* Sea-Bird SBE19plus  Data File:
* FileName = C:\DATA\080519_fcr50_0003.hex
* Software version 2.8.0.119 SB_Terminal.dll
* Temperature SN = 7809
* Conductivity SN = 7809
* System UpLoad Time = Aug 05 2019 17:59:04
* <ApplicationData>
* <Seaterm232>
# nquan = 16
# nvalues = 463                         
# units = specified
# name 0 = depFM: Depth [fresh water, m]
# name 1 = dz/dtM: Descent Rate [m/s]
# name 2 = sbeox0Mg/L: Oxygen, SBE 43 [mg/l]
# name 3 = sbeox0PS: Oxygen, SBE 43 [% saturation]
# name 4 = specc: Specific Conductance [uS/cm]
# name 5 = c0uS/cm: Conductivity [uS/cm]
# name 6 = flECO-AFL: Fluorescence, WET Labs ECO-AFL/FL [mg/m^3]
# name 7 = ph: pH
# name 8 = orp: Oxidation Reduction Potential [mV]
# name 9 = par/sat/log: PAR/Logarithmic, Satlantic
# name 10 = turbWETntu0: Turbidity, WET Labs ECO [NTU]
# name 11 = prdM: Pressure, Strain Gauge [db]
# name 12 = prdE: Pressure, Strain Gauge [psi]
# name 13 = tv290C: Temperature [ITS-90, deg C]
# name 14 = density00: Density [density, kg/m^3]
# name 15 = flag:  0.000e+00
# span 0 =     -0.581,      5.229       
# span 1 =     -0.093,      0.343       
# span 2 =     0.1011,     8.7793       
# span 3 =      0.940,    109.077       
# span 4 =      1.444,     72.083       
# span 5 =   1.418283,  56.399368       
# span 6 =    -0.1280,     8.8842       
# span 7 =      6.874,      8.519       
# span 8 =   136.4639,   913.3452       
# span 9 = 4.7011e-01, 6.0707e+02       
# span 10 =    -0.5461,     7.1907      
# span 11 =     -0.570,      5.128      
# span 12 =     -0.827,      7.438      
# span 13 =    11.9422,    26.4877      
# span 14 =   996.6726,   999.5493      
# span 15 = 0.0000e+00, 0.0000e+00      
# interval = seconds: 0.25
# start_time = Aug 05 2019 11:47:15 [Instrument's time stamp, header]
# bad_flag = -9.990e-29
*END*
[from data line 181]
      0.338      0.060     7.7088     95.840     35.706  36.760760     4.3303      8.260   192.1703 1.7130e+02     3.3289      0.333      0.484    26.4471   996.6854 0.0000e+00
      0.350      0.070     8.0053     99.543     35.673  36.733618     4.3301      8.255   192.8743 1.6290e+02     3.3474      0.346      0.501    26.4360   996.6885 0.0000e+00
      0.359      0.081     8.2872    103.046     35.622  36.680974     4.3547      8.254   193.3527 1.5246e+02     3.2985      0.348      0.504    26.4372   996.6882 0.0000e+00
      0.377      0.091     8.5257    105.994     35.581  36.632015     4.4113      8.256   193.7384 1.4076e+02     3.2627      0.362      0.525    26.4554   996.6833 0.0000e+00
      0.411      0.100     8.6928    108.046     35.546  36.585960     4.4423      8.258   194.0099 1.2886e+02     3.2745      0.401      0.581    26.4724   996.6789 0.0000e+00
      0.448      0.105     8.7758    109.052     35.537  36.568406     4.4523      8.260   194.3122 1.2025e+02     3.3421      0.442      0.641    26.4837   996.6760 0.0000e+00
      0.479      0.106     8.7793    109.077     35.584  36.610172     4.4970      8.261   194.6406 1.1518e+02     3.3930      0.471      0.684    26.4830   996.6764 0.0000e+00
      0.504      0.103     8.7213    108.345     35.624  36.646637     4.5668      8.261   194.9684 1.1191e+02     3.3653      0.494      0.718    26.4713   996.6796 0.0000e+00
      0.525      0.098     8.6302    107.214     35.606  36.628469     4.6029      8.260   195.4367 1.0996e+02     3.3340      0.516      0.748    26.4561   996.6838 0.0000e+00
      0.545      0.094     8.5343    106.026     35.559  36.580920     4.6129      8.259   195.9150 1.0823e+02     3.3429      0.535      0.775    26.4430   996.6874 0.0000e+00
      0.567      0.093     8.4534    105.020     35.496  36.516028     4.6616      8.258   196.2770 1.0633e+02     3.3411      0.554      0.803    26.4326   996.6903 0.0000e+00
      0.592      0.093     8.3980    104.322     35.464  36.478582     4.7330      8.258   196.5453 1.0471e+02     3.3122      0.581      0.841    26.4268   996.6920 0.0000e+00
      0.619      0.092     8.3647    103.890     35.500  36.508985     4.7653      8.258   196.7500 1.0300e+02     3.3222      0.608      0.882    26.4286   996.6916 0.0000e+00
      0.645      0.089     8.3402    103.568     35.562  36.566264     4.7744      8.258   196.9448 1.0086e+02     3.3628      0.633      0.918    26.4324   996.6907 0.0000e+00
      0.669      0.087     8.3150    103.238     35.601  36.599878     4.7824      8.256   197.1800 9.9092e+01     3.3449      0.659      0.956    26.4323   996.6908 0.0000e+00
      0.689      0.086     8.2919    102.931     35.606  36.598040     4.8012      8.253   197.4426 9.7925e+01     3.3022      0.677      0.983    26.4269   996.6923 0.0000e+00
      0.704      0.086     8.2824    102.792     35.623  36.607500     4.8364      8.251   197.7101 9.6550e+01     3.3056      0.690      0.999    26.4154   996.6955 0.0000e+00
      0.722      0.087     8.2954    102.933     35.673  36.650768     4.8530      8.252   198.0051 9.4451e+01     3.3203      0.705      1.023    26.4051   996.6983 0.0000e+00
      0.748      0.087     8.3301    103.336     35.709  36.676876     4.8550      8.255   198.3422 9.1957e+01     3.3162      0.731      1.061    26.3978   996.7005 0.0000e+00
      0.777      0.086     8.3755    103.861     35.715  36.669264     4.8860      8.259   198.6887 8.9491e+01     3.2566      0.764      1.106    26.3864   996.7037 0.0000e+00
      0.802      0.084     8.4230    104.410     35.684  36.622185     4.9322      8.263   199.0107 8.7617e+01     3.1565      0.789      1.145    26.3742   996.7071 0.0000e+00
      0.822      0.080     8.4768    105.035     35.631  36.551925     4.9457      8.266   199.3964 8.6619e+01     3.0885      0.808      1.172    26.3661   996.7094 0.0000e+00
      0.838      0.075     8.5411    105.788     35.614  36.517927     4.9452      8.269   199.7394 8.5852e+01     3.0577      0.821      1.190    26.3519   996.7133 0.0000e+00
      0.853      0.071     8.6088    106.579     35.641  36.528443     4.9526      8.272   199.8023 8.4905e+01     3.1121      0.834      1.210    26.3284   996.7196 0.0000e+00
      0.870      0.069     8.6696    107.289     35.680  36.552113     4.9566      8.275   199.7266 8.4098e+01     3.2211      0.853      1.237    26.3075   996.7254 0.0000e+00
      0.889      0.071     8.7166    107.833     35.692  36.550199     4.9592      8.277   199.6837 8.3393e+01     3.2950      0.871      1.263    26.2871   996.7309 0.0000e+00
      0.908      0.076     8.7483    108.195     35.658  36.505287     4.9666      8.277   199.5419 8.2715e+01     3.3491      0.891      1.292    26.2621   996.7377 0.0000e+00
      0.926      0.080     8.7686    108.421     35.617  36.453368     5.0977      8.278   199.3038 8.2204e+01     3.3511      0.909      1.318    26.2373   996.7445 0.0000e+00
      0.944      0.081     8.7780    108.506     35.605  36.430208     5.3480      8.279   199.1277 8.1409e+01     3.3190      0.924      1.340    26.2145   996.7506 0.0000e+00
      0.967      0.080     8.7731    108.411     35.603  36.415661     5.4792      8.282   199.1328 8.0077e+01     3.3221      0.946      1.372    26.1946   996.7561 0.0000e+00
      0.993      0.078     8.7539    108.141     35.604  36.404399     5.4875      8.286   199.3650 7.8820e+01     3.3228      0.976      1.415    26.1803   996.7600 0.0000e+00
      1.015      0.077     8.7276    107.793     35.628  36.420959     5.5437      8.288   199.6988 7.8059e+01     3.3607      0.999      1.448    26.1698   996.7628 0.0000e+00
      1.030      0.075     8.7038    107.484     35.637  36.425467     5.6553      8.289   199.9848 7.7420e+01     3.4526      1.011      1.466    26.1546   996.7670 0.0000e+00
      1.044      0.071     8.6878    107.266     35.615  36.395426     5.7189      8.292   200.2418 7.6480e+01     3.4833      1.023      1.484    26.1347   996.7723 0.0000e+00
      1.063      0.066     8.6791    107.133     35.605  36.375076     5.7230      8.295   200.4831 7.5297e+01     3.4692      1.041      1.510    26.1170   996.7772 0.0000e+00
      1.084      0.064     8.6743    107.066     35.603  36.369821     5.7300      8.297   200.7521 7.4235e+01     3.4791      1.064      1.543    26.1031   996.7810 0.0000e+00
      1.102      0.065     8.6760    107.088     35.565  36.331878     5.8044      8.297   201.0847 7.3569e+01     3.5044      1.084      1.571    26.1015   996.7814 0.0000e+00
      1.114      0.069     8.6881    107.200     35.482  36.233659     5.9374      8.297   201.4075 7.3159e+01     3.5124      1.093      1.585    26.0930   996.7838 0.0000e+00
      1.126      0.074     8.7091    107.345     35.425  36.134314     6.0206      8.296   201.7292 7.2577e+01     3.5108      1.101      1.597    26.0694   996.7901 0.0000e+00
      1.142      0.078     8.7333    107.462     35.439  36.082703     6.0389      8.295   202.0502 7.1541e+01     3.5182      1.117      1.620    26.0680   996.7905 0.0000e+00
      1.167      0.081     8.7523    107.508     35.478  36.053824     6.0714      8.295   202.3629 7.0192e+01     3.5039      1.143      1.657    26.0782   996.7879 0.0000e+00
      1.195      0.082     8.7596    107.443     35.518  36.038919     6.1457      8.295   202.6712 6.8905e+01     3.5012      1.174      1.702    26.0691   996.7905 0.0000e+00
      1.221      0.081     8.7534    107.248     35.551  36.029353     6.2002      8.294   203.0242 6.7932e+01     3.5180      1.200      1.740    26.0095   996.8065 0.0000e+00
      1.241      0.077     8.7325    106.893     35.560  36.001557     6.2273      8.293   203.7917 6.7342e+01     3.5106      1.219      1.768    25.8996   996.8357 0.0000e+00
      1.256      0.072     8.6952    106.341     35.550  35.956667     6.3774      8.291   204.8957 6.6851e+01     3.5430      1.231      1.786    25.7988   996.8624 0.0000e+00
      1.270      0.070     8.6450    105.627     35.561  35.930832     6.6360      8.287   205.4452 6.6113e+01     3.6475      1.244      1.805    25.7206   996.8831 0.0000e+00
      1.285      0.071     8.5868    104.807     35.613  35.943014     6.7791      8.281   205.5311 6.5268e+01     3.7255      1.259      1.827    25.6610   996.8988 0.0000e+00
      1.303      0.076     8.5179    103.855     35.688  35.976949     6.8079      8.275   205.8484 6.4294e+01     3.7651      1.275      1.850    25.6152   996.9109 0.0000e+00
      1.324      0.081     8.4344    102.732     35.774  36.023724     6.8458      8.267   206.2702 6.3114e+01     3.7986      1.298      1.882    25.5662   996.9238 0.0000e+00
      1.347      0.084     8.3384    101.471     35.849  36.064225     6.8989      8.260   206.7596 6.1871e+01     3.7700      1.320      1.914    25.5160   996.9370 0.0000e+00
      1.371      0.084     8.2344    100.130     35.899  36.085761     6.9309      8.255   207.3777 6.0566e+01     3.7147      1.344      1.949    25.4589   996.9520 0.0000e+00
      1.395      0.082     8.1231     98.723     35.929  36.093658     6.9457      8.249   207.8071 5.9425e+01     3.7192      1.370      1.987    25.3984   996.9679 0.0000e+00
      1.416      0.079     8.0084     97.284     35.950  36.096205     7.0607      8.243   207.9934 5.8579e+01     3.7596      1.390      2.016    25.3412   996.9829 0.0000e+00
      1.434      0.077     7.8944     95.846     35.991  36.116530     7.2721      8.237   208.1682 5.7765e+01     3.7763      1.406      2.039    25.2897   996.9964 0.0000e+00
      1.450      0.075     7.7845     94.441     36.053  36.148968     7.3863      8.232   208.3707 5.6909e+01     3.7575      1.422      2.062    25.2491   997.0070 0.0000e+00
      1.468      0.075     7.6848     93.146     36.111  36.171016     7.4011      8.226   208.6352 5.6054e+01     3.7622      1.439      2.087    25.2206   997.0144 0.0000e+00
      1.488      0.076     7.5943     91.962     36.170  36.192638     7.4335      8.220   209.0444 5.5130e+01     3.7669      1.459      2.116    25.2003   997.0197 0.0000e+00
      1.509      0.079     7.5055     90.802     36.234  36.219933     7.6995      8.213   209.6179 5.4213e+01     3.8472      1.480      2.148    25.1735   997.0267 0.0000e+00
      1.529      0.080     7.4116     89.585     36.297  36.247097     8.1733      8.207   210.5793 5.3316e+01     4.0780      1.499      2.175    25.1296   997.0382 0.0000e+00
      1.550      0.078     7.3081     88.259     36.350  36.267138     8.4283      8.202   211.7199 5.2351e+01     4.1973      1.520      2.204    25.0761   997.0521 0.0000e+00
      1.572      0.074     7.1966     86.851     36.383  36.271778     8.4588      8.197   212.3960 5.1372e+01     4.1753      1.542      2.236    25.0254   997.0652 0.0000e+00
      1.593      0.072     7.0825     85.421     36.375  36.239694     8.5336      8.193   212.9892 5.0557e+01     4.2392      1.563      2.267    24.9747   997.0783 0.0000e+00
      1.609      0.072     6.9663     83.968     36.356  36.196528     8.6739      8.187   214.1605 4.9969e+01     4.3798      1.580      2.292    24.9239   997.0914 0.0000e+00
      1.622      0.073     6.8503     82.507     36.384  36.194121     8.7592      8.180   215.4594 4.9312e+01     4.4658      1.590      2.305    24.8778   997.1031 0.0000e+00
      1.637      0.074     6.7407     81.119     36.433  36.210555     8.7584      8.174   216.3038 4.8375e+01     4.4593      1.603      2.324    24.8384   997.1133 0.0000e+00
      1.658      0.073     6.6432     79.889     36.455  36.204767     8.6909      8.169   216.7987 4.7267e+01     4.3008      1.625      2.356    24.8083   997.1211 0.0000e+00
      1.683      0.070     6.5625     78.883     36.455  36.187563     8.5848      8.164   217.5717 4.6190e+01     4.0907      1.651      2.395    24.7785   997.1288 0.0000e+00
      1.706      0.068     6.4978     78.088     36.469  36.192938     8.5327      8.159   218.6807 4.5437e+01     4.0160      1.677      2.433    24.7348   997.1400 0.0000e+00
      1.722      0.067     6.4467     77.455     36.493  36.206259     8.5294      8.154   219.5386 4.5057e+01     3.9880      1.692      2.455    24.6853   997.1526 0.0000e+00
      1.731      0.067     6.4117     76.993     36.530  36.221670     8.5968      8.149   220.2863 4.4719e+01     4.0142      1.698      2.464    24.6455   997.1627 0.0000e+00
      1.741      0.067     6.3897     76.668     36.592  36.252302     8.7320      8.144   221.0113 4.4066e+01     4.1356      1.704      2.471    24.6211   997.1689 0.0000e+00
      1.759      0.069     6.3688     76.353     36.633  36.259230     8.8026      8.140   221.5073 4.3021e+01     4.2112      1.721      2.497    24.6155   997.1704 0.0000e+00
      1.784      0.074     6.3385     75.931     36.646  36.241915     8.8181      8.135   221.8943 4.1928e+01     4.2077      1.751      2.540    24.6085   997.1722 0.0000e+00
      1.807      0.079     6.2905     75.304     36.665  36.233312     8.8408      8.130   222.1631 4.1034e+01     4.1909      1.775      2.574    24.5777   997.1802 0.0000e+00
      1.827      0.081     6.2227     74.439     36.680  36.218646     8.8606      8.126   222.5203 4.0179e+01     4.2045      1.791      2.598    24.5304   997.1922 0.0000e+00
      1.846      0.080     6.1394     73.390     36.680  36.191486     8.8749      8.122   223.2027 3.9247e+01     4.2412      1.809      2.624    24.4818   997.2045 0.0000e+00
      1.866      0.077     6.0454     72.221     36.672  36.158761     8.8842      8.117   224.0465 3.8332e+01     4.2412      1.830      2.653    24.4411   997.2148 0.0000e+00
      1.886      0.075     5.9538     71.076     36.682  36.140291     8.8692      8.113   224.8068 3.7458e+01     4.2048      1.850      2.685    24.4070   997.2235 0.0000e+00
      1.906      0.075     5.8811     70.143     36.738  36.158536     8.7367      8.109   225.2536 3.6566e+01     4.1287      1.869      2.712    24.3669   997.2337 0.0000e+00
      1.924      0.075     5.8311     69.475     36.810  36.188903     8.5212      8.106   225.4914 3.5761e+01     4.0097      1.887      2.737    24.3250   997.2443 0.0000e+00
      1.941      0.076     5.7995     69.030     36.851  36.190034     8.4142      8.102   225.7043 3.4958e+01     3.9455      1.904      2.761    24.2960   997.2515 0.0000e+00
      1.959      0.078     5.7771     68.696     36.872  36.172151     8.4142      8.097   225.9342 3.4034e+01     3.9750      1.920      2.786    24.2611   997.2602 0.0000e+00
      1.979      0.083     5.7502     68.307     36.903  36.163043     8.4078      8.092   226.2922 3.3155e+01     4.0055      1.940      2.814    24.2073   997.2737 0.0000e+00
      2.000      0.087     5.7086     67.741     36.926  36.143328     8.3720      8.087   226.6768 3.2243e+01     3.9545      1.959      2.841    24.1499   997.2881 0.0000e+00
      2.024      0.089     5.6487     66.950     36.954  36.124123     8.3455      8.084   227.1431 3.1205e+01     3.9155      1.984      2.877    24.0977   997.3012 0.0000e+00
      2.051      0.088     5.5666     65.892     37.004  36.121178     8.3479      8.080   227.7998 3.0241e+01     3.9594      2.013      2.919    24.0457   997.3142 0.0000e+00
      2.077      0.086     5.4539     64.477     37.041  36.107647     8.3143      8.075   228.3358 2.9462e+01     3.9287      2.038      2.956    23.9909   997.3278 0.0000e+00
      2.098      0.084     5.3094     62.692     37.071  36.087393     8.2334      8.070   228.6343 2.8853e+01     3.8060      2.059      2.987    23.9385   997.3409 0.0000e+00
      2.115      0.084     5.1435     60.657     37.101  36.066628     8.1762      8.065   228.8278 2.8335e+01     3.7536      2.074      3.009    23.8735   997.3569 0.0000e+00
      2.132      0.085     4.9751     58.602     37.128  36.046923     8.1342      8.060   228.9539 2.7713e+01     3.7538      2.088      3.028    23.7982   997.3753 0.0000e+00
