Data/DataNotYetUploadedToEDI/Raw_CTD/RawDownloads/080519_fcr30.cnv
* Sea-Bird SBE19plus  Data File:
* FileName = C:\DATA\080519_fcr50_0003.hex
* Software version 2.8.0.119 SB_Terminal.dll
* Temperature SN = 7809
* Conductivity SN = 7809
* System UpLoad Time = Aug 05 2019 17:59:04
* <ApplicationData>
* <Seaterm232>
# nquan = 16
# nvalues = 463                         
# units = specified
# name 0 = depFM: Depth [fresh water, m]
# name 1 = dz/dtM: Descent Rate [m/s]
# name 2 = sbeox0Mg/L: Oxygen, SBE 43 [mg/l]
# name 3 = sbeox0PS: Oxygen, SBE 43 [% saturation]
# name 4 = specc: Specific Conductance [uS/cm]
# name 5 = c0uS/cm: Conductivity [uS/cm]
# name 6 = flECO-AFL: Fluorescence, WET Labs ECO-AFL/FL [mg/m^3]
# name 7 = ph: pH
# name 8 = orp: Oxidation Reduction Potential [mV]
# name 9 = par/sat/log: PAR/Logarithmic, Satlantic
# name 10 = turbWETntu0: Turbidity, WET Labs ECO [NTU]
# name 11 = prdM: Pressure, Strain Gauge [db]
# name 12 = prdE: Pressure, Strain Gauge [psi]
# name 13 = tv290C: Temperature [ITS-90, deg C]
# name 14 = density00: Density [density, kg/m^3]
# name 15 = flag:  0.000e+00
# span 0 =     -0.581,      5.229       
# span 1 =     -0.093,      0.343       
# span 2 =     0.1011,     8.7793       
# span 3 =      0.940,    109.077       
# span 4 =      1.444,     72.083       
# span 5 =   1.418283,  56.399368       
# span 6 =    -0.1280,     8.8842       
# span 7 =      6.874,      8.519       
# span 8 =   136.4639,   913.3452       
# span 9 = 4.7011e-01, 6.0707e+02       
# span 10 =    -0.5461,     7.1907      
# span 11 =     -0.570,      5.128      
# span 12 =     -0.827,      7.438      
# span 13 =    11.9422,    26.4877      
# span 14 =   996.6726,   999.5493      
# span 15 = 0.0000e+00, 0.0000e+00      
# interval = seconds: 0.25
# start_time = Aug 05 2019 11:47:15 [Instrument's time stamp, header]
# bad_flag = -9.990e-29
*END*
[from data line 91]
     -0.053 4.0981e-07     6.6107     82.150     35.198  36.219218     3.5715      8.388   172.4099 3.5511e+02     2.9950     -0.052     -0.075    26.4709   996.6771 0.0000e+00
     -0.052      0.000     6.5753     81.701     35.199  36.216671     3.5447      8.388   172.6559 3.5616e+02     2.9026     -0.051     -0.074    26.4679   996.6780 0.0000e+00
     -0.052      0.000     6.5402     81.261     35.171  36.185953     3.5302      8.387   172.9961 3.5708e+02     2.8288     -0.051     -0.074    26.4627   996.6794 0.0000e+00
     -0.052      0.001     6.5087     80.866     35.152  36.165166     3.5337      8.385   173.3406 3.5713e+02     2.7907     -0.051     -0.074    26.4525   996.6821 0.0000e+00
     -0.052      0.001     6.4813     80.521     35.145  36.155744     3.5358      8.384   173.7235 3.5638e+02     2.8357     -0.051     -0.074    26.4437   996.6844 0.0000e+00
     -0.052      0.001     6.4543     80.179     35.129  36.135491     3.5382      8.384   174.0978 3.5512e+02     2.9458     -0.051     -0.073    26.4381   996.6860 0.0000e+00
     -0.051      0.001     6.4243     79.801     35.108  36.110696     3.5364      8.383   174.4250 3.5370e+02     3.0079     -0.050     -0.072    26.4360   996.6866 0.0000e+00
     -0.051      0.001     6.3922     79.396     35.109  36.109827     3.5309      8.382   174.7544 3.5273e+02     3.0623     -0.050     -0.073    26.4350   996.6869 0.0000e+00
     -0.051      0.001     6.3588     78.978     35.126  36.124983     3.5418      8.381   175.0689 3.5226e+02     3.1783     -0.050     -0.072    26.4309   996.6880 0.0000e+00
     -0.051      0.001     6.3231     78.532     35.106  36.103534     3.5737      8.381   175.3022 3.5230e+02     3.2959     -0.050     -0.072    26.4258   996.6892 0.0000e+00
     -0.051      0.000     6.2878     78.090     35.047  36.040902     3.5951      8.381   175.5107 3.5301e+02     3.3370     -0.050     -0.072    26.4214   996.6905 0.0000e+00
     -0.051      0.000     6.2538     77.662     35.012  36.002402     3.6010      8.381   175.8689 3.5312e+02     3.3144     -0.050     -0.072    26.4186   996.6912 0.0000e+00
     -0.051      0.000     6.2188     77.222     35.031  36.018844     3.6282      8.382   176.2771 3.5253e+02     3.2514     -0.050     -0.073    26.4162   996.6919 0.0000e+00
     -0.050     -0.001     6.1827     76.769     35.064  36.049293     3.6636      8.382   176.5750 3.5208e+02     3.1664     -0.049     -0.071    26.4139   996.6925 0.0000e+00
     -0.050     -0.001     6.1471     76.322     35.069  36.053207     3.6643      8.381   176.8039 3.5130e+02     3.1059     -0.049     -0.071    26.4118   996.6930 0.0000e+00
     -0.051     -0.001     6.1138     75.905     35.022  36.002691     3.6538      8.378   177.0653 3.5038e+02     3.0761     -0.050     -0.072    26.4086   996.6939 0.0000e+00
     -0.052     -0.001     6.0827     75.515     34.969  35.946263     3.6506      8.376   177.4115 3.5002e+02     3.0689     -0.051     -0.074    26.4041   996.6951 0.0000e+00
     -0.052      0.000     6.0526     75.135     34.968  35.942173     3.6429      8.376   177.7211 3.5037e+02     3.0188     -0.051     -0.074    26.3993   996.6963 0.0000e+00
     -0.052      0.000     6.0225     74.757     34.982  35.953228     3.6464      8.376   177.9697 3.5052e+02     2.8959     -0.051     -0.074    26.3963   996.6972 0.0000e+00
     -0.051      0.001     5.9923     74.377     34.984  35.952985     3.6589      8.375   178.2667 3.4997e+02     2.8294     -0.050     -0.073    26.3941   996.6978 0.0000e+00
     -0.051      0.001     5.9630     74.009     34.972  35.939229     3.6556      8.375   178.5578 3.4910e+02     2.8364     -0.050     -0.072    26.3913   996.6985 0.0000e+00
     -0.051      0.001     5.9364     73.674     34.949  35.913840     3.6147      8.374   178.7367 3.4828e+02     2.8825     -0.050     -0.072    26.3873   996.6996 0.0000e+00
     -0.051      0.001     5.9114     73.360     34.938  35.899888     3.5629      8.372   178.8805 3.4783e+02     2.9943     -0.049     -0.071    26.3828   996.7008 0.0000e+00
     -0.051      0.000     5.8868     73.050     34.939  35.897475     3.5502      8.372   179.0920 3.4755e+02     3.0734     -0.050     -0.072    26.3789   996.7019 0.0000e+00
     -0.050 1.8626e-08     5.8638     72.759     34.929  35.884659     3.5474      8.372   179.3158 3.4737e+02     3.0844     -0.049     -0.071    26.3759   996.7027 0.0000e+00
     -0.050 2.0489e-07     5.8411     72.472     34.919  35.871860     3.5203      8.371   179.4358 3.4734e+02     3.1282     -0.049     -0.071    26.3729   996.7034 0.0000e+00
     -0.050 2.0486e-07     5.8178     72.178     34.919  35.869665     3.4914      8.370   179.5096 3.4729e+02     3.2093     -0.049     -0.071    26.3698   996.7043 0.0000e+00
     -0.051 1.8319e-08     5.7963     71.907     34.910  35.858114     3.4835      8.369   179.6055 3.4724e+02     3.2780     -0.050     -0.072    26.3661   996.7053 0.0000e+00
     -0.051 -1.694e-09     5.7771     71.664     34.914  35.859136     3.4857      8.369   179.6485 3.4721e+02     3.3368     -0.050     -0.072    26.3619   996.7064 0.0000e+00
     -0.050 -3.710e-08     5.7585     71.428     34.939  35.882007     3.4920      8.368   179.6863 3.4709e+02     3.2978     -0.049     -0.071    26.3582   996.7074 0.0000e+00
     -0.050 -4.098e-07     5.7398     71.192     34.940  35.880767     3.5082      8.367   179.8898 3.4684e+02     3.1661     -0.049     -0.070    26.3545   996.7084 0.0000e+00
     -0.051      0.000     5.7220     70.968     34.906  35.844143     3.5168      8.366   180.2170 3.4642e+02     3.0878     -0.050     -0.073    26.3509   996.7094 0.0000e+00
     -0.051      0.000     5.7048     70.750     34.884  35.820003     3.5176      8.364   180.4580 3.4574e+02     3.0724     -0.050     -0.072    26.3469   996.7106 0.0000e+00
     -0.051     -0.001     5.6878     70.534     34.909  35.842771     3.5101      8.363   180.5666 3.4498e+02     3.0786     -0.049     -0.070    26.3433   996.7115 0.0000e+00
     -0.051     -0.001     5.6714     70.327     34.933  35.865537     3.4856      8.363   180.6704 3.4437e+02     3.0645     -0.050     -0.072    26.3406   996.7121 0.0000e+00
     -0.051     -0.001     5.6555     70.127     34.912  35.841388     3.4645      8.362   180.8522 3.4327e+02     3.0331     -0.049     -0.071    26.3377   996.7129 0.0000e+00
     -0.052     -0.001     5.6397     69.929     34.877  35.804668     3.4634      8.360   181.1302 3.4186e+02     3.0267     -0.051     -0.074    26.3344   996.7138 0.0000e+00
     -0.053     -0.001     5.6252     69.745     34.877  35.802378     3.4979      8.358   181.4507 3.4126e+02     2.9875     -0.053     -0.076    26.3307   996.7148 0.0000e+00
     -0.052     -0.000     5.6119     69.576     34.891  35.813692     3.5524      8.357   181.7167 3.4132e+02     2.8862     -0.051     -0.074    26.3271   996.7158 0.0000e+00
     -0.051 -1.863e-08     5.5983     69.403     34.894  35.814513     3.5756      8.355   182.0223 3.4161e+02     2.8175     -0.050     -0.072    26.3249   996.7164 0.0000e+00
     -0.051 -2.049e-07     5.5851     69.234     34.894  35.812308     3.5801      8.354   182.3063 3.4172e+02     2.8122     -0.050     -0.072    26.3232   996.7169 0.0000e+00
     -0.051 -2.048e-07     5.5736     69.089     34.871  35.787023     3.5892      8.354   182.4834 3.4148e+02     2.8552     -0.050     -0.073    26.3204   996.7176 0.0000e+00
     -0.051 -1.724e-08     5.5630     68.953     34.850  35.762677     3.5813      8.353   182.6153 3.4096e+02     3.0104     -0.050     -0.072    26.3165   996.7186 0.0000e+00
     -0.052 -3.387e-09     5.5511     68.800     34.862  35.771816     3.5625      8.352   182.6972 3.3988e+02     3.2135     -0.051     -0.073    26.3129   996.7196 0.0000e+00
     -0.052 -3.726e-08     5.5387     68.641     34.863  35.770567     3.5527      8.351   182.8705 3.3881e+02     3.2791     -0.051     -0.074    26.3098   996.7204 0.0000e+00
     -0.052 -4.098e-07     5.5274     68.497     34.843  35.747572     3.5410      8.350   183.1624 3.3879e+02     3.2466     -0.051     -0.074    26.3067   996.7213 0.0000e+00
     -0.052      0.000     5.5168     68.361     34.845  35.747664     3.5424      8.349   183.3865 3.3935e+02     3.2134     -0.051     -0.074    26.3031   996.7222 0.0000e+00
     -0.051     -0.000     5.5056     68.219     34.871  35.771679     3.5697      8.348   183.5152 3.3928e+02     3.1725     -0.050     -0.073    26.2990   996.7233 0.0000e+00
     -0.051     -0.001     5.4944     68.077     34.885  35.784051     3.5940      8.348   183.6864 3.3874e+02     3.1460     -0.049     -0.070    26.2951   996.7244 0.0000e+00
     -0.051     -0.001     5.4839     67.943     34.873  35.770308     3.6105      8.347   183.9069 3.3842e+02     3.1224     -0.049     -0.072    26.2918   996.7253 0.0000e+00
     -0.052     -0.001     5.4765     67.850     34.838  35.732450     3.6391      8.346   184.1173 3.3830e+02     3.1496     -0.051     -0.075    26.2884   996.7261 0.0000e+00
     -0.053     -0.001     5.4708     67.777     34.815  35.707123     3.6886      8.346   184.4230 3.3811e+02     3.2448     -0.053     -0.077    26.2849   996.7271 0.0000e+00
     -0.053     -0.001     5.4628     67.673     34.827  35.717968     3.7229      8.347   184.7644 3.3792e+02     3.2899     -0.052     -0.076    26.2817   996.7280 0.0000e+00
     -0.052     -0.000     5.4540     67.560     34.847  35.736623     3.7244      8.347   184.9749 3.3764e+02     3.2691     -0.051     -0.074    26.2800   996.7284 0.0000e+00
     -0.052      0.001     5.4447     67.441     34.855  35.742268     3.7242      8.347   185.1623 3.3696e+02     3.2564     -0.051     -0.074    26.2786   996.7287 0.0000e+00
     -0.052      0.001     5.4352     67.320     34.838  35.722755     3.7206      8.346   185.3944 3.3601e+02     3.2998     -0.051     -0.074    26.2764   996.7293 0.0000e+00
     -0.052      0.001     5.4285     67.232     34.809  35.691097     3.7062      8.345   185.6300 3.3567e+02     3.3675     -0.051     -0.074    26.2729   996.7302 0.0000e+00
     -0.052      0.001     5.4225     67.156     34.797  35.676834     3.6987      8.343   185.8603 3.3614e+02     3.3860     -0.051     -0.074    26.2691   996.7313 0.0000e+00
     -0.052      0.002     5.4144     67.051     34.800  35.677241     3.6986      8.343   186.0288 3.3664e+02     3.3596     -0.051     -0.073    26.2657   996.7323 0.0000e+00
     -0.051      0.002     5.4056     66.939     34.821  35.696016     3.7395      8.344   186.1182 3.3681e+02     3.3770     -0.050     -0.072    26.2631   996.7329 0.0000e+00
     -0.050      0.002     5.3971     66.829     34.841  35.713430     3.8285      8.344   186.2528 3.3641e+02     3.4646     -0.049     -0.071    26.2607   996.7335 0.0000e+00
     -0.049      0.002     5.3882     66.714     34.827  35.697378     3.8827      8.343   186.4521 3.3525e+02     3.5345     -0.048     -0.070    26.2577   996.7344 0.0000e+00
     -0.049      0.002     5.3799     66.608     34.824  35.692339     3.8915      8.342   186.5481 3.3377e+02     3.5671     -0.048     -0.069    26.2544   996.7353 0.0000e+00
     -0.050      0.003     5.3734     66.523     34.849  35.715959     3.8659      8.342   186.5538 3.3292e+02     3.5310     -0.049     -0.071    26.2506   996.7363 0.0000e+00
     -0.050      0.006     5.3689     66.464     34.864  35.729090     3.8064      8.341   186.6067 3.3309e+02     3.3924     -0.049     -0.071    26.2468   996.7373 0.0000e+00
     -0.049      0.009     5.3656     66.422     34.860  35.724166     3.7711      8.340   186.6713 3.3379e+02     3.3007     -0.048     -0.069    26.2430   996.7383 0.0000e+00
     -0.046      0.012     5.3630     66.389     34.856  35.719893     3.7677      8.337   186.6470 3.3342e+02     3.3071     -0.046     -0.066    26.2402   996.7391 0.0000e+00
     -0.042      0.017     5.3606     66.360     34.876  35.740895     3.7738      8.333   186.6569 3.3270e+02     3.3382     -0.042     -0.060    26.2378   996.7398 0.0000e+00
     -0.036      0.022     5.3595     66.347     34.921  35.787688     3.7763      8.330   186.7047 3.3893e+02     3.4148     -0.035     -0.050    26.2351   996.7405 0.0000e+00
     -0.030      0.029     5.3642     66.410     34.971  35.841383     3.7721      8.325   186.6229 3.4988e+02     3.5120     -0.029     -0.042    26.2333   996.7410 0.0000e+00
     -0.025      0.037     5.3798     66.613     35.005  35.882362     3.7747      8.317   186.6149 3.5194e+02     3.5634     -0.027     -0.038    26.2329   996.7411 0.0000e+00
     -0.016      0.043     5.4116     67.023     35.016  35.902352     3.8256      8.306   186.6929 3.4610e+02     3.6103     -0.018     -0.026    26.2324   996.7413 0.0000e+00
     -0.003      0.047     5.4608     67.646     35.061  35.956161     3.9105      8.298   186.6195 3.3678e+02     3.6861     -0.004     -0.006    26.2337   996.7411 0.0000e+00
      0.014      0.048     5.5202     68.404     35.178  36.088679     3.9425      8.293   188.6533 3.2662e+02     3.7254      0.012      0.018    26.2356   996.7406 0.0000e+00
      0.031      0.051     5.5851     69.242     35.303  36.235237     3.9435      8.288   191.2367 3.2675e+02     3.7584      0.033      0.048    26.2440   996.7385 0.0000e+00
      0.045      0.056     5.6614     70.219     35.318  36.268389     3.9743      8.280   189.7202 3.3206e+02     3.7894      0.047      0.068    26.2606   996.7341 0.0000e+00
      0.051      0.064     5.7594     71.453     35.152  36.108722     4.0123      8.274   187.2669 3.3445e+02     3.7733      0.050      0.072    26.2689   996.7319 0.0000e+00
      0.059      0.074     5.8836     73.016     34.929  35.891480     4.0210      8.272   186.6978 3.2682e+02     3.7602      0.053      0.077    26.2820   996.7284 0.0000e+00
      0.078      0.084     6.0410     75.003     34.823  35.799726     4.0191      8.272   186.5385 3.0416e+02     3.7622      0.070      0.102    26.3154   996.7196 0.0000e+00
      0.110      0.093     6.2372     77.472     34.832  35.824471     4.0850      8.273   186.4591 2.8462e+02     3.7314      0.108      0.157    26.3461   996.7115 0.0000e+00
      0.145      0.099     6.4579     80.234     34.930  35.936822     4.2023      8.274   186.6855 2.7172e+02     3.6509      0.146      0.212    26.3530   996.7097 0.0000e+00
      0.173      0.100     6.6767     82.964     35.063  36.079186     4.2580      8.272   187.2105 2.5564e+02     3.5748      0.171      0.247    26.3654   996.7065 0.0000e+00
      0.196      0.095     6.8730     85.404     35.131  36.149442     4.2646      8.268   187.6449 2.3946e+02     3.5327      0.194      0.281    26.3974   996.6980 0.0000e+00
      0.215      0.086     7.0304     87.356     35.135  36.151582     4.2650      8.265   187.9797 2.2521e+02     3.5021      0.211      0.307    26.4215   996.6915 0.0000e+00
      0.235      0.078     7.1327     88.630     35.151  36.168527     4.2364      8.265   188.3325 2.1191e+02     3.4667      0.228      0.331    26.4363   996.6876 0.0000e+00
      0.257      0.073     7.1746     89.155     35.268  36.290859     4.2053      8.265   188.7276 2.0298e+02     3.4002      0.254      0.368    26.4456   996.6853 0.0000e+00
      0.277      0.069     7.1698     89.095     35.460  36.488210     4.2006      8.265   189.3155 1.9671e+02     3.3204      0.272      0.395    26.4434   996.6859 0.0000e+00
      0.292      0.066     7.1673     89.058     35.621  36.650551     4.2053      8.265   189.9339 1.8961e+02     3.2879      0.287      0.416    26.4386   996.6874 0.0000e+00
      0.307      0.061     7.2438     90.012     35.696  36.730381     4.2362      8.265   190.4390 1.8402e+02     3.2703      0.300      0.434    26.4402   996.6869 0.0000e+00
