Data/DataNotYetUploadedToEDI/Raw_CTD/RawDownloads/080519_fcr10.cnv
* Sea-Bird SBE19plus  Data File:
* FileName = C:\DATA\080519_fcr50_0001.hex
* Software version 2.8.0.119 SB_Terminal.dll
* Temperature SN = 7809
* Conductivity SN = 7809
* System UpLoad Time = Aug 05 2019 17:58:35
* <ApplicationData>
* <Seaterm232>
# nquan = 16
# nvalues = 291                         
# units = specified
# name 0 = depFM: Depth [fresh water, m]
# name 1 = dz/dtM: Descent Rate [m/s]
# name 2 = sbeox0Mg/L: Oxygen, SBE 43 [mg/l]
# name 3 = sbeox0PS: Oxygen, SBE 43 [% saturation]
# name 4 = specc: Specific Conductance [uS/cm]
# name 5 = c0uS/cm: Conductivity [uS/cm]
# name 6 = flECO-AFL: Fluorescence, WET Labs ECO-AFL/FL [mg/m^3]
# name 7 = ph: pH
# name 8 = orp: Oxidation Reduction Potential [mV]
# name 9 = par/sat/log: PAR/Logarithmic, Satlantic
# name 10 = turbWETntu0: Turbidity, WET Labs ECO [NTU]
# name 11 = prdM: Pressure, Strain Gauge [db]
# name 12 = prdE: Pressure, Strain Gauge [psi]
# name 13 = tv290C: Temperature [ITS-90, deg C]
# name 14 = density00: Density [density, kg/m^3]
# name 15 = flag:  0.000e+00
# span 0 =     -0.588,      2.324       
# span 1 =     -0.014,      0.160       
# span 2 =    -0.5810,     9.5704       
# span 3 =     -6.793,    118.227       
# span 4 =      2.608,     64.134       
# span 5 =   2.724026,  61.772878       
# span 6 =    -0.1342,     8.9444       
# span 7 =      6.663,      9.052       
# span 8 = -1240.7455,   467.4806       
# span 9 = 1.4624e+01, 6.4858e+02       
# span 10 =    -0.5921,     8.9044      
# span 11 =     -0.577,      2.279      
# span 12 =     -0.837,      3.306      
# span 13 =    23.1455,    27.2278      
# span 14 =   996.4590,   997.5424      
# span 15 = 0.0000e+00, 0.0000e+00      
# interval = seconds: 0.25
# start_time = Aug 05 2019 11:12:49 [Instrument's time stamp, header]
# bad_flag = -9.990e-29
*END*
[from data line 181]
      0.070      0.102     6.9584     86.139     35.705  36.592795     4.8871      8.448   214.7222 2.3197e+02     4.2950      0.064      0.093    26.4024   996.6964 0.0000e+00
      0.107      0.114     7.7724     96.155     35.639  36.499868     4.8926      8.441   215.2709 2.0777e+02     4.3202      0.106      0.155    26.3755   996.7038 0.0000e+00
      0.142      0.121     8.4763    104.809     35.638  36.477660     4.9391      8.435   215.8029 1.8910e+02     4.2405      0.144      0.208    26.3279   996.7167 0.0000e+00
      0.169      0.122     9.0176    111.457     35.690  36.514657     5.0243      8.429   216.4218 1.6768e+02     4.1179      0.163      0.237    26.2773   996.7303 0.0000e+00
      0.199      0.120     9.3820    115.931     35.689  36.502864     5.0725      8.421   217.1609 1.5240e+02     4.0503      0.193      0.280    26.2337   996.7422 0.0000e+00
      0.232      0.115     9.5620    118.137     35.655  36.462003     5.0802      8.411   217.8567 1.4334e+02     4.0138      0.231      0.335    26.1990   996.7517 0.0000e+00
      0.262      0.109     9.5704    118.227     35.663  36.464904     5.0826      8.399   218.3827 1.3543e+02     3.9385      0.259      0.375    26.1682   996.7600 0.0000e+00
      0.289      0.101     9.4516    116.752     35.675  36.474457     5.0765      8.387   218.8741 1.3146e+02     3.8276      0.283      0.409    26.1446   996.7664 0.0000e+00
      0.316      0.091     9.2758    114.578     35.652  36.450562     5.0755      8.377   219.5825 1.3004e+02     3.7880      0.309      0.449    26.1320   996.7699 0.0000e+00
      0.341      0.084     9.1020    112.433     35.631  36.429872     5.0965      8.367   220.4943 1.2971e+02     3.8190      0.337      0.490    26.1237   996.7722 0.0000e+00
      0.358      0.085     8.9574    110.649     35.616  36.414711     5.2172      8.354   221.3808 1.3278e+02     3.8750      0.356      0.516    26.1178   996.7739 0.0000e+00
      0.368      0.092     8.8470    109.281     35.597  36.394196     5.4253      8.338   222.3856 1.3624e+02     3.9410      0.360      0.522    26.1135   996.7751 0.0000e+00
      0.383      0.104     8.7638    108.243     35.580  36.372245     5.5402      8.322   223.5235 1.3480e+02     3.9950      0.368      0.535    26.1125   996.7754 0.0000e+00
      0.412      0.121     8.6946    107.374     35.553  36.339703     5.5571      8.304   224.4695 1.2992e+02     4.0354      0.402      0.582    26.1143   996.7750 0.0000e+00
      0.452      0.140     8.6299    106.562     35.536  36.318080     5.5695      8.286   225.0481 1.2445e+02     4.0364      0.443      0.642    26.1162   996.7747 0.0000e+00
      0.495      0.155     8.5637    105.730     35.525  36.301195     5.7155      8.271   225.2701 1.1752e+02     4.0075      0.482      0.700    26.1146   996.7753 0.0000e+00
      0.542      0.160     8.4907    104.815     35.492  36.262489     5.9963      8.259   225.4332 1.1027e+02     4.0130      0.532      0.770    26.1081   996.7772 0.0000e+00
      0.588      0.157     8.4135    103.847     35.467  36.230906     6.1386      8.248   225.7300 1.0435e+02     4.0377      0.578      0.839    26.1007   996.7794 0.0000e+00
      0.629      0.150     8.3408    102.935     35.477  36.236676     6.1355      8.237   226.1055 9.9149e+01     4.0122      0.618      0.897    26.0938   996.7814 0.0000e+00
      0.665      0.142     8.2789    102.158     35.514  36.268775     6.1496      8.224   226.5314 9.5028e+01     3.9327      0.656      0.951    26.0864   996.7836 0.0000e+00
      0.695      0.136     8.2286    101.521     35.553  36.301646     6.1878      8.211   227.0076 9.2257e+01     3.8308      0.683      0.991    26.0787   996.7857 0.0000e+00
      0.724      0.132     8.1922    101.053     35.575  36.316754     6.2069      8.197   227.3895 8.9600e+01     3.7638      0.707      1.026    26.0714   996.7877 0.0000e+00
      0.757      0.132     8.1721    100.783     35.590  36.324485     6.2069      8.185   227.7071 8.6790e+01     3.7450      0.742      1.076    26.0647   996.7898 0.0000e+00
      0.792      0.132     8.1664    100.693     35.605  36.331644     6.2570      8.173   228.1806 8.4398e+01     3.7345      0.777      1.127    26.0569   996.7920 0.0000e+00
      0.828      0.133     8.1738    100.766     35.620  36.339825     6.3445      8.161   228.8134 8.1898e+01     3.7340      0.811      1.175    26.0483   996.7944 0.0000e+00
      0.865      0.134     8.1918    100.974     35.645  36.359925     6.3808      8.148   229.5065 7.9590e+01     3.7396      0.850      1.233    26.0378   996.7974 0.0000e+00
      0.899      0.134     8.2148    101.239     35.676  36.384241     6.3762      8.134   230.0223 7.8010e+01     3.7693      0.883      1.281    26.0256   996.8008 0.0000e+00
      0.928      0.134     8.2416    101.549     35.679  36.379936     6.3313      8.121   230.2318 7.6337e+01     3.8633      0.909      1.318    26.0140   996.8040 0.0000e+00
      0.960      0.135     8.2815    102.024     35.614  36.307859     6.2455      8.111   230.3178 7.3937e+01     3.9595      0.939      1.362    26.0044   996.8067 0.0000e+00
      0.997      0.136     8.3419    102.754     35.524  36.210933     6.2057      8.104   230.4602 7.1041e+01     3.9815      0.976      1.416    25.9964   996.8090 0.0000e+00
      1.035      0.137     8.4209    103.707     35.482  36.160072     6.2232      8.096   230.6632 6.8161e+01     3.9660      1.015      1.473    25.9871   996.8117 0.0000e+00
      1.071      0.139     8.5101    104.782     35.468  36.137178     6.3705      8.085   230.8802 6.5499e+01     3.9680      1.050      1.524    25.9752   996.8150 0.0000e+00
      1.106      0.140     8.5930    105.778     35.465  36.124523     6.6427      8.071   231.0187 6.3003e+01     3.9733      1.084      1.573    25.9668   996.8173 0.0000e+00
      1.140      0.140     8.6420    106.346     35.736  36.387873     6.7915      8.057   231.0465 6.0612e+01     3.9643      1.118      1.621    25.9611   996.8190 0.0000e+00
      1.174      0.139     8.6237    106.054     36.274  36.909350     6.8004      8.045   231.1303 5.8158e+01     3.9580      1.150      1.668    25.9493   996.8222 0.0000e+00
      1.211      0.137     8.5276    104.757     36.503  37.097962     6.8028      8.034   231.4294 5.5670e+01     3.9629      1.187      1.721    25.9363   996.8259 0.0000e+00
      1.250      0.133     8.3855    102.869     36.416  36.954569     6.8369      8.024   231.9108 5.3415e+01     3.9901      1.227      1.779    25.9249   996.8290 0.0000e+00
      1.286      0.128     8.2355    100.895     36.467  36.952767     6.8922      8.013   232.4767 5.1605e+01     4.0245      1.263      1.832    25.9108   996.8329 0.0000e+00
      1.316      0.120     8.0910     99.005     36.762  37.203033     6.9162      8.003   233.2814 5.0134e+01     4.0190      1.291      1.873    25.8816   996.8411 0.0000e+00
      1.345      0.111     7.9511     97.185     37.104  37.504968     6.9372      7.992   234.7574 4.8824e+01     3.9895      1.319      1.912    25.8149   996.8588 0.0000e+00
      1.372      0.103     7.8243     95.538     37.259  37.620087     7.1456      7.982   236.6414 4.7762e+01     3.9946      1.348      1.955    25.7300   996.8812 0.0000e+00
      1.396      0.097     7.7225     94.210     37.192  37.515793     7.5200      7.972   237.8213 4.6945e+01     4.0158      1.370      1.988    25.6582   996.9003 0.0000e+00
      1.418      0.094     7.6389     93.116     36.906  37.196019     7.7280      7.962   238.2680 4.6094e+01     4.0161      1.390      2.016    25.5931   996.9175 0.0000e+00
      1.441      0.094     7.5605     92.094     36.479  36.736961     7.7608      7.950   238.6005 4.5135e+01     3.9980      1.414      2.051    25.5325   996.9336 0.0000e+00
      1.464      0.096     7.4820     91.066     36.184  36.408435     7.8824      7.938   239.0886 4.4202e+01     4.0921      1.436      2.083    25.4779   996.9481 0.0000e+00
      1.488      0.101     7.4083     90.080     36.148  36.333948     8.1056      7.925   240.0395 4.3192e+01     4.3351      1.457      2.114    25.4260   996.9616 0.0000e+00
      1.513      0.107     7.3515     89.290     36.329  36.471007     8.2313      7.912   241.1498 4.1954e+01     4.4778      1.483      2.151    25.3844   996.9725 0.0000e+00
      1.541      0.112     7.3178     88.775     36.573  36.669157     8.2398      7.900   241.9304 4.0529e+01     4.5063      1.511      2.191    25.3495   996.9815 0.0000e+00
      1.573      0.114     7.2939     88.388     36.710  36.762060     8.2349      7.890   242.4222 3.9066e+01     4.5818      1.543      2.237    25.3075   996.9924 0.0000e+00
      1.605      0.114     7.2576     87.873     36.815  36.832558     8.2246      7.881   242.7938 3.7611e+01     4.6696      1.574      2.283    25.2536   997.0065 0.0000e+00
      1.637      0.109     7.1936     87.048     36.956  36.950232     8.2192      7.874   243.0688 3.6230e+01     4.7160      1.605      2.329    25.1912   997.0228 0.0000e+00
      1.667      0.102     7.1005     85.879     37.068  37.042301     8.2384      7.866   243.3381 3.5148e+01     4.7490      1.637      2.375    25.1246   997.0402 0.0000e+00
      1.691      0.096     6.9863     84.445     37.171  37.120581     8.3180      7.858   243.7270 3.4327e+01     4.8721      1.659      2.407    25.0600   997.0570 0.0000e+00
      1.710      0.092     6.8502     82.733     37.345  37.261928     8.4360      7.850   244.1561 3.3551e+01     5.0574      1.678      2.433    25.0122   997.0694 0.0000e+00
      1.730      0.091     6.6893     80.692     37.552  37.418318     8.4949      7.841   244.4836 3.2771e+01     5.1204      1.697      2.461    24.9850   997.0765 0.0000e+00
      1.750      0.092     6.5151     78.448     37.697  37.488018     8.5185      7.832   244.6742 3.1869e+01     5.1109      1.714      2.486    24.9636   997.0820 0.0000e+00
      1.775      0.095     6.3458     76.248     37.830  37.533280     8.6355      7.824   244.9987 3.0784e+01     5.1386      1.738      2.521    24.9290   997.0910 0.0000e+00
      1.803      0.097     6.1942     74.282     37.961  37.584596     8.8257      7.816   245.6533 2.9737e+01     5.1607      1.769      2.566    24.8896   997.1013 0.0000e+00
      1.831      0.094     6.0631     72.600     38.039  37.600560     8.9281      7.808   246.3083 2.8816e+01     5.1483      1.797      2.606    24.8318   997.1162 0.0000e+00
      1.857      0.089     5.9477     71.145     38.080  37.599253     8.9373      7.801   246.7236 2.7930e+01     5.1202      1.821      2.641    24.7229   997.1440 0.0000e+00
      1.880      0.083     5.8438     69.859     38.075  37.568728     8.9370      7.794   247.0608 2.7187e+01     5.1155      1.846      2.677    24.5973   997.1761 0.0000e+00
      1.898      0.079     5.7489     68.699     38.005  37.485355     8.9419      7.786   247.4601 2.6652e+01     5.0919      1.863      2.703    24.4896   997.2033 0.0000e+00
      1.913      0.081     5.6664     67.682     37.826  37.289396     8.9444      7.775   247.9382 2.6189e+01     4.9987      1.876      2.720    24.4076   997.2239 0.0000e+00
      1.928      0.090     5.6014     66.832     37.424  36.849721     8.9400      7.763   248.4540 2.5664e+01     4.9067      1.889      2.741    24.3577   997.2365 0.0000e+00
      1.947      0.102     5.5456     66.056     36.799  36.168030     8.9320      7.752   249.0495 2.4864e+01     4.8640      1.905      2.764    24.3233   997.2451 0.0000e+00
      1.975      0.116     5.4770     65.117     36.086  35.394202     8.8395      7.744   249.7181 2.3694e+01     4.9410      1.933      2.803    24.3105   997.2484 0.0000e+00
      2.013      0.126     5.3619     63.627     35.286  34.538476     8.6635      7.737   250.1714 2.2381e+01     5.0842      1.974      2.862    24.3009   997.2509 0.0000e+00
      2.054      0.131     5.1514     61.012     34.429  33.627840     8.5719      7.730   250.2286 2.1203e+01     5.1205      2.017      2.926    24.2382   997.2666 0.0000e+00
      2.092      0.129     4.7990     56.730     33.874  33.014835     8.5556      7.725   250.2375 2.0194e+01     5.1178      2.053      2.978    24.1388   997.2913 0.0000e+00
      2.125      0.123     4.2877     50.594     35.071  34.107415     8.3540      7.720   250.7080 1.9278e+01     5.1497      2.085      3.024    24.0345   997.3170 0.0000e+00
      2.154      0.115     3.6318     42.781     39.760  38.586943     7.9897      7.714   251.3584 1.8542e+01     5.1779      2.115      3.068    23.9329   997.3420 0.0000e+00
      2.178      0.107     2.8757     33.816     45.570  44.138334     7.7919      7.707   251.6484 1.7968e+01     5.1640      2.137      3.100    23.8313   997.3666 0.0000e+00
      2.201      0.098     2.0690     24.288     48.435  46.821919     7.7570      7.701   251.6337 1.7330e+01     5.1452      2.156      3.127    23.7232   997.3930 0.0000e+00
      2.228      0.087     1.2748     14.942     49.197  47.478456     7.6460      7.696   251.5243 1.6572e+01     5.1807      2.183      3.166    23.6225   997.4175 0.0000e+00
      2.257      0.076     0.5841      6.840     50.456  48.646996     7.4468      7.691   251.4442 1.5978e+01     5.1991      2.217      3.216    23.5314   997.4415 0.0000e+00
      2.280      0.063     0.0526      0.617     53.486  51.551118     7.3421      7.686   251.4394 1.5764e+01     5.1714      2.241      3.250    23.4332   997.4680 0.0000e+00
      2.290      0.050    -0.3121     -3.650     58.418  56.295026     7.3343      7.680   251.4662 1.5724e+01     5.1408      2.247      3.259    23.3249   997.4947 0.0000e+00
      2.295      0.036    -0.5173     -6.050     62.423  60.137113     7.2308      7.675   251.5100 1.5687e+01     5.0587      2.251      3.264    23.2330   997.5166 0.0000e+00
      2.299      0.024    -0.5810     -6.793     63.955  61.599243     7.0368      7.670   251.6245 1.5656e+01     4.9325      2.254      3.270    23.1890   997.5275 0.0000e+00
      2.304      0.017    -0.5387     -6.299     64.134  61.772878     6.9300      7.664   251.8187 1.5578e+01     4.8595      2.259      3.276    23.1850   997.5293 0.0000e+00
      2.309      0.014    -0.4343     -5.080     62.560  60.266276     6.9189      7.658   252.1376 1.5472e+01     4.8327      2.265      3.284    23.1823   997.5321 0.0000e+00
      2.313      0.012    -0.3025     -3.538     60.005  57.808155     6.9284      7.651   252.4693 1.5372e+01     4.8382      2.268      3.290    23.1639   997.5381 0.0000e+00
      2.315      0.010    -0.1651     -1.931     58.721  56.579905     7.0369      7.645   252.4735 1.5287e+01     4.8924      2.270      3.294    23.1455   997.5424 0.0000e+00
      2.317      0.007    -0.0333     -0.391     58.197  56.090456     7.2329      7.640   252.2738 1.5242e+01     4.9310      2.272      3.296    23.1503   997.5417 0.0000e+00
      2.318      0.005     0.0903      1.055     56.405  54.368019     7.3391      7.635   252.3773 1.5194e+01     4.9111      2.273      3.296    23.1668   997.5372 0.0000e+00
      2.318      0.004     0.2064      2.415     53.440  51.509140     7.3506      7.630   252.6931 1.5114e+01     4.9137      2.273      3.297    23.1614   997.5372 0.0000e+00
      2.319      0.003     0.3126      3.659     51.047  49.220274     7.3627      7.625   252.9082 1.5036e+01     4.9633      2.274      3.299    23.1653   997.5359 0.0000e+00
      2.320      0.002     0.4075      4.774     50.432  48.670639     7.3814      7.620   253.1712 1.4971e+01     4.9864      2.275      3.300    23.1923   997.5298 0.0000e+00
      2.321      0.002     0.4941      5.794     50.846  49.119121     7.3951      7.616   253.5507 1.4894e+01     4.9635      2.276      3.301    23.1926   997.5291 0.0000e+00
      2.321      0.002     0.5793      6.797     50.212  48.545834     7.4063      7.612   253.9690 1.4817e+01     4.9159      2.276      3.301    23.1802   997.5308 0.0000e+00
