Data/DataNotYetUploadedToEDI/Raw_CTD/RawDownloads/080519_fcr10.cnv
* Sea-Bird SBE19plus  Data File:
* FileName = C:\DATA\080519_fcr50_0001.hex
* Software version 2.8.0.119 SB_Terminal.dll
* Temperature SN = 7809
* Conductivity SN = 7809
* System UpLoad Time = Aug 05 2019 17:58:35
* <ApplicationData>
* <Seaterm232>
# nquan = 16
# nvalues = 291                         
# units = specified
# name 0 = depFM: Depth [fresh water, m]
# name 1 = dz/dtM: Descent Rate [m/s]
# name 2 = sbeox0Mg/L: Oxygen, SBE 43 [mg/l]
# name 3 = sbeox0PS: Oxygen, SBE 43 [% saturation]
# name 4 = specc: Specific Conductance [uS/cm]
# name 5 = c0uS/cm: Conductivity [uS/cm]
# name 6 = flECO-AFL: Fluorescence, WET Labs ECO-AFL/FL [mg/m^3]
# name 7 = ph: pH
# name 8 = orp: Oxidation Reduction Potential [mV]
# name 9 = par/sat/log: PAR/Logarithmic, Satlantic
# name 10 = turbWETntu0: Turbidity, WET Labs ECO [NTU]
# name 11 = prdM: Pressure, Strain Gauge [db]
# name 12 = prdE: Pressure, Strain Gauge [psi]
# name 13 = tv290C: Temperature [ITS-90, deg C]
# name 14 = density00: Density [density, kg/m^3]
# name 15 = flag:  0.000e+00
# span 0 =     -0.588,      2.324       
# span 1 =     -0.014,      0.160       
# span 2 =    -0.5810,     9.5704       
# span 3 =     -6.793,    118.227       
# span 4 =      2.608,     64.134       
# span 5 =   2.724026,  61.772878       
# span 6 =    -0.1342,     8.9444       
# span 7 =      6.663,      9.052       
# span 8 = -1240.7455,   467.4806       
# span 9 = 1.4624e+01, 6.4858e+02       
# span 10 =    -0.5921,     8.9044      
# span 11 =     -0.577,      2.279      
# span 12 =     -0.837,      3.306      
# span 13 =    23.1455,    27.2278      
# span 14 =   996.4590,   997.5424      
# span 15 = 0.0000e+00, 0.0000e+00      
# interval = seconds: 0.25
# start_time = Aug 05 2019 11:12:49 [Instrument's time stamp, header]
# bad_flag = -9.990e-29
*END*
     -0.587     -0.001     7.4562     93.961      2.608   2.724026    -0.1342      6.687 -1240.7455 5.0816e+02    -0.3313     -0.575     -0.835    27.2273   996.4591 0.0000e+00
     -0.587     -0.000     7.4559     93.958      2.635   2.752164    -0.1328      6.685 -1240.7455 5.2270e+02    -0.3076     -0.576     -0.835    27.2273   996.4591 0.0000e+00
     -0.587 -1.847e-08     7.4551     93.948      2.689   2.808094    -0.1284      6.686 -1240.7455 5.2605e+02    -0.3475     -0.576     -0.836    27.2272   996.4592 0.0000e+00
     -0.587 -2.032e-07     7.4549     93.945      2.891   3.020080    -0.1160      6.691 -1240.7455 5.1839e+02    -0.4531     -0.577     -0.837    27.2273   996.4591 0.0000e+00
     -0.587 -2.032e-07     7.4555     93.952      3.329   3.477664    -0.1213      6.700 -1240.7455 5.1309e+02    -0.5682     -0.576     -0.836    27.2272   996.4592 0.0000e+00
     -0.587 -1.847e-08     7.4557     93.953      3.920   4.095117    -0.1314      6.709 -1240.7455 5.0687e+02    -0.5921     -0.575     -0.835    27.2275   996.4591 0.0000e+00
     -0.587 -1.680e-09     7.4549     93.943      4.396   4.592391    -0.1264      6.718 -1240.7455 4.8490e+02    -0.5457     -0.576     -0.836    27.2278   996.4590 0.0000e+00
     -0.587 -1.537e-10     7.4546     93.939      4.535   4.737445    -0.1209      6.728 -1240.7455 4.5748e+02    -0.5318     -0.576     -0.835    27.2276   996.4591 0.0000e+00
     -0.588 -2.525e-11     7.4546     93.939      4.446   4.644913    -0.1171      6.740 -1240.7455 4.4607e+02    -0.5548     -0.577     -0.836    27.2270   996.4593 0.0000e+00
     -0.588 -1.390e-10     7.4546     93.939      4.417   4.614279    -0.1065      6.753 -1240.7455 4.4325e+02    -0.5619     -0.577     -0.837    27.2262   996.4597 0.0000e+00
     -0.588 -1.529e-09     7.4540     93.931      4.544   4.747283    -0.0975      6.773 -1240.7455 4.3582e+02    -0.5517     -0.576     -0.836    27.2258   996.4599 0.0000e+00
     -0.588 -1.682e-08     7.4536     93.926      4.773   4.985632    -0.1029      6.778 -1240.7454 4.2270e+02    -0.5299     -0.576     -0.836    27.2257   996.4599 0.0000e+00
     -0.588 -1.850e-07     7.4540     93.931      4.992   5.214746    -0.1197      6.731 -1240.7442 4.1283e+02    -0.4949     -0.576     -0.836    27.2258   996.4599 0.0000e+00
     -0.588 -1.717e-07     7.4541     93.931      5.012   5.236083    -0.1276      6.671 -1240.7312 4.1547e+02    -0.4894     -0.577     -0.837    27.2260   996.4598 0.0000e+00
     -0.588 1.4372e-07     7.4543     93.934      4.776   4.990124    -0.1208      6.663 -1240.5879 4.2574e+02    -0.5286     -0.576     -0.836    27.2258   996.4599 0.0000e+00
     -0.588      0.000     7.4549     93.941      4.511   4.712388    -0.1148      6.687 -1239.0122 4.2989e+02    -0.5763     -0.576     -0.837    27.2254   996.4600 0.0000e+00
     -0.588      0.000     7.4552     93.945      4.407   4.602993    -0.1250      6.706 -1221.6787 4.1819e+02    -0.5736     -0.577     -0.836    27.2255   996.4601 0.0000e+00
     -0.587      0.000     7.4563     93.959      4.542   4.744752    -0.1315      6.786 -1031.0112 3.9500e+02    -0.5294     -0.576     -0.835    27.2251   996.4602 0.0000e+00
     -0.587      0.002     7.4582     93.977      6.154   6.426377    -0.1148      6.998  -391.4305 3.8578e+02    -0.5332     -0.576     -0.836    27.2259   996.4599 0.0000e+00
     -0.587      0.011     7.4637     93.984     12.181  12.703229    -0.1050      7.304   309.8991 4.0514e+02    -0.5546     -0.576     -0.835    27.2249   996.4601 0.0000e+00
     -0.587      0.030     7.4802     94.014     23.454  24.404800    -0.1170      7.662   467.4806 4.3773e+02    -0.5253     -0.576     -0.836    27.2261   996.4598 0.0000e+00
     -0.586      0.056     7.5030     94.051     34.526  35.843154    -0.1220      8.002   370.6697 4.7909e+02    -0.4747     -0.576     -0.837    27.2240   996.4603 0.0000e+00
     -0.579      0.084     7.5226     94.080     39.504  40.926513    -0.1126      8.270   342.7126 5.2381e+02    -0.4668     -0.576     -0.835    27.2275   996.4594 0.0000e+00
     -0.552      0.110     7.5394     94.131     39.642  40.999022    -0.1080      8.485   329.0646 5.5746e+02    -0.4295     -0.552     -0.801    27.2180   996.4633 0.0000e+00
     -0.505      0.131     7.5545     94.199     38.688  39.957661    -0.0838      8.644   324.3864 5.8258e+02     0.5991     -0.495     -0.717    27.0960   996.5009 0.0000e+00
     -0.456      0.142     7.5690     94.288     37.863  39.064306    -0.0280      8.745   322.0271 6.0288e+02     2.5645     -0.441     -0.639    26.9123   996.5561 0.0000e+00
     -0.417      0.140     7.5830     94.389     37.299  38.450041     0.0205      8.808   318.6929 6.1870e+02     3.6710     -0.410     -0.595    26.7862   996.5918 0.0000e+00
     -0.381      0.123     7.5947     94.476     36.939  38.053275     0.0875      8.855   314.4449 6.3169e+02     3.9157     -0.374     -0.542    26.6987   996.6153 0.0000e+00
     -0.348      0.098     7.6028     94.532     36.733  37.821719     0.6772      8.895   310.4144 6.4086e+02     5.2284     -0.336     -0.487    26.6281   996.6344 0.0000e+00
     -0.324      0.074     7.6068     94.552     36.671  37.744999     1.7658      8.924   307.2165 6.4684e+02     7.5810     -0.316     -0.458    26.5768   996.6481 0.0000e+00
     -0.312      0.054     7.6088     94.555     36.632  37.696924     2.3695      8.949   305.5491 6.4858e+02     8.8635     -0.302     -0.439    26.5348   996.6593 0.0000e+00
     -0.308      0.038     7.6079     94.532     36.564  37.621287     2.4451      8.969   304.9656 6.4568e+02     8.9044     -0.300     -0.436    26.4996   996.6687 0.0000e+00
     -0.306      0.025     7.6011     94.443     36.538  37.592173     2.6193      8.980   303.9476 6.4442e+02     7.5831     -0.303     -0.439    26.4735   996.6757 0.0000e+00
     -0.300      0.018     7.5962     94.378     36.546  37.598807     2.9238      8.988   301.8441 6.4577e+02     5.0796     -0.294     -0.427    26.4565   996.6804 0.0000e+00
     -0.294      0.016     7.6123     94.575     36.523  37.574543     3.0835      8.995   300.1822 6.4491e+02     3.7049     -0.286     -0.414    26.4450   996.6836 0.0000e+00
     -0.291      0.017     7.6543     95.094     36.503  37.552700     3.0940      8.998   299.8567 6.4348e+02     3.5802     -0.284     -0.412    26.4385   996.6853 0.0000e+00
     -0.289      0.017     7.6987     95.641     36.539  37.588604     3.1287      8.997   298.9411 6.4458e+02     3.6368     -0.284     -0.412    26.4362   996.6858 0.0000e+00
     -0.285      0.016     7.7157     95.850     36.579  37.627803     3.1908      8.995   296.5107 6.4528e+02     3.7334     -0.280     -0.406    26.4348   996.6863 0.0000e+00
     -0.279      0.014     7.6904     95.533     36.597  37.645801     3.2207      8.994   294.0464 6.4471e+02     3.7657     -0.274     -0.398    26.4331   996.6868 0.0000e+00
     -0.274      0.012     7.6219     94.679     36.631  37.679257     3.2209      8.994   293.1500 6.4581e+02     3.7649     -0.267     -0.388    26.4305   996.6875 0.0000e+00
     -0.269      0.010     7.5186     93.394     36.605  37.651473     3.2366      8.995   293.3297 6.4600e+02     3.7239     -0.263     -0.381    26.4283   996.6881 0.0000e+00
     -0.268      0.007     7.3894     91.788     36.521  37.563763     3.2724      8.995   292.6920 6.4133e+02     3.6297     -0.262     -0.379    26.4270   996.6885 0.0000e+00
     -0.270      0.005     7.2422     89.957     36.467  37.507405     3.2890      8.993   291.4634 6.3475e+02     3.5762     -0.265     -0.384    26.4256   996.6888 0.0000e+00
     -0.271      0.003     7.0891     88.055     36.438  37.477858     3.2824      8.990   291.1222 6.3176e+02     3.5682     -0.267     -0.387    26.4236   996.6894 0.0000e+00
     -0.269      0.002     6.9429     86.237     36.422  37.460406     3.2792      8.987   290.8896 6.3318e+02     3.5665     -0.264     -0.384    26.4223   996.6897 0.0000e+00
     -0.265      0.002     6.8126     84.615     36.388  37.423341     3.2927      8.983   289.8552 6.3453e+02     3.5885     -0.259     -0.377    26.4219   996.6898 0.0000e+00
     -0.264      0.001     6.7025     83.242     36.316  37.347074     3.3072      8.978   289.1977 6.3332e+02     3.6045     -0.257     -0.373    26.4204   996.6902 0.0000e+00
     -0.265     -0.001     6.6121     82.117     36.271  37.299954     3.2989      8.974   289.0494 6.3245e+02     3.5634     -0.259     -0.376    26.4205   996.6901 0.0000e+00
     -0.266     -0.002     6.5402     81.222     36.270  37.297939     3.2884      8.970   286.3406 6.3332e+02     3.4844     -0.261     -0.378    26.4193   996.6904 0.0000e+00
     -0.267      0.001     6.4830     80.510     36.295  37.322706     3.3185      8.962   279.4189 6.3299e+02     3.4692     -0.262     -0.379    26.4159   996.6914 0.0000e+00
     -0.269      0.011     6.4426     80.010     36.379  37.408993     3.3761      8.961   272.4696 6.2936e+02     3.5114     -0.262     -0.380    26.4132   996.6921 0.0000e+00
     -0.272      0.030     6.4264     79.810     36.544  37.579538     3.4043      8.978   269.9446 6.2244e+02     3.5357     -0.268     -0.389    26.4113   996.6926 0.0000e+00
     -0.270      0.054     6.4313     79.867     36.696  37.734396     3.4158      9.005   270.5709 6.1586e+02     3.5653     -0.271     -0.393    26.4107   996.6928 0.0000e+00
     -0.254      0.078     6.4465     80.051     36.659  37.694487     3.5588      9.028   271.1798 6.1141e+02     3.6403     -0.255     -0.370    26.4093   996.6932 0.0000e+00
     -0.224      0.100     6.4680     80.318     36.511  37.541326     3.8252      9.044   271.5425 5.8708e+02     3.7542     -0.222     -0.322    26.4088   996.6934 0.0000e+00
     -0.185      0.115     6.5007     80.727     36.439  37.469412     3.9658      9.052   272.0310 5.3595e+02     3.8284     -0.181     -0.261    26.4121   996.6928 0.0000e+00
     -0.147      0.119     6.5490     81.330     36.429  37.459743     3.9841      9.050   265.2995 4.9340e+02     3.8169     -0.142     -0.207    26.4094   996.6938 0.0000e+00
     -0.114      0.110     6.6089     82.072     36.395  37.424424     4.1502      9.043   245.3894 4.6707e+02     3.8442     -0.111     -0.163    26.4031   996.6956 0.0000e+00
     -0.084      0.094     6.6658     82.771     36.336  37.359742     4.4652      9.034   225.1453 4.3886e+02     3.9621     -0.080     -0.117    26.4035   996.6955 0.0000e+00
     -0.060      0.077     6.7116     83.327     36.295  37.312410     4.6460      9.028   216.5275 4.1383e+02     4.0295     -0.055     -0.079    26.4073   996.6947 0.0000e+00
     -0.048      0.060     6.7508     83.803     36.285  37.296442     4.6632      9.022   214.4119 4.0111e+02     4.0369     -0.045     -0.065    26.4105   996.6938 0.0000e+00
     -0.043      0.043     6.7840     84.205     36.287  37.293622     4.6559      9.014   213.3327 3.9625e+02     3.9858     -0.044     -0.063    26.4089   996.6942 0.0000e+00
     -0.033      0.027     6.8082     84.490     36.279  37.278302     4.6530      9.006   212.7712 3.9752e+02     3.8708     -0.034     -0.049    26.4029   996.6959 0.0000e+00
     -0.023      0.015     6.8267     84.702     36.248  37.238157     4.6546      8.996   212.3542 4.0215e+02     3.8258     -0.019     -0.028    26.3946   996.6982 0.0000e+00
     -0.018      0.008     6.8494     84.968     36.207  37.189061     4.6573      8.984   211.9053 4.1121e+02     3.8348     -0.014     -0.021    26.3877   996.7001 0.0000e+00
     -0.021      0.003     6.8849     85.396     36.217  37.192458     4.6599      8.973   211.3013 4.3293e+02     3.8154     -0.020     -0.028    26.3820   996.7016 0.0000e+00
     -0.028     -0.002     6.9322     85.973     36.305  37.279225     4.6349      8.964   210.7291 4.5333e+02     3.7887     -0.029     -0.042    26.3715   996.7043 0.0000e+00
     -0.032     -0.004     6.9822     86.589     36.437  37.412985     4.5883      8.957   210.4075 4.6093e+02     3.7737     -0.034     -0.049    26.3588   996.7078 0.0000e+00
     -0.030     -0.002     7.0318     87.204     36.562  37.540247     4.5649      8.950   210.2521 4.6485e+02     3.7972     -0.029     -0.041    26.3480   996.7107 0.0000e+00
     -0.028      0.001     7.0966     88.007     36.632  37.611920     4.5602      8.942   210.2266 4.6985e+02     3.8437     -0.027     -0.039    26.3404   996.7127 0.0000e+00
     -0.028      0.004     7.1916     89.183     36.664  37.644836     4.5662      8.934   210.2714 4.7148e+02     3.8448     -0.029     -0.042    26.3347   996.7142 0.0000e+00
     -0.026      0.004     7.3126     90.681     36.704  37.684331     4.5843      8.928   210.1916 4.6716e+02     3.8099     -0.027     -0.037    26.3316   996.7151 0.0000e+00
     -0.024      0.004     7.4425     92.289     36.729  37.708601     4.5975      8.922   210.1224 4.6065e+02     3.7825     -0.021     -0.031    26.3321   996.7151 0.0000e+00
     -0.024      0.004     7.5601     93.744     36.707  37.684370     4.6053      8.914   210.2092 4.5492e+02     3.7761     -0.022     -0.032    26.3326   996.7150 0.0000e+00
     -0.024      0.004     7.6536     94.899     36.670  37.645256     4.6344      8.906   210.1225 4.5145e+02     3.7979     -0.026     -0.037    26.3317   996.7152 0.0000e+00
     -0.023      0.003     7.7253     95.786     36.644  37.616527     4.6806      8.896   209.9345 4.5135e+02     3.8163     -0.025     -0.035    26.3296   996.7158 0.0000e+00
     -0.020      0.001     7.7797     96.457     36.620  37.590910     4.7046      8.886   210.0005 4.5336e+02     3.8022     -0.019     -0.027    26.3266   996.7166 0.0000e+00
     -0.018      0.000     7.8129     96.867     36.619  37.589413     4.7078      8.878   210.0604 4.5493e+02     3.7915     -0.016     -0.022    26.3246   996.7172 0.0000e+00
     -0.020     -0.002     7.8214     96.970     36.629  37.598425     4.6931      8.871   209.8839 4.5547e+02     3.8185     -0.019     -0.028    26.3233   996.7175 0.0000e+00
     -0.022     -0.007     7.8125     96.859     36.604  37.572930     4.6653      8.866   209.9314 4.5548e+02     3.8332     -0.022     -0.032    26.3213   996.7180 0.0000e+00
     -0.023     -0.012     7.7989     96.688     36.568  37.535054     4.6496      8.861   210.2054 4.5482e+02     3.8054     -0.023     -0.033    26.3190   996.7186 0.0000e+00
     -0.025     -0.014     7.7888     96.559     36.556  37.521318     4.6424      8.854   210.1856 4.5417e+02     3.7771     -0.022     -0.032    26.3180   996.7189 0.0000e+00
     -0.030     -0.013     7.7861     96.524     36.569  37.533795     4.5949      8.846   210.0356 4.5431e+02     3.7536     -0.029     -0.041    26.3181   996.7188 0.0000e+00
     -0.039     -0.012     7.7907     96.582     36.593  37.558957     4.5087      8.838   210.1128 4.5511e+02     3.7514     -0.040     -0.058    26.3175   996.7189 0.0000e+00
     -0.043     -0.010     7.7987     96.681     36.606  37.571660     4.4582      8.830   210.2586 4.5640e+02     3.7503     -0.045     -0.065    26.3153   996.7195 0.0000e+00
     -0.043     -0.006     7.8042     96.747     36.596  37.560431     4.4437      8.823   210.4220 4.5758e+02     3.7399     -0.043     -0.062    26.3129   996.7201 0.0000e+00
     -0.041     -0.001     7.8024     96.722     36.586  37.550141     4.4387      8.815   210.7125 4.5723e+02     3.7572     -0.040     -0.058    26.3125   996.7202 0.0000e+00
     -0.040      0.002     7.7900     96.571     36.609  37.574187     4.4749      8.807   211.0173 4.5402e+02     3.7632     -0.039     -0.056    26.3132   996.7201 0.0000e+00
     -0.040      0.003     7.7622     96.231     36.630  37.597277     4.5516      8.798   211.1815 4.4917e+02     3.7785     -0.041     -0.058    26.3127   996.7202 0.0000e+00
     -0.040      0.002     7.7130     95.624     36.608  37.575427     4.6032      8.791   211.1497 4.4559e+02     3.8111     -0.041     -0.059    26.3113   996.7206 0.0000e+00
