Data/DataNotYetUploadedToEDI/Raw_CTD/RawDownloads/080520_ccr50.cnv
* Sea-Bird SBE19plus  Data File:
* FileName = C:\DATA\080520_ccr50_0004.hex
* Software version 2.8.0.119
* Temperature SN = 7809
* Conductivity SN = 7809
* System UpLoad Time = Aug 05 2020 16:00:06
* <ApplicationData>
* <Seaterm232>
# nquan = 16
# nvalues = 2105                        
# units = specified
# name 0 = depFM: Depth [fresh water, m]
# name 1 = dz/dtM: Descent Rate [m/s]
# name 2 = sbeox0ML/L: Oxygen, SBE 43 [ml/l]
# name 3 = sbeox0PS: Oxygen, SBE 43 [% saturation]
# name 4 = specc: Specific Conductance [uS/cm]
# name 5 = c0uS/cm: Conductivity [uS/cm]
# name 6 = flECO-AFL: Fluorescence, WET Labs ECO-AFL/FL [mg/m^3]
# name 7 = ph: pH
# name 8 = orp: Oxidation Reduction Potential [mV]
# name 9 = par/sat/log: PAR/Logarithmic, Satlantic
# name 10 = turbWETntu0: Turbidity, WET Labs ECO [NTU]
# name 11 = prdM: Pressure, Strain Gauge [db]
# name 12 = prdE: Pressure, Strain Gauge [psi]
# name 13 = tv290C: Temperature [ITS-90, deg C]
# name 14 = density00: Density [density, kg/m^3]
# name 15 = flag:  0.000e+00
# span 0 =     -0.415,     21.135       
# span 1 =     -0.384,      0.229       
# span 2 =     0.4964,     6.7281       
# span 3 =      6.326,    112.390       
# span 4 =      6.761,    111.591       
# span 5 =   7.152586,  77.312406       
# span 6 =    -1.5407,     3.4246       
# span 7 =     10.734,     12.420       
# span 8 =   261.0365,   330.5501       
# span 9 = 1.2320e-01, 2.9568e+03       
# span 10 =    -8.5368,   962.3206      
# span 11 =     -0.408,     20.727      
# span 12 =     -0.592,     30.062      
# span 13 =     9.6381,    34.1354      
# span 14 =   994.3395,   999.8745      
# span 15 = 0.0000e+00, 0.0000e+00      
# interval = seconds: 0.25
# start_time = Aug 04 2020 22:23:32 [Instrument's time stamp, header]
# bad_flag = -9.990e-29
*END*
[from data line 1266]
     12.422      0.090     3.2279     42.932     84.686  59.521010     0.0395     11.648   325.2264 3.3541e-01     4.5320     12.179     17.663    10.1484   999.7786 0.0000e+00
     12.457      0.090     3.2553     43.514     84.735  59.549006     0.0303     11.650   325.3337 3.0584e-01     4.5737     12.219     17.722    10.1484   999.7787 0.0000e+00
     12.487      0.095     3.2938     44.126     84.799  59.589467     0.0385     11.652   325.5306 2.8565e-01     4.5136     12.252     17.770    10.1482   999.7789 0.0000e+00
     12.503      0.099     3.3382     44.739     84.861  59.629012     0.0531     11.653   325.5431 2.8086e-01     4.4223     12.264     17.787    10.1443   999.7793 0.0000e+00
     12.516      0.099     3.3760     45.326     84.889  59.645922     0.0546     11.656   325.3979 2.7092e-01     4.3626     12.270     17.796    10.1392   999.7799 0.0000e+00
     12.539      0.097     3.4252     45.862     84.923  59.666850     0.0470     11.661   325.2381 2.5689e-01     4.2730     12.291     17.827    10.1356   999.7803 0.0000e+00
     12.574      0.099     3.4735     46.361     85.051  59.754979     0.0469     11.666   325.1600 2.4188e-01     4.1971     12.332     17.885    10.1328   999.7808 0.0000e+00
     12.609      0.105     3.5224     46.822     85.238  59.885509     0.0533     11.671   325.3135 2.3138e-01     4.1661     12.372     17.944    10.1308   999.7812 0.0000e+00
     12.633      0.111     3.5706     47.190     85.365  59.974367     0.0575     11.676   325.3725 2.2915e-01     4.1375     12.392     17.974    10.1290   999.7814 0.0000e+00
     12.651      0.110     3.6113     47.423     85.409  60.003382     0.0587     11.681   325.1859 2.2627e-01     4.1261     12.402     17.988    10.1276   999.7816 0.0000e+00
     12.677      0.102     3.6510     47.528     85.383  59.982178     0.0490     11.687   325.1227 2.2208e-01     4.0968     12.428     18.024    10.1265   999.7820 0.0000e+00
     12.713      0.094     3.6885     47.493     85.372  59.972135     0.0360     11.694   325.2109 2.1443e-01     3.9896     12.469     18.085    10.1259   999.7822 0.0000e+00
     12.747      0.090     3.7207     47.397     85.424  60.009021     0.0446     11.701   325.3051 2.0731e-01     3.8950     12.507     18.139    10.1258   999.7825 0.0000e+00
     12.767      0.089     3.7356     47.313     85.476  60.046956     0.0675     11.707   325.3156 1.9965e-01     3.8797     12.525     18.165    10.1245   999.7827 0.0000e+00
     12.776      0.086     3.7479     47.217     85.480  60.049572     0.0738     11.714   325.2522 1.8849e-01     3.8730     12.527     18.169    10.1225   999.7828 0.0000e+00
     12.788      0.081     3.7417     47.167     85.466  60.040653     0.0352     11.720   325.2271 1.8707e-01     3.8136     12.534     18.179    10.1213   999.7830 0.0000e+00
     12.813      0.075     3.7291     47.201     85.501  60.066192    -0.0270     11.725   325.2693 1.7907e-01     3.7111     12.562     18.219    10.1219   999.7831 0.0000e+00
     12.846      0.074     3.7286     47.315     85.556  60.104220    -0.0581     11.731   325.4188 1.6218e-01     3.6294     12.600     18.275    10.1229   999.7832 0.0000e+00
     12.871      0.078     3.7151     47.523     85.580  60.119230    -0.0655     11.737   325.6573 1.6470e-01     3.6159     12.628     18.317    10.1226   999.7834 0.0000e+00
     12.882      0.084     3.7115     47.791     85.585  60.120595    -0.0780     11.744   325.9163 1.8028e-01     3.6504     12.635     18.326    10.1229   999.7833 0.0000e+00
     12.887      0.090     3.7149     48.085     85.589  60.120720    -0.0945     11.750   326.0550 1.8136e-01     3.6341     12.633     18.323    10.1236   999.7833 0.0000e+00
     12.904      0.093     3.7220     48.413     85.593  60.120732    -0.1119     11.757   325.9580 1.6280e-01     3.5566     12.647     18.343    10.1233   999.7834 0.0000e+00
     12.939      0.096     3.7405     48.721     85.597  60.120744    -0.1266     11.763   325.7755 1.4588e-01     3.5381     12.685     18.398    10.1224   999.7837 0.0000e+00
     12.982      0.099     3.7632     48.956     85.600  60.120859    -0.1291     11.768   325.7422 1.4060e-01     3.4786     12.736     18.472    10.1211   999.7840 0.0000e+00
     13.015      0.101     3.7850     49.192     85.603  60.122119    -0.1234     11.774   325.8135 1.3569e-01     3.2841     12.770     18.522    10.1195   999.7843 0.0000e+00
     13.031      0.097     3.8120     49.416     85.625  60.135982    -0.1145     11.780   325.7767 1.3259e-01     3.1775     12.780     18.535    10.1175   999.7846 0.0000e+00
     13.043      0.087     3.8417     49.581     85.665  60.161397    -0.1077     11.786   325.7271 1.3500e-01     3.1848     12.786     18.545    10.1156   999.7848 0.0000e+00
     13.063      0.077     3.8533     49.700     85.690  60.175261    -0.1175     11.794   325.7303 1.3575e-01     3.1320     12.808     18.576    10.1147   999.7849 0.0000e+00
     13.090      0.072     3.8742     49.735     85.695  60.176522    -0.1275     11.804   325.6438 1.3383e-01     3.0888     12.838     18.620    10.1142   999.7851 0.0000e+00
     13.114      0.075     3.8952     49.721     85.698  60.176637    -0.1237     11.813   325.5418 1.3123e-01     3.1432     12.865     18.660    10.1134   999.7853 0.0000e+00
     13.127      0.078     3.9042     49.731     85.702  60.176647    -0.1196     11.821   325.5293 1.2956e-01     3.2057     12.876     18.674    10.1116   999.7856 0.0000e+00
     13.137      0.077     3.9183     49.728     85.707  60.176648    -0.1253     11.831   325.4926 1.2694e-01     3.1920     12.878     18.677    10.1095   999.7858 0.0000e+00
     13.157      0.072     3.9193     49.680     85.711  60.176648    -0.1553     11.840   325.3558 1.2408e-01     3.1839     12.898     18.707    10.1081   999.7860 0.0000e+00
     13.186      0.067     3.9141     49.633     85.714  60.176639    -0.1955     11.848   325.2516 1.2347e-01     3.2454     12.932     18.756    10.1072   999.7862 0.0000e+00
     13.211      0.064     3.9178     49.597     85.715  60.176534    -0.2110     11.855   325.0934 1.2342e-01     3.3174     12.962     18.799    10.1059   999.7866 0.0000e+00
     13.225      0.061     3.9199     49.570     85.714  60.175389    -0.1996     11.863   324.9049 1.2338e-01     3.4019     12.973     18.816    10.1039   999.7868 0.0000e+00
     13.229      0.058     3.9127     49.570     85.698  60.162787    -0.1718     11.871   324.9523 1.2331e-01     3.3748     12.972     18.814    10.1019   999.7869 0.0000e+00
     13.234      0.055     3.9096     49.556     85.685  60.151235    -0.1426     11.879   325.0635 1.2332e-01     3.1955     12.974     18.816    10.1004   999.7871 0.0000e+00
     13.250      0.056     3.9082     49.535     85.705  60.162787    -0.1328     11.887   325.1315 1.2342e-01     3.0881     12.992     18.842    10.0998   999.7872 0.0000e+00
     13.272      0.065     3.9030     49.548     85.726  60.175379    -0.1393     11.894   325.2578 1.2343e-01     3.1062     13.017     18.881    10.0998   999.7873 0.0000e+00
     13.291      0.076     3.9064     49.543     85.731  60.176410    -0.1445     11.900   325.3864 1.2342e-01     3.2428     13.036     18.907    10.0996   999.7874 0.0000e+00
     13.306      0.082     3.9055     49.517     85.732  60.175244    -0.1390     11.907   325.5682 1.2343e-01     3.5035     13.048     18.924    10.0979   999.7876 0.0000e+00
     13.326      0.081     3.8999     49.496     85.716  60.161276    -0.1295     11.913   325.8205 1.2339e-01     3.6832     13.064     18.948    10.0958   999.7879 0.0000e+00
     13.354      0.077     3.9055     49.444     85.682  60.134603    -0.1338     11.918   326.1143 1.2337e-01     3.6652     13.096     18.994    10.0945   999.7882 0.0000e+00
     13.383      0.076     3.9050     49.377     85.644  60.106888    -0.1725     11.923   326.3665 1.2335e-01     3.5943     13.129     19.042    10.0938   999.7884 0.0000e+00
     13.400      0.080     3.8995     49.310     85.608  60.080318    -0.2358     11.929   326.3750 1.2332e-01     3.5810     13.146     19.066    10.0930   999.7886 0.0000e+00
     13.407      0.084     3.9029     49.225     85.594  60.067487    -0.2694     11.937   326.3032 1.2332e-01     3.6081     13.146     19.067    10.0911   999.7887 0.0000e+00
     13.419      0.084     3.8960     49.121     85.617  60.078819    -0.2643     11.945   326.3591 1.2334e-01     3.6476     13.152     19.075    10.0892   999.7889 0.0000e+00
     13.448      0.082     3.8907     49.001     85.640  60.090246    -0.2499     11.953   326.3619 1.2340e-01     3.7147     13.183     19.120    10.0886   999.7891 0.0000e+00
     13.486      0.083     3.8868     48.898     85.627  60.078580    -0.2475     11.960   326.3379 1.2348e-01     3.8014     13.230     19.188    10.0884   999.7893 0.0000e+00
     13.514      0.087     3.8790     48.835     85.609  60.064831    -0.2632     11.966   326.4134 1.2347e-01     3.8374     13.261     19.233    10.0866   999.7896 0.0000e+00
     13.525      0.089     3.8728     48.804     85.594  60.051073    -0.2596     11.972   326.5003 1.2340e-01     3.8412     13.264     19.238    10.0831   999.7900 0.0000e+00
     13.532      0.084     3.8609     48.757     85.584  60.039313    -0.2223     11.979   326.5284 1.2327e-01     3.8135     13.263     19.237    10.0801   999.7903 0.0000e+00
     13.553      0.077     3.8534     48.696     85.605  60.049710    -0.1848     11.986   326.4083 1.2323e-01     3.7080     13.285     19.269    10.0790   999.7904 0.0000e+00
     13.586      0.073     3.8473     48.672     85.610  60.049700    -0.1774     11.991   326.2526 1.2330e-01     3.6293     13.326     19.329    10.0789   999.7906 0.0000e+00
     13.615      0.075     3.8480     48.670     85.597  60.039189    -0.1997     11.996   326.2811 1.2333e-01     3.6180     13.360     19.375    10.0775   999.7909 0.0000e+00
     13.628      0.077     3.8448     48.663     85.614  60.049690    -0.2162     12.001   326.4087 1.2337e-01     3.6060     13.369     19.389    10.0742   999.7912 0.0000e+00
     13.633      0.074     3.8366     48.651     85.619  60.049585    -0.2054     12.007   326.4184 1.2341e-01     3.6898     13.366     19.385    10.0706   999.7916 0.0000e+00
     13.647      0.066     3.8369     48.632     85.609  60.037919    -0.1837     12.013   326.3993 1.2340e-01     3.8766     13.378     19.403    10.0691   999.7918 0.0000e+00
     13.674      0.060     3.8375     48.609     85.609  60.035714    -0.1826     12.019   326.5217 1.2340e-01     3.9406     13.410     19.450    10.0689   999.7919 0.0000e+00
     13.702      0.061     3.8367     48.578     85.591  60.022922    -0.2011     12.024   326.6936 1.2339e-01     3.8797     13.444     19.498    10.0679   999.7922 0.0000e+00
     13.715      0.066     3.8360     48.503     85.573  60.010313    -0.2266     12.030   326.8428 1.2335e-01     3.7927     13.456     19.516    10.0656   999.7924 0.0000e+00
     13.716      0.070     3.8350     48.394     85.577  60.010333    -0.2527     12.037   326.9493 1.2332e-01     3.6796     13.449     19.505    10.0627   999.7926 0.0000e+00
     13.723      0.069     3.8325     48.280     85.601  60.023163    -0.2587     12.042   326.9487 1.2337e-01     3.6450     13.450     19.507    10.0609   999.7928 0.0000e+00
     13.748      0.067     3.8323     48.159     85.628  60.038362    -0.2517     12.047   326.9209 1.2345e-01     3.6837     13.477     19.546    10.0615   999.7929 0.0000e+00
     13.783      0.071     3.8259     48.053     85.673  60.067022    -0.2543     12.051   326.9574 1.2344e-01     3.6663     13.523     19.614    10.0620   999.7931 0.0000e+00
     13.808      0.080     3.8150     47.955     85.745  60.115542    -0.2708     12.054   326.9603 1.2339e-01     3.6054     13.551     19.653    10.0604   999.7933 0.0000e+00
     13.815      0.085     3.8088     47.842     85.750  60.116717    -0.2802     12.059   326.8703 1.2333e-01     3.6001     13.548     19.648    10.0571   999.7936 0.0000e+00
     13.823      0.083     3.7970     47.758     85.705  60.081222    -0.2720     12.063   326.8149 1.2333e-01     3.6372     13.547     19.649    10.0544   999.7939 0.0000e+00
     13.847      0.078     3.7892     47.730     85.691  60.067590    -0.2769     12.067   326.8920 1.2334e-01     3.7100     13.574     19.689    10.0535   999.7941 0.0000e+00
     13.882      0.078     3.7837     47.710     85.711  60.078962    -0.3001     12.069   326.9434 1.2330e-01     3.8279     13.617     19.750    10.0530   999.7945 0.0000e+00
     13.910      0.082     3.7722     47.664     85.731  60.091652    -0.3149     12.072   326.9197 1.2329e-01     3.8614     13.648     19.795    10.0513   999.7947 0.0000e+00
     13.924      0.084     3.7647     47.619     85.736  60.093942    -0.3222     12.076   326.8641 1.2336e-01     3.8066     13.657     19.809    10.0489   999.7949 0.0000e+00
     13.933      0.079     3.7648     47.585     85.758  60.106650    -0.3113     12.080   326.7864 1.2338e-01     3.7141     13.659     19.811    10.0463   999.7952 0.0000e+00
     13.951      0.071     3.7653     47.567     85.779  60.118221    -0.2698     12.084   326.8409 1.2334e-01     3.6359     13.675     19.834    10.0447   999.7954 0.0000e+00
     13.979      0.070     3.7589     47.557     85.766  60.106775    -0.2500     12.088   327.0073 1.2334e-01     3.6162     13.710     19.884    10.0446   999.7956 0.0000e+00
     14.004      0.077     3.7566     47.513     85.751  60.095330    -0.2619     12.092   327.1630 1.2335e-01     3.5788     13.739     19.927    10.0442   999.7957 0.0000e+00
     14.016      0.087     3.7533     47.443     85.769  60.106902    -0.2606     12.096   327.2608 1.2332e-01     3.5274     13.748     19.939    10.0424   999.7959 0.0000e+00
     14.024      0.092     3.7518     47.395     85.790  60.119621    -0.2544     12.099   327.2435 1.2329e-01     3.5439     13.747     19.938    10.0400   999.7962 0.0000e+00
     14.046      0.087     3.7533     47.356     85.795  60.122027    -0.2538     12.103   327.2116 1.2333e-01     3.6063     13.765     19.965    10.0388   999.7964 0.0000e+00
     14.086      0.078     3.7500     47.311     85.815  60.135992    -0.2526     12.105   327.2199 1.2342e-01     3.6295     13.815     20.036    10.0385   999.7966 0.0000e+00
     14.126      0.073     3.7416     47.293     85.850  60.161407    -0.2591     12.107   327.1714 1.2344e-01     3.6181     13.863     20.107    10.0379   999.7969 0.0000e+00
     14.142      0.068     3.7389     47.296     85.866  60.175166    -0.2856     12.110   327.0559 1.2339e-01     3.6068     13.876     20.127    10.0367   999.7971 0.0000e+00
     14.138      0.060     3.7379     47.304     85.865  60.175281    -0.3248     12.113   327.0273 1.2335e-01     3.6295     13.862     20.106    10.0356   999.7971 0.0000e+00
     14.136      0.050     3.7308     47.303     85.850  60.162793    -0.3418     12.117   327.1696 1.2334e-01     3.6519     13.855     20.095    10.0351   999.7971 0.0000e+00
     14.151      0.046     3.7315     47.320     85.836  60.151251    -0.3291     12.119   327.1411 1.2332e-01     3.6370     13.874     20.121    10.0361   999.7972 0.0000e+00
     14.176      0.052     3.7307     47.399     85.853  60.162805    -0.3139     12.121   326.8552 1.2331e-01     3.6225     13.905     20.168    10.0383   999.7971 0.0000e+00
     14.195      0.065     3.7328     47.509     85.871  60.175409    -0.3202     12.124   326.7249 1.2337e-01     3.6138     13.926     20.199    10.0388   999.7972 0.0000e+00
     14.204      0.077     3.7321     47.606     85.876  60.176565    -0.3382     12.127   326.7706 1.2342e-01     3.5662     13.928     20.202    10.0371   999.7973 0.0000e+00
