Data/DataNotYetUploadedToEDI/Raw_CTD/RawDownloads/080519_fcr30.cnv
* Sea-Bird SBE19plus  Data File:
* FileName = C:\DATA\080519_fcr50_0003.hex
* Software version 2.8.0.119 SB_Terminal.dll
* Temperature SN = 7809
* Conductivity SN = 7809
* System UpLoad Time = Aug 05 2019 17:59:04
* <ApplicationData>
* <Seaterm232>
# nquan = 16
# nvalues = 463                         
# units = specified
# name 0 = depFM: Depth [fresh water, m]
# name 1 = dz/dtM: Descent Rate [m/s]
# name 2 = sbeox0Mg/L: Oxygen, SBE 43 [mg/l]
# name 3 = sbeox0PS: Oxygen, SBE 43 [% saturation]
# name 4 = specc: Specific Conductance [uS/cm]
# name 5 = c0uS/cm: Conductivity [uS/cm]
# name 6 = flECO-AFL: Fluorescence, WET Labs ECO-AFL/FL [mg/m^3]
# name 7 = ph: pH
# name 8 = orp: Oxidation Reduction Potential [mV]
# name 9 = par/sat/log: PAR/Logarithmic, Satlantic
# name 10 = turbWETntu0: Turbidity, WET Labs ECO [NTU]
# name 11 = prdM: Pressure, Strain Gauge [db]
# name 12 = prdE: Pressure, Strain Gauge [psi]
# name 13 = tv290C: Temperature [ITS-90, deg C]
# name 14 = density00: Density [density, kg/m^3]
# name 15 = flag:  0.000e+00
# span 0 =     -0.581,      5.229       
# span 1 =     -0.093,      0.343       
# span 2 =     0.1011,     8.7793       
# span 3 =      0.940,    109.077       
# span 4 =      1.444,     72.083       
# span 5 =   1.418283,  56.399368       
# span 6 =    -0.1280,     8.8842       
# span 7 =      6.874,      8.519       
# span 8 =   136.4639,   913.3452       
# span 9 = 4.7011e-01, 6.0707e+02       
# span 10 =    -0.5461,     7.1907      
# span 11 =     -0.570,      5.128      
# span 12 =     -0.827,      7.438      
# span 13 =    11.9422,    26.4877      
# span 14 =   996.6726,   999.5493      
# span 15 = 0.0000e+00, 0.0000e+00      
# interval = seconds: 0.25
# start_time = Aug 05 2019 11:47:15 [Instrument's time stamp, header]
# bad_flag = -9.990e-29
*END*
[from data line 272]
      2.177      0.089     4.6845     55.099     37.180  36.040124     7.4746      8.052   229.3702 2.6026e+01     3.6265      2.134      3.095    23.6703   997.4069 0.0000e+00
      2.204      0.091     4.5731     53.740     37.232  36.054613     7.2334      8.049   229.5728 2.5141e+01     3.5549      2.161      3.135    23.5997   997.4242 0.0000e+00
      2.231      0.091     4.4831     52.605     37.326  36.087673     7.2015      8.045   229.7706 2.4429e+01     3.5326      2.190      3.175    23.5316   997.4408 0.0000e+00
      2.253      0.090     4.4086     51.639     37.433  36.122410     7.1074      8.041   230.2136 2.3889e+01     3.5540      2.210      3.206    23.4880   997.4515 0.0000e+00
      2.272      0.088     4.3441     50.794     37.543  36.157161     6.9278      8.038   230.9700 2.3350e+01     3.5514      2.228      3.231    23.4695   997.4559 0.0000e+00
      2.292      0.088     4.2835     49.999     37.648  36.190395     6.8236      8.035   231.6888 2.2753e+01     3.5009      2.247      3.258    23.4271   997.4663 0.0000e+00
      2.314      0.088     4.2231     49.214     37.732  36.206782     6.8106      8.032   232.1941 2.2107e+01     3.4674      2.268      3.290    23.3404   997.4873 0.0000e+00
      2.338      0.089     4.1644     48.455     37.820  36.228257     6.8047      8.029   232.4334 2.1439e+01     3.4739      2.293      3.325    23.2428   997.5108 0.0000e+00
      2.363      0.089     4.1093     47.741     37.915  36.259546     6.7873      8.025   232.5171 2.0834e+01     3.5140      2.317      3.361    23.1475   997.5337 0.0000e+00
      2.387      0.087     4.0580     47.076     37.984  36.267656     6.7643      8.022   232.6901 2.0293e+01     3.5267      2.341      3.395    23.0568   997.5554 0.0000e+00
      2.409      0.083     4.0090     46.450     38.031  36.262761     6.7524      8.018   232.8899 1.9785e+01     3.4968      2.363      3.427    22.9722   997.5756 0.0000e+00
      2.430      0.078     3.9592     45.824     38.077  36.263747     6.7484      8.013   233.1260 1.9330e+01     3.4797      2.384      3.458    22.8910   997.5950 0.0000e+00
      2.449      0.074     3.9062     45.162     38.138  36.279519     6.7321      8.009   233.3939 1.8919e+01     3.4178      2.403      3.485    22.8102   997.6141 0.0000e+00
      2.467      0.071     3.8477     44.429     38.243  36.326463     6.7026      8.006   233.7203 1.8560e+01     3.3061      2.420      3.510    22.7326   997.6324 0.0000e+00
      2.482      0.071     3.7819     43.600     38.373  36.386960     6.6874      8.002   234.1466 1.8244e+01     3.2758      2.434      3.531    22.6644   997.6484 0.0000e+00
      2.498      0.072     3.7101     42.703     38.497  36.439650     6.6694      7.997   234.5046 1.7882e+01     3.3133      2.448      3.551    22.6134   997.6603 0.0000e+00
      2.516      0.073     3.6324     41.757     38.566  36.455668     6.4333      7.992   234.7796 1.7461e+01     3.3008      2.466      3.577    22.5631   997.6722 0.0000e+00
      2.537      0.077     3.5410     40.684     38.586  36.453610     6.0005      7.988   235.0626 1.7058e+01     3.2885      2.489      3.609    22.4956   997.6880 0.0000e+00
      2.558      0.082     3.4218     39.317     38.677  36.541685     5.7624      7.983   235.5178 1.6676e+01     3.2957      2.510      3.639    22.4095   997.7080 0.0000e+00
      2.578      0.088     3.2782     37.666     38.910  36.758917     5.7307      7.977   236.0671 1.6267e+01     3.2899      2.527      3.665    22.3149   997.7299 0.0000e+00
      2.598      0.094     3.1381     36.007     39.212  36.985533     5.6507      7.972   236.4557 1.5849e+01     3.3165      2.547      3.694    22.2434   997.7465 0.0000e+00
      2.621      0.098     3.0212     34.547     39.440  37.060029     5.5067      7.968   236.8611 1.5416e+01     3.3229      2.570      3.727    22.2191   997.7521 0.0000e+00
      2.649      0.099     2.9227     33.272     39.802  37.215124     5.4380      7.964   237.2689 1.4909e+01     3.3018      2.596      3.764    22.2329   997.7491 0.0000e+00
      2.681      0.098     2.8261     32.040     40.663  37.844904     5.4353      7.961   237.5142 1.4391e+01     3.3232      2.630      3.814    22.2574   997.7437 0.0000e+00
      2.711      0.094     2.7247     30.785     41.609  38.580643     5.3178      7.956   237.7622 1.4002e+01     3.2534      2.662      3.860    22.2035   997.7563 0.0000e+00
      2.733      0.087     2.6470     29.822     42.055  38.874262     5.1005      7.951   238.1162 1.3728e+01     3.0154      2.682      3.889    21.9966   997.8036 0.0000e+00
      2.751      0.077     2.6139     29.380     42.214  38.919208     4.9842      7.947   238.5243 1.3478e+01     2.8381      2.697      3.912    21.7351   997.8627 0.0000e+00
      2.768      0.069     2.5767     28.905     42.529  39.123941     4.9697      7.943   238.9118 1.3228e+01     2.8141      2.714      3.937    21.5184   997.9114 0.0000e+00
      2.783      0.065     2.4592     27.543     43.303  39.762534     4.9606      7.940   239.3588 1.2999e+01     2.8228      2.730      3.961    21.3477   997.9497 0.0000e+00
      2.798      0.067     2.2267     24.900     44.443  40.736376     4.9603      7.935   239.9719 1.2834e+01     2.8775      2.746      3.982    21.2071   997.9807 0.0000e+00
      2.811      0.073     1.9072     21.289     45.025  41.185324     4.9666      7.928   240.7323 1.2672e+01     2.9846      2.756      3.996    21.0861   998.0072 0.0000e+00
      2.826      0.081     1.5583     17.358     44.514  40.619631     4.9673      7.920   241.6693 1.2386e+01     3.0364      2.768      4.015    20.9861   998.0290 0.0000e+00
      2.849      0.089     1.2083     13.428     43.808  39.864161     4.9685      7.912   242.6111 1.2028e+01     3.0439      2.792      4.050    20.9087   998.0460 0.0000e+00
      2.877      0.094     0.8613      9.548     43.793  39.732569     4.9546      7.904   243.3438 1.1675e+01     3.0757      2.820      4.091    20.8339   998.0628 0.0000e+00
      2.908      0.096     0.5379      5.950     44.459  40.234609     4.9205      7.895   243.9034 1.1321e+01     3.1270      2.852      4.137    20.7355   998.0844 0.0000e+00
      2.937      0.095     0.2882      3.182     45.576  41.172826     4.8942      7.888   244.3865 1.1053e+01     3.1398      2.883      4.182    20.6224   998.1083 0.0000e+00
      2.958      0.093     0.1572      1.733     47.126  42.505721     4.8796      7.882   244.9693 1.0875e+01     3.0985      2.902      4.209    20.4992   998.1340 0.0000e+00
      2.975      0.090     0.1373      1.510     49.137  44.223812     4.8138      7.876   245.5296 1.0674e+01     3.0866      2.917      4.230    20.3530   998.1650 0.0000e+00
      2.995      0.086     0.1806      1.980     51.334  46.072263     4.6882      7.870   245.9981 1.0434e+01     3.1280      2.936      4.258    20.2277   998.1916 0.0000e+00
      3.018      0.083     0.2379      2.602     53.313  47.710025     4.6172      7.864   246.5049 1.0177e+01     3.1395      2.959      4.291    20.1616   998.2058 0.0000e+00
      3.044      0.081     0.2809      3.067     54.088  48.276315     4.6067      7.858   246.8393 9.9299e+00     3.0950      2.986      4.331    20.1070   998.2178 0.0000e+00
      3.067      0.079     0.3033      3.304     52.372  46.631743     4.6224      7.850   246.8569 9.7502e+00     3.0812      3.011      4.366    20.0131   998.2380 0.0000e+00
      3.085      0.078     0.3036      3.300     48.699  43.256916     4.6765      7.839   246.8041 9.6025e+00     3.1041      3.026      4.389    19.8733   998.2676 0.0000e+00
      3.100      0.078     0.2793      3.028     45.862  40.617542     4.7137      7.827   246.8890 9.4571e+00     3.1096      3.039      4.409    19.7378   998.2960 0.0000e+00
      3.116      0.080     0.2329      2.518     45.539  40.179817     4.7167      7.816   247.1958 9.3171e+00     3.1149      3.056      4.432    19.6205   998.3204 0.0000e+00
      3.136      0.085     0.1820      1.960     45.950  40.377112     4.6786      7.809   247.7598 9.1347e+00     3.2008      3.073      4.457    19.5065   998.3429 0.0000e+00
      3.160      0.090     0.1508      1.618     45.509  39.828578     4.6088      7.805   247.4272 8.9145e+00     3.3613      3.097      4.492    19.4093   998.3608 0.0000e+00
      3.187      0.092     0.1543      1.649     45.027  39.260895     4.5743      7.802   244.8094 8.6891e+00     3.4493      3.127      4.533    19.2900   998.3834 0.0000e+00
      3.215      0.092     0.1903      2.029     45.282  39.353615     4.5742      7.799   240.8019 8.4700e+00     3.4786      3.154      4.574    19.1200   998.4176 0.0000e+00
      3.240      0.089     0.2413      2.565     46.009  39.870277     4.5809      7.796   237.0883 8.2722e+00     3.5191      3.179      4.611    18.9289   998.4555 0.0000e+00
      3.261      0.084     0.2904      3.080     46.559  40.238577     4.6475      7.793   234.1517 8.1119e+00     3.6437      3.200      4.641    18.7464   998.4906 0.0000e+00
      3.279      0.079     0.3321      3.515     46.624  40.187980     4.7725      7.791   231.8818 7.9781e+00     3.8378      3.216      4.665    18.5844   998.5216 0.0000e+00
      3.297      0.075     0.3627      3.830     46.464  39.956700     4.8437      7.789   230.0344 7.8307e+00     3.9331      3.233      4.689    18.4446   998.5484 0.0000e+00
      3.316      0.073     0.3747      3.952     46.197  39.664031     4.8754      7.786   228.2484 7.6872e+00     3.9769      3.252      4.716    18.3240   998.5716 0.0000e+00
      3.334      0.073     0.3639      3.835     45.546  39.061633     5.1647      7.783   226.7214 7.5623e+00     4.0399      3.270      4.742    18.2095   998.5934 0.0000e+00
      3.352      0.075     0.3332      3.506     44.831  38.386440     5.6968      7.780   225.7672 7.4242e+00     4.1049      3.286      4.766    18.0894   998.6159 0.0000e+00
      3.370      0.078     0.2939      3.086     44.311  37.848332     5.9946      7.778   225.0574 7.2723e+00     4.1722      3.305      4.794    17.9792   998.6362 0.0000e+00
      3.390      0.081     0.2568      2.691     43.428  36.998774     6.0350      7.776   224.6781 7.1125e+00     4.2315      3.323      4.820    17.9123   998.6485 0.0000e+00
      3.411      0.085     0.2262      2.365     42.718  36.302686     6.1241      7.775   224.7086 6.9335e+00     4.2968      3.343      4.848    17.8863   998.6532 0.0000e+00
      3.435      0.089     0.2084      2.173     43.132  36.541026     6.2824      7.775   224.8243 6.7225e+00     4.3715      3.368      4.885    17.8276   998.6637 0.0000e+00
      3.459      0.090     0.2149      2.231     43.947  37.087568     6.3713      7.775   224.7863 6.4977e+00     4.4472      3.393      4.920    17.7004   998.6871 0.0000e+00
      3.482      0.089     0.2581      2.670     44.262  37.198068     6.3842      7.775   224.5935 6.2915e+00     4.4912      3.416      4.953    17.5832   998.7080 0.0000e+00
      3.507      0.087     0.3434      3.541     44.258  37.051717     6.3775      7.774   224.4716 6.1060e+00     4.6739      3.439      4.988    17.4992   998.7227 0.0000e+00
      3.530      0.085     0.4553      4.682     44.533  37.158654     6.3599      7.774   224.4306 5.9434e+00     5.0507      3.463      5.023    17.3736   998.7455 0.0000e+00
      3.550      0.085     0.5587      5.731     45.658  37.983068     6.3443      7.774   224.5292 5.8070e+00     5.2784      3.483      5.051    17.1967   998.7773 0.0000e+00
      3.567      0.086     0.6242      6.387     47.273  39.211651     6.3110      7.773   224.7177 5.6663e+00     5.3294      3.498      5.072    17.0095   998.8102 0.0000e+00
      3.587      0.089     0.6413      6.547     48.536  40.142461     6.0441      7.771   224.8163 5.4908e+00     5.4699      3.516      5.099    16.8444   998.8388 0.0000e+00
      3.611      0.091     0.6100      6.213     49.463  40.794096     5.5621      7.770   225.0323 5.2945e+00     5.7000      3.540      5.134    16.7131   998.8613 0.0000e+00
      3.638      0.091     0.5392      5.479     50.074  41.186161     5.2946      7.766   225.3508 5.0992e+00     5.8176      3.567      5.174    16.5949   998.8819 0.0000e+00
      3.665      0.090     0.4445      4.507     50.151  41.137006     5.2453      7.762   225.5701 4.9239e+00     5.8102      3.595      5.215    16.4738   998.9032 0.0000e+00
      3.689      0.087     0.3438      3.478     49.996  40.897991     5.0794      7.758   225.7905 4.7824e+00     6.0038      3.620      5.250    16.3490   998.9244 0.0000e+00
      3.709      0.082     0.2531      2.554     50.056  40.835635     4.7884      7.753   225.9508 4.6504e+00     6.4546      3.638      5.276    16.2323   998.9442 0.0000e+00
      3.726      0.077     0.1839      1.851     50.258  40.890825     4.6231      7.746   226.1321 4.5061e+00     6.7371      3.653      5.299    16.1230   998.9625 0.0000e+00
      3.745      0.072     0.1408      1.415     50.352  40.866801     4.6067      7.740   226.5205 4.3669e+00     6.7651      3.673      5.327    16.0080   998.9813 0.0000e+00
      3.764      0.069     0.1202      1.205     50.441  40.862476     4.5982      7.735   227.0321 4.2595e+00     6.7278      3.692      5.354    15.8970   998.9992 0.0000e+00
      3.780      0.069     0.1141      1.143     50.539  40.901928     4.4949      7.730   227.5856 4.1745e+00     6.7122      3.708      5.377    15.7861   999.0171 0.0000e+00
      3.796      0.070     0.1151      1.152     50.639  40.962838     4.3113      7.725   228.2232 4.0736e+00     6.7395      3.722      5.399    15.6741   999.0352 0.0000e+00
      3.813      0.072     0.1183      1.183     51.095  41.281469     4.2071      7.719   229.1479 3.9658e+00     6.7302      3.739      5.423    15.5695   999.0517 0.0000e+00
      3.831      0.074     0.1218      1.215     51.827  41.770437     4.1896      7.714   230.2487 3.8626e+00     6.6992      3.757      5.449    15.4854   999.0651 0.0000e+00
      3.851      0.076     0.1253      1.247     52.559  42.240057     4.1768      7.711   230.9506 3.7307e+00     6.4952      3.776      5.476    15.4515   999.0706 0.0000e+00
      3.873      0.076     0.1297      1.289     53.725  43.086501     4.1565      7.706   231.0094 3.5848e+00     6.1001      3.799      5.509    15.4560   999.0699 0.0000e+00
      3.895      0.077     0.1341      1.331     55.580  44.512276     4.1441      7.699   230.7868 3.4719e+00     5.8542      3.821      5.543    15.4189   999.0759 0.0000e+00
      3.913      0.080     0.1370      1.358     57.637  46.080947     4.1389      7.693   230.4958 3.3888e+00     5.7831      3.838      5.567    15.3018   999.0945 0.0000e+00
      3.930      0.083     0.1397      1.381     59.410  47.384287     4.1109      7.687   230.1584 3.2993e+00     5.8300      3.853      5.588    15.1653   999.1156 0.0000e+00
      3.948      0.085     0.1434      1.415     60.840  48.395183     4.0584      7.678   229.9779 3.1863e+00     5.9630      3.871      5.615    15.0818   999.1288 0.0000e+00
      3.972      0.086     0.1467      1.445     62.033  49.221598     4.0237      7.668   229.9477 3.0428e+00     6.0142      3.893      5.647    15.0501   999.1345 0.0000e+00
      3.999      0.086     0.1480      1.455     62.996  49.881780     4.0124      7.659   230.0504 2.8849e+00     5.9901      3.922      5.688    14.9877   999.1447 0.0000e+00
      4.026      0.084     0.1476      1.449     63.771  50.406873     3.9474      7.650   230.2735 2.7574e+00     5.9334      3.951      5.729    14.8789   999.1617 0.0000e+00
      4.048      0.081     0.1485      1.456     64.697  51.060653     3.8354      7.641   230.3227 2.6691e+00     5.8534      3.971      5.760    14.7666   999.1790 0.0000e+00
