Data/DataNotYetUploadedToEDI/Raw_CTD/RawDownloads/080620_fcr50.cnv
* Sea-Bird SBE19plus  Data File:
* FileName = C:\DATA\080620_bvr50_0001.hex
* Software version 2.8.0.119
* Temperature SN = 7809
* Conductivity SN = 7809
* System UpLoad Time = Aug 06 2020 11:09:58
* <ApplicationData>
* <Seaterm232>
# nquan = 16
# nvalues = 3246                        
# units = specified
# name 0 = depFM: Depth [fresh water, m]
# name 1 = dz/dtM: Descent Rate [m/s]
# name 2 = sbeox0ML/L: Oxygen, SBE 43 [ml/l]
# name 3 = sbeox0PS: Oxygen, SBE 43 [% saturation]
# name 4 = specc: Specific Conductance [uS/cm]
# name 5 = c0uS/cm: Conductivity [uS/cm]
# name 6 = flECO-AFL: Fluorescence, WET Labs ECO-AFL/FL [mg/m^3]
# name 7 = ph: pH
# name 8 = orp: Oxidation Reduction Potential [mV]
# name 9 = par/sat/log: PAR/Logarithmic, Satlantic
# name 10 = turbWETntu0: Turbidity, WET Labs ECO [NTU]
# name 11 = prdM: Pressure, Strain Gauge [db]
# name 12 = prdE: Pressure, Strain Gauge [psi]
# name 13 = tv290C: Temperature [ITS-90, deg C]
# name 14 = density00: Density [density, kg/m^3]
# name 15 = flag:  0.000e+00
# span 0 =     -0.632,      9.611       
# span 1 =     -3.975,      3.454       
# span 2 =     0.0243,     7.6092       
# span 3 =      0.386,    132.553       
# span 4 =      0.476,    192.013       
# span 5 =   0.469477, 139.613295       
# span 6 =    -0.9466,   259.7519       
# span 7 =     12.702,     13.401       
# span 8 =  -603.0037,   324.0163       
# span 9 = 1.2346e-01, 1.8578e+03       
# span 10 =    -6.8904,   171.2392      
# span 11 =     -0.620,      9.425      
# span 12 =     -0.900,     13.670      
# span 13 =    11.2239,    25.6125      
# span 14 =   996.9055,   999.6912      
# span 15 = 0.0000e+00, 0.0000e+00      
# interval = seconds: 0.25
# start_time = Aug 05 2020 20:42:29 [Instrument's time stamp, header]
# bad_flag = -9.990e-29
*END*
[from data line 633]
      3.409      0.031     0.0531      0.822     50.110  40.555410     5.4557     13.070    49.5908 2.2983e+00     4.8884      3.341      4.846    15.9837   998.9833 0.0000e+00
      3.417      0.024     0.0579      0.819     50.238  40.584059     5.6847     13.072    49.2407 2.2539e+00     5.1246      3.350      4.859    15.8313   999.0081 0.0000e+00
      3.424      0.018     0.0572      0.797     50.286  40.575349     5.6929     13.072    48.8936 2.2189e+00     5.1503      3.360      4.874    15.6933   999.0303 0.0000e+00
      3.427      0.014     0.0584      0.741     50.322  40.576999     5.6593     13.073    48.4053 2.1939e+00     5.2343      3.361      4.875    15.5615   999.0512 0.0000e+00
      3.428      0.010     0.0568      0.685     50.365  40.603969     5.6127     13.074    47.8971 2.1825e+00     5.3853      3.361      4.876    15.4505   999.0686 0.0000e+00
      3.430      0.007     0.0578      0.653     50.405  40.647541     5.5866     13.075    47.4811 2.1850e+00     5.4310      3.363      4.878    15.3794   999.0798 0.0000e+00
      3.431      0.005     0.0574      0.653     50.487  40.722993     5.5733     13.076    47.0755 2.1845e+00     5.3742      3.364      4.879    15.3348   999.0866 0.0000e+00
      3.432      0.005     0.0513      0.667     50.623  40.818044     5.4522     13.078    46.6920 2.1799e+00     5.2145      3.365      4.881    15.3075   999.0908 0.0000e+00
      3.433      0.006     0.0476      0.664     50.853  40.971612     5.2372     13.082    46.2869 2.1687e+00     4.9072      3.366      4.882    15.2975   999.0924 0.0000e+00
      3.434      0.009     0.0448      0.650     51.159  41.183278     5.1302     13.086    45.8763 2.1529e+00     4.7147      3.367      4.884    15.3159   999.0896 0.0000e+00
      3.435      0.014     0.0451      0.648     51.337  41.282558     5.1114     13.088    45.5991 2.1355e+00     4.6721      3.368      4.885    15.3401   999.0858 0.0000e+00
      3.438      0.018     0.0476      0.673     51.336  41.219803     4.9912     13.088    45.2588 2.1052e+00     4.7696      3.370      4.888    15.3182   999.0893 0.0000e+00
      3.444      0.021     0.0469      0.708     51.224  41.059200     4.7829     13.089    44.8583 2.0708e+00     5.0006      3.376      4.896    15.2777   999.0957 0.0000e+00
      3.453      0.024     0.0452      0.711     50.988  40.800575     4.6716     13.091    44.6294 2.0424e+00     5.1305      3.386      4.911    15.2510   999.1000 0.0000e+00
      3.461      0.026     0.0450      0.689     50.778  40.568221     4.6662     13.094    44.2981 2.0203e+00     5.1727      3.395      4.925    15.2111   999.1062 0.0000e+00
      3.466      0.026     0.0465      0.694     50.736  40.471370     4.6795     13.097    43.7780 2.0057e+00     5.1672      3.400      4.931    15.1479   999.1158 0.0000e+00
      3.471      0.024     0.0512      0.711     50.782  40.454637     4.7276     13.099    43.5030 1.9847e+00     5.1341      3.402      4.935    15.0727   999.1272 0.0000e+00
      3.479      0.021     0.0515      0.711     50.874  40.492792     4.8091     13.101    43.5542 1.9597e+00     5.1495      3.411      4.947    15.0041   999.1375 0.0000e+00
      3.486      0.018     0.0470      0.700     50.961  40.551809     4.8539     13.102    43.4508 1.9455e+00     5.1816      3.420      4.961    14.9441   999.1465 0.0000e+00
      3.490      0.015     0.0489      0.672     51.006  40.596932     4.8495     13.103    43.1138 1.9344e+00     5.2133      3.423      4.965    14.8787   999.1563 0.0000e+00
      3.492      0.012     0.0512      0.617     51.060  40.657534     4.8036     13.104    42.9208 1.9260e+00     5.1888      3.425      4.967    14.8208   999.1649 0.0000e+00
      3.494      0.009     0.0503      0.572     51.107  40.713308     4.7184     13.105    42.6653 1.9248e+00     5.1259      3.427      4.971    14.7846   999.1705 0.0000e+00
      3.496      0.008     0.0500      0.580     51.144  40.763515     4.6675     13.106    42.4343 1.9238e+00     5.1056      3.428      4.972    14.7757   999.1718 0.0000e+00
      3.497      0.010     0.0486      0.600     51.179  40.820277     4.6470     13.107    42.6228 1.9249e+00     5.1490      3.429      4.973    14.7901   999.1696 0.0000e+00
      3.498      0.013     0.0441      0.611     51.139  40.828375     4.5565     13.107    42.7928 1.9178e+00     5.3765      3.431      4.976    14.8105   999.1667 0.0000e+00
      3.500      0.016     0.0376      0.625     51.049  40.797997     4.4119     13.108    42.5970 1.8917e+00     5.6937      3.432      4.978    14.8283   999.1640 0.0000e+00
      3.505      0.018     0.0416      0.628     50.979  40.770408     4.3389     13.110    42.2343 1.8636e+00     5.8253      3.435      4.982    14.8444   999.1616 0.0000e+00
      3.514      0.018     0.0431      0.648     50.936  40.748738     4.3418     13.112    42.1069 1.8501e+00     5.8346      3.446      4.998    14.8713   999.1577 0.0000e+00
      3.521      0.017     0.0422      0.686     50.901  40.726419     4.4091     13.114    42.2617 1.8523e+00     5.8750      3.456      5.012    14.9147   999.1513 0.0000e+00
      3.525      0.014     0.0454      0.683     50.849  40.690981     4.5320     13.115    42.2131 1.8646e+00     5.9354      3.458      5.016    14.9617   999.1442 0.0000e+00
      3.527      0.011     0.0437      0.648     50.768  40.637639     4.5981     13.115    41.8636 1.8716e+00     5.9474      3.459      5.017    14.9905   999.1398 0.0000e+00
      3.528      0.010     0.0443      0.645     50.616  40.525798     4.5888     13.116    41.7353 1.8658e+00     5.9509      3.460      5.018    14.9991   999.1385 0.0000e+00
      3.528      0.010     0.0502      0.669     50.506  40.417789     4.5152     13.119    41.6083 1.8623e+00     6.3560      3.460      5.018    15.0015   999.1382 0.0000e+00
      3.529      0.013     0.0497      0.672     50.588  40.410745     4.4033     13.123    41.0165 1.8612e+00     7.1367      3.460      5.019    15.0063   999.1374 0.0000e+00
      3.532      0.016     0.0438      0.656     50.753  40.440550     4.3523     13.127    40.6882 1.8550e+00     7.5624      3.462      5.021    15.0169   999.1358 0.0000e+00
      3.539      0.020     0.0447      0.660     50.908  40.460657     4.3464     13.129    40.9089 1.8399e+00     7.5890      3.470      5.033    15.0370   999.1328 0.0000e+00
      3.548      0.021     0.0479      0.683     51.038  40.463313     4.3314     13.132    41.0175 1.8079e+00     7.5968      3.481      5.049    15.0337   999.1332 0.0000e+00
      3.553      0.021     0.0486      0.703     51.161  40.472549     4.2482     13.135    40.3668 1.7779e+00     7.8618      3.485      5.055    14.9491   999.1460 0.0000e+00
      3.558      0.020     0.0452      0.723     51.271  40.508752     4.1027     13.136    39.4083 1.7619e+00     8.3904      3.488      5.059    14.8314   999.1637 0.0000e+00
      3.563      0.020     0.0465      0.738     51.394  40.583607     4.0322     13.135    39.3227 1.7548e+00     8.7009      3.495      5.069    14.7384   999.1776 0.0000e+00
      3.567      0.023     0.0488      0.728     51.625  40.742854     4.0338     13.135    39.7620 1.7709e+00     8.7668      3.499      5.075    14.6349   999.1928 0.0000e+00
      3.568      0.027     0.0501      0.690     51.813  40.847300     4.0462     13.136    39.9016 1.7820e+00     8.8430      3.499      5.075    14.5339   999.2076 0.0000e+00
      3.573      0.031     0.0515      0.663     51.951  40.894292     4.0776     13.139    39.8065 1.7577e+00     8.9356      3.501      5.078    14.4902   999.2140 0.0000e+00
      3.586      0.036     0.0532      0.643     52.478  41.247473     4.1076     13.142    39.4719 1.7279e+00     8.9932      3.515      5.099    14.4817   999.2153 0.0000e+00
      3.601      0.041     0.0536      0.626     53.205  41.753255     4.1046     13.145    38.7816 1.7148e+00     9.0255      3.535      5.127    14.4655   999.2178 0.0000e+00
      3.610      0.044     0.0478      0.616     53.455  41.867958     3.9936     13.147    38.1715 1.7113e+00     9.1543      3.542      5.137    14.4225   999.2242 0.0000e+00
      3.619      0.042     0.0478      0.607     53.484  41.809066     3.7941     13.148    38.2041 1.6941e+00     9.3484      3.544      5.141    14.3520   999.2342 0.0000e+00
      3.634      0.037     0.0461      0.606     53.624  41.866307     3.6867     13.149    38.4021 1.6668e+00     9.4504      3.565      5.169    14.2956   999.2426 0.0000e+00
      3.649      0.031     0.0443      0.611     53.641  41.861745     3.6864     13.152    38.1552 1.6539e+00     9.4952      3.584      5.198    14.2460   999.2501 0.0000e+00
      3.655      0.026     0.0448      0.620     53.580  41.817365     3.6484     13.154    37.8000 1.6493e+00     9.5117      3.585      5.200    14.1599   999.2623 0.0000e+00
      3.657      0.019     0.0429      0.600     53.507  41.774073     3.5504     13.155    37.5496 1.6503e+00     9.4786      3.585      5.200    14.0688   999.2750 0.0000e+00
      3.659      0.012     0.0442      0.583     53.426  41.719187     3.4839     13.156    37.3643 1.6621e+00     9.4723      3.589      5.206    14.0220   999.2816 0.0000e+00
      3.661      0.007     0.0430      0.600     53.358  41.661582     3.4835     13.157    37.2798 1.6665e+00     9.5047      3.591      5.208    14.0105   999.2832 0.0000e+00
      3.663      0.005     0.0462      0.607     53.282  41.585384     3.5552     13.159    37.4743 1.6540e+00     9.5265      3.592      5.211    14.0166   999.2823 0.0000e+00
      3.665      0.005     0.0437      0.616     53.267  41.559593     3.6640     13.161    37.8237 1.6401e+00     9.5292      3.594      5.213    14.0346   999.2799 0.0000e+00
      3.665      0.005     0.0392      0.624     53.314  41.603638     3.7111     13.162    37.8049 1.6369e+00     9.5034      3.594      5.213    14.0460   999.2783 0.0000e+00
      3.665      0.007     0.0452      0.610     53.454  41.737069     3.7055     13.164    37.5910 1.6432e+00     9.4544      3.595      5.214    14.0410   999.2789 0.0000e+00
      3.666      0.011     0.0428      0.603     53.966  42.157289     3.6917     13.164    37.3027 1.6463e+00     9.4182      3.594      5.213    14.0200   999.2818 0.0000e+00
      3.667      0.016     0.0441      0.608     54.804  42.812260     3.6496     13.163    37.0727 1.6479e+00     9.4427      3.595      5.215    13.9989   999.2847 0.0000e+00
      3.671      0.021     0.0465      0.607     55.550  43.371732     3.5970     13.163    37.3047 1.6462e+00     9.5103      3.598      5.219    14.0071   999.2836 0.0000e+00
      3.679      0.027     0.0430      0.602     56.211  43.843268     3.5710     13.167    37.4408 1.6297e+00     9.4806      3.607      5.231    14.0384   999.2793 0.0000e+00
      3.689      0.032     0.0432      0.617     56.749  44.196614     3.5448     13.171    36.9977 1.6134e+00     9.3924      3.620      5.250    14.0636   999.2760 0.0000e+00
      3.698      0.036     0.0438      0.654     56.952  44.279253     3.3756     13.175    36.5069 1.5976e+00     9.3027      3.627      5.260    14.0649   999.2763 0.0000e+00
      3.707      0.037     0.0443      0.692     56.936  44.207502     3.0798     13.177    36.4106 1.5785e+00     9.1517      3.633      5.270    14.0406   999.2799 0.0000e+00
      3.718      0.036     0.0424      0.720     56.824  44.090834     2.9245     13.179    36.6068 1.5711e+00     9.0429      3.647      5.289    14.0030   999.2855 0.0000e+00
      3.729      0.035     0.0440      0.739     56.647  43.947859     2.9090     13.180    36.8150 1.5622e+00     8.9832      3.658      5.305    13.9426   999.2941 0.0000e+00
      3.738      0.032     0.0472      0.717     56.465  43.811973     2.8454     13.181    36.7769 1.5450e+00     8.8075      3.665      5.316    13.8644   999.3049 0.0000e+00
      3.745      0.029     0.0508      0.657     56.340  43.717554     2.7472     13.181    36.6622 1.5294e+00     8.5663      3.672      5.326    13.8083   999.3126 0.0000e+00
      3.752      0.026     0.0518      0.626     56.566  43.885488     2.7042     13.182    36.6328 1.5150e+00     8.4693      3.679      5.336    13.7855   999.3157 0.0000e+00
      3.758      0.025     0.0546      0.617     57.080  44.255286     2.6966     13.184    36.5073 1.5125e+00     8.4942      3.687      5.347    13.7841   999.3158 0.0000e+00
      3.761      0.026     0.0543      0.615     57.408  44.443101     2.7032     13.187    36.3497 1.5080e+00     8.5237      3.689      5.350    13.7948   999.3143 0.0000e+00
      3.765      0.028     0.0451      0.621     57.693  44.569150     2.7266     13.190    36.2757 1.4845e+00     8.5158      3.689      5.351    13.7981   999.3138 0.0000e+00
      3.775      0.029     0.0453      0.608     57.893  44.636450     2.7408     13.190    36.1297 1.4591e+00     8.5022      3.701      5.367    13.7916   999.3148 0.0000e+00
      3.786      0.029     0.0448      0.592     57.864  44.558361     2.7510     13.190    35.7030 1.4376e+00     8.5311      3.715      5.388    13.7778   999.3171 0.0000e+00
      3.795      0.029     0.0436      0.606     57.989  44.640709     2.7263     13.191    35.1600 1.4214e+00     8.5560      3.722      5.398    13.7167   999.3254 0.0000e+00
      3.802      0.028     0.0463      0.601     58.499  45.060723     2.6610     13.194    34.8127 1.4209e+00     8.5289      3.730      5.410    13.6173   999.3390 0.0000e+00
      3.807      0.027     0.0447      0.572     59.694  46.017915     2.6190     13.197    34.6012 1.4174e+00     8.4779      3.735      5.417    13.5374   999.3498 0.0000e+00
      3.811      0.027     0.0412      0.575     61.568  47.452332     2.6100     13.198    34.4097 1.3979e+00     8.4548      3.735      5.417    13.4862   999.3565 0.0000e+00
      3.816      0.028     0.0452      0.598     63.452  48.816423     2.5523     13.199    34.2175 1.3851e+00     8.4203      3.741      5.426    13.4730   999.3584 0.0000e+00
      3.824      0.031     0.0455      0.623     65.017  49.874940     2.4358     13.202    34.0853 1.3862e+00     8.3704      3.750      5.438    13.5056   999.3541 0.0000e+00
      3.834      0.036     0.0393      0.653     66.342  50.725365     2.3655     13.208    34.0156 1.3868e+00     8.3319      3.760      5.453    13.5559   999.3478 0.0000e+00
      3.845      0.040     0.0418      0.678     67.373  51.351055     2.3511     13.213    33.8907 1.3758e+00     8.2640      3.771      5.470    13.5615   999.3480 0.0000e+00
      3.855      0.043     0.0440      0.699     68.140  51.787811     2.3472     13.219    33.7791 1.3579e+00     8.2017      3.781      5.483    13.4812   999.3594 0.0000e+00
      3.866      0.043     0.0449      0.719     68.764  52.131940     2.2711     13.224    33.8703 1.3453e+00     8.0243      3.791      5.498    13.3567   999.3764 0.0000e+00
      3.878      0.042     0.0484      0.719     69.178  52.336230     2.1174     13.226    33.9618 1.3328e+00     7.6993      3.804      5.516    13.2267   999.3938 0.0000e+00
      3.890      0.040     0.0499      0.703     69.314  52.352415     2.0344     13.225    33.7660 1.3035e+00     7.5336      3.815      5.533    13.1026   999.4101 0.0000e+00
      3.901      0.037     0.0512      0.695     69.278  52.264025     2.0211     13.225    33.4824 1.2675e+00     7.5311      3.827      5.549    12.9937   999.4243 0.0000e+00
      3.912      0.032     0.0538      0.680     69.101  52.093103     1.9844     13.227    33.2000 1.2473e+00     7.5323      3.837      5.565    12.8989   999.4366 0.0000e+00
      3.919      0.026     0.0540      0.621     68.753  51.810027     1.9336     13.230    32.9329 1.2442e+00     7.5481      3.844      5.576    12.8189   999.4467 0.0000e+00
      3.923      0.021     0.0514      0.560     68.362  51.508776     1.9136     13.234    32.8343 1.2479e+00     7.5851      3.848      5.581    12.7540   999.4548 0.0000e+00
