Data/DataNotYetUploadedToEDI/Raw_CTD/RawDownloads/080620_bvr50.cnv
* Sea-Bird SBE19plus  Data File:
* FileName = C:\DATA\080620_bvr50_0002.hex
* Software version 2.8.0.119
* Temperature SN = 7809
* Conductivity SN = 7809
* System UpLoad Time = Aug 06 2020 11:11:06
* <ApplicationData>
* <Seaterm232>
# nquan = 16
# nvalues = 2675                        
# units = specified
# name 0 = depFM: Depth [fresh water, m]
# name 1 = dz/dtM: Descent Rate [m/s]
# name 2 = sbeox0ML/L: Oxygen, SBE 43 [ml/l]
# name 3 = sbeox0PS: Oxygen, SBE 43 [% saturation]
# name 4 = specc: Specific Conductance [uS/cm]
# name 5 = c0uS/cm: Conductivity [uS/cm]
# name 6 = flECO-AFL: Fluorescence, WET Labs ECO-AFL/FL [mg/m^3]
# name 7 = ph: pH
# name 8 = orp: Oxidation Reduction Potential [mV]
# name 9 = par/sat/log: PAR/Logarithmic, Satlantic
# name 10 = turbWETntu0: Turbidity, WET Labs ECO [NTU]
# name 11 = prdM: Pressure, Strain Gauge [db]
# name 12 = prdE: Pressure, Strain Gauge [psi]
# name 13 = tv290C: Temperature [ITS-90, deg C]
# name 14 = density00: Density [density, kg/m^3]
# name 15 = flag:  0.000e+00
# span 0 =     -0.717,     10.568       
# span 1 =     -0.375,      0.214       
# span 2 =     0.0296,     5.7499       
# span 3 =      0.395,     99.287       
# span 4 =      0.693,    192.454       
# span 5 =   0.653412, 132.956568       
# span 6 =    -1.0611,     8.0231       
# span 7 =     12.838,     13.470       
# span 8 =  -185.5054,   277.9919       
# span 9 = 1.2354e-01, 7.9311e+02       
# span 10 =    -0.5242,    19.1135      
# span 11 =     -0.703,     10.365      
# span 12 =     -1.020,     15.033      
# span 13 =     9.5275,    26.5085      
# span 14 =   996.6617,   999.8650      
# span 15 = 0.0000e+00, 0.0000e+00      
# interval = seconds: 0.25
# start_time = Aug 05 2020 21:50:13 [Instrument's time stamp, header]
# bad_flag = -9.990e-29
*END*
[from data line 995]
      7.409      0.020     0.0361      0.484     63.877  46.581184     5.7157     13.435    55.7844 6.4893e-01     5.4235      7.266     10.538    11.4831   999.6161 0.0000e+00
      7.414      0.017     0.0353      0.514     63.671  46.438032     5.7143     13.434    55.2893 6.4443e-01     5.5849      7.270     10.545    11.4726   999.6173 0.0000e+00
      7.418      0.016     0.0365      0.542     63.430  46.271114     5.7226     13.434    54.7196 6.3822e-01     5.6364      7.275     10.551    11.4644   999.6181 0.0000e+00
      7.422      0.017     0.0347      0.560     63.514  46.340802     5.7207     13.434    54.2309 6.3320e-01     5.5992      7.279     10.557    11.4575   999.6188 0.0000e+00
      7.425      0.018     0.0368      0.560     64.097  46.772680     5.7398     13.434    53.7688 6.3846e-01     5.6836      7.282     10.562    11.4564   999.6189 0.0000e+00
      7.427      0.021     0.0393      0.527     64.826  47.302322     5.8104     13.435    53.2617 6.5047e-01     5.8672      7.283     10.563    11.4640   999.6180 0.0000e+00
      7.432      0.023     0.0420      0.502     65.347  47.665075     5.8581     13.436    52.7460 6.5507e-01     5.9657      7.286     10.568    11.4721   999.6170 0.0000e+00
      7.441      0.025     0.0424      0.504     65.737  47.920376     5.8683     13.436    52.2656 6.5039e-01     5.9475      7.297     10.583    11.4775   999.6165 0.0000e+00
      7.451      0.027     0.0446      0.495     66.031  48.103206     5.9726     13.437    51.6695 6.3871e-01     5.8878      7.308     10.599    11.4848   999.6160 0.0000e+00
      7.458      0.030     0.0400      0.496     65.888  47.970680     6.1750     13.437    50.9580 6.2666e-01     5.8616      7.314     10.609    11.4860   999.6162 0.0000e+00
      7.463      0.031     0.0364      0.518     65.306  47.524425     6.2935     13.437    50.2023 6.2481e-01     5.8712      7.318     10.615    11.4712   999.6179 0.0000e+00
      7.470      0.031     0.0401      0.523     64.812  47.152352     6.3177     13.437    49.3300 6.2333e-01     5.8665      7.324     10.623    11.4461   999.6208 0.0000e+00
      7.479      0.032     0.0370      0.513     64.551  46.964271     6.3725     13.437    48.5841 6.1268e-01     5.8055      7.334     10.637    11.4212   999.6237 0.0000e+00
      7.489      0.033     0.0368      0.513     64.445  46.901230     6.4505     13.437    48.1531 6.0801e-01     5.6818      7.345     10.654    11.3995   999.6260 0.0000e+00
      7.498      0.033     0.0407      0.506     64.852  47.215583     6.4885     13.437    47.7331 6.1674e-01     5.6410      7.354     10.666    11.3808   999.6278 0.0000e+00
      7.505      0.031     0.0409      0.497     65.433  47.653769     6.4984     13.437    46.6895 6.2272e-01     5.6565      7.360     10.675    11.3688   999.6288 0.0000e+00
      7.513      0.027     0.0378      0.493     65.296  47.564087     6.5026     13.436    44.9989 6.1803e-01     5.5599      7.367     10.687    11.3708   999.6286 0.0000e+00
      7.522      0.022     0.0403      0.479     64.888  47.274234     6.5106     13.436    43.3809 6.1163e-01     5.4341      7.378     10.701    11.3852   999.6270 0.0000e+00
      7.529      0.018     0.0386      0.471     65.040  47.387531     6.5098     13.436    42.0980 6.0886e-01     5.3712      7.385     10.712    11.4014   999.6255 0.0000e+00
      7.530      0.016     0.0373      0.486     65.425  47.664015     6.4936     13.436    41.0161 6.1058e-01     5.3496      7.386     10.712    11.4129   999.6247 0.0000e+00
      7.530      0.015     0.0386      0.509     65.485  47.696332     6.4952     13.437    40.1945 6.1421e-01     5.2750      7.384     10.709    11.4197   999.6237 0.0000e+00
      7.532      0.016     0.0362      0.521     65.702  47.841773     6.5387     13.438    39.4777 6.2156e-01     5.1217      7.386     10.712    11.4254   999.6228 0.0000e+00
      7.537      0.018     0.0353      0.533     66.313  48.279527     6.6093     13.438    38.3720 6.2727e-01     5.0073      7.391     10.719    11.4293   999.6226 0.0000e+00
      7.544      0.020     0.0366      0.546     66.682  48.544283     6.6438     13.439    36.9784 6.2244e-01     4.9216      7.397     10.728    11.4262   999.6233 0.0000e+00
      7.552      0.023     0.0401      0.551     67.769  49.328477     6.6313     13.439    35.7909 6.1689e-01     4.8748      7.406     10.741    11.4158   999.6243 0.0000e+00
      7.559      0.027     0.0391      0.540     70.825  51.537662     6.6207     13.439    34.9416 6.1361e-01     4.9232      7.415     10.754    11.4034   999.6256 0.0000e+00
      7.562      0.029     0.0411      0.521     74.389  54.107308     6.6297     13.439    34.3679 6.1080e-01     4.9567      7.417     10.757    11.3979   999.6268 0.0000e+00
      7.566      0.031     0.0418      0.523     76.782  55.818654     6.6447     13.440    34.0162 6.1390e-01     4.9357      7.417     10.759    11.3984   999.6266 0.0000e+00
      7.576      0.032     0.0424      0.525     78.081  56.730864     6.6497     13.441    33.7006 6.1619e-01     4.9452      7.428     10.774    11.3943   999.6271 0.0000e+00
      7.589      0.032     0.0423      0.515     78.678  57.132754     6.6607     13.441    33.2186 6.1448e-01     5.1745      7.444     10.796    11.3833   999.6298 0.0000e+00
      7.600      0.031     0.0380      0.506     78.875  57.247459     6.7027     13.440    32.6632 6.1306e-01     5.5790      7.454     10.811    11.3671   999.6331 0.0000e+00
      7.608      0.028     0.0406      0.506     78.970  57.291873     6.7470     13.440    31.9758 6.0625e-01     5.8187      7.461     10.821    11.3469   999.6361 0.0000e+00
      7.613      0.024     0.0407      0.517     79.167  57.415623     6.7660     13.441    31.0156 5.9760e-01     5.9098      7.466     10.829    11.3251   999.6388 0.0000e+00
      7.617      0.022     0.0390      0.524     79.706  57.790776     6.7518     13.443    30.0880 5.9341e-01     5.8908      7.469     10.833    11.3048   999.6412 0.0000e+00
      7.619      0.023     0.0389      0.519     80.472  58.333698     6.7089     13.443    29.4499 5.9731e-01     5.7268      7.472     10.836    11.2865   999.6431 0.0000e+00
      7.623      0.026     0.0379      0.520     81.092  58.770586     6.6767     13.443    28.9787 6.1109e-01     5.6093      7.475     10.842    11.2709   999.6447 0.0000e+00
      7.630      0.031     0.0400      0.524     81.616  59.134225     6.6770     13.443    28.6930 6.1456e-01     5.6713      7.481     10.850    11.2586   999.6460 0.0000e+00
      7.640      0.035     0.0408      0.511     82.221  59.553767     6.6938     13.443    28.5766 5.9517e-01     6.2707      7.492     10.867    11.2493   999.6473 0.0000e+00
      7.652      0.036     0.0395      0.519     82.734  59.904109     6.7086     13.443    28.3461 5.7962e-01     7.2946      7.504     10.886    11.2420   999.6484 0.0000e+00
      7.664      0.036     0.0392      0.549     83.075  60.129878     6.7126     13.443    28.0566 5.8642e-01     7.8205      7.516     10.901    11.2347   999.6494 0.0000e+00
      7.674      0.034     0.0417      0.537     83.622  60.504489     6.7035     13.443    27.8292 5.9357e-01     7.7876      7.526     10.915    11.2254   999.6506 0.0000e+00
      7.682      0.031     0.0384      0.500     84.338  61.002452     6.6559     13.443    27.5757 5.9673e-01     7.4121      7.534     10.927    11.2131   999.6522 0.0000e+00
      7.687      0.027     0.0379      0.477     84.718  61.258232     6.5856     13.443    27.3147 6.0689e-01     6.7820      7.539     10.934    11.2003   999.6538 0.0000e+00
      7.693      0.024     0.0450      0.470     84.813  61.309697     6.5686     13.443    27.0830 6.0636e-01     6.4518      7.544     10.942    11.1877   999.6552 0.0000e+00
      7.700      0.022     0.0416      0.491     84.920  61.370534     6.5836     13.444    26.8395 5.9628e-01     6.4065      7.552     10.953    11.1745   999.6567 0.0000e+00
      7.706      0.021     0.0376      0.520     85.101  61.485468     6.5580     13.445    26.4345 6.0181e-01     6.3376      7.557     10.961    11.1623   999.6584 0.0000e+00
      7.710      0.022     0.0368      0.511     85.396  61.682687     6.3253     13.445    25.7143 6.1171e-01     5.9286      7.561     10.967    11.1512   999.6596 0.0000e+00
      7.714      0.023     0.0350      0.500     85.737  61.912378     5.9253     13.446    24.7564 6.0711e-01     5.2720      7.565     10.973    11.1407   999.6607 0.0000e+00
      7.719      0.025     0.0369      0.526     86.023  62.102216     5.7173     13.447    23.8003 6.0474e-01     4.9908      7.569     10.978    11.1316   999.6617 0.0000e+00
      7.725      0.028     0.0421      0.530     86.269  62.262351     5.7091     13.447    22.9306 6.0971e-01     5.0001      7.574     10.985    11.1227   999.6627 0.0000e+00
      7.734      0.030     0.0397      0.504     86.466  62.387048     5.7018     13.447    22.0708 6.0955e-01     4.9382      7.584     10.999    11.1131   999.6638 0.0000e+00
      7.744      0.032     0.0358      0.503     86.599  62.466116     5.6669     13.447    21.0622 6.1310e-01     4.8271      7.595     11.016    11.1038   999.6650 0.0000e+00
      7.754      0.033     0.0420      0.517     86.695  62.519348     5.6307     13.447    19.8554 6.2225e-01     4.7886      7.604     11.029    11.0945   999.6661 0.0000e+00
      7.763      0.035     0.0424      0.517     86.895  62.649397     5.6265     13.446    18.7502 6.2740e-01     4.7825      7.613     11.042    11.0835   999.6674 0.0000e+00
      7.769      0.035     0.0368      0.517     87.344  62.958251     5.6639     13.446    17.8518 6.2615e-01     4.8219      7.620     11.052    11.0727   999.6686 0.0000e+00
      7.776      0.035     0.0385      0.523     87.796  63.267044     5.7109     13.446    16.9090 6.2224e-01     5.0234      7.624     11.058    11.0637   999.6696 0.0000e+00
      7.786      0.035     0.0408      0.530     88.004  63.396321     5.7269     13.447    15.6965 6.1540e-01     5.1937      7.633     11.072    11.0542   999.6706 0.0000e+00
      7.799      0.035     0.0396      0.531     88.187  63.504580     5.7247     13.448    14.0324 6.0811e-01     5.1978      7.650     11.095    11.0457   999.6716 0.0000e+00
      7.809      0.036     0.0398      0.519     88.472  63.686302     5.7511     13.448    12.1039 6.0715e-01     5.1427      7.660     11.109    11.0386   999.6725 0.0000e+00
      7.817      0.036     0.0401      0.493     88.771  63.877712     5.7984     13.449    10.2745 6.0022e-01     5.1112      7.665     11.117    11.0296   999.6737 0.0000e+00
      7.823      0.035     0.0413      0.482     89.028  64.039524     5.8193     13.450     8.6060 5.8642e-01     5.1605      7.671     11.126    11.0169   999.6751 0.0000e+00
      7.832      0.033     0.0408      0.487     89.080  64.054021     5.8318     13.450     6.7288 5.7854e-01     5.2235      7.679     11.138    11.0028   999.6766 0.0000e+00
      7.842      0.032     0.0411      0.501     89.198  64.116517     5.9213     13.449     4.6137 5.6718e-01     5.4274      7.690     11.154    10.9898   999.6781 0.0000e+00
      7.851      0.032     0.0371      0.525     89.906  64.604466     6.0718     13.449     2.9937 5.4379e-01     5.8399      7.701     11.170    10.9765   999.6795 0.0000e+00
      7.858      0.032     0.0366      0.524     90.744  65.187476     6.1536     13.450     1.9391 5.2534e-01     6.0913      7.707     11.178    10.9634   999.6810 0.0000e+00
      7.864      0.029     0.0383      0.516     90.954  65.318926     6.1380     13.452     0.8111 5.1910e-01     6.0979      7.710     11.182    10.9506   999.6823 0.0000e+00
      7.873      0.027     0.0369      0.512     90.873  65.240526     5.9116     13.452    -0.4916 5.1316e-01     5.7482      7.720     11.196    10.9375   999.6836 0.0000e+00
      7.883      0.026     0.0428      0.494     91.186  65.447026     5.5058     13.452    -1.6803 5.0297e-01     5.1241      7.732     11.215    10.9257   999.6851 0.0000e+00
      7.888      0.026     0.0404      0.477     91.764  65.845526     5.2844     13.451    -2.6353 4.9968e-01     4.8009      7.737     11.222    10.9159   999.6866 0.0000e+00
      7.890      0.025     0.0391      0.471     92.256  66.181970     5.2664     13.450    -3.5205 5.0173e-01     4.7245      7.736     11.221    10.9052   999.6877 0.0000e+00
      7.895      0.023     0.0410      0.472     92.497  66.337179     5.2592     13.449    -4.8116 4.8585e-01     4.6129      7.741     11.227    10.8933   999.6887 0.0000e+00
      7.904      0.022     0.0375      0.481     92.505  66.323905     5.1869     13.451    -6.7156 4.6316e-01     4.3088      7.752     11.244    10.8833   999.6900 0.0000e+00
      7.913      0.022     0.0368      0.500     92.729  66.466345     5.0603     13.452    -8.7324 4.5420e-01     3.8283      7.762     11.258    10.8750   999.6911 0.0000e+00
      7.918      0.025     0.0361      0.525     93.379  66.915363     4.9966     13.452   -10.2682 4.4868e-01     3.5765      7.765     11.263    10.8664   999.6921 0.0000e+00
      7.919      0.029     0.0364      0.540     94.122  67.431018     4.9981     13.452   -11.3459 4.4733e-01     3.5649      7.764     11.261    10.8566   999.6932 0.0000e+00
      7.923      0.032     0.0370      0.543     94.672  67.807077     5.0306     13.453   -12.1266 4.5624e-01     3.7566      7.767     11.265    10.8459   999.6942 0.0000e+00
      7.933      0.037     0.0381      0.534     95.012  68.030010     5.0845     13.453   -12.6516 4.5850e-01     4.1772      7.779     11.282    10.8359   999.6953 0.0000e+00
      7.948      0.042     0.0415      0.509     95.218  68.156078     5.1069     13.453   -13.1333 4.4295e-01     4.4612      7.794     11.305    10.8273   999.6966 0.0000e+00
      7.962      0.045     0.0421      0.482     95.383  68.250783     5.0912     13.453   -13.6488 4.1613e-01     4.4787      7.807     11.324    10.8191   999.6977 0.0000e+00
      7.975      0.046     0.0421      0.463     95.733  68.475878     4.9623     13.453   -14.1527 3.8952e-01     4.2163      7.821     11.343    10.8094   999.6988 0.0000e+00
      7.986      0.044     0.0423      0.487     96.369  68.907198     4.7405     13.454   -14.6663 3.7735e-01     3.7950      7.832     11.359    10.7985   999.7002 0.0000e+00
      7.995      0.039     0.0389      0.532     96.729  69.143481     4.6312     13.455   -15.2984 3.7694e-01     3.5738      7.840     11.370    10.7872   999.7014 0.0000e+00
      8.005      0.034     0.0378      0.532     96.438  68.917298     4.6222     13.456   -16.0310 3.7360e-01     3.4994      7.849     11.384    10.7749   999.7027 0.0000e+00
      8.015      0.031     0.0344      0.527     95.993  68.587863     4.5943     13.456   -16.7273 3.6824e-01     3.3759      7.860     11.401    10.7614   999.7041 0.0000e+00
      8.022      0.030     0.0359      0.532     95.649  68.338501     4.5608     13.455   -17.4358 3.7479e-01     3.2811      7.869     11.412    10.7490   999.7057 0.0000e+00
      8.026      0.031     0.0447      0.503     95.616  68.317661     4.5510     13.455   -18.1450 3.8191e-01     3.2815      7.871     11.415    10.7381   999.7071 0.0000e+00
      8.030      0.032     0.0408      0.481     96.166  68.717233     4.5335     13.455   -18.7627 3.7202e-01     3.3113      7.874     11.420    10.7276   999.7078 0.0000e+00
      8.038      0.034     0.0393      0.483     96.614  69.038102     4.3484     13.456   -19.3981 3.5745e-01     3.4695      7.881     11.432    10.7214   999.7083 0.0000e+00
      8.049      0.036     0.0441      0.458     96.509  68.955529     4.0197     13.456   -20.1487 3.4716e-01     3.7521      7.894     11.449    10.7199   999.7083 0.0000e+00
