Data/DataNotYetUploadedToEDI/Raw_CTD/RawDownloads/080620_fcr50.cnv
* Sea-Bird SBE19plus  Data File:
* FileName = C:\DATA\080620_bvr50_0001.hex
* Software version 2.8.0.119
* Temperature SN = 7809
* Conductivity SN = 7809
* System UpLoad Time = Aug 06 2020 11:09:58
* <ApplicationData>
* <Seaterm232>
# nquan = 16
# nvalues = 3246                        
# units = specified
# name 0 = depFM: Depth [fresh water, m]
# name 1 = dz/dtM: Descent Rate [m/s]
# name 2 = sbeox0ML/L: Oxygen, SBE 43 [ml/l]
# name 3 = sbeox0PS: Oxygen, SBE 43 [% saturation]
# name 4 = specc: Specific Conductance [uS/cm]
# name 5 = c0uS/cm: Conductivity [uS/cm]
# name 6 = flECO-AFL: Fluorescence, WET Labs ECO-AFL/FL [mg/m^3]
# name 7 = ph: pH
# name 8 = orp: Oxidation Reduction Potential [mV]
# name 9 = par/sat/log: PAR/Logarithmic, Satlantic
# name 10 = turbWETntu0: Turbidity, WET Labs ECO [NTU]
# name 11 = prdM: Pressure, Strain Gauge [db]
# name 12 = prdE: Pressure, Strain Gauge [psi]
# name 13 = tv290C: Temperature [ITS-90, deg C]
# name 14 = density00: Density [density, kg/m^3]
# name 15 = flag:  0.000e+00
# span 0 =     -0.632,      9.611       
# span 1 =     -3.975,      3.454       
# span 2 =     0.0243,     7.6092       
# span 3 =      0.386,    132.553       
# span 4 =      0.476,    192.013       
# span 5 =   0.469477, 139.613295       
# span 6 =    -0.9466,   259.7519       
# span 7 =     12.702,     13.401       
# span 8 =  -603.0037,   324.0163       
# span 9 = 1.2346e-01, 1.8578e+03       
# span 10 =    -6.8904,   171.2392      
# span 11 =     -0.620,      9.425      
# span 12 =     -0.900,     13.670      
# span 13 =    11.2239,    25.6125      
# span 14 =   996.9055,   999.6912      
# span 15 = 0.0000e+00, 0.0000e+00      
# interval = seconds: 0.25
# start_time = Aug 05 2020 20:42:29 [Instrument's time stamp, header]
# bad_flag = -9.990e-29
*END*
[from data line 2984]
      8.358      0.006     0.7224      9.361     47.417  34.362318     1.1295     13.115   218.7321 1.2367e-01     7.2833      8.196     11.887    11.2342   999.6410 0.0000e+00
      8.358      0.008     0.7241      9.350     47.419  34.363046     1.1398     13.115   218.8140 1.2366e-01     7.1981      8.196     11.888    11.2334   999.6411 0.0000e+00
      8.360      0.005     0.7198      9.357     47.439  34.377299     1.1740     13.115   218.8243 1.2366e-01     7.1455      8.197     11.888    11.2325   999.6412 0.0000e+00
      8.365     -0.008     0.7171      9.385     47.481  34.407737     1.1891     13.115   218.5981 1.2366e-01     7.1271      8.202     11.896    11.2318   999.6413 0.0000e+00
      8.372     -0.032     0.7199      9.400     47.489  34.413789     1.1796     13.116   218.2305 1.2369e-01     7.1135      8.212     11.912    11.2312   999.6414 0.0000e+00
      8.372     -0.064     0.7164      9.411     47.451  34.387019     1.0491     13.117   218.1651 1.2371e-01     7.0833      8.217     11.917    11.2308   999.6415 0.0000e+00
      8.356     -0.099     0.7168      9.403     47.468  34.401336     0.8032     13.116   218.3243 1.2368e-01     7.1062      8.203     11.897    11.2305   999.6414 0.0000e+00
      8.319     -0.132     0.7220      9.380     47.545  34.459991     0.6774     13.115   218.4341 1.2368e-01     7.1492      8.166     11.844    11.2301   999.6413 0.0000e+00
      8.266     -0.156     0.7202      9.355     47.540  34.461670     0.6733     13.116   218.5466 1.2374e-01     7.1230      8.105     11.756    11.2304   999.6410 0.0000e+00
      8.211     -0.166     0.7236      9.328     47.477  34.421640     0.7443     13.116   218.3926 1.2378e-01     7.0990      8.049     11.674    11.2317   999.6406 0.0000e+00
      8.162     -0.167     0.7219      9.331     47.469  34.420179     0.8953     13.116   217.9499 1.2376e-01     7.1670      8.004     11.609    11.2337   999.6402 0.0000e+00
      8.120     -0.163     0.7192      9.364     47.499  34.444014     0.9830     13.116   217.7535 1.2371e-01     7.2584      7.957     11.541    11.2369   999.6397 0.0000e+00
      8.090     -0.155     0.7189      9.404     47.512  34.456005     0.9938     13.116   217.9971 1.2368e-01     7.3124      7.930     11.501    11.2422   999.6390 0.0000e+00
      8.064     -0.143     0.7138      9.418     47.483  34.438258     0.9783     13.116   218.3144 1.2368e-01     7.3041      7.917     11.482    11.2487   999.6382 0.0000e+00
      8.023     -0.130     0.7151      9.410     47.453  34.419803     0.9491     13.115   218.4065 1.2371e-01     7.2960      7.874     11.421    11.2531   999.6376 0.0000e+00
      7.972     -0.120     0.7177      9.440     47.455  34.423245     0.9360     13.114   218.3358 1.2371e-01     7.3513      7.810     11.327    11.2554   999.6370 0.0000e+00
      7.937     -0.117     0.7219      9.490     47.445  34.416428     0.9341     13.114   218.1485 1.2369e-01     7.3544      7.772     11.274    11.2576   999.6366 0.0000e+00
      7.923     -0.118     0.7241      9.504     47.424  34.400825     0.9073     13.115   217.9487 1.2373e-01     7.2318      7.770     11.270    11.2615   999.6362 0.0000e+00
      7.911     -0.122     0.7192      9.488     47.457  34.424951     0.8407     13.116   217.8123 1.2375e-01     7.1043      7.765     11.261    11.2660   999.6357 0.0000e+00
      7.886     -0.128     0.7229      9.475     47.497  34.454321     0.8052     13.117   217.8764 1.2370e-01     7.1175      7.739     11.223    11.2676   999.6354 0.0000e+00
      7.846     -0.132     0.7295      9.478     47.474  34.438670     0.8125     13.117   218.2068 1.2366e-01     7.1850      7.697     11.163    11.2670   999.6352 0.0000e+00
      7.796     -0.127     0.7296      9.470     47.455  34.426078     0.8051     13.117   218.6242 1.2362e-01     7.1653      7.647     11.091    11.2661   999.6351 0.0000e+00
      7.745     -0.111     0.7276      9.445     47.458  34.428986     0.8210     13.117   218.7925 1.2363e-01     7.1536      7.591     11.009    11.2659   999.6349 0.0000e+00
      7.709     -0.089     0.7255      9.443     47.433  34.410376     0.8802     13.117   218.6070 1.2373e-01     7.2155      7.547     10.946    11.2667   999.6346 0.0000e+00
      7.700     -0.069     0.7270      9.461     47.409  34.391431     0.9204     13.117   218.4470 1.2379e-01     7.2951      7.543     10.940    11.2683   999.6344 0.0000e+00
      7.710     -0.058     0.7275      9.476     47.410  34.390276     0.9354     13.116   218.3203 1.2376e-01     7.3959      7.563     10.970    11.2701   999.6343 0.0000e+00
      7.715     -0.060     0.7226      9.488     47.420  34.396412     0.9269     13.115   218.3653 1.2373e-01     7.3696      7.574     10.986    11.2709   999.6342 0.0000e+00
      7.700     -0.076     0.7233      9.493     47.429  34.402167     0.8846     13.115   218.7331 1.2370e-01     7.1836      7.558     10.962    11.2701   999.6342 0.0000e+00
      7.669     -0.100     0.7261      9.498     47.422  34.396407     0.8541     13.115   218.9816 1.2367e-01     7.0697      7.521     10.908    11.2681   999.6343 0.0000e+00
      7.633     -0.116     0.7262      9.506     47.413  34.390223     0.8533     13.116   219.0476 1.2367e-01     7.0912      7.487     10.857    11.2663   999.6343 0.0000e+00
      7.592     -0.121     0.7282      9.498     47.413  34.390855     0.8753     13.116   219.0140 1.2371e-01     7.2028      7.450     10.805    11.2650   999.6342 0.0000e+00
      7.548     -0.120     0.7278      9.475     47.432  34.404056     0.9100     13.116   218.8343 1.2377e-01     7.3202      7.396     10.726    11.2640   999.6341 0.0000e+00
      7.518     -0.120     0.7280      9.468     47.459  34.422922     0.9203     13.116   218.8539 1.2380e-01     7.3436      7.361     10.677    11.2633   999.6340 0.0000e+00
      7.508     -0.125     0.7295      9.484     47.469  34.428595     0.9143     13.116   219.0790 1.2377e-01     7.3131      7.366     10.683    11.2640   999.6340 0.0000e+00
      7.493     -0.130     0.7292      9.503     47.443  34.409191     0.8939     13.116   219.1460 1.2369e-01     7.2615      7.360     10.673    11.2649   999.6338 0.0000e+00
      7.455     -0.133     0.7258      9.518     47.401  34.378684     0.8459     13.117   219.1477 1.2360e-01     7.1654      7.317     10.612    11.2640   999.6337 0.0000e+00
      7.402     -0.134     0.7250      9.519     47.398  34.377011     0.8107     13.118   219.1862 1.2364e-01     7.0782      7.258     10.528    11.2626   999.6336 0.0000e+00
      7.351     -0.130     0.7278      9.507     47.414  34.388965     0.7925     13.118   219.1803 1.2374e-01     7.1004      7.204     10.448    11.2613   999.6335 0.0000e+00
      7.314     -0.117     0.7284      9.500     47.424  34.396302     0.8454     13.118   218.9917 1.2374e-01     7.1590      7.166     10.393    11.2608   999.6334 0.0000e+00
      7.293     -0.096     0.7305      9.516     47.434  34.402270     0.9923     13.118   218.6262 1.2373e-01     7.1340      7.148     10.369    11.2614   999.6332 0.0000e+00
      7.283     -0.073     0.7304      9.553     47.430  34.397664     1.0806     13.118   218.4604 1.2379e-01     7.0730      7.143     10.360    11.2623   999.6331 0.0000e+00
      7.273     -0.056     0.7289      9.582     47.441  34.404066     1.0637     13.118   218.6215 1.2380e-01     7.0052      7.134     10.348    11.2627   999.6330 0.0000e+00
      7.259     -0.049     0.7279      9.589     47.461  34.416227     1.0273     13.119   218.7677 1.2374e-01     7.0013      7.119     10.325    11.2620   999.6330 0.0000e+00
      7.245     -0.052     0.7287      9.592     47.466  34.417787     0.9648     13.119   218.6794 1.2371e-01     7.0938      7.102     10.302    11.2606   999.6331 0.0000e+00
      7.235     -0.063     0.7332      9.593     47.475  34.422923     0.8703     13.119   218.4999 1.2371e-01     7.1631      7.095     10.291    11.2587   999.6332 0.0000e+00
      7.226     -0.080     0.7357      9.583     47.465  34.414866     0.8100     13.119   218.3186 1.2371e-01     7.1520      7.091     10.283    11.2567   999.6334 0.0000e+00
      7.209     -0.099     0.7355      9.558     47.422  34.383830     0.7884     13.119   218.2084 1.2371e-01     7.0975      7.074     10.259    11.2544   999.6336 0.0000e+00
      7.180     -0.118     0.7357      9.523     47.396  34.364946     0.7619     13.118   218.2859 1.2368e-01     7.0534      7.045     10.218    11.2521   999.6337 0.0000e+00
      7.140     -0.134     0.7360      9.496     47.411  34.376908     0.7181     13.118   218.3943 1.2368e-01     7.0651      7.006     10.161    11.2508   999.6337 0.0000e+00
      7.094     -0.148     0.7357      9.496     47.444  34.401551     0.6789     13.119   218.4007 1.2366e-01     7.1016      6.955     10.088    11.2501   999.6335 0.0000e+00
      7.051     -0.158     0.7335      9.513     47.454  34.409087     0.6597     13.120   218.3638 1.2366e-01     7.0823      6.911     10.024    11.2495   999.6333 0.0000e+00
      7.016     -0.161     0.7304      9.526     47.446  34.404576     0.7152     13.121   218.2920 1.2373e-01     7.0373      6.881      9.980    11.2502   999.6331 0.0000e+00
      6.980     -0.161     0.7273      9.536     47.452  34.410463     0.8433     13.121   218.2209 1.2375e-01     7.0388      6.848      9.933    11.2513   999.6328 0.0000e+00
      6.935     -0.157     0.7277      9.554     47.459  34.416818     0.9223     13.121   218.1927 1.2370e-01     7.0668      6.800      9.863    11.2522   999.6325 0.0000e+00
      6.889     -0.152     0.7303      9.573     47.459  34.417963     0.9267     13.122   218.1230 1.2366e-01     7.0667      6.754      9.795    11.2527   999.6322 0.0000e+00
      6.848     -0.150     0.7306      9.583     47.466  34.424308     0.9156     13.123   218.1528 1.2362e-01     7.0377      6.715      9.739    11.2536   999.6320 0.0000e+00
      6.812     -0.152     0.7311      9.584     47.473  34.430081     0.9117     13.123   218.3807 1.2363e-01     7.0246      6.678      9.685    11.2549   999.6317 0.0000e+00
      6.782     -0.158     0.7327      9.577     47.464  34.424303     0.9176     13.122   218.5549 1.2367e-01     7.0794      6.650      9.645    11.2566   999.6314 0.0000e+00
      6.752     -0.167     0.7346      9.581     47.454  34.417909     0.9301     13.122   218.6242 1.2370e-01     7.1519      6.626      9.610    11.2585   999.6310 0.0000e+00
      6.710     -0.179     0.7349      9.587     47.449  34.416234     0.8996     13.121   218.6162 1.2375e-01     7.2138      6.588      9.556    11.2595   999.6307 0.0000e+00
      6.653     -0.194     0.7359      9.582     47.429  34.404054     0.8260     13.121   218.5444 1.2374e-01     7.3132      6.525      9.463    11.2597   999.6303 0.0000e+00
      6.593     -0.208     0.7336      9.587     47.419  34.397547     0.7841     13.122   218.6168 1.2369e-01     7.3576      6.459      9.368    11.2604   999.6300 0.0000e+00
      6.541     -0.213     0.7344      9.601     47.424  34.401018     0.7841     13.122   218.8899 1.2371e-01     7.3394      6.416      9.306    11.2620   999.6297 0.0000e+00
      6.487     -0.208     0.7363      9.611     47.399  34.382567     0.7972     13.122   219.0928 1.2375e-01     7.2991      6.367      9.234    11.2646   999.6292 0.0000e+00
      6.426     -0.198     0.7337      9.612     47.376  34.364827     0.8287     13.122   219.1771 1.2375e-01     7.1786      6.300      9.136    11.2665   999.6286 0.0000e+00
      6.370     -0.194     0.7347      9.587     47.393  34.376883     0.8878     13.122   219.2215 1.2372e-01     7.0841      6.239      9.048    11.2673   999.6282 0.0000e+00
      6.330     -0.198     0.7368      9.563     47.428  34.401431     0.9396     13.122   219.1122 1.2371e-01     7.1179      6.203      8.996    11.2673   999.6281 0.0000e+00
      6.299     -0.200     0.7364      9.573     47.439  34.407813     0.9494     13.122   218.9746 1.2373e-01     7.1750      6.185      8.971    11.2666   999.6281 0.0000e+00
      6.252     -0.198     0.7386      9.595     47.418  34.390593     0.8536     13.123   219.0216 1.2373e-01     7.1569      6.142      8.908    11.2659   999.6279 0.0000e+00
      6.185     -0.190     0.7352      9.613     47.409  34.383586     0.6873     13.123   219.2491 1.2370e-01     7.0701      6.065      8.795    11.2652   999.6276 0.0000e+00
      6.117     -0.180     0.7312      9.623     47.414  34.386546     0.6082     13.123   219.4021 1.2370e-01     7.0191      5.991      8.689    11.2639   999.6274 0.0000e+00
      6.065     -0.169     0.7346      9.632     47.384  34.362933     0.6024     13.123   219.3227 1.2370e-01     7.0546      5.940      8.616    11.2623   999.6274 0.0000e+00
      6.032     -0.158     0.7354      9.646     47.372  34.351906     0.5798     13.124   219.2353 1.2369e-01     7.0881      5.910      8.571    11.2609   999.6274 0.0000e+00
      6.014     -0.150     0.7378      9.648     47.413  34.380135     0.5445     13.124   219.2923 1.2367e-01     7.0802      5.897      8.553    11.2598   999.6274 0.0000e+00
      5.994     -0.146     0.7380      9.643     47.423  34.386961     0.5275     13.123   219.4095 1.2377e-01     7.0622      5.886      8.537    11.2587   999.6275 0.0000e+00
      5.955     -0.143     0.7382      9.641     47.402  34.370982     0.5272     13.123   219.5348 1.2495e-01     7.0763      5.848      8.483    11.2573   999.6274 0.0000e+00
      5.897     -0.141     0.7406      9.646     47.412  34.377298     0.5122     13.123   219.6028 1.3755e-01     7.1141      5.782      8.387    11.2552   999.6273 0.0000e+00
      5.842     -0.141     0.7402      9.665     47.444  34.399881     0.4711     13.124   219.5421 1.5248e-01     7.1067      5.717      8.293    11.2533   999.6273 0.0000e+00
      5.810     -0.141     0.7396      9.685     47.432  34.390209     0.4399     13.124   219.4040 1.4988e-01     7.0560      5.689      8.250    11.2522   999.6272 0.0000e+00
      5.797     -0.141     0.7394      9.686     47.428  34.387266     0.4405     13.123   219.2233 1.4413e-01     7.0159      5.688      8.250    11.2518   999.6273 0.0000e+00
      5.778     -0.141     0.7395      9.681     47.485  34.427751     0.4490     13.123   219.1645 1.5319e-01     6.9998      5.675      8.232    11.2514   999.6272 0.0000e+00
      5.739     -0.148     0.7410      9.692     47.496  34.435528     0.4570     13.124   219.2945 1.7308e-01     6.9638      5.633      8.171    11.2507   999.6271 0.0000e+00
      5.686     -0.164     0.7439      9.702     47.471  34.417835     0.4617     13.124   219.3326 1.8726e-01     6.8894      5.576      8.087    11.2498   999.6269 0.0000e+00
      5.634     -0.184     0.7434      9.696     47.452  34.404199     0.4478     13.123   219.2809 1.9961e-01     6.8560      5.520      8.006    11.2489   999.6267 0.0000e+00
      5.589     -0.199     0.7416      9.679     47.442  34.397568     0.4226     13.123   219.2718 2.2094e-01     6.9380      5.479      7.948    11.2487   999.6267 0.0000e+00
      5.545     -0.203     0.7435      9.660     47.447  34.401120     0.4047     13.124   219.2227 2.4440e-01     7.0570      5.444      7.896    11.2488   999.6264 0.0000e+00
      5.491     -0.198     0.7450      9.651     47.422  34.383700     0.3935     13.125   219.2896 2.6997e-01     7.0931      5.389      7.816    11.2489   999.6262 0.0000e+00
      5.429     -0.186     0.7439      9.655     47.412  34.377307     0.3825     13.126   219.4782 3.0012e-01     7.0648      5.322      7.719    11.2489   999.6259 0.0000e+00
      5.369     -0.174     0.7428      9.662     47.427  34.387275     0.3769     13.126   219.5239 3.2637e-01     7.0585      5.261      7.630    11.2490   999.6255 0.0000e+00
