Data/DataNotYetUploadedToEDI/Raw_CTD/RawDownloads/080620_bvr50.cnv
* Sea-Bird SBE19plus  Data File:
* FileName = C:\DATA\080620_bvr50_0002.hex
* Software version 2.8.0.119
* Temperature SN = 7809
* Conductivity SN = 7809
* System UpLoad Time = Aug 06 2020 11:11:06
* <ApplicationData>
* <Seaterm232>
# nquan = 16
# nvalues = 2675                        
# units = specified
# name 0 = depFM: Depth [fresh water, m]
# name 1 = dz/dtM: Descent Rate [m/s]
# name 2 = sbeox0ML/L: Oxygen, SBE 43 [ml/l]
# name 3 = sbeox0PS: Oxygen, SBE 43 [% saturation]
# name 4 = specc: Specific Conductance [uS/cm]
# name 5 = c0uS/cm: Conductivity [uS/cm]
# name 6 = flECO-AFL: Fluorescence, WET Labs ECO-AFL/FL [mg/m^3]
# name 7 = ph: pH
# name 8 = orp: Oxidation Reduction Potential [mV]
# name 9 = par/sat/log: PAR/Logarithmic, Satlantic
# name 10 = turbWETntu0: Turbidity, WET Labs ECO [NTU]
# name 11 = prdM: Pressure, Strain Gauge [db]
# name 12 = prdE: Pressure, Strain Gauge [psi]
# name 13 = tv290C: Temperature [ITS-90, deg C]
# name 14 = density00: Density [density, kg/m^3]
# name 15 = flag:  0.000e+00
# span 0 =     -0.717,     10.568       
# span 1 =     -0.375,      0.214       
# span 2 =     0.0296,     5.7499       
# span 3 =      0.395,     99.287       
# span 4 =      0.693,    192.454       
# span 5 =   0.653412, 132.956568       
# span 6 =    -1.0611,     8.0231       
# span 7 =     12.838,     13.470       
# span 8 =  -185.5054,   277.9919       
# span 9 = 1.2354e-01, 7.9311e+02       
# span 10 =    -0.5242,    19.1135      
# span 11 =     -0.703,     10.365      
# span 12 =     -1.020,     15.033      
# span 13 =     9.5275,    26.5085      
# span 14 =   996.6617,   999.8650      
# span 15 = 0.0000e+00, 0.0000e+00      
# interval = seconds: 0.25
# start_time = Aug 05 2020 21:50:13 [Instrument's time stamp, header]
# bad_flag = -9.990e-29
*END*
[from data line 272]
      1.596      0.008     5.0042     88.644     26.738  27.466332     2.0682     13.076   243.3110 7.6205e+01     1.6604      1.568      2.275    26.3599   996.7118 0.0000e+00
      1.591      0.004     5.0105     88.610     26.751  27.478906     2.0521     13.074   243.4100 7.6555e+01     1.7272      1.559      2.262    26.3580   996.7122 0.0000e+00
      1.586      0.001     5.0093     88.527     26.762  27.490345     2.0368     13.072   243.5069 7.6430e+01     1.7698      1.552      2.252    26.3568   996.7125 0.0000e+00
      1.588      0.003     5.0025     88.369     26.749  27.477773     2.0166     13.071   243.6234 7.6195e+01     1.7295      1.556      2.258    26.3564   996.7127 0.0000e+00
      1.592      0.011     4.9981     88.149     26.725  27.453764     1.9698     13.071   243.7857 7.5995e+01     1.6868      1.564      2.268    26.3560   996.7128 0.0000e+00
      1.594      0.023     4.9996     87.882     26.725  27.453773     1.9193     13.070   243.9205 7.5835e+01     1.6992      1.563      2.267    26.3543   996.7132 0.0000e+00
      1.596      0.036     4.9949     87.663     26.749  27.477877     1.9122     13.068   243.8761 7.5454e+01     1.7418      1.562      2.266    26.3542   996.7133 0.0000e+00
      1.604      0.046     4.9849     87.578     26.763  27.491488     1.9222     13.067   243.8513 7.4412e+01     1.7557      1.569      2.276    26.3555   996.7130 0.0000e+00
      1.621      0.055     4.9737     87.649     26.764  27.491477     1.9443     13.068   243.8787 7.2933e+01     1.6957      1.588      2.304    26.3562   996.7128 0.0000e+00
      1.643      0.064     4.9551     87.871     26.752  27.477744     1.9889     13.070   244.0352 7.1679e+01     1.6689      1.615      2.342    26.3569   996.7128 0.0000e+00
      1.663      0.070     4.9414     88.193     26.728  27.452298     2.0228     13.070   244.5397 7.0789e+01     1.7056      1.633      2.368    26.3568   996.7129 0.0000e+00
      1.680      0.071     4.9366     88.531     26.714  27.437534     2.0496     13.069   244.9021 6.9988e+01     1.7283      1.647      2.388    26.3549   996.7135 0.0000e+00
      1.696      0.069     4.9407     88.802     26.704  27.426086     2.1120     13.069   244.8892 6.9153e+01     1.7370      1.662      2.413    26.3520   996.7143 0.0000e+00
      1.713      0.064     4.9544     88.973     26.719  27.440746     2.2147     13.069   244.8146 6.8206e+01     1.7423      1.678      2.435    26.3502   996.7148 0.0000e+00
      1.733      0.059     4.9747     89.086     26.765  27.487924     2.2799     13.068   244.7741 6.7330e+01     1.7588      1.700      2.466    26.3486   996.7154 0.0000e+00
      1.750      0.054     4.9955     89.208     26.767  27.489076     2.2905     13.067   244.9154 6.6729e+01     1.7640      1.717      2.492    26.3473   996.7158 0.0000e+00
      1.762      0.049     5.0119     89.337     26.734  27.454668     2.2471     13.067   245.0603 6.6386e+01     1.7367      1.728      2.507    26.3463   996.7161 0.0000e+00
      1.771      0.045     5.0206     89.424     26.732  27.452475     2.1454     13.067   245.0628 6.6218e+01     1.6687      1.738      2.521    26.3454   996.7164 0.0000e+00
      1.778      0.044     5.0247     89.452     26.742  27.462561     2.0916     13.068   245.2046 6.5925e+01     1.6624      1.743      2.528    26.3444   996.7167 0.0000e+00
      1.788      0.046     5.0325     89.438     26.730  27.449763     2.1017     13.070   245.3972 6.5425e+01     1.7294      1.752      2.541    26.3428   996.7171 0.0000e+00
      1.799      0.051     5.0409     89.393     26.709  27.424590     2.0964     13.072   245.4984 6.4860e+01     1.7237      1.764      2.559    26.3422   996.7174 0.0000e+00
      1.813      0.055     5.0465     89.311     26.703  27.411914     2.0652     13.072   245.5686 6.4164e+01     1.6962      1.777      2.576    26.3421   996.7175 0.0000e+00
      1.830      0.058     5.0470     89.153     26.726  27.423344     2.0301     13.071   245.5575 6.3335e+01     1.7057      1.793      2.602    26.3419   996.7176 0.0000e+00
      1.849      0.059     5.0466     88.874     26.752  27.435910     2.0158     13.070   245.5360 6.2514e+01     1.7361      1.813      2.630    26.3406   996.7181 0.0000e+00
      1.865      0.059     5.0441     88.529     26.766  27.436969     2.0248     13.070   245.6531 6.1835e+01     1.7553      1.831      2.655    26.3361   996.7193 0.0000e+00
      1.878      0.058     5.0413     88.238     26.777  27.436130     1.9964     13.071   245.9409 6.1214e+01     1.7317      1.843      2.673    26.3245   996.7225 0.0000e+00
      1.891      0.057     5.0367     88.097     26.782  27.425744     1.9199     13.072   246.0913 6.0509e+01     1.7246      1.854      2.688    26.3003   996.7291 0.0000e+00
      1.904      0.054     5.0219     88.101     26.809  27.438234     1.8724     13.072   245.9228 5.9820e+01     1.7039      1.867      2.707    26.2700   996.7373 0.0000e+00
      1.919      0.050     5.0018     88.163     26.843  27.460254     1.8705     13.072   245.8826 5.9041e+01     1.6880      1.880      2.727    26.2478   996.7433 0.0000e+00
      1.935      0.048     4.9850     88.206     26.829  27.438247     1.8684     13.072   246.1202 5.8243e+01     1.7038      1.898      2.753    26.2256   996.7493 0.0000e+00
      1.948      0.047     4.9797     88.167     26.820  27.425866     1.8465     13.073   246.3869 5.7780e+01     1.6890      1.913      2.774    26.1958   996.7573 0.0000e+00
      1.956      0.044     4.9856     88.036     26.834  27.437408     1.8347     13.073   246.5256 5.7438e+01     1.7146      1.919      2.783    26.1653   996.7656 0.0000e+00
      1.965      0.039     4.9920     87.872     26.849  27.450935     1.8405     13.073   246.5068 5.6954e+01     1.7737      1.926      2.793    26.1396   996.7725 0.0000e+00
      1.975      0.035     4.9976     87.735     26.864  27.462553     1.8780     13.073   246.5901 5.6484e+01     1.7511      1.937      2.810    26.1268   996.7759 0.0000e+00
      1.986      0.034     4.9961     87.634     26.855  27.451020     1.9558     13.073   247.0171 5.6148e+01     1.6809      1.948      2.827    26.1228   996.7770 0.0000e+00
      1.994      0.034     4.9871     87.550     26.847  27.438337     2.0088     13.073   247.4536 5.5971e+01     1.6461      1.956      2.837    26.1190   996.7781 0.0000e+00
      1.999      0.033     4.9772     87.488     26.852  27.436059     2.0319     13.073   247.4794 5.5821e+01     1.6401      1.959      2.841    26.1145   996.7793 0.0000e+00
      2.007      0.031     4.9694     87.422     26.849  27.423471     2.0822     13.076   247.5013 5.5457e+01     1.6424      1.965      2.850    26.1092   996.7808 0.0000e+00
      2.017      0.031     4.9657     87.342     26.849  27.412979     2.1402     13.082   247.7184 5.5072e+01     1.6390      1.979      2.871    26.1044   996.7821 0.0000e+00
      2.027      0.031     4.9600     87.272     26.882  27.436044     2.1511     13.090   247.8675 5.4953e+01     1.6685      1.991      2.887    26.0973   996.7840 0.0000e+00
      2.033      0.031     4.9592     87.252     26.906  27.448619     2.1479     13.094   248.1860 5.4855e+01     1.7239      1.993      2.891    26.0835   996.7877 0.0000e+00
      2.038      0.030     4.9576     87.342     26.910  27.438137     2.1296     13.091   248.4715 5.4588e+01     1.7252      1.997      2.896    26.0636   996.7930 0.0000e+00
      2.046      0.029     4.9537     87.508     26.925  27.436147     2.0729     13.087   248.4805 5.4261e+01     1.6852      2.006      2.910    26.0434   996.7985 0.0000e+00
      2.056      0.028     4.9516     87.643     26.932  27.424531     2.0348     13.083   248.5520 5.3916e+01     1.6518      2.016      2.924    26.0237   996.8038 0.0000e+00
      2.065      0.028     4.9500     87.729     26.949  27.424525     2.0218     13.079   248.6484 5.3636e+01     1.6648      2.025      2.938    26.0014   996.8098 0.0000e+00
      2.070      0.028     4.9580     87.803     26.975  27.436049     2.0211     13.078   248.7850 5.3461e+01     1.7390      2.030      2.946    25.9767   996.8163 0.0000e+00
      2.075      0.028     4.9737     87.823     26.988  27.436984     2.0454     13.078   248.9993 5.3194e+01     1.7590      2.033      2.950    25.9459   996.8245 0.0000e+00
      2.081      0.029     4.9850     87.723     27.000  27.435810     2.0760     13.078   249.0887 5.2797e+01     1.7003      2.040      2.959    25.9079   996.8346 0.0000e+00
      2.089      0.031     4.9908     87.498     27.003  27.421826     2.0864     13.079   249.2642 5.2462e+01     1.6822      2.049      2.971    25.8739   996.8436 0.0000e+00
      2.097      0.034     4.9991     87.187     26.998  27.394743     2.0852     13.080   249.7433 5.2187e+01     1.7113      2.056      2.982    25.8480   996.8506 0.0000e+00
      2.107      0.036     5.0040     86.875     26.992  27.362046     2.1182     13.081   250.0635 5.1824e+01     1.7441      2.066      2.996    25.8257   996.8565 0.0000e+00
      2.117      0.036     5.0003     86.662     27.002  27.343598     2.1810     13.082   250.0386 5.1382e+01     1.7348      2.076      3.010    25.8032   996.8624 0.0000e+00
      2.128      0.034     4.9894     86.554     27.050  27.361931     2.2140     13.084   250.1296 5.0947e+01     1.6675      2.086      3.025    25.7726   996.8705 0.0000e+00
      2.139      0.031     4.9741     86.481     27.108  27.393376     2.2225     13.085   250.3045 5.0650e+01     1.6517      2.099      3.045    25.7302   996.8818 0.0000e+00
      2.146      0.028     4.9576     86.379     27.142  27.406613     2.2640     13.085   250.2602 5.0552e+01     1.7152      2.106      3.055    25.6814   996.8947 0.0000e+00
      2.150      0.024     4.9504     86.230     27.146  27.395082     2.3357     13.086   250.1962 5.0395e+01     1.7484      2.106      3.055    25.6269   996.9089 0.0000e+00
      2.155      0.022     4.9519     86.046     27.141  27.380787     2.3742     13.087   250.3914 5.0101e+01     1.7102      2.113      3.064    25.5675   996.9245 0.0000e+00
      2.161      0.022     4.9532     85.779     27.123  27.360617     2.3659     13.087   250.7274 4.9961e+01     1.6642      2.121      3.077    25.5163   996.9380 0.0000e+00
      2.164      0.023     4.9518     85.369     27.104  27.341498     2.3886     13.088   250.9031 4.9907e+01     1.6742      2.122      3.077    25.4771   996.9482 0.0000e+00
      2.168      0.025     4.9447     84.864     27.106  27.339917     2.4580     13.088   250.8812 4.9620e+01     1.6930      2.124      3.080    25.4459   996.9564 0.0000e+00
      2.176      0.025     4.9368     84.375     27.118  27.341489     2.4885     13.088   251.0648 4.9186e+01     1.6857      2.134      3.095    25.4315   996.9602 0.0000e+00
      2.186      0.025     4.9240     83.986     27.149  27.360489     2.4810     13.088   251.4016 4.8888e+01     1.6550      2.145      3.111    25.4307   996.9604 0.0000e+00
      2.193      0.025     4.8985     83.713     27.174  27.379347     2.4829     13.089   251.5976 4.8753e+01     1.6647      2.153      3.122    25.4330   996.9599 0.0000e+00
      2.198      0.025     4.8672     83.528     27.174  27.379189     2.4724     13.090   251.7147 4.8656e+01     1.7346      2.156      3.126    25.4302   996.9606 0.0000e+00
      2.202      0.023     4.8391     83.408     27.149  27.358580     2.4403     13.090   251.6998 4.8503e+01     1.7445      2.159      3.131    25.4091   996.9661 0.0000e+00
      2.209      0.021     4.8194     83.383     27.108  27.320470     2.4186     13.089   251.7615 4.8306e+01     1.7152      2.166      3.142    25.3808   996.9735 0.0000e+00
      2.216      0.019     4.8056     83.458     27.087  27.298985     2.4109     13.089   251.8576 4.8156e+01     1.7244      2.172      3.152    25.3643   996.9779 0.0000e+00
      2.221      0.019     4.7958     83.546     27.081  27.289090     2.3656     13.089   251.7438 4.8071e+01     1.7527      2.178      3.159    25.3678   996.9770 0.0000e+00
      2.225      0.020     4.7866     83.595     27.063  27.264261     2.2806     13.090   251.9343 4.7977e+01     1.7824      2.182      3.164    25.3814   996.9734 0.0000e+00
      2.227      0.022     4.7837     83.665     27.002  27.189058     2.2333     13.092   252.4388 4.7890e+01     1.7745      2.184      3.169    25.3866   996.9721 0.0000e+00
      2.230      0.026     4.7910     83.811     26.918  27.077518     2.2223     13.093   252.5102 4.7770e+01     1.7265      2.186      3.171    25.3879   996.9717 0.0000e+00
      2.236      0.030     4.7979     83.994     26.880  26.993913     2.2153     13.095   252.2816 4.7371e+01     1.7168      2.191      3.176    25.3813   996.9735 0.0000e+00
      2.247      0.033     4.8003     84.144     26.880  26.939263     2.2247     13.098   252.3419 4.6726e+01     1.7600      2.202      3.194    25.3659   996.9775 0.0000e+00
      2.261      0.036     4.8035     84.219     26.916  26.924100     2.2305     13.101   252.8086 4.6225e+01     1.7678      2.220      3.219    25.3508   996.9814 0.0000e+00
      2.271      0.037     4.8176     84.144     26.972  26.937370     2.2377     13.103   253.1057 4.5941e+01     1.7091      2.229      3.233    25.3048   996.9935 0.0000e+00
      2.278      0.036     4.8385     83.889     26.977  26.909350     2.4361     13.105   252.9231 4.5642e+01     1.6681      2.233      3.239    25.2103   997.0179 0.0000e+00
      2.286      0.034     4.8565     83.462     26.934  26.838984     2.8165     13.107   252.8375 4.5272e+01     1.6843      2.242      3.250    25.1016   997.0459 0.0000e+00
      2.295      0.034     4.8722     82.809     26.905  26.784259     3.0321     13.110   252.9310 4.4952e+01     1.6991      2.252      3.266    25.0033   997.0713 0.0000e+00
      2.302      0.036     4.8759     81.925     26.905  26.755056     3.0501     13.114   253.1082 4.4710e+01     1.6750      2.259      3.275    24.9221   997.0920 0.0000e+00
      2.310      0.041     4.8647     80.952     26.918  26.739563     3.0624     13.118   253.6036 4.4387e+01     1.6677      2.264      3.282    24.8644   997.1068 0.0000e+00
      2.321      0.045     4.8462     80.014     26.927  26.723744     3.1154     13.122   254.0162 4.3935e+01     1.7137      2.275      3.300    24.8189   997.1184 0.0000e+00
      2.334      0.048     4.8137     79.139     26.914  26.690617     3.1655     13.126   253.9677 4.3484e+01     1.7505      2.289      3.320    24.7713   997.1306 0.0000e+00
      2.349      0.050     4.7628     78.365     26.898  26.656136     3.1814     13.129   254.2208 4.3010e+01     1.7348      2.302      3.339    24.7164   997.1446 0.0000e+00
      2.364      0.050     4.7082     77.737     26.884  26.623952     3.1844     13.134   254.8397 4.2514e+01     1.6953      2.319      3.363    24.6585   997.1593 0.0000e+00
      2.378      0.049     4.6585     77.272     26.895  26.618599     3.2396     13.140   255.1702 4.2179e+01     1.7535      2.334      3.386    24.6115   997.1713 0.0000e+00
      2.388      0.047     4.6094     76.970     26.944  26.654822     3.3529     13.144   255.3772 4.1910e+01     1.9232      2.341      3.395    24.5766   997.1800 0.0000e+00
      2.398      0.043     4.5655     76.760     26.974  26.681335     3.4185     13.146   255.3634 4.1538e+01     1.9967      2.350      3.408    24.5435   997.1885 0.0000e+00
      2.411      0.039     4.5323     76.558     26.976  26.685444     3.4320     13.147   255.0901 4.1173e+01     1.9560      2.365      3.429    24.5106   997.1968 0.0000e+00
      2.421      0.036     4.5069     76.370     26.991  26.704513     3.5738     13.147   254.9977 4.0878e+01     1.9465      2.375      3.445    24.4774   997.2052 0.0000e+00
