Data/DataNotYetUploadedToEDI/Raw_CTD/RawDownloads/080620_bvr50.cnv
* Sea-Bird SBE19plus  Data File:
* FileName = C:\DATA\080620_bvr50_0002.hex
* Software version 2.8.0.119
* Temperature SN = 7809
* Conductivity SN = 7809
* System UpLoad Time = Aug 06 2020 11:11:06
* <ApplicationData>
* <Seaterm232>
# nquan = 16
# nvalues = 2675                        
# units = specified
# name 0 = depFM: Depth [fresh water, m]
# name 1 = dz/dtM: Descent Rate [m/s]
# name 2 = sbeox0ML/L: Oxygen, SBE 43 [ml/l]
# name 3 = sbeox0PS: Oxygen, SBE 43 [% saturation]
# name 4 = specc: Specific Conductance [uS/cm]
# name 5 = c0uS/cm: Conductivity [uS/cm]
# name 6 = flECO-AFL: Fluorescence, WET Labs ECO-AFL/FL [mg/m^3]
# name 7 = ph: pH
# name 8 = orp: Oxidation Reduction Potential [mV]
# name 9 = par/sat/log: PAR/Logarithmic, Satlantic
# name 10 = turbWETntu0: Turbidity, WET Labs ECO [NTU]
# name 11 = prdM: Pressure, Strain Gauge [db]
# name 12 = prdE: Pressure, Strain Gauge [psi]
# name 13 = tv290C: Temperature [ITS-90, deg C]
# name 14 = density00: Density [density, kg/m^3]
# name 15 = flag:  0.000e+00
# span 0 =     -0.717,     10.568       
# span 1 =     -0.375,      0.214       
# span 2 =     0.0296,     5.7499       
# span 3 =      0.395,     99.287       
# span 4 =      0.693,    192.454       
# span 5 =   0.653412, 132.956568       
# span 6 =    -1.0611,     8.0231       
# span 7 =     12.838,     13.470       
# span 8 =  -185.5054,   277.9919       
# span 9 = 1.2354e-01, 7.9311e+02       
# span 10 =    -0.5242,    19.1135      
# span 11 =     -0.703,     10.365      
# span 12 =     -1.020,     15.033      
# span 13 =     9.5275,    26.5085      
# span 14 =   996.6617,   999.8650      
# span 15 = 0.0000e+00, 0.0000e+00      
# interval = seconds: 0.25
# start_time = Aug 05 2020 21:50:13 [Instrument's time stamp, header]
# bad_flag = -9.990e-29
*END*
[from data line 1989]
      6.652     -0.062     0.0391      0.539     57.359  41.982689     4.7961     13.267  -134.5938 1.5965e+00     3.2953      6.524      9.462    11.6092   999.5968 0.0000e+00
      6.637     -0.059     0.0393      0.543     57.372  41.991206     4.8980     13.266  -134.2026 1.6209e+00     3.4333      6.510      9.443    11.6028   999.5973 0.0000e+00
      6.622     -0.055     0.0421      0.555     57.547  42.118053     5.0753     13.266  -133.8626 1.6554e+00     3.6078      6.495      9.420    11.5979   999.5978 0.0000e+00
      6.607     -0.052     0.0438      0.545     57.463  42.056373     5.1666     13.266  -133.4946 1.6727e+00     3.7221      6.478      9.396    11.5949   999.5980 0.0000e+00
      6.594     -0.050     0.0394      0.515     57.137  41.816752     5.1811     13.265  -133.1083 1.6779e+00     3.7511      6.466      9.378    11.5929   999.5979 0.0000e+00
      6.584     -0.048     0.0412      0.480     56.886  41.632999     5.2602     13.265  -132.7192 1.6879e+00     3.7527      6.456      9.364    11.5919   999.5981 0.0000e+00
      6.574     -0.047     0.0432      0.470     56.769  41.548554     5.3794     13.265  -132.3182 1.6971e+00     3.7412      6.447      9.350    11.5918   999.5982 0.0000e+00
      6.563     -0.048     0.0418      0.491     56.690  41.493994     5.4297     13.264  -131.9591 1.7106e+00     3.7497      6.436      9.334    11.5914   999.5981 0.0000e+00
      6.550     -0.052     0.0395      0.511     56.580  41.417667     5.4302     13.263  -131.7332 1.7351e+00     3.7522      6.424      9.316    11.5904   999.5980 0.0000e+00
      6.537     -0.058     0.0359      0.528     55.839  40.879603     5.4331     13.263  -131.6518 1.7573e+00     3.7029      6.412      9.299    11.5903   999.5978 0.0000e+00
      6.523     -0.064     0.0341      0.546     54.807  40.129768     5.4265     13.263  -131.4909 1.7723e+00     3.5659      6.398      9.279    11.5913   999.5977 0.0000e+00
      6.506     -0.067     0.0383      0.543     54.577  39.968433     5.4068     13.262  -131.3365 1.8076e+00     3.3318      6.381      9.255    11.5936   999.5972 0.0000e+00
      6.485     -0.063     0.0390      0.544     54.446  39.881126     5.3858     13.262  -131.3340 1.8710e+00     3.2063      6.362      9.227    11.5980   999.5968 0.0000e+00
      6.462     -0.054     0.0392      0.557     53.591  39.264545     5.3925     13.261  -131.0293 1.9355e+00     3.2503      6.336      9.190    11.6029   999.5959 0.0000e+00
      6.443     -0.039     0.0434      0.548     52.415  38.416225     5.5360     13.259  -130.3206 1.9723e+00     3.4521      6.313      9.156    11.6058   999.5947 0.0000e+00
      6.435     -0.019     0.0406      0.529     51.480  37.748221     5.7754     13.257  -129.6478 1.9693e+00     3.7576      6.307      9.148    11.6124   999.5942 0.0000e+00
      6.437      0.001     0.0407      0.531     51.163  37.534495     5.8944     13.257  -129.1763 1.9481e+00     3.8883      6.311      9.153    11.6218   999.5932 0.0000e+00
      6.444      0.017     0.0435      0.529     51.240  37.609178     5.8968     13.258  -128.9211 1.9220e+00     3.8999      6.318      9.163    11.6294   999.5920 0.0000e+00
      6.454      0.025     0.0423      0.504     51.342  37.699248     5.8519     13.257  -128.8847 1.8890e+00     3.9328      6.328      9.178    11.6420   999.5903 0.0000e+00
      6.466      0.024     0.0388      0.488     51.287  37.671560     5.7707     13.255  -128.8224 1.8618e+00     3.9073      6.341      9.196    11.6603   999.5878 0.0000e+00
      6.477      0.019     0.0407      0.495     51.164  37.591748     5.7256     13.254  -128.5122 1.8536e+00     3.8669      6.354      9.216    11.6790   999.5859 0.0000e+00
      6.480      0.013     0.0415      0.496     51.109  37.559315     5.7168     13.254  -128.1459 1.8656e+00     3.8215      6.357      9.221    11.6971   999.5839 0.0000e+00
      6.478      0.005     0.0373      0.475     51.064  37.533285     5.7120     13.255  -127.9209 1.8899e+00     3.7710      6.352      9.212    11.7125   999.5823 0.0000e+00
      6.475     -0.001     0.0363      0.468     51.053  37.530888     5.7154     13.255  -127.6840 1.9137e+00     3.7711      6.349      9.208    11.7244   999.5809 0.0000e+00
      6.473     -0.003     0.0373      0.475     51.044  37.530338     5.7096     13.255  -127.4335 1.9203e+00     3.7544      6.348      9.207    11.7341   999.5798 0.0000e+00
      6.472     -0.003     0.0393      0.485     51.032  37.526642     5.6991     13.254  -127.2149 1.9044e+00     3.7407      6.348      9.207    11.7424   999.5789 0.0000e+00
      6.472     -0.002     0.0348      0.514     51.144  37.613131     5.6943     13.254  -126.8479 1.8820e+00     3.7770      6.346      9.205    11.7489   999.5781 0.0000e+00
      6.472      0.001     0.0350      0.539     51.501  37.877956     5.6896     13.253  -126.2650 1.8741e+00     3.8151      6.347      9.205    11.7545   999.5775 0.0000e+00
      6.472      0.003     0.0367      0.559     51.836  38.126514     5.6901     13.253  -125.6740 1.8806e+00     3.8236      6.347      9.205    11.7605   999.5768 0.0000e+00
      6.472      0.004     0.0352      0.579     51.771  38.079782     5.6903     13.253  -125.2084 1.8862e+00     3.7766      6.347      9.205    11.7655   999.5763 0.0000e+00
      6.474      0.004     0.0398      0.570     51.331  37.757197     5.6925     13.252  -124.6794 1.8821e+00     3.7282      6.348      9.208    11.7687   999.5760 0.0000e+00
      6.477      0.004     0.0410      0.555     50.756  37.335989     5.7269     13.252  -124.0965 1.8762e+00     3.7185      6.352      9.213    11.7713   999.5758 0.0000e+00
      6.479      0.002     0.0414      0.565     50.535  37.175679     5.7906     13.251  -123.6675 1.8795e+00     3.7622      6.354      9.216    11.7734   999.5758 0.0000e+00
      6.479     -0.003     0.0454      0.573     50.843  37.405519     5.8328     13.250  -123.4494 1.8754e+00     3.8444      6.353      9.214    11.7743   999.5756 0.0000e+00
      6.478     -0.013     0.0437      0.583     50.984  37.512932     5.8270     13.249  -123.4386 1.8567e+00     3.8202      6.352      9.213    11.7750   999.5754 0.0000e+00
      6.477     -0.026     0.0402      0.577     50.476  37.141650     5.5783     13.249  -123.3651 1.8547e+00     3.5041      6.353      9.214    11.7763   999.5749 0.0000e+00
      6.472     -0.041     0.0439      0.532     49.732  36.597293     5.1144     13.248  -122.9909 1.8761e+00     3.0436      6.350      9.209    11.7787   999.5745 0.0000e+00
      6.459     -0.055     0.0429      0.492     49.272  36.262057     4.8619     13.247  -122.6137 1.9071e+00     2.8526      6.338      9.192    11.7828   999.5743 0.0000e+00
      6.439     -0.067     0.0440      0.479     49.092  36.134519     4.8429     13.247  -122.4182 1.9483e+00     2.9120      6.315      9.159    11.7865   999.5739 0.0000e+00
      6.416     -0.077     0.0461      0.470     48.824  35.943705     4.8087     13.246  -122.2618 1.9911e+00     2.9379      6.291      9.126    11.7890   999.5732 0.0000e+00
      6.394     -0.084     0.0392      0.454     48.352  35.604898     4.7244     13.246  -122.0994 2.0400e+00     2.8908      6.271      9.095    11.7909   999.5726 0.0000e+00
      6.371     -0.086     0.0364      0.453     47.889  35.274475     4.6719     13.245  -121.9173 2.0936e+00     2.8578      6.248      9.062    11.7938   999.5720 0.0000e+00
      6.349     -0.084     0.0361      0.476     47.579  35.058067     4.6707     13.244  -121.6944 2.1362e+00     2.8818      6.226      9.030    11.7990   999.5713 0.0000e+00
      6.328     -0.079     0.0363      0.504     47.423  34.955529     4.8239     13.242  -121.4694 2.1836e+00     3.0786      6.205      9.000    11.8059   999.5704 0.0000e+00
      6.306     -0.073     0.0339      0.530     47.273  34.859659     5.1233     13.241  -121.1760 2.2348e+00     3.3489      6.184      8.969    11.8144   999.5692 0.0000e+00
      6.286     -0.066     0.0331      0.548     46.983  34.660409     5.2859     13.240  -120.8142 2.2674e+00     3.4381      6.164      8.939    11.8253   999.5677 0.0000e+00
      6.270     -0.060     0.0366      0.559     46.678  34.450109     5.3112     13.240  -120.5367 2.2884e+00     3.4691      6.148      8.917    11.8385   999.5659 0.0000e+00
      6.259     -0.055     0.0376      0.565     46.694  34.474453     5.3917     13.241  -120.3148 2.3087e+00     3.6216      6.138      8.904    11.8524   999.5643 0.0000e+00
      6.249     -0.051     0.0407      0.569     46.989  34.700934     5.5152     13.241  -120.1108 2.3324e+00     3.8046      6.129      8.890    11.8670   999.5626 0.0000e+00
      6.237     -0.047     0.0414      0.564     47.255  34.904084     5.5646     13.240  -119.8776 2.3677e+00     3.8283      6.117      8.873    11.8836   999.5606 0.0000e+00
      6.223     -0.044     0.0426      0.549     47.416  35.027042     5.5505     13.238  -119.4739 2.4114e+00     3.7371      6.103      8.851    11.8997   999.5586 0.0000e+00
      6.209     -0.043     0.0426      0.544     47.436  35.045388     5.5454     13.237  -119.1011 2.4467e+00     3.6970      6.088      8.831    11.9129   999.5570 0.0000e+00
      6.199     -0.044     0.0432      0.532     47.113  34.808625     5.6072     13.237  -118.8979 2.4624e+00     3.7215      6.077      8.815    11.9234   999.5559 0.0000e+00
      6.192     -0.048     0.0435      0.501     46.452  34.321866     5.7257     13.237  -118.6514 2.4777e+00     3.7584      6.072      8.807    11.9298   999.5552 0.0000e+00
      6.185     -0.055     0.0401      0.470     45.646  33.728821     5.7762     13.237  -118.4442 2.5171e+00     3.7656      6.068      8.801    11.9332   999.5549 0.0000e+00
      6.173     -0.064     0.0418      0.475     44.866  33.158656     5.7515     13.237  -118.2855 2.5711e+00     3.7401      6.057      8.785    11.9375   999.5544 0.0000e+00
      6.153     -0.074     0.0407      0.508     44.479  32.884931     5.6654     13.236  -118.0224 2.6282e+00     3.6910      6.035      8.754    11.9391   999.5541 0.0000e+00
      6.128     -0.083     0.0380      0.524     44.469  32.893872     5.5258     13.235  -117.7584 2.6988e+00     3.6178      6.011      8.718    11.9397   999.5535 0.0000e+00
      6.101     -0.083     0.0344      0.529     44.606  33.012974     5.4464     13.234  -117.4168 2.7787e+00     3.5416      5.983      8.678    11.9425   999.5528 0.0000e+00
      6.076     -0.072     0.0342      0.532     44.900  33.246343     5.4491     13.234  -116.9043 2.8478e+00     3.4902      5.956      8.639    11.9473   999.5518 0.0000e+00
      6.054     -0.050     0.0399      0.533     44.962  33.304388     5.5780     13.233  -116.3794 2.9053e+00     3.5801      5.936      8.608    11.9611   999.5501 0.0000e+00
      6.037     -0.021     0.0396      0.529     44.307  32.826472     5.8128     13.232  -116.0605 2.9422e+00     3.8387      5.916      8.580    11.9827   999.5477 0.0000e+00
      6.033      0.008     0.0399      0.516     43.060  31.909424     5.9516     13.232  -115.9745 2.9234e+00     4.0425      5.909      8.571    12.0034   999.5451 0.0000e+00
      6.046      0.031     0.0402      0.516     41.862  31.035748     5.9785     13.231  -115.8550 2.8365e+00     4.0525      5.924      8.592    12.0214   999.5433 0.0000e+00
      6.071      0.045     0.0399      0.524     41.548  30.828176     6.0702     13.229  -115.6487 2.7437e+00     3.9941      5.955      8.637    12.0358   999.5419 0.0000e+00
      6.094      0.049     0.0410      0.521     41.976  31.176188     6.2408     13.227  -115.4587 2.7030e+00     3.9890      5.980      8.675    12.0424   999.5411 0.0000e+00
      6.109      0.043     0.0377      0.509     42.121  31.310014     6.3338     13.225  -115.1920 2.6773e+00     3.9907      5.991      8.690    12.0460   999.5403 0.0000e+00
      6.116      0.031     0.0390      0.500     41.749  31.050532     6.3369     13.225  -114.8327 2.6525e+00     3.9804      6.000      8.701    12.0615   999.5379 0.0000e+00
      6.117      0.018     0.0397      0.486     41.435  30.830402     6.2214     13.225  -114.5563 2.6565e+00     3.8987      6.001      8.704    12.0941   999.5341 0.0000e+00
      6.115      0.008     0.0396      0.472     41.468  30.869000     6.0046     13.225  -114.3448 2.6656e+00     3.7919      5.995      8.696    12.1350   999.5297 0.0000e+00
      6.115      0.004     0.0377      0.473     41.554  30.946242     5.8997     13.225  -113.9111 2.6565e+00     3.7877      5.995      8.695    12.1680   999.5259 0.0000e+00
      6.117      0.004     0.0379      0.487     41.704  31.066463     5.9062     13.226  -113.2704 2.6546e+00     3.8137      5.999      8.702    12.1865   999.5236 0.0000e+00
      6.118      0.000     0.0368      0.520     42.023  31.307478     5.8931     13.230  -112.7071 2.6615e+00     3.7987      6.000      8.702    12.1997   999.5218 0.0000e+00
      6.119     -0.010     0.0344      0.560     42.128  31.385986     5.7792     13.231  -112.4347 2.6536e+00     3.7432      5.999      8.701    12.2184   999.5197 0.0000e+00
      6.122     -0.030     0.0358      0.571     41.950  31.254356     5.5972     13.229  -112.3862 2.6461e+00     3.7261      6.004      8.708    12.2363   999.5178 0.0000e+00
      6.122     -0.054     0.0356      0.546     41.923  31.238646     5.5051     13.226  -112.2918 2.6656e+00     3.7636      6.009      8.715    12.2453   999.5166 0.0000e+00
      6.109     -0.076     0.0389      0.531     42.113  31.386372     5.4957     13.225  -112.0688 2.7439e+00     3.7500      5.998      8.700    12.2485   999.5164 0.0000e+00
      6.077     -0.093     0.0425      0.536     42.197  31.454369     5.4644     13.223  -111.7546 2.8817e+00     3.6648      5.963      8.649    12.2478   999.5164 0.0000e+00
      6.036     -0.103     0.0449      0.529     42.153  31.426351     5.4119     13.222  -111.4178 3.0165e+00     3.5573      5.917      8.581    12.2476   999.5161 0.0000e+00
      5.999     -0.104     0.0400      0.505     42.066  31.364846     5.3764     13.220  -111.0928 3.1095e+00     3.5148      5.878      8.526    12.2522   999.5153 0.0000e+00
      5.973     -0.095     0.0389      0.484     41.951  31.281723     5.3786     13.220  -110.7513 3.1709e+00     3.5631      5.855      8.493    12.2613   999.5143 0.0000e+00
      5.956     -0.080     0.0411      0.482     41.899  31.246111     5.5053     13.220  -110.4728 3.2131e+00     3.6951      5.840      8.471    12.2695   999.5133 0.0000e+00
      5.940     -0.064     0.0400      0.493     41.816  31.188055     5.7256     13.219  -110.3915 3.2449e+00     3.8745      5.824      8.448    12.2740   999.5126 0.0000e+00
      5.926     -0.052     0.0381      0.526     41.589  31.023891     5.8487     13.219  -110.3714 3.2645e+00     3.9468      5.810      8.427    12.2772   999.5122 0.0000e+00
      5.915     -0.044     0.0351      0.558     41.344  30.847331     5.8875     13.219  -110.3154 3.2933e+00     3.9508      5.801      8.414    12.2801   999.5117 0.0000e+00
      5.905     -0.039     0.0364      0.569     41.141  30.702843     5.9941     13.219  -110.2312 3.3463e+00     3.9920      5.791      8.400    12.2840   999.5112 0.0000e+00
      5.896     -0.035     0.0358      0.592     40.918  30.545778     6.1462     13.218  -109.9553 3.3823e+00     3.9989      5.781      8.385    12.2897   999.5105 0.0000e+00
      5.887     -0.033     0.0392      0.617     40.718  30.407473     6.2106     13.217  -109.5607 3.3878e+00     3.9657      5.773      8.373    12.2951   999.5097 0.0000e+00
      5.880     -0.034     0.0434      0.608     40.640  30.362918     6.2092     13.217  -109.3321 3.3970e+00     3.9676      5.766      8.363    12.3018   999.5089 0.0000e+00
      5.874     -0.037     0.0413      0.557     40.654  30.387731     6.1488     13.216  -109.2556 3.4281e+00     4.0565      5.762      8.356    12.3111   999.5076 0.0000e+00
