Data/DataNotYetUploadedToEDI/Raw_CTD/RawDownloads/080620_fcr50.cnv
* Sea-Bird SBE19plus  Data File:
* FileName = C:\DATA\080620_bvr50_0001.hex
* Software version 2.8.0.119
* Temperature SN = 7809
* Conductivity SN = 7809
* System UpLoad Time = Aug 06 2020 11:09:58
* <ApplicationData>
* <Seaterm232>
# nquan = 16
# nvalues = 3246                        
# units = specified
# name 0 = depFM: Depth [fresh water, m]
# name 1 = dz/dtM: Descent Rate [m/s]
# name 2 = sbeox0ML/L: Oxygen, SBE 43 [ml/l]
# name 3 = sbeox0PS: Oxygen, SBE 43 [% saturation]
# name 4 = specc: Specific Conductance [uS/cm]
# name 5 = c0uS/cm: Conductivity [uS/cm]
# name 6 = flECO-AFL: Fluorescence, WET Labs ECO-AFL/FL [mg/m^3]
# name 7 = ph: pH
# name 8 = orp: Oxidation Reduction Potential [mV]
# name 9 = par/sat/log: PAR/Logarithmic, Satlantic
# name 10 = turbWETntu0: Turbidity, WET Labs ECO [NTU]
# name 11 = prdM: Pressure, Strain Gauge [db]
# name 12 = prdE: Pressure, Strain Gauge [psi]
# name 13 = tv290C: Temperature [ITS-90, deg C]
# name 14 = density00: Density [density, kg/m^3]
# name 15 = flag:  0.000e+00
# span 0 =     -0.632,      9.611       
# span 1 =     -3.975,      3.454       
# span 2 =     0.0243,     7.6092       
# span 3 =      0.386,    132.553       
# span 4 =      0.476,    192.013       
# span 5 =   0.469477, 139.613295       
# span 6 =    -0.9466,   259.7519       
# span 7 =     12.702,     13.401       
# span 8 =  -603.0037,   324.0163       
# span 9 = 1.2346e-01, 1.8578e+03       
# span 10 =    -6.8904,   171.2392      
# span 11 =     -0.620,      9.425      
# span 12 =     -0.900,     13.670      
# span 13 =    11.2239,    25.6125      
# span 14 =   996.9055,   999.6912      
# span 15 = 0.0000e+00, 0.0000e+00      
# interval = seconds: 0.25
# start_time = Aug 05 2020 20:42:29 [Instrument's time stamp, header]
# bad_flag = -9.990e-29
*END*
[from data line 543]
      2.863      0.060     0.3368      6.694     41.198  36.364414     2.2648     12.956   160.7950 3.4896e+00     1.8431      2.807      4.071    19.5791   998.3227 0.0000e+00
      2.883      0.056     0.3778      6.418     41.242  36.266704     2.0823     12.959   160.4185 3.4331e+00     1.9028      2.829      4.103    19.5374   998.3312 0.0000e+00
      2.900      0.048     0.4121      5.859     41.546  36.426717     1.7458     12.961   160.7390 3.3955e+00     1.9563      2.846      4.129    19.4343   998.3521 0.0000e+00
      2.909      0.039     0.4342      5.085     42.238  36.966293     1.5543     12.961   161.4004 3.3930e+00     1.9406      2.854      4.140    19.3037   998.3784 0.0000e+00
      2.912      0.031     0.4421      4.217     42.802  37.396393     1.5303     12.963   161.5322 3.3996e+00     1.8838      2.857      4.143    19.1332   998.4123 0.0000e+00
      2.915      0.026     0.4226      3.411     43.168  37.628858     1.5510     12.966   161.2993 3.3864e+00     1.8875      2.858      4.145    18.9467   998.4488 0.0000e+00
      2.920      0.025     0.3872      2.743     43.924  38.190288     1.5943     12.968   161.0798 3.3495e+00     1.9167      2.862      4.151    18.8112   998.4751 0.0000e+00
      2.928      0.029     0.3344      2.241     45.013  39.043769     1.6054     12.971   160.9440 3.3280e+00     1.8940      2.872      4.166    18.7543   998.4866 0.0000e+00
      2.936      0.037     0.2729      1.909     46.029  39.824325     1.5997     12.974   161.4640 3.3196e+00     1.8531      2.879      4.176    18.6989   998.4975 0.0000e+00
      2.944      0.044     0.2203      1.705     46.823  40.392297     1.6979     12.977   162.5483 3.2909e+00     1.8676      2.885      4.183    18.5829   998.5197 0.0000e+00
      2.956      0.049     0.1760      1.571     47.340  40.706262     1.8962     12.982   162.9549 3.2527e+00     1.8981      2.897      4.201    18.4640   998.5428 0.0000e+00
      2.972      0.049     0.1430      1.455     47.627  40.827468     2.0037     12.985   162.5952 3.2103e+00     1.8786      2.913      4.225    18.3696   998.5612 0.0000e+00
      2.990      0.048     0.1227      1.316     47.916  40.969003     2.0059     12.987   162.3285 3.1657e+00     1.8383      2.932      4.253    18.2661   998.5810 0.0000e+00
      3.005      0.045     0.1111      1.135     48.306  41.211391     2.0079     12.990   162.6555 3.1504e+00     1.7885      2.950      4.279    18.1354   998.6057 0.0000e+00
      3.014      0.041     0.1039      0.923     48.641  41.409473     2.0101     12.994   163.1074 3.1574e+00     1.7916      2.958      4.290    17.9859   998.6337 0.0000e+00
      3.018      0.037     0.0972      0.711     48.874  41.523097     2.0126     12.996   163.0607 3.1444e+00     1.8765      2.958      4.291    17.8485   998.6591 0.0000e+00
      3.024      0.033     0.0888      0.522     49.090  41.632955     2.0292     12.997   163.0365 3.1021e+00     1.9563      2.962      4.297    17.7412   998.6787 0.0000e+00
      3.034      0.031     0.0767      0.411     49.268  41.722042     2.0769     12.997   163.1591 3.0502e+00     1.9659      2.975      4.315    17.6531   998.6950 0.0000e+00
      3.045      0.031     0.0613      0.387     49.320  41.711490     2.5611     12.998   162.8229 3.0254e+00     1.9249      2.988      4.334    17.5624   998.7115 0.0000e+00
      3.053      0.029     0.0477      0.386     49.280  41.632251     3.4591     12.999   162.1549 3.0209e+00     1.9063      2.994      4.343    17.4705   998.7281 0.0000e+00
      3.061      0.025     0.0330      0.406     49.189  41.525639     3.9496     13.001   161.7930 3.0024e+00     1.9125      3.002      4.354    17.3961   998.7415 0.0000e+00
      3.068      0.020     0.0243      0.460     49.021  41.374567     3.9809     13.003   162.0604 2.9874e+00     1.8966      3.010      4.366    17.3362   998.7522 0.0000e+00
      3.071      0.017     0.0267      0.505     48.819  41.202111     3.7426     13.005   162.5497 2.9934e+00     1.8512      3.012      4.368    17.2809   998.7620 0.0000e+00
      3.072      0.015     0.0255      0.555     48.624  41.027381     3.2808     13.005   162.1167 2.9972e+00     1.8452      3.012      4.368    17.2310   998.7708 0.0000e+00
      3.074      0.015     0.0255      0.615     48.352  40.785315     3.0327     13.004   160.9551 2.9858e+00     1.8922      3.014      4.371    17.1968   998.7768 0.0000e+00
      3.079      0.018     0.0324      0.646     47.948  40.433418     3.1170     13.003   160.2919 2.9755e+00     1.9385      3.019      4.378    17.1919   998.7777 0.0000e+00
      3.084      0.025     0.0338      0.674     47.637  40.136708     4.1945     13.005   160.2069 2.9799e+00     2.0273      3.025      4.388    17.2012   998.7759 0.0000e+00
      3.089      0.035     0.0363      0.736     47.538  39.990577     6.1330     13.008   160.3566 2.9778e+00     2.1425      3.029      4.393    17.1864   998.7785 0.0000e+00
      3.095      0.045     0.0431      0.806     47.485  39.872451     7.1955     13.009   160.5533 2.9451e+00     2.1638      3.033      4.398    17.1648   998.7822 0.0000e+00
      3.108      0.052     0.0435      0.837     47.480  39.787378     7.5232     13.010   160.4348 2.9017e+00     2.1476      3.046      4.417    17.1709   998.7810 0.0000e+00
      3.127      0.056     0.0442      0.847     47.587  39.786991    10.2004     13.012   159.6980 2.8535e+00     2.2906      3.065      4.446    17.1381   998.7868 0.0000e+00
      3.148      0.055     0.0493      0.850     47.704  39.804190    15.1032     13.013   158.1838 2.8005e+00     2.5191      3.088      4.478    17.0557   998.8013 0.0000e+00
      3.168      0.050     0.0562      0.852     47.777  39.804817    17.7734     13.013   155.2913 2.7654e+00     2.6102      3.110      4.510    16.9843   998.8138 0.0000e+00
      3.179      0.043     0.0571      0.869     47.814  39.794495    18.0710     13.013   150.8808 2.7451e+00     2.6022      3.121      4.527    16.9008   998.8282 0.0000e+00
      3.184      0.037     0.0571      0.852     47.796  39.742817    18.8070     13.015   145.9837 2.7465e+00     2.5946      3.123      4.529    16.7963   998.8462 0.0000e+00
      3.186      0.032     0.0587      0.798     47.706  39.624233    20.1203     13.018   141.7673 2.7592e+00     2.5856      3.125      4.530    16.7066   998.8617 0.0000e+00
      3.191      0.031     0.0562      0.767     47.622  39.503115    20.8460     13.019   138.4453 2.7452e+00     2.5631      3.128      4.537    16.6451   998.8722 0.0000e+00
      3.201      0.033     0.0609      0.772     47.662  39.484266    20.9146     13.019   135.3303 2.7203e+00     2.5276      3.138      4.552    16.6091   998.8783 0.0000e+00
      3.212      0.034     0.0594      0.784     47.843  39.586688    20.9405     13.020   132.4107 2.7046e+00     2.5349      3.150      4.569    16.5763   998.8839 0.0000e+00
      3.225      0.034     0.0533      0.770     48.135  39.789371    21.3499     13.021   130.1613 2.6772e+00     2.6507      3.162      4.587    16.5271   998.8923 0.0000e+00
      3.236      0.032     0.0515      0.748     48.464  40.030721    22.1165     13.021   128.1801 2.6483e+00     2.7956      3.175      4.605    16.4721   998.9016 0.0000e+00
      3.242      0.027     0.0524      0.753     48.719  40.219811    22.5325     13.021   126.0076 2.6471e+00     2.8444      3.180      4.612    16.4164   998.9109 0.0000e+00
      3.245      0.022     0.0548      0.767     48.827  40.298395    22.4788     13.020   123.5971 2.6526e+00     2.8294      3.181      4.613    16.3640   998.9196 0.0000e+00
      3.249      0.017     0.0530      0.763     48.813  40.282660    21.4861     13.020   120.3729 2.6411e+00     2.8199      3.186      4.620    16.3247   998.9263 0.0000e+00
      3.254      0.015     0.0503      0.768     48.817  40.283449    19.6756     13.020   115.9329 2.6325e+00     2.8323      3.191      4.629    16.2935   998.9317 0.0000e+00
      3.258      0.016     0.0510      0.772     48.927  40.371406    18.6897     13.021   110.8684 2.6329e+00     2.8758      3.195      4.635    16.2688   998.9359 0.0000e+00
      3.260      0.017     0.0543      0.757     49.029  40.457510    18.6342     13.024   106.2883 2.6249e+00     2.9345      3.197      4.637    16.2594   998.9375 0.0000e+00
      3.262      0.018     0.0515      0.753     48.997  40.435902    19.0051     13.026   102.6279 2.6022e+00     2.9237      3.197      4.636    16.2586   998.9375 0.0000e+00
      3.268      0.018     0.0525      0.755     48.904  40.364053    19.6846     13.028    99.3059 2.5783e+00     2.8820      3.205      4.647    16.2558   998.9381 0.0000e+00
      3.276      0.019     0.0546      0.757     48.807  40.286993    20.0401     13.030    95.8068 2.5739e+00     2.8765      3.215      4.662    16.2513   998.9389 0.0000e+00
      3.281      0.021     0.0506      0.772     48.695  40.202389    20.0224     13.033    92.3264 2.5767e+00     2.8583      3.218      4.668    16.2527   998.9388 0.0000e+00
      3.284      0.023     0.0519      0.775     48.631  40.166270    19.5094     13.033    89.0592 2.5719e+00     2.7988      3.221      4.671    16.2610   998.9374 0.0000e+00
      3.287      0.023     0.0521      0.757     48.618  40.167664    18.5483     13.032    85.9002 2.5644e+00     2.7064      3.223      4.674    16.2661   998.9365 0.0000e+00
      3.293      0.023     0.0513      0.745     48.607  40.155779    18.0053     13.031    83.2132 2.5465e+00     2.6693      3.226      4.679    16.2664   998.9364 0.0000e+00
      3.303      0.024     0.0535      0.754     48.620  40.149506    17.8370     13.032    81.4363 2.5265e+00     2.6586      3.240      4.699    16.2711   998.9357 0.0000e+00
      3.311      0.024     0.0542      0.762     48.652  40.155271    16.5318     13.035    80.1605 2.5161e+00     2.5767      3.250      4.715    16.2945   998.9318 0.0000e+00
      3.315      0.024     0.0517      0.761     48.676  40.161988    14.1363     13.037    78.5431 2.5049e+00     2.4687      3.251      4.716    16.3134   998.9287 0.0000e+00
      3.319      0.022     0.0504      0.768     48.681  40.167228    12.8201     13.037    76.9378 2.4884e+00     2.3829      3.254      4.719    16.3067   998.9298 0.0000e+00
      3.326      0.019     0.0518      0.783     48.655  40.155163    12.6822     13.037    75.8077 2.4713e+00     2.3629      3.261      4.730    16.2882   998.9329 0.0000e+00
      3.333      0.017     0.0530      0.801     48.623  40.143066    12.5450     13.037    74.6874 2.4563e+00     2.3987      3.270      4.743    16.2604   998.9376 0.0000e+00
      3.338      0.014     0.0518      0.827     48.605  40.147924    11.2373     13.037    73.7166 2.4478e+00     2.4037      3.274      4.748    16.2438   998.9404 0.0000e+00
      3.340      0.011     0.0523      0.838     48.583  40.150450     8.8490     13.037    73.0180 2.4432e+00     2.3891      3.275      4.750    16.2498   998.9393 0.0000e+00
      3.342      0.007     0.0543      0.817     48.515  40.110170     7.5393     13.037    72.1782 2.4382e+00     2.3591      3.277      4.753    16.2593   998.9378 0.0000e+00
      3.342      0.004     0.0542      0.782     48.420  40.041743     7.3519     13.038    71.1333 2.4393e+00     2.3164      3.278      4.754    16.2723   998.9356 0.0000e+00
      3.343      0.002     0.0573      0.773     48.387  40.021311     6.5637     13.039    70.1065 2.4487e+00     2.3876      3.278      4.755    16.2967   998.9315 0.0000e+00
      3.343      0.002     0.0584      0.788     48.414  40.053561     5.1335     13.039    69.2280 2.4570e+00     2.5672      3.278      4.754    16.3197   998.9278 0.0000e+00
      3.343      0.002     0.0566      0.793     48.390  40.050856     4.3559     13.039    68.4263 2.4525e+00     2.6692      3.278      4.755    16.3349   998.9252 0.0000e+00
      3.343      0.002     0.0527      0.793     48.289  39.988624     4.2665     13.041    67.6418 2.4397e+00     2.6582      3.279      4.755    16.3463   998.9232 0.0000e+00
      3.344      0.002     0.0520      0.802     48.206  39.935858     4.0807     13.041    66.8831 2.4320e+00     2.7098      3.279      4.756    16.3506   998.9225 0.0000e+00
      3.345      0.002     0.0549      0.825     48.185  39.920666     3.7600     13.040    66.0506 2.4280e+00     2.8469      3.280      4.758    16.3577   998.9214 0.0000e+00
      3.345      0.002     0.0543      0.857     48.209  39.931876     3.5834     13.039    64.8895 2.4284e+00     2.9083      3.280      4.758    16.3777   998.9181 0.0000e+00
      3.345      0.003     0.0541      0.878     48.234  39.944448     3.5769     13.040    63.5126 2.4377e+00     2.9023      3.281      4.758    16.4038   998.9137 0.0000e+00
      3.345      0.004     0.0547      0.893     48.236  39.945713     3.6239     13.041    62.3950 2.4400e+00     2.8786      3.280      4.758    16.4242   998.9102 0.0000e+00
      3.346      0.005     0.0558      0.904     48.242  39.947179     3.7039     13.041    61.6155 2.4336e+00     2.8612      3.281      4.759    16.4258   998.9099 0.0000e+00
      3.348      0.005     0.0593      0.894     48.280  39.962173     3.7612     13.042    60.9700 2.4378e+00     2.8972      3.283      4.762    16.4101   998.9126 0.0000e+00
      3.352      0.005     0.0604      0.875     48.352  40.000042     3.7924     13.043    59.8394 2.4508e+00     2.9363      3.288      4.768    16.3979   998.9147 0.0000e+00
      3.353      0.005     0.0608      0.857     48.400  40.024184     3.9094     13.046    58.3564 2.4679e+00     2.9573      3.289      4.770    16.4039   998.9137 0.0000e+00
      3.353      0.005     0.0629      0.829     48.382  40.000169     4.1083     13.048    57.4070 2.4844e+00     2.9784      3.288      4.769    16.4051   998.9134 0.0000e+00
      3.353      0.004     0.0612      0.802     48.347  39.963555     4.2138     13.049    56.8776 2.4866e+00     3.0201      3.288      4.769    16.3832   998.9172 0.0000e+00
      3.354      0.004     0.0598      0.792     48.365  39.962312     4.2212     13.050    56.4297 2.4749e+00     3.0846      3.288      4.769    16.3566   998.9216 0.0000e+00
      3.355      0.004     0.0593      0.775     48.421  39.985124     4.2167     13.051    55.8632 2.4652e+00     3.1052      3.290      4.772    16.3401   998.9243 0.0000e+00
      3.357      0.004     0.0570      0.749     48.451  39.985451     4.2159     13.052    55.0196 2.4678e+00     3.1671      3.293      4.776    16.3337   998.9254 0.0000e+00
      3.359      0.005     0.0540      0.730     48.466  39.966246     4.2313     13.053    54.0592 2.4771e+00     3.3512      3.294      4.778    16.3298   998.9261 0.0000e+00
      3.359      0.009     0.0548      0.705     48.564  40.006760     4.2501     13.055    53.2855 2.4765e+00     3.4770      3.294      4.778    16.3128   998.9290 0.0000e+00
      3.360      0.015     0.0538      0.688     48.800  40.157890     4.2726     13.057    52.8914 2.4605e+00     3.5209      3.295      4.779    16.2843   998.9337 0.0000e+00
      3.361      0.022     0.0505      0.708     49.012  40.270160     4.4080     13.059    52.5637 2.4515e+00     3.7109      3.295      4.780    16.2621   998.9373 0.0000e+00
      3.366      0.027     0.0509      0.764     49.158  40.285096     4.6464     13.062    51.9903 2.4355e+00     4.0232      3.298      4.783    16.2334   998.9420 0.0000e+00
      3.378      0.032     0.0483      0.812     49.467  40.401835     4.7804     13.066    51.4652 2.3769e+00     4.1725      3.310      4.800    16.1832   998.9504 0.0000e+00
      3.393      0.035     0.0464      0.827     49.803  40.538955     4.8084     13.067    50.9472 2.3235e+00     4.1773      3.331      4.830    16.1450   998.9569 0.0000e+00
