Data/DataNotYetUploadedToEDI/Raw_CTD/RawDownloads/080618_fcr20.cnv
* Sea-Bird SBE19plus  Data File:
* FileName = C:\DATA\080618_fcr50_0003.hex
* Software version 2.6.3.104 SB_Terminal.dll
* Temperature SN = 7809
* Conductivity SN = 7809
* System UpLoad Time = Aug 06 2018 16:27:59
* <ApplicationData>
* <Seaterm232>
# nquan = 15
# nvalues = 360                         
# units = specified
# name 0 = depFM: Depth [fresh water, m]
# name 1 = dz/dtM: Descent Rate [m/s]
# name 2 = sbeox0Mg/L: Oxygen, SBE 43 [mg/l]
# name 3 = sbeox0PS: Oxygen, SBE 43 [% saturation]
# name 4 = specc: Specific Conductance [uS/cm]
# name 5 = c0uS/cm: Conductivity [uS/cm]
# name 6 = flECO-AFL: Fluorescence, WET Labs ECO-AFL/FL [mg/m^3]
# name 7 = ph: pH
# name 8 = orp: Oxidation Reduction Potential [mV]
# name 9 = par/sat/log: PAR/Logarithmic, Satlantic
# name 10 = turbWETntu0: Turbidity, WET Labs ECO [NTU]
# name 11 = prdM: Pressure, Strain Gauge [db]
# name 12 = prdE: Pressure, Strain Gauge [psi]
# name 13 = tv290C: Temperature [ITS-90, deg C]
# name 14 = flag:  0.000e+00
# span 0 =     -0.513,      3.489       
# span 1 =     -0.081,      0.220       
# span 2 =    -0.1588,     8.9430       
# span 3 =     -1.788,    108.192       
# span 4 =      2.225,    114.434       
# span 5 =   2.225053,  95.521719       
# span 6 =    -0.3056,     5.2991       
# span 7 =      6.539,      8.131       
# span 8 =    84.3476,   282.8923       
# span 9 = 5.6377e+00, 3.5942e+02       
# span 10 =    -0.6729,     8.0044      
# span 11 =     -0.504,      3.423      
# span 12 =     -0.731,      4.964      
# span 13 =    16.3886,    25.9338      
# span 14 = 0.0000e+00, 0.0000e+00      
# interval = seconds: 0.25
# start_time = Aug 06 2018 14:13:51 [Instrument's time stamp, header]
# bad_flag = -9.990e-29
*END*
     -0.512 1.9368e-17     8.2192     99.438      2.560   2.559156    -0.1629      6.658   278.8517 9.6521e+01    -0.6134     -0.502     -0.728    24.9889 0.0000e+00
     -0.512 2.1305e-16     8.2197     99.442      2.519   2.518470    -0.1607      6.618   277.9610 1.0162e+02    -0.6478     -0.502     -0.728    24.9859 0.0000e+00
     -0.512 2.3435e-15     8.2210     99.457      2.478   2.477868    -0.1669      6.601   277.8143 1.0083e+02    -0.6563     -0.502     -0.728    24.9839 0.0000e+00
     -0.512 2.5779e-14     8.2219     99.467      2.449   2.448743    -0.1735      6.611   279.3145 9.8762e+01    -0.6552     -0.502     -0.728    24.9818 0.0000e+00
     -0.512 2.8356e-13     8.2219     99.466      2.421   2.419992    -0.1765      6.625   281.9903 9.8831e+01    -0.6648     -0.502     -0.729    24.9797 0.0000e+00
     -0.512 3.1192e-12     8.2204     99.449      2.385   2.383904    -0.1767      6.619   282.8923 9.8352e+01    -0.6505     -0.502     -0.728    24.9791 0.0000e+00
     -0.512 3.4311e-11     8.2190     99.432      2.330   2.329499    -0.1660      6.600   276.7979 9.8063e+01    -0.6350     -0.502     -0.729    24.9787 0.0000e+00
     -0.512 3.7742e-10     8.2192     99.436      2.270   2.269516    -0.1576      6.594   268.3585 9.8500e+01    -0.6595     -0.502     -0.728    24.9788 0.0000e+00
     -0.512 4.1517e-09     8.2194     99.438      2.230   2.229408    -0.1576      6.626   267.1501 9.9782e+01    -0.6723     -0.502     -0.728    24.9787 0.0000e+00
     -0.513 4.5668e-08     8.2184     99.427      2.225   2.225053    -0.1569      6.681   270.0172 9.8889e+01    -0.6684     -0.503     -0.729    24.9788 0.0000e+00
     -0.513 5.0235e-07     8.2180     99.420      2.344   2.343688    -0.1587      6.707   265.8547 9.3005e+01    -0.6729     -0.503     -0.729    24.9787 0.0000e+00
     -0.513      0.000     8.2189     99.425      2.587   2.585727    -0.1979      6.684   252.7861 8.8180e+01    -0.6663     -0.502     -0.729    24.9790 0.0000e+00
     -0.513      0.000     8.2207     99.438      2.743   2.741677    -0.2716      6.656   247.4312 9.1806e+01    -0.6496     -0.503     -0.729    24.9789 0.0000e+00
     -0.513      0.001     8.2239     99.468      3.026   3.024332    -0.3056      6.673   256.6045 1.0316e+02    -0.5935     -0.503     -0.729    24.9794 0.0000e+00
     -0.513      0.007     8.2271     99.510      6.257   6.256950    -0.2876      6.779   268.7987 1.1498e+02    -0.3843     -0.503     -0.730    24.9788 0.0000e+00
     -0.513      0.031     8.2227     99.544     16.617  16.643182    -0.1180      7.088   258.6701 1.2205e+02     1.7279     -0.503     -0.731    24.9775 0.0000e+00
     -0.513      0.075     8.2036     99.579     29.167  29.287575     0.2006      7.557   223.6212 1.2810e+02     5.6565     -0.502     -0.729    24.9697 0.0000e+00
     -0.510      0.129     8.1751     99.629     34.836  35.106097     0.3945      7.922   202.6056 1.3880e+02     7.8086     -0.504     -0.731    24.9657 0.0000e+00
     -0.486      0.179     8.1524     99.720     35.347  35.759663     0.4345      8.086   201.2579 1.5382e+02     8.0044     -0.497     -0.721    24.9577 0.0000e+00
     -0.416      0.210     8.1451     99.898     35.341  35.856057     0.4914      8.131   201.7331 1.7179e+02     7.9321     -0.423     -0.614    24.9686 0.0000e+00
     -0.313      0.220     8.1510    100.144     35.309  35.890606     1.1648      8.121   202.4153 1.8851e+02     6.6596     -0.300     -0.435    25.1271 0.0000e+00
     -0.222      0.207     8.1641    100.408     35.239  35.859885     2.4276      8.093   202.8803 1.9669e+02     4.3373     -0.202     -0.293    25.3877 0.0000e+00
     -0.170      0.175     8.1793    100.654     35.160  35.802279     3.1240      8.064   203.0536 1.9768e+02     3.0782     -0.154     -0.224    25.5977 0.0000e+00
     -0.151      0.131     8.1933    100.856     35.113  35.765822     3.1882      8.034   203.3930 1.9816e+02     2.9413     -0.144     -0.209    25.7411 0.0000e+00
     -0.145      0.089     8.2065    101.033     35.079  35.736716     3.2319      8.002   203.8864 1.9936e+02     2.9571     -0.145     -0.210    25.8308 0.0000e+00
     -0.138      0.061     8.2214    101.213     35.049  35.704460     3.3129      7.973   204.2002 1.9935e+02     3.0548     -0.138     -0.200    25.8823 0.0000e+00
     -0.124      0.045     8.2357    101.370     35.045  35.693421     3.3583      7.955   204.4345 1.9747e+02     3.1156     -0.126     -0.182    25.9115 0.0000e+00
     -0.104      0.032     8.2452    101.462     35.090  35.730274     3.3670      7.946   204.8259 1.9512e+02     3.1122     -0.103     -0.150    25.9252 0.0000e+00
     -0.085      0.018     8.2479    101.479     35.135  35.768902     3.3447      7.944   205.3184 1.9756e+02     3.1358     -0.078     -0.114    25.9338 0.0000e+00
     -0.080      0.004     8.2434    101.419     35.147  35.779328     3.2808      7.944   205.7443 2.1130e+02     3.1570     -0.072     -0.105    25.9330 0.0000e+00
     -0.091     -0.008     8.2327    101.294     35.157  35.792810     3.2379      7.945   206.1035 2.3486e+02     3.1248     -0.086     -0.124    25.9191 0.0000e+00
     -0.109     -0.015     8.2194    101.143     35.164  35.804880     3.2401      7.946   206.3051 2.5652e+02     3.0818     -0.110     -0.159    25.9035 0.0000e+00
     -0.122     -0.016     8.2079    101.011     35.154  35.798222     3.2516      7.947   206.2896 2.6727e+02     3.0038     -0.124     -0.181    25.8936 0.0000e+00
     -0.122     -0.008     8.1997    100.915     35.131  35.775831     3.2591      7.948   206.4331 2.6895e+02     2.9141     -0.122     -0.177    25.8914 0.0000e+00
     -0.116      0.005     8.1953    100.862     35.080  35.724730     3.2561      7.949   206.7491 2.6710e+02     2.9131     -0.114     -0.166    25.8966 0.0000e+00
     -0.111      0.017     8.1937    100.844     35.044  35.688532     3.2435      7.951   206.6676 2.6365e+02     2.9311     -0.109     -0.157    25.9048 0.0000e+00
     -0.105      0.024     8.1949    100.862     35.073  35.719299     3.2622      7.953   206.2229 2.5675e+02     2.9171     -0.104     -0.150    25.9110 0.0000e+00
     -0.098      0.026     8.1988    100.913     35.130  35.779120     3.2997      7.953   206.1034 2.4636e+02     2.9276     -0.098     -0.141    25.9122 0.0000e+00
     -0.090      0.027     8.2035    100.973     35.190  35.840136     3.3109      7.953   206.4275 2.3739e+02     2.9360     -0.087     -0.127    25.9119 0.0000e+00
     -0.083      0.029     8.2097    101.052     35.233  35.885334     3.3144      7.952   206.7861 2.3454e+02     2.9268     -0.080     -0.116    25.9133 0.0000e+00
     -0.078      0.030     8.2061    101.011     35.228  35.880953     3.3418      7.950   206.9991 2.3750e+02     2.9684     -0.077     -0.111    25.9157 0.0000e+00
     -0.071      0.031     8.1675    100.536     35.198  35.850681     3.3928      7.950   207.1096 2.4272e+02     3.0725     -0.071     -0.102    25.9175 0.0000e+00
     -0.061      0.033     8.0895     99.575     35.185  35.836938     3.4362      7.953   207.3481 2.4725e+02     3.1174     -0.059     -0.085    25.9183 0.0000e+00
     -0.051      0.036     7.9919     98.372     35.190  35.841832     3.4525      7.957   207.8171 2.4885e+02     3.1154     -0.049     -0.071    25.9188 0.0000e+00
     -0.043      0.036     7.8888     97.098     35.196  35.846332     3.4434      7.958   208.1341 2.4670e+02     3.1394     -0.043     -0.062    25.9208 0.0000e+00
     -0.033      0.032     7.7866     95.838     35.179  35.827823     3.4270      7.958   208.0841 2.4292e+02     3.1026     -0.033     -0.048    25.9216 0.0000e+00
     -0.021      0.024     7.6901     94.648     35.161  35.808605     3.4280      7.959   208.0721 2.3944e+02     3.0064     -0.020     -0.031    25.9207 0.0000e+00
     -0.011      0.014     7.6025     93.568     35.158  35.804526     3.4376      7.961   208.2469 2.3812e+02     2.9523     -0.009     -0.012    25.9198 0.0000e+00
     -0.008      0.006     7.5375     92.768     35.133  35.778503     3.4421      7.964   208.4772 2.4038e+02     2.9363     -0.004     -0.005    25.9178 0.0000e+00
     -0.013      0.001     7.5130     92.465     35.103  35.748048     3.4552      7.967   208.7067 2.4270e+02     2.9662     -0.012     -0.016    25.9159 0.0000e+00
     -0.022      0.001     7.5262     92.628     35.109  35.753917     3.4853      7.969   208.7841 2.4119e+02     3.0692     -0.024     -0.035    25.9146 0.0000e+00
     -0.027      0.010     7.5531     92.961     35.139  35.785932     3.5126      7.970   208.8106 2.3697e+02     3.1441     -0.030     -0.044    25.9136 0.0000e+00
     -0.024      0.026     7.5728     93.205     35.170  35.817531     3.5181      7.967   209.0264 2.3322e+02     3.1395     -0.026     -0.037    25.9131 0.0000e+00
     -0.016      0.049     7.5776     93.263     35.171  35.818373     3.5160      7.959   209.3286 2.3042e+02     3.1050     -0.017     -0.025    25.9122 0.0000e+00
     -0.002      0.070     7.5611     93.059     35.149  35.796118     3.5143      7.951   209.6248 2.2451e+02     3.1240     -0.005     -0.007    25.9129 0.0000e+00
      0.022      0.084     7.5139     92.478     35.156  35.802528     3.5068      7.947   209.8548 2.0351e+02     3.1863      0.018      0.025    25.9148 0.0000e+00
      0.054      0.088     7.4324     91.473     35.186  35.832348     3.5073      7.950   210.3893 1.7003e+02     3.1865      0.053      0.076    25.9152 0.0000e+00
      0.087      0.082     7.3238     90.130     35.196  35.839063     3.5208      7.955   216.7752 1.4694e+02     3.1571      0.087      0.126    25.9146 0.0000e+00
      0.113      0.066     7.2031     88.634     35.182  35.820196     3.5417      7.962   223.7414 1.3908e+02     3.1666      0.115      0.166    25.9142 0.0000e+00
      0.128      0.046     7.0927     87.264     35.162  35.794788     3.5665      7.968   219.5049 1.3696e+02     3.2097      0.129      0.189    25.9139 0.0000e+00
      0.132      0.027     7.0208     86.369     35.157  35.785928     3.5825      7.969   213.2183 1.3398e+02     3.2204      0.131      0.190    25.9130 0.0000e+00
      0.128      0.014     7.0158     86.297     35.152  35.776591     3.6159      7.969   212.2596 1.2834e+02     3.1744      0.127      0.184    25.9098 0.0000e+00
      0.122      0.007     7.0915     87.220     35.125  35.745408     3.6754      7.968   212.3008 1.2369e+02     3.1418      0.118      0.172    25.9021 0.0000e+00
      0.121      0.005     7.2325     88.950     35.109  35.726504     3.7045      7.968   212.1681 1.1937e+02     3.1308      0.113      0.166    25.8937 0.0000e+00
      0.127      0.005     7.3975     90.976     35.122  35.738582     3.7006      7.969   212.0320 1.1433e+02     3.1329      0.124      0.180    25.8874 0.0000e+00
      0.136      0.005     7.5454     92.792     35.148  35.764397     3.6926      7.970   212.3757 1.1415e+02     3.1683      0.137      0.199    25.8814 0.0000e+00
      0.139      0.003     7.6524     94.107     35.168  35.784551     3.6459      7.969   212.8818 1.1949e+02     3.1310      0.138      0.201    25.8762 0.0000e+00
      0.135     -0.002     7.7047     94.748     35.176  35.791688     3.5586      7.967   212.8175 1.2536e+02     2.9870      0.131      0.189    25.8731 0.0000e+00
      0.132     -0.015     7.6950     94.624     35.174  35.787163     3.5094      7.966   212.7168 1.3098e+02     2.8924      0.130      0.186    25.8716 0.0000e+00
      0.131     -0.035     7.6285     93.803     35.181  35.793362     3.5102      7.967   213.6429 1.3812e+02     2.9022      0.129      0.188    25.8706 0.0000e+00
      0.126     -0.056     7.5234     92.510     35.191  35.803116     3.5046      7.967   214.5512 1.4906e+02     2.9532      0.124      0.181    25.8695 0.0000e+00
      0.116     -0.072     7.4058     91.064     35.166  35.778058     3.4782      7.963   214.2345 1.7367e+02     2.9600      0.119      0.173    25.8684 0.0000e+00
      0.091     -0.081     7.3018     89.789     35.131  35.744468     3.4568      7.961   213.8570 2.0779e+02     2.9230      0.097      0.141    25.8658 0.0000e+00
      0.050     -0.080     7.2214     88.810     35.098  35.714605     3.4483      7.962   213.9453 2.2710e+02     2.9035      0.047      0.069    25.8628 0.0000e+00
      0.013     -0.070     7.1566     88.024     35.051  35.671082     3.3853      7.962   214.0109 2.3155e+02     2.9063      0.004      0.005    25.8634 0.0000e+00
     -0.004     -0.052     7.0985     87.311     35.042  35.662887     3.2648      7.964   213.9623 2.3629e+02     2.9267     -0.009     -0.014    25.8632 0.0000e+00
     -0.006     -0.030     7.0433     86.621     35.063  35.679054     3.1953      7.966   213.9595 2.4475e+02     2.9365     -0.007     -0.011    25.8645 0.0000e+00
     -0.001     -0.010     6.9889     85.933     35.068  35.675982     3.1881      7.967   214.1492 2.5569e+02     2.9325     -0.001     -0.001    25.8708 0.0000e+00
      0.005     -0.000     6.9412     85.332     35.088  35.689245     3.2151      7.969   214.3627 2.6684e+02     2.9088      0.007      0.010    25.8796 0.0000e+00
      0.009      0.001     6.9146     84.998     35.113  35.712355     3.2721      7.972   214.3910 2.7746e+02     2.8938      0.011      0.016    25.8845 0.0000e+00
      0.008     -0.000     6.9177     85.041     35.101  35.701327     3.3169      7.974   214.3185 2.8813e+02     2.9356      0.009      0.015    25.8744 0.0000e+00
      0.003     -0.001     6.9487     85.431     35.079  35.682947     3.3251      7.975   214.4324 2.9550e+02     2.9565      0.003      0.005    25.8582 0.0000e+00
     -0.003      0.001     6.9991     86.062     35.071  35.680695     3.3170      7.975   214.6494 2.9840e+02     2.9629     -0.004     -0.006    25.8488 0.0000e+00
     -0.004      0.004     7.0608     86.825     35.063  35.674101     3.3385      7.975   214.8776 3.0181e+02     3.0434     -0.005     -0.007    25.8451 0.0000e+00
      0.001      0.006     7.1281     87.640     35.062  35.666751     3.3910      7.976   215.1266 3.0451e+02     3.1364     -0.000      0.000    25.8471 0.0000e+00
      0.010      0.006     7.1974     88.464     35.062  35.655336     3.4288      7.977   215.2517 3.0014e+02     3.1711      0.009      0.013    25.8535 0.0000e+00
      0.016      0.006     7.2652     89.275     35.079  35.663102     3.4370      7.978   215.2716 2.9235e+02     3.1586      0.020      0.029    25.8630 0.0000e+00
      0.015      0.005     7.3200     89.937     35.118  35.697114     3.4340      7.978   215.2810 2.8867e+02     3.0761      0.018      0.027    25.8716 0.0000e+00
      0.008      0.003     7.3474     90.268     35.109  35.685442     3.4390      7.978   215.3648 2.8778e+02     2.9674      0.006      0.008    25.8608 0.0000e+00
      0.004      0.001     7.3399     90.173     35.074  35.649010     3.4510      7.976   215.5959 2.8689e+02     2.9432      0.001      0.001    25.8377 0.0000e+00
      0.008      0.000     7.2952     89.623     35.064  35.637747     3.4609      7.974   215.7528 2.8674e+02     2.9657      0.007      0.011    25.8235 0.0000e+00
      0.013      0.001     7.2165     88.657     35.039  35.612783     3.4850      7.974   215.8002 2.8738e+02     2.9652      0.014      0.021    25.8178 0.0000e+00
      0.015      0.003     7.1130     87.387     35.027  35.601253     3.5309      7.975   215.9103 2.8720e+02     2.9678      0.017      0.024    25.8151 0.0000e+00
      0.014      0.003     6.9948     85.938     35.049  35.625384     3.5658      7.976   216.0517 2.8458e+02     2.9668      0.015      0.021    25.8134 0.0000e+00
      0.012      0.002     6.8698     84.404     35.072  35.650476     3.5852      7.978   216.2194 2.7923e+02     2.9535      0.011      0.016    25.8130 0.0000e+00
      0.011      0.000     6.7483     82.911     35.072  35.650552     3.6263      7.978   216.3888 2.7364e+02     2.9893      0.010      0.014    25.8132 0.0000e+00
