Data/DataNotYetUploadedToEDI/Raw_CTD/RawDownloads/080620_bvr50.cnv
* Sea-Bird SBE19plus  Data File:
* FileName = C:\DATA\080620_bvr50_0002.hex
* Software version 2.8.0.119
* Temperature SN = 7809
* Conductivity SN = 7809
* System UpLoad Time = Aug 06 2020 11:11:06
* <ApplicationData>
* <Seaterm232>
# nquan = 16
# nvalues = 2675                        
# units = specified
# name 0 = depFM: Depth [fresh water, m]
# name 1 = dz/dtM: Descent Rate [m/s]
# name 2 = sbeox0ML/L: Oxygen, SBE 43 [ml/l]
# name 3 = sbeox0PS: Oxygen, SBE 43 [% saturation]
# name 4 = specc: Specific Conductance [uS/cm]
# name 5 = c0uS/cm: Conductivity [uS/cm]
# name 6 = flECO-AFL: Fluorescence, WET Labs ECO-AFL/FL [mg/m^3]
# name 7 = ph: pH
# name 8 = orp: Oxidation Reduction Potential [mV]
# name 9 = par/sat/log: PAR/Logarithmic, Satlantic
# name 10 = turbWETntu0: Turbidity, WET Labs ECO [NTU]
# name 11 = prdM: Pressure, Strain Gauge [db]
# name 12 = prdE: Pressure, Strain Gauge [psi]
# name 13 = tv290C: Temperature [ITS-90, deg C]
# name 14 = density00: Density [density, kg/m^3]
# name 15 = flag:  0.000e+00
# span 0 =     -0.717,     10.568       
# span 1 =     -0.375,      0.214       
# span 2 =     0.0296,     5.7499       
# span 3 =      0.395,     99.287       
# span 4 =      0.693,    192.454       
# span 5 =   0.653412, 132.956568       
# span 6 =    -1.0611,     8.0231       
# span 7 =     12.838,     13.470       
# span 8 =  -185.5054,   277.9919       
# span 9 = 1.2354e-01, 7.9311e+02       
# span 10 =    -0.5242,    19.1135      
# span 11 =     -0.703,     10.365      
# span 12 =     -1.020,     15.033      
# span 13 =     9.5275,    26.5085      
# span 14 =   996.6617,   999.8650      
# span 15 = 0.0000e+00, 0.0000e+00      
# interval = seconds: 0.25
# start_time = Aug 05 2020 21:50:13 [Instrument's time stamp, header]
# bad_flag = -9.990e-29
*END*
[from data line 1176]
      8.812      0.039     0.0383      0.482    113.963  80.124502     2.2890     13.469   -67.7656 1.2373e-01     2.6405      8.642     12.535    10.1639   999.7709 0.0000e+00
      8.823      0.037     0.0421      0.485    113.932  80.097657     2.2971     13.469   -68.4808 1.2372e-01     2.6709      8.653     12.551    10.1606   999.7712 0.0000e+00
      8.833      0.034     0.0341      0.480    113.889  80.065766     2.2732     13.468   -69.1465 1.2367e-01     2.6050      8.663     12.565    10.1567   999.7716 0.0000e+00
      8.840      0.031     0.0349      0.473    113.868  80.056903     2.2096     13.467   -69.4482 1.2367e-01     2.4616      8.671     12.576    10.1534   999.7719 0.0000e+00
      8.845      0.028     0.0399      0.475    113.845  80.054100     2.1675     13.467   -69.6329 1.2366e-01     2.3450      8.673     12.580    10.1510   999.7721 0.0000e+00
      8.850      0.026     0.0373      0.500    113.790  80.031885     2.1459     13.467   -69.7448 1.2363e-01     2.2928      8.678     12.586    10.1487   999.7723 0.0000e+00
      8.859      0.025     0.0384      0.513    113.692  79.979124     2.1012     13.467   -69.8551 1.2366e-01     2.2768      8.688     12.601    10.1469   999.7725 0.0000e+00
      8.866      0.026     0.0369      0.498    113.592  79.924974     2.0464     13.466   -70.0205 1.2370e-01     2.2891      8.697     12.614    10.1497   999.7723 0.0000e+00
      8.871      0.028     0.0362      0.482    113.600  79.949567     2.0268     13.466   -70.1097 1.2374e-01     2.3383      8.701     12.619    10.1566   999.7717 0.0000e+00
      8.876      0.029     0.0398      0.485    113.682  80.022105     2.0365     13.466   -70.1597 1.2379e-01     2.4258      8.704     12.624    10.1644   999.7710 0.0000e+00
      8.884      0.029     0.0417      0.504    113.701  80.038858     2.0684     13.467   -70.2802 1.2380e-01     2.5228      8.711     12.634    10.1708   999.7704 0.0000e+00
      8.895      0.030     0.0389      0.518    113.686  80.024924     2.1260     13.467   -70.5333 1.2380e-01     2.5846      8.722     12.650    10.1772   999.7698 0.0000e+00
      8.905      0.032     0.0374      0.526    113.715  80.044421     2.1601     13.467   -70.8104 1.2376e-01     2.5887      8.734     12.669    10.1876   999.7689 0.0000e+00
      8.912      0.032     0.0372      0.536    113.765  80.083804     2.1566     13.467   -71.0502 1.2367e-01     2.5726      8.741     12.677    10.1953   999.7683 0.0000e+00
      8.917      0.032     0.0401      0.551    113.819  80.119508     2.1501     13.467   -71.3681 1.2367e-01     2.5279      8.743     12.680    10.1961   999.7683 0.0000e+00
      8.925      0.032     0.0409      0.566    113.894  80.158116     2.1581     13.467   -71.6423 1.2373e-01     2.4602      8.752     12.694    10.1926   999.7686 0.0000e+00
      8.934      0.033     0.0411      0.542    114.028  80.232591     2.1673     13.467   -71.8712 1.2374e-01     2.4057      8.763     12.709    10.1913   999.7688 0.0000e+00
      8.943      0.035     0.0424      0.500    114.186  80.320361     2.1657     13.467   -72.2425 1.2374e-01     2.3833      8.770     12.719    10.1960   999.7684 0.0000e+00
      8.952      0.035     0.0424      0.480    114.328  80.392509     2.1384     13.467   -72.6895 1.2373e-01     2.3960      8.778     12.731    10.1962   999.7684 0.0000e+00
      8.962      0.034     0.0465      0.473    114.478  80.468896     2.0959     13.468   -73.1463 1.2368e-01     2.3873      8.790     12.749    10.1878   999.7693 0.0000e+00
      8.972      0.034     0.0433      0.465    114.626  80.544310     2.0805     13.468   -73.5499 1.2362e-01     2.3818      8.800     12.763    10.1792   999.7702 0.0000e+00
      8.979      0.034     0.0380      0.466    114.749  80.604692     2.0852     13.468   -73.8695 1.2361e-01     2.3987      8.805     12.771    10.1695   999.7711 0.0000e+00
      8.987      0.033     0.0375      0.474    114.814  80.626529     2.0867     13.468   -74.1713 1.2364e-01     2.3850      8.812     12.782    10.1568   999.7724 0.0000e+00
      8.995      0.032     0.0376      0.489    114.830  80.617518     2.1176     13.468   -74.4461 1.2365e-01     2.3882      8.821     12.793    10.1436   999.7738 0.0000e+00
      9.005      0.032     0.0359      0.515    114.862  80.622921     2.1825     13.468   -74.6961 1.2367e-01     2.4363      8.830     12.807    10.1311   999.7749 0.0000e+00
      9.014      0.031     0.0368      0.535    114.889  80.628229     2.2125     13.468   -75.0439 1.2376e-01     2.4176      8.841     12.823    10.1193   999.7761 0.0000e+00
      9.021      0.029     0.0373      0.543    114.891  80.618084     2.2039     13.468   -75.5534 1.2377e-01     2.3689      8.848     12.832    10.1086   999.7771 0.0000e+00
      9.027      0.027     0.0376      0.542    114.919  80.627444     2.1642     13.469   -75.9519 1.2373e-01     2.4997      8.853     12.839    10.1000   999.7778 0.0000e+00
      9.035      0.027     0.0412      0.537    115.003  80.677798     2.0953     13.469   -76.0762 1.2372e-01     2.7623      8.861     12.851    10.0928   999.7785 0.0000e+00
      9.041      0.029     0.0422      0.520    115.162  80.781692     2.0477     13.469   -76.1098 1.2369e-01     2.9005      8.867     12.861    10.0869   999.7790 0.0000e+00
      9.046      0.032     0.0435      0.501    115.474  80.993192     2.0279     13.469   -76.1864 1.2367e-01     2.9006      8.870     12.865    10.0818   999.7796 0.0000e+00
      9.054      0.035     0.0423      0.492    115.870  81.263341     2.0183     13.469   -76.3145 1.2366e-01     2.8675      8.876     12.874    10.0771   999.7800 0.0000e+00
      9.065      0.037     0.0431      0.497    116.133  81.440325     2.0073     13.469   -76.3687 1.2365e-01     2.8080      8.890     12.893    10.0735   999.7804 0.0000e+00
      9.077      0.037     0.0410      0.510    116.289  81.543002     2.0003     13.468   -76.3250 1.2365e-01     2.7660      8.902     12.911    10.0707   999.7808 0.0000e+00
      9.088      0.036     0.0390      0.514    116.399  81.614331     2.0099     13.466   -76.3883 1.2370e-01     2.8056      8.913     12.927    10.0676   999.7812 0.0000e+00
      9.097      0.035     0.0387      0.527    116.300  81.539506     2.0569     13.465   -76.5315 1.2376e-01     2.7711      8.922     12.941    10.0642   999.7818 0.0000e+00
      9.104      0.033     0.0380      0.538    116.021  81.337940     2.1294     13.465   -76.5942 1.2374e-01     2.5891      8.928     12.949    10.0611   999.7821 0.0000e+00
      9.110      0.031     0.0417      0.518    115.853  81.212515     2.1618     13.466   -76.6300 1.2371e-01     2.4596      8.934     12.958    10.0581   999.7825 0.0000e+00
      9.117      0.030     0.0395      0.489    115.893  81.231467     2.1523     13.467   -76.7055 1.2372e-01     2.4410      8.940     12.966    10.0555   999.7828 0.0000e+00
      9.126      0.030     0.0414      0.463    116.023  81.312661     2.1102     13.467   -76.7334 1.2372e-01     2.5018      8.950     12.981    10.0534   999.7830 0.0000e+00
      9.136      0.029     0.0442      0.445    116.115  81.367379     2.0439     13.467   -76.7091 1.2376e-01     2.5770      8.960     12.996    10.0511   999.7831 0.0000e+00
      9.144      0.027     0.0406      0.446    116.153  81.384220     2.0190     13.466   -76.7566 1.2376e-01     2.5942      8.967     13.005    10.0477   999.7834 0.0000e+00
      9.150      0.024     0.0385      0.446    116.173  81.389063     2.0285     13.466   -76.8767 1.2375e-01     2.6075      8.973     13.016    10.0434   999.7838 0.0000e+00
      9.157      0.020     0.0367      0.458    116.143  81.362321     2.0342     13.465   -76.9562 1.2377e-01     2.5664      8.981     13.026    10.0393   999.7843 0.0000e+00
      9.162      0.016     0.0338      0.497    116.081  81.315301     2.0400     13.465   -76.9439 1.2379e-01     2.4398      8.986     13.033    10.0347   999.7849 0.0000e+00
      9.164      0.014     0.0358      0.522    116.011  81.265766     2.0325     13.465   -76.9864 1.2377e-01     2.3813      8.987     13.035    10.0305   999.7852 0.0000e+00
      9.165      0.013     0.0352      0.527    115.919  81.208621     2.0191     13.465   -77.1258 1.2371e-01     2.3748      8.987     13.035    10.0266   999.7855 0.0000e+00
      9.168      0.013     0.0340      0.519    115.965  81.260402     2.0307     13.465   -77.3389 1.2374e-01     2.3603      8.991     13.041    10.0241   999.7857 0.0000e+00
      9.172      0.017     0.0408      0.515    116.197  81.446637     2.0687     13.464   -77.6696 1.2379e-01     2.3786      8.995     13.048    10.0226   999.7858 0.0000e+00
      9.175      0.023     0.0415      0.529    116.332  81.552296     2.0971     13.464   -78.0273 1.2372e-01     2.4245      8.997     13.049    10.0215   999.7860 0.0000e+00
      9.179      0.029     0.0418      0.499    116.388  81.583875     2.0973     13.463   -78.2228 1.2366e-01     2.4345      8.999     13.052    10.0238   999.7857 0.0000e+00
      9.188      0.035     0.0416      0.431    116.576  81.701234     2.0900     13.463   -78.3117 1.2370e-01     2.3964      9.009     13.066    10.0324   999.7850 0.0000e+00
      9.200      0.042     0.0384      0.408    116.779  81.826365     2.1137     13.464   -78.5867 1.2369e-01     2.3755      9.023     13.087    10.0474   999.7839 0.0000e+00
      9.213      0.048     0.0442      0.431    116.895  81.888330     2.1738     13.465   -78.9665 1.2364e-01     2.3880      9.036     13.106    10.0531   999.7835 0.0000e+00
      9.225      0.051     0.0414      0.446    117.000  81.941575     2.2060     13.465   -79.2038 1.2364e-01     2.3752      9.046     13.120    10.0461   999.7841 0.0000e+00
      9.239      0.049     0.0313      0.456    117.057  81.961283     2.2085     13.465   -79.3905 1.2364e-01     2.3584      9.059     13.139    10.0399   999.7848 0.0000e+00
      9.256      0.045     0.0307      0.488    117.047  81.935786     2.2125     13.464   -79.6752 1.2367e-01     2.4596      9.077     13.165    10.0331   999.7856 0.0000e+00
      9.271      0.039     0.0349      0.525    117.089  81.951306     2.1979     13.464   -80.0649 1.2370e-01     2.6030      9.094     13.190    10.0241   999.7865 0.0000e+00
      9.280      0.034     0.0359      0.560    117.204  82.021705     2.1749     13.464   -80.4031 1.2366e-01     2.6508      9.102     13.201    10.0154   999.7874 0.0000e+00
      9.283      0.029     0.0342      0.568    117.313  82.087295     2.1538     13.464   -80.5807 1.2361e-01     2.6259      9.102     13.201    10.0064   999.7882 0.0000e+00
      9.286      0.025     0.0392      0.550    117.451  82.171895     2.0858     13.464   -80.8358 1.2365e-01     2.4732      9.104     13.205     9.9982   999.7889 0.0000e+00
      9.291      0.025     0.0409      0.534    117.627  82.281304     1.9820     13.464   -81.2500 1.2371e-01     2.2467      9.111     13.215     9.9925   999.7894 0.0000e+00
      9.297      0.030     0.0452      0.514    117.802  82.392438     1.9381     13.464   -81.6320 1.2372e-01     2.1518      9.118     13.225     9.9885   999.7899 0.0000e+00
      9.305      0.035     0.0464      0.504    118.049  82.561503     1.9460     13.464   -81.9270 1.2368e-01     2.1508      9.124     13.233     9.9843   999.7903 0.0000e+00
      9.314      0.039     0.0421      0.489    118.298  82.735261     1.9341     13.464   -82.1492 1.2364e-01     2.1658      9.132     13.246     9.9794   999.7908 0.0000e+00
      9.327      0.041     0.0435      0.463    118.448  82.839545     1.9085     13.464   -82.2537 1.2364e-01     2.1619      9.146     13.266     9.9727   999.7915 0.0000e+00
      9.342      0.041     0.0395      0.468    118.676  82.995485     1.8944     13.464   -82.3295 1.2372e-01     2.1382      9.162     13.289     9.9670   999.7922 0.0000e+00
      9.353      0.041     0.0401      0.496    119.003  83.221316     1.8880     13.463   -82.4639 1.2379e-01     2.1536      9.175     13.306     9.9659   999.7924 0.0000e+00
      9.361      0.039     0.0400      0.524    119.184  83.343736     1.8789     13.463   -82.6743 1.2377e-01     2.2446      9.180     13.315     9.9674   999.7924 0.0000e+00
      9.368      0.034     0.0345      0.544    119.174  83.330688     1.8603     13.464   -83.0660 1.2372e-01     2.3810      9.186     13.323     9.9670   999.7925 0.0000e+00
      9.378      0.029     0.0366      0.537    119.157  83.317979     1.8447     13.465   -83.4996 1.2365e-01     2.4638      9.198     13.340     9.9642   999.7929 0.0000e+00
      9.388      0.025     0.0395      0.506    119.247  83.380908     1.8322     13.465   -83.8735 1.2365e-01     2.4563      9.209     13.358     9.9642   999.7931 0.0000e+00
      9.394      0.022     0.0412      0.482    119.457  83.519068     1.8149     13.465   -84.3171 1.2372e-01     2.4273      9.214     13.363     9.9629   999.7934 0.0000e+00
      9.396      0.021     0.0442      0.492    119.859  83.779866     1.8071     13.464   -84.7341 1.2374e-01     2.4903      9.215     13.365     9.9575   999.7937 0.0000e+00
      9.399      0.021     0.0432      0.509    120.390  84.116946     1.8140     13.463   -85.0438 1.2371e-01     2.6007      9.218     13.369     9.9586   999.7937 0.0000e+00
      9.402      0.023     0.0401      0.500    120.790  84.350448     1.8225     13.463   -85.2213 1.2369e-01     2.6286      9.220     13.373     9.9611   999.7935 0.0000e+00
      9.407      0.026     0.0365      0.491    120.989  84.440263     1.8422     13.463   -85.3323 1.2374e-01     2.5534      9.224     13.377     9.9570   999.7939 0.0000e+00
      9.417      0.028     0.0385      0.488    121.144  84.503089     1.8807     13.463   -85.6120 1.2375e-01     2.4460      9.234     13.392     9.9494   999.7947 0.0000e+00
      9.428      0.029     0.0419      0.469    121.339  84.601112     1.9070     13.464   -85.9351 1.2371e-01     2.3951      9.247     13.413     9.9348   999.7964 0.0000e+00
      9.437      0.031     0.0391      0.456    121.578  84.734826     1.9026     13.465   -86.1420 1.2375e-01     2.3839      9.256     13.425     9.9142   999.7984 0.0000e+00
      9.443      0.032     0.0382      0.461    121.872  84.911111     1.8850     13.465   -86.3061 1.2383e-01     2.3445      9.260     13.430     9.8926   999.8003 0.0000e+00
      9.448      0.032     0.0399      0.473    122.146  85.078552     1.8854     13.465   -86.4566 1.2384e-01     2.3309      9.264     13.436     9.8735   999.8020 0.0000e+00
      9.456      0.032     0.0367      0.483    122.398  85.232563     1.8978     13.465   -86.6713 1.2374e-01     2.3906      9.271     13.447     9.8587   999.8033 0.0000e+00
      9.466      0.034     0.0353      0.483    122.813  85.500903     1.9013     13.465   -86.9224 1.2364e-01     2.4489      9.282     13.463     9.8449   999.8047 0.0000e+00
      9.476      0.038     0.0367      0.520    123.423  85.905585     1.9085     13.466   -87.0843 1.2364e-01     2.4521      9.295     13.482     9.8327   999.8059 0.0000e+00
      9.486      0.042     0.0369      0.577    123.938  86.244867     1.9280     13.466   -87.1662 1.2366e-01     2.4291      9.304     13.494     9.8240   999.8068 0.0000e+00
      9.494      0.043     0.0400      0.589    124.130  86.358585     1.9360     13.465   -87.2239 1.2370e-01     2.4125      9.308     13.501     9.8156   999.8076 0.0000e+00
      9.505      0.041     0.0363      0.559    124.112  86.326240     1.9294     13.465   -87.3520 1.2374e-01     2.4224      9.319     13.516     9.8066   999.8086 0.0000e+00
      9.520      0.036     0.0400      0.518    124.006  86.235481     1.9336     13.465   -87.5108 1.2371e-01     2.4110      9.337     13.542     9.7989   999.8096 0.0000e+00
