Data/DataNotYetUploadedToEDI/Raw_CTD/RawDownloads/080618_fcr20.cnv
* Sea-Bird SBE19plus  Data File:
* FileName = C:\DATA\080618_fcr50_0003.hex
* Software version 2.6.3.104 SB_Terminal.dll
* Temperature SN = 7809
* Conductivity SN = 7809
* System UpLoad Time = Aug 06 2018 16:27:59
* <ApplicationData>
* <Seaterm232>
# nquan = 15
# nvalues = 360                         
# units = specified
# name 0 = depFM: Depth [fresh water, m]
# name 1 = dz/dtM: Descent Rate [m/s]
# name 2 = sbeox0Mg/L: Oxygen, SBE 43 [mg/l]
# name 3 = sbeox0PS: Oxygen, SBE 43 [% saturation]
# name 4 = specc: Specific Conductance [uS/cm]
# name 5 = c0uS/cm: Conductivity [uS/cm]
# name 6 = flECO-AFL: Fluorescence, WET Labs ECO-AFL/FL [mg/m^3]
# name 7 = ph: pH
# name 8 = orp: Oxidation Reduction Potential [mV]
# name 9 = par/sat/log: PAR/Logarithmic, Satlantic
# name 10 = turbWETntu0: Turbidity, WET Labs ECO [NTU]
# name 11 = prdM: Pressure, Strain Gauge [db]
# name 12 = prdE: Pressure, Strain Gauge [psi]
# name 13 = tv290C: Temperature [ITS-90, deg C]
# name 14 = flag:  0.000e+00
# span 0 =     -0.513,      3.489       
# span 1 =     -0.081,      0.220       
# span 2 =    -0.1588,     8.9430       
# span 3 =     -1.788,    108.192       
# span 4 =      2.225,    114.434       
# span 5 =   2.225053,  95.521719       
# span 6 =    -0.3056,     5.2991       
# span 7 =      6.539,      8.131       
# span 8 =    84.3476,   282.8923       
# span 9 = 5.6377e+00, 3.5942e+02       
# span 10 =    -0.6729,     8.0044      
# span 11 =     -0.504,      3.423      
# span 12 =     -0.731,      4.964      
# span 13 =    16.3886,    25.9338      
# span 14 = 0.0000e+00, 0.0000e+00      
# interval = seconds: 0.25
# start_time = Aug 06 2018 14:13:51 [Instrument's time stamp, header]
# bad_flag = -9.990e-29
*END*
[from data line 290]
      2.534      0.072     1.0939     12.465     44.859  41.962587     3.8819      7.061   259.8603 1.6792e+01     3.1228      2.486      3.605    22.1229 0.0000e+00
      2.551      0.071     0.7440      8.461     50.146  46.798955     3.8748      7.044   259.8714 1.6609e+01     3.1125      2.502      3.629    22.0114 0.0000e+00
      2.567      0.069     0.4396      4.991     55.416  51.607041     3.8488      7.028   260.0793 1.6366e+01     3.1635      2.517      3.651    21.9301 0.0000e+00
      2.585      0.067     0.1909      2.165     60.025  55.791191     3.8072      7.011   260.3098 1.6079e+01     3.2814      2.535      3.676    21.8743 0.0000e+00
      2.603      0.066     0.0042      0.050     63.325  58.734053     3.7855      6.992   260.4213 1.5864e+01     3.3478      2.553      3.703    21.7862 0.0000e+00
      2.620      0.065    -0.1117     -1.258     66.591  61.626250     3.7793      6.973   260.4806 1.5691e+01     3.3254      2.569      3.726    21.6600 0.0000e+00
      2.636      0.065    -0.1588     -1.788     70.313  64.938088     3.7597      6.953   260.4250 1.5489e+01     3.2849      2.584      3.748    21.5578 0.0000e+00
      2.652      0.066    -0.1581     -1.776     73.839  68.053812     3.6028      6.925   260.2655 1.5289e+01     3.3778      2.601      3.772    21.4789 0.0000e+00
      2.668      0.068    -0.1329     -1.490     77.969  71.687524     3.3256      6.893   260.2724 1.5094e+01     3.5933      2.616      3.794    21.3759 0.0000e+00
      2.684      0.071    -0.0952     -1.065     83.067  76.165538     3.1829      6.861   260.5081 1.4871e+01     3.7233      2.631      3.816    21.2658 0.0000e+00
      2.702      0.073    -0.0519     -0.580     87.297  79.810145     3.1734      6.833   260.6201 1.4637e+01     3.7303      2.649      3.841    21.1760 0.0000e+00
      2.722      0.074    -0.0087     -0.097     89.470  81.572333     3.1097      6.808   260.5090 1.4353e+01     3.6775      2.668      3.870    21.0880 0.0000e+00
      2.744      0.073     0.0337      0.374     90.470  82.320275     2.9919      6.785   260.3689 1.4027e+01     3.6028      2.691      3.903    20.9774 0.0000e+00
      2.766      0.071     0.0709      0.787     91.124  82.804748     2.9264      6.761   259.7872 1.3767e+01     3.5594      2.713      3.936    20.8511 0.0000e+00
      2.783      0.067     0.1017      1.127     91.227  82.781998     2.9230      6.736   255.7982 1.3562e+01     3.5495      2.731      3.961    20.7100 0.0000e+00
      2.798      0.062     0.1295      1.432     90.871  82.299733     2.9601      6.710   246.6398 1.3367e+01     3.5442      2.745      3.980    20.5663 0.0000e+00
      2.812      0.058     0.1531      1.690     90.331  81.621441     3.0168      6.684   236.5559 1.3203e+01     3.5571      2.757      3.999    20.4771 0.0000e+00
      2.824      0.057     0.1699      1.871     88.805  80.056039     3.0480      6.658   229.5498 1.3022e+01     3.5825      2.769      4.016    20.4336 0.0000e+00
      2.838      0.058     0.1814      1.995     86.952  78.205454     3.0701      6.635   225.0824 1.2804e+01     3.5773      2.783      4.036    20.3770 0.0000e+00
      2.854      0.062     0.1904      2.088     87.260  78.280288     3.1464      6.614   221.6025 1.2612e+01     3.5549      2.799      4.059    20.2851 0.0000e+00
      2.869      0.068     0.1963      2.147     90.310  80.769945     3.2629      6.596   218.3633 1.2408e+01     3.5562      2.813      4.080    20.1729 0.0000e+00
      2.885      0.074     0.2006      2.187     94.927  84.624571     3.3209      6.581   214.3964 1.2156e+01     3.5626      2.828      4.103    20.0643 0.0000e+00
      2.905      0.077     0.2038      2.217     99.384  88.338281     3.3240      6.569   207.7966 1.1885e+01     3.5403      2.848      4.131    19.9676 0.0000e+00
      2.928      0.078     0.2063      2.240    102.368  90.774545     3.4019      6.561   198.4494 1.1567e+01     3.4999      2.871      4.164    19.8626 0.0000e+00
      2.953      0.076     0.2100      2.276    103.695  91.789293     3.5644      6.556   189.3127 1.1249e+01     3.4413      2.897      4.202    19.7222 0.0000e+00
      2.974      0.072     0.2125      2.301    104.635  92.517953     3.6529      6.552   182.0743 1.1029e+01     3.3808      2.919      4.233    19.5688 0.0000e+00
      2.990      0.066     0.2115      2.288    106.624  94.233457     3.6537      6.550   176.2340 1.0861e+01     3.3482      2.933      4.254    19.4313 0.0000e+00
      3.004      0.058     0.2080      2.250    108.086  95.521719     3.6474      6.549   170.8386 1.0693e+01     3.2300      2.946      4.274    19.3244 0.0000e+00
      3.017      0.051     0.2032      2.198    107.672  95.161697     3.6409      6.548   165.8810 1.0525e+01     3.0197      2.959      4.292    19.2457 0.0000e+00
      3.030      0.046     0.1965      2.126    106.607  94.212904     3.6396      6.548   161.4620 1.0344e+01     2.9112      2.972      4.309    19.1930 0.0000e+00
      3.041      0.043     0.1876      2.030    105.645  93.351470     3.6406      6.546   156.3849 1.0196e+01     2.8951      2.983      4.327    19.1797 0.0000e+00
      3.050      0.043     0.1788      1.935    105.223  92.964177     3.6537      6.542   150.9557 1.0089e+01     2.7948      2.991      4.338    19.1805 0.0000e+00
      3.058      0.044     0.1732      1.873    105.310  92.970274     3.6867      6.540   146.3224 9.9442e+00     2.6139      2.998      4.348    19.1903 0.0000e+00
      3.068      0.045     0.1707      1.843    105.309  92.788074     3.7088      6.539   142.7824 9.7544e+00     2.5080      3.009      4.363    19.1839 0.0000e+00
      3.081      0.046     0.1697      1.827    105.361  92.544647     3.7106      6.539   139.9009 9.6047e+00     2.4912      3.023      4.384    19.1715 0.0000e+00
      3.095      0.048     0.1691      1.815    105.536  92.383625     3.7084      6.540   137.0366 9.4989e+00     2.5021      3.035      4.402    19.1823 0.0000e+00
      3.108      0.049     0.1700      1.820    105.497  92.114783     3.6729      6.541   134.0477 9.3720e+00     2.4875      3.048      4.421    19.1555 0.0000e+00
      3.121      0.050     0.1725      1.845    104.538  91.141119     3.6117      6.542   131.1241 9.2425e+00     2.4369      3.061      4.441    19.0733 0.0000e+00
      3.133      0.050     0.1750      1.869    101.268  88.190904     3.5842      6.543   128.6172 9.1408e+00     2.4395      3.072      4.456    18.9193 0.0000e+00
      3.144      0.050     0.1758      1.875     96.347  83.766122     3.5798      6.543   126.4517 9.0064e+00     2.4880      3.082      4.470    18.7450 0.0000e+00
      3.158      0.050     0.1762      1.876     92.314  80.053021     3.5759      6.543   124.3006 8.8399e+00     2.5055      3.097      4.491    18.6342 0.0000e+00
      3.172      0.050     0.1761      1.870     89.411  77.296527     3.5743      6.544   122.0524 8.6944e+00     2.4984      3.111      4.513    18.5810 0.0000e+00
      3.184      0.050     0.1746      1.848     86.663  74.691162     3.5688      6.546   119.8319 8.5506e+00     2.4934      3.124      4.529    18.5480 0.0000e+00
      3.197      0.050     0.1752      1.851     84.645  72.738345     3.5739      6.548   117.7592 8.3988e+00     2.4749      3.135      4.546    18.4793 0.0000e+00
      3.209      0.049     0.1782      1.877     83.812  71.823589     3.6273      6.551   115.7479 8.2584e+00     2.4582      3.148      4.565    18.3606 0.0000e+00
      3.221      0.049     0.1793      1.884     83.814  71.649313     3.7184      6.556   113.8391 8.1298e+00     2.4751      3.159      4.581    18.2146 0.0000e+00
      3.233      0.049     0.1781      1.868     85.042  72.540020     3.7759      6.560   112.1463 7.9989e+00     2.4958      3.171      4.598    18.0829 0.0000e+00
      3.246      0.048     0.1765      1.848     86.927  74.001509     3.7888      6.563   110.6822 7.8736e+00     2.4951      3.185      4.618    17.9603 0.0000e+00
      3.259      0.046     0.1759      1.838     88.553  75.255229     3.8556      6.568   109.7298 7.7704e+00     2.5273      3.196      4.636    17.8365 0.0000e+00
      3.271      0.045     0.1755      1.833     90.893  77.133364     3.9946      6.573   108.4604 7.6799e+00     2.6109      3.208      4.653    17.7348 0.0000e+00
      3.282      0.046     0.1744      1.820     92.468  78.377347     4.0826      6.578   106.4334 7.6114e+00     2.6506      3.220      4.670    17.6455 0.0000e+00
      3.291      0.048     0.1727      1.800     91.549  77.501077     4.1101      6.583   104.8385 7.5639e+00     2.6715      3.228      4.682    17.5587 0.0000e+00
      3.301      0.051     0.1707      1.776     91.288  77.169250     4.2825      6.589   103.0293 7.4987e+00     2.7725      3.236      4.694    17.4832 0.0000e+00
      3.314      0.054     0.1685      1.751     93.285  78.757915     4.6043      6.595   100.6482 7.3872e+00     2.8951      3.248      4.711    17.4238 0.0000e+00
      3.331      0.057     0.1660      1.723     96.020  80.985960     4.7838      6.601    98.5911 7.2425e+00     2.9327      3.266      4.737    17.3780 0.0000e+00
      3.349      0.059     0.1644      1.706     98.831  83.290650     4.7987      6.607    96.6546 7.1106e+00     2.9221      3.285      4.765    17.3283 0.0000e+00
      3.365      0.059     0.1631      1.693    101.536  85.549018     4.7666      6.612    94.7868 7.0015e+00     3.0106      3.299      4.787    17.2585 0.0000e+00
      3.379      0.058     0.1608      1.669    104.196  87.787843     4.6988      6.615    93.2157 6.9038e+00     3.1792      3.314      4.807    17.2054 0.0000e+00
      3.392      0.056     0.1573      1.631    107.332  90.299705     4.6595      6.616    91.7690 6.8068e+00     3.2830      3.327      4.825    17.1693 0.0000e+00
      3.405      0.055     0.1546      1.597    110.887  92.926727     4.6588      6.617    90.3723 6.6848e+00     3.3192      3.339      4.842    17.1232 0.0000e+00
      3.420      0.052     0.1558      1.602    113.589  94.707800     4.6354      6.618    88.9760 6.5485e+00     3.3417      3.353      4.864    17.1121 0.0000e+00
      3.434      0.049     0.1596      1.635    114.434  95.015901     4.5878      6.619    87.4480 6.4190e+00     3.3727      3.368      4.885    17.1436 0.0000e+00
      3.448      0.044     0.1625      1.662    113.889  94.358044     4.5601      6.619    86.0947 6.2858e+00     3.3892      3.383      4.906    17.1135 0.0000e+00
      3.460      0.038     0.1634      1.671    113.053  93.634001     4.5490      6.619    85.1745 6.1667e+00     3.3574      3.395      4.924    16.9236 0.0000e+00
      3.468      0.032     0.1629      1.666    112.492  93.205636     4.5457      6.618    84.5816 6.0887e+00     3.3236      3.402      4.935    16.6664 0.0000e+00
      3.473      0.029     0.1625      1.662    112.301  93.064830     4.5485      6.618    84.3476 6.0162e+00     3.3157      3.406      4.939    16.4803 0.0000e+00
      3.477 -9.990e-29 -9.990e-29 -9.990e-29 -9.990e-29 -9.990e-29 -9.990e-29 -9.990e-29 -9.990e-29 5.9135e+00 -9.990e-29      3.410      4.945    16.3886 0.0000e+00
      3.482 -9.990e-29 -9.990e-29 -9.990e-29 -9.990e-29 -9.990e-29 -9.990e-29 -9.990e-29 -9.990e-29 5.7900e+00 -9.990e-29      3.414      4.952    16.3987 0.0000e+00
      3.487 -9.990e-29 -9.990e-29 -9.990e-29 -9.990e-29 -9.990e-29 -9.990e-29 -9.990e-29 -9.990e-29 5.6816e+00 -9.990e-29      3.419      4.959    16.4324 0.0000e+00
      3.489 -9.990e-29 -9.990e-29 -9.990e-29 -9.990e-29 -9.990e-29 -9.990e-29 -9.990e-29 -9.990e-29 5.6377e+00 -9.990e-29      3.423      4.964    16.4343 0.0000e+00
