Data/DataNotYetUploadedToEDI/Raw_CTD/RawDownloads/080618_fcr30.cnv
* Sea-Bird SBE19plus  Data File:
* FileName = C:\DATA\080618_fcr50_0004.hex
* Software version 2.6.3.104 SB_Terminal.dll
* Temperature SN = 7809
* Conductivity SN = 7809
* System UpLoad Time = Aug 06 2018 16:28:17
* <ApplicationData>
* <Seaterm232>
# nquan = 15
# nvalues = 562                         
# units = specified
# name 0 = depFM: Depth [fresh water, m]
# name 1 = dz/dtM: Descent Rate [m/s]
# name 2 = sbeox0Mg/L: Oxygen, SBE 43 [mg/l]
# name 3 = sbeox0PS: Oxygen, SBE 43 [% saturation]
# name 4 = specc: Specific Conductance [uS/cm]
# name 5 = c0uS/cm: Conductivity [uS/cm]
# name 6 = flECO-AFL: Fluorescence, WET Labs ECO-AFL/FL [mg/m^3]
# name 7 = ph: pH
# name 8 = orp: Oxidation Reduction Potential [mV]
# name 9 = par/sat/log: PAR/Logarithmic, Satlantic
# name 10 = turbWETntu0: Turbidity, WET Labs ECO [NTU]
# name 11 = prdM: Pressure, Strain Gauge [db]
# name 12 = prdE: Pressure, Strain Gauge [psi]
# name 13 = tv290C: Temperature [ITS-90, deg C]
# name 14 = flag:  0.000e+00
# span 0 =     -0.508,      5.398       
# span 1 =     -0.033,      0.181       
# span 2 =     0.0736,     8.7801       
# span 3 =      0.776,    108.162       
# span 4 =      1.647,     67.403       
# span 5 =   1.683079,  53.736607       
# span 6 =    -0.1758,     4.0823       
# span 7 =      5.981,      7.911       
# span 8 =   168.3850,   274.7521       
# span 9 = 8.0651e-01, 1.6847e+03       
# span 10 =    -0.2585,    24.9601      
# span 11 =     -0.499,      5.294      
# span 12 =     -0.725,      7.678      
# span 13 =    12.0089,    26.4494      
# span 14 = 0.0000e+00, 0.0000e+00      
# interval = seconds: 0.25
# start_time = Aug 06 2018 14:42:18 [Instrument's time stamp, header]
# bad_flag = -9.990e-29
*END*
[from data line 482]
      4.200      0.055     0.1813      1.733     50.032  38.364108     1.1097      6.322   207.1879 5.2418e+00    11.2249      4.119      5.974    13.5201 0.0000e+00
      4.214      0.059     0.2299      2.196     50.291  38.524873     1.0571      6.320   207.2068 5.1730e+00    11.3813      4.132      5.991    13.4650 0.0000e+00
      4.229      0.061     0.2986      2.850     50.533  38.667918     1.0566      6.318   207.2039 5.0884e+00    11.3897      4.147      6.015    13.4172 0.0000e+00
      4.247      0.062     0.3900      3.720     50.788  38.822943     1.0574      6.318   207.0668 5.0133e+00    11.5097      4.165      6.041    13.3702 0.0000e+00
      4.265      0.061     0.4998      4.763     51.068  39.001469     1.0493      6.318   207.0119 4.9269e+00    11.7328      4.183      6.066    13.3378 0.0000e+00
      4.281      0.059     0.6153      5.860     51.332  39.174521     1.0496      6.318   207.0563 4.8359e+00    11.8295      4.200      6.092    13.3010 0.0000e+00
      4.296      0.055     0.7215      6.870     51.632  39.390435     1.0523      6.316   207.0873 4.7695e+00    11.8244      4.213      6.111    13.2565 0.0000e+00
      4.310      0.050     0.8036      7.652     51.880  39.578900     1.0356      6.315   207.1280 4.7273e+00    11.8544      4.226      6.129    13.2144 0.0000e+00
      4.322      0.046     0.8534      8.124     52.105  39.737772     1.0044      6.314   207.1190 4.6922e+00    11.9172      4.238      6.147    13.1813 0.0000e+00
      4.332      0.044     0.8707      8.285     52.284  39.849981     0.9874      6.313   206.9778 4.6567e+00    11.9739      4.249      6.162    13.1489 0.0000e+00
      4.341      0.044     0.8568      8.150     52.307  39.855446     0.9959      6.311   206.5401 4.6092e+00    11.9907      4.258      6.175    13.1345 0.0000e+00
      4.351      0.045     0.8100      7.707     52.477  39.994438     1.0788      6.309   206.0427 4.5359e+00    11.8451      4.267      6.188    13.1490 0.0000e+00
      4.362      0.048     0.7379      7.022     52.971  40.386853     1.2268      6.308   206.0402 4.4648e+00    11.5558      4.277      6.204    13.1356 0.0000e+00
      4.375      0.051     0.6557      6.241     53.492  40.787796     1.3065      6.307   206.3382 4.4171e+00    11.3919      4.290      6.222    13.1004 0.0000e+00
      4.389      0.055     0.5743      5.465     53.754  40.966304     1.2980      6.306   206.8059 4.3536e+00    11.3287      4.304      6.242    13.0846 0.0000e+00
      4.404      0.059     0.5007      4.759     53.719  40.893111     1.1788      6.304   207.3066 4.2534e+00    10.7914      4.319      6.264    13.1011 0.0000e+00
      4.419      0.063     0.4367      4.145     53.499  40.665253     0.9687      6.301   207.4016 4.1542e+00     9.8394      4.333      6.285    13.1236 0.0000e+00
      4.435      0.065     0.3817      3.620     53.268  40.435127     0.8522      6.298   207.3531 4.0699e+00     9.3405      4.349      6.308    13.1302 0.0000e+00
      4.452      0.066     0.3350      3.174     53.013  40.207425     0.8453      6.294   207.4950 3.9697e+00     9.2753      4.366      6.332    13.1123 0.0000e+00
      4.471      0.065     0.2943      2.788     52.682  39.945333     0.8493      6.290   207.6536 3.8580e+00     9.2643      4.384      6.359    13.0642 0.0000e+00
      4.490      0.064     0.2560      2.425     52.425  39.744164     0.8082      6.285   207.8943 3.7740e+00     9.6352      4.405      6.389    13.0002 0.0000e+00
      4.507      0.062     0.2165      2.050     52.299  39.617696     0.7337      6.280   208.2544 3.7063e+00    10.3422      4.421      6.412    12.9424 0.0000e+00
      4.521      0.059     0.1778      1.681     52.298  39.559859     0.6939      6.276   208.5661 3.6309e+00    10.7324      4.433      6.429    12.9111 0.0000e+00
      4.534      0.055     0.1453      1.372     52.360  39.553087     0.6850      6.273   208.9961 3.5569e+00    10.8745      4.446      6.449    12.9032 0.0000e+00
      4.547      0.052     0.1209      1.141     52.376  39.535745     0.6900      6.269   209.5817 3.4795e+00    12.3950      4.459      6.468    12.9139 0.0000e+00
      4.561      0.050     0.1017      0.960     52.309  39.477225     0.6995      6.266   210.2260 3.4069e+00    15.2316      4.473      6.488    12.8862 0.0000e+00
      4.574      0.049     0.0877      0.827     52.233  39.417349     0.6992      6.262   210.8491 3.3609e+00    16.7895      4.486      6.507    12.8142 0.0000e+00
      4.586      0.049     0.0823      0.776     52.202  39.383607     0.7040      6.259   211.1797 3.3319e+00    17.0711      4.497      6.523    12.7589 0.0000e+00
      4.597      0.049     0.0850      0.802     52.145  39.323389     0.7485      6.256   211.2974 3.2912e+00    18.4839      4.508      6.538    12.7295 0.0000e+00
      4.608      0.050     0.0920      0.867     52.091  39.261067     0.8232      6.253   211.5844 3.2419e+00    20.9924      4.519      6.555    12.7305 0.0000e+00
      4.621      0.051     0.1009      0.950     52.041  39.201867     0.8635      6.250   211.9818 3.1853e+00    22.3464      4.532      6.573    12.7335 0.0000e+00
      4.635      0.054     0.1119      1.053     51.947  39.115871     0.8675      6.246   212.1450 3.1152e+00    22.4944      4.546      6.593    12.7198 0.0000e+00
      4.649      0.058     0.1239      1.166     51.799  38.983696     0.8358      6.243   212.2671 3.0588e+00    22.9047      4.559      6.612    12.7057 0.0000e+00
      4.664      0.062     0.1391      1.307     51.619  38.810889     0.7647      6.240   212.5977 3.0069e+00    23.6755      4.573      6.633    12.6817 0.0000e+00
      4.680      0.066     0.1598      1.501     51.506  38.678338     0.7249      6.236   212.8725 2.9371e+00    24.0926      4.589      6.656    12.6567 0.0000e+00
      4.697      0.070     0.1837      1.724     51.443  38.588127     0.7321      6.233   213.0951 2.8598e+00    24.1341      4.605      6.679    12.6486 0.0000e+00
      4.716      0.073     0.2150      2.017     51.347  38.482512     0.7682      6.230   213.3959 2.7791e+00    24.3594      4.624      6.707    12.6349 0.0000e+00
      4.737      0.075     0.2589      2.427     51.212  38.354322     0.8221      6.226   213.7564 2.7085e+00    24.7413      4.645      6.738    12.5947 0.0000e+00
      4.757      0.076     0.3172      2.971     51.098  38.245278     0.8509      6.221   214.2694 2.6490e+00    24.9374      4.665      6.766    12.5421 0.0000e+00
      4.776      0.076     0.3890      3.643     51.038  38.180565     0.8495      6.215   214.6948 2.5792e+00    24.9601      4.684      6.793    12.4990 0.0000e+00
      4.795      0.076     0.4704      4.404     51.012  38.143651     0.8513      6.210   214.8559 2.5176e+00    24.9552      4.702      6.820    12.4678 0.0000e+00
      4.813      0.075     0.5623      5.262     50.998  38.116606     0.9270      6.205   215.0132 2.4693e+00    24.9092      4.719      6.845    12.4425 0.0000e+00
      4.833      0.074     0.6677      6.246     51.011  38.107674     1.0577      6.201   215.2192 2.4146e+00    24.8299      4.739      6.874    12.4201 0.0000e+00
      4.853      0.074     0.7806      7.300     51.019  38.099161     1.1175      6.199   215.3680 2.3499e+00    24.7897      4.760      6.904    12.3984 0.0000e+00
      4.872      0.074     0.8909      8.330     51.001  38.077195     1.1171      6.196   215.4361 2.2803e+00    24.7896      4.778      6.930    12.3838 0.0000e+00
      4.889      0.075     0.9969      9.319     50.954  38.032670     1.0897      6.194   215.5265 2.2225e+00    24.6761      4.795      6.955    12.3694 0.0000e+00
      4.907      0.075     1.0953     10.235     50.854  37.941998     1.0251      6.192   215.6863 2.1580e+00    24.4553      4.811      6.979    12.3468 0.0000e+00
      4.927      0.075     1.1824     11.042     50.793  37.870308     0.9885      6.190   215.8189 2.0843e+00    24.3482      4.831      7.007    12.3323 0.0000e+00
      4.947      0.075     1.2573     11.734     50.825  37.864698     0.9870      6.190   215.8394 2.0232e+00    24.3575      4.851      7.036    12.3276 0.0000e+00
      4.967      0.075     1.3169     12.284     50.866  37.874126     0.9696      6.188   215.8486 1.9553e+00    24.3845      4.872      7.066    12.3194 0.0000e+00
      4.987      0.074     1.3608     12.690     50.860  37.857211     0.9439      6.187   216.0165 1.8818e+00    24.3997      4.892      7.095    12.3070 0.0000e+00
      5.004      0.072     1.3945     13.003     50.771  37.787241     0.9338      6.187   216.1487 1.8196e+00    24.3577      4.908      7.119    12.2775 0.0000e+00
      5.022      0.070     1.4244     13.282     50.605  37.663425     0.9307      6.186   216.1563 1.7572e+00    24.2740      4.925      7.143    12.2431 0.0000e+00
      5.040      0.070     1.4521     13.539     50.485  37.567250     0.8967      6.185   216.1939 1.6995e+00    23.7544      4.944      7.170    12.2235 0.0000e+00
      5.057      0.070     1.4787     13.781     50.439  37.513812     0.8354      6.184   216.3450 1.6530e+00    22.8044      4.958      7.193    12.2108 0.0000e+00
      5.074      0.072     1.5051     14.019     50.400  37.462006     0.8048      6.183   216.5213 1.5990e+00    22.2795      4.974      7.216    12.2076 0.0000e+00
      5.092      0.075     1.5351     14.292     50.410  37.449078     0.8027      6.181   216.6053 1.5378e+00    22.1698      4.993      7.242    12.2136 0.0000e+00
      5.111      0.077     1.5747     14.655     50.483  37.484543     0.7819      6.181   216.7577 1.4693e+00    21.6301      5.011      7.268    12.2090 0.0000e+00
      5.132      0.077     1.6246     15.114     50.535  37.509611     0.7466      6.180   216.9876 1.3944e+00    20.6973      5.032      7.299    12.1857 0.0000e+00
      5.155      0.076     1.6828     15.652     50.534  37.498029     0.7257      6.179   217.1479 1.3364e+00    20.1995      5.057      7.334    12.1597 0.0000e+00
      5.176      0.075     1.7473     16.247     50.515  37.471557     0.7220      6.178   217.2333 1.2937e+00    20.1590      5.077      7.364    12.1408 0.0000e+00
      5.194      0.073     1.8126     16.849     50.499  37.443647     0.7285      6.177   217.3319 1.2525e+00    20.1462      5.093      7.387    12.1219 0.0000e+00
      5.210      0.070     1.8729     17.404     50.476  37.414677     0.7305      6.176   217.4798 1.2000e+00    19.9227      5.109      7.410    12.1066 0.0000e+00
      5.227      0.067     1.9244     17.881     50.429  37.375384     0.7288      6.175   217.6438 1.1422e+00    19.5021      5.125      7.434    12.1008 0.0000e+00
      5.245      0.065     1.9660     18.269     50.394  37.349742     0.7346      6.174   217.7664 1.1022e+00    19.2718      5.143      7.459    12.0883 0.0000e+00
      5.262      0.065     1.9968     18.554     50.409  37.358754     0.7363      6.173   217.7583 1.0647e+00    19.2738      5.161      7.486    12.0693 0.0000e+00
      5.278      0.065     2.0161     18.729     50.419  37.357284     0.7507      6.171   217.7174 1.0238e+00    19.2222      5.176      7.507    12.0557 0.0000e+00
      5.293      0.065     2.0263     18.819     50.398  37.331966     0.7795      6.169   217.7022 9.8586e-01    19.1053      5.190      7.527    12.0533 0.0000e+00
      5.309      0.064     2.0321     18.871     50.372  37.306745     0.7901      6.168   217.6603 9.3651e-01    19.0812      5.206      7.551    12.0568 0.0000e+00
      5.327      0.062     2.0387     18.930     50.378  37.306442     0.7964      6.167   217.6404 8.8861e-01    19.0832      5.224      7.577    12.0544 0.0000e+00
      5.344      0.058     2.0469     19.003     50.418  37.328293     0.8186      6.165   217.7203 8.5345e-01    18.8548      5.242      7.603    12.0445 0.0000e+00
      5.360      0.051     2.0526     19.053     50.408  37.316828     0.8472      6.164   217.8527 8.2917e-01    18.4562      5.257      7.624    12.0316 0.0000e+00
      5.374      0.043     2.0560     19.086     50.375  37.294872     0.8672      6.163   217.9506 8.2231e-01    18.2610      5.271      7.645    12.0281 0.0000e+00
      5.384      0.033     2.0616     19.141     50.394  37.316939     0.8673      6.162   218.0436 8.2447e-01    18.2344      5.282      7.660    12.0263 0.0000e+00
      5.390      0.025     2.0680     19.205     50.397  37.329530     0.8396      6.161   218.1159 8.2481e-01    18.0736      5.287      7.668    12.0151 0.0000e+00
      5.393      0.021     2.0705     19.230     50.378  37.320062     0.8176      6.160   218.1361 8.2643e-01    17.9341      5.289      7.671    12.0089 0.0000e+00
      5.395 -9.990e-29 -9.990e-29 -9.990e-29 -9.990e-29 -9.990e-29 -9.990e-29 -9.990e-29 -9.990e-29 8.2334e-01 -9.990e-29      5.291      7.674    12.0119 0.0000e+00
      5.397 -9.990e-29 -9.990e-29 -9.990e-29 -9.990e-29 -9.990e-29 -9.990e-29 -9.990e-29 -9.990e-29 8.1283e-01 -9.990e-29      5.292      7.676    12.0214 0.0000e+00
      5.398 -9.990e-29 -9.990e-29 -9.990e-29 -9.990e-29 -9.990e-29 -9.990e-29 -9.990e-29 -9.990e-29 8.0693e-01 -9.990e-29      5.293      7.677    12.0349 0.0000e+00
      5.398 -9.990e-29 -9.990e-29 -9.990e-29 -9.990e-29 -9.990e-29 -9.990e-29 -9.990e-29 -9.990e-29 8.0651e-01 -9.990e-29      5.294      7.678    12.0406 0.0000e+00
