Data/DataNotYetUploadedToEDI/Raw_CTD/RawDownloads/080618_fcr20.cnv
* Sea-Bird SBE19plus  Data File:
* FileName = C:\DATA\080618_fcr50_0003.hex
* Software version 2.6.3.104 SB_Terminal.dll
* Temperature SN = 7809
* Conductivity SN = 7809
* System UpLoad Time = Aug 06 2018 16:27:59
* <ApplicationData>
* <Seaterm232>
# nquan = 15
# nvalues = 360                         
# units = specified
# name 0 = depFM: Depth [fresh water, m]
# name 1 = dz/dtM: Descent Rate [m/s]
# name 2 = sbeox0Mg/L: Oxygen, SBE 43 [mg/l]
# name 3 = sbeox0PS: Oxygen, SBE 43 [% saturation]
# name 4 = specc: Specific Conductance [uS/cm]
# name 5 = c0uS/cm: Conductivity [uS/cm]
# name 6 = flECO-AFL: Fluorescence, WET Labs ECO-AFL/FL [mg/m^3]
# name 7 = ph: pH
# name 8 = orp: Oxidation Reduction Potential [mV]
# name 9 = par/sat/log: PAR/Logarithmic, Satlantic
# name 10 = turbWETntu0: Turbidity, WET Labs ECO [NTU]
# name 11 = prdM: Pressure, Strain Gauge [db]
# name 12 = prdE: Pressure, Strain Gauge [psi]
# name 13 = tv290C: Temperature [ITS-90, deg C]
# name 14 = flag:  0.000e+00
# span 0 =     -0.513,      3.489       
# span 1 =     -0.081,      0.220       
# span 2 =    -0.1588,     8.9430       
# span 3 =     -1.788,    108.192       
# span 4 =      2.225,    114.434       
# span 5 =   2.225053,  95.521719       
# span 6 =    -0.3056,     5.2991       
# span 7 =      6.539,      8.131       
# span 8 =    84.3476,   282.8923       
# span 9 = 5.6377e+00, 3.5942e+02       
# span 10 =    -0.6729,     8.0044      
# span 11 =     -0.504,      3.423      
# span 12 =     -0.731,      4.964      
# span 13 =    16.3886,    25.9338      
# span 14 = 0.0000e+00, 0.0000e+00      
# interval = seconds: 0.25
# start_time = Aug 06 2018 14:13:51 [Instrument's time stamp, header]
# bad_flag = -9.990e-29
*END*
[from data line 97]
      0.015      0.000     6.5447     80.406     35.036  35.611294     3.6960      7.977   216.9883 2.6865e+02     3.1027      0.015      0.022    25.8172 0.0000e+00
      0.016     -0.001     6.4652     79.426     35.022  35.596195     3.6958      7.977   217.1893 2.6879e+02     3.1118      0.017      0.024    25.8191 0.0000e+00
      0.014     -0.003     6.3988     78.609     34.998  35.570777     3.6851      7.978   217.2610 2.7039e+02     3.0831      0.015      0.020    25.8185 0.0000e+00
      0.012     -0.005     6.3408     77.894     34.987  35.558053     3.6594      7.979   217.4260 2.7335e+02     3.0004      0.012      0.017    25.8170 0.0000e+00
      0.010     -0.005     6.2877     77.239     34.999  35.569392     3.6514      7.980   217.7206 2.7742e+02     2.9364      0.010      0.015    25.8155 0.0000e+00
      0.008     -0.005     6.2399     76.651     35.010  35.580837     3.6515      7.982   217.9839 2.8219e+02     2.9193      0.008      0.012    25.8137 0.0000e+00
      0.006     -0.004     6.1974     76.127     35.000  35.569382     3.6432      7.983   218.0285 2.8717e+02     2.9157      0.005      0.007    25.8122 0.0000e+00
      0.005     -0.002     6.1582     75.643     34.990  35.557927     3.6423      7.985   218.0013 2.9197e+02     2.9240      0.004      0.006    25.8104 0.0000e+00
      0.006     -0.001     6.1196     75.168     35.002  35.569381     3.6406      7.986   218.1716 2.9656e+02     2.9276      0.006      0.009    25.8088 0.0000e+00
      0.007     -0.000     6.0801     74.679     35.015  35.580826     3.6321      7.985   218.4529 3.0038e+02     2.8972      0.007      0.010    25.8079 0.0000e+00
      0.007      0.001     6.0396     74.179     35.005  35.569267     3.6315      7.982   218.6492 3.0263e+02     2.8620      0.007      0.010    25.8071 0.0000e+00
      0.007      0.001     5.9987     73.674     34.994  35.556667     3.6608      7.978   218.8242 3.0348e+02     2.8691      0.007      0.010    25.8055 0.0000e+00
      0.006      0.000     5.9584     73.177     34.994  35.555522     3.7204      7.974   219.1052 3.0380e+02     2.9222      0.006      0.009    25.8035 0.0000e+00
      0.006 1.5071e-08     5.9189     72.690     34.995  35.555417     3.7546      7.972   219.2941 3.0436e+02     2.9539      0.006      0.009    25.8016 0.0000e+00
      0.007 1.6578e-07     5.8796     72.204     34.997  35.555398     3.7524      7.972   219.3019 3.0567e+02     2.9469      0.007      0.010    25.7998 0.0000e+00
      0.007 -2.068e-07     5.8395     71.710     34.997  35.555293     3.7950      7.974   219.3710 3.0759e+02     2.9907      0.007      0.010    25.7981 0.0000e+00
      0.008     -0.000     5.7998     71.220     34.997  35.554139     3.8929      7.976   219.5285 3.1004e+02     3.0868      0.008      0.011    25.7963 0.0000e+00
      0.008      0.000     5.7631     70.768     34.986  35.541444     3.9527      7.977   219.7427 3.1386e+02     3.1322      0.008      0.011    25.7944 0.0000e+00
      0.007     -0.001     5.7305     70.366     34.975  35.528844     3.9575      7.980   219.8965 3.1973e+02     3.1119      0.007      0.010    25.7928 0.0000e+00
      0.006     -0.001     5.6999     69.989     34.975  35.528835     3.9237      7.983   220.0112 3.2728e+02     3.0550      0.006      0.008    25.7911 0.0000e+00
      0.006     -0.001     5.6678     69.592     34.988  35.541329     3.8651      7.984   220.1832 3.3567e+02     2.9932      0.006      0.008    25.7894 0.0000e+00
      0.006     -0.001     5.6350     69.187     35.001  35.552869     3.8373      7.983   220.2549 3.4444e+02     2.9755      0.006      0.009    25.7879 0.0000e+00
      0.006     -0.001     5.6045     68.811     34.991  35.541320     3.8368      7.983   220.2759 3.5374e+02     2.9634      0.007      0.010    25.7866 0.0000e+00
      0.006     -0.002     5.5757     68.455     34.979  35.528730     3.8312      7.983   220.3508 3.5942e+02     2.9693      0.006      0.009    25.7853 0.0000e+00
      0.006     -0.002     5.5482     68.115     34.979  35.527690     3.8246      7.983   220.5584 3.5543e+02     3.0459      0.006      0.008    25.7841 0.0000e+00
      0.005     -0.003     5.5222     67.795     34.981  35.528741     3.8295      7.983   220.8936 3.4563e+02     3.1274      0.006      0.009    25.7826 0.0000e+00
      0.004     -0.003     5.4960     67.472     34.994  35.541436     3.8357      7.983   221.1336 3.3745e+02     3.1604      0.003      0.005    25.7808 0.0000e+00
      0.002     -0.003     5.4697     67.148     35.008  35.554130     3.8443      7.983   221.2234 3.3203e+02     3.1409      0.001      0.002    25.7793 0.0000e+00
      0.002     -0.002     5.4457     66.851     35.010  35.555181     3.8688      7.983   221.2045 3.2815e+02     3.1046      0.002      0.003    25.7778 0.0000e+00
      0.002      0.001     5.4225     66.564     35.010  35.554140     3.8931      7.985   221.1637 3.2544e+02     3.1184      0.002      0.003    25.7763 0.0000e+00
      0.002      0.005     5.3997     66.283     34.998  35.541550     3.8991      7.986   221.2463 3.2410e+02     3.1548      0.002      0.002    25.7749 0.0000e+00
      0.002      0.010     5.3797     66.038     34.987  35.529991     3.8962      7.985   221.2566 3.2392e+02     3.1478      0.001      0.002    25.7735 0.0000e+00
      0.003      0.015     5.3632     65.834     34.999  35.541436     3.8952      7.982   221.1158 3.2354e+02     3.0642      0.002      0.004    25.7721 0.0000e+00
      0.008      0.019     5.3489     65.658     35.010  35.552882     3.8859      7.979   221.2649 3.2174e+02     2.9375      0.007      0.010    25.7703 0.0000e+00
      0.016      0.020     5.3347     65.483     34.999  35.541332     3.8855      7.978   221.8559 3.1754e+02     2.8678      0.015      0.022    25.7697 0.0000e+00
      0.026      0.019     5.3230     65.338     34.988  35.528836     3.9088      7.977   222.4101 3.1259e+02     2.8933      0.027      0.039    25.7698 0.0000e+00
      0.033      0.016     5.3166     65.257     34.989  35.528836     3.9472      7.977   222.6313 3.1080e+02     2.9398      0.034      0.050    25.7693 0.0000e+00
      0.035      0.010     5.3097     65.171     35.002  35.541322     3.9912      7.978   222.7242 3.1261e+02     2.9428      0.034      0.049    25.7696 0.0000e+00
      0.035      0.002     5.2982     65.029     35.014  35.552757     4.0176      7.979   222.9302 3.1433e+02     2.9287      0.034      0.050    25.7686 0.0000e+00
      0.034     -0.004     5.2844     64.858     35.003  35.540062     4.0267      7.981   223.2294 3.1275e+02     2.9217      0.034      0.049    25.7664 0.0000e+00
      0.032     -0.006     5.2707     64.688     34.979  35.514863     3.9998      7.983   223.5876 3.1148e+02     2.9193      0.032      0.047    25.7649 0.0000e+00
      0.028     -0.004     5.2580     64.532     34.967  35.502169     3.9326      7.985   223.7344 3.1260e+02     2.9001      0.028      0.042    25.7639 0.0000e+00
      0.024      0.001     5.2469     64.395     34.978  35.513614     3.8940      7.985   223.6279 3.1249e+02     2.8716      0.023      0.032    25.7628 0.0000e+00
      0.023      0.009     5.2385     64.292     34.990  35.526205     3.8912      7.984   223.5902 3.1089e+02     2.8805      0.021      0.030    25.7612 0.0000e+00
      0.026      0.019     5.2323     64.217     34.991  35.527361     3.8897      7.982   223.6225 3.0817e+02     2.9768      0.024      0.035    25.7596 0.0000e+00
      0.034      0.031     5.2272     64.154     34.991  35.527591     3.8949      7.980   223.8473 3.0456e+02     3.1206      0.032      0.047    25.7590 0.0000e+00
      0.045      0.045     5.2250     64.130     34.991  35.528984     3.8980      7.977   224.0706 3.0045e+02     3.1848      0.043      0.063    25.7595 0.0000e+00
      0.057      0.056     5.2328     64.232     35.002  35.544209     3.8813      7.975   224.1714 2.8673e+02     3.1731      0.055      0.079    25.7600 0.0000e+00
      0.072      0.064     5.2593     64.569     35.035  35.584637     3.8678      7.972   224.3781 2.6327e+02     3.1324      0.069      0.100    25.7598 0.0000e+00
      0.092      0.070     5.3097     65.198     35.081  35.636673     3.8821      7.967   224.5911 2.4381e+02     3.1191      0.089      0.128    25.7590 0.0000e+00
      0.114      0.074     5.3886     66.169     35.108  35.665217     3.8978      7.963   224.7674 2.2847e+02     3.1656      0.113      0.163    25.7604 0.0000e+00
      0.134      0.076     5.4960     67.476     35.124  35.675669     3.8926      7.962   224.8755 2.1506e+02     3.1747      0.132      0.191    25.7675 0.0000e+00
      0.152      0.077     5.6168     68.939     35.159  35.699524     3.8923      7.964   224.7792 2.0515e+02     3.1381      0.148      0.214    25.7777 0.0000e+00
      0.171      0.077     5.7337     70.351     35.171  35.699538     3.9408      7.965   224.8072 1.9628e+02     3.1812      0.167      0.242    25.7885 0.0000e+00
      0.191      0.077     5.8438     71.680     35.160  35.675813     4.0097      7.964   225.1282 1.8926e+02     3.2993      0.187      0.271    25.7925 0.0000e+00
      0.211      0.077     5.9512     72.977     35.162  35.666737     4.0366      7.964   225.3907 1.8355e+02     3.3452      0.208      0.300    25.7813 0.0000e+00
      0.231      0.077     6.0622     74.319     35.158  35.653315     4.0450      7.962   225.5727 1.7642e+02     3.3700      0.227      0.329    25.7628 0.0000e+00
      0.251      0.076     6.1903     75.869     35.156  35.640546     4.1852      7.960   225.7800 1.6926e+02     3.7825      0.246      0.357    25.7442 0.0000e+00
      0.270      0.074     6.3452     77.740     35.168  35.639378     4.4451      7.959   225.9175 1.6286e+02     4.4877      0.265      0.384    25.7265 0.0000e+00
      0.290      0.070     6.5199     79.845     35.184  35.639170     4.5859      7.960   226.0315 1.5572e+02     4.8468      0.283      0.411    25.7119 0.0000e+00
      0.309      0.066     6.7025     82.043     35.201  35.638006     4.5919      7.960   226.0392 1.4917e+02     4.9505      0.304      0.440    25.6990 0.0000e+00
      0.325      0.063     6.8789     84.162     35.206  35.625285     4.4813      7.958   225.8387 1.4457e+02     5.6799      0.320      0.463    25.6846 0.0000e+00
      0.339      0.061     7.0280     85.951     35.209  35.612375     4.2686      7.953   225.8445 1.4072e+02     7.0134      0.332      0.481    25.6664 0.0000e+00
      0.352      0.061     7.1397     87.289     35.218  35.608920     4.1523      7.947   226.1959 1.3647e+02     7.7678      0.345      0.500    25.6421 0.0000e+00
      0.366      0.062     7.2162     88.202     35.202  35.583503     4.1507      7.940   226.7312 1.3181e+02     7.7210      0.358      0.519    25.6147 0.0000e+00
      0.382      0.063     7.2607     88.730     35.185  35.559126     4.1389      7.930   227.2404 1.2702e+02     6.4478      0.374      0.542    25.5879 0.0000e+00
      0.400      0.064     7.2796     88.950     35.200  35.568261     4.1012      7.922   227.5341 1.2234e+02     4.1835      0.393      0.570    25.5646 0.0000e+00
      0.418      0.064     7.2797     88.946     35.201  35.566898     4.0810      7.916   227.7875 1.1806e+02     3.0184      0.410      0.595    25.5469 0.0000e+00
      0.436      0.063     7.2663     88.777     35.178  35.542635     4.0877      7.911   228.2398 1.1438e+02     2.9807      0.428      0.621    25.5348 0.0000e+00
      0.452      0.061     7.2452     88.513     35.167  35.528983     4.1453      7.906   228.8730 1.1165e+02     3.0262      0.446      0.645    25.5238 0.0000e+00
      0.465      0.059     7.2162     88.157     35.168  35.528878     4.2354      7.901   229.3339 1.0930e+02     3.1104      0.456      0.660    25.5155 0.0000e+00
      0.478      0.059     7.1757     87.660     35.181  35.541365     4.2763      7.895   229.6829 1.0645e+02     3.1758      0.468      0.679    25.5144 0.0000e+00
      0.493      0.059     7.1222     87.005     35.193  35.552913     4.2813      7.890   230.1678 1.0345e+02     3.1755      0.483      0.701    25.5119 0.0000e+00
      0.509      0.060     7.0563     86.198     35.183  35.541468     4.2966      7.885   230.6366 1.0054e+02     3.1380      0.498      0.723    25.5079 0.0000e+00
      0.525      0.061     6.9824     85.292     35.173  35.530015     4.3601      7.880   231.0487 9.7914e+01     3.1489      0.516      0.748    25.5064 0.0000e+00
      0.540      0.061     6.9089     84.392     35.186  35.541478     4.4697      7.876   231.3649 9.5703e+01     3.2463      0.530      0.769    25.5061 0.0000e+00
      0.555      0.061     6.8374     83.517     35.197  35.553015     4.5376      7.873   231.6205 9.3398e+01     3.3091      0.544      0.788    25.5058 0.0000e+00
      0.571      0.062     6.7634     82.612     35.187  35.542466     4.5374      7.869   231.9881 9.1100e+01     3.2981      0.561      0.814    25.5036 0.0000e+00
      0.587      0.062     6.6930     81.751     35.187  35.540974     4.4677      7.866   232.3680 8.8902e+01     3.2343      0.576      0.835    25.5011 0.0000e+00
      0.602      0.063     6.6324     81.009     35.182  35.534977     4.3475      7.864   232.7728 8.6400e+01     3.1484      0.590      0.855    25.4994 0.0000e+00
      0.619      0.064     6.5884     80.459     35.123  35.469957     4.2783      7.861   233.1824 8.3845e+01     3.1138      0.607      0.881    25.4987 0.0000e+00
      0.636      0.065     6.6040     80.604     35.065  35.390025     4.2750      7.856   233.3626 8.1440e+01     3.1218      0.624      0.905    25.4980 0.0000e+00
      0.652      0.068     6.7562     82.385     35.042  35.330745     4.2619      7.851   233.5747 7.8917e+01     3.1531      0.639      0.927    25.4974 0.0000e+00
      0.670      0.072     7.0812     86.256     35.012  35.261323     4.2294      7.846   233.9404 7.6263e+01     3.1861      0.656      0.951    25.4971 0.0000e+00
      0.688      0.075     7.5129     91.406     34.982  35.185793     4.2217      7.841   234.1707 7.3806e+01     3.1852      0.674      0.978    25.4967 0.0000e+00
      0.707      0.077     7.9466     96.551     34.964  35.116170     4.2247      7.838   234.2942 7.1405e+01     3.1429      0.691      1.003    25.4670 0.0000e+00
      0.728      0.077     8.3229    100.991     34.953  35.054641     4.2197      7.836   234.4875 6.8932e+01     3.1023      0.713      1.035    25.4047 0.0000e+00
      0.752      0.076     8.6202    104.479     34.956  35.013450     4.2254      7.834   234.7874 6.6893e+01     3.0911      0.739      1.072    25.3533 0.0000e+00
      0.772      0.074     8.8274    106.897     34.975  34.999183     4.2291      7.830   235.1663 6.5382e+01     3.0981      0.758      1.099    25.2916 0.0000e+00
      0.789      0.070     8.9355    108.141     35.008  35.009134     4.2183      7.825   235.5417 6.4242e+01     3.1263      0.774      1.122    25.2094 0.0000e+00
      0.805      0.066     8.9430    108.192     35.020  35.006690     4.1958      7.821   236.1424 6.3391e+01     3.1273      0.791      1.147    25.1363 0.0000e+00
      0.820      0.062     8.8759    107.351     34.993  34.969619     4.1693      7.820   236.9232 6.2602e+01     3.1095      0.804      1.166    25.0720 0.0000e+00
      0.835      0.060     8.7824    106.196     34.974  34.942006     4.1543      7.820   237.1520 6.1868e+01     3.1254      0.818      1.186    25.0224 0.0000e+00
      0.851      0.060     8.7039    105.230     34.965  34.926898     4.1525      7.820   236.9297 6.1255e+01     3.1360      0.834      1.210    24.9921 0.0000e+00
      0.866      0.061     8.6588    104.667     34.958  34.913975     4.1569      7.819   236.9882 6.0755e+01     3.1155      0.850      1.234    24.9735 0.0000e+00
