Data/DataNotYetUploadedToEDI/Raw_CTD/RawDownloads/080620_fcr50.cnv
* Sea-Bird SBE19plus  Data File:
* FileName = C:\DATA\080620_bvr50_0001.hex
* Software version 2.8.0.119
* Temperature SN = 7809
* Conductivity SN = 7809
* System UpLoad Time = Aug 06 2020 11:09:58
* <ApplicationData>
* <Seaterm232>
# nquan = 16
# nvalues = 3246                        
# units = specified
# name 0 = depFM: Depth [fresh water, m]
# name 1 = dz/dtM: Descent Rate [m/s]
# name 2 = sbeox0ML/L: Oxygen, SBE 43 [ml/l]
# name 3 = sbeox0PS: Oxygen, SBE 43 [% saturation]
# name 4 = specc: Specific Conductance [uS/cm]
# name 5 = c0uS/cm: Conductivity [uS/cm]
# name 6 = flECO-AFL: Fluorescence, WET Labs ECO-AFL/FL [mg/m^3]
# name 7 = ph: pH
# name 8 = orp: Oxidation Reduction Potential [mV]
# name 9 = par/sat/log: PAR/Logarithmic, Satlantic
# name 10 = turbWETntu0: Turbidity, WET Labs ECO [NTU]
# name 11 = prdM: Pressure, Strain Gauge [db]
# name 12 = prdE: Pressure, Strain Gauge [psi]
# name 13 = tv290C: Temperature [ITS-90, deg C]
# name 14 = density00: Density [density, kg/m^3]
# name 15 = flag:  0.000e+00
# span 0 =     -0.632,      9.611       
# span 1 =     -3.975,      3.454       
# span 2 =     0.0243,     7.6092       
# span 3 =      0.386,    132.553       
# span 4 =      0.476,    192.013       
# span 5 =   0.469477, 139.613295       
# span 6 =    -0.9466,   259.7519       
# span 7 =     12.702,     13.401       
# span 8 =  -603.0037,   324.0163       
# span 9 = 1.2346e-01, 1.8578e+03       
# span 10 =    -6.8904,   171.2392      
# span 11 =     -0.620,      9.425      
# span 12 =     -0.900,     13.670      
# span 13 =    11.2239,    25.6125      
# span 14 =   996.9055,   999.6912      
# span 15 = 0.0000e+00, 0.0000e+00      
# interval = seconds: 0.25
# start_time = Aug 05 2020 20:42:29 [Instrument's time stamp, header]
# bad_flag = -9.990e-29
*END*
[from data line 91]
      0.067 7.0745e-17     5.6693     97.039     32.861  33.203234     2.0589     12.832    94.3552 6.1272e+02     8.9624      0.065      0.095    25.5120   996.9316 0.0000e+00
      0.066 6.4310e-18     5.6398     96.464     32.852  33.194310     2.1023     12.833    94.6241 6.0611e+02     8.8251      0.065      0.094    25.5127   996.9314 0.0000e+00
      0.066 5.8465e-19     5.6149     95.806     32.842  33.184955     2.1263     12.835    94.8288 5.6964e+02     8.7480      0.065      0.094    25.5135   996.9312 0.0000e+00
      0.066 5.3150e-20     5.5876     95.100     32.811  33.153577     2.1390     12.836    95.1096 5.5343e+02     8.7505      0.065      0.094    25.5142   996.9310 0.0000e+00
      0.066 4.8318e-21     5.5584     94.375     32.790  33.132166     2.1316     12.836    95.4374 5.5150e+02     8.7525      0.065      0.094    25.5148   996.9309 0.0000e+00
      0.066 4.3926e-22     5.5266     93.617     32.775  33.116424     2.0946     12.836    95.7808 5.5310e+02     8.7386      0.065      0.094    25.5150   996.9308 0.0000e+00
      0.067 3.9932e-23     5.4878     92.830     32.749  33.090134     2.0637     12.838    96.0782 5.5911e+02     8.7532      0.065      0.095    25.5152   996.9307 0.0000e+00
      0.067 3.6302e-24     5.4459     92.024     32.728  33.068085     2.0622     12.840    96.3665 5.5029e+02     8.7916      0.065      0.095    25.5153   996.9307 0.0000e+00
      0.067 3.3002e-25     5.4062     91.228     32.701  33.040177     2.0959     12.841    96.7716 5.4284e+02     8.8596      0.066      0.095    25.5150   996.9308 0.0000e+00
      0.067 3.0002e-26     5.3617     90.477     32.668  33.006494     2.1376     12.843    97.1042 5.4609e+02     8.9574      0.065      0.095    25.5145   996.9309 0.0000e+00
      0.067 2.7275e-27     5.3171     89.770     32.641  32.978063     2.1475     12.844    97.2905 5.3624e+02     8.9785      0.065      0.095    25.5137   996.9311 0.0000e+00
      0.067 2.4795e-28     5.2703     89.101     32.614  32.950212     2.1484     12.845    97.5610 5.2635e+02     8.9438      0.066      0.096    25.5130   996.9313 0.0000e+00
      0.067 2.2541e-29     5.2234     88.449     32.588  32.923540     2.1766     12.846    97.8801 5.2601e+02     8.9489      0.065      0.095    25.5123   996.9315 0.0000e+00
      0.067 2.0491e-30     5.1816     87.812     32.575  32.909361     2.2117     12.846    98.0518 5.1922e+02     8.9718      0.066      0.095    25.5113   996.9317 0.0000e+00
      0.067 1.8629e-31     5.1402     87.197     32.572  32.905670     2.2208     12.846    98.0015 5.1679e+02     8.9813      0.066      0.095    25.5102   996.9320 0.0000e+00
      0.067 1.6935e-32     5.1035     86.613     32.547  32.878908     2.2106     12.847    97.7885 5.3039e+02     8.9605      0.066      0.096    25.5090   996.9323 0.0000e+00
      0.067 1.5396e-33     5.0658     86.077     32.509  32.839569     2.2402     12.848    97.5412 5.3847e+02     8.8225      0.066      0.096    25.5079   996.9326 0.0000e+00
      0.067 1.3996e-34     5.0294     85.575     32.481  32.810718     2.3206     12.850    97.5070 5.4996e+02     8.6180      0.065      0.094    25.5068   996.9328 0.0000e+00
      0.067 1.2724e-35     4.9943     85.081     32.456  32.783862     2.3635     12.851    97.8910 5.6868e+02     8.5134      0.066      0.095    25.5053   996.9333 0.0000e+00
      0.067 1.1567e-36     4.9598     84.566     32.442  32.768637     2.3582     12.851    98.7415 5.6679e+02     8.4851      0.066      0.096    25.5039   996.9336 0.0000e+00
      0.067 1.0515e-37     4.9304     84.039     32.428  32.753535     2.3514     12.852    99.7890 5.5598e+02     8.4820      0.066      0.096    25.5023   996.9340 0.0000e+00
      0.067 9.5595e-39     4.9015     83.550     32.404  32.728155     2.3297     12.853   100.4043 5.5981e+02     8.6120      0.066      0.096    25.5006   996.9344 0.0000e+00
      0.067 8.6905e-40     4.8747     83.090     32.393  32.715557     2.2962     12.853   100.5022 5.7363e+02     8.8563      0.066      0.095    25.4990   996.9349 0.0000e+00
      0.067 7.9005e-41     4.8454     82.619     32.407  32.728102     2.2793     12.854   100.4563 5.6677e+02     8.9978      0.066      0.096    25.4971   996.9353 0.0000e+00
      0.067 7.1820e-42     4.8132     82.148     32.433  32.752939     2.2787     12.855   100.5379 5.6111e+02     9.0192      0.066      0.096    25.4951   996.9359 0.0000e+00
      0.067 6.5295e-43     4.7860     81.718     32.569  32.888966     2.2697     12.856   100.7143 5.7717e+02     9.0113      0.066      0.095    25.4933   996.9363 0.0000e+00
      0.067 5.9355e-44     4.7614     81.476     32.908  33.230729     2.2459     12.856   100.9543 5.8577e+02     9.0049      0.066      0.096    25.4914   996.9368 0.0000e+00
      0.068 5.3960e-45     4.7338     82.155     33.255  33.585857     2.2302     12.856   101.2883 5.8350e+02     9.0099      0.066      0.096    25.4898   996.9373 0.0000e+00
      0.068 4.9055e-46     4.7063     85.193     33.410  33.756547     2.2223     12.856   101.5693 5.8512e+02     8.9696      0.066      0.096    25.4876   996.9378 0.0000e+00
      0.068 4.4596e-47     4.6809     91.431     33.408  33.771760     2.2271     12.856   101.9432 5.8749e+02     8.8952      0.066      0.096    25.4864   996.9382 0.0000e+00
      0.068 4.0574e-48     4.6574    100.117     33.390  33.769821     2.2503     12.856   102.2818 5.7616e+02     8.8312      0.066      0.096    25.4829   996.9392 0.0000e+00
      0.068 4.0416e-49     4.6574    109.475     33.405  33.796578     2.2738     12.857   102.2215 5.7137e+02     8.7797      0.067      0.097    25.4849   996.9388 0.0000e+00
      0.068 4.2508e-49     4.8054    117.858     33.379  33.778053     2.2926     12.858   101.9885 5.8306e+02     8.7531      0.066      0.096    25.5094   996.9325 0.0000e+00
      0.067 4.3103e-48     5.1813    124.542     33.332  33.736195     2.2958     12.858   101.8733 5.8341e+02     8.7839      0.066      0.096    25.5408   996.9243 0.0000e+00
      0.067 4.7380e-47     5.7148    129.300     33.327  33.734634     2.2933     12.858   101.8619 5.7220e+02     8.8782      0.066      0.096    25.5647   996.9179 0.0000e+00
      0.067 5.2118e-46     6.2886    131.934     33.349  33.759180     2.3003     12.858   101.9361 5.7223e+02     8.9658      0.066      0.095    25.5820   996.9134 0.0000e+00
      0.067 5.7330e-45     6.7755    132.553     33.368  33.779189     2.3038     12.859   101.9099 5.7918e+02     8.9844      0.066      0.096    25.5934   996.9105 0.0000e+00
      0.067 6.3063e-44     7.1575    131.643     33.374  33.786214     2.2788     12.860   101.8034 5.7264e+02     8.8633      0.066      0.096    25.6009   996.9085 0.0000e+00
      0.067 6.9369e-43     7.4376    129.910     33.368  33.780663     2.2269     12.860   101.9387 5.6454e+02     8.6339      0.066      0.096    25.6052   996.9074 0.0000e+00
      0.068 7.6306e-42     7.5845    128.086     33.363  33.775530     2.2006     12.861   102.1697 5.6816e+02     8.5109      0.066      0.096    25.6080   996.9066 0.0000e+00
      0.068 8.3937e-41     7.6092    126.621     33.375  33.787596     2.2087     12.863   102.3594 5.6276e+02     8.5437      0.066      0.096    25.6100   996.9061 0.0000e+00
      0.068 9.2330e-40     7.5427    125.553     33.387  33.799652     2.2204     12.865   102.5982 5.5566e+02     8.5840      0.066      0.096    25.6109   996.9059 0.0000e+00
      0.068 1.0156e-38     7.4271    124.782     33.382  33.794405     2.2371     12.866   102.6468 5.6159e+02     8.6208      0.066      0.096    25.6116   996.9057 0.0000e+00
      0.068 1.1172e-37     7.3125    124.252     33.376  33.787598     2.2580     12.867   102.4314 5.6333e+02     8.6802      0.066      0.096    25.6125   996.9055 0.0000e+00
      0.068 1.2289e-36     7.2304    123.868     33.369  33.780800     2.2733     12.866   102.3167 5.5858e+02     8.7183      0.066      0.096    25.6124   996.9055 0.0000e+00
      0.068 1.3518e-35     7.1727    123.562     33.364  33.775667     2.2873     12.866   102.3784 5.5694e+02     8.7724      0.066      0.096    25.6118   996.9057 0.0000e+00
      0.068 1.4870e-34     7.1280    123.308     33.377  33.788981     2.2843     12.866   102.5755 5.5098e+02     8.7849      0.066      0.096    25.6112   996.9058 0.0000e+00
      0.068 1.6357e-33     7.1009    123.059     33.402  33.814871     2.2658     12.867   102.9788 5.3907e+02     8.7317      0.066      0.096    25.6108   996.9059 0.0000e+00
      0.068 1.7993e-32     7.0805    122.768     33.422  33.834897     2.2650     12.868   103.5551 5.3598e+02     8.7128      0.067      0.097    25.6108   996.9059 0.0000e+00
      0.068 1.9792e-31     7.0623    122.420     33.428  33.840770     2.2749     12.869   104.0366 5.3949e+02     8.7283      0.066      0.096    25.6109   996.9059 0.0000e+00
      0.068 2.1771e-30     7.0499    122.076     33.410  33.822428     2.2984     12.868   104.0682 5.3488e+02     8.7473      0.067      0.097    25.6109   996.9059 0.0000e+00
      0.068 2.3948e-29     7.0358    121.818     33.391  33.803469     2.3306     12.868   103.8515 5.3183e+02     8.7369      0.067      0.097    25.6110   996.9059 0.0000e+00
      0.068 2.6343e-28     7.0205    121.676     33.390  33.801901     2.3403     12.868   103.6534 5.4003e+02     8.7404      0.067      0.097    25.6112   996.9058 0.0000e+00
      0.068 2.8977e-27     6.9986    121.643     33.392  33.803470     2.3488     12.869   103.6524 5.4355e+02     8.7890      0.067      0.097    25.6111   996.9059 0.0000e+00
      0.068 3.1875e-26     6.9769    121.740     33.410  33.822439     2.3382     12.870   104.2698 5.3755e+02     8.9810      0.067      0.097    25.6114   996.9058 0.0000e+00
      0.068 3.5062e-25     6.9616    121.925     33.429  33.840895     2.2781     12.870   105.1804 5.3760e+02     9.3114      0.066      0.096    25.6113   996.9058 0.0000e+00
      0.068 3.8569e-24     6.9546    122.077     33.424  33.836272     2.2234     12.870   105.6289 5.4717e+02     9.4530      0.066      0.096    25.6110   996.9059 0.0000e+00
      0.068 4.2425e-23     6.9512    122.154     33.419  33.829985     2.2005     12.871   105.6487 5.5266e+02     9.4235      0.066      0.096    25.6107   996.9059 0.0000e+00
      0.067 4.6668e-22     6.9571    122.176     33.418  33.828329     2.2309     12.872   105.5052 5.4976e+02     9.2286      0.066      0.096    25.6105   996.9060 0.0000e+00
      0.067 5.1335e-21     6.9722    122.192     33.406  33.816254     2.3039     12.873   105.3575 5.4621e+02     8.7786      0.066      0.096    25.6105   996.9060 0.0000e+00
      0.067 5.6468e-20     6.9805    122.221     33.401  33.810893     2.3394     12.874   105.4978 5.5113e+02     8.4461      0.066      0.096    25.6103   996.9061 0.0000e+00
      0.067 6.2115e-19     6.9852    122.229     33.416  33.826948     2.3372     12.876   105.9106 5.5354e+02     8.3664      0.066      0.096    25.6093   996.9064 0.0000e+00
      0.068 6.8327e-18     6.9848    122.194     33.409  33.820026     2.3343     12.877   106.1330 5.4334e+02     8.3993      0.067      0.097    25.6083   996.9066 0.0000e+00
      0.068 7.5159e-17     6.9855    122.174     33.380  33.790656     2.3509     12.878   106.0354 5.3819e+02     8.6031      0.067      0.097    25.6082   996.9066 0.0000e+00
      0.068 8.2675e-16     6.9881    122.229     33.378  33.789085     2.3762     12.879   105.9349 5.4327e+02     8.8740      0.066      0.095    25.6082   996.9066 0.0000e+00
      0.068 9.0943e-15     6.9893    122.301     33.390  33.801037     2.3823     12.878   106.0360 5.4893e+02     8.9624      0.067      0.096    25.6087   996.9065 0.0000e+00
      0.068 1.0004e-13     6.9860    122.336     33.397  33.808260     2.3969     12.878   106.3979 5.4962e+02     8.9512      0.066      0.097    25.6092   996.9063 0.0000e+00
      0.068 1.1004e-12     6.9821    122.349     33.402  33.812970     2.4192     12.878   106.8698 5.5217e+02     9.1162      0.067      0.096    25.6091   996.9063 0.0000e+00
      0.068 1.2104e-11     6.9880    122.348     33.385  33.794530     2.4230     12.879   107.2675 5.5898e+02     9.4460      0.067      0.097    25.6092   996.9063 0.0000e+00
      0.068 1.3315e-10     6.9933    122.313     33.366  33.775658     2.4141     12.880   107.5065 5.6148e+02     9.6439      0.066      0.096    25.6093   996.9063 0.0000e+00
      0.068 1.4646e-09     6.9945    122.281     33.365  33.775138     2.4062     12.880   107.5220 5.5908e+02     9.6545      0.067      0.097    25.6090   996.9064 0.0000e+00
      0.068 1.6111e-08     6.9949    122.287     33.378  33.788243     2.4138     12.880   107.5412 5.5649e+02     9.7118      0.067      0.097    25.6084   996.9066 0.0000e+00
      0.068 1.7722e-07     6.9962    122.315     33.397  33.807213     2.4296     12.880   107.4802 5.6144e+02     9.8561      0.066      0.096    25.6082   996.9066 0.0000e+00
      0.068      0.000     6.9928    122.357     33.404  33.814143     2.4352     12.880   107.2145 5.6288e+02     9.9234      0.066      0.096    25.6082   996.9066 0.0000e+00
      0.068      0.000     6.9896    122.395     33.399  33.808589     2.4242     12.881   107.2542 5.4967e+02     9.9065      0.067      0.097    25.6077   996.9067 0.0000e+00
      0.068      0.000     6.9918    122.413     33.394  33.803511     2.4015     12.882   107.6164 5.3905e+02     9.8575      0.066      0.096    25.6072   996.9068 0.0000e+00
      0.068      0.003     6.9925    122.393     33.406  33.816191     2.3801     12.883   107.8946 5.4221e+02     9.7778      0.067      0.097    25.6069   996.9070 0.0000e+00
      0.068      0.029     6.9956    122.318     33.425  33.835008     2.3653     12.883   107.6917 5.4901e+02     9.7324      0.067      0.097    25.6068   996.9070 0.0000e+00
      0.068      0.314     6.9983    122.225     33.430  33.840677     2.3566     12.883   107.0563 5.5157e+02     9.7214      0.067      0.097    25.6071   996.9069 0.0000e+00
      0.068      3.454     6.9990    122.161     33.411  33.821284     2.3330     12.883   106.6657 5.4787e+02     9.7473      0.067      0.097    25.6074   996.9068 0.0000e+00
      0.068      3.454     6.9993    122.109     33.381  33.790874     2.2887     12.882   106.6687 5.4407e+02     9.8394      0.066      0.096    25.6077   996.9067 0.0000e+00
      0.068      0.314     6.9935    122.055     33.380  33.790241     2.2697     12.882   106.9193 5.4237e+02     9.9423      0.067      0.097    25.6080   996.9066 0.0000e+00
      0.068      0.029     6.9867    122.023     33.404  33.813634     2.2839     12.883   107.3734 5.3679e+02     9.9958      0.067      0.097    25.6082   996.9066 0.0000e+00
      0.068      0.003     6.9842    122.041     33.410  33.819921     2.2984     12.883   107.7711 5.3137e+02    10.0062      0.067      0.097    25.6081   996.9066 0.0000e+00
      0.068      0.000     6.9814    122.102     33.394  33.802805     2.3115     12.883   108.0286 5.2794e+02     9.9995      0.067      0.097    25.6079   996.9067 0.0000e+00
      0.068      0.000     6.9780    122.182     33.389  33.797038     2.3377     12.884   108.2501 5.2771e+02     9.9831      0.067      0.097    25.6077   996.9067 0.0000e+00
      0.068      0.000     6.9753    122.299     33.407  33.813633     2.3579     12.885   108.3837 5.2868e+02     9.9793      0.067      0.097    25.6074   996.9068 0.0000e+00
      0.068 1.7722e-07     6.9764    122.442     33.407  33.813104     2.3551     12.885   108.4394 5.2239e+02     9.9531      0.067      0.097    25.6068   996.9070 0.0000e+00
      0.068 1.6111e-08     6.9813    122.537     33.386  33.790646     2.3513     12.885   108.5799 5.1457e+02     9.9751      0.067      0.097    25.6056   996.9073 0.0000e+00
