Data/DataNotYetUploadedToEDI/Raw_CTD/RawDownloads/080618_fcr30.cnv
* Sea-Bird SBE19plus  Data File:
* FileName = C:\DATA\080618_fcr50_0004.hex
* Software version 2.6.3.104 SB_Terminal.dll
* Temperature SN = 7809
* Conductivity SN = 7809
* System UpLoad Time = Aug 06 2018 16:28:17
* <ApplicationData>
* <Seaterm232>
# nquan = 15
# nvalues = 562                         
# units = specified
# name 0 = depFM: Depth [fresh water, m]
# name 1 = dz/dtM: Descent Rate [m/s]
# name 2 = sbeox0Mg/L: Oxygen, SBE 43 [mg/l]
# name 3 = sbeox0PS: Oxygen, SBE 43 [% saturation]
# name 4 = specc: Specific Conductance [uS/cm]
# name 5 = c0uS/cm: Conductivity [uS/cm]
# name 6 = flECO-AFL: Fluorescence, WET Labs ECO-AFL/FL [mg/m^3]
# name 7 = ph: pH
# name 8 = orp: Oxidation Reduction Potential [mV]
# name 9 = par/sat/log: PAR/Logarithmic, Satlantic
# name 10 = turbWETntu0: Turbidity, WET Labs ECO [NTU]
# name 11 = prdM: Pressure, Strain Gauge [db]
# name 12 = prdE: Pressure, Strain Gauge [psi]
# name 13 = tv290C: Temperature [ITS-90, deg C]
# name 14 = flag:  0.000e+00
# span 0 =     -0.508,      5.398       
# span 1 =     -0.033,      0.181       
# span 2 =     0.0736,     8.7801       
# span 3 =      0.776,    108.162       
# span 4 =      1.647,     67.403       
# span 5 =   1.683079,  53.736607       
# span 6 =    -0.1758,     4.0823       
# span 7 =      5.981,      7.911       
# span 8 =   168.3850,   274.7521       
# span 9 = 8.0651e-01, 1.6847e+03       
# span 10 =    -0.2585,    24.9601      
# span 11 =     -0.499,      5.294      
# span 12 =     -0.725,      7.678      
# span 13 =    12.0089,    26.4494      
# span 14 = 0.0000e+00, 0.0000e+00      
# interval = seconds: 0.25
# start_time = Aug 06 2018 14:42:18 [Instrument's time stamp, header]
# bad_flag = -9.990e-29
*END*
[from data line 193]
      0.575      0.050     8.6048    105.960     35.276  35.945798     3.8160      7.873   203.0643 1.5170e+02     3.1203      0.564      0.819    25.9517 0.0000e+00
      0.587      0.049     8.5811    105.667     35.276  35.945029     3.8241      7.874   203.3863 1.4347e+02     3.1178      0.575      0.834    25.9506 0.0000e+00
      0.599      0.050     8.5585    105.382     35.263  35.929179     3.8481      7.874   203.6284 1.3383e+02     3.1028      0.587      0.852    25.9520 0.0000e+00
      0.610      0.053     8.5400    105.129     35.225  35.881203     3.9221      7.874   204.0994 1.2531e+02     3.1216      0.598      0.868    25.9459 0.0000e+00
      0.622      0.061     8.5248    104.887     35.175  35.809602     4.0304      7.870   204.7783 1.1807e+02     3.1311      0.609      0.884    25.9404 0.0000e+00
      0.637      0.073     8.5125    104.667     35.153  35.762162     4.0823      7.864   205.2983 1.1247e+02     3.1257      0.623      0.904    25.9422 0.0000e+00
      0.655      0.084     8.5050    104.511     35.166  35.752223     4.0713      7.859   205.5685 1.0774e+02     3.1185      0.641      0.930    25.9422 0.0000e+00
      0.678      0.091     8.4983    104.377     35.186  35.752922     3.9990      7.857   205.7221 1.0299e+02     3.0745      0.661      0.959    25.9309 0.0000e+00
      0.708      0.094     8.4874    104.201     35.219  35.770584     3.8695      7.857   205.8649 9.8073e+01     2.9893      0.692      1.004    25.8995 0.0000e+00
      0.741      0.091     8.4730    103.990     35.235  35.775183     3.7923      7.858   206.0044 9.4253e+01     2.9437      0.730      1.059    25.8585 0.0000e+00
      0.767      0.084     8.4535    103.726     35.215  35.744984     3.7829      7.861   206.0322 9.1991e+01     2.9498      0.755      1.095    25.8247 0.0000e+00
      0.785      0.074     8.4278    103.392     35.200  35.723051     3.7829      7.865   206.1150 9.0471e+01     2.9409      0.771      1.118    25.7980 0.0000e+00
      0.798      0.064     8.3983    103.019     35.182  35.700544     3.7827      7.866   206.5758 8.9271e+01     2.9274      0.783      1.135    25.7760 0.0000e+00
      0.810      0.058     8.3656    102.614     35.147  35.663410     3.7803      7.863   207.2162 8.8281e+01     2.9397      0.793      1.150    25.7577 0.0000e+00
      0.821      0.056     8.3349    102.222     35.144  35.655196     3.7813      7.858   207.5762 8.7246e+01     2.9372      0.806      1.168    25.7449 0.0000e+00
      0.835      0.058     8.3116    101.899     35.167  35.664743     3.7769      7.852   207.6588 8.6109e+01     2.9585      0.817      1.186    25.7351 0.0000e+00
      0.851      0.062     8.2935    101.635     35.171  35.651774     3.7642      7.847   207.6986 8.5035e+01     3.0442      0.834      1.210    25.7293 0.0000e+00
      0.868      0.066     8.2797    101.438     35.156  35.625416     3.7657      7.843   207.7996 8.3915e+01     3.0888      0.852      1.235    25.7307 0.0000e+00
      0.886      0.067     8.2737    101.332     35.143  35.600111     3.7775      7.840   207.9338 8.2407e+01     3.1005      0.868      1.259    25.7258 0.0000e+00
      0.904      0.066     8.2750    101.301     35.160  35.599885     3.7780      7.837   208.0308 8.0109e+01     3.1248      0.887      1.286    25.7026 0.0000e+00
      0.923      0.064     8.2817    101.349     35.195  35.622661     3.7616      7.833   208.1114 7.7356e+01     3.1387      0.905      1.313    25.6719 0.0000e+00
      0.941      0.062     8.2930    101.479     35.196  35.621391     3.7449      7.830   208.1349 7.4926e+01     3.1468      0.924      1.340    25.6621 0.0000e+00
      0.955      0.061     8.3058    101.634     35.161  35.584516     3.7513      7.829   208.2280 7.2867e+01     3.1305      0.938      1.360    25.6518 0.0000e+00
      0.967      0.061     8.3175    101.758     35.142  35.557941     3.7743      7.826   208.3767 7.1085e+01     3.1242      0.947      1.374    25.6149 0.0000e+00
      0.980      0.061     8.3286    101.852     35.153  35.554144     3.7653      7.822   208.4700 6.9597e+01     3.1933      0.960      1.391    25.5939 0.0000e+00
      0.997      0.061     8.3400    101.937     35.158  35.538588     3.7249      7.819   208.6682 6.8163e+01     3.2952      0.976      1.415    25.5961 0.0000e+00
      1.016      0.061     8.3461    101.955     35.139  35.496867     3.7000      7.818   208.8803 6.6841e+01     3.3186      0.996      1.445    25.6005 0.0000e+00
      1.033      0.060     8.3436    101.868     35.094  35.430782     3.6936      7.818   209.0557 6.5902e+01     3.2922      1.015      1.472    25.5912 0.0000e+00
      1.048      0.058     8.3393    101.763     35.059  35.374745     3.6661      7.819   209.2397 6.5276e+01     3.3120      1.029      1.492    25.5648 0.0000e+00
      1.061      0.055     8.3370    101.676     35.034  35.327460     3.6065      7.821   209.3841 6.4693e+01     3.3446      1.040      1.509    25.5358 0.0000e+00
      1.073      0.054     8.3345    101.574     34.974  35.240157     3.5699      7.822   209.5980 6.4054e+01     3.3507      1.052      1.527    25.5029 0.0000e+00
      1.085      0.057     8.3302    101.425     34.915  35.144894     3.5641      7.820   210.0182 6.3371e+01     3.3244      1.064      1.543    25.4724 0.0000e+00
      1.098      0.063     8.3232    101.213     34.883  35.064876     3.5365      7.816   210.5936 6.2480e+01     3.2407      1.075      1.560    25.4466 0.0000e+00
      1.113      0.069     8.3157    100.960     34.850  34.971308     3.4842      7.812   210.9622 6.1309e+01     3.1314      1.089      1.581    25.4155 0.0000e+00
      1.132      0.074     8.3086    100.672     34.858  34.902759     3.4467      7.808   211.1192 6.0114e+01     3.0716      1.109      1.609    25.3811 0.0000e+00
      1.156      0.076     8.2928    100.272     34.904  34.871142     3.4411      7.805   211.3733 5.8939e+01     3.0673      1.133      1.644    25.3283 0.0000e+00
      1.180      0.075     8.2580     99.678     34.942  34.842983     3.5173      7.801   211.5400 5.7804e+01     3.1405      1.159      1.680    25.2605 0.0000e+00
      1.201      0.072     8.2000     98.844     34.967  34.816274     3.6517      7.798   211.7578 5.6959e+01     3.2852      1.179      1.710    25.1800 0.0000e+00
      1.217      0.067     8.1190     97.759     34.995  34.802209     3.7154      7.795   212.3728 5.6348e+01     3.3513      1.193      1.732    25.0599 0.0000e+00
      1.231      0.061     8.0238     96.517     35.030  34.799894     3.7081      7.791   212.9521 5.5787e+01     3.2988      1.207      1.751    24.9380 0.0000e+00
      1.244      0.056     7.9247     95.245     35.050  34.788225     3.6555      7.786   213.2553 5.5227e+01     3.1694      1.219      1.768    24.8450 0.0000e+00
      1.258      0.053     7.8250     93.989     35.074  34.788116     3.5663      7.780   213.5446 5.4597e+01     3.0078      1.234      1.790    24.7739 0.0000e+00
      1.272      0.051     7.7263     92.756     35.104  34.798544     3.5113      7.774   213.8690 5.3921e+01     2.9314      1.248      1.810    24.7179 0.0000e+00
      1.285      0.051     7.6324     91.584     35.111  34.787239     3.5059      7.768   214.1652 5.3244e+01     2.9176      1.261      1.829    24.6620 0.0000e+00
      1.297      0.051     7.5512     90.565     35.121  34.778435     3.5189      7.763   214.4589 5.2578e+01     2.9020      1.271      1.843    24.6148 0.0000e+00
      1.309      0.051     7.4845     89.715     35.183  34.819110     3.5405      7.758   214.7533 5.1962e+01     2.9256      1.282      1.860    24.5845 0.0000e+00
      1.322      0.051     7.4259     88.957     35.288  34.897893     3.5641      7.753   214.9718 5.1337e+01     2.9588      1.297      1.881    24.5601 0.0000e+00
      1.336      0.052     7.3697     88.227     35.384  34.968728     3.5745      7.748   215.2069 5.0676e+01     2.9375      1.311      1.900    24.5321 0.0000e+00
      1.350      0.055     7.3100     87.453     35.482  35.040334     3.5744      7.741   215.4449 5.0101e+01     2.8808      1.325      1.921    24.5069 0.0000e+00
      1.363      0.058     7.2405     86.556     35.601  35.128441     3.5726      7.733   215.6986 4.9614e+01     2.8537      1.338      1.940    24.4796 0.0000e+00
      1.377      0.060     7.1549     85.468     35.712  35.208220     3.5710      7.724   216.2104 4.9057e+01     2.8847      1.349      1.956    24.4408 0.0000e+00
      1.392      0.062     7.0520     84.182     35.772  35.242645     3.5732      7.714   216.7280 4.8476e+01     2.9193      1.364      1.978    24.4087 0.0000e+00
      1.410      0.064     6.9341     82.733     35.777  35.227033     3.5719      7.704   216.9666 4.8048e+01     2.9064      1.383      2.006    24.3744 0.0000e+00
      1.428      0.064     6.8045     81.155     35.775  35.209998     3.5642      7.694   217.2024 4.7724e+01     2.8809      1.401      2.032    24.3309 0.0000e+00
      1.445      0.064     6.6714     79.545     35.803  35.227204     3.5635      7.685   217.5137 4.7429e+01     2.8862      1.417      2.055    24.2879 0.0000e+00
      1.461      0.062     6.5457     78.035     35.825  35.244504     3.5722      7.675   217.7195 4.7180e+01     2.8789      1.433      2.079    24.2501 0.0000e+00
      1.477      0.059     6.4400     76.772     35.810  35.228594     3.5770      7.665   217.9703 4.6953e+01     2.8535      1.449      2.102    24.2233 0.0000e+00
      1.491      0.055     6.3619     75.843     35.806  35.225399     3.5487      7.656   218.3084 4.6716e+01     2.8225      1.463      2.122    24.2033 0.0000e+00
      1.505      0.051     6.3118     75.247     35.850  35.269398     3.4957      7.648   218.4529 4.6441e+01     2.7481      1.476      2.140    24.1886 0.0000e+00
      1.518      0.047     6.2896     74.979     35.899  35.315934     3.4692      7.641   218.7707 4.6067e+01     2.6870      1.490      2.161    24.1814 0.0000e+00
      1.529      0.045     6.2906     74.978     35.934  35.343406     3.4494      7.633   219.5701 4.5638e+01     2.6635      1.501      2.177    24.1804 0.0000e+00
      1.539      0.043     6.3044     75.118     35.951  35.347480     3.3393      7.625   220.2880 4.5271e+01     2.6479      1.508      2.188    24.1831 0.0000e+00
      1.549      0.043     6.3208     75.290     35.981  35.365175     3.1664      7.617   220.7405 4.4964e+01     2.6505      1.518      2.202    24.1836 0.0000e+00
      1.560      0.045     6.3287     75.372     36.055  35.430283     3.0778      7.606   221.2554 4.4667e+01     2.6642      1.530      2.219    24.1834 0.0000e+00
      1.571      0.050     6.3221     75.274     36.135  35.499477     3.0676      7.588   221.9526 4.4333e+01     2.6910      1.541      2.235    24.1778 0.0000e+00
      1.583      0.057     6.3030     75.009     36.223  35.566574     3.0702      7.570   222.5461 4.3929e+01     2.6999      1.552      2.252    24.1527 0.0000e+00
      1.595      0.063     6.2683     74.547     36.290  35.606295     3.1369      7.553   223.0109 4.3431e+01     2.6190      1.563      2.268    24.1336 0.0000e+00
      1.612      0.068     6.2122     73.843     36.302  35.598574     3.2590      7.536   223.5286 4.2817e+01     2.5068      1.579      2.290    24.1308 0.0000e+00
      1.635      0.070     6.1363     72.929     36.310  35.600233     3.3250      7.521   223.9007 4.2275e+01     2.4732      1.605      2.327    24.1206 0.0000e+00
      1.658      0.070     6.0487     71.883     36.339  35.626356     3.3275      7.508   224.1546 4.1960e+01     2.4874      1.629      2.362    24.0924 0.0000e+00
      1.677      0.066     5.9596     70.814     36.380  35.660332     3.3819      7.496   224.5337 4.1722e+01     2.4947      1.646      2.387    24.0481 0.0000e+00
      1.693      0.060     5.8754     69.799     36.421  35.693408     3.5043      7.483   224.9567 4.1506e+01     2.5006      1.662      2.410    24.0167 0.0000e+00
      1.706      0.053     5.7999     68.888     36.446  35.708653     3.5754      7.470   225.3107 4.1361e+01     2.4976      1.674      2.428    24.0160 0.0000e+00
      1.717      0.048     5.7377     68.129     36.467  35.717602     3.5803      7.457   225.6311 4.1239e+01     2.4585      1.684      2.442    24.0168 0.0000e+00
      1.727      0.045     5.6876     67.508     36.503  35.738066     3.5629      7.445   225.8195 4.1133e+01     2.3937      1.693      2.456    24.0070 0.0000e+00
      1.738      0.045     5.6464     66.992     36.547  35.765493     3.5307      7.434   225.9532 4.1037e+01     2.3240      1.703      2.471    23.9941 0.0000e+00
      1.749      0.046     5.6109     66.537     36.598  35.795109     3.5122      7.422   226.2152 4.0908e+01     2.2882      1.715      2.488    23.9847 0.0000e+00
      1.761      0.048     5.5728     66.039     36.673  35.842041     3.5049      7.408   226.5782 4.0726e+01     2.2971      1.728      2.506    23.9720 0.0000e+00
      1.773      0.052     5.5274     65.447     36.753  35.888246     3.4887      7.393   227.0727 4.0527e+01     2.3087      1.739      2.522    23.9439 0.0000e+00
      1.785      0.056     5.4765     64.780     36.815  35.909062     3.4636      7.376   227.6346 4.0339e+01     2.3069      1.750      2.539    23.9290 0.0000e+00
      1.799      0.060     5.4138     63.974     36.849  35.903099     3.4497      7.361   228.0376 4.0092e+01     2.2753      1.764      2.559    23.9031 0.0000e+00
      1.816      0.064     5.3281     62.923     36.850  35.879608     3.4496      7.349   228.3313 3.9767e+01     2.2317      1.780      2.582    23.8612 0.0000e+00
      1.835      0.066     5.2181     61.618     36.853  35.879092     3.4342      7.338   228.6049 3.9361e+01     2.2376      1.799      2.609    23.8233 0.0000e+00
      1.854      0.066     5.0878     60.080     36.870  35.896853     3.4013      7.325   228.8498 3.8931e+01     2.2860      1.819      2.639    23.7641 0.0000e+00
      1.872      0.064     4.9515     58.461     36.884  35.903783     3.3825      7.311   229.2277 3.8597e+01     2.2971      1.835      2.663    23.7038 0.0000e+00
      1.887      0.061     4.8380     57.110     36.886  35.899358     3.3907      7.299   229.7326 3.8294e+01     2.2806      1.850      2.685    23.6640 0.0000e+00
      1.902      0.056     4.7640     56.231     36.898  35.906856     3.3999      7.286   230.1360 3.8006e+01     2.2694      1.867      2.707    23.6711 0.0000e+00
      1.915      0.052     4.7260     55.775     36.929  35.930912     3.3919      7.273   230.4060 3.7794e+01     2.2532      1.879      2.725    23.6831 0.0000e+00
      1.927      0.048     4.7170     55.658     36.943  35.936120     3.3868      7.262   230.5885 3.7576e+01     2.2675      1.890      2.741    23.6611 0.0000e+00
      1.939      0.044     4.7319     55.822     36.921  35.906299     3.3929      7.252   230.6218 3.7353e+01     2.2898      1.902      2.760    23.6541 0.0000e+00
      1.951      0.040     4.7637     56.182     36.912  35.887945     3.3929      7.242   230.6354 3.7168e+01     2.2783      1.913      2.776    23.6537 0.0000e+00
      1.961      0.037     4.8038     56.642     36.938  35.904756     3.3684      7.233   230.7536 3.6998e+01     2.2814      1.923      2.791    23.6419 0.0000e+00
      1.970      0.035     4.8443     57.113     36.958  35.918981     3.3354      7.226   230.8469 3.6873e+01     2.3278      1.933      2.803    23.6318 0.0000e+00
      1.977      0.033     4.8791     57.518     36.976  35.932884     3.3239      7.219   230.9886 3.6753e+01     2.3517      1.939      2.812    23.6219 0.0000e+00
      1.983      0.033     4.9035     57.799     36.993  35.945801     3.3223      7.211   231.3485 3.6608e+01     2.3252      1.945      2.821    23.6064 0.0000e+00
      1.991      0.034     4.9180     57.965     36.999  35.948113     3.3340      7.201   231.8434 3.6473e+01     2.2522      1.953      2.832    23.5922 0.0000e+00
