Data/DataNotYetUploadedToEDI/Raw_CTD/RawDownloads/080618_fcr30.cnv
* Sea-Bird SBE19plus  Data File:
* FileName = C:\DATA\080618_fcr50_0004.hex
* Software version 2.6.3.104 SB_Terminal.dll
* Temperature SN = 7809
* Conductivity SN = 7809
* System UpLoad Time = Aug 06 2018 16:28:17
* <ApplicationData>
* <Seaterm232>
# nquan = 15
# nvalues = 562                         
# units = specified
# name 0 = depFM: Depth [fresh water, m]
# name 1 = dz/dtM: Descent Rate [m/s]
# name 2 = sbeox0Mg/L: Oxygen, SBE 43 [mg/l]
# name 3 = sbeox0PS: Oxygen, SBE 43 [% saturation]
# name 4 = specc: Specific Conductance [uS/cm]
# name 5 = c0uS/cm: Conductivity [uS/cm]
# name 6 = flECO-AFL: Fluorescence, WET Labs ECO-AFL/FL [mg/m^3]
# name 7 = ph: pH
# name 8 = orp: Oxidation Reduction Potential [mV]
# name 9 = par/sat/log: PAR/Logarithmic, Satlantic
# name 10 = turbWETntu0: Turbidity, WET Labs ECO [NTU]
# name 11 = prdM: Pressure, Strain Gauge [db]
# name 12 = prdE: Pressure, Strain Gauge [psi]
# name 13 = tv290C: Temperature [ITS-90, deg C]
# name 14 = flag:  0.000e+00
# span 0 =     -0.508,      5.398       
# span 1 =     -0.033,      0.181       
# span 2 =     0.0736,     8.7801       
# span 3 =      0.776,    108.162       
# span 4 =      1.647,     67.403       
# span 5 =   1.683079,  53.736607       
# span 6 =    -0.1758,     4.0823       
# span 7 =      5.981,      7.911       
# span 8 =   168.3850,   274.7521       
# span 9 = 8.0651e-01, 1.6847e+03       
# span 10 =    -0.2585,    24.9601      
# span 11 =     -0.499,      5.294      
# span 12 =     -0.725,      7.678      
# span 13 =    12.0089,    26.4494      
# span 14 = 0.0000e+00, 0.0000e+00      
# interval = seconds: 0.25
# start_time = Aug 06 2018 14:42:18 [Instrument's time stamp, header]
# bad_flag = -9.990e-29
*END*
     -0.507      0.000     8.0431     99.329      1.685   1.723070    -0.1549      5.983   274.7521 7.9502e+01    -0.0893     -0.497     -0.721    26.0758 0.0000e+00
     -0.507     -0.000     8.0437     99.340      1.674   1.711655    -0.1681      5.989   270.5270 7.8483e+01    -0.0548     -0.497     -0.721    26.0838 0.0000e+00
     -0.508     -0.001     8.0451     99.357      1.684   1.721948    -0.1758      5.997   264.6817 7.7716e+01    -0.0354     -0.498     -0.722    26.0954 0.0000e+00
     -0.508     -0.001     8.0453     99.359      1.683   1.720695    -0.1745      6.001   257.5927 7.8686e+01    -0.0384     -0.498     -0.722    26.1017 0.0000e+00
     -0.508     -0.000     8.0450     99.357      1.660   1.696501    -0.1700      6.004   250.8922 7.8981e+01    -0.0303     -0.498     -0.723    26.1052 0.0000e+00
     -0.508 -1.845e-08     8.0459     99.372      1.647   1.683079    -0.1678      6.009   247.6806 7.6261e+01     0.0329     -0.498     -0.722    26.1085 0.0000e+00
     -0.508 -2.029e-07     8.0460     99.377      1.649   1.685239    -0.1659      6.019   232.0983 7.3214e+01     0.0846     -0.499     -0.723    26.1072 0.0000e+00
     -0.508 -2.000e-07     8.0450     99.375      1.685   1.722618    -0.1656      6.030   205.0553 7.1546e+01     0.0447     -0.498     -0.722    26.1046 0.0000e+00
     -0.508 1.6707e-08     8.0452     99.388      1.840   1.881368    -0.1632      6.025   197.4942 7.2327e+01    -0.0214     -0.498     -0.722    26.1064 0.0000e+00
     -0.508 3.8532e-07     8.0447     99.387      2.099   2.146133    -0.1555      6.006   205.8088 7.7075e+01    -0.0438     -0.498     -0.722    26.1090 0.0000e+00
     -0.508      0.000     8.0447     99.378      2.273   2.323823    -0.1553      5.990   216.6214 8.2385e+01    -0.0418     -0.498     -0.723    26.1106 0.0000e+00
     -0.508      0.000     8.0475     99.388      2.454   2.507828    -0.1246      5.981   227.3045 8.6729e+01    -0.0902     -0.498     -0.722    26.1163 0.0000e+00
     -0.508      0.001     8.0521     99.406      3.037   3.102574    -0.0511      5.987   227.9449 9.2910e+01    -0.2015     -0.498     -0.722    26.1252 0.0000e+00
     -0.508      0.006     8.0595     99.454      4.908   5.012147    -0.0103      6.098   211.8879 1.0284e+02    -0.2585     -0.498     -0.723    26.1288 0.0000e+00
     -0.508      0.027     8.0684     99.557     13.198  13.482557     0.0012      6.467   185.8809 1.1663e+02    -0.0465     -0.498     -0.722    26.1233 0.0000e+00
     -0.508      0.071     8.0734     99.690     26.608  27.202823     0.2063      7.013   170.6684 1.2965e+02     2.1781     -0.498     -0.723    26.1111 0.0000e+00
     -0.506      0.121     8.0721     99.802     34.079  34.880652     0.6038      7.460   168.5434 1.4097e+02     6.2229     -0.497     -0.722    26.0875 0.0000e+00
     -0.488      0.161     8.0693     99.895     34.984  35.852924     0.8284      7.710   168.5325 1.5521e+02     8.4220     -0.499     -0.725    26.0558 0.0000e+00
     -0.420      0.181     8.0667     99.965     33.517  34.385081     0.9097      7.835   168.3850 1.7242e+02     8.4739     -0.434     -0.630    26.0388 0.0000e+00
     -0.315      0.179     8.0652    100.029     28.316  29.073735     1.5138      7.892   168.6534 1.8603e+02     7.0629     -0.290     -0.422    26.0796 0.0000e+00
     -0.237      0.157     8.0712    100.163     22.267  22.879080     2.6002      7.911   169.4543 1.8938e+02     4.4547     -0.211     -0.306    26.1693 0.0000e+00
     -0.211      0.118     8.0755    100.252     20.687  21.265628     3.1907      7.908   169.9814 1.8432e+02     3.0308     -0.200     -0.289    26.2401 0.0000e+00
     -0.215      0.071     8.0680    100.182     22.951  23.598769     3.2499      7.896   170.3806 1.7542e+02     2.9396     -0.208     -0.303    26.2934 0.0000e+00
     -0.226      0.031     8.0630    100.134     25.049  25.759710     3.2608      7.880   171.0974 1.6700e+02     2.9551     -0.225     -0.327    26.3442 0.0000e+00
     -0.232      0.014     8.0689    100.216     24.539  25.237040     3.2403      7.865   171.6786 1.6390e+02     3.0043     -0.230     -0.333    26.3772 0.0000e+00
     -0.228      0.017     8.0777    100.335     22.417  23.056823     3.2041      7.852   171.4716 1.6436e+02     3.1077     -0.227     -0.330    26.3944 0.0000e+00
     -0.216      0.029     8.0851    100.440     20.954  21.555386     3.1901      7.838   170.7454 1.6438e+02     3.1669     -0.214     -0.309    26.4055 0.0000e+00
     -0.201      0.042     8.0937    100.563     20.828  21.430109     3.1906      7.825   170.1254 1.6403e+02     3.1712     -0.195     -0.282    26.4134 0.0000e+00
     -0.190      0.054     8.1043    100.708     22.292  22.938625     3.1923      7.817   170.5994 1.6364e+02     3.0979     -0.184     -0.269    26.4172 0.0000e+00
     -0.182      0.065     8.1190    100.896     26.765  27.542934     3.1917      7.811   182.3277 1.6309e+02     2.9829     -0.180     -0.263    26.4214 0.0000e+00
     -0.167      0.076     8.1392    101.144     32.718  33.668094     3.1932      7.806   193.5417 1.6294e+02     2.9709     -0.166     -0.242    26.4289 0.0000e+00
     -0.145      0.089     8.1604    101.400     35.637  36.668300     3.2015      7.802   182.8926 1.6344e+02     2.9831     -0.143     -0.209    26.4390 0.0000e+00
     -0.119      0.102     8.1819    101.652     35.921  36.954678     3.2280      7.800   171.0994 1.6280e+02     2.9474     -0.119     -0.171    26.4474 0.0000e+00
     -0.088      0.110     8.2048    101.912     35.916  36.940087     3.2735      7.798   170.1161 1.5941e+02     2.9365     -0.087     -0.126    26.4494 0.0000e+00
     -0.054      0.110     8.2229    102.106     35.801  36.809488     3.3016      7.797   170.1431 1.5612e+02     2.9432     -0.052     -0.076    26.4462 0.0000e+00
     -0.022      0.103     8.2194    102.032     35.653  36.646100     3.3200      7.798   170.3071 1.4923e+02     2.9370     -0.021     -0.030    26.4420 0.0000e+00
      0.007      0.090     8.1704    101.397     35.572  36.552675     3.3948      7.802   170.5504 1.3696e+02     2.9223      0.008      0.013    26.4354 0.0000e+00
      0.029      0.072     8.0679    100.105     35.534  36.505710     3.5079      7.808   170.9338 1.2872e+02     2.8870      0.032      0.047    26.4213 0.0000e+00
      0.043      0.052     7.9344     98.435     35.495  36.459380     3.5658      7.815   171.2431 1.2392e+02     2.8464      0.045      0.065    26.4022 0.0000e+00
      0.051      0.032     7.7951     96.697     35.477  36.437159     3.5704      7.822   171.4502 1.1916e+02     2.8588      0.050      0.072    26.3853 0.0000e+00
      0.058      0.014     7.6590     95.001     35.470  36.427605     3.5362      7.827   171.8034 1.1536e+02     2.9451      0.057      0.084    26.3712 0.0000e+00
      0.059      0.000     7.5355     93.464     35.453  36.407380     3.4740      7.831   172.0729 1.1142e+02     3.0651      0.062      0.090    26.3596 0.0000e+00
      0.053     -0.009     7.4417     92.297     35.431  36.383200     3.4430      7.835   172.0404 1.0930e+02     3.1203      0.053      0.076    26.3515 0.0000e+00
      0.045     -0.012     7.3932     91.692     35.438  36.389332     3.4385      7.838   172.0989 1.1190e+02     3.0933      0.044      0.063    26.3469 0.0000e+00
      0.039     -0.010     7.3969     91.736     35.467  36.417992     3.4373      7.840   172.4362 1.1543e+02     3.0747      0.040      0.057    26.3430 0.0000e+00
      0.034     -0.007     7.4360     92.219     35.462  36.412102     3.4556      7.843   172.7630 1.1430e+02     3.0477      0.032      0.045    26.3396 0.0000e+00
      0.034     -0.002     7.4738     92.688     35.432  36.381647     3.4859      7.846   172.9535 1.1178e+02     2.9806      0.029      0.041    26.3379 0.0000e+00
      0.040      0.003     7.4867     92.847     35.418  36.367380     3.5000      7.848   173.1904 1.1102e+02     2.9349      0.040      0.058    26.3363 0.0000e+00
      0.045      0.008     7.4742     92.693     35.417  36.366651     3.4984      7.848   173.7349 1.1333e+02     2.9222      0.047      0.068    26.3343 0.0000e+00
      0.044      0.013     7.4360     92.220     35.423  36.372832     3.4654      7.848   174.3740 1.2029e+02     2.9182      0.044      0.063    26.3333 0.0000e+00
      0.043      0.013     7.3658     91.350     35.429  36.378586     3.4142      7.847   175.4971 1.2753e+02     2.9178      0.041      0.059    26.3333 0.0000e+00
      0.047      0.012     7.2623     90.066     35.423  36.372705     3.3938      7.846   177.9371 1.2934e+02     2.9168      0.044      0.065    26.3333 0.0000e+00
      0.055      0.012     7.1346     88.482     35.416  36.365245     3.3924      7.845   181.9352 1.2708e+02     2.9062      0.055      0.080    26.3340 0.0000e+00
      0.060      0.012     7.0082     86.913     35.404  36.351905     3.4064      7.845   188.6487 1.3129e+02     2.9117      0.061      0.088    26.3345 0.0000e+00
      0.061      0.009     6.9095     85.684     35.392  36.338460     3.4359      7.845   195.1816 1.6318e+02     2.9530      0.060      0.087    26.3343 0.0000e+00
      0.061      0.002     6.8449     84.876     35.387  36.329731     3.4455      7.846   196.0492 4.0770e+02     2.9781      0.059      0.086    26.3345 0.0000e+00
      0.063     -0.010     6.8052     84.376     35.371  36.309888     3.4390      7.849   195.6973 6.4599e+02     2.9712      0.061      0.089    26.3348 0.0000e+00
      0.066     -0.021     6.7847     84.112     35.356  36.289105     3.4120      7.854   197.7245 4.7864e+02     2.9312      0.066      0.096    26.3335 0.0000e+00
      0.061     -0.028     6.7942     84.219     35.341  36.269006     3.3586      7.859   194.8344 2.6418e+02     2.8908      0.065      0.093    26.3303 0.0000e+00
      0.046     -0.032     6.8513     84.917     35.334  36.257437     3.3266      7.862   187.8557 2.2206e+02     2.9099      0.048      0.069    26.3257 0.0000e+00
      0.027     -0.033     6.9563     86.210     35.355  36.276265     3.3192      7.862   184.5860 2.1066e+02     2.9486      0.023      0.034    26.3208 0.0000e+00
      0.015     -0.030     7.0803     87.744     35.387  36.306079     3.2688      7.864   184.5544 2.1864e+02     2.9617      0.011      0.015    26.3152 0.0000e+00
      0.011     -0.022     7.1890     89.088     35.382  36.300295     3.1770      7.867   185.7525 2.2557e+02     2.9465      0.009      0.013    26.3073 0.0000e+00
      0.011     -0.012     7.2689     90.078     35.352  36.269850     3.1282      7.869   186.2525 2.3056e+02     2.9170      0.012      0.017    26.2996 0.0000e+00
      0.012     -0.002     7.3190     90.699     35.338  36.255594     3.1287      7.869   183.7171 2.3488e+02     2.9102      0.013      0.019    26.2952 0.0000e+00
      0.012      0.003     7.3394     90.952     35.338  36.254969     3.1277      7.869   180.9083 2.3853e+02     2.9252      0.011      0.015    26.2931 0.0000e+00
      0.012      0.003     7.3290     90.822     35.346  36.262297     3.1352      7.869   179.9105 2.3999e+02     2.9152      0.011      0.016    26.2921 0.0000e+00
      0.015      0.002     7.2852     90.280     35.363  36.280671     3.1647      7.869   180.0844 2.3940e+02     2.8813      0.015      0.022    26.2915 0.0000e+00
      0.018      0.000     7.2132     89.399     35.364  36.286554     3.1895      7.870   181.2041 2.6181e+02     2.8818      0.018      0.026    26.2916 0.0000e+00
      0.018     -0.001     7.1254     88.330     35.339  36.269911     3.1966      7.872   183.0385 5.6351e+02     2.9212      0.018      0.027    26.2914 0.0000e+00
      0.016     -0.001     7.0298     87.163     35.331  36.270024     3.1767      7.874   183.6785 1.0513e+03     2.9301      0.015      0.023    26.2905 0.0000e+00
      0.012     -0.001     6.9265     85.892     35.345  36.287936     3.1422      7.876   181.8878 1.0811e+03     2.8976      0.012      0.017    26.2893 0.0000e+00
      0.011     -0.000     6.8167     84.532     35.352  36.295911     3.1284      7.876   180.4011 6.7537e+02     2.8948      0.011      0.015    26.2949 0.0000e+00
      0.012      0.001     6.7074     83.175     35.360  36.302936     3.1288      7.874   180.2444 3.4639e+02     2.9261      0.011      0.016    26.3112 0.0000e+00
      0.014      0.002     6.6019     81.862     35.368  36.309354     3.0836      7.872   180.1651 2.4294e+02     2.9416      0.014      0.020    26.3244 0.0000e+00
      0.017      0.004     6.5030     80.632     35.370  36.309989     2.9954      7.871   180.2171 3.1366e+02     2.9301      0.018      0.026    26.3291 0.0000e+00
      0.017      0.004     6.4154     79.541     35.373  36.310606     2.9442      7.869   180.4426 3.8643e+02     2.9081      0.017      0.025    26.3294 0.0000e+00
      0.017      0.003     6.3379     78.578     35.381  36.316805     2.9238      7.867   180.6543 3.1711e+02     2.9204      0.016      0.023    26.3283 0.0000e+00
      0.018      0.002     6.2685     77.717     35.386  36.321425     2.8226      7.866   180.8839 2.4080e+02     2.9566      0.016      0.024    26.3258 0.0000e+00
      0.019      0.001     6.2070     76.954     35.368  36.302938     2.6490      7.866   181.1538 2.3372e+02     2.9481      0.018      0.027    26.3219 0.0000e+00
      0.020      0.001     6.1521     76.272     35.349  36.283843     2.5614      7.868   181.3367 2.3167e+02     2.9091      0.020      0.029    26.3188 0.0000e+00
      0.019      0.001     6.1007     75.633     35.348  36.281116     2.5543      7.870   181.3743 2.2971e+02     2.9133      0.020      0.029    26.3162 0.0000e+00
      0.018      0.000     6.0508     75.012     35.338  36.269974     2.4986      7.871   181.4363 2.2742e+02     2.9983      0.017      0.026    26.3159 0.0000e+00
      0.018     -0.001     6.0009     74.393     35.344  36.276164     2.4027      7.873   181.5700 2.2481e+02     3.1130      0.016      0.024    26.3167 0.0000e+00
      0.019     -0.003     5.9506     73.768     35.360  36.292437     2.3595      7.876   181.7003 2.2321e+02     3.1714      0.018      0.026    26.3161 0.0000e+00
      0.019     -0.003     5.9014     73.158     35.345  36.276157     2.3625      7.879   181.9797 2.2287e+02     3.1855      0.019      0.028    26.3140 0.0000e+00
      0.018     -0.002     5.8546     72.575     35.340  36.269900     2.3569      7.880   182.3662 2.2300e+02     3.1619      0.018      0.027    26.3120 0.0000e+00
      0.016     -0.001     5.8119     72.043     35.351  36.280304     2.3919      7.880   182.7605 2.2290e+02     3.0687      0.014      0.022    26.3119 0.0000e+00
      0.014     -0.001     5.7724     71.553     35.347  36.274909     2.4829      7.879   183.3055 2.2123e+02     2.9742      0.012      0.018    26.3128 0.0000e+00
      0.014      0.000     5.7331     71.064     35.342  36.268185     2.5369      7.878   183.8798 2.1787e+02     2.9649      0.013      0.019    26.3122 0.0000e+00
      0.016      0.000     5.6952     70.591     35.337  36.262523     2.5493      7.877   184.3691 2.1472e+02     2.9861      0.016      0.023    26.3099 0.0000e+00
      0.018     -0.000     5.6597     70.151     35.344  36.269973     2.6150      7.877   184.5754 2.1445e+02     3.0180      0.018      0.027    26.3076 0.0000e+00
      0.018     -0.001     5.6256     69.726     35.369  36.294738     2.7336      7.879   184.3952 2.1705e+02     3.1061      0.018      0.026    26.3057 0.0000e+00
      0.017     -0.002     5.5923     69.314     35.383  36.307859     2.7983      7.880   184.2550 2.2004e+02     3.1652      0.016      0.024    26.3044 0.0000e+00
      0.016     -0.005     5.5591     68.903     35.377  36.301564     2.7994      7.882   184.1711 2.2201e+02     3.1532      0.015      0.022    26.3040 0.0000e+00
      0.015     -0.006     5.5254     68.485     35.357  36.282158     2.8299      7.884   184.0686 2.2389e+02     3.0828      0.014      0.021    26.3030 0.0000e+00
