Data/DataNotYetUploadedToEDI/Raw_CTD/RawDownloads/080618_fcr20.cnv
* Sea-Bird SBE19plus  Data File:
* FileName = C:\DATA\080618_fcr50_0003.hex
* Software version 2.6.3.104 SB_Terminal.dll
* Temperature SN = 7809
* Conductivity SN = 7809
* System UpLoad Time = Aug 06 2018 16:27:59
* <ApplicationData>
* <Seaterm232>
# nquan = 15
# nvalues = 360                         
# units = specified
# name 0 = depFM: Depth [fresh water, m]
# name 1 = dz/dtM: Descent Rate [m/s]
# name 2 = sbeox0Mg/L: Oxygen, SBE 43 [mg/l]
# name 3 = sbeox0PS: Oxygen, SBE 43 [% saturation]
# name 4 = specc: Specific Conductance [uS/cm]
# name 5 = c0uS/cm: Conductivity [uS/cm]
# name 6 = flECO-AFL: Fluorescence, WET Labs ECO-AFL/FL [mg/m^3]
# name 7 = ph: pH
# name 8 = orp: Oxidation Reduction Potential [mV]
# name 9 = par/sat/log: PAR/Logarithmic, Satlantic
# name 10 = turbWETntu0: Turbidity, WET Labs ECO [NTU]
# name 11 = prdM: Pressure, Strain Gauge [db]
# name 12 = prdE: Pressure, Strain Gauge [psi]
# name 13 = tv290C: Temperature [ITS-90, deg C]
# name 14 = flag:  0.000e+00
# span 0 =     -0.513,      3.489       
# span 1 =     -0.081,      0.220       
# span 2 =    -0.1588,     8.9430       
# span 3 =     -1.788,    108.192       
# span 4 =      2.225,    114.434       
# span 5 =   2.225053,  95.521719       
# span 6 =    -0.3056,     5.2991       
# span 7 =      6.539,      8.131       
# span 8 =    84.3476,   282.8923       
# span 9 = 5.6377e+00, 3.5942e+02       
# span 10 =    -0.6729,     8.0044      
# span 11 =     -0.504,      3.423      
# span 12 =     -0.731,      4.964      
# span 13 =    16.3886,    25.9338      
# span 14 = 0.0000e+00, 0.0000e+00      
# interval = seconds: 0.25
# start_time = Aug 06 2018 14:13:51 [Instrument's time stamp, header]
# bad_flag = -9.990e-29
*END*
[from data line 193]
      0.896      0.066     8.6516    104.510     34.983  34.912458     4.2145      7.810   237.7131 5.9869e+01     2.9921      0.878      1.273    24.9471 0.0000e+00
      0.912      0.068     8.6635    104.610     34.996  34.910035     4.2310      7.807   237.6565 5.9052e+01     2.9581      0.892      1.294    24.9392 0.0000e+00
      0.932      0.068     8.6749    104.708     34.984  34.883463     4.2318      7.808   237.6921 5.7914e+01     2.9238      0.913      1.324    24.9331 0.0000e+00
      0.952      0.068     8.6803    104.735     34.959  34.845240     4.2432      7.809   237.8851 5.6727e+01     2.8219      0.935      1.355    24.9183 0.0000e+00
      0.971      0.067     8.6705    104.576     34.958  34.828979     4.2670      7.811   238.0112 5.5711e+01     2.7024      0.953      1.382    24.8936 0.0000e+00
      0.986      0.065     8.6396    104.160     34.959  34.813863     4.2802      7.814   238.0119 5.4887e+01     2.6696      0.967      1.403    24.8694 0.0000e+00
      1.000      0.061     8.5939    103.566     34.950  34.789490     4.2844      7.817   238.0658 5.4123e+01     2.6996      0.980      1.422    24.8506 0.0000e+00
      1.015      0.057     8.5457    102.953     34.960  34.788334     4.2904      7.819   238.3191 5.3314e+01     2.7597      0.996      1.444    24.8322 0.0000e+00
      1.030      0.054     8.5017    102.407     34.977  34.799873     4.2883      7.819   238.6649 5.2535e+01     2.8470      1.010      1.467    24.8104 0.0000e+00
      1.044      0.052     8.4638    101.944     34.982  34.801954     4.2867      7.819   239.4931 5.1885e+01     2.9006      1.025      1.487    24.7866 0.0000e+00
      1.057      0.051     8.4331    101.568     34.996  34.813493     4.2892      7.818   240.6751 5.1370e+01     2.9194      1.038      1.505    24.7622 0.0000e+00
      1.069      0.051     8.4091    101.266     35.000  34.812346     4.2538      7.817   241.2561 5.0954e+01     2.9221      1.048      1.520    24.7443 0.0000e+00
      1.080      0.051     8.3902    101.022     34.982  34.788081     4.1893      7.815   241.0964 5.0571e+01     2.9024      1.060      1.536    24.7386 0.0000e+00
      1.093      0.053     8.3749    100.825     34.972  34.774172     4.1620      7.812   240.6374 5.0178e+01     2.8944      1.071      1.553    24.7364 0.0000e+00
      1.107      0.058     8.3637    100.684     34.971  34.771203     4.1719      7.808   240.4386 4.9763e+01     2.9179      1.085      1.573    24.7342 0.0000e+00
      1.122      0.065     8.3582    100.610     34.955  34.752191     4.3091      7.801   240.5857 4.9306e+01     2.9417      1.101      1.597    24.7277 0.0000e+00
      1.137      0.072     8.3573    100.588     34.942  34.734844     4.5706      7.794   240.7817 4.8740e+01     2.9389      1.114      1.616    24.7156 0.0000e+00
      1.155      0.077     8.3596    100.602     34.965  34.752012     4.7152      7.789   240.9154 4.7927e+01     2.9145      1.131      1.640    24.7091 0.0000e+00
      1.179      0.079     8.3606    100.599     34.987  34.769192     4.7344      7.787   240.9964 4.6900e+01     2.9215      1.155      1.676    24.7079 0.0000e+00
      1.204      0.079     8.3517    100.480     34.975  34.752011     4.7474      7.785   241.0734 4.5927e+01     2.9620      1.182      1.715    24.7041 0.0000e+00
      1.226      0.076     8.3282    100.185     34.963  34.734829     4.7703      7.784   241.0722 4.5072e+01     2.9456      1.204      1.746    24.6976 0.0000e+00
      1.246      0.070     8.2922     99.741     34.984  34.751996     4.8097      7.784   241.0679 4.4261e+01     2.9070      1.222      1.772    24.6900 0.0000e+00
      1.262      0.065     8.2506     99.227     35.006  34.769007     4.8370      7.784   241.2794 4.3558e+01     2.9224      1.239      1.797    24.6821 0.0000e+00
      1.275      0.060     8.2097     98.722     34.992  34.749938     4.8346      7.780   241.6508 4.2972e+01     2.9488      1.251      1.814    24.6747 0.0000e+00
      1.287      0.058     8.1726     98.262     34.959  34.711989     4.8550      7.775   242.0312 4.2412e+01     2.9520      1.262      1.829    24.6684 0.0000e+00
      1.300      0.059     8.1419     97.879     34.943  34.691269     4.9175      7.768   242.4374 4.1848e+01     2.9297      1.274      1.849    24.6625 0.0000e+00
      1.315      0.060     8.1215     97.619     34.948  34.689968     4.9557      7.760   242.7769 4.1276e+01     2.8923      1.289      1.870    24.6557 0.0000e+00
      1.332      0.062     8.1131     97.504     34.960  34.696253     4.9591      7.754   242.9515 4.0737e+01     2.8664      1.306      1.894    24.6480 0.0000e+00
      1.350      0.063     8.1083     97.437     34.971  34.703733     4.9862      7.749   243.0861 4.0307e+01     2.8307      1.324      1.921    24.6407 0.0000e+00
      1.367      0.063     8.0948     97.271     34.986  34.716882     5.0449      7.745   243.2855 3.9973e+01     2.7662      1.343      1.947    24.6336 0.0000e+00
      1.382      0.062     8.0715     96.976     35.003  34.728193     5.0897      7.741   243.4697 3.9697e+01     2.6965      1.357      1.968    24.6259 0.0000e+00
      1.397      0.060     8.0465     96.640     35.002  34.713450     5.1045      7.738   243.5931 3.9437e+01     2.6604      1.369      1.986    24.6164 0.0000e+00
      1.412      0.060     8.0246     96.334     35.035  34.729158     5.1143      7.733   243.7446 3.9137e+01     2.6952      1.384      2.008    24.6100 0.0000e+00
      1.427      0.061     8.0035     96.041     35.114  34.791063     5.1342      7.727   243.9244 3.8768e+01     2.7212      1.399      2.029    24.6119 0.0000e+00
      1.442      0.062     7.9784     95.708     35.162  34.826715     5.1512      7.722   244.1325 3.8360e+01     2.6996      1.414      2.051    24.6066 0.0000e+00
      1.458      0.063     7.9457     95.291     35.188  34.842610     5.1639      7.719   244.4547 3.7937e+01     2.7080      1.430      2.074    24.5832 0.0000e+00
      1.475      0.063     7.9047     94.778     35.210  34.856190     5.1960      7.716   244.8090 3.7481e+01     2.7312      1.445      2.097    24.5560 0.0000e+00
      1.493      0.062     7.8591     94.218     35.224  34.863863     5.2547      7.712   245.0598 3.7012e+01     2.7367      1.464      2.123    24.5332 0.0000e+00
      1.509      0.060     7.8135     93.654     35.303  34.935379     5.2951      7.709   245.3368 3.6573e+01     2.7430      1.481      2.148    24.5161 0.0000e+00
      1.524      0.060     7.7676     93.079     35.465  35.085674     5.2991      7.704   245.7486 3.6197e+01     2.7464      1.495      2.168    24.5021 0.0000e+00
      1.537      0.063     7.7239     92.522     35.615  35.220097     5.2932      7.695   246.3385 3.5832e+01     2.7167      1.507      2.186    24.4897 0.0000e+00
      1.550      0.068     7.6839     92.005     35.702  35.290249     5.2784      7.685   246.9631 3.5421e+01     2.6287      1.519      2.203    24.4836 0.0000e+00
      1.565      0.075     7.6369     91.400     35.793  35.362165     5.2677      7.671   247.4502 3.4937e+01     2.5363      1.534      2.225    24.4744 0.0000e+00
      1.585      0.082     7.5668     90.515     35.906  35.454390     5.2739      7.659   248.3569 3.4320e+01     2.5150      1.553      2.252    24.4606 0.0000e+00
      1.609      0.088     7.4720     89.335     35.988  35.516017     5.2804      7.649   249.8380 3.3595e+01     2.5239      1.577      2.288    24.4416 0.0000e+00
      1.638      0.090     7.3633     87.991     36.092  35.599092     5.2809      7.640   250.3006 3.2903e+01     2.5215      1.606      2.330    24.4179 0.0000e+00
      1.665      0.087     7.2448     86.540     36.207  35.696560     5.2802      7.633   249.1311 3.2353e+01     2.5170      1.634      2.369    24.3934 0.0000e+00
      1.687      0.080     7.1209     85.040     36.262  35.741642     5.2723      7.628   248.1738 3.1905e+01     2.5005      1.655      2.401    24.3649 0.0000e+00
      1.706      0.072     6.9994     83.581     36.287  35.763022     5.2673      7.623   248.1051 3.1519e+01     2.4742      1.674      2.428    24.3382 0.0000e+00
      1.721      0.066     6.8897     82.267     36.291  35.764497     5.2474      7.616   248.2996 3.1220e+01     2.4123      1.689      2.450    24.3089 0.0000e+00
      1.733      0.061     6.8019     81.211     36.290  35.759474     5.1880      7.608   248.4607 3.0958e+01     2.3320      1.700      2.465    24.2837 0.0000e+00
      1.747      0.058     6.7417     80.471     36.308  35.765801     5.1471      7.601   248.5052 3.0659e+01     2.2960      1.712      2.483    24.2731 0.0000e+00
      1.762      0.058     6.7073     80.018     36.340  35.777459     5.1480      7.594   248.7507 3.0310e+01     2.2835      1.727      2.504    24.2712 0.0000e+00
      1.779      0.058     6.6882     79.744     36.423  35.836883     5.0967      7.587   249.1068 2.9972e+01     2.3028      1.745      2.531    24.2687 0.0000e+00
      1.795      0.059     6.6772     79.566     36.524  35.912551     4.9773      7.577   249.2827 2.9680e+01     2.3768      1.762      2.555    24.2673 0.0000e+00
      1.809      0.059     6.6707     79.436     36.568  35.930046     4.9087      7.566   249.4148 2.9405e+01     2.4462      1.774      2.573    24.2557 0.0000e+00
      1.823      0.059     6.6589     79.243     36.586  35.921333     4.9019      7.556   249.7579 2.9086e+01     2.4701      1.786      2.591    24.2201 0.0000e+00
      1.838      0.060     6.6302     78.850     36.625  35.934208     4.9135      7.547   250.2482 2.8721e+01     2.4829      1.802      2.614    24.1892 0.0000e+00
      1.852      0.061     6.5789     78.190     36.675  35.958634     4.9477      7.537   250.6098 2.8333e+01     2.5088      1.818      2.636    24.1603 0.0000e+00
      1.867      0.063     6.5052     77.267     36.703  35.962549     4.9654      7.528   250.7750 2.7879e+01     2.5083      1.831      2.654    24.1216 0.0000e+00
      1.884      0.064     6.4129     76.125     36.747  35.981496     4.9628      7.520   250.9555 2.7439e+01     2.5079      1.848      2.680    24.0864 0.0000e+00
      1.902      0.064     6.3098     74.855     36.852  36.060639     4.9713      7.513   251.2425 2.7089e+01     2.5347      1.866      2.707    24.0517 0.0000e+00
      1.919      0.063     6.2032     73.543     36.977  36.157148     4.9766      7.505   251.4058 2.6796e+01     2.5573      1.882      2.730    24.0164 0.0000e+00
      1.936      0.061     6.0954     72.219     37.107  36.259011     4.9709      7.497   251.5529 2.6525e+01     2.5681      1.898      2.753    23.9846 0.0000e+00
      1.951      0.058     5.9895     70.923     37.213  36.339368     4.9670      7.487   251.8166 2.6272e+01     2.5430      1.913      2.774    23.9533 0.0000e+00
      1.965      0.057     5.8945     69.757     37.264  36.366418     4.9663      7.477   252.0991 2.6078e+01     2.4984      1.927      2.795    23.9204 0.0000e+00
      1.978      0.058     5.8159     68.786     37.319  36.395466     4.9540      7.467   252.4733 2.5914e+01     2.4863      1.940      2.814    23.8858 0.0000e+00
      1.990      0.063     5.7514     67.973     37.390  36.436452     4.9283      7.454   253.2447 2.5699e+01     2.5188      1.951      2.830    23.8513 0.0000e+00
      2.004      0.072     5.7009     67.305     37.413  36.417271     4.9124      7.435   254.0267 2.5415e+01     2.5557      1.964      2.849    23.8200 0.0000e+00
      2.021      0.081     5.6642     66.775     37.408  36.354056     4.9089      7.415   254.2697 2.5036e+01     2.5348      1.980      2.872    23.7895 0.0000e+00
      2.043      0.088     5.6310     66.273     37.495  36.370808     4.9689      7.399   254.2910 2.4525e+01     2.5411      2.001      2.902    23.7592 0.0000e+00
      2.072      0.092     5.5876     65.653     37.755  36.556197     5.0954      7.388   254.2835 2.3912e+01     2.6623      2.030      2.945    23.7246 0.0000e+00
      2.104      0.091     5.5172     64.733     38.150  36.880312     5.1605      7.378   254.2652 2.3343e+01     2.7188      2.065      2.996    23.6710 0.0000e+00
      2.130      0.086     5.3931     63.194     38.512  37.176824     5.1500      7.368   254.5007 2.2933e+01     2.6748      2.093      3.035    23.5902 0.0000e+00
      2.149      0.077     5.2016     60.873     38.675  37.282540     5.0693      7.359   255.0656 2.2628e+01     2.6493      2.109      3.058    23.4940 0.0000e+00
      2.164      0.067     4.9672     58.058     38.647  37.205535     4.9293      7.349   255.2446 2.2368e+01     2.5936      2.123      3.079    23.4034 0.0000e+00
      2.178      0.060     4.7282     55.200     38.557  37.071538     4.8539      7.339   255.2879 2.2120e+01     2.5202      2.136      3.098    23.3276 0.0000e+00
      2.191      0.056     4.5114     52.615     38.456  36.932868     4.8383      7.327   256.3633 2.1860e+01     2.4639      2.149      3.116    23.2607 0.0000e+00
      2.205      0.056     4.3274     50.423     38.288  36.735833     4.7589      7.314   257.1481 2.1618e+01     2.4309      2.163      3.137    23.1937 0.0000e+00
      2.219      0.057     4.1705     48.553     38.112  36.531391     4.6197      7.300   256.4314 2.1419e+01     2.4271      2.176      3.156    23.1269 0.0000e+00
      2.233      0.058     4.0349     46.935     38.042  36.430214     4.5425      7.287   255.9574 2.1229e+01     2.4484      2.189      3.175    23.0645 0.0000e+00
      2.249      0.060     3.9214     45.586     38.037  36.401814     4.5334      7.274   256.1489 2.1026e+01     2.5051      2.205      3.199    23.0101 0.0000e+00
      2.266      0.061     3.8191     44.385     38.024  36.378546     4.5288      7.261   256.0801 2.0864e+01     2.5327      2.223      3.225    22.9674 0.0000e+00
      2.281      0.063     3.7109     43.122     37.856  36.212381     4.4775      7.249   255.9863 2.0707e+01     2.5086      2.237      3.244    22.9228 0.0000e+00
      2.297      0.065     3.5947     41.754     37.498  35.853775     4.3906      7.236   256.2183 2.0485e+01     2.4878      2.250      3.264    22.8699 0.0000e+00
      2.313      0.067     3.4812     40.395     37.208  35.536426     4.3516      7.221   256.7347 2.0245e+01     2.4944      2.269      3.290    22.8381 0.0000e+00
      2.330      0.069     3.3822     39.196     37.076  35.360849     4.3456      7.208   257.2402 1.9986e+01     2.4972      2.284      3.313    22.8264 0.0000e+00
      2.347      0.071     3.2903     38.087     36.946  35.191805     4.2814      7.195   257.5979 1.9660e+01     2.5831      2.301      3.338    22.8279 0.0000e+00
      2.367      0.073     3.1823     36.796     36.741  34.953454     4.1639      7.182   257.9623 1.9284e+01     2.7698      2.321      3.366    22.8188 0.0000e+00
      2.387      0.073     3.0488     35.211     36.525  34.702113     4.1010      7.170   258.2904 1.8921e+01     2.8620      2.342      3.396    22.7526 0.0000e+00
      2.407      0.072     2.8964     33.404     36.374  34.503031     4.0903      7.158   258.5537 1.8625e+01     2.8740      2.362      3.425    22.6745 0.0000e+00
      2.425      0.071     2.7286     31.415     36.390  34.451865     4.0074      7.145   258.9945 1.8390e+01     2.9449      2.378      3.449    22.6189 0.0000e+00
      2.441      0.070     2.5416     29.204     36.549  34.528004     3.8610      7.132   259.5767 1.8163e+01     3.0477      2.394      3.472    22.5632 0.0000e+00
      2.458      0.070     2.3282     26.699     36.706  34.597775     3.7816      7.117   260.2589 1.7896e+01     3.1103      2.410      3.496    22.5034 0.0000e+00
      2.475      0.071     2.0797     23.802     36.920  34.723683     3.7823      7.102   260.5310 1.7616e+01     3.1523      2.427      3.519    22.4308 0.0000e+00
      2.494      0.071     1.7907     20.461     37.655  35.351532     3.8239      7.089   260.1137 1.7322e+01     3.1593      2.445      3.546    22.3351 0.0000e+00
