Data/DataNotYetUploadedToEDI/Raw_CTD/RawDownloads/080618_fcr30.cnv
* Sea-Bird SBE19plus  Data File:
* FileName = C:\DATA\080618_fcr50_0004.hex
* Software version 2.6.3.104 SB_Terminal.dll
* Temperature SN = 7809
* Conductivity SN = 7809
* System UpLoad Time = Aug 06 2018 16:28:17
* <ApplicationData>
* <Seaterm232>
# nquan = 15
# nvalues = 562                         
# units = specified
# name 0 = depFM: Depth [fresh water, m]
# name 1 = dz/dtM: Descent Rate [m/s]
# name 2 = sbeox0Mg/L: Oxygen, SBE 43 [mg/l]
# name 3 = sbeox0PS: Oxygen, SBE 43 [% saturation]
# name 4 = specc: Specific Conductance [uS/cm]
# name 5 = c0uS/cm: Conductivity [uS/cm]
# name 6 = flECO-AFL: Fluorescence, WET Labs ECO-AFL/FL [mg/m^3]
# name 7 = ph: pH
# name 8 = orp: Oxidation Reduction Potential [mV]
# name 9 = par/sat/log: PAR/Logarithmic, Satlantic
# name 10 = turbWETntu0: Turbidity, WET Labs ECO [NTU]
# name 11 = prdM: Pressure, Strain Gauge [db]
# name 12 = prdE: Pressure, Strain Gauge [psi]
# name 13 = tv290C: Temperature [ITS-90, deg C]
# name 14 = flag:  0.000e+00
# span 0 =     -0.508,      5.398       
# span 1 =     -0.033,      0.181       
# span 2 =     0.0736,     8.7801       
# span 3 =      0.776,    108.162       
# span 4 =      1.647,     67.403       
# span 5 =   1.683079,  53.736607       
# span 6 =    -0.1758,     4.0823       
# span 7 =      5.981,      7.911       
# span 8 =   168.3850,   274.7521       
# span 9 = 8.0651e-01, 1.6847e+03       
# span 10 =    -0.2585,    24.9601      
# span 11 =     -0.499,      5.294      
# span 12 =     -0.725,      7.678      
# span 13 =    12.0089,    26.4494      
# span 14 = 0.0000e+00, 0.0000e+00      
# interval = seconds: 0.25
# start_time = Aug 06 2018 14:42:18 [Instrument's time stamp, header]
# bad_flag = -9.990e-29
*END*
[from data line 97]
      0.009     -0.003     5.4705     67.801     35.347  36.269974     2.9422      7.887   184.1063 2.3617e+02     2.9307      0.010      0.014    26.3012 0.0000e+00
      0.007     -0.002     5.4498     67.544     35.371  36.293489     2.9420      7.887   184.2448 2.5961e+02     2.9004      0.007      0.009    26.3010 0.0000e+00
      0.008     -0.002     5.4314     67.316     35.371  36.293999     2.9259      7.888   184.4329 2.8379e+02     2.8942      0.006      0.009    26.3014 0.0000e+00
      0.012     -0.002     5.4192     67.166     35.353  36.276143     2.9125      7.889   184.7455 2.7780e+02     2.9170      0.012      0.018    26.3008 0.0000e+00
      0.014     -0.002     5.4133     67.091     35.346  36.268173     2.9175      7.890   185.0998 2.6515e+02     2.9327      0.015      0.022    26.2990 0.0000e+00
      0.010     -0.001     5.4087     67.032     35.340  36.261154     2.9313      7.890   185.3613 2.6265e+02     2.9312      0.011      0.016    26.2981 0.0000e+00
      0.005      0.001     5.4021     66.949     35.335  36.254793     2.9508      7.889   185.5839 2.5978e+02     2.9600      0.004      0.006    26.2994 0.0000e+00
      0.003      0.001     5.3919     66.822     35.335  36.254783     2.9794      7.889   185.7263 2.5626e+02     3.0666      0.002      0.002    26.2997 0.0000e+00
      0.006      0.002     5.3815     66.695     35.339  36.261030     2.9917      7.889   185.7923 2.5288e+02     3.1511      0.006      0.008    26.2974 0.0000e+00
      0.011      0.003     5.3771     66.650     35.340  36.266808     2.9890      7.891   185.9524 2.5039e+02     3.1585      0.012      0.017    26.2968 0.0000e+00
      0.015      0.003     5.3799     66.696     35.328  36.261136     2.9923      7.892   186.1128 2.4966e+02     3.1562      0.016      0.022    26.2959 0.0000e+00
      0.015      0.002     5.3844     66.762     35.318  36.255976     3.0233      7.894   186.2689 2.5256e+02     3.0936      0.016      0.023    26.2944 0.0000e+00
      0.011     -0.000     5.3856     66.786     35.324  36.267949     3.0786      7.895   186.5498 2.5834e+02     2.9806      0.011      0.016    26.2967 0.0000e+00
      0.009     -0.001     5.3823     66.756     35.328  36.278872     3.1099      7.895   186.8418 2.6346e+02     2.9198      0.007      0.010    26.3034 0.0000e+00
      0.009     -0.001     5.3747     66.671     35.305  36.261007     3.1167      7.895   187.1317 2.6608e+02     2.9069      0.008      0.011    26.3140 0.0000e+00
      0.011      0.000     5.3650     66.556     35.285  36.242518     3.1234      7.894   187.4747 2.6742e+02     2.9771      0.011      0.016    26.3226 0.0000e+00
      0.012      0.001     5.3547     66.428     35.288  36.245897     3.1268      7.893   187.8054 2.6823e+02     3.0981      0.012      0.018    26.3294 0.0000e+00
      0.012      0.001     5.3423     66.271     35.282  36.238343     3.1210      7.892   188.0326 2.6828e+02     3.1481      0.012      0.017    26.3394 0.0000e+00
      0.012      0.001     5.3273     66.081     35.262  36.214705     3.1183      7.891   188.2422 2.6868e+02     3.1553      0.011      0.016    26.3484 0.0000e+00
      0.011      0.000     5.3087     65.845     35.264  36.214173     3.1489      7.890   188.4471 2.6939e+02     3.1550      0.011      0.015    26.3525 0.0000e+00
      0.011     -0.001     5.2867     65.570     35.282  36.231913     3.2063      7.888   188.5313 2.6853e+02     3.1438      0.011      0.015    26.3523 0.0000e+00
      0.011     -0.001     5.2647     65.297     35.289  36.238624     3.2422      7.887   188.5723 2.6540e+02     3.1423      0.010      0.015    26.3486 0.0000e+00
      0.011      0.000     5.2438     65.037     35.284  36.231794     3.2431      7.888   188.6847 2.6306e+02     3.1361      0.011      0.016    26.3444 0.0000e+00
      0.011      0.002     5.2223     64.768     35.266  36.212850     3.2080      7.889   188.8574 2.6334e+02     3.1305      0.011      0.016    26.3409 0.0000e+00
      0.010      0.003     5.1996     64.485     35.254  36.200146     3.1576      7.892   189.0261 2.7742e+02     3.1346      0.009      0.014    26.3392 0.0000e+00
      0.010      0.003     5.1778     64.215     35.259  36.205238     3.1393      7.894   189.1755 4.8799e+02     3.1249      0.009      0.013    26.3384 0.0000e+00
      0.012      0.003     5.1619     64.020     35.263  36.210888     3.1437      7.896   189.2869 9.8990e+02     3.1052      0.012      0.017    26.3369 0.0000e+00
      0.016      0.002     5.1561     63.950     35.257  36.204948     3.2007      7.900   189.4260 1.4280e+03     3.0793      0.017      0.025    26.3356 0.0000e+00
      0.018      0.002     5.1552     63.937     35.249  36.196934     3.3138      7.903   189.7388 1.5730e+03     3.0258      0.019      0.027    26.3345 0.0000e+00
      0.016      0.001     5.1527     63.904     35.232  36.177514     3.3803      7.905   190.1438 1.5810e+03     2.9770      0.016      0.024    26.3340 0.0000e+00
      0.014     -0.001     5.1482     63.846     35.217  36.160709     3.3889      7.907   190.3662 1.5691e+03     2.9473      0.013      0.019    26.3371 0.0000e+00
      0.013     -0.002     5.1401     63.744     35.241  36.184314     3.3913      7.908   190.3619 1.5390e+03     2.9117      0.012      0.018    26.3404 0.0000e+00
      0.013     -0.002     5.1285     63.599     35.266  36.208832     3.4278      7.908   190.4354 1.3038e+03     2.8808      0.013      0.019    26.3382 0.0000e+00
      0.014     -0.002     5.1172     63.458     35.261  36.203052     3.4905      7.908   190.7393 7.9181e+02     2.8793      0.014      0.020    26.3350 0.0000e+00
      0.014     -0.002     5.1067     63.328     35.236  36.177957     3.5142      7.907   191.0251 3.8174e+02     2.8928      0.014      0.021    26.3329 0.0000e+00
      0.013     -0.003     5.0987     63.229     35.218  36.159501     3.5036      7.907   191.1371 2.6416e+02     2.8927      0.013      0.019    26.3314 0.0000e+00
      0.011     -0.005     5.0972     63.212     35.228  36.170475     3.4727      7.907   191.2341 2.6729e+02     2.9077      0.011      0.016    26.3306 0.0000e+00
      0.011     -0.007     5.1041     63.300     35.239  36.183595     3.4162      7.908   191.4233 3.1431e+02     2.9227      0.011      0.015    26.3306 0.0000e+00
      0.011     -0.007     5.1180     63.472     35.246  36.191087     3.3805      7.908   191.7033 6.7318e+02     2.9210      0.012      0.017    26.3306 0.0000e+00
      0.008     -0.006     5.1323     63.648     35.254  36.197538     3.3820      7.907   192.0394 1.3117e+03     2.9173      0.008      0.012    26.3299 0.0000e+00
      0.003     -0.004     5.1420     63.767     35.255  36.198073     3.3696      7.906   192.3029 1.6575e+03     2.9086      0.002      0.003    26.3315 0.0000e+00
      0.001     -0.003     5.1482     63.844     35.254  36.197552     3.3406      7.905   192.3082 1.6847e+03     2.9078      0.000     -0.000    26.3348 0.0000e+00
      0.002     -0.002     5.1537     63.914     35.247  36.191243     3.3349      7.905   192.1040 1.6784e+03     2.9070      0.002      0.003    26.3345 0.0000e+00
      0.005     -0.001     5.1586     63.975     35.241  36.185312     3.3373      7.905   192.0702 1.6654e+03     2.8985      0.005      0.008    26.3321 0.0000e+00
      0.006     -0.001     5.1609     64.002     35.246  36.189368     3.3418      7.905   192.2441 1.6448e+03     2.8965      0.007      0.010    26.3307 0.0000e+00
      0.005     -0.001     5.1571     63.953     35.235  36.176753     3.3622      7.905   192.4856 1.6233e+03     2.9144      0.006      0.009    26.3314 0.0000e+00
      0.003     -0.002     5.1448     63.799     35.220  36.159830     3.3810      7.904   192.7541 1.6157e+03     2.9314      0.003      0.005    26.3329 0.0000e+00
     -0.000     -0.002     5.1287     63.597     35.236  36.175318     3.3853      7.902   192.8224 1.6243e+03     2.9495     -0.000     -0.001    26.3333 0.0000e+00
     -0.000     -0.002     5.1157     63.438     35.232  36.173447     3.3691      7.902   192.7954 1.6378e+03     2.9496     -0.001     -0.001    26.3317 0.0000e+00
      0.002     -0.001     5.1142     63.428     35.192  36.137207     3.3326      7.903   192.8574 1.6398e+03     2.9021      0.003      0.003    26.3301 0.0000e+00
      0.003      0.000     5.1288     63.618     35.168  36.118301     3.3019      7.904   193.1427 1.5581e+03     2.8646      0.004      0.005    26.3287 0.0000e+00
      0.002      0.002     5.1526     63.920     35.181  36.135428     3.3004      7.905   195.7283 1.3092e+03     2.8923      0.002      0.003    26.3263 0.0000e+00
      0.001      0.004     5.1763     64.220     35.196  36.153727     3.3146      7.906   200.1143 9.5805e+02     2.9318      0.001      0.001    26.3276 0.0000e+00
      0.001      0.005     5.1963     64.475     35.187  36.148986     3.3358      7.907   201.7781 6.4084e+02     2.9151     -0.000     -0.000    26.3360 0.0000e+00
      0.004      0.006     5.2127     64.683     35.177  36.141634     3.3635      7.910   200.9596 4.6054e+02     2.9038      0.003      0.004    26.3458 0.0000e+00
      0.008      0.009     5.2225     64.805     35.164  36.128366     3.3839      7.911   200.9729 4.6990e+02     2.9171      0.009      0.013    26.3500 0.0000e+00
      0.010      0.015     5.2208     64.779     35.155  36.115611     3.3975      7.910   201.7663 4.8712e+02     2.9233      0.011      0.016    26.3537 0.0000e+00
      0.010      0.023     5.2093     64.624     35.160  36.114455     3.3997      7.907   201.6053 3.7409e+02     2.9484      0.010      0.013    26.3618 0.0000e+00
      0.011      0.033     5.1944     64.424     35.169  36.114365     3.3837      7.903   201.8653 2.8769e+02     2.9464      0.008      0.012    26.3678 0.0000e+00
      0.021      0.043     5.1800     64.232     35.177  36.114513     3.3692      7.899   203.2750 2.7920e+02     2.8988      0.016      0.024    26.3662 0.0000e+00
      0.038      0.053     5.1671     64.059     35.187  36.116232     3.3708      7.897   203.0775 2.7870e+02     2.8914      0.037      0.054    26.3629 0.0000e+00
      0.057      0.060     5.1551     63.895     35.214  36.135132     3.3949      7.897   201.4560 3.1800e+02     2.9185      0.056      0.082    26.3533 0.0000e+00
      0.075      0.064     5.1464     63.771     35.241  36.152458     3.4307      7.898   200.3611 4.1848e+02     2.9206      0.072      0.106    26.3369 0.0000e+00
      0.094      0.063     5.1504     63.806     35.233  36.135135     3.4449      7.899   200.2502 5.3188e+02     2.8868      0.093      0.134    26.3261 0.0000e+00
      0.110      0.060     5.1762     64.111     35.223  36.116226     3.4378      7.900   200.1142 8.4037e+02     2.8455      0.108      0.157    26.3153 0.0000e+00
      0.123      0.057     5.2325     64.795     35.229  36.114395     3.4457      7.899   199.7495 1.0834e+03     2.8489      0.121      0.175    26.3013 0.0000e+00
      0.135      0.056     5.3311     66.004     35.234  36.112981     3.4852      7.895   200.4014 1.1326e+03     2.8665      0.132      0.191    26.2869 0.0000e+00
      0.147      0.056     5.4844     67.891     35.226  36.099117     3.5212      7.892   201.0267 1.2961e+03     2.8745      0.143      0.208    26.2736 0.0000e+00
      0.160      0.058     5.6975     70.521     35.206  36.073802     3.5313      7.891   200.7711 1.3871e+03     2.9158      0.158      0.228    26.2623 0.0000e+00
      0.175      0.061     5.9580     73.739     35.196  36.060985     3.5796      7.892   200.9238 1.2948e+03     3.0003      0.172      0.248    26.2509 0.0000e+00
      0.192      0.065     6.2438     77.273     35.208  36.071190     3.6645      7.893   201.4106 8.4509e+02     3.0723      0.188      0.272    26.2407 0.0000e+00
      0.211      0.068     6.5289     80.797     35.209  36.070138     3.7025      7.893   202.0971 3.6135e+02     3.0843      0.207      0.300    26.2322 0.0000e+00
      0.230      0.069     6.7830     83.939     35.190  36.048270     3.7093      7.893   202.6849 2.2498e+02     3.0834      0.226      0.327    26.2256 0.0000e+00
      0.247      0.068     6.9888     86.481     35.204  36.060870     3.7091      7.893   202.3227 2.0129e+02     3.0921      0.242      0.351    26.2213 0.0000e+00
      0.264      0.066     7.1381     88.324     35.240  36.095434     3.6996      7.892   202.1917 2.3165e+02     3.0674      0.258      0.374    26.2186 0.0000e+00
      0.282      0.063     7.2287     89.440     35.232  36.085030     3.6966      7.890   202.3056 2.6412e+02     2.9984      0.278      0.402    26.2164 0.0000e+00
      0.299      0.061     7.2703     89.948     35.212  36.062120     3.6992      7.887   201.3775 2.2622e+02     2.9295      0.294      0.427    26.2141 0.0000e+00
      0.312      0.059     7.2772     90.027     35.225  36.072524     3.7036      7.885   199.5745 1.9153e+02     2.9050      0.305      0.444    26.2111 0.0000e+00
      0.325      0.058     7.2561     89.759     35.239  36.083770     3.6766      7.882   198.1430 2.2338e+02     2.9157      0.319      0.462    26.2081 0.0000e+00
      0.338      0.056     7.2093     89.174     35.229  36.071048     3.6208      7.882   197.6638 3.0484e+02     2.9368      0.331      0.480    26.2054 0.0000e+00
      0.353      0.055     7.1529     88.465     35.209  36.045741     3.5897      7.883   197.6525 3.9522e+02     2.9472      0.346      0.502    26.2013 0.0000e+00
      0.369      0.054     7.1375     88.248     35.207  36.031873     3.5853      7.884   197.7476 4.4551e+02     2.9193      0.364      0.528    26.1966 0.0000e+00
      0.384      0.052     7.2380     89.447     35.223  36.030399     3.5864      7.885   197.8674 4.2482e+02     2.8742      0.377      0.547    26.1924 0.0000e+00
      0.397      0.049     7.4698     92.257     35.243  36.027883     3.5848      7.885   198.1546 4.3855e+02     2.8593      0.390      0.566    26.1894 0.0000e+00
      0.408      0.045     7.7640     95.837     35.239  36.001416     3.5838      7.884   198.5528 5.4782e+02     2.8919      0.402      0.584    26.1858 0.0000e+00
      0.418      0.043     8.0560     99.392     35.222  35.964450     3.5838      7.883   198.9828 5.4884e+02     2.9324      0.410      0.595    26.1708 0.0000e+00
      0.428      0.045     8.3179    102.578     35.236  35.962038     3.5757      7.881   199.3958 4.0620e+02     2.8919      0.419      0.608    26.1407 0.0000e+00
      0.438      0.048     8.5344    105.207     35.261  35.972225     3.5681      7.879   199.7608 2.7092e+02     2.8292      0.429      0.622    26.1060 0.0000e+00
      0.448      0.053     8.6894    107.083     35.262  35.960552     3.5660      7.876   200.1259 1.8953e+02     2.8457      0.438      0.635    26.0744 0.0000e+00
      0.463      0.058     8.7691    108.042     35.257  35.947933     3.5682      7.873   200.3687 1.5660e+02     2.8775      0.453      0.658    26.0471 0.0000e+00
      0.481      0.062     8.7801    108.162     35.262  35.946679     3.5764      7.872   200.5453 1.4843e+02     2.9089      0.472      0.685    26.0232 0.0000e+00
      0.500      0.064     8.7527    107.812     35.266  35.945378     3.5823      7.872   200.8851 1.4717e+02     2.9511      0.490      0.711    26.0012 0.0000e+00
      0.517      0.064     8.7159    107.348     35.256  35.932197     3.5844      7.873   201.3792 1.5009e+02     2.9609      0.507      0.736    25.9827 0.0000e+00
      0.534      0.061     8.6819    106.927     35.239  35.914347     3.5924      7.874   201.7867 1.5406e+02     2.9354      0.523      0.759    25.9711 0.0000e+00
      0.549      0.057     8.6531    106.570     35.246  35.920121     3.6517      7.874   202.1133 1.5539e+02     2.9470      0.538      0.780    25.9640 0.0000e+00
