Data/DataNotYetUploadedToEDI/Raw_CTD/RawDownloads/08082018_ccr_50.cnv
* Sea-Bird SBE19plus  Data File:
* FileName = C:\DATA\08082018_ccr_50_0001.hex
* Software version 2.6.3.104 SB_Terminal.dll
* Temperature SN = 7809
* Conductivity SN = 7809
* System UpLoad Time = Aug 08 2018 13:08:43
* <ApplicationData>
* <Seaterm232>
# nquan = 15
# nvalues = 1056                        
# units = specified
# name 0 = depFM: Depth [fresh water, m]
# name 1 = dz/dtM: Descent Rate [m/s]
# name 2 = sbeox0Mg/L: Oxygen, SBE 43 [mg/l]
# name 3 = sbeox0PS: Oxygen, SBE 43 [% saturation]
# name 4 = specc: Specific Conductance [uS/cm]
# name 5 = c0uS/cm: Conductivity [uS/cm]
# name 6 = flECO-AFL: Fluorescence, WET Labs ECO-AFL/FL [mg/m^3]
# name 7 = ph: pH
# name 8 = orp: Oxidation Reduction Potential [mV]
# name 9 = par/sat/log: PAR/Logarithmic, Satlantic
# name 10 = turbWETntu0: Turbidity, WET Labs ECO [NTU]
# name 11 = prdM: Pressure, Strain Gauge [db]
# name 12 = prdE: Pressure, Strain Gauge [psi]
# name 13 = tv290C: Temperature [ITS-90, deg C]
# name 14 = flag:  0.000e+00
# span 0 =     -0.393,     20.816       
# span 1 =     -0.253,      0.356       
# span 2 =     0.8744,    10.1584       
# span 3 =      7.906,    113.514       
# span 4 =      1.612,    236.835       
# span 5 =   1.713175, 171.148463       
# span 6 =    -0.1889,     4.8875       
# span 7 =     -2.396,      8.153       
# span 8 = -1240.7455,   458.8211       
# span 9 = 1.2536e-01, 2.3325e+03       
# span 10 =    -0.6699,    15.4921      
# span 11 =     -0.387,     20.415      
# span 12 =     -0.561,     29.609      
# span 13 =    10.6473,    28.1458      
# span 14 = 0.0000e+00, 0.0000e+00      
# interval = seconds: 0.25
# start_time = Aug 08 2018 14:10:00 [Instrument's time stamp, header]
# bad_flag = -9.990e-29
*END*
[from data line 97]
      0.727      0.065     6.8671     86.963     88.804  93.240204     0.7364      8.026   197.1001 8.1364e+01     0.2076      0.711      1.031    27.4906 0.0000e+00
      0.742      0.099     6.8770     87.088     88.809  93.245495     0.7394      8.027   197.4022 7.9038e+01     0.2231      0.722      1.046    27.4912 0.0000e+00
      0.774      0.131     6.8840     87.174     88.798  93.230644     0.7374      8.031   197.7724 7.7308e+01     0.2161      0.753      1.091    27.4915 0.0000e+00
      0.821      0.161     6.8868     87.204     88.763  93.188038     0.7296      8.035   198.1348 7.5578e+01     0.2150      0.805      1.167    27.4916 0.0000e+00
      0.874      0.187     6.8974     87.332     88.759  93.176248     0.7371      8.038   198.1698 7.3527e+01     0.2397      0.857      1.242    27.4920 0.0000e+00
      0.927      0.204     6.9417     87.884     88.866  93.279188     0.7556      8.041   197.8525 7.1340e+01     0.2407      0.911      1.322    27.4913 0.0000e+00
      0.978      0.209     7.0322     89.021     88.943  93.349711     0.7783      8.046   197.9119 7.0231e+01     0.2270      0.959      1.390    27.4894 0.0000e+00
      1.033      0.204     7.1472     90.468     88.870  93.264494     0.7907      8.050   198.6303 6.9828e+01     0.2269      1.006      1.459    27.4868 0.0000e+00
      1.097      0.200     7.2571     91.852     88.759  93.140654     0.7859      8.052   199.3972 6.9098e+01     0.2088      1.082      1.568    27.4824 0.0000e+00
      1.150      0.201     7.3503     93.025     88.692  93.062694     0.7843      8.053   199.7844 6.8820e+01     0.1911      1.137      1.649    27.4769 0.0000e+00
      1.187      0.210     7.4209     93.911     88.662  93.022599     0.7992      8.053   199.9570 6.8841e+01     0.1958      1.163      1.686    27.4705 0.0000e+00
      1.225      0.223     7.4570     94.359     88.686  93.038054     0.8277      8.054   200.0211 6.8838e+01     0.2051      1.195      1.733    27.4646 0.0000e+00
      1.280      0.237     7.4552     94.327     88.775  93.122144     0.8537      8.059   199.8703 6.9522e+01     0.2120      1.249      1.812    27.4616 0.0000e+00
      1.351      0.247     7.4344     94.056     88.868  93.211172     0.8646      8.066   199.7691 7.0859e+01     0.1880      1.323      1.919    27.4580 0.0000e+00
      1.431      0.251     7.4203     93.871     88.884  93.222635     0.8586      8.071   199.9159 7.2621e+01     0.1586      1.401      2.032    27.4532 0.0000e+00
      1.511      0.243     7.4230     93.903     88.863  93.197033     0.8553      8.072   200.1825 7.4431e+01     0.1616      1.490      2.160    27.4470 0.0000e+00
      1.576      0.223     7.4319     94.015     88.885  93.220113     0.8619      8.072   200.4116 7.5756e+01     0.1931      1.555      2.256    27.4412 0.0000e+00
      1.621      0.196     7.4290     93.979     88.850  93.183185     0.8647      8.072   200.7072 7.6896e+01     0.2349      1.590      2.307    27.4369 0.0000e+00
      1.661      0.175     7.4096     93.734     88.741  93.069045     0.8806      8.070   201.0887 7.7672e+01     0.2701      1.629      2.361    27.4328 0.0000e+00
      1.699      0.162     7.3832     93.399     88.723  93.050391     0.9071      8.068   201.1531 7.8016e+01     0.2834      1.670      2.422    27.4314 0.0000e+00
      1.730      0.158     7.3551     93.042     88.757  93.085043     0.9176      8.068   201.0554 7.9053e+01     0.2425      1.696      2.460    27.4321 0.0000e+00
      1.765      0.156     7.3152     92.537     88.777  93.105807     0.9251      8.070   201.1114 8.1028e+01     0.2027      1.721      2.496    27.4320 0.0000e+00
      1.815      0.148     7.2552     91.779     88.842  93.174045     0.9331      8.069   201.2288 8.2193e+01     0.1997      1.781      2.584    27.4322 0.0000e+00
      1.865      0.129     7.1784     90.811     88.934  93.273075     0.9316      8.065   201.2698 8.2599e+01     0.2054      1.835      2.661    27.4323 0.0000e+00
      1.904      0.099     7.0885     89.686     88.993  93.347639     0.9254      8.062   201.1772 8.3236e+01     0.2112      1.870      2.711    27.4314 0.0000e+00
      1.930      0.060     6.9920     88.491     88.989  93.374887     0.9135      8.062   201.1408 8.3140e+01     0.2087      1.901      2.757    27.4307 0.0000e+00
      1.939      0.017     6.9106     87.491     88.930  93.347772     0.9070      8.066   201.2600 8.2683e+01     0.2058      1.909      2.769    27.4318 0.0000e+00
      1.929     -0.018     6.8701     86.998     88.840  93.274667     0.9111      8.071   201.5860 8.3272e+01     0.2061      1.895      2.750    27.4308 0.0000e+00
      1.909     -0.037     6.8733     87.045     88.752  93.191735     0.9171      8.076   202.0717 8.4742e+01     0.2126      1.872      2.714    27.4347 0.0000e+00
      1.885     -0.041     6.9008     87.396     88.732  93.173195     0.9247      8.080   202.3147 8.5867e+01     0.2240      1.849      2.682    27.4570 0.0000e+00
      1.864     -0.034     6.9331     87.803     88.800  93.241611     0.9287      8.084   202.2863 8.6755e+01     0.2219      1.823      2.646    27.4813 0.0000e+00
      1.857     -0.021     6.9549     88.075     88.878  93.318213     0.9292      8.088   202.4172 8.8307e+01     0.1868      1.813      2.630    27.4919 0.0000e+00
      1.866     -0.005     6.9537     88.059     88.895  93.334952     0.9313      8.089   202.8651 8.9916e+01     0.1356      1.831      2.656    27.4952 0.0000e+00
      1.877      0.010     6.9267     87.720     88.873  93.316591     0.9268      8.089   203.3129 9.0679e+01     0.1213      1.845      2.676    27.4969 0.0000e+00
      1.879      0.021     6.8807     87.145     88.898  93.351022     0.9200      8.089   203.4444 9.0744e+01     0.1668      1.843      2.674    27.4952 0.0000e+00
      1.879      0.024     6.8252     86.446     88.972  93.432756     0.9229      8.090   203.5080 9.0245e+01     0.2275      1.840      2.670    27.4910 0.0000e+00
      1.883      0.018     6.7678     85.725     89.008  93.476696     0.9250      8.092   203.7384 8.8945e+01     0.2445      1.841      2.671    27.4891 0.0000e+00
      1.895      0.008     6.7130     85.043     89.017  93.500095     0.9274      8.094   203.9068 8.7611e+01     0.2203      1.857      2.694    27.4927 0.0000e+00
      1.907     -0.006     6.6628     84.426     89.018  93.524589     0.9329      8.096   203.9947 8.6954e+01     0.1784      1.876      2.722    27.4987 0.0000e+00
      1.907     -0.021     6.6266     83.991     88.986  93.518073     0.9271      8.096   204.1129 8.6339e+01     0.1353      1.875      2.720    27.5005 0.0000e+00
      1.894     -0.037     6.6189     83.914     88.931  93.485053     0.9127      8.097   204.2183 8.5538e+01     0.1264      1.861      2.698    27.5020 0.0000e+00
      1.874     -0.049     6.6408     84.204     88.876  93.443912     0.8967      8.098   204.4084 8.5124e+01     0.1622      1.837      2.665    27.5096 0.0000e+00
      1.853     -0.053     6.6792     84.697     88.831  93.402877     0.8900      8.099   204.6041 8.5196e+01     0.2018      1.815      2.634    27.5239 0.0000e+00
      1.834     -0.046     6.7187     85.195     88.804  93.371127     0.9049      8.099   204.7784 8.5739e+01     0.2093      1.797      2.607    27.5411 0.0000e+00
      1.821     -0.034     6.7454     85.528     88.818  93.378537     0.9206      8.100   205.0529 8.6431e+01     0.1919      1.781      2.584    27.5564 0.0000e+00
      1.817     -0.023     6.7477     85.551     88.872  93.428751     0.9150      8.101   205.2556 8.7195e+01     0.1735      1.780      2.581    27.5656 0.0000e+00
      1.820     -0.018     6.7180     85.171     88.915  93.468635     0.9101      8.102   205.3366 8.8730e+01     0.2004      1.784      2.587    27.5684 0.0000e+00
      1.824     -0.020     6.6601     84.434     88.926  93.478549     0.9165      8.103   205.4298 9.0650e+01     0.2425      1.789      2.595    27.5657 0.0000e+00
      1.823     -0.028     6.5846     83.477     88.931  93.484912     0.9184      8.104   205.5227 9.2236e+01     0.2251      1.791      2.598    27.5604 0.0000e+00
      1.813     -0.040     6.4976     82.379     88.923  93.481872     0.9148      8.104   205.5992 9.3991e+01     0.2036      1.781      2.583    27.5562 0.0000e+00
      1.796     -0.051     6.4104     81.281     88.875  93.441805     0.9107      8.104   205.7523 9.5776e+01     0.2276      1.761      2.554    27.5538 0.0000e+00
      1.777     -0.055     6.3354     80.341     88.808  93.382692     0.9145      8.102   206.1692 9.6751e+01     0.2403      1.742      2.527    27.5523 0.0000e+00
      1.759     -0.047     6.2744     79.573     88.761  93.340484     0.9154      8.097   206.6813 9.7371e+01     0.2345      1.726      2.504    27.5524 0.0000e+00
      1.741     -0.027     6.2298     79.004     88.738  93.313699     0.9118      8.094   206.9552 9.8220e+01     0.2189      1.706      2.474    27.5557 0.0000e+00
      1.727     -0.003     6.2098     78.741     88.750  93.313646     0.9165      8.093   207.1572 9.8399e+01     0.2044      1.686      2.445    27.5620 0.0000e+00
      1.729      0.020     6.2169     78.816     88.794  93.339812     0.9175      8.092   207.3173 9.7299e+01     0.2418      1.689      2.450    27.5698 0.0000e+00
      1.749      0.037     6.2368     79.053     88.847  93.375237     0.9144      8.093   207.4283 9.5863e+01     0.2741      1.716      2.489    27.5749 0.0000e+00
      1.774      0.045     6.2488     79.193     88.905  93.423427     0.9157      8.094   207.6384 9.4479e+01     0.2587      1.743      2.526    27.5735 0.0000e+00
      1.794      0.040     6.2435     79.124     88.958  93.476531     0.9148      8.097   207.7925 9.3091e+01     0.2396      1.762      2.554    27.5661 0.0000e+00
      1.806      0.021     6.2240     78.891     88.972  93.507686     0.9221      8.102   207.9151 9.2157e+01     0.2273      1.774      2.573    27.5532 0.0000e+00
      1.810     -0.001     6.1999     78.614     88.912  93.481625     0.9400      8.106   208.1750 9.1300e+01     0.2321      1.778      2.579    27.5400 0.0000e+00
      1.803     -0.018     6.1821     78.414     88.819  93.416305     0.9381      8.109   208.4387 9.0677e+01     0.2360      1.774      2.572    27.5334 0.0000e+00
      1.786     -0.028     6.1815     78.415     88.750  93.354989     0.9269      8.111   208.6944 9.0563e+01     0.2128      1.752      2.540    27.5290 0.0000e+00
      1.766     -0.028     6.2078     78.743     88.717  93.313598     0.9238      8.112   209.0299 9.0020e+01     0.1954      1.728      2.506    27.5368 0.0000e+00
      1.756     -0.021     6.2606     79.402     88.716  93.298048     0.9198      8.112   209.3974 8.9588e+01     0.2093      1.718      2.492    27.5648 0.0000e+00
      1.755     -0.008     6.3262     80.222     88.726  93.294363     0.9243      8.110   209.6104 9.0009e+01     0.2285      1.719      2.494    27.5872 0.0000e+00
      1.760      0.009     6.3821     80.921     88.714  93.269019     0.9314      8.106   209.8848 9.0492e+01     0.2130      1.725      2.503    27.5908 0.0000e+00
      1.768      0.031     6.4150     81.323     88.649  93.182704     0.9499      8.101   210.5634 9.0857e+01     0.1753      1.734      2.515    27.5851 0.0000e+00
      1.775      0.059     6.4385     81.596     88.580  93.078837     0.9832      8.095   211.0192 9.1414e+01     0.1688      1.742      2.527    27.5758 0.0000e+00
      1.781      0.090     6.4708     81.971     88.575  93.032342     0.9944      8.092   211.0074 9.1951e+01     0.1968      1.744      2.529    27.5667 0.0000e+00
      1.797      0.123     6.5098     82.434     88.583  93.002680     0.9838      8.091   211.0226 9.1925e+01     0.2086      1.750      2.538    27.5614 0.0000e+00
      1.838      0.157     6.5544     82.974     88.584  92.974941     0.9738      8.091   211.0321 9.1005e+01     0.2194      1.795      2.603    27.5545 0.0000e+00
      1.898      0.187     6.6199     83.784     88.644  93.015415     0.9752      8.091   210.7776 9.0172e+01     0.2660      1.865      2.704    27.5351 0.0000e+00
      1.958      0.204     6.7153     84.975     88.752  93.109792     0.9826      8.094   210.4404 9.0155e+01     0.2835      1.921      2.785    27.5082 0.0000e+00
      2.016      0.199     6.8228     86.324     88.875  93.224183     0.9900      8.098   210.3966 9.0196e+01     0.2480      1.974      2.862    27.4868 0.0000e+00
      2.076      0.170     6.9091     87.414     88.963  93.315546     0.9998      8.103   210.6783 9.0147e+01     0.2331      2.037      2.955    27.4709 0.0000e+00
      2.129      0.122     6.9485     87.944     88.936  93.322620     1.0008      8.107   211.0930 9.0247e+01     0.2259      2.097      3.042    27.4581 0.0000e+00
      2.160      0.063     6.9476     87.998     88.854  93.309775     0.9918      8.111   211.3665 9.0237e+01     0.1911      2.126      3.083    27.4480 0.0000e+00
      2.168     -0.001     6.9498     88.091     88.762  93.287780     0.9840      8.113   211.4909 9.0117e+01     0.1790      2.133      3.094    27.4398 0.0000e+00
      2.155     -0.063     6.9908     88.651     88.620  93.184196     0.9805      8.115   211.6509 9.0217e+01     0.2020      2.122      3.079    27.4315 0.0000e+00
      2.120     -0.117     7.0639     89.585     88.450  93.012962     0.9673      8.117   211.7517 9.0419e+01     0.2246      2.082      3.020    27.4483 0.0000e+00
      2.070     -0.157     7.1709     90.901     88.359  92.873667     0.9434      8.118   211.8488 9.0603e+01     0.2386      2.030      2.945    27.5027 0.0000e+00
      2.020     -0.178     7.3583     93.200     88.400  92.837652     0.9302      8.118   212.2235 9.1012e+01     0.2499      1.979      2.872    27.5498 0.0000e+00
      1.971     -0.178     7.6376     96.669     88.464  92.832197     0.9269      8.115   212.7546 9.1630e+01     0.2380      1.935      2.807    27.5742 0.0000e+00
      1.919     -0.159     7.9483    100.559     88.481  92.807595     0.9317      8.110   213.0220 9.2560e+01     0.2170      1.884      2.732    27.5847 0.0000e+00
      1.866     -0.135     8.2345    104.157     88.489  92.794927     0.9325      8.110   213.0465 9.3455e+01     0.2105      1.823      2.644    27.5582 0.0000e+00
      1.831     -0.119     8.4673    107.090     88.511  92.806402     0.9188      8.112   213.0515 9.4002e+01     0.1892      1.783      2.585    27.4994 0.0000e+00
      1.821     -0.114     8.6279    109.115     88.529  92.818913     0.9132      8.116   213.0825 9.4929e+01     0.1735      1.782      2.586    27.4552 0.0000e+00
      1.820     -0.119     8.7209    110.286     88.532  92.818798     0.9103      8.120   213.1628 9.6038e+01     0.2033      1.792      2.600    27.4348 0.0000e+00
      1.801     -0.135     8.7550    110.718     88.520  92.805014     0.8933      8.122   213.2480 9.6482e+01     0.2445      1.776      2.575    27.4244 0.0000e+00
      1.756     -0.161     8.7341    110.455     88.495  92.779657     0.8729      8.124   213.2524 9.7032e+01     0.2449      1.728      2.506    27.4194 0.0000e+00
      1.695     -0.191     8.6780    109.746     88.482  92.767012     0.8571      8.125   213.3021 9.8382e+01     0.2077      1.661      2.411    27.4158 0.0000e+00
      1.634     -0.210     8.6146    108.945     88.493  92.779532     0.8579      8.125   213.5903 1.0004e+02     0.1603      1.601      2.322    27.4138 0.0000e+00
      1.576     -0.207     8.5607    108.264     88.515  92.803644     0.8644      8.121   213.9844 1.0209e+02     0.1304      1.547      2.243    27.4137 0.0000e+00
      1.517     -0.185     8.5218    107.773     88.514  92.803749     0.8533      8.116   214.2809 1.0443e+02     0.1513      1.489      2.159    27.4145 0.0000e+00
