Data/DataNotYetUploadedToEDI/Raw_CTD/RawDownloads/080819_fcr50.cnv
* Sea-Bird SBE19plus  Data File:
* FileName = C:\DATA\080819_FCR50_0001.hex
* Software version 2.8.0.119 SB_Terminal.dll
* Temperature SN = 7809
* Conductivity SN = 7809
* System UpLoad Time = Aug 08 2019 09:43:23
* <ApplicationData>
* <Seaterm232>
# nquan = 16
# nvalues = 869                         
# units = specified
# name 0 = depFM: Depth [fresh water, m]
# name 1 = dz/dtM: Descent Rate [m/s]
# name 2 = sbeox0Mg/L: Oxygen, SBE 43 [mg/l]
# name 3 = sbeox0PS: Oxygen, SBE 43 [% saturation]
# name 4 = specc: Specific Conductance [uS/cm]
# name 5 = c0uS/cm: Conductivity [uS/cm]
# name 6 = flECO-AFL: Fluorescence, WET Labs ECO-AFL/FL [mg/m^3]
# name 7 = ph: pH
# name 8 = orp: Oxidation Reduction Potential [mV]
# name 9 = par/sat/log: PAR/Logarithmic, Satlantic
# name 10 = turbWETntu0: Turbidity, WET Labs ECO [NTU]
# name 11 = prdM: Pressure, Strain Gauge [db]
# name 12 = prdE: Pressure, Strain Gauge [psi]
# name 13 = tv290C: Temperature [ITS-90, deg C]
# name 14 = density00: Density [density, kg/m^3]
# name 15 = flag:  0.000e+00
# span 0 =     -0.631,      9.661       
# span 1 =     -0.369,      0.344       
# span 2 =     0.0731,     8.9817       
# span 3 =      0.701,    110.117       
# span 4 =      0.803,    136.697       
# span 5 =   0.799799, 100.156762       
# span 6 =    -0.4090,     4.8153       
# span 7 =      6.726,      9.299       
# span 8 =   160.1170,  1163.7607       
# span 9 = 1.2355e-01, 1.3426e+03       
# span 10 =    -1.6296,   173.7293      
# span 11 =     -0.620,      9.475      
# span 12 =     -0.900,     13.742      
# span 13 =    11.4111,    25.7385      
# span 14 =   996.8705,   999.6425      
# span 15 = 0.0000e+00, 0.0000e+00      
# interval = seconds: 0.25
# start_time = Aug 08 2019 09:30:01 [Instrument's time stamp, header]
# bad_flag = -9.990e-29
*END*
[from data line 724]
      8.583      0.102     1.9581     17.940     47.574  34.672959     1.1577      6.984   272.3198 1.2365e-01    13.5413      8.416     12.206    11.4469   999.6196 0.0000e+00
      8.610      0.102     1.9578     17.937     47.593  34.685331     1.1372      6.983   272.8782 1.2371e-01    13.5846      8.442     12.245    11.4457   999.6199 0.0000e+00
      8.639      0.102     1.9581     17.939     47.610  34.695613     1.1072      6.983   273.7452 1.2377e-01    13.5853      8.473     12.289    11.4431   999.6203 0.0000e+00
      8.666      0.102     1.9600     17.955     47.578  34.670340     1.0899      6.982   274.1136 1.2379e-01    13.5508      8.501     12.329    11.4400   999.6208 0.0000e+00
      8.689      0.102     1.9638     17.989     47.529  34.633632     1.0929      6.980   274.1481 1.2376e-01    13.5603      8.522     12.360    11.4384   999.6210 0.0000e+00
      8.712      0.098     1.9674     18.021     47.529  34.632592     1.1009      6.978   274.0766 1.2367e-01    13.6018      8.541     12.387    11.4369   999.6213 0.0000e+00
      8.739      0.093     1.9691     18.036     47.566  34.657760     1.0998      6.976   274.1094 1.2364e-01    13.5936      8.568     12.426    11.4342   999.6217 0.0000e+00
      8.768      0.089     1.9694     18.039     47.604  34.684063     1.0963      6.974   274.6312 1.2367e-01    13.5599      8.601     12.475    11.4322   999.6220 0.0000e+00
      8.791      0.088     1.9712     18.055     47.622  34.696745     1.0934      6.974   275.0508 1.2367e-01    13.5214      8.625     12.509    11.4309   999.6223 0.0000e+00
      8.807      0.087     1.9745     18.084     47.606  34.684165     1.0909      6.974   275.1389 1.2367e-01    13.4887      8.637     12.527    11.4300   999.6225 0.0000e+00
      8.824      0.086     1.9761     18.098     47.572  34.658884     1.0913      6.972   275.1805 1.2369e-01    13.5248      8.650     12.546    11.4289   999.6227 0.0000e+00
      8.847      0.086     1.9751     18.090     47.553  34.644953     1.0898      6.969   275.1242 1.2367e-01    13.5643      8.675     12.580    11.4273   999.6230 0.0000e+00
      8.873      0.088     1.9715     18.057     47.549  34.642655     1.0818      6.968   275.0599 1.2360e-01    13.5412      8.703     12.623    11.4270   999.6232 0.0000e+00
      8.898      0.089     1.9672     18.018     47.534  34.631105     1.0812      6.968   275.1779 1.2360e-01    13.5074      8.726     12.657    11.4265   999.6233 0.0000e+00
      8.921      0.087     1.9661     18.008     47.536  34.632239     1.0913      6.968   275.3459 1.2365e-01    13.5165      8.748     12.688    11.4250   999.6236 0.0000e+00
      8.944      0.082     1.9671     18.016     47.570  34.656367     1.0994      6.967   275.4565 1.2367e-01    13.5529      8.771     12.721    11.4246   999.6237 0.0000e+00
      8.965      0.075     1.9657     18.003     47.587  34.668966     1.1009      6.965   275.4825 1.2372e-01    13.5533      8.793     12.753    11.4253   999.6237 0.0000e+00
      8.984      0.068     1.9635     17.984     47.572  34.657626     1.1017      6.963   275.4022 1.2376e-01    13.5541      8.812     12.781    11.4254   999.6238 0.0000e+00
      8.999      0.063     1.9626     17.976     47.555  34.646190     1.1010      6.961   275.3463 1.2376e-01    13.5630      8.825     12.799    11.4248   999.6239 0.0000e+00
      9.012      0.059     1.9607     17.959     47.568  34.657635     1.0919      6.960   275.4091 1.2372e-01    13.5304      8.837     12.816    11.4240   999.6241 0.0000e+00
      9.026      0.059     1.9589     17.944     47.581  34.669071     1.0952      6.959   275.5593 1.2365e-01    13.5201      8.851     12.838    11.4237   999.6242 0.0000e+00
      9.040      0.064     1.9572     17.929     47.564  34.657523     1.1064      6.958   275.6990 1.2360e-01    13.5361      8.866     12.858    11.4233   999.6243 0.0000e+00
      9.054      0.071     1.9558     17.915     47.549  34.644943     1.0978      6.958   275.8074 1.2361e-01    13.5935      8.877     12.876    11.4242   999.6243 0.0000e+00
      9.071      0.080     1.9566     17.920     47.551  34.643903     1.0853      6.957   275.8374 1.2368e-01    13.7225      8.892     12.897    11.4272   999.6241 0.0000e+00
      9.093      0.088     1.9586     17.938     47.556  34.644944     1.0853      6.956   275.8040 1.2369e-01    13.7850      8.915     12.930    11.4292   999.6239 0.0000e+00
      9.120      0.096     1.9610     17.960     47.575  34.657524     1.0902      6.955   275.9204 1.2365e-01    13.7588      8.944     12.972    11.4298   999.6240 0.0000e+00
      9.149      0.101     1.9645     17.991     47.593  34.669072     1.0756      6.954   276.2122 1.2367e-01    13.7333      8.973     13.014    11.4279   999.6243 0.0000e+00
      9.175      0.102     1.9676     18.018     47.579  34.657637     1.0382      6.952   276.3206 1.2369e-01    13.7395      8.998     13.050    11.4248   999.6248 0.0000e+00
      9.201      0.099     1.9686     18.028     47.565  34.646193     1.0196      6.950   276.1979 1.2366e-01    13.7678      9.022     13.086    11.4227   999.6251 0.0000e+00
      9.229      0.092     1.9689     18.030     47.581  34.657637     1.0236      6.949   276.1059 1.2360e-01    13.7813      9.050     13.126    11.4208   999.6255 0.0000e+00
      9.254      0.083     1.9693     18.034     47.597  34.669073     1.0264      6.947   276.1534 1.2357e-01    13.9347      9.077     13.164    11.4190   999.6258 0.0000e+00
      9.274      0.074     1.9694     18.034     47.580  34.657523     1.0266      6.946   276.3428 1.2362e-01    14.2460      9.096     13.193    11.4181   999.6259 0.0000e+00
      9.289      0.066     1.9693     18.034     47.561  34.644933     1.0262      6.945   276.5034 1.2369e-01    14.4324      9.110     13.212    11.4174   999.6261 0.0000e+00
      9.302      0.060     1.9695     18.036     47.559  34.643790     1.0222      6.944   276.5460 1.2372e-01    14.4839      9.123     13.231    11.4164   999.6263 0.0000e+00
      9.315      0.058     1.9685     18.027     47.560  34.643694     1.0042      6.943   276.4282 1.2373e-01    14.3447      9.134     13.249    11.4160   999.6264 0.0000e+00
      9.328      0.059     1.9659     18.002     47.560  34.643764     0.9815      6.943   276.3696 1.2369e-01    13.9937      9.147     13.266    11.4173   999.6263 0.0000e+00
      9.343      0.063     1.9626     17.972     47.561  34.644647     0.9737      6.941   276.6118 1.2365e-01    13.7798      9.162     13.288    11.4194   999.6261 0.0000e+00
      9.359      0.067     1.9614     17.962     47.574  34.654366     0.9710      6.939   276.7755 1.2363e-01    13.7586      9.178     13.311    11.4196   999.6262 0.0000e+00
      9.377      0.069     1.9620     17.968     47.547  34.634338     0.9826      6.937   276.6279 1.2363e-01    13.7697      9.196     13.337    11.4186   999.6264 0.0000e+00
      9.397      0.070     1.9608     17.956     47.492  34.592901     1.0096      6.937   276.3768 1.2363e-01    13.7825      9.216     13.367    11.4177   999.6266 0.0000e+00
      9.417      0.070     1.9587     17.936     47.500  34.597623     1.0202      6.936   276.1486 1.2363e-01    13.7826      9.237     13.397    11.4181   999.6266 0.0000e+00
      9.434      0.068     1.9584     17.932     47.544  34.627961     1.0245      6.935   276.1050 1.2364e-01    13.7701      9.253     13.420    11.4189   999.6266 0.0000e+00
      9.449      0.064     1.9592     17.940     47.565  34.642371     1.0268      6.934   276.3660 1.2364e-01    13.8281      9.266     13.439    11.4184   999.6267 0.0000e+00
      9.466      0.059     1.9597     17.944     47.569  34.644919     1.0227      6.933   276.6374 1.2360e-01    13.9605      9.283     13.463    11.4173   999.6269 0.0000e+00
      9.483      0.055     1.9595     17.942     47.589  34.658772     1.0266      6.931   276.7185 1.2360e-01    13.9935      9.301     13.490    11.4160   999.6271 0.0000e+00
      9.496      0.053     1.9595     17.942     47.621  34.682922     1.0302      6.929   276.6584 1.2366e-01    13.9320      9.314     13.510    11.4145   999.6274 0.0000e+00
      9.506      0.051     1.9605     17.951     47.621  34.683037     1.0315      6.927   276.4277 1.2371e-01    13.9384      9.322     13.521    11.4136   999.6275 0.0000e+00
      9.516      0.048     1.9607     17.952     47.591  34.660167     1.0337      6.925   276.0797 1.2368e-01    13.9403      9.331     13.532    11.4129   999.6276 0.0000e+00
      9.530      0.046     1.9617     17.962     47.591  34.660272     1.0308      6.924   275.8065 1.2365e-01    13.8569      9.345     13.554    11.4120   999.6278 0.0000e+00
      9.544      0.044     1.9650     17.992     47.625  34.684306     1.0224      6.922   275.7057 1.2367e-01    13.7815      9.361     13.577    11.4121   999.6278 0.0000e+00
      9.556      0.041     1.9664     18.005     47.642  34.696886     1.0195      6.920   275.6354 1.2369e-01    13.7504      9.373     13.594    11.4127   999.6279 0.0000e+00
      9.566      0.037     1.9641     17.984     47.626  34.685441     1.0134      6.917   275.5589 1.2365e-01    13.7098      9.382     13.608    11.4126   999.6279 0.0000e+00
      9.575      0.032     1.9598     17.944     47.608  34.672860     0.9909      6.915   275.4683 1.2361e-01    13.6175      9.390     13.619    11.4117   999.6280 0.0000e+00
      9.582      0.027     1.9543     17.895     47.605  34.671707     0.9821      6.914   275.1425 1.2362e-01    13.5526      9.396     13.628    11.4111   999.6281 0.0000e+00
      9.587      0.023     1.9507     17.862     47.605  34.671501     0.9856      6.913   274.7175 1.2363e-01    13.5484      9.402     13.636    11.4112   999.6282 0.0000e+00
      9.593      0.020     1.9498     17.854     47.603  34.670374     0.9894      6.912   274.5446 1.2363e-01    13.5994      9.407     13.644    11.4118   999.6281 0.0000e+00
      9.598      0.017     1.9495     17.850     47.586  34.658087     1.0101      6.910   274.5149 1.2363e-01    13.7107      9.411     13.651    11.4125   999.6281 0.0000e+00
      9.602      0.015     1.9493     17.849     47.575  34.649872     1.0364      6.909   274.5303 1.2363e-01    13.7790      9.417     13.658    11.4128   999.6280 0.0000e+00
      9.605      0.014     1.9506     17.861     47.641  34.697980     1.0479      6.907   274.3013 1.2363e-01    13.8022      9.420     13.663    11.4129   999.6280 0.0000e+00
      9.607      0.013     1.9537     17.889     47.861  34.858945     1.0364      6.904   273.7247 1.2364e-01    13.7948      9.421     13.664    11.4132   999.6280 0.0000e+00
      9.610      0.013     1.9570     17.921     48.413  35.263235     1.0180      6.903   273.4952 1.2361e-01    13.7548      9.423     13.667    11.4134   999.6280 0.0000e+00
      9.614      0.012     1.9595     17.946     49.373  35.968384     1.0161      6.902   273.5915 1.2356e-01    13.7446      9.427     13.673    11.4129   999.6280 0.0000e+00
      9.618      0.011     1.9592     17.946     51.266  37.355016     1.0222      6.901   273.6846 1.2355e-01    13.7376      9.433     13.681    11.4129   999.6281 0.0000e+00
      9.621      0.010     1.9561     17.920     56.150  40.920498     1.0224      6.899   273.8471 1.2365e-01    13.7026      9.436     13.686    11.4135   999.6281 0.0000e+00
      9.623      0.009     1.9529     17.894     64.679  47.143679     1.0192      6.897   273.6623 1.2373e-01    13.6821      9.437     13.687    11.4157   999.6281 0.0000e+00
      9.624      0.007     1.9502     17.873     72.222  52.653444     1.0181      6.895   273.0858 1.2372e-01    13.7187      9.438     13.688    11.4215   999.6279 0.0000e+00
      9.625      0.006     1.9438     17.819     74.129  54.061115     1.0266      6.893   272.7265 1.2370e-01    13.7849      9.439     13.690    11.4295   999.6273 0.0000e+00
      9.627      0.006     1.9294     17.693     76.373  55.716379     1.0347      6.892   272.7595 1.2368e-01    13.8279      9.441     13.693    11.4359   999.6280 0.0000e+00
      9.629      0.006     1.9072     17.493     86.693  63.259545     1.0293      6.890   272.7115 1.2366e-01    13.8121      9.442     13.695    11.4399   999.6311 0.0000e+00
      9.631      0.006     1.8727     17.180    100.463  73.321536     1.0219      6.890   272.3178 1.2367e-01    13.7573      9.444     13.698    11.4468   999.6343 0.0000e+00
      9.632      0.006     1.8203     16.703    108.168  78.965285     1.0234      6.889   272.1283 1.2367e-01    13.7225      9.446     13.700    11.4618   999.6323 0.0000e+00
      9.633      0.006     1.7490     16.053    104.484  76.299830     1.0313      6.887   272.3143 1.2364e-01    13.7194      9.447     13.701    11.4754   999.6297 0.0000e+00
      9.635      0.005     1.6611     15.249     93.873  68.566020     1.0643      6.885   272.4156 1.2363e-01    13.6877      9.448     13.704    11.4817   999.6340 0.0000e+00
      9.637      0.005     1.5618     14.338     90.387  66.020047     1.1189      6.883   272.2343 1.2366e-01    13.6007      9.450     13.707    11.4875   999.6396 0.0000e+00
      9.638      0.005     1.4533     13.341    101.052  73.808640     1.1459      6.882   272.1006 1.2368e-01    13.5521      9.451     13.708    11.4964   999.6421 0.0000e+00
      9.638      0.005     1.3387     12.290    114.913  83.948987     1.1477      6.881   272.1764 1.2368e-01    13.5593      9.452     13.709    11.5127   999.6388 0.0000e+00
      9.639      0.005     1.2247     11.248    117.114  85.591340     1.1315      6.879   272.1176 1.2365e-01    13.6549      9.453     13.711    11.5223   999.6315 0.0000e+00
      9.641      0.005     1.1227     10.315    107.748  78.781297     1.0971      6.878   271.9060 1.2364e-01    13.8556      9.454     13.712    11.5180   999.6293 0.0000e+00
      9.643      0.005     1.0451      9.604     95.360  69.741776     1.0786      6.877   271.9415 1.2362e-01    13.9870      9.457     13.716    11.5146   999.6354 0.0000e+00
      9.645      0.005     0.9944      9.138     86.971  63.609245     1.0817      6.874   272.2877 1.2361e-01    13.9986      9.458     13.718    11.5198   999.6425 0.0000e+00
      9.646      0.004     0.9649      8.868     96.906  70.874665     1.0921      6.873   272.3930 1.2366e-01    13.9297      9.459     13.719    11.5393   999.6411 0.0000e+00
      9.646      0.004     0.9491      8.724    117.940  86.266657     1.0998      6.873   272.4409 1.2373e-01    13.8097      9.460     13.720    11.5604   999.6330 0.0000e+00
      9.647      0.004     0.9444      8.682    121.106  88.603522     1.0965      6.871   272.6949 1.2376e-01    13.7605      9.460     13.721    11.5682   999.6288 0.0000e+00
      9.647      0.005     0.9532      8.766    113.762  83.263544     1.0878      6.870   272.4519 1.2373e-01    13.7609      9.461     13.722    11.5669   999.6223 0.0000e+00
      9.648      0.005     0.9750      8.970    118.458  86.739194     1.0722      6.870   271.9979 1.2366e-01    13.6832      9.462     13.723    11.5641   999.6258 0.0000e+00
      9.650      0.006     1.0024      9.224    128.287  93.970425     1.0465      6.869   272.1099 1.2366e-01    13.5741      9.464     13.727    11.5665   999.6413 0.0000e+00
      9.652      0.006     1.0281      9.464    132.132  96.810837     1.0275      6.867   272.4295 1.2365e-01    13.5567      9.466     13.729    11.5776   999.6382 0.0000e+00
      9.654      0.006     1.0466      9.635    134.586  98.617848     1.0256      6.867   272.5063 1.2365e-01    13.6038      9.468     13.732    11.5927   999.6287 0.0000e+00
      9.656      0.005     1.0554      9.715    136.697 100.156762     1.0321      6.866   272.4369 1.2369e-01    13.6520      9.469     13.734    11.6080   999.6317 0.0000e+00
