Data/DataNotYetUploadedToEDI/Raw_CTD/RawDownloads/080819_fcr50.cnv
* Sea-Bird SBE19plus  Data File:
* FileName = C:\DATA\080819_FCR50_0001.hex
* Software version 2.8.0.119 SB_Terminal.dll
* Temperature SN = 7809
* Conductivity SN = 7809
* System UpLoad Time = Aug 08 2019 09:43:23
* <ApplicationData>
* <Seaterm232>
# nquan = 16
# nvalues = 869                         
# units = specified
# name 0 = depFM: Depth [fresh water, m]
# name 1 = dz/dtM: Descent Rate [m/s]
# name 2 = sbeox0Mg/L: Oxygen, SBE 43 [mg/l]
# name 3 = sbeox0PS: Oxygen, SBE 43 [% saturation]
# name 4 = specc: Specific Conductance [uS/cm]
# name 5 = c0uS/cm: Conductivity [uS/cm]
# name 6 = flECO-AFL: Fluorescence, WET Labs ECO-AFL/FL [mg/m^3]
# name 7 = ph: pH
# name 8 = orp: Oxidation Reduction Potential [mV]
# name 9 = par/sat/log: PAR/Logarithmic, Satlantic
# name 10 = turbWETntu0: Turbidity, WET Labs ECO [NTU]
# name 11 = prdM: Pressure, Strain Gauge [db]
# name 12 = prdE: Pressure, Strain Gauge [psi]
# name 13 = tv290C: Temperature [ITS-90, deg C]
# name 14 = density00: Density [density, kg/m^3]
# name 15 = flag:  0.000e+00
# span 0 =     -0.631,      9.661       
# span 1 =     -0.369,      0.344       
# span 2 =     0.0731,     8.9817       
# span 3 =      0.701,    110.117       
# span 4 =      0.803,    136.697       
# span 5 =   0.799799, 100.156762       
# span 6 =    -0.4090,     4.8153       
# span 7 =      6.726,      9.299       
# span 8 =   160.1170,  1163.7607       
# span 9 = 1.2355e-01, 1.3426e+03       
# span 10 =    -1.6296,   173.7293      
# span 11 =     -0.620,      9.475      
# span 12 =     -0.900,     13.742      
# span 13 =    11.4111,    25.7385      
# span 14 =   996.8705,   999.6425      
# span 15 = 0.0000e+00, 0.0000e+00      
# interval = seconds: 0.25
# start_time = Aug 08 2019 09:30:01 [Instrument's time stamp, header]
# bad_flag = -9.990e-29
*END*
[from data line 272]
      0.175     -0.002     8.1611    100.031     35.350  35.840317     3.3951      7.815   226.5973 2.8435e+02     3.2812      0.172      0.250    25.6875   996.8868 0.0000e+00
      0.172     -0.001     8.1550     99.958     35.338  35.828882     3.4083      7.814   226.7061 2.7675e+02     3.2825      0.168      0.244    25.6872   996.8869 0.0000e+00
      0.172      0.002     8.1507     99.906     35.327  35.817437     3.4072      7.810   227.2495 2.7455e+02     3.2824      0.168      0.243    25.6870   996.8870 0.0000e+00
      0.175      0.007     8.1502     99.899     35.337  35.828883     3.4084      7.804   227.9182 2.7700e+02     3.2794      0.172      0.249    25.6872   996.8869 0.0000e+00
      0.178      0.011     8.1533     99.939     35.348  35.840328     3.4134      7.799   228.1662 2.7881e+02     3.2790      0.175      0.254    25.6876   996.8868 0.0000e+00
      0.181      0.012     8.1604    100.027     35.336  35.828883     3.4157      7.794   228.0117 2.7951e+02     3.2775      0.176      0.256    25.6882   996.8867 0.0000e+00
      0.185      0.012     8.1701    100.147     35.325  35.817447     3.4184      7.789   227.5991 2.8305e+02     3.3266      0.181      0.262    25.6887   996.8866 0.0000e+00
      0.190      0.010     8.1811    100.282     35.337  35.828996     3.4115      7.787   227.9096 2.8860e+02     3.3821      0.187      0.271    25.6895   996.8863 0.0000e+00
      0.193      0.007     8.1925    100.422     35.349  35.841576     3.3759      7.787   228.9269 2.9442e+02     3.3579      0.190      0.275    25.6905   996.8861 0.0000e+00
      0.194      0.005     8.2001    100.515     35.350  35.842616     3.3349      7.786   229.3156 3.0131e+02     3.2960      0.191      0.277    25.6905   996.8862 0.0000e+00
      0.194      0.003     8.2024    100.544     35.349  35.841566     3.3135      7.784   228.9958 3.0417e+02     3.2566      0.191      0.277    25.6904   996.8862 0.0000e+00
      0.193      0.001     8.2026    100.546     35.336  35.828882     3.2996      7.782   228.4153 3.0723e+02     3.2750      0.189      0.274    25.6909   996.8861 0.0000e+00
      0.192      0.001     8.2045    100.569     35.324  35.816189     3.3059      7.781   228.0622 3.2086e+02     3.3214      0.187      0.272    25.6912   996.8860 0.0000e+00
      0.192      0.001     8.2054    100.579     35.323  35.815035     3.3379      7.780   228.5113 3.3036e+02     3.3254      0.187      0.272    25.6911   996.8860 0.0000e+00
      0.193      0.001     8.2020    100.538     35.323  35.814940     3.3576      7.779   229.4577 3.2249e+02     3.3238      0.190      0.275    25.6910   996.8860 0.0000e+00
      0.195      0.001     8.1968    100.472     35.323  35.815035     3.3625      7.779   229.9542 3.1349e+02     3.3351      0.192      0.278    25.6911   996.8860 0.0000e+00
      0.195      0.001     8.1911    100.400     35.325  35.816179     3.3793      7.778   229.9544 3.1335e+02     3.3315      0.191      0.277    25.6911   996.8860 0.0000e+00
      0.194      0.001     8.1870    100.346     35.339  35.828768     3.4040      7.776   229.7183 3.1658e+02     3.3452      0.191      0.276    25.6913   996.8860 0.0000e+00
      0.194      0.000     8.1866    100.341     35.350  35.840308     3.4180      7.774   229.3371 3.1277e+02     3.3695      0.190      0.276    25.6912   996.8859 0.0000e+00
      0.194      0.000     8.1890    100.369     35.340  35.828769     3.4193      7.772   229.4752 3.0218e+02     3.3639      0.190      0.276    25.6902   996.8861 0.0000e+00
      0.194      0.000     8.1901    100.381     35.328  35.816190     3.4114      7.770   230.0117 2.9525e+02     3.3759      0.190      0.275    25.6882   996.8867 0.0000e+00
      0.194      0.001     8.1885    100.361     35.327  35.815150     3.4092      7.770   230.3172 2.9360e+02     3.4493      0.191      0.277    25.6866   996.8871 0.0000e+00
      0.195      0.001     8.1863    100.333     35.328  35.816199     3.4187      7.769   230.5012 2.9535e+02     3.5294      0.192      0.278    25.6862   996.8873 0.0000e+00
      0.195      0.002     8.1852    100.318     35.341  35.828874     3.4222      7.768   230.5161 2.9300e+02     3.5583      0.191      0.277    25.6858   996.8874 0.0000e+00
      0.195      0.002     8.1869    100.338     35.354  35.841462     3.4256      7.768   230.1532 2.8666e+02     3.5034      0.192      0.278    25.6850   996.8876 0.0000e+00
      0.196      0.001     8.1901    100.378     35.354  35.841461     3.4417      7.767   229.8990 2.8556e+02     3.3896      0.192      0.278    25.6842   996.8878 0.0000e+00
      0.197      0.001     8.1916    100.397     35.341  35.828864     3.4610      7.767   230.1955 2.8676e+02     3.3297      0.193      0.280    25.6838   996.8879 0.0000e+00
      0.197      0.000     8.1929    100.412     35.329  35.816085     3.4775      7.767   230.5551 2.8826e+02     3.3366      0.194      0.281    25.6833   996.8881 0.0000e+00
      0.197 5.6006e-08     8.1950    100.438     35.327  35.813891     3.4844      7.767   230.8056 2.9560e+02     3.3089      0.193      0.280    25.6833   996.8881 0.0000e+00
      0.196 6.1607e-07     8.1946    100.433     35.316  35.802342     3.4754      7.766   231.1595 3.0384e+02     3.2245      0.192      0.279    25.6835   996.8880 0.0000e+00
      0.196      0.000     8.1899    100.375     35.317  35.803382     3.4635      7.766   230.9623 3.1264e+02     3.1346      0.192      0.278    25.6833   996.8881 0.0000e+00
      0.196      0.000     8.1829    100.289     35.340  35.826460     3.4617      7.766   230.2279 3.2553e+02     3.1072      0.192      0.278    25.6831   996.8881 0.0000e+00
      0.197      0.001     8.1769    100.216     35.340  35.827510     3.4717      7.764   230.0229 3.3795e+02     3.1231      0.193      0.280    25.6828   996.8882 0.0000e+00
      0.197      0.001     8.1708    100.142     35.329  35.816074     3.4971      7.762   230.5490 3.5505e+02     3.1628      0.194      0.281    25.6827   996.8882 0.0000e+00
      0.197      0.001     8.1649    100.069     35.328  35.815128     3.5264      7.762   231.1689 3.8640e+02     3.2596      0.194      0.281    25.6826   996.8882 0.0000e+00
      0.197      0.000     8.1635    100.051     35.329  35.816073     3.5390      7.761   231.4092 4.2173e+02     3.3105      0.194      0.281    25.6825   996.8883 0.0000e+00
      0.197 5.5868e-08     8.1671    100.095     35.340  35.827500     3.5380      7.760   230.9587 4.4463e+02     3.2861      0.193      0.280    25.6828   996.8882 0.0000e+00
      0.197 6.1454e-07     8.1739    100.180     35.339  35.826345     3.5225      7.760   230.0246 4.6461e+02     3.2916      0.193      0.280    25.6830   996.8881 0.0000e+00
      0.197      0.000     8.1821    100.280     35.316  35.802112     3.4905      7.759   229.5786 4.8441e+02     3.3123      0.193      0.280    25.6831   996.8881 0.0000e+00
      0.197      0.000     8.1908    100.385     35.302  35.788379     3.4724      7.758   229.8684 4.9356e+02     3.3065      0.193      0.280    25.6830   996.8881 0.0000e+00
      0.197      0.001     8.1988    100.482     35.301  35.787234     3.4759      7.757   230.3453 5.0208e+02     3.3205      0.193      0.280    25.6830   996.8881 0.0000e+00
      0.197      0.001     8.2013    100.511     35.303  35.788264     3.4813      7.757   230.4412 5.2136e+02     3.3513      0.193      0.280    25.6831   996.8881 0.0000e+00
      0.197      0.001     8.1959    100.442     35.317  35.800844     3.4863      7.756   230.0806 5.3135e+02     3.3513      0.193      0.280    25.6827   996.8882 0.0000e+00
      0.198      0.001     8.1891    100.353     35.330  35.812394     3.4839      7.754   229.8568 5.2234e+02     3.3201      0.194      0.281    25.6824   996.8883 0.0000e+00
      0.198      0.001     8.1856    100.308     35.320  35.800968     3.4697      7.753   229.8864 5.2739e+02     3.3016      0.194      0.282    25.6820   996.8884 0.0000e+00
      0.198      0.001     8.1856    100.307     35.309  35.789626     3.4613      7.753   229.8361 5.4928e+02     3.3233      0.195      0.282    25.6814   996.8885 0.0000e+00
      0.199      0.001     8.1868    100.322     35.321  35.802206     3.4690      7.752   229.9369 5.6116e+02     3.3208      0.195      0.283    25.6793   996.8891 0.0000e+00
      0.199      0.001     8.1849    100.300     35.344  35.826127     3.4761      7.751   230.2451 5.6786e+02     3.2708      0.195      0.283    25.6763   996.8899 0.0000e+00
      0.199      0.001     8.1804    100.245     35.343  35.824973     3.4701      7.749   230.2941 5.8053e+02     3.2438      0.195      0.283    25.6746   996.8903 0.0000e+00
      0.199      0.001     8.1791    100.230     35.308  35.788254     3.4653      7.749   230.1842 5.8963e+02     3.2560      0.195      0.283    25.6741   996.8905 0.0000e+00
      0.199      0.001     8.1821    100.265     35.283  35.762982     3.4869      7.748   230.2071 5.9041e+02     3.2873      0.196      0.284    25.6747   996.8904 0.0000e+00
      0.199      0.001     8.1843    100.291     35.293  35.773283     3.5237      7.747   230.3121 5.9283e+02     3.3280      0.196      0.284    25.6753   996.8902 0.0000e+00
      0.199      0.001     8.1826    100.268     35.306  35.785872     3.5382      7.747   230.4223 5.9678e+02     3.3217      0.196      0.284    25.6757   996.8901 0.0000e+00
      0.200      0.000     8.1785    100.217     35.308  35.788255     3.5322      7.747   230.8510 5.9638e+02     3.2769      0.196      0.284    25.6754   996.8901 0.0000e+00
      0.200 2.9529e-10     8.1751    100.176     35.322  35.802091     3.5110      7.746   231.4515 5.9338e+02     3.2778      0.197      0.285    25.6749   996.8903 0.0000e+00
      0.200 3.2482e-09     8.1734    100.156     35.346  35.826230     3.4814      7.745   231.6601 5.8754e+02     3.2989      0.197      0.285    25.6741   996.8906 0.0000e+00
      0.199 3.5730e-08     8.1746    100.171     35.346  35.826231     3.4774      7.745   231.4811 5.8799e+02     3.3027      0.195      0.283    25.6730   996.8908 0.0000e+00
      0.199 3.9303e-07     8.1793    100.228     35.322  35.802112     3.4892      7.744   231.1797 5.9596e+02     3.3246      0.195      0.282    25.6728   996.8908 0.0000e+00
      0.199      0.000     8.1843    100.288     35.309  35.788484     3.5108      7.743   231.7156 5.9670e+02     3.3340      0.195      0.283    25.6729   996.8908 0.0000e+00
      0.199      0.000     8.1870    100.320     35.309  35.788389     3.5563      7.743   232.8831 5.9399e+02     3.3180      0.195      0.283    25.6735   996.8906 0.0000e+00
      0.199      0.001     8.1860    100.307     35.322  35.800959     3.5892      7.743   233.2508 5.9019e+02     3.3271      0.196      0.284    25.6741   996.8905 0.0000e+00
      0.200      0.001     8.1791    100.222     35.334  35.813539     3.5962      7.742   233.0639 5.8904e+02     3.3463      0.196      0.284    25.6741   996.8905 0.0000e+00
      0.200      0.001     8.1676    100.082     35.334  35.813547     3.5811      7.742   232.7740 5.9509e+02     3.4184      0.196      0.284    25.6736   996.8906 0.0000e+00
      0.200      0.001     8.1571     99.952     35.322  35.801053     3.5450      7.742   232.3276 5.9604e+02     3.5438      0.196      0.284    25.6721   996.8910 0.0000e+00
      0.200      0.001     8.1514     99.882     35.311  35.789418     3.5239      7.743   232.5706 5.9100e+02     3.5845      0.196      0.285    25.6715   996.8912 0.0000e+00
      0.201      0.002     8.1514     99.881     35.322  35.799805     3.5257      7.744   233.5620 5.8334e+02     3.5505      0.197      0.286    25.6722   996.8910 0.0000e+00
      0.201      0.003     8.1559     99.936     35.322  35.799700     3.5322      7.744   234.1612 5.8584e+02     3.4932      0.197      0.285    25.6722   996.8910 0.0000e+00
      0.201      0.003     8.1626    100.017     35.311  35.788150     3.5322      7.744   234.0507 6.0194e+02     3.3828      0.197      0.286    25.6715   996.8912 0.0000e+00
      0.202      0.003     8.1703    100.111     35.310  35.787100     3.5344      7.743   233.6889 6.0545e+02     3.2974      0.198      0.288    25.6707   996.8914 0.0000e+00
      0.204      0.002     8.1778    100.202     35.310  35.787004     3.5410      7.742   233.5719 6.0111e+02     3.3128      0.201      0.291    25.6708   996.8914 0.0000e+00
      0.205      0.002     8.1813    100.243     35.311  35.786986     3.5344      7.742   233.8410 6.0647e+02     3.3392      0.202      0.293    25.6708   996.8914 0.0000e+00
      0.205      0.001     8.1800    100.225     35.311  35.786882     3.5153      7.742   234.2752 6.0620e+02     3.3220      0.201      0.292    25.6699   996.8916 0.0000e+00
      0.204      0.001     8.1777    100.196     35.311  35.785738     3.4925      7.742   234.6050 5.9450e+02     3.3022      0.200      0.291    25.6698   996.8916 0.0000e+00
      0.204     -0.001     8.1749    100.162     35.298  35.773159     3.4751      7.740   234.6452 5.8775e+02     3.2954      0.200      0.291    25.6697   996.8917 0.0000e+00
      0.204     -0.008     8.1682    100.081     35.286  35.761724     3.4695      7.734   234.3313 5.9346e+02     3.3051      0.200      0.291    25.6687   996.8919 0.0000e+00
      0.205     -0.032     8.1569     99.946     35.298  35.774419     3.4686      7.723   233.8221 6.0964e+02     3.2885      0.201      0.292    25.6672   996.8923 0.0000e+00
      0.205     -0.079     8.1449     99.803     35.322  35.799720     3.4645      7.713   233.4784 6.2025e+02     3.2264      0.201      0.292    25.6669   996.8924 0.0000e+00
      0.200     -0.147     8.1372     99.718     35.332  35.813767     3.4719      7.709   233.2726 6.3050e+02     3.3414      0.201      0.292    25.6675   996.8922 0.0000e+00
      0.176     -0.224     8.1361     99.721     35.329  35.817333     3.5057      7.711   232.7971 6.4625e+02     5.4659      0.188      0.273    25.6678   996.8921 0.0000e+00
      0.107     -0.295     8.1395     99.785     35.345  35.842843     3.7347      7.715   231.9444 7.4337e+02    29.2404      0.125      0.181    25.6684   996.8917 0.0000e+00
     -0.009     -0.348     8.1471     99.903     35.360  35.868344     4.1426      7.717   231.1360 9.4042e+02    72.8284     -0.003     -0.004    25.6706   996.8905 0.0000e+00
     -0.142     -0.369     8.1618    100.106     35.355  35.871805     4.3618      7.717   230.4229 1.0556e+03    96.7127     -0.147     -0.214    25.6756   996.8886 0.0000e+00
     -0.262     -0.352     8.1794    100.336     35.362  35.884708     4.3485      7.712   229.7751 1.0582e+03   100.5797     -0.265     -0.384    25.6843   996.8857 0.0000e+00
     -0.357     -0.300     8.1855    100.418     35.372  35.897420     3.9128      7.707   229.8427 1.0340e+03   119.8457     -0.357     -0.518    25.6972   996.8819 0.0000e+00
     -0.426     -0.228     8.1617    100.128     35.372  35.898575     3.1074      7.703   230.8961 1.0082e+03   154.8165     -0.428     -0.622    25.7129   996.8775 0.0000e+00
     -0.466     -0.151     8.0952     99.312     35.373  35.898670     2.6729      7.700   232.7892 9.9190e+02   173.7293     -0.466     -0.677    25.7259   996.8739 0.0000e+00
     -0.480     -0.076     7.9887     98.006     35.373  35.898565     2.6655      7.698   234.8352 9.8631e+02   173.6461     -0.473     -0.686    25.7331   996.8720 0.0000e+00
     -0.485     -0.001     7.8567     96.386     35.372  35.897306     3.0789      7.695   235.3295 9.9595e+02   154.2360     -0.475     -0.689    25.7372   996.8709 0.0000e+00
     -0.485      0.076     7.7140     94.634     35.359  35.883449     3.8563      7.692   234.2060 1.0105e+03   118.5038     -0.480     -0.697    25.7385   996.8705 0.0000e+00
