Data/DataNotYetUploadedToEDI/Raw_CTD/RawDownloads/080818_ccr50.cnv
* Sea-Bird SBE19plus  Data File:
* FileName = C:\DATA\080918_bvr50_0001.hex
* Software version 2.6.3.104
* Temperature SN = 7809
* Conductivity SN = 7809
* System UpLoad Time = Aug 09 2018 20:24:55
* <ApplicationData>
* <Seaterm232>
# nquan = 17
# nvalues = 1056                        
# units = specified
# name 0 = depFM: Depth [fresh water, m]
# name 1 = tv290C: Temperature [ITS-90, deg C]
# name 2 = sbeox0Mg/L: Oxygen, SBE 43 [mg/l]
# name 3 = sbeox0PS: Oxygen, SBE 43 [% saturation]
# name 4 = c0uS/cm: Conductivity [uS/cm]
# name 5 = specc: Specific Conductance [uS/cm]
# name 6 = ph: pH
# name 7 = orp: Oxidation Reduction Potential [mV]
# name 8 = flECO-AFL: Fluorescence, WET Labs ECO-AFL/FL [mg/m^3]
# name 9 = turbWETntu0: Turbidity, WET Labs ECO [NTU]
# name 10 = sal00: Salinity, Practical [PSU]
# name 11 = dz/dtM: Descent Rate [m/s]
# name 12 = prdM: Pressure, Strain Gauge [db]
# name 13 = prdE: Pressure, Strain Gauge [psi]
# name 14 = scan: Scan Count
# name 15 = par/sat/log: PAR/Logarithmic, Satlantic
# name 16 = flag:  0.000e+00
# span 0 =     -0.393,     20.817       
# span 1 =    10.6473,    28.1458       
# span 2 =     0.8621,    10.1754       
# span 3 =      7.797,    113.589       
# span 4 =  -0.243857, 171.159525       
# span 5 =      1.582,    236.872       
# span 6 =     -2.396,      8.155       
# span 7 = -1240.7455,  1240.2295       
# span 8 =    -0.2021,     4.9131       
# span 9 =    -0.6943,    15.7415       
# span 10 =     0.0129,     0.1113      
# span 11 =     -0.265,      0.369      
# span 12 =     -0.386,     20.414      
# span 13 =     -0.559,     29.608      
# span 14 =          1,       1056      
# span 15 = 1.2482e-01, 2.3786e+03      
# span 16 = 0.0000e+00, 0.0000e+00      
# interval = seconds: 0.25
# start_time = Aug 08 2018 14:10:00 [Instrument's time stamp, header]
# bad_flag = -9.990e-29
*END*
[from data line 341]
      0.445    27.4287     8.3675    105.847  92.869777     88.545      8.134   226.9044     0.6147     0.2591     0.0471      0.043      0.446      0.648        342 9.0423e+02 0.0000e+00
      0.522    27.4278     8.3845    106.063  92.881131     88.553      8.125   227.7373     0.6430     0.1920     0.0471      0.070      0.506      0.735        343 3.7624e+02 0.0000e+00
      0.581    27.4302     8.4071    106.349  92.812682     88.510      8.126   228.4944     0.6268     0.1383     0.0471      0.103      0.558      0.809        344 7.7037e+01 0.0000e+00
      0.602    27.4320     8.4255    106.578  92.836002     88.511      8.130   228.7594     0.6228     0.1517     0.0471      0.127      0.584      0.847        345 2.2918e+02 0.0000e+00
      0.607    27.4312     8.4393    106.742  92.911594     88.614      8.135   228.6837     0.6187     0.1248     0.0471      0.139      0.592      0.859        346 1.5291e+02 0.0000e+00
      0.605    27.4289     8.4338    106.672  92.837574     88.504      8.140   229.0244     0.6389     0.2188     0.0471      0.137      0.590      0.855        347 1.5837e+02 0.0000e+00
      0.592    27.4277     8.4141    106.422  92.809152     88.505      8.143   228.7973     0.6713     0.2054     0.0471      0.120      0.582      0.844        348 2.5991e+02 0.0000e+00
      0.584    27.4278     8.3955    106.187  92.827999     88.509      8.147   228.9487     0.6996     0.2591     0.0471      0.089      0.577      0.837        349 5.4906e+02 0.0000e+00
      0.589    27.4287     8.3819    106.020  92.814121     88.511      8.148   229.3651     0.6996     0.2322     0.0471      0.052      0.581      0.842        350 4.4065e+02 0.0000e+00
      0.602    27.4296     8.3725    105.899  92.826423     88.511      8.150   229.3651     0.6955     0.2322     0.0471      0.019      0.592      0.860        351 5.9195e+02 0.0000e+00
      0.622    27.4302     8.3794    105.979  92.812688     88.510      8.152   230.1601     0.6632     0.1517     0.0471      0.007      0.611      0.886        352 4.8157e+02 0.0000e+00
      0.646    27.4306     8.3945    106.162  92.831214     88.508      8.151   230.4251     0.6996     0.1785     0.0471      0.014      0.632      0.918        353 2.9589e+02 0.0000e+00
      0.667    27.4309     8.4107    106.361  92.862852     88.560      8.147   230.5009     0.6753     0.1517     0.0471      0.029      0.657      0.953        354 3.5616e+02 0.0000e+00
      0.698    27.4280     8.4255    106.545  92.832800     88.506      8.148   230.6523     0.6794     0.2860     0.0471      0.049      0.690      1.000        355 4.9013e+02 0.0000e+00
      0.744    27.4232     8.4310    106.613  92.809130     88.506      8.135   232.0151     0.6875     0.2054     0.0471      0.075      0.736      1.066        356 3.9565e+02 0.0000e+00
      0.811    27.4222     8.4294    106.595  92.773344     88.456      8.122   232.4316     0.7198     0.1785     0.0470      0.105      0.786      1.140        357 3.5009e+02 0.0000e+00
      0.847    27.4219     8.4138    106.400  92.758374     88.466      8.123   231.7501     0.7238     0.3128     0.0470      0.128      0.819      1.188        358 5.4391e+02 0.0000e+00
      0.845    27.4226     8.4057    106.302  92.827766     88.520      8.127   231.5230     0.7238     0.1920     0.0471      0.134      0.830      1.204        359 4.3680e+02 0.0000e+00
      0.849    27.4249     8.3925    106.136  92.865439     88.575      8.132   231.9016     0.7521     0.2860     0.0471      0.129      0.834      1.210        360 5.2539e+02 0.0000e+00
      0.858    27.4242     8.3877    106.077  92.830457     88.520      8.137   232.0151     0.7966     0.1517     0.0471      0.117      0.843      1.224        361 5.2381e+02 0.0000e+00
      0.873    27.4200     8.3870    106.069  92.811816     88.516      8.140   231.7880     0.7805     0.1651     0.0471      0.101      0.863      1.252        362 8.0854e+02 0.0000e+00
      0.912    27.4156     8.3877    106.073  92.769669     88.463      8.142   232.7344     0.7764     0.1785     0.0470      0.087      0.895      1.299        363 1.1202e+03 0.0000e+00
      0.953    27.4127     8.3921    106.125  92.763945     88.471      8.137   232.8101     0.8088     0.2860     0.0470      0.079      0.931      1.350        364 5.7487e+02 0.0000e+00
      0.983    27.4111     8.3870    106.061  92.759464     88.478      8.137   232.5830     0.7279     0.1785     0.0470      0.076      0.961      1.394        365 4.5709e+02 0.0000e+00
      1.007    27.4105     8.3746    105.905  92.715769     88.429      8.132   232.8480     0.7521     0.1785     0.0470      0.086      0.979      1.420        366 5.4442e+02 0.0000e+00
      1.003    27.4109     8.3606    105.728  92.758844     88.486      8.127   232.4316     0.7036     0.2725     0.0470      0.094      0.979      1.420        367 4.4716e+02 0.0000e+00
      0.986    27.4125     8.3529    105.627  92.824826     88.540      8.131   232.0530     0.7319     0.2457     0.0471      0.086      0.968      1.404        368 5.1190e+02 0.0000e+00
      0.973    27.4145     8.3438    105.508  92.752623     88.486      8.134   232.2423     0.7885     0.2054     0.0470      0.068      0.957      1.388        369 3.7920e+02 0.0000e+00
      0.968    27.4156     8.3414    105.474  92.729732     88.430      8.137   232.4316     0.7764     0.2054     0.0470      0.042      0.958      1.389        370 4.4374e+02 0.0000e+00
      0.990    27.4165     8.3441    105.505  92.793827     88.533      8.141   232.9237     0.7764     0.2322     0.0471      0.021      0.978      1.418        371 5.4808e+02 0.0000e+00
      1.033    27.4164     8.3587    105.688  92.791823     88.478      8.138   233.4159     0.8047     0.1785     0.0470      0.015      1.015      1.472        372 4.5182e+02 0.0000e+00
      1.082    27.4140     8.3775    105.926  92.791710     88.530      8.137   233.3023     0.8047     0.2591     0.0471      0.028      1.055      1.529        373 4.1508e+02 0.0000e+00
      1.111    27.4121     8.3890    106.070  92.734486     88.423      8.136   233.4916     0.8088     0.3128     0.0470      0.050      1.081      1.568        374 3.1643e+02 0.0000e+00
      1.114    27.4123     8.4128    106.371  92.744074     88.481      8.137   233.4916     0.8007     0.1785     0.0470      0.072      1.089      1.579        375 2.5540e+02 0.0000e+00
      1.105    27.4133     8.4246    106.521  92.779779     88.484      8.140   233.2644     0.8249     0.2591     0.0470      0.084      1.087      1.576        376 2.4894e+02 0.0000e+00
      1.103    27.4129     8.4224    106.492  92.749533     88.484      8.145   233.2266     0.7198     0.1920     0.0470      0.082      1.092      1.583        377 2.6895e+02 0.0000e+00
      1.130    27.4109     8.4138    106.381  92.722231     88.428      8.145   234.0216     0.7441     0.2591     0.0470      0.076      1.119      1.623        378 2.4561e+02 0.0000e+00
      1.193    27.4090     8.4107    106.341  92.754276     88.482      8.136   234.8923     0.7441     0.2322     0.0470      0.075      1.167      1.692        379 2.3914e+02 0.0000e+00
      1.243    27.4074     8.4071    106.293  92.769140     88.486      8.131   233.7944     0.7238     0.1920     0.0470      0.079      1.212      1.759        380 2.8805e+02 0.0000e+00
      1.272    27.4055     8.3959    106.151  92.763219     88.489      8.134   233.7187     0.8249     0.1383     0.0470      0.088      1.246      1.808        381 2.2671e+02 0.0000e+00
      1.302    27.4045     8.3929    106.111  92.761648     88.492      8.136   233.9459     0.8047     0.1651     0.0470      0.105      1.269      1.842        382 2.4435e+02 0.0000e+00
      1.309    27.4044     8.3938    106.122  92.711616     88.442      8.138   233.8702     0.7805     0.2054     0.0470      0.119      1.279      1.855        383 2.9050e+02 0.0000e+00
      1.300    27.4042     8.3991    106.189  92.766002     88.497      8.142   233.5294     0.7764     0.2054     0.0470      0.119      1.280      1.857        384 2.6303e+02 0.0000e+00
      1.310    27.4040     8.4046    106.257  92.812931     88.550      8.146   234.0594     0.7521     0.1248     0.0471      0.106      1.287      1.868        385 2.0366e+02 0.0000e+00
      1.327    27.4041     8.4155    106.392  92.772181     88.497      8.148   233.9837     0.8492     0.2054     0.0470      0.084      1.302      1.888        386 1.9446e+02 0.0000e+00
      1.345    27.4038     8.4161    106.397  92.757233     88.498      8.152   233.9459     0.8371     0.1651     0.0470      0.061      1.319      1.913        387 1.7684e+02 0.0000e+00
      1.362    27.4028     8.4286    106.552  92.712567     88.444      8.151   234.3623     0.8532     0.2322     0.0470      0.049      1.337      1.939        388 1.7245e+02 0.0000e+00
      1.380    27.4020     8.4219    106.464  92.708803     88.444      8.153   234.2866     0.8613     0.1785     0.0470      0.047      1.358      1.969        389 2.0419e+02 0.0000e+00
      1.412    27.4009     8.4194    106.430  92.761920     88.500      8.153   234.4380     0.7926     0.3531     0.0470      0.053      1.385      2.009        390 1.6348e+02 0.0000e+00
      1.445    27.4002     8.4229    106.472  92.705949     88.448      8.149   234.7787     0.7845     0.1785     0.0470      0.069      1.416      2.054        391 1.5298e+02 0.0000e+00
      1.477    27.3996     8.4187    106.419  92.659496     88.396      8.143   235.1952     0.7845     0.1517     0.0470      0.086      1.447      2.099        392 1.5302e+02 0.0000e+00
      1.506    27.3991     8.4245    106.492  92.760249     88.504      8.138   234.8923     0.7764     0.1920     0.0471      0.097      1.475      2.140        393 1.4308e+02 0.0000e+00
      1.531    27.3989     8.4154    106.376  92.759012     88.505      8.137   235.4980     0.8532     0.2322     0.0471      0.104      1.500      2.175        394 1.4171e+02 0.0000e+00
      1.551    27.3981     8.4138    106.355  92.720520     88.452      8.137   235.2330     0.8452     0.2054     0.0470      0.108      1.521      2.205        395 1.3792e+02 0.0000e+00
      1.571    27.3969     8.4118    106.324  92.748670     88.506      8.136   235.4223     0.8654     0.2860     0.0471      0.107      1.540      2.233        396 1.3677e+02 0.0000e+00
      1.589    27.3955     8.4214    106.440  92.723980     88.454      8.135   235.2709     0.8735     0.1651     0.0470      0.103      1.560      2.263        397 1.3568e+02 0.0000e+00
      1.613    27.3937     8.4185    106.402  92.751248     88.510      8.136   235.7630     0.9382     0.2591     0.0471      0.096      1.589      2.304        398 1.3022e+02 0.0000e+00
      1.662    27.3918     8.4109    106.303  92.714739     88.458      8.125   236.3309     0.9341     0.1920     0.0470      0.097      1.626      2.357        399 1.2836e+02 0.0000e+00
      1.694    27.3907     8.3940    106.090  92.709936     88.462      8.121   235.6873     0.9220     0.1114     0.0470      0.101      1.658      2.404        400 1.3127e+02 0.0000e+00
      1.715    27.3904     8.3786    105.893  92.757228     88.518      8.123   235.8387     0.9139     0.1114     0.0471      0.104      1.681      2.439        401 1.2963e+02 0.0000e+00
      1.738    27.3899     8.3697    105.781  92.715370     88.467      8.130   235.7252     0.9139     0.2188     0.0470      0.107      1.701      2.467        402 1.3153e+02 0.0000e+00
      1.750    27.3896     8.3729    105.821  92.702547     88.467      8.129   235.4223     0.9543     0.2188     0.0470      0.107      1.716      2.490        403 1.3422e+02 0.0000e+00
      1.764    27.3895     8.3753    105.851  92.713705     88.468      8.134   235.5737     0.9260     0.2054     0.0470      0.102      1.731      2.510        404 1.3381e+02 0.0000e+00
      1.782    27.3887     8.3835    105.952  92.701484     88.468      8.139   235.3087     0.9341     0.2188     0.0470      0.094      1.747      2.533        405 1.3399e+02 0.0000e+00
      1.797    27.3855     8.3953    106.099  92.658274     88.415      8.140   235.8766     0.9018     0.1114     0.0470      0.083      1.764      2.558        406 1.3336e+02 0.0000e+00
      1.818    27.3829     8.3958    106.104  92.648517     88.416      8.143   235.8387     0.8896     0.2994     0.0470      0.071      1.783      2.586        407 1.3179e+02 0.0000e+00
      1.838    27.3821     8.3962    106.107  92.654147     88.422      8.143   236.0659     0.9058     0.2725     0.0470      0.068      1.802      2.614        408 1.3029e+02 0.0000e+00
      1.857    27.3812     8.3862    105.979  92.651271     88.426      8.147   235.6494     0.9139     0.2725     0.0470      0.068      1.820      2.640        409 1.2782e+02 0.0000e+00
      1.873    27.3805     8.3842    105.954  92.652100     88.428      8.148   236.2173     0.9948     0.2322     0.0470      0.068      1.837      2.665        410 1.2607e+02 0.0000e+00
      1.891    27.3803     8.3794    105.894  92.653118     88.429      8.148   236.2552     0.9948     0.2591     0.0470      0.071      1.855      2.690        411 1.2425e+02 0.0000e+00
      1.910    27.3803     8.3691    105.767  92.709488     88.484      8.150   235.6494     0.9867     0.2054     0.0470      0.072      1.874      2.718        412 1.2225e+02 0.0000e+00
      1.933    27.3799     8.3570    105.613  92.700914     88.484      8.150   235.8766     1.0029     0.1785     0.0470      0.074      1.896      2.750        413 1.2152e+02 0.0000e+00
      1.958    27.3794     8.3503    105.529  92.663788     88.431      8.152   236.4823     0.9745     0.1920     0.0470      0.076      1.919      2.784        414 1.2153e+02 0.0000e+00
      1.980    27.3785     8.3441    105.448  92.696209     88.485      8.150   235.8009     0.9665     0.4068     0.0470      0.078      1.940      2.815        415 1.2145e+02 0.0000e+00
      1.997    27.3771     8.3464    105.477  92.660569     88.432      8.151   236.2930     0.9948     0.3531     0.0470      0.079      1.957      2.840        416 1.2094e+02 0.0000e+00
      2.012    27.3763     8.3484    105.500  92.648660     88.434      8.151   236.4066     0.9948     0.4605     0.0470      0.080      1.972      2.861        417 1.2061e+02 0.0000e+00
      2.024    27.3755     8.3569    105.605  92.711029     88.490      8.151   236.1416     0.9745     0.3800     0.0470      0.078      1.987      2.882        418 1.1869e+02 0.0000e+00
      2.041    27.3749     8.3694    105.764  92.701920     88.491      8.150   236.3309     0.9867     0.2188     0.0470      0.075      2.005      2.908        419 1.1450e+02 0.0000e+00
      2.070    27.3751     8.3756    105.843  92.660001     88.439      8.147   236.4066     0.9786     0.1785     0.0470      0.074      2.031      2.947        420 1.1054e+02 0.0000e+00
      2.106    27.3755     8.3856    105.971  92.703717     88.493      8.134   237.0502     1.0029     0.2322     0.0470      0.077      2.060      2.988        421 1.0821e+02 0.0000e+00
      2.126    27.3761     8.3923    106.057  92.707000     88.493      8.128   236.9744     0.9826     0.2054     0.0470      0.080      2.083      3.020        422 1.0585e+02 0.0000e+00
      2.139    27.3765     8.3902    106.026  92.655915     88.439      8.125   237.1259     0.9624     0.2054     0.0470      0.082      2.098      3.043        423 1.0339e+02 0.0000e+00
      2.154    27.3763     8.3886    106.004  92.648324     88.438      8.126   236.8987     0.9665     0.2054     0.0470      0.084      2.113      3.064        424 1.0179e+02 0.0000e+00
      2.169    27.3753     8.3831    105.935  92.656963     88.437      8.127   236.8987     0.9786     0.2322     0.0470      0.083      2.129      3.087        425 9.9941e+01 0.0000e+00
