Data/DataNotYetUploadedToEDI/Raw_CTD/RawDownloads/080818_ccr50.cnv
* Sea-Bird SBE19plus  Data File:
* FileName = C:\DATA\080918_bvr50_0001.hex
* Software version 2.6.3.104
* Temperature SN = 7809
* Conductivity SN = 7809
* System UpLoad Time = Aug 09 2018 20:24:55
* <ApplicationData>
* <Seaterm232>
# nquan = 17
# nvalues = 1056                        
# units = specified
# name 0 = depFM: Depth [fresh water, m]
# name 1 = tv290C: Temperature [ITS-90, deg C]
# name 2 = sbeox0Mg/L: Oxygen, SBE 43 [mg/l]
# name 3 = sbeox0PS: Oxygen, SBE 43 [% saturation]
# name 4 = c0uS/cm: Conductivity [uS/cm]
# name 5 = specc: Specific Conductance [uS/cm]
# name 6 = ph: pH
# name 7 = orp: Oxidation Reduction Potential [mV]
# name 8 = flECO-AFL: Fluorescence, WET Labs ECO-AFL/FL [mg/m^3]
# name 9 = turbWETntu0: Turbidity, WET Labs ECO [NTU]
# name 10 = sal00: Salinity, Practical [PSU]
# name 11 = dz/dtM: Descent Rate [m/s]
# name 12 = prdM: Pressure, Strain Gauge [db]
# name 13 = prdE: Pressure, Strain Gauge [psi]
# name 14 = scan: Scan Count
# name 15 = par/sat/log: PAR/Logarithmic, Satlantic
# name 16 = flag:  0.000e+00
# span 0 =     -0.393,     20.817       
# span 1 =    10.6473,    28.1458       
# span 2 =     0.8621,    10.1754       
# span 3 =      7.797,    113.589       
# span 4 =  -0.243857, 171.159525       
# span 5 =      1.582,    236.872       
# span 6 =     -2.396,      8.155       
# span 7 = -1240.7455,  1240.2295       
# span 8 =    -0.2021,     4.9131       
# span 9 =    -0.6943,    15.7415       
# span 10 =     0.0129,     0.1113      
# span 11 =     -0.265,      0.369      
# span 12 =     -0.386,     20.414      
# span 13 =     -0.559,     29.608      
# span 14 =          1,       1056      
# span 15 = 1.2482e-01, 2.3786e+03      
# span 16 = 0.0000e+00, 0.0000e+00      
# interval = seconds: 0.25
# start_time = Aug 08 2018 14:10:00 [Instrument's time stamp, header]
# bad_flag = -9.990e-29
*END*
[from data line 681]
     11.255    11.4381     6.2652     57.389  88.568889    121.486      6.984   291.5267     1.3021     2.5150     0.0576      0.166     11.030     15.998        682 6.6378e-01 0.0000e+00
     11.271    11.4360     6.2596     57.335  88.563441    121.505      6.982   291.3375     1.3142     2.4479     0.0576      0.168     11.052     16.030        683 6.7268e-01 0.0000e+00
     11.286    11.4357     6.2611     57.345  88.565068    121.519      6.981   291.3753     1.1808     2.2330     0.0576      0.160     11.071     16.056        684 6.5045e-01 0.0000e+00
     11.311    11.4379     6.2500     57.241  88.566869    121.526      6.982   291.5267     1.1767     2.3673     0.0576      0.146     11.093     16.090        685 6.3206e-01 0.0000e+00
     11.340    11.4396     6.2527     57.264  88.561204    121.527      6.977   291.6403     1.1646     2.2464     0.0576      0.132     11.121     16.130        686 6.2642e-01 0.0000e+00
     11.371    11.4373     6.2441     57.185  88.512645    121.443      6.982   291.4132     1.1767     2.3136     0.0576      0.119     11.153     16.176        687 6.1337e-01 0.0000e+00
     11.407    11.4335     6.2417     57.162  88.508352    121.436      6.976   291.5267     1.1403     2.2464     0.0576      0.109     11.189     16.227        688 5.6564e-01 0.0000e+00
     11.449    11.4297     6.2534     57.268  88.507075    121.445      6.974   292.0189     1.2010     2.3136     0.0576      0.107     11.230     16.287        689 5.2335e-01 0.0000e+00
     11.497    11.4266     6.2632     57.356  88.573711    121.534      6.972   292.1703     1.1686     2.2196     0.0576      0.118     11.277     16.356        690 4.9954e-01 0.0000e+00
     11.552    11.4235     6.2482     57.216  88.693062    121.740      6.970   292.4353     1.1848     2.3404     0.0577      0.138     11.330     16.432        691 4.8401e-01 0.0000e+00
     11.609    11.4203     6.2781     57.486  88.685659    121.711      6.965   292.4732     1.1161     2.2464     0.0577      0.158     11.381     16.507        692 4.6602e-01 0.0000e+00
     11.654    11.4179     6.3054     57.734  88.642404    121.683      6.964   292.5868     1.1161     2.3136     0.0577      0.172     11.426     16.573        693 4.5954e-01 0.0000e+00
     11.692    11.4156     6.3266     57.924  88.717159    121.771      6.961   292.7382     1.0999     2.4076     0.0577      0.181     11.465     16.629        694 4.4828e-01 0.0000e+00
     11.728    11.4141     6.3796     58.405  88.771054    121.894      6.960   292.6625     1.1080     2.3270     0.0578      0.183     11.501     16.681        695 4.2830e-01 0.0000e+00
     11.764    11.4125     6.4086     58.669  88.724020    121.787      6.955   292.9275     1.1767     2.0853     0.0577      0.180     11.533     16.728        696 4.2081e-01 0.0000e+00
     11.790    11.4115     6.4504     59.049  88.775696    121.907      6.956   292.7382     1.1525     2.0853     0.0578      0.170     11.562     16.769        697 4.3237e-01 0.0000e+00
     11.815    11.4113     6.4912     59.419  88.766224    121.874      6.954   292.8896     1.1606     2.1390     0.0577      0.155     11.591     16.810        698 4.2825e-01 0.0000e+00
     11.851    11.4103     6.5343     59.808  88.765547    121.877      6.950   293.2303     1.1686     2.1793     0.0578      0.141     11.626     16.861        699 3.7918e-01 0.0000e+00
     11.897    11.4089     6.5590     60.029  88.836015    121.993      6.949   292.8518     1.2374     2.1122     0.0578      0.134     11.669     16.923        700 3.2805e-01 0.0000e+00
     11.947    11.4066     6.5733     60.156  88.827216    121.958      6.948   293.2303     1.2576     2.1390     0.0578      0.136     11.715     16.991        701 3.4270e-01 0.0000e+00
     11.993    11.4041     6.5849     60.256  88.865710    122.040      6.944   293.4196     1.2536     2.1390     0.0578      0.143     11.761     17.058        702 3.6819e-01 0.0000e+00
     12.038    11.4022     6.5834     60.238  88.847588    122.009      6.942   293.3060     1.2414     2.2062     0.0578      0.152     11.802     17.119        703 3.2057e-01 0.0000e+00
     12.074    11.3991     6.5773     60.175  88.820036    121.979      6.939   293.6468     1.3102     2.6493     0.0578      0.160     11.837     17.170        704 3.0697e-01 0.0000e+00
     12.100    11.3965     6.5481     59.903  88.870264    122.062      6.937   293.7982     1.2819     2.6224     0.0578      0.163     11.867     17.212        705 3.0757e-01 0.0000e+00
     12.130    11.3954     6.5152     59.600  88.844559    122.034      6.936   293.7982     1.3183     2.6493     0.0578      0.160     11.899     17.257        706 2.9534e-01 0.0000e+00
     12.171    11.3936     6.4709     59.190  88.822294    122.005      6.934   293.9875     1.3183     2.7298     0.0578      0.155     11.936     17.312        707 2.9466e-01 0.0000e+00
     12.213    11.3908     6.4162     58.682  88.868240    122.085      6.933   293.9875     1.1767     2.9447     0.0578      0.148     11.975     17.369        708 2.6373e-01 0.0000e+00
     12.249    11.3870     6.3689     58.242  88.846858    122.053      6.929   293.8739     1.2010     2.9715     0.0578      0.143     12.014     17.424        709 2.3084e-01 0.0000e+00
     12.290    11.3834     6.3165     57.758  88.819169    122.023      6.929   294.2146     1.1848     2.9044     0.0578      0.142     12.054     17.483        710 2.2915e-01 0.0000e+00
     12.337    11.3801     6.2710     57.337  88.813491    122.036      6.928   294.2903     1.1686     2.8507     0.0578      0.145     12.100     17.549        711 2.3144e-01 0.0000e+00
     12.389    11.3764     6.2303     56.961  88.734981    121.933      6.925   294.4796     1.1686     2.8507     0.0578      0.155     12.148     17.619        712 2.1755e-01 0.0000e+00
     12.437    11.3726     6.1924     56.611  88.708720    121.905      6.922   294.6689     1.2819     3.7504     0.0578      0.166     12.193     17.684        713 2.0516e-01 0.0000e+00
     12.474    11.3677     6.1570     56.286  88.697495    121.918      6.919   294.7446     1.2980     3.7772     0.0578      0.171     12.231     17.739        714 1.9570e-01 0.0000e+00
     12.505    11.3639     6.1289     56.028  88.630008    121.814      6.918   294.6689     1.3304     3.8175     0.0577      0.170     12.263     17.785        715 1.9202e-01 0.0000e+00
     12.533    11.3624     6.0949     55.715  88.644026    121.870      6.918   294.5175     1.2980     3.7772     0.0577      0.165     12.294     17.830        716 1.8629e-01 0.0000e+00
     12.568    11.3596     6.0761     55.539  88.650320    121.883      6.916   294.7825     1.3102     3.6564     0.0577      0.159     12.329     17.882        717 1.6951e-01 0.0000e+00
     12.617    11.3539     6.0725     55.498  88.562708    121.772      6.913   295.0096     1.3223     3.8041     0.0577      0.154     12.374     17.947        718 1.6274e-01 0.0000e+00
     12.669    11.3483     6.0764     55.527  88.455693    121.627      6.913   295.1610     1.3304     3.6429     0.0576      0.153     12.422     18.017        719 1.7714e-01 0.0000e+00
     12.712    11.3444     6.0816     55.568  88.426663    121.608      6.912   294.7068     1.3223     3.7101     0.0576      0.153     12.467     18.082        720 1.6049e-01 0.0000e+00
     12.757    11.3410     6.0952     55.687  88.390685    121.588      6.913   295.3882     1.2293     3.9384     0.0576      0.157     12.512     18.147        721 1.2508e-01 0.0000e+00
     12.809    11.3380     6.1048     55.771  88.351790    121.524      6.908   295.4260     1.2536     4.0055     0.0576      0.167     12.560     18.217        722 1.2732e-01 0.0000e+00
     12.858    11.3351     6.0986     55.709  88.415601    121.651      6.910   295.4260     1.2616     3.9921     0.0576      0.177     12.605     18.282        723 1.4020e-01 0.0000e+00
     12.894    11.3337     6.1007     55.726  88.400490    121.623      6.907   295.1610     1.2616     3.8712     0.0576      0.182     12.642     18.336        724 1.2839e-01 0.0000e+00
     12.923    11.3334     6.1011     55.727  88.340864    121.555      6.908   295.2746     1.2253     3.5221     0.0576      0.178     12.676     18.385        725 1.2482e-01 0.0000e+00
     12.962    11.3314     6.0860     55.588  88.370862    121.600      6.906   295.3125     1.2495     3.5892     0.0576      0.170     12.713     18.439        726 1.3004e-01 0.0000e+00
     13.007    11.3276     6.0682     55.425  88.333425    121.560      6.904   295.3503     1.2374     3.5490     0.0576      0.165     12.758     18.504        727 1.2609e-01 0.0000e+00
     13.060    11.3219     6.0698     55.439  88.357720    121.568      6.901   295.6910     1.2536     3.6161     0.0576      0.164     12.808     18.578        728 1.2551e-01 0.0000e+00
     13.118    11.3164     6.0634     55.378  88.400104    121.695      6.901   295.4260     1.0797     2.9447     0.0576      0.168     12.863     18.657        729 1.2562e-01 0.0000e+00
     13.173    11.3115     6.0649     55.388  88.310422    121.523      6.899   295.4260     1.1242     2.9313     0.0575      0.174     12.917     18.736        730 1.2553e-01 0.0000e+00
     13.227    11.3074     6.0716     55.448  88.320654    121.617      6.898   295.6910     1.1242     2.9447     0.0576      0.183     12.972     18.815        731 1.2559e-01 0.0000e+00
     13.285    11.3043     6.0713     55.443  88.327907    121.595      6.898   295.6910     1.1161     2.9447     0.0576      0.197     13.026     18.893        732 1.2566e-01 0.0000e+00
     13.337    11.3010     6.0701     55.430  88.331140    121.648      6.896   295.3882     1.0392     2.1122     0.0576      0.208     13.074     18.962        733 1.2548e-01 0.0000e+00
     13.372    11.2984     6.0704     55.435  88.346371    121.658      6.896   295.5018     1.0514     2.0719     0.0576      0.209     13.112     19.017        734 1.2550e-01 0.0000e+00
     13.403    11.2965     6.0506     55.263  88.368430    121.708      6.896   295.7289     1.0635     2.1659     0.0576      0.201     13.145     19.066        735 1.2557e-01 0.0000e+00
     13.439    11.2958     6.0189     54.976  88.392904    121.755      6.894   295.5396     1.0635     2.2196     0.0576      0.188     13.180     19.116        736 1.2570e-01 0.0000e+00
     13.477    11.2953     5.9872     54.681  88.345656    121.684      6.894   295.6153     0.9099     1.9645     0.0576      0.175     13.219     19.173        737 1.2571e-01 0.0000e+00
     13.525    11.2942     5.9509     54.348  88.367761    121.726      6.893   295.8803     0.9584     1.9376     0.0576      0.165     13.265     19.240        738 1.2539e-01 0.0000e+00
     13.578    11.2927     5.9185     54.052  88.335662    121.688      6.887   296.1832     0.9462     1.8436     0.0576      0.161     13.318     19.316        739 1.2553e-01 0.0000e+00
     13.640    11.2907     5.8884     53.781  88.296395    121.615      6.887   296.2210     0.8896     1.8570     0.0576      0.165     13.379     19.405        740 1.2562e-01 0.0000e+00
     13.712    11.2889     5.8875     53.783  88.357156    121.736      6.887   296.4860     0.9301     1.9376     0.0576      0.179     13.441     19.495        741 1.2540e-01 0.0000e+00
     13.765    11.2874     5.8994     53.896  88.349258    121.704      6.886   296.4103     0.9179     1.7362     0.0576      0.196     13.491     19.566        742 1.2538e-01 0.0000e+00
     13.792    11.2860     5.9394     54.257  88.335965    121.710      6.884   296.2968     0.9543     1.7362     0.0576      0.204     13.521     19.611        743 1.2559e-01 0.0000e+00
     13.805    11.2880     5.9858     54.675  88.314231    121.676      6.884   296.5996     0.9058     1.7765     0.0576      0.198     13.543     19.642        744 1.2569e-01 0.0000e+00
     13.833    11.2944     6.0367     55.135  88.287099    121.642      6.882   296.7889     0.9260     1.7093     0.0576      0.184     13.571     19.683        745 1.2556e-01 0.0000e+00
     13.874    11.2962     6.0818     55.540  88.369732    121.752      6.881   296.5618     0.8654     1.5213     0.0576      0.168     13.613     19.744        746 1.2556e-01 0.0000e+00
     13.938    11.2922     6.1274     55.953  88.330341    121.691      6.880   296.9025     0.8532     1.4945     0.0576      0.159     13.667     19.822        747 1.2539e-01 0.0000e+00
     13.996    11.2904     6.1765     56.398  88.365855    121.685      6.881   296.8268     0.8168     1.4542     0.0576      0.154     13.720     19.899        748 1.2541e-01 0.0000e+00
     14.038    11.2908     6.1962     56.580  88.593166    122.086      6.878   296.7510     0.8775     1.4676     0.0578      0.154     13.760     19.956        749 1.2559e-01 0.0000e+00
     14.059    11.2946     6.2153     56.755  88.582720    122.014      6.877   296.7510     0.8775     1.6288     0.0578      0.157     13.786     19.994        750 1.2547e-01 0.0000e+00
     14.077    11.3024     6.2315     56.900  88.557277    122.012      6.876   296.9782     0.8492     1.7228     0.0578      0.159     13.807     20.026        751 1.2563e-01 0.0000e+00
     14.103    11.3055     6.2480     57.045  88.565355    122.000      6.876   296.8268     0.8532     1.7899     0.0578      0.156     13.834     20.065        752 1.2569e-01 0.0000e+00
     14.140    11.3019     6.2470     57.031  88.572663    121.973      6.876   297.0918     0.8452     1.8033     0.0577      0.147     13.870     20.118        753 1.2552e-01 0.0000e+00
     14.188    11.2973     6.2563     57.113  88.637389    122.078      6.872   297.3946     0.7764     1.6959     0.0578      0.138     13.920     20.189        754 1.2548e-01 0.0000e+00
     14.256    11.2930     6.2425     56.986  88.633488    122.053      6.871   297.3946     0.7845     1.6422     0.0578      0.137     13.982     20.279        755 1.2554e-01 0.0000e+00
     14.329    11.2886     6.2233     56.808  88.636994    122.106      6.870   297.6218     0.7926     1.6556     0.0578      0.151     14.049     20.377        756 1.2552e-01 0.0000e+00
     14.394    11.2851     6.2065     56.652  88.662770    122.120      6.866   297.5082     0.7845     1.7765     0.0578      0.175     14.109     20.463        757 1.2549e-01 0.0000e+00
     14.437    11.2833     6.1800     56.409  88.660894    122.174      6.863   298.0382     0.9341     2.4344     0.0578      0.198     14.154     20.529        758 1.2551e-01 0.0000e+00
     14.470    11.2840     6.1566     56.193  88.669073    122.148      6.864   297.6975     0.9260     2.4747     0.0578      0.210     14.190     20.581        759 1.2560e-01 0.0000e+00
     14.503    11.2848     6.1541     56.167  88.682332    122.231      6.862   297.3568     0.9179     2.4344     0.0579      0.211     14.225     20.632        760 1.2561e-01 0.0000e+00
     14.544    11.2824     6.1548     56.171  88.584923    122.035      6.861   297.8489     0.9543     2.4881     0.0578      0.202     14.264     20.688        761 1.2551e-01 0.0000e+00
     14.588    11.2781     6.1689     56.298  88.552404    122.032      6.861   297.8111     1.0392     3.3207     0.0578      0.189     14.305     20.749        762 1.2552e-01 0.0000e+00
     14.631    11.2745     6.1924     56.516  88.574117    122.041      6.858   297.6596     1.0392     3.3610     0.0578      0.173     14.347     20.809        763 1.2551e-01 0.0000e+00
     14.671    11.2725     6.2180     56.752  88.617378    122.133      6.856   298.0382     1.0716     3.2670     0.0578      0.161     14.385     20.864        764 1.2553e-01 0.0000e+00
     14.705    11.2711     6.2363     56.918  88.647258    122.183      6.855   298.1139     1.0473     3.3610     0.0578      0.154     14.419     20.913        765 1.2556e-01 0.0000e+00
