Data/DataNotYetUploadedToEDI/Raw_CTD/RawDownloads/08082018_ccr_50.cnv
* Sea-Bird SBE19plus  Data File:
* FileName = C:\DATA\08082018_ccr_50_0001.hex
* Software version 2.6.3.104 SB_Terminal.dll
* Temperature SN = 7809
* Conductivity SN = 7809
* System UpLoad Time = Aug 08 2018 13:08:43
* <ApplicationData>
* <Seaterm232>
# nquan = 15
# nvalues = 1056                        
# units = specified
# name 0 = depFM: Depth [fresh water, m]
# name 1 = dz/dtM: Descent Rate [m/s]
# name 2 = sbeox0Mg/L: Oxygen, SBE 43 [mg/l]
# name 3 = sbeox0PS: Oxygen, SBE 43 [% saturation]
# name 4 = specc: Specific Conductance [uS/cm]
# name 5 = c0uS/cm: Conductivity [uS/cm]
# name 6 = flECO-AFL: Fluorescence, WET Labs ECO-AFL/FL [mg/m^3]
# name 7 = ph: pH
# name 8 = orp: Oxidation Reduction Potential [mV]
# name 9 = par/sat/log: PAR/Logarithmic, Satlantic
# name 10 = turbWETntu0: Turbidity, WET Labs ECO [NTU]
# name 11 = prdM: Pressure, Strain Gauge [db]
# name 12 = prdE: Pressure, Strain Gauge [psi]
# name 13 = tv290C: Temperature [ITS-90, deg C]
# name 14 = flag:  0.000e+00
# span 0 =     -0.393,     20.816       
# span 1 =     -0.253,      0.356       
# span 2 =     0.8744,    10.1584       
# span 3 =      7.906,    113.514       
# span 4 =      1.612,    236.835       
# span 5 =   1.713175, 171.148463       
# span 6 =    -0.1889,     4.8875       
# span 7 =     -2.396,      8.153       
# span 8 = -1240.7455,   458.8211       
# span 9 = 1.2536e-01, 2.3325e+03       
# span 10 =    -0.6699,    15.4921      
# span 11 =     -0.387,     20.415      
# span 12 =     -0.561,     29.609      
# span 13 =    10.6473,    28.1458      
# span 14 = 0.0000e+00, 0.0000e+00      
# interval = seconds: 0.25
# start_time = Aug 08 2018 14:10:00 [Instrument's time stamp, header]
# bad_flag = -9.990e-29
*END*
[from data line 964]
     20.798      0.003     1.0374      9.391    230.158 165.239788     1.1706      6.918   299.9407 1.2555e-01     7.9314     20.395     29.581    10.8775 0.0000e+00
     20.798      0.003     1.0359      9.378    230.177 165.271604     1.1680      6.921   300.1214 1.2555e-01     7.9636     20.395     29.581    10.8818 0.0000e+00
     20.800      0.004     1.0332      9.354    230.196 165.302959     1.1772      6.925   300.3976 1.2557e-01     8.1813     20.398     29.585    10.8861 0.0000e+00
     20.802      0.004     1.0290      9.317    230.255 165.363189     1.2086      6.929   300.3551 1.2560e-01     8.5794     20.401     29.588    10.8903 0.0000e+00
     20.804      0.004     1.0266      9.297    230.315 165.424471     1.2265      6.933   299.8656 1.2560e-01     8.8094     20.401     29.590    10.8944 0.0000e+00
     20.804      0.003     1.0246      9.279    230.352 165.468542     1.2282      6.937   299.4700 1.2559e-01     8.8260     20.401     29.590    10.8982 0.0000e+00
     20.804      0.002     1.0216      9.253    230.389 165.512478     1.2292      6.942   299.2709 1.2554e-01     8.8419     20.401     29.589    10.9021 0.0000e+00
     20.804      0.001     1.0201      9.240    230.448 165.572118     1.2384      6.946   298.8354 1.2550e-01     8.9400     20.402     29.590    10.9062 0.0000e+00
     20.804      0.001     1.0178      9.220    230.483 165.614270     1.2476      6.948   298.0758 1.2555e-01     9.0358     20.402     29.591    10.9100 0.0000e+00
     20.805      0.001     1.0154      9.199    230.493 165.638555     1.2392      6.952   297.0548 1.2558e-01     9.0543     20.402     29.590    10.9139 0.0000e+00
     20.806      0.001     1.0142      9.188    230.519 165.673975     1.2382      6.957   295.8701 1.2556e-01     8.9502     20.403     29.592    10.9176 0.0000e+00
     20.806      0.001     1.0117      9.167    230.564 165.722886     1.2532      6.961   294.8504 1.2556e-01     8.7529     20.403     29.593    10.9213 0.0000e+00
     20.806      0.001     1.0093      9.146    230.624 165.782416     1.2558      6.965   294.0175 1.2553e-01     8.6217     20.403     29.593    10.9252 0.0000e+00
     20.806      0.001     1.0082      9.137    230.651 165.818364     1.2514      6.968   293.1993 1.2552e-01     8.5855     20.403     29.592    10.9288 0.0000e+00
     20.806      0.000     1.0065      9.123    230.656 165.837881     1.2826      6.972   292.3577 1.2557e-01     8.5592     20.404     29.593    10.9324 0.0000e+00
     20.806 1.5278e-11     1.0040      9.101    230.707 165.890547     1.3384      6.975   291.4982 1.2557e-01     8.4867     20.404     29.593    10.9360 0.0000e+00
     20.806 1.6806e-10     1.0023      9.086    230.759 165.943693     1.3662      6.978   290.6371 1.2552e-01     8.4407     20.404     29.593    10.9395 0.0000e+00
     20.806 1.8486e-09     1.0015      9.079    230.773 165.969014     1.3706      6.982   289.7766 1.2547e-01     8.4614     20.404     29.594    10.9431 0.0000e+00
     20.806 2.0335e-08     1.0018      9.083    230.801 166.004910     1.4006      6.986   289.0947 1.2546e-01     8.6452     20.404     29.594    10.9466 0.0000e+00
     20.806 2.2368e-07     1.0012      9.078    230.853 166.058060     1.4630      6.988   288.5013 1.2550e-01     9.0152     20.404     29.593    10.9501 0.0000e+00
     20.806 5.9623e-07     0.9967      9.037    230.891 166.100193     1.4995      6.990   287.6775 1.2552e-01     9.2427     20.404     29.594    10.9535 0.0000e+00
     20.806      0.000     0.9915      8.991    230.912 166.130748     1.5016      6.992   286.7057 1.2547e-01     9.2582     20.404     29.593    10.9568 0.0000e+00
     20.806      0.000     0.9889      8.968    230.949 166.171781     1.4972      6.994   285.6140 1.2545e-01     9.0503     20.405     29.594    10.9602 0.0000e+00
     20.806      0.001     0.9879      8.959    230.985 166.212717     1.4743      6.997   284.4587 1.2552e-01     8.6528     20.404     29.593    10.9635 0.0000e+00
     20.807      0.001     0.9876      8.957    231.005 166.242123     1.4458      7.000   283.4916 1.2556e-01     8.4497     20.405     29.594    10.9669 0.0000e+00
     20.807      0.001     0.9868      8.951    231.026 166.271606     1.4371      7.002   282.6975 1.2554e-01     8.4565     20.405     29.595    10.9701 0.0000e+00
     20.807      0.001     0.9849      8.934    231.065 166.313476     1.4333      7.004   281.9975 1.2549e-01     8.4603     20.405     29.595    10.9733 0.0000e+00
     20.807      0.001     0.9838      8.924    231.116 166.364772     1.4006      7.007   281.3096 1.2545e-01     8.5569     20.405     29.594    10.9766 0.0000e+00
     20.808      0.000     0.9838      8.925    231.118 166.380357     1.3451      7.010   280.6607 1.2548e-01     8.7698     20.405     29.595    10.9798 0.0000e+00
     20.808      0.000     0.9806      8.897    231.089 166.374048     1.3128      7.012   280.1749 1.2549e-01     8.8671     20.405     29.595    10.9829 0.0000e+00
     20.808      0.000     0.9749      8.845    231.129 166.416383     1.3039      7.016   279.7379 1.2545e-01     8.8484     20.405     29.595    10.9860 0.0000e+00
     20.808      0.001     0.9713      8.814    231.237 166.508632     1.3024      7.019   279.0762 1.2542e-01     8.7886     20.405     29.595    10.9889 0.0000e+00
     20.808      0.001     0.9703      8.805    231.427 166.658267     1.3130      7.022   278.0256 1.2544e-01     8.6934     20.405     29.595    10.9921 0.0000e+00
     20.808      0.000     0.9714      8.816    231.721 166.882972     1.3129      7.026   276.9287 1.2550e-01     8.6434     20.405     29.595    10.9951 0.0000e+00
     20.808     -0.001     0.9733      8.833    232.025 167.115634     1.2917      7.035   276.1390 1.2564e-01     8.6410     20.406     29.596    10.9980 0.0000e+00
     20.808     -0.001     0.9728      8.830    232.258 167.297531     1.2494      7.049   275.6183 1.2574e-01     8.7562     20.407     29.597    11.0012 0.0000e+00
     20.808     -0.001     0.9710      8.815    232.408 167.419908     1.1971      7.064   275.3654 1.2571e-01     8.9373     20.405     29.597    11.0041 0.0000e+00
     20.807     -0.001     0.9708      8.813    232.511 167.508349     1.1737      7.079   275.3176 1.2566e-01     9.0304     20.403     29.593    11.0068 0.0000e+00
     20.806     -0.001     0.9700      8.807    232.617 167.599618     1.1772      7.093   275.2987 1.2561e-01     9.0874     20.403     29.591    11.0097 0.0000e+00
     20.806      0.000     0.9675      8.785    232.726 167.692244     1.2679      7.108   275.3101 1.2554e-01     9.4142     20.404     29.593    11.0127 0.0000e+00
     20.807      0.001     0.9664      8.775    232.851 167.797101     1.4529      7.122   275.2823 1.2547e-01     9.9907     20.405     29.595    11.0159 0.0000e+00
     20.808      0.001     0.9668      8.780    232.986 167.908356     1.5570      7.134   275.1346 1.2543e-01    10.2902     20.405     29.595    11.0190 0.0000e+00
     20.808      0.001     0.9668      8.780    233.114 168.014397     1.5528      7.147   275.0734 1.2548e-01    10.2885     20.405     29.595    11.0221 0.0000e+00
     20.808      0.001     0.9658      8.771    233.243 168.120152     1.5025      7.159   275.0584 1.2558e-01     9.9692     20.406     29.596    11.0253 0.0000e+00
     20.808      0.000     0.9635      8.750    233.374 168.227935     1.4176      7.171   274.8666 1.2554e-01     9.3598     20.406     29.595    11.0283 0.0000e+00
     20.808 1.5242e-08     0.9616      8.734    233.537 168.358495     1.3715      7.182   274.6482 1.2544e-01     9.0240     20.405     29.594    11.0314 0.0000e+00
     20.808 1.6766e-07     0.9609      8.729    233.693 168.483875     1.3684      7.193   274.6550 1.2542e-01     8.9920     20.405     29.595    11.0342 0.0000e+00
     20.808 -2.046e-07     0.9592      8.715    233.826 168.592971     1.3060      7.204   274.7760 1.2544e-01     9.0034     20.406     29.596    11.0371 0.0000e+00
     20.808      0.000     0.9557      8.683    233.983 168.718456     1.1877      7.215   274.6481 1.2547e-01     9.0081     20.406     29.597    11.0400 0.0000e+00
     20.808      0.000     0.9530      8.659    234.148 168.850148     1.1234      7.226   274.3140 1.2553e-01     9.0181     20.406     29.596    11.0427 0.0000e+00
     20.807     -0.001     0.9516      8.647    234.298 168.970359     1.1163      7.236   274.2635 1.2559e-01     9.1856     20.405     29.595    11.0456 0.0000e+00
     20.807     -0.001     0.9495      8.628    234.439 169.084895     1.1756      7.245   274.4680 1.2564e-01    10.8516     20.405     29.594    11.0483 0.0000e+00
     20.807     -0.001     0.9490      8.624    234.599 169.211914     1.2976      7.252   274.5495 1.2564e-01    13.8721     20.405     29.595    11.0511 0.0000e+00
     20.807      0.000     0.9499      8.632    234.781 169.355158     1.3598      7.260   274.4742 1.2561e-01    15.4921     20.405     29.594    11.0538 0.0000e+00
     20.807 -1.861e-08     0.9487      8.622    234.931 169.474035     1.3587      7.268   274.3327 1.2563e-01    15.4852     20.405     29.595    11.0563 0.0000e+00
     20.807 -2.047e-07     0.9462      8.601    235.037 169.562204     1.3121      7.275   274.2155 1.2560e-01    13.6672     20.405     29.595    11.0589 0.0000e+00
     20.806 -2.043e-07     0.9442      8.582    235.148 169.653865     1.2184      7.280   274.0894 1.2551e-01    10.2650     20.404     29.594    11.0615 0.0000e+00
     20.806 -1.351e-08     0.9436      8.577    235.267 169.751032     1.1629      7.285   273.9260 1.2546e-01     8.3774     20.404     29.594    11.0639 0.0000e+00
     20.806 3.7563e-08     0.9440      8.581    235.377 169.841830     1.1561      7.289   273.8745 1.2546e-01     8.1785     20.404     29.593    11.0663 0.0000e+00
     20.806 4.1319e-07     0.9425      8.568    235.472 169.920410     1.1918      7.293   273.9837 1.2547e-01     8.1656     20.404     29.594    11.0688 0.0000e+00
     20.807      0.000     0.9399      8.545    235.566 169.997740     1.2633      7.296   274.1278 1.2549e-01     8.1606     20.404     29.594    11.0711 0.0000e+00
     20.807      0.000     0.9388      8.535    235.656 170.073423     1.3044      7.300   274.1536 1.2555e-01     8.1785     20.404     29.594    11.0735 0.0000e+00
     20.807      0.001     0.9381      8.530    235.723 170.132085     1.3112      7.304   274.1235 1.2557e-01     8.3209     20.403     29.593    11.0761 0.0000e+00
     20.807      0.001     0.9379      8.529    235.798 170.195458     1.3822      7.307   274.1935 1.2554e-01     9.4858     20.404     29.595    11.0780 0.0000e+00
     20.807      0.002     0.9374      8.525    235.880 170.264140     1.5288      7.311   274.3990 1.2554e-01    11.6132     20.405     29.595    11.0802 0.0000e+00
     20.808      0.002     0.9359      8.511    235.948 170.323050     1.6128      7.314   274.6285 1.2556e-01    12.7707     20.404     29.594    11.0825 0.0000e+00
     20.809      0.002     0.9363      8.514    236.036 170.396175     1.6175      7.318   274.6460 1.2557e-01    12.8607     20.406     29.597    11.0846 0.0000e+00
     20.809      0.002     0.9377      8.528    236.090 170.444880     1.5857      7.319   274.6104 1.2559e-01    13.2205     20.407     29.599    11.0867 0.0000e+00
     20.810      0.001     0.9372      8.525    236.104 170.464307     1.5225      7.320   274.7148 1.2561e-01    13.9165     20.407     29.598    11.0886 0.0000e+00
     20.810      0.001     0.9352      8.506    236.145 170.503184     1.4870      7.321   274.8752 1.2557e-01    14.2880     20.407     29.598    11.0906 0.0000e+00
     20.809      0.000     0.9334      8.490    236.172 170.531260     1.4879      7.324   275.0867 1.2554e-01    14.2330     20.407     29.598    11.0927 0.0000e+00
     20.809      0.000     0.9331      8.487    236.182 170.547992     1.4779      7.326   275.2930 1.2545e-01    13.2513     20.407     29.598    11.0948 0.0000e+00
     20.809      0.001     0.9323      8.480    236.211 170.577602     1.4490      7.328   275.5627 1.2536e-01    11.4519     20.407     29.598    11.0967 0.0000e+00
     20.810      0.001     0.9299      8.460    236.276 170.633494     1.4325      7.330   275.8526 1.2540e-01    10.4510     20.407     29.598    11.0987 0.0000e+00
     20.810      0.001     0.9285      8.447    236.373 170.712189     1.4253      7.330   275.7871 1.2547e-01    10.3059     20.408     29.599    11.1006 0.0000e+00
     20.810      0.002     0.9285      8.447    236.430 170.761729     1.3889      7.331   275.2015 1.2547e-01    10.2466     20.408     29.599    11.1024 0.0000e+00
     20.811      0.002     0.9299      8.459    236.450 170.784850     1.3331      7.333   274.3643 1.2544e-01    10.2531     20.409     29.601    11.1043 0.0000e+00
     20.811      0.002     0.9319      8.479    236.459 170.799906     1.3012      7.334   273.4078 1.2547e-01    10.2927     20.410     29.602    11.1062 0.0000e+00
     20.811      0.001     0.9328      8.487    236.470 170.815875     1.2978      7.335   272.4126 1.2550e-01    10.2984     20.409     29.601    11.1081 0.0000e+00
     20.812      0.001     0.9324      8.484    236.505 170.850036     1.2830      7.337   271.6236 1.2548e-01    10.2909     20.410     29.602    11.1099 0.0000e+00
     20.813      0.001     0.9324      8.484    236.553 170.893221     1.2515      7.339   270.7513 1.2550e-01    10.3242     20.411     29.603    11.1117 0.0000e+00
     20.813      0.001     0.9320      8.481    236.626 170.954333     1.2381      7.340   268.1459 1.2555e-01    10.3657     20.410     29.603    11.1135 0.0000e+00
     20.813      0.001     0.9305      8.467    236.697 171.013396     1.2401      7.342   260.4274 1.2552e-01    10.3651     20.411     29.603    11.1152 0.0000e+00
     20.813      0.001     0.9280      8.445    236.712 171.031812     1.2579      7.342   247.3783 1.2545e-01    10.3470     20.411     29.604    11.1170 0.0000e+00
     20.813      0.001     0.9247      8.416    236.724 171.049108     1.2880      7.343   233.7513 1.2548e-01    10.3613     20.409     29.602    11.1189 0.0000e+00
     20.813      0.002     0.9230      8.401    236.776 171.094631     1.3007      7.344   222.5716 1.2558e-01    10.3854     20.409     29.601    11.1207 0.0000e+00
     20.814      0.002     0.9225      8.396    236.821 171.134581     1.3011      7.345   213.9044 1.2556e-01    10.3631     20.412     29.605    11.1223 0.0000e+00
     20.815      0.002     0.9220      8.391    236.835 171.148463     1.3019      7.345   210.1775 1.2551e-01    10.3360     20.413     29.607    11.1239 0.0000e+00
     20.815 -9.990e-29 -9.990e-29 -9.990e-29 -9.990e-29 -9.990e-29 -9.990e-29 -9.990e-29 -9.990e-29 1.2551e-01 -9.990e-29     20.412     29.606    11.1257 0.0000e+00
     20.816 -9.990e-29 -9.990e-29 -9.990e-29 -9.990e-29 -9.990e-29 -9.990e-29 -9.990e-29 -9.990e-29 1.2547e-01 -9.990e-29     20.413     29.607    11.1273 0.0000e+00
     20.816 -9.990e-29 -9.990e-29 -9.990e-29 -9.990e-29 -9.990e-29 -9.990e-29 -9.990e-29 -9.990e-29 1.2544e-01 -9.990e-29     20.414     29.608    11.1292 0.0000e+00
     20.816 -9.990e-29 -9.990e-29 -9.990e-29 -9.990e-29 -9.990e-29 -9.990e-29 -9.990e-29 -9.990e-29 1.2547e-01 -9.990e-29     20.415     29.609    11.1305 0.0000e+00
