Data/DataNotYetUploadedToEDI/Raw_CTD/RawDownloads/080819_fcr50.cnv
* Sea-Bird SBE19plus  Data File:
* FileName = C:\DATA\080819_FCR50_0001.hex
* Software version 2.8.0.119 SB_Terminal.dll
* Temperature SN = 7809
* Conductivity SN = 7809
* System UpLoad Time = Aug 08 2019 09:43:23
* <ApplicationData>
* <Seaterm232>
# nquan = 16
# nvalues = 869                         
# units = specified
# name 0 = depFM: Depth [fresh water, m]
# name 1 = dz/dtM: Descent Rate [m/s]
# name 2 = sbeox0Mg/L: Oxygen, SBE 43 [mg/l]
# name 3 = sbeox0PS: Oxygen, SBE 43 [% saturation]
# name 4 = specc: Specific Conductance [uS/cm]
# name 5 = c0uS/cm: Conductivity [uS/cm]
# name 6 = flECO-AFL: Fluorescence, WET Labs ECO-AFL/FL [mg/m^3]
# name 7 = ph: pH
# name 8 = orp: Oxidation Reduction Potential [mV]
# name 9 = par/sat/log: PAR/Logarithmic, Satlantic
# name 10 = turbWETntu0: Turbidity, WET Labs ECO [NTU]
# name 11 = prdM: Pressure, Strain Gauge [db]
# name 12 = prdE: Pressure, Strain Gauge [psi]
# name 13 = tv290C: Temperature [ITS-90, deg C]
# name 14 = density00: Density [density, kg/m^3]
# name 15 = flag:  0.000e+00
# span 0 =     -0.631,      9.661       
# span 1 =     -0.369,      0.344       
# span 2 =     0.0731,     8.9817       
# span 3 =      0.701,    110.117       
# span 4 =      0.803,    136.697       
# span 5 =   0.799799, 100.156762       
# span 6 =    -0.4090,     4.8153       
# span 7 =      6.726,      9.299       
# span 8 =   160.1170,  1163.7607       
# span 9 = 1.2355e-01, 1.3426e+03       
# span 10 =    -1.6296,   173.7293      
# span 11 =     -0.620,      9.475      
# span 12 =     -0.900,     13.742      
# span 13 =    11.4111,    25.7385      
# span 14 =   996.8705,   999.6425      
# span 15 = 0.0000e+00, 0.0000e+00      
# interval = seconds: 0.25
# start_time = Aug 08 2019 09:30:01 [Instrument's time stamp, header]
# bad_flag = -9.990e-29
*END*
     -0.630 1.4541e-30     7.7122     92.925      1.134   1.129467    -0.1311      6.799  1163.7607 1.2496e+03    -1.6028     -0.618     -0.896    24.7570   997.1146 0.0000e+00
     -0.630 1.5995e-29     7.7116     92.917      1.188   1.182926    -0.1172      6.791  1157.1125 1.2487e+03    -1.6296     -0.618     -0.896    24.7577   997.1144 0.0000e+00
     -0.630 1.7595e-28     7.7123     92.927      1.261   1.254829    -0.1150      6.787  1150.8820 1.2506e+03    -1.6127     -0.618     -0.896    24.7583   997.1143 0.0000e+00
     -0.630 1.9354e-27     7.7137     92.944      1.181   1.175148    -0.1657      6.786  1146.5045 1.2531e+03    -1.2995     -0.618     -0.896    24.7589   997.1141 0.0000e+00
     -0.630 2.1290e-26     7.7136     92.944      1.048   1.043196    -0.2527      6.783  1145.8285 1.2546e+03    -0.6942     -0.618     -0.896    24.7593   997.1140 0.0000e+00
     -0.631 2.3419e-25     7.7136     92.944      0.994   0.989983    -0.3000      6.785  1139.8690 1.2550e+03    -0.3562     -0.619     -0.897    24.7594   997.1140 0.0000e+00
     -0.631 2.5760e-24     7.7137     92.948      1.043   1.038640    -0.2956      6.802  1116.0053 1.2529e+03    -0.3271     -0.618     -0.897    24.7597   997.1139 0.0000e+00
     -0.631 2.8336e-23     7.7132     92.943      1.130   1.124619    -0.2421      6.840  1061.5515 1.2516e+03    -0.4734     -0.618     -0.897    24.7602   997.1138 0.0000e+00
     -0.631 3.1170e-22     7.7128     92.939      1.020   1.015780    -0.1652      6.883   991.5144 1.2502e+03    -0.7810     -0.618     -0.896    24.7609   997.1136 0.0000e+00
     -0.631 3.4287e-21     7.7125     92.936      0.803   0.799799    -0.1285      6.900   950.8808 1.2264e+03    -0.9656     -0.618     -0.897    24.7614   997.1134 0.0000e+00
     -0.631 3.7716e-20     7.7129     92.940      0.925   0.920874    -0.1283      6.886   948.6553 9.5966e+02    -0.9685     -0.618     -0.897    24.7620   997.1133 0.0000e+00
     -0.631 4.1487e-19     7.7139     92.951      1.409   1.402550    -0.2058      6.863   958.4104 4.7137e+02    -0.7835     -0.619     -0.897    24.7630   997.1131 0.0000e+00
     -0.631 4.5636e-18     7.7140     92.950      1.625   1.618207    -0.3466      6.826   987.9524 2.1162e+02    -0.4654     -0.618     -0.897    24.7637   997.1129 0.0000e+00
     -0.631 5.0200e-17     7.7130     92.938      1.380   1.374098    -0.4090      6.762  1040.4148 1.9390e+02    -0.3011     -0.618     -0.897    24.7644   997.1127 0.0000e+00
     -0.631 5.5220e-16     7.7131     92.939      1.181   1.175602    -0.4041      6.726  1071.2443 1.8595e+02    -0.3056     -0.618     -0.897    24.7644   997.1127 0.0000e+00
     -0.631 6.0742e-15     7.7141     92.954      1.124   1.119056    -0.3399      6.746  1069.5518 1.7401e+02    -0.3554     -0.619     -0.898    24.7634   997.1130 0.0000e+00
     -0.631 6.6816e-14     7.7141     92.955      1.075   1.070565    -0.2044      6.795  1052.3875 1.6830e+02    -0.4119     -0.619     -0.898    24.7620   997.1133 0.0000e+00
     -0.631 7.3497e-13     7.7129     92.941      1.101   1.096180    -0.1282      6.839  1028.9943 1.7863e+02    -0.4648     -0.618     -0.897    24.7614   997.1134 0.0000e+00
     -0.631 8.0847e-12     7.7123     92.936      1.180   1.175321    -0.1198      6.828  1027.2721 2.8295e+02    -0.5038     -0.618     -0.897    24.7617   997.1134 0.0000e+00
     -0.631 8.8932e-11     7.7131     92.946      1.209   1.203771    -0.1116      6.783  1046.7077 5.6087e+02    -0.4566     -0.619     -0.898    24.7622   997.1133 0.0000e+00
     -0.631 9.7825e-10     7.7135     92.951      1.128   1.123358    -0.1077      6.775  1054.2245 7.3302e+02    -0.3528     -0.619     -0.897    24.7632   997.1130 0.0000e+00
     -0.631 1.0761e-08     7.7134     92.950      1.031   1.026745    -0.1068      6.793  1050.3589 7.6039e+02    -0.2975     -0.618     -0.896    24.7638   997.1128 0.0000e+00
     -0.631 1.1837e-07     7.7129     92.945      0.990   0.986043    -0.1094      6.806  1045.9136 9.6912e+02    -0.2796     -0.619     -0.898    24.7647   997.1126 0.0000e+00
     -0.631      0.000     7.7119     92.931      1.016   1.011387    -0.1227      6.816  1037.3015 9.6066e+02    -0.2666     -0.619     -0.898    24.7654   997.1124 0.0000e+00
     -0.630      0.000     7.7119     92.930      1.084   1.079727    -0.1282      6.822  1029.0863 7.9974e+02    -0.3048     -0.618     -0.896    24.7660   997.1122 0.0000e+00
     -0.630      0.000     7.7135     92.946      1.184   1.178744    -0.1155      6.825  1026.3431 1.0434e+03    -0.3807     -0.618     -0.896    24.7659   997.1124 0.0000e+00
     -0.630      0.002     7.7147     92.955      1.964   1.955162    -0.0985      6.841  1052.5736 1.2875e+03    -0.3657     -0.618     -0.898    24.7666   997.1120 0.0000e+00
     -0.630      0.014     7.7130     92.942     10.385  10.340602     0.0076      7.050   876.6346 1.2930e+03     0.2048     -0.617     -0.895    24.7652   997.1126 0.0000e+00
     -0.630      0.055     7.7030     92.927     26.292  26.216982     1.2455      7.607   431.0082 1.0274e+03     6.7798     -0.619     -0.898    24.7661   997.1121 0.0000e+00
     -0.630      0.127     7.6809     92.942     35.567  35.567103     3.5289      8.272   172.5698 7.7740e+02    18.8966     -0.616     -0.893    24.7619   997.1136 0.0000e+00
     -0.625      0.208     7.6592     93.049     36.544  36.697109     4.7699      8.753   160.1170 1.0413e+03    25.5156     -0.620     -0.900    24.7624   997.1127 0.0000e+00
     -0.582      0.276     7.6592     93.357     36.298  36.579709     4.8153      9.036   164.7204 1.3330e+03    26.3118     -0.608     -0.883    24.7481   997.1176 0.0000e+00
     -0.461      0.322     7.6855     93.869     36.010  36.369375     4.1037      9.187   168.2595 1.3426e+03    28.5567     -0.471     -0.683    24.7707   997.1199 0.0000e+00
     -0.300      0.344     7.7285     94.502     35.845  36.248661     2.7887      9.261   171.3314 1.2897e+03    32.5688     -0.271     -0.393    24.9648   997.0732 0.0000e+00
     -0.179      0.339     7.7810     95.210     35.832  36.262717     2.0772      9.292   173.8997 1.2681e+03    34.7086     -0.149     -0.216    25.2252   997.0060 0.0000e+00
     -0.118      0.302     7.8392     95.964     35.837  36.285473     2.0215      9.299   175.4800 1.2576e+03    34.2744     -0.113     -0.164    25.4096   996.9587 0.0000e+00
     -0.077      0.243     7.8977     96.706     35.812  36.269946     2.1154      9.294   176.8444 1.0341e+03    27.4501     -0.081     -0.118    25.5109   996.9320 0.0000e+00
     -0.027      0.191     7.9505     97.364     35.803  36.265403     2.3106      9.279   178.0924 6.2792e+02    14.9546     -0.024     -0.033    25.5636   996.9186 0.0000e+00
      0.018      0.164     7.9945     97.909     35.829  36.294024     2.4303      9.257   178.9547 3.8452e+02     8.1536      0.024      0.035    25.5997   996.9094 0.0000e+00
      0.050      0.149     8.0299     98.345     35.832  36.298652     2.4534      9.236   179.7850 3.1943e+02     7.5186      0.047      0.069    25.6220   996.9036 0.0000e+00
      0.084      0.133     8.0579     98.685     35.793  36.257886     2.4604      9.217   180.7321 2.9879e+02     7.3435      0.076      0.110    25.6368   996.8999 0.0000e+00
      0.127      0.113     8.0779     98.925     35.721  36.181953     2.5835      9.198   181.7170 3.1459e+02     6.2976      0.128      0.186    25.6409   996.8991 0.0000e+00
      0.163      0.092     8.0885     99.055     35.619  36.078724     2.8243      9.181   182.5720 3.2355e+02     4.4428      0.168      0.245    25.6424   996.8988 0.0000e+00
      0.180      0.068     8.0914     99.098     35.563  36.025274     2.9526      9.170   182.9827 3.1097e+02     3.4668      0.179      0.260    25.6457   996.8980 0.0000e+00
      0.187      0.036     8.0894     99.083     35.577  36.043462     2.9731      9.160   182.9825 2.9947e+02     3.3776      0.183      0.266    25.6438   996.8986 0.0000e+00
      0.192     -0.008     8.0818     98.997     35.576  36.044764     2.9846      9.149   182.8277 3.0112e+02     3.2987      0.188      0.274    25.6378   996.9002 0.0000e+00
      0.197     -0.057     8.0583     98.715     35.506  35.977556     2.9792      9.134   182.8327 3.0774e+02     3.2005      0.195      0.284    25.6380   996.9001 0.0000e+00
      0.190     -0.107     8.0046     98.064     35.456  35.929026     2.9687      9.117   183.6452 3.0735e+02     3.1410      0.197      0.286    25.6445   996.8983 0.0000e+00
      0.157     -0.148     7.9226     97.068     35.489  35.965757     2.9532      9.097   185.0798 3.1865e+02     3.1365      0.163      0.237    25.6499   996.8968 0.0000e+00
      0.097     -0.169     7.8281     95.917     35.498  35.977392     2.8259      9.072   186.0679 5.0315e+02     3.2119      0.100      0.144    25.6539   996.8955 0.0000e+00
      0.022     -0.168     7.7388     94.831     35.461  35.942771     2.5827      9.050   186.5580 8.3120e+02     3.2989      0.021      0.031    25.6573   996.8941 0.0000e+00
     -0.047     -0.146     7.6667     93.956     35.442  35.927980     2.4486      9.031   186.9620 9.9645e+02     3.3374     -0.059     -0.085    25.6608   996.8928 0.0000e+00
     -0.085     -0.106     7.6079     93.244     35.436  35.925490     2.4451      9.016   187.3380 1.0005e+03     3.3816     -0.098     -0.142    25.6656   996.8914 0.0000e+00
     -0.089     -0.059     7.5474     92.507     35.422  35.912675     2.4881      9.002   188.0938 1.0023e+03     3.3737     -0.090     -0.130    25.6692   996.8904 0.0000e+00
     -0.079     -0.014     7.4742     91.613     35.408  35.899970     2.5691      8.990   189.3889 1.0124e+03     3.3082     -0.077     -0.110    25.6725   996.8897 0.0000e+00
     -0.070      0.017     7.3887     90.566     35.407  35.898815     2.6106      8.977   190.5213 1.0162e+03     3.2780     -0.070     -0.101    25.6794   996.8880 0.0000e+00
     -0.062      0.030     7.2918     89.376     35.408  35.898710     2.6167      8.963   191.0304 1.0121e+03     3.3031     -0.061     -0.089    25.6856   996.8864 0.0000e+00
     -0.053      0.029     7.1822     88.030     35.409  35.898700     2.7120      8.951   191.0703 9.2823e+02     3.3174     -0.053     -0.077    25.6868   996.8860 0.0000e+00
     -0.043      0.018     7.0611     86.545     35.409  35.898699     2.8795      8.941   190.7461 8.3889e+02     3.2874     -0.042     -0.062    25.6884   996.8857 0.0000e+00
     -0.035      0.000     6.9384     85.040     35.409  35.898697     2.9600      8.931   190.5523 8.8652e+02     3.2676     -0.033     -0.048    25.6898   996.8853 0.0000e+00
     -0.031     -0.020     6.8317     83.733     35.409  35.898677     2.9650      8.917   190.9643 9.6654e+02     3.2751     -0.027     -0.039    25.6872   996.8860 0.0000e+00
     -0.037     -0.037     6.7552     82.795     35.409  35.898460     2.9924      8.900   191.6833 1.0165e+03     3.3116     -0.029     -0.044    25.6850   996.8867 0.0000e+00
     -0.057     -0.047     6.7122     82.265     35.407  35.896067     3.0309      8.882   192.4476 1.0291e+03     3.3491     -0.052     -0.076    25.6851   996.8865 0.0000e+00
     -0.086     -0.049     6.6981     82.091     35.382  35.869745     3.0402      8.865   193.0641 1.0165e+03     3.3351     -0.089     -0.128    25.6858   996.8862 0.0000e+00
     -0.107     -0.043     6.7118     82.259     35.347  35.834075     3.0342      8.850   192.8572 1.0180e+03     3.3055     -0.111     -0.160    25.6854   996.8861 0.0000e+00
     -0.114     -0.030     6.7486     82.713     35.358  35.845603     3.0284      8.835   192.0977 1.0192e+03     3.3186     -0.113     -0.164    25.6842   996.8864 0.0000e+00
     -0.114     -0.013     6.7944     83.275     35.393  35.882198     2.9275      8.824   191.9674 1.0246e+03     3.3296     -0.112     -0.162    25.6832   996.8867 0.0000e+00
     -0.109      0.004     6.8373     83.801     35.406  35.895722     2.7335      8.814   192.5734 1.0308e+03     3.3081     -0.108     -0.157    25.6821   996.8870 0.0000e+00
     -0.104      0.018     6.8733     84.242     35.393  35.882187     2.6246      8.804   193.3157 1.0333e+03     3.3210     -0.099     -0.145    25.6828   996.8869 0.0000e+00
     -0.103      0.027     6.9010     84.581     35.357  35.845478     2.6169      8.791   193.7148 1.0333e+03     3.3548     -0.102     -0.147    25.6847   996.8863 0.0000e+00
     -0.099      0.028     6.9152     84.756     35.344  35.832690     2.7002      8.780   193.5270 1.0288e+03     3.3227     -0.103     -0.148    25.6857   996.8861 0.0000e+00
     -0.084      0.026     6.9127     84.726     35.365  35.854511     2.8690      8.771   193.0250 1.0215e+03     3.2936     -0.084     -0.121    25.6859   996.8862 0.0000e+00
     -0.067      0.022     6.8977     84.544     35.365  35.855446     2.9667      8.762   192.8075 1.0167e+03     3.3303     -0.061     -0.088    25.6845   996.8866 0.0000e+00
     -0.060      0.020     6.8835     84.369     35.354  35.843991     2.9722      8.752   193.1335 1.0197e+03     3.3417     -0.055     -0.078    25.6833   996.8869 0.0000e+00
     -0.065      0.024     6.8802     84.327     35.354  35.842950     2.9527      8.741   193.7840 1.0269e+03     3.3652     -0.064     -0.092    25.6849   996.8864 0.0000e+00
     -0.071      0.035     6.8852     84.390     35.353  35.842855     2.9210      8.726   194.3904 1.0302e+03     3.4507     -0.073     -0.106    25.6867   996.8860 0.0000e+00
     -0.069      0.056     6.9006     84.579     35.353  35.842837     2.9100      8.709   194.7017 1.0156e+03     3.5233     -0.070     -0.101    25.6873   996.8858 0.0000e+00
     -0.056      0.083     6.9408     85.071     35.353  35.842732     2.9321      8.695   194.7083 8.0770e+02     3.5553     -0.060     -0.087    25.6866   996.8861 0.0000e+00
     -0.028      0.104     7.0123     85.945     35.354  35.841587     3.0147      8.684   194.6421 4.2925e+02     3.4759     -0.035     -0.052    25.6858   996.8864 0.0000e+00
      0.018      0.114     7.1007     87.019     35.345  35.828998     3.1463      8.675   194.6757 2.8258e+02     3.3502      0.016      0.022    25.6870   996.8863 0.0000e+00
      0.068      0.110     7.1826     88.014     35.337  35.817449     3.2224      8.666   194.8566 3.4483e+02     3.3464      0.074      0.108    25.6867   996.8866 0.0000e+00
      0.102      0.095     7.2421     88.741     35.350  35.828874     3.2411      8.658   195.7111 3.4667e+02     3.3654      0.108      0.156    25.6866   996.8868 0.0000e+00
      0.117      0.071     7.2735     89.128     35.360  35.840203     3.2600      8.649   197.0915 3.2483e+02     3.3168      0.115      0.167    25.6861   996.8870 0.0000e+00
      0.122      0.046     7.2752     89.151     35.346  35.827491     3.2774      8.640   197.8670 3.3185e+02     3.2830      0.120      0.174    25.6788   996.8890 0.0000e+00
      0.125      0.025     7.2496     88.838     35.321  35.802113     3.2864      8.632   197.8595 3.4920e+02     3.2851      0.123      0.178    25.6716   996.8908 0.0000e+00
      0.127      0.013     7.2044     88.283     35.307  35.787234     3.2919      8.624   197.6900 3.5140e+02     3.3087      0.124      0.180    25.6709   996.8910 0.0000e+00
      0.129      0.008     7.1524     87.645     35.295  35.774531     3.2912      8.615   197.7962 3.3108e+02     3.3395      0.127      0.185    25.6738   996.8903 0.0000e+00
      0.131      0.006     7.1093     87.116     35.296  35.775455     3.2952      8.607   198.7127 3.2925e+02     3.3290      0.129      0.187    25.6757   996.8898 0.0000e+00
      0.133      0.005     7.0823     86.786     35.318  35.798411     3.3147      8.599   200.1687 3.4034e+02     3.3134      0.130      0.189    25.6753   996.8899 0.0000e+00
      0.134      0.004     7.0695     86.630     35.317  35.798210     3.3273      8.590   201.1174 3.3037e+02     3.3476      0.131      0.191    25.6742   996.8902 0.0000e+00
