Data/DataNotYetUploadedToEDI/Raw_CTD/RawDownloads/080818_ccr50.cnv
* Sea-Bird SBE19plus  Data File:
* FileName = C:\DATA\080918_bvr50_0001.hex
* Software version 2.6.3.104
* Temperature SN = 7809
* Conductivity SN = 7809
* System UpLoad Time = Aug 09 2018 20:24:55
* <ApplicationData>
* <Seaterm232>
# nquan = 17
# nvalues = 1056                        
# units = specified
# name 0 = depFM: Depth [fresh water, m]
# name 1 = tv290C: Temperature [ITS-90, deg C]
# name 2 = sbeox0Mg/L: Oxygen, SBE 43 [mg/l]
# name 3 = sbeox0PS: Oxygen, SBE 43 [% saturation]
# name 4 = c0uS/cm: Conductivity [uS/cm]
# name 5 = specc: Specific Conductance [uS/cm]
# name 6 = ph: pH
# name 7 = orp: Oxidation Reduction Potential [mV]
# name 8 = flECO-AFL: Fluorescence, WET Labs ECO-AFL/FL [mg/m^3]
# name 9 = turbWETntu0: Turbidity, WET Labs ECO [NTU]
# name 10 = sal00: Salinity, Practical [PSU]
# name 11 = dz/dtM: Descent Rate [m/s]
# name 12 = prdM: Pressure, Strain Gauge [db]
# name 13 = prdE: Pressure, Strain Gauge [psi]
# name 14 = scan: Scan Count
# name 15 = par/sat/log: PAR/Logarithmic, Satlantic
# name 16 = flag:  0.000e+00
# span 0 =     -0.393,     20.817       
# span 1 =    10.6473,    28.1458       
# span 2 =     0.8621,    10.1754       
# span 3 =      7.797,    113.589       
# span 4 =  -0.243857, 171.159525       
# span 5 =      1.582,    236.872       
# span 6 =     -2.396,      8.155       
# span 7 = -1240.7455,  1240.2295       
# span 8 =    -0.2021,     4.9131       
# span 9 =    -0.6943,    15.7415       
# span 10 =     0.0129,     0.1113      
# span 11 =     -0.265,      0.369      
# span 12 =     -0.386,     20.414      
# span 13 =     -0.559,     29.608      
# span 14 =          1,       1056      
# span 15 = 1.2482e-01, 2.3786e+03      
# span 16 = 0.0000e+00, 0.0000e+00      
# interval = seconds: 0.25
# start_time = Aug 08 2018 14:10:00 [Instrument's time stamp, header]
# bad_flag = -9.990e-29
*END*
     -0.392    28.1458     8.0129    102.633   1.783961      1.687      6.278 -1240.7455    -0.1779    -0.6271     0.0129 1.0527e-16     -0.385     -0.558          1 2.0136e+03 0.0000e+00
     -0.392    28.1458     8.0117    102.618   1.748433      1.634      6.136 -1240.7455    -0.1415    -0.5869     0.0129     -0.000     -0.385     -0.558          2 1.8349e+03 0.0000e+00
     -0.393    28.1456     8.0129    102.634   1.783478      1.687      5.841 -1240.7455    -0.1779    -0.5869     0.0129     -0.000     -0.385     -0.559          3 9.2014e+02 0.0000e+00
     -0.393    28.1457     8.0090    102.584   1.799562      1.687      5.409 -1240.7455    -0.1819    -0.6809     0.0129     -0.000     -0.385     -0.559          4 1.4203e+02 0.0000e+00
     -0.392    28.1457     8.0104    102.602   1.787632      1.687      4.907 -1240.7455    -0.1860    -0.6943     0.0129     -0.000     -0.385     -0.558          5 3.2994e+02 0.0000e+00
     -0.392    28.1452     8.0084    102.577   1.798326      1.687      3.603 -1240.7455    -0.1455    -0.6271     0.0129     -0.000     -0.385     -0.558          6 1.8338e+03 0.0000e+00
     -0.393    28.1449     8.0098    102.595   1.786254      1.687     -1.474 -1240.7455    -0.1779    -0.6271     0.0129     -0.000     -0.386     -0.559          7 1.9181e+03 0.0000e+00
     -0.393    28.1447     8.0067    102.553   1.743439      1.634     -2.396 -1240.7455    -0.1819    -0.5734     0.0129     -0.000     -0.386     -0.559          8 7.6192e+02 0.0000e+00
     -0.393    28.1441     8.0085    102.575   1.733178      1.634     -2.396 -1240.7455    -0.1779    -0.5734     0.0129     -0.000     -0.385     -0.559          9 5.5219e+02 0.0000e+00
     -0.393    28.1435     8.0125    102.626   1.739810      1.634     -2.396 -1240.7455    -0.1779    -0.6674     0.0129     -0.000     -0.385     -0.559         10 3.4066e+02 0.0000e+00
     -0.393    28.1433     8.0080    102.568   1.735186      1.634     -2.396 -1240.7455    -0.1738    -0.6809     0.0129     -0.000     -0.385     -0.559         11 2.6155e+02 0.0000e+00
     -0.393    28.1434     8.0148    102.655   1.738933      1.634     -2.396 -1240.7455    -0.1738    -0.6271     0.0129     -0.000     -0.385     -0.559         12 9.5684e+02 0.0000e+00
     -0.392    28.1436     8.0123    102.623   1.735148      1.634     -2.396 -1240.7455    -0.1658    -0.2109     0.0129     -0.000     -0.385     -0.559         13 1.6484e+03 0.0000e+00
     -0.393    28.1439     8.0109    102.604   1.739895      1.634     -2.396 -1240.7455    -0.1617    -0.1572     0.0129     -0.000     -0.385     -0.559         14 1.9157e+03 0.0000e+00
     -0.392    28.1441     8.0094    102.585   1.733024      1.634     -2.396 -1240.7455    -0.1496    -0.2243     0.0129      0.000     -0.385     -0.558         15 1.8584e+03 0.0000e+00
     -0.392    28.1443     8.0118    102.616   1.743699      1.634     -2.396 -1240.7455    -0.1658    -0.2646     0.0129      0.000     -0.384     -0.558         16 2.1831e+03 0.0000e+00
     -0.392    28.1440     8.0081    102.567   1.785825      1.687     -2.396 -1240.7455    -0.1941    -0.0363     0.0129      0.000     -0.384     -0.558         17 1.9041e+03 0.0000e+00
     -0.393    28.1432     8.0110    102.605   1.739815      1.634     -2.396 -1240.7455    -0.1779     0.0040     0.0129      0.000     -0.385     -0.558         18 6.4150e+02 0.0000e+00
     -0.392    28.1426     8.0112    102.605   1.682529      1.582     -2.396 -1240.7455    -0.1819    -0.0497     0.0129      0.000     -0.385     -0.558         19 1.4664e+03 0.0000e+00
     -0.392    28.1424     8.0092    102.578   1.738686      1.634     -2.396 -1240.7455    -0.1860     0.0577     0.0129      0.000     -0.385     -0.558         20 2.2275e+03 0.0000e+00
     -0.392    28.1423     8.0189    102.621   1.729142      1.634     -2.396 -1240.7455    -0.1617    -0.0229     0.0129     -0.000     -0.385     -0.558         21 1.9274e+03 0.0000e+00
     -0.393    28.1421     8.0476    102.677   1.812835      1.687     -2.396 -1240.7455    -0.1617     0.0308     0.0129     -0.000     -0.385     -0.559         22 2.1955e+03 0.0000e+00
     -0.393    28.1418     8.0735    102.779   1.752962      1.687     -2.396 -1240.7455    -0.1819     0.0174     0.0129     -0.000     -0.385     -0.559         23 2.3786e+03 0.0000e+00
     -0.392    28.1419     8.0907    102.837   1.803654      1.634     -2.046 -1240.7455    -0.1698    -0.1169     0.0129     -0.000     -0.385     -0.558         24 1.4632e+03 0.0000e+00
     -0.392    28.1414     8.1060    102.922   1.631320      1.634      1.407 -1240.7455    -0.1658     0.2188     0.0129     -0.000     -0.385     -0.558         25 5.3675e+02 0.0000e+00
     -0.392    28.1417     8.1272    103.130   1.908213      1.634      3.044 -1240.7455    -0.1860     0.1785     0.0129      0.000     -0.385     -0.559         26 1.5532e+03 0.0000e+00
     -0.393    28.1404     8.1595    103.493   1.459066      1.634      3.610 -1240.7455    -0.2021     0.2591     0.0129     -0.000     -0.385     -0.559         27 2.3487e+03 0.0000e+00
     -0.393    28.1418     8.2033    104.004   2.190277      1.634      3.646 -1240.7455    -0.1738     0.2725     0.0129     -0.000     -0.385     -0.559         28 2.3617e+03 0.0000e+00
     -0.393    28.1390     8.2571    104.655   0.998234      1.634      3.473 -1240.7455    -0.1496     0.2591     0.0129     -0.000     -0.385     -0.559         29 2.3547e+03 0.0000e+00
     -0.393    28.1418     8.3249    105.491   3.001757      1.687      3.202 -1240.7455    -0.1738    -0.2780     0.0129     -0.000     -0.385     -0.559         30 2.2357e+03 0.0000e+00
     -0.393    28.0832     8.3975    106.397  -0.243857      1.634      2.884 -1240.7455    -0.1698    -0.1974     0.0129     -0.000     -0.382     -0.555         31 2.1812e+03 0.0000e+00
     -0.386    27.9201     8.4647    107.240   5.126165      1.766      2.243 -1240.7455    -0.1617    -0.2512     0.0129      0.001     -0.366     -0.530         32 2.0740e+03 0.0000e+00
     -0.336    27.7849     8.5234    107.984  41.340052     41.510      2.358 -1240.7455    -0.1455    -0.2512     0.0271      0.016     -0.323     -0.469         33 2.0814e+03 0.0000e+00
     -0.269    27.7008     8.5621    108.510  74.600900     68.533      4.473  1240.2295    -0.1253    -0.2109     0.0384      0.044     -0.262     -0.381         34 2.0527e+03 0.0000e+00
     -0.200    27.6384     8.5737    108.704  94.387229     91.439      5.861   263.5502    -0.1779    -0.2780     0.0484      0.083     -0.196     -0.284         35 2.0903e+03 0.0000e+00
     -0.131    27.6060     8.5717    108.697  97.451642     91.220      6.752   230.2359    -0.1779    -0.2109     0.0483      0.126     -0.126     -0.182         36 1.9471e+03 0.0000e+00
     -0.053    27.5800     8.5577    108.515  94.391444     90.392      7.183   211.3829    -0.1738    -0.1974     0.0479      0.173     -0.048     -0.070         37 1.9772e+03 0.0000e+00
      0.039    27.5570     8.5057    107.841  95.042646     89.864      7.383   197.7165     0.2831     2.1927     0.0477      0.222      0.036      0.052         38 1.6137e+03 0.0000e+00
      0.123    27.5396     8.4124    106.639  93.904761     89.560      7.513   195.7858     0.2588     2.1390     0.0475      0.264      0.118      0.170         39 3.1779e+02 0.0000e+00
      0.196    27.5271     8.2557    104.647  94.141895     89.387      7.588   190.6750     0.3154     2.1390     0.0475      0.292      0.193      0.280         40 3.6727e+01 0.0000e+00
      0.273    27.5193     8.0234    101.705  93.885006     89.416      7.636   187.6086     0.2952     2.1524     0.0475      0.304      0.263      0.382         41 1.6072e+02 0.0000e+00
      0.336    27.5149     7.7721     98.526  94.046021     89.491      7.668   187.3814     0.6470     0.1517     0.0475      0.305      0.323      0.468         42 6.7869e+01 0.0000e+00
      0.379    27.5158     7.5605     95.847  94.119994     89.558      7.691   188.5550     0.5864     0.2054     0.0475      0.296      0.363      0.527         43 1.1729e+02 0.0000e+00
      0.399    27.5340     7.4453     94.387  94.863739     90.365      7.692   185.3750     0.5904     0.1785     0.0479      0.272      0.378      0.549         44 8.9959e+01 0.0000e+00
      0.378    27.5577     7.3735     93.476  94.934829     90.338      7.712   183.5579     0.6025     0.1517     0.0479      0.226      0.368      0.535         45 1.2350e+02 0.0000e+00
      0.352    27.5675     7.3125     92.703  94.894091     90.332      7.731   183.0657     0.6672     0.3128     0.0479      0.165      0.352      0.511         46 1.0682e+02 0.0000e+00
      0.352    27.5657     7.2631     92.077  94.795438     90.158      7.754   185.9050     0.7238     0.2591     0.0478      0.108      0.344      0.500         47 1.1025e+02 0.0000e+00
      0.348    27.5577     7.2162     91.484  94.760132     90.115      7.766   183.8607     0.7198     0.2457     0.0478      0.057      0.338      0.490         48 1.1121e+02 0.0000e+00
      0.329    27.5479     7.1443     90.570  94.521594     89.932      7.778   182.2329     0.6915     0.1785     0.0477      0.010      0.327      0.475         49 1.0565e+02 0.0000e+00
      0.325    27.5444     7.0549     89.431  93.902542     89.278      7.791   182.8007     0.6834     0.2054     0.0474     -0.021      0.322      0.467         50 9.4671e+01 0.0000e+00
      0.331    27.5463     6.9532     88.123  93.745924     89.216      7.798   184.3529     0.6713     0.1785     0.0474     -0.034      0.321      0.466         51 9.2293e+01 0.0000e+00
      0.324    27.5497     6.8378     86.634  93.853954     89.275      7.803   182.0057     0.6632     0.2591     0.0474     -0.034      0.319      0.463         52 8.6592e+01 0.0000e+00
      0.322    27.5521     6.7656     85.695  93.946565     89.405      7.819   181.3243     0.6794     0.2860     0.0475     -0.025      0.323      0.468         53 8.9076e+01 0.0000e+00
      0.343    27.5520     6.7661     85.682  93.987586     89.399      7.828   182.2707     0.6834     0.1651     0.0475     -0.011      0.338      0.491         54 9.0341e+01 0.0000e+00
      0.368    27.5516     6.8744     87.039  94.130077     89.555      7.837   180.0750     0.6753     0.2591     0.0475      0.002      0.367      0.532         55 8.6083e+01 0.0000e+00
      0.412    27.5517     7.0308     89.009  94.126156     89.555      7.852   179.8100     0.6996     0.2322     0.0475      0.026      0.407      0.591         56 8.5174e+01 0.0000e+00
      0.465    27.5524     7.1913     91.034  94.111438     89.502      7.864   182.1571     0.6753     0.1920     0.0475      0.059      0.455      0.661         57 8.1950e+01 0.0000e+00
      0.517    27.5526     7.3044     92.461  94.237625     89.689      7.875   183.2171     0.6794     0.1785     0.0476      0.091      0.504      0.731         58 7.7469e+01 0.0000e+00
      0.558    27.5518     7.3650     93.224  94.058352     89.448      7.883   184.2014     0.6511     0.2725     0.0475      0.121      0.545      0.791         59 7.5885e+01 0.0000e+00
      0.593    27.5481     7.3722     93.312  93.947878     89.394      7.895   186.2079     0.6794     0.2725     0.0475      0.146      0.580      0.842         60 7.4828e+01 0.0000e+00
      0.624    27.5359     7.3415     92.922  93.869472     89.289      7.902   185.9050     0.6632     0.2054     0.0474      0.160      0.611      0.887         61 7.5550e+01 0.0000e+00
      0.655    27.5187     7.2392     91.627  93.709784     89.161      7.913   186.2457     0.7077     0.2054     0.0474      0.162      0.637      0.924         62 7.5010e+01 0.0000e+00
      0.669    27.5031     7.1202     90.120  93.611243     89.076      7.916   186.3593     0.6955     0.2322     0.0473      0.152      0.656      0.952         63 7.5647e+01 0.0000e+00
      0.686    27.4906     7.0441     89.159  93.516234     89.025      7.924   186.0564     0.6915     0.2322     0.0473      0.134      0.675      0.980         64 7.5527e+01 0.0000e+00
      0.715    27.4810     7.0015     88.624  93.441385     88.971      7.926   186.7757     0.6794     0.2054     0.0473      0.117      0.699      1.014         65 7.4693e+01 0.0000e+00
      0.738    27.4744     6.9959     88.560  93.585442     89.126      7.931   187.3436     0.7077     0.1517     0.0473      0.104      0.719      1.043         66 7.5323e+01 0.0000e+00
      0.745    27.4704     7.0146     88.802  93.753374     89.329      7.939   186.4729     0.6955     0.1517     0.0474      0.091      0.728      1.056         67 7.5700e+01 0.0000e+00
      0.743    27.4674     7.0333     89.041  93.678551     89.233      7.943   186.5864     0.6996     0.2322     0.0474      0.077      0.729      1.056         68 7.6210e+01 0.0000e+00
      0.740    27.4652     7.0552     89.321  93.500110     89.107      7.951   187.3436     0.6753     0.2188     0.0473      0.061      0.725      1.051         69 7.7056e+01 0.0000e+00
      0.734    27.4633     7.0973     89.857  93.321110     88.898      7.959   187.6464     0.7077     0.2322     0.0472      0.044      0.721      1.046         70 7.7641e+01 0.0000e+00
      0.731    27.4622     7.1276     90.242  93.276726     88.902      7.963   187.7600     0.7117     0.1785     0.0472      0.029      0.718      1.042         71 7.6534e+01 0.0000e+00
      0.732    27.4620     7.1097     90.017  93.287665     88.878      7.969   188.9715     0.7602     0.2860     0.0472      0.014      0.716      1.039         72 7.6108e+01 0.0000e+00
      0.726    27.4614     7.0559     89.339  93.277756     88.907      7.971   187.9872     0.7319     0.1517     0.0472     -0.001      0.713      1.034         73 7.6924e+01 0.0000e+00
      0.723    27.4628     6.9528     88.035  93.259317     88.853      7.979   188.6307     0.7441     0.2054     0.0472     -0.010      0.710      1.030         74 7.7775e+01 0.0000e+00
      0.722    27.4658     6.8696     86.982  93.251128     88.882      7.983   188.2522     0.7036     0.2591     0.0472     -0.012      0.710      1.030         75 7.8636e+01 0.0000e+00
      0.726    27.4694     6.8018     86.125  93.198720     88.799      7.986   188.4793     0.6713     0.1920     0.0472     -0.010      0.713      1.035         76 7.9740e+01 0.0000e+00
      0.735    27.4729     6.7653     85.662  93.205569     88.821      7.987   189.3500     0.6955     0.2322     0.0472     -0.005      0.717      1.040         77 7.9354e+01 0.0000e+00
      0.732    27.4749     6.7439     85.390  93.242602     88.841      7.990   188.9336     0.6996     0.2591     0.0472     -0.001      0.715      1.038         78 7.9164e+01 0.0000e+00
      0.721    27.4764     6.7314     85.233  93.241855     88.835      7.990   189.4636     0.6915     0.1517     0.0472     -0.001      0.709      1.028         79 8.0454e+01 0.0000e+00
      0.716    27.4780     6.7235     85.133  93.265978     88.859      7.995   189.1229     0.7036     0.2054     0.0472     -0.003      0.704      1.021         80 8.2644e+01 0.0000e+00
      0.716    27.4791     6.7051     84.901  93.242319     88.829      8.000   189.6150     0.6794     0.1517     0.0472     -0.004      0.705      1.022         81 8.2795e+01 0.0000e+00
      0.723    27.4805     6.7040     84.891  93.241554     88.827      8.002   190.6750     0.6672     0.1785     0.0472     -0.003      0.709      1.028         82 8.2406e+01 0.0000e+00
      0.727    27.4821     6.7101     84.971  93.296670     88.878      8.004   191.3186     0.6794     0.1785     0.0472     -0.003      0.713      1.033         83 8.3402e+01 0.0000e+00
      0.729    27.4829     6.7117     84.993  93.292696     88.876      8.003   191.4700     0.7238     0.1383     0.0472     -0.002      0.716      1.038         84 8.2439e+01 0.0000e+00
      0.733    27.4835     6.7099     84.970  93.305984     88.873      8.007   191.9243     0.7481     0.2054     0.0472      0.000      0.720      1.044         85 8.1487e+01 0.0000e+00
