Data/DataNotYetUploadedToEDI/Raw_CTD/RawDownloads/08082018_ccr_50.cnv
* Sea-Bird SBE19plus  Data File:
* FileName = C:\DATA\08082018_ccr_50_0001.hex
* Software version 2.6.3.104 SB_Terminal.dll
* Temperature SN = 7809
* Conductivity SN = 7809
* System UpLoad Time = Aug 08 2018 13:08:43
* <ApplicationData>
* <Seaterm232>
# nquan = 15
# nvalues = 1056                        
# units = specified
# name 0 = depFM: Depth [fresh water, m]
# name 1 = dz/dtM: Descent Rate [m/s]
# name 2 = sbeox0Mg/L: Oxygen, SBE 43 [mg/l]
# name 3 = sbeox0PS: Oxygen, SBE 43 [% saturation]
# name 4 = specc: Specific Conductance [uS/cm]
# name 5 = c0uS/cm: Conductivity [uS/cm]
# name 6 = flECO-AFL: Fluorescence, WET Labs ECO-AFL/FL [mg/m^3]
# name 7 = ph: pH
# name 8 = orp: Oxidation Reduction Potential [mV]
# name 9 = par/sat/log: PAR/Logarithmic, Satlantic
# name 10 = turbWETntu0: Turbidity, WET Labs ECO [NTU]
# name 11 = prdM: Pressure, Strain Gauge [db]
# name 12 = prdE: Pressure, Strain Gauge [psi]
# name 13 = tv290C: Temperature [ITS-90, deg C]
# name 14 = flag:  0.000e+00
# span 0 =     -0.393,     20.816       
# span 1 =     -0.253,      0.356       
# span 2 =     0.8744,    10.1584       
# span 3 =      7.906,    113.514       
# span 4 =      1.612,    236.835       
# span 5 =   1.713175, 171.148463       
# span 6 =    -0.1889,     4.8875       
# span 7 =     -2.396,      8.153       
# span 8 = -1240.7455,   458.8211       
# span 9 = 1.2536e-01, 2.3325e+03       
# span 10 =    -0.6699,    15.4921      
# span 11 =     -0.387,     20.415      
# span 12 =     -0.561,     29.609      
# span 13 =    10.6473,    28.1458      
# span 14 = 0.0000e+00, 0.0000e+00      
# interval = seconds: 0.25
# start_time = Aug 08 2018 14:10:00 [Instrument's time stamp, header]
# bad_flag = -9.990e-29
*END*
[from data line 868]
     19.774      0.229     3.6229     32.842    124.833  89.806443     0.9843      6.769   303.2041 1.2563e-01     3.7140     19.394     28.129    10.9789 0.0000e+00
     19.829      0.220     3.4749     31.500    124.878  89.841035     1.0244      6.766   303.1388 1.2557e-01     4.0511     19.443     28.201    10.9721 0.0000e+00
     19.886      0.206     3.3104     30.010    124.933  89.880923     1.0398      6.764   303.1536 1.2552e-01     4.2227     19.500     28.282    10.9678 0.0000e+00
     19.943      0.190     3.1320     28.392    124.968  89.906562     1.0321      6.763   303.2111 1.2550e-01     4.2323     19.561     28.372    10.9670 0.0000e+00
     19.993      0.174     2.9539     26.777    124.955  89.896248     1.0145      6.762   303.1455 1.2551e-01     4.4112     19.612     28.445    10.9680 0.0000e+00
     20.032      0.160     2.7851     25.246    124.940  89.883595     0.9932      6.760   303.1346 1.2551e-01     4.7685     19.648     28.496    10.9690 0.0000e+00
     20.064      0.149     2.6316     23.854    124.940  89.880965     0.9856      6.759   303.3371 1.2552e-01     4.9827     19.676     28.538    10.9693 0.0000e+00
     20.094      0.148     2.5031     22.689    124.923  89.864439     0.9866      6.758   303.6151 1.2557e-01     5.0473     19.703     28.576    10.9694 0.0000e+00
     20.129      0.161     2.4043     21.792    124.861  89.811159     0.9868      6.756   303.7430 1.2559e-01     5.2441     19.738     28.628    10.9690 0.0000e+00
     20.166      0.184     2.3348     21.157    124.799  89.746309     0.9798      6.754   303.5925 1.2561e-01     5.5613     19.777     28.684    10.9683 0.0000e+00
     20.207      0.206     2.2929     20.771    124.807  89.717266     0.9650      6.752   303.3450 1.2564e-01     5.7093     19.809     28.731    10.9672 0.0000e+00
     20.266      0.223     2.2696     20.552    124.864  89.714744     0.9649      6.751   303.0735 1.2561e-01     5.6908     19.865     28.811    10.9652 0.0000e+00
     20.344      0.231     2.2542     20.404    124.925  89.715774     0.9779      6.750   302.8041 1.2559e-01     5.8260     19.953     28.939    10.9633 0.0000e+00
     20.419      0.227     2.2377     20.248    124.997  89.729668     1.0026      6.749   302.6701 1.2561e-01     6.1231     20.033     29.056    10.9562 0.0000e+00
     20.477      0.209     2.2033     19.931    125.075  89.755291     1.0351      6.748   302.6579 1.2561e-01     6.2922     20.084     29.130    10.9408 0.0000e+00
     20.525      0.178     2.1362     19.320    125.129  89.770767     1.0482      6.747   302.6563 1.2554e-01     6.3141     20.128     29.193    10.9222 0.0000e+00
     20.568      0.142     2.0325     18.379    125.179  89.789369     1.0498      6.747   302.6506 1.2543e-01     6.3262     20.175     29.261    10.9046 0.0000e+00
     20.599      0.110     1.8933     17.118    125.288  89.852801     1.0638      6.747   302.5884 1.2537e-01     6.6214     20.206     29.307    10.8892 0.0000e+00
     20.617      0.084     1.7308     15.647    125.553  90.028146     1.0893      6.746   302.3340 1.2543e-01     7.1988     20.219     29.326    10.8770 0.0000e+00
     20.630      0.064     1.5588     14.090    125.968  90.317046     1.1008      6.745   302.0708 1.2554e-01     7.5093     20.232     29.343    10.8675 0.0000e+00
     20.641      0.048     1.3854     12.523    126.280  90.543214     1.1016      6.744   301.9872 1.2558e-01     7.5064     20.242     29.360    10.8610 0.0000e+00
     20.651      0.038     1.2274     11.096    126.346  90.597039     1.0807      6.744   301.9253 1.2560e-01     7.1640     20.253     29.374    10.8565 0.0000e+00
     20.660      0.032     1.0942      9.893    126.316  90.585663     1.0322      6.743   301.8390 1.2559e-01     6.5125     20.262     29.386    10.8493 0.0000e+00
     20.667      0.028     0.9864      8.921    127.359  91.361131     1.0025      6.741   301.7184 1.2556e-01     6.1604     20.268     29.396    10.8442 0.0000e+00
     20.673      0.027     0.9148      8.276    136.206  97.743680     0.9878      6.741   301.4995 1.2556e-01     6.1413     20.274     29.404    10.8472 0.0000e+00
     20.678      0.027     0.8806      7.967    155.356 111.481650     0.9738      6.740   301.4291 1.2554e-01     6.1291     20.279     29.411    10.8507 0.0000e+00
     20.684      0.028     0.8744      7.906    172.626 123.787133     0.9718      6.740   301.5546 1.2551e-01     6.1045     20.284     29.419    10.8509 0.0000e+00
     20.690      0.030     0.8967      8.100    181.194 129.767295     0.9721      6.740   301.4685 1.2550e-01     6.0885     20.290     29.427    10.8627 0.0000e+00
     20.699      0.031     0.9475      8.549    187.825 134.340434     0.9778      6.738   300.9048 1.2551e-01     6.1180     20.298     29.440    10.8829 0.0000e+00
     20.709      0.033     1.0180      9.179    196.924 140.717223     1.0309      6.734   299.9868 1.2552e-01     6.4004     20.309     29.455    10.8875 0.0000e+00
     20.719      0.034     1.0994      9.907    205.900 147.043408     1.1180      6.732   299.1460 1.2552e-01     6.8786     20.319     29.469    10.8624 0.0000e+00
     20.727      0.035     1.1796     10.627    211.790 151.182627     1.1674      6.731   298.6537 1.2556e-01     7.1389     20.326     29.480    10.8073 0.0000e+00
     20.735      0.034     1.2451     11.213    214.876 153.332094     1.1693      6.731   298.4223 1.2560e-01     7.1368     20.333     29.490    10.7534 0.0000e+00
     20.743      0.032     1.2933     11.645    216.580 154.504515     1.1309      6.730   298.3268 1.2561e-01     6.8523     20.342     29.503    10.7235 0.0000e+00
     20.753      0.028     1.3284     11.959    217.779 155.326637     1.0712      6.728   298.1881 1.2565e-01     6.3854     20.353     29.518    10.7039 0.0000e+00
     20.762      0.024     1.3509     12.159    218.828 156.051672     1.0447      6.725   297.9493 1.2562e-01     6.1609     20.363     29.532    10.6882 0.0000e+00
     20.768      0.020     1.3613     12.252    219.743 156.688950     1.0490      6.723   297.8483 1.2552e-01     6.1521     20.367     29.540    10.6760 0.0000e+00
     20.770      0.016     1.3610     12.250    220.495 157.216671     1.0500      6.722   297.9133 1.2545e-01     6.3096     20.369     29.542    10.6656 0.0000e+00
     20.771      0.012     1.3529     12.176    221.092 157.639377     1.0477      6.722   298.0472 1.2545e-01     6.6000     20.369     29.543    10.6583 0.0000e+00
     20.774      0.008     1.3419     12.078    221.547 157.965424     1.0496      6.723   298.1762 1.2551e-01     6.7336     20.372     29.546    10.6531 0.0000e+00
     20.777      0.006     1.3313     11.983    221.896 158.219104     1.0545      6.725   298.1831 1.2553e-01     6.7353     20.376     29.552    10.6496 0.0000e+00
     20.779      0.005     1.3210     11.890    222.236 158.469798     1.0514      6.726   298.2170 1.2547e-01     6.7419     20.378     29.555    10.6479 0.0000e+00
     20.780      0.005     1.3100     11.792    222.628 158.759695     1.0394      6.727   298.2424 1.2545e-01     6.7532     20.377     29.555    10.6473 0.0000e+00
     20.780      0.004     1.2998     11.701    223.003 159.039987     1.0389      6.730   298.2318 1.2551e-01     6.7496     20.378     29.557    10.6476 0.0000e+00
     20.780      0.003     1.2889     11.605    223.351 159.302332     1.0453      6.733   298.3463 1.2556e-01     6.6978     20.379     29.556    10.6489 0.0000e+00
     20.781      0.003     1.2768     11.496    223.701 159.566929     1.0424      6.737   298.4225 1.2555e-01     6.3710     20.378     29.556    10.6508 0.0000e+00
     20.782      0.003     1.2662     11.401    224.019 159.810511     1.0411      6.740   298.3791 1.2549e-01     5.7893     20.381     29.561    10.6532 0.0000e+00
     20.784      0.003     1.2556     11.307    224.274 160.010491     1.0474      6.742   298.4237 1.2547e-01     5.4636     20.382     29.562    10.6560 0.0000e+00
     20.784      0.003     1.2435     11.199    224.508 160.195278     1.0457      6.744   298.5312 1.2552e-01     5.4844     20.382     29.561    10.6592 0.0000e+00
     20.784      0.003     1.2330     11.105    224.744 160.382966     1.0482      6.748   298.5607 1.2554e-01     5.9186     20.383     29.562    10.6626 0.0000e+00
     20.785      0.002     1.2239     11.024    224.956 160.554102     1.0764      6.752   298.6944 1.2554e-01     6.6856     20.382     29.562    10.6663 0.0000e+00
     20.785      0.002     1.2137     10.934    225.175 160.730497     1.1022      6.755   298.8562 1.2555e-01     7.1287     20.384     29.564    10.6703 0.0000e+00
     20.786      0.001     1.2052     10.858    225.408 160.917832     1.1025      6.757   298.7971 1.2558e-01     7.1857     20.385     29.565    10.6743 0.0000e+00
     20.786      0.001     1.1993     10.807    225.624 161.093391     1.0803      6.760   298.6678 1.2558e-01     7.2834     20.384     29.565    10.6785 0.0000e+00
     20.786      0.001     1.1938     10.758    225.820 161.255236     1.0458      6.762   298.5833 1.2554e-01     7.5166     20.385     29.566    10.6830 0.0000e+00
     20.786      0.000     1.1885     10.712    226.000 161.404571     1.0251      6.765   298.5498 1.2550e-01     7.6858     20.384     29.565    10.6875 0.0000e+00
     20.786      0.000     1.1838     10.671    226.182 161.556715     1.0319      6.768   298.6073 1.2545e-01     7.7428     20.385     29.565    10.6922 0.0000e+00
     20.787      0.000     1.1788     10.627    226.336 161.688573     1.0458      6.770   298.6765 1.2540e-01     7.7777     20.385     29.567    10.6970 0.0000e+00
     20.787      0.001     1.1737     10.582    226.439 161.784397     1.0639      6.772   298.6979 1.2541e-01     7.8327     20.386     29.566    10.7017 0.0000e+00
     20.787      0.001     1.1686     10.538    226.549 161.884377     1.0942      6.775   298.6940 1.2538e-01     7.9204     20.385     29.565    10.7063 0.0000e+00
     20.787      0.001     1.1624     10.483    226.684 162.002542     1.1095      6.778   298.7155 1.2541e-01     7.9839     20.385     29.566    10.7112 0.0000e+00
     20.787      0.001     1.1544     10.411    226.827 162.126485     1.1108      6.779   298.7860 1.2554e-01     7.9890     20.385     29.566    10.7163 0.0000e+00
     20.787      0.001     1.1459     10.336    226.945 162.232405     1.1285      6.781   298.8580 1.2561e-01     7.8605     20.386     29.567    10.7209 0.0000e+00
     20.788      0.001     1.1399     10.282    227.043 162.324403     1.1583      6.783   298.8973 1.2566e-01     7.6512     20.386     29.568    10.7256 0.0000e+00
     20.788      0.001     1.1364     10.252    227.128 162.407861     1.1762      6.786   298.9172 1.2566e-01     7.5641     20.387     29.568    10.7305 0.0000e+00
     20.788      0.001     1.1315     10.209    227.191 162.474439     1.1799      6.789   298.9261 1.2557e-01     7.5706     20.386     29.567    10.7353 0.0000e+00
     20.788      0.001     1.1256     10.158    227.272 162.554102     1.1849      6.791   298.9195 1.2547e-01     7.5771     20.386     29.568    10.7399 0.0000e+00
     20.788      0.002     1.1220     10.126    227.400 162.667929     1.1904      6.794   299.0092 1.2545e-01     7.6119     20.386     29.568    10.7450 0.0000e+00
     20.789      0.002     1.1196     10.106    227.504 162.764049     1.1829      6.796   299.2358 1.2547e-01     7.6554     20.387     29.568    10.7499 0.0000e+00
     20.790      0.003     1.1174     10.087    227.553 162.821372     1.1763      6.798   299.4224 1.2542e-01     7.6459     20.388     29.570    10.7546 0.0000e+00
     20.791      0.003     1.1159     10.074    227.652 162.913562     1.1752      6.801   299.4587 1.2542e-01     7.6494     20.389     29.572    10.7594 0.0000e+00
     20.792      0.003     1.1155     10.072    227.810 163.047721     1.1693      6.806   299.4167 1.2544e-01     7.7285     20.389     29.572    10.7641 0.0000e+00
     20.793      0.003     1.1145     10.064    227.943 163.165013     1.1691      6.810   299.4306 1.2545e-01     7.7781     20.391     29.574    10.7690 0.0000e+00
     20.794      0.002     1.1111     10.035    228.024 163.245032     1.1736      6.814   299.4542 1.2549e-01     7.7613     20.393     29.577    10.7740 0.0000e+00
     20.793      0.002     1.1069      9.998    228.087 163.312081     1.1773      6.818   299.4446 1.2553e-01     7.7689     20.391     29.575    10.7785 0.0000e+00
     20.793      0.002     1.1030      9.964    228.180 163.400386     1.1854      6.823   299.4856 1.2553e-01     7.8089     20.389     29.573    10.7834 0.0000e+00
     20.794      0.002     1.0986      9.925    228.265 163.481708     1.1891      6.829   299.5209 1.2554e-01     7.8170     20.393     29.577    10.7883 0.0000e+00
     20.795      0.002     1.0940      9.884    228.301 163.528250     1.1852      6.835   299.5273 1.2559e-01     7.8064     20.394     29.579    10.7930 0.0000e+00
     20.796      0.002     1.0887      9.837    228.344 163.579585     1.1944      6.840   299.5634 1.2563e-01     7.8034     20.393     29.578    10.7978 0.0000e+00
     20.797      0.002     1.0821      9.779    228.419 163.654931     1.2174      6.845   299.5270 1.2556e-01     7.8105     20.395     29.581    10.8025 0.0000e+00
     20.797      0.001     1.0768      9.731    228.503 163.736088     1.2331      6.850   299.4313 1.2548e-01     7.8314     20.395     29.581    10.8072 0.0000e+00
     20.797      0.001     1.0743      9.710    228.556 163.793749     1.2375      6.855   299.3524 1.2548e-01     7.8424     20.394     29.580    10.8117 0.0000e+00
     20.798      0.001     1.0725      9.695    228.594 163.840710     1.2058      6.860   299.3478 1.2550e-01     7.8822     20.395     29.581    10.8162 0.0000e+00
     20.798      0.001     1.0700      9.673    228.676 163.920352     1.1441      6.865   299.4618 1.2548e-01     7.9777     20.395     29.581    10.8209 0.0000e+00
     20.798      0.001     1.0676      9.653    228.745 163.989582     1.1163      6.869   299.5260 1.2549e-01     8.0206     20.396     29.582    10.8254 0.0000e+00
     20.798      0.001     1.0657      9.637    228.785 164.038515     1.1179      6.873   299.6076 1.2557e-01     8.0037     20.396     29.582    10.8297 0.0000e+00
     20.799      0.001     1.0635      9.617    228.884 164.128454     1.1356      6.877   299.7605 1.2566e-01     8.0474     20.397     29.583    10.8340 0.0000e+00
     20.799      0.001     1.0594      9.581    229.020 164.245983     1.1653      6.883   299.7395 1.2564e-01     8.1229     20.397     29.584    10.8385 0.0000e+00
     20.799      0.000     1.0553      9.545    229.169 164.372791     1.1733      6.888   299.6123 1.2557e-01     8.1534     20.397     29.584    10.8430 0.0000e+00
     20.800      0.000     1.0530      9.525    229.334 164.510978     1.1689      6.893   299.5983 1.2551e-01     8.1410     20.398     29.585    10.8472 0.0000e+00
     20.800     -0.001     1.0512      9.509    229.484 164.638232     1.1672      6.898   299.5708 1.2545e-01     8.1254     20.397     29.584    10.8515 0.0000e+00
     20.799     -0.001     1.0499      9.499    229.627 164.760702     1.1710      6.902   299.4508 1.2545e-01     8.1481     20.396     29.583    10.8558 0.0000e+00
     20.799     -0.001     1.0484      9.487    229.800 164.904969     1.1773      6.906   299.4390 1.2547e-01     8.1713     20.396     29.582    10.8600 0.0000e+00
     20.799     -0.001     1.0449      9.456    229.961 165.040033     1.1794      6.910   299.5140 1.2548e-01     8.1614     20.396     29.583    10.8645 0.0000e+00
     20.798      0.000     1.0411      9.423    230.038 165.115154     1.1782      6.914   299.5834 1.2548e-01     8.0896     20.395     29.582    10.8689 0.0000e+00
