Data/DataNotYetUploadedToEDI/Raw_CTD/RawDownloads/08082018_ccr_50.cnv
* Sea-Bird SBE19plus  Data File:
* FileName = C:\DATA\08082018_ccr_50_0001.hex
* Software version 2.6.3.104 SB_Terminal.dll
* Temperature SN = 7809
* Conductivity SN = 7809
* System UpLoad Time = Aug 08 2018 13:08:43
* <ApplicationData>
* <Seaterm232>
# nquan = 15
# nvalues = 1056                        
# units = specified
# name 0 = depFM: Depth [fresh water, m]
# name 1 = dz/dtM: Descent Rate [m/s]
# name 2 = sbeox0Mg/L: Oxygen, SBE 43 [mg/l]
# name 3 = sbeox0PS: Oxygen, SBE 43 [% saturation]
# name 4 = specc: Specific Conductance [uS/cm]
# name 5 = c0uS/cm: Conductivity [uS/cm]
# name 6 = flECO-AFL: Fluorescence, WET Labs ECO-AFL/FL [mg/m^3]
# name 7 = ph: pH
# name 8 = orp: Oxidation Reduction Potential [mV]
# name 9 = par/sat/log: PAR/Logarithmic, Satlantic
# name 10 = turbWETntu0: Turbidity, WET Labs ECO [NTU]
# name 11 = prdM: Pressure, Strain Gauge [db]
# name 12 = prdE: Pressure, Strain Gauge [psi]
# name 13 = tv290C: Temperature [ITS-90, deg C]
# name 14 = flag:  0.000e+00
# span 0 =     -0.393,     20.816       
# span 1 =     -0.253,      0.356       
# span 2 =     0.8744,    10.1584       
# span 3 =      7.906,    113.514       
# span 4 =      1.612,    236.835       
# span 5 =   1.713175, 171.148463       
# span 6 =    -0.1889,     4.8875       
# span 7 =     -2.396,      8.153       
# span 8 = -1240.7455,   458.8211       
# span 9 = 1.2536e-01, 2.3325e+03       
# span 10 =    -0.6699,    15.4921      
# span 11 =     -0.387,     20.415      
# span 12 =     -0.561,     29.609      
# span 13 =    10.6473,    28.1458      
# span 14 = 0.0000e+00, 0.0000e+00      
# interval = seconds: 0.25
# start_time = Aug 08 2018 14:10:00 [Instrument's time stamp, header]
# bad_flag = -9.990e-29
*END*
     -0.392 2.1570e-20     8.0077    102.571      1.687   1.792722    -0.1745      4.572 -1240.7455 1.9211e+03    -0.6699     -0.385     -0.558    28.1452 0.0000e+00
     -0.392 1.9609e-21     8.0081    102.575      1.686   1.791568    -0.1654      2.564 -1240.7455 1.6223e+03    -0.6436     -0.385     -0.558    28.1455 0.0000e+00
     -0.393 1.7827e-22     8.0087    102.583      1.673   1.777742    -0.1710     -0.307 -1240.7455 9.6768e+02    -0.6143     -0.385     -0.559    28.1458 0.0000e+00
     -0.393 1.6207e-23     8.0095    102.593      1.649   1.752377    -0.1790     -2.016 -1240.7455 4.5283e+02    -0.5905     -0.385     -0.559    28.1458 0.0000e+00
     -0.392 1.4795e-24     8.0096    102.593      1.635   1.738542    -0.1788     -2.362 -1240.7455 6.9447e+02    -0.6005     -0.385     -0.558    28.1456 0.0000e+00
     -0.392 2.0172e-25     8.0092    102.588      1.634   1.737284    -0.1769     -2.393 -1240.7455 1.4315e+03    -0.6433     -0.384     -0.557    28.1457 0.0000e+00
     -0.393 7.5781e-25     8.0098    102.594      1.634   1.737170    -0.1747     -2.396 -1240.7455 1.5518e+03    -0.6498     -0.385     -0.559    28.1457 0.0000e+00
     -0.393 8.2031e-24     8.0111    102.610      1.634   1.737160    -0.1716     -2.396 -1240.7455 9.9937e+02    -0.5266     -0.386     -0.559    28.1452 0.0000e+00
     -0.393 9.0222e-23     8.0120    102.622      1.634   1.737168    -0.1666     -2.396 -1240.7455 5.7852e+02    -0.3128     -0.385     -0.559    28.1449 0.0000e+00
     -0.393 9.9244e-22     8.0122    102.625      1.634   1.737271    -0.1601     -2.396 -1240.7455 4.0088e+02    -0.2011     -0.385     -0.559    28.1447 0.0000e+00
     -0.393 1.0917e-20     8.0116    102.617      1.635   1.738405    -0.1581     -2.396 -1240.7455 4.8704e+02    -0.2135     -0.385     -0.559    28.1441 0.0000e+00
     -0.393 1.2008e-19     8.0104    102.602      1.647   1.750879    -0.1690     -2.396 -1240.7455 9.6453e+02    -0.1890     -0.385     -0.559    28.1435 0.0000e+00
     -0.393 1.3209e-18     8.0096    102.592      1.657   1.761266    -0.1817     -2.396 -1240.7455 1.5202e+03    -0.0876     -0.385     -0.558    28.1433 0.0000e+00
     -0.393 1.4530e-17     8.0092    102.587      1.634   1.737169    -0.1827     -2.396 -1240.7455 1.8196e+03    -0.0247     -0.385     -0.559    28.1434 0.0000e+00
     -0.392 1.5983e-16     8.0086    102.580      1.612   1.713175    -0.1817     -2.396 -1240.7455 1.9412e+03    -0.0091     -0.385     -0.558    28.1436 0.0000e+00
     -0.392 1.7582e-15     8.0081    102.571      1.622   1.724809    -0.1782     -2.396 -1240.7455 1.9976e+03     0.0089     -0.384     -0.558    28.1439 0.0000e+00
     -0.392 1.9340e-14     8.0091    102.583      1.647   1.751004    -0.1687     -2.394 -1240.7455 1.6601e+03     0.0106     -0.384     -0.558    28.1441 0.0000e+00
     -0.392 2.1274e-13     8.0103    102.598      1.671   1.776246    -0.1675     -2.379 -1240.7455 1.2115e+03     0.0117     -0.385     -0.559    28.1443 0.0000e+00
     -0.392 2.3401e-12     8.0109    102.605      1.671   1.776349    -0.1731     -2.211 -1240.7455 1.4737e+03    -0.0085     -0.385     -0.558    28.1440 0.0000e+00
     -0.392 2.5741e-11     8.0123    102.623      1.649   1.752251    -0.1720     -1.158 -1240.7455 1.9394e+03     0.0107     -0.385     -0.558    28.1432 0.0000e+00
     -0.392 2.8315e-10     8.0124    102.624      1.635   1.738531    -0.1730      0.917 -1240.7455 2.0587e+03     0.1216     -0.385     -0.558    28.1426 0.0000e+00
     -0.393 3.1147e-09     8.0110    102.605      1.634   1.737300    -0.1842      2.666 -1240.7455 2.1550e+03     0.2036     -0.385     -0.559    28.1424 0.0000e+00
     -0.393 3.4262e-08     8.0104    102.598      1.634   1.737363    -0.1889      3.412 -1240.7451 2.0654e+03     0.2395     -0.385     -0.559    28.1423 0.0000e+00
     -0.392 3.7688e-07     8.0103    102.595      1.636   1.739283    -0.1750      3.563 -1240.7414 1.4813e+03     0.2501     -0.385     -0.558    28.1421 0.0000e+00
     -0.392      0.000     8.0099    102.590      1.656   1.760526    -0.1633      3.434 -1240.7009 1.0857e+03     0.1176     -0.384     -0.558    28.1418 0.0000e+00
     -0.392      0.000     8.0104    102.595      1.757   1.867386    -0.1665      3.178 -1240.2554 1.5196e+03    -0.1106     -0.385     -0.558    28.1419 0.0000e+00
     -0.393      0.001     8.0109    102.598      2.734   2.904491    -0.1677      2.811 -1235.3543 2.1214e+03    -0.2206     -0.386     -0.560    28.1414 0.0000e+00
     -0.393      0.006     8.0132    102.599     13.292  14.109813    -0.1591      2.514 -1181.4423 2.3325e+03    -0.2364     -0.385     -0.559    28.1417 0.0000e+00
     -0.393      0.021     8.0248    102.628     38.605  40.922712    -0.1459      2.957  -588.4104 2.3216e+03    -0.2404     -0.385     -0.559    28.1404 0.0000e+00
     -0.393      0.048     8.0471    102.690     66.417  70.266485    -0.1455      4.297   296.3616 2.2500e+03    -0.2379     -0.385     -0.559    28.1418 0.0000e+00
     -0.390      0.084     8.0708    102.768     84.351  89.066455    -0.1630      5.684   458.8211 2.1704e+03    -0.2367     -0.387     -0.561    28.1390 0.0000e+00
     -0.373      0.127     8.0901    102.848     90.404  95.311056    -0.1642      6.593   252.4588 2.1050e+03    -0.1648     -0.378     -0.546    28.1418 0.0000e+00
     -0.330      0.174     8.1081    102.964     90.414  95.213588    -0.0507      7.098   215.2564 2.0752e+03     0.4479     -0.331     -0.478    28.0832 0.0000e+00
     -0.268      0.219     8.1311    103.184     89.937  94.641014     0.1532      7.353   201.4799 2.0667e+03     1.5254     -0.263     -0.382    27.9201 0.0000e+00
     -0.199      0.259     8.1636    103.546     89.611  94.249134     0.2698      7.493   195.2443 2.0433e+03     2.0902     -0.196     -0.284    27.7849 0.0000e+00
     -0.128      0.286     8.2070    104.056     89.453  94.042875     0.3026      7.578   191.3134 1.9801e+03     2.0891     -0.129     -0.187    27.7008 0.0000e+00
     -0.048      0.300     8.2617    104.716     89.437  93.994540     0.3937      7.630   188.5389 1.8460e+03     1.6040     -0.052     -0.076    27.6384 0.0000e+00
      0.037      0.301     8.3266    105.515     89.509  94.046896     0.5350      7.665   187.7687 1.3627e+03     0.7110      0.038      0.055    27.6060 0.0000e+00
      0.120      0.291     8.3958    106.377     89.757  94.293632     0.5958      7.685   187.3357 5.9488e+02     0.2327      0.121      0.174    27.5800 0.0000e+00
      0.197      0.265     8.4614    107.202     90.135  94.684369     0.5950      7.697   185.7126 1.7230e+02     0.1855      0.194      0.280    27.5570 0.0000e+00
      0.268      0.221     8.5164    107.906     90.319  94.885178     0.6182      7.712   184.0611 1.1464e+02     0.2025      0.268      0.388    27.5396 0.0000e+00
      0.329      0.166     8.5530    108.398     90.283  94.874128     0.6645      7.732   183.9721 1.0246e+02     0.2545      0.330      0.477    27.5271 0.0000e+00
      0.371      0.110     8.5684    108.628     90.188  94.805645     0.7049      7.751   184.5513 9.9979e+01     0.2646      0.372      0.540    27.5193 0.0000e+00
      0.386      0.059     8.5665    108.623     90.065  94.694281     0.7114      7.766   183.9225 1.0452e+02     0.2326      0.390      0.566    27.5149 0.0000e+00
      0.376      0.015     8.5447    108.345     89.804  94.419553     0.6967      7.778   182.9092 1.1100e+02     0.2041      0.370      0.537    27.5158 0.0000e+00
      0.359     -0.015     8.4903    107.645     89.446  94.032172     0.6828      7.789   183.0540 1.1135e+02     0.1944      0.346      0.502    27.5340 0.0000e+00
      0.351     -0.029     8.3900    106.360     89.269  93.832794     0.6731      7.797   183.2642 1.0978e+02     0.2077      0.345      0.501    27.5577 0.0000e+00
      0.344     -0.031     8.2308    104.334     89.298  93.856316     0.6702      7.806   182.4391 1.0918e+02     0.2423      0.341      0.495    27.5675 0.0000e+00
      0.333     -0.023     8.0168    101.622     89.371  93.934334     0.6762      7.817   181.7683 1.0413e+02     0.2460      0.324      0.469    27.5657 0.0000e+00
      0.328     -0.011     7.7860     98.701     89.440  94.011653     0.6803      7.828   181.4346 9.6921e+01     0.2221      0.319      0.463    27.5577 0.0000e+00
      0.328      0.005     7.5917     96.241     89.511  94.090434     0.6834      7.839   180.6409 9.1757e+01     0.2280      0.324      0.470    27.5479 0.0000e+00
      0.326      0.029     7.4614     94.590     89.541  94.122421     0.6866      7.851   180.6038 8.8837e+01     0.2264      0.317      0.459    27.5444 0.0000e+00
      0.329      0.059     7.3784     93.540     89.561  94.143580     0.6818      7.864   181.8463 8.8795e+01     0.2021      0.317      0.460    27.5463 0.0000e+00
      0.345      0.090     7.3164     92.753     89.572  94.155148     0.6718      7.874   183.1885 8.8819e+01     0.2087      0.336      0.487    27.5497 0.0000e+00
      0.374      0.119     7.2634     92.082     89.492  94.071158     0.6662      7.884   184.4420 8.6839e+01     0.2456      0.362      0.524    27.5521 0.0000e+00
      0.415      0.142     7.2083     91.382     89.382  93.956236     0.6691      7.894   185.5595 8.4556e+01     0.2520      0.403      0.585    27.5520 0.0000e+00
      0.465      0.156     7.1380     90.489     89.282  93.848620     0.6788      7.903   186.0306 8.1612e+01     0.2242      0.456      0.662    27.5516 0.0000e+00
      0.514      0.158     7.0505     89.370     89.174  93.725539     0.6924      7.911   186.1807 7.8283e+01     0.2143      0.507      0.735    27.5517 0.0000e+00
      0.556      0.149     6.9501     88.081     89.088  93.614724     0.6964      7.917   186.2564 7.6153e+01     0.2243      0.548      0.794    27.5524 0.0000e+00
      0.592      0.134     6.8526     86.822     89.031  93.527995     0.6902      7.922   186.3438 7.5330e+01     0.2229      0.580      0.842    27.5526 0.0000e+00
      0.623      0.118     6.7916     86.026     89.034  93.505003     0.6902      7.927   186.7204 7.5264e+01     0.1982      0.612      0.889    27.5518 0.0000e+00
      0.650      0.104     6.8019     86.136     89.138  93.591499     0.6970      7.932   186.9386 7.5299e+01     0.1690      0.641      0.930    27.5481 0.0000e+00
      0.670      0.091     6.8920     87.263     89.240  93.681927     0.6987      7.938   186.7451 7.5442e+01     0.1747      0.656      0.952    27.5359 0.0000e+00
      0.689      0.076     7.0322     89.028     89.215  93.642775     0.6929      7.944   186.7901 7.5342e+01     0.2069      0.672      0.975    27.5187 0.0000e+00
      0.713      0.060     7.1758     90.838     89.087  93.500319     0.6909      7.951   187.2240 7.5088e+01     0.2230      0.701      1.016    27.5031 0.0000e+00
      0.733      0.044     7.2858     92.226     88.959  93.360963     0.7017      7.958   187.6039 7.5290e+01     0.2165      0.724      1.050    27.4906 0.0000e+00
      0.742      0.029     7.3462     92.987     88.901  93.295590     0.7224      7.963   188.0272 7.5742e+01     0.2190      0.731      1.060    27.4810 0.0000e+00
      0.743      0.014     7.3573     93.123     88.891  93.283220     0.7393      7.968   188.3842 7.6299e+01     0.2228      0.729      1.058    27.4744 0.0000e+00
      0.739      0.001     7.3185     92.631     88.885  93.275090     0.7406      7.973   188.3921 7.6948e+01     0.2016      0.726      1.052    27.4704 0.0000e+00
      0.735     -0.007     7.2334     91.554     88.873  93.260999     0.7296      7.978   188.3812 7.7169e+01     0.2069      0.720      1.044    27.4674 0.0000e+00
      0.732     -0.010     7.1334     90.289     88.853  93.240253     0.7062      7.982   188.4242 7.6718e+01     0.2261      0.718      1.040    27.4652 0.0000e+00
      0.730     -0.009     7.0563     89.315     88.827  93.215355     0.6878      7.985   188.6538 7.6481e+01     0.2202      0.717      1.041    27.4633 0.0000e+00
      0.727     -0.005     7.0143     88.786     88.822  93.214770     0.6907      7.987   189.0066 7.6969e+01     0.2275      0.712      1.034    27.4622 0.0000e+00
      0.724     -0.002     7.0043     88.666     88.834  93.233186     0.6960      7.989   189.1626 7.7785e+01     0.2228      0.709      1.029    27.4620 0.0000e+00
      0.724     -0.002     7.0155     88.812     88.842  93.246926     0.6962      7.991   189.2492 7.8668e+01     0.1936      0.708      1.028    27.4614 0.0000e+00
      0.727     -0.003     7.0348     89.060     88.844  93.253505     0.6936      7.995   189.3654 7.9326e+01     0.1794      0.712      1.033    27.4628 0.0000e+00
      0.731     -0.003     7.0609     89.393     88.837  93.249040     0.6828      7.999   189.7936 7.9412e+01     0.1725      0.721      1.044    27.4658 0.0000e+00
      0.729     -0.003     7.0929     89.801     88.842  93.256635     0.6756      8.002   190.5548 7.9610e+01     0.1716      0.718      1.041    27.4694 0.0000e+00
      0.723     -0.003     7.1118     90.042     88.864  93.281636     0.6891      8.003   191.1693 8.0698e+01     0.1687      0.707      1.026    27.4729 0.0000e+00
      0.718     -0.002     7.0963     89.848     88.876  93.296516     0.7176      8.004   191.5454 8.2073e+01     0.1681      0.702      1.018    27.4749 0.0000e+00
      0.718      0.001     7.0406     89.145     88.886  93.309151     0.7355      8.006   191.9189 8.2620e+01     0.1941      0.704      1.020    27.4764 0.0000e+00
      0.722      0.006     6.9578     88.098     88.881  93.307001     0.7396      8.007   192.2434 8.2735e+01     0.2095      0.709      1.028    27.4780 0.0000e+00
      0.726      0.011     6.8755     87.057     88.846  93.270527     0.7488      8.005   192.4574 8.2875e+01     0.2015      0.713      1.034    27.4791 0.0000e+00
      0.730      0.012     6.8121     86.254     88.826  93.250366     0.7642      8.002   192.6137 8.2424e+01     0.2192      0.715      1.036    27.4805 0.0000e+00
      0.734      0.010     6.7710     85.734     88.830  93.254331     0.7792      8.002   192.7565 8.1816e+01     0.2412      0.719      1.043    27.4821 0.0000e+00
      0.738      0.007     6.7472     85.432     88.830  93.254772     0.7827      8.004   192.9797 8.1560e+01     0.2221      0.726      1.052    27.4829 0.0000e+00
      0.739      0.003     6.7328     85.251     88.831  93.255697     0.7605      8.007   193.2468 8.1148e+01     0.2321      0.725      1.052    27.4835 0.0000e+00
      0.738     -0.001     6.7210     85.101     88.840  93.265516     0.7216      8.012   193.6632 8.0549e+01     0.2720      0.723      1.049    27.4844 0.0000e+00
      0.737     -0.003     6.7102     84.966     88.880  93.309792     0.6991      8.016   194.2289 8.0276e+01     0.2469      0.723      1.048    27.4841 0.0000e+00
      0.735     -0.005     6.7065     84.922     88.910  93.345117     0.7003      8.018   194.5803 8.0370e+01     0.2024      0.721      1.046    27.4834 0.0000e+00
      0.732     -0.006     6.7090     84.956     88.874  93.310422     0.7076      8.019   194.7274 8.0331e+01     0.1920      0.716      1.039    27.4839 0.0000e+00
      0.732     -0.008     6.7115     84.990     88.837  93.272524     0.7227      8.022   195.0611 8.0468e+01     0.1820      0.717      1.040    27.4840 0.0000e+00
      0.732     -0.008     6.7203     85.102     88.833  93.269112     0.7370      8.024   195.5181 8.1351e+01     0.1735      0.720      1.045    27.4844 0.0000e+00
      0.729     -0.006     6.7477     85.449     88.833  93.269168     0.7335      8.028   195.7789 8.2528e+01     0.1802      0.717      1.039    27.4871 0.0000e+00
      0.724      0.000     6.7900     85.985     88.836  93.273202     0.7263      8.032   195.8912 8.3455e+01     0.2019      0.708      1.028    27.4895 0.0000e+00
      0.722      0.013     6.8295     86.486     88.817  93.254189     0.7320      8.032   196.1880 8.3745e+01     0.2222      0.706      1.024    27.4898 0.0000e+00
