Data/DataNotYetUploadedToEDI/Raw_CTD/RawDownloads/080818_ccr50.cnv
* Sea-Bird SBE19plus  Data File:
* FileName = C:\DATA\080918_bvr50_0001.hex
* Software version 2.6.3.104
* Temperature SN = 7809
* Conductivity SN = 7809
* System UpLoad Time = Aug 09 2018 20:24:55
* <ApplicationData>
* <Seaterm232>
# nquan = 17
# nvalues = 1056                        
# units = specified
# name 0 = depFM: Depth [fresh water, m]
# name 1 = tv290C: Temperature [ITS-90, deg C]
# name 2 = sbeox0Mg/L: Oxygen, SBE 43 [mg/l]
# name 3 = sbeox0PS: Oxygen, SBE 43 [% saturation]
# name 4 = c0uS/cm: Conductivity [uS/cm]
# name 5 = specc: Specific Conductance [uS/cm]
# name 6 = ph: pH
# name 7 = orp: Oxidation Reduction Potential [mV]
# name 8 = flECO-AFL: Fluorescence, WET Labs ECO-AFL/FL [mg/m^3]
# name 9 = turbWETntu0: Turbidity, WET Labs ECO [NTU]
# name 10 = sal00: Salinity, Practical [PSU]
# name 11 = dz/dtM: Descent Rate [m/s]
# name 12 = prdM: Pressure, Strain Gauge [db]
# name 13 = prdE: Pressure, Strain Gauge [psi]
# name 14 = scan: Scan Count
# name 15 = par/sat/log: PAR/Logarithmic, Satlantic
# name 16 = flag:  0.000e+00
# span 0 =     -0.393,     20.817       
# span 1 =    10.6473,    28.1458       
# span 2 =     0.8621,    10.1754       
# span 3 =      7.797,    113.589       
# span 4 =  -0.243857, 171.159525       
# span 5 =      1.582,    236.872       
# span 6 =     -2.396,      8.155       
# span 7 = -1240.7455,  1240.2295       
# span 8 =    -0.2021,     4.9131       
# span 9 =    -0.6943,    15.7415       
# span 10 =     0.0129,     0.1113      
# span 11 =     -0.265,      0.369      
# span 12 =     -0.386,     20.414      
# span 13 =     -0.559,     29.608      
# span 14 =          1,       1056      
# span 15 = 1.2482e-01, 2.3786e+03      
# span 16 = 0.0000e+00, 0.0000e+00      
# interval = seconds: 0.25
# start_time = Aug 08 2018 14:10:00 [Instrument's time stamp, header]
# bad_flag = -9.990e-29
*END*
[from data line 766]
     14.764    11.2676     6.2668     57.197  88.666120    122.233      6.858   298.2275     1.1484     3.3207     0.0579      0.149     14.483     21.005        767 1.2552e-01 0.0000e+00
     14.809    11.2667     6.2647     57.178  88.575052    122.085      6.856   298.5303     1.1201     3.3744     0.0578      0.147     14.523     21.064        768 1.2548e-01 0.0000e+00
     14.855    11.2648     6.2695     57.217  88.561062    122.090      6.850   298.6439     1.1039     3.3341     0.0578      0.146     14.567     21.127        769 1.2556e-01 0.0000e+00
     14.898    11.2623     6.2686     57.202  88.624058    122.171      6.849   298.2653     1.1080     3.3072     0.0578      0.147     14.610     21.190        770 1.2563e-01 0.0000e+00
     14.943    11.2606     6.2576     57.096  88.645342    122.216      6.848   298.4546     1.2010     3.6295     0.0578      0.150     14.653     21.253        771 1.2564e-01 0.0000e+00
     14.988    11.2596     6.2558     57.074  88.683264    122.263      6.849   298.3789     1.1767     3.4684     0.0579      0.157     14.692     21.309        772 1.2552e-01 0.0000e+00
     15.012    11.2617     6.2494     57.012  88.695817    122.307      6.846   298.7575     1.1889     3.6295     0.0579      0.160     14.717     21.345        773 1.2552e-01 0.0000e+00
     15.020    11.2640     6.2419     56.944  88.659460    122.233      6.845   298.6818     1.2010     3.6564     0.0578      0.153     14.733     21.368        774 1.2554e-01 0.0000e+00
     15.040    11.2629     6.2285     56.828  88.669038    122.265      6.844   298.8332     1.1080     3.3207     0.0579      0.140     14.751     21.395        775 1.2553e-01 0.0000e+00
     15.068    11.2623     6.2238     56.794  88.713633    122.295      6.845   298.5682     1.0999     3.4012     0.0579      0.125     14.772     21.425        776 1.2555e-01 0.0000e+00
     15.080    11.2636     6.2083     56.652  88.693172    122.300      6.841   298.6818     1.1080     3.3475     0.0579      0.107     14.792     21.454        777 1.2551e-01 0.0000e+00
     15.102    11.2638     6.2006     56.569  88.635029    122.185      6.845   299.0603     1.1080     3.2938     0.0578      0.092     14.820     21.495        778 1.2545e-01 0.0000e+00
     15.156    11.2599     6.1924     56.482  88.637307    122.220      6.840   299.1361     1.0676     3.1730     0.0578      0.090     14.870     21.567        779 1.2542e-01 0.0000e+00
     15.230    11.2547     6.1777     56.341  88.660600    122.219      6.840   299.2496     1.0514     3.1864     0.0578      0.105     14.936     21.663        780 1.2550e-01 0.0000e+00
     15.305    11.2503     6.1672     56.239  88.665518    122.271      6.837   299.5146     1.0554     3.2267     0.0579      0.135     15.006     21.765        781 1.2547e-01 0.0000e+00
     15.372    11.2464     6.1578     56.154  88.571720    122.134      6.838   299.4768     1.0392     3.1730     0.0578      0.170     15.068     21.854        782 1.2552e-01 0.0000e+00
     15.418    11.2436     6.1455     56.045  88.569180    122.149      6.835   299.5146     1.0878     3.7504     0.0578      0.196     15.111     21.917        783 1.2552e-01 0.0000e+00
     15.437    11.2439     6.1236     55.847  88.668685    122.317      6.834   299.5903     1.1080     3.7504     0.0579      0.208     15.130     21.945        784 1.2550e-01 0.0000e+00
     15.430    11.2492     6.1094     55.717  88.656050    122.287      6.835   299.8932     1.0837     3.8041     0.0579      0.201     15.135     21.951        785 1.2557e-01 0.0000e+00
     15.432    11.2554     6.0869     55.512  88.644381    122.287      6.833   299.8175     1.1242     3.7907     0.0579      0.175     15.152     21.976        786 1.2551e-01 0.0000e+00
     15.492    11.2549     6.0644     55.307  88.623734    122.230      6.831   300.1582     1.0514     3.5490     0.0578      0.148     15.207     22.056        787 1.2554e-01 0.0000e+00
     15.599    11.2456     6.0448     55.124  88.562794    122.132      6.829   300.2339     1.0595     3.5490     0.0578      0.142     15.293     22.181        788 1.2545e-01 0.0000e+00
     15.691    11.2364     6.0275     54.964  88.512059    122.054      6.832   300.1582     1.0392     3.5221     0.0578      0.155     15.381     22.309        789 1.2544e-01 0.0000e+00
     15.766    11.2301     6.0237     54.922  88.508456    122.088      6.828   300.2339     1.0554     3.5624     0.0578      0.182     15.453     22.413        790 1.2549e-01 0.0000e+00
     15.817    11.2261     6.0157     54.840  88.448341    122.041      6.828   299.9689     1.0554     3.6429     0.0577      0.214     15.502     22.484        791 1.2561e-01 0.0000e+00
     15.841    11.2264     6.0085     54.772  88.408461    121.985      6.829   299.9689     1.0635     3.6027     0.0577      0.238     15.528     22.521        792 1.2560e-01 0.0000e+00
     15.842    11.2289     6.0025     54.723  88.498622    122.153      6.828   300.1582     1.0271     3.5624     0.0578      0.242     15.538     22.536        793 1.2547e-01 0.0000e+00
     15.851    11.2301     5.9983     54.679  88.514564    122.152      6.826   300.1961     1.0756     3.6564     0.0578      0.218     15.551     22.556        794 1.2550e-01 0.0000e+00
     15.882    11.2292     5.9892     54.586  88.448096    122.066      6.828   300.2339     1.0190     3.1058     0.0578      0.176     15.580     22.597        795 1.2542e-01 0.0000e+00
     15.929    11.2300     5.9807     54.501  88.402918    121.985      6.827   300.2339     0.9948     3.2267     0.0577      0.137     15.619     22.653        796 1.2545e-01 0.0000e+00
     15.970    11.2301     5.9650     54.357  88.451841    122.065      6.826   300.3475     0.9907     3.0118     0.0578      0.114     15.656     22.707        797 1.2542e-01 0.0000e+00
     15.993    11.2273     5.9455     54.178  88.446689    122.063      6.825   300.3475     0.9948     3.0924     0.0578      0.103     15.684     22.747        798 1.2539e-01 0.0000e+00
     16.014    11.2248     5.9190     53.938  88.409331    121.984      6.824   300.3853     0.9948     3.0521     0.0577      0.103     15.714     22.790        799 1.2552e-01 0.0000e+00
     16.065    11.2194     5.8871     53.653  88.379386    121.995      6.824   300.4611     1.0514     3.3475     0.0577      0.116     15.759     22.856        800 1.2562e-01 0.0000e+00
     16.132    11.2116     5.8475     53.300  88.275802    121.808      6.824   300.8018     1.0392     3.3744     0.0576      0.139     15.809     22.930        801 1.2556e-01 0.0000e+00
     16.164    11.2106     5.8087     52.942  88.211143    121.789      6.822   300.3853     1.0716     3.3072     0.0576      0.151     15.843     22.979        802 1.2553e-01 0.0000e+00
     16.167    11.2138     5.7773     52.643  88.251704    121.815      6.822   300.4611     1.0554     3.4012     0.0576      0.147     15.867     23.014        803 1.2549e-01 0.0000e+00
     16.211    11.2104     5.7402     52.293  88.344279    122.013      6.822   300.9532     0.9948     3.1730     0.0577      0.142     15.917     23.087        804 1.2550e-01 0.0000e+00
     16.320    11.2020     5.7212     52.111  88.244624    121.806      6.821   301.3318     0.9826     3.1193     0.0576      0.161     16.007     23.218        805 1.2564e-01 0.0000e+00
     16.439    11.1962     5.7051     51.957  88.227043    121.820      6.822   300.9153     0.9584     3.1193     0.0576      0.198     16.104     23.358        806 1.2546e-01 0.0000e+00
     16.502    11.1948     5.6936     51.847  88.247219    121.886      6.819   301.1046     0.9786     2.9984     0.0577      0.229     16.174     23.458        807 1.2546e-01 0.0000e+00
     16.542    11.1946     5.6613     51.549  88.160054    121.752      6.822   301.2561     0.9260     2.9447     0.0576      0.244     16.213     23.515        808 1.2560e-01 0.0000e+00
     16.555    11.1956     5.6113     51.091  88.216580    121.871      6.821   301.3318     0.9382     2.9178     0.0577      0.244     16.227     23.535        809 1.2547e-01 0.0000e+00
     16.542    11.2009     5.5386     50.426  88.266085    121.912      6.820   301.4832     0.9382     2.8910     0.0577      0.230     16.222     23.529        810 1.2550e-01 0.0000e+00
     16.525    11.2066     5.4566     49.678  88.276865    121.946      6.819   301.2939     0.9099     2.9447     0.0577      0.196     16.230     23.540        811 1.2552e-01 0.0000e+00
     16.588    11.2027     5.3646     48.838  88.232899    121.852      6.818   301.7861     0.9018     2.6761     0.0576      0.156     16.285     23.619        812 1.2544e-01 0.0000e+00
     16.701    11.1925     5.2772     48.039  88.201851    121.792      6.820   301.4832     0.9058     2.7030     0.0576      0.132     16.382     23.760        813 1.2552e-01 0.0000e+00
     16.820    11.1831     5.2077     47.403  88.137085    121.729      6.816   301.7861     0.9099     2.6359     0.0576      0.143     16.496     23.925        814 1.2556e-01 0.0000e+00
     16.941    11.1750     5.1514     46.888  88.105352    121.686      6.817   301.8618     0.9341     2.6493     0.0576      0.192     16.611     24.092        815 1.2556e-01 0.0000e+00
     17.056    11.1690     5.1073     46.484  88.122410    121.795      6.817   301.5589     0.8492     2.2733     0.0576      0.258     16.713     24.241        816 1.2561e-01 0.0000e+00
     17.131    11.1646     5.0848     46.277  88.056398    121.667      6.814   301.6725     0.8654     2.3002     0.0576      0.321     16.789     24.351        817 1.2546e-01 0.0000e+00
     17.175    11.1614     5.0575     46.028  88.068572    121.765      6.815   301.6725     0.8371     2.2330     0.0576      0.361     16.842     24.428        818 1.2549e-01 0.0000e+00
     17.221    11.1590     5.0448     45.910  88.047799    121.702      6.814   300.9532     0.8735     2.2599     0.0576      0.369     16.888     24.495        819 1.2572e-01 0.0000e+00
     17.270    11.1570     5.0340     45.808  88.082257    121.790      6.815   301.0668     0.7683     1.6959     0.0576      0.339     16.935     24.563        820 1.2555e-01 0.0000e+00
     17.316    11.1554     5.0139     45.621  88.144638    121.876      6.815   301.1425     0.8128     1.6690     0.0576      0.293     16.983     24.632        821 1.2547e-01 0.0000e+00
     17.366    11.1529     5.0098     45.580  88.089116    121.805      6.815   301.3696     0.7683     1.6556     0.0576      0.250     17.041     24.715        822 1.2557e-01 0.0000e+00
     17.451    11.1496     5.0103     45.582  88.091887    121.811      6.812   301.6725     0.7845     1.7362     0.0576      0.225     17.112     24.819        823 1.2548e-01 0.0000e+00
     17.528    11.1468     5.0239     45.705  88.141194    121.897      6.812   301.4453     0.8411     1.9376     0.0576      0.218     17.182     24.919        824 1.2541e-01 0.0000e+00
     17.580    11.1448     5.0443     45.889  88.087231    121.830      6.810   301.4453     0.8452     2.0182     0.0576      0.223     17.234     24.996        825 1.2543e-01 0.0000e+00
     17.614    11.1423     5.0714     46.134  88.040104    121.762      6.813   301.3318     0.8411     1.9645     0.0576      0.228     17.272     25.051        826 1.2540e-01 0.0000e+00
     17.646    11.1405     5.1106     46.488  88.080903    121.846      6.811   301.2182     0.8411     1.8167     0.0576      0.223     17.305     25.098        827 1.2541e-01 0.0000e+00
     17.677    11.1394     5.1586     46.922  88.036461    121.777      6.810   301.4453     0.8452     1.9107     0.0576      0.212     17.340     25.150        828 1.2557e-01 0.0000e+00
     17.723    11.1372     5.1982     47.279  88.035944    121.783      6.812   301.5211     0.7845     1.8436     0.0576      0.198     17.390     25.222        829 1.2559e-01 0.0000e+00
     17.799    11.1338     5.2381     47.640  88.081551    121.864      6.808   301.8618     0.8007     1.7362     0.0576      0.190     17.457     25.319        830 1.2558e-01 0.0000e+00
     17.879    11.1298     5.2688     47.917  88.039178    121.794      6.808   301.8239     0.7885     1.8033     0.0576      0.188     17.527     25.421        831 1.2547e-01 0.0000e+00
     17.937    11.1263     5.2770     47.991  88.029208    121.806      6.805   301.7861     0.7683     1.8033     0.0576      0.195     17.583     25.502        832 1.2546e-01 0.0000e+00
     17.974    11.1240     5.2480     47.727  88.034492    121.820      6.808   302.0132     0.8168     1.7496     0.0576      0.205     17.620     25.556        833 1.2550e-01 0.0000e+00
     17.993    11.1227     5.1834     47.139  88.032609    121.831      6.807   302.0511     0.8088     1.5885     0.0576      0.208     17.643     25.589        834 1.2548e-01 0.0000e+00
     18.005    11.1220     5.0844     46.238  88.031557    121.839      6.807   302.0889     0.8047     1.6690     0.0576      0.198     17.660     25.615        835 1.2545e-01 0.0000e+00
     18.029    11.1205     4.9503     45.017  88.035804    121.844      6.805   301.9753     0.7562     1.6422     0.0576      0.179     17.688     25.655        836 1.2551e-01 0.0000e+00
     18.078    11.1181     4.8194     43.827  88.027327    121.846      6.807   302.3161     0.7966     1.5482     0.0576      0.158     17.737     25.726        837 1.2556e-01 0.0000e+00
     18.154    11.1154     4.6728     42.493  87.982638    121.773      6.806   302.5432     0.8290     1.4408     0.0576      0.146     17.807     25.826        838 1.2553e-01 0.0000e+00
     18.241    11.1130     4.5434     41.315  88.031950    121.859      6.801   301.8996     0.8007     1.4542     0.0576      0.153     17.883     25.936        839 1.2550e-01 0.0000e+00
     18.312    11.1111     4.4346     40.323  88.084910    121.946      6.802   302.0511     0.8128     1.5348     0.0577      0.176     17.948     26.031        840 1.2549e-01 0.0000e+00
     18.352    11.1095     4.3325     39.392  88.095152    121.953      6.802   302.1646     0.7319     1.5079     0.0577      0.201     17.994     26.098        841 1.2556e-01 0.0000e+00
     18.383    11.1086     4.2606     38.735  88.138152    122.038      6.802   302.1268     0.7238     1.5348     0.0577      0.218     18.031     26.152        842 1.2541e-01 0.0000e+00
     18.427    11.1081     4.2185     38.351  88.090875    121.966      6.802   301.9375     0.7279     1.5885     0.0577      0.226     18.073     26.214        843 1.2553e-01 0.0000e+00
     18.482    11.1075     4.1714     37.923  88.094520    121.969      6.801   301.9753     0.7158     1.5616     0.0577      0.224     18.123     26.285        844 1.2570e-01 0.0000e+00
     18.532    11.1068     4.1502     37.726  88.193091    122.125      6.800   301.8618     0.7926     1.8033     0.0577      0.212     18.170     26.354        845 1.2566e-01 0.0000e+00
     18.573    11.1065     4.1403     37.630  88.146623    122.050      6.799   301.8618     0.7764     1.6690     0.0577      0.194     18.210     26.412        846 1.2547e-01 0.0000e+00
     18.603    11.1061     4.1200     37.441  88.152350    122.052      6.801   301.7103     0.7562     1.6556     0.0577      0.176     18.245     26.462        847 1.2544e-01 0.0000e+00
     18.638    11.1052     4.1104     37.350  88.185966    122.131      6.798   301.8618     0.7643     1.6959     0.0577      0.166     18.282     26.517        848 1.2563e-01 0.0000e+00
     18.688    11.1037     4.1132     37.370  88.104790    121.977      6.797   302.0511     0.7238     1.5348     0.0577      0.167     18.332     26.588        849 1.2551e-01 0.0000e+00
     18.753    11.1014     4.1202     37.425  88.193902    122.136      6.792   302.5054     0.7117     1.4408     0.0577      0.173     18.393     26.677        850 1.2542e-01 0.0000e+00
     18.827    11.0984     4.1280     37.486  88.283226    122.257      6.794   302.2403     0.7238     1.4676     0.0578      0.183     18.459     26.772        851 1.2540e-01 0.0000e+00
