Data/DataNotYetUploadedToEDI/Raw_CTD/RawDownloads/080819_fcr50.cnv
* Sea-Bird SBE19plus  Data File:
* FileName = C:\DATA\080819_FCR50_0001.hex
* Software version 2.8.0.119 SB_Terminal.dll
* Temperature SN = 7809
* Conductivity SN = 7809
* System UpLoad Time = Aug 08 2019 09:43:23
* <ApplicationData>
* <Seaterm232>
# nquan = 16
# nvalues = 869                         
# units = specified
# name 0 = depFM: Depth [fresh water, m]
# name 1 = dz/dtM: Descent Rate [m/s]
# name 2 = sbeox0Mg/L: Oxygen, SBE 43 [mg/l]
# name 3 = sbeox0PS: Oxygen, SBE 43 [% saturation]
# name 4 = specc: Specific Conductance [uS/cm]
# name 5 = c0uS/cm: Conductivity [uS/cm]
# name 6 = flECO-AFL: Fluorescence, WET Labs ECO-AFL/FL [mg/m^3]
# name 7 = ph: pH
# name 8 = orp: Oxidation Reduction Potential [mV]
# name 9 = par/sat/log: PAR/Logarithmic, Satlantic
# name 10 = turbWETntu0: Turbidity, WET Labs ECO [NTU]
# name 11 = prdM: Pressure, Strain Gauge [db]
# name 12 = prdE: Pressure, Strain Gauge [psi]
# name 13 = tv290C: Temperature [ITS-90, deg C]
# name 14 = density00: Density [density, kg/m^3]
# name 15 = flag:  0.000e+00
# span 0 =     -0.631,      9.661       
# span 1 =     -0.369,      0.344       
# span 2 =     0.0731,     8.9817       
# span 3 =      0.701,    110.117       
# span 4 =      0.803,    136.697       
# span 5 =   0.799799, 100.156762       
# span 6 =    -0.4090,     4.8153       
# span 7 =      6.726,      9.299       
# span 8 =   160.1170,  1163.7607       
# span 9 = 1.2355e-01, 1.3426e+03       
# span 10 =    -1.6296,   173.7293      
# span 11 =     -0.620,      9.475      
# span 12 =     -0.900,     13.742      
# span 13 =    11.4111,    25.7385      
# span 14 =   996.8705,   999.6425      
# span 15 = 0.0000e+00, 0.0000e+00      
# interval = seconds: 0.25
# start_time = Aug 08 2019 09:30:01 [Instrument's time stamp, header]
# bad_flag = -9.990e-29
*END*
[from data line 543]
      3.738      0.112     1.5215     15.415     41.628  34.129047     3.4750      7.376   275.0652 8.0726e+00     2.2462      3.664      5.313    16.4474   998.9057 0.0000e+00
      3.762      0.108     1.3090     13.238     42.203  34.523891     3.3793      7.373   274.8785 7.8447e+00     2.2098      3.686      5.344    16.3150   998.9279 0.0000e+00
      3.796      0.103     1.1203     11.303     42.718  34.850004     3.2138      7.370   274.7733 7.5761e+00     2.1532      3.722      5.399    16.1850   998.9496 0.0000e+00
      3.831      0.099     0.9583      9.644     43.133  35.088958     3.1296      7.368   275.0841 7.3568e+00     2.1194      3.761      5.456    16.0683   998.9689 0.0000e+00
      3.857      0.098     0.8253      8.287     43.606  35.381928     3.1251      7.365   275.7107 7.2241e+00     2.0956      3.787      5.492    15.9900   998.9818 0.0000e+00
      3.875      0.098     0.7222      7.237     44.133  35.726434     3.1591      7.360   276.3268 7.1223e+00     2.2263      3.801      5.513    15.9135   998.9945 0.0000e+00
      3.891      0.102     0.6411      6.412     44.977  36.334603     3.2368      7.354   276.7692 6.9907e+00     2.5195      3.813      5.530    15.7886   999.0148 0.0000e+00
      3.911      0.111     0.5691      5.681     46.325  37.339912     3.2931      7.347   277.1873 6.8000e+00     2.6909      3.831      5.556    15.6655   999.0346 0.0000e+00
      3.941      0.126     0.4956      4.935     47.437  38.106254     3.3280      7.337   277.5961 6.5469e+00     2.7255      3.862      5.601    15.5653   999.0508 0.0000e+00
      3.981      0.142     0.4180      4.146     48.150  38.490879     3.5549      7.327   277.5826 6.2737e+00     2.8725      3.903      5.662    15.4663   999.0666 0.0000e+00
      4.025      0.155     0.3429      3.384     48.913  38.879642     3.9559      7.318   276.7652 6.0132e+00     3.1248      3.947      5.724    15.3871   999.0793 0.0000e+00
      4.067      0.162     0.2730      2.682     49.033  38.743714     4.1712      7.309   274.9410 5.7603e+00     3.2528      3.989      5.784    15.3224   999.0902 0.0000e+00
      4.110      0.161     0.2095      2.047     48.048  37.735803     4.1986      7.301   271.5300 5.5085e+00     3.2728      4.031      5.847    15.1872   999.1115 0.0000e+00
      4.154      0.155     0.1552      1.509     46.778  36.531994     4.2095      7.296   265.9809 5.2650e+00     3.3010      4.074      5.908    14.9762   999.1438 0.0000e+00
      4.195      0.147     0.1119      1.084     45.981  35.741054     4.2242      7.292   258.9543 5.0388e+00     3.3975      4.115      5.968    14.7458   999.1788 0.0000e+00
      4.231      0.138     0.0838      0.809     45.726  35.408416     4.2467      7.287   251.9613 4.8227e+00     3.5875      4.151      6.021    14.5035   999.2145 0.0000e+00
      4.263      0.131     0.0732      0.704     45.652  35.239240     4.2563      7.283   246.2172 4.6192e+00     3.7303      4.182      6.065    14.2536   999.2499 0.0000e+00
      4.292      0.127     0.0731      0.701     45.424  34.964830     4.2355      7.280   242.1589 4.4298e+00     3.7794      4.209      6.104    14.0246   999.2817 0.0000e+00
      4.322      0.127     0.0799      0.765     45.102  34.629226     4.0128      7.278   239.4591 4.2551e+00     3.8860      4.238      6.147    13.8468   999.3062 0.0000e+00
      4.352      0.127     0.0950      0.908     44.835  34.354830     3.6009      7.276   237.2351 4.0962e+00     4.0696      4.267      6.190    13.7067   999.3253 0.0000e+00
      4.383      0.126     0.1126      1.074     44.685  34.185768     3.3651      7.274   234.7134 3.9127e+00     4.1973      4.295      6.230    13.5883   999.3414 0.0000e+00
      4.421      0.126     0.1305      1.243     44.566  34.044795     3.3290      7.273   232.5436 3.6966e+00     4.2504      4.334      6.287    13.4818   999.3557 0.0000e+00
      4.459      0.129     0.1515      1.442     44.392  33.856146     3.2173      7.273   231.3918 3.5196e+00     4.2525      4.379      6.351    13.3772   999.3696 0.0000e+00
      4.489      0.134     0.1700      1.615     44.417  33.808750     3.0104      7.272   230.5101 3.4139e+00     4.2228      4.406      6.391    13.3009   999.3796 0.0000e+00
      4.512      0.138     0.1818      1.724     44.829  34.042854     2.8912      7.271   229.9711 3.2904e+00     4.2192      4.421      6.413    13.2496   999.3863 0.0000e+00
      4.543      0.139     0.1915      1.812     45.343  34.338319     2.8678      7.269   229.9511 3.0827e+00     4.2735      4.450      6.454    13.1947   999.3935 0.0000e+00
      4.588      0.142     0.1993      1.881     45.663  34.461623     2.7798      7.268   229.5800 2.8553e+00     4.5193      4.498      6.524    13.1355   999.4013 0.0000e+00
      4.634      0.150     0.2029      1.907     45.928  34.518102     2.6164      7.267   229.0975 2.6779e+00     4.9298      4.547      6.596    13.0600   999.4111 0.0000e+00
      4.672      0.160     0.2062      1.931     46.287  34.640224     2.5219      7.264   229.3652 2.5575e+00     5.1399      4.584      6.650    12.9714   999.4227 0.0000e+00
      4.704      0.168     0.2097      1.958     46.585  34.732127     2.4874      7.260   230.1500 2.4524e+00     5.1595      4.611      6.688    12.8739   999.4353 0.0000e+00
      4.740      0.169     0.2121      1.976     46.743  34.740590     2.2682      7.256   230.9285 2.3137e+00     5.6913      4.643      6.733    12.7433   999.4518 0.0000e+00
      4.790      0.167     0.2195      2.040     46.874  34.742430     1.8749      7.252   231.5511 2.1514e+00     6.7513      4.695      6.809    12.5767   999.4725 0.0000e+00
      4.846      0.164     0.2361      2.188     47.011  34.754261     1.6589      7.249   231.9990 2.0133e+00     7.3585      4.757      6.899    12.4080   999.4932 0.0000e+00
      4.894      0.160     0.2633      2.436     47.123  34.756603     1.6424      7.246   232.4725 1.9249e+00     7.4280      4.806      6.971    12.2666   999.5102 0.0000e+00
      4.929      0.152     0.3131      2.892     47.231  34.770661     1.6404      7.243   233.1468 1.8561e+00     7.4606      4.837      7.015    12.1529   999.5237 0.0000e+00
      4.957      0.142     0.4009      3.699     47.334  34.797216     1.6437      7.238   233.7841 1.7746e+00     7.7526      4.860      7.048    12.0561   999.5349 0.0000e+00
      4.988      0.129     0.5312      4.898     47.416  34.823753     1.6476      7.235   234.1556 1.6864e+00     8.2713      4.889      7.091    11.9588   999.5463 0.0000e+00
      5.025      0.118     0.7007      6.458     47.464  34.837604     1.6431      7.233   234.7981 1.6091e+00     8.5221      4.928      7.147    11.8684   999.5567 0.0000e+00
      5.061      0.108     0.8988      8.278     47.493  34.837731     1.6419      7.230   235.7881 1.5431e+00     8.5566      4.965      7.202    11.8016   999.5644 0.0000e+00
      5.091      0.101     1.1044     10.166     47.508  34.825260     1.6414      7.227   236.4901 1.4807e+00     8.8191      4.996      7.246    11.7489   999.5705 0.0000e+00
      5.111      0.096     1.3041     12.000     47.520  34.813733     1.6463      7.225   236.8333 1.4460e+00     9.2709      5.016      7.274    11.7129   999.5745 0.0000e+00
      5.124      0.096     1.4921     13.727     47.549  34.825274     1.6497      7.223   236.9256 1.4265e+00     9.4973      5.024      7.287    11.6966   999.5765 0.0000e+00
      5.140      0.100     1.6564     15.239     47.565  34.837853     1.6388      7.221   237.2617 1.3796e+00     9.4921      5.035      7.303    11.6771   999.5787 0.0000e+00
      5.167      0.107     1.7914     16.483     47.560  34.838883     1.5749      7.219   238.4883 1.3106e+00     9.7324      5.063      7.343    11.6473   999.5820 0.0000e+00
      5.203      0.114     1.8991     17.475     47.555  34.837729     1.4674      7.216   239.8833 1.2425e+00    10.2065      5.103      7.400    11.6232   999.5849 0.0000e+00
      5.240      0.118     1.9800     18.219     47.537  34.823901     1.4133      7.213   240.4481 1.1872e+00    10.4393      5.141      7.456    11.6124   999.5863 0.0000e+00
      5.274      0.118     2.0365     18.736     47.510  34.798628     1.4065      7.209   240.6705 1.1341e+00    10.4498      5.173      7.503    11.6164   999.5859 0.0000e+00
      5.303      0.114     2.0740     19.077     47.506  34.786030     1.3681      7.206   240.7658 1.0735e+00    10.6942      5.203      7.546    11.6246   999.5852 0.0000e+00
      5.327      0.109     2.0935     19.251     47.538  34.798506     1.3044      7.205   240.7406 1.0249e+00    11.1982      5.226      7.579    11.6265   999.5851 0.0000e+00
      5.350      0.106     2.0954     19.267     47.573  34.822521     1.2782      7.203   241.5706 9.9144e-01    11.4969      5.246      7.607    11.6270   999.5851 0.0000e+00
      5.375      0.103     2.0866     19.191     47.561  34.822510     1.2849      7.200   242.9709 9.4897e-01    11.5523      5.269      7.642    11.6225   999.5858 0.0000e+00
      5.405      0.098     2.0700     19.042     47.516  34.798389     1.2381      7.198   243.8198 8.8504e-01    11.8683      5.299      7.686    11.6097   999.5873 0.0000e+00
      5.435      0.093     2.0493     18.851     47.500  34.784760     1.1373      7.197   244.0050 8.2430e-01    12.4672      5.332      7.733    11.5949   999.5890 0.0000e+00
      5.462      0.087     2.0306     18.672     47.518  34.784657     1.0891      7.194   243.9185 7.9404e-01    12.7958      5.360      7.773    11.5900   999.5897 0.0000e+00
      5.481      0.082     2.0152     18.524     47.557  34.797135     1.0977      7.191   244.3227 7.7030e-01    12.8590      5.377      7.798    11.6048   999.5882 0.0000e+00
      5.494      0.079     2.0040     18.415     47.592  34.808666     1.1024      7.189   245.2786 7.4060e-01    12.9356      5.388      7.815    11.6210   999.5864 0.0000e+00
      5.508      0.080     1.9958     18.336     47.586  34.797117     1.0943      7.188   246.0977 7.2290e-01    13.0344      5.399      7.831    11.6173   999.5868 0.0000e+00
      5.528      0.087     1.9900     18.282     47.573  34.784434     1.0860      7.185   246.6557 6.9932e-01    13.1688      5.417      7.856    11.5995   999.5890 0.0000e+00
      5.553      0.098     1.9842     18.227     47.575  34.782250     1.0887      7.183   246.9488 6.5546e-01    13.2824      5.444      7.897    11.5809   999.5911 0.0000e+00
      5.580      0.109     1.9787     18.176     47.560  34.770701     1.0918      7.180   247.0612 6.1824e-01    13.3269      5.473      7.938    11.5642   999.5930 0.0000e+00
      5.609      0.116     1.9792     18.181     47.556  34.771739     1.0984      7.178   247.1539 5.8778e-01    13.3138      5.499      7.976    11.5581   999.5939 0.0000e+00
      5.643      0.119     1.9827     18.215     47.584  34.794808     1.1073      7.176   247.3807 5.4913e-01    13.2879      5.532      8.024    11.5581   999.5940 0.0000e+00
      5.679      0.119     1.9848     18.233     47.590  34.795744     1.1041      7.175   247.9108 5.1613e-01    13.2753      5.571      8.080    11.5510   999.5950 0.0000e+00
      5.711      0.119     1.9871     18.252     47.581  34.783051     1.0940      7.173   248.5729 4.9102e-01    13.2923      5.604      8.128    11.5492   999.5953 0.0000e+00
      5.736      0.118     1.9891     18.269     47.563  34.768267     1.0892      7.171   249.1909 4.6019e-01    13.2646      5.625      8.158    11.5565   999.5946 0.0000e+00
      5.762      0.115     1.9886     18.266     47.523  34.743929     1.0893      7.168   249.6186 4.2002e-01    13.1361      5.647      8.190    11.5616   999.5941 0.0000e+00
      5.792      0.111     1.9866     18.251     47.516  34.742672     1.0870      7.166   249.4421 3.8557e-01    13.0496      5.679      8.237    11.5569   999.5947 0.0000e+00
      5.825      0.107     1.9850     18.235     47.533  34.753066     1.0876      7.165   249.0358 3.6462e-01    13.0711      5.714      8.288    11.5463   999.5961 0.0000e+00
      5.853      0.105     1.9843     18.227     47.525  34.742660     1.0966      7.162   249.2668 3.4036e-01    13.2323      5.743      8.329    11.5438   999.5965 0.0000e+00
      5.878      0.102     1.9831     18.213     47.530  34.743795     1.1091      7.159   249.9118 3.1388e-01    13.4589      5.765      8.360    11.5528   999.5956 0.0000e+00
      5.900      0.100     1.9812     18.196     47.561  34.766778     1.1082      7.157   250.5537 3.0190e-01    13.5491      5.786      8.391    11.5593   999.5950 0.0000e+00
      5.923      0.099     1.9819     18.203     47.561  34.766675     1.0947      7.156   251.0912 2.8788e-01    13.5370      5.809      8.425    11.5550   999.5956 0.0000e+00
      5.948      0.100     1.9839     18.222     47.528  34.742547     1.0766      7.155   251.0764 2.6045e-01    13.5413      5.832      8.459    11.5472   999.5966 0.0000e+00
      5.975      0.103     1.9834     18.216     47.512  34.728928     1.0534      7.153   250.7186 2.3879e-01    13.5686      5.859      8.497    11.5455   999.5969 0.0000e+00
      6.003      0.107     1.9792     18.175     47.518  34.728938     1.0400      7.151   250.8948 2.2730e-01    13.5713      5.887      8.539    11.5473   999.5968 0.0000e+00
      6.030      0.110     1.9723     18.111     47.541  34.742663     1.0357      7.149   251.4004 2.1276e-01    13.5416      5.913      8.576    11.5460   999.5971 0.0000e+00
      6.058      0.111     1.9661     18.053     47.576  34.767927     1.0358      7.147   251.9264 1.9095e-01    13.5055      5.938      8.613    11.5474   999.5971 0.0000e+00
      6.089      0.110     1.9623     18.018     47.595  34.780524     1.0495      7.145   252.2645 1.7103e-01    13.5609      5.970      8.659    11.5465   999.5973 0.0000e+00
      6.120      0.109     1.9610     18.006     47.579  34.768040     1.0710      7.142   252.1339 1.5572e-01    13.6869      6.004      8.707    11.5392   999.5982 0.0000e+00
      6.147      0.107     1.9617     18.013     47.544  34.743923     1.0887      7.140   252.1534 1.4064e-01    13.7174      6.029      8.744    11.5361   999.5987 0.0000e+00
      6.171      0.101     1.9630     18.027     47.537  34.742797     1.0988      7.138   252.4154 1.2866e-01    13.7006      6.050      8.775    11.5373   999.5987 0.0000e+00
      6.197      0.092     1.9649     18.044     47.552  34.754431     1.0808      7.137   252.7200 1.2411e-01    13.6800      6.075      8.811    11.5351   999.5991 0.0000e+00
      6.224      0.084     1.9675     18.066     47.564  34.757656     1.0437      7.135   253.1690 1.2373e-01    13.6321      6.105      8.855    11.5327   999.5994 0.0000e+00
      6.247      0.079     1.9699     18.087     47.601  34.781774     1.0314      7.133   253.5421 1.2368e-01    13.6136      6.131      8.892    11.5347   999.5994 0.0000e+00
      6.262      0.079     1.9704     18.095     47.604  34.792168     1.0362      7.131   253.7897 1.2364e-01    13.6200      6.142      8.907    11.5414   999.5987 0.0000e+00
      6.272      0.081     1.9684     18.082     47.536  34.756394     1.0498      7.129   254.0118 1.2362e-01    13.6440      6.147      8.916    11.5442   999.5984 0.0000e+00
      6.288      0.086     1.9658     18.062     47.489  34.730071     1.0746      7.127   254.2480 1.2360e-01    13.7070      6.163      8.938    11.5345   999.5995 0.0000e+00
      6.315      0.094     1.9659     18.062     47.492  34.727783     1.0845      7.126   254.5807 1.2360e-01    13.7594      6.191      8.979    11.5264   999.6006 0.0000e+00
      6.345      0.105     1.9689     18.084     47.507  34.728720     1.0919      7.125   255.0237 1.2360e-01    13.7527      6.224      9.027    11.5370   999.5996 0.0000e+00
