Data/DataNotYetUploadedToEDI/Raw_CTD/RawDownloads/080918_fcr10.cnv
* Sea-Bird SBE19plus  Data File:
* FileName = C:\DATA\080918_bvr50_0004.hex
* Software version 2.6.3.104
* Temperature SN = 7809
* Conductivity SN = 7809
* System UpLoad Time = Aug 09 2018 20:25:57
* <ApplicationData>
* <Seaterm232>
# nquan = 17
# nvalues = 376                         
# units = specified
# name 0 = depFM: Depth [fresh water, m]
# name 1 = tv290C: Temperature [ITS-90, deg C]
# name 2 = sbeox0Mg/L: Oxygen, SBE 43 [mg/l]
# name 3 = sbeox0PS: Oxygen, SBE 43 [% saturation]
# name 4 = c0uS/cm: Conductivity [uS/cm]
# name 5 = specc: Specific Conductance [uS/cm]
# name 6 = ph: pH
# name 7 = orp: Oxidation Reduction Potential [mV]
# name 8 = flECO-AFL: Fluorescence, WET Labs ECO-AFL/FL [mg/m^3]
# name 9 = turbWETntu0: Turbidity, WET Labs ECO [NTU]
# name 10 = sal00: Salinity, Practical [PSU]
# name 11 = dz/dtM: Descent Rate [m/s]
# name 12 = prdM: Pressure, Strain Gauge [db]
# name 13 = prdE: Pressure, Strain Gauge [psi]
# name 14 = scan: Scan Count
# name 15 = par/sat/log: PAR/Logarithmic, Satlantic
# name 16 = flag:  0.000e+00
# span 0 =     -0.554,      2.620       
# span 1 =    20.3663,    35.3243       
# span 2 =    -0.1714,    10.7628       
# span 3 =     -2.010,    135.387       
# span 4 =   0.486183, 114.524428       
# span 5 =      0.607,    128.275       
# span 6 =      6.011,      8.466       
# span 7 = -1240.7455,   348.1233       
# span 8 =    -0.2224,     8.6211       
# span 9 =    -0.8823,     5.6571       
# span 10 =     0.0150,     0.0636      
# span 11 =     -0.029,      0.285      
# span 12 =     -0.543,      2.568      
# span 13 =     -0.788,      3.724      
# span 14 =          1,        376      
# span 15 = 1.2963e+01, 2.1417e+03      
# span 16 = 0.0000e+00, 0.0000e+00      
# interval = seconds: 0.25
# start_time = Aug 09 2018 20:45:35 [Instrument's time stamp, header]
# bad_flag = -9.990e-29
*END*
[from data line 86]
      0.096    28.1658     6.7698     86.917  39.799332     37.436      8.192   211.7237     3.4371     2.1524     0.0254      0.007      0.094      0.136         87 5.9441e+01 0.0000e+00
      0.093    28.1744     6.7374     86.485  39.804078     37.432      8.193   212.2915     3.3684     2.1390     0.0254      0.004      0.091      0.132         88 6.1081e+01 0.0000e+00
      0.089    28.1854     6.7147     86.209  39.807842     37.429      8.198   212.2158     3.3401     2.0987     0.0254      0.000      0.088      0.128         89 6.1676e+01 0.0000e+00
      0.088    28.1890     6.6723     85.808  39.853972     37.476      8.203   211.6479     3.3482     2.1256     0.0255     -0.003      0.088      0.128         90 5.9946e+01 0.0000e+00
      0.094    28.2075     6.6354     85.386  39.865320     37.468      8.204   209.7551     3.3482     2.1524     0.0255     -0.004      0.093      0.135         91 5.8547e+01 0.0000e+00
      0.104    28.2562     6.6156     85.073  39.853041     37.465      8.206   210.1337     3.3765     2.0450     0.0255     -0.001      0.099      0.145         92 5.7507e+01 0.0000e+00
      0.106    28.2824     6.6006     84.936  39.869248     37.453      8.193   210.4744     3.3603     2.0450     0.0255      0.003      0.101      0.147         93 5.8819e+01 0.0000e+00
      0.100    28.2674     6.5995     85.054  39.993459     37.548      8.166   210.7394     3.3441     2.0316     0.0255      0.004      0.097      0.141         94 6.0210e+01 0.0000e+00
      0.090    28.2642     6.5868     84.981  40.054409     37.582      8.163   210.3987     3.3522     1.9645     0.0255      0.003      0.090      0.131         95 6.0009e+01 0.0000e+00
      0.085    28.2747     6.5705     84.817  40.060359     37.594      8.173   202.8651     3.3643     2.0584     0.0255      0.000      0.087      0.127         96 5.9999e+01 0.0000e+00
      0.092    28.2753     6.5473     84.558  39.956391     37.518      8.190   201.0858     3.4250     2.1927     0.0255     -0.001      0.092      0.134         97 5.7006e+01 0.0000e+00
      0.106    28.2615     6.5244     84.305  39.827832     37.351      8.205   199.8743     3.4088     2.1122     0.0254      0.001      0.104      0.150         98 5.4843e+01 0.0000e+00
      0.118    28.2775     6.4984     84.003  39.834717     37.405      8.218   199.3822     3.4331     2.1659     0.0255      0.004      0.114      0.165         99 5.8945e+01 0.0000e+00
      0.125    28.3656     6.4609     83.545  39.829166     37.360      8.213   199.3822     3.4169     2.2464     0.0254      0.009      0.117      0.170        100 6.7673e+01 0.0000e+00
      0.114    28.4011     6.4061     82.848  39.983060     37.537      8.189   198.2843     3.3684     2.1390     0.0255      0.012      0.110      0.160        101 7.5612e+01 0.0000e+00
      0.099    28.3671     6.3542     82.181  40.058479     37.523      8.197   196.8458     3.3724     2.2062     0.0255      0.011      0.097      0.141        102 8.0762e+01 0.0000e+00
      0.084    28.4020     6.2985     81.458  40.061579     37.498      8.225   197.2622     3.3886     2.1122     0.0255      0.005      0.083      0.121        103 9.1387e+01 0.0000e+00
      0.072    28.4891     6.2477     80.780  40.157168     37.630      8.250   197.6408     3.3441     2.1524     0.0256     -0.006      0.073      0.107        104 9.6091e+01 0.0000e+00
      0.069    28.5509     6.2001     80.146  40.176832     37.604      8.271   197.8300     3.3441     2.2464     0.0256     -0.019      0.070      0.102        105 9.7938e+01 0.0000e+00
      0.072    28.5824     6.1483     79.468  40.155747     37.542      8.281   197.4893     3.3522     2.1390     0.0256     -0.027      0.071      0.103        106 1.0309e+02 0.0000e+00
      0.076    28.6097     6.0992     78.849  40.183371     37.499      8.287   197.4893     3.3441     2.0047     0.0256     -0.029      0.074      0.107        107 9.9749e+01 0.0000e+00
      0.077    28.6387     6.0565     78.319  40.261077     37.581      8.296   197.1486     3.3522     2.0987     0.0256     -0.024      0.076      0.110        108 9.5701e+01 0.0000e+00
      0.079    28.6619     6.0174     77.831  40.237007     37.510      8.297   197.0350     3.4210     2.1390     0.0256     -0.015      0.076      0.111        109 9.3998e+01 0.0000e+00
      0.078    28.6798     5.9784     77.345  40.272637     37.542      8.302   196.6186     3.4129     2.1390     0.0256     -0.006      0.076      0.111        110 9.2168e+01 0.0000e+00
      0.077    28.6879     5.9368     76.826  40.276049     37.526      8.312   196.5429     3.4169     2.0853     0.0256      0.001      0.076      0.111        111 8.9421e+01 0.0000e+00
      0.079    28.6910     5.9057     76.442  40.232749     37.461      8.314   197.1865     3.4290     2.0584     0.0256      0.004      0.076      0.111        112 8.9109e+01 0.0000e+00
      0.077    28.6883     5.8726     76.012  40.326514     37.559      8.318   197.1865     3.2916     2.0182     0.0256      0.004      0.076      0.111        113 8.9166e+01 0.0000e+00
      0.076    28.6743     5.8431     75.610  40.278013     37.505      8.321   196.9972     3.2916     2.0853     0.0256      0.001      0.077      0.111        114 8.4913e+01 0.0000e+00
      0.080    28.6607     5.8170     75.266  40.233779     37.455      8.318   197.0729     3.2956     2.1659     0.0256      0.001      0.078      0.113        115 8.1972e+01 0.0000e+00
      0.082    28.6556     5.7883     74.892  40.262907     37.517      8.319   196.9593     3.3037     2.1256     0.0256      0.001      0.080      0.116        116 8.0221e+01 0.0000e+00
      0.083    28.6653     5.7666     74.588  40.241768     37.474      8.323   197.3379     3.2875     2.1659     0.0256      0.002      0.080      0.116        117 7.8719e+01 0.0000e+00
      0.079    28.6816     5.7450     74.264  40.319420     37.583      8.317   197.3758     3.3360     2.0316     0.0256      0.002      0.076      0.111        118 8.1070e+01 0.0000e+00
      0.070    28.6950     5.7343     74.069  40.344258     37.575      8.313   196.9593     3.3441     1.8973     0.0256     -0.001      0.070      0.101        119 8.2257e+01 0.0000e+00
      0.065    28.7085     5.7278     73.909  40.329510     37.564      8.315   197.0350     3.3563     1.9913     0.0256     -0.004      0.064      0.092        120 8.1218e+01 0.0000e+00
      0.059    28.7233     5.7299     73.874  40.337766     37.554      8.313   196.9215     3.3563     2.0450     0.0256     -0.008      0.057      0.083        121 7.6854e+01 0.0000e+00
      0.050    28.7365     5.7289     73.828  40.333976     37.545      8.315   197.1865     3.3724     1.9107     0.0256     -0.014      0.050      0.073        122 7.1483e+01 0.0000e+00
      0.044    28.7347     5.7245     73.766  40.334221     37.535      8.318   197.0350     3.3765     1.9645     0.0256     -0.020      0.045      0.065        123 7.1360e+01 0.0000e+00
      0.044    28.7209     5.7177     73.680  40.278127     37.473      8.318   196.9215     3.3441     1.9107     0.0256     -0.022      0.045      0.064        124 6.8012e+01 0.0000e+00
      0.046    28.7153     5.7283     73.880  40.225793     37.422      8.321   198.2843     3.3886     1.9913     0.0256     -0.021      0.046      0.066        125 6.2795e+01 0.0000e+00
      0.048    28.7135     5.7204     73.868  40.221364     37.433      8.320   198.3222     3.2430     2.1927     0.0256     -0.017      0.047      0.068        126 6.0948e+01 0.0000e+00
      0.050    28.6953     5.7183     73.852  40.164985     37.384      8.318   198.0950     3.2228     2.0719     0.0255     -0.011      0.049      0.071        127 6.3226e+01 0.0000e+00
      0.053    28.6619     5.7220     73.848  40.177301     37.385      8.319   198.2086     3.2066     2.1390     0.0255     -0.005      0.052      0.075        128 6.1471e+01 0.0000e+00
      0.055    28.6168     5.7147     73.675  40.206040     37.450      8.320   197.4136     3.2147     2.0182     0.0256      0.001      0.055      0.080        129 5.7977e+01 0.0000e+00
      0.059    28.5605     5.7039     73.457  40.129231     37.369      8.321   197.2243     3.2633     2.1122     0.0255      0.006      0.059      0.085        130 5.8323e+01 0.0000e+00
      0.066    28.5110     5.6890     73.203  40.094921     37.400      8.322   197.4893     3.2835     2.1524     0.0255      0.010      0.065      0.094        131 5.6819e+01 0.0000e+00
      0.074    28.4866     5.6664     72.868  40.070778     37.388      8.320   197.2243     3.2916     2.0719     0.0255      0.013      0.071      0.103        132 5.4199e+01 0.0000e+00
      0.079    28.4809     5.6392     72.487  40.099979     37.475      8.322   207.9758     3.2996     2.1927     0.0255      0.016      0.074      0.108        133 5.1686e+01 0.0000e+00
      0.076    28.4845     5.6095     72.076  40.177263     37.545      8.306   198.8901     3.6555     2.1122     0.0256      0.016      0.069      0.100        134 4.9453e+01 0.0000e+00
      0.054    28.5330     5.5766     71.625  40.152598     37.547      8.304   197.8300     3.6919     2.1390     0.0256      0.010      0.057      0.082        135 4.7114e+01 0.0000e+00
      0.044    28.5997     5.5453     71.200  40.130679     37.494      8.298   197.9436     3.6838     2.1524     0.0255      0.001      0.047      0.068        136 4.5168e+01 0.0000e+00
      0.046    28.6095     5.5156     70.798  40.145207     37.512      8.292   197.7543     3.6676     2.2062     0.0256     -0.007      0.044      0.063        137 4.6953e+01 0.0000e+00
      0.041    28.5698     5.4857     70.393  40.075165     37.359      8.289   197.9815     3.6676     2.1122     0.0255     -0.014      0.042      0.060        138 4.9269e+01 0.0000e+00
      0.041    28.5093     5.4575     70.010  40.099160     37.406      8.292   196.9972     4.1165     1.9242     0.0255     -0.019      0.041      0.059        139 4.8256e+01 0.0000e+00
      0.041    28.4483     5.4353     69.720  40.056013     37.381      8.296   197.5272     4.1165     2.0047     0.0255     -0.021      0.042      0.060        140 4.6751e+01 0.0000e+00
      0.044    28.4009     5.4110     69.420  39.950898     37.319      8.299   196.9215     4.1367     2.0719     0.0255     -0.018      0.043      0.061        141 4.4483e+01 0.0000e+00
      0.044    28.3663     5.3882     69.151  39.933366     37.362      8.306   196.9215     4.1326     1.9510     0.0255     -0.011      0.043      0.062        142 4.5879e+01 0.0000e+00
      0.043    28.3408     5.3803     69.049  39.959207     37.395      8.312   195.9750     4.2054     2.1256     0.0255     -0.003      0.042      0.061        143 4.6374e+01 0.0000e+00
      0.041    28.3182     5.4066     69.363  40.007757     37.498      8.314   195.9750     4.1731     2.1524     0.0255     -0.001      0.041      0.059        144 4.6319e+01 0.0000e+00
      0.040    28.2959     5.4890     70.483  39.961956     37.437      8.322   196.1265     4.1973     2.1927     0.0255     -0.001      0.040      0.058        145 4.7382e+01 0.0000e+00
      0.041    28.2773     5.6048     71.994  39.986554     37.505      8.325   196.0129     4.2054     2.1524     0.0255     -0.000      0.040      0.058        146 4.5371e+01 0.0000e+00
      0.040    28.2609     5.7057     73.249  40.006823     37.521      8.332   195.4450     4.1529     2.0987     0.0255     -0.001      0.040      0.057        147 4.5720e+01 0.0000e+00
      0.040    28.2436     5.7984     74.383  39.996073     37.534      8.337   195.8236     4.1165     2.1524     0.0255     -0.002      0.040      0.057        148 4.4890e+01 0.0000e+00
      0.040    28.2267     5.8907     75.610  39.999942     37.546      8.346   195.4072     4.1448     2.1793     0.0255     -0.002      0.040      0.057        149 4.3899e+01 0.0000e+00
      0.041    28.2226     5.9747     76.763  39.972353     37.532      8.349   195.2936     4.1367     2.2062     0.0255     -0.001      0.040      0.057        150 4.3612e+01 0.0000e+00
      0.040    28.2318     6.0363     77.572  39.941424     37.517      8.353   195.4450     3.9830     2.2196     0.0255     -0.001      0.037      0.053        151 4.6499e+01 0.0000e+00
      0.029    28.2527     6.0612     77.888  40.008775     37.573      8.361   194.6122     3.9749     2.0987     0.0255     -0.003      0.030      0.043        152 5.4860e+01 0.0000e+00
      0.021    28.2481     6.0572     77.830  40.036858     37.618      8.367   204.7201     4.0113     2.1256     0.0255     -0.007      0.025      0.036        153 5.5260e+01 0.0000e+00
      0.027    28.2370     6.0419     77.625  39.876807     37.421      8.372   195.5586     4.0235     2.2464     0.0255     -0.009      0.031      0.045        154 5.0683e+01 0.0000e+00
      0.046    28.2788     6.0135     77.259  39.674003     37.264      8.380   195.3693     3.7768     2.1927     0.0254     -0.004      0.045      0.065        155 4.7354e+01 0.0000e+00
      0.063    28.3024     5.9798     76.835  39.606983     37.172      8.385   195.5965     3.8051     2.1122     0.0253      0.004      0.057      0.081        156 4.5454e+01 0.0000e+00
      0.062    28.2674     5.9342     76.265  39.722903     37.294      8.383   205.0229     3.8132     2.0719     0.0254      0.011      0.058      0.084        157 4.7153e+01 0.0000e+00
      0.052    28.2302     5.8752     75.522  39.826362     37.334      8.381   195.7858     3.7889     2.1659     0.0254      0.013      0.051      0.075        158 4.7638e+01 0.0000e+00
      0.044    28.2584     5.8164     74.780  39.923174     37.487      8.394   195.5208     3.8051     2.1390     0.0255      0.013      0.045      0.066        159 4.3827e+01 0.0000e+00
      0.042    28.3130     5.7577     74.040  39.869408     37.438      8.408   195.4072     4.4642     2.1659     0.0255      0.012      0.044      0.063        160 4.1005e+01 0.0000e+00
      0.047    28.3273     5.7044     73.370  39.804294     37.364      8.417   195.2179     4.4561     2.1122     0.0254      0.009      0.048      0.068        161 4.0559e+01 0.0000e+00
      0.055    28.3242     5.6513     72.703  39.796552     37.325      8.425   194.8393     4.4278     2.0719     0.0254      0.004      0.053      0.076        162 3.7202e+01 0.0000e+00
      0.057    28.3188     5.6041     72.112  39.760368     37.263      8.432   195.0665     4.4561     2.1122     0.0254     -0.001      0.055      0.079        163 3.8143e+01 0.0000e+00
      0.055    28.3131     5.5499     71.430  39.789985     37.318      8.437   194.9529     4.5330     2.1927     0.0254     -0.003      0.054      0.077        164 4.0417e+01 0.0000e+00
      0.052    28.3125     5.5027     70.833  39.819020     37.321      8.441   205.0608     4.5127     2.1256     0.0254      0.000      0.052      0.074        165 3.9964e+01 0.0000e+00
      0.050    28.3195     5.4663     70.376  39.902219     37.430      8.444   205.0608     4.5087     2.1122     0.0255      0.003      0.050      0.073        166 4.3114e+01 0.0000e+00
      0.050    28.3309     5.4298     69.919  39.864431     37.378      8.446   204.8715     4.5249     2.1122     0.0254      0.004      0.050      0.073        167 4.4157e+01 0.0000e+00
      0.052    28.3422     5.3926     69.455  39.866047     37.374      8.445   196.9972     4.5168     2.1927     0.0254      0.002      0.051      0.074        168 4.2857e+01 0.0000e+00
      0.054    28.3529     5.3552     68.988  39.929868     37.444      8.445   205.0229     4.5127     2.2196     0.0255      0.000      0.053      0.076        169 4.2157e+01 0.0000e+00
      0.054    28.3640     5.3275     68.635  39.873993     37.357      8.447   205.0608     4.5208     2.0719     0.0254     -0.001      0.053      0.077        170 4.1169e+01 0.0000e+00
