Data/DataNotYetUploadedToEDI/Raw_CTD/RawDownloads/080918_fcr50.cnv
* Sea-Bird SBE19plus  Data File:
* FileName = C:\DATA\080918_bvr50_0003.hex
* Software version 2.6.3.104
* Temperature SN = 7809
* Conductivity SN = 7809
* System UpLoad Time = Aug 09 2018 20:25:44
* <ApplicationData>
* <Seaterm232>
# nquan = 17
# nvalues = 721                         
# units = specified
# name 0 = depFM: Depth [fresh water, m]
# name 1 = tv290C: Temperature [ITS-90, deg C]
# name 2 = sbeox0Mg/L: Oxygen, SBE 43 [mg/l]
# name 3 = sbeox0PS: Oxygen, SBE 43 [% saturation]
# name 4 = c0uS/cm: Conductivity [uS/cm]
# name 5 = specc: Specific Conductance [uS/cm]
# name 6 = ph: pH
# name 7 = orp: Oxidation Reduction Potential [mV]
# name 8 = flECO-AFL: Fluorescence, WET Labs ECO-AFL/FL [mg/m^3]
# name 9 = turbWETntu0: Turbidity, WET Labs ECO [NTU]
# name 10 = sal00: Salinity, Practical [PSU]
# name 11 = dz/dtM: Descent Rate [m/s]
# name 12 = prdM: Pressure, Strain Gauge [db]
# name 13 = prdE: Pressure, Strain Gauge [psi]
# name 14 = scan: Scan Count
# name 15 = par/sat/log: PAR/Logarithmic, Satlantic
# name 16 = flag:  0.000e+00
# span 0 =     -0.558,      9.610       
# span 1 =    11.4801,    34.9334       
# span 2 =    -0.0405,     9.5083       
# span 3 =     -0.375,    120.905       
# span 4 =   0.405140, 123.588512       
# span 5 =      0.518,    169.609       
# span 6 =      6.054,      8.262       
# span 7 = -1035.7485,   270.4024       
# span 8 =    -0.2021,     5.7824       
# span 9 =    -0.9494,    28.6458       
# span 10 =     0.0149,     0.0799      
# span 11 =     -0.110,      0.214      
# span 12 =     -0.547,      9.423      
# span 13 =     -0.793,     13.667      
# span 14 =          1,        721      
# span 15 = 1.2090e-01, 2.2127e+03      
# span 16 = 0.0000e+00, 0.0000e+00      
# interval = seconds: 0.25
# start_time = Aug 09 2018 17:53:55 [Instrument's time stamp, header]
# bad_flag = -9.990e-29
*END*
[from data line 511]
      6.087    11.9557     0.3556      3.297  44.901369     60.840      6.135   267.6767     0.7683    17.5543     0.0304      0.036      5.970      8.658        512 9.4994e-01 0.0000e+00
      6.091    11.9620     0.3920      3.632  44.257696     59.867      6.136   267.6388     0.8128    17.5274     0.0300      0.036      5.974      8.664        513 9.5759e-01 0.0000e+00
      6.096    11.9618     0.4150      3.843  44.211006     59.827      6.137   267.9038     0.7966    17.5140     0.0300      0.032      5.979      8.673        514 9.4929e-01 0.0000e+00
      6.104    11.9654     0.4226      3.914  44.217659     59.819      6.139   267.1467     0.7926    17.5140     0.0300      0.027      5.986      8.683        515 9.3650e-01 0.0000e+00
      6.114    11.9682     0.4181      3.871  43.923025     59.403      6.139   267.1845     0.7805    17.8766     0.0298      0.023      5.996      8.696        516 8.8910e-01 0.0000e+00
      6.125    11.9786     0.3873      3.587  43.628189     59.018      6.142   267.1088     0.7764    17.9706     0.0296      0.024      6.006      8.711        517 8.5850e-01 0.0000e+00
      6.135    11.9942     0.3412      3.159  42.834002     57.956      6.140   267.5631     0.8007    18.0377     0.0292      0.027      6.015      8.725        518 8.8057e-01 0.0000e+00
      6.142    12.0035     0.2825      2.616  42.626766     57.523      6.144   268.1688     0.7481    17.8766     0.0290      0.030      6.022      8.735        519 8.5962e-01 0.0000e+00
      6.144    12.0067     0.2219      2.055  43.322357     58.670      6.149   266.4652     0.7683    17.9303     0.0295      0.031      6.030      8.746        520 8.3706e-01 0.0000e+00
      6.161    11.9926     0.1675      1.551  43.392500     58.542      6.149   267.3360     0.7441    17.8094     0.0295      0.034      6.046      8.770        521 8.1485e-01 0.0000e+00
      6.192    11.9558     0.1143      1.058  44.913143     60.615      6.144   267.8660     0.7926    17.9840     0.0304      0.041      6.071      8.805        522 7.6037e-01 0.0000e+00
      6.218    11.9243     0.0767      0.710  47.334853     64.114      6.142   268.9260     0.7845    18.0108     0.0319      0.051      6.094      8.838        523 7.2647e-01 0.0000e+00
      6.230    11.9099     0.0538      0.498  47.708194     64.483      6.141   268.3960     0.7683    17.4066     0.0321      0.057      6.108      8.859        524 7.1630e-01 0.0000e+00
      6.238    11.9013     0.0379      0.351  47.564399     64.423      6.138   267.2602     0.7845    17.5006     0.0320      0.061      6.120      8.877        525 6.9197e-01 0.0000e+00
      6.257    11.8981     0.0350      0.324  47.543499     64.411      6.137   266.9952     0.7966    17.5140     0.0320      0.066      6.134      8.897        526 6.7996e-01 0.0000e+00
      6.270    11.9040     0.0397      0.368  47.526480     64.349      6.133   266.0110     0.7926    17.5274     0.0320      0.068      6.147      8.915        527 6.8993e-01 0.0000e+00
      6.273    11.9040     0.0418      0.386  47.437201     64.356      6.133   257.3416     0.7521    17.4872     0.0320      0.065      6.157      8.930        528 6.7106e-01 0.0000e+00
      6.294    11.8947     0.0439      0.406  46.645625     63.132      6.128   249.5809     0.7724    17.7423     0.0314      0.059      6.174      8.955        529 6.3409e-01 0.0000e+00
      6.320    11.8934     0.0533      0.493  45.989156     62.336      6.126   242.7287     0.7845    17.7289     0.0311      0.056      6.193      8.982        530 6.1436e-01 0.0000e+00
      6.329    11.9016     0.0580      0.537  45.850479     62.088      6.126   239.3595     0.7602    17.6751     0.0310      0.055      6.206      9.001        531 6.1062e-01 0.0000e+00
      6.336    11.9043     0.0598      0.554  45.898298     62.241      6.123   236.3309     0.8168    17.7289     0.0310      0.056      6.214      9.013        532 6.1279e-01 0.0000e+00
      6.345    11.9002     0.0671      0.622  45.662582     61.848      6.123   233.2644     0.7966    18.1854     0.0309      0.054      6.221      9.023        533 6.0828e-01 0.0000e+00
      6.350    11.8953     0.0733      0.679  45.372302     61.464      6.126   231.5230     0.8047    18.1585     0.0307      0.049      6.226      9.031        534 5.4707e-01 0.0000e+00
      6.353    11.8815     0.0753      0.698  45.399005     61.511      6.125   229.6301     0.7683    18.1585     0.0307      0.044      6.231      9.037        535 5.3863e-01 0.0000e+00
      6.359    11.8658     0.0823      0.762  45.332615     61.441      6.131   227.6994     0.7562    18.1720     0.0307      0.039      6.237      9.046        536 5.8565e-01 0.0000e+00
      6.367    11.8662     0.0919      0.851  45.247215     61.314      6.130   224.6330     0.7805    18.1988     0.0306      0.031      6.244      9.056        537 5.5495e-01 0.0000e+00
      6.376    11.8688     0.0904      0.836  45.386600     61.568      6.133   223.0051     0.7643    18.1854     0.0307      0.025      6.252      9.068        538 5.4889e-01 0.0000e+00
      6.382    11.8683     0.0910      0.841  45.307527     61.454      6.137   223.8380     0.7805    18.1720     0.0307      0.025      6.259      9.078        539 5.4977e-01 0.0000e+00
      6.390    11.8850     0.0955      0.882  45.375294     61.485      6.137   221.9451     0.7845    18.0377     0.0307      0.026      6.268      9.091        540 5.2012e-01 0.0000e+00
      6.404    11.9011     0.0957      0.884  45.658347     61.982      6.136   220.3173     0.7683    18.2794     0.0309      0.028      6.278      9.106        541 5.2854e-01 0.0000e+00
      6.411    11.9058     0.0882      0.815  45.489394     61.610      6.138   218.1973     0.8088    18.4405     0.0308      0.031      6.287      9.119        542 5.2580e-01 0.0000e+00
      6.419    11.9088     0.0912      0.842  45.259136     61.357      6.140   217.4401     0.7926    18.4271     0.0307      0.033      6.296      9.131        543 5.0378e-01 0.0000e+00
      6.431    11.9120     0.0835      0.771  45.173382     61.160      6.142   218.5758     0.7724    18.3600     0.0306      0.035      6.306      9.146        544 4.7733e-01 0.0000e+00
      6.439    11.9130     0.0748      0.691  44.943301     60.927      6.141   216.4180     0.8654    18.8165     0.0305      0.036      6.315      9.159        545 4.8672e-01 0.0000e+00
      6.448    11.9041     0.0749      0.691  44.744299     60.544      6.145   215.0172     0.8613    18.7628     0.0303      0.036      6.324      9.172        546 5.0418e-01 0.0000e+00
      6.455    11.8800     0.0733      0.677  44.708889     60.616      6.145   214.1465     0.8532    18.7897     0.0303      0.036      6.335      9.188        547 4.6448e-01 0.0000e+00
      6.475    11.8467     0.0715      0.660  44.423592     60.140      6.142   212.2915     0.8452    18.8837     0.0301      0.038      6.352      9.213        548 4.4603e-01 0.0000e+00
      6.502    11.8253     0.0653      0.603  43.408067     58.927      6.143   213.5787     0.8532    18.7628     0.0296      0.044      6.374      9.244        549 4.4376e-01 0.0000e+00
      6.520    11.8142     0.0663      0.612  42.916581     58.072      6.145   213.0487     0.8573    18.7225     0.0292      0.051      6.394      9.274        550 4.2534e-01 0.0000e+00
      6.538    11.7992     0.0722      0.666  43.195669     58.826      6.145   212.4808     0.8330    18.7359     0.0295      0.058      6.412      9.301        551 4.2447e-01 0.0000e+00
      6.560    11.7829     0.0739      0.682  42.586045     57.704      6.150   210.5501     0.8654    18.8568     0.0290      0.065      6.432      9.329        552 3.9258e-01 0.0000e+00
      6.578    11.7721     0.0713      0.658  42.132442     57.310      6.149   209.8687     0.8492    18.7091     0.0288      0.072      6.452      9.359        553 3.6286e-01 0.0000e+00
      6.602    11.7669     0.0705      0.651  42.454722     57.640      6.151   209.8687     0.9139    19.1388     0.0290      0.078      6.475      9.392        554 3.6774e-01 0.0000e+00
      6.630    11.7640     0.0675      0.623  42.481671     57.846      6.152   209.7551     0.8896    18.9777     0.0290      0.083      6.496      9.422        555 3.7456e-01 0.0000e+00
      6.641    11.7623     0.0672      0.620  42.336261     57.475      6.149   209.1872     0.8977    19.0448     0.0289      0.082      6.510      9.442        556 3.7127e-01 0.0000e+00
      6.644    11.7612     0.0733      0.676  42.309327     57.631      6.149   208.4679     0.9058    19.0045     0.0290      0.076      6.521      9.457        557 3.4036e-01 0.0000e+00
      6.666    11.7600     0.0646      0.596  42.188834     57.291      6.149   208.3544     0.9018    18.9777     0.0288      0.073      6.541      9.487        558 3.0931e-01 0.0000e+00
      6.701    11.7582     0.0662      0.611  42.308201     57.597      6.147   206.1208     0.9422    19.0985     0.0289      0.074      6.569      9.528        559 3.1179e-01 0.0000e+00
      6.728    11.7568     0.0616      0.569  42.279454     57.485      6.146   205.9315     0.9139    18.9911     0.0289      0.077      6.595      9.565        560 3.1253e-01 0.0000e+00
      6.746    11.7556     0.0677      0.625  42.343285     57.564      6.145   205.7801     0.8977    19.0851     0.0289      0.079      6.615      9.594        561 3.1058e-01 0.0000e+00
      6.762    11.7541     0.0696      0.642  42.495786     57.870      6.146   206.3101     0.9867    20.1190     0.0291      0.080      6.631      9.618        562 3.1031e-01 0.0000e+00
      6.778    11.7532     0.0682      0.630  42.238017     57.378      6.144   205.8179     1.0029    20.0653     0.0288      0.080      6.646      9.639        563 2.9899e-01 0.0000e+00
      6.790    11.7529     0.0662      0.611  42.130034     57.381      6.145   202.3729     0.9988    20.1056     0.0288      0.081      6.657      9.656        564 3.0048e-01 0.0000e+00
      6.799    11.7525     0.0692      0.638  42.007124     57.077      6.145   202.5243     0.9826    20.0250     0.0287      0.077      6.668      9.672        565 2.6015e-01 0.0000e+00
      6.812    11.7511     0.0662      0.611  41.975617     57.154      6.146   203.0165     1.1080    20.4547     0.0287      0.068      6.685      9.697        566 2.4647e-01 0.0000e+00
      6.842    11.7507     0.0671      0.619  41.931896     57.002      6.142   204.6444     1.1201    20.4950     0.0287      0.062      6.711      9.734        567 2.7387e-01 0.0000e+00
      6.876    11.7499     0.0691      0.638  41.942860     57.081      6.142   204.4172     1.1242    20.5219     0.0287      0.065      6.740      9.776        568 2.2721e-01 0.0000e+00
      6.900    11.7498     0.0675      0.623  42.080648     57.233      6.140   201.9565     1.0999    20.4950     0.0288      0.073      6.762      9.808        569 2.2579e-01 0.0000e+00
      6.911    11.7527     0.0657      0.606  42.057109     57.235      6.138   201.8808     1.2980    20.6696     0.0288      0.077      6.776      9.829        570 2.4026e-01 0.0000e+00
      6.920    11.7521     0.0606      0.559  42.031492     57.159      6.138   202.3729     1.2819    20.6293     0.0287      0.078      6.791      9.850        571 1.9243e-01 0.0000e+00
      6.946    11.7472     0.0676      0.623  42.053191     57.230      6.134   202.5243     1.2900    20.7367     0.0288      0.081      6.812      9.880        572 1.9402e-01 0.0000e+00
      6.972    11.7431     0.0667      0.615  42.089441     57.231      6.133   203.5465     1.3021    20.6964     0.0288      0.084      6.833      9.910        573 2.3117e-01 0.0000e+00
      6.983    11.7427     0.0679      0.626  42.164391     57.391      6.128   202.8651     1.2819    20.6830     0.0288      0.080      6.847      9.931        574 2.2799e-01 0.0000e+00
      6.992    11.7485     0.0642      0.592  42.137930     57.321      6.129   202.2215     1.3142    20.6696     0.0288      0.072      6.858      9.947        575 2.2163e-01 0.0000e+00
      7.006    11.7527     0.0699      0.645  42.122374     57.322      6.130   202.2593     1.2819    20.6427     0.0288      0.065      6.870      9.965        576 2.1873e-01 0.0000e+00
      7.019    11.7493     0.0686      0.633  42.183750     57.389      6.130   202.2972     1.3061    20.7233     0.0288      0.061      6.885      9.986        577 1.8802e-01 0.0000e+00
      7.038    11.7431     0.0670      0.618  42.120882     57.306      6.132   202.5243     1.2980    20.7233     0.0288      0.062      6.903     10.011        578 2.0840e-01 0.0000e+00
      7.059    11.7394     0.0709      0.654  42.081936     57.236      6.132   202.2972     1.2172    20.9516     0.0288      0.062      6.919     10.035        579 1.9336e-01 0.0000e+00
      7.066    11.7391     0.0644      0.594  42.113546     57.321      6.127   203.7358     1.2253    20.9113     0.0288      0.058      6.927     10.047        580 1.7062e-01 0.0000e+00
      7.066    11.7382     0.0661      0.609  42.140884     57.328      6.128   203.7358     1.2212    20.9113     0.0288      0.052      6.931     10.052        581 2.0359e-01 0.0000e+00
      7.070    11.7358     0.0581      0.536  42.166590     57.403      6.126   203.4329     1.2455    20.9650     0.0288      0.048      6.940     10.065        582 2.0221e-01 0.0000e+00
      7.094    11.7323     0.0640      0.590  42.140894     57.329      6.124   203.7736     1.1606    20.9918     0.0288      0.047      6.962     10.097        583 1.8760e-01 0.0000e+00
      7.134    11.7296     0.0554      0.511  42.321208     57.599      6.115   203.8494     1.0756    20.8173     0.0289      0.053      6.991     10.141        584 1.8093e-01 0.0000e+00
      7.156    11.7285     0.0592      0.546  42.446565     57.795      6.115   205.7801     1.0918    20.8978     0.0290      0.060      7.016     10.177        585 1.6998e-01 0.0000e+00
      7.175    11.7271     0.0578      0.532  42.578271     57.914      6.113   205.0986     1.0837    20.8173     0.0291      0.066      7.035     10.203        586 1.5080e-01 0.0000e+00
      7.190    11.7298     0.0568      0.524  42.810029     58.333      6.114   204.2279     1.1970    20.6427     0.0292      0.072      7.048     10.222        587 1.6956e-01 0.0000e+00
      7.194    11.7332     0.0596      0.550  42.632858     57.993      6.112   204.7201     1.1686    20.6830     0.0291      0.076      7.058     10.237        588 1.6971e-01 0.0000e+00
      7.210    11.7295     0.0638      0.588  42.739417     58.180      6.112   204.6444     1.1646    20.6830     0.0292      0.077      7.073     10.257        589 1.4086e-01 0.0000e+00
      7.232    11.7256     0.0671      0.618  43.152134     58.744      6.111   205.6286     1.1767    20.6696     0.0294      0.075      7.089     10.281        590 1.3114e-01 0.0000e+00
      7.240    11.7257     0.0669      0.617  43.128012     58.713      6.109   205.1365     1.0271    21.1798     0.0294      0.066      7.100     10.297        591 1.3530e-01 0.0000e+00
      7.246    11.7243     0.0694      0.640  43.095803     58.643      6.108   205.2879     1.0554    21.2738     0.0294      0.055      7.111     10.314        592 1.3109e-01 0.0000e+00
      7.268    11.7207     0.0698      0.644  43.192218     58.833      6.111   205.1365     1.0352    21.1396     0.0295      0.052      7.130     10.341        593 1.2705e-01 0.0000e+00
      7.295    11.7162     0.0672      0.620  43.156377     58.721      6.110   205.0608     1.0312    21.0724     0.0294      0.056      7.155     10.377        594 1.3542e-01 0.0000e+00
      7.323    11.7120     0.0654      0.603  43.199748     58.841      6.107   205.2879     1.0231    21.1261     0.0295      0.063      7.182     10.416        595 1.3526e-01 0.0000e+00
