Data/DataNotYetUploadedToEDI/Raw_CTD/RawDownloads/080918_fcr45.cnv
* Sea-Bird SBE19plus  Data File:
* FileName = C:\DATA\080918_bvr50_0007.hex
* Software version 2.6.3.104
* Temperature SN = 7809
* Conductivity SN = 7809
* System UpLoad Time = Aug 09 2018 20:26:51
* <ApplicationData>
* <Seaterm232>
# nquan = 17
# nvalues = 549                         
# units = specified
# name 0 = depFM: Depth [fresh water, m]
# name 1 = tv290C: Temperature [ITS-90, deg C]
# name 2 = sbeox0Mg/L: Oxygen, SBE 43 [mg/l]
# name 3 = sbeox0PS: Oxygen, SBE 43 [% saturation]
# name 4 = c0uS/cm: Conductivity [uS/cm]
# name 5 = specc: Specific Conductance [uS/cm]
# name 6 = ph: pH
# name 7 = orp: Oxidation Reduction Potential [mV]
# name 8 = flECO-AFL: Fluorescence, WET Labs ECO-AFL/FL [mg/m^3]
# name 9 = turbWETntu0: Turbidity, WET Labs ECO [NTU]
# name 10 = sal00: Salinity, Practical [PSU]
# name 11 = dz/dtM: Descent Rate [m/s]
# name 12 = prdM: Pressure, Strain Gauge [db]
# name 13 = prdE: Pressure, Strain Gauge [psi]
# name 14 = scan: Scan Count
# name 15 = par/sat/log: PAR/Logarithmic, Satlantic
# name 16 = flag:  0.000e+00
# span 0 =     -0.583,      7.248       
# span 1 =    11.7190,    28.8867       
# span 2 =    -0.0007,     9.6468       
# span 3 =     -0.006,    123.912       
# span 4 =   0.735573,  42.411895       
# span 5 =      0.752,     57.782       
# span 6 =      6.132,      8.532       
# span 7 = -1044.7585,   257.4552       
# span 8 =    -1.0311,     6.3647       
# span 9 =    -5.2598,    23.8386       
# span 10 =     0.0114,     0.0290      
# span 11 =     -0.014,      0.253      
# span 12 =     -0.571,      7.108      
# span 13 =     -0.828,     10.309      
# span 14 =          1,        549      
# span 15 = 1.2323e-01, 1.7278e+03      
# span 16 = 0.0000e+00, 0.0000e+00      
# interval = seconds: 0.25
# start_time = Aug 09 2018 21:12:31 [Instrument's time stamp, header]
# bad_flag = -9.990e-29
*END*
[from data line 256]
      0.488    27.5032     9.3400    117.996  37.890431     36.127      8.513   163.1528     3.6757     2.2733     0.0247     -0.002      0.479      0.694        257 4.2850e+02 0.0000e+00
      0.487    27.5038     9.3513    118.132  37.865529     36.050      8.514   163.3799     3.6838     2.1927     0.0247     -0.002      0.477      0.692        258 4.0950e+02 0.0000e+00
      0.487    27.4730     9.3587    118.242  37.881372     36.092      8.516   164.0614     3.6919     2.1793     0.0247     -0.001      0.477      0.692        259 4.1131e+02 0.0000e+00
      0.486    27.4251     9.3697    118.430  37.811385     35.984      8.518   163.6071     3.6959     2.3002     0.0247     -0.001      0.477      0.692        260 4.1003e+02 0.0000e+00
      0.486    27.3853     9.3880    118.711  37.774663     36.006      8.517   163.6450     3.7444     2.1793     0.0247     -0.001      0.478      0.693        261 4.0919e+02 0.0000e+00
      0.488    27.3669     9.3964    118.837  37.749123     35.985      8.522   163.4935     3.7404     2.1793     0.0247     -0.001      0.478      0.693        262 4.2550e+02 0.0000e+00
      0.486    27.3633     9.4127    119.058  37.724550     36.013      8.524   163.7964     3.7687     2.2196     0.0247     -0.001      0.476      0.690        263 4.7401e+02 0.0000e+00
      0.481    27.3632     9.4380    119.392  37.745942     36.025      8.523   163.8342     3.7687     2.3270     0.0247     -0.002      0.471      0.684        264 5.4759e+02 0.0000e+00
      0.475    27.3650     9.4534    119.596  37.781833     36.081      8.524   164.2885     3.7525     2.3270     0.0247     -0.004      0.467      0.678        265 4.5669e+02 0.0000e+00
      0.473    27.3651     9.4563    119.654  37.798530     36.082      8.523   164.2885     3.7364     2.2599     0.0247     -0.006      0.465      0.675        266 4.3297e+02 0.0000e+00
      0.476    27.3637     9.4366    119.419  37.784484     36.080      8.522   164.0614     3.7485     2.1927     0.0247     -0.007      0.468      0.679        267 4.7056e+02 0.0000e+00
      0.482    27.3615     9.4062    119.023  37.739991     36.027      8.525   164.9321     3.7525     2.3539     0.0247     -0.005      0.473      0.685        268 4.0643e+02 0.0000e+00
      0.486    27.3689     9.3749    118.578  37.794580     36.081      8.527   165.3485     3.7525     2.1524     0.0247     -0.003      0.475      0.689        269 4.1324e+02 0.0000e+00
      0.485    27.3923     9.3526    118.188  37.835192     36.136      8.527   165.2728     3.8253     2.2196     0.0247     -0.001      0.473      0.687        270 4.4037e+02 0.0000e+00
      0.477    27.4150     9.3184    117.712  37.808092     36.077      8.525   165.4242     3.7889     2.2599     0.0247      0.001      0.468      0.678        271 4.5965e+02 0.0000e+00
      0.469    27.4250     9.2801    117.203  37.828301     36.115      8.528   165.6892     3.7889     2.2464     0.0247     -0.000      0.461      0.668        272 4.0200e+02 0.0000e+00
      0.463    27.4318     9.2493    116.767  37.810032     36.045      8.524   165.2350     3.8294     2.2733     0.0247     -0.004      0.456      0.661        273 3.8958e+02 0.0000e+00
      0.462    27.4382     9.2298    116.486  37.830817     36.092      8.530   165.5000     3.8213     2.1927     0.0247     -0.008      0.454      0.659        274 4.8826e+02 0.0000e+00
      0.463    27.4427     9.2385    116.538  37.861749     36.087      8.529   165.4242     3.8172     2.2599     0.0247     -0.011      0.455      0.660        275 4.4341e+02 0.0000e+00
      0.465    27.4529     9.2692    116.813  37.890176     36.136      8.529   165.8407     3.7889     2.2062     0.0247     -0.013      0.456      0.661        276 4.2349e+02 0.0000e+00
      0.467    27.4588     9.3051    117.157  37.854758     36.080      8.530   165.8407     3.8011     2.1927     0.0247     -0.011      0.458      0.665        277 3.9536e+02 0.0000e+00
      0.470    27.4546     9.3398    117.504  37.846501     36.073      8.531   166.2950     3.8981     2.2867     0.0247     -0.006      0.462      0.670        278 3.9565e+02 0.0000e+00
      0.475    27.4288     9.3929    118.087  37.900449     36.121      8.532   166.4085     3.8658     2.2464     0.0247      0.000      0.468      0.679        279 3.9582e+02 0.0000e+00
      0.487    27.3818     9.4469    118.674  37.846942     36.072      8.527   166.6735     3.8536     2.2464     0.0247      0.008      0.478      0.693        280 4.5417e+02 0.0000e+00
      0.500    27.3585     9.4969    119.158  37.794449     36.035      8.524   166.9007     3.8779     2.1793     0.0247      0.016      0.490      0.710        281 5.6774e+02 0.0000e+00
      0.510    27.3465     9.5295    119.438  37.787822     36.070      8.520   167.1278     3.8779     2.2867     0.0247      0.023      0.501      0.727        282 4.2489e+02 0.0000e+00
      0.525    27.3245     9.5412    119.491  37.736566     36.031      8.516   167.3550     3.8577     2.3404     0.0247      0.030      0.515      0.747        283 3.3495e+02 0.0000e+00
      0.542    27.3076     9.5300    119.307  37.739608     36.039      8.512   167.6200     3.8860     2.2867     0.0247      0.038      0.530      0.769        284 4.0393e+02 0.0000e+00
      0.555    27.2785     9.5084    119.017  37.784045     36.108      8.507   167.7714     3.8779     2.2196     0.0247      0.045      0.547      0.793        285 4.3650e+02 0.0000e+00
      0.577    27.2260     9.4754    118.568  37.740596     36.066      8.508   168.1121     4.0841     2.3002     0.0247      0.052      0.568      0.824        286 3.5127e+02 0.0000e+00
      0.606    27.1744     9.4573    118.238  37.675048     36.032      8.500   168.9450     4.0558     2.2733     0.0247      0.061      0.594      0.861        287 3.3587e+02 0.0000e+00
      0.632    27.1310     9.4539    118.022  37.628352     36.016      8.501   169.2857     4.0720     2.2196     0.0246      0.069      0.620      0.898        288 3.6250e+02 0.0000e+00
      0.657    27.0921     9.4498    117.771  37.620771     36.051      8.500   169.8535     4.0720     2.2599     0.0246      0.078      0.644      0.933        289 3.5122e+02 0.0000e+00
      0.679    27.0465     9.4341    117.397  37.625187     36.081      8.499   170.0807     4.0882     2.2464     0.0246      0.085      0.667      0.968        290 3.3895e+02 0.0000e+00
      0.705    26.9813     9.4030    116.797  37.622879     36.109      8.501   170.5350     4.3429     2.2464     0.0246      0.091      0.693      1.006        291 2.9185e+02 0.0000e+00
      0.739    26.9197     9.3462    115.724  37.534684     36.058      8.491   171.6707     4.3348     2.2062     0.0246      0.098      0.723      1.049        292 2.7760e+02 0.0000e+00
      0.769    26.8776     9.2570    114.165  37.438365     35.998      8.495   171.8221     4.3348     2.2062     0.0246      0.104      0.749      1.087        293 2.9051e+02 0.0000e+00
      0.783    26.8560     9.1530    112.466  37.475834     36.093      8.496   171.7464     4.3510     2.4210     0.0246      0.103      0.768      1.114        294 2.8966e+02 0.0000e+00
      0.798    26.8472     9.0361    110.729  37.488084     36.123      8.502   171.0271     4.5734     2.2867     0.0246      0.098      0.786      1.139        295 2.5743e+02 0.0000e+00
      0.824    26.8296     8.9172    109.058  37.423140     36.084      8.506   172.0114     4.5613     2.2733     0.0246      0.096      0.810      1.174        296 2.4421e+02 0.0000e+00
      0.854    26.7811     8.8331    107.886  37.378707     36.036      8.508   172.5793     4.6219     2.2867     0.0246      0.095      0.840      1.219        297 2.3482e+02 0.0000e+00
      0.892    26.6996     8.8073    107.435  37.365428     36.048      8.509   173.0714     4.5936     2.2733     0.0246      0.098      0.876      1.270        298 2.3282e+02 0.0000e+00
      0.932    26.6056     8.8145    107.383  37.202397     35.920      8.508   172.9578     4.7837     2.2062     0.0245      0.103      0.911      1.321        299 2.2743e+02 0.0000e+00
      0.961    26.5219     8.8419    107.586  37.018082     35.787      8.507   173.2985     4.7594     2.1927     0.0244      0.108      0.944      1.368        300 2.1599e+02 0.0000e+00
      0.993    26.4187     8.8778    107.872  36.942326     35.799      8.509   173.9043     4.7675     2.3270     0.0244      0.115      0.979      1.420        301 2.0592e+02 0.0000e+00
      1.043    26.2452     8.8894    107.875  36.851825     35.749      8.498   175.5321     4.7675     2.2867     0.0244      0.129      1.026      1.489        302 1.8695e+02 0.0000e+00
      1.104    26.0260     8.8822    107.667  36.537570     35.547      8.470   176.1378     5.2082     2.4479     0.0242      0.146      1.082      1.570        303 1.7550e+02 0.0000e+00
      1.163    25.8247     8.8337    106.948  36.028475     35.123      8.449   176.9707     5.2244     2.3941     0.0240      0.161      1.138      1.650        304 1.6193e+02 0.0000e+00
      1.212    25.6746     8.7368    105.641  35.824583     35.110      8.419   179.2800     5.2082     2.4344     0.0240      0.175      1.188      1.723        305 1.5066e+02 0.0000e+00
      1.260    25.5686     8.6080    103.951  35.842342     35.250      8.377   179.9236     5.2082     2.4613     0.0240      0.185      1.232      1.788        306 1.4536e+02 0.0000e+00
      1.299    25.4938     8.4244    101.613  35.709890     35.243      8.340   180.0371     5.8027     2.4344     0.0239      0.191      1.268      1.841        307 1.3986e+02 0.0000e+00
      1.322    25.4255     8.1832     98.599  35.663257     35.235      8.312   180.3779     5.7582     2.3404     0.0239      0.190      1.293      1.876        308 1.3433e+02 0.0000e+00
      1.334    25.3549     7.9342     95.472  35.722483     35.397      8.293   182.0814     5.7622     2.4344     0.0239      0.176      1.311      1.901        309 1.3453e+02 0.0000e+00
      1.353    25.2874     7.7105     92.603  35.665880     35.334      8.280   183.6336     5.7582     2.3941     0.0239      0.153      1.331      1.931        310 1.2979e+02 0.0000e+00
      1.384    25.2127     7.5239     90.117  35.704075     35.467      8.260   184.2772     5.6530     2.3404     0.0239      0.131      1.359      1.971        311 1.2447e+02 0.0000e+00
      1.419    25.1429     7.3429     87.648  35.734302     35.514      8.236   184.6557     5.6692     2.4210     0.0239      0.115      1.392      2.019        312 1.2459e+02 0.0000e+00
      1.455    25.0813     7.1085     84.612  35.717273     35.568      8.209   185.0722     5.6409     2.4747     0.0239      0.108      1.428      2.071        313 1.1407e+02 0.0000e+00
      1.495    25.0151     6.7508     80.141  35.725303     35.617      8.176   185.8672     5.6450     2.4881     0.0239      0.108      1.465      2.125        314 1.0898e+02 0.0000e+00
      1.531    24.9462     6.3409     75.218  35.754000     35.689      8.142   186.6243     5.6450     2.4479     0.0240      0.115      1.502      2.179        315 1.0554e+02 0.0000e+00
      1.570    24.8776     5.8805     69.785  35.770566     35.764      8.113   187.0786     5.2770     2.1793     0.0240      0.126      1.537      2.230        316 1.0022e+02 0.0000e+00
      1.604    24.8129     5.4351     64.609  35.734378     35.757      8.085   187.0786     5.2689     2.2464     0.0240      0.137      1.568      2.275        317 9.8786e+01 0.0000e+00
      1.623    24.7558     5.0594     60.182  35.769412     35.863      8.068   187.1164     5.2608     2.1927     0.0240      0.138      1.591      2.308        318 9.6514e+01 0.0000e+00
      1.640    24.6820     4.7945     56.927  35.845633     35.965      8.051   187.4950     5.2527     2.2196     0.0240      0.131      1.610      2.335        319 9.4591e+01 0.0000e+00
      1.663    24.5814     4.6972     55.618  35.906477     36.091      8.034   188.0250     5.1759     2.1793     0.0240      0.121      1.632      2.368        320 9.1533e+01 0.0000e+00
      1.690    24.4309     4.7202     55.763  35.960648     36.172      8.016   188.9336     5.2123     2.3002     0.0241      0.112      1.661      2.409        321 8.8178e+01 0.0000e+00
      1.728    24.2542     4.7834     56.366  36.193475     36.500      7.994   191.3186     5.2244     2.3136     0.0242      0.107      1.698      2.462        322 8.3393e+01 0.0000e+00
      1.778    24.0946     4.8265     56.743  36.417562     36.834      7.951   192.8329     5.2002     2.2733     0.0243      0.109      1.738      2.522        323 7.9173e+01 0.0000e+00
      1.811    23.9631     4.8176     56.530  36.363997     36.916      7.921   192.9465     5.3457     2.3941     0.0242      0.114      1.769      2.567        324 7.8032e+01 0.0000e+00
      1.824    23.9135     4.7023     55.083  36.319536     36.972      7.894   193.5900     5.3498     2.5284     0.0242      0.116      1.788      2.594        325 7.5879e+01 0.0000e+00
      1.838    23.9427     4.5252     52.926  36.383995     37.165      7.872   192.6057     5.3457     2.5553     0.0243      0.117      1.800      2.611        326 7.5016e+01 0.0000e+00
      1.845    24.0260     4.2928     50.137  36.313498     37.110      7.854   193.6279     5.3255     2.3673     0.0242      0.111      1.811      2.626        327 7.4664e+01 0.0000e+00
      1.857    24.0619     4.0531     47.263  36.259000     37.037      7.835   193.8550     6.0493     2.4613     0.0242      0.098      1.827      2.650        328 7.1342e+01 0.0000e+00
      1.890    23.9639     3.8247     44.530  36.244194     36.968      7.813   194.1958     5.9927     2.4210     0.0242      0.088      1.855      2.690        329 6.7897e+01 0.0000e+00
      1.928    23.8211     3.6104     41.985  36.124284     36.800      7.792   194.3093     6.0170     2.4613     0.0241      0.082      1.888      2.737        330 6.5441e+01 0.0000e+00
      1.955    23.6952     3.3846     39.343  36.111632     36.873      7.775   194.6879     6.0170     2.5016     0.0241      0.079      1.916      2.778        331 6.3514e+01 0.0000e+00
      1.979    23.5628     3.2297     37.542  36.052366     36.927      7.757   194.8772     6.3122     2.4076     0.0241      0.084      1.940      2.813        332 6.1798e+01 0.0000e+00
      2.001    23.4386     3.1308     36.374  35.901519     36.847      7.747   194.6500     6.3283     2.3673     0.0241      0.093      1.964      2.848        333 6.0137e+01 0.0000e+00
      2.027    23.3382     3.0747     35.667  35.884207     36.950      7.730   196.6943     6.3283     2.4479     0.0241      0.100      1.991      2.888        334 5.7740e+01 0.0000e+00
      2.064    23.2470     3.0544     35.374  35.836706     36.986      7.708   197.8679     6.3485     2.5419     0.0240      0.109      2.024      2.935        335 5.5418e+01 0.0000e+00
      2.099    23.1654     3.0531     35.310  35.723425     36.948      7.679   198.6251     6.3647     2.4881     0.0240      0.114      2.057      2.983        336 5.3471e+01 0.0000e+00
      2.129    23.0897     3.0302     34.988  35.639680     36.930      7.655   199.0036     6.3445     2.4210     0.0240      0.113      2.087      3.027        337 5.1460e+01 0.0000e+00
      2.157    23.0081     3.0003     34.543  35.525758     36.877      7.628   199.4579     6.3243     2.4210     0.0239      0.114      2.117      3.070        338 4.9557e+01 0.0000e+00
      2.191    22.9246     2.9647     34.058  35.479686     36.876      7.603   200.9722     6.3000     2.3941     0.0239      0.118      2.148      3.115        339 4.7333e+01 0.0000e+00
      2.223    22.8644     2.9077     33.311  35.459793     36.940      7.571   200.8965     6.3283     2.4747     0.0239      0.123      2.175      3.155        340 4.6106e+01 0.0000e+00
