Data/DataNotYetUploadedToEDI/Raw_CTD/RawDownloads/080918_fcr50.cnv
* Sea-Bird SBE19plus  Data File:
* FileName = C:\DATA\080918_bvr50_0003.hex
* Software version 2.6.3.104
* Temperature SN = 7809
* Conductivity SN = 7809
* System UpLoad Time = Aug 09 2018 20:25:44
* <ApplicationData>
* <Seaterm232>
# nquan = 17
# nvalues = 721                         
# units = specified
# name 0 = depFM: Depth [fresh water, m]
# name 1 = tv290C: Temperature [ITS-90, deg C]
# name 2 = sbeox0Mg/L: Oxygen, SBE 43 [mg/l]
# name 3 = sbeox0PS: Oxygen, SBE 43 [% saturation]
# name 4 = c0uS/cm: Conductivity [uS/cm]
# name 5 = specc: Specific Conductance [uS/cm]
# name 6 = ph: pH
# name 7 = orp: Oxidation Reduction Potential [mV]
# name 8 = flECO-AFL: Fluorescence, WET Labs ECO-AFL/FL [mg/m^3]
# name 9 = turbWETntu0: Turbidity, WET Labs ECO [NTU]
# name 10 = sal00: Salinity, Practical [PSU]
# name 11 = dz/dtM: Descent Rate [m/s]
# name 12 = prdM: Pressure, Strain Gauge [db]
# name 13 = prdE: Pressure, Strain Gauge [psi]
# name 14 = scan: Scan Count
# name 15 = par/sat/log: PAR/Logarithmic, Satlantic
# name 16 = flag:  0.000e+00
# span 0 =     -0.558,      9.610       
# span 1 =    11.4801,    34.9334       
# span 2 =    -0.0405,     9.5083       
# span 3 =     -0.375,    120.905       
# span 4 =   0.405140, 123.588512       
# span 5 =      0.518,    169.609       
# span 6 =      6.054,      8.262       
# span 7 = -1035.7485,   270.4024       
# span 8 =    -0.2021,     5.7824       
# span 9 =    -0.9494,    28.6458       
# span 10 =     0.0149,     0.0799      
# span 11 =     -0.110,      0.214      
# span 12 =     -0.547,      9.423      
# span 13 =     -0.793,     13.667      
# span 14 =          1,        721      
# span 15 = 1.2090e-01, 2.2127e+03      
# span 16 = 0.0000e+00, 0.0000e+00      
# interval = seconds: 0.25
# start_time = Aug 09 2018 17:53:55 [Instrument's time stamp, header]
# bad_flag = -9.990e-29
*END*
     -0.557    34.9334     7.4251    106.627   0.761746      0.634      6.402  -260.0913    -0.1334    -0.8957     0.0150      0.000     -0.546     -0.792          1 9.5944e+02 0.0000e+00
     -0.558    34.9203     7.4261    106.642   0.729091      0.611      6.402  -300.1821    -0.1819    -0.9494     0.0150     -0.000     -0.547     -0.793          2 5.6201e+02 0.0000e+00
     -0.558    34.9126     7.4238    106.609   0.682093      0.565      6.404  -337.2065    -0.1900    -0.9360     0.0150     -0.000     -0.547     -0.793          3 2.2127e+03 0.0000e+00
     -0.558    34.9095     7.4234    106.599   0.672208      0.565      6.410  -379.4552    -0.1536    -0.1437     0.0150     -0.001     -0.547     -0.793          4 1.8363e+03 0.0000e+00
     -0.557    34.9074     7.4290    106.676   0.682184      0.565      6.412  -416.4796    -0.1496    -0.0363     0.0150     -0.000     -0.547     -0.793          5 2.4700e+02 0.0000e+00
     -0.557    34.8980     7.4280    106.659   0.669678      0.565      6.413  -450.9297    -0.1617    -0.0900     0.0150     -0.000     -0.546     -0.792          6 1.9037e+02 0.0000e+00
     -0.557    34.8833     7.4266    106.639   0.628560      0.518      6.417  -480.0419    -0.1860    -0.1437     0.0150     -0.000     -0.546     -0.792          7 1.4745e+02 0.0000e+00
     -0.557    34.8766     7.4291    106.662   0.614934      0.518      6.420  -516.0063    -0.1658    -0.2109     0.0150      0.000     -0.546     -0.792          8 1.4185e+02 0.0000e+00
     -0.557    34.8736     7.4873    106.707   0.627424      0.519      6.423  -546.8221    -0.1738    -0.2914     0.0150      0.000     -0.546     -0.792          9 1.3486e+02 0.0000e+00
     -0.557    34.8730     7.6980    106.971   0.672226      0.565      6.422  -580.2122    -0.2021    -0.3586     0.0150      0.001     -0.546     -0.792         10 1.4626e+02 0.0000e+00
     -0.557    34.8738     7.8791    107.101   0.677601      0.565      6.427  -610.2330    -0.1698    -0.2914     0.0150      0.001     -0.546     -0.792         11 1.3208e+02 0.0000e+00
     -0.557    34.8755     8.0058    107.160   0.679946      0.565      6.425  -646.1595    -0.1496    -0.2243     0.0150      0.001     -0.546     -0.792         12 1.6155e+02 0.0000e+00
     -0.557    34.8729     8.1174    107.228   0.669307      0.565      6.428  -674.9689    -0.1617    -0.3317     0.0150      0.000     -0.546     -0.792         13 1.2413e+02 0.0000e+00
     -0.557    34.8743     8.2323    107.421   0.690841      0.565      6.429  -706.8826    -0.1779    -0.3049     0.0150      0.000     -0.546     -0.792         14 2.0869e+02 0.0000e+00
     -0.556    34.8666     8.3164    107.715   0.593937      0.519      6.430  -735.8812    -0.1496    -0.3049     0.0150      0.000     -0.546     -0.792         15 4.1921e+02 0.0000e+00
     -0.557    34.8745     8.3902    108.196   0.671480      0.519      6.431  -762.9491    -0.1698    -0.3452     0.0150      0.000     -0.546     -0.792         16 2.4054e+02 0.0000e+00
     -0.557    34.8600     8.4505    108.733   0.594341      0.565      6.431  -795.4685    -0.1698    -0.3452     0.0150      0.000     -0.546     -0.792         17 1.7174e+02 0.0000e+00
     -0.556    34.8754     8.5096    109.385   0.808357      0.565      6.435  -824.8836    -0.1779    -0.2377     0.0150      0.000     -0.546     -0.791         18 2.2409e+02 0.0000e+00
     -0.556    34.3621     8.5668    110.047   0.405140      0.519      6.433  -865.3530    -0.1698    -0.3049     0.0150      0.000     -0.541     -0.784         19 1.9951e+02 0.0000e+00
     -0.544    32.9183     8.6068    110.524   1.096137      0.612      6.409 -1035.7485    -0.1577    -0.2243     0.0149      0.004     -0.521     -0.756         20 2.2319e+02 0.0000e+00
     -0.494    31.5690     8.6339    110.853  12.178910     10.174      6.640  -138.1152    -0.1536    -0.3183     0.0168      0.019     -0.473     -0.687         21 2.2194e+02 0.0000e+00
     -0.410    30.6849     8.6228    110.753  29.981668     26.024      7.177   270.4024    -0.1698    -0.3586     0.0220      0.052     -0.406     -0.590         22 2.3687e+02 0.0000e+00
     -0.344    29.8957     8.6116    110.650  39.247741     34.924      7.616   250.3381    -0.1496    -0.2914     0.0252      0.094     -0.340     -0.493         23 2.3934e+02 0.0000e+00
     -0.285    29.2121     8.5677    110.116  39.276428     35.115      7.846   246.2495    -0.1819    -0.2646     0.0251      0.136     -0.281     -0.409         24 2.4796e+02 0.0000e+00
     -0.230    28.7704     8.2763    106.388  38.754023     35.377      7.976   244.3188     0.9826    28.5249     0.0250      0.175     -0.234     -0.339         25 2.4970e+02 0.0000e+00
     -0.203    28.5295     7.9682    102.405  38.830444     35.762      8.052   232.6209     0.9826    28.6055     0.0250      0.200     -0.195     -0.283         26 2.5558e+02 0.0000e+00
     -0.159    28.3975     7.6366     98.099  38.707078     36.018      8.084   232.3180     0.9665    28.6458     0.0250      0.213     -0.154     -0.223         27 2.5983e+02 0.0000e+00
     -0.110    28.3430     7.5851     97.386  38.818806     36.238      8.103   231.3337     0.9907    28.6189     0.0250      0.214     -0.109     -0.157         28 2.6574e+02 0.0000e+00
     -0.063    28.3047     7.5878     97.312  38.899176     36.429      8.091   231.0687     0.9826    28.6189     0.0251      0.201     -0.066     -0.094         29 2.6463e+02 0.0000e+00
     -0.027    28.2845     7.6580     98.208  39.052066     36.598      8.062   231.3716     2.7214     2.1927     0.0251      0.183     -0.030     -0.043         30 2.7321e+02 0.0000e+00
     -0.001    28.2773     7.8256    100.347  39.162497     36.729      8.024   229.2894     2.7416     2.2464     0.0252      0.168     -0.002     -0.003         31 2.6538e+02 0.0000e+00
      0.023    28.2961     7.9207    101.575  39.236369     36.820      7.989   225.9958     2.7295     2.2733     0.0252      0.155      0.025      0.036         32 2.0463e+02 0.0000e+00
      0.058    28.3188     8.0176    102.850  39.227111     36.801      7.942   227.9644     2.7295     2.2196     0.0252      0.146      0.052      0.075         33 1.7310e+02 0.0000e+00
      0.077    28.3329     8.0471    103.183  39.381663     36.943      7.879   227.3587     3.0692     2.2464     0.0253      0.137      0.072      0.105         34 1.8079e+02 0.0000e+00
      0.088    28.3430     8.0020    102.568  39.577959     37.112      7.820   228.3809     3.0570     2.1256     0.0253      0.120      0.084      0.122         35 1.8231e+02 0.0000e+00
      0.093    28.3290     7.9177    101.503  39.516747     37.049      7.794   225.6930     3.0449     2.1524     0.0253      0.100      0.089      0.129         36 1.8096e+02 0.0000e+00
      0.093    28.3073     7.8224    100.294  39.250190     36.781      7.779   225.9958     3.0409     1.9913     0.0252      0.080      0.089      0.129         37 1.7921e+02 0.0000e+00
      0.085    28.2707     7.7346     99.175  38.901145     36.475      7.801   224.6708     3.0772     2.0584     0.0251      0.059      0.089      0.129         38 1.7825e+02 0.0000e+00
      0.096    28.2163     7.6397     97.974  38.764629     36.335      7.823   224.4058     3.0570     2.0853     0.0250      0.043      0.096      0.140         39 1.7764e+02 0.0000e+00
      0.112    28.2063     7.5153     96.401  38.708197     36.356      7.829   222.2480     3.0772     2.0316     0.0250      0.032      0.110      0.160         40 1.7200e+02 0.0000e+00
      0.130    28.2045     7.3530     94.341  38.793421     36.399      7.819   223.5730     3.0489     2.0584     0.0250      0.026      0.117      0.170         41 1.7395e+02 0.0000e+00
      0.113    28.2085     7.1778     92.109  39.044203     36.742      7.843   221.4908     2.8589     1.9913     0.0252      0.020      0.111      0.160         42 1.7258e+02 0.0000e+00
      0.096    28.2239     7.0357     90.297  38.900373     36.510      7.871   221.4151     2.8710     2.1122     0.0251      0.013      0.103      0.149         43 1.7483e+02 0.0000e+00
      0.109    28.2010     6.9877     89.688  38.972414     36.638      7.858   222.4373     2.8589     2.2330     0.0251      0.011      0.105      0.152         44 1.8005e+02 0.0000e+00
      0.114    28.1815     7.0259     90.196  39.340159     36.941      7.849   222.5508     2.8589     2.0450     0.0253      0.010      0.110      0.160         45 1.7321e+02 0.0000e+00
      0.115    28.1890     7.1572     91.912  39.451248     37.089      7.864   221.8315     2.7214     2.0450     0.0253      0.008      0.112      0.163         46 1.7646e+02 0.0000e+00
      0.116    28.1962     7.3355     94.236  39.397766     37.024      7.886   221.6044     2.7376     2.1390     0.0253      0.003      0.114      0.165         47 1.7937e+02 0.0000e+00
      0.117    28.2005     7.5148     96.564  39.228747     36.887      7.903   223.4973     2.7295     2.0987     0.0252     -0.000      0.115      0.167         48 1.7848e+02 0.0000e+00
      0.119    28.2096     7.6535     98.367  39.068331     36.698      7.915   222.2101     2.7295     2.1390     0.0251      0.001      0.116      0.169         49 1.7655e+02 0.0000e+00
      0.119    28.2228     7.7590     99.737  39.033804     36.695      7.926   222.0965     2.7254     2.0047     0.0251      0.007      0.117      0.169         50 1.7602e+02 0.0000e+00
      0.120    28.2358     7.8088    100.390  39.064075     36.689      7.939   221.5287     2.9762     2.1122     0.0251      0.009      0.117      0.170         51 1.7776e+02 0.0000e+00
      0.120    28.2458     7.8227    100.576  39.149307     36.785      7.945   221.8694     3.0125     2.0450     0.0252      0.005      0.117      0.170         52 1.7572e+02 0.0000e+00
      0.119    28.2527     7.7840    100.082  39.165027     36.776      7.950   222.4373     2.9842     2.1256     0.0252      0.003      0.117      0.170         53 1.7552e+02 0.0000e+00
      0.120    28.2577     7.7154     99.198  39.103829     36.717      7.955   222.4751     3.0004     2.1659     0.0252      0.002      0.117      0.171         54 1.7667e+02 0.0000e+00
      0.121    28.2686     7.6512     98.368  39.106811     36.712      7.967   222.1344     2.9034     2.0719     0.0252      0.002      0.118      0.172         55 1.7464e+02 0.0000e+00
      0.122    28.2877     7.6040     97.764  39.161313     36.761      7.981   222.0965     2.9195     2.1122     0.0252      0.002      0.120      0.174         56 1.7512e+02 0.0000e+00
      0.124    28.3075     7.5873     97.561  39.213976     36.806      7.990   222.7401     2.9115     2.0853     0.0252      0.002      0.122      0.176         57 1.7597e+02 0.0000e+00
      0.125    28.3221     7.5725     97.380  39.219242     36.793      7.996   223.1566     2.9195     2.0719     0.0252      0.003      0.123      0.178         58 1.7641e+02 0.0000e+00
      0.127    28.3337     7.5560     97.176  39.243738     36.805      7.999   223.5351     2.9034     1.9242     0.0252      0.004      0.124      0.180         59 1.7647e+02 0.0000e+00
      0.127    28.3428     7.5385     96.957  39.272472     36.821      8.003   223.0051     2.9195     2.1524     0.0252      0.004      0.124      0.180         60 1.7394e+02 0.0000e+00
      0.126    28.3492     7.5227     96.760  39.272463     36.813      8.005   222.5130     2.9195     2.0719     0.0252      0.004      0.124      0.180         61 1.7331e+02 0.0000e+00
      0.127    28.3539     7.4998     96.468  39.273404     36.807      8.003   222.4751     2.9195     2.2062     0.0252      0.004      0.124      0.180         62 1.7336e+02 0.0000e+00
      0.127    28.3559     7.4609     95.967  39.389948     36.907      8.001   222.1723     2.8670     2.1390     0.0253      0.003      0.124      0.180         63 1.7316e+02 0.0000e+00
      0.128    28.3546     7.4140     95.366  39.453715     36.983      8.005   221.9451     2.8589     2.0584     0.0253      0.002      0.125      0.181         64 1.7168e+02 0.0000e+00
      0.127    28.3519     7.3751     94.869  39.490676     36.981      8.009   221.7180     2.8629     2.0182     0.0253      0.001      0.125      0.181         65 1.7080e+02 0.0000e+00
      0.128    28.3537     7.3445     94.479  39.551592     37.087      8.012   221.8694     2.8346     2.1524     0.0253      0.001      0.126      0.182         66 1.7134e+02 0.0000e+00
      0.129    28.3603     7.3198     94.164  39.496558     36.984      8.014   222.2101     3.0692     2.2599     0.0253      0.001      0.126      0.183         67 1.7215e+02 0.0000e+00
      0.129    28.3662     7.2840     93.702  39.559165     37.088      8.014   222.6265     3.0611     2.1927     0.0253      0.002      0.127      0.184         68 1.7158e+02 0.0000e+00
      0.130    28.3699     7.2445     93.190  39.592329     37.083      8.014   223.0808     3.0853     2.2196     0.0253      0.002      0.127      0.184         69 1.7090e+02 0.0000e+00
      0.130    28.3737     7.2146     92.811  39.573936     37.079      8.017   223.0051     3.0328     2.2330     0.0253      0.002      0.128      0.185         70 1.7003e+02 0.0000e+00
      0.131    28.3775     7.1921     92.534  39.582054     37.076      8.022   222.4751     3.1298     2.1659     0.0253      0.002      0.128      0.186         71 1.6882e+02 0.0000e+00
      0.131    28.3795     7.1714     92.282  39.582226     37.074      8.023   222.0208     3.1258     2.1524     0.0253      0.002      0.129      0.187         72 1.7026e+02 0.0000e+00
      0.132    28.3794     7.1437     91.941  39.573720     37.071      8.023   222.1723     3.1177     2.1122     0.0253      0.002      0.129      0.187         73 1.7016e+02 0.0000e+00
      0.131    28.3799     7.1130     91.557  39.533310     37.017      8.027   222.0965     3.0975     2.0316     0.0253      0.002      0.129      0.187         74 1.7042e+02 0.0000e+00
      0.132    28.3822     7.0754     91.085  39.513860     37.017      8.027   221.8694     3.1015     2.1390     0.0253      0.001      0.129      0.187         75 1.7048e+02 0.0000e+00
      0.132    28.3846     7.0339     90.561  39.479270     36.965      8.027   221.7180     3.1177     2.1122     0.0253      0.001      0.129      0.187         76 1.6959e+02 0.0000e+00
      0.132    28.3857     6.9846     89.937  39.517028     37.015      8.024   221.7937     3.1217     2.1122     0.0253      0.001      0.129      0.187         77 1.6957e+02 0.0000e+00
      0.132    28.3849     6.9288     89.233  39.526197     37.014      8.026   222.0965     3.1136     2.0450     0.0253      0.001      0.129      0.187         78 1.6847e+02 0.0000e+00
      0.132    28.3834     6.8636     88.408  39.527186     37.013      8.035   221.5287     3.1096     1.9913     0.0253      0.001      0.130      0.188         79 1.6928e+02 0.0000e+00
      0.133    28.3859     6.7916     87.496  39.575123     37.066      8.038   222.0208     3.1096     2.0450     0.0253      0.001      0.130      0.189         80 1.6862e+02 0.0000e+00
      0.133    28.3934     6.7149     86.523  39.525867     37.015      8.044   221.5287     3.1622     2.0316     0.0253      0.001      0.131      0.190         81 1.6718e+02 0.0000e+00
      0.135    28.4029     6.6360     85.522  39.529159     37.013      8.047   221.6423     3.1339     2.0719     0.0253      0.002      0.132      0.192         82 1.6703e+02 0.0000e+00
      0.135    28.4119     6.5461     84.381  39.571025     37.060      8.046   221.9451     3.1096     2.0584     0.0253      0.002      0.133      0.192         83 1.6657e+02 0.0000e+00
      0.136    28.4194     6.4465     83.114  39.592415     37.053      8.049   221.7937     3.1258     2.1524     0.0253      0.002      0.133      0.192         84 1.6676e+02 0.0000e+00
      0.135    28.4263     6.3577     81.985  39.621188     37.099      8.053   221.7558     3.0853     2.1524     0.0254      0.002      0.132      0.192         85 1.6718e+02 0.0000e+00
