Data/DataNotYetUploadedToEDI/Raw_CTD/RawDownloads/080918_fcr30.cnv
* Sea-Bird SBE19plus  Data File:
* FileName = C:\DATA\080918_bvr50_0006.hex
* Software version 2.6.3.104
* Temperature SN = 7809
* Conductivity SN = 7809
* System UpLoad Time = Aug 09 2018 20:26:31
* <ApplicationData>
* <Seaterm232>
# nquan = 17
# nvalues = 485                         
# units = specified
# name 0 = depFM: Depth [fresh water, m]
# name 1 = tv290C: Temperature [ITS-90, deg C]
# name 2 = sbeox0Mg/L: Oxygen, SBE 43 [mg/l]
# name 3 = sbeox0PS: Oxygen, SBE 43 [% saturation]
# name 4 = c0uS/cm: Conductivity [uS/cm]
# name 5 = specc: Specific Conductance [uS/cm]
# name 6 = ph: pH
# name 7 = orp: Oxidation Reduction Potential [mV]
# name 8 = flECO-AFL: Fluorescence, WET Labs ECO-AFL/FL [mg/m^3]
# name 9 = turbWETntu0: Turbidity, WET Labs ECO [NTU]
# name 10 = sal00: Salinity, Practical [PSU]
# name 11 = dz/dtM: Descent Rate [m/s]
# name 12 = prdM: Pressure, Strain Gauge [db]
# name 13 = prdE: Pressure, Strain Gauge [psi]
# name 14 = scan: Scan Count
# name 15 = par/sat/log: PAR/Logarithmic, Satlantic
# name 16 = flag:  0.000e+00
# span 0 =     -0.574,      5.375       
# span 1 =    12.0312,    28.7124       
# span 2 =     0.0537,     9.6945       
# span 3 =      0.591,    124.144       
# span 4 =   0.878610,  49.428507       
# span 5 =      0.885,     61.451       
# span 6 =      6.377,      8.492       
# span 7 =  -160.5646,   428.6836       
# span 8 =    -0.8370,     6.3324       
# span 9 =    -3.7424,    25.2754       
# span 10 =     0.0116,     0.0319      
# span 11 =     -0.147,      0.241      
# span 12 =     -0.562,      5.271      
# span 13 =     -0.815,      7.644      
# span 14 =          1,        485      
# span 15 = 6.5346e-01, 1.5894e+03      
# span 16 = 0.0000e+00, 0.0000e+00      
# interval = seconds: 0.25
# start_time = Aug 09 2018 21:04:04 [Instrument's time stamp, header]
# bad_flag = -9.990e-29
*END*
[from data line 171]
      0.254    28.1666     7.7996     99.970  37.903238     35.644      8.382   143.6942     3.4533     2.0182     0.0247      0.007      0.250      0.362        172 5.7594e+01 0.0000e+00
      0.249    28.1608     8.2397    105.641  37.963373     35.694      8.385   143.8078     3.7040     2.0719     0.0247      0.004      0.247      0.358        173 5.9712e+01 0.0000e+00
      0.252    28.1575     8.6722    111.201  38.004527     35.746      8.389   144.2242     3.6959     2.1256     0.0248      0.001      0.249      0.361        174 5.5706e+01 0.0000e+00
      0.260    28.1575     9.0346    115.828  37.970666     35.698      8.389   144.7542     3.6555     1.9645     0.0247      0.001      0.254      0.369        175 5.5774e+01 0.0000e+00
      0.265    28.1554     9.3328    119.599  37.946193     35.700      8.389   145.5113     3.6676     2.1122     0.0247      0.002      0.259      0.374        176 5.5693e+01 0.0000e+00
      0.265    28.1636     9.5332    122.127  37.916340     35.647      8.389   145.3599     3.5018     2.2867     0.0247      0.002      0.259      0.374        177 5.6115e+01 0.0000e+00
      0.260    28.1775     9.6599    123.714  37.889175     35.649      8.389   145.9278     3.5099     2.1927     0.0247      0.002      0.255      0.369        178 5.6914e+01 0.0000e+00
      0.255    28.1911     9.6945    124.144  37.861357     35.591      8.391   145.9278     3.4978     2.2733     0.0247      0.003      0.251      0.364        179 5.5070e+01 0.0000e+00
      0.253    28.1935     9.6600    123.706  37.891635     35.633      8.391   145.8142     3.4937     2.1793     0.0247      0.002      0.249      0.362        180 5.5842e+01 0.0000e+00
      0.255    28.1754     9.5842    122.725  37.970132     35.678      8.390   145.5492     3.5018     2.1927     0.0247      0.001      0.251      0.364        181 5.6059e+01 0.0000e+00
      0.260    28.1776     9.5184    121.883  38.149255     35.858      8.394   146.0413     3.4816     2.1927     0.0248     -0.001      0.255      0.369        182 5.5590e+01 0.0000e+00
      0.264    28.1952     9.4567    121.102  38.380587     36.083      8.395   146.2685     3.4897     2.1927     0.0249     -0.002      0.258      0.374        183 5.5216e+01 0.0000e+00
      0.265    28.2019     9.3994    120.380  38.423779     36.132      8.396   146.6092     3.4857     2.1256     0.0249     -0.000      0.258      0.375        184 5.5198e+01 0.0000e+00
      0.262    28.1920     9.3608    119.897  38.362455     36.042      8.396   146.3820     3.4654     2.2196     0.0249      0.002      0.257      0.372        185 5.4708e+01 0.0000e+00
      0.259    28.1686     9.3339    119.540  38.308592     36.011      8.397   146.5335     3.4614     2.0182     0.0249      0.003      0.255      0.369        186 5.5052e+01 0.0000e+00
      0.258    28.1490     9.3107    119.257  38.283178     35.965      8.396   146.9120     3.4937     2.0987     0.0248      0.003      0.254      0.368        187 5.6847e+01 0.0000e+00
      0.259    28.1330     9.2835    118.919  38.305102     36.034      8.398   146.9878     3.5180     2.0987     0.0249      0.002      0.255      0.369        188 5.6767e+01 0.0000e+00
      0.262    28.1275     9.2825    118.909  38.340640     36.047      8.402   146.9120     3.5018     2.0719     0.0249      0.000      0.256      0.372        189 5.6902e+01 0.0000e+00
      0.263    28.1283     9.2770    118.857  38.357607     36.111      8.401   147.1770     3.4937     2.1927     0.0249     -0.001      0.258      0.374        190 5.7132e+01 0.0000e+00
      0.264    28.1242     9.2785    118.912  38.343318     36.062      8.398   147.4420     3.4857     2.2062     0.0249     -0.000      0.259      0.376        191 5.6021e+01 0.0000e+00
      0.267    28.1241     9.2734    118.849  38.358426     36.114      8.402   147.8206     3.4897     2.2062     0.0249      0.002      0.262      0.379        192 5.5833e+01 0.0000e+00
      0.269    28.1282     9.2695    118.796  38.338805     36.064      8.399   147.7449     3.5180     2.1927     0.0249      0.004      0.263      0.381        193 5.5949e+01 0.0000e+00
      0.267    28.1350     9.2656    118.744  38.308412     36.064      8.401   148.5399     3.4937     2.1390     0.0249      0.005      0.262      0.381        194 5.2994e+01 0.0000e+00
      0.268    28.1384     9.2547    118.605  38.336927     36.061      8.400   148.9563     3.5018     2.2599     0.0249      0.005      0.262      0.381        195 5.3953e+01 0.0000e+00
      0.268    28.1348     9.2535    118.599  38.362641     36.110      8.399   149.1078     3.4937     2.2196     0.0249      0.004      0.263      0.382        196 5.8601e+01 0.0000e+00
      0.269    28.1393     9.2490    118.518  38.335732     36.054      8.397   148.7671     3.4816     2.2196     0.0249      0.003      0.264      0.383        197 5.6611e+01 0.0000e+00
      0.270    28.1453     9.2588    118.595  38.311092     36.058      8.396   148.7292     3.4937     2.1793     0.0249      0.003      0.264      0.383        198 5.6889e+01 0.0000e+00
      0.270    28.1459     9.2683    118.636  38.333982     36.053      8.397   149.2213     3.4654     2.1659     0.0249      0.002      0.264      0.383        199 5.7983e+01 0.0000e+00
      0.268    28.1558     9.2822    118.826  38.366567     36.102      8.395   149.5242     3.4937     2.2062     0.0249      0.001      0.262      0.380        200 5.7994e+01 0.0000e+00
      0.263    28.1714     9.2979    119.025  38.389186     36.102      8.394   149.8271     3.5099     2.2196     0.0249     -0.001      0.259      0.376        201 5.7115e+01 0.0000e+00
      0.262    28.1736     9.3143    119.238  38.424477     36.148      8.392   149.6378     3.4654     2.2062     0.0249     -0.002      0.259      0.375        202 5.6944e+01 0.0000e+00
      0.266    28.1717     9.3317    119.465  38.381963     36.084      8.393   150.3949     3.4937     2.1793     0.0249     -0.003      0.261      0.378        203 5.6308e+01 0.0000e+00
      0.269    28.1702     9.3475    119.644  38.382763     36.083      8.392   150.5842     3.4735     2.2196     0.0249     -0.002      0.262      0.381        204 6.0410e+01 0.0000e+00
      0.268    28.1722     9.3498    119.637  38.423480     36.137      8.386   151.0385     3.4937     2.2196     0.0249     -0.001      0.261      0.379        205 7.5298e+01 0.0000e+00
      0.262    28.1745     9.3420    119.495  38.449940     36.138      8.383   151.1521     3.4654     2.2062     0.0249     -0.002      0.257      0.373        206 8.5523e+01 0.0000e+00
      0.256    28.1664     9.3356    119.362  38.468482     36.190      8.378   151.4171     3.6393     2.0316     0.0249     -0.004      0.254      0.368        207 8.5976e+01 0.0000e+00
      0.257    28.1390     9.3268    119.212  38.400404     36.081      8.374   151.4171     3.6231     2.1122     0.0249     -0.004      0.261      0.378        208 8.3572e+01 0.0000e+00
      0.288    28.1062     9.3255    119.210  38.356693     36.089      8.361   152.5528     3.6070     2.0047     0.0249      0.004      0.281      0.406        209 8.5220e+01 0.0000e+00
      0.311    28.1062     9.3227    119.215  38.344914     36.052      8.357   152.7421     3.6070     2.1390     0.0249      0.015      0.301      0.436        210 8.2649e+01 0.0000e+00
      0.320    28.1090     9.3202    119.243  38.415074     36.184      8.359   152.9313     3.7525     2.2733     0.0249      0.025      0.311      0.452        211 7.5641e+01 0.0000e+00
      0.323    28.1086     9.3226    119.322  38.388041     36.127      8.362   152.9692     3.7687     2.2062     0.0249      0.033      0.314      0.457        212 7.4180e+01 0.0000e+00
      0.321    28.1114     9.3282    119.428  38.319238     36.075      8.366   152.9313     3.7566     2.1659     0.0249      0.038      0.314      0.456        213 7.2698e+01 0.0000e+00
      0.319    28.1000     9.3378    119.580  38.382049     36.127      8.371   153.0071     3.7444     2.2464     0.0249      0.038      0.313      0.453        214 6.8446e+01 0.0000e+00
      0.317    28.0829     9.3326    119.491  38.309872     36.073      8.375   153.0071     3.7606     2.1793     0.0249      0.033      0.312      0.452        215 6.5350e+01 0.0000e+00
      0.318    28.0627     9.3118    119.179  38.290417     36.028      8.376   153.1963     3.7566     2.3002     0.0249      0.023      0.314      0.455        216 5.9395e+01 0.0000e+00
      0.325    28.0385     9.2887    118.831  38.346944     36.145      8.379   153.9156     3.7444     2.1524     0.0249      0.011      0.320      0.464        217 5.4702e+01 0.0000e+00
      0.335    28.0220     9.2572    118.416  38.298857     36.053      8.382   153.7642     3.7566     2.0853     0.0249      0.006      0.328      0.475        218 5.4392e+01 0.0000e+00
      0.341    28.0277     9.2515    118.366  38.290947     36.122      8.383   154.0671     3.6757     2.1256     0.0249      0.008      0.333      0.483        219 5.1164e+01 0.0000e+00
      0.343    28.0477     9.2547    118.434  38.297477     36.081      8.385   153.6506     3.6838     2.1927     0.0249      0.012      0.334      0.485        220 5.0084e+01 0.0000e+00
      0.339    28.0756     9.2819    118.801  38.350063     36.182      8.384   153.8021     3.6838     2.2464     0.0249      0.014      0.332      0.482        221 4.8445e+01 0.0000e+00
      0.336    28.0980     9.3027    119.088  38.344149     36.116      8.389   154.0292     3.6676     2.1390     0.0249      0.013      0.329      0.478        222 5.0046e+01 0.0000e+00
      0.334    28.1155     9.3233    119.342  38.364149     36.150      8.387   154.3699     3.6231     2.2733     0.0249      0.010      0.328      0.476        223 4.8510e+01 0.0000e+00
      0.336    28.1274     9.3430    119.579  38.384483     36.134      8.386   154.3699     3.6070     2.1793     0.0249      0.006      0.330      0.479        224 4.3815e+01 0.0000e+00
      0.340    28.1183     9.3491    119.653  38.378154     36.123      8.388   154.7864     3.5989     2.2330     0.0249      0.003      0.333      0.483        225 4.4677e+01 0.0000e+00
      0.342    28.0959     9.3438    119.602  38.372015     36.114      8.385   155.0892     3.6029     2.2330     0.0249      0.001      0.335      0.486        226 4.3442e+01 0.0000e+00
      0.342    28.0727     9.3425    119.559  38.332795     36.068      8.388   155.2028     3.5948     2.1659     0.0249      0.000      0.335      0.486        227 4.5803e+01 0.0000e+00
      0.340    28.0655     9.3356    119.380  38.367644     36.135      8.386   155.3164     3.6474     2.2464     0.0249      0.001      0.333      0.482        228 4.4216e+01 0.0000e+00
      0.335    28.0773     9.3131    119.057  38.387980     36.152      8.386   155.5056     3.6150     2.1927     0.0249      0.001      0.329      0.478        229 4.3348e+01 0.0000e+00
      0.333    28.0890     9.2972    118.974  38.366820     36.157      8.388   155.6949     3.5908     2.2464     0.0249      0.000      0.327      0.474        230 4.2099e+01 0.0000e+00
      0.331    28.0992     9.2924    119.015  38.334658     36.096      8.389   155.9978     3.6312     2.2464     0.0249     -0.002      0.326      0.472        231 3.9614e+01 0.0000e+00
      0.331    28.1075     9.2978    119.139  38.368679     36.140      8.391   155.6949     3.6757     2.2464     0.0249     -0.005      0.326      0.472        232 4.1735e+01 0.0000e+00
      0.333    28.1043     9.3076    119.297  38.383799     36.134      8.386   155.6949     3.6514     2.2464     0.0249     -0.006      0.327      0.474        233 4.1887e+01 0.0000e+00
      0.337    28.0963     9.3150    119.454  38.375160     36.127      8.386   156.4899     3.6676     2.1927     0.0249     -0.005      0.330      0.478        234 4.1775e+01 0.0000e+00
      0.339    28.0958     9.3167    119.565  38.379425     36.131      8.388   156.6035     3.6676     2.2330     0.0249     -0.002      0.331      0.480        235 4.0173e+01 0.0000e+00
      0.336    28.1019     9.3196    119.708  38.378490     36.135      8.387   157.0956     3.6474     2.3270     0.0249      0.000      0.329      0.478        236 4.0391e+01 0.0000e+00
      0.333    28.0902     9.3306    119.935  38.376326     36.137      8.386   157.0956     3.6070     2.1659     0.0249      0.001      0.328      0.476        237 4.0986e+01 0.0000e+00
      0.334    28.0467     9.3443    120.181  38.382119     36.131      8.389   157.0956     3.6070     2.1793     0.0249      0.002      0.328      0.476        238 3.9779e+01 0.0000e+00
      0.336    28.0340     9.3462    120.269  38.341621     36.113      8.387   157.6256     3.6070     2.2062     0.0249      0.002      0.328      0.476        239 4.0884e+01 0.0000e+00
      0.334    28.0859     9.3443    120.232  38.337749     36.116      8.390   158.0421     3.7404     2.1390     0.0249      0.000      0.327      0.474        240 4.0695e+01 0.0000e+00
      0.330    28.1374     9.3179    119.834  38.416613     36.233      8.389   157.9664     3.7364     2.0450     0.0249     -0.002      0.326      0.472        241 4.0158e+01 0.0000e+00
      0.331    28.1615     9.2802    119.319  38.451108     36.194      8.390   158.3828     3.7364     2.0182     0.0249     -0.003      0.326      0.473        242 4.2172e+01 0.0000e+00
      0.335    28.1791     9.2443    118.861  38.502433     36.240      8.391   158.6857     3.7404     2.0182     0.0249     -0.002      0.329      0.477        243 4.1921e+01 0.0000e+00
      0.338    28.2072     9.2148    118.502  38.530688     36.222      8.389   159.1021     3.6838     2.1122     0.0249      0.000      0.332      0.481        244 4.1913e+01 0.0000e+00
      0.340    28.2501     9.1979    118.280  38.534577     36.238      8.388   158.7614     3.7000     2.0182     0.0250      0.002      0.333      0.482        245 4.0963e+01 0.0000e+00
      0.339    28.2994     9.1898    118.190  38.586567     36.244      8.386   158.9885     3.6838     2.1390     0.0250      0.003      0.332      0.482        246 4.1130e+01 0.0000e+00
      0.337    28.3400     9.1830    118.136  38.614280     36.268      8.385   158.9507     3.6757     2.0316     0.0250      0.003      0.331      0.480        247 4.2430e+01 0.0000e+00
      0.336    28.3742     9.1905    118.257  38.589052     36.181      8.382   159.1021     3.6797     2.1122     0.0250      0.003      0.331      0.479        248 4.0620e+01 0.0000e+00
      0.337    28.4028     9.2046    118.457  38.677263     36.259      8.384   159.5185     3.6676     2.2599     0.0250      0.003      0.332      0.480        249 4.1241e+01 0.0000e+00
      0.340    28.3969     9.2152    118.618  38.712113     36.262      8.380   159.6699     3.6838     2.2464     0.0250      0.002      0.333      0.483        250 4.1142e+01 0.0000e+00
      0.341    28.3703     9.2227    118.765  38.634649     36.163      8.380   159.9728     3.6919     2.1927     0.0250      0.001      0.334      0.484        251 4.0905e+01 0.0000e+00
      0.341    28.3553     9.2280    118.903  38.566022     36.115      8.381   160.0485     3.6838     2.0987     0.0250      0.001      0.334      0.484        252 4.1595e+01 0.0000e+00
      0.340    28.3578     9.2183    118.851  38.589887     36.134      8.380   160.0107     3.6838     2.2867     0.0250      0.001      0.333      0.483        253 3.9880e+01 0.0000e+00
      0.340    28.3659     9.2008    118.697  38.664283     36.248      8.380   160.3135     3.7081     2.2599     0.0250      0.001      0.333      0.483        254 4.1613e+01 0.0000e+00
      0.339    28.3655     9.1649    118.277  38.621754     36.168      8.376   160.7299     3.6959     2.2733     0.0250      0.002      0.333      0.483        255 4.0614e+01 0.0000e+00
