Data/DataNotYetUploadedToEDI/Raw_CTD/RawDownloads/080918_fcr10.cnv
* Sea-Bird SBE19plus  Data File:
* FileName = C:\DATA\080918_bvr50_0004.hex
* Software version 2.6.3.104
* Temperature SN = 7809
* Conductivity SN = 7809
* System UpLoad Time = Aug 09 2018 20:25:57
* <ApplicationData>
* <Seaterm232>
# nquan = 17
# nvalues = 376                         
# units = specified
# name 0 = depFM: Depth [fresh water, m]
# name 1 = tv290C: Temperature [ITS-90, deg C]
# name 2 = sbeox0Mg/L: Oxygen, SBE 43 [mg/l]
# name 3 = sbeox0PS: Oxygen, SBE 43 [% saturation]
# name 4 = c0uS/cm: Conductivity [uS/cm]
# name 5 = specc: Specific Conductance [uS/cm]
# name 6 = ph: pH
# name 7 = orp: Oxidation Reduction Potential [mV]
# name 8 = flECO-AFL: Fluorescence, WET Labs ECO-AFL/FL [mg/m^3]
# name 9 = turbWETntu0: Turbidity, WET Labs ECO [NTU]
# name 10 = sal00: Salinity, Practical [PSU]
# name 11 = dz/dtM: Descent Rate [m/s]
# name 12 = prdM: Pressure, Strain Gauge [db]
# name 13 = prdE: Pressure, Strain Gauge [psi]
# name 14 = scan: Scan Count
# name 15 = par/sat/log: PAR/Logarithmic, Satlantic
# name 16 = flag:  0.000e+00
# span 0 =     -0.554,      2.620       
# span 1 =    20.3663,    35.3243       
# span 2 =    -0.1714,    10.7628       
# span 3 =     -2.010,    135.387       
# span 4 =   0.486183, 114.524428       
# span 5 =      0.607,    128.275       
# span 6 =      6.011,      8.466       
# span 7 = -1240.7455,   348.1233       
# span 8 =    -0.2224,     8.6211       
# span 9 =    -0.8823,     5.6571       
# span 10 =     0.0150,     0.0636      
# span 11 =     -0.029,      0.285      
# span 12 =     -0.543,      2.568      
# span 13 =     -0.788,      3.724      
# span 14 =          1,        376      
# span 15 = 1.2963e+01, 2.1417e+03      
# span 16 = 0.0000e+00, 0.0000e+00      
# interval = seconds: 0.25
# start_time = Aug 09 2018 20:45:35 [Instrument's time stamp, header]
# bad_flag = -9.990e-29
*END*
[from data line 341]
      1.876    24.4053    -0.0226     -0.266  39.109099     39.493      7.813   220.3173     5.5762     4.0592     0.0254      0.078      1.843      2.672        342 2.5995e+01 0.0000e+00
      1.905    24.2690    -0.1497     -1.761  39.147331     39.557      7.789   222.3994     5.5600     4.1264     0.0254      0.079      1.869      2.711        343 2.5733e+01 0.0000e+00
      1.936    24.1406    -0.1714     -2.010  39.007839     39.459      7.763   222.9294     6.1059     3.7638     0.0253      0.085      1.897      2.751        344 2.5422e+01 0.0000e+00
      1.961    24.0339    -0.1292     -1.509  39.045434     39.623      7.737   223.6487     6.1302     3.8309     0.0254      0.090      1.921      2.786        345 2.5155e+01 0.0000e+00
      1.980    23.9507    -0.0508     -0.591  39.041285     39.729      7.712   224.1408     6.1221     3.8309     0.0254      0.093      1.942      2.816        346 2.4893e+01 0.0000e+00
      2.001    23.8698     0.0086      0.099  39.013071     39.757      7.689   224.5573     6.1261     3.8309     0.0254      0.093      1.963      2.846        347 2.4465e+01 0.0000e+00
      2.023    23.7722     0.0383      0.442  39.139930     39.997      7.664   224.8980     5.8512     3.8444     0.0254      0.094      1.983      2.876        348 2.4073e+01 0.0000e+00
      2.042    23.6867     0.0428      0.492  38.913122     39.804      7.639   224.9737     5.7865     3.7772     0.0253      0.093      2.003      2.905        349 2.3791e+01 0.0000e+00
      2.062    23.6547     0.0475      0.545  38.702120     39.656      7.615   225.1630     5.8431     3.8175     0.0252      0.089      2.023      2.933        350 2.3457e+01 0.0000e+00
      2.083    23.6574     0.0494      0.564  38.749987     39.812      7.586   226.2608     5.8188     3.8444     0.0253      0.085      2.043      2.963        351 2.3053e+01 0.0000e+00
      2.104    23.6165     0.0430      0.491  38.705281     39.752      7.560   226.3744     6.0655     3.7101     0.0253      0.081      2.065      2.995        352 2.2581e+01 0.0000e+00
      2.130    23.4718     0.0512      0.582  38.283182     39.375      7.530   226.9044     6.0857     3.6027     0.0251      0.082      2.089      3.030        353 2.2102e+01 0.0000e+00
      2.158    23.2836     0.0636      0.722  38.118470     39.120      7.503   227.2830     6.0534     3.5221     0.0250      0.085      2.116      3.069        354 2.1618e+01 0.0000e+00
      2.185    23.1071     0.0755      0.855  38.613675     39.900      7.479   227.8508     6.0534     3.6027     0.0253      0.089      2.145      3.111        355 2.1090e+01 0.0000e+00
      2.220    22.9053     0.1041      1.173  40.484968     41.766      7.453   228.4944     6.0493     3.5758     0.0260      0.095      2.179      3.160        356 2.0278e+01 0.0000e+00
      2.261    22.6718     0.1290      1.445  47.597545     49.384      7.423   229.0623     6.0857     3.5624     0.0291      0.105      2.216      3.214        357 1.9390e+01 0.0000e+00
      2.299    22.4442     0.1544      1.723  54.747122     57.447      7.396   229.0244     6.0857     3.6967     0.0325      0.116      2.253      3.267        358 1.8713e+01 0.0000e+00
      2.331    22.2505     0.1839      2.045  58.595421     61.101      7.365   229.5923     6.0938     3.4818     0.0341      0.124      2.284      3.312        359 1.8297e+01 0.0000e+00
      2.358    22.0919     0.2049      2.272  62.491137     66.234      7.327   229.1380     6.0817     3.5490     0.0362      0.129      2.311      3.351        360 1.7964e+01 0.0000e+00
      2.380    21.9563     0.2196      2.433  67.389581     70.826      7.285   229.1759     5.6935     3.5758     0.0382      0.129      2.334      3.384        361 1.7576e+01 0.0000e+00
      2.401    21.8316     0.2267      2.516  74.509523     79.539      7.235   228.7216     5.7016     3.5758     0.0420      0.124      2.354      3.415        362 1.7266e+01 0.0000e+00
      2.421    21.7003     0.2270      2.524  79.656710     84.536      7.190   220.3930     5.7218     3.5892     0.0442      0.116      2.375      3.446        363 1.6915e+01 0.0000e+00
      2.446    21.5776     0.2153      2.395  85.055528     90.895      7.139   209.8687     5.7056     3.5758     0.0470      0.107      2.400      3.482        364 1.6446e+01 0.0000e+00
      2.477    21.4332 -9.990e-29 -9.990e-29  88.242412     94.686      7.092   198.3979     5.5398     3.9921     0.0486      0.100      2.430      3.525        365 1.5725e+01 0.0000e+00
      2.511    21.1934 -9.990e-29 -9.990e-29  91.983788     98.162      7.032   194.0443     5.4953     3.9786     0.0501      0.098      2.460      3.568        366 1.5117e+01 0.0000e+00
      2.537    20.9276 -9.990e-29 -9.990e-29 100.534818    108.865      6.970   191.5836     5.4994     4.0324     0.0549      0.100      2.485      3.604        367 1.4840e+01 0.0000e+00
      2.553    20.7080 -9.990e-29 -9.990e-29 103.956820    112.145      6.920   189.3879     5.5034     4.0324     0.0564      0.100      2.502      3.629        368 1.4666e+01 0.0000e+00
      2.564    20.5291 -9.990e-29 -9.990e-29 104.207358    113.739      6.881   186.1700     4.8079     4.3949     0.0570      0.098      2.514      3.646        369 1.4517e+01 0.0000e+00
      2.574    20.4002 -9.990e-29 -9.990e-29 105.847591    115.451      6.854   183.7093     4.8281     4.4486     0.0578      0.091      2.523      3.659        370 1.4432e+01 0.0000e+00
      2.579    20.3663 -9.990e-29 -9.990e-29 104.713290    115.506      6.830   181.6650     4.8241     4.3681     0.0577      0.081      2.530      3.670        371 1.4324e+01 0.0000e+00
      2.586    20.4429 -9.990e-29 -9.990e-29 105.648979    115.493      6.813   179.3936     4.8281     4.4218     0.0577      0.067      2.538      3.681        372 1.4018e+01 0.0000e+00
      2.598    20.5336 -9.990e-29 -9.990e-29 102.629895    114.537      6.798   174.5100     4.5006     4.6903     0.0573      0.053      2.548      3.695        373 1.3649e+01 0.0000e+00
      2.610    20.5662 -9.990e-29 -9.990e-29 105.226810    113.405      6.779   168.9071     4.5168     4.6098     0.0568      0.043      2.559      3.710        374 1.3258e+01 0.0000e+00
      2.618 -9.990e-29 -9.990e-29 -9.990e-29 114.205780    128.275      6.764   165.4242     4.5249     4.5963     0.0636      0.037      2.566      3.720        375 1.3007e+01 0.0000e+00
      2.620 -9.990e-29 -9.990e-29 -9.990e-29 114.524428    122.791      6.745   163.3799     4.5006     4.6098     0.0611      0.034      2.568      3.724        376 1.2963e+01 0.0000e+00
