Data/DataNotYetUploadedToEDI/Raw_CTD/RawDownloads/080918_fcr45.cnv
* Sea-Bird SBE19plus  Data File:
* FileName = C:\DATA\080918_bvr50_0007.hex
* Software version 2.6.3.104
* Temperature SN = 7809
* Conductivity SN = 7809
* System UpLoad Time = Aug 09 2018 20:26:51
* <ApplicationData>
* <Seaterm232>
# nquan = 17
# nvalues = 549                         
# units = specified
# name 0 = depFM: Depth [fresh water, m]
# name 1 = tv290C: Temperature [ITS-90, deg C]
# name 2 = sbeox0Mg/L: Oxygen, SBE 43 [mg/l]
# name 3 = sbeox0PS: Oxygen, SBE 43 [% saturation]
# name 4 = c0uS/cm: Conductivity [uS/cm]
# name 5 = specc: Specific Conductance [uS/cm]
# name 6 = ph: pH
# name 7 = orp: Oxidation Reduction Potential [mV]
# name 8 = flECO-AFL: Fluorescence, WET Labs ECO-AFL/FL [mg/m^3]
# name 9 = turbWETntu0: Turbidity, WET Labs ECO [NTU]
# name 10 = sal00: Salinity, Practical [PSU]
# name 11 = dz/dtM: Descent Rate [m/s]
# name 12 = prdM: Pressure, Strain Gauge [db]
# name 13 = prdE: Pressure, Strain Gauge [psi]
# name 14 = scan: Scan Count
# name 15 = par/sat/log: PAR/Logarithmic, Satlantic
# name 16 = flag:  0.000e+00
# span 0 =     -0.583,      7.248       
# span 1 =    11.7190,    28.8867       
# span 2 =    -0.0007,     9.6468       
# span 3 =     -0.006,    123.912       
# span 4 =   0.735573,  42.411895       
# span 5 =      0.752,     57.782       
# span 6 =      6.132,      8.532       
# span 7 = -1044.7585,   257.4552       
# span 8 =    -1.0311,     6.3647       
# span 9 =    -5.2598,    23.8386       
# span 10 =     0.0114,     0.0290      
# span 11 =     -0.014,      0.253      
# span 12 =     -0.571,      7.108      
# span 13 =     -0.828,     10.309      
# span 14 =          1,        549      
# span 15 = 1.2323e-01, 1.7278e+03      
# span 16 = 0.0000e+00, 0.0000e+00      
# interval = seconds: 0.25
# start_time = Aug 09 2018 21:12:31 [Instrument's time stamp, header]
# bad_flag = -9.990e-29
*END*
[from data line 426]
      4.312    12.9152     2.0621     19.350  37.208734     48.916      6.421   236.9744     1.6134     4.2069     0.0257      0.092      4.227      6.130        427 6.0723e+00 0.0000e+00
      4.328    12.8696     2.0777     19.476  37.263448     49.065      6.419   237.2773     1.6134     4.1129     0.0257      0.099      4.243      6.154        428 5.9821e+00 0.0000e+00
      4.339    12.8414     2.0901     19.572  37.311832     49.208      6.413   236.9744     1.5649     5.8317     0.0257      0.097      4.254      6.170        429 5.9778e+00 0.0000e+00
      4.345    12.8154     2.1164     19.802  37.267193     49.194      6.407   237.8452     1.5245     5.7914     0.0257      0.090      4.267      6.190        430 5.9009e+00 0.0000e+00
      4.374    12.7631     2.1370     19.983  37.259699     49.231      6.403   238.7159     1.5407     5.8854     0.0257      0.084      4.292      6.226        431 5.7031e+00 0.0000e+00
      4.412    12.7025     2.1448     20.041  37.261853     49.263      6.394   239.1702     1.5649     5.8183     0.0257      0.082      4.323      6.271        432 5.5574e+00 0.0000e+00
      4.437    12.6605     2.1597     20.162  37.264531     49.332      6.390   239.1702     1.5568     5.6571     0.0257      0.081      4.351      6.311        433 5.4633e+00 0.0000e+00
      4.461    12.6139     2.1659     20.208  37.315713     49.487      6.382   239.7002     1.5407     5.5900     0.0258      0.082      4.380      6.352        434 5.2939e+00 0.0000e+00
      4.501    12.5610     2.1893     20.421  37.376155     49.615      6.377   240.5330     1.5649     5.6169     0.0258      0.093      4.415      6.403        435 5.0697e+00 0.0000e+00
      4.543    12.5243     2.2144     20.644  37.367307     49.676      6.369   240.9873     1.5568     5.6571     0.0258      0.107      4.451      6.456        436 4.8767e+00 0.0000e+00
      4.572    12.4870     2.2420     20.891  37.326748     49.673      6.360   241.2523     1.5124     6.2211     0.0258      0.119      4.481      6.500        437 4.7617e+00 0.0000e+00
      4.596    12.4411     2.2681     21.129  37.308009     49.721      6.360   240.9873     1.4800     6.3017     0.0258      0.126      4.506      6.537        438 4.6565e+00 0.0000e+00
      4.620    12.3977     2.2974     21.397  37.272004     49.695      6.353   241.3659     1.4719     6.2883     0.0258      0.123      4.529      6.570        439 4.5416e+00 0.0000e+00
      4.640    12.3608     2.3289     21.689  37.252931     49.758      6.351   241.4416     1.5204     6.2748     0.0258      0.118      4.551      6.600        440 4.4132e+00 0.0000e+00
      4.662    12.3342     2.3621     21.995  37.213121     49.739      6.349   241.5552     1.4719     6.1137     0.0258      0.113      4.573      6.633        441 4.2741e+00 0.0000e+00
      4.687    12.3020     2.3868     22.226  37.143599     49.715      6.348   242.5773     1.4194     8.7590     0.0257      0.107      4.597      6.668        442 4.1603e+00 0.0000e+00
      4.713    12.2619     2.3922     22.285  37.072516     49.637      6.346   242.5773     1.4113     8.7321     0.0257      0.099      4.623      6.706        443 4.0216e+00 0.0000e+00
      4.743    12.2372     2.3987     22.348  37.004987     49.605      6.342   242.1987     1.3910     8.7590     0.0257      0.095      4.651      6.745        444 3.8612e+00 0.0000e+00
      4.769    12.2235     2.4061     22.411  36.960705     49.584      6.336   242.6152     1.4194     8.7993     0.0256      0.096      4.676      6.782        445 3.7459e+00 0.0000e+00
      4.793    12.2014     2.4041     22.379  37.008999     49.692      6.335   243.2209     1.5973     9.4304     0.0257      0.098      4.699      6.815        446 3.6117e+00 0.0000e+00
      4.814    12.1796     2.3974     22.303  36.974561     49.672      6.331   243.5238     1.5932     9.3498     0.0257      0.098      4.717      6.842        447 3.5715e+00 0.0000e+00
      4.825    12.1666     2.3862     22.185  36.914590     49.590      6.328   243.7888     1.6175     9.3230     0.0256      0.096      4.730      6.861        448 3.5435e+00 0.0000e+00
      4.832    12.1582     2.3666     21.994  36.935339     49.694      6.326   243.9402     1.6377     9.4841     0.0257      0.088      4.740      6.876        449 3.4742e+00 0.0000e+00
      4.845    12.1534     2.3614     21.938  36.919088     49.636      6.326   244.1673     0.9907     9.8601     0.0256      0.078      4.755      6.897        450 3.4058e+00 0.0000e+00
      4.869    12.1476     2.3543     21.866  36.934820     49.722      6.325   244.8109     0.9584     9.8601     0.0257      0.071      4.778      6.929        451 3.2357e+00 0.0000e+00
      4.900    12.1511     2.3379     21.708  36.915765     49.653      6.320   244.9245     0.9665     9.8467     0.0256      0.069      4.803      6.966        452 3.1348e+00 0.0000e+00
      4.923    12.1668     2.3265     21.597  36.972466     49.774      6.316   245.6816     0.9584     9.8198     0.0257      0.070      4.825      6.998        453 3.0916e+00 0.0000e+00
      4.936    12.1720     2.3119     21.459  37.012564     49.808      6.313   245.4923     0.9503     9.9809     0.0257      0.071      4.840      7.020        454 3.0404e+00 0.0000e+00
      4.947    12.1594     2.3029     21.374  36.954844     49.709      6.312   245.7573     0.9058    10.1152     0.0257      0.072      4.853      7.039        455 3.0121e+00 0.0000e+00
      4.963    12.1350     2.2949     21.298  36.955309     49.704      6.311   246.5523     0.8977    10.0078     0.0257      0.074      4.872      7.067        456 2.8947e+00 0.0000e+00
      4.996    12.1062     2.2843     21.204  37.011984     49.795      6.305   246.9688     0.9341    10.1018     0.0257      0.079      4.901      7.109        457 2.7433e+00 0.0000e+00
      5.033    12.0805     2.2724     21.091  37.032626     49.866      6.303   247.1202     0.8532    10.2226     0.0257      0.084      4.935      7.157        458 2.6152e+00 0.0000e+00
      5.064    12.0617     2.2667     21.027  37.018618     49.867      6.298   247.5366     0.8371    10.2898     0.0257      0.088      4.966      7.202        459 2.4895e+00 0.0000e+00
      5.094    12.0478     2.2612     20.965  36.999770     49.902      6.290   247.3095     0.8452    10.2495     0.0257      0.094      4.996      7.245        460 2.3938e+00 0.0000e+00
      5.124    12.0348     2.2556     20.905  37.026432     49.927      6.289   248.7102     0.8168    10.1689     0.0257      0.103      5.026      7.289        461 2.2882e+00 0.0000e+00
      5.156    12.0238     2.2545     20.889  37.044769     50.021      6.283   248.8238     0.8209    10.1689     0.0257      0.114      5.056      7.332        462 2.1864e+00 0.0000e+00
      5.185    12.0131     2.2508     20.849  36.976958     49.888      6.279   248.7102     0.6996     9.8869     0.0257      0.121      5.083      7.372        463 2.1021e+00 0.0000e+00
      5.208    12.0074     2.2429     20.772  37.021845     50.016      6.277   248.4831     0.6713     9.7661     0.0257      0.121      5.106      7.406        464 2.0267e+00 0.0000e+00
      5.228    12.0042     2.2287     20.637  37.018576     49.992      6.275   248.9752     0.6955     9.8332     0.0257      0.115      5.124      7.432        465 1.9825e+00 0.0000e+00
      5.238    12.0018     2.2152     20.509  36.951371     49.926      6.273   248.7481     0.6794     9.7392     0.0257      0.105      5.136      7.449        466 1.9769e+00 0.0000e+00
      5.245    12.0096     2.1979     20.346  36.957178     49.928      6.272   249.2402     0.6672     9.6318     0.0257      0.093      5.147      7.465        467 1.9429e+00 0.0000e+00
      5.263    12.0043     2.1682     20.069  36.952030     49.934      6.272   249.5052     0.6632     9.6989     0.0257      0.082      5.165      7.491        468 1.8658e+00 0.0000e+00
      5.293    11.9806     2.1487     19.886  36.928118     49.883      6.268   249.4295     0.6672     9.6855     0.0257      0.075      5.191      7.528        469 1.7925e+00 0.0000e+00
      5.322    11.9591     2.1163     19.582  36.897952     49.853      6.268   249.3538     0.6632     9.6855     0.0256      0.073      5.220      7.569        470 1.7409e+00 0.0000e+00
      5.352    11.9420     2.0874     19.312  36.900591     49.886      6.264   249.5431     0.7158     9.5647     0.0257      0.076      5.250      7.614        471 1.6579e+00 0.0000e+00
      5.387    11.9296     2.0511     18.973  36.895182     49.914      6.261   250.6031     0.6794     9.6587     0.0257      0.085      5.281      7.661        472 1.5419e+00 0.0000e+00
      5.418    11.9189     2.0262     18.739  36.904695     49.938      6.255   250.4516     0.7117     9.6318     0.0257      0.097      5.310      7.702        473 1.5008e+00 0.0000e+00
      5.438    11.9093     1.9951     18.449  36.948083     50.030      6.251   250.7545     0.7198     9.6318     0.0257      0.106      5.331      7.732        474 1.5041e+00 0.0000e+00
      5.451    11.9018     1.9606     18.126  36.989497     50.083      6.251   250.6788     0.5338    10.0346     0.0257      0.109      5.348      7.756        475 1.4591e+00 0.0000e+00
      5.470    11.8958     1.9254     17.799  37.001469     50.133      6.247   251.0952     0.5217    10.0481     0.0257      0.105      5.367      7.785        476 1.3817e+00 0.0000e+00
      5.498    11.8899     1.8797     17.374  37.022174     50.144      6.246   251.0195     0.5257    10.2092     0.0257      0.099      5.391      7.819        477 1.3739e+00 0.0000e+00
      5.521    11.8845     1.8256     16.873  37.052717     50.227      6.246   251.2466     0.5702    10.0346     0.0258      0.094      5.416      7.855        478 1.3243e+00 0.0000e+00
      5.549    11.8787     1.7666     16.325  37.022785     50.160      6.241   251.2845     0.4812     9.9406     0.0257      0.090      5.446      7.899        479 1.2403e+00 0.0000e+00
      5.591    11.8709     1.6971     15.682  37.029765     50.205      6.237   251.8145     0.4731    10.0884     0.0258      0.093      5.484      7.954        480 1.1662e+00 0.0000e+00
      5.637    11.8641     1.6396     15.150  37.073693     50.250      6.234   252.3823     0.4772    10.1152     0.0258      0.103      5.528      8.017        481 1.0390e+00 0.0000e+00
      5.681    11.8571     1.5773     14.574  37.146089     50.375      6.229   252.6473     0.4448    10.1018     0.0258      0.119      5.570      8.079        482 1.0030e+00 0.0000e+00
      5.721    11.8495     1.5215     14.058  37.265949     50.536      6.225   253.1395     0.5419    10.3032     0.0259      0.135      5.609      8.135        483 9.4156e-01 0.0000e+00
      5.756    11.8418     1.4799     13.674  37.310131     50.621      6.223   253.2152     0.5459    10.3703     0.0259      0.145      5.646      8.189        484 8.6471e-01 0.0000e+00
      5.795    11.8340     1.4404     13.308  37.387723     50.708      6.218   253.3666     0.5297    10.2361     0.0260      0.152      5.682      8.242        485 8.4431e-01 0.0000e+00
      5.832    11.8279     1.4182     13.102  37.466007     50.870      6.216   253.1016     0.5419    10.2092     0.0260      0.157      5.717      8.292        486 8.0376e-01 0.0000e+00
      5.863    11.8229     1.3887     12.828  37.450005     50.805      6.212   253.0638     0.5257    10.2495     0.0260      0.155      5.747      8.335        487 7.7810e-01 0.0000e+00
      5.886    11.8185     1.3742     12.693  37.526289     50.965      6.211   253.3666     0.5055    10.4778     0.0261      0.146      5.770      8.370        488 7.5867e-01 0.0000e+00
      5.904    11.8151     1.3435     12.409  37.549050     50.972      6.212   254.1616     0.4408    10.4643     0.0261      0.133      5.790      8.400        489 7.3974e-01 0.0000e+00
      5.927    11.8120     1.3111     12.109  37.540330     50.978      6.210   254.1995     0.4934    10.4241     0.0261      0.121      5.812      8.431        490 7.0647e-01 0.0000e+00
      5.953    11.8096     1.2713     11.741  37.537142     50.983      6.209   254.3131     0.4489    10.4912     0.0261      0.112      5.836      8.466        491 6.7612e-01 0.0000e+00
      5.976    11.8088     1.2342     11.398  37.582682     51.025      6.210   254.2752     0.4731    10.9612     0.0261      0.103      5.861      8.501        492 6.7910e-01 0.0000e+00
      6.001    11.8083     1.1826     10.921  37.661631     51.180      6.207   253.9724     0.4731    10.9477     0.0261      0.096      5.887      8.538        493 6.3723e-01 0.0000e+00
      6.033    11.8068     1.1295     10.430  37.646525     51.105      6.203   254.0859     0.4651    10.9209     0.0261      0.095      5.917      8.581        494 5.7666e-01 0.0000e+00
      6.066    11.8036     1.0764      9.940  37.720128     51.258      6.202   254.5781     0.4529    10.8806     0.0262      0.098      5.947      8.626        495 5.8755e-01 0.0000e+00
      6.095    11.8006     1.0264      9.478  37.807330     51.336      6.199   254.4645     0.5257    11.5386     0.0262      0.104      5.977      8.668        496 5.6394e-01 0.0000e+00
      6.123    11.7966     0.9865      9.109  37.893954     51.492      6.199   254.8809     0.5540    11.5251     0.0263      0.109      6.005      8.710        497 5.2243e-01 0.0000e+00
      6.155    11.7925     0.9645      8.906  37.968278     51.572      6.194   254.8431     0.5419    11.5386     0.0263      0.113      6.035      8.754        498 5.1405e-01 0.0000e+00
      6.186    11.7901     0.9401      8.680  38.041123     51.692      6.194   254.9188     0.5257    11.5789     0.0264      0.116      6.064      8.795        499 5.0003e-01 0.0000e+00
      6.209    11.7878     0.9276      8.564  38.099928     51.774      6.191   254.9188     0.4489    11.9011     0.0264      0.117      6.086      8.827        500 4.9036e-01 0.0000e+00
      6.222    11.7856     0.9115      8.415  38.162063     51.853      6.189   255.5245     0.4731    11.9817     0.0264      0.112      6.102      8.850        501 4.8879e-01 0.0000e+00
      6.236    11.7839     0.9004      8.312  38.171438     51.895      6.189   255.8652     0.4812    11.9280     0.0264      0.103      6.115      8.868        502 4.8058e-01 0.0000e+00
      6.245    11.7834     0.8852      8.171  38.117925     51.783      6.190   255.6002     0.4812    11.9280     0.0264      0.091      6.125      8.884        503 4.8157e-01 0.0000e+00
      6.255    11.7827     0.8639      7.975  38.139672     51.862      6.188   255.2595     0.4731    11.9951     0.0264      0.079      6.137      8.902        504 4.7335e-01 0.0000e+00
      6.276    11.7814     0.8348      7.705  38.114713     51.787      6.188   255.3731     0.4651    11.9280     0.0264      0.069      6.156      8.928        505 4.3470e-01 0.0000e+00
      6.302    11.7807     0.8000      7.383  38.148986     51.864      6.186   255.3731     0.5095    11.9548     0.0264      0.064      6.179      8.962        506 4.2692e-01 0.0000e+00
      6.324    11.7796     0.7655      7.063  38.274997     52.017      6.187   255.3352     0.5055    12.0220     0.0265      0.063      6.204      8.998        507 4.2704e-01 0.0000e+00
      6.354    11.7772     0.7230      6.671  38.343514     52.132      6.183   255.5245     0.4651    11.9548     0.0265      0.068      6.232      9.038        508 3.9187e-01 0.0000e+00
      6.386    11.7748     0.6690      6.172  38.330685     52.096      6.180   256.0924     0.4812    12.9485     0.0265      0.079      6.261      9.081        509 3.8026e-01 0.0000e+00
      6.414    11.7730     0.6025      5.559  38.379952     52.175      6.177   255.7895     0.4651    13.0559     0.0266      0.090      6.290      9.123        510 3.6563e-01 0.0000e+00
