Data/DataNotYetUploadedToEDI/Raw_CTD/RawDownloads/080918_fcr45.cnv
* Sea-Bird SBE19plus  Data File:
* FileName = C:\DATA\080918_bvr50_0007.hex
* Software version 2.6.3.104
* Temperature SN = 7809
* Conductivity SN = 7809
* System UpLoad Time = Aug 09 2018 20:26:51
* <ApplicationData>
* <Seaterm232>
# nquan = 17
# nvalues = 549                         
# units = specified
# name 0 = depFM: Depth [fresh water, m]
# name 1 = tv290C: Temperature [ITS-90, deg C]
# name 2 = sbeox0Mg/L: Oxygen, SBE 43 [mg/l]
# name 3 = sbeox0PS: Oxygen, SBE 43 [% saturation]
# name 4 = c0uS/cm: Conductivity [uS/cm]
# name 5 = specc: Specific Conductance [uS/cm]
# name 6 = ph: pH
# name 7 = orp: Oxidation Reduction Potential [mV]
# name 8 = flECO-AFL: Fluorescence, WET Labs ECO-AFL/FL [mg/m^3]
# name 9 = turbWETntu0: Turbidity, WET Labs ECO [NTU]
# name 10 = sal00: Salinity, Practical [PSU]
# name 11 = dz/dtM: Descent Rate [m/s]
# name 12 = prdM: Pressure, Strain Gauge [db]
# name 13 = prdE: Pressure, Strain Gauge [psi]
# name 14 = scan: Scan Count
# name 15 = par/sat/log: PAR/Logarithmic, Satlantic
# name 16 = flag:  0.000e+00
# span 0 =     -0.583,      7.248       
# span 1 =    11.7190,    28.8867       
# span 2 =    -0.0007,     9.6468       
# span 3 =     -0.006,    123.912       
# span 4 =   0.735573,  42.411895       
# span 5 =      0.752,     57.782       
# span 6 =      6.132,      8.532       
# span 7 = -1044.7585,   257.4552       
# span 8 =    -1.0311,     6.3647       
# span 9 =    -5.2598,    23.8386       
# span 10 =     0.0114,     0.0290      
# span 11 =     -0.014,      0.253      
# span 12 =     -0.571,      7.108      
# span 13 =     -0.828,     10.309      
# span 14 =          1,        549      
# span 15 = 1.2323e-01, 1.7278e+03      
# span 16 = 0.0000e+00, 0.0000e+00      
# interval = seconds: 0.25
# start_time = Aug 09 2018 21:12:31 [Instrument's time stamp, header]
# bad_flag = -9.990e-29
*END*
[from data line 511]
      6.472    11.7676     0.4408      4.066  38.534725     52.371      6.173   256.2816     0.4934    13.0559     0.0266      0.108      6.346      9.203        512 3.3997e-01 0.0000e+00
      6.496    11.7654     0.3483      3.212  38.635895     52.565      6.172   256.3574     0.4691    14.3316     0.0267      0.110      6.371      9.240        513 3.4043e-01 0.0000e+00
      6.523    11.7636     0.2615      2.412  38.601252     52.455      6.169   256.1681     0.4570    14.2644     0.0267      0.111      6.401      9.283        514 3.1888e-01 0.0000e+00
      6.562    11.7605     0.1800      1.660  38.726157     52.686      6.166   256.6224     0.4651    14.1839     0.0268      0.114      6.436      9.334        515 2.9292e-01 0.0000e+00
      6.602    11.7555     0.1124      1.037  38.925409     52.917      6.166   256.4709     0.4974    14.3047     0.0269      0.117      6.472      9.386        516 3.0322e-01 0.0000e+00
      6.632    11.7507     0.0590      0.544  39.213539     53.340      6.162   256.4331     0.6308    14.8956     0.0271      0.120      6.506      9.435        517 2.7563e-01 0.0000e+00
      6.668    11.7462     0.0248      0.229  39.465159     53.689      6.160   256.5845     0.5702    14.8150     0.0272      0.125      6.543      9.489        518 2.4651e-01 0.0000e+00
      6.717    11.7422     0.0094      0.087  39.591202     53.848      6.156   256.4331     0.5702    14.8687     0.0273      0.133      6.584      9.549        519 2.4758e-01 0.0000e+00
      6.756    11.7393    -0.0007     -0.006  39.679644     54.007      6.157   256.9252     0.6025    14.9358     0.0274      0.141      6.621      9.602        520 2.7066e-01 0.0000e+00
      6.781    11.7359    -0.0007     -0.006  39.770407     54.089      6.153   256.9631     0.7117    16.4532     0.0274      0.145      6.648      9.641        521 2.4744e-01 0.0000e+00
      6.800    11.7325     0.0059      0.055  39.982560     54.436      6.151   256.6981     0.7238    16.6009     0.0275      0.141      6.668      9.671        522 1.8638e-01 0.0000e+00
      6.816    11.7297     0.0154      0.142  40.068262     54.517      6.154   256.8495     0.6915    16.5203     0.0276      0.130      6.687      9.698        523 2.2093e-01 0.0000e+00
      6.839    11.7269     0.0241      0.222  40.286731     54.826      6.150   257.1145     0.6996    16.3995     0.0277      0.120      6.710      9.731        524 2.3592e-01 0.0000e+00
      6.870    11.7258     0.0408      0.377  40.392996     55.021      6.148   256.8116     0.5783    16.7083     0.0278      0.112      6.737      9.771        525 1.9495e-01 0.0000e+00
      6.899    11.7265     0.0485      0.448  40.381007     54.911      6.148   257.1145     0.6066    16.7486     0.0277      0.104      6.766      9.813        526 1.7484e-01 0.0000e+00
      6.928    11.7264     0.0591      0.545  40.420315     55.103      6.145   257.4552     0.6349    16.7352     0.0278      0.098      6.795      9.855        527 1.8160e-01 0.0000e+00
      6.959    11.7254     0.0628      0.579  40.344078     54.835      6.144   256.8495     0.6187    16.6949     0.0277      0.099      6.825      9.899        528 2.1270e-01 0.0000e+00
      6.991    11.7238     0.0743      0.686  40.683550     55.444      6.143   256.2059     0.5783    16.6278     0.0280      0.105      6.856      9.945        529 1.8141e-01 0.0000e+00
      7.024    11.7206     0.0801      0.738  41.036177     55.826      6.144   256.6602     0.8290    19.2059     0.0281      0.112      6.889      9.992        530 1.5692e-01 0.0000e+00
      7.059    11.7190     0.0835      0.771  41.299577     56.248      6.141   256.7738     0.8452    19.2999     0.0283      0.119      6.920     10.038        531 1.6032e-01 0.0000e+00
      7.089    11.7195     0.0897      0.827  41.483106     56.481      6.140   257.1145     0.8452    19.1791     0.0284      0.123      6.948     10.078        532 1.3580e-01 0.0000e+00
      7.110    11.7195     0.0931      0.859  41.430793     56.407      6.136   256.5088     0.8452    19.1656     0.0284      0.121      6.970     10.109        533 1.5566e-01 0.0000e+00
      7.124    11.7193     0.0950      0.877  41.483350     56.482      6.136   256.1681     2.0866    22.4555     0.0284      0.116      6.984     10.129        534 1.6260e-01 0.0000e+00
      7.130    11.7213     0.0993      0.916  41.477037     56.483      6.137   256.3574     2.0340    22.4555     0.0284      0.105      6.992     10.141        535 1.3209e-01 0.0000e+00
      7.136    11.7299     0.0993      0.915  41.379315     56.330      6.136   256.7738     2.0663    22.4286     0.0284      0.090      7.001     10.155        536 1.3010e-01 0.0000e+00
      7.154    11.7360     0.1003      0.925  41.367623     56.328      6.136   255.7895     2.1027    22.4286     0.0284      0.076      7.015     10.175        537 1.3242e-01 0.0000e+00
      7.171    11.7331 -9.990e-29 -9.990e-29  41.432252     56.390      6.136   255.7138     2.4667    23.6237     0.0284      0.065      7.030     10.196        538 1.2384e-01 0.0000e+00
      7.180    11.7313 -9.990e-29 -9.990e-29  41.476887     56.457      6.138   255.0702     2.4343    23.6640     0.0284      0.054      7.040     10.212        539 1.2887e-01 0.0000e+00
      7.188    11.7323 -9.990e-29 -9.990e-29  41.490078     56.461      6.132   254.7674     2.4424    23.6506     0.0284      0.047      7.049     10.224        540 1.5130e-01 0.0000e+00
      7.196    11.7374 -9.990e-29 -9.990e-29  41.475171     56.465      6.134   254.7674     2.4667    23.6640     0.0284      0.044      7.058     10.236        541 1.4364e-01 0.0000e+00
      7.206    11.7446 -9.990e-29 -9.990e-29  41.495439     56.462      6.133   254.3509     2.6284    23.6506     0.0284      0.043      7.069     10.253        542 1.2925e-01 0.0000e+00
      7.223    11.7410 -9.990e-29 -9.990e-29  41.524191     56.532      6.136   254.1238     2.5718    23.6371     0.0285      0.045      7.083     10.273        543 1.2323e-01 0.0000e+00
      7.238    11.7345 -9.990e-29 -9.990e-29  41.884407     56.938      6.136   253.8588     2.6082    23.8386     0.0286      0.046      7.095     10.291        544 1.3026e-01 0.0000e+00
      7.245    11.7316 -9.990e-29 -9.990e-29  42.411895     57.782      6.133   253.7831     2.6001    23.6371     0.0290      0.044      7.103     10.302        545 1.4554e-01 0.0000e+00
      7.247    11.7294 -9.990e-29 -9.990e-29  42.351166     57.601      6.137   253.5938     2.4788    22.8583     0.0289      0.041      7.106     10.307        546 1.3039e-01 0.0000e+00
      7.248    11.7292 -9.990e-29 -9.990e-29  42.048989     57.263      6.136   253.6316     2.4747    22.7778     0.0288      0.038      7.108     10.309        547 1.2614e-01 0.0000e+00
      7.248 -9.990e-29 -9.990e-29 -9.990e-29  41.868223     56.962      6.133   253.5181     2.4505    22.8180     0.0286      0.032      7.108     10.309        548 1.2868e-01 0.0000e+00
      7.248 -9.990e-29 -9.990e-29 -9.990e-29  41.775077     56.886      6.138   253.1395     2.4626    22.9255     0.0286      0.026      7.108     10.309        549 1.2436e-01 0.0000e+00
