Data/DataNotYetUploadedToEDI/Raw_CTD/RawDownloads/080918_bvr50.cnv
* Sea-Bird SBE19plus  Data File:
* FileName = C:\DATA\080918_bvr50_0002.hex
* Software version 2.6.3.104
* Temperature SN = 7809
* Conductivity SN = 7809
* System UpLoad Time = Aug 09 2018 20:25:19
* <ApplicationData>
* <Seaterm232>
# nquan = 17
# nvalues = 639                         
# units = specified
# name 0 = depFM: Depth [fresh water, m]
# name 1 = tv290C: Temperature [ITS-90, deg C]
# name 2 = sbeox0Mg/L: Oxygen, SBE 43 [mg/l]
# name 3 = sbeox0PS: Oxygen, SBE 43 [% saturation]
# name 4 = c0uS/cm: Conductivity [uS/cm]
# name 5 = specc: Specific Conductance [uS/cm]
# name 6 = ph: pH
# name 7 = orp: Oxidation Reduction Potential [mV]
# name 8 = flECO-AFL: Fluorescence, WET Labs ECO-AFL/FL [mg/m^3]
# name 9 = turbWETntu0: Turbidity, WET Labs ECO [NTU]
# name 10 = sal00: Salinity, Practical [PSU]
# name 11 = dz/dtM: Descent Rate [m/s]
# name 12 = prdM: Pressure, Strain Gauge [db]
# name 13 = prdE: Pressure, Strain Gauge [psi]
# name 14 = scan: Scan Count
# name 15 = par/sat/log: PAR/Logarithmic, Satlantic
# name 16 = flag:  0.000e+00
# span 0 =     -0.654,      8.906       
# span 1 =     8.0183,    26.9305       
# span 2 =    -0.9535,     8.8762       
# span 3 =    -10.741,    110.721       
# span 4 =   0.320350,  80.416943       
# span 5 =      1.008,    121.671       
# span 6 =      6.349,      8.589       
# span 7 = -1240.7455,   423.5350       
# span 8 =    -1.6740,     5.2972       
# span 9 =     0.7425,    14.5464       
# span 10 =     0.0124,     0.0561      
# span 11 =     -0.204,      0.264      
# span 12 =     -0.641,      8.733      
# span 13 =     -0.929,     12.666      
# span 14 =          1,        639      
# span 15 = 1.2311e-01, 2.4420e+03      
# span 16 = 0.0000e+00, 0.0000e+00      
# interval = seconds: 0.25
# start_time = Aug 09 2018 15:32:04 [Instrument's time stamp, header]
# bad_flag = -9.990e-29
*END*
[from data line 511]
      7.844     8.2934     0.0858      0.732  72.248563    108.423      6.696   -18.4106     1.3587     1.6959     0.0502      0.134      7.688     11.151        512 1.2553e-01 0.0000e+00
      7.858     8.2984     0.0898      0.765  72.025308    108.219      6.703   -18.7513     1.3304     1.6422     0.0501      0.117      7.702     11.171        513 1.2537e-01 0.0000e+00
      7.859     8.3005     0.0892      0.759  71.649631    107.509      6.709   -20.4170     1.3708     1.6422     0.0497      0.095      7.708     11.180        514 1.2551e-01 0.0000e+00
      7.862     8.3027     0.0923      0.785  71.557295    107.533      6.711   -21.8556     1.3587     1.7362     0.0497      0.076      7.715     11.190        515 1.2546e-01 0.0000e+00
      7.880     8.3250     0.0945      0.803  71.337983    107.024      6.716   -22.0070     1.3142     1.6422     0.0495      0.066      7.730     11.211        516 1.2550e-01 0.0000e+00
      7.903     8.3703     0.0967      0.822  70.555823    106.047      6.722   -22.6506     1.2859     1.6422     0.0491      0.061      7.748     11.237        517 1.2548e-01 0.0000e+00
      7.917     8.4072     0.0968      0.822  69.529881    104.177      6.728   -23.3320     1.3061     1.6556     0.0482      0.055      7.762     11.257        518 1.2543e-01 0.0000e+00
      7.923     8.4445     0.0956      0.813  68.871262    103.312      6.733   -24.2784     1.2697     1.6556     0.0479      0.049      7.769     11.268        519 1.2567e-01 0.0000e+00
      7.927     8.4712     0.0936      0.796  68.315397    102.116      6.735   -25.0734     1.2980     1.6690     0.0473      0.045      7.775     11.276        520 1.2556e-01 0.0000e+00
      7.934     8.4510     0.0924      0.785  68.439120    102.375      6.740   -25.3385     1.4072     1.6825     0.0475      0.043      7.785     11.291        521 1.2547e-01 0.0000e+00
      7.954     8.3913     0.0915      0.777  70.054154    104.508      6.742   -26.0577     1.4517     1.6288     0.0485      0.046      7.802     11.316        522 1.2559e-01 0.0000e+00
      7.979     8.3280     0.0957      0.812  72.514901    108.507      6.744   -26.1335     1.4355     1.6288     0.0503      0.050      7.824     11.348        523 1.2555e-01 0.0000e+00
      8.001     8.2891     0.1045      0.887  73.755457    110.420      6.748   -26.6256     1.4396     1.6153     0.0511      0.052      7.848     11.382        524 1.2553e-01 0.0000e+00
      8.026     8.2643     0.0921      0.782  73.769573    110.676      6.750   -27.3827     1.3951     1.9107     0.0512      0.058      7.870     11.415        525 1.2551e-01 0.0000e+00
      8.049     8.2483     0.0948      0.805  73.983129    111.096      6.748   -27.5720     1.4517     1.8705     0.0514      0.068      7.890     11.443        526 1.2552e-01 0.0000e+00
      8.060     8.2459     0.0893      0.759  74.321774    111.727      6.749   -28.2535     1.4355     1.9376     0.0516      0.075      7.903     11.463        527 1.2535e-01 0.0000e+00
      8.070     8.2524     0.0981      0.833  74.269354    111.697      6.751   -28.8213     1.4436     1.9107     0.0516      0.077      7.913     11.477        528 1.2535e-01 0.0000e+00
      8.077     8.2661     0.0944      0.802  73.988947    111.241      6.756   -29.3892     1.4881     1.9645     0.0514      0.074      7.921     11.488        529 1.2548e-01 0.0000e+00
      8.083     8.2732     0.0886      0.752  73.898124    111.136      6.762   -29.9949     1.4881     1.9242     0.0514      0.064      7.930     11.502        530 1.2551e-01 0.0000e+00
      8.101     8.2591     0.0942      0.800  74.114932    111.341      6.764   -31.0170     1.4679     1.9107     0.0515      0.056      7.947     11.526        531 1.2552e-01 0.0000e+00
      8.127     8.2374     0.0920      0.781  74.848343    112.495      6.768   -31.7742     1.4881     1.8167     0.0520      0.053      7.968     11.556        532 1.2556e-01 0.0000e+00
      8.146     8.2260     0.0902      0.765  75.154712    113.006      6.771   -32.5692     1.5407     2.0853     0.0522      0.053      7.986     11.583        533 1.2562e-01 0.0000e+00
      8.157     8.2277     0.0957      0.812  75.100644    112.914      6.776   -32.7585     1.5649     2.1122     0.0522      0.054      8.000     11.603        534 1.2564e-01 0.0000e+00
      8.170     8.2359     0.0948      0.805  75.153385    113.161      6.777   -33.5913     1.5568     2.1659     0.0523      0.058      8.011     11.618        535 1.2558e-01 0.0000e+00
      8.177     8.2460     0.0853      0.724  75.029655    112.821      6.784   -34.1970     1.5568     2.0719     0.0521      0.059      8.020     11.631        536 1.2548e-01 0.0000e+00
      8.184     8.2544     0.0875      0.742  75.076321    112.999      6.787   -35.1056     1.5649     2.0719     0.0522      0.057      8.031     11.648        537 1.2546e-01 0.0000e+00
      8.208     8.2430     0.0937      0.795  75.184455    113.012      6.787   -35.9006     1.5407     2.1659     0.0522      0.057      8.052     11.678        538 1.2551e-01 0.0000e+00
      8.239     8.2191     0.0886      0.752  75.459709    113.483      6.793   -36.3171     1.5407     2.0316     0.0524      0.058      8.077     11.714        539 1.2548e-01 0.0000e+00
      8.260     8.2063     0.0905      0.768  75.714456    113.862      6.797   -36.6578     1.5730     2.1659     0.0526      0.061      8.097     11.744        540 1.2543e-01 0.0000e+00
      8.271     8.2047     0.0892      0.756  75.580667    113.776      6.801   -36.9228     1.4881     2.1122     0.0525      0.064      8.111     11.764        541 1.2549e-01 0.0000e+00
      8.281     8.2066     0.0868      0.736  75.596506    113.778      6.804   -37.9449     1.4800     2.1122     0.0525      0.067      8.124     11.783        542 1.2542e-01 0.0000e+00
      8.301     8.2051     0.0895      0.759  75.783913    114.162      6.807   -38.3613     1.4840     2.0182     0.0527      0.070      8.140     11.806        543 1.2543e-01 0.0000e+00
      8.319     8.2035     0.0925      0.784  76.001252    114.367      6.809   -38.5506     1.4962     2.0853     0.0528      0.072      8.155     11.828        544 1.2549e-01 0.0000e+00
      8.327     8.2067     0.0858      0.728  76.068996    114.624      6.811   -39.0049     1.4921     1.8436     0.0529      0.069      8.168     11.847        545 1.2544e-01 0.0000e+00
      8.343     8.2069     0.0889      0.755  76.085950    114.463      6.814   -39.9513     1.4800     1.9107     0.0529      0.062      8.181     11.866        546 1.2540e-01 0.0000e+00
      8.355     8.2036     0.0934      0.793  76.307062    114.998      6.818   -40.1028     1.4800     1.8167     0.0531      0.057      8.193     11.883        547 1.2545e-01 0.0000e+00
      8.362     8.1995     0.0897      0.761  76.239610    114.703      6.821   -40.5949     1.5043     1.8436     0.0530      0.053      8.207     11.903        548 1.2553e-01 0.0000e+00
      8.391     8.1868     0.0869      0.738  76.348206    115.009      6.823   -41.2385     1.4800     1.8705     0.0531      0.056      8.231     11.938        549 1.2545e-01 0.0000e+00
      8.426     8.1683     0.0924      0.784  76.825746    115.656      6.824   -41.1628     1.4800     2.0047     0.0534      0.063      8.262     11.983        550 1.2537e-01 0.0000e+00
      8.457     8.1562     0.0970      0.822  77.071871    116.164      6.825   -41.3142     1.4800     2.1256     0.0536      0.072      8.292     12.026        551 1.2544e-01 0.0000e+00
      8.484     8.1507     0.0909      0.770  77.111839    116.189      6.831   -42.0335     1.4962     2.1122     0.0536      0.082      8.314     12.058        552 1.2550e-01 0.0000e+00
      8.492     8.1529     0.0984      0.834  77.102945    116.314      6.831   -42.2228     1.4921     1.9913     0.0537      0.088      8.323     12.072        553 1.2545e-01 0.0000e+00
      8.486     8.1633     0.0912      0.772  76.934352    115.996      6.835   -43.3206     1.4881     1.8167     0.0535      0.084      8.324     12.073        554 1.2540e-01 0.0000e+00
      8.488     8.1734     0.0904      0.766  76.756973    115.778      6.839   -43.4721     1.4800     1.9376     0.0534      0.076      8.325     12.074        555 1.2534e-01 0.0000e+00
      8.494     8.1802     0.0920      0.780  76.669846    115.570      6.842   -44.1535     1.4881     1.9107     0.0533      0.063      8.329     12.081        556 1.2549e-01 0.0000e+00
      8.499     8.1851     0.0838      0.711  76.596972    115.453      6.844   -44.0021     1.4881     1.9107     0.0533      0.045      8.333     12.087        557 1.2564e-01 0.0000e+00
      8.500     8.1962     0.0807      0.684  76.788214    115.681      6.849   -44.2292     1.4355     1.6825     0.0534      0.029      8.336     12.091        558 1.2547e-01 0.0000e+00
      8.501     8.2015     0.0863      0.732  76.758760    115.707      6.851   -44.5699     1.4234     1.7093     0.0534      0.016      8.341     12.098        559 1.2543e-01 0.0000e+00
      8.517     8.1838     0.0891      0.756  76.871378    115.669      6.852   -45.2135     1.4032     1.5885     0.0534      0.013      8.353     12.115        560 1.2544e-01 0.0000e+00
      8.534     8.1589     0.0861      0.730  77.391064    116.658      6.858   -45.4028     1.4396     1.7228     0.0539      0.019      8.367     12.136        561 1.2544e-01 0.0000e+00
      8.544     8.1367     0.0912      0.773  77.508877    116.683      6.860   -45.6678     1.5124     1.8436     0.0539      0.028      8.378     12.151        562 1.2542e-01 0.0000e+00
      8.550     8.1228     0.0895      0.759  77.705556    117.233      6.863   -46.0464     1.4921     1.8302     0.0541      0.032      8.384     12.161        563 1.2551e-01 0.0000e+00
      8.556     8.1274     0.0858      0.728  77.651583    117.144      6.864   -46.5385     1.4840     1.8705     0.0540      0.034      8.389     12.167        564 1.2558e-01 0.0000e+00
      8.555     8.1400     0.0926      0.785  77.457184    116.898      6.866   -46.4249     1.4962     1.9645     0.0539      0.034      8.389     12.168        565 1.2531e-01 0.0000e+00
      8.553     8.1453     0.0849      0.719  77.531400    117.050      6.870   -46.8414     1.5609     1.9107     0.0540      0.031      8.389     12.167        566 1.2534e-01 0.0000e+00
      8.555     8.1483     0.0753      0.637  77.351173    116.667      6.871   -47.1064     1.5771     1.8705     0.0538      0.025      8.391     12.169        567 1.2555e-01 0.0000e+00
      8.559     8.1546     0.0831      0.703  77.235652    116.521      6.875   -47.5607     1.5366     1.9242     0.0538      0.017      8.393     12.172        568 1.2541e-01 0.0000e+00
      8.559     8.1614     0.0844      0.715  77.229346    116.470      6.878   -47.2957     1.5285     1.8302     0.0537      0.010      8.395     12.176        569 1.2535e-01 0.0000e+00
      8.565     8.1632     0.0833      0.705  77.061810    116.234      6.878   -47.9014     1.5892     1.7899     0.0536      0.007      8.402     12.187        570 1.2553e-01 0.0000e+00
      8.582     8.1503     0.0924      0.782  77.206379    116.340      6.884   -48.1664     1.5811     1.8839     0.0537      0.011      8.416     12.207        571 1.2545e-01 0.0000e+00
      8.599     8.1430     0.0872      0.738  77.495238    116.920      6.884   -48.2799     1.5649     1.9242     0.0540      0.018      8.430     12.227        572 1.2540e-01 0.0000e+00
      8.605     8.1476     0.0828      0.701  77.445347    116.716      6.884   -48.6964     1.5326     1.9107     0.0539      0.026      8.439     12.239        573 1.2546e-01 0.0000e+00
      8.611     8.1436     0.0871      0.737  77.654847    117.207      6.889   -48.8478     1.5609     1.8436     0.0541      0.032      8.445     12.249        574 1.2546e-01 0.0000e+00
      8.619     8.1329     0.0881      0.746  77.769503    117.272      6.890   -49.0371     1.6822     2.0853     0.0541      0.035      8.455     12.263        575 1.2548e-01 0.0000e+00
      8.636     8.1164     0.0889      0.752  77.926804    117.542      6.895   -49.4157     1.6943     2.1390     0.0542      0.040      8.471     12.286        576 1.2546e-01 0.0000e+00
      8.659     8.1006     0.0855      0.724  78.380465    118.297      6.897   -49.7564     1.6862     2.0853     0.0546      0.046      8.489     12.312        577 1.2563e-01 0.0000e+00
      8.672     8.0936     0.0847      0.717  78.512704    118.526      6.898   -49.6807     1.6903     2.0450     0.0547      0.049      8.503     12.333        578 1.2562e-01 0.0000e+00
      8.682     8.0910     0.0799      0.676  78.505303    118.584      6.902   -50.0592     1.7550     2.2867     0.0547      0.049      8.514     12.349        579 1.2548e-01 0.0000e+00
      8.692     8.0897     0.0846      0.716  78.508581    118.607      6.902   -50.0971     1.7388     2.2733     0.0547      0.050      8.523     12.361        580 1.2558e-01 0.0000e+00
      8.697     8.0853     0.0946      0.801  78.597801    118.745      6.902   -50.2864     1.7428     2.2867     0.0547      0.051      8.530     12.371        581 1.2552e-01 0.0000e+00
      8.704     8.0828     0.0883      0.747  78.750945    119.002      6.905   -50.6650     1.7752     2.2330     0.0549      0.049      8.535     12.380        582 1.2554e-01 0.0000e+00
      8.711     8.0837     0.0859      0.727  78.763838    119.019      6.907   -51.0435     1.6984     2.1390     0.0549      0.044      8.540     12.387        583 1.2553e-01 0.0000e+00
      8.711     8.0823     0.0822      0.696  78.730373    118.985      6.910   -51.1571     1.6903     2.0719     0.0549      0.035      8.542     12.390        584 1.2546e-01 0.0000e+00
      8.711     8.0821     0.0909      0.770  78.762872    119.024      6.911   -51.3842     1.7064     2.1659     0.0549      0.026      8.544     12.393        585 1.2543e-01 0.0000e+00
      8.717     8.0849     0.0896      0.759  78.753117    119.030      6.913   -51.4221     1.6822     2.0853     0.0549      0.021      8.549     12.399        586 1.2546e-01 0.0000e+00
      8.723     8.0887     0.0882      0.747  78.801958    119.072      6.914   -51.9521     1.8075     2.2196     0.0549      0.018      8.553     12.405        587 1.2545e-01 0.0000e+00
      8.724     8.0887     0.0864      0.732  78.791259    119.105      6.916   -52.3685     1.8156     2.2464     0.0549      0.015      8.558     12.412        588 1.2545e-01 0.0000e+00
      8.733     8.0848     0.0826      0.700  78.796153    119.006      6.918   -52.5957     1.7995     2.3673     0.0549      0.015      8.566     12.424        589 1.2569e-01 0.0000e+00
      8.748     8.0808     0.0844      0.715  78.974202    119.386      6.920   -53.0121     1.8156     2.2330     0.0550      0.018      8.576     12.439        590 1.2563e-01 0.0000e+00
      8.756     8.0762     0.0815      0.692  78.896632    119.190      6.920   -53.3528     1.6418     2.1927     0.0549      0.022      8.585     12.451        591 1.2552e-01 0.0000e+00
      8.758     8.0767     0.0889      0.753  78.922413    119.288      6.921   -53.5421     1.6296     2.3136     0.0550      0.026      8.590     12.459        592 1.2553e-01 0.0000e+00
      8.765     8.0847     0.0804      0.682  79.031291    119.476      6.922   -54.3371     1.6175     2.2330     0.0551      0.028      8.596     12.467        593 1.2550e-01 0.0000e+00
      8.773     8.0929     0.0847      0.718  78.880031    119.219      6.923   -54.7157     1.5973     2.1793     0.0550      0.029      8.602     12.476        594 1.2547e-01 0.0000e+00
      8.775     8.1018     0.0784      0.664  78.872869    119.190      6.926   -55.3593     1.6175     1.8302     0.0549      0.028      8.604     12.480        595 1.2543e-01 0.0000e+00
