Data/DataNotYetUploadedToEDI/Raw_CTD/RawDownloads/080918_fcr10.cnv
* Sea-Bird SBE19plus  Data File:
* FileName = C:\DATA\080918_bvr50_0004.hex
* Software version 2.6.3.104
* Temperature SN = 7809
* Conductivity SN = 7809
* System UpLoad Time = Aug 09 2018 20:25:57
* <ApplicationData>
* <Seaterm232>
# nquan = 17
# nvalues = 376                         
# units = specified
# name 0 = depFM: Depth [fresh water, m]
# name 1 = tv290C: Temperature [ITS-90, deg C]
# name 2 = sbeox0Mg/L: Oxygen, SBE 43 [mg/l]
# name 3 = sbeox0PS: Oxygen, SBE 43 [% saturation]
# name 4 = c0uS/cm: Conductivity [uS/cm]
# name 5 = specc: Specific Conductance [uS/cm]
# name 6 = ph: pH
# name 7 = orp: Oxidation Reduction Potential [mV]
# name 8 = flECO-AFL: Fluorescence, WET Labs ECO-AFL/FL [mg/m^3]
# name 9 = turbWETntu0: Turbidity, WET Labs ECO [NTU]
# name 10 = sal00: Salinity, Practical [PSU]
# name 11 = dz/dtM: Descent Rate [m/s]
# name 12 = prdM: Pressure, Strain Gauge [db]
# name 13 = prdE: Pressure, Strain Gauge [psi]
# name 14 = scan: Scan Count
# name 15 = par/sat/log: PAR/Logarithmic, Satlantic
# name 16 = flag:  0.000e+00
# span 0 =     -0.554,      2.620       
# span 1 =    20.3663,    35.3243       
# span 2 =    -0.1714,    10.7628       
# span 3 =     -2.010,    135.387       
# span 4 =   0.486183, 114.524428       
# span 5 =      0.607,    128.275       
# span 6 =      6.011,      8.466       
# span 7 = -1240.7455,   348.1233       
# span 8 =    -0.2224,     8.6211       
# span 9 =    -0.8823,     5.6571       
# span 10 =     0.0150,     0.0636      
# span 11 =     -0.029,      0.285      
# span 12 =     -0.543,      2.568      
# span 13 =     -0.788,      3.724      
# span 14 =          1,        376      
# span 15 = 1.2963e+01, 2.1417e+03      
# span 16 = 0.0000e+00, 0.0000e+00      
# interval = seconds: 0.25
# start_time = Aug 09 2018 20:45:35 [Instrument's time stamp, header]
# bad_flag = -9.990e-29
*END*
     -0.553    35.3217     7.3476    105.983   0.822550      0.677      6.208 -1240.7455    -0.2143    -0.1974     0.0151 -2.105e-16     -0.542     -0.787          1 9.0844e+01 0.0000e+00
     -0.554    35.3220     7.3542    106.044   0.865542      0.723      6.212 -1240.7455    -0.1819    -0.2646     0.0151     -0.000     -0.543     -0.787          2 4.1124e+02 0.0000e+00
     -0.553    35.3210     7.3575    106.073   0.788712      0.653      6.199 -1240.7455    -0.1981    -0.1974     0.0151     -0.000     -0.543     -0.787          3 1.6856e+03 0.0000e+00
     -0.554    35.3199     7.3644    106.135   0.740530      0.607      6.113 -1240.7455    -0.1941    -0.1706     0.0151     -0.000     -0.543     -0.788          4 2.1417e+03 0.0000e+00
     -0.554    35.3198     7.3700    106.155   0.777476      0.653      6.189 -1240.7455    -0.1900    -0.1169     0.0151     -0.000     -0.543     -0.788          5 1.7195e+03 0.0000e+00
     -0.553    35.3212     7.3750    106.180   0.742734      0.607      6.184 -1240.7455    -0.2143    -0.0900     0.0151     -0.000     -0.543     -0.788          6 8.9259e+02 0.0000e+00
     -0.554    35.3243     7.3856    106.178   0.724556      0.607      6.125 -1240.7455    -0.1819    -0.1706     0.0151     -0.000     -0.543     -0.788          7 1.7818e+03 0.0000e+00
     -0.554    35.3127     7.5663    106.456   0.740887      0.607      6.092 -1240.7455    -0.1860    -0.2512     0.0151     -0.000     -0.543     -0.788          8 1.8078e+03 0.0000e+00
     -0.553    35.2554     7.7911    106.623   0.781621      0.653      6.122 -1240.7455    -0.2224    -0.2243     0.0151     -0.000     -0.542     -0.787          9 3.0592e+02 0.0000e+00
     -0.553    35.1891     7.9464    106.771   0.792286      0.654      6.144 -1240.7455    -0.1819    -0.1974     0.0151      0.000     -0.542     -0.787         10 1.8723e+02 0.0000e+00
     -0.553    35.1431     8.0989    107.052   0.727614      0.608      6.162 -1240.7455    -0.1860    -0.1840     0.0151      0.000     -0.543     -0.787         11 2.0593e+02 0.0000e+00
     -0.554    35.1291     8.2344    107.476   0.802892      0.655      6.175 -1240.7455    -0.1941    -0.1840     0.0150      0.000     -0.543     -0.788         12 1.8956e+02 0.0000e+00
     -0.554    35.1087     8.3473    108.032   0.698605      0.609      6.181 -1240.7455    -0.1941    -0.3049     0.0150      0.000     -0.543     -0.788         13 1.9854e+02 0.0000e+00
     -0.553    35.1021     8.4559    108.834   0.827794      0.632      6.030 -1240.7455    -0.2062    -0.3989     0.0150      0.000     -0.542     -0.787         14 2.0843e+02 0.0000e+00
     -0.553    35.0427     8.5565    109.739   0.671725      0.656      6.011 -1240.7455    -0.2143    -0.3720     0.0150      0.000     -0.542     -0.787         15 1.3920e+02 0.0000e+00
     -0.553    35.0557     8.6350    110.496   0.922436      0.610      6.108 -1240.7455    -0.2062    -0.2377     0.0150      0.000     -0.542     -0.787         16 2.5724e+02 0.0000e+00
     -0.554    34.8956     8.7163    111.359   0.486183      0.656      6.150 -1240.7455    -0.2062    -0.7883     0.0150     -0.000     -0.541     -0.785         17 5.1693e+02 0.0000e+00
     -0.553    33.6352     8.7370    111.567   1.273844      0.657      6.186 -1240.7455    -0.1941    -0.7614     0.0150      0.000     -0.524     -0.760         18 9.5116e+02 0.0000e+00
     -0.494    31.9956     8.7512    111.722  14.216820     11.831      6.322 -1240.7455    -0.1941    -0.8017     0.0174      0.016     -0.473     -0.686         19 1.9281e+03 0.0000e+00
     -0.403    30.8863     8.7632    111.764  31.867386     27.408      6.696   348.1233    -0.1981    -0.8823     0.0227      0.051     -0.393     -0.571         20 2.0432e+03 0.0000e+00
     -0.308    29.9527     8.7546    111.523  38.904985     34.213      7.287   299.9689     1.3263     5.5631     0.0250      0.102     -0.308     -0.448         21 1.9456e+03 0.0000e+00
     -0.235    29.2136     8.7422    111.255  38.959821     34.800      7.650   274.9831     1.3506     5.6303     0.0250      0.155     -0.236     -0.343         22 1.8577e+03 0.0000e+00
     -0.183    28.7339     8.6988    110.622  38.798760     35.328      7.816   261.5817     1.3263     5.6571     0.0250      0.201     -0.174     -0.252         23 1.9172e+03 0.0000e+00
     -0.110    28.4146     8.3724    106.436  38.809302     35.777      7.889   251.1709     1.3668     5.4960     0.0250      0.242     -0.107     -0.155         24 1.6684e+03 0.0000e+00
     -0.034    28.2161     8.2713    105.182  38.739457     36.048      7.930   246.1738     2.7012     2.1524     0.0250      0.274     -0.042     -0.060         25 3.2522e+02 0.0000e+00
      0.016    28.0848     8.4125    107.053  38.796966     36.313      7.917   242.7666     2.6931     2.1659     0.0250      0.285      0.008      0.011         26 2.3567e+01 0.0000e+00
      0.041    27.9978     8.5411    108.812  38.915883     36.555      7.879   238.7537     2.7174     2.0853     0.0251      0.266      0.037      0.052         27 1.6231e+02 0.0000e+00
      0.054    27.9671     8.5637    109.206  39.036513     36.775      7.845   227.5480     2.7133     2.1390     0.0252      0.231      0.054      0.077         28 7.5499e+01 0.0000e+00
      0.070    27.9526     8.5471    109.088  39.002864     36.784      7.825   225.5794     2.6931     2.1927     0.0251      0.193      0.067      0.097         29 1.0488e+02 0.0000e+00
      0.081    27.8980     8.4769    108.276  39.046791     36.857      7.779   242.9180     3.6595     2.4344     0.0252      0.159      0.076      0.111         30 6.3110e+01 0.0000e+00
      0.081    27.8308     8.3591    106.830  39.041193     36.866      7.741   239.7759     3.6757     2.3270     0.0252      0.123      0.079      0.115         31 8.4719e+01 0.0000e+00
      0.081    27.7760     8.3184    106.359  38.920858     36.773      7.737   239.0187     3.6838     2.3673     0.0251      0.083      0.078      0.114         32 7.4099e+01 0.0000e+00
      0.079    27.7342     8.2551    105.568  38.899947     36.820      7.743   239.2459     3.6797     2.3941     0.0251      0.049      0.077      0.112         33 8.1653e+01 0.0000e+00
      0.078    27.7170     8.1128    103.754  38.829949     36.779      7.763   238.1859     3.8658     2.1390     0.0251      0.028      0.076      0.110         34 7.5277e+01 0.0000e+00
      0.076    27.7319     7.9781    102.046  38.741039     36.728      7.782   235.3466     3.8819     2.1390     0.0250      0.015      0.075      0.109         35 7.9882e+01 0.0000e+00
      0.077    27.7734     7.8637    100.587  38.684333     36.688      7.800   232.6966     3.8536     2.1256     0.0250      0.006      0.075      0.109         36 8.1016e+01 0.0000e+00
      0.077    27.8342     7.7429     99.043  38.633570     36.624      7.817   231.5609     3.8779     2.2196     0.0250     -0.000      0.074      0.108         37 8.1885e+01 0.0000e+00
      0.075    27.8904     7.6741     98.190  38.863530     36.808      7.832   231.7123     3.5180     2.1927     0.0251     -0.003      0.073      0.106         38 8.1316e+01 0.0000e+00
      0.073    27.9388     7.6039     97.311  39.465978     37.346      7.852   220.8094     3.5463     2.1390     0.0253     -0.004      0.072      0.104         39 8.2868e+01 0.0000e+00
      0.073    27.9816     7.5028     96.010  40.049196     37.862      7.871   220.3551     3.5099     2.0853     0.0255     -0.003      0.071      0.103         40 8.1700e+01 0.0000e+00
      0.072    28.0138     7.3949     94.617  40.540440     38.276      7.891   220.7337     3.5261     2.0853     0.0257     -0.003      0.070      0.102         41 8.0708e+01 0.0000e+00
      0.070    28.0393     7.3014     93.404  40.931104     38.640      7.900   221.2258     3.4695     1.9645     0.0259     -0.004      0.069      0.101         42 8.1421e+01 0.0000e+00
      0.070    28.0495     7.2091     92.201  40.957242     38.617      7.909   220.1658     3.5180     2.0584     0.0259     -0.004      0.070      0.102         43 8.0290e+01 0.0000e+00
      0.075    28.0528     7.0820     90.559  40.863872     38.519      7.928   221.6801     3.4937     2.0182     0.0258     -0.003      0.074      0.108         44 7.7434e+01 0.0000e+00
      0.083    28.0611     6.9926     89.426  40.898962     38.538      7.948   227.6994     3.4978     1.9779     0.0259      0.001      0.080      0.117         45 7.7718e+01 0.0000e+00
      0.088    28.0635     7.0009     89.562  40.943233     38.589      7.972   227.8508     3.2713     2.1122     0.0259      0.006      0.085      0.123         46 7.6079e+01 0.0000e+00
      0.088    28.0650     7.1002     90.865  40.897770     38.530      7.988   225.2766     3.2916     2.1927     0.0259      0.009      0.086      0.124         47 7.5117e+01 0.0000e+00
      0.086    28.0794     7.2443     92.733  40.836876     38.476      8.007   223.9894     3.2916     2.1927     0.0258      0.010      0.085      0.123         48 7.6803e+01 0.0000e+00
      0.086    28.0904     7.3930     94.660  40.781691     38.422      8.024   222.5508     3.2996     2.1659     0.0258      0.010      0.085      0.123         49 7.4819e+01 0.0000e+00
      0.086    28.0869     7.5641     96.876  40.580797     38.227      8.036   222.5130     3.2673     2.1793     0.0257      0.009      0.086      0.124         50 7.4320e+01 0.0000e+00
      0.089    28.0791     7.7457     99.223  40.345258     37.982      8.047   223.0051     3.3563     2.1927     0.0256      0.007      0.087      0.126         51 7.4127e+01 0.0000e+00
      0.090    28.0698     7.9105    101.351  40.273865     37.932      8.055   222.6265     3.3522     2.1256     0.0256      0.005      0.088      0.127         52 7.1966e+01 0.0000e+00
      0.090    28.0559     8.0297    102.889  40.284007     37.938      8.063   223.3837     3.3886     2.0719     0.0256      0.002      0.088      0.127         53 7.1798e+01 0.0000e+00
      0.089    28.0458     8.0976    103.770  40.273313     37.944      8.067   222.9294     3.3684     2.1659     0.0256      0.001      0.087      0.125         54 7.2440e+01 0.0000e+00
      0.086    28.0517     8.1116    103.956  40.227851     37.901      8.060   222.6644     3.0651     1.9645     0.0256      0.001      0.085      0.123         55 7.2015e+01 0.0000e+00
      0.085    28.0705     8.1031    103.859  40.162604     37.857      8.064   222.1723     3.0772     2.0584     0.0256     -0.000      0.084      0.122         56 7.1779e+01 0.0000e+00
      0.086    28.0906     8.0811    103.581  40.117201     37.799      8.075   222.0587     3.1015     1.9645     0.0256     -0.001      0.084      0.122         57 7.2303e+01 0.0000e+00
      0.085    28.1051     8.0479    103.137  40.106367     37.786      8.089   221.7558     3.0853     2.0316     0.0256     -0.002      0.084      0.122         58 7.2913e+01 0.0000e+00
      0.085    28.1194     8.0273    102.829  40.057423     37.719      8.101   220.8851     3.1379     2.1793     0.0255     -0.003      0.083      0.121         59 7.4634e+01 0.0000e+00
      0.084    28.1347     8.0113    102.572  40.029780     37.682      8.107   220.8094     3.1581     2.0450     0.0255     -0.003      0.082      0.119         60 7.4579e+01 0.0000e+00
      0.083    28.1467     7.9943    102.331  40.051766     37.698      8.116   220.7337     3.1500     2.2196     0.0255     -0.003      0.081      0.118         61 7.3839e+01 0.0000e+00
      0.081    28.1560     7.9742    102.068  40.059716     37.687      8.122   220.7337     3.1864     2.1390     0.0255     -0.003      0.081      0.117         62 7.3636e+01 0.0000e+00
      0.082    28.1624     7.9327    101.542  40.049542     37.679      8.133   220.2415     3.2107     2.0987     0.0255     -0.002      0.081      0.117         63 7.4077e+01 0.0000e+00
      0.083    28.1673     7.8578    100.602  40.005095     37.620      8.137   220.2794     3.2349     2.1390     0.0255     -0.002      0.081      0.118         64 7.4284e+01 0.0000e+00
      0.083    28.1718     7.7913     99.760  40.026034     37.642      8.141   219.8630     3.1986     2.1122     0.0255     -0.002      0.081      0.118         65 7.2569e+01 0.0000e+00
      0.082    28.1780     7.7451     99.176  40.053145     37.664      8.148   219.0301     3.2309     2.0450     0.0255     -0.001      0.081      0.117         66 7.3108e+01 0.0000e+00
      0.082    28.1803     7.7274     98.959  40.001017     37.609      8.152   217.9322     3.1905     2.2196     0.0255     -0.001      0.081      0.117         67 7.3639e+01 0.0000e+00
      0.082    28.1699     7.6814     98.384  40.001911     37.604      8.156   218.0080     3.1379     2.1122     0.0255     -0.000      0.080      0.116         68 7.2561e+01 0.0000e+00
      0.081    28.1450     7.6071     97.435  39.992700     37.603      8.161   218.1215     3.1500     2.1659     0.0255     -0.000      0.080      0.116         69 7.2751e+01 0.0000e+00
      0.081    28.1172     7.5255     96.384  39.953151     37.557      8.164   217.4022     3.1379     2.1390     0.0255     -0.000      0.080      0.116         70 7.2983e+01 0.0000e+00
      0.082    28.1040     7.4475     95.375  39.962145     37.601      8.166   216.4180     3.1581     2.1659     0.0255     -0.001      0.081      0.118         71 7.2260e+01 0.0000e+00
      0.086    28.1008     7.3944     94.694  39.862865     37.516      8.172   214.9415     3.1581     2.1659     0.0255      0.000      0.084      0.122         72 7.0966e+01 0.0000e+00
      0.089    28.1044     7.3631     94.310  39.869068     37.525      8.175   214.5630     3.1662     2.1927     0.0255      0.002      0.085      0.124         73 6.9975e+01 0.0000e+00
      0.088    28.1141     7.3399     94.029  39.924769     37.606      8.171   214.8658     3.1460     2.2196     0.0255      0.003      0.085      0.123         74 7.0468e+01 0.0000e+00
      0.083    28.1198     7.3210     93.799  39.882541     37.525      8.170   214.9037     3.1541     2.1390     0.0255      0.003      0.082      0.119         75 7.1649e+01 0.0000e+00
      0.080    28.1241     7.3108     93.676  39.832627     37.518      8.169   214.6008     3.1864     2.0719     0.0255      0.001      0.079      0.115         76 7.2766e+01 0.0000e+00
      0.080    28.1302     7.2937     93.464  39.719908     37.356      8.175   214.4115     3.1702     2.0719     0.0254     -0.000      0.079      0.115         77 7.0262e+01 0.0000e+00
      0.082    28.1371     7.2642     93.101  39.726177     37.405      8.176   214.7144     3.1905     1.9376     0.0254     -0.001      0.080      0.117         78 6.7067e+01 0.0000e+00
      0.083    28.1391     7.2238     92.602  39.765496     37.402      8.180   214.4872     3.1379     1.9779     0.0254     -0.002      0.082      0.119         79 6.9140e+01 0.0000e+00
      0.085    28.1354     7.1731     91.957  39.789630     37.449      8.185   213.4272     3.2430     2.1390     0.0254     -0.002      0.084      0.122         80 6.8213e+01 0.0000e+00
      0.089    28.1298     7.1349     91.494  39.814795     37.448      8.188   211.9508     3.2228     2.1390     0.0254     -0.000      0.087      0.126         81 6.2817e+01 0.0000e+00
      0.093    28.1297     7.0938     91.049  39.852831     37.503      8.191   211.0801     3.2309     2.1927     0.0255      0.003      0.091      0.131         82 6.1023e+01 0.0000e+00
      0.096    28.1392     7.0481     90.504  39.801624     37.454      8.194   211.4965     3.2390     2.1122     0.0254      0.007      0.094      0.136         83 6.0876e+01 0.0000e+00
      0.098    28.1491     6.9757     89.549  39.759869     37.402      8.197   211.7994     3.4169     2.1927     0.0254      0.010      0.096      0.139         84 5.9908e+01 0.0000e+00
      0.098    28.1558     6.9039     88.622  39.845465     37.500      8.196   211.7237     3.4371     2.1122     0.0255      0.010      0.096      0.140         85 6.0395e+01 0.0000e+00
