Data/DataNotYetUploadedToEDI/Raw_CTD/RawDownloads/080918_fcr45.cnv
* Sea-Bird SBE19plus  Data File:
* FileName = C:\DATA\080918_bvr50_0007.hex
* Software version 2.6.3.104
* Temperature SN = 7809
* Conductivity SN = 7809
* System UpLoad Time = Aug 09 2018 20:26:51
* <ApplicationData>
* <Seaterm232>
# nquan = 17
# nvalues = 549                         
# units = specified
# name 0 = depFM: Depth [fresh water, m]
# name 1 = tv290C: Temperature [ITS-90, deg C]
# name 2 = sbeox0Mg/L: Oxygen, SBE 43 [mg/l]
# name 3 = sbeox0PS: Oxygen, SBE 43 [% saturation]
# name 4 = c0uS/cm: Conductivity [uS/cm]
# name 5 = specc: Specific Conductance [uS/cm]
# name 6 = ph: pH
# name 7 = orp: Oxidation Reduction Potential [mV]
# name 8 = flECO-AFL: Fluorescence, WET Labs ECO-AFL/FL [mg/m^3]
# name 9 = turbWETntu0: Turbidity, WET Labs ECO [NTU]
# name 10 = sal00: Salinity, Practical [PSU]
# name 11 = dz/dtM: Descent Rate [m/s]
# name 12 = prdM: Pressure, Strain Gauge [db]
# name 13 = prdE: Pressure, Strain Gauge [psi]
# name 14 = scan: Scan Count
# name 15 = par/sat/log: PAR/Logarithmic, Satlantic
# name 16 = flag:  0.000e+00
# span 0 =     -0.583,      7.248       
# span 1 =    11.7190,    28.8867       
# span 2 =    -0.0007,     9.6468       
# span 3 =     -0.006,    123.912       
# span 4 =   0.735573,  42.411895       
# span 5 =      0.752,     57.782       
# span 6 =      6.132,      8.532       
# span 7 = -1044.7585,   257.4552       
# span 8 =    -1.0311,     6.3647       
# span 9 =    -5.2598,    23.8386       
# span 10 =     0.0114,     0.0290      
# span 11 =     -0.014,      0.253      
# span 12 =     -0.571,      7.108      
# span 13 =     -0.828,     10.309      
# span 14 =          1,        549      
# span 15 = 1.2323e-01, 1.7278e+03      
# span 16 = 0.0000e+00, 0.0000e+00      
# interval = seconds: 0.25
# start_time = Aug 09 2018 21:12:31 [Instrument's time stamp, header]
# bad_flag = -9.990e-29
*END*
[from data line 86]
     -0.582    23.7465     8.4026     99.377   2.945470      3.012      7.187  -402.2074    -0.1698    -0.5063     0.0117     -0.000     -0.570     -0.827         87 1.2725e+03 0.0000e+00
     -0.582    23.7472     8.3993     99.342   2.406646      2.468      7.224  -395.8474    -0.1779    -0.4929     0.0116     -0.000     -0.571     -0.828         88 1.3170e+03 0.0000e+00
     -0.582    23.7478     8.4008     99.363   2.046383      2.096      7.236  -392.9324    -1.0230    -0.5197     0.0115     -0.000     -0.571     -0.828         89 1.1548e+03 0.0000e+00
     -0.582    23.7490     8.3997     99.353   1.735713      1.782      7.237  -391.5695    -1.0311    -0.5331     0.0115     -0.000     -0.571     -0.828         90 5.9349e+02 0.0000e+00
     -0.582    23.7504     8.3994     99.353   1.520111      1.553      7.232  -390.8124    -1.0230    -0.4660     0.0114     -0.000     -0.571     -0.828         91 4.3547e+02 0.0000e+00
     -0.582    23.7520     8.3986     99.346   1.456063      1.495      7.226  -390.8502    -1.0271    -0.5063     0.0114     -0.000     -0.571     -0.828         92 4.5924e+02 0.0000e+00
     -0.582    23.7538     8.3985     99.347   1.460124      1.495      7.218  -391.5316    -0.1819    -0.2914     0.0114     -0.000     -0.571     -0.828         93 2.8242e+02 0.0000e+00
     -0.582    23.7554     8.3979     99.343   1.455841      1.495      7.215  -393.0459    -0.1617    -0.2780     0.0114     -0.000     -0.570     -0.827         94 2.4585e+02 0.0000e+00
     -0.581    23.7573     8.3982     99.350   1.402177      1.438      7.211  -397.9295    -0.1738    -0.1974     0.0114      0.000     -0.570     -0.827         95 4.6617e+02 0.0000e+00
     -0.582    23.7590     8.3989     99.361   1.319655      1.352      7.202  -404.6303    -0.1779    -0.2512     0.0114      0.000     -0.570     -0.827         96 9.6978e+02 0.0000e+00
     -0.582    23.7608     8.3991     99.366   1.262465      1.295      7.194  -409.2488    -0.2021    -0.3183     0.0114      0.000     -0.571     -0.827         97 1.3498e+03 0.0000e+00
     -0.582    23.7627     8.3989     99.366   1.266097      1.295      7.190  -404.8574    -0.1900    -0.1974     0.0114      0.000     -0.571     -0.827         98 1.4295e+03 0.0000e+00
     -0.582    23.7644     8.3988     99.367   1.255920      1.295      7.187  -408.9081    -0.1900    -0.2512     0.0114     -0.000     -0.571     -0.828         99 1.4314e+03 0.0000e+00
     -0.582    23.7661     8.3958     99.334   1.215916      1.238      7.175  -410.1953    -0.1698    -0.2512     0.0114     -0.000     -0.571     -0.828        100 1.4356e+03 0.0000e+00
     -0.582    23.7678     8.3984     99.367   1.197452      1.237      7.175  -423.2939    -0.1941    -0.2646     0.0114     -0.000     -0.571     -0.828        101 1.4453e+03 0.0000e+00
     -0.582    23.7693     8.3971     99.353   1.160470      1.180      7.168  -417.3503    -0.1860    -0.2512     0.0114     -0.000     -0.571     -0.828        102 1.4506e+03 0.0000e+00
     -0.582    23.7707     8.3942     99.320   1.143511      1.180      7.159  -419.9246    -0.1819    -0.2914     0.0114     -0.000     -0.571     -0.828        103 1.4342e+03 0.0000e+00
     -0.582    23.7723     8.3954     99.334   1.100128      1.123      7.156  -419.2053    -0.1698    -0.3452     0.0114     -0.000     -0.571     -0.828        104 1.3948e+03 0.0000e+00
     -0.582    23.7739     8.3975     99.360   1.096030      1.123      7.152  -413.2617    -0.1941    -0.2914     0.0114     -0.000     -0.571     -0.828        105 1.3448e+03 0.0000e+00
     -0.582    23.7753     8.3959     99.341   1.148610      1.180      7.159  -424.2025    -0.1779    -0.3183     0.0114      0.000     -0.571     -0.828        106 1.3136e+03 0.0000e+00
     -0.583    23.7767     8.3987     99.374   1.093908      1.123      7.172  -427.3068    -0.2021    -0.2512     0.0114      0.000     -0.571     -0.828        107 1.3009e+03 0.0000e+00
     -0.582    23.7781     8.3953     99.334   1.104892      1.123      7.166  -428.6696    -0.2143    -0.2914     0.0114     -0.000     -0.571     -0.828        108 1.3878e+03 0.0000e+00
     -0.582    23.7793     8.3974     99.360   1.194155      1.237      7.156  -428.1018    -0.1941    -0.3183     0.0114     -0.000     -0.571     -0.828        109 9.8019e+02 0.0000e+00
     -0.583    23.7805     8.3947     99.328   1.219679      1.237      7.137  -399.6710    -0.1941    -0.1974     0.0114     -0.000     -0.571     -0.828        110 3.7634e+02 0.0000e+00
     -0.582    23.7816     8.3962     99.346   1.309985      1.351      7.132  -396.9831    -0.1941    -0.3049     0.0114     -0.000     -0.571     -0.828        111 5.3175e+02 0.0000e+00
     -0.581    23.7823     8.3928     99.305   1.466666      1.494      7.140  -396.4152    -0.1738    -0.2109     0.0114      0.000     -0.571     -0.828        112 9.0078e+02 0.0000e+00
     -0.582    23.7828     8.3976     99.362   1.557627      1.609      7.128  -390.5852    -0.1779    -0.3720     0.0114      0.000     -0.571     -0.828        113 1.0702e+03 0.0000e+00
     -0.581    23.7832     8.3983     99.370   1.522470      1.552      7.120  -385.8909    -0.1738    -0.2646     0.0114      0.000     -0.571     -0.828        114 1.1045e+03 0.0000e+00
     -0.582    23.7835     8.3960     99.343   1.510420      1.552      7.114  -382.9759    -0.1860    -0.3183     0.0114      0.000     -0.571     -0.828        115 1.1517e+03 0.0000e+00
     -0.581    23.7839     8.3958     99.354   1.572625      1.609      7.117  -386.5345    -0.1941    -0.3183     0.0114      0.000     -0.570     -0.827        116 1.3218e+03 0.0000e+00
     -0.581    23.7837     8.2897     99.354   1.563486      1.609      7.123  -395.0902    -0.1981    -0.2646     0.0114      0.000     -0.570     -0.827        117 1.5687e+03 0.0000e+00
     -0.581    23.7841     8.0745     99.253   1.521791      1.552      7.128  -392.5159    -0.1941    -0.1974     0.0114      0.000     -0.570     -0.827        118 1.7278e+03 0.0000e+00
     -0.581    23.7837     7.9281     99.075   1.506084      1.552      7.126  -390.8881    -0.1860    -0.2914     0.0114      0.000     -0.570     -0.827        119 1.7259e+03 0.0000e+00
     -0.581    23.7844     7.8419     99.003   1.464604      1.494      7.130  -392.8567    -0.1941    -0.2914     0.0114      0.000     -0.570     -0.827        120 1.7196e+03 0.0000e+00
     -0.581    23.7836     7.7829     98.910   1.395766      1.437      7.134  -388.3138    -0.1577    -0.2512     0.0114      0.000     -0.570     -0.827        121 1.6937e+03 0.0000e+00
     -0.581    23.7852     7.7439     98.871   1.414105      1.437      7.132  -380.6666    -0.1779    -0.2109     0.0114      0.000     -0.570     -0.827        122 1.6764e+03 0.0000e+00
     -0.581    23.7822     7.6963     98.883   1.382567      1.437      7.130  -384.8309    -0.2021    -0.3049     0.0114      0.000     -0.570     -0.827        123 1.6669e+03 0.0000e+00
     -0.581    23.7870     7.6675     99.021   1.435015      1.437      7.123  -383.9223    -0.1779    -0.1437     0.0114     -0.000     -0.570     -0.827        124 1.5883e+03 0.0000e+00
     -0.581    23.7795     7.6808     99.419   1.348834      1.437      7.117  -387.8974    -0.1577    -0.1840     0.0114     -0.000     -0.570     -0.827        125 1.4530e+03 0.0000e+00
     -0.581    23.7989     7.7155     99.964   1.489818      1.437      7.122  -391.4559    -0.1819    -0.2377     0.0114     -0.000     -0.570     -0.826        126 1.2835e+03 0.0000e+00
     -0.582    24.4991     7.7680    100.691   1.289170      1.466      7.117  -386.7616    -0.2426    -0.2512     0.0114     -0.000     -0.565     -0.820        127 1.2308e+03 0.0000e+00
     -0.568    25.8182     7.8191    101.399   9.031311      8.586      7.152   134.5706    -0.2224    -0.3586     0.0133      0.004     -0.547     -0.793        128 1.2675e+03 0.0000e+00
     -0.520    26.7637     7.8636    102.004  18.511592     19.782      7.494   147.3663    -0.2426    -0.1974     0.0175      0.019     -0.512     -0.743        129 1.2485e+03 0.0000e+00
     -0.484    27.3189     7.9162    102.680  25.574067     23.833      7.810   162.7742    -0.2466    -0.2377     0.0194      0.039     -0.474     -0.688        130 1.2445e+03 0.0000e+00
     -0.446    27.6964     8.0565    104.508  37.024398     37.071      8.077   126.3556     1.4557    -5.2329     0.0250      0.063     -0.439     -0.637        131 1.1853e+03 0.0000e+00
     -0.417    27.9629     8.0988    105.052  39.158759     36.614      8.242   131.4663     1.4881    -5.2598     0.0249      0.086     -0.403     -0.584        132 1.2319e+03 0.0000e+00
     -0.371    28.3131     8.0565    104.532  38.010140     36.541      8.320   122.3427     1.4800    -5.1658     0.0250      0.111     -0.350     -0.507        133 1.0830e+03 0.0000e+00
     -0.277    28.6039     7.9845    103.621  39.076524     36.599      8.311   114.2791     1.4800    -5.2463     0.0250      0.145     -0.272     -0.394        134 6.6058e+02 0.0000e+00
     -0.183    28.7370     7.8934    102.425  38.662032     36.433      8.259   117.6862     0.0930     4.8380     0.0251      0.185     -0.187     -0.271        135 2.8522e+02 0.0000e+00
     -0.113    28.7910     7.7555    100.587  38.911407     36.182      8.197   120.0334     0.0566     4.9052     0.0250      0.217     -0.116     -0.167        136 6.5216e+02 0.0000e+00
     -0.055    28.8185     7.6093     98.556  38.617729     35.991      8.148   123.0241     0.0324     4.7440     0.0250      0.238     -0.059     -0.085        137 8.8605e+02 0.0000e+00
     -0.010    28.8440     7.4824     96.711  38.612161     35.850      8.126   137.8263     0.0809     4.8112     0.0249      0.253     -0.016     -0.025        138 4.3808e+02 0.0000e+00
      0.012    28.8582     7.3841     95.254  38.473373     35.755      8.118   123.7055     2.4545     2.0450     0.0249      0.252      0.014      0.020        139 8.6919e+02 0.0000e+00
      0.043    28.8577     7.3425     94.573  38.582798     35.815      8.113   123.0998     2.4667     2.1793     0.0249      0.239      0.047      0.068        140 8.0973e+02 0.0000e+00
      0.090    28.8597     7.3558     94.653  38.564957     35.805      8.112   123.9706     2.4505     2.0987     0.0249      0.216      0.087      0.127        141 2.4503e+02 0.0000e+00
      0.133    28.8593     7.3397     94.399  38.584555     35.807      8.117   124.1977     2.4667     2.0584     0.0249      0.186      0.129      0.187        142 2.3473e+02 0.0000e+00
      0.173    28.8731     7.3377     94.351  38.499083     35.752      8.133   125.5984     2.4626     2.1524     0.0249      0.164      0.165      0.239        143 2.2054e+02 0.0000e+00
      0.198    28.8867     7.3273     94.211  38.285723     35.521      8.152   123.8570     2.7052     2.2464     0.0248      0.150      0.192      0.278        144 2.4980e+02 0.0000e+00
      0.217    28.8794     7.2868     93.702  38.167862     35.433      8.173   124.5006     2.7335     2.2464     0.0248      0.139      0.212      0.307        145 2.4339e+02 0.0000e+00
      0.234    28.8503     7.2332     93.033  38.171174     35.398      8.188   125.1441     2.7133     2.2330     0.0248      0.130      0.227      0.330        146 2.5983e+02 0.0000e+00
      0.244    28.7722     7.1682     92.217  38.370582     35.610      8.201   125.6741     2.7012     2.2733     0.0249      0.119      0.238      0.345        147 3.4637e+02 0.0000e+00
      0.249    28.6551     7.0994     91.353  38.512933     35.759      8.216   126.5448     3.0328     2.3136     0.0249      0.100      0.244      0.354        148 3.7514e+02 0.0000e+00
      0.254    28.5434     7.0200     90.352  38.438961     35.733      8.224   127.8320     3.0247     2.1390     0.0249      0.077      0.248      0.360        149 3.6118e+02 0.0000e+00
      0.255    28.4572     6.9510     89.501  38.373695     35.760      8.232   128.5891     3.0570     2.1793     0.0249      0.056      0.251      0.364        150 5.0113e+02 0.0000e+00
      0.259    28.4020     6.8816     88.662  38.327259     35.782      8.237   129.0434     3.0085     2.1793     0.0249      0.039      0.254      0.369        151 5.2658e+02 0.0000e+00
      0.264    28.3742     6.8243     87.997  38.318837     35.840      8.242   129.4220     3.2390     2.1390     0.0249      0.029      0.258      0.374        152 4.1734e+02 0.0000e+00
      0.266    28.3604     6.7785     87.470  38.265574     35.824      8.244   130.1791     3.2430     2.1256     0.0248      0.021      0.261      0.378        153 5.1970e+02 0.0000e+00
      0.268    28.3563     6.7672     87.372  38.156282     35.738      8.247   130.7470     3.2066     2.0047     0.0248      0.016      0.263      0.381        154 6.0404e+02 0.0000e+00
      0.269    28.3640     6.8210     88.113  38.098931     35.695      8.252   130.5956     3.2390     2.0450     0.0248      0.012      0.264      0.383        155 5.4022e+02 0.0000e+00
      0.272    28.3762     6.9326     89.600  38.070005     35.672      8.260   131.2391     3.0247     2.0450     0.0248      0.011      0.266      0.386        156 6.7883e+02 0.0000e+00
      0.273    28.3885     7.0706     91.365  38.103297     35.692      8.268   132.0341     3.0328     2.1390     0.0248      0.010      0.267      0.387        157 8.6637e+02 0.0000e+00
      0.271    28.4013     7.1876     92.878  38.205801     35.789      8.277   132.2613     3.0409     2.0719     0.0248      0.008      0.265      0.384        158 5.9151e+02 0.0000e+00
      0.264    28.4152     7.2763     94.070  38.209386     35.781      8.285   132.3749     3.0328     2.0853     0.0248      0.004      0.260      0.376        159 5.6959e+02 0.0000e+00
      0.258    28.4375     7.3426     94.966  38.217474     35.772      8.291   132.3749     3.0449     2.1256     0.0248     -0.001      0.255      0.369        160 6.8505e+02 0.0000e+00
      0.257    28.4738     7.3769     95.426  38.284712     35.842      8.299   132.5263     3.0934     1.9645     0.0249     -0.005      0.253      0.367        161 5.9822e+02 0.0000e+00
      0.260    28.5196     7.3744     95.396  38.274009     35.800      8.305   133.1699     3.1015     2.0719     0.0248     -0.007      0.256      0.371        162 7.5564e+02 0.0000e+00
      0.266    28.5623     7.3521     95.119  38.260444     35.776      8.311   133.8134     3.0934     2.0584     0.0248     -0.006      0.262      0.379        163 5.1801e+02 0.0000e+00
      0.274    28.5926     7.3527     95.132  38.212592     35.693      8.315   134.3056     3.1015     2.0719     0.0248     -0.003      0.268      0.389        164 5.3106e+02 0.0000e+00
      0.280    28.6246     7.4023     95.722  38.214893     35.665      8.319   134.8356     3.0975     2.0853     0.0248      0.003      0.275      0.399        165 7.1674e+02 0.0000e+00
      0.287    28.6496     7.4607     96.460  38.227898     35.670      8.320   135.1384     3.0772     2.1390     0.0248      0.010      0.282      0.410        166 6.1667e+02 0.0000e+00
      0.299    28.6414     7.5475     97.595  38.226050     35.624      8.323   135.7063     3.0853     2.0450     0.0248      0.019      0.292      0.423        167 7.4659e+02 0.0000e+00
      0.306    28.6411     7.6431     98.841  38.246837     35.657      8.323   136.1984     3.0975     2.1659     0.0248      0.025      0.297      0.431        168 5.3837e+02 0.0000e+00
      0.302    28.6687     7.7248     99.883  38.231680     35.613      8.322   136.3120     3.1015     2.0853     0.0248      0.026      0.298      0.432        169 5.9450e+02 0.0000e+00
      0.303    28.6916     7.7672    100.367  38.304235     35.717      8.323   136.6149     3.0934     2.0450     0.0249      0.024      0.298      0.432        170 7.0998e+02 0.0000e+00
