Data/DataNotYetUploadedToEDI/Raw_CTD/RawDownloads/080918_fcr30.cnv
* Sea-Bird SBE19plus  Data File:
* FileName = C:\DATA\080918_bvr50_0006.hex
* Software version 2.6.3.104
* Temperature SN = 7809
* Conductivity SN = 7809
* System UpLoad Time = Aug 09 2018 20:26:31
* <ApplicationData>
* <Seaterm232>
# nquan = 17
# nvalues = 485                         
# units = specified
# name 0 = depFM: Depth [fresh water, m]
# name 1 = tv290C: Temperature [ITS-90, deg C]
# name 2 = sbeox0Mg/L: Oxygen, SBE 43 [mg/l]
# name 3 = sbeox0PS: Oxygen, SBE 43 [% saturation]
# name 4 = c0uS/cm: Conductivity [uS/cm]
# name 5 = specc: Specific Conductance [uS/cm]
# name 6 = ph: pH
# name 7 = orp: Oxidation Reduction Potential [mV]
# name 8 = flECO-AFL: Fluorescence, WET Labs ECO-AFL/FL [mg/m^3]
# name 9 = turbWETntu0: Turbidity, WET Labs ECO [NTU]
# name 10 = sal00: Salinity, Practical [PSU]
# name 11 = dz/dtM: Descent Rate [m/s]
# name 12 = prdM: Pressure, Strain Gauge [db]
# name 13 = prdE: Pressure, Strain Gauge [psi]
# name 14 = scan: Scan Count
# name 15 = par/sat/log: PAR/Logarithmic, Satlantic
# name 16 = flag:  0.000e+00
# span 0 =     -0.574,      5.375       
# span 1 =    12.0312,    28.7124       
# span 2 =     0.0537,     9.6945       
# span 3 =      0.591,    124.144       
# span 4 =   0.878610,  49.428507       
# span 5 =      0.885,     61.451       
# span 6 =      6.377,      8.492       
# span 7 =  -160.5646,   428.6836       
# span 8 =    -0.8370,     6.3324       
# span 9 =    -3.7424,    25.2754       
# span 10 =     0.0116,     0.0319      
# span 11 =     -0.147,      0.241      
# span 12 =     -0.562,      5.271      
# span 13 =     -0.815,      7.644      
# span 14 =          1,        485      
# span 15 = 6.5346e-01, 1.5894e+03      
# span 16 = 0.0000e+00, 0.0000e+00      
# interval = seconds: 0.25
# start_time = Aug 09 2018 21:04:04 [Instrument's time stamp, header]
# bad_flag = -9.990e-29
*END*
[from data line 426]
      3.665    15.6806     0.2158      2.117  48.734801     59.706      6.765   224.4437     4.3874     3.2401     0.0315      0.138      3.599      5.219        427 8.7138e+00 0.0000e+00
      3.703    15.5085     0.2145      2.090  48.275930     58.894      6.751   224.6330     4.3833     3.2535     0.0311      0.137      3.636      5.272        428 8.2287e+00 0.0000e+00
      3.754    15.2984     0.2168      2.102  49.101752     60.499      6.728   224.3680     3.8334     4.1666     0.0317      0.139      3.677      5.332        429 7.8681e+00 0.0000e+00
      3.789    15.1470     0.2202      2.128  49.428507     60.965      6.705   223.9137     3.8051     4.1398     0.0319      0.137      3.707      5.377        430 7.7815e+00 0.0000e+00
      3.797    15.1137     0.2196      2.114  48.997164     60.762      6.682   224.1030     3.8011     4.0324     0.0317      0.129      3.723      5.400        431 7.7691e+00 0.0000e+00
      3.804    15.0972     0.2286      2.194  49.312213     61.451      6.672   223.3837     3.8011     4.0592     0.0319      0.118      3.735      5.418        432 7.5949e+00 0.0000e+00
      3.827    14.9809     0.2362      2.262  49.066204     61.145      6.661   222.6265     3.9426     3.7101     0.0318      0.109      3.756      5.449        433 7.3896e+00 0.0000e+00
      3.861    14.8705     0.2692      2.574  47.997529     59.881      6.651   222.3615     3.9183     3.7772     0.0312      0.105      3.785      5.490        434 7.1709e+00 0.0000e+00
      3.890    14.8302     0.3296      3.145  47.704101     59.527      6.640   221.2637     3.9507     3.6698     0.0310      0.100      3.813      5.530        435 7.0143e+00 0.0000e+00
      3.913    14.7051     0.4388      4.180  47.116618     59.322      6.631   220.6201     3.9345     3.6429     0.0309      0.093      3.838      5.567        436 6.8423e+00 0.0000e+00
      3.941    14.4730     0.5632      5.356  44.930340     56.166      6.621   220.9608     4.0073     3.8846     0.0295      0.089      3.868      5.610        437 6.5211e+00 0.0000e+00
      3.982    14.1963     0.6998      6.642  42.472519     53.717      6.609   221.6423     3.9911     3.8041     0.0284      0.097      3.902      5.659        438 6.2577e+00 0.0000e+00
      4.012    13.9599     0.8027      7.608  39.998435     50.411      6.601   220.9987     3.9871     3.9518     0.0269      0.110      3.933      5.704        439 6.0376e+00 0.0000e+00
      4.036    13.7916     0.8489      8.036  39.109088     50.028      6.598   222.2101     4.0154     3.9786     0.0266      0.116      3.961      5.745        440 5.7802e+00 0.0000e+00
      4.071    13.6345     0.8344      7.890  38.862533     49.790      6.595   222.6265     2.7538     5.1872     0.0264      0.119      3.992      5.791        441 5.4929e+00 0.0000e+00
      4.106    13.5023     0.7585      7.168  38.169598     49.250      6.592   222.5887     2.7740     5.2006     0.0261      0.120      4.026      5.840        442 5.2462e+00 0.0000e+00
      4.139    13.4035     0.6412      6.055  38.013761     49.124      6.586   221.4530     2.7740     5.1066     0.0260      0.124      4.060      5.889        443 5.0764e+00 0.0000e+00
      4.175    13.3163     0.5007      4.729  37.840377     49.222      6.581   220.6201     2.7901     5.1469     0.0260      0.128      4.098      5.944        444 4.8129e+00 0.0000e+00
      4.224    13.2402     0.3633      3.428  37.999828     49.345      6.577   221.6423     2.7618     5.1603     0.0260      0.133      4.145      6.012        445 4.4539e+00 0.0000e+00
      4.281    13.1652     0.2447      2.304  40.485159     52.816      6.568   221.9451     2.0502     6.7045     0.0275      0.142      4.196      6.087        446 4.1724e+00 0.0000e+00
      4.333    13.0799     0.1687      1.586  44.032941     57.635      6.562   221.6423     2.0785     6.6105     0.0296      0.156      4.245      6.157        447 3.9542e+00 0.0000e+00
      4.373    12.9970     0.1130      1.061  45.630010     59.800      6.556   220.8851     2.0542     6.5971     0.0305      0.168      4.284      6.214        448 3.7693e+00 0.0000e+00
      4.400    12.9335     0.0923      0.866  45.648267     59.935      6.547   219.9765     2.0906     6.6374     0.0305      0.171      4.315      6.259        449 3.6440e+00 0.0000e+00
      4.429    12.8771     0.0774      0.725  45.108142     59.366      6.537   220.2415     1.0109    10.0212     0.0302      0.168      4.346      6.304        450 3.4358e+00 0.0000e+00
      4.470    12.8290     0.0805      0.753  44.225140     58.288      6.523   220.0901     0.9988    10.0481     0.0297      0.165      4.378      6.350        451 3.2863e+00 0.0000e+00
      4.492    12.7959     0.0855      0.800  44.076672     58.112      6.512   220.2415     1.0312    10.0346     0.0296      0.155      4.403      6.386        452 3.2515e+00 0.0000e+00
      4.508    12.7763     0.0921      0.862  43.987373     58.267      6.502   220.7337     0.9948    10.0346     0.0297      0.137      4.426      6.420        453 3.0898e+00 0.0000e+00
      4.543    12.7734     0.1083      1.012  43.683535     57.606      6.494   221.3015     0.8654     9.2961     0.0294      0.123      4.459      6.468        454 2.9042e+00 0.0000e+00
      4.592    12.7298     0.1110      1.038  43.089953     57.276      6.487   222.0965     0.8654     9.2558     0.0292      0.119      4.502      6.529        455 2.7515e+00 0.0000e+00
      4.634    12.6491     0.1347      1.259  41.343781     54.494      6.477   222.3237     0.8371     9.2961     0.0280      0.123      4.542      6.588        456 2.6482e+00 0.0000e+00
      4.666    12.5746     0.1553      1.451  40.160294     53.379      6.471   223.8001     0.8371     9.1618     0.0275      0.129      4.580      6.643        457 2.5050e+00 0.0000e+00
      4.713    12.5119     0.1917      1.790  40.112679     53.081      6.465   225.3523     0.9503    11.9683     0.0273      0.137      4.623      6.705        458 2.2970e+00 0.0000e+00
      4.763    12.4614     0.2177      2.031  40.572419     54.157      6.461   225.3523     0.9745    11.9280     0.0278      0.147      4.669      6.770        459 2.1797e+00 0.0000e+00
      4.804    12.4204     0.2432      2.269  40.181516     53.462      6.459   225.5037     0.9948    11.8743     0.0274      0.159      4.709      6.830        460 2.0813e+00 0.0000e+00
      4.839    12.3867     0.2697      2.515  39.353236     52.566      6.457   225.0494     0.9422    11.8474     0.0270      0.165      4.744      6.880        461 1.9662e+00 0.0000e+00
      4.870    12.3618     0.2859      2.665  39.081688     52.174      6.457   224.8601     0.9584    18.1317     0.0268      0.163      4.774      6.924        462 1.9138e+00 0.0000e+00
      4.893    12.3463     0.3117      2.902  38.976914     52.147      6.451   224.7087     0.9422    18.1451     0.0268      0.153      4.801      6.964        463 1.8323e+00 0.0000e+00
      4.927    12.3314     0.3392      3.155  38.860696     51.995      6.449   224.9358     0.9665    18.1317     0.0267      0.147      4.836      7.014        464 1.7188e+00 0.0000e+00
      4.975    12.3185     0.3854      3.582  38.811039     51.941      6.446   225.2766     0.9786    18.1317     0.0267      0.144      4.881      7.078        465 1.5696e+00 0.0000e+00
      5.027    12.3042     0.4483      4.165  38.890403     52.112      6.437   225.7308     0.9422    18.1183     0.0268      0.143      4.929      7.148        466 1.3764e+00 0.0000e+00
      5.075    12.2854     0.5413      5.027  38.939920     52.130      6.434   225.8444     0.7441    21.3275     0.0268      0.147      4.974      7.214        467 1.2585e+00 0.0000e+00
      5.113    12.2652     0.6769      6.289  39.016398     52.337      6.430   225.5794     0.7885    21.3544     0.0269      0.153      5.012      7.270        468 1.1501e+00 0.0000e+00
      5.147    12.2461     0.8474      7.878  38.795236     51.989      6.424   225.5037     0.7926    21.3275     0.0267      0.158      5.046      7.318        469 1.0557e+00 0.0000e+00
      5.177    12.2301     1.0366      9.640  38.562561     51.754      6.419   225.2766     0.7885    21.3678     0.0266      0.161      5.076      7.361        470 9.8191e-01 0.0000e+00
      5.202    12.2124     1.2191     11.337  38.594042     51.781      6.419   225.2766     0.7683    24.3488     0.0266      0.158      5.101      7.397        471 9.3006e-01 0.0000e+00
      5.224    12.1856     1.3865     12.895  38.489099     51.728      6.416   225.1251     0.7683    24.3220     0.0266      0.147      5.124      7.431        472 8.9792e-01 0.0000e+00
      5.246    12.1465     1.5234     14.170  38.426202     51.565      6.411   225.3523     0.7764    24.3220     0.0265      0.130      5.149      7.468        473 8.4474e-01 0.0000e+00
      5.282    12.0993 -9.990e-29 -9.990e-29  38.227379     51.489      6.409   225.6930     0.7724    24.3354     0.0264      0.119      5.182      7.516        474 7.8347e-01 0.0000e+00
      5.324    12.0612 -9.990e-29 -9.990e-29  37.609365     50.528      6.403   225.5794     0.7036    25.1411     0.0260      0.114      5.217      7.567        475 7.0907e-01 0.0000e+00
      5.353    12.0388 -9.990e-29 -9.990e-29  37.593556     50.705      6.397   225.5794     0.7158    25.1411     0.0261      0.114      5.243      7.605        476 6.8278e-01 0.0000e+00
      5.362    12.0312 -9.990e-29 -9.990e-29  37.742812     50.909      6.394   225.4280     0.6834    25.1679     0.0261      0.111      5.256      7.624        477 6.9539e-01 0.0000e+00
      5.364    12.0500 -9.990e-29 -9.990e-29  37.690596     50.863      6.392   226.2608     0.7117    25.0739     0.0261      0.102      5.260      7.630        478 7.0323e-01 0.0000e+00
      5.366    12.0766 -9.990e-29 -9.990e-29  37.777198     51.026      6.389   226.6016     0.6511    24.8859     0.0262      0.090      5.262      7.632        479 6.9867e-01 0.0000e+00
      5.368    12.0883 -9.990e-29 -9.990e-29  37.813013     50.999      6.385   227.2451     0.6551    24.8994     0.0262      0.074      5.264      7.635        480 6.7521e-01 0.0000e+00
      5.371    12.0891 -9.990e-29 -9.990e-29  37.823992     51.037      6.388   228.1159     0.6551    24.9531     0.0262      0.056      5.267      7.639        481 6.6226e-01 0.0000e+00
      5.373    12.0941 -9.990e-29 -9.990e-29  37.822849     50.947      6.384   228.0780     0.6430    24.9665     0.0262      0.035      5.269      7.642        482 6.5734e-01 0.0000e+00
      5.374    12.1010 -9.990e-29 -9.990e-29  37.814426     51.020      6.381   227.0937     0.6632    25.2754     0.0262      0.018      5.270      7.644        483 6.6750e-01 0.0000e+00
      5.375 -9.990e-29 -9.990e-29 -9.990e-29  37.893795     51.015      6.381   227.4723     0.6672    25.1545     0.0262      0.009      5.271      7.644        484 6.6807e-01 0.0000e+00
      5.375 -9.990e-29 -9.990e-29 -9.990e-29  38.020699     51.303      6.377   227.0937     0.6955    25.1411     0.0263      0.007      5.271      7.644        485 6.5346e-01 0.0000e+00
