Data/DataNotYetUploadedToEDI/Raw_CTD/RawDownloads/080918_bvr50.cnv
* Sea-Bird SBE19plus  Data File:
* FileName = C:\DATA\080918_bvr50_0002.hex
* Software version 2.6.3.104
* Temperature SN = 7809
* Conductivity SN = 7809
* System UpLoad Time = Aug 09 2018 20:25:19
* <ApplicationData>
* <Seaterm232>
# nquan = 17
# nvalues = 639                         
# units = specified
# name 0 = depFM: Depth [fresh water, m]
# name 1 = tv290C: Temperature [ITS-90, deg C]
# name 2 = sbeox0Mg/L: Oxygen, SBE 43 [mg/l]
# name 3 = sbeox0PS: Oxygen, SBE 43 [% saturation]
# name 4 = c0uS/cm: Conductivity [uS/cm]
# name 5 = specc: Specific Conductance [uS/cm]
# name 6 = ph: pH
# name 7 = orp: Oxidation Reduction Potential [mV]
# name 8 = flECO-AFL: Fluorescence, WET Labs ECO-AFL/FL [mg/m^3]
# name 9 = turbWETntu0: Turbidity, WET Labs ECO [NTU]
# name 10 = sal00: Salinity, Practical [PSU]
# name 11 = dz/dtM: Descent Rate [m/s]
# name 12 = prdM: Pressure, Strain Gauge [db]
# name 13 = prdE: Pressure, Strain Gauge [psi]
# name 14 = scan: Scan Count
# name 15 = par/sat/log: PAR/Logarithmic, Satlantic
# name 16 = flag:  0.000e+00
# span 0 =     -0.654,      8.906       
# span 1 =     8.0183,    26.9305       
# span 2 =    -0.9535,     8.8762       
# span 3 =    -10.741,    110.721       
# span 4 =   0.320350,  80.416943       
# span 5 =      1.008,    121.671       
# span 6 =      6.349,      8.589       
# span 7 = -1240.7455,   423.5350       
# span 8 =    -1.6740,     5.2972       
# span 9 =     0.7425,    14.5464       
# span 10 =     0.0124,     0.0561      
# span 11 =     -0.204,      0.264      
# span 12 =     -0.641,      8.733      
# span 13 =     -0.929,     12.666      
# span 14 =          1,        639      
# span 15 = 1.2311e-01, 2.4420e+03      
# span 16 = 0.0000e+00, 0.0000e+00      
# interval = seconds: 0.25
# start_time = Aug 09 2018 15:32:04 [Instrument's time stamp, header]
# bad_flag = -9.990e-29
*END*
     -0.653    26.5532     8.2271    102.598   0.946920      1.062      6.407 -1240.7455    -0.7683     1.0245     0.0124 2.1053e-16     -0.641     -0.929          1 2.2082e+03 0.0000e+00
     -0.654    26.5667     8.2495    102.904   1.278503      1.008      6.408 -1240.7455    -0.7480     1.0111     0.0124     -0.000     -0.641     -0.929          2 2.3840e+03 0.0000e+00
     -0.653    26.5835     8.2916    103.453   0.655364      1.008      6.395 -1240.7455    -0.7561     1.0111     0.0124     -0.000     -0.641     -0.929          3 2.1879e+03 0.0000e+00
     -0.653    26.6047     8.3488    104.181   1.663191      1.008      6.382 -1240.7455     2.2968     9.0544     0.0124      0.000     -0.640     -0.928          4 1.0680e+03 0.0000e+00
     -0.653    26.6315     8.4176    105.061   0.320350      1.278      6.349 -1240.7455     2.2483     8.9604     0.0124      0.000     -0.635     -0.922          5 6.3582e+02 0.0000e+00
     -0.642    26.6531     8.4732    105.771   7.626702      5.576      6.895   423.5350     2.2726     9.0544     0.0133      0.003     -0.613     -0.890          6 4.6914e+02 0.0000e+00
     -0.575    26.6599     8.5347    106.539  27.765703     28.826      7.291   161.6385     2.2564     8.9873     0.0216      0.023     -0.570     -0.827          7 4.0040e+02 0.0000e+00
     -0.534    26.6533     8.5951    107.291  32.710701     30.437      7.585   179.7343     2.2362     8.9738     0.0223      0.048     -0.524     -0.759          8 1.0437e+03 0.0000e+00
     -0.493    26.6369     8.6386    107.829  31.818425     31.623      7.856   163.0014    -1.6700    14.5464     0.0227      0.076     -0.477     -0.691          9 9.5456e+02 0.0000e+00
     -0.429    26.6316     8.6634    108.133  32.315662     30.761      8.131   169.8157    -1.6740    14.4927     0.0224      0.111     -0.422     -0.611         10 8.4192e+02 0.0000e+00
     -0.367    26.6421     8.6402    107.837  30.816854     30.149      8.316   181.3621    -1.6700    14.4122     0.0221      0.147     -0.364     -0.527         11 1.9512e+03 0.0000e+00
     -0.321    26.6565     8.5849    107.149  30.866757     29.692      8.401   185.4129    -1.6619    14.5061     0.0219      0.176     -0.305     -0.442         12 2.3876e+03 0.0000e+00
     -0.241    26.6684     8.5029    106.135  30.296602     29.443      8.430   173.0714     5.0061     8.5039     0.0219      0.205     -0.232     -0.337         13 2.1411e+03 0.0000e+00
     -0.147    26.6767     8.3577    104.333  30.577585     29.516      8.489   174.5478     5.0020     8.5844     0.0219      0.231     -0.152     -0.220         14 1.6976e+03 0.0000e+00
     -0.078    26.6879     8.1668    101.955  30.783926     29.833      8.442   159.7457     5.0101     8.6247     0.0220      0.246     -0.084     -0.122         15 1.2530e+03 0.0000e+00
     -0.034    26.6964     7.9434     99.170  30.899669     29.883      8.415   155.8085     4.9858     8.5979     0.0220      0.257     -0.028     -0.041         16 1.3203e+03 0.0000e+00
      0.031    26.6974     7.7116     96.282  30.611445     29.606      8.423   144.8299     2.8670     4.8246     0.0219      0.264      0.027      0.040         17 4.7808e+02 0.0000e+00
      0.086    26.6955     7.4832     93.435  30.490304     29.493      8.418   144.2999     2.8508     4.6903     0.0219      0.261      0.077      0.112         18 2.3872e+02 0.0000e+00
      0.119    26.6929     7.3206     91.409  30.368468     29.357      8.411   144.0728     2.8670     4.7038     0.0218      0.250      0.109      0.157         19 3.0401e+02 0.0000e+00
      0.128    26.6897     7.2525     90.557  30.496217     29.493      8.396   143.4670     2.8670     4.9052     0.0219      0.226      0.121      0.174         20 2.5253e+02 0.0000e+00
      0.120    26.6869     7.2483     90.503  30.479574     29.495      8.384   144.0728     3.1258     5.2140     0.0219      0.182      0.121      0.175         21 8.4062e+02 0.0000e+00
      0.123    26.6882     7.2590     90.642  30.270583     29.253      8.375   145.1328     3.0975     5.2409     0.0218      0.136      0.124      0.178         22 9.2931e+02 0.0000e+00
      0.134    26.6935     7.2495     90.527  30.281905     29.309      8.364   146.9878     3.0772     5.2543     0.0218      0.101      0.130      0.188         23 9.6331e+02 0.0000e+00
      0.139    26.6986     7.2192     90.147  30.257935     29.254      8.344   148.6913     3.0934     5.1603     0.0218      0.071      0.134      0.194         24 9.3504e+02 0.0000e+00
      0.137    26.7015     7.1638     89.455  30.181815     29.197      8.343   149.8649     3.2026     4.8112     0.0218      0.040      0.133      0.193         25 7.6566e+02 0.0000e+00
      0.132    26.7038     7.0878     88.515  30.198735     29.194      8.354   150.3949     3.1743     4.7575     0.0218      0.018      0.128      0.185         26 8.8121e+02 0.0000e+00
      0.122    26.7067     7.0019     87.449  30.236874     29.247      8.367   152.6663     3.1783     4.7709     0.0218      0.005      0.120      0.173         27 9.3819e+02 0.0000e+00
      0.112    26.7099     6.9123     86.330  30.252947     29.245      8.385   195.1043     3.1702     4.7709     0.0218     -0.003      0.111      0.162         28 7.7869e+02 0.0000e+00
      0.105    26.7122     6.8444     85.480  30.178731     29.190      8.392   160.7299     3.1622     4.7306     0.0218     -0.008      0.110      0.159         29 8.5749e+02 0.0000e+00
      0.119    26.7116     6.8028     84.973  30.269936     29.242      8.399   159.1021     3.3724     4.8515     0.0218     -0.011      0.120      0.174         30 7.2920e+02 0.0000e+00
      0.140    26.7110     6.7974     84.914  30.465593     29.484      8.404   159.0264     3.3603     4.7843     0.0219     -0.008      0.140      0.203         31 6.8852e+02 0.0000e+00
      0.168    26.7135     6.8456     85.520  30.379985     29.349      8.409   159.4049     3.3603     4.6903     0.0218      0.005      0.170      0.247         32 8.9009e+02 0.0000e+00
      0.215    26.7157     6.9872     87.286  30.346822     29.349      8.409   161.5249     3.3603     4.7709     0.0218      0.031      0.206      0.298         33 6.2729e+02 0.0000e+00
      0.246    26.7145     7.1942     89.867  30.506864     29.483      8.405   161.2978     3.5584     5.0126     0.0219      0.058      0.231      0.335         34 5.2305e+02 0.0000e+00
      0.244    26.7152     7.3933     92.348  30.536613     29.536      8.410   161.3735     3.5544     4.9589     0.0219      0.076      0.237      0.345         35 5.5399e+02 0.0000e+00
      0.237    26.7201     7.5213     93.967  30.398748     29.374      8.429   161.2599     3.5787     4.9992     0.0218      0.082      0.236      0.344         36 5.8895e+02 0.0000e+00
      0.244    26.7244     7.5793     94.723  30.411585     29.401      8.445   161.6764     3.5746     4.9723     0.0219      0.078      0.240      0.349         37 6.4656e+02 0.0000e+00
      0.254    26.7241     7.5826     94.779  30.490988     29.479      8.453   163.8721     3.9426     4.8112     0.0219      0.067      0.245      0.355         38 5.5285e+02 0.0000e+00
      0.254    26.7243     7.5481     94.344  30.507481     29.477      8.458   163.4935     3.9426     4.7843     0.0219      0.050      0.234      0.340         39 5.8117e+02 0.0000e+00
      0.210    26.7309     7.4816     93.503  30.657910     29.639      8.465   163.3799     3.9628     4.7575     0.0220      0.020      0.187      0.271         40 9.2080e+02 0.0000e+00
      0.105    26.7371     7.3653     92.037  30.718886     29.693      8.471   163.8342     3.9224     4.7709     0.0220     -0.034      0.103      0.150         41 1.6326e+03 0.0000e+00
      0.002    26.7390     7.2445     90.516  30.550197     29.527      8.478   164.2885     4.1245     4.7038     0.0219     -0.094      0.013      0.020         42 2.0865e+03 0.0000e+00
     -0.067    26.7383     7.1076     88.797  30.423083     29.389      8.498   165.4621     4.1326     4.8515     0.0219     -0.149     -0.048     -0.070         43 1.9847e+03 0.0000e+00
     -0.083    26.7343     6.9927     87.356  30.491622     29.468      8.510   165.9164     4.1326     4.8783     0.0219     -0.187     -0.071     -0.104         44 1.5709e+03 0.0000e+00
     -0.070    26.7318     6.8877     86.047  30.553851     29.523      8.526   216.0015     4.1448     4.7172     0.0219     -0.204     -0.069     -0.100         45 1.7039e+03 0.0000e+00
     -0.060    26.7427     6.7792     84.740  30.612490     29.579      8.541   216.3422     3.3643     5.0126     0.0219     -0.195     -0.063     -0.091         46 2.1976e+03 0.0000e+00
     -0.063    26.7613     6.6807     83.549  30.655849     29.635      8.554   217.7051     3.3765     5.0260     0.0220     -0.164     -0.063     -0.092         47 1.5770e+03 0.0000e+00
     -0.070    26.7702     6.6061     82.621  30.618495     29.574      8.562   220.8094     3.3522     4.9857     0.0219     -0.115     -0.070     -0.102         48 1.7243e+03 0.0000e+00
     -0.081    26.7682     6.5860     82.367  30.599673     29.564      8.561   222.7780     3.3684     5.0126     0.0219     -0.061     -0.081     -0.118         49 1.6237e+03 0.0000e+00
     -0.100    26.7618     6.5925     82.435  30.560665     29.504      8.568   220.3551     3.3765     4.9857     0.0219     -0.027     -0.096     -0.139         50 5.7830e+02 0.0000e+00
     -0.111    26.7547     6.6109     82.653  30.548434     29.506      8.565   221.3015     3.5544     4.8246     0.0219     -0.017     -0.110     -0.160         51 1.7357e+03 0.0000e+00
     -0.127    26.7470     6.6156     82.701  30.555593     29.509      8.541   180.3400     3.5584     4.7843     0.0219     -0.026     -0.123     -0.178         52 1.2821e+03 0.0000e+00
     -0.136    26.7425     6.6210     82.773  30.492459     29.460      8.554   223.5351     3.5625     4.8649     0.0219     -0.039     -0.129     -0.188         53 4.8231e+02 0.0000e+00
     -0.132    26.7380     6.6386     83.014  30.508406     29.464      8.567   219.3708     3.5625     4.8112     0.0219     -0.043     -0.129     -0.188         54 1.4324e+03 0.0000e+00
     -0.129    26.7416     6.6442     83.101  30.595049     29.575      8.569   225.3144     3.7485     4.7977     0.0219     -0.038     -0.128     -0.185         55 8.6076e+02 0.0000e+00
     -0.130    26.7718     6.6442     83.108  30.621836     29.577      8.574   226.4880     3.7444     4.7709     0.0219     -0.031     -0.129     -0.187         56 2.2308e+02 0.0000e+00
     -0.137    26.7982     6.6149     82.746  30.652973     29.630      8.585   226.9423     3.7768     4.7575     0.0220     -0.023     -0.135     -0.196         57 4.8508e+02 0.0000e+00
     -0.146    26.8027     6.5869     82.396  30.674897     29.611      8.582   224.3301     3.7727     4.7575     0.0220     -0.017     -0.143     -0.208         58 1.5025e+03 0.0000e+00
     -0.156    26.7998     6.5633     82.094  30.594541     29.542      8.580   223.7623     3.6717     4.7575     0.0219     -0.015     -0.150     -0.219         59 1.7525e+03 0.0000e+00
     -0.158    26.7916     6.5397     81.787  30.515765     29.432      8.578   223.9894     3.6676     4.8112     0.0219     -0.014     -0.153     -0.223         60 1.7072e+03 0.0000e+00
     -0.156    26.7831     6.5194     81.526  30.535729     29.488      8.588   224.1787     3.6919     4.8380     0.0219     -0.015     -0.151     -0.218         61 1.8353e+03 0.0000e+00
     -0.146    26.7765     6.4923     81.183  30.569697     29.493      8.589   224.5194     3.6757     4.8246     0.0219     -0.014     -0.145     -0.209         62 1.7768e+03 0.0000e+00
     -0.142    26.7797     6.4546     80.698  30.592095     29.551      8.584   217.4401     3.5180     4.7709     0.0219     -0.010     -0.141     -0.204         63 1.4660e+03 0.0000e+00
     -0.144    26.7935     6.4165     80.204  30.626458     29.555      8.582   184.7693     3.4978     4.7843     0.0219     -0.005     -0.138     -0.200         64 3.5783e+02 0.0000e+00
     -0.134    26.8044     6.3819     79.752  30.645537     29.607      8.576   182.7629     3.5018     4.7709     0.0220      0.004     -0.131     -0.190         65 8.9777e+02 0.0000e+00
     -0.124    26.8095     6.3477     79.308  30.627651     29.545      8.572   182.0057     3.5140     4.8380     0.0219      0.013     -0.122     -0.178         66 1.8966e+03 0.0000e+00
     -0.117    26.8122     6.3366     79.162  30.648711     29.593      8.563   181.0971     3.6919     5.0395     0.0220      0.020     -0.114     -0.166         67 2.1076e+03 0.0000e+00
     -0.108    26.8125     6.3314     79.089  30.619324     29.536      8.565   180.3021     3.6838     4.9857     0.0219      0.024     -0.102     -0.148         68 1.8400e+03 0.0000e+00
     -0.084    26.8080     6.3597     79.432  30.545619     29.481      8.569   179.8100     3.6878     5.0126     0.0219      0.031     -0.083     -0.121         69 1.7136e+03 0.0000e+00
     -0.063    26.7999     6.4371     80.393  30.562533     29.481      8.570   180.2643     3.6676     5.0126     0.0219      0.039     -0.066     -0.096         70 1.3991e+03 0.0000e+00
     -0.056    26.7954     6.5475     81.768  30.598275     29.537      8.566   180.1129     3.6838     4.9992     0.0219      0.046     -0.056     -0.082         71 1.2802e+03 0.0000e+00
     -0.053    26.7919     6.6572     83.132  30.560441     29.488      8.567   178.9771     3.4654     5.0126     0.0219      0.049     -0.051     -0.073         72 2.0625e+03 0.0000e+00
     -0.045    26.7828     6.7657     84.481  30.550321     29.490      8.570   179.3936     3.4129     4.9857     0.0219      0.048     -0.046     -0.066         73 1.2654e+03 0.0000e+00
     -0.043    26.7701     6.8676     85.750  30.551573     29.492      8.566   179.9614     3.4129     4.9992     0.0219      0.044     -0.044     -0.064         74 1.1820e+03 0.0000e+00
     -0.047    26.7568     6.9380     86.633  30.499583     29.443      8.567   179.8100     3.4735     4.9723     0.0219      0.037     -0.044     -0.064         75 1.6164e+03 0.0000e+00
     -0.044    26.7461     6.9736     87.076  30.407472     29.370      8.568   179.1286     3.5948     5.0797     0.0219      0.027     -0.042     -0.060         76 1.4563e+03 0.0000e+00
     -0.037    26.7400     6.9778     87.125  30.310409     29.269      8.569   179.9236     3.5584     4.9320     0.0218      0.018     -0.038     -0.055         77 1.3682e+03 0.0000e+00
     -0.035    26.7341     6.9767     87.114  30.294232     29.276      8.566   179.0907     3.5625     4.9589     0.0218      0.012     -0.035     -0.051         78 1.5320e+03 0.0000e+00
     -0.035    26.7274     6.9665     86.992  30.309008     29.279      8.564   179.0529     3.5584     5.0395     0.0218      0.010     -0.033     -0.047         79 1.6206e+03 0.0000e+00
     -0.030    26.7230     6.9330     86.572  30.292025     29.282      8.568   178.9014     3.6312     4.8380     0.0218      0.010     -0.029     -0.042         80 1.0601e+03 0.0000e+00
     -0.024    26.7203     6.8969     86.117  30.256071     29.232      8.569   179.8100     3.6191     4.8380     0.0218      0.010     -0.025     -0.037         81 8.4030e+02 0.0000e+00
     -0.025    26.7165     6.8734     85.828  30.235155     29.235      8.567   179.8479     3.6070     4.7843     0.0218      0.011     -0.025     -0.036         82 6.4861e+02 0.0000e+00
     -0.027    26.7123     6.8549     85.597  30.199458     29.182      8.569   179.2421     3.6150     4.7709     0.0218      0.011     -0.025     -0.037         83 8.0849e+02 0.0000e+00
     -0.025    26.7110     6.8246     85.216  30.181898     29.184      8.574   179.3936     3.7687     4.7977     0.0218      0.009     -0.023     -0.034         84 8.1440e+02 0.0000e+00
     -0.020    26.7129     6.7805     84.665  30.138412     29.132      8.572   181.0214     3.7606     4.7575     0.0217      0.008     -0.022     -0.032         85 7.6900e+02 0.0000e+00
