Data/DataNotYetUploadedToEDI/Raw_CTD/RawDownloads/080918_fcr50.cnv
* Sea-Bird SBE19plus  Data File:
* FileName = C:\DATA\080918_bvr50_0003.hex
* Software version 2.6.3.104
* Temperature SN = 7809
* Conductivity SN = 7809
* System UpLoad Time = Aug 09 2018 20:25:44
* <ApplicationData>
* <Seaterm232>
# nquan = 17
# nvalues = 721                         
# units = specified
# name 0 = depFM: Depth [fresh water, m]
# name 1 = tv290C: Temperature [ITS-90, deg C]
# name 2 = sbeox0Mg/L: Oxygen, SBE 43 [mg/l]
# name 3 = sbeox0PS: Oxygen, SBE 43 [% saturation]
# name 4 = c0uS/cm: Conductivity [uS/cm]
# name 5 = specc: Specific Conductance [uS/cm]
# name 6 = ph: pH
# name 7 = orp: Oxidation Reduction Potential [mV]
# name 8 = flECO-AFL: Fluorescence, WET Labs ECO-AFL/FL [mg/m^3]
# name 9 = turbWETntu0: Turbidity, WET Labs ECO [NTU]
# name 10 = sal00: Salinity, Practical [PSU]
# name 11 = dz/dtM: Descent Rate [m/s]
# name 12 = prdM: Pressure, Strain Gauge [db]
# name 13 = prdE: Pressure, Strain Gauge [psi]
# name 14 = scan: Scan Count
# name 15 = par/sat/log: PAR/Logarithmic, Satlantic
# name 16 = flag:  0.000e+00
# span 0 =     -0.558,      9.610       
# span 1 =    11.4801,    34.9334       
# span 2 =    -0.0405,     9.5083       
# span 3 =     -0.375,    120.905       
# span 4 =   0.405140, 123.588512       
# span 5 =      0.518,    169.609       
# span 6 =      6.054,      8.262       
# span 7 = -1035.7485,   270.4024       
# span 8 =    -0.2021,     5.7824       
# span 9 =    -0.9494,    28.6458       
# span 10 =     0.0149,     0.0799      
# span 11 =     -0.110,      0.214      
# span 12 =     -0.547,      9.423      
# span 13 =     -0.793,     13.667      
# span 14 =          1,        721      
# span 15 = 1.2090e-01, 2.2127e+03      
# span 16 = 0.0000e+00, 0.0000e+00      
# interval = seconds: 0.25
# start_time = Aug 09 2018 17:53:55 [Instrument's time stamp, header]
# bad_flag = -9.990e-29
*END*
[from data line 171]
      0.110    28.3890     7.1351     91.474  39.464355     36.933      8.151   218.5001     3.4412     2.1390     0.0253      0.071      0.105      0.151        172 1.6636e+02 0.0000e+00
      0.112    28.3494     7.6042     97.303  39.569701     37.035      8.142   217.9701     3.4169     2.1122     0.0253      0.072      0.110      0.159        173 1.6728e+02 0.0000e+00
      0.115    28.3335     8.1364    103.983  39.600848     37.064      8.141   218.2730     3.4573     2.0987     0.0253      0.067      0.114      0.165        174 1.6641e+02 0.0000e+00
      0.121    28.3290     8.6020    109.848  39.662917     37.195      8.146   217.0237     3.4654     2.0987     0.0254      0.059      0.119      0.172        175 1.6713e+02 0.0000e+00
      0.127    28.3292     8.9645    114.438  39.611131     37.102      8.151   217.7051     3.6110     2.0853     0.0253      0.048      0.124      0.179        176 1.6823e+02 0.0000e+00
      0.131    28.3327     9.2360    117.846  39.605978     37.157      8.154   217.3265     3.6555     2.1122     0.0254      0.036      0.128      0.186        177 1.6616e+02 0.0000e+00
      0.134    28.3367     9.4024    119.913  39.669333     37.157      8.155   218.6137     3.6150     2.1122     0.0254      0.026      0.133      0.193        178 1.6527e+02 0.0000e+00
      0.141    28.3517     9.5083    120.905  39.591613     37.155      8.162   217.8187     3.6272     2.1659     0.0254      0.019      0.140      0.204        179 1.6140e+02 0.0000e+00
      0.155    28.3787     9.4819    120.152  39.584043     37.047      8.161   215.9258     3.8374     2.3136     0.0253      0.021      0.150      0.219        180 1.5973e+02 0.0000e+00
      0.163    28.3310     9.3906    118.758  39.441444     37.037      8.160   216.1151     3.8577     2.2196     0.0253      0.025      0.160      0.232        181 1.5715e+02 0.0000e+00
      0.172    28.1941     9.3006    117.492  38.760538     36.232      8.163   216.1908     3.8213     2.0987     0.0250      0.028      0.169      0.244        182 1.5541e+02 0.0000e+00
      0.181    28.0841     9.2390    116.654  38.533015     36.158      8.154   216.7587     3.8334     2.2599     0.0250      0.030      0.175      0.254        183 1.5543e+02 0.0000e+00
      0.183    28.0135     9.2042    116.132  38.538125     36.202      8.147   216.6830     3.8213     2.2733     0.0249      0.031      0.180      0.262        184 1.5478e+02 0.0000e+00
      0.187    27.9716     9.1671    115.610  38.427955     36.197      8.137   216.6072     3.9021     2.0450     0.0249      0.031      0.187      0.272        185 1.5302e+02 0.0000e+00
      0.203    27.9470     9.1340    115.262  38.551528     36.350      8.148   214.6387     3.8658     2.0719     0.0250      0.032      0.204      0.296        186 1.4795e+02 0.0000e+00
      0.235    27.9268     9.0972    114.853  38.562351     36.407      8.156   215.0551     3.8658     2.1390     0.0250      0.038      0.229      0.333        187 1.4471e+02 0.0000e+00
      0.262    27.8899     9.0757    114.484  38.592481     36.420      8.165   214.7901     3.8900     2.1122     0.0250      0.046      0.258      0.374        188 1.4167e+02 0.0000e+00
      0.291    27.7306     9.0517    114.057  38.395400     36.307      8.171   214.7144     3.8334     2.2733     0.0249      0.060      0.286      0.415        189 1.3795e+02 0.0000e+00
      0.321    27.5356     9.0438    113.882  37.947447     35.823      8.177   215.6230     3.8213     2.1390     0.0247      0.074      0.313      0.453        190 1.3658e+02 0.0000e+00
      0.342    27.4218     9.0436    113.892  37.815226     35.884      8.182   215.1687     3.8051     2.1927     0.0247      0.087      0.333      0.483        191 1.3575e+02 0.0000e+00
      0.356    27.3622     9.0534    113.999  37.818492     35.964      8.186   215.3201     3.8253     2.1524     0.0247      0.095      0.347      0.504        192 1.3541e+02 0.0000e+00
      0.365    27.3312     9.0648    114.081  37.824827     36.094      8.189   215.2065     4.0841     2.2062     0.0247      0.095      0.358      0.520        193 1.3492e+02 0.0000e+00
      0.376    27.2928     9.0815    114.227  37.807406     36.083      8.193   215.2822     4.0922     2.3002     0.0247      0.086      0.370      0.537        194 1.3418e+02 0.0000e+00
      0.391    27.2676     9.0861    114.232  37.780885     36.103      8.191   216.3422     4.0760     2.2196     0.0247      0.075      0.382      0.554        195 1.3396e+02 0.0000e+00
      0.400    27.3005     9.0795    114.109  37.798529     36.130      8.183   215.9258     4.0639     2.1927     0.0247      0.064      0.392      0.569        196 1.3382e+02 0.0000e+00
      0.410    27.3247     9.0625    113.864  37.844788     36.202      8.183   216.9858     3.8941     2.2599     0.0247      0.054      0.403      0.584        197 1.3400e+02 0.0000e+00
      0.423    27.2811     9.0438    113.626  37.841969     36.178      8.187   217.0615     3.9183     2.1927     0.0247      0.047      0.414      0.600        198 1.3359e+02 0.0000e+00
      0.433    27.2179     9.0240    113.386  37.742706     36.052      8.195   217.3265     3.9426     2.2196     0.0247      0.044      0.425      0.617        199 1.3355e+02 0.0000e+00
      0.445    27.1840     9.0121    113.203  37.731026     36.085      8.203   217.8944     3.8900     2.1659     0.0247      0.044      0.436      0.633        200 1.3346e+02 0.0000e+00
      0.457    27.1865     9.0072    113.080  37.737879     36.128      8.207   217.7051     3.8941     2.1390     0.0247      0.045      0.450      0.652        201 1.3344e+02 0.0000e+00
      0.473    27.1798     9.0119    113.101  37.734205     36.153      8.214   219.0301     3.8981     2.1524     0.0247      0.046      0.465      0.674        202 1.3355e+02 0.0000e+00
      0.491    27.1491     9.0266    113.230  37.735616     36.149      8.218   218.7651     3.8981     2.2599     0.0247      0.048      0.483      0.701        203 1.3432e+02 0.0000e+00
      0.514    27.1181     9.0412    113.352  37.736129     36.154      8.220   218.4244     3.8819     2.2464     0.0247      0.054      0.505      0.732        204 1.3465e+02 0.0000e+00
      0.538    27.0922     9.0539    113.458  37.674249     36.122      8.221   218.4623     3.8900     2.1793     0.0247      0.061      0.526      0.763        205 1.4347e+02 0.0000e+00
      0.556    27.0725     9.0682    113.568  37.634673     36.090      8.226   218.4623     4.0356     2.2196     0.0246      0.066      0.546      0.791        206 1.3956e+02 0.0000e+00
      0.577    27.0577     9.0729    113.562  37.666756     36.162      8.225   220.0901     4.0275     2.1927     0.0247      0.072      0.563      0.816        207 1.3733e+02 0.0000e+00
      0.589    27.0559     9.0767    113.538  37.634337     36.122      8.221   219.2194     4.0275     2.1927     0.0246      0.075      0.575      0.833        208 1.5681e+02 0.0000e+00
      0.591    27.0597     9.0799    113.498  37.675028     36.186      8.217   219.3330     4.0356     2.2599     0.0247      0.072      0.581      0.842        209 1.6347e+02 0.0000e+00
      0.596    27.0429     9.0806    113.401  37.675444     36.187      8.225   218.4244     4.1529     2.1927     0.0247      0.064      0.586      0.850        210 1.7408e+02 0.0000e+00
      0.606    27.0141     9.0643    113.116  37.544839     36.050      8.234   218.6515     4.1326     2.3136     0.0246      0.056      0.595      0.862        211 1.7437e+02 0.0000e+00
      0.616    26.9939     9.0415    112.761  37.540961     36.061      8.238   218.6515     4.1852     2.3002     0.0246      0.046      0.604      0.876        212 1.6372e+02 0.0000e+00
      0.624    26.9673     9.0007    112.170  37.561637     36.109      8.243   218.8408     4.1529     2.2196     0.0246      0.039      0.613      0.890        213 1.5974e+02 0.0000e+00
      0.637    26.9375     8.9635    111.622  37.489460     36.041      8.249   218.8787     4.2822     2.2733     0.0246      0.035      0.624      0.906        214 1.4817e+02 0.0000e+00
      0.649    26.9101     8.9168    110.979  37.482494     36.060      8.251   218.9165     4.2822     2.1793     0.0246      0.034      0.637      0.924        215 1.3748e+02 0.0000e+00
      0.664    26.8778     8.8620    110.267  37.481339     36.081      8.257   219.3330     4.2661     2.2330     0.0246      0.037      0.651      0.944        216 1.3338e+02 0.0000e+00
      0.677    26.8446     8.8262    109.805  37.431592     36.046      8.256   219.1437     4.2903     2.2464     0.0246      0.043      0.665      0.964        217 1.3053e+02 0.0000e+00
      0.692    26.8107     8.8019    109.483  37.425776     36.069      8.259   219.5223     4.3591     2.2464     0.0246      0.047      0.680      0.987        218 1.2748e+02 0.0000e+00
      0.712    26.7698     8.7981    109.413  37.429271     36.091      8.260   219.3330     4.3510     2.2464     0.0246      0.051      0.699      1.015        219 1.2639e+02 0.0000e+00
      0.737    26.7201     8.8116    109.546  37.367940     36.062      8.256   219.2194     4.3389     2.2196     0.0246      0.058      0.722      1.047        220 1.2469e+02 0.0000e+00
      0.760    26.6790     8.8250    109.683  37.264840     35.981      8.245   219.9008     4.3429     2.2464     0.0245      0.065      0.743      1.077        221 1.2458e+02 0.0000e+00
      0.773    26.6444     8.8195    109.619  37.260996     36.017      8.247   219.5980     4.2216     2.2196     0.0245      0.069      0.758      1.099        222 1.2499e+02 0.0000e+00
      0.785    26.6038     8.8162    109.637  37.313426     36.099      8.250   219.4844     4.2175     2.2196     0.0245      0.071      0.770      1.118        223 1.2486e+02 0.0000e+00
      0.799    26.5619     8.8162    109.699  37.258934     36.069      8.252   219.6737     4.2054     2.2196     0.0245      0.070      0.782      1.135        224 1.2502e+02 0.0000e+00
      0.809    26.5313     8.8230    109.805  37.210190     36.043      8.249   220.2794     4.2095     2.2330     0.0245      0.067      0.792      1.148        225 1.2487e+02 0.0000e+00
      0.814    26.5166     8.8336    109.921  37.196148     36.073      8.238   220.0523     4.1933     2.1524     0.0245      0.061      0.798      1.158        226 1.2478e+02 0.0000e+00
      0.819    26.5076     8.8449    110.003  37.217108     36.095      8.240   219.6737     4.2378     2.1659     0.0245      0.051      0.806      1.168        227 1.2433e+02 0.0000e+00
      0.832    26.4980     8.8523    110.070  37.243441     36.159      8.246   220.1658     4.2216     2.2867     0.0245      0.043      0.816      1.183        228 1.2364e+02 0.0000e+00
      0.844    26.4861     8.8470    110.002  37.222707     36.111      8.250   220.2415     4.2135     2.1927     0.0245      0.039      0.827      1.199        229 1.2322e+02 0.0000e+00
      0.854    26.4688     8.8364    109.837  37.242916     36.172      8.257   219.6358     4.1933     2.1390     0.0245      0.038      0.838      1.216        230 1.2260e+02 0.0000e+00
      0.867    26.4537     8.8228    109.609  37.158977     36.072      8.262   219.9765     4.3348     2.1390     0.0245      0.038      0.852      1.236        231 1.2197e+02 0.0000e+00
      0.887    26.4569     8.8207    109.506  37.149217     36.084      8.261   220.2794     4.3550     2.3404     0.0245      0.041      0.867      1.257        232 1.2106e+02 0.0000e+00
      0.896    26.4858     8.7965    109.150  37.195752     36.149      8.245   220.5444     4.3510     2.2464     0.0245      0.045      0.876      1.271        233 1.2050e+02 0.0000e+00
      0.896    26.5160     8.7751    108.845  37.160389     36.093      8.240   220.2794     4.3631     2.1659     0.0245      0.045      0.879      1.276        234 1.2021e+02 0.0000e+00
      0.899    26.5280     8.7627    108.654  37.193222     36.126      8.240   219.4465     4.2782     2.2196     0.0245      0.042      0.883      1.281        235 1.1938e+02 0.0000e+00
      0.906    26.5189     8.7586    108.577  37.214202     36.105      8.241   219.0680     4.2661     2.1122     0.0245      0.038      0.890      1.291        236 1.1877e+02 0.0000e+00
      0.918    26.4911     8.7601    108.594  37.134267     36.043      8.241   219.5601     4.2822     2.3002     0.0245      0.034      0.900      1.304        237 1.1859e+02 0.0000e+00
      0.926    26.4779     8.7634    108.634  37.085073     35.967      8.241   219.9008     4.2944     2.2599     0.0244      0.032      0.908      1.316        238 1.1845e+02 0.0000e+00
      0.931    26.4763     8.7627    108.624  37.127128     36.069      8.242   219.4087     4.3955     2.1793     0.0245      0.028      0.915      1.327        239 1.1805e+02 0.0000e+00
      0.942    26.4599     8.7631    108.617  37.081942     35.996      8.245   220.1658     4.3914     2.2464     0.0244      0.027      0.923      1.339        240 1.1788e+02 0.0000e+00
      0.950    26.4295     8.7660    108.639  37.081993     36.024      8.245   219.8251     4.3955     2.1659     0.0245      0.029      0.931      1.351        241 1.1794e+02 0.0000e+00
      0.956    26.3922     8.7610    108.567  37.067748     36.009      8.248   219.4087     4.4197     2.2196     0.0244      0.031      0.940      1.363        242 1.1780e+02 0.0000e+00
      0.969    26.3632     8.7575    108.519  37.010700     35.975      8.252   219.1058     4.6664     2.2196     0.0244      0.034      0.950      1.378        243 1.1775e+02 0.0000e+00
      0.981    26.3436     8.7625    108.576  37.004705     36.002      8.253   219.7115     4.6624     2.2196     0.0244      0.035      0.961      1.394        244 1.1774e+02 0.0000e+00
      0.991    26.3239     8.7694    108.660  37.015906     36.022      8.255   219.6737     4.6462     2.1793     0.0244      0.036      0.972      1.410        245 1.1768e+02 0.0000e+00
      1.005    26.3115     8.7741    108.715  37.026436     36.063      8.254   220.1280     4.6826     2.2733     0.0244      0.039      0.985      1.429        246 1.1767e+02 0.0000e+00
      1.019    26.3099     8.7746    108.720  37.021272     36.050      8.251   219.5980     4.6704     2.2062     0.0244      0.042      0.998      1.447        247 1.1784e+02 0.0000e+00
      1.029    26.3103     8.7704    108.673  36.992680     36.059      8.251   220.2794     4.7837     2.2464     0.0244      0.044      1.008      1.462        248 1.1805e+02 0.0000e+00
      1.035    26.3085     8.7661    108.620  36.973045     36.005      8.248   220.1280     4.7877     2.1927     0.0244      0.045      1.017      1.474        249 1.1828e+02 0.0000e+00
      1.046    26.3027     8.7493    108.408  36.986391     36.059      8.248   219.8630     4.7634     2.2464     0.0244      0.045      1.027      1.489        250 1.1858e+02 0.0000e+00
      1.060    26.2956     8.7244    108.100  36.976072     36.006      8.246   219.8251     4.8039     2.2196     0.0244      0.044      1.040      1.508        251 1.1851e+02 0.0000e+00
      1.075    26.2908     8.7201    108.052  37.015548     36.092      8.242   221.6423     4.9131     2.1793     0.0244      0.045      1.054      1.528        252 1.1857e+02 0.0000e+00
      1.086    26.2878     8.7294    108.172  37.026245     36.069      8.232   220.5823     4.9292     2.1659     0.0244      0.045      1.066      1.546        253 1.1889e+02 0.0000e+00
      1.099    26.2859     8.7473    108.410  36.992422     36.073      8.231   221.0365     4.8888     2.1793     0.0244      0.046      1.078      1.563        254 1.1865e+02 0.0000e+00
      1.113    26.2848     8.7730    108.734  36.968664     36.020      8.223   220.2415     4.8686     2.1927     0.0244      0.047      1.092      1.583        255 1.1839e+02 0.0000e+00
