Data/DataNotYetUploadedToEDI/Raw_CTD/RawDownloads/080918_fcr10.cnv
* Sea-Bird SBE19plus  Data File:
* FileName = C:\DATA\080918_bvr50_0004.hex
* Software version 2.6.3.104
* Temperature SN = 7809
* Conductivity SN = 7809
* System UpLoad Time = Aug 09 2018 20:25:57
* <ApplicationData>
* <Seaterm232>
# nquan = 17
# nvalues = 376                         
# units = specified
# name 0 = depFM: Depth [fresh water, m]
# name 1 = tv290C: Temperature [ITS-90, deg C]
# name 2 = sbeox0Mg/L: Oxygen, SBE 43 [mg/l]
# name 3 = sbeox0PS: Oxygen, SBE 43 [% saturation]
# name 4 = c0uS/cm: Conductivity [uS/cm]
# name 5 = specc: Specific Conductance [uS/cm]
# name 6 = ph: pH
# name 7 = orp: Oxidation Reduction Potential [mV]
# name 8 = flECO-AFL: Fluorescence, WET Labs ECO-AFL/FL [mg/m^3]
# name 9 = turbWETntu0: Turbidity, WET Labs ECO [NTU]
# name 10 = sal00: Salinity, Practical [PSU]
# name 11 = dz/dtM: Descent Rate [m/s]
# name 12 = prdM: Pressure, Strain Gauge [db]
# name 13 = prdE: Pressure, Strain Gauge [psi]
# name 14 = scan: Scan Count
# name 15 = par/sat/log: PAR/Logarithmic, Satlantic
# name 16 = flag:  0.000e+00
# span 0 =     -0.554,      2.620       
# span 1 =    20.3663,    35.3243       
# span 2 =    -0.1714,    10.7628       
# span 3 =     -2.010,    135.387       
# span 4 =   0.486183, 114.524428       
# span 5 =      0.607,    128.275       
# span 6 =      6.011,      8.466       
# span 7 = -1240.7455,   348.1233       
# span 8 =    -0.2224,     8.6211       
# span 9 =    -0.8823,     5.6571       
# span 10 =     0.0150,     0.0636      
# span 11 =     -0.029,      0.285      
# span 12 =     -0.543,      2.568      
# span 13 =     -0.788,      3.724      
# span 14 =          1,        376      
# span 15 = 1.2963e+01, 2.1417e+03      
# span 16 = 0.0000e+00, 0.0000e+00      
# interval = seconds: 0.25
# start_time = Aug 09 2018 20:45:35 [Instrument's time stamp, header]
# bad_flag = -9.990e-29
*END*
[from data line 256]
      0.739    26.5024     9.3928    116.797  37.386006     36.270      8.449   203.1679     5.4792     2.1524     0.0246      0.059      0.725      1.051        257 4.9073e+01 0.0000e+00
      0.750    26.5018     9.3822    116.654  37.412012     36.329      8.446   203.0922     5.4630     2.1524     0.0246      0.056      0.736      1.067        258 4.8617e+01 0.0000e+00
      0.761    26.5009     9.3763    116.579  37.446624     36.332      8.449   203.1301     5.4509     2.1659     0.0246      0.054      0.747      1.083        259 4.8109e+01 0.0000e+00
      0.773    26.4990     9.3762    116.589  37.461575     36.386      8.449   203.5844     5.4509     2.1122     0.0246      0.052      0.758      1.099        260 4.7816e+01 0.0000e+00
      0.785    26.4966     9.3858    116.713  37.393407     36.278      8.450   203.5086     5.4266     2.0987     0.0246      0.049      0.768      1.115        261 4.7472e+01 0.0000e+00
      0.793    26.4970     9.3977    116.863  37.412817     36.334      8.451   203.3572     5.4347     2.0987     0.0246      0.046      0.777      1.128        262 4.7000e+01 0.0000e+00
      0.800    26.5018     9.4159    117.086  37.378100     36.281      8.449   203.5844     5.4468     2.0719     0.0246      0.042      0.785      1.139        263 4.6671e+01 0.0000e+00
      0.809    26.5031     9.4442    117.432  37.377293     36.281      8.453   203.3951     5.5075     2.1390     0.0246      0.040      0.796      1.154        264 4.6039e+01 0.0000e+00
      0.825    26.4975     9.4582    117.594  37.473142     36.386      8.455   203.8494     5.5034     2.1927     0.0246      0.041      0.811      1.177        265 4.5301e+01 0.0000e+00
      0.850    26.4891     9.4725    117.760  37.436777     36.331      8.456   204.1901     5.5236     2.1390     0.0246      0.044      0.831      1.206        266 4.4627e+01 0.0000e+00
      0.867    26.4806     9.4858    117.907  37.363227     36.281      8.459   203.6601     5.5034     2.0987     0.0246      0.049      0.848      1.231        267 4.4084e+01 0.0000e+00
      0.879    26.4750     9.4918    117.930  37.386714     36.287      8.460   203.8872     5.5115     2.0450     0.0246      0.053      0.862      1.252        268 4.3618e+01 0.0000e+00
      0.894    26.4752     9.4886    117.821  37.407553     36.347      8.461   203.8872     5.5762     2.1256     0.0246      0.057      0.876      1.271        269 4.2952e+01 0.0000e+00
      0.907    26.4795     9.4819    117.714  37.337299     36.242      8.465   204.2658     5.5560     2.1256     0.0245      0.060      0.889      1.290        270 4.2417e+01 0.0000e+00
      0.919    26.4823     9.4720    117.595  37.355506     36.297      8.462   204.0765     5.6005     2.2062     0.0246      0.061      0.901      1.307        271 4.2022e+01 0.0000e+00
      0.931    26.4830     9.4660    117.509  37.325574     36.239      8.460   204.1522     5.5722     2.1122     0.0245      0.060      0.913      1.325        272 4.1572e+01 0.0000e+00
      0.945    26.4819     9.4559    117.371  37.315226     36.238      8.459   204.3036     5.5479     2.2733     0.0245      0.056      0.926      1.344        273 4.1164e+01 0.0000e+00
      0.959    26.4787     9.4625    117.421  37.309062     36.237      8.460   204.4172     5.5803     2.3673     0.0245      0.052      0.940      1.363        274 4.0745e+01 0.0000e+00
      0.970    26.4732     9.4782    117.561  37.273926     36.184      8.454   204.6444     5.5641     2.3539     0.0245      0.051      0.952      1.381        275 4.0346e+01 0.0000e+00
      0.984    26.4675     9.4954    117.714  37.299633     36.240      8.451   204.9472     5.5641     2.3807     0.0245      0.051      0.964      1.399        276 4.0022e+01 0.0000e+00
      0.995    26.4587     9.5059    117.741  37.277070     36.189      8.453   204.7201     5.6490     2.3941     0.0245      0.050      0.979      1.420        277 3.9574e+01 0.0000e+00
      1.017    26.4341     9.5051    117.621  37.302008     36.248      8.452   205.0608     5.6328     2.3404     0.0245      0.052      0.999      1.450        278 3.8830e+01 0.0000e+00
      1.047    26.4028     9.4852    117.304  37.268603     36.200      8.441   205.6286     5.6328     2.4076     0.0245      0.058      1.020      1.480        279 3.8281e+01 0.0000e+00
      1.057    26.3910     9.4591    116.949  37.200009     36.162      8.429   205.3636     5.6490     2.3136     0.0245      0.062      1.033      1.499        280 3.8117e+01 0.0000e+00
      1.059    26.3922     9.4307    116.574  37.209423     36.185      8.422   205.4015     5.6409     2.3673     0.0245      0.061      1.039      1.508        281 3.7910e+01 0.0000e+00
      1.067    26.3876     9.4013    116.198  37.197579     36.193      8.415   205.5151     5.6369     2.3270     0.0245      0.059      1.046      1.519        282 3.7419e+01 0.0000e+00
      1.077    26.3813     9.3692    115.804  37.214757     36.192      8.411   205.6665     5.6450     2.3673     0.0245      0.055      1.056      1.533        283 3.7078e+01 0.0000e+00
      1.088    26.3661     9.3526    115.609  37.188048     36.195      8.407   205.5529     5.6328     2.3673     0.0245      0.051      1.067      1.548        284 3.6887e+01 0.0000e+00
      1.099    26.3414     9.3542    115.644  37.171498     36.145      8.402   205.7801     5.5924     2.0987     0.0245      0.046      1.078      1.565        285 3.6719e+01 0.0000e+00
      1.113    26.3116     9.3714    115.869  37.176038     36.210      8.396   205.8179     5.5843     2.1524     0.0245      0.041      1.092      1.585        286 3.6597e+01 0.0000e+00
      1.131    26.2639     9.3915    116.128  37.093427     36.092      8.394   206.4994     5.5398     2.1659     0.0244      0.040      1.110      1.611        287 3.6320e+01 0.0000e+00
      1.154    26.2123     9.4054    116.308  37.126019     36.194      8.388   206.6129     5.5317     2.1122     0.0245      0.047      1.132      1.641        288 3.6039e+01 0.0000e+00
      1.176    26.1796     9.4153    116.420  37.076176     36.147      8.383   207.2565     5.5722     2.1659     0.0245      0.056      1.155      1.674        289 3.5712e+01 0.0000e+00
      1.202    26.1634     9.4257    116.522  37.066500     36.183      8.374   208.1651     5.6369     2.4479     0.0245      0.065      1.177      1.707        290 3.5250e+01 0.0000e+00
      1.222    26.1525     9.4404    116.658  37.138084     36.288      8.361   208.4679     5.6530     2.3270     0.0245      0.073      1.197      1.736        291 3.4919e+01 0.0000e+00
      1.237    26.1465     9.4408    116.594  37.076087     36.217      8.354   208.7708     5.6247     2.3136     0.0245      0.078      1.212      1.758        292 3.4678e+01 0.0000e+00
      1.250    26.1477     9.4313    116.428  37.054684     36.225      8.346   208.6194     5.6247     2.2733     0.0245      0.079      1.226      1.778        293 3.4275e+01 0.0000e+00
      1.262    26.1528     9.4180    116.241  37.075746     36.229      8.346   208.5815     6.0938     2.3136     0.0245      0.076      1.237      1.794        294 3.3917e+01 0.0000e+00
      1.272    26.1599     9.3986    116.012  37.138858     36.311      8.339   208.7329     6.0857     2.3002     0.0245      0.070      1.246      1.806        295 3.3835e+01 0.0000e+00
      1.275    26.1658     9.3836    115.834  37.154101     36.307      8.337   208.0136     6.0372     2.3404     0.0245      0.060      1.252      1.815        296 3.3727e+01 0.0000e+00
      1.283    26.1709     9.3706    115.675  37.145754     36.302      8.342   208.6194     6.0655     2.2330     0.0245      0.050      1.260      1.827        297 3.3300e+01 0.0000e+00
      1.296    26.1745     9.3582    115.508  37.149242     36.298      8.338   208.6194     6.0251     2.5150     0.0245      0.043      1.270      1.842        298 3.3039e+01 0.0000e+00
      1.306    26.1696     9.3608    115.536  37.149758     36.294      8.339   209.1494     6.0210     2.4747     0.0245      0.039      1.280      1.857        299 3.2937e+01 0.0000e+00
      1.315    26.1572     9.3637    115.576  37.204431     36.346      8.338   209.2629     6.0251     2.5687     0.0245      0.036      1.288      1.869        300 3.2817e+01 0.0000e+00
      1.320    26.1344     9.3647    115.594  37.259162     36.404      8.336   209.4144     6.0089     2.5016     0.0245      0.034      1.296      1.880        301 3.2666e+01 0.0000e+00
      1.331    26.1040     9.3649    115.586  37.318928     36.468      8.337   209.9444     6.2394     2.3002     0.0246      0.034      1.306      1.894        302 3.2327e+01 0.0000e+00
      1.344    26.0796     9.3565    115.476  37.426661     36.593      8.336   210.0201     6.2596     2.2867     0.0246      0.036      1.316      1.908        303 3.2100e+01 0.0000e+00
      1.348    26.0698     9.3429    115.335  37.481024     36.670      8.332   209.6037     6.2960     2.3404     0.0246      0.037      1.321      1.916        304 3.2010e+01 0.0000e+00
      1.349    26.0737     9.3282    115.186  37.429249     36.632      8.330   210.7015     6.2596     2.3404     0.0246      0.034      1.323      1.920        305 3.1767e+01 0.0000e+00
      1.352    26.0785     9.3201    115.106  37.372465     36.586      8.328   209.6794     6.6478     2.3673     0.0246      0.029      1.327      1.925        306 3.1548e+01 0.0000e+00
      1.359    26.0776     9.3208    115.135  37.373735     36.581      8.326   209.1872     6.6316     2.3539     0.0246      0.026      1.333      1.933        307 3.1331e+01 0.0000e+00
      1.366    26.0721     9.3249    115.184  37.427668     36.634      8.325   208.7708     6.6437     2.3136     0.0246      0.024      1.339      1.942        308 3.0967e+01 0.0000e+00
      1.371    26.0695     9.3426    115.367  37.423987     36.633      8.327   209.1494     6.6397     2.2464     0.0246      0.022      1.344      1.948        309 3.0764e+01 0.0000e+00
      1.372    26.0721     9.3629    115.414  37.378318     36.584      8.325   209.1115     6.6356     2.2599     0.0246      0.019      1.345      1.951        310 3.0533e+01 0.0000e+00
      1.373    26.0738     9.3427    114.904  37.365864     36.585      8.324   209.3387     6.6316     2.3136     0.0246      0.016      1.346      1.953        311 3.0183e+01 0.0000e+00
      1.374    26.0693     9.2648    113.684  37.380165     36.584      8.322   209.1115     6.6276     2.3673     0.0246      0.015      1.348      1.955        312 2.9906e+01 0.0000e+00
      1.376    26.0668     9.0821    111.175  37.419839     36.636      8.321   209.1872     6.6356     2.2196     0.0246      0.014      1.350      1.957        313 2.9725e+01 0.0000e+00
      1.377    26.0795     8.7943    107.441  37.435131     36.640      8.321   209.9065     6.6478     2.2464     0.0246      0.011      1.351      1.960        314 2.9568e+01 0.0000e+00
      1.380    26.0937     8.4621    103.212  37.420456     36.642      8.320   209.6037     6.7003     2.0450     0.0246      0.009      1.353      1.963        315 2.9362e+01 0.0000e+00
      1.383    26.1054     8.0918     98.573  37.438102     36.633      8.319   209.3765     6.7287     2.0182     0.0246      0.007      1.355      1.965        316 2.9185e+01 0.0000e+00
      1.381    26.1122     7.7197     93.918  37.413167     36.622      8.316   209.9822     6.7003     2.0987     0.0246      0.006      1.355      1.965        317 2.9004e+01 0.0000e+00
      1.380    26.1145     7.3565     89.299  37.451481     36.615      8.313   210.1715     6.7003     2.1256     0.0246      0.005      1.355      1.964        318 2.8861e+01 0.0000e+00
      1.381    26.0928     7.0565     85.533  37.390414     36.608      8.308   209.9444     6.6518     2.0987     0.0246      0.004      1.360      1.972        319 2.8675e+01 0.0000e+00
      1.401    25.9998     6.7986     82.397  37.548478     36.663      8.304   210.2472     6.6518     2.1390     0.0246      0.008      1.375      1.995        320 2.8487e+01 0.0000e+00
      1.424    25.8737     6.5888     79.832  38.263246     37.496      8.297   210.5879     6.6316     2.0853     0.0250      0.017      1.396      2.025        321 2.8421e+01 0.0000e+00
      1.444    25.7471     6.4416     77.963  38.666180     37.869      8.294   211.0801     6.6518     2.1390     0.0251      0.028      1.417      2.056        322 2.8127e+01 0.0000e+00
      1.469    25.6172     6.3480     76.689  38.975083     38.319      8.283   211.1179     6.9713     2.3136     0.0252      0.042      1.440      2.088        323 2.7870e+01 0.0000e+00
      1.492    25.5087     6.3034     76.076  39.302678     38.717      8.277   212.0644     6.9713     2.3270     0.0254      0.057      1.463      2.121        324 2.7782e+01 0.0000e+00
      1.513    25.4184     6.2759     75.717  39.326421     38.845      8.269   212.2915     6.9874     2.3404     0.0254      0.071      1.484      2.152        325 2.7595e+01 0.0000e+00
      1.534    25.3514     6.2393     75.260  39.271897     38.873      8.262   212.7458     6.9187     2.2733     0.0254      0.081      1.506      2.184        326 2.7414e+01 0.0000e+00
      1.560    25.2777     6.2151     74.921  39.340928     38.998      8.238   213.2758     8.2369     2.7164     0.0254      0.088      1.530      2.218        327 2.7264e+01 0.0000e+00
      1.585    25.1597     6.1904     74.503  39.507531     39.245      8.203   214.0708     8.2288     2.8238     0.0255      0.089      1.554      2.253        328 2.7188e+01 0.0000e+00
      1.608    25.0808     6.1665     74.048  39.479891     39.244      8.171   214.6008     8.2288     2.7433     0.0255      0.090      1.575      2.284        329 2.7112e+01 0.0000e+00
      1.624    25.0706     6.0789     72.904  39.405035     39.284      8.141   214.7901     8.2369     2.7567     0.0255      0.089      1.594      2.311        330 2.7120e+01 0.0000e+00
      1.643    25.0580     5.8519     70.170  39.393097     39.318      8.111   215.1308     8.2369     2.7164     0.0254      0.087      1.614      2.340        331 2.7078e+01 0.0000e+00
      1.669    24.9956     5.4745     65.535  39.376130     39.324      8.078   215.6987     8.5806     3.3878     0.0254      0.087      1.637      2.374        332 2.6970e+01 0.0000e+00
      1.694    24.9007     5.0334     60.104  39.099870     39.056      8.046   216.0394     8.6049     3.4684     0.0253      0.087      1.661      2.408        333 2.6923e+01 0.0000e+00
      1.716    24.8448     4.5338     54.006  38.817362     38.795      8.012   216.3801     8.6211     3.3475     0.0252      0.087      1.683      2.442        334 2.6812e+01 0.0000e+00
      1.740    24.8266     3.9523     46.987  38.867517     38.957      7.981   216.4558     8.6089     3.4684     0.0253      0.087      1.704      2.473        335 2.6816e+01 0.0000e+00
      1.759    24.8141     3.2538     38.622  38.918843     39.026      7.956   216.5694     7.4444     3.2938     0.0253      0.087      1.724      2.501        336 2.6808e+01 0.0000e+00
      1.777    24.7799     2.4866     29.473  38.990820     39.125      7.930   216.6830     7.4727     3.4012     0.0253      0.086      1.743      2.527        337 2.6664e+01 0.0000e+00
      1.794    24.6924     1.7636     20.864  38.985596     39.134      7.907   217.2887     7.4848     3.4952     0.0253      0.085      1.762      2.554        338 2.6552e+01 0.0000e+00
      1.817    24.5719     1.0923     12.902  38.925353     39.076      7.882   218.4623     7.4605     3.3878     0.0253      0.084      1.782      2.584        339 2.6491e+01 0.0000e+00
      1.839    24.5070     0.6024      7.111  39.036150     39.286      7.855   218.3487     5.5641     3.9652     0.0253      0.081      1.802      2.614        340 2.6359e+01 0.0000e+00
