Data/DataNotYetUploadedToEDI/Raw_CTD/RawDownloads/080918_fcr30.cnv
* Sea-Bird SBE19plus  Data File:
* FileName = C:\DATA\080918_bvr50_0006.hex
* Software version 2.6.3.104
* Temperature SN = 7809
* Conductivity SN = 7809
* System UpLoad Time = Aug 09 2018 20:26:31
* <ApplicationData>
* <Seaterm232>
# nquan = 17
# nvalues = 485                         
# units = specified
# name 0 = depFM: Depth [fresh water, m]
# name 1 = tv290C: Temperature [ITS-90, deg C]
# name 2 = sbeox0Mg/L: Oxygen, SBE 43 [mg/l]
# name 3 = sbeox0PS: Oxygen, SBE 43 [% saturation]
# name 4 = c0uS/cm: Conductivity [uS/cm]
# name 5 = specc: Specific Conductance [uS/cm]
# name 6 = ph: pH
# name 7 = orp: Oxidation Reduction Potential [mV]
# name 8 = flECO-AFL: Fluorescence, WET Labs ECO-AFL/FL [mg/m^3]
# name 9 = turbWETntu0: Turbidity, WET Labs ECO [NTU]
# name 10 = sal00: Salinity, Practical [PSU]
# name 11 = dz/dtM: Descent Rate [m/s]
# name 12 = prdM: Pressure, Strain Gauge [db]
# name 13 = prdE: Pressure, Strain Gauge [psi]
# name 14 = scan: Scan Count
# name 15 = par/sat/log: PAR/Logarithmic, Satlantic
# name 16 = flag:  0.000e+00
# span 0 =     -0.574,      5.375       
# span 1 =    12.0312,    28.7124       
# span 2 =     0.0537,     9.6945       
# span 3 =      0.591,    124.144       
# span 4 =   0.878610,  49.428507       
# span 5 =      0.885,     61.451       
# span 6 =      6.377,      8.492       
# span 7 =  -160.5646,   428.6836       
# span 8 =    -0.8370,     6.3324       
# span 9 =    -3.7424,    25.2754       
# span 10 =     0.0116,     0.0319      
# span 11 =     -0.147,      0.241      
# span 12 =     -0.562,      5.271      
# span 13 =     -0.815,      7.644      
# span 14 =          1,        485      
# span 15 = 6.5346e-01, 1.5894e+03      
# span 16 = 0.0000e+00, 0.0000e+00      
# interval = seconds: 0.25
# start_time = Aug 09 2018 21:04:04 [Instrument's time stamp, header]
# bad_flag = -9.990e-29
*END*
     -0.572    24.2401     8.3919    100.142   1.098091      1.112      7.107   211.9129    -0.1738    -0.1169     0.0116 2.1053e-16     -0.561     -0.813          1 1.1748e+02 0.0000e+00
     -0.571    24.2399     8.3910    100.132   1.091091      1.112      7.106   207.4079    -0.1738    -0.0497     0.0116      0.000     -0.561     -0.814          2 1.2199e+02 0.0000e+00
     -0.573    24.2398     8.3857    100.068   1.043299      1.056      7.108   201.8051    -0.2021    -0.1169     0.0116     -0.000     -0.561     -0.814          3 1.3301e+02 0.0000e+00
     -0.572    24.2397     8.3919    100.142   1.039140      1.056      7.107   197.1486    -0.1819    -0.0900     0.0116     -0.000     -0.561     -0.814          4 1.7214e+02 0.0000e+00
     -0.572    24.2396     8.3925    100.150   1.037051      1.056      7.110   193.4386    -0.1860    -0.0766     0.0116     -0.000     -0.561     -0.814          5 2.0655e+02 0.0000e+00
     -0.572    24.2396     8.3884    100.101   1.045898      1.056      7.111   190.8265    -0.1779    -0.0632     0.0116     -0.000     -0.561     -0.814          6 2.1225e+02 0.0000e+00
     -0.572    24.2395     8.3956    100.187   1.087345      1.112      7.117   186.7757    -0.1900    -0.0229     0.0116     -0.000     -0.561     -0.814          7 1.9302e+02 0.0000e+00
     -0.572    24.2396     8.3865    100.078   1.103900      1.112      7.117   181.8164    -0.1779    -0.1034     0.0116     -0.000     -0.561     -0.814          8 1.5733e+02 0.0000e+00
     -0.572    24.2394     8.3906    100.126   1.084508      1.112      7.119   177.8414    -0.1941    -0.0363     0.0116     -0.000     -0.561     -0.814          9 1.8432e+02 0.0000e+00
     -0.572    24.2394     8.3923    100.147   1.052263      1.056      7.111   173.8664    -0.1698    -0.1974     0.0116      0.000     -0.561     -0.813         10 2.2375e+02 0.0000e+00
     -0.572    24.2392     8.3910    100.132   1.025602      1.056      7.105   171.9357    -0.1860    -0.0900     0.0116      0.000     -0.561     -0.813         11 2.2264e+02 0.0000e+00
     -0.571    24.2393     8.3884    100.100   0.999260      0.999      7.104   169.7400    -0.1779    -0.0363     0.0116      0.000     -0.561     -0.813         12 2.2384e+02 0.0000e+00
     -0.572    24.2392     8.3877    100.092   1.025831      1.056      7.098   168.2257    -0.1819    -0.2914     0.0116      0.000     -0.561     -0.813         13 2.2795e+02 0.0000e+00
     -0.572    24.2391     8.3914    100.136   1.051748      1.056      7.098   166.4085    -0.1779    -0.2243     0.0116      0.000     -0.561     -0.814         14 2.3266e+02 0.0000e+00
     -0.572    24.2392     8.3908    100.129   1.085434      1.112      7.099   160.0107    -0.1617    -0.3452     0.0116      0.000     -0.561     -0.814         15 2.3370e+02 0.0000e+00
     -0.572    24.2391     8.3921    100.145   1.102338      1.112      7.103   163.4935    -0.1617    -0.2646     0.0116     -0.000     -0.561     -0.814         16 2.2926e+02 0.0000e+00
     -0.572    24.2392     8.3898    100.118   1.089926      1.112      7.108   160.9949    -0.1941    -0.1840     0.0116     -0.000     -0.561     -0.814         17 2.2776e+02 0.0000e+00
     -0.572    24.2391     8.3876    100.092   1.100881      1.112      7.117   156.5278    -0.2062    -0.3183     0.0116     -0.000     -0.561     -0.814         18 2.3457e+02 0.0000e+00
     -0.572    24.2389     8.3948    100.178   1.088705      1.112      7.122   155.2406    -0.1900    -0.2914     0.0116     -0.000     -0.561     -0.813         19 2.3899e+02 0.0000e+00
     -0.572    24.2390     8.3906    100.128   1.045864      1.056      7.125   155.1271    -0.1698    -0.2646     0.0116     -0.000     -0.561     -0.813         20 2.3623e+02 0.0000e+00
     -0.572    24.2390     8.3843    100.053   1.035768      1.056      7.124   151.8713    -0.1496    -0.3049     0.0116      0.000     -0.561     -0.814         21 2.3422e+02 0.0000e+00
     -0.572    24.2389     8.3898    100.119   1.042056      1.056      7.124   150.1678    -0.2102    -0.3452     0.0116     -0.000     -0.561     -0.814         22 2.3714e+02 0.0000e+00
     -0.572    24.2389     8.3911    100.135   1.038039      1.056      7.116   147.1013    -0.1779    -0.2243     0.0116     -0.000     -0.561     -0.814         23 2.4090e+02 0.0000e+00
     -0.572    24.2389     8.3949    100.182   1.040766      1.056      7.113   145.7006    -0.1981    -0.3720     0.0116     -0.000     -0.561     -0.814         24 2.3401e+02 0.0000e+00
     -0.572    24.2389     8.3892    100.113   1.038661      1.056      7.111   144.1863    -0.1860    -0.0766     0.0116     -0.000     -0.561     -0.814         25 2.2300e+02 0.0000e+00
     -0.572    24.2392     8.3886    100.106   1.040659      1.056      7.119   141.4227    -0.1819    -0.0497     0.0116     -0.000     -0.561     -0.814         26 2.2299e+02 0.0000e+00
     -0.572    24.2393     8.3875    100.094   1.038280      1.056      7.119   139.7570    -0.1941    -0.1034     0.0116     -0.000     -0.561     -0.814         27 2.2711e+02 0.0000e+00
     -0.573    24.2393     8.3898    100.121   1.041622      1.056      7.112   141.1199    -0.1738    -0.1169     0.0116     -0.000     -0.561     -0.814         28 2.2522e+02 0.0000e+00
     -0.572    24.2396     8.3873    100.091   1.036500      1.056      7.118   139.1892    -0.1860    -0.0632     0.0116     -0.000     -0.561     -0.814         29 2.2357e+02 0.0000e+00
     -0.572    24.2398     8.3887    100.108   1.044655      1.056      7.117   137.6370    -0.1617    -0.0497     0.0116     -0.000     -0.561     -0.814         30 2.1961e+02 0.0000e+00
     -0.572    24.2400     8.3902    100.125   1.031474      1.056      7.111   134.9113    -0.1779    -0.0632     0.0116     -0.000     -0.561     -0.814         31 2.1522e+02 0.0000e+00
     -0.572    24.2402     8.3906    100.130   1.052903      1.056      7.107   134.0784    -0.1900    -0.1706     0.0116     -0.000     -0.561     -0.814         32 2.1019e+02 0.0000e+00
     -0.572    24.2404     8.3926    100.154   1.077200      1.112      7.108   131.6556    -0.1698    -0.0229     0.0116     -0.000     -0.561     -0.814         33 2.0011e+02 0.0000e+00
     -0.572    24.2408     8.3934    100.163   1.001236      0.999      7.109   129.0434    -0.1819    -0.1303     0.0116      0.000     -0.561     -0.814         34 2.0812e+02 0.0000e+00
     -0.572    24.2409     8.3945    100.176   1.029012      1.056      7.115   129.2706    -0.1698     0.0308     0.0116      0.000     -0.561     -0.814         35 2.1341e+02 0.0000e+00
     -0.572    24.2409     8.3911    100.137   1.042634      1.056      7.115   128.7784    -0.1738    -0.0900     0.0116      0.000     -0.561     -0.814         36 2.0274e+02 0.0000e+00
     -0.572    24.2411     8.3965    100.201   0.984284      0.999      7.110   128.8541    -0.1900    -0.1437     0.0116      0.000     -0.561     -0.814         37 2.1590e+02 0.0000e+00
     -0.573    24.2410     8.3938    100.168   0.983200      0.999      7.101   128.3620    -0.1941    -0.2914     0.0116 8.7241e-08     -0.561     -0.814         38 2.4700e+02 0.0000e+00
     -0.572    24.2409     8.3946    100.178   0.984768      0.999      7.100   127.6048    -0.1617    -0.2512     0.0116     -0.000     -0.561     -0.814         39 2.6162e+02 0.0000e+00
     -0.572    24.2411     8.3886    100.106   0.982332      0.999      7.095   126.6206    -0.1981    -0.3183     0.0116     -0.000     -0.561     -0.814         40 2.6295e+02 0.0000e+00
     -0.572    24.2409     8.3893    100.114   0.986232      0.999      7.097   126.5070    -0.1941    -0.3317     0.0116     -0.000     -0.561     -0.814         41 2.6174e+02 0.0000e+00
     -0.572    24.2408     8.3850    100.064   0.979915      0.999      7.097   126.7720    -0.1698    -0.3183     0.0116     -0.000     -0.561     -0.814         42 2.5937e+02 0.0000e+00
     -0.572    24.2410     8.3849    100.062   0.990195      0.999      7.104   125.7877    -0.1698    -0.3183     0.0116      0.000     -0.561     -0.814         43 2.5753e+02 0.0000e+00
     -0.572    24.2408     8.3868    100.086   0.973439      0.999      7.108   124.4248    -0.1819    -0.2646     0.0116 9.3888e-08     -0.561     -0.814         44 2.5658e+02 0.0000e+00
     -0.572    24.2408     8.3867    100.085   0.941552      0.942      7.110   123.5163    -0.1617    -0.2243     0.0116      0.000     -0.561     -0.814         45 2.5849e+02 0.0000e+00
     -0.573    24.2410     8.3898    100.122   0.970664      0.999      7.109   123.3648    -0.1819    -0.2512     0.0116      0.000     -0.561     -0.814         46 2.5812e+02 0.0000e+00
     -0.572    24.2410     8.3916    100.145   0.937210      0.942      7.103   122.2670    -0.2102    -0.3317     0.0116     -0.000     -0.561     -0.814         47 2.5620e+02 0.0000e+00
     -0.573    24.2410     8.3929    100.160   0.923971      0.942      7.105   122.7213    -0.1941    -0.3183     0.0116     -0.000     -0.562     -0.814         48 2.5713e+02 0.0000e+00
     -0.573    24.2410     8.3923    100.153   0.927926      0.942      7.096   123.0620    -0.1941    -0.3854     0.0116     -0.000     -0.562     -0.814         49 2.5798e+02 0.0000e+00
     -0.572    24.2410     8.3915    100.143   0.932289      0.942      7.092   123.3648    -0.1698    -0.2646     0.0116     -0.000     -0.562     -0.814         50 2.5769e+02 0.0000e+00
     -0.573    24.2409     8.3895    100.120   0.977755      0.999      7.095   121.8884    -0.1860     0.0174     0.0116     -0.000     -0.562     -0.814         51 2.4233e+02 0.0000e+00
     -0.572    24.2412     8.3935    100.167   0.989770      0.999      7.101   120.9798    -0.1779    -0.1437     0.0116     -0.000     -0.562     -0.814         52 2.1341e+02 0.0000e+00
     -0.573    24.2411     8.3940    100.174   0.976550      0.999      7.097   120.4498    -0.1860    -0.1169     0.0116     -0.000     -0.562     -0.814         53 2.0417e+02 0.0000e+00
     -0.573    24.2412     8.3942    100.176   0.934994      0.942      7.092   119.5413    -0.1941    -0.0900     0.0116     -0.000     -0.562     -0.814         54 2.0573e+02 0.0000e+00
     -0.572    24.2415     8.3905    100.132   0.923058      0.942      7.095   118.7462    -0.1819    -0.1437     0.0116     -0.000     -0.562     -0.814         55 2.0746e+02 0.0000e+00
     -0.573    24.2416     8.3884    100.108   0.932191      0.942      7.099   118.8598    -0.1941    -0.1169     0.0116      0.000     -0.562     -0.815         56 2.0599e+02 0.0000e+00
     -0.573    24.2419     8.3896    100.123   0.923628      0.942      7.099   117.9134    -0.1860    -0.1034     0.0116     -0.000     -0.562     -0.815         57 1.9346e+02 0.0000e+00
     -0.573    24.2422     8.3941    100.176   0.933714      0.942      7.102   117.0805    -0.1617    -0.0900     0.0116     -0.000     -0.562     -0.815         58 1.8415e+02 0.0000e+00
     -0.572    24.2425     8.3936    100.170   0.978855      0.999      7.100   116.0962    -0.1819    -0.0363     0.0116      0.000     -0.562     -0.815         59 1.7851e+02 0.0000e+00
     -0.573    24.2425     8.3906    100.135   0.926666      0.942      7.100   115.9448    -0.1738    -0.0497     0.0116     -0.000     -0.562     -0.815         60 1.7820e+02 0.0000e+00
     -0.573    24.2424     8.3951    100.189   0.880234      0.886      7.098   116.0962    -0.1698    -0.1034     0.0116     -0.000     -0.562     -0.815         61 1.7984e+02 0.0000e+00
     -0.572    24.2426     8.3933    100.168   0.918210      0.942      7.100   116.1720    -0.1860    -0.1169     0.0116     -0.000     -0.561     -0.814         62 1.7905e+02 0.0000e+00
     -0.572    24.2426     8.3884    100.109   0.938618      0.942      7.100   116.7020    -0.1860    -0.3452     0.0116      0.000     -0.561     -0.814         63 1.7943e+02 0.0000e+00
     -0.572    24.2425     8.3918    100.150   0.973265      0.999      7.098   116.4370    -0.1617    -0.2914     0.0116      0.000     -0.561     -0.814         64 1.7788e+02 0.0000e+00
     -0.572    24.2425     8.3923    100.157   0.934308      0.942      7.097   116.0962    -0.1617    -0.2109     0.0116      0.000     -0.561     -0.814         65 1.7862e+02 0.0000e+00
     -0.573    24.2427     8.3862    100.083   0.927886      0.942      7.100   115.6420    -0.1698    -0.2512     0.0116      0.000     -0.561     -0.814         66 1.7751e+02 0.0000e+00
     -0.572    24.2430     8.3888    100.114   0.981255      0.999      7.096   115.5662    -0.1698    -0.3720     0.0116      0.000     -0.561     -0.814         67 1.8033e+02 0.0000e+00
     -0.572    24.2431     8.3913    100.144   0.927103      0.942      7.097   115.8691    -0.1658    -0.2780     0.0116      0.000     -0.561     -0.815         68 1.8243e+02 0.0000e+00
     -0.573    24.2433     8.3904    100.134   0.936064      0.942      7.093   115.7555    -0.1738    -0.2780     0.0116     -0.000     -0.562     -0.815         69 1.9661e+02 0.0000e+00
     -0.573    24.2434     8.3907    100.138   0.970104      0.999      7.092   115.3770    -0.2102    -0.2646     0.0116     -0.000     -0.562     -0.815         70 1.9035e+02 0.0000e+00
     -0.573    24.2434     8.3951    100.191   0.943955      0.942      7.087   114.0141    -0.1779    -0.3586     0.0116     -0.000     -0.562     -0.815         71 1.5608e+02 0.0000e+00
     -0.572    24.2437     8.3890    100.119   0.968607      0.999      7.091   112.4998    -0.1738    -0.0766     0.0116     -0.000     -0.562     -0.815         72 1.3949e+02 0.0000e+00
     -0.573    24.2438     8.3915    100.149   0.939424      0.942      7.096   113.9005    -0.1698    -0.0900     0.0116     -0.000     -0.562     -0.815         73 1.8788e+02 0.0000e+00
     -0.572    24.2439     8.3926    100.161   0.921058      0.942      7.101   111.0991    -0.1658    -0.0900     0.0116      0.000     -0.561     -0.814         74 1.5840e+02 0.0000e+00
     -0.572    24.2440     8.3939    100.178   0.932251      0.942      7.102   109.7741    -0.1617    -0.0900     0.0116      0.000     -0.561     -0.814         75 2.1881e+02 0.0000e+00
     -0.572    24.2438     8.3922    100.158   0.925495      0.942      7.111   110.1527    -0.1698    -0.1974     0.0116      0.000     -0.561     -0.815         76 1.3054e+02 0.0000e+00
     -0.573    24.2440     8.3877    100.104   0.929465      0.942      7.116   110.7962    -0.1860    -0.3317     0.0116      0.000     -0.562     -0.815         77 2.6685e+02 0.0000e+00
     -0.573    24.2443     8.3887    100.116   0.927310      0.942      7.113   110.2284    -0.1698    -0.2512     0.0116     -0.000     -0.562     -0.815         78 1.0448e+03 0.0000e+00
     -0.572    24.2444     8.3924    100.161   0.928175      0.942      7.114   109.4334    -0.1738    -0.3317     0.0116     -0.000     -0.561     -0.814         79 1.1819e+03 0.0000e+00
     -0.572    24.2447     8.3878    100.107   0.928389      0.942      7.107   109.1305    -0.1819    -0.2914     0.0116     -0.000     -0.561     -0.814         80 1.1897e+03 0.0000e+00
     -0.573    24.2448     8.3910    100.145   0.927046      0.942      7.106   109.8119    -0.1779    -0.3183     0.0116     -0.000     -0.562     -0.815         81 1.2361e+03 0.0000e+00
     -0.573    24.2449     8.3913    100.149   0.929846      0.942      7.110   111.2884    -0.1941    -0.2914     0.0116     -0.000     -0.562     -0.815         82 1.3410e+03 0.0000e+00
     -0.573    24.2452     8.3876    100.106   0.924904      0.942      7.100   109.6227    -0.1658    -0.2914     0.0116     -0.000     -0.562     -0.815         83 1.1872e+03 0.0000e+00
     -0.573    24.2452     8.3933    100.174   0.933197      0.942      7.096   109.1684    -0.1860    -0.2914     0.0116     -0.000     -0.562     -0.814         84 2.5990e+02 0.0000e+00
     -0.572    24.2454     8.3907    100.143   0.978739      0.999      7.099   109.2062    -0.1819    -0.3183     0.0116      0.000     -0.562     -0.814         85 6.3280e+01 0.0000e+00
