Data/DataNotYetUploadedToEDI/Raw_CTD/RawDownloads/080918_fcr50.cnv
* Sea-Bird SBE19plus  Data File:
* FileName = C:\DATA\080918_bvr50_0003.hex
* Software version 2.6.3.104
* Temperature SN = 7809
* Conductivity SN = 7809
* System UpLoad Time = Aug 09 2018 20:25:44
* <ApplicationData>
* <Seaterm232>
# nquan = 17
# nvalues = 721                         
# units = specified
# name 0 = depFM: Depth [fresh water, m]
# name 1 = tv290C: Temperature [ITS-90, deg C]
# name 2 = sbeox0Mg/L: Oxygen, SBE 43 [mg/l]
# name 3 = sbeox0PS: Oxygen, SBE 43 [% saturation]
# name 4 = c0uS/cm: Conductivity [uS/cm]
# name 5 = specc: Specific Conductance [uS/cm]
# name 6 = ph: pH
# name 7 = orp: Oxidation Reduction Potential [mV]
# name 8 = flECO-AFL: Fluorescence, WET Labs ECO-AFL/FL [mg/m^3]
# name 9 = turbWETntu0: Turbidity, WET Labs ECO [NTU]
# name 10 = sal00: Salinity, Practical [PSU]
# name 11 = dz/dtM: Descent Rate [m/s]
# name 12 = prdM: Pressure, Strain Gauge [db]
# name 13 = prdE: Pressure, Strain Gauge [psi]
# name 14 = scan: Scan Count
# name 15 = par/sat/log: PAR/Logarithmic, Satlantic
# name 16 = flag:  0.000e+00
# span 0 =     -0.558,      9.610       
# span 1 =    11.4801,    34.9334       
# span 2 =    -0.0405,     9.5083       
# span 3 =     -0.375,    120.905       
# span 4 =   0.405140, 123.588512       
# span 5 =      0.518,    169.609       
# span 6 =      6.054,      8.262       
# span 7 = -1035.7485,   270.4024       
# span 8 =    -0.2021,     5.7824       
# span 9 =    -0.9494,    28.6458       
# span 10 =     0.0149,     0.0799      
# span 11 =     -0.110,      0.214      
# span 12 =     -0.547,      9.423      
# span 13 =     -0.793,     13.667      
# span 14 =          1,        721      
# span 15 = 1.2090e-01, 2.2127e+03      
# span 16 = 0.0000e+00, 0.0000e+00      
# interval = seconds: 0.25
# start_time = Aug 09 2018 17:53:55 [Instrument's time stamp, header]
# bad_flag = -9.990e-29
*END*
[from data line 86]
      0.135    28.4398     6.1850     79.780  39.625576     37.089      8.054   222.2858     3.1379     2.2330     0.0254      0.001      0.133      0.193         87 1.6572e+02 0.0000e+00
      0.136    28.4489     6.1115     78.842  39.641885     37.085      8.052   222.3615     3.1905     1.8167     0.0254      0.001      0.134      0.194         88 1.6567e+02 0.0000e+00
      0.137    28.4588     6.0349     77.863  39.692891     37.132      8.053   222.0208     3.1864     1.7899     0.0254      0.001      0.134      0.194         89 1.6486e+02 0.0000e+00
      0.136    28.4683     5.9745     77.096  39.799402     37.231      8.051   221.5287     3.1905     1.9107     0.0254      0.001      0.134      0.194         90 1.6499e+02 0.0000e+00
      0.137    28.4783     5.9283     76.512  39.805964     37.224      8.045   221.4908     3.1581     1.9242     0.0254      0.001      0.135      0.195         91 1.6347e+02 0.0000e+00
      0.138    28.4892     5.8879     76.004  39.803375     37.217      8.041   221.2637     3.1460     2.1256     0.0254      0.001      0.135      0.196         92 1.6227e+02 0.0000e+00
      0.138    28.5010     5.8529     75.570  39.861946     37.262      8.033   221.5287     3.1298     2.1659     0.0254      0.002      0.135      0.196         93 1.6288e+02 0.0000e+00
      0.139    28.5125     5.8217     75.182  39.851722     37.255      8.027   222.2480     3.1096     1.9779     0.0254      0.002      0.136      0.197         94 1.6328e+02 0.0000e+00
      0.139    28.5226     5.8071     75.010  39.875421     37.247      8.021   221.8694     3.1217     2.1659     0.0254      0.002      0.137      0.198         95 1.6167e+02 0.0000e+00
      0.139    28.5312     5.7982     74.915  39.951103     37.343      8.021   221.0744     3.0934     2.0719     0.0255      0.002      0.137      0.198         96 1.5991e+02 0.0000e+00
      0.139    28.5390     5.7990     74.939  39.965177     37.310      8.021   221.2258     3.1945     2.0316     0.0255      0.002      0.137      0.199         97 1.5982e+02 0.0000e+00
      0.141    28.5462     5.8028     74.999  40.035883     37.408      8.020   221.5287     3.1662     2.0316     0.0255      0.002      0.138      0.200         98 1.5981e+02 0.0000e+00
      0.141    28.5531     5.8127     75.135  40.011425     37.351      8.029   221.6044     3.2026     2.1122     0.0255      0.002      0.139      0.201         99 1.5925e+02 0.0000e+00
      0.143    28.5619     5.8228     75.272  39.995610     37.346      8.033   221.3015     3.1702     2.1122     0.0255      0.002      0.140      0.203        100 1.5890e+02 0.0000e+00
      0.144    28.5709     5.8335     75.409  40.055560     37.393      8.039   220.5444     2.9883     2.1659     0.0255      0.003      0.141      0.205        101 1.5838e+02 0.0000e+00
      0.145    28.5812     5.8416     75.505  40.055470     37.387      8.047   220.5065     2.9883     2.0853     0.0255      0.003      0.142      0.206        102 1.5826e+02 0.0000e+00
      0.145    28.5944     5.8432     75.513  40.055045     37.381      8.050   220.9608     2.9883     2.1390     0.0255      0.003      0.142      0.206        103 1.5854e+02 0.0000e+00
      0.144    28.6062     5.8329     75.367  40.056084     37.374      8.046   221.7558     2.9802     2.0584     0.0255      0.003      0.142      0.206        104 1.5827e+02 0.0000e+00
      0.145    28.6185     5.8141     75.107  40.113500     37.416      8.046   221.8694     3.2066     2.2196     0.0255      0.003      0.143      0.207        105 1.5891e+02 0.0000e+00
      0.146    28.6331     5.7907     74.789  40.161569     37.460      8.046   221.4530     3.2147     2.2599     0.0256      0.002      0.143      0.207        106 1.5888e+02 0.0000e+00
      0.145    28.6445     5.7616     74.403  40.114911     37.400      8.046   221.1123     3.1824     2.3673     0.0255      0.002      0.143      0.207        107 1.5858e+02 0.0000e+00
      0.145    28.6520     5.7284     73.962  40.112229     37.389      8.045   220.4687     3.1783     2.1927     0.0255      0.001      0.143      0.208        108 1.5848e+02 0.0000e+00
      0.147    28.6584     5.6952     73.548  40.164900     37.433      8.043   220.4308     3.1864     2.1390     0.0255      0.001      0.144      0.209        109 1.5893e+02 0.0000e+00
      0.147    28.6628     5.6542     73.035  40.168014     37.428      8.039   220.3173     3.1986     2.2196     0.0255      0.001      0.145      0.210        110 1.5909e+02 0.0000e+00
      0.149    28.6618     5.6198     72.592  40.167678     37.424      8.035   220.1658     3.1945     2.2196     0.0255      0.002      0.146      0.211        111 1.5857e+02 0.0000e+00
      0.150    28.6554     5.5923     72.229  40.165313     37.421      8.029   221.6801     3.1783     2.2599     0.0255      0.002      0.147      0.213        112 1.5841e+02 0.0000e+00
      0.151    28.6462     5.5599     71.798  40.111626     37.369      8.026   220.6958     3.1783     1.9913     0.0255      0.003      0.148      0.214        113 1.5786e+02 0.0000e+00
      0.151    28.6365     5.5334     71.442  40.056509     37.322      8.026   221.0744     3.1541     2.0719     0.0255      0.003      0.148      0.215        114 1.5792e+02 0.0000e+00
      0.151    28.6234     5.4954     70.942  40.055925     37.328      8.023   220.4687     3.1986     2.0719     0.0255      0.003      0.148      0.215        115 1.5772e+02 0.0000e+00
      0.152    28.6123     5.4611     70.496  40.053028     37.335      8.024   220.6580     3.2147     2.0182     0.0255      0.003      0.149      0.216        116 1.5786e+02 0.0000e+00
      0.153    28.6028     5.4429     70.261  40.030456     37.318      8.025   222.1344     3.1662     2.1122     0.0255      0.003      0.150      0.218        117 1.5698e+02 0.0000e+00
      0.153    28.5952     5.4157     69.908  39.995030     37.300      8.026   221.3394     3.2228     2.0182     0.0255      0.003      0.151      0.219        118 1.5683e+02 0.0000e+00
      0.156    28.6046     5.3924     69.605  40.008129     37.306      8.033   221.9451     3.2390     2.1122     0.0255      0.003      0.152      0.221        119 1.5719e+02 0.0000e+00
      0.156    28.6180     5.3646     69.244  40.043825     37.364      8.028   220.6958     3.2430     2.0450     0.0255      0.003      0.153      0.222        120 1.5667e+02 0.0000e+00
      0.156    28.6192     5.3430     68.966  40.009939     37.305      8.028   220.9608     3.2552     2.0719     0.0255      0.003      0.153      0.222        121 1.5728e+02 0.0000e+00
      0.157    28.6130     5.3237     68.718  40.020633     37.322      8.029   221.8315     3.2430     2.1390     0.0255      0.003      0.154      0.223        122 1.5704e+02 0.0000e+00
      0.157    28.6034     5.3037     68.462  40.060175     37.347      8.036   222.3237     3.2309     2.0450     0.0255      0.003      0.155      0.224        123 1.5636e+02 0.0000e+00
      0.159    28.5924     5.2779     68.130  40.049719     37.351      8.042   222.1723     3.2349     2.0450     0.0255      0.003      0.156      0.226        124 1.5668e+02 0.0000e+00
      0.160    28.5845     5.2576     67.866  40.003983     37.306      8.049   221.7180     3.2390     2.0182     0.0255      0.003      0.157      0.228        125 1.5682e+02 0.0000e+00
      0.162    28.5822     5.2273     67.475  39.998441     37.314      8.051   221.4151     3.5261     2.0450     0.0255      0.003      0.158      0.229        126 1.5713e+02 0.0000e+00
      0.161    28.5819     5.2054     67.191  40.056622     37.371      8.055   221.8315     3.5099     2.0719     0.0255      0.003      0.158      0.230        127 1.5637e+02 0.0000e+00
      0.162    28.5808     5.1821     66.891  40.050238     37.373      8.057   221.9451     3.5018     1.9645     0.0255      0.003      0.159      0.231        128 1.5574e+02 0.0000e+00
      0.163    28.5792     5.1564     66.558  40.065716     37.373      8.059   222.0587     3.5018     2.0450     0.0255      0.003      0.159      0.231        129 1.5653e+02 0.0000e+00
      0.163    28.5778     5.1341     66.271  40.096689     37.426      8.061   222.2480     3.5867     2.0719     0.0255      0.003      0.160      0.232        130 1.5589e+02 0.0000e+00
      0.163    28.5775     5.1125     65.992  40.071019     37.375      8.059   222.2858     3.5342     2.0182     0.0255      0.003      0.160      0.232        131 1.5547e+02 0.0000e+00
      0.164    28.5786     5.0949     65.761  40.097662     37.428      8.056   222.1723     3.5665     2.1122     0.0255      0.002      0.160      0.233        132 1.5530e+02 0.0000e+00
      0.164    28.5800     5.0795     65.560  40.122862     37.428      8.056   220.9987     3.5463     2.0719     0.0255      0.002      0.160      0.233        133 1.5657e+02 0.0000e+00
      0.164    28.5806     5.0799     65.563  40.098987     37.427      8.053   221.3015     3.4210     2.0584     0.0255      0.001      0.160      0.233        134 1.5662e+02 0.0000e+00
      0.164    28.5803     5.0543     65.243  40.068046     37.374      8.054   221.5665     3.4654     2.0584     0.0255      0.001      0.160      0.233        135 1.5542e+02 0.0000e+00
      0.164    28.5799     5.0430     65.102  40.102038     37.426      8.058   221.7180     3.4493     2.0987     0.0255      0.001      0.161      0.234        136 1.5581e+02 0.0000e+00
      0.165    28.5791     5.0336     64.971  40.116012     37.426      8.058   221.3015     3.4129     1.9913     0.0255      0.001      0.161      0.234        137 1.5534e+02 0.0000e+00
      0.165    28.5784     5.0320     64.944  40.109985     37.426      8.064   219.7494     3.4210     2.0182     0.0255      0.001      0.162      0.235        138 1.5530e+02 0.0000e+00
      0.166    28.5784     5.0450     65.138  40.109539     37.427      8.066   220.3930     3.4371     1.8033     0.0255      0.001      0.162      0.235        139 1.5563e+02 0.0000e+00
      0.165    28.5790     5.1130     66.353  40.116567     37.428      8.066   220.6580     3.4493     1.8973     0.0255      0.001      0.162      0.235        140 1.5587e+02 0.0000e+00
      0.165    28.5789     5.3166     69.357  40.101240     37.428      8.069   220.7337     3.4573     1.7899     0.0255      0.001      0.162      0.235        141 1.5552e+02 0.0000e+00
      0.165    28.5757     5.7107     74.671  40.069285     37.375      8.073   221.4530     3.4210     1.8167     0.0255      0.001      0.162      0.236        142 1.5588e+02 0.0000e+00
      0.167    28.5737     6.1691     80.741  40.097004     37.427      8.078   219.8630     3.7687     2.2733     0.0255      0.001      0.163      0.237        143 1.5501e+02 0.0000e+00
      0.167    28.5717     6.6111     86.468  40.066744     37.377      8.081   219.5980     3.7525     2.1793     0.0255      0.001      0.163      0.237        144 1.5650e+02 0.0000e+00
      0.167    28.5816     6.9502     90.736  40.106945     37.431      8.082   220.0523     3.7727     2.1524     0.0255      0.001      0.163      0.237        145 1.5533e+02 0.0000e+00
      0.165    28.5819     7.1644     93.341  40.106304     37.432      8.077   219.8251     3.7647     2.3136     0.0255      0.000      0.163      0.237        146 1.5640e+02 0.0000e+00
      0.166    28.5805     7.2544     94.336  40.067542     37.374      8.081   219.8630     3.5665     2.0987     0.0255      0.000      0.164      0.238        147 1.5433e+02 0.0000e+00
      0.171    28.5645     7.2186     93.708  40.095853     37.423      8.088   219.4844     3.5544     2.0719     0.0255      0.002      0.165      0.239        148 1.5876e+02 0.0000e+00
      0.168    28.6055     7.0786     91.797  40.130397     37.429      8.068   220.1658     3.5544     2.0316     0.0255      0.002      0.157      0.228        149 1.5559e+02 0.0000e+00
      0.142    28.8811     6.8852     89.210  40.321196     37.642      8.071   219.4465     3.5544     2.0450     0.0256     -0.005      0.131      0.190        150 1.7747e+02 0.0000e+00
      0.089    29.1807     6.6889     86.569  40.481357     37.756      8.071   218.2730     3.5746     2.0450     0.0257     -0.024      0.090      0.130        151 2.0053e+02 0.0000e+00
      0.043    29.3177     6.5448     84.598  40.316669     37.422      8.077   217.3265     3.5382     2.0719     0.0256     -0.050      0.050      0.072        152 2.3450e+02 0.0000e+00
      0.023    29.3691     6.4882     83.813  40.140384     37.009      8.087   218.5380     3.5867     2.1390     0.0255     -0.073      0.023      0.032        153 2.9514e+02 0.0000e+00
     -0.000    29.3324     6.5135     84.091  40.136977     36.970      8.047   218.6515     3.5665     2.0987     0.0255     -0.093      0.002      0.002        154 2.5275e+02 0.0000e+00
     -0.017    29.2268     6.5675     84.730  40.024183     36.779      8.048   218.4244     3.2471     1.7765     0.0255     -0.107     -0.013     -0.019        155 2.2571e+02 0.0000e+00
     -0.023    29.1105     6.6439     85.657  39.984088     36.805      8.055   218.5380     3.2552     1.8436     0.0255     -0.110     -0.022     -0.032        156 2.2956e+02 0.0000e+00
     -0.030    29.0012     6.7211     86.597  39.949581     36.825      8.074   217.5537     3.2309     1.8705     0.0254     -0.101     -0.028     -0.040        157 2.2106e+02 0.0000e+00
     -0.032    28.9048     6.7935     87.503  39.859530     36.828      8.096   217.5537     3.2673     1.9242     0.0254     -0.080     -0.031     -0.044        158 2.2630e+02 0.0000e+00
     -0.032    28.8431     6.8335     87.981  39.918234     36.952      8.117   220.0144     3.2147     2.0987     0.0254     -0.055     -0.033     -0.047        159 2.2752e+02 0.0000e+00
     -0.037    28.7950     6.8367     88.011  39.935912     37.047      8.121   219.2573     3.4371     2.0719     0.0255     -0.037     -0.036     -0.052        160 2.5492e+02 0.0000e+00
     -0.040    28.7281     6.8295     87.924  39.867243     37.009      8.128   219.4087     3.4533     2.0316     0.0254     -0.027     -0.038     -0.054        161 2.7436e+02 0.0000e+00
     -0.038    28.6601     6.8057     87.553  39.796083     36.991      8.140   218.5380     3.4331     2.0584     0.0254     -0.017     -0.035     -0.052        162 2.5512e+02 0.0000e+00
     -0.031    28.6212     6.7699     87.034  39.698201     36.932      8.152   218.8787     3.4371     2.0853     0.0254     -0.008     -0.030     -0.045        163 2.2476e+02 0.0000e+00
     -0.026    28.5890     6.7379     86.597  39.633128     36.929      8.150   219.8630     3.3077     2.1659     0.0253     -0.002     -0.024     -0.035        164 2.2248e+02 0.0000e+00
     -0.019    28.5500     6.7313     86.507  39.580465     36.902      8.157   219.6737     3.3482     2.2062     0.0253      0.004     -0.017     -0.025        165 2.2345e+02 0.0000e+00
     -0.008    28.5105     6.7450     86.682  39.526457     36.873      8.161   219.2951     3.3199     2.2196     0.0253      0.011     -0.007     -0.010        166 2.2500e+02 0.0000e+00
      0.006    28.4761     6.7737     87.057  39.463053     36.847      8.167   219.2194     3.3199     2.2867     0.0253      0.019      0.007      0.011        167 2.2413e+02 0.0000e+00
      0.026    28.4566     6.8075     87.498  39.333096     36.743      8.163   218.2351     3.3926     2.3002     0.0252      0.030      0.026      0.037        168 2.1203e+02 0.0000e+00
      0.046    28.4334     6.8375     87.904  39.332253     36.768      8.159   218.0080     3.3846     2.2330     0.0252      0.041      0.047      0.067        169 1.9546e+02 0.0000e+00
      0.071    28.4273     6.8606     88.246  39.345469     36.807      8.159   218.6137     3.3765     2.2464     0.0253      0.052      0.070      0.102        170 1.7489e+02 0.0000e+00
