Data/DataNotYetUploadedToEDI/Raw_CTD/RawDownloads/080918_bvr50.cnv
* Sea-Bird SBE19plus  Data File:
* FileName = C:\DATA\080918_bvr50_0002.hex
* Software version 2.6.3.104
* Temperature SN = 7809
* Conductivity SN = 7809
* System UpLoad Time = Aug 09 2018 20:25:19
* <ApplicationData>
* <Seaterm232>
# nquan = 17
# nvalues = 639                         
# units = specified
# name 0 = depFM: Depth [fresh water, m]
# name 1 = tv290C: Temperature [ITS-90, deg C]
# name 2 = sbeox0Mg/L: Oxygen, SBE 43 [mg/l]
# name 3 = sbeox0PS: Oxygen, SBE 43 [% saturation]
# name 4 = c0uS/cm: Conductivity [uS/cm]
# name 5 = specc: Specific Conductance [uS/cm]
# name 6 = ph: pH
# name 7 = orp: Oxidation Reduction Potential [mV]
# name 8 = flECO-AFL: Fluorescence, WET Labs ECO-AFL/FL [mg/m^3]
# name 9 = turbWETntu0: Turbidity, WET Labs ECO [NTU]
# name 10 = sal00: Salinity, Practical [PSU]
# name 11 = dz/dtM: Descent Rate [m/s]
# name 12 = prdM: Pressure, Strain Gauge [db]
# name 13 = prdE: Pressure, Strain Gauge [psi]
# name 14 = scan: Scan Count
# name 15 = par/sat/log: PAR/Logarithmic, Satlantic
# name 16 = flag:  0.000e+00
# span 0 =     -0.654,      8.906       
# span 1 =     8.0183,    26.9305       
# span 2 =    -0.9535,     8.8762       
# span 3 =    -10.741,    110.721       
# span 4 =   0.320350,  80.416943       
# span 5 =      1.008,    121.671       
# span 6 =      6.349,      8.589       
# span 7 = -1240.7455,   423.5350       
# span 8 =    -1.6740,     5.2972       
# span 9 =     0.7425,    14.5464       
# span 10 =     0.0124,     0.0561      
# span 11 =     -0.204,      0.264      
# span 12 =     -0.641,      8.733      
# span 13 =     -0.929,     12.666      
# span 14 =          1,        639      
# span 15 = 1.2311e-01, 2.4420e+03      
# span 16 = 0.0000e+00, 0.0000e+00      
# interval = seconds: 0.25
# start_time = Aug 09 2018 15:32:04 [Instrument's time stamp, header]
# bad_flag = -9.990e-29
*END*
[from data line 596]
      8.772     8.1231     0.0870      0.735  78.827010    119.045      6.931   -56.8357     1.6256     1.9510     0.0549      0.019      8.604     12.478        597 1.2536e-01 0.0000e+00
      8.775     8.1288     0.0922      0.779  78.864049    119.086      6.934   -56.7978     1.6377     1.9645     0.0549      0.013      8.606     12.481        598 1.2549e-01 0.0000e+00
      8.778     8.1344     0.0846      0.715  78.904922    119.094      6.934   -57.4414     1.5487     1.8973     0.0549      0.010      8.607     12.484        599 1.2560e-01 0.0000e+00
      8.777     8.1485     0.0815      0.689  78.865304    119.031      6.934   -57.4793     1.5609     1.8436     0.0549      0.008      8.607     12.484        600 1.2536e-01 0.0000e+00
      8.777     8.1625     0.0873      0.738  78.824178    118.927      6.936   -57.7443     1.5487     1.9107     0.0549      0.005      8.607     12.484        601 1.2559e-01 0.0000e+00
      8.777     8.1576     0.0895      0.757  78.866925    118.962      6.937   -58.2364     1.5528     1.8302     0.0549      0.002      8.607     12.484        602 1.2570e-01 0.0000e+00
      8.778     8.1536     0.0952      0.805  78.960707    119.034      6.939   -58.4635     1.5245     1.8973     0.0549      0.002      8.610     12.488        603 1.2560e-01 0.0000e+00
      8.785     8.1439     0.0868      0.734  78.915518    119.014      6.941   -59.1071     1.5447     1.8705     0.0549      0.005      8.619     12.501        604 1.2546e-01 0.0000e+00
      8.805     8.1019     0.0867      0.733  79.042054    119.155      6.940   -59.1828     1.5811     1.8302     0.0550      0.011      8.637     12.527        605 1.2537e-01 0.0000e+00
      8.832     8.0592     0.0890      0.752  79.397709    119.817      6.941   -59.0693     1.5447     1.8973     0.0553      0.021      8.659     12.560        606 1.2564e-01 0.0000e+00
      8.853     8.0318     0.0848      0.717  79.513252    120.061      6.941   -59.1450     1.5407     1.9376     0.0554      0.034      8.678     12.587        607 1.2553e-01 0.0000e+00
      8.863     8.0183     0.0861      0.728  79.581946    120.384      6.943   -59.1071     1.6781     2.1390     0.0555      0.046      8.689     12.603        608 1.2541e-01 0.0000e+00
      8.866     8.0260     0.0820      0.693  79.609504    120.483      6.944   -59.1071     1.6741     2.0584     0.0555      0.053      8.694     12.609        609 1.2565e-01 0.0000e+00
      8.867     8.0371     0.0815      0.689  79.538435    120.451      6.945   -59.1450     1.6862     2.0719     0.0555      0.054      8.696     12.613        610 1.2553e-01 0.0000e+00
      8.870     8.0419     0.0850      0.719  79.492058    120.333      6.948   -59.4478     1.7024     2.0719     0.0554      0.050      8.698     12.616        611 1.2541e-01 0.0000e+00
      8.873     8.0410     0.0877      0.742  79.488871    120.295      6.948   -59.3343     1.6134     2.0182     0.0554      0.041      8.701     12.620        612 1.2543e-01 0.0000e+00
      8.875     8.0343     0.0885      0.749  79.482945    120.276      6.951   -59.6750     1.6094     1.8973     0.0554      0.029      8.704     12.624        613 1.2536e-01 0.0000e+00
      8.880     8.0290     0.0818      0.692  79.499427    120.280      6.952   -59.4857     1.6256     1.8705     0.0554      0.019      8.709     12.631        614 1.2546e-01 0.0000e+00
      8.885     8.0272     0.0858      0.726  79.825049    120.813      6.955   -59.5614     1.6013     1.9376     0.0557      0.014      8.714     12.638        615 1.2540e-01 0.0000e+00
      8.890     8.0281     0.0786      0.664  80.058620    121.215      6.954   -59.7128     1.5690     1.9645     0.0558      0.013      8.718     12.645        616 1.2540e-01 0.0000e+00
      8.894     8.0330     0.0784      0.663  80.100489    121.221      6.955   -59.6371     1.5771     1.9107     0.0558      0.014      8.722     12.650        617 1.2548e-01 0.0000e+00
      8.897     8.0387     0.0764      0.646  80.278266    121.558      6.958   -60.3564     1.5487     1.9107     0.0560      0.015      8.725     12.654        618 1.2553e-01 0.0000e+00
      8.900     8.0436     0.0845      0.714  80.194075    121.369      6.957   -60.5078     1.5851     1.9779     0.0559      0.016      8.728     12.659        619 1.2560e-01 0.0000e+00
      8.903     8.0539     0.0790      0.668  79.967457    121.009      6.959   -61.0757     1.6134     2.0316     0.0558      0.016      8.730     12.663        620 1.2545e-01 0.0000e+00
      8.904     8.0677     0.0861      0.728  80.025235    121.076      6.960   -61.7193     1.6094     2.1659     0.0558      0.015      8.732     12.665        621 1.2544e-01 0.0000e+00
      8.905     8.0693     0.0812      0.687  80.181615    121.293      6.959   -61.8707     1.6013     2.1122     0.0559      0.012      8.733     12.666        622 1.2551e-01 0.0000e+00
      8.905     8.0615     0.0835      0.706  80.188982    121.241      6.964   -62.0221     1.6377     2.1390     0.0559      0.010      8.733     12.666        623 1.2545e-01 0.0000e+00
      8.904     8.0594     0.0842      0.712  80.253854    121.320      6.964   -62.1736     1.7348     2.2062     0.0559      0.007      8.732     12.665        624 1.2551e-01 0.0000e+00
      8.904     8.0558     0.0830      0.702  80.338680    121.520      6.965   -62.0600     1.7348     2.1793     0.0560      0.005      8.732     12.665        625 1.2543e-01 0.0000e+00
      8.904     8.0458     0.0853      0.721  80.350948    121.484      6.967   -62.3628     1.7590     2.3136     0.0560      0.003      8.732     12.665        626 1.2547e-01 0.0000e+00
      8.905     8.0426     0.0830      0.702  80.416943    121.666      6.965   -63.8014     1.7469     2.2330     0.0561      0.001      8.733     12.666        627 1.2553e-01 0.0000e+00
      8.905     8.0450 -9.990e-29 -9.990e-29  80.375458    121.578      6.967   -62.6657     1.7388     2.2330     0.0560      0.000      8.733     12.666        628 1.2552e-01 0.0000e+00
      8.905     8.0430 -9.990e-29 -9.990e-29  80.372857    121.631      6.969   -62.6657     1.5649     2.1927     0.0560      0.000      8.733     12.666        629 1.2543e-01 0.0000e+00
      8.905     8.0406 -9.990e-29 -9.990e-29  80.390457    121.621      6.968   -62.5900     1.5568     2.0719     0.0560      0.000      8.733     12.666        630 1.2535e-01 0.0000e+00
      8.905     8.0409 -9.990e-29 -9.990e-29  80.413006    121.671      6.970   -64.4450     1.5609     2.0316     0.0561      0.000      8.733     12.666        631 1.2552e-01 0.0000e+00
      8.905     8.0433 -9.990e-29 -9.990e-29  80.315072    121.554      6.973   -65.3914     1.5487     2.0987     0.0560      0.000      8.733     12.666        632 1.2558e-01 0.0000e+00
      8.905     8.0485 -9.990e-29 -9.990e-29  80.215086    121.339      6.973   -63.8014     1.5407     1.9376     0.0559      0.000      8.733     12.666        633 1.2560e-01 0.0000e+00
      8.904     8.0530 -9.990e-29 -9.990e-29  80.269910    121.502      6.973   -63.5743     1.5447     1.8033     0.0560      0.000      8.733     12.666        634 1.2559e-01 0.0000e+00
      8.905     8.0504 -9.990e-29 -9.990e-29  80.157665    121.227      6.976   -63.7636     1.5447     1.8302     0.0559     -0.000      8.733     12.666        635 1.2560e-01 0.0000e+00
      8.904     8.0542 -9.990e-29 -9.990e-29  80.057520    121.128      6.977   -64.0286     1.5447     1.9107     0.0558     -0.000      8.732     12.665        636 1.2555e-01 0.0000e+00
      8.904     8.0622 -9.990e-29 -9.990e-29  79.978389    120.964      6.977   -63.9150     1.4962     1.8570     0.0557     -0.000      8.732     12.665        637 1.2553e-01 0.0000e+00
      8.905 -9.990e-29 -9.990e-29 -9.990e-29  79.958896    120.957      6.975   -64.0664     1.5124     1.9376     0.0557     -0.000      8.733     12.666        638 1.2551e-01 0.0000e+00
      8.906 -9.990e-29 -9.990e-29 -9.990e-29  80.022327    121.001      6.982   -63.8393     1.5043     1.8705     0.0558      0.000      8.733     12.666        639 1.2544e-01 0.0000e+00
