Data/DataNotYetUploadedToEDI/Raw_CTD/RawDownloads/080918_fcr30.cnv
* Sea-Bird SBE19plus  Data File:
* FileName = C:\DATA\080918_bvr50_0006.hex
* Software version 2.6.3.104
* Temperature SN = 7809
* Conductivity SN = 7809
* System UpLoad Time = Aug 09 2018 20:26:31
* <ApplicationData>
* <Seaterm232>
# nquan = 17
# nvalues = 485                         
# units = specified
# name 0 = depFM: Depth [fresh water, m]
# name 1 = tv290C: Temperature [ITS-90, deg C]
# name 2 = sbeox0Mg/L: Oxygen, SBE 43 [mg/l]
# name 3 = sbeox0PS: Oxygen, SBE 43 [% saturation]
# name 4 = c0uS/cm: Conductivity [uS/cm]
# name 5 = specc: Specific Conductance [uS/cm]
# name 6 = ph: pH
# name 7 = orp: Oxidation Reduction Potential [mV]
# name 8 = flECO-AFL: Fluorescence, WET Labs ECO-AFL/FL [mg/m^3]
# name 9 = turbWETntu0: Turbidity, WET Labs ECO [NTU]
# name 10 = sal00: Salinity, Practical [PSU]
# name 11 = dz/dtM: Descent Rate [m/s]
# name 12 = prdM: Pressure, Strain Gauge [db]
# name 13 = prdE: Pressure, Strain Gauge [psi]
# name 14 = scan: Scan Count
# name 15 = par/sat/log: PAR/Logarithmic, Satlantic
# name 16 = flag:  0.000e+00
# span 0 =     -0.574,      5.375       
# span 1 =    12.0312,    28.7124       
# span 2 =     0.0537,     9.6945       
# span 3 =      0.591,    124.144       
# span 4 =   0.878610,  49.428507       
# span 5 =      0.885,     61.451       
# span 6 =      6.377,      8.492       
# span 7 =  -160.5646,   428.6836       
# span 8 =    -0.8370,     6.3324       
# span 9 =    -3.7424,    25.2754       
# span 10 =     0.0116,     0.0319      
# span 11 =     -0.147,      0.241      
# span 12 =     -0.562,      5.271      
# span 13 =     -0.815,      7.644      
# span 14 =          1,        485      
# span 15 = 6.5346e-01, 1.5894e+03      
# span 16 = 0.0000e+00, 0.0000e+00      
# interval = seconds: 0.25
# start_time = Aug 09 2018 21:04:04 [Instrument's time stamp, header]
# bad_flag = -9.990e-29
*END*
[from data line 256]
      0.341    28.3875     9.1323    117.942  38.586001     36.137      8.374   161.4114     3.6676     2.1659     0.0250      0.001      0.334      0.485        257 3.9929e+01 0.0000e+00
      0.341    28.3995     9.1344    117.979  38.625878     36.185      8.371   161.1842     3.6757     2.2599     0.0250      0.000      0.334      0.486        258 4.0088e+01 0.0000e+00
      0.342    28.4083     9.1342    117.983  38.682168     36.226      8.371   161.4492     3.6919     2.2330     0.0250      0.001      0.334      0.486        259 4.2627e+01 0.0000e+00
      0.343    28.4205     9.1484    118.195  38.634590     36.166      8.368   161.5249     3.6919     2.2330     0.0250      0.001      0.334      0.485        260 3.9885e+01 0.0000e+00
      0.340    28.4444     9.1618    118.397  38.655421     36.186      8.367   161.8657     3.6636     2.1390     0.0250      0.001      0.327      0.475        261 4.2149e+01 0.0000e+00
      0.319    28.4770     9.1802    118.653  38.685901     36.204      8.369   161.1085     3.6474     2.0450     0.0250     -0.005      0.307      0.445        262 4.3885e+01 0.0000e+00
      0.280    28.5125     9.1958    118.879  38.685636     36.188      8.370   161.2599     3.6676     2.0719     0.0250     -0.020      0.273      0.395        263 4.5443e+01 0.0000e+00
      0.236    28.5462     9.1984    118.934  38.744723     36.218      8.369   161.3735     3.6838     2.0719     0.0250     -0.042      0.231      0.335        264 4.4730e+01 0.0000e+00
      0.192    28.5677     9.1879    118.815  38.790322     36.246      8.371   161.0328     3.6150     2.0316     0.0250     -0.069      0.185      0.269        265 5.0363e+01 0.0000e+00
      0.136    28.5884     9.1804    118.725  38.777181     36.197      8.368   160.9571     3.6393     2.0719     0.0250     -0.101      0.136      0.199        266 5.4685e+01 0.0000e+00
      0.090    28.6089     9.1764    118.686  38.790723     36.209      8.370   161.2599     3.5989     2.0450     0.0250     -0.131      0.100      0.145        267 5.5624e+01 0.0000e+00
      0.083    28.6141     9.1546    118.417  38.803118     36.195      8.365   162.1685     3.6070     2.1122     0.0250     -0.147      0.085      0.124        268 5.6876e+01 0.0000e+00
      0.087    28.6174     9.1229    118.014  38.791404     36.181      8.354   162.2821     3.4776     2.1659     0.0250     -0.144      0.080      0.117        269 4.9867e+01 0.0000e+00
      0.074    28.6307     9.0910    117.604  38.805291     36.178      8.345   162.0171     3.4776     2.0987     0.0250     -0.129      0.069      0.100        270 6.5773e+01 0.0000e+00
      0.050    28.6444     9.0927    117.620  38.845156     36.227      8.351   162.0171     3.4937     2.0450     0.0251     -0.109      0.051      0.072        271 6.6281e+01 0.0000e+00
      0.031    28.6543     9.0944    117.632  38.830774     36.192      8.357   162.4335     3.4654     2.0450     0.0250     -0.090      0.033      0.047        272 6.3516e+01 0.0000e+00
      0.020    28.6651     9.0889    117.557  38.852844     36.209      8.357   162.8878     3.4937     2.0719     0.0251     -0.071      0.020      0.028        273 7.9964e+01 0.0000e+00
      0.008    28.6757     9.0792    117.433  38.847347     36.203      8.357   163.2285     3.5180     2.0719     0.0251     -0.056      0.007      0.009        274 6.7160e+01 0.0000e+00
     -0.009    28.6834     9.0731    117.356  38.807949     36.143      8.357   162.8121     3.5059     2.0719     0.0250     -0.052     -0.007     -0.011        275 6.2032e+01 0.0000e+00
     -0.021    28.6872     9.0676    117.285  38.842544     36.188      8.358   162.9635     3.4857     2.0719     0.0251     -0.056     -0.021     -0.030        276 6.6628e+01 0.0000e+00
     -0.035    28.6927     9.0780    117.414  38.893273     36.209      8.362   162.5849     3.4654     2.0182     0.0251     -0.060     -0.031     -0.046        277 6.3960e+01 0.0000e+00
     -0.041    28.6991     9.0980    117.667  38.893124     36.233      8.364   162.7364     3.4169     2.0316     0.0251     -0.055     -0.036     -0.053        278 6.3342e+01 0.0000e+00
     -0.035    28.7026     9.1117    117.845  38.872390     36.177      8.362   163.3799     3.4412     1.9913     0.0251     -0.045     -0.034     -0.049        279 5.9773e+01 0.0000e+00
     -0.030    28.7037     9.1209    117.962  38.889410     36.224      8.355   163.4557     3.4088     2.1390     0.0251     -0.035     -0.034     -0.049        280 6.1339e+01 0.0000e+00
     -0.039    28.7005     9.1186    117.928  38.871940     36.170      8.350   163.3799     3.4452     2.1659     0.0251     -0.028     -0.041     -0.059        281 6.4747e+01 0.0000e+00
     -0.055    28.6958     9.1094    117.805  38.864468     36.195      8.354   163.4935     3.3603     1.9913     0.0251     -0.024     -0.051     -0.075        282 6.5116e+01 0.0000e+00
     -0.062    28.6943     9.0899    117.552  38.869046     36.171      8.358   163.5692     3.3441     1.9913     0.0251     -0.021     -0.059     -0.086        283 6.6924e+01 0.0000e+00
     -0.065    28.6947     9.0731    117.343  38.895906     36.227      8.362   163.6071     3.3886     2.1122     0.0251     -0.019     -0.064     -0.092        284 6.6502e+01 0.0000e+00
     -0.067    28.6957     9.0710    117.327  38.860705     36.175      8.365   163.7964     3.3643     2.0047     0.0251     -0.018     -0.065     -0.095        285 6.7565e+01 0.0000e+00
     -0.068    28.6959     9.0937    117.635  38.853529     36.175      8.365   163.9100     3.2996     2.1122     0.0251     -0.020     -0.065     -0.095        286 7.0192e+01 0.0000e+00
     -0.064    28.6933     9.1141    117.913  38.904837     36.227      8.366   164.3642     3.2916     2.2196     0.0251     -0.020     -0.062     -0.090        287 6.8680e+01 0.0000e+00
     -0.058    28.6907     9.1370    118.216  38.885840     36.200      8.370   163.8342     3.2996     2.2599     0.0251     -0.014     -0.057     -0.083        288 6.6624e+01 0.0000e+00
     -0.053    28.6905     9.1537    118.433  38.847508     36.176      8.372   164.4021     3.3037     2.2464     0.0251     -0.005     -0.053     -0.077        289 6.7411e+01 0.0000e+00
     -0.052    28.6902     9.1588    118.490  38.863556     36.178      8.371   164.6292     3.4210     2.2196     0.0251      0.004     -0.052     -0.075        290 6.7135e+01 0.0000e+00
     -0.053    28.6881     9.1460    118.313  38.836209     36.178      8.372   164.7050     3.4331     2.2330     0.0251      0.007     -0.052     -0.075        291 6.5275e+01 0.0000e+00
     -0.053    28.6863     9.1243    118.023  38.822216     36.126      8.372   164.4778     3.4129     2.2464     0.0250      0.009     -0.051     -0.075        292 6.2788e+01 0.0000e+00
     -0.051    28.6861     9.1050    117.774  38.910631     36.258      8.372   164.9700     3.4371     2.1122     0.0251      0.009     -0.049     -0.071        293 6.2162e+01 0.0000e+00
     -0.046    28.6895     9.0929    117.622  38.874489     36.181      8.371   164.7807     3.4210     2.2196     0.0251      0.009     -0.044     -0.064        294 6.0864e+01 0.0000e+00
     -0.038    28.6953     9.1002    117.717  38.837533     36.181      8.368   165.1971     3.3805     2.1793     0.0251      0.009     -0.037     -0.054        295 6.3141e+01 0.0000e+00
     -0.029    28.7021     9.1202    117.973  38.867636     36.179      8.366   165.5000     3.3522     2.2196     0.0251      0.011     -0.029     -0.042        296 7.1804e+01 0.0000e+00
     -0.022    28.7088     9.1314    118.111  38.896349     36.227      8.362   165.8028     3.3401     2.2599     0.0251      0.015     -0.022     -0.032        297 7.5125e+01 0.0000e+00
     -0.018    28.7124     9.1287    118.067  38.920448     36.222      8.358   166.1814     3.3603     2.1256     0.0251      0.019     -0.016     -0.023        298 7.2452e+01 0.0000e+00
     -0.009    28.7122     9.1218    117.944  38.926629     36.244      8.358   166.1435     3.5867     2.2733     0.0251      0.024     -0.006     -0.008        299 6.7709e+01 0.0000e+00
      0.010    28.7084     9.1179    117.849  38.918316     36.215      8.362   166.1814     3.5463     2.2196     0.0251      0.029      0.008      0.013        300 6.4570e+01 0.0000e+00
      0.026    28.7028     9.1070    117.675  38.841804     36.163      8.356   166.7871     3.5746     2.0853     0.0251      0.035      0.023      0.034        301 5.9159e+01 0.0000e+00
      0.035    28.6984     9.0942    117.479  38.814210     36.114      8.349   167.2035     3.5503     2.2599     0.0250      0.040      0.034      0.049        302 5.8274e+01 0.0000e+00
      0.043    28.6986     9.0882    117.414  38.893334     36.222      8.348   167.1657     3.7647     2.1793     0.0251      0.042      0.043      0.062        303 6.2888e+01 0.0000e+00
      0.054    28.7007     9.0923    117.482  38.891650     36.199      8.351   167.5442     3.7444     2.2330     0.0251      0.044      0.051      0.075        304 6.1396e+01 0.0000e+00
      0.060    28.7010     9.1019    117.613  38.845971     36.173      8.347   167.8850     3.7606     2.1659     0.0251      0.044      0.055      0.081        305 5.3259e+01 0.0000e+00
      0.055    28.6993     9.1159    117.792  38.861195     36.171      8.343   168.3014     3.7242     2.1927     0.0251      0.040      0.053      0.077        306 6.0955e+01 0.0000e+00
      0.047    28.6965     9.1325    117.998  38.902364     36.223      8.343   168.0742     3.6717     2.2464     0.0251      0.029      0.048      0.069        307 6.0543e+01 0.0000e+00
      0.043    28.6917     9.1428    118.131  38.913385     36.224      8.347   169.2100     3.6757     2.2867     0.0251      0.017      0.044      0.064        308 5.8243e+01 0.0000e+00
      0.045    28.6755     9.1494    118.216  38.877143     36.200      8.350   169.2857     3.6676     2.2464     0.0251      0.007      0.045      0.066        309 7.4277e+01 0.0000e+00
      0.049    28.6549     9.1664    118.424  38.858481     36.177      8.355   169.0585     3.6919     2.2464     0.0251      0.002      0.052      0.076        310 6.3807e+01 0.0000e+00
      0.065    28.6371     9.1573    118.298  38.847627     36.188      8.351   169.8157     3.7525     2.2196     0.0251      0.002      0.071      0.103        311 5.5028e+01 0.0000e+00
      0.104    28.6244     9.1513    118.218  38.801673     36.150      8.342   170.8378     3.7525     2.2330     0.0250      0.013      0.103      0.150        312 5.0715e+01 0.0000e+00
      0.145    28.6288     9.1436    118.109  38.797033     36.161      8.336   170.6107     3.7768     2.1659     0.0250      0.035      0.140      0.203        313 4.6385e+01 0.0000e+00
      0.179    28.6368     9.1330    117.942  38.853411     36.223      8.340   170.1185     3.7242     2.1659     0.0251      0.061      0.169      0.244        314 4.5193e+01 0.0000e+00
      0.190    28.6396     9.1238    117.719  38.879826     36.245      8.341   169.8914     3.7444     2.1927     0.0251      0.081      0.181      0.262        315 4.4703e+01 0.0000e+00
      0.184    28.6390     9.1330    117.552  38.853145     36.214      8.347   169.5507     3.7364     2.2330     0.0251      0.087      0.179      0.260        316 5.3474e+01 0.0000e+00
      0.176    28.6349     9.1517    117.323  38.856950     36.212      8.351   169.0964     3.7364     2.2464     0.0251      0.082      0.171      0.249        317 5.3177e+01 0.0000e+00
      0.164    28.6349     9.1700    117.025  38.845428     36.213      8.355   169.0207     3.7404     2.2464     0.0251      0.065      0.162      0.235        318 5.7484e+01 0.0000e+00
      0.156    28.6347     9.1886    116.841  38.808159     36.164      8.362   169.0964     3.7606     2.1524     0.0250      0.040      0.159      0.230        319 6.0924e+01 0.0000e+00
      0.167    28.6290     9.2160    117.083  38.814345     36.190      8.363   168.9071     3.6757     2.2196     0.0250      0.016      0.167      0.242        320 6.2166e+01 0.0000e+00
      0.188    28.6254     9.2854    117.936  38.748745     36.111      8.360   169.5885     3.6555     2.2464     0.0250      0.003      0.182      0.263        321 6.5038e+01 0.0000e+00
      0.198    28.6239     9.3463    118.824  38.800811     36.168      8.356   169.3993     3.6919     2.2464     0.0250      0.001      0.193      0.280        322 6.7079e+01 0.0000e+00
      0.202    28.6192     9.4124    119.733  38.838538     36.222      8.358   169.5128     3.6757     2.2196     0.0251      0.008      0.205      0.299        323 6.7043e+01 0.0000e+00
      0.229    28.6044     9.4835    120.433  38.761122     36.119      8.363   170.3078     3.5382     2.2464     0.0250      0.024      0.235      0.342        324 6.1986e+01 0.0000e+00
      0.291    28.5535     9.5317    120.681  38.808169     36.200      8.356   171.7464     3.5584     2.1927     0.0250      0.051      0.288      0.418        325 5.8439e+01 0.0000e+00
      0.360    28.4142     9.5470    120.569  38.691007     36.079      8.352   172.6550     3.5544     2.2062     0.0250      0.087      0.348      0.506        326 5.5765e+01 0.0000e+00
      0.414    28.1911     9.5399    120.257  38.373028     35.826      8.349   173.3364     3.5584     2.2733     0.0249      0.121      0.400      0.581        327 5.3920e+01 0.0000e+00
      0.451    27.9303     9.5166    119.790  38.165763     35.709      8.348   173.6771     3.6797     2.1927     0.0248      0.146      0.439      0.636        328 5.4073e+01 0.0000e+00
      0.478    27.7366     9.5008    119.457  38.088836     35.809      8.348   173.9421     3.6717     2.2196     0.0248      0.162      0.463      0.671        329 5.3436e+01 0.0000e+00
      0.486    27.6748     9.4923    119.227  38.053618     35.931      8.354   173.4878     3.6919     2.2196     0.0248      0.167      0.474      0.687        330 5.2455e+01 0.0000e+00
      0.486    27.6693     9.4821    118.966  38.061410     36.095      8.363   174.0936     3.6676     2.2196     0.0248      0.155      0.477      0.692        331 5.3569e+01 0.0000e+00
      0.487    27.7174     9.4661    118.653  38.108895     36.157      8.374   173.8286     3.8981     2.1659     0.0248      0.126      0.478      0.693        332 5.3246e+01 0.0000e+00
      0.485    27.7494     9.4633    118.492  38.202194     36.272      8.378   173.9043     3.8819     2.1793     0.0248      0.087      0.483      0.700        333 5.1552e+01 0.0000e+00
      0.504    27.6541     9.4637    118.324  38.152930     36.182      8.384   174.7371     3.8658     2.1390     0.0248      0.057      0.505      0.733        334 4.9336e+01 0.0000e+00
      0.558    27.4880     9.4547    118.021  37.962557     35.975      8.381   176.1000     3.8658     2.2196     0.0247      0.049      0.550      0.798        335 4.7610e+01 0.0000e+00
      0.619    27.3445     9.4529    117.743  37.845887     35.934      8.383   176.6678     3.8698     2.2330     0.0247      0.062      0.604      0.876        336 4.6585e+01 0.0000e+00
      0.669    27.2414     9.4398    117.346  37.793934     35.996      8.392   176.8193     3.9507     2.2196     0.0247      0.086      0.653      0.947        337 4.5862e+01 0.0000e+00
      0.710    27.1605     9.4321    117.049  37.730679     36.041      8.403   177.1221     3.9426     2.1659     0.0247      0.116      0.694      1.006        338 4.5262e+01 0.0000e+00
      0.743    27.0977     9.4409    116.924  37.687393     36.059      8.418   176.3650     3.9507     2.2196     0.0247      0.143      0.729      1.057        339 4.4773e+01 0.0000e+00
      0.778    27.0395     9.4571    116.903  37.610574     36.061      8.431   177.0464     3.9507     2.2733     0.0246      0.161      0.762      1.106        340 4.4521e+01 0.0000e+00
