Data/DataNotYetUploadedToEDI/Raw_CTD/RawDownloads/080918_bvr50.cnv
* Sea-Bird SBE19plus  Data File:
* FileName = C:\DATA\080918_bvr50_0002.hex
* Software version 2.6.3.104
* Temperature SN = 7809
* Conductivity SN = 7809
* System UpLoad Time = Aug 09 2018 20:25:19
* <ApplicationData>
* <Seaterm232>
# nquan = 17
# nvalues = 639                         
# units = specified
# name 0 = depFM: Depth [fresh water, m]
# name 1 = tv290C: Temperature [ITS-90, deg C]
# name 2 = sbeox0Mg/L: Oxygen, SBE 43 [mg/l]
# name 3 = sbeox0PS: Oxygen, SBE 43 [% saturation]
# name 4 = c0uS/cm: Conductivity [uS/cm]
# name 5 = specc: Specific Conductance [uS/cm]
# name 6 = ph: pH
# name 7 = orp: Oxidation Reduction Potential [mV]
# name 8 = flECO-AFL: Fluorescence, WET Labs ECO-AFL/FL [mg/m^3]
# name 9 = turbWETntu0: Turbidity, WET Labs ECO [NTU]
# name 10 = sal00: Salinity, Practical [PSU]
# name 11 = dz/dtM: Descent Rate [m/s]
# name 12 = prdM: Pressure, Strain Gauge [db]
# name 13 = prdE: Pressure, Strain Gauge [psi]
# name 14 = scan: Scan Count
# name 15 = par/sat/log: PAR/Logarithmic, Satlantic
# name 16 = flag:  0.000e+00
# span 0 =     -0.654,      8.906       
# span 1 =     8.0183,    26.9305       
# span 2 =    -0.9535,     8.8762       
# span 3 =    -10.741,    110.721       
# span 4 =   0.320350,  80.416943       
# span 5 =      1.008,    121.671       
# span 6 =      6.349,      8.589       
# span 7 = -1240.7455,   423.5350       
# span 8 =    -1.6740,     5.2972       
# span 9 =     0.7425,    14.5464       
# span 10 =     0.0124,     0.0561      
# span 11 =     -0.204,      0.264      
# span 12 =     -0.641,      8.733      
# span 13 =     -0.929,     12.666      
# span 14 =          1,        639      
# span 15 = 1.2311e-01, 2.4420e+03      
# span 16 = 0.0000e+00, 0.0000e+00      
# interval = seconds: 0.25
# start_time = Aug 09 2018 15:32:04 [Instrument's time stamp, header]
# bad_flag = -9.990e-29
*END*
[from data line 256]
      2.087    26.5654     8.3477    103.925  29.827459     28.918      8.516   208.9222     5.0708     5.0663     0.0216      0.061      2.047      2.968        257 5.9090e+01 0.0000e+00
      2.107    26.5672     8.3511    103.966  29.854787     28.945      8.509   209.4901     5.0667     5.1066     0.0216      0.059      2.065      2.995        258 5.8317e+01 0.0000e+00
      2.121    26.5671     8.3459    103.899  29.821526     28.917      8.504   209.3387     5.0586     4.9052     0.0216      0.055      2.079      3.016        259 5.8020e+01 0.0000e+00
      2.132    26.5652     8.3386    103.808  29.779904     28.862      8.501   209.8308     5.0991     4.9589     0.0216      0.054      2.090      3.032        260 5.7908e+01 0.0000e+00
      2.143    26.5638     8.3273    103.659  29.817637     28.917      8.501   209.6794     5.1072     5.0260     0.0216      0.054      2.100      3.045        261 5.7653e+01 0.0000e+00
      2.148    26.5624     8.3155    103.499  29.833866     28.918      8.499   210.0579     5.0869     5.0663     0.0216      0.053      2.105      3.053        262 5.7299e+01 0.0000e+00
      2.148    26.5614     8.2996    103.295  29.819004     28.918      8.495   209.9444     5.0627     4.9186     0.0216      0.049      2.108      3.057        263 5.7209e+01 0.0000e+00
      2.152    26.5592     8.2910    103.193  29.806482     28.892      8.499   209.6037     5.1031     4.9992     0.0216      0.041      2.114      3.066        264 5.6945e+01 0.0000e+00
      2.167    26.5528     8.2854    103.125  29.819803     28.920      8.500   210.0201     5.1314     4.7038     0.0216      0.034      2.124      3.081        265 5.6380e+01 0.0000e+00
      2.178    26.5478     8.2830    103.094  29.772780     28.867      8.495   210.6258     5.1314     4.7843     0.0216      0.030      2.133      3.093        266 5.6057e+01 0.0000e+00
      2.178    26.5476     8.2743    102.983  29.776054     28.870      8.489   210.3987     5.1314     4.8380     0.0216      0.027      2.135      3.097        267 5.5967e+01 0.0000e+00
      2.177    26.5470     8.2600    102.807  29.756433     28.873      8.486   210.8908     5.1476     4.7440     0.0216      0.024      2.136      3.098        268 5.6140e+01 0.0000e+00
      2.179    26.5461     8.2373    102.529  29.737903     28.819      8.486   210.9665     5.2770     4.7843     0.0216      0.021      2.137      3.099        269 5.6230e+01 0.0000e+00
      2.179    26.5456     8.2241    102.372  29.828764     28.955      8.491   211.0044     5.2972     4.7843     0.0216      0.018      2.140      3.104        270 5.5856e+01 0.0000e+00
      2.189    26.5412     8.2144    102.260  29.732305     28.820      8.489   211.3072     5.2608     4.7575     0.0216      0.017      2.151      3.120        271 5.5164e+01 0.0000e+00
      2.212    26.5342     8.2090    102.200  29.709699     28.820      8.487   212.2158     5.2527     4.8515     0.0216      0.020      2.174      3.153        272 5.4019e+01 0.0000e+00
      2.250    26.5312     8.2057    102.164  29.767951     28.877      8.474   213.2380     5.0829     4.9320     0.0216      0.030      2.208      3.202        273 5.2670e+01 0.0000e+00
      2.290    26.5332     8.2105    102.227  29.719112     28.827      8.461   213.6165     5.0991     4.9992     0.0216      0.049      2.246      3.258        274 5.1443e+01 0.0000e+00
      2.330    26.5344     8.2235    102.390  29.711183     28.828      8.455   214.1465     5.0869     4.9723     0.0216      0.074      2.282      3.311        275 5.0186e+01 0.0000e+00
      2.363    26.5338     8.2483    102.701  29.777819     28.881      8.448   213.9572     5.0869     5.0663     0.0216      0.097      2.309      3.350        276 4.9791e+01 0.0000e+00
      2.371    26.5326     8.2702    102.973  29.784429     28.908      8.446   213.5030     5.2285     5.0529     0.0216      0.110      2.322      3.367        277 4.9961e+01 0.0000e+00
      2.369    26.5331     8.2946    103.270  29.732607     28.827      8.449   213.1622     5.2082     4.9589     0.0216      0.110      2.324      3.370        278 4.9892e+01 0.0000e+00
      2.370    26.5362     8.3115    103.461  29.753364     28.882      8.454   213.1622     5.2244     5.0395     0.0216      0.099      2.323      3.369        279 4.9659e+01 0.0000e+00
      2.367    26.5401     8.3215    103.546  29.728949     28.827      8.459   213.3137     5.2082     5.1200     0.0216      0.077      2.321      3.367        280 4.9769e+01 0.0000e+00
      2.364    26.5444     8.3190    103.435  29.762990     28.880      8.461   213.0487     5.2082     5.0260     0.0216      0.050      2.320      3.365        281 5.0055e+01 0.0000e+00
      2.367    26.5484     8.2992    103.067  29.829594     28.932      8.463   213.2758     5.0020     4.7575     0.0216      0.027      2.322      3.368        282 4.9821e+01 0.0000e+00
      2.373    26.5513     8.2604    102.458  29.853604     28.956      8.465   213.8058     5.0101     4.7306     0.0216      0.011      2.326      3.373        283 4.9657e+01 0.0000e+00
      2.373    26.5531     8.1947    101.546  29.822057     28.927      8.467   213.7301     5.0182     4.7038     0.0216      0.002      2.328      3.377        284 4.9833e+01 0.0000e+00
      2.375    26.5539     8.1013    100.293  29.779905     28.871      8.465   213.2380     5.0384     4.9052     0.0216      0.002      2.331      3.382        285 4.9889e+01 0.0000e+00
      2.385    26.5547     7.9801     98.643  29.817113     28.924      8.468   213.2758     5.0708     4.9857     0.0216      0.006      2.341      3.395        286 4.9360e+01 0.0000e+00
      2.401    26.5548     7.8754     97.052  29.835050     28.924      8.470   213.5030     5.0546     4.7843     0.0216      0.013      2.355      3.415        287 4.8951e+01 0.0000e+00
      2.415    26.5511     7.7647     94.892  29.816880     28.923      8.468   212.7837     5.0869     4.7575     0.0216      0.022      2.377      3.447        288 4.8178e+01 0.0000e+00
      2.456    26.5404     7.5791     91.828  29.780427     28.869      8.457   215.3580     5.0788     4.7843     0.0216      0.038      2.422      3.512        289 4.5501e+01 0.0000e+00
      2.542    26.5190     7.1838     86.714  29.732172     28.844      8.439   216.3044     5.0788     5.0395     0.0216      0.069      2.486      3.606        290 4.3628e+01 0.0000e+00
      2.601    26.4757     6.5761     78.980  29.669392     28.769      8.436   215.3201     5.0788     5.0932     0.0216      0.105      2.546      3.693        291 4.2692e+01 0.0000e+00
      2.646    26.4114     5.8246     69.247  29.651017     28.781      8.437   215.9258     5.0788     4.9186     0.0216      0.140      2.591      3.759        292 4.0833e+01 0.0000e+00
      2.681    26.3421     5.0426     59.355  29.547508     28.696      8.437   215.3958     5.0829     4.9992     0.0215      0.166      2.626      3.809        293 4.0142e+01 0.0000e+00
      2.705    26.2914     4.1740     48.730  29.412792     28.597      8.438   214.7144     5.1678     5.0126     0.0215      0.178      2.654      3.849        294 3.9782e+01 0.0000e+00
      2.734    26.2340     3.1347     36.309  29.403612     28.635      8.442   214.8658     5.1678     4.9857     0.0215      0.180      2.683      3.892        295 3.8599e+01 0.0000e+00
      2.771    26.1565     2.0552     23.682  29.381068     28.637      8.433   215.5851     5.1476     5.0395     0.0214      0.174      2.716      3.939        296 3.7689e+01 0.0000e+00
      2.803    25.9760     0.9992     11.468  29.351926     28.640      8.425   216.1908     5.1395     4.9857     0.0214      0.157      2.749      3.986        297 3.6689e+01 0.0000e+00
      2.835    25.5277     0.1914      2.186  29.350957     28.686      8.411   217.8187     5.0788     4.8783     0.0214      0.136      2.780      4.031        298 3.5788e+01 0.0000e+00
      2.868    25.0653    -0.3957     -4.494  29.411962     28.836      8.396   218.3487     5.0465     4.8380     0.0214      0.127      2.807      4.070        299 3.5526e+01 0.0000e+00
      2.881    24.8515    -0.7592     -8.589  29.453987     29.152      8.379   219.0680     5.0182     4.7709     0.0214      0.120      2.824      4.095        300 3.5492e+01 0.0000e+00
      2.887    24.5745    -0.9534    -10.741  29.417409     29.371      8.368   217.6672     5.0303     4.7977     0.0214      0.110      2.843      4.123        301 3.4634e+01 0.0000e+00
      2.930    24.0381    -0.9535    -10.717  29.487295     29.574      8.336   221.7180     5.0141     4.7575     0.0214      0.108      2.884      4.183        302 3.2474e+01 0.0000e+00
      3.008    23.5068    -0.8212     -9.231  29.604323     29.849      8.275   223.8001     4.8726     4.9320     0.0215      0.117      2.946      4.273        303 3.0887e+01 0.0000e+00
      3.071    23.0658    -0.6105     -6.873  29.894531     30.466      8.219   227.8887     4.9050     4.9589     0.0216      0.132      3.010      4.366        304 2.9544e+01 0.0000e+00
      3.132    22.6619    -0.4048     -4.560  30.549512     31.493      8.163   228.7973     4.8726     4.9320     0.0218      0.154      3.063      4.444        305 2.8393e+01 0.0000e+00
      3.168    22.3821    -0.2458     -2.766  30.953878     32.212      8.114   229.7437     4.8645     5.0529     0.0220      0.172      3.102      4.499        306 2.8108e+01 0.0000e+00
      3.190    22.1768    -0.1157     -1.299  30.903666     32.405      8.076   231.1066     4.6866     4.3681     0.0219      0.182      3.133      4.544        307 2.7304e+01 0.0000e+00
      3.230    21.9166    -0.0007     -0.008  30.819717     32.531      8.033   232.2423     4.6624     4.4083     0.0219      0.190      3.169      4.596        308 2.6247e+01 0.0000e+00
      3.275    21.6455     0.0913      1.018  30.673012     32.498      7.981   232.3559     4.6907     4.3815     0.0218      0.190      3.206      4.651        309 2.5645e+01 0.0000e+00
      3.303    21.4266     0.1977      2.188  30.611922     32.614      7.943   232.6966     4.6745     4.3546     0.0218      0.174      3.239      4.698        310 2.5017e+01 0.0000e+00
      3.333    21.2212     0.3197      3.513  30.391787     32.602      7.908   235.5737     4.3308     2.3404     0.0217      0.153      3.267      4.738        311 2.4234e+01 0.0000e+00
      3.360    21.0959     0.4756      5.203  30.057564     32.325      7.875   234.8923     4.3793     2.3270     0.0216      0.138      3.288      4.768        312 2.4155e+01 0.0000e+00
      3.363    21.1047     0.6835      7.450  29.990193     32.478      7.846   235.6116     4.3469     2.3002     0.0215      0.121      3.298      4.783        313 2.4257e+01 0.0000e+00
      3.367    21.1773     0.9633     10.448  30.060604     32.561      7.820   236.2173     4.3146     2.2062     0.0215      0.107      3.306      4.795        314 2.3963e+01 0.0000e+00
      3.383    21.2126     1.3067     14.113  30.266486     32.862      7.792   236.7852     4.4844     1.2662     0.0217      0.093      3.316      4.810        315 2.3674e+01 0.0000e+00
      3.393    21.1501     1.7155     18.393  30.267682     32.743      7.770   236.2173     4.4642     1.2125     0.0216      0.074      3.324      4.821        316 2.3695e+01 0.0000e+00
      3.391    21.0518     2.1429     22.744  29.999796     32.481      7.749   236.3309     4.4561     1.2393     0.0215      0.055      3.328      4.827        317 2.3699e+01 0.0000e+00
      3.396    20.9285     2.5729     27.190  29.858607     32.309      7.727   236.9366     4.4723     1.2931     0.0215      0.042      3.337      4.839        318 2.3318e+01 0.0000e+00
      3.420    20.6766     2.9479     31.123  29.672514     32.263      7.707   236.8987     4.4723     1.2528     0.0214      0.035      3.357      4.869        319 2.2656e+01 0.0000e+00
      3.454    20.3113     3.2529     34.256  29.282646     31.824      7.683   237.1259     4.4763     1.2662     0.0212      0.040      3.386      4.911        320 2.1989e+01 0.0000e+00
      3.486    19.9573     3.4428     36.144  28.950345     31.731      7.654   236.7473     4.4642     1.2796     0.0211      0.054      3.416      4.955        321 2.1472e+01 0.0000e+00
      3.512    19.7286     3.5229     36.836  28.811258     31.736      7.635   237.0502     4.4561     1.2528     0.0210      0.068      3.444      4.994        322 2.1132e+01 0.0000e+00
      3.537    19.5373     3.4993     36.463  28.773955     32.055      7.611   237.1259     4.4602     1.2796     0.0210      0.080      3.471      5.033        323 2.0667e+01 0.0000e+00
      3.569    19.3028     3.3726     34.922  28.552174     31.870      7.593   236.8987     4.1407     0.9708     0.0208      0.094      3.497      5.073        324 2.0089e+01 0.0000e+00
      3.591    19.0875     3.1444     32.283  28.435104     31.944      7.565   236.8987     4.1609     1.1319     0.0208      0.105      3.522      5.108        325 1.9945e+01 0.0000e+00
      3.612    18.7198     2.8170     28.769  28.356421     31.990      7.547   237.0502     4.1488     1.0782     0.0207      0.108      3.554      5.155        326 1.9216e+01 0.0000e+00
      3.677    18.2377     2.4282     24.694  27.790406     31.541      7.523   239.3216     4.1529     1.0514     0.0205      0.116      3.600      5.222        327 1.8309e+01 0.0000e+00
      3.722    18.0179     1.9890     20.169  27.420067     31.291      7.509   238.9052     3.9102     0.7828     0.0203      0.124      3.639      5.278        328 1.8199e+01 0.0000e+00
      3.731    17.9652     1.5117     15.305  27.601914     31.977      7.500   238.2995     3.8900     0.7828     0.0204      0.127      3.659      5.307        329 1.8163e+01 0.0000e+00
      3.742    17.8496     1.0727     10.848  27.534601     31.971      7.494   238.5266     3.8698     0.8634     0.0203      0.124      3.676      5.331        330 1.7878e+01 0.0000e+00
      3.773    17.6919     0.6901      6.969  27.266756     31.746      7.490   238.9052     3.8981     0.8231     0.0202      0.121      3.702      5.369        331 1.7407e+01 0.0000e+00
      3.810    17.5050     0.3828      3.863  27.253416     31.772      7.478   239.4352     4.2014     1.0379     0.0202      0.119      3.731      5.412        332 1.7167e+01 0.0000e+00
      3.830    17.3307     0.1652      1.671  27.314074     32.014      7.470   239.4352     4.1852     0.9842     0.0202      0.115      3.755      5.446        333 1.7018e+01 0.0000e+00
      3.848    17.0269     0.0239      0.242  27.606376     32.425      7.460   239.4352     4.2175     0.9574     0.0203      0.106      3.774      5.474        334 1.6811e+01 0.0000e+00
      3.868    16.6334    -0.0576     -0.585  28.075589     33.212      7.454   239.3595     4.2216     1.0648     0.0206      0.092      3.792      5.499        335 1.6687e+01 0.0000e+00
      3.881    16.3687    -0.0892     -0.906  28.212577     33.518      7.443   239.5109     4.7311     0.8365     0.0206      0.086      3.807      5.521        336 1.6551e+01 0.0000e+00
      3.897    16.1773    -0.0580     -0.588  28.206840     33.912      7.435   240.1545     4.7392     0.8097     0.0206      0.086      3.821      5.541        337 1.6470e+01 0.0000e+00
      3.908    16.0373     0.0179      0.181  28.201454     34.052      7.429   240.3816     4.6987     0.7694     0.0206      0.080      3.832      5.558        338 1.6333e+01 0.0000e+00
      3.918    15.9630     0.0978      0.985  28.100797     34.149      7.422   240.9116     4.7392     0.7425     0.0206      0.068      3.842      5.573        339 1.6230e+01 0.0000e+00
      3.929    15.9086     0.1742      1.744  28.006058     34.091      7.414   240.8737     4.7068     0.7559     0.0205      0.058      3.854      5.590        340 1.6155e+01 0.0000e+00
