Data/DataNotYetUploadedToEDI/Raw_CTD/RawDownloads/081018_fcr50(3).cnv
* Sea-Bird SBE19plus  Data File:
* FileName = C:\DATA\081318_fcr_0003.hex
* Software version 2.6.3.104
* Temperature SN = 7809
* Conductivity SN = 7809
* System UpLoad Time = Aug 13 2018 19:25:44
* <ApplicationData>
* <Seaterm232>
# nquan = 17
# nvalues = 796                         
# units = specified
# name 0 = depFM: Depth [fresh water, m]
# name 1 = tv290C: Temperature [ITS-90, deg C]
# name 2 = sbeox0Mg/L: Oxygen, SBE 43 [mg/l]
# name 3 = sbeox0PS: Oxygen, SBE 43 [% saturation]
# name 4 = c0uS/cm: Conductivity [uS/cm]
# name 5 = specc: Specific Conductance [uS/cm]
# name 6 = ph: pH
# name 7 = orp: Oxidation Reduction Potential [mV]
# name 8 = flECO-AFL: Fluorescence, WET Labs ECO-AFL/FL [mg/m^3]
# name 9 = turbWETntu0: Turbidity, WET Labs ECO [NTU]
# name 10 = sal00: Salinity, Practical [PSU]
# name 11 = dz/dtM: Descent Rate [m/s]
# name 12 = prdM: Pressure, Strain Gauge [db]
# name 13 = prdE: Pressure, Strain Gauge [psi]
# name 14 = scan: Scan Count
# name 15 = par/sat/log: PAR/Logarithmic, Satlantic
# name 16 = flag:  0.000e+00
# span 0 =     -0.576,      9.573       
# span 1 =    11.7955,    28.7033       
# span 2 =     0.1419,     9.8136       
# span 3 =      1.437,    124.792       
# span 4 =   0.838023,  40.686447       
# span 5 =      0.737,     55.166       
# span 6 =      6.071,      8.365       
# span 7 = -1240.7455,   518.5567       
# span 8 =    -0.2224,     7.6829       
# span 9 =    -6.2937,    74.8513       
# span 10 =     0.0130,     0.0279      
# span 11 =     -0.195,      0.177      
# span 12 =     -0.565,      9.387      
# span 13 =     -0.819,     13.615      
# span 14 =          1,        796      
# span 15 = 1.2216e-01, 3.2394e+03      
# span 16 = 0.0000e+00, 0.0000e+00      
# interval = seconds: 0.25
# start_time = Aug 10 2018 18:34:03 [Instrument's time stamp, header]
# bad_flag = -9.990e-29
*END*
[from data line 256]
      0.871    26.6410     8.8075    109.723  37.205020     36.005      8.312   256.3195     5.8714     1.9645     0.0245      0.046      0.856      1.242        257 5.7245e+02 0.0000e+00
      0.904    26.6357     8.8215    109.882  37.199451     36.013      8.306   257.6824     5.8512     1.8705     0.0245      0.059      0.883      1.281        258 5.6874e+02 0.0000e+00
      0.927    26.6332     8.7987    109.622  37.214825     36.018      8.307   258.0988     5.8512     1.8973     0.0245      0.075      0.906      1.313        259 5.7319e+02 0.0000e+00
      0.938    26.6313     8.7719    109.329  37.245210     36.076      8.296   255.3352     5.8107     1.8167     0.0245      0.085      0.922      1.337        260 5.7507e+02 0.0000e+00
      0.956    26.6252     8.7525    109.118  37.220960     36.023      8.293   254.8431     6.1747     2.1390     0.0245      0.091      0.939      1.361        261 5.4383e+02 0.0000e+00
      0.977    26.6199     8.7466    109.061  37.304326     36.133      8.287   255.8274     6.1868     2.1927     0.0245      0.091      0.956      1.386        262 5.5390e+02 0.0000e+00
      0.988    26.6135     8.7595    109.223  37.200785     36.029      8.281   257.0388     6.2030     2.1122     0.0245      0.083      0.971      1.409        263 5.1447e+02 0.0000e+00
      1.009    26.6027     8.7721    109.356  37.082879     35.897      8.276   257.3795     6.1504     2.0719     0.0244      0.077      0.987      1.432        264 4.9490e+02 0.0000e+00
      1.022    26.5957     8.7724    109.298  37.184122     36.037      8.269   257.0766     6.4254     1.9242     0.0245      0.070      0.999      1.448        265 5.1061e+02 0.0000e+00
      1.023    26.5928     8.8089    109.672  37.163773     35.990      8.266   255.7895     6.4132     1.9913     0.0245      0.061      1.007      1.460        266 5.1679e+02 0.0000e+00
      1.036    26.5840     8.8032    109.536  37.197187     36.049      8.271   255.7138     6.4092     1.8973     0.0245      0.056      1.022      1.482        267 5.0574e+02 0.0000e+00
      1.071    26.5771     8.7855    109.287  37.142542     35.997      8.267   256.0545     6.4254     1.8436     0.0245      0.059      1.040      1.508        268 4.9854e+02 0.0000e+00
      1.071    26.5884     8.7404    108.722  37.083481     35.922      8.265   255.9031     6.2636     1.9107     0.0244      0.056      1.043      1.513        269 5.3060e+02 0.0000e+00
      1.049    26.6091     8.6927    108.104  37.181712     36.063      8.269   256.3195     6.2879     1.9107     0.0245      0.044      1.031      1.496        270 5.2025e+02 0.0000e+00
      1.037    26.6245     8.6606    107.598  37.227916     36.054      8.271   256.2059     6.2636     1.9376     0.0245      0.030      1.021      1.481        271 4.9896e+02 0.0000e+00
      1.036    26.6331     8.6394    107.250  37.233596     36.094      8.273   255.9031     6.2677     1.9376     0.0245      0.016      1.017      1.476        272 5.0510e+02 0.0000e+00
      1.037    26.6337     8.6237    107.032  37.233955     36.029      8.273   255.9409     6.0331     1.9107     0.0245      0.005      1.022      1.482        273 5.1740e+02 0.0000e+00
      1.050    26.6213     8.6305    107.117  37.227461     36.077      8.275   256.1681     6.0170     1.8436     0.0245      0.001      1.038      1.506        274 5.1242e+02 0.0000e+00
      1.090    26.5905     8.6536    107.405  37.093374     35.887      8.270   256.2816     6.0412     1.8302     0.0244      0.005      1.073      1.556        275 4.6316e+02 0.0000e+00
      1.142    26.5491     8.6793    107.696  37.044906     35.896      8.261   256.5088     6.0534     1.9510     0.0244      0.023      1.116      1.619        276 4.2376e+02 0.0000e+00
      1.181    26.5169     8.7016    107.997  37.050507     35.890      8.254   258.5531     6.2394     1.9107     0.0244      0.055      1.152      1.671        277 4.1087e+02 0.0000e+00
      1.201    26.5016     8.7122    108.185  36.997440     35.892      8.244   257.7959     6.2313     1.9510     0.0244      0.085      1.174      1.703        278 4.0969e+02 0.0000e+00
      1.211    26.5005     8.7338    108.421  37.021987     35.915      8.235   257.6066     6.2070     1.9242     0.0244      0.103      1.189      1.724        279 4.1180e+02 0.0000e+00
      1.225    26.4855     8.7502    108.417  37.049635     35.980      8.233   256.6224     6.2030     1.9913     0.0244      0.109      1.204      1.747        280 4.1357e+02 0.0000e+00
      1.249    26.4332     8.7508    108.186  36.963042     35.872      8.233   257.2659     6.2151     1.8705     0.0244      0.109      1.227      1.779        281 4.1313e+02 0.0000e+00
      1.280    26.3897     8.7467    107.579  36.892476     35.827      8.226   257.1145     6.7812     2.1390     0.0244      0.104      1.252      1.815        282 3.8305e+02 0.0000e+00
      1.299    26.3761     8.7074    106.602  36.870526     35.838      8.216   259.8781     6.7650     1.9913     0.0244      0.092      1.273      1.847        283 3.6067e+02 0.0000e+00
      1.317    26.3784     8.6317    105.321  36.901401     35.895      8.209   260.5217     6.8055     2.1390     0.0244      0.082      1.291      1.873        284 3.5485e+02 0.0000e+00
      1.333    26.3756     8.5323    103.788  36.943052     35.958      8.200   258.9695     6.7812     2.1659     0.0244      0.078      1.306      1.894        285 3.5075e+02 0.0000e+00
      1.344    26.3657     8.4226    102.174  36.907680     35.903      8.199   258.7045     7.2503     2.1659     0.0244      0.077      1.319      1.913        286 3.4162e+02 0.0000e+00
      1.359    26.3743     8.2716    100.076  36.945422     35.958      8.197   258.8181     7.2301     2.1390     0.0244      0.076      1.334      1.935        287 3.3618e+02 0.0000e+00
      1.378    26.4069     8.1064     97.838  36.985063     35.995      8.194   260.2567     7.2422     2.1793     0.0244      0.072      1.352      1.960        288 3.4366e+02 0.0000e+00
      1.397    26.3813     7.9032     95.088  37.006648     36.013      8.193   260.2945     7.2422     2.1390     0.0244      0.068      1.370      1.987        289 3.3881e+02 0.0000e+00
      1.415    26.2896     7.6609     91.864  36.829577     35.830      8.194   260.1809     7.6829     2.2599     0.0244      0.064      1.390      2.016        290 3.2281e+02 0.0000e+00
      1.442    26.1508     7.3750     88.262  36.612230     35.597      8.191   260.7867     7.6749     2.2062     0.0243      0.067      1.415      2.052        291 3.0941e+02 0.0000e+00
      1.471    25.8828     7.0559     84.188  36.506007     35.616      8.183   260.5217     7.6668     2.1256     0.0242      0.073      1.441      2.089        292 3.0252e+02 0.0000e+00
      1.492    25.6226     6.6727     79.311  36.398292     35.536      8.170   261.2031     7.6304     2.0719     0.0242      0.080      1.462      2.120        293 3.0087e+02 0.0000e+00
      1.509    25.4410     6.3176     74.870  36.360791     35.762      8.161   260.5217     7.5536     2.0450     0.0242      0.084      1.482      2.149        294 2.9279e+02 0.0000e+00
      1.533    25.2724     5.9581     70.460  36.226548     35.748      8.153   261.7709     7.5455     2.1927     0.0241      0.087      1.503      2.180        295 2.8374e+02 0.0000e+00
      1.555    25.1229     5.6107     66.251  36.239232     35.933      8.148   261.9224     7.5616     2.1256     0.0242      0.088      1.523      2.210        296 2.7503e+02 0.0000e+00
      1.573    24.9793     5.2818     62.264  36.196811     35.998      8.143   262.3767     7.5293     2.1390     0.0241      0.088      1.542      2.236        297 2.7070e+02 0.0000e+00
      1.589    24.8462     4.9924     58.777  36.071814     35.966      8.135   262.5659     7.0441     2.0182     0.0241      0.085      1.563      2.266        298 2.6764e+02 0.0000e+00
      1.620    24.6750     4.7259     55.611  36.157598     36.182      8.115   261.5438     7.0319     1.9913     0.0241      0.083      1.589      2.306        299 2.5751e+02 0.0000e+00
      1.654    24.5007     4.5567     53.612  36.119786     36.221      8.085   261.9602     7.0441     1.9510     0.0241      0.086      1.619      2.349        300 2.4988e+02 0.0000e+00
      1.679    24.3869     4.4450     52.239  36.118942     36.345      8.057   262.3767     7.0198     1.8705     0.0241      0.091      1.648      2.390        301 2.4173e+02 0.0000e+00
      1.710    24.2276     4.3792     51.409  36.247704     36.619      8.026   262.6417     7.0400     1.8436     0.0242      0.097      1.676      2.431        302 2.3283e+02 0.0000e+00
      1.739    24.0243     4.3667     51.226  36.196892     36.641      7.994   263.7017     7.1168     1.9645     0.0242      0.102      1.703      2.471        303 2.2706e+02 0.0000e+00
      1.761    23.8645     4.3527     51.008  36.063611     36.620      7.969   264.2317     7.1371     1.8167     0.0241      0.106      1.728      2.507        304 2.2016e+02 0.0000e+00
      1.789    23.7535     4.3644     51.094  35.998430     36.716      7.944   263.2852     7.1007     1.9645     0.0241      0.110      1.753      2.542        305 2.1441e+02 0.0000e+00
      1.811    23.6699     4.3783     51.195  35.951858     36.778      7.924   263.7395     7.1047     1.9510     0.0241      0.109      1.776      2.576        306 2.0971e+02 0.0000e+00
      1.834    23.5840     4.4031     51.399  35.943697     36.863      7.905   264.2317     6.7206     2.1122     0.0241      0.105      1.798      2.608        307 2.0325e+02 0.0000e+00
      1.857    23.5142     4.3907     51.163  35.949326     36.924      7.887   266.5788     6.7003     2.0316     0.0241      0.100      1.817      2.636        308 1.9943e+02 0.0000e+00
      1.868    23.4893     4.3686     50.863  35.944898     36.992      7.867   266.6167     6.7529     2.2062     0.0241      0.094      1.832      2.658        309 1.9650e+02 0.0000e+00
      1.882    23.4767     4.3230     50.335  35.949250     37.043      7.853   267.4874     6.7610     2.1659     0.0241      0.086      1.847      2.680        310 1.9208e+02 0.0000e+00
      1.904    23.4207     4.2665     49.654  35.914284     37.035      7.833   267.7524     6.8095     1.8302     0.0241      0.080      1.866      2.708        311 1.8820e+02 0.0000e+00
      1.924    23.3628     4.2108     48.947  35.840136     36.955      7.820   268.2445     6.7650     1.9107     0.0240      0.077      1.886      2.735        312 1.8418e+02 0.0000e+00
      1.941    23.3233     4.1622     48.327  35.833929     37.000      7.803   269.2667     6.7812     1.9645     0.0240      0.073      1.903      2.760        313 1.8130e+02 0.0000e+00
      1.956    23.2690     4.1218     47.793  35.833056     37.045      7.788   269.9481     6.7933     1.9376     0.0241      0.070      1.919      2.784        314 1.7861e+02 0.0000e+00
      1.975    23.2148     4.0914     47.392  35.841249     37.073      7.770   271.2353     6.0857     2.0719     0.0241      0.069      1.937      2.809        315 1.7477e+02 0.0000e+00
      1.994    23.1522     4.0631     46.990  35.794098     37.088      7.746   271.2353     6.1221     2.0853     0.0240      0.069      1.958      2.839        316 1.7071e+02 0.0000e+00
      2.020    23.0629     4.0224     46.461  35.743470     37.041      7.726   272.5224     6.0776     2.1524     0.0240      0.073      1.984      2.878        317 1.6471e+02 0.0000e+00
      2.060    22.9703     3.9693     45.823  35.755994     37.148      7.693   273.8474     6.0695     2.0719     0.0240      0.081      2.014      2.921        318 1.5970e+02 0.0000e+00
      2.078    22.9264     3.9088     45.133  35.659913     37.071      7.658   274.6424     5.7097     2.3136     0.0240      0.085      2.034      2.949        319 1.5846e+02 0.0000e+00
      2.083    22.9287     3.8478     44.420  35.714791     37.232      7.636   275.6646     5.7137     2.2733     0.0240      0.085      2.044      2.964        320 1.5777e+02 0.0000e+00
      2.093    22.9022     3.7871     43.614  35.776712     37.324      7.620   276.4217     5.7097     2.2599     0.0240      0.083      2.055      2.980        321 1.5475e+02 0.0000e+00
      2.111    22.8422     3.7469     43.020  35.701507     37.234      7.603   275.7403     5.7056     2.1927     0.0240      0.079      2.069      3.001        322 1.5147e+02 0.0000e+00
      2.125    22.7783     3.6999     42.437  35.719415     37.282      7.585   275.7403     5.6166     2.2464     0.0240      0.073      2.083      3.022        323 1.4899e+02 0.0000e+00
      2.138    22.7129     3.6395     41.674  35.635808     37.244      7.570   276.1946     5.4873     2.3136     0.0240      0.066      2.096      3.040        324 1.4769e+02 0.0000e+00
      2.147    22.6533     3.5472     40.497  35.538660     37.174      7.549   276.4974     5.4711     2.2464     0.0239      0.057      2.107      3.056        325 1.4595e+02 0.0000e+00
      2.161    22.5757     3.4307     39.059  35.573423     37.287      7.534   277.5953     5.4751     2.2733     0.0240      0.049      2.120      3.075        326 1.4298e+02 0.0000e+00
      2.179    22.5068     3.2730     37.182  35.592577     37.330      7.525   278.0496     5.4589     2.3807     0.0240      0.051      2.137      3.100        327 1.4038e+02 0.0000e+00
      2.198    22.4806     3.1115     35.281  35.574172     37.394      7.511   276.4217     5.6692     2.3270     0.0240      0.055      2.157      3.129        328 1.3613e+02 0.0000e+00
      2.222    22.4887     2.9343     33.217  35.537046     37.388      7.492   276.9517     5.6490     2.2733     0.0240      0.060      2.179      3.161        329 1.3171e+02 0.0000e+00
      2.245    22.4770     2.7603     31.196  35.579493     37.469      7.473   277.2546     5.6813     2.2464     0.0240      0.064      2.202      3.193        330 1.2864e+02 0.0000e+00
      2.268    22.3510     2.5981     29.300  35.639995     37.520      7.459   278.0874     5.6450     2.2464     0.0240      0.071      2.225      3.227        331 1.2433e+02 0.0000e+00
      2.296    22.1997     2.4555     27.623  35.580388     37.469      7.438   278.3903     5.8188     2.4210     0.0240      0.079      2.248      3.261        332 1.2073e+02 0.0000e+00
      2.313    22.1383     2.3075     25.888  35.594374     37.568      7.415   278.0496     5.7986     2.4881     0.0240      0.084      2.266      3.286        333 1.1899e+02 0.0000e+00
      2.323    22.0530     2.1796     24.394  35.622643     37.754      7.399   278.3903     5.7784     2.5016     0.0240      0.084      2.281      3.307        334 1.1662e+02 0.0000e+00
      2.342    21.9000     2.0411     22.793  35.545270     37.678      7.383   278.8446     5.7865     2.4076     0.0240      0.082      2.299      3.334        335 1.1294e+02 0.0000e+00
      2.367    21.7585     1.8922     21.079  35.572075     37.808      7.366   279.1096     5.6652     2.1390     0.0240      0.081      2.321      3.366        336 1.0980e+02 0.0000e+00
      2.388    21.6442     1.7477     19.423  35.589331     37.932      7.347   279.0339     5.6611     2.1524     0.0240      0.079      2.341      3.396        337 1.0766e+02 0.0000e+00
      2.406    21.5469     1.6104     17.867  35.642490     38.107      7.333   279.5260     5.6854     2.2733     0.0240      0.077      2.360      3.423        338 1.0498e+02 0.0000e+00
      2.426    21.4628     1.5002     16.635  35.802567     38.379      7.315   281.8731     5.6611     2.1793     0.0241      0.076      2.379      3.450        339 1.0281e+02 0.0000e+00
      2.444    21.3756     1.4074     15.604  35.894368     38.550      7.301   281.9489     5.2689     1.9107     0.0242      0.075      2.398      3.479        340 1.0058e+02 0.0000e+00
