Data/DataNotYetUploadedToEDI/Raw_CTD/RawDownloads/081018_fcr50(1).cnv
* Sea-Bird SBE19plus  Data File:
* FileName = C:\DATA\081318_fcr_0001.hex
* Software version 2.6.3.104
* Temperature SN = 7809
* Conductivity SN = 7809
* System UpLoad Time = Aug 13 2018 19:24:54
* <ApplicationData>
* <Seaterm232>
# nquan = 17
# nvalues = 721                         
# units = specified
# name 0 = depFM: Depth [fresh water, m]
# name 1 = tv290C: Temperature [ITS-90, deg C]
# name 2 = sbeox0Mg/L: Oxygen, SBE 43 [mg/l]
# name 3 = sbeox0PS: Oxygen, SBE 43 [% saturation]
# name 4 = c0uS/cm: Conductivity [uS/cm]
# name 5 = specc: Specific Conductance [uS/cm]
# name 6 = ph: pH
# name 7 = orp: Oxidation Reduction Potential [mV]
# name 8 = flECO-AFL: Fluorescence, WET Labs ECO-AFL/FL [mg/m^3]
# name 9 = turbWETntu0: Turbidity, WET Labs ECO [NTU]
# name 10 = sal00: Salinity, Practical [PSU]
# name 11 = dz/dtM: Descent Rate [m/s]
# name 12 = prdM: Pressure, Strain Gauge [db]
# name 13 = prdE: Pressure, Strain Gauge [psi]
# name 14 = scan: Scan Count
# name 15 = par/sat/log: PAR/Logarithmic, Satlantic
# name 16 = flag:  0.000e+00
# span 0 =     -0.580,      9.576       
# span 1 =    11.7876,    26.5118       
# span 2 =     0.1348,     8.7778       
# span 3 =      1.307,    109.007       
# span 4 =  -0.074889,  67.646058       
# span 5 =      0.315,     91.883       
# span 6 =      1.452,      7.838       
# span 7 = -1240.7455,   437.6557       
# span 8 =    -1.8600,     5.8148       
# span 9 =    -1.9834,    23.4089       
# span 10 =     0.0118,     0.0443      
# span 11 =     -0.165,      0.233      
# span 12 =     -0.569,      9.390      
# span 13 =     -0.825,     13.619      
# span 14 =          1,        721      
# span 15 = 1.2285e-01, 1.8853e+03      
# span 16 = 0.0000e+00, 0.0000e+00      
# interval = seconds: 0.25
# start_time = Aug 10 2018 14:30:05 [Instrument's time stamp, header]
# bad_flag = -9.990e-29
*END*
[from data line 341]
      4.004    14.1005     0.3294      3.171  39.049737     49.786      6.383   268.8503     2.1998     2.4747     0.0265      0.071      3.924      5.691        342 1.4985e+01 0.0000e+00
      4.018    14.0505     0.4062      3.907  38.911128     49.684      6.374   269.0774     2.1957     2.4344     0.0264      0.073      3.941      5.715        343 1.4772e+01 0.0000e+00
      4.034    14.0129     0.4789      4.599  38.742703     49.540      6.369   269.3424     1.7590     3.2267     0.0264      0.071      3.953      5.733        344 1.4658e+01 0.0000e+00
      4.039    14.0026     0.5486      5.260  38.695760     49.529      6.359   269.5317     1.7833     3.1193     0.0263      0.067      3.962      5.746        345 1.4660e+01 0.0000e+00
      4.047    13.9620     0.6148      5.886  38.732265     49.653      6.356   269.6074     1.7711     3.1193     0.0264      0.062      3.973      5.761        346 1.4345e+01 0.0000e+00
      4.069    13.9026     0.6810      6.509  38.608302     49.482      6.353   269.6074     1.7469     3.1058     0.0263      0.058      3.989      5.786        347 1.4052e+01 0.0000e+00
      4.087    13.8516     0.7346      7.009  38.434757     49.320      6.354   269.7967     1.7590     3.1864     0.0262      0.057      4.008      5.813        348 1.3859e+01 0.0000e+00
      4.105    13.7795     0.8071      7.689  38.325333     49.254      6.353   270.1753     1.6377     3.2535     0.0262      0.056      4.026      5.839        349 1.3561e+01 0.0000e+00
      4.123    13.7002     0.8867      8.438  38.210576     49.170      6.353   270.3267     1.6701     3.4281     0.0261      0.057      4.044      5.865        350 1.3341e+01 0.0000e+00
      4.142    13.6508     1.0007      9.512  38.102997     49.122      6.351   270.3267     1.6256     3.3475     0.0260      0.061      4.062      5.891        351 1.3129e+01 0.0000e+00
      4.162    13.6387     1.1576     10.990  38.103296     49.219      6.347   270.2888     1.6175     3.3341     0.0261      0.066      4.081      5.919        352 1.2892e+01 0.0000e+00
      4.181    13.5991     1.3242     12.560  38.061929     49.252      6.344   269.9481     1.4760     4.5560     0.0261      0.072      4.098      5.944        353 1.2724e+01 0.0000e+00
      4.195    13.5254     1.4752     13.981  37.857880     48.971      6.343   270.0617     1.5043     4.7172     0.0259      0.073      4.113      5.965        354 1.2579e+01 0.0000e+00
      4.206    13.4552     1.6273     15.413  37.793661     48.952      6.339   269.9860     1.5124     4.7038     0.0259      0.069      4.127      5.985        355 1.2441e+01 0.0000e+00
      4.223    13.3848     1.7658     16.718  37.785922     49.045      6.334   270.2510     1.4800     4.6098     0.0259      0.067      4.143      6.009        356 1.2230e+01 0.0000e+00
      4.245    13.3104     1.8986     17.966  37.630249     48.917      6.333   271.0081     1.4274     5.1334     0.0258      0.067      4.164      6.040        357 1.1927e+01 0.0000e+00
      4.272    13.2315     1.9895     18.817  37.483179     48.824      6.330   270.4781     1.4274     4.9857     0.0258      0.069      4.188      6.074        358 1.1710e+01 0.0000e+00
      4.293    13.1646     2.0583     19.455  37.435074     48.846      6.326   271.0081     1.4517     5.0395     0.0257      0.071      4.207      6.102        359 1.1636e+01 0.0000e+00
      4.304    13.1133     2.1012     19.843  37.423198     48.947      6.320   270.9703     1.4477     5.1469     0.0258      0.072      4.222      6.123        360 1.1477e+01 0.0000e+00
      4.319    13.0618     2.1373     20.168  37.438674     49.034      6.320   270.9324     1.4274     4.6635     0.0258      0.072      4.236      6.144        361 1.1301e+01 0.0000e+00
      4.337    13.0115     2.1644     20.410  37.415849     49.099      6.317   271.1974     1.4396     4.7038     0.0258      0.073      4.252      6.168        362 1.1216e+01 0.0000e+00
      4.353    12.9676     2.1739     20.491  37.392308     49.092      6.317   271.3488     1.4962     4.6769     0.0258      0.073      4.269      6.192        363 1.1036e+01 0.0000e+00
      4.371    12.9307     2.1783     20.526  37.408674     49.231      6.312   271.2353     1.4760     4.6500     0.0258      0.070      4.284      6.214        364 1.0901e+01 0.0000e+00
      4.382    12.9051     2.1697     20.442  37.336186     49.141      6.311   271.1974     1.4638     5.2543     0.0257      0.065      4.295      6.230        365 1.0894e+01 0.0000e+00
      4.387    12.8857     2.1562     20.306  37.304572     49.188      6.308   271.0081     1.4557     5.2274     0.0257      0.058      4.304      6.242        366 1.0777e+01 0.0000e+00
      4.398    12.8637     2.1512     20.243  37.270066     49.148      6.308   271.5760     1.4436     5.2812     0.0257      0.054      4.313      6.255        367 1.0696e+01 0.0000e+00
      4.409    12.8403     2.1439     20.157  37.319820     49.246      6.306   271.3110     1.4679     5.2274     0.0257      0.051      4.325      6.274        368 1.0611e+01 0.0000e+00
      4.426    12.8099     2.1169     19.894  37.361312     49.349      6.307   272.3710     1.4396     5.2006     0.0258      0.049      4.343      6.299        369 1.0283e+01 0.0000e+00
      4.453    12.7729     2.0965     19.700  37.277764     49.232      6.302   272.3710     1.5730     5.4423     0.0257      0.051      4.366      6.332        370 1.0039e+01 0.0000e+00
      4.476    12.7373     2.0644     19.388  37.305160     49.345      6.300   272.5981     1.5407     5.4423     0.0258      0.056      4.388      6.365        371 9.8780e+00 0.0000e+00
      4.495    12.7082     2.0284     19.042  37.327233     49.394      6.294   272.3331     1.5487     5.5094     0.0258      0.061      4.408      6.392        372 9.7052e+00 0.0000e+00
      4.512    12.6889     1.9975     18.750  37.250313     49.366      6.295   272.5224     1.5932     5.5900     0.0257      0.068      4.424      6.417        373 9.5635e+00 0.0000e+00
      4.527    12.6757     1.9667     18.456  37.282258     49.405      6.290   272.7496     1.5043     5.7108     0.0257      0.074      4.440      6.441        374 9.4006e+00 0.0000e+00
      4.546    12.6677     1.9245     18.057  37.465462     49.726      6.290   275.4753     1.5043     5.6840     0.0259      0.076      4.460      6.468        375 9.1582e+00 0.0000e+00
      4.570    12.6490     1.9007     17.834  37.496915     49.745      6.286   275.3238     1.5285     5.6706     0.0259      0.078      4.480      6.498        376 8.8897e+00 0.0000e+00
      4.589    12.6145     1.8763     17.607  37.480416     49.753      6.280   274.3017     1.5124     5.6303     0.0259      0.077      4.500      6.526        377 8.6958e+00 0.0000e+00
      4.607    12.5763     1.8618     17.476  37.545324     49.853      6.277   274.5667     1.5124     6.9999     0.0259      0.074      4.518      6.553        378 8.4650e+00 0.0000e+00
      4.627    12.5554     1.8468     17.333  37.534795     49.899      6.276   274.9453     1.5124     6.9731     0.0259      0.074      4.536      6.579        379 8.3010e+00 0.0000e+00
      4.642    12.5484     1.8382     17.228  37.552859     49.950      6.271   277.2546     1.4962     6.9999     0.0259      0.074      4.553      6.603        380 8.1575e+00 0.0000e+00
      4.659    12.5270     1.8315     17.150  37.611847     50.090      6.271   277.2924     1.5043     6.9194     0.0260      0.074      4.570      6.628        381 7.9282e+00 0.0000e+00
      4.681    12.5099     1.8248     17.085  37.550384     49.985      6.271   277.3303     1.4557     8.1816     0.0259      0.074      4.590      6.657        382 7.6692e+00 0.0000e+00
      4.701    12.5032     1.8288     17.123  37.540371     50.016      6.267   277.6710     1.4436     8.2084     0.0259      0.074      4.608      6.684        383 7.5389e+00 0.0000e+00
      4.714    12.4926     1.8303     17.135  37.624317     50.150      6.266   277.1410     1.4355     8.2487     0.0260      0.071      4.622      6.704        384 7.4714e+00 0.0000e+00
      4.724    12.4853     1.8436     17.253  37.623894     50.158      6.266   277.2546     1.4153     8.1547     0.0260      0.069      4.633      6.720        385 7.3380e+00 0.0000e+00
      4.737    12.4857     1.8498     17.297  37.629888     50.174      6.264   278.0874     1.3344     8.2890     0.0260      0.065      4.647      6.740        386 7.1627e+00 0.0000e+00
      4.756    12.4909     1.8614     17.402  37.616862     50.182      6.262   278.8067     1.3142     8.4099     0.0260      0.063      4.663      6.763        387 7.0550e+00 0.0000e+00
      4.771    12.5033     1.8627     17.404  37.640108     50.183      6.266   278.5417     1.3223     8.4636     0.0260      0.062      4.680      6.787        388 6.9627e+00 0.0000e+00
      4.789    12.4940     1.8350     17.128  37.600958     50.175      6.263   279.0717     1.2900     8.3562     0.0260      0.060      4.698      6.813        389 6.7233e+00 0.0000e+00
      4.812    12.4374     1.7612     16.425  37.517270     49.974      6.262   279.4124     1.2980     8.4367     0.0259      0.061      4.718      6.843        390 6.5523e+00 0.0000e+00
      4.832    12.3937     1.6630     15.496  37.655269     50.242      6.260   276.9896     1.2172     8.7321     0.0260      0.064      4.737      6.871        391 6.4287e+00 0.0000e+00
      4.847    12.3899     1.5441     14.371  37.636863     50.249      6.260   277.9739     1.2414     8.6650     0.0260      0.068      4.752      6.893        392 6.2908e+00 0.0000e+00
      4.860    12.3909     1.4222     13.223  37.629183     50.306      6.258   278.3903     1.2455     8.6784     0.0260      0.070      4.765      6.911        393 6.1749e+00 0.0000e+00
      4.870    12.3878     1.3141     12.206  37.664847     50.386      6.256   279.3746     1.2131     8.5979     0.0260      0.068      4.777      6.929        394 6.0494e+00 0.0000e+00
      4.884    12.3669     1.2336     11.445  37.711136     50.384      6.258   279.4503     1.1606     9.3230     0.0260      0.065      4.792      6.949        395 5.8887e+00 0.0000e+00
      4.903    12.3359     1.2010     11.134  38.372466     51.324      6.255   279.3746     1.1646     9.3095     0.0264      0.063      4.807      6.971        396 5.7371e+00 0.0000e+00
      4.915    12.3223     1.2127     11.237  38.858906     52.023      6.253   276.4217     1.2091     9.2558     0.0267      0.059      4.818      6.988        397 5.6988e+00 0.0000e+00
      4.921    12.2985     1.2612     11.683  38.766909     51.883      6.252   276.8381     1.1889     9.2558     0.0267      0.054      4.828      7.003        398 5.6307e+00 0.0000e+00
      4.935    12.2530     1.3109     12.141  38.724273     51.898      6.252   276.9517     0.9786     9.7392     0.0267      0.051      4.842      7.022        399 5.4709e+00 0.0000e+00
      4.956    12.2151     1.3379     12.389  38.645004     51.783      6.252   278.7689     0.9745     9.7661     0.0266      0.052      4.859      7.047        400 5.3230e+00 0.0000e+00
      4.972    12.1774     1.3438     12.443  38.687590     51.922      6.249   278.7310     0.9745     9.6855     0.0267      0.054      4.878      7.075        401 5.1543e+00 0.0000e+00
      4.996    12.1267     1.3400     12.407  38.522978     51.787      6.245   277.4060     0.9745     9.6855     0.0266      0.058      4.898      7.104        402 5.0416e+00 0.0000e+00
      5.014    12.0807     1.2941     11.981  37.930329     50.973      6.243   277.5574     0.8290    10.1421     0.0262      0.062      4.915      7.129        403 4.9839e+00 0.0000e+00
      5.025    12.0359     1.2572     11.640  37.971669     51.120      6.238   277.4438     0.7805    10.1018     0.0263      0.063      4.930      7.151        404 4.8175e+00 0.0000e+00
      5.046    11.9873     1.2067     11.171  38.619871     52.087      6.235   277.4817     0.7926    10.2226     0.0267      0.067      4.949      7.178        405 4.6479e+00 0.0000e+00
      5.070    11.9526     1.1617     10.755  39.051783     52.716      6.234   277.8981     0.8088    10.1555     0.0269      0.073      4.973      7.213        406 4.5068e+00 0.0000e+00
      5.098    11.9329     1.1414     10.566  39.243662     53.051      6.227   280.1696     0.9341    10.3569     0.0270      0.077      5.000      7.252        407 4.3340e+00 0.0000e+00
      5.126    11.9206     1.1217     10.383  39.330354     53.214      6.223   278.8067     0.9179    10.3972     0.0271      0.081      5.025      7.288        408 4.1737e+00 0.0000e+00
      5.144    11.9115     1.1111     10.284  39.329549     53.243      6.223   279.1474     0.9099    10.3435     0.0271      0.084      5.045      7.318        409 4.0353e+00 0.0000e+00
      5.164    11.9055     1.1084     10.259  39.392997     53.335      6.219   279.6396     0.9260    10.3435     0.0271      0.086      5.064      7.345        410 3.9680e+00 0.0000e+00
      5.183    11.9016     1.1057     10.233  39.370062     53.349      6.215   278.8824     0.9382    10.3435     0.0271      0.088      5.083      7.372        411 3.8564e+00 0.0000e+00
      5.201    11.8990     1.1071     10.246  39.358099     53.281      6.216   279.0717     0.9948    10.5583     0.0271      0.088      5.103      7.401        412 3.6774e+00 0.0000e+00
      5.227    11.8971     1.1029     10.207  39.437552     53.477      6.210   282.5167     1.0029    10.5449     0.0272      0.087      5.123      7.431        413 3.5758e+00 0.0000e+00
      5.243    11.8957     1.0922     10.107  39.419508     53.367      6.208   281.7974     0.9786    10.5852     0.0271      0.083      5.140      7.456        414 3.5269e+00 0.0000e+00
      5.255    11.8946     1.0772      9.968  39.439887     53.483      6.205   282.0246     0.9786    10.5449     0.0272      0.077      5.155      7.476        415 3.4707e+00 0.0000e+00
      5.272    11.8925     1.0636      9.841  39.412194     53.372      6.205   280.2453     0.9301    10.9880     0.0271      0.073      5.170      7.498        416 3.3860e+00 0.0000e+00
      5.288    11.8908     1.0448      9.667  39.364977     53.373      6.204   280.4346     0.9341    10.8940     0.0271      0.071      5.188      7.524        417 3.2822e+00 0.0000e+00
      5.312    11.8879     1.0283      9.515  39.439317     53.414      6.203   283.4253     0.9260    10.8940     0.0272      0.070      5.211      7.557        418 3.1675e+00 0.0000e+00
      5.341    11.8841     1.0216      9.453  39.675658     53.796      6.201   283.3874     0.9543    10.9880     0.0273      0.073      5.237      7.595        419 3.0225e+00 0.0000e+00
      5.367    11.8817     1.0170      9.412  39.812480     53.951      6.198   283.6524     0.7845    13.7273     0.0274      0.077      5.264      7.634        420 2.8948e+00 0.0000e+00
      5.395    11.8801     1.0161      9.404  39.803016     53.957      6.194   283.3496     0.8047    13.7273     0.0274      0.082      5.290      7.674        421 2.8024e+00 0.0000e+00
      5.423    11.8791     1.0166      9.408  39.865428     54.036      6.192   283.4253     0.7966    13.6736     0.0274      0.091      5.315      7.710        422 2.7206e+00 0.0000e+00
      5.442    11.8779     1.0192      9.431  39.912802     54.114      6.187   282.9710     0.7885    13.6870     0.0275      0.096      5.334      7.736        423 2.6552e+00 0.0000e+00
      5.452    11.8765     1.0247      9.482  39.862723     54.040      6.187   283.8417     0.7805    16.5472     0.0274      0.095      5.346      7.754        424 2.6327e+00 0.0000e+00
      5.462    11.8737     1.0274      9.507  39.809092     53.966      6.186   283.6146     0.8088    16.6143     0.0274      0.090      5.359      7.772        425 2.5929e+00 0.0000e+00
