Data/DataNotYetUploadedToEDI/Raw_CTD/RawDownloads/081018_fcr50(3).cnv
* Sea-Bird SBE19plus  Data File:
* FileName = C:\DATA\081318_fcr_0003.hex
* Software version 2.6.3.104
* Temperature SN = 7809
* Conductivity SN = 7809
* System UpLoad Time = Aug 13 2018 19:25:44
* <ApplicationData>
* <Seaterm232>
# nquan = 17
# nvalues = 796                         
# units = specified
# name 0 = depFM: Depth [fresh water, m]
# name 1 = tv290C: Temperature [ITS-90, deg C]
# name 2 = sbeox0Mg/L: Oxygen, SBE 43 [mg/l]
# name 3 = sbeox0PS: Oxygen, SBE 43 [% saturation]
# name 4 = c0uS/cm: Conductivity [uS/cm]
# name 5 = specc: Specific Conductance [uS/cm]
# name 6 = ph: pH
# name 7 = orp: Oxidation Reduction Potential [mV]
# name 8 = flECO-AFL: Fluorescence, WET Labs ECO-AFL/FL [mg/m^3]
# name 9 = turbWETntu0: Turbidity, WET Labs ECO [NTU]
# name 10 = sal00: Salinity, Practical [PSU]
# name 11 = dz/dtM: Descent Rate [m/s]
# name 12 = prdM: Pressure, Strain Gauge [db]
# name 13 = prdE: Pressure, Strain Gauge [psi]
# name 14 = scan: Scan Count
# name 15 = par/sat/log: PAR/Logarithmic, Satlantic
# name 16 = flag:  0.000e+00
# span 0 =     -0.576,      9.573       
# span 1 =    11.7955,    28.7033       
# span 2 =     0.1419,     9.8136       
# span 3 =      1.437,    124.792       
# span 4 =   0.838023,  40.686447       
# span 5 =      0.737,     55.166       
# span 6 =      6.071,      8.365       
# span 7 = -1240.7455,   518.5567       
# span 8 =    -0.2224,     7.6829       
# span 9 =    -6.2937,    74.8513       
# span 10 =     0.0130,     0.0279      
# span 11 =     -0.195,      0.177      
# span 12 =     -0.565,      9.387      
# span 13 =     -0.819,     13.615      
# span 14 =          1,        796      
# span 15 = 1.2216e-01, 3.2394e+03      
# span 16 = 0.0000e+00, 0.0000e+00      
# interval = seconds: 0.25
# start_time = Aug 10 2018 18:34:03 [Instrument's time stamp, header]
# bad_flag = -9.990e-29
*END*
[from data line 681]
      8.688    11.8043     0.9860      9.111  40.171146     54.565      6.098   332.8290     0.9584    22.6569     0.0276      0.057      8.520     12.357        682 1.2547e-01 0.0000e+00
      8.700    11.8045     0.9783      9.039  40.168682     54.567      6.096   333.4347     0.9705    22.6435     0.0276      0.053      8.534     12.377        683 1.2545e-01 0.0000e+00
      8.718    11.8059     0.9735      8.995  40.169400     54.567      6.101   333.4726     1.0433    23.0866     0.0276      0.053      8.551     12.401        684 1.2534e-01 0.0000e+00
      8.739    11.8074     0.9685      8.949  40.170254     54.567      6.098   332.2990     1.0595    23.1135     0.0276      0.057      8.571     12.430        685 1.2537e-01 0.0000e+00
      8.761    11.8083     0.9608      8.877  40.167621     54.565      6.096   332.8669     1.0190    23.0732     0.0276      0.064      8.591     12.460        686 1.2547e-01 0.0000e+00
      8.780    11.8093     0.9597      8.867  40.113345     54.487      6.095   332.9047     1.0231    23.0597     0.0276      0.069      8.609     12.485        687 1.2542e-01 0.0000e+00
      8.793    11.8107     0.9518      8.794  40.119135     54.486      6.097   333.5483     1.0352    22.9120     0.0276      0.069      8.624     12.507        688 1.2543e-01 0.0000e+00
      8.808    11.8113     0.9536      8.811  40.160415     54.560      6.094   334.0404     1.0473    22.8852     0.0276      0.069      8.639     12.530        689 1.2548e-01 0.0000e+00
      8.828    11.8107     0.9466      8.746  40.180636     54.558      6.098   331.5419     1.0352    22.8046     0.0276      0.070      8.659     12.559        690 1.2544e-01 0.0000e+00
      8.853    11.8099     0.9417      8.701  40.153301     54.557      6.093   331.5797     1.0190    22.8718     0.0276      0.073      8.681     12.590        691 1.2542e-01 0.0000e+00
      8.873    11.8094     0.9377      8.664  40.075770     54.406      6.093   331.6554     1.0554    23.1135     0.0276      0.074      8.701     12.621        692 1.2541e-01 0.0000e+00
      8.894    11.8086     0.9287      8.581  40.099127     54.483      6.094   332.2612     1.0635    23.1672     0.0276      0.074      8.723     12.653        693 1.2554e-01 0.0000e+00
      8.921    11.8074     0.9283      8.577  40.124234     54.484      6.093   332.4126     1.0433    23.0195     0.0276      0.077      8.748     12.688        694 1.2557e-01 0.0000e+00
      8.946    11.8067     0.9246      8.542  40.163190     54.561      6.090   331.9961     1.0352    23.0732     0.0276      0.083      8.772     12.723        695 1.2553e-01 0.0000e+00
      8.969    11.8058     0.9224      8.522  40.169311     54.563      6.088   333.1319     1.0352    23.0732     0.0276      0.088      8.795     12.756        696 1.2547e-01 0.0000e+00
      8.992    11.8044     0.9146      8.450  40.175949     54.564      6.087   332.6397     1.0473    22.8315     0.0276      0.091      8.817     12.788        697 1.2538e-01 0.0000e+00
      9.013    11.8042     0.9213      8.511  40.214262     54.641      6.089   331.7690     1.0433    22.9120     0.0277      0.092      8.838     12.818        698 1.2542e-01 0.0000e+00
      9.031    11.8051     0.9221      8.519  40.180964     54.567      6.086   331.5797     1.0271    22.8046     0.0276      0.090      8.856     12.844        699 1.2537e-01 0.0000e+00
      9.046    11.8049     0.9193      8.493  40.217389     54.643      6.086   331.8826     1.0554    22.7106     0.0277      0.087      8.871     12.866        700 1.2543e-01 0.0000e+00
      9.062    11.8044     0.9262      8.556  40.228264     54.642      6.087   336.2740     0.9058    22.5898     0.0277      0.082      8.886     12.889        701 1.2555e-01 0.0000e+00
      9.077    11.8049     0.9242      8.538  40.167430     54.566      6.084   334.3812     0.9139    22.6301     0.0276      0.076      8.902     12.913        702 1.2544e-01 0.0000e+00
      9.095    11.8049     0.9253      8.548  40.174433     54.567      6.086   334.6462     0.9220    22.6301     0.0276      0.071      8.922     12.940        703 1.2544e-01 0.0000e+00
      9.122    11.8044     0.9167      8.469  40.160219     54.566      6.084   335.0626     0.9139    22.6301     0.0276      0.071      8.945     12.974        704 1.2557e-01 0.0000e+00
      9.147    11.8035     0.9157      8.459  40.185118     54.567      6.084   332.8669     0.9665    23.0329     0.0276      0.072      8.970     13.009        705 1.2552e-01 0.0000e+00
      9.171    11.8025     0.9138      8.442  40.262108     54.719      6.080   337.4855     0.9665    23.0060     0.0277      0.076      8.993     13.042        706 1.2540e-01 0.0000e+00
      9.193    11.8018     0.9135      8.440  40.242401     54.645      6.082   337.2962     0.9867    23.1672     0.0277      0.081      9.013     13.072        707 1.2547e-01 0.0000e+00
      9.206    11.8018     0.9075      8.384  40.209644     54.646      6.081   337.4855     0.9745    23.0060     0.0277      0.083      9.031     13.099        708 1.2560e-01 0.0000e+00
      9.231    11.8017     0.9135      8.439  40.184213     54.571      6.080   337.6747     0.8977    22.6166     0.0276      0.085      9.055     13.134        709 1.2551e-01 0.0000e+00
      9.267    11.8012     0.9207      8.506  40.214720     54.647      6.076   336.6904     0.9301    22.6032     0.0277      0.090      9.084     13.176        710 1.2547e-01 0.0000e+00
      9.291    11.8007     0.9171      8.473  40.231010     54.647      6.074   336.2740     0.8856    22.5898     0.0277      0.093      9.109     13.211        711 1.2541e-01 0.0000e+00
      9.306    11.8001     0.9244      8.540  40.223271     54.648      6.073   337.1447     0.8775    22.6703     0.0277      0.092      9.126     13.236        712 1.2533e-01 0.0000e+00
      9.320    11.7996     0.9255      8.549  40.224351     54.649      6.073   336.8419     0.9745    22.9120     0.0277      0.089      9.141     13.258        713 1.2540e-01 0.0000e+00
      9.338    11.7995     0.9244      8.539  40.170336     54.574      6.074   337.1447     0.9624    22.8583     0.0276      0.086      9.160     13.285        714 1.2539e-01 0.0000e+00
      9.364    11.8000     0.9291      8.582  40.171830     54.575      6.074   337.7883     0.9665    22.8583     0.0276      0.085      9.183     13.320        715 1.2540e-01 0.0000e+00
      9.392    11.8014     0.9207      8.505  40.222493     54.651      6.072   337.5233     1.0029    22.8583     0.0277      0.086      9.208     13.355        716 1.2553e-01 0.0000e+00
      9.411    11.8019     0.9226      8.523  40.225951     54.650      6.071   331.9583     0.9705    22.8449     0.0277      0.083      9.228     13.384        717 1.2558e-01 0.0000e+00
      9.428    11.8012     0.9116      8.421  40.167527     54.572      6.073   333.0940     0.9665    22.9658     0.0276      0.080      9.244     13.407        718 1.2546e-01 0.0000e+00
      9.438    11.8015     0.9085      8.393  40.176537     54.571      6.075   332.6397     0.9665    22.8315     0.0276      0.078      9.256     13.426        719 1.2530e-01 0.0000e+00
      9.452    11.8018     0.9047      8.358  40.214737     54.648      6.075   335.1383     0.9745    22.8046     0.0277      0.076      9.270     13.446        720 1.2531e-01 0.0000e+00
      9.472    11.8011     0.8996      8.311  40.179320     54.572      6.074   334.3433     1.0029    22.9792     0.0276      0.074      9.284     13.466        721 1.2545e-01 0.0000e+00
      9.476    11.8002     0.8936      8.257  40.220614     54.647      6.076   330.1033     0.9260    22.8583     0.0277      0.067      9.291     13.476        722 1.2542e-01 0.0000e+00
      9.476    11.7992     0.8910      8.233  40.222679     54.648      6.073   330.8226     0.9058    22.8986     0.0277      0.055      9.299     13.487        723 1.2549e-01 0.0000e+00
      9.499    11.7970     0.8942      8.262  40.176750     54.574      6.072   330.7090     0.9179    22.8583     0.0276      0.049      9.314     13.509        724 1.2541e-01 0.0000e+00
      9.517    11.7955     0.8895      8.219  40.218441     54.651      6.071   330.1790     0.8977    22.8315     0.0277      0.048      9.329     13.530        725 1.2537e-01 0.0000e+00
      9.521    11.7971     0.8913      8.235  40.230128     54.654      6.073   330.5954     0.8694    22.6569     0.0277      0.046      9.337     13.541        726 1.2545e-01 0.0000e+00
      9.525    11.7984     0.8909      8.233  40.221538     54.657      6.074   331.2390     0.8613    22.6703     0.0277      0.044      9.341     13.548        727 1.2540e-01 0.0000e+00
      9.529    11.7980     0.8865      8.194  40.229132     54.654      6.072   329.4976     0.8613    22.7106     0.0277      0.039      9.345     13.554        728 1.2542e-01 0.0000e+00
      9.534    11.7982     0.8828      8.161  40.220676     54.652      6.073   329.6490     0.8613    22.6301     0.0277      0.035      9.350     13.560        729 1.2542e-01 0.0000e+00
      9.539    11.7997     0.8780      8.118  40.232059     54.653      6.073   329.2326     0.8371    22.7643     0.0277      0.032      9.355     13.567        730 1.2559e-01 0.0000e+00
      9.544    11.8032     0.8690      8.037  40.214965     54.653      6.073   328.8161     0.8452    22.8315     0.0277      0.028      9.359     13.574        731 1.2550e-01 0.0000e+00
      9.548    11.8058     0.8702      8.051  40.182618     54.574      6.076   328.8161     0.8452    22.8852     0.0276      0.021      9.363     13.580        732 1.2539e-01 0.0000e+00
      9.550    11.8055     0.8711      8.059  40.272315     54.721      6.076   332.4883     0.8815    22.7778     0.0277      0.017      9.365     13.584        733 1.2554e-01 0.0000e+00
      9.552    11.8054     0.8732      8.075  40.281334     54.717      6.076   331.6176     0.8452    22.6301     0.0277      0.016      9.367     13.586        734 1.2544e-01 0.0000e+00
      9.554    11.8072     0.8728      8.072  40.230725     54.642      6.078   331.2390     0.8654    22.5763     0.0277      0.015      9.369     13.589        735 1.2536e-01 0.0000e+00
      9.556    11.8093     0.8791      8.134  40.275965     54.718      6.076   328.6269     0.8654    22.6703     0.0277      0.013      9.371     13.592        736 1.2543e-01 0.0000e+00
      9.559    11.8139     0.8797      8.141  40.284365     54.715      6.076   328.7404     0.8654    22.7240     0.0277      0.011      9.374     13.595        737 1.2540e-01 0.0000e+00
      9.561    11.8213     0.8930      8.264  40.279602     54.712      6.077   333.9269     0.8654    22.6435     0.0277      0.010      9.376     13.599        738 1.2545e-01 0.0000e+00
      9.564    11.8287     0.8986      8.318  40.281891     54.705      6.078   333.6619     0.8411    22.8315     0.0277      0.009      9.379     13.603        739 1.2550e-01 0.0000e+00
      9.567    11.8364     0.8970      8.305  40.222183     54.618      6.080   333.5862     0.8573    22.9120     0.0277      0.009      9.381     13.606        740 1.2549e-01 0.0000e+00
      9.566    11.8485     0.9016      8.345  40.235242     54.608      6.078   331.6554     0.8573    22.8852     0.0277      0.009      9.381     13.607        741 1.2548e-01 0.0000e+00
      9.566    11.8641     0.9034      8.360  40.324966     54.747      6.082   331.4661     0.8452    22.8046     0.0277      0.008      9.381     13.607        742 1.2545e-01 0.0000e+00
      9.566    11.8608     0.9093      8.413  40.347843     54.730      6.079   331.9961     0.9948    23.2343     0.0277      0.007      9.381     13.607        743 1.2541e-01 0.0000e+00
      9.567    11.8430     0.9088      8.409  40.325429     54.705      6.082   332.8669     0.9786    23.2477     0.0277      0.005      9.382     13.607        744 1.2540e-01 0.0000e+00
      9.567    11.8485     0.9087      8.408  40.234190     54.559      6.082   332.0719     0.9503    23.2209     0.0276      0.003      9.382     13.607        745 1.2555e-01 0.0000e+00
      9.566    11.8693     0.9110      8.429  40.224062     54.587      6.080   332.6397     0.9786    23.3283     0.0276      0.002      9.381     13.607        746 1.2552e-01 0.0000e+00
      9.566    11.8749     0.9115      8.433  40.278706     54.655      6.078   332.8290     1.0554    22.8046     0.0277      0.000      9.381     13.606        747 1.2554e-01 0.0000e+00
      9.565    11.8759     0.9160      8.476  40.284846     54.622      6.081   328.1347     1.0150    22.9389     0.0277     -0.001      9.380     13.605        748 1.2555e-01 0.0000e+00
      9.564    11.8873     0.9174      8.490  40.335078     54.691      6.083   331.2011     1.0433    22.8718     0.0277     -0.001      9.379     13.603        749 1.2541e-01 0.0000e+00
      9.562    11.8950     0.9158      8.477  40.334855     54.689      6.084   330.9740     1.0352    22.8583     0.0277     -0.002      9.377     13.600        750 1.2539e-01 0.0000e+00
      9.560    11.8851     0.9199      8.515  40.285121     54.597      6.081   331.0876     1.3223    23.1269     0.0277     -0.003      9.375     13.597        751 1.2546e-01 0.0000e+00
      9.557    11.8734     0.9186      8.504  40.278303     54.584      6.081   332.8669     1.2859    23.1806     0.0277     -0.005      9.374     13.595        752 1.2544e-01 0.0000e+00
      9.558    11.8702     0.9198      8.518  40.284005     54.600      6.082   332.3369     1.2819    23.0060     0.0277     -0.005      9.374     13.596        753 1.2541e-01 0.0000e+00
      9.563    11.8692     0.9174      8.497  40.337359     54.693      6.080   327.3397     1.2900    23.1000     0.0277     -0.004      9.377     13.600        754 1.2559e-01 0.0000e+00
      9.564    11.8685     0.9100      8.428  40.330574     54.697      6.079   327.6804     0.7764    23.0732     0.0277     -0.002      9.378     13.602        755 1.2557e-01 0.0000e+00
      9.563    11.8649     0.9074      8.404  40.292452     54.623      6.080   327.4154     0.8007    23.0866     0.0277     -0.001      9.378     13.602        756 1.2547e-01 0.0000e+00
      9.564    11.8642     0.9151      8.475  40.414469     54.813      6.078   329.1190     0.7764    23.0866     0.0278      0.001      9.379     13.603        757 1.2541e-01 0.0000e+00
      9.565    11.8714     0.9073      8.404  40.534721     54.971      6.079   328.8919     0.7521    23.0463     0.0278      0.003      9.379     13.604        758 1.2538e-01 0.0000e+00
      9.564    11.8780     0.9077      8.407  40.498795     54.934      6.078   326.6204     0.7724    22.9792     0.0278      0.003      9.380     13.604        759 1.2549e-01 0.0000e+00
      9.566    11.8824     0.9067      8.397  40.488843     54.885      6.077   326.3554     0.7643    22.9389     0.0278      0.004      9.381     13.605        760 1.2547e-01 0.0000e+00
      9.566    11.8866     0.9080      8.408  40.576768     55.027      6.079   326.3933     0.7805    22.9255     0.0279      0.003      9.381     13.606        761 1.2549e-01 0.0000e+00
      9.566    11.8928     0.9146      8.469  40.656367     55.096      6.075   326.3554     0.7805    22.8046     0.0279      0.002      9.382     13.607        762 1.2553e-01 0.0000e+00
      9.569    11.9050     0.9182      8.501  40.686447     55.166      6.078   326.3554     0.7764    22.8583     0.0279      0.002      9.383     13.609        763 1.2540e-01 0.0000e+00
      9.569    11.9132     0.9230      8.544  40.568999     54.967      6.078   327.9833     0.8532    23.2612     0.0278      0.003      9.384     13.609        764 1.2544e-01 0.0000e+00
      9.568    11.9143     0.9235      8.548  40.476194     54.835      6.078   326.7340     0.8654    23.3417     0.0278      0.002      9.384     13.609        765 1.2544e-01 0.0000e+00
