Data/DataNotYetUploadedToEDI/Raw_CTD/RawDownloads/081020_fcr50_0001.cnv
* Sea-Bird SBE19plus  Data File:
* FileName = C:\DATA\081020_fcr50_0001.hex
* Software version 2.8.0.119
* Temperature SN = 7809
* Conductivity SN = 7809
* System UpLoad Time = Aug 10 2020 11:35:32
* <ApplicationData>
* <Seaterm232>
# nquan = 16
# nvalues = 3500                        
# units = specified
# name 0 = depFM: Depth [fresh water, m]
# name 1 = dz/dtM: Descent Rate [m/s]
# name 2 = sbeox0ML/L: Oxygen, SBE 43 [ml/l]
# name 3 = sbeox0PS: Oxygen, SBE 43 [% saturation]
# name 4 = specc: Specific Conductance [uS/cm]
# name 5 = c0uS/cm: Conductivity [uS/cm]
# name 6 = flECO-AFL: Fluorescence, WET Labs ECO-AFL/FL [mg/m^3]
# name 7 = ph: pH
# name 8 = orp: Oxidation Reduction Potential [mV]
# name 9 = par/sat/log: PAR/Logarithmic, Satlantic
# name 10 = turbWETntu0: Turbidity, WET Labs ECO [NTU]
# name 11 = prdM: Pressure, Strain Gauge [db]
# name 12 = prdE: Pressure, Strain Gauge [psi]
# name 13 = tv290C: Temperature [ITS-90, deg C]
# name 14 = density00: Density [density, kg/m^3]
# name 15 = flag:  0.000e+00
# span 0 =     -0.615,      9.735       
# span 1 =     -4.066,      4.242       
# span 2 =     0.0374,     6.9124       
# span 3 =      0.523,    121.940       
# span 4 =      1.667,    476.210       
# span 5 =   1.920444, 350.938449       
# span 6 =    -3.2692,    16.6679       
# span 7 =      2.407,     13.737       
# span 8 = -1240.7455,   512.4068       
# span 9 = 1.2332e-01, 2.1623e+03       
# span 10 =    -3.8717,   957.8357      
# span 11 =     -0.603,      9.547      
# span 12 =     -0.875,     13.847      
# span 13 =    11.3343,    32.7053      
# span 14 =   994.8086,   999.7555      
# span 15 = 0.0000e+00, 0.0000e+00      
# interval = seconds: 0.25
# start_time = Aug 09 2020 22:11:15 [Instrument's time stamp, header]
# bad_flag = -9.990e-29
*END*
[from data line 452]
      0.887      0.050     4.7841     89.690     32.377  33.528880     2.7610     12.882   153.7631 2.6177e+02     5.3804      0.872      1.265    26.8011   996.5908 0.0000e+00
      0.900      0.049     4.8252     90.587     32.354  33.505002     2.7865     12.881   154.7896 2.6080e+02     5.5129      0.885      1.283    26.7832   996.5957 0.0000e+00
      0.907      0.047     4.8852     91.237     32.364  33.514641     2.8036     12.880   156.6206 2.6072e+02     5.5662      0.890      1.290    26.7742   996.5982 0.0000e+00
      0.915      0.046     4.9606     91.639     32.367  33.518520     2.8164     12.880   157.4889 2.5799e+02     5.5442      0.894      1.296    26.7723   996.5988 0.0000e+00
      0.927      0.046     5.0260     91.995     32.341  33.488459     2.8362     12.879   157.3723 2.5288e+02     5.5899      0.909      1.318    26.7742   996.5983 0.0000e+00
      0.941      0.045     5.0743     92.574     32.328  33.468422     2.8521     12.879   157.1900 2.4851e+02     5.7076      0.925      1.341    26.7733   996.5986 0.0000e+00
      0.955      0.044     5.1145     93.477     32.333  33.466591     2.8650     12.878   156.9189 2.4378e+02     5.7999      0.935      1.356    26.7681   996.6001 0.0000e+00
      0.969      0.040     5.1312     94.757     32.340  33.466304     2.8771     12.877   157.1061 2.3910e+02     5.8477      0.952      1.382    26.7744   996.5984 0.0000e+00
      0.978      0.034     5.1435     96.259     32.347  33.464938     2.8841     12.877   157.9905 2.3594e+02     5.9080      0.961      1.394    26.7713   996.5993 0.0000e+00
      0.983      0.029     5.1785     97.502     32.338  33.450064     2.8834     12.877   159.1798 2.3270e+02     5.9790      0.963      1.397    26.7533   996.6042 0.0000e+00
      0.988      0.025     5.2271     98.169     32.305  33.413357     2.8780     12.877   160.2153 2.2892e+02     6.0197      0.970      1.407    26.7484   996.6056 0.0000e+00
      0.992      0.022     5.3000     98.329     32.296  33.401811     2.8852     12.876   160.2723 2.2489e+02     6.0572      0.974      1.413    26.7385   996.6083 0.0000e+00
      0.997      0.020     5.4004     98.109     32.332  33.437355     2.8944     12.876   159.6106 2.1936e+02     6.0542      0.977      1.417    26.7188   996.6137 0.0000e+00
      1.004      0.020     5.4778     97.525     32.357  33.462410     2.9043     12.876   158.9256 2.1285e+02     6.0527      0.984      1.427    26.7114   996.6157 0.0000e+00
      1.011      0.021     5.5110     96.619     32.345  33.450958     2.9273     12.875   158.6149 2.0725e+02     6.1419      0.993      1.440    26.7104   996.6160 0.0000e+00
      1.016      0.023     5.5171     95.483     32.321  33.425786     2.9439     12.875   158.8656 2.0220e+02     6.2404      0.997      1.446    26.7068   996.6170 0.0000e+00
      1.019      0.026     5.5067     94.214     32.309  33.411847     2.9526     12.874   159.1174 1.9646e+02     6.3172      0.998      1.449    26.7011   996.6185 0.0000e+00
      1.024      0.027     5.4729     92.924     32.308  33.409322     2.9469     12.873   159.2504 1.8945e+02     6.3831      1.002      1.454    26.7004   996.6187 0.0000e+00
      1.033      0.027     5.4193     91.666     32.295  33.395250     2.9317     12.873   159.3544 1.8189e+02     6.4532      1.012      1.466    26.7050   996.6176 0.0000e+00
      1.045      0.028     5.3546     90.441     32.269  33.368602     2.9307     12.873   159.3426 1.7549e+02     6.5132      1.027      1.489    26.7052   996.6176 0.0000e+00
      1.053      0.031     5.2802     89.246     32.243  33.340923     2.9351     12.872   159.4525 1.7043e+02     6.5247      1.036      1.502    26.7014   996.6187 0.0000e+00
      1.058      0.034     5.2083     88.108     32.219  33.314381     2.9378     12.871   159.7363 1.6549e+02     6.5233      1.037      1.505    26.6962   996.6201 0.0000e+00
      1.062      0.034     5.1376     87.103     32.206  33.301472     2.9441     12.871   160.0215 1.6049e+02     6.4962      1.040      1.510    26.6964   996.6200 0.0000e+00
      1.071      0.034     5.0690     86.314     32.215  33.311747     2.9446     12.871   160.6638 1.5513e+02     6.4371      1.047      1.519    26.6987   996.6195 0.0000e+00
      1.085      0.035     5.0023     85.861     32.214  33.311716     2.9432     12.870   161.3927 1.5019e+02     6.4269      1.065      1.543    26.6951   996.6205 0.0000e+00
      1.098      0.036     4.9364     85.909     32.202  33.301093     2.9471     12.870   161.3497 1.4749e+02     6.4769      1.081      1.567    26.6929   996.6211 0.0000e+00
      1.105      0.035     4.8788     86.497     32.208  33.310217     2.9530     12.870   161.0906 1.4574e+02     6.5258      1.083      1.572    26.6928   996.6211 0.0000e+00
      1.112      0.034     4.8326     87.544     32.193  33.295135     2.9577     12.870   161.2709 1.4348e+02     6.5370      1.087      1.578    26.6947   996.6206 0.0000e+00
      1.121      0.032     4.8024     89.061     32.147  33.245631     2.9471     12.870   161.8091 1.4151e+02     6.5095      1.100      1.595    26.6977   996.6199 0.0000e+00
      1.128      0.031     4.8035     90.907     32.125  33.219255     2.9391     12.870   162.1770 1.4010e+02     6.5712      1.107      1.606    26.6994   996.6195 0.0000e+00
      1.135      0.031     4.8409     92.618     32.137  33.230009     2.9460     12.869   162.1912 1.3855e+02     6.7339      1.112      1.612    26.7033   996.6184 0.0000e+00
      1.144      0.030     4.8965     93.830     32.155  33.248763     2.9546     12.868   162.4115 1.3679e+02     6.7949      1.122      1.627    26.7085   996.6170 0.0000e+00
      1.153      0.029     4.9821     94.486     32.163  33.255654     2.9574     12.869   162.6041 1.3529e+02     6.7584      1.131      1.641    26.7037   996.6184 0.0000e+00
      1.160      0.028     5.1002     94.722     32.159  33.249885     2.9514     12.869   162.6270 1.3383e+02     6.7394      1.137      1.649    26.6942   996.6210 0.0000e+00
      1.166      0.027     5.2033     94.732     32.153  33.242454     2.9580     12.868   162.8600 1.3214e+02     6.7714      1.143      1.657    26.6944   996.6211 0.0000e+00
      1.172      0.027     5.2711     94.550     32.141  33.229245     2.9703     12.867   163.3567 1.3067e+02     6.8019      1.150      1.668    26.6948   996.6209 0.0000e+00
      1.178      0.028     5.3058     94.119     32.131  33.217085     2.9572     12.867   164.0718 1.2944e+02     6.7645      1.156      1.677    26.6925   996.6215 0.0000e+00
      1.184      0.029     5.3134     93.505     32.140  33.222314     2.9332     12.868   164.7089 1.2793e+02     6.7312      1.160      1.683    26.6888   996.6226 0.0000e+00
      1.191      0.029     5.3140     92.765     32.149  33.229017     2.9283     12.868   164.9512 1.2590e+02     6.8106      1.167      1.693    26.6869   996.6231 0.0000e+00
      1.201      0.029     5.3072     91.878     32.156  33.234670     2.9457     12.867   165.1947 1.2362e+02     6.9701      1.179      1.709    26.6890   996.6225 0.0000e+00
      1.211      0.029     5.2801     90.859     32.151  33.227217     2.9722     12.865   165.7607 1.2183e+02     7.0464      1.189      1.724    26.6853   996.6236 0.0000e+00
      1.218      0.028     5.2449     89.722     32.129  33.202347     2.9809     12.864   166.2019 1.2074e+02     7.0122      1.195      1.733    26.6756   996.6263 0.0000e+00
      1.223      0.026     5.2060     88.485     32.116  33.187767     2.9463     12.864   166.4852 1.1965e+02     6.9341      1.199      1.740    26.6722   996.6273 0.0000e+00
      1.229      0.025     5.1548     87.250     32.107  33.177827     2.8975     12.864   167.1219 1.1843e+02     6.8223      1.205      1.748    26.6719   996.6273 0.0000e+00
      1.235      0.027     5.0980     86.128     32.076  33.145611     2.8864     12.864   167.6187 1.1753e+02     6.7594      1.211      1.757    26.6666   996.6288 0.0000e+00
      1.241      0.029     5.0350     85.204     32.047  33.115485     2.8979     12.863   167.2440 1.1692e+02     6.7576      1.217      1.765    26.6642   996.6295 0.0000e+00
      1.247      0.030     4.9630     84.580     32.062  33.130808     2.8744     12.862   166.7215 1.1598e+02     6.7658      1.222      1.772    26.6633   996.6297 0.0000e+00
      1.257      0.030     4.8915     84.306     32.072  33.140539     2.8218     12.862   167.3231 1.1450e+02     6.8933      1.232      1.787    26.6606   996.6306 0.0000e+00
      1.268      0.030     4.8276     84.361     32.045  33.106253     2.8053     12.862   169.0118 1.1350e+02     7.0632      1.247      1.807    26.6613   996.6304 0.0000e+00
      1.276      0.030     4.7732     84.756     32.046  33.096930     2.8285     12.862   170.3618 1.1330e+02     7.1031      1.252      1.817    26.6608   996.6306 0.0000e+00
      1.281      0.031     4.7367     85.486     32.048  33.091247     2.8825     12.862   171.3414 1.1294e+02     6.9640      1.254      1.819    26.6588   996.6312 0.0000e+00
      1.287      0.033     4.7231     86.548     32.002  33.037531     2.9623     12.863   172.2527 1.1211e+02     6.6859      1.261      1.829    26.6621   996.6303 0.0000e+00
      1.295      0.034     4.7257     87.968     31.989  33.018472     3.0113     12.863   172.4324 1.1113e+02     6.5216      1.270      1.843    26.6546   996.6323 0.0000e+00
      1.304      0.036     4.7496     89.589     32.025  33.051142     3.0267     12.862   172.7399 1.0973e+02     6.5225      1.278      1.854    26.6311   996.6388 0.0000e+00
      1.316      0.037     4.7934     91.211     32.031  33.051846     3.0338     12.860   173.1312 1.0803e+02     6.5240      1.290      1.872    26.6194   996.6420 0.0000e+00
      1.328      0.036     4.8501     92.839     32.016  33.026973     3.1065     12.860   172.7759 1.0680e+02     6.4374      1.305      1.893    26.6138   996.6435 0.0000e+00
      1.338      0.034     4.9349     94.394     32.003  33.004175     3.2483     12.860   172.9182 1.0579e+02     6.2993      1.313      1.903    26.6000   996.6473 0.0000e+00
      1.345      0.033     5.0337     95.628     31.973  32.966534     3.3268     12.860   173.8193 1.0478e+02     6.2615      1.319      1.913    26.5948   996.6488 0.0000e+00
      1.351      0.032     5.1213     96.406     31.967  32.952532     3.3595     12.860   174.7228 1.0403e+02     6.3244      1.326      1.923    26.5926   996.6495 0.0000e+00
      1.356      0.032     5.2153     96.689     31.986  32.961756     3.5480     12.860   175.5824 1.0274e+02     6.4419      1.328      1.926    26.5724   996.6549 0.0000e+00
      1.365      0.033     5.3130     96.511     31.984  32.951146     3.8702     12.860   176.0389 1.0069e+02     6.6170      1.337      1.940    26.5523   996.6604 0.0000e+00
      1.377      0.033     5.3835     96.043     31.988  32.951136     4.0413     12.859   176.1133 9.8870e+01     6.7259      1.351      1.960    26.5497   996.6611 0.0000e+00
      1.388      0.034     5.4294     95.446     32.000  32.961630     4.0724     12.859   176.3096 9.7426e+01     6.7287      1.361      1.974    26.5381   996.6643 0.0000e+00
      1.396      0.034     5.4479     94.720     31.991  32.951135     4.1988     12.858   176.5191 9.6285e+01     6.5818      1.370      1.986    26.5148   996.6707 0.0000e+00
      1.402      0.032     5.4344     93.902     31.996  32.951126     4.4055     12.857   176.4948 9.5281e+01     6.2879      1.375      1.994    26.5025   996.6740 0.0000e+00
      1.409      0.030     5.4043     93.174     32.009  32.961516     4.5111     12.857   176.7045 9.3845e+01     6.0942      1.379      2.001    26.4974   996.6754 0.0000e+00
      1.418      0.028     5.3719     92.558     31.997  32.949866     4.5225     12.857   177.3339 9.2329e+01     6.0597      1.391      2.018    26.4959   996.6759 0.0000e+00
      1.427      0.028     5.3327     91.943     31.985  32.937158     4.5431     12.856   177.6518 9.1404e+01     6.0077      1.402      2.033    26.4966   996.6758 0.0000e+00
      1.432      0.027     5.2798     91.318     31.984  32.934755     4.5781     12.855   177.2778 9.0712e+01     5.9118      1.404      2.036    26.4861   996.6786 0.0000e+00
      1.437      0.026     5.2407     90.709     31.971  32.920818     4.5936     12.854   176.9420 8.9650e+01     5.8609      1.408      2.042    26.4773   996.6810 0.0000e+00
      1.444      0.026     5.2095     90.130     31.946  32.895533     4.5781     12.854   177.2920 8.8545e+01     5.8052      1.416      2.054    26.4845   996.6791 0.0000e+00
      1.452      0.028     5.1735     89.560     31.936  32.882835     4.5720     12.854   178.0679 8.7862e+01     5.6497      1.425      2.066    26.4848   996.6790 0.0000e+00
      1.457      0.032     5.1389     88.923     31.951  32.894170     4.5864     12.853   179.0097 8.7114e+01     5.4582      1.429      2.073    26.4762   996.6813 0.0000e+00
      1.463      0.036     5.1037     88.176     31.966  32.905686     4.5898     12.853   179.7313 8.5724e+01     5.3768      1.432      2.078    26.4792   996.6806 0.0000e+00
      1.473      0.039     5.0714     87.400     31.959  32.895172     4.5847     12.852   179.7375 8.4023e+01     5.3523      1.444      2.094    26.4825   996.6797 0.0000e+00
      1.486      0.042     5.0411     86.648     31.964  32.893933     4.5631     12.851   179.6002 8.2378e+01     5.3006      1.458      2.115    26.4784   996.6808 0.0000e+00
      1.498      0.044     5.0085     85.895     31.967  32.890702     4.3673     12.850   179.6204 8.0640e+01     5.1978      1.468      2.130    26.4700   996.6832 0.0000e+00
      1.511      0.044     4.9640     85.207     31.942  32.856087     4.0295     12.850   179.7241 7.8995e+01     5.0018      1.482      2.150    26.4631   996.6853 0.0000e+00
      1.522      0.042     4.9183     84.620     31.952  32.856080     3.8542     12.850   180.5099 7.7634e+01     4.8524      1.494      2.167    26.4605   996.6859 0.0000e+00
      1.532      0.039     4.8804     84.097     31.996  32.890603     3.8207     12.851   181.5498 7.6337e+01     4.7999      1.503      2.180    26.4493   996.6889 0.0000e+00
      1.542      0.035     4.8354     83.637     32.007  32.892798     3.6818     12.851   181.8858 7.5121e+01     4.6761      1.513      2.194    26.4380   996.6920 0.0000e+00
      1.551      0.031     4.7968     83.196     32.004  32.882606     3.4633     12.851   181.6477 7.4060e+01     4.4883      1.521      2.205    26.4281   996.6947 0.0000e+00
      1.558      0.027     4.7680     82.728     32.020  32.894253     3.3621     12.851   181.4249 7.3175e+01     4.3827      1.529      2.216    26.4072   996.7004 0.0000e+00
      1.564      0.025     4.7381     82.228     32.035  32.906725     3.3556     12.851   181.4288 7.2462e+01     4.3258      1.534      2.224    26.3900   996.7051 0.0000e+00
      1.569      0.025     4.7151     81.691     32.036  32.906508     3.2982     12.850   181.9529 7.1815e+01     4.1094      1.539      2.231    26.3780   996.7083 0.0000e+00
      1.574      0.027     4.6925     81.146     32.022  32.891625     3.1932     12.849   183.1151 7.1172e+01     3.7927      1.545      2.239    26.3651   996.7118 0.0000e+00
      1.579      0.030     4.6662     80.678     31.988  32.853662     3.1352     12.849   183.6934 7.0394e+01     3.6887      1.548      2.245    26.3569   996.7140 0.0000e+00
      1.587      0.034     4.6388     80.307     31.970  32.828180     3.1399     12.849   183.2665 6.9384e+01     3.7112      1.555      2.255    26.3532   996.7152 0.0000e+00
      1.598      0.037     4.6086     80.012     31.987  32.837304     3.0975     12.850   182.7716 6.8079e+01     3.7210      1.566      2.271    26.3518   996.7155 0.0000e+00
      1.610      0.041     4.5749     79.856     31.998  32.837077     2.9947     12.850   182.3571 6.6674e+01     3.8078      1.579      2.290    26.3514   996.7157 0.0000e+00
