Data/DataNotYetUploadedToEDI/Raw_CTD/RawDownloads/081020_fcr50_0001.cnv
* Sea-Bird SBE19plus  Data File:
* FileName = C:\DATA\081020_fcr50_0001.hex
* Software version 2.8.0.119
* Temperature SN = 7809
* Conductivity SN = 7809
* System UpLoad Time = Aug 10 2020 11:35:32
* <ApplicationData>
* <Seaterm232>
# nquan = 16
# nvalues = 3500                        
# units = specified
# name 0 = depFM: Depth [fresh water, m]
# name 1 = dz/dtM: Descent Rate [m/s]
# name 2 = sbeox0ML/L: Oxygen, SBE 43 [ml/l]
# name 3 = sbeox0PS: Oxygen, SBE 43 [% saturation]
# name 4 = specc: Specific Conductance [uS/cm]
# name 5 = c0uS/cm: Conductivity [uS/cm]
# name 6 = flECO-AFL: Fluorescence, WET Labs ECO-AFL/FL [mg/m^3]
# name 7 = ph: pH
# name 8 = orp: Oxidation Reduction Potential [mV]
# name 9 = par/sat/log: PAR/Logarithmic, Satlantic
# name 10 = turbWETntu0: Turbidity, WET Labs ECO [NTU]
# name 11 = prdM: Pressure, Strain Gauge [db]
# name 12 = prdE: Pressure, Strain Gauge [psi]
# name 13 = tv290C: Temperature [ITS-90, deg C]
# name 14 = density00: Density [density, kg/m^3]
# name 15 = flag:  0.000e+00
# span 0 =     -0.615,      9.735       
# span 1 =     -4.066,      4.242       
# span 2 =     0.0374,     6.9124       
# span 3 =      0.523,    121.940       
# span 4 =      1.667,    476.210       
# span 5 =   1.920444, 350.938449       
# span 6 =    -3.2692,    16.6679       
# span 7 =      2.407,     13.737       
# span 8 = -1240.7455,   512.4068       
# span 9 = 1.2332e-01, 2.1623e+03       
# span 10 =    -3.8717,   957.8357      
# span 11 =     -0.603,      9.547      
# span 12 =     -0.875,     13.847      
# span 13 =    11.3343,    32.7053      
# span 14 =   994.8086,   999.7555      
# span 15 = 0.0000e+00, 0.0000e+00      
# interval = seconds: 0.25
# start_time = Aug 09 2020 22:11:15 [Instrument's time stamp, header]
# bad_flag = -9.990e-29
*END*
[from data line 1266]
      8.169      0.059     1.0174     13.192     48.530  35.295614     0.6122     13.069   205.1520 1.2353e-01     8.8005      8.010     11.618    11.3591   999.6274 0.0000e+00
      8.194      0.061     1.0157     13.152     48.515  35.283971     0.4559     13.068   205.3725 1.2359e-01     8.6684      8.039     11.659    11.3602   999.6274 0.0000e+00
      8.213      0.061     1.0156     13.125     48.511  35.281768     0.3718     13.067   205.7600 1.2353e-01     8.6469      8.059     11.689    11.3621   999.6273 0.0000e+00
      8.222      0.057     1.0133     13.111     48.490  35.268982     0.3674     13.067   206.1368 1.2346e-01     8.6788      8.064     11.696    11.3629   999.6272 0.0000e+00
      8.228      0.050     1.0088     13.082     48.470  35.256292     0.3740     13.066   206.4013 1.2347e-01     8.7104      8.066     11.698    11.3623   999.6273 0.0000e+00
      8.241      0.041     1.0064     13.037     48.469  35.255251     0.3760     13.066   206.4625 1.2345e-01     8.7884      8.080     11.719    11.3613   999.6275 0.0000e+00
      8.260      0.034     1.0032     13.017     48.473  35.256395     0.3719     13.066   206.3608 1.2345e-01     8.8668      8.104     11.753    11.3609   999.6277 0.0000e+00
      8.272      0.029     1.0040     13.030     48.492  35.270116     0.3725     13.065   206.3760 1.2349e-01     8.9025      8.117     11.771    11.3635   999.6274 0.0000e+00
      8.274      0.023     1.0016     13.051     48.525  35.294240     0.3732     13.063   206.6461 1.2346e-01     8.8771      8.113     11.766    11.3670   999.6270 0.0000e+00
      8.274      0.018     0.9964     13.067     48.526  35.294240     0.3708     13.063   207.0451 1.2342e-01     8.7670      8.112     11.765    11.3664   999.6271 0.0000e+00
      8.276      0.016     0.9946     13.091     48.493  35.270125     0.3729     13.063   207.4146 1.2342e-01     8.6345      8.117     11.772    11.3639   999.6274 0.0000e+00
      8.278      0.016     0.9968     13.126     48.473  35.256500     0.3790     13.062   207.7583 1.2347e-01     8.6148      8.118     11.775    11.3640   999.6274 0.0000e+00
      8.282      0.017     0.9989     13.159     48.470  35.256405     0.3778     13.061   208.1036 1.2353e-01     8.6657      8.120     11.777    11.3647   999.6273 0.0000e+00
      8.290      0.020     0.9995     13.179     48.487  35.268982     0.3773     13.060   207.9754 1.2350e-01     8.7006      8.130     11.792    11.3632   999.6275 0.0000e+00
      8.298      0.024     1.0010     13.179     48.504  35.281655     0.3833     13.060   207.4136 1.2344e-01     8.7275      8.141     11.807    11.3618   999.6277 0.0000e+00
      8.300      0.029     1.0043     13.138     48.504  35.282714     0.3736     13.060   207.3336 1.2348e-01     8.6819      8.141     11.807    11.3638   999.6274 0.0000e+00
      8.303      0.031     1.0074     13.114     48.500  35.281789     0.3556     13.060   207.8690 1.2349e-01     8.6307      8.138     11.804    11.3673   999.6271 0.0000e+00
      8.313      0.031     1.0078     13.141     48.484  35.270459     0.3374     13.060   208.4656 1.2343e-01     8.6222      8.149     11.819    11.3675   999.6271 0.0000e+00
      8.329      0.030     1.0109     13.168     48.488  35.272654     0.3244     13.060   207.9228 1.2340e-01     8.5799      8.170     11.850    11.3660   999.6274 0.0000e+00
      8.341      0.029     1.0040     13.176     48.537  35.308325     0.3225     13.059   206.5541 1.2345e-01     8.5658      8.184     11.869    11.3678   999.6272 0.0000e+00
      8.346      0.026     1.0005     13.178     48.555  35.321007     0.3336     13.058   206.2852 1.2352e-01     8.6228      8.185     11.870    11.3706   999.6270 0.0000e+00
      8.347      0.025     1.0062     13.180     48.525  35.299077     0.3723     13.057   207.1662 1.2352e-01     8.6508      8.184     11.872    11.3706   999.6270 0.0000e+00
      8.348      0.026     1.0076     13.169     48.522  35.296997     0.4002     13.056   208.1727 1.2351e-01     8.6303      8.187     11.874    11.3695   999.6271 0.0000e+00
      8.352      0.031     1.0084     13.140     48.520  35.295863     0.3937     13.056   208.6459 1.2352e-01     8.6148      8.189     11.877    11.3692   999.6272 0.0000e+00
      8.360      0.036     1.0075     13.108     48.506  35.285367     0.3801     13.055   207.8976 1.2350e-01     8.6017      8.195     11.887    11.3693   999.6272 0.0000e+00
      8.375      0.038     1.0090     13.080     48.523  35.296998     0.3971     13.054   206.3527 1.2347e-01     8.5742      8.210     11.909    11.3691   999.6273 0.0000e+00
      8.392      0.038     1.0077     13.044     48.541  35.309584     0.4471     13.053   205.7115 1.2345e-01     8.5565      8.232     11.938    11.3691   999.6274 0.0000e+00
      8.405      0.037     1.0055     13.002     48.543  35.310625     0.4696     13.052   205.9959 1.2344e-01     8.5257      8.246     11.958    11.3698   999.6274 0.0000e+00
      8.411      0.035     1.0019     12.964     48.541  35.309585     0.4502     13.051   206.7789 1.2348e-01     8.4424      8.249     11.964    11.3702   999.6273 0.0000e+00
      8.413      0.034     1.0012     12.942     48.524  35.297008     0.3932     13.051   207.9514 1.2349e-01     8.4761      8.250     11.966    11.3689   999.6275 0.0000e+00
      8.417      0.032     0.9980     12.945     48.508  35.285471     0.3146     13.050   207.9557 1.2346e-01     8.6238      8.253     11.971    11.3676   999.6277 0.0000e+00
      8.426      0.030     0.9944     12.956     48.523  35.297009     0.2721     13.048   206.6582 1.2343e-01     8.6838      8.260     11.981    11.3678   999.6277 0.0000e+00
      8.440      0.029     0.9919     12.988     48.540  35.309595     0.2611     13.046   205.7721 1.2343e-01     8.6865      8.277     12.005    11.3681   999.6277 0.0000e+00
      8.454      0.027     0.9883     13.031     48.542  35.310738     0.2777     13.046   205.6740 1.2345e-01     8.6901      8.295     12.030    11.3676   999.6278 0.0000e+00
      8.459      0.022     0.9913     13.066     48.541  35.310832     0.3387     13.046   205.9885 1.2348e-01     8.6931      8.298     12.035    11.3677   999.6278 0.0000e+00
      8.459      0.016     0.9896     13.102     48.539  35.310728     0.3890     13.046   206.5635 1.2349e-01     8.6896      8.294     12.030    11.3689   999.6277 0.0000e+00
      8.461      0.010     0.9934     13.138     48.535  35.309481     0.3987     13.046   207.0334 1.2349e-01     8.6816      8.297     12.034    11.3688   999.6277 0.0000e+00
      8.463      0.006     0.9974     13.168     48.513  35.295750     0.3890     13.045   207.1104 1.2352e-01     8.7334      8.300     12.038    11.3681   999.6278 0.0000e+00
      8.463      0.005     0.9991     13.193     48.477  35.271635     0.3769     13.044   206.8918 1.2352e-01     8.8359      8.300     12.038    11.3687   999.6278 0.0000e+00
      8.464      0.005     1.0025     13.211     48.472  35.271738     0.3773     13.044   206.6274 1.2347e-01     8.8902      8.299     12.037    11.3706   999.6275 0.0000e+00
      8.466      0.005     1.0049     13.215     48.503  35.297008     0.3840     13.044   206.4081 1.2348e-01     8.8752      8.302     12.041    11.3727   999.6273 0.0000e+00
      8.468      0.005     1.0076     13.198     48.536  35.323335     0.4003     13.043   207.3381 1.2354e-01     8.7915      8.305     12.045    11.3744   999.6272 0.0000e+00
      8.470      0.005     1.0089     13.156     48.551  35.336225     0.4222     13.042   209.0965 1.2350e-01     8.6676      8.306     12.047    11.3771   999.6269 0.0000e+00
      8.471      0.005     1.0110     13.121     48.535  35.325945     0.4286     13.041   209.6003 1.2343e-01     8.6133      8.307     12.048    11.3811   999.6264 0.0000e+00
      8.471      0.005     1.0105     13.094     48.531  35.325965     0.4298     13.041   208.7830 1.2343e-01     8.6505      8.307     12.049    11.3841   999.6261 0.0000e+00
      8.471      0.006     1.0106     13.060     48.539  35.336464     0.4371     13.042   207.7329 1.2348e-01     8.7048      8.307     12.048    11.3858   999.6260 0.0000e+00
      8.472      0.009     1.0055     13.062     48.519  35.325975     0.4397     13.042   207.4004 1.2350e-01     8.7557      8.308     12.049    11.3877   999.6258 0.0000e+00
      8.475      0.013     1.0021     13.075     48.512  35.326068     0.4342     13.042   208.8069 1.2353e-01     8.8196      8.312     12.055    11.3890   999.6256 0.0000e+00
      8.479      0.018     1.0031     13.076     48.521  35.337595     0.4371     13.041   211.1438 1.2356e-01     8.8589      8.316     12.062    11.3919   999.6254 0.0000e+00
      8.483      0.023     0.9957     13.103     48.518  35.338425     0.4554     13.040   212.1672 1.2354e-01     8.8877      8.319     12.065    11.3968   999.6249 0.0000e+00
      8.488      0.028     0.9984     13.136     48.514  35.336118     0.4930     13.040   211.6311 1.2353e-01     8.9272      8.323     12.070    11.4016   999.6243 0.0000e+00
      8.498      0.034     1.0009     13.156     48.479  35.309695     0.5393     13.039   210.5986 1.2353e-01     8.9242      8.333     12.087    11.4067   999.6239 0.0000e+00
      8.509      0.041     0.9973     13.178     48.432  35.272775     0.5676     13.039   210.0078 1.2348e-01     8.9205      8.345     12.104    11.4124   999.6233 0.0000e+00
      8.518      0.046     1.0014     13.200     48.437  35.270479     0.5870     13.039   210.7683 1.2346e-01     8.9509      8.351     12.113    11.4163   999.6229 0.0000e+00
      8.530      0.046     1.0045     13.220     48.463  35.281922     0.5732     13.039   212.3940 1.2346e-01     8.8802      8.362     12.128    11.4172   999.6229 0.0000e+00
      8.547      0.042     1.0049     13.250     48.477  35.284211     0.5059     13.039   213.1436 1.2343e-01     8.7173      8.382     12.157    11.4156   999.6231 0.0000e+00
      8.562      0.036     1.0068     13.260     48.505  35.298141     0.4503     13.039   212.9495 1.2343e-01     8.6300      8.400     12.183    11.4126   999.6235 0.0000e+00
      8.570      0.029     1.0095     13.241     48.546  35.323429     0.4443     13.038   212.4560 1.2347e-01     8.6488      8.407     12.193    11.4077   999.6241 0.0000e+00
      8.573      0.021     1.0094     13.225     48.568  35.336122     0.5192     13.038   212.0809 1.2352e-01     8.8757      8.406     12.192    11.3989   999.6250 0.0000e+00
      8.575      0.013     1.0141     13.208     48.555  35.324688     0.6506     13.038   212.4577 1.2359e-01     9.2442      8.409     12.196    11.3895   999.6260 0.0000e+00
      8.578      0.008     1.0153     13.160     48.539  35.312102     0.7170     13.037   212.9682 1.2358e-01     9.3967      8.413     12.201    11.3824   999.6268 0.0000e+00
      8.579      0.007     1.0121     13.096     48.535  35.310864     0.7112     13.036   213.1769 1.2347e-01     9.3461      8.413     12.202    11.3783   999.6273 0.0000e+00
      8.579      0.011     1.0110     13.048     48.531  35.309719     0.6569     13.036   213.2609 1.2344e-01     9.1474      8.413     12.202    11.3754   999.6276 0.0000e+00
      8.580      0.019     1.0119     13.020     48.512  35.298258     0.5659     13.037   213.1232 1.2353e-01     8.8139      8.414     12.203    11.3723   999.6279 0.0000e+00
      8.581      0.028     1.0072     13.010     48.512  35.299202     0.5267     13.037   212.8024 1.2359e-01     8.6441      8.414     12.204    11.3719   999.6280 0.0000e+00
      8.587      0.035     1.0008     13.000     48.543  35.321133     0.5351     13.037   212.6524 1.2356e-01     8.6401      8.417     12.208    11.3736   999.6278 0.0000e+00
      8.602      0.039     0.9978     12.990     48.532  35.309596     0.5337     13.037   212.7712 1.2350e-01     8.6279      8.432     12.230    11.3762   999.6276 0.0000e+00
      8.623      0.039     0.9947     13.007     48.507  35.286626     0.5962     13.037   212.8622 1.2350e-01     8.7027      8.459     12.269    11.3787   999.6274 0.0000e+00
      8.638      0.034     0.9952     13.050     48.525  35.297228     0.7191     13.036   212.8930 1.2351e-01     8.8582      8.476     12.293    11.3802   999.6274 0.0000e+00
      8.643      0.026     0.9942     13.075     48.544  35.310865     0.7698     13.036   212.8852 1.2351e-01     8.8940      8.477     12.293    11.3796   999.6274 0.0000e+00
      8.643      0.016     0.9929     13.084     48.562  35.324586     0.7604     13.036   212.5962 1.2350e-01     8.8263      8.475     12.291    11.3745   999.6280 0.0000e+00
      8.643      0.007     0.9934     13.090     48.576  35.336217     0.7004     13.036   212.1524 1.2352e-01     8.7604      8.476     12.294    11.3689   999.6285 0.0000e+00
      8.643      0.002     0.9998     13.086     48.557  35.324584     0.5885     13.036   211.9926 1.2357e-01     8.7153      8.477     12.295    11.3663   999.6288 0.0000e+00
      8.643      0.002     1.0006     13.076     48.534  35.310854     0.5237     13.036   212.1268 1.2355e-01     8.6930      8.476     12.293    11.3661   999.6289 0.0000e+00
      8.644      0.003     1.0004     13.054     48.512  35.297123     0.5075     13.036   212.3123 1.2348e-01     8.6630      8.477     12.294    11.3672   999.6288 0.0000e+00
      8.644      0.004     1.0022     13.028     48.493  35.285479     0.4698     13.036   212.3427 1.2342e-01     8.6262      8.478     12.296    11.3693   999.6285 0.0000e+00
      8.645      0.004     1.0005     13.006     48.505  35.296998     0.4110     13.036   212.2360 1.2338e-01     8.6267      8.477     12.295    11.3720   999.6282 0.0000e+00
      8.647      0.005     1.0011     12.987     48.519  35.309481     0.3883     13.036   212.2272 1.2342e-01     8.6685      8.480     12.297    11.3749   999.6279 0.0000e+00
      8.650      0.006     0.9982     12.972     48.516  35.309490     0.3852     13.036   212.3222 1.2346e-01     8.6849      8.483     12.304    11.3773   999.6277 0.0000e+00
      8.651      0.008     0.9964     12.964     48.497  35.297111     0.3352     13.036   212.2655 1.2346e-01     8.6544      8.484     12.304    11.3796   999.6274 0.0000e+00
      8.651      0.008     0.9946     12.978     48.482  35.286716     0.2714     13.035   212.1449 1.2346e-01     8.6422      8.483     12.303    11.3823   999.6272 0.0000e+00
      8.653      0.009     0.9926     12.986     48.515  35.310728     0.2528     13.035   212.4118 1.2348e-01     8.6749      8.486     12.308    11.3851   999.6270 0.0000e+00
      8.657      0.012     0.9922     12.980     48.547  35.333604     0.2523     13.035   212.9116 1.2350e-01     8.7067      8.491     12.315    11.3874   999.6267 0.0000e+00
      8.660      0.020     0.9900     13.001     48.515  35.309469     0.2565     13.035   213.2831 1.2355e-01     8.6837      8.493     12.318    11.3881   999.6266 0.0000e+00
      8.662      0.031     0.9927     13.033     48.466  35.272757     0.2837     13.035   213.6347 1.2359e-01     8.6365      8.493     12.317    11.3881   999.6266 0.0000e+00
      8.667      0.042     0.9944     13.035     48.466  35.270468     0.3137     13.035   213.7209 1.2357e-01     8.6506      8.497     12.324    11.3885   999.6266 0.0000e+00
      8.679      0.053     0.9906     13.026     48.486  35.281789     0.3246     13.035   213.4656 1.2354e-01     8.6482      8.509     12.342    11.3883   999.6267 0.0000e+00
      8.698      0.059     0.9936     13.034     48.493  35.282714     0.3197     13.034   213.6448 1.2352e-01     8.5741      8.529     12.370    11.3871   999.6269 0.0000e+00
      8.722      0.061     0.9982     13.044     48.498  35.281655     0.3317     13.035   214.3388 1.2348e-01     8.5446      8.553     12.406    11.3868   999.6270 0.0000e+00
