Data/DataNotYetUploadedToEDI/Raw_CTD/RawDownloads/081018_fcr50(2).cnv
* Sea-Bird SBE19plus  Data File:
* FileName = C:\DATA\081318_fcr_0002.hex
* Software version 2.6.3.104
* Temperature SN = 7809
* Conductivity SN = 7809
* System UpLoad Time = Aug 13 2018 19:25:18
* <ApplicationData>
* <Seaterm232>
# nquan = 17
# nvalues = 672                         
# units = specified
# name 0 = depFM: Depth [fresh water, m]
# name 1 = tv290C: Temperature [ITS-90, deg C]
# name 2 = sbeox0Mg/L: Oxygen, SBE 43 [mg/l]
# name 3 = sbeox0PS: Oxygen, SBE 43 [% saturation]
# name 4 = c0uS/cm: Conductivity [uS/cm]
# name 5 = specc: Specific Conductance [uS/cm]
# name 6 = ph: pH
# name 7 = orp: Oxidation Reduction Potential [mV]
# name 8 = flECO-AFL: Fluorescence, WET Labs ECO-AFL/FL [mg/m^3]
# name 9 = turbWETntu0: Turbidity, WET Labs ECO [NTU]
# name 10 = sal00: Salinity, Practical [PSU]
# name 11 = dz/dtM: Descent Rate [m/s]
# name 12 = prdM: Pressure, Strain Gauge [db]
# name 13 = prdE: Pressure, Strain Gauge [psi]
# name 14 = scan: Scan Count
# name 15 = par/sat/log: PAR/Logarithmic, Satlantic
# name 16 = flag:  0.000e+00
# span 0 =     -0.570,      9.590       
# span 1 =    11.7846,    27.3200       
# span 2 =     0.1565,     8.8749       
# span 3 =      1.523,    108.474       
# span 4 =   0.664778,  70.972669       
# span 5 =      0.493,     96.693       
# span 6 =      6.069,      8.065       
# span 7 = -1240.7455,   442.1986       
# span 8 =    -1.1605,     6.8864       
# span 9 =    -0.3452,   194.3197       
# span 10 =     0.0124,     0.0464      
# span 11 =     -0.168,      0.178      
# span 12 =     -0.558,      9.404      
# span 13 =     -0.810,     13.639      
# span 14 =          1,        672      
# span 15 = -1.431e+01, 2.2293e+03      
# span 16 = 0.0000e+00, 0.0000e+00      
# interval = seconds: 0.25
# start_time = Aug 10 2018 16:22:13 [Instrument's time stamp, header]
# bad_flag = -9.990e-29
*END*
[from data line 341]
      4.504    12.6848     1.9297     18.092  38.660612     51.189      6.356   303.3761     1.6337     7.1745     0.0265      0.071      4.417      6.406        342 1.1586e+01 0.0000e+00
      4.519    12.6487     1.9296     18.085  37.945663     50.329      6.355   303.4518     1.6418     7.0939     0.0261      0.073      4.432      6.428        343 1.1430e+01 0.0000e+00
      4.535    12.6130     1.9177     17.966  37.651027     49.916      6.353   303.8682     1.7145     7.9399     0.0260      0.074      4.448      6.451        344 1.1214e+01 0.0000e+00
      4.552    12.5798     1.8972     17.769  37.662818     50.040      6.354   303.4896     1.7307     7.9399     0.0260      0.072      4.467      6.478        345 1.0942e+01 0.0000e+00
      4.579    12.5449     1.8656     17.471  37.753032     50.161      6.349   304.4361     1.7469     8.0205     0.0260      0.073      4.490      6.512        346 1.0611e+01 0.0000e+00
      4.605    12.5161     1.8554     17.362  37.835396     50.354      6.344   304.4739     1.7590     7.9802     0.0261      0.075      4.512      6.544        347 1.0463e+01 0.0000e+00
      4.617    12.5037     1.8398     17.198  37.856957     50.402      6.338   304.7768     1.5609     9.6318     0.0261      0.073      4.527      6.567        348 1.0401e+01 0.0000e+00
      4.628    12.5018     1.8346     17.140  37.844867     50.439      6.331   305.0796     1.5487     9.6721     0.0261      0.072      4.541      6.587        349 1.0186e+01 0.0000e+00
      4.650    12.4846     1.8425     17.211  37.850456     50.457      6.330   305.5339     1.5487     9.7124     0.0261      0.074      4.561      6.616        350 9.8237e+00 0.0000e+00
      4.677    12.4622     1.8571     17.333  37.790684     50.383      6.328   305.1932     1.5487     9.6318     0.0261      0.076      4.583      6.647        351 9.7017e+00 0.0000e+00
      4.690    12.4500     1.8850     17.579  37.741283     50.333      6.326   304.8525     1.5568     9.6452     0.0261      0.076      4.599      6.671        352 9.6593e+00 0.0000e+00
      4.703    12.4361     1.9136     17.834  37.674644     50.289      6.324   304.9282     1.4072    11.6191     0.0260      0.073      4.614      6.692        353 9.4087e+00 0.0000e+00
      4.722    12.4174     1.9544     18.201  37.695652     50.304      6.323   305.3825     1.4274    11.6191     0.0260      0.069      4.630      6.715        354 9.2637e+00 0.0000e+00
      4.737    12.4068     2.0033     18.648  37.715149     50.399      6.318   305.3068     1.4072    11.5520     0.0261      0.067      4.645      6.736        355 9.1504e+00 0.0000e+00
      4.750    12.3984     2.0626     19.196  37.709713     50.348      6.319   306.6318     1.4194    11.6460     0.0260      0.067      4.660      6.759        356 8.8721e+00 0.0000e+00
      4.772    12.3652     2.1112     19.646  37.702425     50.439      6.317   306.3668     1.1808    12.2771     0.0261      0.067      4.679      6.787        357 8.6418e+00 0.0000e+00
      4.791    12.3179     2.1621     20.112  37.516592     50.111      6.314   306.1018     1.1646    12.0891     0.0259      0.066      4.697      6.813        358 8.4922e+00 0.0000e+00
      4.806    12.2956     2.1990     20.443  37.347750     50.008      6.315   306.4046     1.1403    12.2234     0.0259      0.065      4.714      6.838        359 8.2754e+00 0.0000e+00
      4.827    12.2852     2.2100     20.537  37.348988     49.996      6.312   305.6475     1.1525    12.1965     0.0258      0.067      4.733      6.866        360 8.0609e+00 0.0000e+00
      4.848    12.2516     2.1771     20.228  37.277777     50.028      6.310   305.7611     1.1080    12.6262     0.0258      0.070      4.753      6.895        361 7.8198e+00 0.0000e+00
      4.867    12.2163     2.1158     19.656  37.080448     49.662      6.307   308.3354     1.0999    12.5994     0.0257      0.072      4.773      6.924        362 7.5526e+00 0.0000e+00
      4.889    12.1865     2.0243     18.812  36.971684     49.674      6.309   308.2218     1.0837    12.6397     0.0257      0.075      4.793      6.953        363 7.3696e+00 0.0000e+00
      4.909    12.1548     1.9194     17.841  36.997889     49.643      6.304   308.6382     1.0918    12.5725     0.0256      0.077      4.813      6.980        364 7.2234e+00 0.0000e+00
      4.924    12.1326     1.8155     16.865  36.958870     49.760      6.303   308.6004     1.0999    12.1697     0.0257      0.076      4.830      7.004        365 7.0281e+00 0.0000e+00
      4.942    12.1235     1.7023     15.805  37.138904     49.877      6.301   307.6918     1.1080    12.3174     0.0257      0.076      4.845      7.028        366 6.8542e+00 0.0000e+00
      4.956    12.1196     1.6101     14.956  37.782352     50.961      6.300   309.4711     1.1161    12.2234     0.0262      0.075      4.859      7.048        367 6.7231e+00 0.0000e+00
      4.967    12.1039     1.5411     14.311  38.086138     51.237      6.297   309.8118     1.0797    12.2503     0.0263      0.070      4.873      7.067        368 6.5115e+00 0.0000e+00
      4.985    12.0773     1.4924     13.849  38.243957     51.543      6.299   310.2661     1.1039    11.7131     0.0264      0.066      4.889      7.092        369 6.2267e+00 0.0000e+00
      5.007    12.0610     1.4448     13.402  38.386847     51.715      6.296   310.2661     1.0676    11.7668     0.0265      0.065      4.908      7.118        370 5.9672e+00 0.0000e+00
      5.022    12.0521     1.4141     13.116  38.323603     51.678      6.295   310.5311     1.0999    11.7668     0.0265      0.063      4.922      7.138        371 5.8911e+00 0.0000e+00
      5.027    12.0466     1.3890     12.883  38.441325     51.852      6.292   311.0989     1.0999    11.7668     0.0265      0.060      4.931      7.152        372 5.8397e+00 0.0000e+00
      5.035    12.0596     1.3660     12.669  38.418331     51.863      6.293   309.0925     1.0878    11.8340     0.0265      0.057      4.943      7.169        373 5.6108e+00 0.0000e+00
      5.061    12.0693     1.3468     12.490  38.470877     51.873      6.287   310.1904     0.8815    11.1089     0.0265      0.057      4.963      7.197        374 5.4010e+00 0.0000e+00
      5.084    12.0421     1.3154     12.204  38.761559     52.343      6.286   309.9254     0.9179    11.2297     0.0268      0.060      4.983      7.227        375 5.2275e+00 0.0000e+00
      5.097    12.0226     1.2885     11.954  38.827828     52.329      6.280   311.4397     0.9260    11.1357     0.0268      0.062      5.000      7.252        376 5.0729e+00 0.0000e+00
      5.116    12.0388     1.2644     11.725  38.655376     52.215      6.278   312.0075     0.8937    11.0686     0.0267      0.062      5.021      7.282        377 4.8893e+00 0.0000e+00
      5.146    12.0271     1.2478     11.567  38.649883     52.136      6.274   307.9568     0.9665    11.0686     0.0267      0.067      5.050      7.324        378 4.6110e+00 0.0000e+00
      5.186    11.9948     1.2249     11.351  39.012655     52.708      6.265   308.6382     0.9867    11.1492     0.0269      0.079      5.082      7.371        379 4.3788e+00 0.0000e+00
      5.214    11.9789     1.2005     11.121  39.242146     52.957      6.256   309.0168     0.9624    11.1357     0.0270      0.092      5.106      7.406        380 4.3628e+00 0.0000e+00
      5.218    11.9751     1.1898     11.020  39.194881     53.001      6.248   311.2882     0.9665    11.1626     0.0270      0.094      5.117      7.421        381 4.3686e+00 0.0000e+00
      5.223    11.9768     1.1839     10.965  39.190145     52.950      6.246   310.9475     0.8896    10.5449     0.0270      0.088      5.125      7.433        382 4.2143e+00 0.0000e+00
      5.238    11.9704     1.1737     10.869  39.277713     53.143      6.244   309.0547     0.9018    10.5181     0.0271      0.083      5.138      7.451        383 4.0918e+00 0.0000e+00
      5.254    11.9701     1.1625     10.764  39.352886     53.179      6.248   309.0925     0.9058    10.4375     0.0271      0.077      5.153      7.474        384 4.0163e+00 0.0000e+00
      5.271    11.9850     1.1487     10.634  39.363576     53.263      6.247   308.7897     0.9260    10.4241     0.0271      0.069      5.170      7.499        385 3.8841e+00 0.0000e+00
      5.291    11.9836     1.1285     10.443  39.353406     53.190      6.247   309.2439     0.8532    10.4375     0.0271      0.061      5.187      7.524        386 3.7180e+00 0.0000e+00
      5.306    11.9655     1.1169     10.334  39.365542     53.241      6.246   309.8875     0.8452    10.4912     0.0271      0.055      5.203      7.547        387 3.6300e+00 0.0000e+00
      5.320    11.9512     1.1006     10.182  39.348470     53.169      6.244   309.9254     0.8371    10.5449     0.0271      0.056      5.219      7.569        388 3.5818e+00 0.0000e+00
      5.339    11.9370     1.0951     10.130  39.463647     53.384      6.242   311.2504     0.8452    10.4912     0.0272      0.062      5.237      7.595        389 3.4425e+00 0.0000e+00
      5.362    11.9229     1.0821     10.009  39.696849     53.707      6.242   310.3418     0.8371    12.2234     0.0273      0.067      5.257      7.624        390 3.2987e+00 0.0000e+00
      5.379    11.9142     1.0714      9.910  39.799884     53.879      6.241   310.8718     0.8532    12.2234     0.0274      0.069      5.274      7.649        391 3.2588e+00 0.0000e+00
      5.392    11.9100     1.0633      9.835  39.810070     53.900      6.238   309.4332     0.8654    12.1831     0.0274      0.069      5.288      7.669        392 3.2230e+00 0.0000e+00
      5.404    11.9064     1.0598      9.801  39.802839     53.913      6.235   309.4332     0.8411    12.2234     0.0274      0.067      5.303      7.692        393 3.0839e+00 0.0000e+00
      5.429    11.9000     1.0564      9.768  39.808887     53.919      6.233   315.0740     0.8411    14.2107     0.0274      0.067      5.325      7.723        394 2.9528e+00 0.0000e+00
      5.457    11.8884     1.0507      9.715  39.802547     53.924      6.232   313.5597     1.0554    14.9761     0.0274      0.071      5.350      7.760        395 2.8805e+00 0.0000e+00
      5.480    11.8759     1.0450      9.662  39.810733     53.933      6.229   314.1275     1.0554    14.9896     0.0274      0.075      5.373      7.793        396 2.7969e+00 0.0000e+00
      5.498    11.8666     1.0517      9.723  39.858035     54.026      6.224   312.0832     1.0352    14.9358     0.0274      0.077      5.393      7.823        397 2.7370e+00 0.0000e+00
      5.521    11.8607     1.0445      9.657  39.951343     54.158      6.222   312.7647     1.0433    14.9090     0.0275      0.080      5.418      7.858        398 2.6256e+00 0.0000e+00
      5.555    11.8566     1.0470      9.679  39.961607     54.210      6.219   315.7932     1.1080    15.6878     0.0275      0.087      5.446      7.899        399 2.4911e+00 0.0000e+00
      5.583    11.8540     1.0436      9.648  39.874933     54.067      6.213   316.0582     1.1080    15.7147     0.0274      0.095      5.470      7.934        400 2.4566e+00 0.0000e+00
      5.593    11.8535     1.0436      9.648  39.851555     54.073      6.208   316.1718     1.0959    15.7147     0.0274      0.095      5.485      7.956        401 2.4272e+00 0.0000e+00
      5.605    11.8519     1.0478      9.687  39.872043     54.077      6.206   315.1118     1.0999    15.7415     0.0274      0.090      5.500      7.977        402 2.3317e+00 0.0000e+00
      5.628    11.8475     1.0444      9.654  39.938435     54.191      6.206   315.4904     0.9139    15.1641     0.0275      0.085      5.519      8.005        403 2.2458e+00 0.0000e+00
      5.649    11.8430     1.0358      9.575  40.006254     54.269      6.207   315.1497     0.9422    15.1641     0.0275      0.083      5.540      8.036        404 2.2122e+00 0.0000e+00
      5.673    11.8399     1.0314      9.534  40.024966     54.314      6.209   313.2947     0.9139    15.2984     0.0275      0.082      5.563      8.069        405 2.1329e+00 0.0000e+00
      5.698    11.8369     1.0383      9.598  40.004148     54.283      6.207   314.3547     0.9139    15.1775     0.0275      0.080      5.585      8.100        406 2.0316e+00 0.0000e+00
      5.714    11.8345     1.0395      9.609  40.002499     54.287      6.204   315.4904     0.9139    17.8094     0.0275      0.077      5.601      8.124        407 2.0395e+00 0.0000e+00
      5.721    11.8339     1.0358      9.575  39.997354     54.291      6.203   315.2632     0.9139    17.8094     0.0275      0.075      5.612      8.139        408 2.0660e+00 0.0000e+00
      5.732    11.8330     1.0326      9.547  40.010552     54.295      6.204   315.6418     0.9179    17.8363     0.0275      0.073      5.625      8.158        409 1.9437e+00 0.0000e+00
      5.755    11.8321     1.0306      9.530  40.045407     54.372      6.201   311.5532     0.9139    17.7289     0.0276      0.072      5.644      8.185        410 1.8373e+00 0.0000e+00
      5.776    11.8308     1.0300      9.525  40.013310     54.297      6.200   312.5754     0.8977    19.8370     0.0275      0.069      5.664      8.215        411 1.8135e+00 0.0000e+00
      5.795    11.8290     1.0427      9.641  40.050495     54.374      6.195   312.9161     0.8209    19.8505     0.0276      0.067      5.685      8.245        412 1.7205e+00 0.0000e+00
      5.821    11.8278     1.0320      9.541  40.058462     54.376      6.197   313.1054     0.8452    19.9176     0.0276      0.068      5.705      8.275        413 1.6682e+00 0.0000e+00
      5.835    11.8267     1.0416      9.629  40.062729     54.379      6.196   314.0897     0.8371    19.8639     0.0276      0.069      5.720      8.297        414 1.6692e+00 0.0000e+00
      5.844    11.8257     1.0412      9.625  40.104519     54.457      6.192   311.9318     0.8492    20.6293     0.0276      0.071      5.734      8.316        415 1.6018e+00 0.0000e+00
      5.864    11.8265     1.0380      9.595  40.065786     54.383      6.194   311.8182     0.8411    20.4950     0.0276      0.073      5.751      8.341        416 1.5362e+00 0.0000e+00
      5.886    11.8256     1.0461      9.669  40.051600     54.384      6.192   312.0075     0.8249    20.5756     0.0276      0.073      5.771      8.370        417 1.4985e+00 0.0000e+00
      5.904    11.8256     1.0386      9.600  40.062843     54.383      6.192   312.2347     0.8371    20.5756     0.0276      0.071      5.791      8.399        418 1.4117e+00 0.0000e+00
      5.926    11.8348     1.0326      9.544  40.051795     54.383      6.192   312.5754     0.8411    20.4950     0.0276      0.071      5.810      8.427        419 1.3360e+00 0.0000e+00
      5.944    11.8439     1.0289      9.510  40.124681     54.461      6.190   312.3482     0.8290    20.2533     0.0276      0.071      5.827      8.451        420 1.3173e+00 0.0000e+00
      5.955    11.8439     1.0297      9.517  40.150132     54.522      6.190   313.1811     0.8573    20.3742     0.0276      0.070      5.840      8.471        421 1.3146e+00 0.0000e+00
      5.968    11.8388     1.0268      9.490  40.079449     54.357      6.189   313.0675     0.8330    20.2399     0.0275      0.070      5.855      8.493        422 1.2227e+00 0.0000e+00
      5.989    11.8328     1.0310      9.529  40.093977     54.432      6.185   313.2568     0.8290    20.3742     0.0276      0.070      5.875      8.521        423 1.1357e+00 0.0000e+00
      6.013    11.8291     1.0313      9.532  40.072720     54.365      6.187   312.8782     0.8452    21.1933     0.0275      0.070      5.896      8.552        424 1.1346e+00 0.0000e+00
      6.035    11.8280     1.0277      9.500  40.105905     54.449      6.186   313.1432     0.8290    21.2067     0.0276      0.070      5.917      8.583        425 1.0893e+00 0.0000e+00
