Data/DataNotYetUploadedToEDI/Raw_CTD/RawDownloads/081018_fcr50(1).cnv
* Sea-Bird SBE19plus  Data File:
* FileName = C:\DATA\081318_fcr_0001.hex
* Software version 2.6.3.104
* Temperature SN = 7809
* Conductivity SN = 7809
* System UpLoad Time = Aug 13 2018 19:24:54
* <ApplicationData>
* <Seaterm232>
# nquan = 17
# nvalues = 721                         
# units = specified
# name 0 = depFM: Depth [fresh water, m]
# name 1 = tv290C: Temperature [ITS-90, deg C]
# name 2 = sbeox0Mg/L: Oxygen, SBE 43 [mg/l]
# name 3 = sbeox0PS: Oxygen, SBE 43 [% saturation]
# name 4 = c0uS/cm: Conductivity [uS/cm]
# name 5 = specc: Specific Conductance [uS/cm]
# name 6 = ph: pH
# name 7 = orp: Oxidation Reduction Potential [mV]
# name 8 = flECO-AFL: Fluorescence, WET Labs ECO-AFL/FL [mg/m^3]
# name 9 = turbWETntu0: Turbidity, WET Labs ECO [NTU]
# name 10 = sal00: Salinity, Practical [PSU]
# name 11 = dz/dtM: Descent Rate [m/s]
# name 12 = prdM: Pressure, Strain Gauge [db]
# name 13 = prdE: Pressure, Strain Gauge [psi]
# name 14 = scan: Scan Count
# name 15 = par/sat/log: PAR/Logarithmic, Satlantic
# name 16 = flag:  0.000e+00
# span 0 =     -0.580,      9.576       
# span 1 =    11.7876,    26.5118       
# span 2 =     0.1348,     8.7778       
# span 3 =      1.307,    109.007       
# span 4 =  -0.074889,  67.646058       
# span 5 =      0.315,     91.883       
# span 6 =      1.452,      7.838       
# span 7 = -1240.7455,   437.6557       
# span 8 =    -1.8600,     5.8148       
# span 9 =    -1.9834,    23.4089       
# span 10 =     0.0118,     0.0443      
# span 11 =     -0.165,      0.233      
# span 12 =     -0.569,      9.390      
# span 13 =     -0.825,     13.619      
# span 14 =          1,        721      
# span 15 = 1.2285e-01, 1.8853e+03      
# span 16 = 0.0000e+00, 0.0000e+00      
# interval = seconds: 0.25
# start_time = Aug 10 2018 14:30:05 [Instrument's time stamp, header]
# bad_flag = -9.990e-29
*END*
[from data line 426]
      5.502    11.8696     1.0382      9.608  39.753444     53.896      6.186   284.2203     0.7885    16.5472     0.0274      0.075      5.395      7.824        427 2.3956e+00 0.0000e+00
      5.519    11.8715     1.0418      9.641  39.809635     53.977      6.183   284.2960     0.8088    17.1515     0.0274      0.070      5.415      7.853        428 2.3253e+00 0.0000e+00
      5.543    11.8739     1.0537      9.752  39.850286     54.054      6.182   281.8353     0.7764    17.2589     0.0274      0.067      5.436      7.885        429 2.2251e+00 0.0000e+00
      5.567    11.8767     1.0570      9.782  39.762184     53.899      6.179   282.8574     0.7724    17.2320     0.0274      0.069      5.457      7.916        430 2.1657e+00 0.0000e+00
      5.585    11.8777     1.0600      9.811  39.741286     53.896      6.178   282.7060     0.7885    17.1246     0.0274      0.073      5.476      7.942        431 2.0815e+00 0.0000e+00
      5.599    11.8759     1.0646      9.852  39.757633     53.892      6.178   282.8574     0.7926    17.2052     0.0274      0.076      5.491      7.965        432 2.0693e+00 0.0000e+00
      5.615    11.8731     1.0619      9.827  39.741840     53.890      6.179   283.3874     0.8088    16.9769     0.0274      0.077      5.509      7.990        433 1.9941e+00 0.0000e+00
      5.639    11.8712     1.0656      9.860  39.760940     53.893      6.178   282.0624     0.7724    17.0575     0.0274      0.077      5.530      8.020        434 1.8624e+00 0.0000e+00
      5.661    11.8716     1.0666      9.869  39.793194     53.973      6.177   281.9489     0.7966    16.9903     0.0274      0.077      5.551      8.050        435 1.8244e+00 0.0000e+00
      5.679    11.8754     1.0573      9.782  39.761032     53.900      6.174   282.4789     0.8168    17.0306     0.0274      0.076      5.570      8.077        436 1.7658e+00 0.0000e+00
      5.698    11.8778     1.0585      9.793  39.741637     53.899      6.173   282.2896     0.8330    17.3797     0.0274      0.075      5.585      8.100        437 1.7416e+00 0.0000e+00
      5.708    11.8771     1.0593      9.800  39.758001     53.894      6.174   282.8574     0.8613    17.4872     0.0274      0.072      5.598      8.119        438 1.6963e+00 0.0000e+00
      5.720    11.8779     1.0542      9.753  39.740666     53.890      6.174   282.8574     0.8735    17.4066     0.0274      0.070      5.611      8.138        439 1.6145e+00 0.0000e+00
      5.740    11.8806     1.0506      9.719  39.763210     53.892      6.173   282.5167     0.8573    17.4066     0.0274      0.069      5.627      8.161        440 1.6161e+00 0.0000e+00
      5.753    11.8819     1.0441      9.659  39.729945     53.890      6.174   282.3653     0.8977    19.7699     0.0274      0.066      5.643      8.185        441 1.5928e+00 0.0000e+00
      5.771    11.8778     1.0351      9.575  39.722732     53.810      6.173   282.5924     0.9099    19.7833     0.0273      0.062      5.661      8.210        442 1.4810e+00 0.0000e+00
      5.795    11.8724     1.0335      9.560  39.831516     54.035      6.173   282.9332     0.9260    19.6893     0.0274      0.062      5.680      8.239        443 1.3989e+00 0.0000e+00
      5.810    11.8704     1.0338      9.563  39.831888     53.966      6.174   282.7817     0.9220    19.8102     0.0274      0.064      5.699      8.265        444 1.3843e+00 0.0000e+00
      5.829    11.8682     1.0305      9.532  39.840932     54.050      6.172   283.8039     1.0433    20.5890     0.0274      0.066      5.720      8.296        445 1.3170e+00 0.0000e+00
      5.862    11.8657     1.0292      9.520  39.820263     53.977      6.171   283.7282     1.0716    20.5487     0.0274      0.074      5.744      8.331        446 1.2427e+00 0.0000e+00
      5.878    11.8647     1.0297      9.524  39.798282     53.980      6.167   283.9174     1.0392    20.6024     0.0274      0.078      5.764      8.360        447 1.1969e+00 0.0000e+00
      5.893    11.8641     1.0269      9.498  39.808958     53.984      6.162   284.0689     1.0352    20.5756     0.0274      0.079      5.782      8.386        448 1.1354e+00 0.0000e+00
      5.918    11.8630     1.0291      9.518  39.806977     53.985      6.161   283.9932     0.9422    21.5558     0.0274      0.081      5.802      8.415        449 1.1256e+00 0.0000e+00
      5.936    11.8615     1.0320      9.545  39.860080     54.062      6.162   284.5610     0.9503    21.3544     0.0274      0.082      5.820      8.440        450 1.0726e+00 0.0000e+00
      5.947    11.8602     1.0300      9.526  39.802206     53.988      6.160   284.3717     0.9260    21.4887     0.0274      0.078      5.832      8.458        451 1.0206e+00 0.0000e+00
      5.958    11.8592     1.0263      9.491  39.760339     53.914      6.162   284.2960     0.9058    21.3947     0.0274      0.074      5.844      8.476        452 1.0166e+00 0.0000e+00
      5.975    11.8573     1.0261      9.490  39.793520     53.992      6.163   284.3339     0.9260    21.3544     0.0274      0.069      5.859      8.498        453 9.6170e-01 0.0000e+00
      5.992    11.8563     1.0214      9.446  39.820244     53.993      6.160   283.6524     0.9260    21.7170     0.0274      0.063      5.874      8.520        454 9.4371e-01 0.0000e+00
      6.001    11.8585     1.0217      9.447  39.845744     54.072      6.163   283.7660     0.9018    21.7304     0.0274      0.060      5.888      8.541        455 9.2374e-01 0.0000e+00
      6.020    11.8588     1.0172      9.404  39.821117     53.998      6.161   284.3717     0.9462    21.5558     0.0274      0.059      5.910      8.572        456 8.3208e-01 0.0000e+00
      6.061    11.8547     1.0123      9.358  39.850893     54.070      6.158   285.0532     0.9341    21.6498     0.0274      0.063      5.941      8.617        457 7.4841e-01 0.0000e+00
      6.094    11.8502     1.0103      9.339  39.868019     54.069      6.150   285.0532     0.8371    21.6498     0.0274      0.074      5.970      8.658        458 7.3446e-01 0.0000e+00
      6.106    11.8505     1.0053      9.292  39.859135     54.076      6.148   284.9774     0.8532    21.6632     0.0274      0.082      5.986      8.682        459 7.3569e-01 0.0000e+00
      6.112    11.8513     0.9995      9.238  39.861952     54.082      6.143   285.1289     0.8532    21.6767     0.0274      0.084      5.996      8.697        460 7.0830e-01 0.0000e+00
      6.127    11.8469     0.9985      9.228  39.805184     54.006      6.144   285.1289     0.8452    21.6767     0.0274      0.082      6.010      8.716        461 6.7562e-01 0.0000e+00
      6.145    11.8452     0.9966      9.210  39.811120     54.004      6.144   284.9774     0.8694    21.6364     0.0274      0.080      6.025      8.738        462 6.5477e-01 0.0000e+00
      6.158    11.8487     0.9935      9.181  39.854566     54.088      6.143   284.4853     0.8654    21.5961     0.0274      0.075      6.040      8.760        463 6.3919e-01 0.0000e+00
      6.174    11.8465     0.9879      9.129  39.869780     54.089      6.147   284.1824     0.8492    21.7304     0.0274      0.067      6.058      8.785        464 6.0820e-01 0.0000e+00
      6.200    11.8378     0.9753      9.013  39.940513     54.198      6.147   283.9174     0.8654    21.5827     0.0275      0.061      6.078      8.814        465 6.1099e-01 0.0000e+00
      6.215    11.8329     0.9722      8.984  39.974195     54.239      6.146   285.6967     0.9341    21.8781     0.0275      0.060      6.093      8.838        466 6.1948e-01 0.0000e+00
      6.224    11.8297     0.9688      8.952  39.946526     54.215      6.148   285.5453     0.9099    21.8109     0.0275      0.062      6.107      8.858        467 5.7670e-01 0.0000e+00
      6.246    11.8255     0.9629      8.899  39.945286     54.221      6.150   285.6210     0.9220    21.7572     0.0275      0.066      6.127      8.886        468 5.3571e-01 0.0000e+00
      6.272    11.8222     0.9611      8.881  39.946077     54.226      6.149   284.9017     0.9422    21.9184     0.0275      0.069      6.150      8.920        469 4.9047e-01 0.0000e+00
      6.294    11.8193     0.9560      8.834  39.945544     54.232      6.151   284.9774     0.8532    21.7975     0.0275      0.072      6.175      8.956        470 4.8075e-01 0.0000e+00
      6.326    11.8171     0.9478      8.758  39.916287     54.200      6.147   286.5296     0.8532    21.9049     0.0275      0.079      6.201      8.995        471 4.7112e-01 0.0000e+00
      6.352    11.8158     0.9506      8.784  39.952825     54.241      6.145   286.7567     0.8532    21.8915     0.0275      0.085      6.224      9.028        472 4.3699e-01 0.0000e+00
      6.362    11.8151     0.9520      8.797  39.989072     54.321      6.143   286.9839     0.8654    21.9318     0.0275      0.086      6.241      9.051        473 4.5985e-01 0.0000e+00
      6.378    11.8137     0.9415      8.700  39.960176     54.247      6.142   286.4160     0.8532    21.8915     0.0275      0.087      6.257      9.075        474 4.5320e-01 0.0000e+00
      6.401    11.8124     0.9578      8.852  39.988786     54.324      6.141   286.5674     0.8896    21.7841     0.0275      0.088      6.274      9.099        475 4.4628e-01 0.0000e+00
      6.410    11.8118     0.9494      8.774  40.042464     54.364      6.139   286.4917     0.8452    21.8915     0.0275      0.082      6.284      9.114        476 4.2967e-01 0.0000e+00
      6.412    11.8119     0.9547      8.824  40.041702     54.404      6.139   286.8324     0.8371    21.8781     0.0276      0.071      6.289      9.123        477 4.0773e-01 0.0000e+00
      6.420    11.8130     0.9655      8.924  39.960070     54.252      6.140   286.8324     0.8735    21.8512     0.0275      0.060      6.297      9.134        478 3.9831e-01 0.0000e+00
      6.432    11.8129     0.9678      8.945  39.936397     54.253      6.144   286.9839     0.8613    22.1601     0.0275      0.050      6.312      9.154        479 3.8926e-01 0.0000e+00
      6.459    11.8115     0.9584      8.858  39.952501     54.251      6.139   288.0817     0.8411    22.0795     0.0275      0.048      6.335      9.187        480 3.5608e-01 0.0000e+00
      6.490    11.8107     0.9633      8.904  39.999358     54.327      6.135   287.8925     0.8371    22.0661     0.0275      0.054      6.357      9.221        481 3.4180e-01 0.0000e+00
      6.498    11.8101     0.9598      8.872  40.026411     54.367      6.134   285.5453     0.8573    22.0527     0.0275      0.056      6.370      9.239        482 3.8840e-01 0.0000e+00
      6.500    11.8096     0.9529      8.807  39.948500     54.254      6.133   287.1353     0.8452    22.2944     0.0275      0.056      6.375      9.247        483 3.5270e-01 0.0000e+00
      6.508    11.8107     0.9551      8.827  40.007321     54.331      6.132   286.8324     0.8452    22.2809     0.0275      0.057      6.380      9.254        484 3.3422e-01 0.0000e+00
      6.509    11.8142     0.9554      8.828  40.042208     54.408      6.128   288.0817     0.8694    22.3749     0.0276      0.054      6.384      9.259        485 3.3988e-01 0.0000e+00
      6.513    11.8172     0.9488      8.767  39.964416     54.254      6.130   287.8925     0.8573    22.2272     0.0275      0.047      6.391      9.269        486 3.3238e-01 0.0000e+00
      6.528    11.8192     0.9561      8.834  40.015134     54.363      6.132   284.6367     0.7724    22.0124     0.0275      0.039      6.402      9.285        487 3.2177e-01 0.0000e+00
      6.543    11.8217     0.9559      8.833  40.008753     54.321      6.132   284.8639     0.7966    22.0258     0.0275      0.032      6.416      9.306        488 3.0663e-01 0.0000e+00
      6.557    11.8198     0.9503      8.781  39.942690     54.242      6.135   285.0532     0.8128    22.0795     0.0275      0.030      6.431      9.327        489 3.1933e-01 0.0000e+00
      6.573    11.8175     0.9561      8.834  40.008351     54.314      6.137   286.1132     0.7966    22.0527     0.0275      0.037      6.445      9.347        490 3.2401e-01 0.0000e+00
      6.584    11.8212     0.9592      8.862  40.045702     54.392      6.136   285.9617     0.9139    21.8781     0.0276      0.043      6.457      9.365        491 3.1908e-01 0.0000e+00
      6.596    11.8239     0.9569      8.841  39.985207     54.283      6.138   284.5610     0.8896    21.8781     0.0275      0.047      6.470      9.385        492 2.9787e-01 0.0000e+00
      6.615    11.8225     0.9572      8.844  39.994639     54.314      6.136   283.9553     0.9058    21.8109     0.0275      0.053      6.488      9.410        493 2.7469e-01 0.0000e+00
      6.637    11.8174     0.9545      8.818  40.004295     54.311      6.139   284.2203     0.9220    21.8781     0.0275      0.058      6.508      9.440        494 2.8967e-01 0.0000e+00
      6.658    11.8126     0.9522      8.797  40.002855     54.312      6.136   284.5610     0.8654    22.0795     0.0275      0.061      6.527      9.467        495 2.8859e-01 0.0000e+00
      6.672    11.8104     0.9485      8.763  40.055764     54.396      6.139   284.2203     0.8532    22.1064     0.0276      0.064      6.542      9.489        496 2.8633e-01 0.0000e+00
      6.685    11.8096     0.9446      8.727  40.027450     54.365      6.137   285.8860     0.8452    22.0124     0.0275      0.065      6.557      9.510        497 2.8676e-01 0.0000e+00
      6.702    11.8094     0.9385      8.671  40.008428     54.331      6.137   285.5453     0.8209    21.9989     0.0275      0.066      6.572      9.531        498 2.3404e-01 0.0000e+00
      6.716    11.8087     0.9342      8.632  39.990442     54.332      6.138   285.5074     0.8411    22.0661     0.0275      0.067      6.587      9.553        499 2.3880e-01 0.0000e+00
      6.734    11.8071     0.9361      8.649  39.960839     54.256      6.138   284.6746     0.9422    22.3078     0.0275      0.066      6.603      9.577        500 2.6169e-01 0.0000e+00
      6.751    11.8051     0.9296      8.589  39.985938     54.333      6.137   284.7124     0.9301    22.2675     0.0275      0.064      6.620      9.602        501 2.4053e-01 0.0000e+00
      6.768    11.8033     0.9297      8.590  40.018536     54.335      6.137   284.5610     0.9341    22.2541     0.0275      0.063      6.637      9.626        502 2.1977e-01 0.0000e+00
      6.785    11.8020     0.9304      8.596  40.038933     54.414      6.137   287.6275     0.9058    22.2809     0.0276      0.063      6.654      9.651        503 2.1432e-01 0.0000e+00
      6.803    11.8015     0.9363      8.651  40.019887     54.341      6.138   286.9839     0.9139    22.2809     0.0275      0.065      6.673      9.678        504 2.0820e-01 0.0000e+00
      6.825    11.8013     0.9409      8.693  40.042241     54.419      6.135   286.0374     0.9260    22.3346     0.0276      0.068      6.693      9.707        505 2.0712e-01 0.0000e+00
      6.845    11.8015     0.9447      8.728  40.011114     54.344      6.133   286.1132     0.9139    22.1869     0.0275      0.070      6.711      9.733        506 2.1951e-01 0.0000e+00
      6.857    11.8026     0.9505      8.783  39.999292     54.344      6.134   285.7724     0.9301    22.2944     0.0275      0.071      6.726      9.755        507 1.9624e-01 0.0000e+00
      6.874    11.8042     0.9464      8.745  40.027289     54.382      6.131   288.0817     0.9139    22.4823     0.0275      0.070      6.742      9.779        508 1.7816e-01 0.0000e+00
      6.894    11.8050     0.9515      8.792  40.005938     54.342      6.131   287.5517     0.9301    22.5629     0.0275      0.071      6.760      9.804        509 1.5536e-01 0.0000e+00
      6.910    11.8049     0.9495      8.773  39.996196     54.340      6.132   287.6275     0.9543    22.5226     0.0275      0.070      6.776      9.827        510 1.4527e-01 0.0000e+00
