Data/DataNotYetUploadedToEDI/Raw_CTD/RawDownloads/081018_fcr50(3).cnv
* Sea-Bird SBE19plus  Data File:
* FileName = C:\DATA\081318_fcr_0003.hex
* Software version 2.6.3.104
* Temperature SN = 7809
* Conductivity SN = 7809
* System UpLoad Time = Aug 13 2018 19:25:44
* <ApplicationData>
* <Seaterm232>
# nquan = 17
# nvalues = 796                         
# units = specified
# name 0 = depFM: Depth [fresh water, m]
# name 1 = tv290C: Temperature [ITS-90, deg C]
# name 2 = sbeox0Mg/L: Oxygen, SBE 43 [mg/l]
# name 3 = sbeox0PS: Oxygen, SBE 43 [% saturation]
# name 4 = c0uS/cm: Conductivity [uS/cm]
# name 5 = specc: Specific Conductance [uS/cm]
# name 6 = ph: pH
# name 7 = orp: Oxidation Reduction Potential [mV]
# name 8 = flECO-AFL: Fluorescence, WET Labs ECO-AFL/FL [mg/m^3]
# name 9 = turbWETntu0: Turbidity, WET Labs ECO [NTU]
# name 10 = sal00: Salinity, Practical [PSU]
# name 11 = dz/dtM: Descent Rate [m/s]
# name 12 = prdM: Pressure, Strain Gauge [db]
# name 13 = prdE: Pressure, Strain Gauge [psi]
# name 14 = scan: Scan Count
# name 15 = par/sat/log: PAR/Logarithmic, Satlantic
# name 16 = flag:  0.000e+00
# span 0 =     -0.576,      9.573       
# span 1 =    11.7955,    28.7033       
# span 2 =     0.1419,     9.8136       
# span 3 =      1.437,    124.792       
# span 4 =   0.838023,  40.686447       
# span 5 =      0.737,     55.166       
# span 6 =      6.071,      8.365       
# span 7 = -1240.7455,   518.5567       
# span 8 =    -0.2224,     7.6829       
# span 9 =    -6.2937,    74.8513       
# span 10 =     0.0130,     0.0279      
# span 11 =     -0.195,      0.177      
# span 12 =     -0.565,      9.387      
# span 13 =     -0.819,     13.615      
# span 14 =          1,        796      
# span 15 = 1.2216e-01, 3.2394e+03      
# span 16 = 0.0000e+00, 0.0000e+00      
# interval = seconds: 0.25
# start_time = Aug 10 2018 18:34:03 [Instrument's time stamp, header]
# bad_flag = -9.990e-29
*END*
[from data line 596]
      7.022    11.8128     1.0645      9.836  40.172120     54.554      6.129   333.5104     0.9826    22.5763     0.0276      0.080      6.887      9.989        597 1.5274e-01 0.0000e+00
      7.043    11.8142     1.0674      9.863  40.120493     54.479      6.129   333.1697     0.9745    22.6301     0.0276      0.080      6.905     10.015        598 1.8787e-01 0.0000e+00
      7.058    11.8145     1.0663      9.853  40.157893     54.555      6.130   333.0940     0.9745    22.7375     0.0276      0.077      6.922     10.040        599 1.8754e-01 0.0000e+00
      7.078    11.8134     1.0624      9.816  40.125577     54.477      6.125   333.5104     0.9786    22.4018     0.0276      0.076      6.941     10.067        600 1.4136e-01 0.0000e+00
      7.097    11.8124     1.0573      9.770  40.160711     54.552      6.128   331.1633     0.9786    22.4823     0.0276      0.074      6.961     10.096        601 1.4090e-01 0.0000e+00
      7.118    11.8118     1.0641      9.832  40.173501     54.554      6.128   332.9426     0.9745    22.4421     0.0276      0.072      6.985     10.131        602 1.4003e-01 0.0000e+00
      7.154    11.8112     1.0489      9.692  40.168991     54.555      6.124   333.6997     0.9422    22.4958     0.0276      0.077      7.014     10.173        603 1.5834e-01 0.0000e+00
      7.182    11.8105     1.0608      9.803  40.166325     54.556      6.121   333.6240     0.9867    22.3883     0.0276      0.085      7.040     10.210        604 1.4024e-01 0.0000e+00
      7.198    11.8105     1.0485      9.688  40.176820     54.557      6.119   334.6840     0.9826    22.4823     0.0276      0.089      7.062     10.242        605 1.3004e-01 0.0000e+00
      7.225    11.8106     1.0469      9.674  40.215262     54.634      6.119   330.2169     0.9665    22.3883     0.0277      0.092      7.086     10.278        606 1.5360e-01 0.0000e+00
      7.253    11.8103     1.0546      9.744  40.177816     54.558      6.118   330.9361     0.9665    22.4286     0.0276      0.097      7.115     10.320        607 1.3373e-01 0.0000e+00
      7.288    11.8107     1.0532      9.732  40.164089     54.558      6.117   331.0119     0.9503    22.4152     0.0276      0.102      7.150     10.370        608 1.3213e-01 0.0000e+00
      7.334    11.8105     1.0485      9.689  40.173014     54.559      6.114   331.5040     0.9826    22.6301     0.0276      0.111      7.187     10.424        609 1.3343e-01 0.0000e+00
      7.363    11.8093     1.0413      9.622  40.166710     54.558      6.109   333.2076     0.9948    22.6435     0.0276      0.117      7.217     10.468        610 1.4268e-01 0.0000e+00
      7.380    11.8090     1.0488      9.692  40.171936     54.558      6.110   332.9426     0.9624    22.6703     0.0276      0.116      7.240     10.500        611 1.3088e-01 0.0000e+00
      7.406    11.8085     1.0434      9.642  40.166512     54.560      6.109   329.1190     0.9665    22.5361     0.0276      0.118      7.263     10.534        612 1.2216e-01 0.0000e+00
      7.435    11.8088     1.0411      9.622  40.173461     54.561      6.108   328.8161     0.9867    23.3820     0.0276      0.119      7.287     10.569        613 1.2743e-01 0.0000e+00
      7.451    11.8101     1.0442      9.651  40.222619     54.637      6.109   328.7404     0.9745    23.2880     0.0277      0.113      7.307     10.597        614 1.2418e-01 0.0000e+00
      7.466    11.8100     1.0431      9.641  40.164667     54.561      6.109   329.8004     0.9867    23.3283     0.0276      0.104      7.326     10.625        615 1.2617e-01 0.0000e+00
      7.495    11.8096     1.0443      9.651  40.126919     54.483      6.110   330.2547     0.9584    23.2746     0.0276      0.095      7.351     10.662        616 1.2499e-01 0.0000e+00
      7.528    11.8101     1.0480      9.685  40.210265     54.635      6.109   330.8226     0.9543    23.0866     0.0277      0.091      7.381     10.705        617 1.2583e-01 0.0000e+00
      7.557    11.8100     1.0465      9.671  40.179607     54.560      6.107   330.2169     0.9624    23.0060     0.0276      0.093      7.410     10.747        618 1.2531e-01 0.0000e+00
      7.585    11.8095     1.0436      9.644  40.165071     54.559      6.108   329.9140     0.9826    23.0195     0.0276      0.098      7.435     10.783        619 1.2553e-01 0.0000e+00
      7.601    11.8094     1.0425      9.634  40.169024     54.559      6.109   329.1569     0.9543    23.1000     0.0276      0.099      7.452     10.808        620 1.2555e-01 0.0000e+00
      7.608    11.8098     1.0462      9.667  40.174689     54.560      6.105   329.0433     1.0473    22.8449     0.0276      0.094      7.463     10.824        621 1.2553e-01 0.0000e+00
      7.620    11.8114     1.0388      9.599  40.217354     54.636      6.108   333.8890     1.0473    22.8315     0.0277      0.090      7.475     10.842        622 1.2537e-01 0.0000e+00
      7.641    11.8158     1.0380      9.591  40.175261     54.559      6.111   331.5419     1.0352    22.8852     0.0276      0.084      7.492     10.866        623 1.2545e-01 0.0000e+00
      7.657    11.8203     1.0402      9.611  40.167742     54.557      6.111   331.8826     1.0312    22.9389     0.0276      0.074      7.510     10.891        624 1.2545e-01 0.0000e+00
      7.675    11.8206     1.0407      9.616  40.167378     54.550      6.112   331.0876     0.9786    22.8852     0.0276      0.067      7.530     10.921        625 1.2549e-01 0.0000e+00
      7.703    11.8182     1.0440      9.646  40.175711     54.544      6.112   330.1411     0.9665    22.8718     0.0276      0.065      7.555     10.957        626 1.2548e-01 0.0000e+00
      7.732    11.8161     1.0406      9.615  40.216702     54.619      6.111   334.9869     0.9705    22.8583     0.0277      0.070      7.582     10.996        627 1.2546e-01 0.0000e+00
      7.758    11.8153     1.0427      9.634  40.175696     54.547      6.109   334.7597     0.9665    22.7912     0.0276      0.078      7.607     11.033        628 1.2551e-01 0.0000e+00
      7.780    11.8151     1.0369      9.580  40.167411     54.550      6.109   334.4569     0.9867    22.8046     0.0276      0.087      7.631     11.068        629 1.2571e-01 0.0000e+00
      7.805    11.8132     1.0281      9.498  40.227014     54.627      6.108   334.4947     1.0352    22.8718     0.0277      0.093      7.656     11.104        630 1.2552e-01 0.0000e+00
      7.835    11.8097     1.0164      9.390  40.220186     54.627      6.105   333.2454     1.0231    22.8583     0.0277      0.097      7.681     11.141        631 1.2533e-01 0.0000e+00
      7.858    11.8075     1.0048      9.283  40.235242     54.630      6.106   333.5104     1.0352    22.8449     0.0277      0.100      7.706     11.176        632 1.2537e-01 0.0000e+00
      7.881    11.8067     0.9991      9.230  40.208279     54.636      6.105   333.7754     1.0150    22.8315     0.0277      0.101      7.728     11.209        633 1.2548e-01 0.0000e+00
      7.904    11.8065     0.9948      9.191  40.135081     54.487      6.104   334.1919     1.0514    23.1135     0.0276      0.098      7.753     11.246        634 1.2548e-01 0.0000e+00
      7.936    11.8062     0.9851      9.101  40.148342     54.564      6.104   334.4947     1.0676    23.0060     0.0276      0.098      7.782     11.288        635 1.2543e-01 0.0000e+00
      7.968    11.8059     0.9831      9.083  40.132443     54.488      6.100   334.9112     1.0392    23.0195     0.0276      0.101      7.811     11.329        636 1.2555e-01 0.0000e+00
      7.989    11.8059     0.9835      9.087  40.154867     54.565      6.101   335.1004     1.0231    23.0732     0.0276      0.103      7.835     11.364        637 1.2557e-01 0.0000e+00
      8.012    11.8060     0.9863      9.112  40.179768     54.565      6.099   331.0876     0.9624    23.0329     0.0276      0.102      7.856     11.394        638 1.2542e-01 0.0000e+00
      8.032    11.8057     0.9912      9.158  40.160787     54.565      6.100   331.8069     0.9948    23.1940     0.0276      0.100      7.874     11.420        639 1.2528e-01 0.0000e+00
      8.042    11.8051     0.9918      9.163  40.178489     54.565      6.100   331.5419     0.9826    23.0597     0.0276      0.095      7.888     11.440        640 1.2530e-01 0.0000e+00
      8.057    11.8044     0.9916      9.161  40.157739     54.565      6.098   333.5862     0.9867    23.0597     0.0276      0.089      7.903     11.463        641 1.2543e-01 0.0000e+00
      8.079    11.8035     0.9957      9.199  40.127280     54.491      6.102   333.2076     1.1242    22.8180     0.0276      0.082      7.923     11.491        642 1.2547e-01 0.0000e+00
      8.099    11.8036     1.0052      9.287  40.157062     54.567      6.102   329.8383     1.1201    22.9523     0.0276      0.075      7.943     11.521        643 1.2546e-01 0.0000e+00
      8.121    11.8037     1.0091      9.323  40.180007     54.569      6.103   329.9897     1.1120    22.9389     0.0276      0.072      7.961     11.548        644 1.2557e-01 0.0000e+00
      8.135    11.8039     1.0140      9.369  40.158058     54.568      6.101   330.0276     1.1363    22.8718     0.0276      0.071      7.976     11.568        645 1.2562e-01 0.0000e+00
      8.144    11.8037     1.0145      9.373  40.184377     54.568      6.104   331.0119     0.9665    23.0597     0.0276      0.068      7.989     11.587        646 1.2549e-01 0.0000e+00
      8.162    11.8032     1.0175      9.401  40.206585     54.644      6.104   330.9361     0.9624    23.1269     0.0277      0.067      8.006     11.612        647 1.2542e-01 0.0000e+00
      8.186    11.8031     1.0278      9.496  40.189753     54.568      6.104   331.2390     0.9745    22.9792     0.0276      0.069      8.027     11.642        648 1.2556e-01 0.0000e+00
      8.208    11.8028     1.0309      9.524  40.205327     54.645      6.099   329.8761     0.9745    23.1537     0.0277      0.070      8.048     11.672        649 1.2557e-01 0.0000e+00
      8.225    11.8024     1.0225      9.447  40.187205     54.569      6.102   329.9519     0.9867    23.0195     0.0276      0.070      8.064     11.696        650 1.2544e-01 0.0000e+00
      8.235    11.8021     1.0170      9.396  40.212305     54.646      6.102   330.2547     1.0554    22.8315     0.0277      0.068      8.076     11.713        651 1.2545e-01 0.0000e+00
      8.244    11.8020     1.0150      9.378  40.174091     54.570      6.103   329.7626     1.0352    22.9389     0.0276      0.066      8.088     11.731        652 1.2549e-01 0.0000e+00
      8.264    11.8030     1.0111      9.342  40.175430     54.571      6.101   330.0276     1.0635    22.9389     0.0276      0.066      8.106     11.758        653 1.2540e-01 0.0000e+00
      8.292    11.8044     1.0091      9.324  40.269970     54.723      6.103   332.6019     1.0635    22.8852     0.0277      0.068      8.128     11.789        654 1.2543e-01 0.0000e+00
      8.307    11.8045     1.0115      9.346  40.234431     54.645      6.099   332.0340     0.9948    22.8315     0.0277      0.067      8.144     11.812        655 1.2553e-01 0.0000e+00
      8.314    11.8045     1.0110      9.341  40.160325     54.567      6.098   332.2612     0.9665    22.8180     0.0276      0.063      8.155     11.829        656 1.2545e-01 0.0000e+00
      8.329    11.8050     1.0142      9.371  40.124868     54.491      6.100   331.1633     0.9867    22.9120     0.0276      0.061      8.170     11.850        657 1.2539e-01 0.0000e+00
      8.352    11.8046     1.0174      9.400  40.159894     54.567      6.101   331.4661     0.9867    22.8583     0.0276      0.064      8.190     11.878        658 1.2537e-01 0.0000e+00
      8.373    11.8048     1.0187      9.413  40.176068     54.566      6.097   334.0026     1.0069    22.8583     0.0276      0.067      8.208     11.905        659 1.2541e-01 0.0000e+00
      8.384    11.8050     1.0164      9.392  40.164072     54.567      6.098   334.1540     0.9948    22.8583     0.0276      0.067      8.222     11.925        660 1.2553e-01 0.0000e+00
      8.398    11.8044     1.0173      9.400  40.174823     54.567      6.097   333.7754     0.9826    22.8046     0.0276      0.064      8.235     11.944        661 1.2554e-01 0.0000e+00
      8.412    11.8053     1.0091      9.324  40.222020     54.642      6.098   333.0183     0.9422    22.8986     0.0277      0.061      8.247     11.962        662 1.2544e-01 0.0000e+00
      8.419    11.8062     1.0091      9.324  40.223999     54.643      6.099   333.0183     0.9988    22.7778     0.0277      0.060      8.258     11.978        663 1.2546e-01 0.0000e+00
      8.434    11.8053     1.0045      9.281  40.172360     54.566      6.099   332.6397     0.9867    22.5763     0.0276      0.059      8.272     11.998        664 1.2555e-01 0.0000e+00
      8.453    11.8043     0.9996      9.236  40.167620     54.565      6.101   333.2833     0.9584    22.6301     0.0276      0.056      8.287     12.020        665 1.2546e-01 0.0000e+00
      8.464    11.8051     0.9898      9.146  40.170565     54.566      6.098   333.2833     0.9665    22.6972     0.0276      0.053      8.300     12.038        666 1.2542e-01 0.0000e+00
      8.475    11.8064     0.9939      9.184  40.168696     54.568      6.097   333.2076     0.9826    22.6838     0.0276      0.051      8.311     12.053        667 1.2551e-01 0.0000e+00
      8.484    11.8069     0.9923      9.168  40.169949     54.566      6.099   333.2833     0.9867    22.7375     0.0276      0.050      8.320     12.066        668 1.2542e-01 0.0000e+00
      8.491    11.8091     0.9930      9.175  40.169006     54.564      6.101   331.2011     0.9745    22.7375     0.0276      0.048      8.327     12.077        669 1.2545e-01 0.0000e+00
      8.497    11.8113     0.9934      9.179  40.169868     54.564      6.100   331.6176     0.9584    22.6703     0.0276      0.044      8.335     12.089        670 1.2551e-01 0.0000e+00
      8.510    11.8102     0.9940      9.184  40.168875     54.561      6.098   331.7311     0.9341    22.6569     0.0276      0.042      8.346     12.106        671 1.2547e-01 0.0000e+00
      8.526    11.8085     0.9996      9.235  40.170242     54.557      6.098   332.3747     0.9624    23.0463     0.0276      0.041      8.361     12.127        672 1.2551e-01 0.0000e+00
      8.542    11.8077     1.0026      9.263  40.168168     54.559      6.102   332.2233     0.9988    23.0732     0.0276      0.041      8.379     12.152        673 1.2548e-01 0.0000e+00
      8.564    11.8073     0.9998      9.237  40.171457     54.561      6.102   332.4504     0.9948    23.0597     0.0276      0.046      8.399     12.182        674 1.2544e-01 0.0000e+00
      8.586    11.8069     0.9953      9.197  40.166150     54.563      6.100   331.6176     1.0029    23.1537     0.0276      0.054      8.420     12.212        675 1.2558e-01 0.0000e+00
      8.609    11.8065     1.0045      9.281  40.174774     54.563      6.100   331.9583     0.8896    23.0329     0.0276      0.062      8.441     12.242        676 1.2541e-01 0.0000e+00
      8.626    11.8065     0.9981      9.222  40.160725     54.564      6.101   332.3747     0.8977    23.1806     0.0276      0.070      8.456     12.264        677 1.2547e-01 0.0000e+00
      8.632    11.8064     1.0053      9.289  40.124301     54.488      6.101   332.7154     0.9260    23.0732     0.0276      0.072      8.464     12.276        678 1.2558e-01 0.0000e+00
      8.636    11.8064     0.9987      9.228  40.160771     54.564      6.104   332.6397     0.9139    23.0060     0.0276      0.067      8.473     12.289        679 1.2534e-01 0.0000e+00
      8.654    11.8057     0.9964      9.207  40.174672     54.564      6.100   332.5262     0.9584    22.6301     0.0276      0.063      8.488     12.310        680 1.2544e-01 0.0000e+00
