Data/DataNotYetUploadedToEDI/Raw_CTD/RawDownloads/081018_fcr50(1).cnv
* Sea-Bird SBE19plus  Data File:
* FileName = C:\DATA\081318_fcr_0001.hex
* Software version 2.6.3.104
* Temperature SN = 7809
* Conductivity SN = 7809
* System UpLoad Time = Aug 13 2018 19:24:54
* <ApplicationData>
* <Seaterm232>
# nquan = 17
# nvalues = 721                         
# units = specified
# name 0 = depFM: Depth [fresh water, m]
# name 1 = tv290C: Temperature [ITS-90, deg C]
# name 2 = sbeox0Mg/L: Oxygen, SBE 43 [mg/l]
# name 3 = sbeox0PS: Oxygen, SBE 43 [% saturation]
# name 4 = c0uS/cm: Conductivity [uS/cm]
# name 5 = specc: Specific Conductance [uS/cm]
# name 6 = ph: pH
# name 7 = orp: Oxidation Reduction Potential [mV]
# name 8 = flECO-AFL: Fluorescence, WET Labs ECO-AFL/FL [mg/m^3]
# name 9 = turbWETntu0: Turbidity, WET Labs ECO [NTU]
# name 10 = sal00: Salinity, Practical [PSU]
# name 11 = dz/dtM: Descent Rate [m/s]
# name 12 = prdM: Pressure, Strain Gauge [db]
# name 13 = prdE: Pressure, Strain Gauge [psi]
# name 14 = scan: Scan Count
# name 15 = par/sat/log: PAR/Logarithmic, Satlantic
# name 16 = flag:  0.000e+00
# span 0 =     -0.580,      9.576       
# span 1 =    11.7876,    26.5118       
# span 2 =     0.1348,     8.7778       
# span 3 =      1.307,    109.007       
# span 4 =  -0.074889,  67.646058       
# span 5 =      0.315,     91.883       
# span 6 =      1.452,      7.838       
# span 7 = -1240.7455,   437.6557       
# span 8 =    -1.8600,     5.8148       
# span 9 =    -1.9834,    23.4089       
# span 10 =     0.0118,     0.0443      
# span 11 =     -0.165,      0.233      
# span 12 =     -0.569,      9.390      
# span 13 =     -0.825,     13.619      
# span 14 =          1,        721      
# span 15 = 1.2285e-01, 1.8853e+03      
# span 16 = 0.0000e+00, 0.0000e+00      
# interval = seconds: 0.25
# start_time = Aug 10 2018 14:30:05 [Instrument's time stamp, header]
# bad_flag = -9.990e-29
*END*
[from data line 681]
      9.565    11.8585     0.8278      7.660  49.676009     67.578      6.083   287.6275     0.9745    22.9389     0.0334      0.003      9.380     13.605        682 1.2570e-01 0.0000e+00
      9.566    11.8632     0.8354      7.730  47.587389     64.352      6.082   287.7032     0.9786    22.9120     0.0320      0.003      9.380     13.605        683 1.2565e-01 0.0000e+00
      9.565    11.8651     0.8468      7.836  46.117902     62.718      6.080   289.0282     1.1161    23.1135     0.0312      0.002      9.380     13.605        684 1.2559e-01 0.0000e+00
      9.565    11.8634     0.8512      7.876  45.421101     61.420      6.081   288.7632     1.1120    23.0866     0.0307      0.001      9.380     13.605        685 1.2576e-01 0.0000e+00
      9.566    11.8628     0.8557      7.918  45.249686     61.530      6.083   285.6210     1.1080    23.0732     0.0307      0.001      9.381     13.606        686 1.2567e-01 0.0000e+00
      9.567    11.8624     0.8638      7.994  44.966233     60.851      6.082   285.9617     1.1242    23.0195     0.0304      0.001      9.382     13.608        687 1.2555e-01 0.0000e+00
      9.569    11.8605     0.8607      7.965  44.913335     61.003      6.083   285.7724     1.0352    22.8449     0.0305      0.001      9.384     13.610        688 1.2556e-01 0.0000e+00
      9.569    11.8606     0.8630      7.984  44.069277     59.790      6.082   287.4003     1.0473    22.8852     0.0299      0.002      9.384     13.610        689 1.2566e-01 0.0000e+00
      9.569    11.8649     0.8679      8.029  42.812137     57.973      6.084   287.3624     1.0635    22.8852     0.0291      0.002      9.385     13.611        690 1.2566e-01 0.0000e+00
      9.571    11.8705     0.8604      7.959  42.887633     58.239      6.081   285.7724     1.0271    22.9523     0.0293      0.003      9.386     13.613        691 1.2556e-01 0.0000e+00
      9.571    11.8725     0.8695      8.043  43.055524     58.345      6.082   285.6589     1.1323    22.8852     0.0293      0.003      9.386     13.613        692 1.2558e-01 0.0000e+00
      9.571    11.8708     0.8671      8.022  43.315276     58.754      6.085   285.6210     1.1080    22.7912     0.0295      0.003      9.386     13.613        693 1.2573e-01 0.0000e+00
      9.571    11.8676     0.8704      8.053  43.365466     58.826      6.083   285.8482     1.0999    22.8583     0.0295      0.003      9.386     13.613        694 1.2575e-01 0.0000e+00
      9.572    11.8662     0.8715      8.062  42.993063     58.260      6.084   286.7189     1.1403    22.9255     0.0293      0.002      9.387     13.614        695 1.2565e-01 0.0000e+00
      9.573    11.8696     0.8750      8.094  42.740275     58.000      6.081   286.4160     1.1686    22.9389     0.0292      0.002      9.388     13.616        696 1.2567e-01 0.0000e+00
      9.574    11.8731     0.8747      8.090  42.344921     57.396      6.083   285.6589     1.1767    22.9389     0.0289      0.002      9.389     13.617        697 1.2563e-01 0.0000e+00
      9.574    11.8716     0.8741      8.085  41.942277     56.897      6.085   285.9617     1.1606    22.8986     0.0287      0.002      9.389     13.617        698 1.2561e-01 0.0000e+00
      9.574    11.8654     0.8758      8.101  41.995263     56.892      6.084   285.3939     1.1848    22.9658     0.0287      0.002      9.389     13.617        699 1.2564e-01 0.0000e+00
      9.574    11.8604     0.8723      8.069  42.278980     57.387      6.082   285.5832     1.1727    22.8315     0.0289      0.002      9.389     13.617        700 1.2563e-01 0.0000e+00
      9.574    11.8581     0.8773      8.116  41.974891     56.904      6.083   287.8167     1.2293    22.9792     0.0287      0.002      9.389     13.617        701 1.2564e-01 0.0000e+00
      9.574    11.8586     0.8746      8.092  41.809997     56.684      6.083   287.1353     1.2374    22.9523     0.0286      0.001      9.389     13.617        702 1.2558e-01 0.0000e+00
      9.574    11.8646     0.8754      8.099  41.801816     56.763      6.085   286.4917     1.2455    22.8718     0.0286      0.001      9.389     13.618        703 1.2562e-01 0.0000e+00
      9.574    11.8668     0.8725      8.072  41.362048     56.042      6.085   285.5832     1.2495    22.8583     0.0283      0.000      9.389     13.618        704 1.2561e-01 0.0000e+00
      9.575    11.8608     0.8702      8.050  41.407907     56.184      6.085   285.7724     1.2455    23.1403     0.0284      0.000      9.389     13.618        705 1.2550e-01 0.0000e+00
      9.574    11.8542     0.8677      8.027  41.537065     56.332      6.082   288.4603     1.2374    23.0597     0.0284      0.000      9.389     13.618        706 1.2557e-01 0.0000e+00
      9.575    11.8520     0.8655      8.007  41.943008     56.835      6.084   288.7253     1.2536    23.0463     0.0286      0.000      9.389     13.618        707 1.2560e-01 0.0000e+00
      9.574    11.8519     0.8677      8.027  43.187217     58.628      6.086   288.6117     1.2576    23.0329     0.0294      0.000      9.389     13.618        708 1.2557e-01 0.0000e+00
      9.575    11.8508     0.8704      8.052  43.163269     58.632      6.084   287.5517     1.3142    23.1269     0.0294      0.000      9.389     13.618        709 1.2559e-01 0.0000e+00
      9.575    11.8525 -9.990e-29 -9.990e-29  42.477179     57.493      6.086   287.4760     1.2980    23.1806     0.0289      0.000      9.389     13.618        710 1.2555e-01 0.0000e+00
      9.575    11.8589 -9.990e-29 -9.990e-29  42.379543     57.647      6.086   289.4446     1.2819    23.0866     0.0290      0.000      9.390     13.619        711 1.2542e-01 0.0000e+00
      9.575    11.8642 -9.990e-29 -9.990e-29  41.741982     56.507      6.084   289.8232     1.3142    23.0866     0.0285      0.000      9.390     13.619        712 1.2549e-01 0.0000e+00
      9.575    11.8627 -9.990e-29 -9.990e-29  41.312498     56.117      6.085   289.8232     1.2374    22.8046     0.0283      0.000      9.390     13.619        713 1.2573e-01 0.0000e+00
      9.575    11.8593 -9.990e-29 -9.990e-29  41.222945     55.843      6.087   289.5203     1.2212    22.8852     0.0282      0.000      9.390     13.619        714 1.2567e-01 0.0000e+00
      9.575    11.8589 -9.990e-29 -9.990e-29  41.289743     56.036      6.086   289.6717     1.2374    22.9120     0.0283      0.000      9.390     13.619        715 1.2567e-01 0.0000e+00
      9.576    11.8591 -9.990e-29 -9.990e-29  41.318370     56.041      6.086   288.4603     1.2091    22.9389     0.0283      0.000      9.390     13.619        716 1.2572e-01 0.0000e+00
      9.575    11.8600 -9.990e-29 -9.990e-29  41.009316     55.624      6.086   289.8232     1.1929    22.6301     0.0281      0.000      9.390     13.619        717 1.2569e-01 0.0000e+00
      9.575    11.8596 -9.990e-29 -9.990e-29  40.843676     55.397      6.086   289.5960     1.1646    22.5763     0.0280      0.000      9.390     13.619        718 1.2560e-01 0.0000e+00
      9.575    11.8581 -9.990e-29 -9.990e-29  40.693832     55.205      6.085   289.6717     1.1848    22.6972     0.0279      0.000      9.390     13.619        719 1.2549e-01 0.0000e+00
      9.575 -9.990e-29 -9.990e-29 -9.990e-29  40.661792     55.130      6.084   289.7096     1.1686    22.6166     0.0279      0.000      9.390     13.619        720 1.2559e-01 0.0000e+00
      9.576 -9.990e-29 -9.990e-29 -9.990e-29  40.735215     55.285      6.085   289.8989     1.1565    22.6301     0.0280      0.000      9.390     13.619        721 1.2566e-01 0.0000e+00
