Data/DataNotYetUploadedToEDI/Raw_CTD/RawDownloads/081018_fcr50(1).cnv
* Sea-Bird SBE19plus  Data File:
* FileName = C:\DATA\081318_fcr_0001.hex
* Software version 2.6.3.104
* Temperature SN = 7809
* Conductivity SN = 7809
* System UpLoad Time = Aug 13 2018 19:24:54
* <ApplicationData>
* <Seaterm232>
# nquan = 17
# nvalues = 721                         
# units = specified
# name 0 = depFM: Depth [fresh water, m]
# name 1 = tv290C: Temperature [ITS-90, deg C]
# name 2 = sbeox0Mg/L: Oxygen, SBE 43 [mg/l]
# name 3 = sbeox0PS: Oxygen, SBE 43 [% saturation]
# name 4 = c0uS/cm: Conductivity [uS/cm]
# name 5 = specc: Specific Conductance [uS/cm]
# name 6 = ph: pH
# name 7 = orp: Oxidation Reduction Potential [mV]
# name 8 = flECO-AFL: Fluorescence, WET Labs ECO-AFL/FL [mg/m^3]
# name 9 = turbWETntu0: Turbidity, WET Labs ECO [NTU]
# name 10 = sal00: Salinity, Practical [PSU]
# name 11 = dz/dtM: Descent Rate [m/s]
# name 12 = prdM: Pressure, Strain Gauge [db]
# name 13 = prdE: Pressure, Strain Gauge [psi]
# name 14 = scan: Scan Count
# name 15 = par/sat/log: PAR/Logarithmic, Satlantic
# name 16 = flag:  0.000e+00
# span 0 =     -0.580,      9.576       
# span 1 =    11.7876,    26.5118       
# span 2 =     0.1348,     8.7778       
# span 3 =      1.307,    109.007       
# span 4 =  -0.074889,  67.646058       
# span 5 =      0.315,     91.883       
# span 6 =      1.452,      7.838       
# span 7 = -1240.7455,   437.6557       
# span 8 =    -1.8600,     5.8148       
# span 9 =    -1.9834,    23.4089       
# span 10 =     0.0118,     0.0443      
# span 11 =     -0.165,      0.233      
# span 12 =     -0.569,      9.390      
# span 13 =     -0.825,     13.619      
# span 14 =          1,        721      
# span 15 = 1.2285e-01, 1.8853e+03      
# span 16 = 0.0000e+00, 0.0000e+00      
# interval = seconds: 0.25
# start_time = Aug 10 2018 14:30:05 [Instrument's time stamp, header]
# bad_flag = -9.990e-29
*END*
[from data line 171]
      0.636    26.4911     7.1390     88.799  36.948048     35.873      7.815   220.6958     4.5410     2.5419     0.0244      0.084      0.622      0.902        172 4.8587e+02 0.0000e+00
      0.656    26.4893     7.4384     92.537  36.951991     35.873      7.819   220.4308     4.5410     2.4881     0.0244      0.087      0.644      0.934        173 4.6109e+02 0.0000e+00
      0.677    26.4871     7.7805     96.803  36.900221     35.825      7.822   222.1723     4.5249     2.5016     0.0244      0.090      0.663      0.961        174 4.2830e+02 0.0000e+00
      0.693    26.4866     8.1231    101.049  36.953159     35.879      7.811   221.6044     4.5451     2.5150     0.0244      0.089      0.679      0.984        175 5.8159e+02 0.0000e+00
      0.705    26.4910     8.4099    104.554  36.915772     35.854      7.805   218.5001     4.5451     2.4344     0.0244      0.084      0.694      1.005        176 5.6059e+02 0.0000e+00
      0.722    26.4932     8.6366    107.324  36.857770     35.773      7.807   219.1437     4.6704     2.5419     0.0244      0.080      0.711      1.030        177 4.4540e+02 0.0000e+00
      0.745    26.4904     8.7545    108.755  36.877042     35.824      7.815   218.7273     4.6866     2.5284     0.0244      0.076      0.735      1.065        178 5.5404e+02 0.0000e+00
      0.783    26.4912     8.7778    109.007  36.921447     35.822      7.822   220.9987     4.6583     2.4881     0.0244      0.077      0.763      1.107        179 4.7083e+02 0.0000e+00
      0.804    26.4922     8.7121    108.157  37.039786     35.988      7.810   220.0901     4.6381     2.4881     0.0244      0.079      0.789      1.144        180 3.8479e+02 0.0000e+00
      0.827    26.4906     8.5874    106.574  36.996708     35.905      7.809   218.4623     4.8848     2.4479     0.0244      0.084      0.816      1.184        181 3.9429e+02 0.0000e+00
      0.868    26.4978     8.4549    104.905  36.886078     35.823      7.819   218.6894     4.9252     2.5419     0.0244      0.093      0.851      1.234        182 3.5706e+02 0.0000e+00
      0.908    26.5064     8.3309    103.345  36.851207     35.770      7.829   218.9923     4.9050     2.5687     0.0244      0.106      0.889      1.289        183 3.7083e+02 0.0000e+00
      0.945    26.5118     8.2317    102.098  36.832488     35.765      7.830   219.5223     4.9050     2.4881     0.0244      0.118      0.923      1.338        184 3.7588e+02 0.0000e+00
      0.969    26.5022     8.1525    101.091  36.790735     35.705      7.828   219.0680     4.9494     2.5687     0.0243      0.124      0.950      1.378        185 3.3613e+02 0.0000e+00
      0.993    26.4705     8.0996    100.415  36.784526     35.701      7.830   218.9165     4.9818     2.5553     0.0243      0.125      0.975      1.414        186 3.4103e+02 0.0000e+00
      1.021    26.4446     8.0739    100.082  36.810553     35.734      7.835   220.7715     4.9778     2.4881     0.0243      0.123      1.001      1.452        187 3.1301e+02 0.0000e+00
      1.048    26.4269     8.0736    100.064  36.847329     35.785      7.838   220.1658     4.9656     2.5419     0.0244      0.122      1.029      1.494        188 2.7995e+02 0.0000e+00
      1.083    26.4081     8.0822    100.158  36.887070     35.856      7.837   221.0744     5.0708     2.5016     0.0244      0.120      1.062      1.540        189 3.1480e+02 0.0000e+00
      1.117    26.3904     8.0921    100.264  36.850089     35.814      7.834   220.2415     5.0708     2.5553     0.0244      0.116      1.093      1.585        190 2.9414e+02 0.0000e+00
      1.141    26.3731     8.1041    100.295  36.893361     35.882      7.833   219.9765     5.1233     2.5419     0.0244      0.113      1.120      1.625        191 2.8707e+02 0.0000e+00
      1.170    26.3596     8.1191    100.082  36.862887     35.867      7.830   222.9673     5.0991     2.5284     0.0244      0.113      1.147      1.664        192 2.8219e+02 0.0000e+00
      1.199    26.3486     8.1064     99.626  36.799045     35.798      7.816   222.4373     5.1638     2.5956     0.0243      0.115      1.173      1.701        193 2.7386e+02 0.0000e+00
      1.217    26.3391     8.0526     98.784  36.824522     35.861      7.807   222.6265     5.1233     2.4479     0.0244      0.113      1.197      1.736        194 2.4452e+02 0.0000e+00
      1.247    26.3261     7.9556     97.395  36.742211     35.760      7.800   222.7401     5.1274     2.4747     0.0243      0.111      1.224      1.776        195 2.4092e+02 0.0000e+00
      1.282    26.3152     7.8283     95.630  36.664213     35.712      7.801   222.1723     5.1597     2.5284     0.0243      0.110      1.254      1.818        196 2.4561e+02 0.0000e+00
      1.304    26.3063     7.6794     93.377  36.743640     35.776      7.796   221.7558     5.1759     2.5687     0.0243      0.107      1.280      1.856        197 2.1989e+02 0.0000e+00
      1.330    26.3001     7.5348     91.225  36.732351     35.811      7.794   225.0494     5.2770     2.5150     0.0243      0.106      1.302      1.888        198 2.2540e+02 0.0000e+00
      1.347    26.2909     7.3821     89.133  36.618950     35.653      7.785   224.8980     5.2891     2.5284     0.0243      0.103      1.321      1.915        199 2.2590e+02 0.0000e+00
      1.361    26.2856     7.2122     86.931  36.706813     35.795      7.780   225.2766     5.2932     2.4613     0.0243      0.097      1.341      1.945        200 2.1760e+02 0.0000e+00
      1.396    26.2113     7.0418     84.784  36.682327     35.745      7.780   225.6173     5.2851     2.4479     0.0243      0.096      1.369      1.986        201 2.1193e+02 0.0000e+00
      1.431    26.0033     6.8770     82.747  36.590109     35.670      7.778   225.5416     5.3376     2.5419     0.0243      0.098      1.399      2.029        202 2.0098e+02 0.0000e+00
      1.452    25.8350     6.7187     80.782  36.554658     35.688      7.777   225.2387     5.3579     2.5553     0.0243      0.097      1.422      2.063        203 2.0219e+02 0.0000e+00
      1.468    25.7313     6.5963     79.218  36.370581     35.649      7.777   225.5037     5.3659     2.4479     0.0242      0.094      1.441      2.090        204 1.9367e+02 0.0000e+00
      1.490    25.6265     6.4914     77.868  36.374389     35.765      7.773   225.7687     5.3336     2.4344     0.0242      0.094      1.459      2.117        205 1.8704e+02 0.0000e+00
      1.506    25.4964     6.3965     76.655  36.342391     35.836      7.756   225.5794     5.3942     2.5150     0.0242      0.091      1.478      2.144        206 1.8453e+02 0.0000e+00
      1.527    25.2544     6.2938     75.344  36.084219     35.611      7.754   226.4880     5.4064     2.5284     0.0241      0.090      1.501      2.178        207 1.7439e+02 0.0000e+00
      1.562    25.0166     6.1699     73.730  35.983929     35.639      7.746   226.7908     5.3821     2.5419     0.0240      0.091      1.529      2.218        208 1.6995e+02 0.0000e+00
      1.586    24.8702     6.0565     72.254  35.933421     35.735      7.732   224.4437     5.4064     2.4210     0.0240      0.088      1.554      2.254        209 1.6598e+02 0.0000e+00
      1.606    24.7747     5.9332     70.668  35.880257     35.875      7.725   225.3901     5.5924     2.6224     0.0240      0.087      1.573      2.282        210 1.6080e+02 0.0000e+00
      1.623    24.7161     5.7904     68.874  35.901909     35.981      7.710   225.9958     5.6005     2.5687     0.0240      0.088      1.588      2.304        211 1.5926e+02 0.0000e+00
      1.630    24.6806     5.6393     66.997  35.936211     36.105      7.688   227.2451     5.5964     2.5419     0.0240      0.085      1.600      2.321        212 1.5661e+02 0.0000e+00
      1.643    24.6401     5.4745     64.971  35.896933     36.092      7.677   227.5480     5.5762     2.5016     0.0240      0.080      1.617      2.346        213 1.5110e+02 0.0000e+00
      1.676    24.5787     5.3076     62.915  35.891505     36.117      7.664   227.6994     5.8027     2.3270     0.0240      0.079      1.645      2.386        214 1.4742e+02 0.0000e+00
      1.712    24.5146     5.1658     61.154  35.913331     36.174      7.652   225.9958     5.7784     2.3673     0.0240      0.080      1.676      2.431        215 1.4105e+02 0.0000e+00
      1.740    24.4648     5.0419     59.614  35.899452     36.192      7.640   226.7530     5.7905     2.3673     0.0240      0.082      1.703      2.471        216 1.3779e+02 0.0000e+00
      1.759    24.4040     4.9078     57.948  35.879146     36.238      7.625   226.8287     5.7986     2.2733     0.0240      0.086      1.728      2.507        217 1.3453e+02 0.0000e+00
      1.791    24.3120     4.7866     56.426  35.849656     36.219      7.611   228.4566     5.7865     2.2464     0.0240      0.094      1.756      2.547        218 1.3062e+02 0.0000e+00
      1.822    24.2192     4.6682     54.950  35.876862     36.318      7.591   229.0623     5.8148     2.6224     0.0240      0.103      1.785      2.590        219 1.2740e+02 0.0000e+00
      1.848    24.1352     4.5098     53.029  35.874979     36.360      7.571   229.8951     5.7744     2.5016     0.0240      0.110      1.813      2.630        220 1.2377e+02 0.0000e+00
      1.877    24.0612     4.3664     51.321  35.822385     36.398      7.552   230.8037     5.7905     2.5150     0.0240      0.113      1.840      2.668        221 1.2055e+02 0.0000e+00
      1.901    23.9981     4.2378     49.797  35.794071     36.406      7.537   230.9551     5.7946     2.4881     0.0240      0.109      1.865      2.704        222 1.1772e+02 0.0000e+00
      1.926    23.9407     4.1355     48.577  35.821282     36.516      7.512   231.4851     5.6773     2.1927     0.0240      0.107      1.888      2.738        223 1.1467e+02 0.0000e+00
      1.947    23.8779     4.0618     47.663  35.788556     36.507      7.500   232.5073     5.6773     2.3002     0.0240      0.105      1.912      2.773        224 1.1169e+02 0.0000e+00
      1.978    23.8082     4.0190     47.105  35.834830     36.606      7.485   232.7344     5.6652     2.3136     0.0240      0.105      1.940      2.813        225 1.0805e+02 0.0000e+00
      2.009    23.7418     4.0099     46.941  35.793384     36.625      7.470   235.1952     5.6652     2.3673     0.0240      0.104      1.969      2.855        226 1.0475e+02 0.0000e+00
      2.034    23.6671     4.0276     47.086  35.662219     36.505      7.459   235.1952     5.4104     2.4613     0.0240      0.103      1.996      2.894        227 1.0235e+02 0.0000e+00
      2.062    23.5836     4.0598     47.410  35.701516     36.641      7.443   235.7252     5.3983     2.4210     0.0240      0.104      2.021      2.931        228 9.9614e+01 0.0000e+00
      2.088    23.5048     4.0861     47.692  35.655540     36.611      7.426   235.9144     5.4145     2.5016     0.0240      0.105      2.045      2.966        229 9.7700e+01 0.0000e+00
      2.106    23.4496     4.0986     47.794  35.571182     36.617      7.409   235.4223     5.4064     2.4479     0.0239      0.104      2.065      2.994        230 9.5976e+01 0.0000e+00
      2.124    23.4244     4.0984     47.733  35.598933     36.676      7.397   235.9144     5.1274     2.4210     0.0239      0.101      2.081      3.018        231 9.5011e+01 0.0000e+00
      2.135    23.4136     4.0839     47.509  35.621041     36.777      7.381   237.5423     5.1395     2.4747     0.0240      0.094      2.095      3.038        232 9.3884e+01 0.0000e+00
      2.149    23.3920     4.0605     47.203  35.603009     36.737      7.367   237.8830     5.1395     2.5150     0.0239      0.084      2.110      3.059        233 9.2107e+01 0.0000e+00
      2.170    23.3400     4.0218     46.704  35.621387     36.804      7.354   238.6402     5.1597     2.5419     0.0240      0.076      2.127      3.084        234 9.0642e+01 0.0000e+00
      2.186    23.2760     3.9825     46.165  35.598179     36.760      7.336   237.7694     5.1031     2.5553     0.0239      0.071      2.144      3.109        235 8.9762e+01 0.0000e+00
      2.202    23.2120     3.9244     45.412  35.572588     36.802      7.322   238.7537     5.0708     2.5150     0.0239      0.066      2.160      3.133        236 8.9316e+01 0.0000e+00
      2.220    23.1410     3.8410     44.382  35.593942     36.850      7.311   238.1102     5.0748     2.5150     0.0239      0.064      2.176      3.157        237 8.8044e+01 0.0000e+00
      2.236    23.0861     3.7394     43.169  35.630953     36.957      7.293   239.1702     5.0788     2.4747     0.0240      0.064      2.191      3.179        238 8.7217e+01 0.0000e+00
      2.248    23.0545     3.6199     41.748  35.585878     36.953      7.276   239.5487     5.0708     2.4479     0.0240      0.064      2.203      3.196        239 8.7170e+01 0.0000e+00
      2.255    23.0088     3.4986     40.273  35.531436     36.939      7.260   239.5866     5.1072     2.6359     0.0239      0.062      2.214      3.212        240 8.6112e+01 0.0000e+00
      2.273    22.9422     3.3868     38.926  35.520783     36.961      7.251   240.5330     5.0748     2.4747     0.0239      0.060      2.229      3.233        241 8.4955e+01 0.0000e+00
      2.290    22.8830     3.2902     37.764  35.539840     36.997      7.236   240.0030     5.0869     2.4747     0.0239      0.057      2.244      3.255        242 8.4241e+01 0.0000e+00
      2.302    22.8444     3.1979     36.661  35.507744     37.048      7.225   240.0409     5.1031     2.5553     0.0239      0.056      2.258      3.275        243 8.3289e+01 0.0000e+00
      2.315    22.7883     3.1231     35.758  35.382809     36.920      7.214   240.0787     5.1557     2.5016     0.0239      0.054      2.272      3.295        244 8.1878e+01 0.0000e+00
      2.332    22.6951     3.0649     35.034  35.339454     36.949      7.204   240.5330     5.1314     2.5284     0.0239      0.054      2.289      3.320        245 7.9331e+01 0.0000e+00
      2.356    22.6033     3.0060     34.253  35.265146     36.874      7.190   240.9873     5.1314     2.5150     0.0238      0.058      2.309      3.348        246 7.8214e+01 0.0000e+00
      2.372    22.5277     2.9337     33.309  35.238053     36.948      7.178   240.8737     5.1193     2.5016     0.0238      0.062      2.325      3.371        247 7.7799e+01 0.0000e+00
      2.382    22.4810     2.8421     32.181  35.254581     37.019      7.164   240.9873     5.0384     2.5553     0.0238      0.063      2.336      3.388        248 7.7789e+01 0.0000e+00
      2.391    22.4246     2.7239     30.795  35.185306     37.019      7.150   241.4416     5.0465     2.5284     0.0238      0.061      2.349      3.407        249 7.6562e+01 0.0000e+00
      2.415    22.3312     2.5730     29.044  35.176014     37.026      7.142   242.5016     5.0141     2.5150     0.0238      0.062      2.367      3.432        250 7.4553e+01 0.0000e+00
      2.433    22.2470     2.4052     27.074  35.147543     37.068      7.119   242.4259     5.0303     2.4344     0.0238      0.063      2.383      3.457        251 7.4318e+01 0.0000e+00
      2.441    22.1790     2.2324     25.096  35.131796     37.086      7.105   243.0316     4.9778     2.5150     0.0238      0.062      2.397      3.477        252 7.2641e+01 0.0000e+00
      2.460    22.1145     2.0539     23.086  35.225307     37.297      7.095   243.2966     4.9656     2.6224     0.0238      0.060      2.414      3.501        253 7.0765e+01 0.0000e+00
      2.482    22.0509     1.8699     20.999  35.179498     37.264      7.085   244.0159     4.9697     2.5553     0.0238      0.060      2.434      3.531        254 6.9087e+01 0.0000e+00
      2.505    21.9610     1.7238     19.317  35.188841     37.342      7.076   244.5838     4.9697     2.5150     0.0238      0.065      2.458      3.565        255 6.7217e+01 0.0000e+00
