Data/DataNotYetUploadedToEDI/Raw_CTD/RawDownloads/081018_fcr50(3).cnv
* Sea-Bird SBE19plus  Data File:
* FileName = C:\DATA\081318_fcr_0003.hex
* Software version 2.6.3.104
* Temperature SN = 7809
* Conductivity SN = 7809
* System UpLoad Time = Aug 13 2018 19:25:44
* <ApplicationData>
* <Seaterm232>
# nquan = 17
# nvalues = 796                         
# units = specified
# name 0 = depFM: Depth [fresh water, m]
# name 1 = tv290C: Temperature [ITS-90, deg C]
# name 2 = sbeox0Mg/L: Oxygen, SBE 43 [mg/l]
# name 3 = sbeox0PS: Oxygen, SBE 43 [% saturation]
# name 4 = c0uS/cm: Conductivity [uS/cm]
# name 5 = specc: Specific Conductance [uS/cm]
# name 6 = ph: pH
# name 7 = orp: Oxidation Reduction Potential [mV]
# name 8 = flECO-AFL: Fluorescence, WET Labs ECO-AFL/FL [mg/m^3]
# name 9 = turbWETntu0: Turbidity, WET Labs ECO [NTU]
# name 10 = sal00: Salinity, Practical [PSU]
# name 11 = dz/dtM: Descent Rate [m/s]
# name 12 = prdM: Pressure, Strain Gauge [db]
# name 13 = prdE: Pressure, Strain Gauge [psi]
# name 14 = scan: Scan Count
# name 15 = par/sat/log: PAR/Logarithmic, Satlantic
# name 16 = flag:  0.000e+00
# span 0 =     -0.576,      9.573       
# span 1 =    11.7955,    28.7033       
# span 2 =     0.1419,     9.8136       
# span 3 =      1.437,    124.792       
# span 4 =   0.838023,  40.686447       
# span 5 =      0.737,     55.166       
# span 6 =      6.071,      8.365       
# span 7 = -1240.7455,   518.5567       
# span 8 =    -0.2224,     7.6829       
# span 9 =    -6.2937,    74.8513       
# span 10 =     0.0130,     0.0279      
# span 11 =     -0.195,      0.177      
# span 12 =     -0.565,      9.387      
# span 13 =     -0.819,     13.615      
# span 14 =          1,        796      
# span 15 = 1.2216e-01, 3.2394e+03      
# span 16 = 0.0000e+00, 0.0000e+00      
# interval = seconds: 0.25
# start_time = Aug 10 2018 18:34:03 [Instrument's time stamp, header]
# bad_flag = -9.990e-29
*END*
[from data line 426]
      4.080    14.4145     0.6056      5.802  39.573804     50.535      6.478   313.5975     1.8965     1.9107     0.0268     -0.011      4.005      5.808        427 2.0765e+01 0.0000e+00
      4.096    14.2907     0.7109      6.805  39.392455     50.025      6.475   313.7111     2.2038     1.8570     0.0267     -0.019      4.018      5.828        428 2.0396e+01 0.0000e+00
      4.117    14.1139     0.8166      7.804  39.214698     49.741      6.474   313.7111     2.1998     1.9376     0.0266     -0.013      4.037      5.855        429 1.9988e+01 0.0000e+00
      4.136    13.9609     0.9132      8.708  39.172043     49.835      6.465   313.8625     2.2443     1.9107     0.0266      0.002      4.056      5.882        430 1.9741e+01 0.0000e+00
      4.153    13.8377     0.9808      9.331  39.089621     49.984      6.459   314.1654     2.1998     1.9107     0.0266      0.020      4.075      5.909        431 1.9349e+01 0.0000e+00
      4.176    13.7077     1.0331      9.811  38.961391     49.972      6.454   313.6354     2.1998     1.8705     0.0265      0.042      4.095      5.939        432 1.8942e+01 0.0000e+00
      4.195    13.5895     1.0748     10.193  38.975738     50.194      6.449   314.2790     1.9288     2.0047     0.0265      0.060      4.114      5.966        433 1.8676e+01 0.0000e+00
      4.212    13.5118     1.1009     10.437  39.012509     50.371      6.445   314.5818     1.9572     2.1524     0.0266      0.071      4.131      5.991        434 1.8369e+01 0.0000e+00
      4.230    13.4569     1.1210     10.625  38.975023     50.519      6.439   314.8468     1.9572     2.1927     0.0266      0.075      4.148      6.016        435 1.8206e+01 0.0000e+00
      4.247    13.4257     1.1438     10.829  39.022448     50.627      6.432   315.4904     1.9491     2.0584     0.0266      0.074      4.165      6.042        436 1.7843e+01 0.0000e+00
      4.269    13.4158     1.1530     10.905  39.161183     50.947      6.425   313.3704     1.8156     2.5016     0.0267      0.074      4.185      6.070        437 1.7495e+01 0.0000e+00
      4.286    13.3772     1.1544     10.909  39.188031     50.959      6.424   313.9382     1.7995     2.4747     0.0267      0.073      4.203      6.096        438 1.7394e+01 0.0000e+00
      4.302    13.3045     1.1653     11.003  39.256029     51.109      6.420   313.5218     1.8278     2.4747     0.0268      0.072      4.221      6.122        439 1.7137e+01 0.0000e+00
      4.326    13.2056     1.1625     10.969  39.284222     51.167      6.416   314.6575     1.8237     2.4881     0.0268      0.072      4.241      6.151        440 1.6776e+01 0.0000e+00
      4.346    13.1009     1.1650     10.986  39.271625     51.260      6.410   314.9982     1.8682     2.4076     0.0268      0.074      4.261      6.180        441 1.6537e+01 0.0000e+00
      4.364    13.0202     1.1611     10.941  39.420067     51.578      6.403   314.2032     1.8642     2.4076     0.0269      0.075      4.281      6.209        442 1.6215e+01 0.0000e+00
      4.388    12.9636     1.1640     10.962  39.692832     52.087      6.401   313.7111     1.9046     2.5284     0.0271      0.077      4.301      6.239        443 1.5964e+01 0.0000e+00
      4.405    12.9446     1.1611     10.929  39.733174     52.270      6.396   314.2790     1.8965     2.5419     0.0271      0.078      4.319      6.265        444 1.5778e+01 0.0000e+00
      4.422    12.9299     1.1686     10.994  39.607224     52.129      6.394   315.2632     1.4355     3.5221     0.0270      0.077      4.337      6.290        445 1.5507e+01 0.0000e+00
      4.441    12.8876     1.1628     10.934  39.790274     52.448      6.392   314.9982     1.4598     3.5221     0.0272      0.077      4.355      6.315        446 1.5327e+01 0.0000e+00
      4.457    12.8392     1.1630     10.932  39.950360     52.651      6.388   314.9982     1.4477     3.6027     0.0272      0.076      4.371      6.339        447 1.5129e+01 0.0000e+00
      4.473    12.8000     1.1468     10.779  39.852989     52.601      6.385   315.7554     1.4638     3.5490     0.0272      0.073      4.384      6.359        448 1.4966e+01 0.0000e+00
      4.481    12.7679     1.1334     10.657  39.763147     52.520      6.382   316.2475     1.5366     6.5300     0.0272      0.068      4.395      6.375        449 1.4817e+01 0.0000e+00
      4.492    12.7380     1.1101     10.438  39.676544     52.502      6.380   316.5504     1.5002     6.4225     0.0271      0.063      4.406      6.390        450 1.4702e+01 0.0000e+00
      4.504    12.7067     1.0931     10.277  39.545477     52.323      6.377   316.2854     1.5002     6.4897     0.0270      0.057      4.417      6.407        451 1.4560e+01 0.0000e+00
      4.518    12.6754     1.0742     10.099  39.510969     52.365      6.377   316.4747     1.5164     6.5165     0.0270      0.054      4.431      6.427        452 1.4347e+01 0.0000e+00
      4.534    12.6495     1.0504      9.869  39.422858     52.260      6.376   317.3454     1.3830     9.4841     0.0270      0.052      4.448      6.451        453 1.4109e+01 0.0000e+00
      4.555    12.6272     1.0264      9.641  39.269507     52.119      6.375   317.2697     1.3627     9.4841     0.0269      0.052      4.467      6.479        454 1.3814e+01 0.0000e+00
      4.576    12.6031     1.0057      9.445  39.167869     52.005      6.371   317.2697     1.3749     9.4841     0.0269      0.056      4.486      6.506        455 1.3614e+01 0.0000e+00
      4.591    12.5823     0.9782      9.182  39.104394     51.962      6.366   317.3454     1.3749     9.4170     0.0268      0.060      4.502      6.529        456 1.3426e+01 0.0000e+00
      4.604    12.5667     0.9550      8.959  39.111200     51.995      6.363   317.9890     1.3870     9.4975     0.0268      0.063      4.514      6.546        457 1.3280e+01 0.0000e+00
      4.612    12.5643     0.9286      8.704  39.189076     52.136      6.361   318.6704     1.3910     8.6650     0.0269      0.063      4.523      6.560        458 1.3203e+01 0.0000e+00
      4.621    12.5769     0.9069      8.494  39.274468     52.269      6.358   318.3297     1.3749     8.5307     0.0269      0.060      4.533      6.574        459 1.3056e+01 0.0000e+00
      4.634    12.5783     0.8902      8.333  39.331248     52.348      6.354   318.3675     1.3870     8.5710     0.0270      0.057      4.545      6.591        460 1.2890e+01 0.0000e+00
      4.647    12.5755     0.8926      8.352  39.385395     52.403      6.352   318.2918     1.3830     8.5441     0.0270      0.052      4.556      6.608        461 1.2763e+01 0.0000e+00
      4.655    12.5688     0.9024      8.438  39.385064     52.401      6.352   318.5568     1.3021     9.9138     0.0270      0.047      4.566      6.623        462 1.2610e+01 0.0000e+00
      4.666    12.5447     0.9075      8.483  39.390986     52.407      6.349   318.7083     1.3304     9.9406     0.0270      0.043      4.577      6.638        463 1.2467e+01 0.0000e+00
      4.680    12.5334     0.9431      8.813  39.467021     52.524      6.348   318.7461     1.3142     9.8601     0.0270      0.043      4.589      6.656        464 1.2370e+01 0.0000e+00
      4.691    12.5239     0.9850      9.204  39.468434     52.562      6.349   318.8975     1.3102     9.8735     0.0271      0.043      4.601      6.673        465 1.2159e+01 0.0000e+00
      4.705    12.5030     1.0388      9.706  39.389238     52.464      6.346   318.5568     1.4719    10.7598     0.0270      0.045      4.615      6.693        466 1.1960e+01 0.0000e+00
      4.721    12.4767     1.0976     10.255  39.387599     52.477      6.345   318.3297     1.4436    10.7329     0.0270      0.047      4.631      6.717        467 1.1716e+01 0.0000e+00
      4.741    12.4390     1.1591     10.829  39.381486     52.508      6.342   318.6704     1.4396    10.7598     0.0270      0.050      4.650      6.745        468 1.1422e+01 0.0000e+00
      4.764    12.4062     1.2147     11.346  39.248535     52.356      6.339   319.7304     1.4638    10.7329     0.0269      0.056      4.669      6.773        469 1.1240e+01 0.0000e+00
      4.780    12.3817     1.2550     11.718  39.167433     52.299      6.334   319.9575     1.3466    11.2834     0.0269      0.061      4.686      6.797        470 1.1092e+01 0.0000e+00
      4.793    12.3590     1.2733     11.884  39.037469     52.194      6.330   319.9954     1.3627    11.3372     0.0268      0.065      4.701      6.818        471 1.0931e+01 0.0000e+00
      4.808    12.3368     1.2833     11.968  38.935664     52.042      6.329   319.9575     1.3708    11.3909     0.0268      0.066      4.716      6.840        472 1.0741e+01 0.0000e+00
      4.825    12.3188     1.2679     11.813  38.967838     52.185      6.325   319.6168     1.3506    11.3103     0.0268      0.067      4.732      6.864        473 1.0507e+01 0.0000e+00
      4.843    12.3089     1.2369     11.515  38.908451     52.067      6.325   321.8125     1.3102    13.6333     0.0268      0.067      4.750      6.889        474 1.0292e+01 0.0000e+00
      4.862    12.3026     1.2090     11.243  38.890927     52.129      6.322   322.1533     1.2819    13.7005     0.0268      0.067      4.769      6.917        475 1.0012e+01 0.0000e+00
      4.883    12.2980     1.1703     10.871  39.019319     52.256      6.321   322.3804     1.3183    13.6870     0.0268      0.067      4.790      6.947        476 9.6327e+00 0.0000e+00
      4.909    12.2966     1.1443     10.623  39.460615     52.901      6.317   322.6454     1.2980    13.6870     0.0271      0.070      4.811      6.977        477 9.3535e+00 0.0000e+00
      4.924    12.2948     1.1293     10.478  39.854633     53.433      6.312   321.8883     1.3223    13.6870     0.0273      0.073      4.826      7.001        478 9.2486e+00 0.0000e+00
      4.932    12.2854     1.1345     10.524  39.952882     53.547      6.309   322.0775     0.9705    14.9090     0.0274      0.073      4.838      7.018        479 9.1004e+00 0.0000e+00
      4.947    12.2696     1.1373     10.549  40.020646     53.662      6.307   323.3647     0.9745    14.9090     0.0274      0.071      4.853      7.038        480 8.8061e+00 0.0000e+00
      4.966    12.2489     1.1562     10.723  40.066958     53.713      6.305   324.0083     0.9948    14.8418     0.0275      0.069      4.871      7.064        481 8.4763e+00 0.0000e+00
      4.988    12.2157     1.1780     10.923  40.102910     53.811      6.304   323.8190     0.9826    15.0164     0.0275      0.068      4.891      7.094        482 8.0923e+00 0.0000e+00
      5.008    12.1768     1.1946     11.075  40.124241     53.840      6.301   324.3490     0.9624    15.1373     0.0275      0.068      4.909      7.120        483 7.9269e+00 0.0000e+00
      5.021    12.1374     1.2124     11.239  39.981095     53.738      6.298   324.2733     0.9786    15.1104     0.0274      0.066      4.924      7.142        484 7.7776e+00 0.0000e+00
      5.036    12.0871     1.2146     11.258  39.598769     53.232      6.293   321.6611     0.9907    15.1104     0.0272      0.065      4.939      7.163        485 7.4427e+00 0.0000e+00
      5.053    12.0433     1.2160     11.270  39.472783     53.136      6.291   322.7968     0.9584    15.1104     0.0271      0.067      4.953      7.184        486 7.2754e+00 0.0000e+00
      5.063    12.0161     1.2181     11.289  39.574269     53.360      6.289   322.7211     1.0473    15.2178     0.0272      0.066      4.965      7.201        487 7.1677e+00 0.0000e+00
      5.073    11.9926     1.2203     11.309  39.591156     53.424      6.284   324.2354     1.0352    15.1910     0.0272      0.063      4.976      7.217        488 6.9489e+00 0.0000e+00
      5.088    11.9799     1.2168     11.276  39.570449     53.462      6.285   324.3490     1.0312    15.0701     0.0272      0.058      4.989      7.235        489 6.7299e+00 0.0000e+00
      5.100    11.9771     1.2131     11.242  39.540726     53.421      6.283   319.8818     1.0473    15.0701     0.0272      0.054      5.001      7.254        490 6.6521e+00 0.0000e+00
      5.112    11.9712     1.2173     11.281  39.628158     53.590      6.283   320.7525     1.0554    15.7012     0.0273      0.051      5.015      7.274        491 6.4503e+00 0.0000e+00
      5.130    11.9626     1.2093     11.207  39.639638     53.594      6.281   320.4118     1.0878    15.6610     0.0273      0.051      5.031      7.296        492 6.0953e+00 0.0000e+00
      5.148    11.9560     1.2016     11.136  39.585774     53.527      6.278   322.0775     1.0595    15.5938     0.0272      0.052      5.048      7.321        493 5.8697e+00 0.0000e+00
      5.165    11.9519     1.1932     11.059  39.635865     53.615      6.277   322.4183     1.0352    15.6878     0.0273      0.055      5.066      7.347        494 5.6497e+00 0.0000e+00
      5.185    11.9468     1.1833     10.967  39.636635     53.625      6.273   320.9040     1.0312    16.5069     0.0273      0.060      5.085      7.375        495 5.4128e+00 0.0000e+00
      5.205    11.9415     1.1696     10.840  39.584820     53.555      6.274   320.7525     1.0271    16.6412     0.0272      0.064      5.103      7.401        496 5.2226e+00 0.0000e+00
      5.221    11.9384     1.1617     10.767  39.581691     53.562      6.268   321.0933     1.0473    16.6278     0.0272      0.067      5.119      7.425        497 5.0973e+00 0.0000e+00
      5.235    11.9370     1.1543     10.699  39.581201     53.570      6.266   321.3961     1.0554    16.4801     0.0272      0.069      5.136      7.449        498 4.8841e+00 0.0000e+00
      5.256    11.9361     1.1509     10.667  39.585432     53.575      6.267   321.8125     1.0473    16.4532     0.0272      0.070      5.154      7.476        499 4.6593e+00 0.0000e+00
      5.275    11.9365     1.1437     10.600  39.695088     53.728      6.263   321.8504     1.0029    16.7620     0.0273      0.071      5.172      7.502        500 4.5534e+00 0.0000e+00
      5.292    11.9384     1.1373     10.539  39.800717     53.881      6.259   325.4847     0.9907    16.6949     0.0274      0.071      5.188      7.525        501 4.3571e+00 0.0000e+00
      5.307    11.9399     1.1340     10.507  39.750628     53.804      6.260   323.3647     1.0109    16.7889     0.0273      0.070      5.202      7.545        502 4.2399e+00 0.0000e+00
      5.315    11.9406     1.1322     10.489  39.757423     53.802      6.258   323.2133     0.9988    16.7083     0.0273      0.066      5.214      7.562        503 4.1654e+00 0.0000e+00
      5.329    11.9418     1.1330     10.496  39.792260     53.875      6.255   322.5697     0.9786    17.3126     0.0274      0.063      5.227      7.582        504 3.9773e+00 0.0000e+00
      5.348    11.9431     1.1310     10.477  39.766603     53.799      6.257   322.4940     0.9665    17.3529     0.0273      0.061      5.243      7.605        505 3.8571e+00 0.0000e+00
      5.361    11.9422     1.1264     10.432  39.789354     53.872      6.253   328.1347     0.9948    17.2992     0.0274      0.060      5.258      7.627        506 3.7068e+00 0.0000e+00
      5.379    11.9411     1.1228     10.397  39.763947     53.795      6.253   327.3019     0.9948    17.3260     0.0273      0.058      5.273      7.648        507 3.5977e+00 0.0000e+00
      5.390    11.9420     1.1220     10.389  39.738890     53.796      6.249   327.1126     0.9826    17.7423     0.0273      0.057      5.285      7.666        508 3.5366e+00 0.0000e+00
      5.399    11.9437     1.1212     10.381  39.761206     53.798      6.247   325.5604     0.9867    17.8497     0.0273      0.055      5.298      7.684        509 3.3841e+00 0.0000e+00
      5.418    11.9422     1.1144     10.318  39.795505     53.872      6.244   325.7118     0.9503    17.8497     0.0274      0.056      5.315      7.709        510 3.2082e+00 0.0000e+00
