Data/DataNotYetUploadedToEDI/Raw_CTD/RawDownloads/081020_fcr50_0001.cnv
* Sea-Bird SBE19plus  Data File:
* FileName = C:\DATA\081020_fcr50_0001.hex
* Software version 2.8.0.119
* Temperature SN = 7809
* Conductivity SN = 7809
* System UpLoad Time = Aug 10 2020 11:35:32
* <ApplicationData>
* <Seaterm232>
# nquan = 16
# nvalues = 3500                        
# units = specified
# name 0 = depFM: Depth [fresh water, m]
# name 1 = dz/dtM: Descent Rate [m/s]
# name 2 = sbeox0ML/L: Oxygen, SBE 43 [ml/l]
# name 3 = sbeox0PS: Oxygen, SBE 43 [% saturation]
# name 4 = specc: Specific Conductance [uS/cm]
# name 5 = c0uS/cm: Conductivity [uS/cm]
# name 6 = flECO-AFL: Fluorescence, WET Labs ECO-AFL/FL [mg/m^3]
# name 7 = ph: pH
# name 8 = orp: Oxidation Reduction Potential [mV]
# name 9 = par/sat/log: PAR/Logarithmic, Satlantic
# name 10 = turbWETntu0: Turbidity, WET Labs ECO [NTU]
# name 11 = prdM: Pressure, Strain Gauge [db]
# name 12 = prdE: Pressure, Strain Gauge [psi]
# name 13 = tv290C: Temperature [ITS-90, deg C]
# name 14 = density00: Density [density, kg/m^3]
# name 15 = flag:  0.000e+00
# span 0 =     -0.615,      9.735       
# span 1 =     -4.066,      4.242       
# span 2 =     0.0374,     6.9124       
# span 3 =      0.523,    121.940       
# span 4 =      1.667,    476.210       
# span 5 =   1.920444, 350.938449       
# span 6 =    -3.2692,    16.6679       
# span 7 =      2.407,     13.737       
# span 8 = -1240.7455,   512.4068       
# span 9 = 1.2332e-01, 2.1623e+03       
# span 10 =    -3.8717,   957.8357      
# span 11 =     -0.603,      9.547      
# span 12 =     -0.875,     13.847      
# span 13 =    11.3343,    32.7053      
# span 14 =   994.8086,   999.7555      
# span 15 = 0.0000e+00, 0.0000e+00      
# interval = seconds: 0.25
# start_time = Aug 09 2020 22:11:15 [Instrument's time stamp, header]
# bad_flag = -9.990e-29
*END*
[from data line 3164]
      3.455     -0.060     0.6875      7.668     58.069  43.126142     1.6188     13.055   128.2423 7.9742e+00    10.3290      3.387      4.912    12.0160   999.5360 0.0000e+00
      3.440     -0.054     0.6620      7.343     58.263  43.335167     1.7877     13.053   127.3391 8.2242e+00    10.5819      3.373      4.892    12.0244   999.5350 0.0000e+00
      3.428     -0.049     0.6329      7.024     58.163  43.311953     2.1190     13.053   126.1711 8.5024e+00    11.1412      3.362      4.877    12.0366   999.5337 0.0000e+00
      3.415     -0.044     0.6026      6.729     57.832  43.099461     2.3153     13.052   125.5639 8.7547e+00    11.4953      3.348      4.856    12.0685   999.5302 0.0000e+00
      3.404     -0.042     0.5755      6.472     57.482  42.860907     2.3587     13.052   125.3319 8.9118e+00    11.5325      3.336      4.839    12.1306   999.5231 0.0000e+00
      3.397     -0.043     0.5515      6.249     57.514  42.903434     2.4818     13.052   124.6557 9.0370e+00    11.4883      3.333      4.833    12.1924   999.5159 0.0000e+00
      3.389     -0.046     0.5264      6.050     58.169  43.423206     2.6983     13.052   123.2386 9.2080e+00    11.4413      3.326      4.823    12.2354   999.5109 0.0000e+00
      3.378     -0.051     0.5026      5.821     58.858  44.003332     2.8296     13.050   121.7058 9.4235e+00    11.4448      3.314      4.806    12.2622   999.5075 0.0000e+00
      3.364     -0.056     0.4850      5.594     59.242  44.394680     2.8481     13.048   121.0078 9.6957e+00    11.4963      3.300      4.786    12.2813   999.5051 0.0000e+00
      3.347     -0.061     0.4660      5.461     59.683  44.853817     2.8178     13.046   120.7363 1.0036e+01    11.6517      3.284      4.763    12.2938   999.5034 0.0000e+00
      3.328     -0.064     0.4547      5.370     60.150  45.364682     2.7585     13.043   120.3160 1.0352e+01    11.8472      3.262      4.732    12.3089   999.5019 0.0000e+00
      3.309     -0.064     0.4366      5.275     60.222  45.619571     2.7229     13.040   119.4533 1.0567e+01    11.9037      3.242      4.704    12.3633   999.4957 0.0000e+00
      3.294     -0.060     0.4125      5.222     59.892  45.586783     2.7119     13.037   118.3069 1.0761e+01    11.8887      3.231      4.686    12.4618   999.4839 0.0000e+00
      3.279     -0.055     0.4059      5.182     59.497  45.476423     2.6533     13.035   117.7264 1.0986e+01    11.8032      3.217      4.665    12.5655   999.4715 0.0000e+00
      3.264     -0.051     0.4002      5.079     59.260  45.428243     2.5397     13.033   117.5969 1.1150e+01    11.6247      3.199      4.639    12.6895   999.4565 0.0000e+00
      3.252     -0.048     0.3877      4.908     59.185  45.448833     2.4629     13.031   117.3429 1.1223e+01    11.5157      3.187      4.623    12.8682   999.4344 0.0000e+00
      3.244     -0.046     0.3836      4.660     59.141  45.471508     2.4405     13.031   116.6341 1.1315e+01    11.4817      3.183      4.615    13.0632   999.4096 0.0000e+00
      3.234     -0.042     0.3829      4.329     59.028  45.448505     2.4209     13.030   115.6526 1.1512e+01    11.4880      3.174      4.603    13.2339   999.3875 0.0000e+00
      3.221     -0.038     0.3728      3.985     58.908  45.424731     2.2920     13.029   115.0254 1.1752e+01    11.5916      3.159      4.582    13.3455   999.3729 0.0000e+00
      3.208     -0.036     0.3604      3.672     58.843  45.438094     2.0653     13.027   114.7295 1.1911e+01    11.7396      3.143      4.560    13.3988   999.3657 0.0000e+00
      3.199     -0.035     0.3433      3.360     58.802  45.483160     1.9409     13.027   114.5707 1.1969e+01    11.8011      3.135      4.547    13.4335   999.3611 0.0000e+00
      3.194     -0.034     0.3157      3.071     58.722  45.525286     1.9227     13.027   114.4819 1.2033e+01    11.7517      3.133      4.544    13.4920   999.3533 0.0000e+00
      3.189     -0.034     0.2882      2.863     58.541  45.503125     1.9595     13.025   114.2581 1.2177e+01    11.6910      3.129      4.537    13.5583   999.3444 0.0000e+00
      3.180     -0.036     0.2680      2.734     58.264  45.405823     2.0516     13.023   113.8428 1.2344e+01    11.7192      3.119      4.523    13.6007   999.3387 0.0000e+00
      3.170     -0.039     0.2439      2.661     57.997  45.301294     2.1116     13.021   113.5043 1.2531e+01    11.7833      3.109      4.510    13.6608   999.3306 0.0000e+00
      3.160     -0.044     0.2196      2.616     57.837  45.255230     2.1317     13.020   113.5222 1.2791e+01    11.7800      3.099      4.495    13.7564   999.3176 0.0000e+00
      3.146     -0.047     0.2052      2.562     57.741  45.229894     2.2475     13.018   113.6290 1.3047e+01    11.6800      3.085      4.474    13.8610   999.3032 0.0000e+00
      3.133     -0.048     0.1959      2.494     57.645  45.185482     2.4629     13.018   113.5053 1.3244e+01    11.5348      3.071      4.455    13.9662   999.2886 0.0000e+00
      3.121     -0.048     0.1907      2.439     57.490  45.099215     2.5889     13.018   113.1448 1.3461e+01    11.4659      3.060      4.439    14.0597   999.2754 0.0000e+00
      3.108     -0.047     0.1886      2.383     57.318  45.012229     2.6175     13.017   112.6251 1.3692e+01    11.4994      3.048      4.420    14.1292   999.2655 0.0000e+00
      3.095     -0.045     0.1848      2.304     57.273  45.022638     2.7613     13.016   112.3838 1.3893e+01    11.6654      3.034      4.401    14.1703   999.2596 0.0000e+00
      3.085     -0.043     0.1782      2.196     57.265  45.034653     3.0204     13.016   112.5499 1.4114e+01    11.8940      3.025      4.388    14.1872   999.2572 0.0000e+00
      3.074     -0.042     0.1752      2.074     57.180  44.967058     3.1567     13.016   112.5691 1.4349e+01    11.9634      3.015      4.373    14.2139   999.2534 0.0000e+00
      3.064     -0.042     0.1715      1.983     57.084  44.903719     3.1797     13.016   112.1856 1.4539e+01    11.9548      3.003      4.355    14.2606   999.2466 0.0000e+00
      3.054     -0.042     0.1657      1.942     56.977  44.840244     3.2790     13.016   111.6992 1.4702e+01    12.0988      2.994      4.343    14.3144   999.2389 0.0000e+00
      3.044     -0.043     0.1581      1.936     56.862  44.770995     3.4419     13.015   111.7638 1.4922e+01    12.3312      2.986      4.331    14.3269   999.2371 0.0000e+00
      3.033     -0.044     0.1474      1.939     56.729  44.701325     3.5271     13.015   112.1064 1.5240e+01    12.4298      2.976      4.315    14.3068   999.2398 0.0000e+00
      3.020     -0.046     0.1406      1.944     56.488  44.569305     3.5368     13.015   111.8843 1.5597e+01    12.4333      2.962      4.296    14.3256   999.2371 0.0000e+00
      3.007     -0.047     0.1379      1.954     56.223  44.444551     3.5679     13.014   111.4875 1.5901e+01    12.5798      2.948      4.276    14.3507   999.2334 0.0000e+00
      2.997     -0.046     0.1386      1.959     55.950  44.335789     3.6272     13.013   111.2665 1.6228e+01    12.8271      2.939      4.263    14.3572   999.2323 0.0000e+00
      2.985     -0.043     0.1387      1.964     55.637  44.206688     3.6628     13.010   111.1907 1.6733e+01    12.9511      2.929      4.249    14.3885   999.2279 0.0000e+00
      2.971     -0.040     0.1386      1.962     55.423  44.153455     3.6744     13.006   111.4321 1.7164e+01    12.9461      2.910      4.221    14.4398   999.2203 0.0000e+00
      2.961     -0.036     0.1397      1.931     55.288  44.136696     3.6621     13.005   111.7761 1.7321e+01    12.8702      2.900      4.207    14.5129   999.2095 0.0000e+00
      2.956     -0.034     0.1393      1.874     55.210  44.131137     3.4955     13.004   111.7358 1.7525e+01    12.4455      2.901      4.208    14.6153   999.1946 0.0000e+00
      2.948     -0.033     0.1394      1.827     55.277  44.213277     3.2143     13.004   111.2033 1.7838e+01    11.7241      2.891      4.194    14.7229   999.1786 0.0000e+00
      2.939     -0.033     0.1398      1.790     55.397  44.304573     3.0753     13.005   110.6719 1.8035e+01    11.3245      2.881      4.178    14.8397   999.1612 0.0000e+00
      2.933     -0.035     0.1374      1.726     55.387  44.282698     3.0652     13.005   110.5587 1.8231e+01    11.2531      2.878      4.173    14.9257   999.1484 0.0000e+00
      2.925     -0.037     0.1316      1.675     55.179  44.139225     3.0057     13.005   110.9537 1.8566e+01    11.1693      2.870      4.163    14.9675   999.1420 0.0000e+00
      2.913     -0.038     0.1280      1.681     54.801  43.903069     2.8988     13.005   111.4899 1.8905e+01    11.1013      2.856      4.143    15.0049   999.1362 0.0000e+00
      2.900     -0.038     0.1279      1.681     54.350  43.649392     2.8511     13.004   111.7074 1.9155e+01    11.1172      2.843      4.124    14.9916   999.1382 0.0000e+00
      2.890     -0.038     0.1219      1.658     53.945  43.484559     2.8674     13.000   111.5188 1.9342e+01    11.1207      2.833      4.109    14.9539   999.1439 0.0000e+00
      2.882     -0.037     0.1150      1.636     53.556  43.370406     2.8960     12.996   111.1025 1.9498e+01    11.0752      2.826      4.098    14.9797   999.1399 0.0000e+00
      2.874     -0.036     0.1196      1.593     53.130  43.221657     2.9204     12.992   110.9753 1.9666e+01    11.0478      2.819      4.089    15.0429   999.1302 0.0000e+00
      2.865     -0.036     0.1194      1.558     52.738  43.082898     2.9230     12.989   111.2711 1.9840e+01    11.0297      2.808      4.075    15.1324   999.1165 0.0000e+00
      2.855     -0.036     0.1149      1.549     52.452  43.026025     2.9277     12.986   111.5817 1.9984e+01    11.0283      2.798      4.059    15.2853   999.0929 0.0000e+00
      2.846     -0.036     0.1161      1.524     52.267  43.042081     3.0160     12.982   111.5472 2.0153e+01    11.2031      2.791      4.048    15.4916   999.0607 0.0000e+00
      2.836     -0.037     0.1103      1.471     52.162  43.086795     3.1697     12.980   111.2843 2.0356e+01    11.5296      2.782      4.035    15.6821   999.0305 0.0000e+00
      2.827     -0.037     0.1064      1.415     52.116  43.122438     3.2414     12.978   111.4153 2.0546e+01    11.7138      2.772      4.020    15.8406   999.0049 0.0000e+00
      2.818     -0.038     0.1081      1.384     52.132  43.155727     3.2351     12.977   111.7543 2.0763e+01    11.7477      2.764      4.009    16.0127   998.9770 0.0000e+00
      2.808     -0.040     0.1055      1.372     52.167  43.171897     3.2736     12.978   111.6829 2.1063e+01    11.7687      2.755      3.996    16.1836   998.9490 0.0000e+00
      2.798     -0.044     0.1013      1.368     52.063  43.064010     3.3542     12.979   111.2397 2.1344e+01    11.7961      2.741      3.976    16.3180   998.9267 0.0000e+00
      2.788     -0.050     0.0957      1.357     51.817  42.866940     3.3992     12.979   110.6972 2.1577e+01    11.8043      2.733      3.965    16.3874   998.9151 0.0000e+00
      2.778     -0.056     0.0946      1.342     51.608  42.757066     3.3988     12.978   110.3731 2.2019e+01    11.7653      2.728      3.955    16.3973   998.9134 0.0000e+00
      2.762     -0.061     0.0935      1.337     51.482  42.751306     3.4059     12.976   110.2464 2.2694e+01    11.7017      2.709      3.930    16.3804   998.9162 0.0000e+00
      2.741     -0.065     0.0942      1.342     51.348  42.733939     3.6475     12.973   110.1974 2.3356e+01    11.2057      2.687      3.898    16.3441   998.9222 0.0000e+00
      2.721     -0.066     0.0933      1.343     51.189  42.674174     4.1080     12.972   110.2972 2.3916e+01    10.2662      2.668      3.869    16.3357   998.9234 0.0000e+00
      2.703     -0.066     0.0914      1.331     51.023  42.600104     4.3675     12.970   110.4208 2.4443e+01     9.7503      2.651      3.845    16.4061   998.9115 0.0000e+00
      2.688     -0.064     0.0913      1.323     50.868  42.536716     4.4865     12.969   110.4008 2.4987e+01     9.6372      2.635      3.822    16.5219   998.8919 0.0000e+00
      2.673     -0.061     0.0912      1.318     50.715  42.479158     5.6134     12.968   110.4000 2.5466e+01     9.0357      2.620      3.800    16.6186   998.8755 0.0000e+00
      2.660     -0.058     0.0925      1.325     50.535  42.412097     7.6922     12.966   110.5825 2.5900e+01     8.0383      2.608      3.783    16.6782   998.8653 0.0000e+00
      2.645     -0.054     0.0896      1.344     50.355  42.360786     8.8499     12.964   110.7149 2.6435e+01     7.5345      2.596      3.764    16.7418   998.8543 0.0000e+00
      2.629     -0.050     0.0902      1.357     50.156  42.303245     9.0440     12.962   110.4523 2.6976e+01     7.4767      2.577      3.737    16.8080   998.8428 0.0000e+00
      2.615     -0.047     0.0887      1.352     49.907  42.224336     9.9442     12.959   109.9882 2.7325e+01     7.1679      2.562      3.715    16.8701   998.8321 0.0000e+00
      2.606     -0.044     0.0894      1.323     49.660  42.168618    11.5989     12.957   109.7501 2.7556e+01     6.6168      2.555      3.705    16.9525   998.8178 0.0000e+00
      2.597     -0.041     0.0910      1.300     49.450  42.137586    12.5054     12.955   109.6386 2.7850e+01     6.3408      2.548      3.695    17.0570   998.7995 0.0000e+00
      2.586     -0.037     0.0916      1.287     49.250  42.103227    12.5595     12.952   109.5865 2.8149e+01     6.3372      2.535      3.677    17.1615   998.7812 0.0000e+00
      2.576     -0.035     0.0922      1.277     49.040  42.070745    12.2331     12.947   109.6362 2.8358e+01     6.4697      2.525      3.663    17.2838   998.7594 0.0000e+00
      2.568     -0.033     0.0879      1.280     48.860  42.062426    11.6007     12.943   109.6367 2.8586e+01     6.7413      2.519      3.654    17.4608   998.7278 0.0000e+00
      2.559     -0.030     0.0866      1.295     48.735  42.066325    11.2365     12.941   109.5068 2.8835e+01     6.9440      2.509      3.639    17.6114   998.7007 0.0000e+00
      2.551     -0.028     0.0859      1.309     48.650  42.054546    11.1777     12.941   109.2699 2.8940e+01     7.0323      2.499      3.625    17.7295   998.6792 0.0000e+00
      2.546     -0.028     0.0843      1.326     48.618  42.047051    10.9371     12.940   109.1813 2.8946e+01     7.0531      2.496      3.620    17.8888   998.6500 0.0000e+00
      2.542     -0.029     0.0842      1.350     48.609  42.039195    10.4918     12.940   109.2959 2.9076e+01     7.0241      2.495      3.618    18.0554   998.6193 0.0000e+00
      2.534     -0.029     0.0857      1.354     48.592  42.023027    10.2479     12.940   109.3655 2.9307e+01     6.9892      2.486      3.606    18.1732   998.5973 0.0000e+00
      2.524     -0.029     0.0865      1.345     48.613  42.041999    10.2195     12.940   109.3354 2.9475e+01     6.9749      2.475      3.590    18.2327   998.5859 0.0000e+00
      2.514     -0.030     0.0865      1.346     48.663  42.078162    10.2346     12.939   109.3614 2.9621e+01     6.9554      2.466      3.576    18.2456   998.5835 0.0000e+00
      2.506     -0.033     0.0900      1.346     48.685  42.079392    10.5536     12.939   109.2499 2.9748e+01     6.7872      2.456      3.562    18.2355   998.5854 0.0000e+00
      2.500     -0.038     0.0898      1.354     48.615  41.993371    11.1588     12.940   108.2448 2.9796e+01     6.4853      2.451      3.555    18.2342   998.5856 0.0000e+00
      2.494     -0.047     0.0877      1.378     48.410  41.799787    11.4961     12.940   107.0178 2.9875e+01     6.2923      2.447      3.550    18.2419   998.5842 0.0000e+00
      2.486     -0.058     0.0894      1.392     48.133  41.579607    11.4941     12.940   107.0621 3.0140e+01     6.2394      2.439      3.538    18.2330   998.5858 0.0000e+00
      2.471     -0.069     0.0885      1.384     47.891  41.425947    11.1352     12.940   107.9198 3.0747e+01     6.2576      2.427      3.522    18.2162   998.5888 0.0000e+00
