Data/DataNotYetUploadedToEDI/Raw_CTD/RawDownloads/081018_fcr50(2).cnv
* Sea-Bird SBE19plus  Data File:
* FileName = C:\DATA\081318_fcr_0002.hex
* Software version 2.6.3.104
* Temperature SN = 7809
* Conductivity SN = 7809
* System UpLoad Time = Aug 13 2018 19:25:18
* <ApplicationData>
* <Seaterm232>
# nquan = 17
# nvalues = 672                         
# units = specified
# name 0 = depFM: Depth [fresh water, m]
# name 1 = tv290C: Temperature [ITS-90, deg C]
# name 2 = sbeox0Mg/L: Oxygen, SBE 43 [mg/l]
# name 3 = sbeox0PS: Oxygen, SBE 43 [% saturation]
# name 4 = c0uS/cm: Conductivity [uS/cm]
# name 5 = specc: Specific Conductance [uS/cm]
# name 6 = ph: pH
# name 7 = orp: Oxidation Reduction Potential [mV]
# name 8 = flECO-AFL: Fluorescence, WET Labs ECO-AFL/FL [mg/m^3]
# name 9 = turbWETntu0: Turbidity, WET Labs ECO [NTU]
# name 10 = sal00: Salinity, Practical [PSU]
# name 11 = dz/dtM: Descent Rate [m/s]
# name 12 = prdM: Pressure, Strain Gauge [db]
# name 13 = prdE: Pressure, Strain Gauge [psi]
# name 14 = scan: Scan Count
# name 15 = par/sat/log: PAR/Logarithmic, Satlantic
# name 16 = flag:  0.000e+00
# span 0 =     -0.570,      9.590       
# span 1 =    11.7846,    27.3200       
# span 2 =     0.1565,     8.8749       
# span 3 =      1.523,    108.474       
# span 4 =   0.664778,  70.972669       
# span 5 =      0.493,     96.693       
# span 6 =      6.069,      8.065       
# span 7 = -1240.7455,   442.1986       
# span 8 =    -1.1605,     6.8864       
# span 9 =    -0.3452,   194.3197       
# span 10 =     0.0124,     0.0464      
# span 11 =     -0.168,      0.178      
# span 12 =     -0.558,      9.404      
# span 13 =     -0.810,     13.639      
# span 14 =          1,        672      
# span 15 = -1.431e+01, 2.2293e+03      
# span 16 = 0.0000e+00, 0.0000e+00      
# interval = seconds: 0.25
# start_time = Aug 10 2018 16:22:13 [Instrument's time stamp, header]
# bad_flag = -9.990e-29
*END*
     -0.569    26.7115     8.1555    101.820   0.867211      0.897      6.425 -1240.7455    -0.1253     0.0711     0.0124 -4.211e-16     -0.558     -0.809          1 3.7436e+02 0.0000e+00
     -0.570    26.7101     8.1575    101.844   0.968005      0.843      6.428 -1240.7455    -0.1900    -0.0363     0.0124     -0.000     -0.558     -0.810          2 4.0000e+02 0.0000e+00
     -0.569    26.7075     8.1565    101.828   1.017485      1.113      6.426 -1240.7455    -0.1981    -0.1437     0.0124     -0.000     -0.558     -0.810          3 4.1720e+02 0.0000e+00
     -0.569    26.7058     8.1573    101.837   0.835245      0.654      6.424 -1240.7455    -0.1738     0.0174     0.0124     -0.000     -0.558     -0.810          4 4.1749e+02 0.0000e+00
     -0.570    26.7078     8.1583    101.849   0.928341      1.059      6.423 -1240.7455    -0.1577     0.0174     0.0124     -0.000     -0.558     -0.810          5 3.9811e+02 0.0000e+00
     -0.569    26.7121     8.1588    101.856   0.664778      0.493      6.418 -1240.7455    -0.2021    -0.0229     0.0125     -0.000     -0.558     -0.810          6 3.8326e+02 0.0000e+00
     -0.569    26.7137     8.1556    101.811   0.807968      0.897      6.417 -1240.7455    -0.1860     0.0577     0.0124     -0.000     -0.558     -0.810          7 3.4238e+02 0.0000e+00
     -0.569    26.7118     8.1592    101.846   0.957384      0.843      6.419 -1240.7455    -0.1577     0.0577     0.0124     -0.000     -0.558     -0.809          8 3.5887e+02 0.0000e+00
     -0.569    26.7084     8.1615    101.865   0.863713      0.897      6.414 -1240.7455    -0.1455     0.0040     0.0124      0.000     -0.558     -0.809          9 2.8841e+02 0.0000e+00
     -0.569    26.7069     8.1633    101.877   0.835721      0.762      6.412 -1240.7455    -0.1941    -0.0363     0.0124      0.000     -0.558     -0.809         10 3.6520e+02 0.0000e+00
     -0.569    26.7075     8.1582    101.805   0.844188      0.843      6.417 -1240.7455    -0.2143    -0.0229     0.0124      0.000     -0.558     -0.809         11 2.2143e+02 0.0000e+00
     -0.569    26.7069     8.1620    101.845   0.882782      0.843      6.422 -1240.7455    -0.1698     0.0040     0.0124      0.000     -0.558     -0.809         12 4.3973e+02 0.0000e+00
     -0.569    26.7056     8.1624    101.841   0.876511      0.843      6.427 -1240.7455    -0.1819    -0.2512     0.0124      0.000     -0.558     -0.809         13 2.2020e+03 0.0000e+00
     -0.569    26.7044     8.1612    101.818   0.851993      0.843      6.423 -1240.7455    -0.2021    -0.2512     0.0124      0.000     -0.558     -0.809         14 2.2293e+03 0.0000e+00
     -0.569    26.7045     8.1649    101.859   0.824476      0.762      6.422 -1240.7455    -0.1941    -0.2109     0.0124      0.000     -0.558     -0.809         15 4.4711e+02 0.0000e+00
     -0.569    26.7046     8.1626    101.826   0.881150      0.897      6.425 -1240.7455    -0.1900    -0.2243     0.0124      0.000     -0.558     -0.809         16 1.5896e+02 0.0000e+00
     -0.569    26.7020     8.1579    101.796   0.781463      0.708      6.428 -1240.7455    -0.1819    -0.2914     0.0124     -0.000     -0.558     -0.809         17 1.0369e+02 0.0000e+00
     -0.569    26.6967     8.1391    101.825   0.889320      0.897      6.426 -1240.7455    -0.1900    -0.2512     0.0124      0.000     -0.558     -0.809         18 2.2393e+02 0.0000e+00
     -0.569    26.6911     8.1223    101.851   0.894954      0.843      6.423 -1240.7455    -0.1860    -0.2512     0.0124      0.000     -0.558     -0.809         19 -1.431e+01 0.0000e+00
     -0.568    26.6855     8.1077    101.822   0.863271      0.843      6.423 -1240.7455    -0.1698    -0.1974     0.0124      0.000     -0.557     -0.808         20 4.3597e+02 0.0000e+00
     -0.568    26.6814     8.0996    101.836   0.869537      0.844      6.422 -1240.7455    -0.1941    -0.1974     0.0124      0.000     -0.557     -0.808         21 1.2649e+03 0.0000e+00
     -0.568    26.6768     8.0913    101.823   0.798338      0.763      6.422 -1240.7455    -0.1536    -0.2243     0.0124      0.000     -0.557     -0.808         22 6.1033e+02 0.0000e+00
     -0.568    26.6732     8.0863    101.827   0.863059      0.844      6.420 -1240.7455    -0.1698    -0.2243     0.0124      0.000     -0.557     -0.808         23 1.0842e+03 0.0000e+00
     -0.568    26.6666     8.0844    101.863   0.788993      0.763      6.419 -1240.7455    -0.1860    -0.2377     0.0124      0.000     -0.557     -0.808         24 8.2458e+02 0.0000e+00
     -0.568    26.6670     8.0907    101.982   0.890512      0.844      6.418 -1240.7455    -0.1860    -0.2243     0.0124      0.001     -0.557     -0.808         25 9.6201e+02 0.0000e+00
     -0.568    26.6588     8.1094    102.235   0.825540      0.844      6.420 -1240.7455    -0.1941    -0.1706     0.0124      0.000     -0.557     -0.807         26 1.7823e+03 0.0000e+00
     -0.568    26.6852     8.1439    102.676   0.958668      0.844      6.417 -1240.7455    -0.1779    -0.1974     0.0124      0.000     -0.553     -0.801         27 5.2965e+02 0.0000e+00
     -0.556    26.8175     8.1695    103.012   0.724835      0.844      6.390 -1240.7455    -0.1738    -0.1572     0.0124      0.003     -0.535     -0.776         28 5.8223e+02 0.0000e+00
     -0.510    26.9499     8.1907    103.282   1.738286      1.411      7.056  -510.1763    -0.1658    -0.3452     0.0124      0.018     -0.501     -0.727         29 1.1389e+03 0.0000e+00
     -0.473    27.0309     8.2106    103.530  15.009054     14.197      7.281  -460.5833    -1.1403     2.4747     0.0161      0.038     -0.460     -0.667         30 7.3830e+02 0.0000e+00
     -0.423    27.0965     8.2266    103.714  32.648849     32.012      7.596   442.1986    -1.1605     2.5553     0.0230      0.065     -0.406     -0.590         31 5.7891e+02 0.0000e+00
     -0.341    27.1449     8.2224    103.641  37.783744     36.096      7.801   382.8006    -1.1322     2.4747     0.0246      0.104     -0.346     -0.502         32 9.5553e+02 0.0000e+00
     -0.299    27.1832     8.1873    103.187  37.404795     36.025      7.822   362.0548    -1.1484     2.4613     0.0246      0.139     -0.299     -0.435         33 1.1433e+03 0.0000e+00
     -0.276    27.2153     8.1308    102.466  37.628314     35.990      7.890   348.8805     1.4274   194.2525     0.0246      0.163     -0.269     -0.390         34 1.0308e+03 0.0000e+00
     -0.247    27.2379     8.0712    101.708  37.564874     36.045      7.948   344.7162     1.4355   194.2123     0.0246      0.175     -0.237     -0.345         35 1.5798e+03 0.0000e+00
     -0.204    27.2462     8.0027    100.848  37.661686     36.022      7.981   334.3812     1.4113   194.3197     0.0246      0.178     -0.195     -0.284         36 6.4826e+02 0.0000e+00
     -0.144    27.2506     7.8980     99.529  37.596798     36.007      7.995   326.0526     1.4315   194.2660     0.0246      0.176     -0.151     -0.219         37 1.7194e+02 0.0000e+00
     -0.117    27.2567     7.7738     97.951  37.645617     36.001      7.981   318.8218     3.3967     2.0719     0.0246      0.169     -0.126     -0.183         38 4.5775e+02 0.0000e+00
     -0.128    27.2592     7.6776     96.727  37.660249     36.052      7.969   307.1239     3.4210     2.1659     0.0247      0.146     -0.122     -0.177         39 2.7901e+02 0.0000e+00
     -0.125    27.2565     7.6117     95.888  37.637906     35.994      7.945   307.7297     3.4452     2.1659     0.0246      0.118     -0.118     -0.171         40 3.8592e+02 0.0000e+00
     -0.106    27.2475     7.5926     95.642  37.614097     35.993      7.914   302.9975     3.4048     2.1122     0.0246      0.101     -0.103     -0.150         41 3.2649e+02 0.0000e+00
     -0.085    27.2368     7.5833     95.517  37.630557     35.994      7.869   302.1646     3.9143     2.5016     0.0246      0.089     -0.086     -0.125         42 3.6123e+02 0.0000e+00
     -0.075    27.2305     7.5539     95.140  37.617426     36.001      7.845   295.2746     3.9102     2.4613     0.0246      0.073     -0.068     -0.099         43 3.4846e+02 0.0000e+00
     -0.047    27.2254     7.5042     94.511  37.541462     35.928      7.831   295.3125     3.9143     2.4344     0.0246      0.060     -0.040     -0.059         44 3.4717e+02 0.0000e+00
     -0.001    27.2222     7.4517     93.850  37.547133     35.932      7.801   293.7603     3.9345     2.4747     0.0246      0.061     -0.005     -0.007         45 2.3960e+02 0.0000e+00
      0.032    27.2241     7.4001     93.199  37.610371     36.016      7.772   291.7160     4.2135     2.2062     0.0246      0.076      0.027      0.040         46 2.3199e+02 0.0000e+00
      0.054    27.2238     7.3320     92.338  37.551749     35.938      7.767   289.8610     4.2014     2.1927     0.0246      0.095      0.051      0.074         47 2.4210e+02 0.0000e+00
      0.071    27.2170     7.2447     91.232  37.620089     36.017      7.769   286.9839     4.1812     2.2733     0.0246      0.103      0.069      0.100         48 2.2505e+02 0.0000e+00
      0.087    27.2100     7.1426     89.932  37.732946     36.124      7.780   286.2646     4.2054     2.2196     0.0247      0.103      0.085      0.124         49 2.1837e+02 0.0000e+00
      0.103    27.2047     7.0308     88.508  37.678246     36.075      7.789   286.5674     4.1852     2.2867     0.0247      0.100      0.101      0.147         50 2.2371e+02 0.0000e+00
      0.119    27.2011     6.9702     87.732  37.628844     36.026      7.799   286.7189     4.3510     2.7433     0.0246      0.094      0.117      0.171         51 2.1860e+02 0.0000e+00
      0.138    27.1969     6.9232     87.133  37.616468     36.030      7.807   285.6210     4.3267     2.6896     0.0246      0.083      0.136      0.197         52 2.0726e+02 0.0000e+00
      0.158    27.1928     6.8988     86.818  37.634330     36.033      7.806   284.4474     4.3389     2.6224     0.0246      0.073      0.156      0.226         53 2.0655e+02 0.0000e+00
      0.181    27.1915     6.9236     87.123  37.665937     36.089      7.804   282.5546     4.3227     2.5956     0.0247      0.070      0.178      0.259         54 1.9853e+02 0.0000e+00
      0.207    27.1913     6.9567     87.536  37.636458     36.038      7.802   280.1317     4.4157     2.2867     0.0246      0.073      0.203      0.295         55 1.9242e+02 0.0000e+00
      0.234    27.1904     6.9893     87.949  37.611698     36.039      7.802   278.3146     4.3874     2.3539     0.0246      0.079      0.229      0.332         56 1.8857e+02 0.0000e+00
      0.261    27.1886     7.0093     88.209  37.548448     35.959      7.797   279.4881     4.3753     2.2733     0.0246      0.085      0.253      0.367         57 1.8488e+02 0.0000e+00
      0.279    27.1845     6.9984     88.084  37.537209     35.960      7.789   280.2453     4.3874     2.3136     0.0246      0.089      0.271      0.394         58 1.8099e+02 0.0000e+00
      0.292    27.1759     6.9775     87.837  37.566364     35.988      7.791   279.0339     4.2499     2.4613     0.0246      0.089      0.286      0.415         59 1.7904e+02 0.0000e+00
      0.305    27.1657     6.9746     87.818  37.541827     35.964      7.796   279.2610     4.2742     2.4479     0.0246      0.086      0.296      0.430         60 1.7694e+02 0.0000e+00
      0.311    27.1573     6.9984     88.128  37.538087     35.970      7.750   279.6774     4.2661     2.5150     0.0246      0.078      0.298      0.433         61 1.7835e+02 0.0000e+00
      0.297    27.1520     7.0666     89.005  37.541362     35.977      7.743   273.9988     4.2742     2.4747     0.0246      0.062      0.285      0.413         62 1.8396e+02 0.0000e+00
      0.265    27.1472     7.1528     90.128  37.537756     35.983      7.781   271.3867     4.4036     2.1927     0.0246      0.036      0.257      0.372         63 1.9237e+02 0.0000e+00
      0.224    27.1422     7.2386     91.241  37.542579     35.986      7.816   271.0460     4.4116     2.1524     0.0246      0.002      0.219      0.317         64 1.9955e+02 0.0000e+00
      0.180    27.1401     7.2989     92.000  37.535363     35.990      7.845   268.6988     4.4036     2.1659     0.0246     -0.036      0.177      0.256         65 2.2107e+02 0.0000e+00
      0.134    27.1421     7.3298     92.381  37.487419     35.939      7.869   268.3960     4.3672     2.1927     0.0246     -0.073      0.132      0.191         66 2.2681e+02 0.0000e+00
      0.089    27.1475     7.3219     92.277  37.483606     35.941      7.885   267.8660     4.3914     2.1793     0.0246     -0.108      0.088      0.127         67 2.4417e+02 0.0000e+00
      0.044    27.1553     7.2839     91.796  37.480785     35.940      7.893   268.3203     4.4036     2.1793     0.0246     -0.138      0.043      0.063         68 2.9545e+02 0.0000e+00
     -0.001    27.1659     7.2109     90.872  37.490925     35.936      7.903   268.3581     4.3955     2.1659     0.0246     -0.160      0.002      0.004         69 2.9062e+02 0.0000e+00
     -0.035    27.1762     7.1162     89.676  37.559966     36.011      7.914   266.8060     4.3995     2.1524     0.0246     -0.168     -0.028     -0.040         70 2.8450e+02 0.0000e+00
     -0.047    27.1831     7.0177     88.432  37.543164     35.977      7.928   266.1624     4.3672     2.0584     0.0246     -0.162     -0.045     -0.065         71 2.9316e+02 0.0000e+00
     -0.056    27.1949     6.9197     87.195  37.541491     35.969      7.939   265.4431     4.2742     2.1390     0.0246     -0.146     -0.056     -0.082         72 2.8567e+02 0.0000e+00
     -0.071    27.2176     6.8267     86.018  37.621365     36.045      7.933   264.9888     4.2782     2.1390     0.0246     -0.126     -0.068     -0.099         73 2.8593e+02 0.0000e+00
     -0.081    27.2364     6.7358     84.871  37.681040     36.091      7.937   265.2917     4.2418     2.1793     0.0247     -0.104     -0.078     -0.114         74 2.8734e+02 0.0000e+00
     -0.089    27.2369     6.6423     83.689  37.674842     36.075      7.939   263.3610     4.2782     2.1122     0.0247     -0.082     -0.085     -0.124         75 2.8538e+02 0.0000e+00
     -0.092    27.2311     6.5588     82.634  37.629069     36.008      7.950   261.3167     4.2984     1.9107     0.0246     -0.060     -0.088     -0.128         76 2.8585e+02 0.0000e+00
     -0.089    27.2289     6.4837     81.684  37.619354     36.008      7.956   261.1274     4.2661     1.9107     0.0246     -0.041     -0.087     -0.127         77 2.8686e+02 0.0000e+00
     -0.089    27.2273     6.4227     80.912  37.627608     36.012      7.948   259.9159     4.2620     2.0182     0.0246     -0.028     -0.087     -0.126         78 2.8464e+02 0.0000e+00
     -0.088    27.2251     6.3565     80.077  37.618797     36.013      7.939   258.9695     4.2661     1.9913     0.0246     -0.020     -0.086     -0.125         79 2.8597e+02 0.0000e+00
     -0.087    27.2232     6.2917     79.259  37.630320     36.015      7.932   258.9695     4.2701     1.9107     0.0246     -0.012     -0.086     -0.125         80 2.8475e+02 0.0000e+00
     -0.089    27.2217     6.2294     78.473  37.672591     36.070      7.936   259.9538     4.2822     1.9242     0.0247     -0.006     -0.087     -0.126         81 2.8590e+02 0.0000e+00
     -0.089    27.2196     6.1700     77.722  37.684835     36.071      7.948   258.8559     4.2701     1.9376     0.0247     -0.002     -0.088     -0.127         82 2.8724e+02 0.0000e+00
     -0.090    27.2172     6.1163     77.042  37.674404     36.072      7.960   258.8181     4.2782     1.9107     0.0247      0.000     -0.088     -0.128         83 2.8751e+02 0.0000e+00
     -0.090    27.2154     6.0630     76.368  37.685572     36.073      7.971   258.2881     4.2903     1.9376     0.0247     -0.000     -0.089     -0.129         84 2.9063e+02 0.0000e+00
     -0.091    27.2133     6.0099     75.698  37.670938     36.075      7.977   256.3952     4.2863     1.8705     0.0247     -0.001     -0.089     -0.130         85 2.9143e+02 0.0000e+00
