Data/DataNotYetUploadedToEDI/Raw_CTD/RawDownloads/081020_fcr50_0001.cnv
* Sea-Bird SBE19plus  Data File:
* FileName = C:\DATA\081020_fcr50_0001.hex
* Software version 2.8.0.119
* Temperature SN = 7809
* Conductivity SN = 7809
* System UpLoad Time = Aug 10 2020 11:35:32
* <ApplicationData>
* <Seaterm232>
# nquan = 16
# nvalues = 3500                        
# units = specified
# name 0 = depFM: Depth [fresh water, m]
# name 1 = dz/dtM: Descent Rate [m/s]
# name 2 = sbeox0ML/L: Oxygen, SBE 43 [ml/l]
# name 3 = sbeox0PS: Oxygen, SBE 43 [% saturation]
# name 4 = specc: Specific Conductance [uS/cm]
# name 5 = c0uS/cm: Conductivity [uS/cm]
# name 6 = flECO-AFL: Fluorescence, WET Labs ECO-AFL/FL [mg/m^3]
# name 7 = ph: pH
# name 8 = orp: Oxidation Reduction Potential [mV]
# name 9 = par/sat/log: PAR/Logarithmic, Satlantic
# name 10 = turbWETntu0: Turbidity, WET Labs ECO [NTU]
# name 11 = prdM: Pressure, Strain Gauge [db]
# name 12 = prdE: Pressure, Strain Gauge [psi]
# name 13 = tv290C: Temperature [ITS-90, deg C]
# name 14 = density00: Density [density, kg/m^3]
# name 15 = flag:  0.000e+00
# span 0 =     -0.615,      9.735       
# span 1 =     -4.066,      4.242       
# span 2 =     0.0374,     6.9124       
# span 3 =      0.523,    121.940       
# span 4 =      1.667,    476.210       
# span 5 =   1.920444, 350.938449       
# span 6 =    -3.2692,    16.6679       
# span 7 =      2.407,     13.737       
# span 8 = -1240.7455,   512.4068       
# span 9 = 1.2332e-01, 2.1623e+03       
# span 10 =    -3.8717,   957.8357      
# span 11 =     -0.603,      9.547      
# span 12 =     -0.875,     13.847      
# span 13 =    11.3343,    32.7053      
# span 14 =   994.8086,   999.7555      
# span 15 = 0.0000e+00, 0.0000e+00      
# interval = seconds: 0.25
# start_time = Aug 09 2020 22:11:15 [Instrument's time stamp, header]
# bad_flag = -9.990e-29
*END*
[from data line 1356]
      8.759      0.057     0.9953     13.019     48.475  35.256294     0.3846     13.035   215.0265 1.2345e-01     8.6267      8.594     12.463    11.3813   999.6278 0.0000e+00
      8.765      0.053     0.9970     13.011     48.476  35.255254     0.3924     13.035   215.2492 1.2347e-01     8.6944      8.596     12.467    11.3767   999.6283 0.0000e+00
      8.771      0.048     0.9985     12.997     48.480  35.256407     0.3908     13.035   215.3442 1.2348e-01     8.7668      8.598     12.470    11.3714   999.6289 0.0000e+00
      8.784      0.043     0.9978     12.990     48.500  35.270233     0.3844     13.035   215.1423 1.2344e-01     8.9173      8.611     12.490    11.3658   999.6295 0.0000e+00
      8.802      0.040     0.9951     13.003     48.537  35.295502     0.3810     13.036   214.7872 1.2341e-01     9.0378      8.633     12.522    11.3623   999.6300 0.0000e+00
      8.817      0.038     0.9961     12.989     48.556  35.308099     0.3884     13.036   214.9223 1.2343e-01     9.0919      8.650     12.548    11.3600   999.6303 0.0000e+00
      8.823      0.036     0.9948     12.962     48.539  35.295627     0.4736     13.035   215.5711 1.2346e-01     9.0911      8.653     12.551    11.3593   999.6304 0.0000e+00
      8.825      0.036     0.9919     12.945     48.505  35.271616     0.6191     13.035   216.1784 1.2343e-01     8.9934      8.652     12.549    11.3585   999.6305 0.0000e+00
      8.830      0.037     0.9972     12.914     48.505  35.271616     0.6891     13.035   215.7265 1.2341e-01     8.8717      8.659     12.559    11.3557   999.6308 0.0000e+00
      8.839      0.038     0.9941     12.894     48.539  35.295628     0.6903     13.035   214.4947 1.2344e-01     8.8216      8.667     12.570    11.3542   999.6310 0.0000e+00
      8.854      0.041     0.9907     12.902     48.557  35.308111     0.6531     13.035   214.2769 1.2348e-01     8.7996      8.680     12.589    11.3561   999.6309 0.0000e+00
      8.872      0.044     0.9922     12.903     48.542  35.295628     0.5727     13.034   215.1580 1.2352e-01     8.7082      8.702     12.621    11.3568   999.6309 0.0000e+00
      8.884      0.047     0.9874     12.908     48.509  35.271608     0.5191     13.034   216.2862 1.2354e-01     8.6091      8.717     12.643    11.3557   999.6311 0.0000e+00
      8.889      0.049     0.9852     12.936     48.508  35.271514     0.5109     13.034   216.9055 1.2353e-01     8.5971      8.717     12.642    11.3557   999.6311 0.0000e+00
      8.896      0.051     0.9881     12.949     48.538  35.294494     0.5219     13.034   215.8483 1.2348e-01     8.7009      8.719     12.647    11.3543   999.6313 0.0000e+00
      8.911      0.054     0.9879     12.964     48.541  35.295629     0.5269     13.034   213.8282 1.2347e-01     8.8343      8.738     12.674    11.3519   999.6316 0.0000e+00
      8.929      0.058     0.9856     12.994     48.527  35.285235     0.5144     13.034   213.1296 1.2348e-01     8.8702      8.759     12.704    11.3520   999.6317 0.0000e+00
      8.946      0.058     0.9917     12.988     48.542  35.295731     0.5044     13.035   213.9402 1.2345e-01     8.8263      8.770     12.721    11.3548   999.6314 0.0000e+00
      8.965      0.054     0.9909     12.955     48.544  35.295617     0.5016     13.035   215.1980 1.2342e-01     8.7848      8.791     12.749    11.3557   999.6315 0.0000e+00
      8.982      0.049     0.9903     12.936     48.530  35.283861     0.4709     13.035   215.9479 1.2346e-01     8.8145      8.814     12.784    11.3534   999.6318 0.0000e+00
      8.990      0.045     0.9967     12.930     48.526  35.280514     0.4199     13.034   215.0923 1.2354e-01     8.8769      8.819     12.791    11.3529   999.6319 0.0000e+00
      8.993      0.040     0.9945     12.916     48.491  35.255140     0.3908     13.034   213.2848 1.2356e-01     8.8864      8.816     12.786    11.3533   999.6318 0.0000e+00
      9.000      0.036     0.9908     12.898     48.457  35.230903     0.3760     13.035   212.4196 1.2352e-01     8.8948      8.824     12.798    11.3512   999.6320 0.0000e+00
      9.014      0.034     0.9892     12.889     48.472  35.241296     0.4216     13.035   212.4607 1.2346e-01     8.9783      8.841     12.822    11.3495   999.6323 0.0000e+00
      9.027      0.035     0.9903     12.880     48.489  35.253882     0.5233     13.034   213.0931 1.2343e-01     9.0725      8.856     12.845    11.3498   999.6324 0.0000e+00
      9.034      0.035     0.9886     12.868     48.491  35.256170     0.5755     13.033   213.6132 1.2343e-01     9.1060      8.860     12.850    11.3505   999.6323 0.0000e+00
      9.040      0.032     0.9864     12.846     48.508  35.268964     0.5759     13.034   212.8123 1.2344e-01     9.1098      8.863     12.855    11.3503   999.6323 0.0000e+00
      9.049      0.031     0.9867     12.818     48.525  35.281656     0.5567     13.034   211.9277 1.2350e-01     9.0146      8.875     12.872    11.3486   999.6326 0.0000e+00
      9.057      0.031     0.9856     12.812     48.525  35.282706     0.5341     13.034   211.8653 1.2355e-01     8.8137      8.884     12.884    11.3485   999.6327 0.0000e+00
      9.062      0.035     0.9851     12.847     48.522  35.281658     0.5211     13.034   212.1435 1.2351e-01     8.6718      8.886     12.889    11.3504   999.6325 0.0000e+00
      9.070      0.039     0.9835     12.886     48.504  35.268985     0.5141     13.035   212.5387 1.2345e-01     8.6041      8.894     12.900    11.3513   999.6324 0.0000e+00
      9.081      0.043     0.9804     12.901     48.486  35.256400     0.5453     13.035   213.2022 1.2343e-01     8.5784      8.905     12.916    11.3512   999.6325 0.0000e+00
      9.094      0.044     0.9788     12.923     48.486  35.256400     0.6119     13.035   213.7982 1.2341e-01     8.6354      8.917     12.933    11.3521   999.6324 0.0000e+00
      9.109      0.043     0.9827     12.949     48.505  35.268987     0.6526     13.035   213.6368 1.2338e-01     8.7103      8.933     12.956    11.3539   999.6323 0.0000e+00
      9.124      0.039     0.9880     12.968     48.525  35.281680     0.6561     13.035   212.9713 1.2338e-01     8.6946      8.949     12.979    11.3545   999.6323 0.0000e+00
      9.135      0.033     0.9861     12.980     48.528  35.282945     0.6158     13.035   212.2906 1.2341e-01     8.6506      8.960     12.995    11.3548   999.6323 0.0000e+00
      9.140      0.028     0.9888     12.949     48.529  35.284289     0.5458     13.035   212.1176 1.2337e-01     8.6939      8.964     13.001    11.3547   999.6324 0.0000e+00
      9.141      0.025     0.9918     12.896     48.545  35.297925     0.5160     13.035   213.4612 1.2333e-01     8.7373      8.964     13.001    11.3528   999.6326 0.0000e+00
      9.144      0.028     0.9915     12.888     48.573  35.320897     0.5220     13.036   215.5436 1.2334e-01     8.6941      8.966     13.004    11.3510   999.6328 0.0000e+00
      9.149      0.035     0.9955     12.903     48.553  35.308215     0.5240     13.036   216.1304 1.2335e-01     8.6530      8.972     13.012    11.3499   999.6329 0.0000e+00
      9.156      0.044     0.9921     12.882     48.500  35.271513     0.5015     13.036   215.3070 1.2338e-01     8.7204      8.977     13.020    11.3503   999.6329 0.0000e+00
      9.171      0.050     0.9845     12.833     48.482  35.257877     0.4691     13.036   214.4507 1.2343e-01     8.8564      8.990     13.038    11.3527   999.6327 0.0000e+00
      9.192      0.054     0.9851     12.801     48.502  35.270254     0.4663     13.035   215.4132 1.2346e-01     8.9246      9.016     13.077    11.3549   999.6326 0.0000e+00
      9.212      0.055     0.9893     12.778     48.538  35.294247     0.4779     13.035   217.9102 1.2346e-01     8.9609      9.038     13.108    11.3574   999.6323 0.0000e+00
      9.223      0.052     0.9866     12.759     48.539  35.294142     0.5236     13.035   218.7441 1.2347e-01     8.9181      9.045     13.118    11.3604   999.6321 0.0000e+00
      9.232      0.047     0.9807     12.771     48.506  35.268986     0.6085     13.035   218.0099 1.2346e-01     8.7504      9.052     13.129    11.3602   999.6322 0.0000e+00
      9.244      0.041     0.9793     12.813     48.473  35.243917     0.6555     13.035   217.5512 1.2340e-01     8.6835      9.067     13.150    11.3566   999.6327 0.0000e+00
      9.255      0.037     0.9784     12.855     48.474  35.244862     0.6623     13.036   216.9840 1.2336e-01     8.6930      9.078     13.166    11.3539   999.6330 0.0000e+00
      9.263      0.035     0.9751     12.890     48.521  35.280421     0.6439     13.036   217.0888 1.2340e-01     8.6938      9.083     13.174    11.3535   999.6331 0.0000e+00
      9.271      0.032     0.9762     12.929     48.537  35.293102     0.6040     13.036   218.5602 1.2349e-01     8.7620      9.090     13.185    11.3531   999.6331 0.0000e+00
      9.281      0.031     0.9810     12.983     48.506  35.271275     0.5807     13.035   219.3733 1.2352e-01     8.8659      9.102     13.202    11.3517   999.6333 0.0000e+00
      9.288      0.031     0.9839     13.036     48.505  35.270350     0.5813     13.034   219.1763 1.2345e-01     8.9539      9.110     13.215    11.3514   999.6334 0.0000e+00
      9.293      0.031     0.9865     13.051     48.521  35.281907     0.5833     13.034   218.6739 1.2343e-01     9.0024      9.112     13.216    11.3531   999.6333 0.0000e+00
      9.300      0.029     0.9889     13.049     48.526  35.284102     0.5754     13.034   217.9446 1.2347e-01     9.0399      9.117     13.223    11.3544   999.6332 0.0000e+00
      9.311      0.025     0.9928     13.059     48.545  35.296879     0.5721     13.034   217.9301 1.2347e-01     9.0641      9.131     13.244    11.3546   999.6332 0.0000e+00
      9.321      0.023     0.9996     13.051     48.563  35.309475     0.5718     13.035   218.5843 1.2346e-01     9.0547      9.144     13.262    11.3544   999.6333 0.0000e+00
      9.326      0.020     0.9992     13.032     48.560  35.309485     0.5437     13.036   218.8863 1.2346e-01     8.9606      9.147     13.267    11.3545   999.6333 0.0000e+00
      9.326      0.017     0.9970     13.012     48.539  35.297002     0.4801     13.037   218.8275 1.2347e-01     8.7502      9.146     13.265    11.3537   999.6333 0.0000e+00
      9.328      0.014     1.0008     12.972     48.521  35.285463     0.4326     13.036   218.7335 1.2346e-01     8.6054      9.147     13.267    11.3514   999.6336 0.0000e+00
      9.332      0.014     0.9989     12.924     48.536  35.296897     0.4357     13.035   218.6101 1.2339e-01     8.6171      9.152     13.273    11.3512   999.6337 0.0000e+00
      9.336      0.017     0.9965     12.869     48.551  35.308329     0.5174     13.036   218.3689 1.2336e-01     8.7202      9.155     13.278    11.3540   999.6334 0.0000e+00
      9.340      0.021     0.9970     12.810     48.533  35.296773     0.6480     13.036   218.1395 1.2340e-01     8.8572      9.157     13.282    11.3570   999.6331 0.0000e+00
      9.345      0.025     0.9923     12.779     48.513  35.284091     0.7186     13.035   218.2456 1.2344e-01     8.9335      9.163     13.290    11.3587   999.6329 0.0000e+00
      9.353      0.028     0.9889     12.764     48.509  35.281907     0.7315     13.035   218.4469 1.2348e-01     8.9225      9.172     13.305    11.3589   999.6329 0.0000e+00
      9.362      0.030     0.9854     12.756     48.493  35.270369     0.7367     13.036   218.4234 1.2349e-01     8.8950      9.181     13.315    11.3594   999.6329 0.0000e+00
      9.370      0.031     0.9784     12.753     48.495  35.271504     0.7340     13.036   218.1334 1.2349e-01     8.9450      9.188     13.325    11.3613   999.6327 0.0000e+00
      9.379      0.030     0.9777     12.743     48.530  35.295619     0.7275     13.036   217.8656 1.2350e-01     9.0460      9.198     13.341    11.3628   999.6326 0.0000e+00
      9.388      0.028     0.9765     12.748     48.548  35.308111     0.7256     13.037   217.9384 1.2347e-01     9.0863      9.207     13.353    11.3638   999.6326 0.0000e+00
      9.394      0.027     0.9752     12.763     48.531  35.295628     0.7204     13.038   217.9817 1.2342e-01     9.0542      9.213     13.362    11.3647   999.6325 0.0000e+00
      9.399      0.025     0.9767     12.765     48.496  35.271608     0.6833     13.038   217.8727 1.2342e-01     8.9332      9.217     13.368    11.3637   999.6326 0.0000e+00
      9.404      0.021     0.9740     12.782     48.492  35.271513     0.6209     13.037   217.8237 1.2347e-01     8.7567      9.222     13.375    11.3619   999.6328 0.0000e+00
      9.412      0.017     0.9746     12.812     48.517  35.294493     0.5857     13.036   217.9067 1.2351e-01     8.6710      9.231     13.388    11.3610   999.6330 0.0000e+00
      9.419      0.015     0.9780     12.838     48.508  35.295626     0.5814     13.036   218.1873 1.2348e-01     8.6522      9.239     13.399    11.3607   999.6330 0.0000e+00
      9.420      0.012     0.9756     12.870     48.482  35.285223     0.5501     13.036   218.3777 1.2344e-01     8.5979      9.238     13.399    11.3625   999.6329 0.0000e+00
      9.420      0.008     0.9772     12.892     48.486  35.295634     0.4940     13.036   218.4017 1.2346e-01     8.5287      9.236     13.396    11.3654   999.6326 0.0000e+00
      9.422      0.005     0.9811     12.886     48.477  35.294604     0.4658     13.036   218.2194 1.2343e-01     8.4680      9.239     13.400    11.3690   999.6321 0.0000e+00
      9.424      0.003     0.9810     12.885     48.445  35.272768     0.4569     13.035   217.8941 1.2339e-01     8.4480      9.243     13.406    11.3782   999.6312 0.0000e+00
      9.424      0.003     0.9844     12.905     48.465  35.285450     0.5096     13.035   218.3409 1.2341e-01     8.6647      9.241     13.402    11.3875   999.6302 0.0000e+00
      9.424      0.004     0.9871     12.916     48.518  35.321018     0.6358     13.036   219.4913 1.2342e-01     9.0970      9.241     13.402    11.3951   999.6294 0.0000e+00
      9.425      0.007     0.9847     12.928     48.522  35.322077     0.7143     13.037   220.1024 1.2346e-01     9.3484      9.243     13.406    11.4028   999.6286 0.0000e+00
      9.425      0.012     0.9836     12.951     48.488  35.298246     0.7253     13.037   220.1368 1.2351e-01     9.3356      9.243     13.406    11.4038   999.6285 0.0000e+00
      9.427      0.016     0.9876     12.971     48.473  35.286707     0.7110     13.037   219.9074 1.2349e-01     9.2171      9.243     13.406    11.4006   999.6288 0.0000e+00
      9.432      0.019     0.9872     12.997     48.509  35.309480     0.6750     13.037   219.6515 1.2344e-01     8.9801      9.248     13.414    11.3968   999.6293 0.0000e+00
      9.441      0.021     0.9877     13.021     48.532  35.319752     0.6422     13.038   219.9681 1.2345e-01     8.7352      9.259     13.429    11.3945   999.6296 0.0000e+00
      9.450      0.022     0.9910     13.025     48.492  35.283986     0.6397     13.038   220.5520 1.2350e-01     8.6599      9.270     13.444    11.3965   999.6294 0.0000e+00
      9.455      0.022     0.9908     13.022     48.463  35.257772     0.6537     13.038   220.9473 1.2354e-01     8.6530      9.273     13.450    11.3978   999.6292 0.0000e+00
      9.457      0.021     0.9938     13.022     48.468  35.256637     0.7162     13.038   221.0475 1.2355e-01     8.6861      9.273     13.450    11.3933   999.6297 0.0000e+00
      9.462      0.019     0.9966     13.017     48.492  35.270255     0.8417     13.038   220.9031 1.2350e-01     8.8197      9.278     13.457    11.3851   999.6307 0.0000e+00
      9.468      0.019     0.9962     13.001     48.531  35.295505     0.9226     13.038   220.4921 1.2346e-01     8.9289      9.285     13.467    11.3779   999.6314 0.0000e+00
      9.473      0.021     0.9960     12.970     48.552  35.308090     0.9314     13.038   220.0363 1.2350e-01     8.9434      9.290     13.474    11.3730   999.6320 0.0000e+00
