Data/DataNotYetUploadedToEDI/Raw_CTD/RawDownloads/081018_fcr50(2).cnv
* Sea-Bird SBE19plus  Data File:
* FileName = C:\DATA\081318_fcr_0002.hex
* Software version 2.6.3.104
* Temperature SN = 7809
* Conductivity SN = 7809
* System UpLoad Time = Aug 13 2018 19:25:18
* <ApplicationData>
* <Seaterm232>
# nquan = 17
# nvalues = 672                         
# units = specified
# name 0 = depFM: Depth [fresh water, m]
# name 1 = tv290C: Temperature [ITS-90, deg C]
# name 2 = sbeox0Mg/L: Oxygen, SBE 43 [mg/l]
# name 3 = sbeox0PS: Oxygen, SBE 43 [% saturation]
# name 4 = c0uS/cm: Conductivity [uS/cm]
# name 5 = specc: Specific Conductance [uS/cm]
# name 6 = ph: pH
# name 7 = orp: Oxidation Reduction Potential [mV]
# name 8 = flECO-AFL: Fluorescence, WET Labs ECO-AFL/FL [mg/m^3]
# name 9 = turbWETntu0: Turbidity, WET Labs ECO [NTU]
# name 10 = sal00: Salinity, Practical [PSU]
# name 11 = dz/dtM: Descent Rate [m/s]
# name 12 = prdM: Pressure, Strain Gauge [db]
# name 13 = prdE: Pressure, Strain Gauge [psi]
# name 14 = scan: Scan Count
# name 15 = par/sat/log: PAR/Logarithmic, Satlantic
# name 16 = flag:  0.000e+00
# span 0 =     -0.570,      9.590       
# span 1 =    11.7846,    27.3200       
# span 2 =     0.1565,     8.8749       
# span 3 =      1.523,    108.474       
# span 4 =   0.664778,  70.972669       
# span 5 =      0.493,     96.693       
# span 6 =      6.069,      8.065       
# span 7 = -1240.7455,   442.1986       
# span 8 =    -1.1605,     6.8864       
# span 9 =    -0.3452,   194.3197       
# span 10 =     0.0124,     0.0464      
# span 11 =     -0.168,      0.178      
# span 12 =     -0.558,      9.404      
# span 13 =     -0.810,     13.639      
# span 14 =          1,        672      
# span 15 = -1.431e+01, 2.2293e+03      
# span 16 = 0.0000e+00, 0.0000e+00      
# interval = seconds: 0.25
# start_time = Aug 10 2018 16:22:13 [Instrument's time stamp, header]
# bad_flag = -9.990e-29
*END*
[from data line 256]
      3.025    18.1984     0.2407      2.495  37.736177     43.529      6.966   284.4474     4.4076     1.5750     0.0253      0.113      2.967      4.304        257 3.1678e+01 0.0000e+00
      3.036    18.1628     0.2210      2.285  37.736885     43.643      6.956   285.0910     4.3955     1.6288     0.0253      0.104      2.982      4.325        258 3.1213e+01 0.0000e+00
      3.061    18.0105     0.1997      2.060  37.854641     43.805      6.942   283.7660     4.3874     1.6690     0.0253      0.095      3.004      4.356        259 3.0364e+01 0.0000e+00
      3.091    17.8190     0.1899      1.955  38.093910     44.125      6.929   284.7503     4.1771     1.5348     0.0255      0.087      3.029      4.393        260 2.9845e+01 0.0000e+00
      3.113    17.6938     0.1858      1.909  38.269688     44.483      6.915   284.7503     4.1973     1.4273     0.0256      0.081      3.053      4.428        261 2.9571e+01 0.0000e+00
      3.136    17.6121     0.1744      1.789  38.377514     44.812      6.902   285.2046     4.2014     1.3871     0.0256      0.078      3.076      4.461        262 2.9065e+01 0.0000e+00
      3.162    17.5235     0.1699      1.739  38.523396     45.108      6.886   286.7189     4.2135     1.4542     0.0257      0.081      3.099      4.494        263 2.8626e+01 0.0000e+00
      3.181    17.4303     0.1709      1.747  38.622136     45.323      6.872   286.6432     4.1973     1.4945     0.0258      0.087      3.118      4.521        264 2.8513e+01 0.0000e+00
      3.194    17.3297     0.1714      1.748  38.669962     45.452      6.860   282.8574     4.0962     1.7362     0.0258      0.089      3.133      4.544        265 2.8298e+01 0.0000e+00
      3.211    17.2041     0.1761      1.793  38.612238     45.519      6.852   283.7660     4.1003     1.7630     0.0258      0.087      3.149      4.568        266 2.7985e+01 0.0000e+00
      3.228    17.0782     0.1758      1.787  38.456719     45.394      6.842   283.8039     4.0679     1.6288     0.0257      0.081      3.168      4.595        267 2.7613e+01 0.0000e+00
      3.253    16.9584     0.1769      1.796  38.566931     45.697      6.830   285.3939     4.0882     1.7362     0.0258      0.077      3.191      4.629        268 2.7174e+01 0.0000e+00
      3.281    16.8447     0.1741      1.765  38.742112     46.032      6.817   285.2803     3.7566     1.9779     0.0259      0.077      3.216      4.665        269 2.6788e+01 0.0000e+00
      3.306    16.7492     0.1839      1.861  38.772709     46.198      6.802   284.2960     3.7485     1.8973     0.0259      0.079      3.239      4.698        270 2.6569e+01 0.0000e+00
      3.323    16.6701     0.1887      1.907  38.736559     46.289      6.789   284.8639     3.7485     1.9510     0.0259      0.081      3.258      4.726        271 2.6450e+01 0.0000e+00
      3.340    16.5874     0.1965      1.983  38.638844     46.262      6.779   284.8639     3.7606     1.9107     0.0259      0.083      3.278      4.754        272 2.6099e+01 0.0000e+00
      3.367    16.4886     0.2041      2.060  38.568073     46.282      6.771   285.0910     3.8051     1.8570     0.0259      0.086      3.301      4.787        273 2.5756e+01 0.0000e+00
      3.389    16.3927     0.2032      2.053  38.646700     46.441      6.760   285.6967     3.8132     1.9107     0.0259      0.088      3.323      4.818        274 2.5553e+01 0.0000e+00
      3.406    16.3089     0.2031      2.048  38.748681     46.721      6.749   288.8389     3.8294     1.9376     0.0260      0.087      3.341      4.845        275 2.5321e+01 0.0000e+00
      3.425    16.2332     0.2113      2.122  38.826831     46.863      6.743   288.3089     3.8294     1.8436     0.0260      0.083      3.359      4.871        276 2.5112e+01 0.0000e+00
      3.443    16.1653     0.2153      2.155  38.964781     47.194      6.734   288.1575     3.5018     1.9376     0.0261      0.080      3.376      4.897        277 2.4841e+01 0.0000e+00
      3.461    16.1022     0.2191      2.191  39.022001     47.282      6.728   286.8703     3.4978     1.9510     0.0262      0.078      3.394      4.923        278 2.4632e+01 0.0000e+00
      3.480    16.0310     0.2178      2.175  39.081961     47.495      6.719   286.9839     3.4776     1.8973     0.0262      0.077      3.413      4.950        279 2.4356e+01 0.0000e+00
      3.498    15.9408     0.2195      2.190  39.127509     47.568      6.715   286.8703     3.5261     1.9376     0.0262      0.075      3.431      4.975        280 2.4029e+01 0.0000e+00
      3.516    15.8591     0.2137      2.126  39.172999     47.751      6.706   291.4510     3.4573     1.9242     0.0263      0.072      3.447      4.999        281 2.3897e+01 0.0000e+00
      3.529    15.8084     0.2105      2.086  39.292365     47.961      6.698   290.8453     3.4371     1.9376     0.0263      0.070      3.460      5.018        282 2.3754e+01 0.0000e+00
      3.539    15.8120     0.1990      1.967  39.512960     48.364      6.691   291.3753     3.4129     1.9376     0.0265      0.067      3.471      5.034        283 2.3593e+01 0.0000e+00
      3.551    15.8412     0.1941      1.914  39.521461     48.425      6.684   290.4667     3.4210     2.0316     0.0265      0.063      3.484      5.054        284 2.3320e+01 0.0000e+00
      3.570    15.7655     0.1839      1.809  39.400466     48.251      6.680   290.5803     3.4331     1.9107     0.0264      0.061      3.502      5.080        285 2.2904e+01 0.0000e+00
      3.593    15.5823     0.1835      1.803  39.574546     48.450      6.671   293.6468     3.2592     2.1524     0.0265      0.061      3.522      5.110        286 2.2482e+01 0.0000e+00
      3.613    15.4380     0.1761      1.728  39.749790     48.747      6.662   293.5710     3.2309     2.1659     0.0266      0.062      3.541      5.137        287 2.2164e+01 0.0000e+00
      3.627    15.3631     0.1734      1.700  39.805376     49.040      6.657   293.3818     3.2390     2.0987     0.0267      0.063      3.557      5.159        288 2.1933e+01 0.0000e+00
      3.642    15.3197     0.1716      1.679  39.861428     49.285      6.649   293.4953     3.2228     2.0987     0.0267      0.065      3.572      5.180        289 2.1644e+01 0.0000e+00
      3.657    15.2672     0.1711      1.671  39.947094     49.477      6.643   292.7382     2.8508     2.3136     0.0268      0.067      3.588      5.204        290 2.1277e+01 0.0000e+00
      3.678    15.1396     0.1681      1.639  40.025129     49.638      6.633   291.5267     2.8589     2.3002     0.0268      0.069      3.608      5.233        291 2.0895e+01 0.0000e+00
      3.702    14.9774     0.1603      1.561  40.120326     49.799      6.626   292.6246     2.8589     2.1927     0.0269      0.071      3.630      5.265        292 2.0585e+01 0.0000e+00
      3.723    14.8365     0.1578      1.537  40.214309     50.103      6.616   292.5868     2.8589     2.3136     0.0270      0.072      3.652      5.297        293 2.0167e+01 0.0000e+00
      3.747    14.7214     0.1565      1.523  40.175222     50.235      6.608   292.4732     2.5920     2.6896     0.0270      0.074      3.673      5.327        294 1.9712e+01 0.0000e+00
      3.765    14.6341     0.1568      1.523  40.109721     50.344      6.598   293.9496     2.6122     2.6627     0.0270      0.077      3.690      5.352        295 1.9598e+01 0.0000e+00
      3.775    14.5699     0.1598      1.550  39.999247     50.348      6.592   294.1010     2.5920     2.6761     0.0269      0.077      3.703      5.371        296 1.9482e+01 0.0000e+00
      3.789    14.5141     0.1722      1.668  39.867789     50.283      6.578   290.7317     2.6082     2.6761     0.0269      0.076      3.717      5.391        297 1.9171e+01 0.0000e+00
      3.806    14.4481     0.1955      1.892  39.739395     50.223      6.572   291.2996     2.7821     2.4344     0.0268      0.073      3.732      5.413        298 1.8961e+01 0.0000e+00
      3.821    14.3708     0.2146      2.076  39.654765     50.152      6.566   291.5267     2.7821     2.4881     0.0268      0.068      3.747      5.434        299 1.8773e+01 0.0000e+00
      3.835    14.2921     0.2464      2.383  39.557836     50.165      6.560   293.8360     2.8104     2.5419     0.0268      0.063      3.762      5.456        300 1.8578e+01 0.0000e+00
      3.852    14.2169     0.2818      2.723  39.415089     50.015      6.555   294.3660     2.7497     2.4747     0.0267      0.060      3.777      5.479        301 1.8443e+01 0.0000e+00
      3.867    14.1662     0.3199      3.089  39.268827     50.010      6.546   292.5110     2.4383     2.4479     0.0266      0.058      3.795      5.505        302 1.8211e+01 0.0000e+00
      3.891    14.1531     0.3532      3.411  39.146613     49.855      6.541   292.7003     2.4707     2.4881     0.0265      0.061      3.816      5.535        303 1.7879e+01 0.0000e+00
      3.916    14.1185     0.3775      3.644  39.122259     49.994      6.532   292.9275     2.4586     2.5284     0.0266      0.067      3.838      5.566        304 1.7665e+01 0.0000e+00
      3.934    14.0432     0.3978      3.838  38.943195     49.685      6.525   293.5710     2.4828     2.4881     0.0264      0.071      3.857      5.593        305 1.7615e+01 0.0000e+00
      3.948    13.9705     0.4147      3.999  38.835521     49.658      6.518   293.9118     2.4586     2.5150     0.0264      0.072      3.873      5.617        306 1.7448e+01 0.0000e+00
      3.966    13.9092     0.4344      4.185  38.781657     49.648      6.512   296.0318     1.9491     2.4076     0.0264      0.074      3.890      5.642        307 1.7212e+01 0.0000e+00
      3.986    13.8696     0.4476      4.310  38.683963     49.633      6.504   295.0853     1.9329     2.3941     0.0263      0.075      3.905      5.663        308 1.7206e+01 0.0000e+00
      3.990    13.8580     0.4630      4.459  38.690168     49.711      6.493   295.4260     1.9410     2.4881     0.0264      0.071      3.913      5.675        309 1.7247e+01 0.0000e+00
      3.993    13.8401     0.4834      4.653  38.684978     49.763      6.492   295.9182     1.9652     2.4613     0.0264      0.064      3.918      5.683        310 1.7131e+01 0.0000e+00
      4.005    13.8016     0.5260      5.059  38.571789     49.632      6.483   294.9718     1.9288     2.7164     0.0263      0.055      3.928      5.696        311 1.6991e+01 0.0000e+00
      4.016    13.7748     0.5886      5.658  38.445417     49.475      6.479   295.6153     1.9572     2.7298     0.0262      0.048      3.938      5.710        312 1.6974e+01 0.0000e+00
      4.023    13.7750     0.6548      6.291  38.426972     49.524      6.477   298.7575     1.9491     2.7030     0.0262      0.042      3.948      5.725        313 1.6896e+01 0.0000e+00
      4.036    13.7615     0.7255      6.960  38.327793     49.416      6.474   298.2653     1.9572     2.6761     0.0262      0.039      3.958      5.740        314 1.6776e+01 0.0000e+00
      4.047    13.7364     0.8079      7.738  38.212902     49.269      6.472   298.9089     2.0016     2.6761     0.0261      0.037      3.969      5.757        315 1.6680e+01 0.0000e+00
      4.061    13.7161     0.8995      8.605  38.214004     49.287      6.468   297.4703     2.0016     2.6761     0.0261      0.037      3.984      5.779        316 1.6473e+01 0.0000e+00
      4.082    13.6698     0.9792      9.361  38.207776     49.321      6.464   297.9246     2.0097     2.7164     0.0261      0.044      4.003      5.805        317 1.6192e+01 0.0000e+00
      4.101    13.6442     1.0335      9.877  38.191000     49.307      6.457   299.7039     1.9976     2.7970     0.0261      0.051      4.018      5.828        318 1.6104e+01 0.0000e+00
      4.106    13.6525     1.0623     10.142  38.264560     49.477      6.448   299.7039     1.9248     3.4147     0.0262      0.052      4.029      5.843        319 1.6032e+01 0.0000e+00
      4.119    13.6319     1.0755     10.255  38.264566     49.511      6.443   300.3475     1.9652     3.3207     0.0262      0.054      4.041      5.861        320 1.5735e+01 0.0000e+00
      4.139    13.5952     1.0882     10.358  38.042693     49.207      6.436   300.1582     1.9652     3.3475     0.0260      0.057      4.056      5.882        321 1.5627e+01 0.0000e+00
      4.149    13.5752     1.1074     10.523  37.977092     49.128      6.431   300.1203     1.9491     3.3744     0.0260      0.057      4.070      5.902        322 1.5588e+01 0.0000e+00
      4.163    13.5463     1.1197     10.628  38.019926     49.282      6.430   300.8775     1.7550     3.7235     0.0260      0.056      4.085      5.924        323 1.5318e+01 0.0000e+00
      4.186    13.4770     1.1469     10.874  38.345352     49.635      6.426   299.8175     1.7590     3.7504     0.0262      0.057      4.104      5.951        324 1.5066e+01 0.0000e+00
      4.204    13.4033     1.1863     11.237  39.173928     50.866      6.423   300.1961     1.7388     3.7772     0.0267      0.058      4.122      5.978        325 1.4922e+01 0.0000e+00
      4.220    13.3510     1.2352     11.692  39.539862     51.360      6.420   300.5368     1.7428     3.7504     0.0269      0.060      4.138      6.003        326 1.4716e+01 0.0000e+00
      4.238    13.3212     1.3104     12.392  39.313849     51.204      6.416   300.8775     1.7550     5.0932     0.0268      0.065      4.156      6.029        327 1.4484e+01 0.0000e+00
      4.257    13.3027     1.4128     13.349  39.247582     51.126      6.414   301.1046     1.7550     5.1066     0.0268      0.068      4.175      6.054        328 1.4306e+01 0.0000e+00
      4.274    13.2624     1.5010     14.171  38.999408     50.950      6.411   300.1582     1.7388     5.0126     0.0267      0.069      4.193      6.081        329 1.4128e+01 0.0000e+00
      4.294    13.2017     1.5878     14.981  38.999770     50.788      6.405   300.7261     1.7469     5.0529     0.0266      0.071      4.214      6.111        330 1.3789e+01 0.0000e+00
      4.323    13.1232     1.6573     15.629  39.158155     51.320      6.397   300.9532     1.7671     4.9320     0.0268      0.075      4.237      6.145        331 1.3467e+01 0.0000e+00
      4.343    13.0515     1.7115     16.131  38.683675     50.484      6.387   300.9153     1.6175     6.5971     0.0264      0.077      4.256      6.172        332 1.3384e+01 0.0000e+00
      4.351    12.9991     1.7482     16.464  38.433403     50.517      6.378   301.8618     1.6094     6.5165     0.0264      0.076      4.268      6.190        333 1.3250e+01 0.0000e+00
      4.365    12.9481     1.7619     16.579  38.134800     50.024      6.374   301.8618     1.6013     6.5165     0.0262      0.074      4.280      6.208        334 1.3121e+01 0.0000e+00
      4.378    12.9094     1.7586     16.536  37.868803     49.871      6.372   301.6725     1.6175     6.4225     0.0261      0.071      4.293      6.227        335 1.3053e+01 0.0000e+00
      4.389    12.8761     1.7656     16.589  38.082216     50.124      6.370   301.8618     1.4800     6.9194     0.0262      0.066      4.307      6.246        336 1.2808e+01 0.0000e+00
      4.407    12.8351     1.7894     16.802  38.492155     50.801      6.370   302.5432     1.4800     6.9999     0.0264      0.062      4.322      6.268        337 1.2609e+01 0.0000e+00
      4.424    12.7953     1.8215     17.098  39.019795     51.472      6.366   302.5811     1.5204     7.0536     0.0267      0.058      4.339      6.293        338 1.2477e+01 0.0000e+00
      4.440    12.7605     1.8608     17.467  38.997756     51.603      6.362   303.2246     1.4800     6.8791     0.0268      0.056      4.358      6.320        339 1.2197e+01 0.0000e+00
      4.469    12.7315     1.8989     17.817  38.786573     51.213      6.360   303.1868     1.6175     7.1611     0.0266      0.060      4.380      6.352        340 1.1948e+01 0.0000e+00
