Data/DataNotYetUploadedToEDI/Raw_CTD/RawDownloads/081018_fcr50(2).cnv
* Sea-Bird SBE19plus  Data File:
* FileName = C:\DATA\081318_fcr_0002.hex
* Software version 2.6.3.104
* Temperature SN = 7809
* Conductivity SN = 7809
* System UpLoad Time = Aug 13 2018 19:25:18
* <ApplicationData>
* <Seaterm232>
# nquan = 17
# nvalues = 672                         
# units = specified
# name 0 = depFM: Depth [fresh water, m]
# name 1 = tv290C: Temperature [ITS-90, deg C]
# name 2 = sbeox0Mg/L: Oxygen, SBE 43 [mg/l]
# name 3 = sbeox0PS: Oxygen, SBE 43 [% saturation]
# name 4 = c0uS/cm: Conductivity [uS/cm]
# name 5 = specc: Specific Conductance [uS/cm]
# name 6 = ph: pH
# name 7 = orp: Oxidation Reduction Potential [mV]
# name 8 = flECO-AFL: Fluorescence, WET Labs ECO-AFL/FL [mg/m^3]
# name 9 = turbWETntu0: Turbidity, WET Labs ECO [NTU]
# name 10 = sal00: Salinity, Practical [PSU]
# name 11 = dz/dtM: Descent Rate [m/s]
# name 12 = prdM: Pressure, Strain Gauge [db]
# name 13 = prdE: Pressure, Strain Gauge [psi]
# name 14 = scan: Scan Count
# name 15 = par/sat/log: PAR/Logarithmic, Satlantic
# name 16 = flag:  0.000e+00
# span 0 =     -0.570,      9.590       
# span 1 =    11.7846,    27.3200       
# span 2 =     0.1565,     8.8749       
# span 3 =      1.523,    108.474       
# span 4 =   0.664778,  70.972669       
# span 5 =      0.493,     96.693       
# span 6 =      6.069,      8.065       
# span 7 = -1240.7455,   442.1986       
# span 8 =    -1.1605,     6.8864       
# span 9 =    -0.3452,   194.3197       
# span 10 =     0.0124,     0.0464      
# span 11 =     -0.168,      0.178      
# span 12 =     -0.558,      9.404      
# span 13 =     -0.810,     13.639      
# span 14 =          1,        672      
# span 15 = -1.431e+01, 2.2293e+03      
# span 16 = 0.0000e+00, 0.0000e+00      
# interval = seconds: 0.25
# start_time = Aug 10 2018 16:22:13 [Instrument's time stamp, header]
# bad_flag = -9.990e-29
*END*
[from data line 426]
      6.067    11.8234     1.0287      9.508  40.065121     54.380      6.181   314.5818     0.8492    21.1261     0.0276      0.072      5.947      8.626        427 1.0008e+00 0.0000e+00
      6.070    11.8232     1.0298      9.518  40.104933     54.460      6.180   314.2032     0.9058    21.8781     0.0276      0.069      5.957      8.640        428 9.8471e-01 0.0000e+00
      6.087    11.8228     1.0258      9.481  40.062470     54.387      6.179   314.1275     0.9220    21.8915     0.0276      0.068      5.974      8.665        429 9.3129e-01 0.0000e+00
      6.120    11.8212     1.0241      9.464  40.058636     54.388      6.180   314.3547     0.8896    21.7975     0.0276      0.068      6.001      8.703        430 8.7318e-01 0.0000e+00
      6.149    11.8198     1.0270      9.491  40.169037     54.540      6.173   315.5282     0.9260    21.8378     0.0276      0.071      6.026      8.741        431 8.1731e-01 0.0000e+00
      6.166    11.8197     1.0300      9.519  40.162403     54.543      6.171   315.2632     0.9179    21.3275     0.0276      0.072      6.046      8.769        432 7.8212e-01 0.0000e+00
      6.182    11.8213     1.0352      9.568  40.066892     54.393      6.170   315.1118     0.8977    21.4752     0.0276      0.074      6.063      8.794        433 7.5513e-01 0.0000e+00
      6.202    11.8243     1.0337      9.553  40.050574     54.393      6.169   314.7332     0.9058    21.4484     0.0276      0.077      6.079      8.818        434 7.1832e-01 0.0000e+00
      6.215    11.8251     1.0334      9.550  40.064048     54.391      6.167   314.6575     0.9341    21.4081     0.0276      0.080      6.094      8.839        435 7.1511e-01 0.0000e+00
      6.227    11.8237     1.0327      9.543  40.050123     54.386      6.167   314.8847     0.9665    21.8109     0.0276      0.079      6.109      8.862        436 7.4031e-01 0.0000e+00
      6.249    11.8214     1.0352      9.566  40.067904     54.385      6.169   314.7332     0.9543    21.7975     0.0276      0.074      6.130      8.892        437 7.0377e-01 0.0000e+00
      6.279    11.8195     1.0350      9.564  40.101252     54.463      6.167   314.9982     0.9867    21.8781     0.0276      0.072      6.158      8.932        438 6.1931e-01 0.0000e+00
      6.312    11.8183     1.0313      9.530  40.127284     54.466      6.161   314.9604     0.9948    21.8244     0.0276      0.075      6.185      8.971        439 5.9328e-01 0.0000e+00
      6.329    11.8177     1.0295      9.513  40.154171     54.545      6.159   315.2632     0.9948    21.7572     0.0276      0.081      6.205      9.000        440 5.9627e-01 0.0000e+00
      6.342    11.8178     1.0268      9.489  40.127125     54.471      6.157   314.8468     1.1161    22.6569     0.0276      0.083      6.223      9.027        441 5.6771e-01 0.0000e+00
      6.371    11.8175     1.0257      9.478  40.160944     54.548      6.157   315.7175     1.0999    22.6435     0.0276      0.087      6.248      9.062        442 5.2002e-01 0.0000e+00
      6.401    11.8171     1.0255      9.477  40.171416     54.547      6.152   315.5282     1.0999    22.7509     0.0276      0.093      6.274      9.100        443 5.0027e-01 0.0000e+00
      6.418    11.8162     1.0238      9.461  40.114093     54.472      6.152   315.4525     1.1120    22.7778     0.0276      0.094      6.296      9.131        444 4.9674e-01 0.0000e+00
      6.441    11.8147     1.0151      9.381  40.113618     54.473      6.151   315.0740     1.0433    22.6032     0.0276      0.092      6.319      9.163        445 4.7367e-01 0.0000e+00
      6.470    11.8134     1.0221      9.446  40.112674     54.474      6.150   315.0740     1.0473    22.7509     0.0276      0.091      6.342      9.198        446 4.5870e-01 0.0000e+00
      6.488    11.8124     1.0210      9.435  40.115269     54.476      6.149   316.4747     1.0109    22.5629     0.0276      0.090      6.361      9.226        447 4.2164e-01 0.0000e+00
      6.501    11.8119     1.0209      9.434  40.110392     54.478      6.148   316.1718     1.0271    22.6166     0.0276      0.089      6.377      9.250        448 4.2977e-01 0.0000e+00
      6.521    11.8121     1.0220      9.444  40.118745     54.480      6.147   316.2854     1.0392    22.9792     0.0276      0.087      6.397      9.278        449 4.1836e-01 0.0000e+00
      6.547    11.8124     1.0202      9.427  40.104874     54.480      6.147   315.9068     1.0514    22.8046     0.0276      0.083      6.420      9.311        450 3.7669e-01 0.0000e+00
      6.569    11.8125     1.0296      9.513  40.068325     54.404      6.147   316.2097     1.0352    22.9389     0.0276      0.082      6.440      9.341        451 3.7652e-01 0.0000e+00
      6.586    11.8124     1.0241      9.463  40.104899     54.480      6.145   316.1340     1.0312    22.8852     0.0276      0.081      6.457      9.366        452 3.5122e-01 0.0000e+00
      6.600    11.8125     1.0202      9.427  40.118687     54.479      6.145   316.2475     1.0392    22.7106     0.0276      0.078      6.472      9.386        453 3.4542e-01 0.0000e+00
      6.611    11.8131     1.0206      9.431  40.110498     54.480      6.145   316.2097     1.0190    22.6166     0.0276      0.073      6.484      9.404        454 3.4021e-01 0.0000e+00
      6.624    11.8145     1.0255      9.476  40.115093     54.479      6.146   316.8532     1.0554    22.6166     0.0276      0.070      6.497      9.424        455 3.5110e-01 0.0000e+00
      6.642    11.8148     1.0196      9.422  40.112969     54.478      6.145   316.6261     1.0312    22.6301     0.0276      0.067      6.516      9.450        456 3.4192e-01 0.0000e+00
      6.667    11.8141     1.0192      9.418  40.113141     54.476      6.146   314.5818     1.0473    23.0195     0.0276      0.065      6.540      9.485        457 3.2114e-01 0.0000e+00
      6.697    11.8129     1.0152      9.380  40.114878     54.476      6.145   314.3925     1.0635    23.0866     0.0276      0.067      6.565      9.521        458 2.9642e-01 0.0000e+00
      6.716    11.8112     1.0062      9.297  40.170139     54.553      6.144   315.9068     1.0433    23.1806     0.0276      0.071      6.585      9.551        459 2.7811e-01 0.0000e+00
      6.729    11.8101     1.0134      9.364  40.163033     54.555      6.142   315.8311     1.0190    23.1135     0.0276      0.074      6.602      9.576        460 3.1615e-01 0.0000e+00
      6.754    11.8100     1.0085      9.319  40.123721     54.481      6.141   317.3075     1.0514    23.0463     0.0276      0.079      6.624      9.607        461 2.8352e-01 0.0000e+00
      6.782    11.8103     0.9995      9.236  40.159731     54.559      6.137   316.7397     1.1161    23.1135     0.0276      0.085      6.646      9.640        462 2.5743e-01 0.0000e+00
      6.796    11.8106     1.0025      9.264  40.177551     54.559      6.137   313.5975     1.0999    23.1403     0.0276      0.086      6.662      9.662        463 2.7318e-01 0.0000e+00
      6.801    11.8108     1.0015      9.255  40.160876     54.558      6.136   314.0518     1.0878    23.0597     0.0276      0.080      6.674      9.679        464 2.4636e-01 0.0000e+00
      6.820    11.8108     1.0037      9.275  40.121152     54.482      6.133   314.1275     1.0918    23.0866     0.0276      0.074      6.691      9.705        465 2.1517e-01 0.0000e+00
      6.849    11.8112     1.0007      9.247  40.108325     54.482      6.137   315.7175     1.0918    23.0866     0.0276      0.072      6.715      9.739        466 2.1896e-01 0.0000e+00
      6.871    11.8109     1.0037      9.275  40.117509     54.482      6.132   315.3390     1.1080    23.1537     0.0276      0.074      6.736      9.769        467 2.2818e-01 0.0000e+00
      6.884    11.8097     1.0019      9.258  40.109723     54.481      6.131   314.2790     1.0878    23.1135     0.0276      0.074      6.753      9.794        468 2.1876e-01 0.0000e+00
      6.905    11.8094     1.0056      9.292  40.177345     54.558      6.132   313.3704     1.0918    23.1269     0.0276      0.073      6.769      9.818        469 2.0805e-01 0.0000e+00
      6.917    11.8091     1.0069      9.304  40.211348     54.635      6.132   313.4461     1.0433    23.1269     0.0277      0.071      6.780      9.834        470 1.9366e-01 0.0000e+00
      6.919    11.8087     1.0076      9.311  40.126739     54.484      6.131   313.5218     1.0352    23.0195     0.0276      0.068      6.787      9.844        471 2.0122e-01 0.0000e+00
      6.929    11.8098     1.0100      9.332  40.163978     54.560      6.130   313.4461     1.0514    23.1403     0.0276      0.064      6.801      9.864        472 1.9143e-01 0.0000e+00
      6.959    11.8113     1.0124      9.355  40.165006     54.561      6.132   316.2097     1.0473    23.1403     0.0276      0.061      6.825      9.898        473 1.7585e-01 0.0000e+00
      6.988    11.8114     1.0063      9.298  40.125460     54.483      6.128   315.4147     1.1161    23.1672     0.0276      0.060      6.850      9.935        474 1.8661e-01 0.0000e+00
      7.008    11.8111     1.0102      9.334  40.153860     54.557      6.129   315.6418     1.0878    23.0597     0.0276      0.064      6.872      9.966        475 2.0218e-01 0.0000e+00
      7.027    11.8109     1.0096      9.329  40.129662     54.481      6.127   313.8247     1.0918    23.0329     0.0276      0.070      6.892      9.996        476 1.8606e-01 0.0000e+00
      7.050    11.8102     1.0092      9.325  40.155575     54.557      6.129   314.2032     1.0999    23.0866     0.0276      0.075      6.915     10.030        477 1.6389e-01 0.0000e+00
      7.079    11.8098     1.0097      9.330  40.121612     54.482      6.125   318.5190     1.1201    23.2612     0.0276      0.084      6.938     10.062        478 1.9031e-01 0.0000e+00
      7.093    11.8094     1.0102      9.335  40.112598     54.483      6.125   318.1025     1.0999    23.2477     0.0276      0.089      6.954     10.085        479 2.0540e-01 0.0000e+00
      7.099    11.8090     1.0058      9.294  40.107464     54.483      6.124   318.5568     1.0797    23.2612     0.0276      0.085      6.968     10.105        480 1.8237e-01 0.0000e+00
      7.123    11.8095     1.0119      9.350  40.068670     54.408      6.122   316.9668     1.0999    23.2880     0.0276      0.079      6.989     10.135        481 1.6363e-01 0.0000e+00
      7.155    11.8102     1.0119      9.350  40.101545     54.484      6.119   316.9668     1.0878    23.2209     0.0276      0.079      7.014     10.172        482 1.6513e-01 0.0000e+00
      7.175    11.8094     1.0131      9.361  40.066552     54.408      6.119   317.0047     1.1161    23.3014     0.0276      0.080      7.034     10.201        483 1.4566e-01 0.0000e+00
      7.187    11.8081     1.0103      9.335  40.112218     54.483      6.118   317.7997     1.0999    23.3149     0.0276      0.078      7.049     10.225        484 1.2975e-01 0.0000e+00
      7.206    11.8074     1.0060      9.296  40.104046     54.484      6.115   318.8218     1.0878    23.1940     0.0276      0.076      7.069     10.253        485 1.3640e-01 0.0000e+00
      7.236    11.8072     1.0052      9.288  40.076722     54.410      6.117   318.5190     1.0999    23.2880     0.0276      0.078      7.093     10.287        486 1.3070e-01 0.0000e+00
      7.256    11.8095     1.0029      9.267  40.146225     54.563      6.117   319.1625     1.0999    24.2414     0.0276      0.082      7.112     10.315        487 1.3370e-01 0.0000e+00
      7.265    11.8129     1.0036      9.273  40.136215     54.487      6.117   318.2918     1.1080    24.1071     0.0276      0.082      7.127     10.337        488 1.2831e-01 0.0000e+00
      7.284    11.8127     1.0035      9.272  40.148509     54.560      6.115   316.8154     1.1161    24.1608     0.0276      0.077      7.144     10.362        489 1.2387e-01 0.0000e+00
      7.307    11.8111     1.0038      9.275  40.130924     54.479      6.115   317.5725     1.0999    24.1608     0.0276      0.075      7.163     10.390        490 1.2684e-01 0.0000e+00
      7.322    11.8105     1.0023      9.262  40.158098     54.555      6.115   317.3075     1.0756    23.5029     0.0276      0.074      7.183     10.419        491 1.2479e-01 0.0000e+00
      7.348    11.8095     1.0050      9.287  40.174021     54.558      6.116   317.4590     1.0959    23.5163     0.0276      0.076      7.208     10.454        492 1.2600e-01 0.0000e+00
      7.381    11.8085     1.0029      9.267  40.111109     54.482      6.114   318.8218     1.1323    23.4894     0.0276      0.079      7.234     10.493        493 1.2537e-01 0.0000e+00
      7.401    11.8083     1.0026      9.264  40.117730     54.484      6.114   314.7711     1.0959    23.5834     0.0276      0.081      7.255     10.523        494 1.2562e-01 0.0000e+00
      7.412    11.8080     1.0062      9.297  40.106450     54.485      6.111   315.3768     1.1606    23.2075     0.0276      0.083      7.272     10.547        495 1.2547e-01 0.0000e+00
      7.435    11.8074     1.0071      9.305  40.065815     54.410      6.111   315.0361     1.1565    23.3149     0.0276      0.086      7.292     10.577        496 1.2557e-01 0.0000e+00
      7.461    11.8070     1.0047      9.282  40.108969     54.486      6.109   317.3454     1.1727    23.3954     0.0276      0.087      7.316     10.611        497 1.2547e-01 0.0000e+00
      7.482    11.8069     1.0020      9.257  40.171410     54.563      6.107   317.1182     1.1929    23.2880     0.0276      0.087      7.339     10.645        498 1.2543e-01 0.0000e+00
      7.511    11.8084     1.0054      9.289  40.166103     54.563      6.110   317.0047     1.1606    23.3417     0.0276      0.088      7.364     10.681        499 1.2538e-01 0.0000e+00
      7.536    11.8096     1.0035      9.271  40.174907     54.564      6.107   314.6575     1.1525    23.3149     0.0276      0.089      7.386     10.712        500 1.2537e-01 0.0000e+00
      7.546    11.8099     1.0052      9.287  40.160455     54.561      6.104   314.7711     1.1929    23.3149     0.0276      0.086      7.402     10.736        501 1.2576e-01 0.0000e+00
      7.565    11.8098     1.0047      9.282  40.124753     54.484      6.105   315.0740     1.1767    23.3149     0.0276      0.086      7.422     10.765        502 1.2520e-01 0.0000e+00
      7.594    11.8085     1.0036      9.272  40.160004     54.559      6.107   315.0361     1.1363    23.3149     0.0276      0.088      7.446     10.800        503 1.2590e-01 0.0000e+00
      7.619    11.8071     0.9996      9.235  40.175920     54.559      6.103   315.1497     1.0190    23.2880     0.0276      0.087      7.470     10.834        504 1.2474e-01 0.0000e+00
      7.637    11.8056     0.9937      9.180  40.164280     54.561      6.105   315.9825     1.0150    23.2343     0.0276      0.086      7.488     10.861        505 1.2663e-01 0.0000e+00
      7.651    11.8045     0.9918      9.163  40.115159     54.487      6.106   315.4904     1.0352    23.2746     0.0276      0.083      7.503     10.883        506 1.3166e-01 0.0000e+00
      7.665    11.8043     0.9889      9.136  40.118386     54.490      6.107   314.6575     1.0352    23.4223     0.0276      0.078      7.518     10.904        507 1.2673e-01 0.0000e+00
      7.681    11.8054     0.9816      9.068  40.160264     54.567      6.107   314.4682     1.0756    23.0195     0.0276      0.076      7.535     10.928        508 1.2479e-01 0.0000e+00
      7.703    11.8050     0.9781      9.036  40.122377     54.492      6.109   314.6197     1.0837    23.0866     0.0276      0.075      7.555     10.958        509 1.2592e-01 0.0000e+00
      7.727    11.8032     0.9796      9.050  40.106206     54.490      6.108   317.7618     1.1120    23.1135     0.0276      0.074      7.578     10.991        510 1.2526e-01 0.0000e+00
