Data/DataNotYetUploadedToEDI/Raw_CTD/RawDownloads/081219_fcr20.cnv
* Sea-Bird SBE19plus  Data File:
* FileName = C:\DATA\081219_fcr_0002.hex
* Software version 2.8.0.119 SB_Terminal.dll
* Temperature SN = 7809
* Conductivity SN = 7809
* System UpLoad Time = Aug 12 2019 16:25:42
* <ApplicationData>
* <Seaterm232>
# nquan = 16
# nvalues = 689                         
# units = specified
# name 0 = depFM: Depth [fresh water, m]
# name 1 = dz/dtM: Descent Rate [m/s]
# name 2 = sbeox0Mg/L: Oxygen, SBE 43 [mg/l]
# name 3 = sbeox0PS: Oxygen, SBE 43 [% saturation]
# name 4 = specc: Specific Conductance [uS/cm]
# name 5 = c0uS/cm: Conductivity [uS/cm]
# name 6 = flECO-AFL: Fluorescence, WET Labs ECO-AFL/FL [mg/m^3]
# name 7 = ph: pH
# name 8 = orp: Oxidation Reduction Potential [mV]
# name 9 = par/sat/log: PAR/Logarithmic, Satlantic
# name 10 = turbWETntu0: Turbidity, WET Labs ECO [NTU]
# name 11 = prdM: Pressure, Strain Gauge [db]
# name 12 = prdE: Pressure, Strain Gauge [psi]
# name 13 = tv290C: Temperature [ITS-90, deg C]
# name 14 = density00: Density [density, kg/m^3]
# name 15 = flag:  0.000e+00
# span 0 =     -0.397,      3.028       
# span 1 =     -0.017,      0.208       
# span 2 =     0.0727,    11.4728       
# span 3 =      0.838,    141.207       
# span 4 =     35.906,    102.046       
# span 5 =  35.774647,  90.839532       
# span 6 =     1.5466,    15.2487       
# span 7 =      7.326,      9.086       
# span 8 =    94.7336,   263.3711       
# span 9 = 1.4375e+01, 2.2878e+03       
# span 10 =     3.4714,    50.6834      
# span 11 =     -0.403,      2.970      
# span 12 =     -0.583,      4.307      
# span 13 =    19.4830,    28.1217      
# span 14 =   996.2155,   998.3635      
# span 15 = 0.0000e+00, 0.0000e+00      
# interval = seconds: 0.25
# start_time = Aug 12 2019 12:13:15 [Instrument's time stamp, header]
# bad_flag = -9.990e-29
*END*
[from data line 91]
     -0.029     -0.004     6.5026     80.566     36.524  37.463954     2.3456      8.538   177.4891 1.3242e+03     3.5822     -0.028     -0.041    26.2771   996.7298 0.0000e+00
     -0.029     -0.003     6.4808     80.295     36.538  37.477689     2.4095      8.536   177.6883 1.7320e+03     3.6778     -0.028     -0.041    26.2774   996.7297 0.0000e+00
     -0.030     -0.002     6.4571     80.006     36.559  37.501818     2.4477      8.535   177.9590 2.0824e+03     3.7599     -0.030     -0.043    26.2780   996.7295 0.0000e+00
     -0.032     -0.001     6.4311     79.698     36.553  37.501803     2.4524      8.535   178.2666 2.1899e+03     3.7561     -0.032     -0.046    26.2805   996.7288 0.0000e+00
     -0.033     -0.000     6.4005     79.337     36.519  37.477514     2.4753      8.535   178.5684 2.2041e+03     3.7294     -0.034     -0.049    26.2809   996.7288 0.0000e+00
     -0.033      0.001     6.3681     78.948     36.497  37.462062     2.5248      8.535   178.8542 2.2035e+03     3.7327     -0.033     -0.047    26.2793   996.7292 0.0000e+00
     -0.031      0.003     6.3383     78.586     36.474  37.441927     2.5568      8.534   179.1414 2.1958e+03     3.7630     -0.031     -0.044    26.2800   996.7290 0.0000e+00
     -0.030      0.005     6.3128     78.277     36.454  37.424502     2.5669      8.532   179.4598 2.1857e+03     3.8013     -0.029     -0.042    26.2909   996.7261 0.0000e+00
     -0.028      0.005     6.2911     78.021     36.464  37.441802     2.5692      8.531   179.8634 2.1787e+03     3.8023     -0.028     -0.040    26.3079   996.7216 0.0000e+00
     -0.027      0.005     6.2708     77.786     36.474  37.460685     2.5585      8.530   180.2358 2.1766e+03     3.7753     -0.026     -0.037    26.3174   996.7190 0.0000e+00
     -0.025      0.005     6.2509     77.552     36.469  37.462400     2.5503      8.529   180.4357 2.1763e+03     3.7697     -0.024     -0.035    26.3195   996.7184 0.0000e+00
     -0.025      0.005     6.2321     77.328     36.465  37.462554     2.5563      8.529   180.5592 2.1762e+03     3.7672     -0.024     -0.036    26.3234   996.7174 0.0000e+00
     -0.024      0.004     6.2144     77.116     36.461  37.462552     2.5794      8.528   180.6962 2.1764e+03     3.7449     -0.023     -0.034    26.3343   996.7144 0.0000e+00
     -0.022      0.001     6.1978     76.913     36.459  37.462381     2.6130      8.528   180.8027 2.1775e+03     3.7295     -0.021     -0.031    26.3469   996.7111 0.0000e+00
     -0.021     -0.003     6.1830     76.731     36.457  37.460495     2.6331      8.529   180.8997 2.1784e+03     3.7441     -0.020     -0.029    26.3559   996.7087 0.0000e+00
     -0.021     -0.005     6.1689     76.554     36.437  37.439745     2.6312      8.530   181.0942 2.1800e+03     3.7572     -0.020     -0.029    26.3625   996.7069 0.0000e+00
     -0.023     -0.005     6.1560     76.389     36.403  37.401920     2.6508      8.529   181.3487 2.1839e+03     3.7571     -0.022     -0.032    26.3673   996.7057 0.0000e+00
     -0.028     -0.003     6.1490     76.294     36.390  37.384000     2.7060      8.527   181.6529 2.1865e+03     3.7432     -0.027     -0.039    26.3702   996.7048 0.0000e+00
     -0.033     -0.001     6.1484     76.281     36.422  37.413487     2.7341      8.522   182.0189 2.1845e+03     3.7204     -0.035     -0.050    26.3713   996.7045 0.0000e+00
     -0.032      0.000     6.1514     76.325     36.445  37.441065     2.7314      8.519   182.2471 2.1772e+03     3.7438     -0.035     -0.052    26.3716   996.7043 0.0000e+00
     -0.027      0.001     6.1568     76.426     36.386  37.400072     2.7424      8.519   182.3463 2.1703e+03     3.7965     -0.025     -0.036    26.3668   996.7057 0.0000e+00
     -0.022      0.003     6.1643     76.569     36.324  37.362201     2.8144      8.518   182.5302 2.1671e+03     3.8659     -0.018     -0.027    26.3583   996.7080 0.0000e+00
     -0.023      0.003     6.1726     76.707     36.309  37.364058     2.9347      8.517   182.7500 2.1669e+03     3.9609     -0.022     -0.033    26.3528   996.7094 0.0000e+00
     -0.027      0.001     6.1792     76.807     36.296  37.359079     3.0011      8.517   182.9392 2.1692e+03     3.9954     -0.027     -0.040    26.3510   996.7099 0.0000e+00
     -0.028     -0.001     6.1806     76.833     36.297  37.365487     3.0014      8.519   183.1837 2.1704e+03     3.9876     -0.029     -0.042    26.3800   996.7020 0.0000e+00
     -0.026     -0.002     6.1758     76.774     36.309  37.378065     2.9818      8.520   183.4686 2.1682e+03     3.9973     -0.025     -0.036    26.4302   996.6885 0.0000e+00
     -0.025     -0.000     6.1667     76.654     36.318  37.384212     2.9547      8.520   183.7158 2.1625e+03     3.9820     -0.023     -0.034    26.4513   996.6829 0.0000e+00
     -0.027      0.001     6.1524     76.473     36.312  37.376328     2.9340      8.519   183.9354 2.1571e+03     3.9665     -0.027     -0.039    26.4585   996.6809 0.0000e+00
     -0.028     -0.001     6.1333     76.238     36.282  37.346218     2.9222      8.519   184.1453 2.1549e+03     3.9738     -0.028     -0.041    26.4685   996.6782 0.0000e+00
     -0.026     -0.005     6.1134     75.995     36.272  37.337519     2.9247      8.518   184.3611 2.1522e+03     3.9723     -0.025     -0.037    26.4671   996.6787 0.0000e+00
     -0.025     -0.009     6.0943     75.757     36.269  37.334638     2.9381      8.518   184.5655 2.1478e+03     3.9803     -0.023     -0.034    26.4595   996.6807 0.0000e+00
     -0.026     -0.012     6.0763     75.530     36.248  37.311380     2.9376      8.518   184.7231 2.1469e+03     3.9723     -0.024     -0.035    26.4564   996.6815 0.0000e+00
     -0.032     -0.013     6.0656     75.391     36.250  37.310201     2.9271      8.519   184.9771 2.1503e+03     3.9415     -0.030     -0.044    26.4598   996.6805 0.0000e+00
     -0.042     -0.013     6.0652     75.380     36.263  37.320378     2.9233      8.521   185.3133 2.1502e+03     3.9020     -0.041     -0.059    26.4643   996.6793 0.0000e+00
     -0.048     -0.012     6.0704     75.439     36.253  37.307477     2.9260      8.522   185.5182 2.1381e+03     3.8233     -0.050     -0.072    26.4642   996.6793 0.0000e+00
     -0.048     -0.010     6.0774     75.520     36.231  37.281152     2.9346      8.522   185.6475 2.0687e+03     3.7760     -0.048     -0.070    26.4607   996.6802 0.0000e+00
     -0.046     -0.007     6.0840     75.595     36.210  37.255981     2.9403      8.522   185.7580 1.6327e+03     3.7885     -0.043     -0.063    26.4568   996.6812 0.0000e+00
     -0.047     -0.003     6.0875     75.630     36.215  37.257021     2.9345      8.522   185.9087 9.3303e+02     3.8431     -0.044     -0.065    26.4524   996.6825 0.0000e+00
     -0.050     -0.002     6.0879     75.628     36.255  37.293723     2.9245      8.522   186.1788 6.8606e+02     3.9125     -0.050     -0.072    26.4472   996.6839 0.0000e+00
     -0.051     -0.003     6.0804     75.533     36.280  37.318893     2.9236      8.523   186.4423 7.5481e+02     3.9395     -0.051     -0.074    26.4435   996.6849 0.0000e+00
     -0.050     -0.004     6.0624     75.317     36.265  37.307455     2.9325      8.524   186.5998 9.9818e+02     3.9722     -0.049     -0.071    26.4391   996.6860 0.0000e+00
     -0.049     -0.003     6.0420     75.074     36.235  37.282388     2.9368      8.526   186.7068 1.6294e+03     3.9808     -0.048     -0.069    26.4317   996.6880 0.0000e+00
     -0.051     -0.002     6.0192     74.794     36.221  37.269713     2.9587      8.526   186.9622 2.0620e+03     3.8139     -0.050     -0.072    26.4249   996.6899 0.0000e+00
     -0.055     -0.001     5.9915     74.452     36.231  37.281149     3.0064      8.526   187.2780 2.1146e+03     3.5604     -0.055     -0.079    26.4228   996.6904 0.0000e+00
     -0.057     -0.000     5.9631     74.104     36.241  37.293711     3.0359      8.527   187.5142 2.1053e+03     3.4714     -0.057     -0.083    26.4307   996.6882 0.0000e+00
     -0.055      0.001     5.9362     73.774     36.240  37.294654     3.0464      8.528   187.7537 2.0783e+03     3.5253     -0.053     -0.078    26.4416   996.6853 0.0000e+00
     -0.053      0.003     5.9103     73.454     36.236  37.292553     3.0214      8.529   187.9363 2.0468e+03     3.5889     -0.051     -0.073    26.4431   996.6849 0.0000e+00
     -0.052      0.005     5.8859     73.155     36.210  37.268318     2.9669      8.530   188.0871 2.0393e+03     3.6500     -0.051     -0.074    26.4426   996.6851 0.0000e+00
     -0.050      0.005     5.8627     72.873     36.194  37.255528     2.9421      8.532   188.2859 2.0621e+03     3.7073     -0.050     -0.073    26.4470   996.6839 0.0000e+00
     -0.048      0.005     5.8403     72.598     36.202  37.264864     2.9388      8.533   188.5332 2.0836e+03     3.7569     -0.047     -0.068    26.4499   996.6831 0.0000e+00
     -0.047      0.005     5.8228     72.379     36.192  37.254258     2.9523      8.534   188.8405 2.0861e+03     3.7912     -0.046     -0.066    26.4506   996.6830 0.0000e+00
     -0.047      0.005     5.8115     72.236     36.193  37.254229     2.9763      8.535   189.0765 2.0762e+03     3.7948     -0.047     -0.068    26.4544   996.6819 0.0000e+00
     -0.047      0.004     5.8024     72.123     36.203  37.264509     2.9855      8.537   189.1488 2.0656e+03     3.7678     -0.048     -0.069    26.4608   996.6801 0.0000e+00
     -0.044      0.002     5.7937     72.018     36.189  37.251606     2.9952      8.538   189.1987 2.0666e+03     3.7598     -0.043     -0.063    26.4639   996.6793 0.0000e+00
     -0.041      0.000     5.7842     71.903     36.162  37.225177     3.0324      8.539   189.3356 2.0761e+03     3.7963     -0.040     -0.057    26.4616   996.6800 0.0000e+00
     -0.041     -0.001     5.7718     71.750     36.136  37.198862     3.0978      8.542   189.4272 2.0824e+03     3.8158     -0.039     -0.057    26.4584   996.6809 0.0000e+00
     -0.043     -0.002     5.7587     71.586     36.125  37.187322     3.1350      8.546   189.4465 2.0877e+03     3.7988     -0.043     -0.062    26.4587   996.6808 0.0000e+00
     -0.047     -0.003     5.7460     71.427     36.150  37.212597     3.1265      8.549   189.6543 2.0947e+03     3.7870     -0.047     -0.067    26.4616   996.6800 0.0000e+00
     -0.048     -0.003     5.7313     71.245     36.187  37.250566     3.1349      8.551   190.0477 2.0987e+03     3.8373     -0.048     -0.069    26.4644   996.6793 0.0000e+00
     -0.047     -0.002     5.7141     71.034     36.200  37.265548     3.1755      8.551   190.3306 2.0979e+03     3.9478     -0.047     -0.068    26.4648   996.6791 0.0000e+00
     -0.046      0.000     5.6950     70.799     36.200  37.266806     3.2008      8.550   190.4937 2.0932e+03     4.0418     -0.045     -0.066    26.4632   996.6795 0.0000e+00
     -0.046      0.000     5.6738     70.536     36.198  37.265776     3.1988      8.550   190.6438 2.0871e+03     4.0563     -0.045     -0.065    26.4626   996.6797 0.0000e+00
     -0.046      0.000     5.6516     70.262     36.185  37.253091     3.1856      8.552   190.7678 2.0806e+03     4.0250     -0.045     -0.066    26.4634   996.6795 0.0000e+00
     -0.046     -0.001     5.6306     70.002     36.172  37.240396     3.1882      8.554   190.9613 2.0738e+03     4.0238     -0.046     -0.066    26.4653   996.6790 0.0000e+00
     -0.047     -0.002     5.6107     69.755     36.171  37.239222     3.2212      8.556   191.2621 2.0681e+03     4.0415     -0.046     -0.067    26.4673   996.6784 0.0000e+00
     -0.049     -0.002     5.5911     69.512     36.170  37.238898     3.2467      8.558   191.4792 2.0638e+03     4.0427     -0.048     -0.069    26.4686   996.6781 0.0000e+00
     -0.049     -0.002     5.5710     69.262     36.167  37.236487     3.2454      8.561   191.5208 2.0612e+03     4.0381     -0.048     -0.070    26.4697   996.6777 0.0000e+00
     -0.049     -0.002     5.5500     69.002     36.141  37.210067     3.2319      8.565   191.5933 2.0605e+03     4.0510     -0.048     -0.070    26.4704   996.6775 0.0000e+00
     -0.049     -0.002     5.5315     68.771     36.106  37.173346     3.2218      8.566   191.8403 2.0598e+03     4.0684     -0.048     -0.069    26.4707   996.6775 0.0000e+00
     -0.050     -0.002     5.5167     68.587     36.106  37.173337     3.2278      8.566   192.0975 2.0555e+03     4.0523     -0.049     -0.071    26.4709   996.6774 0.0000e+00
     -0.052     -0.002     5.5017     68.399     36.142  37.209952     3.2434      8.567   192.2090 2.0487e+03     4.0202     -0.051     -0.073    26.4714   996.6773 0.0000e+00
     -0.052     -0.002     5.4862     68.206     36.167  37.235216     3.2630      8.569   192.3273 2.0443e+03     4.0074     -0.051     -0.074    26.4718   996.6771 0.0000e+00
     -0.052     -0.002     5.4734     68.049     36.156  37.224913     3.2830      8.572   192.5816 2.0432e+03     3.9951     -0.051     -0.074    26.4719   996.6771 0.0000e+00
     -0.052     -0.002     5.4636     67.928     36.143  37.212333     3.2937      8.573   192.7889 2.0426e+03     4.0031     -0.051     -0.073    26.4710   996.6775 0.0000e+00
     -0.053     -0.001     5.4548     67.818     36.141  37.210055     3.2969      8.574   192.8548 2.0419e+03     4.0388     -0.053     -0.076    26.4698   996.6777 0.0000e+00
     -0.054     -0.000     5.4445     67.690     36.129  37.197361     3.2958      8.574   192.9488 2.0390e+03     4.0991     -0.054     -0.078    26.4703   996.6776 0.0000e+00
     -0.054      0.002     5.4328     67.542     36.119  37.185800     3.2979      8.574   193.2373 2.0347e+03     4.1749     -0.053     -0.077    26.4716   996.6772 0.0000e+00
     -0.054      0.006     5.4216     67.402     36.131  37.197215     3.3047      8.573   193.5893 2.0344e+03     4.2019     -0.053     -0.076    26.4725   996.6770 0.0000e+00
     -0.053      0.009     5.4114     67.273     36.143  37.208431     3.3089      8.572   193.6768 2.0347e+03     4.1958     -0.052     -0.076    26.4723   996.6770 0.0000e+00
     -0.050      0.010     5.4019     67.156     36.129  37.194468     3.3229      8.572   193.6064 2.0312e+03     4.1991     -0.051     -0.073    26.4716   996.6772 0.0000e+00
     -0.044      0.009     5.3988     67.121     36.089  37.155334     3.3444      8.575   193.6847 2.0268e+03     4.2088     -0.044     -0.063    26.4708   996.6775 0.0000e+00
     -0.038      0.008     5.4055     67.209     36.049  37.116105     3.3515      8.578   193.8495 2.0222e+03     4.2153     -0.036     -0.052    26.4686   996.6781 0.0000e+00
     -0.036      0.005     5.4172     67.355     36.033  37.101012     3.3486      8.580   193.9641 2.0181e+03     4.2118     -0.034     -0.049    26.4669   996.6786 0.0000e+00
     -0.038      0.002     5.4282     67.493     36.032  37.099797     3.3519      8.583   194.0376 2.0163e+03     4.1672     -0.038     -0.054    26.4675   996.6784 0.0000e+00
     -0.040     -0.003     5.4343     67.574     36.031  37.101403     3.3654      8.585   194.1357 2.0154e+03     4.0688     -0.041     -0.059    26.4713   996.6774 0.0000e+00
     -0.041     -0.007     5.4358     67.600     36.044  37.120433     3.3736      8.587   194.2902 2.0133e+03     4.0048     -0.040     -0.058    26.4750   996.6763 0.0000e+00
     -0.041     -0.010     5.4534     67.802     36.134  37.202951     3.3644      8.590   194.4428 2.0116e+03     4.0167     -0.039     -0.057    26.4757   996.6761 0.0000e+00
     -0.044     -0.011     5.6020     69.547     36.319  37.337433     3.3485      8.594   194.5188 2.0143e+03     4.0156     -0.041     -0.060    26.4749   996.6764 0.0000e+00
     -0.049     -0.010     6.0794     75.273     36.492  37.413408     3.3462      8.597   194.6058 2.0186e+03     4.0245     -0.047     -0.068    26.4772   996.6757 0.0000e+00
