Data/DataNotYetUploadedToEDI/Raw_CTD/RawDownloads/081219_fcr20.cnv
* Sea-Bird SBE19plus  Data File:
* FileName = C:\DATA\081219_fcr_0002.hex
* Software version 2.8.0.119 SB_Terminal.dll
* Temperature SN = 7809
* Conductivity SN = 7809
* System UpLoad Time = Aug 12 2019 16:25:42
* <ApplicationData>
* <Seaterm232>
# nquan = 16
# nvalues = 689                         
# units = specified
# name 0 = depFM: Depth [fresh water, m]
# name 1 = dz/dtM: Descent Rate [m/s]
# name 2 = sbeox0Mg/L: Oxygen, SBE 43 [mg/l]
# name 3 = sbeox0PS: Oxygen, SBE 43 [% saturation]
# name 4 = specc: Specific Conductance [uS/cm]
# name 5 = c0uS/cm: Conductivity [uS/cm]
# name 6 = flECO-AFL: Fluorescence, WET Labs ECO-AFL/FL [mg/m^3]
# name 7 = ph: pH
# name 8 = orp: Oxidation Reduction Potential [mV]
# name 9 = par/sat/log: PAR/Logarithmic, Satlantic
# name 10 = turbWETntu0: Turbidity, WET Labs ECO [NTU]
# name 11 = prdM: Pressure, Strain Gauge [db]
# name 12 = prdE: Pressure, Strain Gauge [psi]
# name 13 = tv290C: Temperature [ITS-90, deg C]
# name 14 = density00: Density [density, kg/m^3]
# name 15 = flag:  0.000e+00
# span 0 =     -0.397,      3.028       
# span 1 =     -0.017,      0.208       
# span 2 =     0.0727,    11.4728       
# span 3 =      0.838,    141.207       
# span 4 =     35.906,    102.046       
# span 5 =  35.774647,  90.839532       
# span 6 =     1.5466,    15.2487       
# span 7 =      7.326,      9.086       
# span 8 =    94.7336,   263.3711       
# span 9 = 1.4375e+01, 2.2878e+03       
# span 10 =     3.4714,    50.6834      
# span 11 =     -0.403,      2.970      
# span 12 =     -0.583,      4.307      
# span 13 =    19.4830,    28.1217      
# span 14 =   996.2155,   998.3635      
# span 15 = 0.0000e+00, 0.0000e+00      
# interval = seconds: 0.25
# start_time = Aug 12 2019 12:13:15 [Instrument's time stamp, header]
# bad_flag = -9.990e-29
*END*
[from data line 633]
      2.880      0.026     0.1064      1.176     73.781  66.760409     6.4871      7.634   159.5427 1.7865e+01     3.8136      2.822      4.092    20.2888   998.1876 0.0000e+00
      2.893      0.030     0.1075      1.187     73.851  66.754236     6.4638      7.629   158.1283 1.7486e+01     3.8358      2.837      4.114    20.2748   998.1907 0.0000e+00
      2.907      0.033     0.1072      1.183     74.256  67.063167     6.4337      7.624   156.5517 1.7255e+01     3.8398      2.853      4.138    20.2778   998.1904 0.0000e+00
      2.915      0.034     0.1055      1.164     75.395  68.016410     6.2093      7.619   154.7617 1.7165e+01     3.7308      2.861      4.149    20.2954   998.1869 0.0000e+00
      2.920      0.034     0.1049      1.155     77.454  69.761075     5.8053      7.613   153.0056 1.7049e+01     3.5666      2.863      4.152    20.2390   998.1986 0.0000e+00
      2.926      0.033     0.1062      1.166     79.701  71.627941     5.5803      7.605   151.3226 1.6859e+01     3.5258      2.868      4.160    20.1805   998.2109 0.0000e+00
      2.935      0.032     0.1077      1.180     81.273  72.849568     5.5355      7.598   149.5556 1.6607e+01     3.5649      2.878      4.174    20.1598   998.2154 0.0000e+00
      2.945      0.032     0.1076      1.177     82.089  73.404208     5.2726      7.592   147.9886 1.6354e+01     3.5803      2.888      4.189    20.1097   998.2261 0.0000e+00
      2.955      0.031     0.1071      1.170     82.900  74.009867     4.7945      7.586   146.6582 1.6155e+01     3.5817      2.898      4.204    20.0404   998.2414 0.0000e+00
      2.964      0.029     0.1077      1.176     84.244  75.148647     4.5396      7.581   145.2570 1.5989e+01     3.5813      2.907      4.217    19.9430   998.2624 0.0000e+00
      2.970      0.024     0.1089      1.189     85.565  76.298581     4.5146      7.576   143.9520 1.5843e+01     3.5753      2.913      4.225    19.8095   998.2903 0.0000e+00
      2.975      0.019     0.1090      1.189     86.566  77.165970     4.5185      7.571   142.9258 1.5741e+01     3.5417      2.918      4.232    19.6907   998.3147 0.0000e+00
      2.979      0.015     0.1078      1.175     87.475  77.940603     4.5520      7.566   141.8837 1.5669e+01     3.5031      2.922      4.238    19.6201   998.3291 0.0000e+00
      2.982      0.013     0.1063      1.157     88.118  78.477526     4.5734      7.562   140.6438 1.5617e+01     3.5019      2.924      4.241    19.5903   998.3359 0.0000e+00
      2.984      0.011     0.1048      1.142     88.530  78.823944     4.5782      7.558   139.3776 1.5582e+01     3.5269      2.927      4.244    19.5803   998.3383 0.0000e+00
      2.986      0.010     0.1044      1.138     89.030  79.266824     4.5833      7.554   138.1035 1.5531e+01     3.5433      2.929      4.247    19.5691   998.3408 0.0000e+00
      2.989      0.010     0.1046      1.139     89.223  79.443463     4.5828      7.549   136.8544 1.5461e+01     3.5363      2.931      4.251    19.5459   998.3458 0.0000e+00
      2.992      0.010     0.1036      1.129     88.624  78.924223     4.5814      7.543   135.7181 1.5399e+01     3.6066      2.934      4.256    19.5208   998.3511 0.0000e+00
      2.995      0.010     0.1027      1.120     87.705  78.140897     4.5752      7.536   134.6034 1.5337e+01     4.6885      2.936      4.259    19.5098   998.3534 0.0000e+00
      2.997      0.010     0.1025      1.118     86.969  77.541433     4.5418      7.529   133.5294 1.5265e+01    16.7153      2.939      4.263    19.5116   998.3534 0.0000e+00
      2.999      0.010     0.1017      1.110     86.384  77.082516     4.4905      7.519   132.4549 1.5197e+01    38.7430      2.941      4.266    19.5140   998.3531 0.0000e+00
      3.002      0.009     0.1001      1.093     86.004  76.789938     4.4664      7.510   131.2477 1.5131e+01    50.6623      2.943      4.270    19.5178   998.3520 0.0000e+00
      3.004      0.009     0.0986      1.076     85.732  76.547986     4.4588      7.502   130.0324 1.5065e+01    50.6834      2.946      4.273    19.5371   998.3477 0.0000e+00
      3.006      0.008     0.0972      1.061     85.237  76.065049     4.3804      7.496   128.8593 1.4987e+01    38.9002      2.948      4.276    19.5736   998.3401 0.0000e+00
      3.009      0.008     0.0943      1.029     84.685  75.529770     4.2383      7.488   127.7324 1.4893e+01    17.0949      2.951      4.279    19.6136   998.3319 0.0000e+00
      3.011      0.007     0.0913      0.996     84.505  75.354452     4.1623      7.480   126.7325 1.4818e+01     5.1696      2.953      4.283    19.6491   998.3246 0.0000e+00
      3.012      0.006     0.0906      0.988     84.849  75.662356     4.1554      7.471   125.8045 1.4771e+01     4.0734      2.954      4.285    19.6522   998.3240 0.0000e+00
      3.014      0.005     0.0912      0.994     85.310  76.072817     4.1554      7.464   124.9434 1.4746e+01     3.9712      2.955      4.286    19.6134   998.3316 0.0000e+00
      3.015      0.004     0.0917      1.000     85.727  76.437923     4.1961      7.457   124.0642 1.4723e+01     3.9663      2.956      4.288    19.5813   998.3378 0.0000e+00
      3.016      0.004     0.0913      0.996     86.394  77.024086     4.2836      7.449   123.0040 1.4686e+01     4.0151      2.958      4.290    19.5775   998.3384 0.0000e+00
      3.016      0.004     0.0901      0.984     87.366  77.881284     4.3378      7.441   121.9327 1.4644e+01     4.0361      2.958      4.290    19.5828   998.3376 0.0000e+00
      3.017      0.004     0.0906      0.989     88.753  79.106361     4.3403      7.434   120.9201 1.4615e+01     3.9914      2.959      4.291    19.5833   998.3378 0.0000e+00
      3.018      0.004     0.0915      0.999     90.346  80.514551     4.3742      7.427   119.7947 1.4587e+01     3.9011      2.960      4.293    19.5777   998.3389 0.0000e+00
      3.019      0.004     0.0907      0.990     91.376  81.422449     4.4527      7.420   118.6507 1.4533e+01     3.7954      2.961      4.294    19.5727   998.3402 0.0000e+00
      3.020      0.004     0.0902      0.984     91.470  81.496064     4.5000      7.412   117.4119 1.4473e+01     3.7629      2.962      4.295    19.5682   998.3414 0.0000e+00
      3.021      0.004     0.0906      0.988     91.090  81.150199     4.5036      7.405   115.9158 1.4430e+01     3.7694      2.963      4.297    19.5601   998.3435 0.0000e+00
      3.022      0.004     0.0909      0.991     90.985  81.057449     4.5230      7.399   114.3282 1.4409e+01     3.7762      2.964      4.299    19.5543   998.3454 0.0000e+00
      3.023      0.003     0.0910      0.992     91.428  81.456040     4.5781      7.393   112.7569 1.4416e+01     3.7797      2.965      4.300    19.5492   998.3468 0.0000e+00
      3.024      0.003     0.0911      0.993     92.276  82.216325     4.6160      7.388   111.1995 1.4424e+01     3.7784      2.966      4.302    19.5423   998.3481 0.0000e+00
      3.025      0.003     0.0901      0.982     93.865  83.633951     4.6247      7.382   109.6946 1.4424e+01     3.7939      2.966      4.302    19.5379   998.3488 0.0000e+00
      3.025      0.002     0.0892      0.972     96.313  85.808731     4.7535      7.376   108.1553 1.4434e+01     3.8361      2.967      4.303    19.5382   998.3486 0.0000e+00
      3.026      0.002     0.0908      0.989     98.815  88.024046     5.0026      7.369   106.6124 1.4453e+01     3.9272      2.967      4.304    19.5420   998.3481 0.0000e+00
      3.027      0.001     0.0920      1.003    100.615  89.611826     5.1401      7.364   105.1504 1.4472e+01     4.0115      2.968      4.305    19.5450   998.3477 0.0000e+00
      3.027      0.001     0.0913      0.996    101.631  90.497363     5.1496      7.358   103.6423 1.4473e+01     4.0358      2.968      4.305    19.5474   998.3478 0.0000e+00
      3.027      0.001     0.0897      0.978    102.046  90.839532     5.0568      7.353   102.2293 1.4471e+01     3.9585      2.968      4.305    19.5441   998.3494 0.0000e+00
      3.027      0.000     0.0885      0.965    101.911  90.694081     4.8668      7.349   100.9728 1.4476e+01     3.7980      2.968      4.305    19.5350   998.3522 0.0000e+00
      3.027 5.5896e-08     0.0887      0.966    101.373  90.202481     4.7513      7.345    99.7211 1.4458e+01     3.7014      2.968      4.305    19.5281   998.3542 0.0000e+00
      3.027 6.1485e-07     0.0887      0.966    100.701  89.605145     4.7183      7.340    98.5377 1.4463e+01     3.7082      2.968      4.305    19.5195   998.3562 0.0000e+00
      3.027      0.000     0.0874      0.951    100.093  89.072154     4.5635      7.335    97.3336 1.4508e+01     3.7822      2.969      4.306    19.5047   998.3594 0.0000e+00
      3.027      0.000     0.0860      0.936     99.692  88.722004     4.2923      7.330    96.0897 1.4525e+01     3.9072      2.968      4.305    19.4896   998.3624 0.0000e+00
      3.027      0.001     0.0853      0.929     99.495  88.553409     4.1532      7.327    95.1132 1.4508e+01     4.0068      2.967      4.304    19.4830   998.3635 0.0000e+00
      3.027      0.001     0.0851      0.927     99.427  88.497359     4.1482      7.326    94.7336 1.4483e+01     4.0368      2.969      4.306    19.4845   998.3629 0.0000e+00
      3.027 -9.990e-29 -9.990e-29 -9.990e-29 -9.990e-29 -9.990e-29 -9.990e-29 -9.990e-29 -9.990e-29 1.4424e+01 -9.990e-29      2.969      4.306    19.4913   998.3613 0.0000e+00
      3.028 -9.990e-29 -9.990e-29 -9.990e-29 -9.990e-29 -9.990e-29 -9.990e-29 -9.990e-29 -9.990e-29 1.4375e+01 -9.990e-29      2.969      4.307    19.4925   998.3609 0.0000e+00
      3.028 -9.990e-29 -9.990e-29 -9.990e-29 -9.990e-29 -9.990e-29 -9.990e-29 -9.990e-29 -9.990e-29 1.4413e+01 -9.990e-29      2.969      4.307    19.4956   998.3602 0.0000e+00
      3.028 -9.990e-29 -9.990e-29 -9.990e-29 -9.990e-29 -9.990e-29 -9.990e-29 -9.990e-29 -9.990e-29 1.4456e+01 -9.990e-29      2.970      4.307    19.5027   998.3587 0.0000e+00
