Data/DataNotYetUploadedToEDI/Raw_CTD/RawDownloads/081219_fcr20.cnv
* Sea-Bird SBE19plus  Data File:
* FileName = C:\DATA\081219_fcr_0002.hex
* Software version 2.8.0.119 SB_Terminal.dll
* Temperature SN = 7809
* Conductivity SN = 7809
* System UpLoad Time = Aug 12 2019 16:25:42
* <ApplicationData>
* <Seaterm232>
# nquan = 16
# nvalues = 689                         
# units = specified
# name 0 = depFM: Depth [fresh water, m]
# name 1 = dz/dtM: Descent Rate [m/s]
# name 2 = sbeox0Mg/L: Oxygen, SBE 43 [mg/l]
# name 3 = sbeox0PS: Oxygen, SBE 43 [% saturation]
# name 4 = specc: Specific Conductance [uS/cm]
# name 5 = c0uS/cm: Conductivity [uS/cm]
# name 6 = flECO-AFL: Fluorescence, WET Labs ECO-AFL/FL [mg/m^3]
# name 7 = ph: pH
# name 8 = orp: Oxidation Reduction Potential [mV]
# name 9 = par/sat/log: PAR/Logarithmic, Satlantic
# name 10 = turbWETntu0: Turbidity, WET Labs ECO [NTU]
# name 11 = prdM: Pressure, Strain Gauge [db]
# name 12 = prdE: Pressure, Strain Gauge [psi]
# name 13 = tv290C: Temperature [ITS-90, deg C]
# name 14 = density00: Density [density, kg/m^3]
# name 15 = flag:  0.000e+00
# span 0 =     -0.397,      3.028       
# span 1 =     -0.017,      0.208       
# span 2 =     0.0727,    11.4728       
# span 3 =      0.838,    141.207       
# span 4 =     35.906,    102.046       
# span 5 =  35.774647,  90.839532       
# span 6 =     1.5466,    15.2487       
# span 7 =      7.326,      9.086       
# span 8 =    94.7336,   263.3711       
# span 9 = 1.4375e+01, 2.2878e+03       
# span 10 =     3.4714,    50.6834      
# span 11 =     -0.403,      2.970      
# span 12 =     -0.583,      4.307      
# span 13 =    19.4830,    28.1217      
# span 14 =   996.2155,   998.3635      
# span 15 = 0.0000e+00, 0.0000e+00      
# interval = seconds: 0.25
# start_time = Aug 12 2019 12:13:15 [Instrument's time stamp, header]
# bad_flag = -9.990e-29
*END*
[from data line 452]
      1.780      0.021     8.7216    105.212     35.952  35.827481     6.1659      8.543   231.0207 5.0307e+01     4.8968      1.747      2.533    24.8260   997.1170 0.0000e+00
      1.785      0.019     8.6955    104.890     35.966  35.838925     6.1523      8.539   231.1797 5.0199e+01     4.8538      1.751      2.539    24.8247   997.1173 0.0000e+00
      1.789      0.018     8.6712    104.589     35.943  35.813748     6.1526      8.536   231.4867 5.0117e+01     4.8368      1.755      2.545    24.8263   997.1169 0.0000e+00
      1.794      0.017     8.6498    104.328     35.908  35.776936     6.1520      8.532   231.9796 5.0005e+01     4.8562      1.759      2.551    24.8238   997.1176 0.0000e+00
      1.798      0.016     8.6319    104.112     35.906  35.774647     6.1706      8.528   232.3211 4.9898e+01     4.8913      1.764      2.559    24.8200   997.1187 0.0000e+00
      1.802      0.015     8.6179    103.943     35.917  35.786082     6.2041      8.525   232.5182 4.9793e+01     4.9329      1.768      2.564    24.8170   997.1194 0.0000e+00
      1.805      0.015     8.6102    103.849     35.920  35.788257     6.2116      8.521   232.7291 4.9665e+01     4.9334      1.771      2.568    24.8121   997.1206 0.0000e+00
      1.809      0.016     8.6081    103.819     35.935  35.800940     6.2004      8.518   232.8055 4.9539e+01     4.8978      1.775      2.574    24.8098   997.1213 0.0000e+00
      1.813      0.017     8.6061    103.785     35.951  35.812499     6.1807      8.516   232.8403 4.9413e+01     4.8301      1.778      2.579    24.8102   997.1211 0.0000e+00
      1.817      0.018     8.6024    103.722     35.946  35.801066     6.1377      8.513   233.0639 4.9304e+01     4.7385      1.782      2.584    24.8111   997.1209 0.0000e+00
      1.822      0.020     8.5962    103.627     35.942  35.789633     6.1058      8.509   233.4443 4.9183e+01     4.6742      1.787      2.592    24.8107   997.1211 0.0000e+00
      1.827      0.020     8.5838    103.457     35.961  35.801193     6.0988      8.506   233.8252 4.8991e+01     4.6427      1.791      2.599    24.8094   997.1214 0.0000e+00
      1.833      0.019     8.5610    103.168     35.979  35.813880     6.0786      8.502   234.0556 4.8786e+01     4.6528      1.797      2.606    24.8038   997.1229 0.0000e+00
      1.840      0.018     8.5272    102.757     35.983  35.816076     6.0445      8.498   234.1646 4.8641e+01     4.6973      1.805      2.618    24.7930   997.1256 0.0000e+00
      1.845      0.016     8.4868    102.274     35.993  35.827753     6.0323      8.495   234.5415 4.8590e+01     4.7222      1.811      2.626    24.7827   997.1282 0.0000e+00
      1.848      0.016     8.4480    101.813     35.991  35.828134     6.0351      8.492   235.2571 4.8597e+01     4.6916      1.813      2.629    24.7700   997.1315 0.0000e+00
      1.849      0.017     8.4208    101.482     35.985  35.820687     6.0177      8.487   235.9334 4.8602e+01     4.6554      1.814      2.631    24.7619   997.1337 0.0000e+00
      1.852      0.019     8.4075    101.291     36.040  35.864645     5.9872      8.483   236.4370 4.8539e+01     4.6771      1.815      2.633    24.7614   997.1338 0.0000e+00
      1.857      0.022     8.4034    101.183     36.178  35.978797     5.9693      8.481   236.8735 4.8352e+01     4.7255      1.820      2.639    24.7646   997.1329 0.0000e+00
      1.864      0.025     8.4016    101.101     36.346  36.121860     5.9659      8.479   237.3394 4.8100e+01     4.7495      1.827      2.650    24.7685   997.1320 0.0000e+00
      1.874      0.029     8.3885    100.892     36.443  36.198015     5.9202      8.476   237.9396 4.7870e+01     4.8027      1.838      2.665    24.7720   997.1312 0.0000e+00
      1.882      0.032     8.3517    100.394     36.468  36.201384     5.8328      8.473   238.7096 4.7706e+01     4.9101      1.847      2.678    24.7586   997.1346 0.0000e+00
      1.888      0.035     8.2932     99.616     36.586  36.289494     5.7936      8.469   239.2498 4.7494e+01     4.9658      1.851      2.685    24.7165   997.1453 0.0000e+00
      1.895      0.037     8.2275     98.718     36.780  36.438179     5.7934      8.465   239.4814 4.7165e+01     4.9516      1.858      2.695    24.6826   997.1540 0.0000e+00
      1.905      0.038     8.1646     97.836     36.935  36.539206     5.7865      8.462   239.7893 4.6813e+01     4.9359      1.868      2.710    24.6608   997.1596 0.0000e+00
      1.917      0.039     8.1019     96.974     37.065  36.622326     5.7457      8.458   240.1338 4.6378e+01     4.9725      1.879      2.725    24.6313   997.1671 0.0000e+00
      1.930      0.039     8.0284     96.013     37.094  36.617970     5.6729      8.456   240.3762 4.5942e+01     5.0670      1.893      2.745    24.5973   997.1758 0.0000e+00
      1.940      0.037     7.9316     94.816     37.042  36.549960     5.6339      8.452   240.5691 4.5655e+01     5.1275      1.905      2.762    24.5346   997.1917 0.0000e+00
      1.948      0.034     7.8219     93.516     37.049  36.561660     5.6306      8.448   240.8313 4.5395e+01     5.1470      1.912      2.772    24.4532   997.2123 0.0000e+00
      1.956      0.031     7.7300     92.445     37.109  36.632502     5.6154      8.445   241.1383 4.5159e+01     5.1390      1.919      2.783    24.3921   997.2277 0.0000e+00
      1.964      0.029     7.6707     91.731     37.123  36.644863     5.5799      8.443   241.3548 4.4986e+01     5.0955      1.927      2.794    24.3455   997.2394 0.0000e+00
      1.970      0.029     7.6418     91.350     37.078  36.584170     5.5567      8.438   241.4707 4.4756e+01     5.1128      1.931      2.801    24.3168   997.2466 0.0000e+00
      1.976      0.028     7.6376     91.255     37.045  36.533361     5.5607      8.434   241.5062 4.4426e+01     5.1842      1.937      2.810    24.3319   997.2429 0.0000e+00
      1.984      0.027     7.6516     91.383     37.069  36.538291     5.5666      8.431   241.6121 4.4104e+01     5.2053      1.946      2.822    24.3633   997.2351 0.0000e+00
      1.993      0.024     7.6770     91.668     37.119  36.580271     5.5668      8.428   241.8915 4.3832e+01     5.1712      1.954      2.835    24.3572   997.2366 0.0000e+00
      2.000      0.022     7.7061     92.042     37.124  36.596622     5.5642      8.425   242.2171 4.3640e+01     5.1321      1.962      2.846    24.3276   997.2440 0.0000e+00
      2.005      0.020     7.7317     92.392     37.053  36.545588     5.5613      8.421   242.5371 4.3585e+01     5.1255      1.967      2.853    24.3042   997.2498 0.0000e+00
      2.008      0.019     7.7512     92.628     36.976  36.471035     5.5829      8.418   242.8354 4.3546e+01     5.1574      1.968      2.855    24.2756   997.2570 0.0000e+00
      2.009      0.019     7.7668     92.762     36.984  36.456872     5.6174      8.414   243.0707 4.3421e+01     5.1577      1.969      2.856    24.2565   997.2618 0.0000e+00
      2.014      0.020     7.7768     92.823     37.054  36.501251     5.6314      8.410   243.3169 4.3191e+01     5.1294      1.974      2.862    24.2781   997.2565 0.0000e+00
      2.021      0.021     7.7780     92.818     37.062  36.499803     5.6315      8.407   243.5748 4.2952e+01     5.1424      1.981      2.875    24.3199   997.2460 0.0000e+00
      2.029      0.023     7.7761     92.795     37.001  36.439359     5.5841      8.405   243.6942 4.2832e+01     5.1835      1.990      2.887    24.3272   997.2441 0.0000e+00
      2.035      0.023     7.7763     92.783     36.972  36.405151     5.5006      8.402   243.8147 4.2709e+01     5.2010      1.995      2.893    24.2837   997.2550 0.0000e+00
      2.040      0.022     7.7758     92.748     36.983  36.403541     5.4623      8.399   243.9982 4.2484e+01     5.1575      2.000      2.900    24.2338   997.2676 0.0000e+00
      2.046      0.021     7.7725     92.662     37.020  36.419874     5.4597      8.396   244.1072 4.2259e+01     5.1155      2.006      2.910    24.2323   997.2679 0.0000e+00
      2.052      0.019     7.7664     92.549     37.030  36.412186     5.4522      8.392   244.2712 4.2109e+01     5.1194      2.013      2.919    24.2422   997.2655 0.0000e+00
      2.056      0.019     7.7583     92.432     37.000  36.374036     5.4407      8.389   244.5197 4.1993e+01     5.1392      2.016      2.924    24.2283   997.2690 0.0000e+00
      2.060      0.019     7.7515     92.326     37.040  36.402893     5.4417      8.387   244.7884 4.1899e+01     5.1585      2.021      2.931    24.2161   997.2720 0.0000e+00
      2.064      0.020     7.7474     92.227     37.168  36.507195     5.4472      8.385   245.0249 4.1778e+01     5.1567      2.024      2.936    24.1823   997.2804 0.0000e+00
      2.068      0.021     7.7437     92.119     37.311  36.619555     5.4457      8.383   245.2276 4.1571e+01     5.1499      2.027      2.940    24.1511   997.2883 0.0000e+00
      2.073      0.024     7.7373     91.978     37.404  36.682367     5.4590      8.381   245.4323 4.1342e+01     5.2074      2.032      2.949    24.1515   997.2881 0.0000e+00
      2.080      0.026     7.7210     91.724     37.444  36.695350     5.4861      8.379   245.6073 4.1087e+01     5.3276      2.039      2.958    24.1401   997.2910 0.0000e+00
      2.088      0.029     7.6883     91.276     37.488  36.713029     5.5049      8.376   245.8809 4.0793e+01     5.3905      2.048      2.970    24.1071   997.2993 0.0000e+00
      2.097      0.031     7.6339     90.561     37.512  36.705669     5.5133      8.374   246.4170 4.0592e+01     5.3779      2.056      2.982    24.0677   997.3091 0.0000e+00
      2.104      0.031     7.5538     89.522     37.516  36.669785     5.5697      8.372   247.0990 4.0434e+01     5.3389      2.062      2.992    24.0278   997.3190 0.0000e+00
      2.111      0.030     7.4433     88.111     37.554  36.659937     5.6832      8.369   247.5890 4.0171e+01     5.3116      2.069      3.002    23.9941   997.3274 0.0000e+00
      2.121      0.027     7.2998     86.311     37.592  36.650001     5.7511      8.366   247.8674 3.9879e+01     5.3436      2.081      3.018    23.9627   997.3352 0.0000e+00
      2.130      0.025     7.1350     84.284     37.592  36.613051     5.7578      8.364   248.3135 3.9641e+01     5.3975      2.090      3.031    23.9234   997.3449 0.0000e+00
      2.135      0.025     6.9715     82.306     37.530  36.530485     5.7640      8.361   248.8530 3.9509e+01     5.4720      2.095      3.038    23.8695   997.3581 0.0000e+00
      2.138      0.025     6.8335     80.639     37.429  36.413340     5.7826      8.358   249.1417 3.9406e+01     5.5564      2.098      3.043    23.8049   997.3740 0.0000e+00
      2.142      0.026     6.7335     79.411     37.378  36.339122     5.8003      8.355   249.3099 3.9193e+01     5.5988      2.099      3.044    23.7364   997.3908 0.0000e+00
      2.148      0.027     6.6619     78.516     37.396  36.331280     5.8141      8.352   249.5099 3.8895e+01     5.6242      2.105      3.054    23.6815   997.4042 0.0000e+00
      2.158      0.027     6.5941     77.681     37.467  36.381953     5.8452      8.349   249.6664 3.8585e+01     5.6342      2.116      3.069    23.6613   997.4091 0.0000e+00
      2.168      0.026     6.5042     76.608     37.538  36.444004     5.8900      8.345   249.7395 3.8319e+01     5.5897      2.127      3.085    23.6433   997.4135 0.0000e+00
      2.176      0.025     6.3801     75.153     37.538  36.446814     5.9134      8.342   249.8784 3.8127e+01     5.5442      2.135      3.097    23.6035   997.4232 0.0000e+00
      2.181      0.022     6.2350     73.452     37.502  36.415939     5.9204      8.341   250.1402 3.8040e+01     5.5757      2.141      3.104    23.5677   997.4319 0.0000e+00
      2.184      0.019     6.1018     71.880     37.474  36.388064     5.9224      8.338   250.4097 3.7994e+01     5.6095      2.143      3.108    23.5406   997.4385 0.0000e+00
      2.186      0.018     6.0079     70.757     37.459  36.363662     5.9034      8.337   250.7283 3.7888e+01     5.5590      2.143      3.108    23.5313   997.4409 0.0000e+00
      2.190      0.019     5.9584     70.144     37.423  36.311288     5.8722      8.335   251.0672 3.7720e+01     5.4573      2.147      3.113    23.5410   997.4385 0.0000e+00
      2.196      0.021     5.9433     69.918     37.334  36.199098     5.8484      8.332   251.3238 3.7515e+01     5.3953      2.154      3.124    23.5504   997.4362 0.0000e+00
      2.202      0.023     5.9480     69.908     37.256  36.086149     5.8404      8.329   251.5073 3.7328e+01     5.4000      2.160      3.133    23.5492   997.4365 0.0000e+00
      2.209      0.025     5.9546     69.914     37.235  36.024591     5.8107      8.327   251.6510 3.7177e+01     5.3510      2.166      3.141    23.5355   997.4398 0.0000e+00
      2.216      0.025     5.9467     69.760     37.273  36.025982     5.7416      8.326   251.7708 3.7012e+01     5.2282      2.173      3.152    23.5135   997.4451 0.0000e+00
      2.223      0.024     5.9188     69.378     37.385  36.102916     5.6982      8.324   251.9237 3.6842e+01     5.1270      2.180      3.162    23.4804   997.4532 0.0000e+00
      2.228      0.023     5.8712     68.774     37.505  36.193102     5.6846      8.322   252.2083 3.6681e+01     5.0785      2.186      3.169    23.4268   997.4661 0.0000e+00
      2.233      0.022     5.8027     67.954     37.551  36.227773     5.6471      8.321   252.5449 3.6489e+01     5.0999      2.190      3.176    23.3634   997.4813 0.0000e+00
      2.239      0.022     5.7161     66.950     37.521  36.204755     5.5995      8.320   252.8106 3.6284e+01     5.1238      2.196      3.185    23.3222   997.4913 0.0000e+00
      2.244      0.021     5.6236     65.876     37.478  36.168684     5.5775      8.319   253.0974 3.6088e+01     5.1050      2.201      3.192    23.2800   997.5015 0.0000e+00
      2.249      0.021     5.5373     64.840     37.498  36.172483     5.5630      8.317   253.3462 3.5892e+01     5.1029      2.205      3.199    23.2373   997.5118 0.0000e+00
      2.255      0.021     5.4549     63.828     37.544  36.187201     5.5115      8.314   253.4954 3.5709e+01     5.1967      2.211      3.207    23.2230   997.5153 0.0000e+00
      2.261      0.021     5.3622     62.708     37.535  36.156172     5.4305      8.312   253.6967 3.5561e+01     5.3539      2.217      3.216    23.2382   997.5117 0.0000e+00
      2.266      0.022     5.2457     61.316     37.512  36.114642     5.3908      8.311   253.8872 3.5459e+01     5.3984      2.223      3.225    23.2643   997.5054 0.0000e+00
      2.271      0.023     5.1074     59.658     37.556  36.129336     5.3873      8.308   253.9918 3.5343e+01     5.3409      2.227      3.230    23.2363   997.5121 0.0000e+00
      2.276      0.024     4.9687     57.987     37.673  36.206861     5.3708      8.305   254.1873 3.5180e+01     5.2817      2.231      3.236    23.1794   997.5258 0.0000e+00
      2.282      0.024     4.8501     56.552     37.797  36.290271     5.3476      8.303   254.4434 3.5006e+01     5.2064      2.238      3.246    23.1548   997.5316 0.0000e+00
      2.289      0.025     4.7556     55.403     37.855  36.312662     5.3313      8.301   254.5932 3.4818e+01     5.1510      2.245      3.256    23.1388   997.5355 0.0000e+00
      2.297      0.025     4.6814     54.497     37.860  36.287136     5.3303      8.298   254.7946 3.4625e+01     5.1374      2.253      3.268    23.0999   997.5447 0.0000e+00
      2.304      0.025     4.6238     53.793     37.898  36.298944     5.3356      8.295   255.1580 3.4471e+01     5.1399      2.260      3.278    23.0488   997.5570 0.0000e+00
      2.310      0.024     4.5788     53.244     38.015  36.391927     5.3610      8.291   255.5447 3.4349e+01     5.2137      2.265      3.285    22.9994   997.5688 0.0000e+00
      2.315      0.023     4.5341     52.709     38.230  36.586218     5.4034      8.287   255.8566 3.4190e+01     5.3417      2.269      3.293    22.9548   997.5793 0.0000e+00
