Data/DataNotYetUploadedToEDI/Raw_CTD/RawDownloads/081219_fcr20.cnv
* Sea-Bird SBE19plus  Data File:
* FileName = C:\DATA\081219_fcr_0002.hex
* Software version 2.8.0.119 SB_Terminal.dll
* Temperature SN = 7809
* Conductivity SN = 7809
* System UpLoad Time = Aug 12 2019 16:25:42
* <ApplicationData>
* <Seaterm232>
# nquan = 16
# nvalues = 689                         
# units = specified
# name 0 = depFM: Depth [fresh water, m]
# name 1 = dz/dtM: Descent Rate [m/s]
# name 2 = sbeox0Mg/L: Oxygen, SBE 43 [mg/l]
# name 3 = sbeox0PS: Oxygen, SBE 43 [% saturation]
# name 4 = specc: Specific Conductance [uS/cm]
# name 5 = c0uS/cm: Conductivity [uS/cm]
# name 6 = flECO-AFL: Fluorescence, WET Labs ECO-AFL/FL [mg/m^3]
# name 7 = ph: pH
# name 8 = orp: Oxidation Reduction Potential [mV]
# name 9 = par/sat/log: PAR/Logarithmic, Satlantic
# name 10 = turbWETntu0: Turbidity, WET Labs ECO [NTU]
# name 11 = prdM: Pressure, Strain Gauge [db]
# name 12 = prdE: Pressure, Strain Gauge [psi]
# name 13 = tv290C: Temperature [ITS-90, deg C]
# name 14 = density00: Density [density, kg/m^3]
# name 15 = flag:  0.000e+00
# span 0 =     -0.397,      3.028       
# span 1 =     -0.017,      0.208       
# span 2 =     0.0727,    11.4728       
# span 3 =      0.838,    141.207       
# span 4 =     35.906,    102.046       
# span 5 =  35.774647,  90.839532       
# span 6 =     1.5466,    15.2487       
# span 7 =      7.326,      9.086       
# span 8 =    94.7336,   263.3711       
# span 9 = 1.4375e+01, 2.2878e+03       
# span 10 =     3.4714,    50.6834      
# span 11 =     -0.403,      2.970      
# span 12 =     -0.583,      4.307      
# span 13 =    19.4830,    28.1217      
# span 14 =   996.2155,   998.3635      
# span 15 = 0.0000e+00, 0.0000e+00      
# interval = seconds: 0.25
# start_time = Aug 12 2019 12:13:15 [Instrument's time stamp, header]
# bad_flag = -9.990e-29
*END*
     -0.397      0.101     6.8857     86.765     36.297  37.912728     1.5865      9.019   148.2195 1.7783e+03     8.4152     -0.403     -0.583    28.1217   996.2155 0.0000e+00
     -0.358      0.134     6.9027     86.703     36.372  37.863166     1.5466      9.052   141.3371 1.8415e+03     8.6874     -0.352     -0.511    27.8694   996.2892 0.0000e+00
     -0.308      0.167     6.9492     87.056     36.452  37.838061     1.5522      9.070   137.5481 1.9234e+03     8.6070     -0.299     -0.434    27.6043   996.3646 0.0000e+00
     -0.261      0.194     7.0244     87.826     36.553  37.862918     1.7757      9.080   136.9087 2.0035e+03     7.4767     -0.257     -0.373    27.4106   996.4186 0.0000e+00
     -0.210      0.208     7.1223     88.936     36.649  37.909687     2.1939      9.085   137.2200 1.8578e+03     5.3447     -0.209     -0.302    27.2142   996.4735 0.0000e+00
     -0.151      0.201     7.2298     90.226     36.658  37.895647     2.4207      9.086   137.8696 1.2633e+03     4.1306     -0.150     -0.216    27.0338   996.5236 0.0000e+00
     -0.088      0.176     7.3280     91.472     36.577  37.820079     2.4467      9.081   138.7411 6.0875e+02     4.0049     -0.088     -0.128    26.8778   996.5668 0.0000e+00
     -0.026      0.141     7.4030     92.447     36.501  37.757726     2.5165      9.074   139.7553 3.3269e+02     4.0216     -0.019     -0.029    26.7741   996.5954 0.0000e+00
      0.016      0.102     7.4512     93.023     36.467  37.713050     2.6500      9.064   140.8392 2.8757e+02     4.0368      0.034      0.049    26.7016   996.6155 0.0000e+00
      0.021      0.064     7.4603     93.042     36.456  37.660743     2.7338      9.053   141.9530 3.0261e+02     4.0246      0.027      0.039    26.6606   996.6266 0.0000e+00
      0.009      0.031     7.4211     92.442     36.477  37.633017     2.7483      9.040   142.8970 6.9565e+02     3.9732      0.003      0.005    26.6867   996.6193 0.0000e+00
      0.003      0.008     7.3706     91.716     36.518  37.631637     2.6873      9.029   143.5633 1.2680e+03     3.9401      0.000      0.002    26.7355   996.6060 0.0000e+00
      0.005     -0.003     7.3860     91.827     36.564  37.643993     2.5686      9.019   144.0719 1.1250e+03     3.9839      0.002      0.004    26.7194   996.6104 0.0000e+00
      0.010     -0.003     7.5215     93.441     36.604  37.655413     2.5092      9.011   144.6579 5.3721e+02     4.0440      0.011      0.014    26.6460   996.6303 0.0000e+00
      0.015     -0.002     7.7379     96.055     36.622  37.642721     2.5072      9.003   145.4009 2.7776e+02     4.0455      0.018      0.025    26.5732   996.6501 0.0000e+00
      0.014     -0.002     7.9434     98.522     36.631  37.617431     2.4926      8.995   146.1718 2.5904e+02     3.9027      0.015      0.022    26.5158   996.6656 0.0000e+00
      0.008     -0.003     8.0864    100.212     36.651  37.603492     2.4631      8.988   146.9245 2.6599e+02     3.6610      0.009      0.011    26.4680   996.6786 0.0000e+00
      0.002     -0.006     8.1633    101.091     36.677  37.601086     2.4445      8.979   147.7048 2.7212e+02     3.5487     -0.000     -0.000    26.4309   996.6885 0.0000e+00
      0.001     -0.010     8.1870    101.327     36.688  37.588291     2.4406      8.967   148.6363 3.0314e+02     3.5606     -0.001     -0.001    26.3897   996.6998 0.0000e+00
      0.005     -0.012     8.1551    100.885     36.694  37.575702     2.3986      8.955   149.5838 3.3431e+02     3.5753      0.006      0.008    26.3404   996.7130 0.0000e+00
      0.005     -0.012     8.0571     99.635     36.709  37.575797     2.3092      8.943   150.2133 3.0397e+02     3.5626      0.009      0.013    26.2910   996.7263 0.0000e+00
     -0.001     -0.012     7.9131     97.831     36.731  37.589417     2.2539      8.932   150.6545 2.6666e+02     3.5379      0.001      0.001    26.2498   996.7373 0.0000e+00
     -0.011     -0.014     7.7660     95.999     36.760  37.613415     2.2499      8.922   152.0784 2.5807e+02     3.5714     -0.013     -0.019    26.2199   996.7452 0.0000e+00
     -0.017     -0.016     7.6459     94.504     36.764  37.612052     2.2613      8.914   164.7629 2.5391e+02     3.6076     -0.020     -0.029    26.1934   996.7523 0.0000e+00
     -0.017     -0.017     7.5610     93.444     36.730  37.572929     2.2963      8.905   177.8018 2.5580e+02     3.6153     -0.017     -0.024    26.1715   996.7582 0.0000e+00
     -0.016     -0.015     7.5177     92.900     36.683  37.521226     2.3509      8.893   169.4015 2.6631e+02     3.6638     -0.013     -0.018    26.1595   996.7614 0.0000e+00
     -0.021     -0.011     7.5180     92.900     36.658  37.494702     2.3762      8.881   158.1833 2.8104e+02     3.7359     -0.019     -0.028    26.1537   996.7629 0.0000e+00
     -0.029     -0.009     7.5447     93.228     36.670  37.506128     2.3765      8.872   156.6815 3.3134e+02     3.7661     -0.030     -0.043    26.1485   996.7643 0.0000e+00
     -0.034     -0.007     7.5740     93.592     36.695  37.532432     2.3805      8.862   156.4915 4.1080e+02     3.7012     -0.035     -0.051    26.1409   996.7663 0.0000e+00
     -0.033     -0.005     7.5871     93.759     36.719  37.558840     2.3815      8.851   156.5736 4.8095e+02     3.6068     -0.033     -0.049    26.1357   996.7677 0.0000e+00
     -0.030     -0.002     7.5747     93.613     36.729  37.571533     2.3794      8.840   156.7286 5.4363e+02     3.5744     -0.030     -0.042    26.1341   996.7681 0.0000e+00
     -0.029      0.000     7.5422     93.213     36.716  37.558952     2.3816      8.830   156.9889 7.8830e+02     3.5722     -0.028     -0.040    26.1327   996.7685 0.0000e+00
     -0.030      0.001     7.5038     92.735     36.692  37.533678     2.4604      8.820   157.3111 1.3641e+03     3.6128     -0.028     -0.041    26.1330   996.7684 0.0000e+00
     -0.031      0.001     7.4730     92.352     36.679  37.519840     2.6036      8.810   157.6993 1.8623e+03     3.7045     -0.032     -0.046    26.1365   996.7674 0.0000e+00
     -0.031      0.001     7.4551     92.131     36.678  37.518581     2.6740      8.800   158.1555 1.9761e+03     3.7631     -0.032     -0.046    26.1421   996.7660 0.0000e+00
     -0.030      0.001     7.4463     92.026     36.677  37.518456     2.6786      8.791   158.6109 1.7878e+03     3.7643     -0.029     -0.041    26.1435   996.7657 0.0000e+00
     -0.029      0.002     7.4347     91.888     36.674  37.518331     2.6856      8.783   158.9889 1.2824e+03     3.7845     -0.027     -0.039    26.1405   996.7665 0.0000e+00
     -0.030      0.004     7.4087     91.576     36.669  37.517081     2.6980      8.776   159.2842 7.7403e+02     3.8430     -0.029     -0.042    26.1392   996.7668 0.0000e+00
     -0.030      0.005     7.3628     91.019     36.651  37.503345     2.6980      8.770   159.5138 6.3214e+02     3.8498     -0.031     -0.044    26.1389   996.7668 0.0000e+00
     -0.029      0.005     7.2949     90.186     36.624  37.479203     2.6856      8.766   159.7864 6.4829e+02     3.8012     -0.029     -0.041    26.1400   996.7665 0.0000e+00
     -0.025      0.004     7.2189     89.249     36.623  37.479089     2.7041      8.761   160.1714 5.7887e+02     3.8121     -0.024     -0.035    26.1439   996.7655 0.0000e+00
     -0.021      0.001     7.1692     88.637     36.645  37.501971     2.7568      8.754   160.6411 4.6120e+02     3.9171     -0.020     -0.028    26.1498   996.7640 0.0000e+00
     -0.021     -0.001     7.1711     88.665     36.643  37.501970     2.7943      8.747   161.0773 4.1003e+02     4.0213     -0.019     -0.027    26.1570   996.7620 0.0000e+00
     -0.023     -0.003     7.2141     89.205     36.617  37.479077     2.8017      8.742   161.4016 4.2216e+02     4.0566     -0.022     -0.032    26.1618   996.7608 0.0000e+00
     -0.028     -0.003     7.2765     89.985     36.612  37.479075     2.8029      8.735   161.8088 4.1091e+02     4.0166     -0.027     -0.039    26.1622   996.7606 0.0000e+00
     -0.031     -0.003     7.3528     90.936     36.632  37.501957     2.7735      8.726   162.3875 3.7220e+02     3.9627     -0.031     -0.046    26.1624   996.7605 0.0000e+00
     -0.031     -0.002     7.4493     92.135     36.630  37.501843     2.6990      8.717   162.9780 4.1755e+02     3.9619     -0.032     -0.046    26.1652   996.7598 0.0000e+00
     -0.029      0.001     7.5691     93.616     36.606  37.477702     2.6389      8.709   163.3555 6.3242e+02     4.0075     -0.029     -0.041    26.1715   996.7581 0.0000e+00
     -0.026      0.003     7.7012     95.246     36.594  37.463967     2.6180      8.702   163.5967 8.8967e+02     4.0227     -0.025     -0.036    26.1775   996.7566 0.0000e+00
     -0.025      0.004     7.8240     96.765     36.593  37.462718     2.6285      8.696   163.9156 1.0861e+03     3.9162     -0.024     -0.035    26.1819   996.7553 0.0000e+00
     -0.025      0.003     7.9159     97.906     36.591  37.462605     2.6630      8.691   164.2851 1.2929e+03     3.8011     -0.026     -0.037    26.1854   996.7543 0.0000e+00
     -0.024      0.001     7.9648     98.518     36.588  37.462605     2.6880      8.686   164.6232 1.5012e+03     3.7777     -0.025     -0.036    26.1851   996.7545 0.0000e+00
     -0.024      0.000     7.9705     98.596     36.585  37.462717     2.6872      8.681   164.9062 1.6283e+03     3.7649     -0.023     -0.033    26.1820   996.7553 0.0000e+00
     -0.024     -0.001     7.9440     98.272     36.585  37.463965     2.6626      8.676   165.2112 1.7046e+03     3.7116     -0.023     -0.034    26.1807   996.7557 0.0000e+00
     -0.025     -0.002     7.9024     97.757     36.599  37.477699     2.6323      8.672   165.6444 1.7933e+03     3.6241     -0.025     -0.036    26.1839   996.7548 0.0000e+00
     -0.026     -0.002     7.8613     97.248     36.623  37.501831     2.6245      8.667   166.1862 1.8665e+03     3.5591     -0.025     -0.036    26.1891   996.7534 0.0000e+00
     -0.027     -0.002     7.8312     96.874     36.624  37.501839     2.6297      8.661   166.6006 1.9077e+03     3.5484     -0.026     -0.037    26.1930   996.7524 0.0000e+00
     -0.028     -0.001     7.8140     96.661     36.600  37.477799     2.6256      8.656   166.8689 1.9489e+03     3.6256     -0.027     -0.039    26.1953   996.7517 0.0000e+00
     -0.028      0.000     7.8073     96.580     36.587  37.465063     2.6186      8.651   167.1924 1.9784e+03     3.7391     -0.028     -0.040    26.1948   996.7519 0.0000e+00
     -0.027      0.001     7.8112     96.626     36.597  37.474800     2.6226      8.646   167.5871 1.9877e+03     3.7735     -0.027     -0.039    26.1936   996.7523 0.0000e+00
     -0.027      0.003     7.8287     96.838     36.593  37.468578     2.6307      8.641   168.0275 1.9902e+03     3.7796     -0.026     -0.038    26.1926   996.7525 0.0000e+00
     -0.026      0.005     7.8580     97.198     36.579  37.453294     2.6301      8.635   168.4731 1.9915e+03     3.7802     -0.026     -0.037    26.1926   996.7524 0.0000e+00
     -0.025      0.005     7.8868     97.558     36.604  37.480428     2.6245      8.628   168.8449 1.9977e+03     3.7811     -0.026     -0.038    26.1949   996.7518 0.0000e+00
     -0.023      0.004     7.8982     97.700     36.602  37.479284     2.6233      8.622   169.1671 1.9759e+03     3.8239     -0.023     -0.035    26.1945   996.7520 0.0000e+00
     -0.020      0.003     7.8801     97.473     36.565  37.439465     2.6238      8.616   169.6163 1.6718e+03     3.8379     -0.020     -0.029    26.1892   996.7534 0.0000e+00
     -0.017      0.001     7.8375     96.941     36.570  37.443293     2.5968      8.610   170.1457 1.0409e+03     3.8850     -0.015     -0.022    26.1872   996.7540 0.0000e+00
     -0.018     -0.001     7.7860     96.304     36.589  37.462097     2.5391      8.604   170.4914 8.6862e+02     4.0010     -0.016     -0.023    26.1924   996.7526 0.0000e+00
     -0.022     -0.002     7.7341     95.667     36.601  37.476395     2.5068      8.598   170.6984 1.1037e+03     4.0270     -0.022     -0.033    26.1937   996.7523 0.0000e+00
     -0.025     -0.003     7.6764     94.961     36.610  37.489225     2.5094      8.592   170.9285 8.4464e+02     4.0034     -0.025     -0.036    26.1896   996.7533 0.0000e+00
     -0.025     -0.003     7.6036     94.087     36.599  37.490285     2.5104      8.587   171.2082 4.3994e+02     4.0107     -0.025     -0.036    26.1870   996.7540 0.0000e+00
     -0.024     -0.002     7.5167     93.071     36.574  37.489224     2.5102      8.582   171.6710 3.0705e+02     4.0164     -0.023     -0.035    26.1850   996.7544 0.0000e+00
     -0.024      0.001     7.4267     92.008     36.539  37.476432     2.5076      8.576   172.2221 2.3172e+02     4.0066     -0.023     -0.034    26.1910   996.7529 0.0000e+00
     -0.024      0.003     7.3417     90.970     36.520  37.462602     2.4952      8.570   172.6239 2.0036e+02     3.9907     -0.024     -0.034    26.1906   996.7531 0.0000e+00
     -0.024      0.003     7.2630     89.984     36.511  37.448973     2.4904      8.565   172.9148 3.6623e+02     3.9880     -0.024     -0.035    26.1986   996.7509 0.0000e+00
     -0.023      0.003     7.1931     89.103     36.507  37.438587     2.4843      8.560   173.0722 5.4826e+02     3.9411     -0.023     -0.033    26.2484   996.7375 0.0000e+00
     -0.020      0.003     7.1360     88.388     36.536  37.463958     2.4648      8.557   173.1509 6.8631e+02     3.8496     -0.019     -0.027    26.2875   996.7270 0.0000e+00
     -0.019      0.003     7.0897     87.816     36.572  37.501832     2.4455      8.557   173.3499 8.9210e+02     3.7987     -0.017     -0.025    26.2897   996.7264 0.0000e+00
     -0.019      0.003     7.0501     87.330     36.583  37.515671     2.4335      8.558   173.6712 7.3430e+02     3.7850     -0.018     -0.026    26.2798   996.7291 0.0000e+00
     -0.019      0.002     7.0120     86.860     36.570  37.504339     2.4498      8.560   174.0242 7.7824e+02     3.7822     -0.018     -0.027    26.2669   996.7325 0.0000e+00
     -0.019      0.002     6.9705     86.347     36.558  37.491769     2.4865      8.561   174.3491 1.1555e+03     3.7974     -0.019     -0.028    26.2612   996.7341 0.0000e+00
     -0.018      0.002     6.9241     85.771     36.558  37.490637     2.5046      8.560   174.5881 1.0104e+03     3.8044     -0.018     -0.026    26.2641   996.7334 0.0000e+00
     -0.017      0.002     6.8748     85.159     36.558  37.490645     2.5034      8.558   174.7625 9.8391e+02     3.7694     -0.017     -0.024    26.2689   996.7321 0.0000e+00
     -0.016      0.001     6.8242     84.531     36.559  37.491875     2.4897      8.556   174.9951 1.0989e+03     3.7342     -0.015     -0.022    26.2706   996.7316 0.0000e+00
     -0.015     -0.001     6.7729     83.896     36.573  37.505504     2.4691      8.555   175.3357 1.1677e+03     3.7393     -0.014     -0.021    26.2708   996.7316 0.0000e+00
     -0.016     -0.004     6.7217     83.264     36.595  37.528480     2.4614      8.553   175.6974 1.7760e+03     3.7324     -0.015     -0.021    26.2700   996.7318 0.0000e+00
     -0.017     -0.006     6.6722     82.654     36.581  37.515785     2.4571      8.550   176.0128 2.2609e+03     3.7172     -0.016     -0.023    26.2683   996.7322 0.0000e+00
     -0.020     -0.008     6.6291     82.124     36.543  37.478959     2.4175      8.548   176.3099 2.2878e+03     3.6867     -0.018     -0.027    26.2675   996.7324 0.0000e+00
     -0.023     -0.008     6.5926     81.675     36.527  37.464070     2.3556      8.546   176.5366 2.2472e+03     3.5923     -0.023     -0.033    26.2683   996.7321 0.0000e+00
     -0.027     -0.007     6.5616     81.293     36.525  37.462718     2.3237      8.544   176.6891 2.0541e+03     3.5258     -0.027     -0.039    26.2693   996.7319 0.0000e+00
     -0.029     -0.006     6.5382     81.004     36.524  37.462605     2.3191      8.542   176.9491 1.6472e+03     3.5389     -0.029     -0.041    26.2711   996.7315 0.0000e+00
