Data/DataNotYetUploadedToEDI/Raw_CTD/RawDownloads/081318_fcr30.cnv
* Sea-Bird SBE19plus  Data File:
* FileName = C:\DATA\081318_fcr_0007.hex
* Software version 2.6.3.104
* Temperature SN = 7809
* Conductivity SN = 7809
* System UpLoad Time = Aug 13 2018 19:27:01
* <ApplicationData>
* <Seaterm232>
# nquan = 17
# nvalues = 701                         
# units = specified
# name 0 = depFM: Depth [fresh water, m]
# name 1 = tv290C: Temperature [ITS-90, deg C]
# name 2 = sbeox0Mg/L: Oxygen, SBE 43 [mg/l]
# name 3 = sbeox0PS: Oxygen, SBE 43 [% saturation]
# name 4 = c0uS/cm: Conductivity [uS/cm]
# name 5 = specc: Specific Conductance [uS/cm]
# name 6 = ph: pH
# name 7 = orp: Oxidation Reduction Potential [mV]
# name 8 = flECO-AFL: Fluorescence, WET Labs ECO-AFL/FL [mg/m^3]
# name 9 = turbWETntu0: Turbidity, WET Labs ECO [NTU]
# name 10 = sal00: Salinity, Practical [PSU]
# name 11 = dz/dtM: Descent Rate [m/s]
# name 12 = prdM: Pressure, Strain Gauge [db]
# name 13 = prdE: Pressure, Strain Gauge [psi]
# name 14 = scan: Scan Count
# name 15 = par/sat/log: PAR/Logarithmic, Satlantic
# name 16 = flag:  0.000e+00
# span 0 =     -0.574,      5.361       
# span 1 =    12.0527,    27.4860       
# span 2 =     0.1364,     9.6350       
# span 3 =      1.428,    121.386       
# span 4 =   0.410576,  51.609325       
# span 5 =      0.392,     65.696       
# span 6 =      6.349,      8.261       
# span 7 = -1240.7455,   285.2424       
# span 8 =    -0.3841,     8.1520       
# span 9 =    -3.7424,    21.8781       
# span 10 =     0.0121,     0.0336      
# span 11 =     -0.116,      0.266      
# span 12 =     -0.562,      5.257      
# span 13 =     -0.815,      7.624      
# span 14 =          1,        701      
# span 15 = 3.3907e-01, 3.2621e+03      
# span 16 = 0.0000e+00, 0.0000e+00      
# interval = seconds: 0.25
# start_time = Aug 13 2018 19:01:28 [Instrument's time stamp, header]
# bad_flag = -9.990e-29
*END*
[from data line 256]
      0.277    27.0245     8.7881    110.544  37.736657     36.255      7.856   238.6780     2.6567     1.0648     0.0247      0.009      0.267      0.388        257 1.2871e+03 0.0000e+00
      0.264    27.0220     8.7746    110.384  37.737296     36.257      7.854   237.9587     2.6688     1.0916     0.0247      0.002      0.255      0.371        258 1.3169e+03 0.0000e+00
      0.241    27.0283     8.7701    110.343  37.789301     36.316      7.864   237.1259     2.6446     0.9574     0.0247     -0.010      0.239      0.346        259 1.1860e+03 0.0000e+00
      0.227    27.0450     8.7662    110.312  37.790583     36.318      7.871   236.9744     2.7376     1.0916     0.0247     -0.022      0.224      0.326        260 1.4960e+03 0.0000e+00
      0.219    27.0593     8.7622    110.265  37.795024     36.314      7.876   236.4066     2.7254     1.0916     0.0247     -0.031      0.215      0.313        261 1.3355e+03 0.0000e+00
      0.212    27.0715     8.7516    110.141  37.843093     36.355      7.884   236.1416     2.7214     1.0379     0.0247     -0.038      0.209      0.304        262 1.0352e+03 0.0000e+00
      0.209    27.0892     8.7288    109.864  37.849399     36.345      7.888   236.0659     2.7295     1.1588     0.0247     -0.041      0.206      0.299        263 1.4209e+03 0.0000e+00
      0.211    27.1007     8.7154    109.697  37.846490     36.337      7.893   236.3309     2.7295     1.0514     0.0247     -0.039      0.206      0.299        264 1.4395e+03 0.0000e+00
      0.211    27.1072     8.6884    109.355  37.846705     36.325      7.888   236.1794     2.6324     0.9574     0.0247     -0.033      0.205      0.298        265 1.0303e+03 0.0000e+00
      0.205    27.1165     8.6872    109.372  37.849125     36.316      7.888   235.8387     2.6688     1.1319     0.0247     -0.024      0.201      0.293        266 1.4405e+03 0.0000e+00
      0.201    27.1222     8.7066    109.647  37.843474     36.313      7.884   235.8387     2.6688     1.1185     0.0247     -0.016      0.199      0.288        267 1.1212e+03 0.0000e+00
      0.202    27.1265     8.7295    109.947  37.794411     36.252      7.885   235.5737     2.6527     1.0245     0.0247     -0.011      0.199      0.288        268 1.4693e+03 0.0000e+00
      0.205    27.1349     8.7505    110.232  37.850856     36.302      7.885   235.8387     2.7012     1.0648     0.0247     -0.007      0.201      0.292        269 3.0232e+03 0.0000e+00
      0.210    27.1429     8.7535    110.283  37.891868     36.352      7.884   236.0659     2.7133     1.0782     0.0247     -0.003      0.205      0.297        270 2.4634e+03 0.0000e+00
      0.212    27.1457     8.7341    110.038  37.862011     36.293      7.886   235.7630     2.7295     1.0648     0.0247     -0.001      0.207      0.299        271 1.6913e+03 0.0000e+00
      0.209    27.1499     8.7150    109.789  37.888009     36.340      7.884   235.7630     2.7214     1.1185     0.0247      0.001      0.203      0.295        272 1.2586e+03 0.0000e+00
      0.201    27.1556     8.7125    109.755  37.859510     36.286      7.874   235.5737     2.7457     1.0916     0.0247      0.000      0.193      0.280        273 1.7101e+03 0.0000e+00
      0.179    27.1556     8.6997    109.590  37.897474     36.336      7.873   235.0816     2.7416     1.0514     0.0247     -0.005      0.175      0.254        274 2.2144e+03 0.0000e+00
      0.153    27.1558     8.6801    109.344  37.900084     36.332      7.872   234.6652     2.7295     1.0245     0.0247     -0.017      0.158      0.227        275 1.4607e+03 0.0000e+00
      0.149    27.1711     8.6617    109.119  37.856261     36.278      7.880   235.1194     2.7214     1.1319     0.0247     -0.028      0.150      0.216        276 1.4035e+03 0.0000e+00
      0.152    27.1868     8.6859    109.442  37.952011     36.386      7.879   235.4980     2.6122     0.9574     0.0248     -0.035      0.150      0.216        277 1.6323e+03 0.0000e+00
      0.152    27.1936     8.7209    109.880  37.958890     36.375      7.878   235.0059     2.6163     1.1051     0.0248     -0.038      0.151      0.218        278 1.3989e+03 0.0000e+00
      0.155    27.2036     8.7446    110.164  37.907016     36.310      7.881   235.2709     2.5880     1.0514     0.0247     -0.035      0.151      0.219        279 1.3024e+03 0.0000e+00
      0.155    27.2104     8.7424    110.132  37.957237     36.360      7.878   235.7630     2.5920     1.0648     0.0248     -0.027      0.151      0.219        280 1.5857e+03 0.0000e+00
      0.151    27.2094     8.7192    109.828  37.955707     36.352      7.874   235.6494     2.7295     1.0916     0.0248     -0.018      0.148      0.216        281 1.4426e+03 0.0000e+00
      0.149    27.2064     8.6936    109.493  37.968237     36.347      7.872   235.6494     2.7376     1.0648     0.0248     -0.007      0.147      0.214        282 1.7112e+03 0.0000e+00
      0.152    27.2040     8.6819    109.333  38.000963     36.401      7.872   235.3087     2.7538     1.0648     0.0248     -0.000      0.147      0.214        283 1.8399e+03 0.0000e+00
      0.151    27.2024     8.6809    109.301  37.914979     36.297      7.871   235.4980     2.7214     1.0379     0.0247     -0.000      0.147      0.213        284 1.4519e+03 0.0000e+00
      0.148    27.2024     8.6756    109.189  37.897276     36.298      7.867   235.4602     2.7214     1.0514     0.0247     -0.002      0.144      0.208        285 1.6970e+03 0.0000e+00
      0.142    27.2070     8.6767    109.155  37.963674     36.353      7.867   235.3844     2.6607     1.0648     0.0248     -0.005      0.138      0.201        286 1.4695e+03 0.0000e+00
      0.134    27.2154     8.7198    109.686  37.950995     36.353      7.867   235.1194     2.6688     1.0111     0.0248     -0.008      0.133      0.192        287 1.6273e+03 0.0000e+00
      0.130    27.2141     8.7313    109.830  37.972377     36.350      7.869   235.4223     2.6810     0.9842     0.0248     -0.011      0.128      0.186        288 2.0819e+03 0.0000e+00
      0.128    27.2071     8.7569    110.129  37.996383     36.397      7.873   235.3844     2.6688     0.9976     0.0248     -0.013      0.126      0.184        289 2.0631e+03 0.0000e+00
      0.131    27.2041     8.7484    109.967  37.921117     36.291      7.874   235.6116     2.7214     1.0648     0.0247     -0.013      0.129      0.188        290 2.2033e+03 0.0000e+00
      0.138    27.1989     8.7296    109.625  37.888079     36.296      7.874   235.8387     2.7214     0.9976     0.0247     -0.011      0.135      0.196        291 1.7124e+03 0.0000e+00
      0.145    27.1919     8.7380    109.643  37.918856     36.298      7.875   235.8009     2.7093     0.9842     0.0247     -0.005      0.142      0.205        292 1.5030e+03 0.0000e+00
      0.150    27.1857     8.7686    109.999  37.942140     36.356      7.876   235.4980     2.7376     1.0916     0.0248      0.002      0.148      0.214        293 1.3879e+03 0.0000e+00
      0.157    27.1755     8.7980    110.383  37.918428     36.307      7.876   235.6873     2.7214     1.0648     0.0247      0.010      0.155      0.224        294 1.5245e+03 0.0000e+00
      0.166    27.1527     8.8215    110.711  37.889046     36.311      7.876   235.8387     2.7254     1.1051     0.0247      0.018      0.162      0.235        295 9.9953e+02 0.0000e+00
      0.171    27.1287     8.8314    110.852  37.860064     36.264      7.880   236.1037     2.7093     1.2125     0.0247      0.023      0.166      0.240        296 1.8871e+03 0.0000e+00
      0.169    27.1226     8.8317    110.865  37.895181     36.334      7.880   236.2173     2.7416     1.0514     0.0247      0.023      0.166      0.240        297 3.2336e+03 0.0000e+00
      0.166    27.1214     8.8298    110.859  37.904679     36.351      7.880   236.2173     2.7982     1.0514     0.0247      0.020      0.165      0.238        298 1.6186e+03 0.0000e+00
      0.167    27.1104     8.8358    110.944  37.848254     36.302      7.878   236.5580     2.8144     1.0379     0.0247      0.015      0.167      0.242        299 1.2134e+03 0.0000e+00
      0.179    27.0809     8.8305    110.884  37.846761     36.302      7.873   236.6716     2.8063     1.0648     0.0247      0.013      0.175      0.253        300 1.3651e+03 0.0000e+00
      0.187    27.0286     8.8166    110.716  37.787897     36.256      7.872   237.0123     2.8144     1.1051     0.0247      0.014      0.182      0.263        301 1.2395e+03 0.0000e+00
      0.189    26.9849     8.8018    110.532  37.684230     36.169      7.873   236.8987     2.6648     0.9305     0.0247      0.013      0.183      0.266        302 1.1148e+03 0.0000e+00
      0.184    26.9704     8.7788    110.233  37.679179     36.206      7.871   236.6716     2.6607     1.0245     0.0247      0.011      0.180      0.261        303 1.4096e+03 0.0000e+00
      0.178    26.9780     8.7623    109.989  37.734885     36.290      7.875   236.2930     2.6688     1.0916     0.0247      0.009      0.176      0.255        304 1.8839e+03 0.0000e+00
      0.178    26.9941     8.7511    109.837  37.733569     36.300      7.877   236.6337     2.6769     1.0514     0.0247      0.008      0.175      0.254        305 1.3353e+03 0.0000e+00
      0.180    27.0025     8.7710    110.081  37.740145     36.295      7.884   236.8987     2.6648     0.9976     0.0247      0.006      0.175      0.254        306 1.6282e+03 0.0000e+00
      0.177    27.0077     8.8005    110.426  37.786021     36.337      7.884   236.7852     2.6486     1.0245     0.0247      0.001      0.173      0.252        307 2.1542e+03 0.0000e+00
      0.174    27.0160     8.8221    110.671  37.795115     36.332      7.890   236.7094     2.6688     1.0379     0.0247     -0.005      0.172      0.250        308 1.1805e+03 0.0000e+00
      0.176    27.0210     8.8227    110.655  37.788144     36.328      7.894   236.8609     2.6486     1.0916     0.0247     -0.007      0.173      0.251        309 1.2544e+03 0.0000e+00
      0.180    27.0245     8.8182    110.560  37.794692     36.322      7.894   236.9744     2.6688     1.0379     0.0247     -0.005      0.175      0.254        310 1.5501e+03 0.0000e+00
      0.179    27.0275     8.8189    110.559  37.786963     36.319      7.896   236.4823     2.8063     1.0379     0.0247     -0.002      0.177      0.257        311 1.8573e+03 0.0000e+00
      0.183    27.0294     8.8307    110.695  37.738440     36.262      7.898   236.3309     2.7901     0.9842     0.0247      0.002      0.182      0.264        312 2.6909e+03 0.0000e+00
      0.193    27.0227     8.8426    110.839  37.736434     36.260      7.901   236.7473     2.7740     1.0111     0.0247      0.005      0.189      0.274        313 1.4720e+03 0.0000e+00
      0.201    27.0061     8.8401    110.814  37.730135     36.259      7.906   236.8987     2.7942     1.0916     0.0247      0.010      0.195      0.282        314 1.1812e+03 0.0000e+00
      0.199    26.9988     8.8552    111.002  37.746278     36.263      7.904   236.9744     2.7254     0.9574     0.0247      0.014      0.195      0.282        315 1.5558e+03 0.0000e+00
      0.196    26.9960     8.8769    111.283  37.775670     36.330      7.906   237.3152     2.7376     1.0648     0.0247      0.014      0.192      0.279        316 1.1267e+03 0.0000e+00
      0.193    26.9832     8.8951    111.531  37.752885     36.280      7.906   236.6337     2.7214     1.0379     0.0247      0.012      0.190      0.276        317 1.3081e+03 0.0000e+00
      0.192    26.9710     8.8948    111.545  37.715316     36.282      7.910   236.3687     2.7335     1.0648     0.0247      0.008      0.191      0.278        318 1.4001e+03 0.0000e+00
      0.201    26.9572     8.8846    111.442  37.703783     36.237      7.910   236.5959     2.7335     1.1051     0.0247      0.007      0.198      0.288        319 1.7463e+03 0.0000e+00
      0.216    26.9400     8.8622    111.164  37.707921     36.300      7.912   236.9366     2.7214     1.0514     0.0247      0.008      0.207      0.300        320 1.5522e+03 0.0000e+00
      0.215    26.9334     8.8340    110.808  37.650853     36.201      7.908   236.8609     2.7133     1.1319     0.0246      0.008      0.208      0.300        321 1.2272e+03 0.0000e+00
      0.203    26.9285     8.8202    110.640  37.715490     36.322      7.912   236.2173     2.7335     1.0648     0.0247      0.007      0.198      0.287        322 2.0582e+03 0.0000e+00
      0.187    26.9256     8.8193    110.633  37.686809     36.272      7.922   235.5737     2.7295     1.0379     0.0247      0.003      0.186      0.270        323 1.6663e+03 0.0000e+00
      0.180    26.9287     8.8197    110.639  37.627230     36.222      7.932   235.8009     2.7740     0.9976     0.0246     -0.003      0.181      0.264        324 1.0302e+03 0.0000e+00
      0.190    26.9283     8.8177    110.608  37.670996     36.278      7.942   236.2173     2.7376     1.0111     0.0247     -0.006      0.185      0.269        325 1.1615e+03 0.0000e+00
      0.198    26.9328     8.8305    110.750  37.632343     36.222      7.946   236.5580     2.7052     0.9976     0.0246     -0.007      0.189      0.275        326 1.0471e+03 0.0000e+00
      0.191    26.9419     8.8531    111.006  37.675332     36.276      7.947   236.6337     2.6648     1.0111     0.0247     -0.011      0.186      0.270        327 1.0997e+03 0.0000e+00
      0.182    26.9518     8.8716    111.225  37.736139     36.327      7.951   236.4823     2.6891     1.1051     0.0247     -0.014      0.177      0.257        328 1.3628e+03 0.0000e+00
      0.170    26.9628     8.8739    111.254  37.734631     36.320      7.956   235.8387     2.6810     1.1051     0.0247     -0.014      0.168      0.244        329 1.5699e+03 0.0000e+00
      0.164    26.9652     8.8635    111.137  37.736525     36.314      7.957   236.4066     2.6810     1.1588     0.0247     -0.013      0.162      0.236        330 2.0424e+03 0.0000e+00
      0.164    26.9639     8.8503    110.972  37.733777     36.305      7.961   236.6337     2.6405     1.0111     0.0247     -0.013      0.162      0.236        331 2.2405e+03 0.0000e+00
      0.170    26.9663     8.8357    110.778  37.738047     36.304      7.960   236.6716     2.6769     1.0514     0.0247     -0.014      0.166      0.241        332 1.5971e+03 0.0000e+00
      0.173    26.9690     8.8350    110.761  37.731209     36.305      7.961   236.7852     2.6446     1.0782     0.0247     -0.014      0.170      0.247        333 1.2380e+03 0.0000e+00
      0.178    26.9694     8.8434    110.866  37.742286     36.303      7.964   236.7094     2.6850     1.0782     0.0247     -0.010      0.175      0.254        334 1.1348e+03 0.0000e+00
      0.184    26.9665     8.8558    111.025  37.724261     36.301      7.962   236.7094     2.6527     1.0379     0.0247     -0.002      0.180      0.260        335 1.5385e+03 0.0000e+00
      0.187    26.9567     8.8645    111.137  37.694319     36.247      7.963   236.6337     2.6607     1.1319     0.0247      0.007      0.183      0.265        336 1.7508e+03 0.0000e+00
      0.189    26.9433     8.8708    111.194  37.720228     36.303      7.962   236.4823     2.6769     1.0916     0.0247      0.013      0.186      0.269        337 1.1159e+03 0.0000e+00
      0.192    26.9362     8.8501    110.890  37.692020     36.256      7.962   236.6337     2.6648     1.0916     0.0247      0.015      0.189      0.273        338 1.1688e+03 0.0000e+00
      0.194    26.9369     8.8265    110.578  37.670105     36.266      7.965   236.5959     2.6688     1.0916     0.0247      0.015      0.191      0.277        339 1.3030e+03 0.0000e+00
      0.196    26.9427     8.8100    110.391  37.688183     36.270      7.964   236.8987     2.6082     1.1051     0.0247      0.013      0.192      0.279        340 1.0862e+03 0.0000e+00
