Data/DataNotYetUploadedToEDI/Raw_CTD/RawDownloads/081318_fcr30.cnv
* Sea-Bird SBE19plus  Data File:
* FileName = C:\DATA\081318_fcr_0007.hex
* Software version 2.6.3.104
* Temperature SN = 7809
* Conductivity SN = 7809
* System UpLoad Time = Aug 13 2018 19:27:01
* <ApplicationData>
* <Seaterm232>
# nquan = 17
# nvalues = 701                         
# units = specified
# name 0 = depFM: Depth [fresh water, m]
# name 1 = tv290C: Temperature [ITS-90, deg C]
# name 2 = sbeox0Mg/L: Oxygen, SBE 43 [mg/l]
# name 3 = sbeox0PS: Oxygen, SBE 43 [% saturation]
# name 4 = c0uS/cm: Conductivity [uS/cm]
# name 5 = specc: Specific Conductance [uS/cm]
# name 6 = ph: pH
# name 7 = orp: Oxidation Reduction Potential [mV]
# name 8 = flECO-AFL: Fluorescence, WET Labs ECO-AFL/FL [mg/m^3]
# name 9 = turbWETntu0: Turbidity, WET Labs ECO [NTU]
# name 10 = sal00: Salinity, Practical [PSU]
# name 11 = dz/dtM: Descent Rate [m/s]
# name 12 = prdM: Pressure, Strain Gauge [db]
# name 13 = prdE: Pressure, Strain Gauge [psi]
# name 14 = scan: Scan Count
# name 15 = par/sat/log: PAR/Logarithmic, Satlantic
# name 16 = flag:  0.000e+00
# span 0 =     -0.574,      5.361       
# span 1 =    12.0527,    27.4860       
# span 2 =     0.1364,     9.6350       
# span 3 =      1.428,    121.386       
# span 4 =   0.410576,  51.609325       
# span 5 =      0.392,     65.696       
# span 6 =      6.349,      8.261       
# span 7 = -1240.7455,   285.2424       
# span 8 =    -0.3841,     8.1520       
# span 9 =    -3.7424,    21.8781       
# span 10 =     0.0121,     0.0336      
# span 11 =     -0.116,      0.266      
# span 12 =     -0.562,      5.257      
# span 13 =     -0.815,      7.624      
# span 14 =          1,        701      
# span 15 = 3.3907e-01, 3.2621e+03      
# span 16 = 0.0000e+00, 0.0000e+00      
# interval = seconds: 0.25
# start_time = Aug 13 2018 19:01:28 [Instrument's time stamp, header]
# bad_flag = -9.990e-29
*END*
[from data line 681]
      5.229    12.0704     0.5789      5.380  38.278321     51.589      6.384   238.2616     0.9179    20.4010     0.0264      0.099      5.130      7.441        682 4.4369e-01 0.0000e+00
      5.250    12.0652     0.5457      5.073  38.257565     51.602      6.384   238.2616     0.9139    20.3473     0.0264      0.091      5.153      7.473        683 3.9749e-01 0.0000e+00
      5.284    12.0590     0.5112      4.755  38.164141     51.461      6.380   238.6023     0.7966    21.8244     0.0264      0.090      5.181      7.514        684 4.1807e-01 0.0000e+00
      5.315    12.0563     0.4801      4.466  38.127625     51.430      6.374   238.0345     0.7845    21.8781     0.0264      0.095      5.208      7.554        685 4.1504e-01 0.0000e+00
      5.333    12.0564     0.4621      4.300  38.273349     51.628      6.372   238.1102     0.7845    21.7975     0.0264      0.097      5.228      7.582        686 3.8009e-01 0.0000e+00
      5.343    12.0559     0.4465      4.155  38.309084     51.707      6.370   238.2237     0.7885    21.8244     0.0265      0.092      5.238      7.597        687 3.7819e-01 0.0000e+00
      5.348    12.0553     0.4426      4.120  38.290796     51.631      6.366   238.7537     0.6834    21.5692     0.0264      0.083      5.243      7.605        688 3.9753e-01 0.0000e+00
      5.349    12.0544     0.4456      4.149  38.296110     51.707      6.368   238.7916     0.6875    21.6498     0.0265      0.074      5.246      7.609        689 3.8183e-01 0.0000e+00
      5.353    12.0528 -9.990e-29 -9.990e-29  38.302471     51.633      6.364   238.6023     0.6996    21.5692     0.0264      0.062      5.249      7.614        690 3.5969e-01 0.0000e+00
      5.356    12.0527 -9.990e-29 -9.990e-29  38.312543     51.747      6.366   238.6780     0.6955    21.6632     0.0265      0.047      5.252      7.618        691 3.5446e-01 0.0000e+00
      5.358    12.0607 -9.990e-29 -9.990e-29  38.431892     51.788      6.365   238.7537     0.6794    21.1664     0.0265      0.031      5.254      7.620        692 3.3907e-01 0.0000e+00
      5.358    12.0798 -9.990e-29 -9.990e-29  38.954857     52.617      6.361   238.7537     0.6632    21.2201     0.0269      0.018      5.255      7.622        693 3.6553e-01 0.0000e+00
      5.360    12.0974 -9.990e-29 -9.990e-29  39.560204     53.323      6.362   238.3752     0.7117    21.1530     0.0272      0.012      5.256      7.623        694 3.6413e-01 0.0000e+00
      5.360    12.1048 -9.990e-29 -9.990e-29  39.962695     53.935      6.361   237.7694     0.6834    21.1530     0.0275      0.008      5.256      7.624        695 3.5095e-01 0.0000e+00
      5.360    12.1143 -9.990e-29 -9.990e-29  39.877866     53.722      6.359   237.4666     0.7158    21.2201     0.0274      0.007      5.257      7.624        696 3.6275e-01 0.0000e+00
      5.360    12.1229 -9.990e-29 -9.990e-29  39.517436     53.259      6.358   237.7694     0.6753    21.1664     0.0272      0.005      5.257      7.624        697 3.5915e-01 0.0000e+00
      5.360    12.1313 -9.990e-29 -9.990e-29  39.283967     52.907      6.357   237.9587     0.6632    21.1396     0.0270      0.003      5.257      7.624        698 3.6757e-01 0.0000e+00
      5.360    12.1390 -9.990e-29 -9.990e-29  39.278467     52.893      6.356   238.0723     0.6794    21.2470     0.0270      0.002      5.257      7.624        699 3.7358e-01 0.0000e+00
      5.360 -9.990e-29 -9.990e-29 -9.990e-29  39.642936     53.373      6.355   238.6023     0.6551    21.1530     0.0272      0.001      5.257      7.624        700 3.7353e-01 0.0000e+00
      5.361 -9.990e-29 -9.990e-29 -9.990e-29  39.898320     53.734      6.349   238.4130     0.7319    20.7367     0.0274      0.001      5.257      7.624        701 3.7666e-01 0.0000e+00
