Data/DataNotYetUploadedToEDI/Raw_CTD/RawDownloads/081318_fcr10.cnv
* Sea-Bird SBE19plus  Data File:
* FileName = C:\DATA\081318_fcr_0005.hex
* Software version 2.6.3.104
* Temperature SN = 7809
* Conductivity SN = 7809
* System UpLoad Time = Aug 13 2018 19:26:27
* <ApplicationData>
* <Seaterm232>
# nquan = 17
# nvalues = 416                         
# units = specified
# name 0 = depFM: Depth [fresh water, m]
# name 1 = tv290C: Temperature [ITS-90, deg C]
# name 2 = sbeox0Mg/L: Oxygen, SBE 43 [mg/l]
# name 3 = sbeox0PS: Oxygen, SBE 43 [% saturation]
# name 4 = c0uS/cm: Conductivity [uS/cm]
# name 5 = specc: Specific Conductance [uS/cm]
# name 6 = ph: pH
# name 7 = orp: Oxidation Reduction Potential [mV]
# name 8 = flECO-AFL: Fluorescence, WET Labs ECO-AFL/FL [mg/m^3]
# name 9 = turbWETntu0: Turbidity, WET Labs ECO [NTU]
# name 10 = sal00: Salinity, Practical [PSU]
# name 11 = dz/dtM: Descent Rate [m/s]
# name 12 = prdM: Pressure, Strain Gauge [db]
# name 13 = prdE: Pressure, Strain Gauge [psi]
# name 14 = scan: Scan Count
# name 15 = par/sat/log: PAR/Logarithmic, Satlantic
# name 16 = flag:  0.000e+00
# span 0 =     -0.547,      2.554       
# span 1 =    21.5379,    31.5613       
# span 2 =    -0.5304,     9.5533       
# span 3 =     -6.149,    118.044       
# span 4 =   0.514095, 127.420317       
# span 5 =      0.648,    137.464       
# span 6 =      6.210,      7.919       
# span 7 =   138.9620,   675.6643       
# span 8 =    -0.1900,     7.5697       
# span 9 =    -0.6003,    18.0243       
# span 10 =     0.0140,     0.0681      
# span 11 =     -0.060,      0.311      
# span 12 =     -0.536,      2.503      
# span 13 =     -0.777,      3.631      
# span 14 =          1,        416      
# span 15 = 3.7473e+00, 2.8063e+03      
# span 16 = 0.0000e+00, 0.0000e+00      
# interval = seconds: 0.25
# start_time = Aug 13 2018 17:58:51 [Instrument's time stamp, header]
# bad_flag = -9.990e-29
*END*
[from data line 86]
      0.048    26.7857     6.6450     83.234  38.759598     37.401      7.629   234.1352     2.8346     0.7291     0.0251      0.006      0.048      0.068         87 3.7556e+02 0.0000e+00
      0.050    26.7912     6.5954     82.607  38.784793     37.457      7.629   234.3623     2.9195     0.9708     0.0251      0.007      0.048      0.069         88 4.1205e+02 0.0000e+00
      0.049    26.7958     6.5362     81.854  38.805299     37.455      7.635   233.8702     2.9276     1.0111     0.0251      0.007      0.047      0.069         89 3.9837e+02 0.0000e+00
      0.047    26.7968     6.4890     81.266  38.793401     37.451      7.637   233.7566     2.9034     0.9842     0.0251      0.005      0.046      0.067         90 3.7258e+02 0.0000e+00
      0.045    26.7972     6.4369     80.639  38.799597     37.448      7.636   232.9237     2.8993     0.9439     0.0251      0.003      0.045      0.065         91 6.7990e+02 0.0000e+00
      0.044    26.7988     6.3893     80.064  38.827248     37.474      7.640   232.5830     2.8306     0.8365     0.0251      0.001      0.044      0.063         92 8.5853e+02 0.0000e+00
      0.044    26.8115     6.3405     79.466  38.847975     37.501      7.640   232.5073     2.8548     0.7828     0.0251     -0.001      0.043      0.061         93 6.4847e+02 0.0000e+00
      0.040    26.8425     6.2917     78.864  38.803465     37.445      7.640   232.4694     2.8589     0.8634     0.0251     -0.003      0.038      0.054         94 5.5421e+02 0.0000e+00
      0.029    26.8679     6.2409     78.238  38.793652     37.437      7.638   232.4694     2.8751     0.9305     0.0251     -0.008      0.029      0.041         95 3.9989e+02 0.0000e+00
      0.018    26.8801     6.1774     77.461  38.860179     37.468      7.638   231.6744     2.8306     0.7559     0.0251     -0.013      0.019      0.028         96 4.1779e+02 0.0000e+00
      0.013    26.8856     6.1142     76.690  38.928296     37.530      7.640   232.3180     2.7012     0.9976     0.0252     -0.018      0.014      0.020         97 8.5670e+02 0.0000e+00
      0.012    26.8819     6.0513     75.909  38.916507     37.495      7.647   232.6587     2.7012     1.0111     0.0252     -0.020      0.012      0.018         98 1.0408e+03 0.0000e+00
      0.013    26.8740     6.0016     75.281  38.904505     37.491      7.650   233.0752     2.7335     1.0916     0.0252     -0.020      0.013      0.020         99 5.1886e+02 0.0000e+00
      0.016    26.8768     5.9500     74.632  38.913566     37.493      7.655   233.2266     2.7376     1.0111     0.0252     -0.018      0.016      0.023        100 5.1309e+02 0.0000e+00
      0.020    26.8941     5.8997     74.014  38.905234     37.499      7.657   232.9994     2.7214     0.9708     0.0252     -0.013      0.018      0.026        101 1.4002e+03 0.0000e+00
      0.019    26.9092     5.8581     73.503  38.885216     37.471      7.661   233.8702     2.7052     0.9574     0.0251     -0.008      0.019      0.028        102 1.4990e+03 0.0000e+00
      0.020    26.9183     5.8131     72.935  38.908812     37.484      7.664   234.1352     2.7012     0.9171     0.0252     -0.001      0.020      0.030        103 6.0555e+02 0.0000e+00
      0.023    26.9250     5.7730     72.437  38.905522     37.474      7.668   234.3623     2.7335     1.0111     0.0252      0.004      0.023      0.033        104 3.0314e+02 0.0000e+00
      0.026    26.9328     5.7378     72.010  38.918966     37.467      7.669   234.2866     2.7901     0.9305     0.0252      0.007      0.025      0.037        105 3.0774e+02 0.0000e+00
      0.028    26.9467     5.6947     71.483  38.981064     37.543      7.669   233.5673     2.7740     0.9708     0.0252      0.008      0.026      0.038        106 3.3964e+02 0.0000e+00
      0.026    26.9615     5.6497     70.932  39.006213     37.538      7.673   233.1130     2.7982     1.0782     0.0252      0.007      0.025      0.036        107 3.5192e+02 0.0000e+00
      0.022    26.9678     5.6135     70.486  39.035976     37.581      7.671   233.4916     2.7901     1.0916     0.0252      0.004      0.024      0.034        108 4.1153e+02 0.0000e+00
      0.023    26.9648     5.5805     70.075  39.003344     37.517      7.671   232.8859     2.6163     0.7828     0.0252      0.003      0.024      0.035        109 1.0274e+03 0.0000e+00
      0.027    26.9639     5.5453     69.640  38.987492     37.512      7.672   233.3780     2.5799     0.7694     0.0252      0.003      0.027      0.039        110 7.5726e+02 0.0000e+00
      0.031    26.9729     5.5075     69.176  38.996373     37.514      7.673   233.3402     2.5758     0.8097     0.0252      0.003      0.030      0.043        111 3.9231e+02 0.0000e+00
      0.032    26.9805     5.4731     68.757  38.992289     37.515      7.669   234.6652     2.5799     0.8097     0.0252      0.003      0.030      0.043        112 5.8563e+02 0.0000e+00
      0.027    26.9792     5.4462     68.433  39.051899     37.562      7.664   234.1730     2.8670     0.7962     0.0252      0.002      0.026      0.038        113 3.6492e+02 0.0000e+00
      0.019    26.9828     5.4206     68.121  39.040839     37.556      7.665   234.1730     2.8589     0.8365     0.0252     -0.000      0.021      0.031        114 3.7322e+02 0.0000e+00
      0.019    26.9938     5.4005     67.874  39.006051     37.504      7.664   233.6430     2.8346     0.7559     0.0252     -0.002      0.019      0.029        115 5.9156e+02 0.0000e+00
      0.022    27.0052     5.3796     67.615  39.035865     37.555      7.668   234.5894     2.8265     0.7425     0.0252     -0.002      0.020      0.030        116 8.8954e+02 0.0000e+00
      0.023    27.0154     5.3521     67.276  39.003734     37.493      7.672   234.4759     2.8629     0.7962     0.0252     -0.004      0.022      0.032        117 7.4226e+02 0.0000e+00
      0.025    27.0219     5.3346     67.061  39.046034     37.539      7.673   234.1730     2.7376     0.7962     0.0252     -0.004      0.024      0.035        118 5.1185e+02 0.0000e+00
      0.026    27.0254     5.3197     66.882  39.101867     37.585      7.683   234.3244     2.7295     0.7962     0.0252     -0.003      0.026      0.038        119 1.1347e+03 0.0000e+00
      0.028    27.0309     5.3011     66.654  39.052894     37.527      7.685   233.9837     2.7214     0.7559     0.0252     -0.000      0.028      0.040        120 9.8191e+02 0.0000e+00
      0.029    27.0393     5.2859     66.466  39.047652     37.524      7.687   234.2866     2.7416     0.7828     0.0252      0.003      0.028      0.040        121 4.4531e+02 0.0000e+00
      0.027    27.0502     5.2733     66.311  39.049064     37.520      7.690   234.9302     3.0004     1.0782     0.0252      0.005      0.027      0.038        122 7.2541e+02 0.0000e+00
      0.025    27.0617     5.2547     66.082  39.051133     37.514      7.691   235.2709     2.9802     1.0379     0.0252      0.004      0.025      0.036        123 1.1524e+03 0.0000e+00
      0.024    27.0691     5.2490     66.019  39.104398     37.560      7.695   235.3844     2.9923     1.0379     0.0252      0.002      0.025      0.036        124 1.4383e+03 0.0000e+00
      0.027    27.0732     5.2415     65.932  39.101422     37.552      7.699   234.9680     2.9802     0.9842     0.0252      0.001      0.026      0.037        125 1.1203e+03 0.0000e+00
      0.028    27.0775     5.2391     65.912  39.114156     37.546      7.697   235.8387     2.9519     1.0245     0.0252      0.000      0.027      0.039        126 8.9229e+02 0.0000e+00
      0.028    27.0824     5.2371     65.896  39.147872     37.597      7.695   236.4444     3.0004     1.0245     0.0252      0.000      0.028      0.040        127 1.3880e+03 0.0000e+00
      0.029    27.0873     5.2283     65.791  39.118785     37.540      7.700   236.4066     2.9640     0.9842     0.0252      0.000      0.029      0.041        128 1.4267e+03 0.0000e+00
      0.029    27.0928     5.2374     65.909  39.150353     37.591      7.700   236.6337     2.9964     1.0379     0.0252      0.001      0.029      0.041        129 1.1008e+03 0.0000e+00
      0.030    27.0981     5.2304     65.820  39.167910     37.587      7.700   236.9744     2.9883     0.8365     0.0252      0.002      0.029      0.042        130 1.2455e+03 0.0000e+00
      0.030    27.1017     5.2282     65.791  39.156257     37.583      7.701   237.2773     2.9842     0.7559     0.0252      0.003      0.030      0.043        131 1.2256e+03 0.0000e+00
      0.031    27.1043     5.2155     65.632  39.164851     37.579      7.705   237.6180     2.9923     0.7022     0.0252      0.003      0.030      0.043        132 1.1338e+03 0.0000e+00
      0.030    27.1086     5.2026     65.474  39.157212     37.577      7.703   237.4666     3.0085     0.8365     0.0252      0.002      0.029      0.042        133 1.0776e+03 0.0000e+00
      0.029    27.1150     5.1943     65.373  39.165762     37.575      7.706   237.1259     2.9074     0.9305     0.0252      0.001      0.028      0.040        134 7.1909e+02 0.0000e+00
      0.026    27.1225     5.1813     65.215  39.183873     37.599      7.705   237.1637     2.9074     0.9976     0.0253     -0.000      0.025      0.037        135 4.3078e+02 0.0000e+00
      0.024    27.1303     5.1685     65.059  39.164335     37.567      7.705   236.8987     2.9195     1.0514     0.0252     -0.002      0.023      0.034        136 4.3551e+02 0.0000e+00
      0.022    27.1378     5.1664     65.038  39.160411     37.562      7.707   236.2930     2.9115     1.0648     0.0252     -0.004      0.023      0.033        137 7.4082e+02 0.0000e+00
      0.023    27.1433     5.1624     64.995  39.159090     37.556      7.707   236.3309     2.9195     0.9574     0.0252     -0.005      0.023      0.033        138 9.2882e+02 0.0000e+00
      0.024    27.1458     5.1644     65.027  39.165974     37.551      7.711   236.7094     2.8710     0.9305     0.0252     -0.005      0.024      0.035        139 1.3067e+03 0.0000e+00
      0.026    27.1455     5.1701     65.108  39.181501     37.573      7.712   236.8987     2.8548     1.0245     0.0252     -0.004      0.026      0.038        140 1.3468e+03 0.0000e+00
      0.030    27.1442     5.1731     65.150  39.169427     37.545      7.712   238.1102     2.8548     1.0379     0.0252     -0.001      0.029      0.043        141 9.5978e+02 0.0000e+00
      0.033    27.1453     5.1718     65.133  39.151337     37.545      7.714   237.5802     2.8629     1.0245     0.0252      0.002      0.031      0.046        142 1.3319e+03 0.0000e+00
      0.033    27.1483     5.1728     65.141  39.174351     37.546      7.714   237.5802     2.6971     0.7694     0.0252      0.005      0.033      0.048        143 1.1979e+03 0.0000e+00
      0.035    27.1519     5.1691     65.096  39.200112     37.599      7.714   237.2394     2.7457     0.7828     0.0253      0.007      0.034      0.050        144 4.0817e+02 0.0000e+00
      0.037    27.1561     5.1567     64.944  39.178603     37.543      7.719   237.2394     2.7214     0.7828     0.0252      0.008      0.036      0.052        145 3.5352e+02 0.0000e+00
      0.038    27.1602     5.1507     64.876  39.201118     37.594      7.721   237.6180     2.7335     0.8231     0.0253      0.008      0.036      0.053        146 9.4989e+02 0.0000e+00
      0.037    27.1647     5.1482     64.854  39.172092     37.537      7.721   237.5423     2.5314     0.7559     0.0252      0.007      0.036      0.052        147 1.2061e+03 0.0000e+00
      0.036    27.1707     5.1483     64.865  39.155398     37.534      7.724   238.1480     2.5314     0.8097     0.0252      0.005      0.035      0.051        148 1.0514e+03 0.0000e+00
      0.034    27.1778     5.1511     64.909  39.221891     37.585      7.723   238.0723     2.5273     0.6754     0.0253      0.002      0.034      0.049        149 9.7222e+02 0.0000e+00
      0.033    27.1848     5.1581     65.006  39.207990     37.581      7.721   238.2995     2.5556     0.7962     0.0253      0.000      0.032      0.047        150 9.2718e+02 0.0000e+00
      0.033    27.1885     5.1653     65.103  39.202355     37.549      7.725   238.5645     2.7376     0.9842     0.0252     -0.001      0.032      0.047        151 8.7005e+02 0.0000e+00
      0.034    27.1876     5.1708     65.179  39.199237     37.570      7.726   238.5266     2.7457     1.0782     0.0253     -0.002      0.033      0.049        152 8.0082e+02 0.0000e+00
      0.037    27.1853     5.1854     65.369  39.122879     37.460      7.726   238.3373     2.7214     0.9708     0.0252     -0.002      0.035      0.052        153 7.4054e+02 0.0000e+00
      0.038    27.1857     5.1952     65.500  39.149067     37.515      7.728   238.4130     2.7052     0.9976     0.0252     -0.000      0.037      0.053        154 4.6052e+02 0.0000e+00
      0.037    27.1898     5.2082     65.673  39.166648     37.517      7.726   238.9052     2.9074     0.7694     0.0252      0.001      0.037      0.053        155 3.0358e+02 0.0000e+00
      0.037    27.1966     5.2070     65.668  39.160325     37.516      7.731   238.7537     2.9195     0.7828     0.0252      0.002      0.036      0.052        156 3.5527e+02 0.0000e+00
      0.035    27.2046     5.2088     65.698  39.156935     37.513      7.729   238.7159     2.9195     0.7425     0.0252      0.002      0.034      0.051        157 3.6447e+02 0.0000e+00
      0.035    27.2125     5.2045     65.651  39.170864     37.508      7.731   238.9052     2.9195     0.7559     0.0252      0.001      0.034      0.050        158 8.1490e+02 0.0000e+00
      0.036    27.2202     5.1981     65.576  39.202311     37.556      7.731   239.2837     2.8629     0.7559     0.0253      0.001      0.035      0.051        159 1.3929e+03 0.0000e+00
      0.037    27.2273     5.1881     65.457  39.177119     37.497      7.733   239.3216     2.7174     0.8231     0.0252      0.000      0.037      0.053        160 1.4113e+03 0.0000e+00
      0.037    27.2336     5.1824     65.392  39.231874     37.572      7.729   239.2837     2.7538     0.8097     0.0253     -0.000      0.037      0.053        161 1.3717e+03 0.0000e+00
      0.036    27.2390     5.1756     65.312  39.223156     37.540      7.729   238.9052     2.7376     0.7425     0.0253     -0.000      0.036      0.052        162 1.2108e+03 0.0000e+00
      0.035    27.2441     5.1633     65.161  39.217627     37.535      7.727   239.2837     2.6931     0.7559     0.0253     -0.000      0.034      0.050        163 8.8665e+02 0.0000e+00
      0.034    27.2505     5.1592     65.113  39.209088     37.531      7.728   239.7002     2.5960     0.9842     0.0253     -0.000      0.034      0.049        164 8.5795e+02 0.0000e+00
      0.034    27.2583     5.1431     64.912  39.174453     37.474      7.726   239.8895     2.6041     0.8902     0.0252     -0.001      0.034      0.049        165 8.0400e+02 0.0000e+00
      0.034    27.2663     5.1333     64.790  39.201401     37.523      7.724   239.9652     2.5920     1.0379     0.0253     -0.001      0.034      0.049        166 7.3186e+02 0.0000e+00
      0.035    27.2732     5.1202     64.628  39.205213     37.491      7.726   240.4952     2.5839     1.0514     0.0252     -0.001      0.034      0.050        167 7.6486e+02 0.0000e+00
      0.036    27.2787     5.1074     64.471  39.199369     37.512      7.729   240.4573     2.5920     1.0245     0.0253     -0.001      0.035      0.051        168 6.1611e+02 0.0000e+00
      0.036    27.2839     5.0996     64.374  39.179008     37.453      7.727   240.6845     2.6163     0.9842     0.0252     -0.000      0.035      0.051        169 4.7490e+02 0.0000e+00
      0.036    27.2899     5.0853     64.160  39.200886     37.503      7.725   240.2302     2.6001     0.9574     0.0253      0.000      0.035      0.051        170 5.3370e+02 0.0000e+00
