Data/DataNotYetUploadedToEDI/Raw_CTD/RawDownloads/081318_fcr30.cnv
* Sea-Bird SBE19plus  Data File:
* FileName = C:\DATA\081318_fcr_0007.hex
* Software version 2.6.3.104
* Temperature SN = 7809
* Conductivity SN = 7809
* System UpLoad Time = Aug 13 2018 19:27:01
* <ApplicationData>
* <Seaterm232>
# nquan = 17
# nvalues = 701                         
# units = specified
# name 0 = depFM: Depth [fresh water, m]
# name 1 = tv290C: Temperature [ITS-90, deg C]
# name 2 = sbeox0Mg/L: Oxygen, SBE 43 [mg/l]
# name 3 = sbeox0PS: Oxygen, SBE 43 [% saturation]
# name 4 = c0uS/cm: Conductivity [uS/cm]
# name 5 = specc: Specific Conductance [uS/cm]
# name 6 = ph: pH
# name 7 = orp: Oxidation Reduction Potential [mV]
# name 8 = flECO-AFL: Fluorescence, WET Labs ECO-AFL/FL [mg/m^3]
# name 9 = turbWETntu0: Turbidity, WET Labs ECO [NTU]
# name 10 = sal00: Salinity, Practical [PSU]
# name 11 = dz/dtM: Descent Rate [m/s]
# name 12 = prdM: Pressure, Strain Gauge [db]
# name 13 = prdE: Pressure, Strain Gauge [psi]
# name 14 = scan: Scan Count
# name 15 = par/sat/log: PAR/Logarithmic, Satlantic
# name 16 = flag:  0.000e+00
# span 0 =     -0.574,      5.361       
# span 1 =    12.0527,    27.4860       
# span 2 =     0.1364,     9.6350       
# span 3 =      1.428,    121.386       
# span 4 =   0.410576,  51.609325       
# span 5 =      0.392,     65.696       
# span 6 =      6.349,      8.261       
# span 7 = -1240.7455,   285.2424       
# span 8 =    -0.3841,     8.1520       
# span 9 =    -3.7424,    21.8781       
# span 10 =     0.0121,     0.0336      
# span 11 =     -0.116,      0.266      
# span 12 =     -0.562,      5.257      
# span 13 =     -0.815,      7.624      
# span 14 =          1,        701      
# span 15 = 3.3907e-01, 3.2621e+03      
# span 16 = 0.0000e+00, 0.0000e+00      
# interval = seconds: 0.25
# start_time = Aug 13 2018 19:01:28 [Instrument's time stamp, header]
# bad_flag = -9.990e-29
*END*
[from data line 426]
      0.158    26.9196     8.8914    111.602  37.679513     36.277      8.041   240.2302     2.9802     1.0782     0.0247      0.004      0.155      0.225        427 1.3397e+03 0.0000e+00
      0.160    26.9333     8.8804    111.458  37.681396     36.281      8.041   239.8895     3.0611     1.0782     0.0247      0.005      0.157      0.227        428 1.5104e+03 0.0000e+00
      0.162    26.9494     8.8616    111.221  37.675364     36.282      8.044   240.0409     3.0530     1.0379     0.0247      0.006      0.158      0.229        429 1.4327e+03 0.0000e+00
      0.163    26.9582     8.8369    110.920  37.687018     36.273      8.045   240.8737     3.0368     1.0648     0.0247      0.007      0.159      0.231        430 1.4898e+03 0.0000e+00
      0.162    26.9664     8.8188    110.706  37.726207     36.314      8.046   240.6845     3.0570     1.0648     0.0247      0.007      0.159      0.231        431 1.3008e+03 0.0000e+00
      0.162    26.9763     8.8043    110.567  37.685908     36.255      8.046   240.5330     2.9438     1.0916     0.0247      0.006      0.160      0.232        432 1.4364e+03 0.0000e+00
      0.164    26.9799     8.7956    110.494  37.677842     36.249      8.048   240.4952     2.9276     1.0514     0.0247      0.005      0.162      0.234        433 1.6883e+03 0.0000e+00
      0.168    26.9751     8.7872    110.367  37.736243     36.297      8.049   240.6087     2.9195     1.0514     0.0247      0.005      0.165      0.239        434 1.4070e+03 0.0000e+00
      0.171    26.9780     8.7754    110.194  37.731870     36.293      8.050   240.6845     2.9155     1.0916     0.0247      0.005      0.167      0.243        435 2.0722e+03 0.0000e+00
      0.172    26.9915     8.7650    110.040  37.742603     36.298      8.049   240.8737     2.6486     1.0111     0.0247      0.006      0.169      0.245        436 1.6716e+03 0.0000e+00
      0.173    27.0005     8.7691    110.111  37.782207     36.348      8.051   240.6845     2.7052     1.0648     0.0247      0.007      0.170      0.248        437 1.2126e+03 0.0000e+00
      0.177    26.9984     8.7828    110.300  37.801224     36.340      8.051   240.7980     2.6527     1.0648     0.0247      0.008      0.173      0.251        438 1.5032e+03 0.0000e+00
      0.178    26.9975     8.7996    110.476  37.837574     36.386      8.049   241.1766     2.6486     1.0648     0.0247      0.009      0.175      0.254        439 1.3915e+03 0.0000e+00
      0.181    27.0022     8.8135    110.644  37.796287     36.335      8.051   241.3659     2.6527     1.0648     0.0247      0.009      0.177      0.258        440 1.3923e+03 0.0000e+00
      0.184    27.0092     8.8355    110.931  37.793281     36.335      8.051   241.2523     2.6688     1.0379     0.0247      0.009      0.180      0.263        441 1.1584e+03 0.0000e+00
      0.189    27.0307     8.8545    111.180  37.781992     36.332      8.054   241.3280     2.6607     1.0111     0.0247      0.009      0.185      0.268        442 1.0139e+03 0.0000e+00
      0.193    27.0470     8.8772    111.362  37.751014     36.273      8.049   241.3659     2.6648     0.9842     0.0247      0.011      0.189      0.273        443 1.1697e+03 0.0000e+00
      0.195    27.0389     8.8857    111.353  37.772507     36.312      8.050   241.6687     2.6607     1.0379     0.0247      0.012      0.191      0.277        444 1.4043e+03 0.0000e+00
      0.196    27.0248     8.8778    111.191  37.755236     36.246      8.046   241.7445     2.7416     1.1051     0.0247      0.012      0.193      0.279        445 1.0973e+03 0.0000e+00
      0.198    27.0143     8.8795    111.169  37.772504     36.307      8.044   241.7445     2.7538     1.0782     0.0247      0.011      0.194      0.281        446 1.8221e+03 0.0000e+00
      0.198    27.0236     8.8942    111.301  37.751020     36.262      8.042   241.8580     2.7295     1.1722     0.0247      0.010      0.195      0.283        447 2.3880e+03 0.0000e+00
      0.201    27.0302     8.9139    111.489  37.781978     36.324      8.041   241.5930     2.7376     0.9574     0.0247      0.009      0.199      0.288        448 1.2698e+03 0.0000e+00
      0.210    27.0163     8.9221    111.549  37.793302     36.317      8.033   241.4037     2.7376     1.0514     0.0247      0.010      0.206      0.298        449 1.3060e+03 0.0000e+00
      0.217    27.0098     8.9318    111.634  37.736924     36.257      8.023   241.5930     2.7376     1.0916     0.0247      0.012      0.212      0.308        450 1.4095e+03 0.0000e+00
      0.221    27.0186     8.9533    111.860  37.733496     36.269      8.017   242.0095     2.7254     1.1319     0.0247      0.014      0.218      0.316        451 1.0898e+03 0.0000e+00
      0.228    27.0192     8.9735    112.031  37.797573     36.326      8.013   242.3502     2.7335     1.0916     0.0247      0.017      0.227      0.329        452 1.3209e+03 0.0000e+00
      0.246    26.9716     9.0028    112.217  37.775826     36.321      8.008   242.8802     2.8670     1.0782     0.0247      0.023      0.246      0.356        453 1.2856e+03 0.0000e+00
      0.279    26.9123     9.0105    112.158  37.641915     36.157      7.998   242.6152     2.8508     1.0379     0.0246      0.035      0.273      0.396        454 1.4745e+03 0.0000e+00
      0.310    26.8811     9.0105    112.092  37.608300     36.192      7.986   243.5616     2.8831     1.1051     0.0246      0.050      0.300      0.436        455 1.4936e+03 0.0000e+00
      0.328    26.8593     9.0182    112.146  37.639716     36.233      7.974   243.1830     2.8831     1.0916     0.0246      0.062      0.324      0.470        456 1.3931e+03 0.0000e+00
      0.355    26.8331     9.0203    112.148  37.602844     36.255      7.972   243.3723     2.5799     1.0648     0.0246      0.074      0.352      0.510        457 1.4757e+03 0.0000e+00
      0.393    26.8040     9.0299    112.273  37.505903     36.135      7.975   244.0159     2.6244     1.0514     0.0246      0.090      0.389      0.563        458 1.7006e+03 0.0000e+00
      0.440    26.7829     9.0455    112.475  37.523088     36.208      7.984   245.1516     2.5920     1.0648     0.0246      0.107      0.434      0.629        459 1.6220e+03 0.0000e+00
      0.496    26.7644     9.0704    112.744  37.492491     36.174      8.002   245.7195     2.6082     1.0648     0.0246      0.126      0.484      0.702        460 1.1630e+03 0.0000e+00
      0.545    26.7440     9.0926    112.955  37.425353     36.135      8.017   244.9623     2.6041     1.0111     0.0246      0.142      0.532      0.772        461 1.0271e+03 0.0000e+00
      0.586    26.7013     9.1145    113.156  37.428689     36.147      8.033   244.3945     2.7699     0.9842     0.0246      0.154      0.575      0.834        462 1.1482e+03 0.0000e+00
      0.630    26.6151     9.1358    113.340  37.369709     36.108      8.048   244.9245     2.8144     0.9574     0.0246      0.166      0.618      0.896        463 1.2196e+03 0.0000e+00
      0.678    26.5387     9.1293    113.212  37.261487     36.028      8.058   244.7730     2.7861     1.0111     0.0245      0.178      0.655      0.950        464 8.8434e+02 0.0000e+00
      0.694    26.5048     9.1178    113.003  37.207475     36.036      8.067   244.6595     2.8063     1.0916     0.0245      0.175      0.677      0.982        465 8.1619e+02 0.0000e+00
      0.700    26.4844     9.0988    112.681  37.199684     36.090      8.078   244.9245     3.2592     0.9842     0.0245      0.159      0.688      0.997        466 9.7411e+02 0.0000e+00
      0.713    26.4722     9.0783    112.405  37.211898     36.113      8.088   245.1895     3.2713     0.9574     0.0245      0.137      0.698      1.011        467 8.6144e+02 0.0000e+00
      0.721    26.4755     9.0748    112.335  37.192294     36.127      8.098   245.2273     3.2390     1.1319     0.0245      0.111      0.704      1.021        468 1.0718e+03 0.0000e+00
      0.718    26.4783     9.0717    112.285  37.224089     36.136      8.108   245.0380     3.2592     1.0916     0.0245      0.084      0.707      1.026        469 1.1288e+03 0.0000e+00
      0.725    26.4588     9.0653    112.232  37.290975     36.242      8.121   244.3188     3.5180     1.0648     0.0245      0.060      0.719      1.044        470 1.0458e+03 0.0000e+00
      0.759    26.4275     9.0839    112.469  37.168378     36.077      8.129   244.3566     3.4978     1.0111     0.0245      0.048      0.748      1.085        471 1.1490e+03 0.0000e+00
      0.802    26.3919     9.1044    112.702  37.139381     36.091      8.136   244.3566     3.5018     1.0514     0.0245      0.049      0.787      1.140        472 7.6278e+02 0.0000e+00
      0.845    26.3538     9.1136    112.799  37.149111     36.113      8.146   245.0759     3.5059     1.1319     0.0245      0.066      0.824      1.194        473 6.4477e+02 0.0000e+00
      0.869    26.3302     9.1049    112.683  37.067306     36.056      8.154   244.5080     3.3805     1.0245     0.0244      0.084      0.853      1.237        474 7.5683e+02 0.0000e+00
      0.894    26.2966     9.0892    112.469  37.063245     36.084      8.167   244.7730     3.3684     1.0111     0.0244      0.098      0.882      1.279        475 6.5398e+02 0.0000e+00
      0.936    26.2569     9.0760    112.284  37.035544     36.072      8.174   245.1138     3.3805     1.0514     0.0244      0.115      0.912      1.324        476 6.3774e+02 0.0000e+00
      0.961    26.2434     9.0712    112.217  37.012815     36.068      8.186   244.3188     3.3805     1.0111     0.0244      0.127      0.937      1.359        477 6.8435e+02 0.0000e+00
      0.970    26.2317     9.0583    112.055  37.002569     36.098      8.192   243.9402     3.7000     1.0379     0.0244      0.124      0.952      1.381        478 7.1280e+02 0.0000e+00
      0.984    26.2258     9.0627    112.097  36.959334     36.051      8.204   243.4859     3.6919     1.0245     0.0244      0.111      0.966      1.401        479 6.2221e+02 0.0000e+00
      1.000    26.2381     9.0710    112.188  37.007310     36.115      8.211   243.3345     3.6797     1.0648     0.0244      0.096      0.983      1.426        480 5.9034e+02 0.0000e+00
      1.024    26.2416     9.0803    112.304  37.091168     36.201      8.216   243.4480     3.6959     0.9574     0.0245      0.087      1.001      1.451        481 6.1736e+02 0.0000e+00
      1.036    26.2316     9.0891    112.405  37.062595     36.164      8.217   243.2588     3.7081     1.0245     0.0245      0.079      1.011      1.467        482 6.4198e+02 0.0000e+00
      1.033    26.2235     9.1011    112.546  36.953886     36.053      8.229   242.9938     4.1407     1.0916     0.0244      0.066      1.015      1.472        483 6.1032e+02 0.0000e+00
      1.038    26.2191     9.1148    112.707  36.959516     36.060      8.233   242.7287     4.1326     1.0514     0.0244      0.052      1.019      1.479        484 5.9781e+02 0.0000e+00
      1.048    26.2096     9.1138    112.689  36.996272     36.120      8.238   242.8802     4.1448     1.0648     0.0244      0.045      1.027      1.490        485 6.2042e+02 0.0000e+00
      1.055    26.1991     9.1105    112.645  36.967467     36.069      8.243   242.6909     4.1448     1.0379     0.0244      0.040      1.035      1.500        486 6.2676e+02 0.0000e+00
      1.061    26.1956     9.0958    112.457  36.965707     36.103      8.247   243.1452     3.9507     0.8365     0.0244      0.034      1.041      1.510        487 6.3677e+02 0.0000e+00
      1.068    26.1940     9.0814    112.254  36.968806     36.083      8.251   243.3723     3.9709     0.8634     0.0244      0.029      1.047      1.520        488 6.2939e+02 0.0000e+00
      1.076    26.1878     9.0832    112.232  36.993274     36.140      8.257   243.8645     3.9628     0.8902     0.0244      0.025      1.056      1.532        489 5.8333e+02 0.0000e+00
      1.088    26.1828     9.0862    112.216  36.964920     36.086      8.259   243.7888     3.9345     0.8365     0.0244      0.027      1.066      1.546        490 5.8329e+02 0.0000e+00
      1.096    26.1821     9.0782    112.075  37.004094     36.146      8.261   243.4480     4.2661     0.8097     0.0244      0.031      1.075      1.559        491 5.8451e+02 0.0000e+00
      1.105    26.1790     9.0639    111.873  37.033504     36.177      8.261   243.7888     4.2661     0.7828     0.0244      0.032      1.085      1.574        492 5.6838e+02 0.0000e+00
      1.119    26.1751     9.0525    111.715  36.957982     36.095      8.257   243.7888     4.3065     0.9574     0.0244      0.034      1.097      1.592        493 6.0292e+02 0.0000e+00
      1.134    26.1717     9.0468    111.614  36.949783     36.097      8.257   244.2052     4.2620     0.9036     0.0244      0.038      1.112      1.613        494 5.7981e+02 0.0000e+00
      1.150    26.1682     9.0515    111.629  36.954730     36.100      8.257   244.3945     4.5249     0.8634     0.0244      0.043      1.125      1.632        495 5.3619e+02 0.0000e+00
      1.158    26.1666     9.0464    111.508  36.951828     36.102      8.251   243.7509     4.5613     0.8634     0.0244      0.046      1.135      1.646        496 5.5004e+02 0.0000e+00
      1.162    26.1631     9.0424    111.375  36.953395     36.105      8.255   244.0159     4.5249     0.8499     0.0244      0.045      1.142      1.656        497 5.3719e+02 0.0000e+00
      1.173    26.1515     9.0398    111.224  36.923121     36.079      8.257   243.4480     4.5370     0.9842     0.0244      0.044      1.154      1.674        498 4.8739e+02 0.0000e+00
      1.195    26.1294     9.0304    110.966  36.900527     36.054      8.258   243.6373     4.8362     0.8365     0.0244      0.047      1.172      1.700        499 4.9914e+02 0.0000e+00
      1.217    26.1036     8.9988    110.424  36.892537     36.062      8.256   243.6752     4.7917     0.9842     0.0244      0.050      1.192      1.729        500 5.1302e+02 0.0000e+00
      1.236    26.0830     8.9343    109.499  36.844092     36.023      8.256   244.2052     4.7796     0.8231     0.0244      0.054      1.211      1.757        501 4.8440e+02 0.0000e+00
      1.254    26.0706     8.8364    108.180  36.842189     36.041      8.256   244.2809     4.7675     0.8231     0.0244      0.058      1.231      1.785        502 4.6751e+02 0.0000e+00
      1.275    26.0617     8.7088    106.471  36.865259     36.083      8.255   244.4702     4.6624     1.0111     0.0244      0.064      1.251      1.815        503 4.8282e+02 0.0000e+00
      1.298    26.0468     8.5959    104.933  36.845051     36.065      8.253   244.7352     4.6907     1.0648     0.0244      0.072      1.274      1.848        504 4.6839e+02 0.0000e+00
      1.323    26.0254     8.4929    103.539  36.778366     36.016      8.247   244.7352     4.6502     1.0379     0.0243      0.079      1.299      1.884        505 4.5225e+02 0.0000e+00
      1.354    25.9970     8.4060    102.379  36.740637     35.972      8.241   245.1516     4.6624     1.1051     0.0243      0.086      1.327      1.924        506 4.7489e+02 0.0000e+00
      1.381    25.9550     8.3324    101.412  36.714056     35.987      8.237   244.9623     4.6745     1.0648     0.0243      0.090      1.352      1.961        507 4.4258e+02 0.0000e+00
      1.400    25.8969     8.2454    100.334  36.692820     35.952      8.236   245.0759     5.0991     1.1185     0.0243      0.093      1.374      1.993        508 4.1254e+02 0.0000e+00
      1.424    25.8260     8.1653     99.366  36.648442     35.981      8.237   245.0759     5.1193     1.0514     0.0243      0.095      1.398      2.026        509 3.9504e+02 0.0000e+00
      1.451    25.7499     8.0870     98.348  36.561693     35.885      8.236   245.0002     5.0788     1.0111     0.0243      0.098      1.421      2.060        510 3.8082e+02 0.0000e+00
