Data/DataNotYetUploadedToEDI/Raw_CTD/RawDownloads/081318_fcr10.cnv
* Sea-Bird SBE19plus  Data File:
* FileName = C:\DATA\081318_fcr_0005.hex
* Software version 2.6.3.104
* Temperature SN = 7809
* Conductivity SN = 7809
* System UpLoad Time = Aug 13 2018 19:26:27
* <ApplicationData>
* <Seaterm232>
# nquan = 17
# nvalues = 416                         
# units = specified
# name 0 = depFM: Depth [fresh water, m]
# name 1 = tv290C: Temperature [ITS-90, deg C]
# name 2 = sbeox0Mg/L: Oxygen, SBE 43 [mg/l]
# name 3 = sbeox0PS: Oxygen, SBE 43 [% saturation]
# name 4 = c0uS/cm: Conductivity [uS/cm]
# name 5 = specc: Specific Conductance [uS/cm]
# name 6 = ph: pH
# name 7 = orp: Oxidation Reduction Potential [mV]
# name 8 = flECO-AFL: Fluorescence, WET Labs ECO-AFL/FL [mg/m^3]
# name 9 = turbWETntu0: Turbidity, WET Labs ECO [NTU]
# name 10 = sal00: Salinity, Practical [PSU]
# name 11 = dz/dtM: Descent Rate [m/s]
# name 12 = prdM: Pressure, Strain Gauge [db]
# name 13 = prdE: Pressure, Strain Gauge [psi]
# name 14 = scan: Scan Count
# name 15 = par/sat/log: PAR/Logarithmic, Satlantic
# name 16 = flag:  0.000e+00
# span 0 =     -0.547,      2.554       
# span 1 =    21.5379,    31.5613       
# span 2 =    -0.5304,     9.5533       
# span 3 =     -6.149,    118.044       
# span 4 =   0.514095, 127.420317       
# span 5 =      0.648,    137.464       
# span 6 =      6.210,      7.919       
# span 7 =   138.9620,   675.6643       
# span 8 =    -0.1900,     7.5697       
# span 9 =    -0.6003,    18.0243       
# span 10 =     0.0140,     0.0681      
# span 11 =     -0.060,      0.311      
# span 12 =     -0.536,      2.503      
# span 13 =     -0.777,      3.631      
# span 14 =          1,        416      
# span 15 = 3.7473e+00, 2.8063e+03      
# span 16 = 0.0000e+00, 0.0000e+00      
# interval = seconds: 0.25
# start_time = Aug 13 2018 17:58:51 [Instrument's time stamp, header]
# bad_flag = -9.990e-29
*END*
[from data line 256]
      1.114    25.8249     8.3455    102.526  37.000001     36.403      7.750   252.1552     4.0760     0.6888     0.0244      0.082      1.091      1.582        257 4.9868e+02 0.0000e+00
      1.138    25.8240     8.3489    102.565  36.960198     36.348      7.742   252.3445     4.0760     0.7559     0.0244      0.083      1.112      1.612        258 5.0429e+02 0.0000e+00
      1.148    25.8232     8.3548    102.630  36.948833     36.349      7.739   252.6473     4.0922     0.8365     0.0244      0.081      1.128      1.635        259 4.7335e+02 0.0000e+00
      1.164    25.8229     8.3537    102.593  37.014147     36.404      7.735   252.3066     4.5855     0.8634     0.0244      0.079      1.144      1.659        260 4.5568e+02 0.0000e+00
      1.187    25.8241     8.3352    102.343  37.027215     36.432      7.728   252.4581     4.5936     0.8499     0.0245      0.079      1.163      1.686        261 4.6528e+02 0.0000e+00
      1.205    25.8254     8.3026    101.916  36.962230     36.350      7.724   252.1552     4.5855     0.8097     0.0244      0.078      1.183      1.716        262 4.7691e+02 0.0000e+00
      1.227    25.8252     8.2635    101.415  37.006041     36.404      7.721   252.4581     4.5896     0.7694     0.0244      0.077      1.206      1.748        263 4.6393e+02 0.0000e+00
      1.256    25.8219     8.2275    100.955  37.002353     36.403      7.718   253.2909     4.8807     1.0648     0.0244      0.078      1.230      1.783        264 4.3919e+02 0.0000e+00
      1.278    25.8172     8.1939    100.525  36.966819     36.349      7.709   253.5559     4.8888     0.9574     0.0244      0.079      1.250      1.813        265 4.3179e+02 0.0000e+00
      1.290    25.8150     8.1710    100.220  37.020602     36.433      7.702   253.6316     4.9009     1.0648     0.0245      0.080      1.264      1.833        266 4.3809e+02 0.0000e+00
      1.298    25.8131     8.1633    100.090  37.024401     36.409      7.701   254.0102     4.9171     1.0245     0.0244      0.079      1.274      1.849        267 4.2656e+02 0.0000e+00
      1.312    25.8123     8.1638    100.063  37.051073     36.466      7.698   254.2752     4.8848     0.9305     0.0245      0.075      1.287      1.867        268 4.2623e+02 0.0000e+00
      1.327    25.8076     8.1676    100.072  37.076392     36.467      7.696   254.1238     5.0869     0.7559     0.0245      0.069      1.302      1.889        269 4.1894e+02 0.0000e+00
      1.344    25.7955     8.1669     99.992  37.052214     36.468      7.694   254.1238     5.0910     0.8097     0.0245      0.065      1.319      1.913        270 4.0658e+02 0.0000e+00
      1.364    25.7831     8.1477     99.673  37.081163     36.471      7.696   254.5024     5.0627     0.7559     0.0245      0.061      1.337      1.939        271 4.1252e+02 0.0000e+00
      1.381    25.7695     8.0848     98.827  37.188666     36.618      7.689   254.5781     5.0950     0.7962     0.0245      0.058      1.354      1.964        272 4.0200e+02 0.0000e+00
      1.399    25.7570     7.9516     97.141  37.215031     36.626      7.686   254.8809     5.2810     0.9574     0.0245      0.060      1.372      1.989        273 3.9470e+02 0.0000e+00
      1.416    25.7473     7.7540     94.698  37.196659     36.636      7.678   255.2974     5.2972     1.0111     0.0245      0.064      1.387      2.011        274 3.8307e+02 0.0000e+00
      1.427    25.7378     7.5138     91.744  37.211539     36.645      7.670   255.5624     5.3012     0.9574     0.0245      0.066      1.399      2.028        275 3.7619e+02 0.0000e+00
      1.435    25.7244     7.2571     88.565  37.255841     36.707      7.665   255.6759     5.2770     1.0245     0.0245      0.064      1.409      2.043        276 3.8372e+02 0.0000e+00
      1.448    25.7051     7.0598     86.069  37.200851     36.659      7.662   255.7895     5.4266     0.9574     0.0245      0.060      1.420      2.060        277 3.7757e+02 0.0000e+00
      1.461    25.6872     6.9200     84.266  37.161339     36.614      7.659   256.3574     5.4589     0.9976     0.0245      0.056      1.432      2.077        278 3.7264e+02 0.0000e+00
      1.472    25.6656     6.8315     83.087  37.186380     36.683      7.655   256.3195     5.4792     1.0245     0.0245      0.052      1.446      2.097        279 3.6536e+02 0.0000e+00
      1.490    25.6276     6.7803     82.372  37.406975     36.861      7.652   256.3195     5.4630     1.1453     0.0246      0.050      1.462      2.120        280 3.6194e+02 0.0000e+00
      1.509    25.5811     6.7689     82.171  38.013923     37.538      7.647   256.3574     5.4428     0.7694     0.0249      0.051      1.478      2.145        281 3.5788e+02 0.0000e+00
      1.523    25.5387     6.7682     82.118  38.655633     38.147      7.641   256.8874     5.4428     0.9305     0.0251      0.053      1.493      2.167        282 3.4917e+02 0.0000e+00
      1.537    25.5069     6.7707     82.099  39.010985     38.596      7.633   257.0766     5.4630     0.7694     0.0253      0.056      1.506      2.184        283 3.6158e+02 0.0000e+00
      1.544    25.4895     6.7587     81.928  39.025161     38.573      7.628   256.8116     5.4509     0.8231     0.0253      0.057      1.516      2.200        284 3.5585e+02 0.0000e+00
      1.557    25.4777     6.7256     81.530  38.815987     38.459      7.622   257.0388     5.5924     1.0648     0.0252      0.056      1.531      2.221        285 3.4725e+02 0.0000e+00
      1.582    25.4492     6.6915     81.114  38.559418     38.140      7.611   258.4017     5.5843     0.9708     0.0251      0.057      1.551      2.251        286 3.5158e+02 0.0000e+00
      1.608    25.3941     6.6251     80.293  38.395275     38.066      7.600   258.6667     5.5762     0.9842     0.0250      0.061      1.575      2.285        287 3.3814e+02 0.0000e+00
      1.629    25.3294     6.5742     79.655  38.219396     37.838      7.585   259.2345     5.6005     0.9976     0.0249      0.065      1.597      2.316        288 3.2760e+02 0.0000e+00
      1.650    25.2632     6.5252     79.043  38.066432     37.797      7.571   259.3859     5.8310     1.1588     0.0249      0.069      1.617      2.346        289 3.2763e+02 0.0000e+00
      1.668    25.2030     6.4913     78.652  37.992432     37.706      7.558   259.6131     5.8593     0.9708     0.0248      0.074      1.635      2.372        290 3.2701e+02 0.0000e+00
      1.684    25.1618     6.4603     78.343  38.133552     37.951      7.551   259.5374     5.8431     1.0111     0.0249      0.078      1.652      2.397        291 3.2156e+02 0.0000e+00
      1.706    25.1312     6.4477     78.165  38.217120     38.052      7.540   260.0295     5.8148     0.9574     0.0250      0.081      1.672      2.426        292 3.1591e+02 0.0000e+00
      1.727    25.0999     6.4558     78.168  38.155416     38.027      7.527   260.2567     5.8471     1.0111     0.0249      0.081      1.692      2.454        293 3.0633e+02 0.0000e+00
      1.742    25.0832     6.4662     78.198  38.240026     38.134      7.517   260.6731     6.0695     1.0648     0.0250      0.078      1.706      2.474        294 2.9956e+02 0.0000e+00
      1.749    25.0843     6.4568     78.000  38.260151     38.186      7.504   260.9002     6.1019     1.1051     0.0250      0.072      1.714      2.485        295 3.0260e+02 0.0000e+00
      1.752    25.0827     6.3874     77.094  38.219370     38.143      7.493   261.1652     6.0493     1.0648     0.0250      0.064      1.718      2.491        296 3.0675e+02 0.0000e+00
      1.756    25.0717     6.2544     75.430  38.261124     38.197      7.483   261.3167     6.0938     1.0111     0.0250      0.055      1.723      2.498        297 2.9814e+02 0.0000e+00
      1.762    25.0576     6.0955     73.450  38.267515     38.199      7.475   261.5817     6.3364     1.0111     0.0250      0.046      1.728      2.505        298 2.9879e+02 0.0000e+00
      1.765    25.0435     5.9716     71.887  38.241079     38.179      7.468   262.4524     6.3526     1.0916     0.0250      0.037      1.734      2.514        299 2.9693e+02 0.0000e+00
      1.777    25.0603     5.9027     70.984  38.205042     38.163      7.461   263.3988     6.3566     1.0782     0.0250      0.029      1.745      2.532        300 2.9098e+02 0.0000e+00
      1.798    25.1018     5.8841     70.698  38.164063     38.117      7.456   264.1560     6.3364     1.0111     0.0249      0.028      1.764      2.558        301 2.8721e+02 0.0000e+00
      1.821    25.0869     5.9096     70.975  38.143774     38.106      7.447   264.4588     6.1545     1.1185     0.0249      0.034      1.784      2.587        302 2.8056e+02 0.0000e+00
      1.837    25.0211     5.9356     71.269  38.230284     38.126      7.434   264.4967     6.1545     1.0782     0.0250      0.043      1.802      2.612        303 2.8095e+02 0.0000e+00
      1.853    24.9545     5.9536     71.451  38.649628     38.586      7.427   264.9131     6.1666     1.0245     0.0251      0.052      1.817      2.635        304 2.7213e+02 0.0000e+00
      1.869    24.8955     5.9592     71.495  38.986368     38.972      7.419   265.1402     6.1625     1.0648     0.0253      0.060      1.833      2.658        305 2.6816e+02 0.0000e+00
      1.885    24.8482     5.9180     70.964  38.908748     38.941      7.413   265.4431     6.2070     1.1588     0.0253      0.065      1.848      2.680        306 2.6539e+02 0.0000e+00
      1.900    24.8059     5.8191     69.681  38.805584     38.875      7.405   265.7460     6.2232     1.2259     0.0252      0.068      1.863      2.702        307 2.6406e+02 0.0000e+00
      1.914    24.7592     5.6290     67.289  38.788497     38.912      7.398   266.0867     6.2192     1.1991     0.0252      0.066      1.878      2.723        308 2.5951e+02 0.0000e+00
      1.930    24.7068     5.3020     63.309  38.811388     38.944      7.390   266.3517     6.2151     1.2662     0.0252      0.063      1.895      2.748        309 2.5472e+02 0.0000e+00
      1.953    24.6509     4.8555     57.944  38.866107     39.065      7.378   266.6924     6.2636     1.2393     0.0253      0.063      1.914      2.777        310 2.4735e+02 0.0000e+00
      1.973    24.6035     4.2706     50.941  38.809414     39.022      7.365   266.8438     6.2555     1.1856     0.0252      0.065      1.932      2.802        311 2.4236e+02 0.0000e+00
      1.983    24.5808     3.6128     43.067  38.852308     39.122      7.352   266.9952     6.2839     1.2931     0.0253      0.066      1.943      2.818        312 2.4396e+02 0.0000e+00
      1.988    24.5663     2.9602     35.162  38.842417     39.160      7.339   267.1845     6.2758     1.1588     0.0253      0.063      1.950      2.829        313 2.4056e+02 0.0000e+00
      1.996    24.5414     2.3269     27.506  38.821746     39.121      7.328   268.0174     6.2960     1.1185     0.0252      0.058      1.960      2.844        314 2.3590e+02 0.0000e+00
      2.015    24.5233     1.7673     20.828  38.907710     39.273      7.321   268.0553     6.5224     1.2393     0.0253      0.056      1.977      2.867        315 2.3101e+02 0.0000e+00
      2.036    24.4948     1.2008     14.126  38.943085     39.266      7.312   268.3203     6.5224     1.2662     0.0253      0.055      1.997      2.896        316 2.2893e+02 0.0000e+00
      2.057    24.4211     0.6795      7.977  38.955709     39.365      7.302   268.4717     6.5305     1.1856     0.0253      0.056      2.017      2.925        317 2.2467e+02 0.0000e+00
      2.077    24.3282     0.2482      2.905  38.892012     39.245      7.293   268.8124     6.5790     1.2931     0.0253      0.058      2.037      2.954        318 2.2031e+02 0.0000e+00
      2.098    24.2690    -0.1069     -1.248  38.963049     39.446      7.277   269.3045     6.7893     1.3871     0.0253      0.063      2.055      2.981        319 2.1697e+02 0.0000e+00
      2.113    24.2354    -0.3328     -3.874  39.074981     39.577      7.258   269.0395     6.7812     1.3199     0.0254      0.069      2.069      3.001        320 2.1435e+02 0.0000e+00
      2.117    24.2156    -0.4596     -5.340  39.019724     39.626      7.240   269.3803     6.7974     1.4139     0.0254      0.070      2.079      3.016        321 2.1250e+02 0.0000e+00
      2.132    24.1727    -0.5304     -6.149  39.031849     39.593      7.236   269.8724     6.7893     1.4005     0.0253      0.068      2.095      3.039        322 2.0809e+02 0.0000e+00
      2.161    23.9866    -0.5143     -5.946  39.000587     39.670      7.228   270.4024     6.9066     1.8570     0.0254      0.067      2.120      3.075        323 2.0310e+02 0.0000e+00
      2.193    23.7323    -0.4374     -5.041  39.117970     39.698      7.217   270.7431     6.9106     1.7899     0.0254      0.070      2.146      3.112        324 1.9914e+02 0.0000e+00
      2.208    23.5701    -0.3327     -3.824  39.063783     39.966      7.201   271.3488     6.9066     1.8436     0.0254      0.072      2.164      3.138        325 1.9758e+02 0.0000e+00
      2.218    23.4735    -0.2160     -2.480  39.394407     40.264      7.186   271.2731     6.9187     1.8436     0.0255      0.072      2.177      3.157        326 1.9626e+02 0.0000e+00
      2.231    23.3584    -0.1109     -1.274  38.973599     40.368      7.174   271.4245     7.3190     2.0853     0.0255      0.072      2.190      3.177        327 1.9230e+02 0.0000e+00
      2.250    23.2035    -0.0363     -0.417  42.583752     43.331      7.160   271.6895     7.2988     2.1390     0.0267      0.073      2.208      3.203        328 1.9028e+02 0.0000e+00
      2.275    23.0441     0.0253      0.290  51.933232     54.274      7.142   271.7274     7.2948     1.9913     0.0313      0.075      2.228      3.233        329 1.8668e+02 0.0000e+00
      2.292    22.9125     0.0780      0.894  57.548502     59.326      7.119   271.4624     7.2584     2.0450     0.0334      0.073      2.247      3.259        330 1.8466e+02 0.0000e+00
      2.306    22.8048     0.1060      1.213  60.974198     63.715      7.101   271.9924     7.5414     2.4747     0.0353      0.068      2.264      3.284        331 1.8173e+02 0.0000e+00
      2.328    22.6898     0.1325      1.514  65.604296     68.214      7.081   272.5981     7.5374     2.4747     0.0372      0.067      2.284      3.314        332 1.7632e+02 0.0000e+00
      2.354    22.5489     0.1504      1.717  70.615983     74.044      7.058   272.1438     7.5697     2.4613     0.0397      0.072      2.309      3.349        333 1.7189e+02 0.0000e+00
      2.381    22.3788     0.1628      1.857  76.631031     80.125      7.018   271.6517     7.5657     2.5016     0.0424      0.079      2.332      3.383        334 1.6469e+02 0.0000e+00
      2.400    22.2469     0.1714      1.952  82.543958     87.016      6.972   272.5224     7.5333     2.4210     0.0454      0.083      2.350      3.408        335 1.6163e+02 0.0000e+00
      2.407    22.1984     0.1762      2.005  83.824087     88.484      6.932   272.4088     7.0077     2.7298     0.0460      0.080      2.359      3.422        336 1.6247e+02 0.0000e+00
      2.409    22.2009     0.1785      2.028  82.201365     86.869      6.895   273.6581     7.0319     2.5553     0.0453      0.073      2.363      3.428        337 1.6244e+02 0.0000e+00
      2.414    22.2186     0.1767      2.005  81.412473     86.386      6.862   273.8096     7.0319     2.6493     0.0450      0.065      2.368      3.434        338 1.6123e+02 0.0000e+00
      2.420    22.1819     0.1756      1.991  82.071024     86.656      6.838   274.1881     7.0562     2.6761     0.0452      0.055      2.374      3.443        339 1.5926e+02 0.0000e+00
      2.429    22.0805     0.1696      1.924  85.870897     91.122      6.811   273.8853     6.5467     2.9178     0.0471      0.044      2.381      3.453        340 1.5601e+02 0.0000e+00
