Data/DataNotYetUploadedToEDI/Raw_CTD/RawDownloads/081318_fcr10.cnv
* Sea-Bird SBE19plus  Data File:
* FileName = C:\DATA\081318_fcr_0005.hex
* Software version 2.6.3.104
* Temperature SN = 7809
* Conductivity SN = 7809
* System UpLoad Time = Aug 13 2018 19:26:27
* <ApplicationData>
* <Seaterm232>
# nquan = 17
# nvalues = 416                         
# units = specified
# name 0 = depFM: Depth [fresh water, m]
# name 1 = tv290C: Temperature [ITS-90, deg C]
# name 2 = sbeox0Mg/L: Oxygen, SBE 43 [mg/l]
# name 3 = sbeox0PS: Oxygen, SBE 43 [% saturation]
# name 4 = c0uS/cm: Conductivity [uS/cm]
# name 5 = specc: Specific Conductance [uS/cm]
# name 6 = ph: pH
# name 7 = orp: Oxidation Reduction Potential [mV]
# name 8 = flECO-AFL: Fluorescence, WET Labs ECO-AFL/FL [mg/m^3]
# name 9 = turbWETntu0: Turbidity, WET Labs ECO [NTU]
# name 10 = sal00: Salinity, Practical [PSU]
# name 11 = dz/dtM: Descent Rate [m/s]
# name 12 = prdM: Pressure, Strain Gauge [db]
# name 13 = prdE: Pressure, Strain Gauge [psi]
# name 14 = scan: Scan Count
# name 15 = par/sat/log: PAR/Logarithmic, Satlantic
# name 16 = flag:  0.000e+00
# span 0 =     -0.547,      2.554       
# span 1 =    21.5379,    31.5613       
# span 2 =    -0.5304,     9.5533       
# span 3 =     -6.149,    118.044       
# span 4 =   0.514095, 127.420317       
# span 5 =      0.648,    137.464       
# span 6 =      6.210,      7.919       
# span 7 =   138.9620,   675.6643       
# span 8 =    -0.1900,     7.5697       
# span 9 =    -0.6003,    18.0243       
# span 10 =     0.0140,     0.0681      
# span 11 =     -0.060,      0.311      
# span 12 =     -0.536,      2.503      
# span 13 =     -0.777,      3.631      
# span 14 =          1,        416      
# span 15 = 3.7473e+00, 2.8063e+03      
# span 16 = 0.0000e+00, 0.0000e+00      
# interval = seconds: 0.25
# start_time = Aug 13 2018 17:58:51 [Instrument's time stamp, header]
# bad_flag = -9.990e-29
*END*
     -0.545    31.5410     7.4875    101.699   0.812192      0.722      6.237   675.6643    -0.1779    -0.0363     0.0140 2.1053e-16     -0.535     -0.775          1 2.6621e+03 0.0000e+00
     -0.546    31.5417     7.4896    101.727   0.793650      0.697      6.238   661.0892    -0.1900    -0.0900     0.0140     -0.000     -0.535     -0.775          2 2.7944e+03 0.0000e+00
     -0.545    31.5404     7.5041    101.684   0.782836      0.697      6.241   635.7249    -0.1738    -0.0632     0.0140     -0.000     -0.535     -0.775          3 2.5685e+03 0.0000e+00
     -0.546    31.5386     7.6685    101.809   0.796045      0.697      6.256   589.1605    -0.1617    -0.3989     0.0140     -0.000     -0.535     -0.776          4 6.0217e+02 0.0000e+00
     -0.546    31.5335     7.8332    101.947   0.777213      0.697      6.262   567.0518    -0.1738    -0.5734     0.0140     -0.000     -0.535     -0.776          5 8.7310e+02 0.0000e+00
     -0.545    31.5329     7.9537    102.095   0.747060      0.648      6.235   592.9083    -0.1698    -0.6003     0.0140     -0.000     -0.535     -0.776          6 2.3417e+03 0.0000e+00
     -0.546    31.5282     8.0660    102.337   0.774358      0.697      6.210   599.5712    -0.1658    -0.6003     0.0140     -0.000     -0.535     -0.776          7 6.8269e+02 0.0000e+00
     -0.546    31.5354     8.1766    102.921   0.802453      0.697      6.210   595.6341    -0.1738    -0.5466     0.0140     -0.000     -0.535     -0.776          8 7.7132e+02 0.0000e+00
     -0.546    31.5267     8.2809    103.663   0.712096      0.648      6.216   589.2362    -0.1536    -0.5197     0.0140     -0.000     -0.535     -0.777          9 2.5933e+03 0.0000e+00
     -0.547    31.5442     8.3714    104.463   0.827595      0.697      6.222   565.3104    -0.1536    -0.4660     0.0140     -0.001     -0.536     -0.777         10 2.6941e+03 0.0000e+00
     -0.547    31.5182     8.4563    105.354   0.658717      0.648      6.230   556.5275    -0.1617    -0.4660     0.0140     -0.001     -0.536     -0.777         11 2.6132e+03 0.0000e+00
     -0.546    31.5613     8.5176    106.050   0.863050      0.648      6.230   549.1075    -0.1779    -0.5466     0.0140     -0.000     -0.536     -0.777         12 2.6774e+03 0.0000e+00
     -0.546    31.3421     8.5673    106.597   0.514095      0.648      6.232   544.4132    -0.1213    -0.4526     0.0140     -0.000     -0.533     -0.772         13 2.6785e+03 0.0000e+00
     -0.542    30.2231     8.6039    107.010   1.092984      0.648      6.222   362.1305    -0.1051    -0.4660     0.0140      0.001     -0.510     -0.739         14 2.6839e+03 0.0000e+00
     -0.467    29.0465     8.6234    107.222  17.617219     15.248      6.502   461.0894    -0.0889    -0.5197     0.0177      0.021     -0.446     -0.648         15 2.6943e+03 0.0000e+00
     -0.358    28.2654     8.6202    107.154  37.044434     34.482      7.276   333.6619    -0.1011    -0.5063     0.0247      0.065     -0.354     -0.513         16 2.6530e+03 0.0000e+00
     -0.259    27.6081     8.6049    107.010  38.770443     35.291      7.685   303.4518     2.1796    17.9840     0.0248      0.123     -0.259     -0.375         17 2.7346e+03 0.0000e+00
     -0.173    27.1594     8.5591    106.445  37.525936     35.577      7.876   281.7217     2.1998    18.0108     0.0247      0.184     -0.174     -0.252         18 2.6314e+03 0.0000e+00
     -0.098    26.8564     8.3785    104.225  37.970768     35.863      7.919   275.3996     2.1755    18.0243     0.0247      0.240     -0.099     -0.144         19 2.8063e+03 0.0000e+00
     -0.032    26.6761     8.2978    103.265  37.534992     36.115      7.891   276.6110     2.2038    17.9034     0.0247      0.284     -0.034     -0.049         20 2.4870e+03 0.0000e+00
      0.028    26.5892     8.2540    102.797  37.712564     36.274      7.830   275.3238     2.4060     1.4676     0.0247      0.310      0.021      0.031         21 6.7169e+02 0.0000e+00
      0.072    26.5503     8.1626    101.765  37.631301     36.453      7.761   266.1245     2.3817     1.4273     0.0247      0.311      0.061      0.088         22 5.0092e+02 0.0000e+00
      0.086    26.5154     7.9987     99.794  37.873505     36.678      7.674   256.2816     2.4181     1.4945     0.0247      0.276      0.081      0.118         23 1.0865e+03 0.0000e+00
      0.093    26.4928     7.8097     97.487  37.826446     36.704      7.630   250.3759     2.3979     1.4005     0.0247      0.226      0.094      0.136         24 3.9804e+02 0.0000e+00
      0.111    26.4751     7.6554     95.592  37.808535     36.676      7.592   249.6188     2.5354     0.7022     0.0247      0.180      0.107      0.155         25 3.9841e+02 0.0000e+00
      0.122    26.4651     7.5537     94.338  37.777171     36.692      7.551   246.9309     2.5192     0.8499     0.0247      0.138      0.118      0.172         26 7.5830e+02 0.0000e+00
      0.131    26.4830     7.4722     93.333  37.865491     36.757      7.517   247.3473     2.5030     0.8097     0.0248      0.102      0.123      0.179         27 4.0209e+02 0.0000e+00
      0.125    26.4903     7.3700     92.088  38.024901     36.958      7.496   251.7009     2.5314     0.8097     0.0248      0.070      0.114      0.166         28 2.8780e+02 0.0000e+00
      0.093    26.5011     7.2720     90.895  38.053367     36.941      7.475   241.3659     2.5071     0.7291     0.0248      0.036      0.089      0.130         29 4.2591e+02 0.0000e+00
      0.056    26.5267     7.1782     89.717  37.889382     36.803      7.460   238.8673     2.6284     0.8097     0.0248      0.003      0.059      0.086         30 3.4712e+02 0.0000e+00
      0.034    26.5682     7.1042     88.792  37.695074     36.576      7.448   240.3816     2.6405     0.7828     0.0247     -0.023      0.038      0.055         31 4.3347e+02 0.0000e+00
      0.025    26.6243     7.0747     88.419  37.731616     36.613      7.449   241.2145     2.6567     0.8097     0.0247     -0.044      0.029      0.042         32 4.4358e+02 0.0000e+00
      0.028    26.6661     7.0538     88.147  37.903214     36.746      7.431   241.4416     2.6486     0.7291     0.0248     -0.058      0.029      0.043         33 4.1956e+02 0.0000e+00
      0.036    26.6943     7.0428     88.001  37.956075     36.760      7.425   239.1702     2.6324     0.9708     0.0248     -0.060      0.034      0.050         34 5.0770e+02 0.0000e+00
      0.042    26.7124     7.0060     87.536  38.051397     36.812      7.424   239.2837     2.5799     0.9708     0.0248     -0.051      0.038      0.056         35 4.0067e+02 0.0000e+00
      0.040    26.7221     6.9651     87.019  38.140500     36.899      7.429   241.0630     2.6122     0.9439     0.0249     -0.035      0.038      0.055         36 2.4467e+02 0.0000e+00
      0.033    26.7299     6.9295     86.567  38.171447     36.887      7.431   240.7980     2.6082     0.8902     0.0249     -0.017      0.034      0.050         37 9.9389e+02 0.0000e+00
      0.031    26.7495     6.8927     86.101  38.220503     36.961      7.436   238.0723     2.7457     1.0111     0.0249     -0.004      0.034      0.050         38 1.0921e+03 0.0000e+00
      0.043    26.7670     6.8478     85.539  38.227751     36.928      7.443   237.2394     2.7376     0.9574     0.0249      0.005      0.040      0.057         39 6.8159e+02 0.0000e+00
      0.046    26.7656     6.8203     85.196  38.251405     36.969      7.444   237.0880     2.7174     0.9574     0.0249      0.007      0.041      0.059         40 1.2960e+03 0.0000e+00
      0.035    26.7643     6.8209     85.202  38.280041     36.955      7.451   233.1887     2.7335     0.9574     0.0249      0.003      0.035      0.051         41 5.8135e+02 0.0000e+00
      0.028    26.7623     6.8423     85.470  38.310753     37.011      7.459   231.9773     2.7295     1.0111     0.0249     -0.002      0.028      0.041         42 2.6751e+02 0.0000e+00
      0.023    26.7550     6.8844     86.000  38.391154     37.065      7.470   233.2266     2.7133     1.0379     0.0250     -0.006      0.022      0.031         43 6.0083e+02 0.0000e+00
      0.013    26.7494     6.9243     86.503  38.357955     37.067      7.482   233.2644     2.7457     1.1185     0.0250     -0.010      0.014      0.020         44 3.9870e+02 0.0000e+00
      0.007    26.7458     6.9475     86.794  38.292747     36.964      7.492   232.4316     2.7012     0.9842     0.0249     -0.014      0.009      0.013         45 3.9542e+02 0.0000e+00
      0.008    26.7424     6.9692     87.063  38.353661     37.076      7.494   232.7723     2.7618     1.0245     0.0250     -0.018      0.008      0.012         46 8.2610e+02 0.0000e+00
      0.010    26.7379     7.0064     87.521  38.400798     37.079      7.501   233.5294     2.7214     1.0648     0.0250     -0.021      0.009      0.014         47 1.1008e+03 0.0000e+00
      0.011    26.7341     7.0382     87.910  38.412056     37.135      7.510   232.2801     2.7214     1.0514     0.0250     -0.018      0.011      0.016         48 6.5784e+02 0.0000e+00
      0.012    26.7331     7.0705     88.309  38.398975     37.085      7.521   231.5987     2.7174     0.9842     0.0250     -0.012      0.012      0.017         49 7.6736e+02 0.0000e+00
      0.012    26.7332     7.0975     88.643  38.417079     37.141      7.527   231.3716     2.7295     0.9574     0.0250     -0.006      0.012      0.017         50 6.8727e+02 0.0000e+00
      0.012    26.7324     7.1149     88.859  38.448851     37.142      7.534   232.5073     2.7901     0.8634     0.0250     -0.002      0.012      0.017         51 1.0593e+03 0.0000e+00
      0.011    26.7332     7.1130     88.837  38.507745     37.223      7.539   233.7187     2.7901     0.8902     0.0250      0.001      0.011      0.016         52 1.4340e+03 0.0000e+00
      0.010    26.7359     7.1035     88.729  38.581081     37.278      7.545   233.4537     2.7740     0.8097     0.0250      0.002      0.011      0.015         53 8.6918e+02 0.0000e+00
      0.012    26.7385     7.0886     88.550  38.654204     37.358      7.553   233.7944     2.7861     0.8231     0.0251      0.001      0.012      0.017         54 5.2479e+02 0.0000e+00
      0.014    26.7397     7.0780     88.419  38.624379     37.329      7.559   234.1352     2.8508     1.1185     0.0251      0.001      0.013      0.019         55 5.0727e+02 0.0000e+00
      0.014    26.7378     7.0735     88.364  38.647861     37.327      7.560   234.3623     2.8670     1.0648     0.0251      0.001      0.013      0.019         56 5.8581e+02 0.0000e+00
      0.014    26.7336     7.0799     88.446  38.713967     37.434      7.560   233.4159     2.8427     0.9708     0.0251      0.001      0.013      0.018         57 5.6776e+02 0.0000e+00
      0.012    26.7290     7.0796     88.446  38.660758     37.328      7.566   232.4316     2.8184     0.9842     0.0251      0.001      0.012      0.017         58 4.5856e+02 0.0000e+00
      0.010    26.7258     7.0705     88.334  38.684416     37.412      7.568   232.5451     2.9115     0.9439     0.0251      0.000      0.010      0.014         59 4.1718e+02 0.0000e+00
      0.008    26.7243     7.0432     87.994  38.654863     37.334      7.571   231.9394     2.9236     0.9574     0.0251     -0.001      0.008      0.012         60 4.1126e+02 0.0000e+00
      0.007    26.7231     7.0011     87.467  38.667876     37.391      7.574   233.7566     2.9115     1.0514     0.0251     -0.002      0.007      0.011         61 4.1941e+02 0.0000e+00
      0.007    26.7248     6.9536     86.878  38.697887     37.392      7.579   232.8859     2.9317     1.0648     0.0251     -0.004      0.007      0.011         62 8.3536e+02 0.0000e+00
      0.008    26.7307     6.9050     86.281  38.676840     37.392      7.579   232.1287     2.7901     0.7022     0.0251     -0.004      0.008      0.012         63 1.0073e+03 0.0000e+00
      0.008    26.7351     6.8643     85.782  38.694070     37.391      7.583   232.8101     2.7982     0.8634     0.0251     -0.004      0.008      0.012         64 9.2935e+02 0.0000e+00
      0.009    26.7364     6.8288     85.346  38.706108     37.414      7.585   231.9394     2.7780     0.7559     0.0251     -0.002      0.009      0.013         65 1.0130e+03 0.0000e+00
      0.011    26.7369     6.8067     85.074  38.691519     37.384      7.589   231.7123     2.7901     0.8634     0.0251     -0.000      0.011      0.016         66 5.1961e+02 0.0000e+00
      0.014    26.7383     6.7955     84.938  38.682561     37.383      7.593   232.4694     2.8589     0.9842     0.0251      0.002      0.014      0.020         67 4.0639e+02 0.0000e+00
      0.016    26.7402     6.7933     84.917  38.687591     37.382      7.596   233.0752     2.8548     0.9305     0.0251      0.004      0.016      0.022         68 9.1546e+02 0.0000e+00
      0.016    26.7414     6.8039     85.057  38.685256     37.381      7.600   232.6209     2.8508     0.9439     0.0251      0.005      0.016      0.023         69 1.2626e+03 0.0000e+00
      0.016    26.7419     6.8182     85.239  38.655806     37.353      7.601   233.1509     2.8508     0.9976     0.0251      0.005      0.016      0.023         70 1.6121e+03 0.0000e+00
      0.016    26.7417     6.8338     85.436  38.635256     37.325      7.604   233.2266     2.9276     1.0379     0.0251      0.005      0.016      0.023         71 1.8814e+03 0.0000e+00
      0.016    26.7443     6.8422     85.545  38.681166     37.379      7.602   233.4159     2.9236     0.9305     0.0251      0.004      0.017      0.024         72 1.3263e+03 0.0000e+00
      0.019    26.7508     6.8423     85.554  38.687658     37.379      7.603   232.9616     2.9276     1.0379     0.0251      0.004      0.019      0.028         73 4.3739e+02 0.0000e+00
      0.023    26.7572     6.8277     85.371  38.686501     37.377      7.605   233.1509     2.9276     1.0111     0.0251      0.004      0.022      0.033         74 3.0564e+02 0.0000e+00
      0.026    26.7619     6.8142     85.200  38.712265     37.399      7.606   233.0752     2.9195     0.9439     0.0251      0.005      0.025      0.037         75 3.3921e+02 0.0000e+00
      0.028    26.7648     6.8165     85.225  38.685253     37.368      7.608   232.9994     2.7335     1.0245     0.0251      0.006      0.028      0.040         76 3.0958e+02 0.0000e+00
      0.032    26.7675     6.8317     85.419  38.690451     37.364      7.608   234.2487     2.7335     0.9708     0.0251      0.008      0.031      0.044         77 3.3347e+02 0.0000e+00
      0.034    26.7722     6.8462     85.608  38.735456     37.416      7.613   234.5894     2.7012     0.9842     0.0251      0.010      0.033      0.048         78 3.2530e+02 0.0000e+00
      0.036    26.7765     6.8676     85.883  38.688570     37.360      7.614   234.8544     2.7012     1.0648     0.0251      0.011      0.035      0.050         79 3.3319e+02 0.0000e+00
      0.037    26.7788     6.8755     85.983  38.689476     37.357      7.617   235.4223     2.7821     0.8097     0.0251      0.011      0.036      0.052         80 3.3025e+02 0.0000e+00
      0.037    26.7803     6.8777     86.011  38.763988     37.435      7.616   234.7787     2.7982     0.8634     0.0251      0.009      0.037      0.053         81 3.3126e+02 0.0000e+00
      0.039    26.7833     6.8741     85.969  38.744149     37.406      7.615   234.7409     2.7901     0.7828     0.0251      0.008      0.038      0.055         82 3.3170e+02 0.0000e+00
      0.041    26.7872     6.8611     85.825  38.743826     37.405      7.615   235.0059     2.7740     0.8097     0.0251      0.007      0.040      0.058         83 3.3069e+02 0.0000e+00
      0.042    26.7878     6.8301     85.487  38.734725     37.403      7.617   235.0816     2.8751     0.8634     0.0251      0.006      0.042      0.060         84 3.2702e+02 0.0000e+00
      0.044    26.7857     6.7800     84.898  38.755473     37.400      7.625   234.7030     2.8670     0.7425     0.0251      0.006      0.044      0.063         85 3.3849e+02 0.0000e+00
