Data/DataNotYetUploadedToEDI/Raw_CTD/RawDownloads/081318_fcr30.cnv
* Sea-Bird SBE19plus  Data File:
* FileName = C:\DATA\081318_fcr_0007.hex
* Software version 2.6.3.104
* Temperature SN = 7809
* Conductivity SN = 7809
* System UpLoad Time = Aug 13 2018 19:27:01
* <ApplicationData>
* <Seaterm232>
# nquan = 17
# nvalues = 701                         
# units = specified
# name 0 = depFM: Depth [fresh water, m]
# name 1 = tv290C: Temperature [ITS-90, deg C]
# name 2 = sbeox0Mg/L: Oxygen, SBE 43 [mg/l]
# name 3 = sbeox0PS: Oxygen, SBE 43 [% saturation]
# name 4 = c0uS/cm: Conductivity [uS/cm]
# name 5 = specc: Specific Conductance [uS/cm]
# name 6 = ph: pH
# name 7 = orp: Oxidation Reduction Potential [mV]
# name 8 = flECO-AFL: Fluorescence, WET Labs ECO-AFL/FL [mg/m^3]
# name 9 = turbWETntu0: Turbidity, WET Labs ECO [NTU]
# name 10 = sal00: Salinity, Practical [PSU]
# name 11 = dz/dtM: Descent Rate [m/s]
# name 12 = prdM: Pressure, Strain Gauge [db]
# name 13 = prdE: Pressure, Strain Gauge [psi]
# name 14 = scan: Scan Count
# name 15 = par/sat/log: PAR/Logarithmic, Satlantic
# name 16 = flag:  0.000e+00
# span 0 =     -0.574,      5.361       
# span 1 =    12.0527,    27.4860       
# span 2 =     0.1364,     9.6350       
# span 3 =      1.428,    121.386       
# span 4 =   0.410576,  51.609325       
# span 5 =      0.392,     65.696       
# span 6 =      6.349,      8.261       
# span 7 = -1240.7455,   285.2424       
# span 8 =    -0.3841,     8.1520       
# span 9 =    -3.7424,    21.8781       
# span 10 =     0.0121,     0.0336      
# span 11 =     -0.116,      0.266      
# span 12 =     -0.562,      5.257      
# span 13 =     -0.815,      7.624      
# span 14 =          1,        701      
# span 15 = 3.3907e-01, 3.2621e+03      
# span 16 = 0.0000e+00, 0.0000e+00      
# interval = seconds: 0.25
# start_time = Aug 13 2018 19:01:28 [Instrument's time stamp, header]
# bad_flag = -9.990e-29
*END*
[from data line 171]
      0.192    26.9828     5.8158     73.134  37.725240     36.296      7.932   221.9451     2.5354     1.0648     0.0247      0.009      0.187      0.272        172 1.9006e+03 0.0000e+00
      0.195    26.9846     6.5362     82.273  37.751040     36.293      7.928   223.0051     2.5435     1.0648     0.0247      0.011      0.191      0.277        173 9.1286e+02 0.0000e+00
      0.199    26.9877     7.3316     92.330  37.769897     36.345      7.926   222.2858     2.5516     1.0916     0.0247      0.012      0.196      0.284        174 1.3306e+03 0.0000e+00
      0.207    26.9884     8.0782    101.760  37.701770     36.237      7.924   222.5887     2.5475     1.0379     0.0247      0.014      0.201      0.291        175 2.3949e+03 0.0000e+00
      0.208    26.9872     8.6979    109.585  37.717179     36.288      7.927   261.2031     2.5192     1.0245     0.0247      0.015      0.203      0.294        176 1.7097e+03 0.0000e+00
      0.207    26.9863     9.1775    115.633  37.750720     36.288      7.929   235.1952     2.5597     1.0916     0.0247      0.015      0.203      0.294        177 9.4334e+02 0.0000e+00
      0.206    26.9862     9.5037    119.738  37.778671     36.342      7.925   229.9330     2.5475     1.0782     0.0247      0.014      0.203      0.294        178 1.3411e+03 0.0000e+00
      0.208    26.9879     9.6350    121.386  37.801038     36.343      7.923   227.8887     2.5314     1.0379     0.0247      0.011      0.205      0.296        179 1.5727e+03 0.0000e+00
      0.213    26.9941     9.6025    120.975  37.782209     36.343      7.923   227.2073     2.5637     1.1051     0.0247      0.009      0.208      0.301        180 1.9798e+03 0.0000e+00
      0.214    27.0326     9.4465    119.013  37.742782     36.288      7.918   227.6237     2.5354     1.0379     0.0247      0.008      0.209      0.303        181 2.0302e+03 0.0000e+00
      0.214    27.1038     9.2786    116.901  37.731458     36.284      7.919   261.0138     2.5475     1.0648     0.0247      0.006      0.209      0.303        182 1.4736e+03 0.0000e+00
      0.212    27.1594     9.1226    114.927  37.855616     36.365      7.923   258.2124     2.5718     1.0782     0.0247      0.004      0.208      0.302        183 1.0045e+03 0.0000e+00
      0.211    27.1865     9.0037    113.422  38.033164     36.502      7.922   253.1395     2.5192     1.0648     0.0248      0.003      0.208      0.301        184 1.5136e+03 0.0000e+00
      0.212    27.2019     8.9154    112.311  38.014708     36.437      7.922   234.4380     2.5111     1.0648     0.0248      0.003      0.208      0.302        185 1.8219e+03 0.0000e+00
      0.213    27.2112     8.8564    111.568  37.967539     36.364      7.920   231.7880     2.5152     1.0379     0.0248      0.002      0.209      0.303        186 1.5230e+03 0.0000e+00
      0.213    27.2138     8.8191    111.090  38.032528     36.434      7.922   231.4473     2.5314     1.0648     0.0248      0.001      0.210      0.304        187 1.9769e+03 0.0000e+00
      0.216    27.2115     8.7944    110.766  37.963483     36.347      7.924   229.8951     2.5394     1.0379     0.0248      0.000      0.212      0.308        188 1.4591e+03 0.0000e+00
      0.221    27.2091     8.7686    110.421  37.905153     36.292      7.925   231.1066     2.5920     1.0648     0.0247      0.002      0.216      0.313        189 8.9064e+02 0.0000e+00
      0.225    27.2084     8.7542    110.221  37.956812     36.347      7.927   262.4902     2.5677     0.9574     0.0248      0.005      0.219      0.318        190 1.0781e+03 0.0000e+00
      0.225    27.2103     8.7617    110.292  37.958518     36.348      7.921   235.2709     2.5960     1.0111     0.0248      0.007      0.220      0.319        191 1.0744e+03 0.0000e+00
      0.224    27.2110     8.7657    110.309  37.962353     36.349      7.916   245.1895     2.6163     1.1722     0.0248      0.008      0.220      0.319        192 9.6074e+02 0.0000e+00
      0.225    27.2069     8.7702    110.343  37.952039     36.348      7.915   234.2109     2.6163     1.1051     0.0248      0.008      0.221      0.320        193 1.5492e+03 0.0000e+00
      0.227    27.2035     8.7619    110.246  37.971352     36.347      7.912   232.3559     2.5556     0.9708     0.0248      0.007      0.222      0.322        194 3.2621e+03 0.0000e+00
      0.229    27.2041     8.7640    110.277  38.027300     36.430      7.915   237.2016     2.5637     1.0916     0.0248      0.007      0.224      0.325        195 2.3785e+03 0.0000e+00
      0.231    27.2039     8.7672    110.313  37.971397     36.352      7.917   240.4573     2.5799     0.9842     0.0248      0.006      0.226      0.329        196 9.2982e+02 0.0000e+00
      0.232    27.2008     8.7550    110.136  37.951941     36.352      7.917   260.4459     2.6850     1.0782     0.0248      0.005      0.228      0.331        197 9.2406e+02 0.0000e+00
      0.232    27.1941     8.7282    109.798  37.962530     36.352      7.921   265.4431     2.6607     1.0379     0.0248      0.005      0.228      0.331        198 1.5097e+03 0.0000e+00
      0.232    27.1844     8.7187    109.684  37.898897     36.301      7.923   239.8137     2.6486     1.0111     0.0247      0.005      0.228      0.332        199 2.7081e+03 0.0000e+00
      0.234    27.1745     8.7174    109.657  37.912489     36.305      7.919   265.2160     2.6769     1.0111     0.0247      0.005      0.230      0.334        200 2.0051e+03 0.0000e+00
      0.237    27.1622     8.7332    109.853  37.945619     36.366      7.918   240.0409     2.6607     1.0379     0.0248      0.005      0.232      0.336        201 8.9181e+02 0.0000e+00
      0.238    27.1450     8.7383    109.916  37.857673     36.265      7.913   238.6023     2.6163     1.1319     0.0247      0.005      0.232      0.337        202 1.4113e+03 0.0000e+00
      0.236    27.1346     8.7168    109.649  37.843977     36.274      7.908   236.2173     2.6122     1.0245     0.0247      0.004      0.231      0.335        203 1.6989e+03 0.0000e+00
      0.234    27.1371     8.7412    109.972  37.903348     36.339      7.906   235.3466     2.5960     0.9842     0.0247      0.002      0.230      0.334        204 1.3450e+03 0.0000e+00
      0.234    27.1407     8.7580    110.198  37.902437     36.347      7.905   236.2930     2.6001     1.0648     0.0247      0.001      0.231      0.334        205 1.4815e+03 0.0000e+00
      0.237    27.1370     8.7671    110.312  37.904437     36.345      7.898   234.8544     2.6122     1.0245     0.0247      0.001      0.232      0.336        206 1.1402e+03 0.0000e+00
      0.238    27.1269     8.7638    110.268  37.900859     36.343      7.891   233.5673     2.6163     1.0916     0.0247      0.001      0.233      0.338        207 1.1882e+03 0.0000e+00
      0.239    27.1259     8.7576    110.175  37.906889     36.345      7.891   233.2644     2.6001     1.1453     0.0247      0.001      0.234      0.339        208 1.7539e+03 0.0000e+00
      0.239    27.1281     8.7516    110.082  37.896934     36.352      7.893   234.1352     2.5880     0.9708     0.0247      0.001      0.234      0.339        209 1.0376e+03 0.0000e+00
      0.239    27.1232     8.7488    110.042  37.853929     36.299      7.886   232.9616     2.6163     1.0514     0.0247      0.002      0.234      0.339        210 1.4473e+03 0.0000e+00
      0.238    27.1213     8.7376    109.892  37.901087     36.351      7.884   237.6180     2.6324     1.0111     0.0247      0.002      0.235      0.341        211 2.1960e+03 0.0000e+00
      0.243    27.1209     8.7255    109.723  37.956890     36.409      7.889   263.5124     2.6244     0.9842     0.0248      0.003      0.239      0.347        212 9.1714e+02 0.0000e+00
      0.251    27.1227     8.7363    109.826  37.903129     36.356      7.890   265.2160     2.6244     1.0111     0.0247      0.006      0.244      0.355        213 1.6101e+03 0.0000e+00
      0.255    27.1306     8.7615    110.106  37.849350     36.303      7.888   265.1781     2.5960     1.1051     0.0247      0.008      0.249      0.361        214 2.3746e+03 0.0000e+00
      0.255    27.1375     8.7799    110.276  37.845852     36.301      7.887   241.7445     2.6244     1.0782     0.0247      0.010      0.250      0.363        215 1.7919e+03 0.0000e+00
      0.255    27.1386     8.7712    110.098  37.848159     36.296      7.887   265.0645     2.5839     0.9976     0.0247      0.010      0.249      0.362        216 2.1203e+03 0.0000e+00
      0.253    27.1370     8.7603    109.931  37.846476     36.291      7.890   242.0095     2.5920     0.9574     0.0247      0.010      0.249      0.362        217 1.6483e+03 0.0000e+00
      0.254    27.1292     8.7687    110.023  37.847945     36.290      7.891   241.1009     2.5314     0.9976     0.0247      0.009      0.250      0.364        218 1.3443e+03 0.0000e+00
      0.259    27.1209     8.7636    109.954  37.846329     36.291      7.890   238.6780     2.5314     1.1185     0.0247      0.008      0.254      0.369        219 1.0723e+03 0.0000e+00
      0.265    27.1178     8.7580    109.895  37.848487     36.297      7.895   267.2981     2.5435     0.9976     0.0247      0.007      0.258      0.374        220 9.3687e+02 0.0000e+00
      0.267    27.1137     8.7518    109.824  37.845263     36.303      7.897   264.3074     2.5556     0.9976     0.0247      0.007      0.261      0.379        221 1.9541e+03 0.0000e+00
      0.268    27.1045     8.7781    110.137  37.850345     36.304      7.895   265.3295     2.5314     0.9842     0.0247      0.007      0.263      0.381        222 2.1062e+03 0.0000e+00
      0.268    27.0880     8.8222    110.646  37.842165     36.308      7.889   239.7759     2.7174     1.0514     0.0247      0.008      0.263      0.381        223 1.1642e+03 0.0000e+00
      0.268    27.0689     8.8562    111.026  37.796125     36.260      7.888   237.8073     2.7133     0.9574     0.0247      0.009      0.263      0.381        224 8.9352e+02 0.0000e+00
      0.269    27.0383     8.8611    111.069  37.729682     36.219      7.890   237.0502     2.7214     1.1051     0.0247      0.008      0.264      0.383        225 1.2254e+03 0.0000e+00
      0.271    27.0043     8.8462    110.878  37.687573     36.178      7.895   236.3309     2.7578     1.0379     0.0247      0.007      0.266      0.386        226 1.6296e+03 0.0000e+00
      0.273    26.9882     8.8232    110.579  37.729897     36.253      7.893   235.7252     2.6527     1.0916     0.0247      0.005      0.268      0.388        227 1.5920e+03 0.0000e+00
      0.273    26.9811     8.8056    110.377  37.736349     36.277      7.894   237.0502     2.6648     1.0111     0.0247      0.004      0.268      0.388        228 1.1777e+03 0.0000e+00
      0.273    26.9791     8.7944    110.275  37.738881     36.288      7.897   235.8387     2.6607     0.9708     0.0247      0.003      0.268      0.388        229 1.7551e+03 0.0000e+00
      0.273    26.9844     8.7848    110.182  37.726753     36.293      7.895   235.4223     2.6648     0.9574     0.0247      0.003      0.267      0.387        230 2.6452e+03 0.0000e+00
      0.271    26.9882     8.7875    110.277  37.692124     36.240      7.900   249.3159     2.7538     1.0111     0.0247      0.003      0.266      0.386        231 1.3357e+03 0.0000e+00
      0.270    26.9794     8.7949    110.473  37.722657     36.290      7.900   260.6731     2.7416     1.0379     0.0247      0.001      0.265      0.384        232 1.1933e+03 0.0000e+00
      0.270    26.9572     8.8209    110.800  37.688754     36.234      7.901   239.7380     2.7214     1.0916     0.0247     -0.000      0.265      0.384        233 2.1368e+03 0.0000e+00
      0.271    26.9341     8.8356    110.922  37.674994     36.240      7.903   239.8137     2.7174     1.1319     0.0247     -0.001      0.266      0.385        234 1.1683e+03 0.0000e+00
      0.273    26.9246     8.8301    110.805  37.680464     36.256      7.904   236.9744     2.7457     1.0782     0.0247     -0.001      0.268      0.389        235 1.0047e+03 0.0000e+00
      0.278    26.9220     8.8168    110.625  37.681957     36.272      7.904   236.3309     2.7295     1.0648     0.0247      0.001      0.271      0.394        236 1.1478e+03 0.0000e+00
      0.281    26.9181     8.7996    110.422  37.673147     36.279      7.906   264.4210     2.7093     0.9574     0.0247      0.003      0.273      0.397        237 1.0627e+03 0.0000e+00
      0.278    26.9266     8.7794    110.211  37.691433     36.280      7.909   242.0852     2.7295     1.0916     0.0247      0.004      0.272      0.395        238 1.3890e+03 0.0000e+00
      0.276    26.9457     8.7666    110.131  37.718524     36.337      7.908   238.4509     2.7457     1.1588     0.0247      0.005      0.272      0.394        239 1.3810e+03 0.0000e+00
      0.277    26.9594     8.7724    110.260  37.698754     36.277      7.901   237.2016     2.7457     1.0514     0.0247      0.005      0.273      0.395        240 1.2824e+03 0.0000e+00
      0.279    26.9924     8.7812    110.404  37.716032     36.317      7.902   236.3309     2.7497     1.0379     0.0247      0.004      0.274      0.397        241 9.2395e+02 0.0000e+00
      0.280    27.0408     8.7929    110.527  37.697015     36.254      7.898   236.0659     2.7376     0.9842     0.0247      0.003      0.274      0.398        242 1.2288e+03 0.0000e+00
      0.280    27.0433     8.8091    110.671  37.722412     36.286      7.892   235.7252     2.7376     1.0379     0.0247      0.002      0.274      0.397        243 1.5051e+03 0.0000e+00
      0.279    27.0111     8.8154    110.712  37.684407     36.196      7.891   261.7709     2.6769     1.0782     0.0247      0.000      0.274      0.397        244 1.1041e+03 0.0000e+00
      0.279    26.9876     8.8092    110.638  37.684969     36.196      7.890   238.6402     2.6648     1.0245     0.0247      0.000      0.273      0.396        245 1.1038e+03 0.0000e+00
      0.277    26.9811     8.7977    110.488  37.721710     36.272      7.889   238.4130     2.6284     1.0245     0.0247      0.001      0.269      0.390        246 1.1785e+03 0.0000e+00
      0.267    26.9867     8.7816    110.269  37.698017     36.235      7.885   237.3530     2.6446     0.9305     0.0247     -0.003      0.262      0.380        247 1.3184e+03 0.0000e+00
      0.258    27.0098     8.7648    110.054  37.714465     36.293      7.883   237.3530     2.7416     1.1051     0.0247     -0.008      0.255      0.371        248 1.4014e+03 0.0000e+00
      0.258    27.0485     8.7631    110.044  37.760566     36.289      7.875   236.8987     2.7376     1.0245     0.0247     -0.012      0.254      0.370        249 1.5509e+03 0.0000e+00
      0.263    27.0788     8.7787    110.274  37.877930     36.435      7.871   236.9366     2.7012     1.0379     0.0248     -0.012      0.259      0.375        250 1.2029e+03 0.0000e+00
      0.271    27.0937     8.8036    110.615  37.865004     36.352      7.870   236.4823     2.7174     1.0111     0.0247     -0.009      0.264      0.384        251 1.0981e+03 0.0000e+00
      0.276    27.0828     8.8213    110.861  37.835955     36.332      7.871   239.7380     2.6163     0.9574     0.0247     -0.005      0.269      0.391        252 1.1339e+03 0.0000e+00
      0.277    27.0524     8.8192    110.871  37.795423     36.267      7.869   241.5930     2.5799     1.0648     0.0247      0.000      0.272      0.394        253 1.4431e+03 0.0000e+00
      0.278    27.0344     8.8095    110.772  37.737476     36.222      7.866   237.5802     2.6163     1.0514     0.0247      0.005      0.272      0.395        254 1.7482e+03 0.0000e+00
      0.278    27.0353     8.8042    110.717  37.789432     36.297      7.865   240.1545     2.5960     0.9976     0.0247      0.010      0.272      0.395        255 1.4297e+03 0.0000e+00
