Data/DataNotYetUploadedToEDI/Raw_CTD/RawDownloads/081318_fcr10.cnv
* Sea-Bird SBE19plus  Data File:
* FileName = C:\DATA\081318_fcr_0005.hex
* Software version 2.6.3.104
* Temperature SN = 7809
* Conductivity SN = 7809
* System UpLoad Time = Aug 13 2018 19:26:27
* <ApplicationData>
* <Seaterm232>
# nquan = 17
# nvalues = 416                         
# units = specified
# name 0 = depFM: Depth [fresh water, m]
# name 1 = tv290C: Temperature [ITS-90, deg C]
# name 2 = sbeox0Mg/L: Oxygen, SBE 43 [mg/l]
# name 3 = sbeox0PS: Oxygen, SBE 43 [% saturation]
# name 4 = c0uS/cm: Conductivity [uS/cm]
# name 5 = specc: Specific Conductance [uS/cm]
# name 6 = ph: pH
# name 7 = orp: Oxidation Reduction Potential [mV]
# name 8 = flECO-AFL: Fluorescence, WET Labs ECO-AFL/FL [mg/m^3]
# name 9 = turbWETntu0: Turbidity, WET Labs ECO [NTU]
# name 10 = sal00: Salinity, Practical [PSU]
# name 11 = dz/dtM: Descent Rate [m/s]
# name 12 = prdM: Pressure, Strain Gauge [db]
# name 13 = prdE: Pressure, Strain Gauge [psi]
# name 14 = scan: Scan Count
# name 15 = par/sat/log: PAR/Logarithmic, Satlantic
# name 16 = flag:  0.000e+00
# span 0 =     -0.547,      2.554       
# span 1 =    21.5379,    31.5613       
# span 2 =    -0.5304,     9.5533       
# span 3 =     -6.149,    118.044       
# span 4 =   0.514095, 127.420317       
# span 5 =      0.648,    137.464       
# span 6 =      6.210,      7.919       
# span 7 =   138.9620,   675.6643       
# span 8 =    -0.1900,     7.5697       
# span 9 =    -0.6003,    18.0243       
# span 10 =     0.0140,     0.0681      
# span 11 =     -0.060,      0.311      
# span 12 =     -0.536,      2.503      
# span 13 =     -0.777,      3.631      
# span 14 =          1,        416      
# span 15 = 3.7473e+00, 2.8063e+03      
# span 16 = 0.0000e+00, 0.0000e+00      
# interval = seconds: 0.25
# start_time = Aug 13 2018 17:58:51 [Instrument's time stamp, header]
# bad_flag = -9.990e-29
*END*
[from data line 341]
      2.439    21.9269     0.1576      1.790  91.742164     97.612      6.767   273.9988     6.5426     2.8238     0.0500      0.026      2.392      3.470        342 1.5344e+02 0.0000e+00
      2.443    21.8999     0.1540      1.748  92.324440     98.096      6.746   272.2574     6.5629     2.9044     0.0502      0.022      2.396      3.475        343 1.5245e+02 0.0000e+00
      2.446    21.8451     0.1496      1.698  92.698529     98.888      6.730   270.5160     5.5560     3.4281     0.0506      0.021      2.399      3.479        344 1.5062e+02 0.0000e+00
      2.450    21.7746     0.1483      1.685  92.793504     98.828      6.717   269.4560     5.5762     3.4818     0.0505      0.021      2.402      3.484        345 1.4798e+02 0.0000e+00
      2.453    21.7183     0.1398      1.589  93.574438     99.866      6.705   268.4717     5.5641     3.5221     0.0510      0.019      2.405      3.489        346 1.4378e+02 0.0000e+00
      2.457    21.6415     0.1387      1.578  96.158607    102.752      6.694   267.0331     5.5883     3.5490     0.0523      0.017      2.410      3.495        347 1.3308e+02 0.0000e+00
      2.462    21.5621     0.1365      1.557  99.215412    106.197      6.682   265.7081     5.4630     3.8578     0.0538      0.015      2.414      3.501        348 1.2156e+02 0.0000e+00
      2.467    21.5379     0.1318      1.503 101.937839    109.262      6.668   263.7774     5.4630     3.9384     0.0552      0.015      2.418      3.507        349 1.1837e+02 0.0000e+00
      2.468    21.5620     0.1352      1.540 102.618690    110.293      6.662   261.8088     5.4589     3.9786     0.0556      0.015      2.420      3.510        350 1.2101e+02 0.0000e+00
      2.468    21.5845     0.1419      1.615 100.837759    108.272      6.651   256.6981     5.4630     3.8981     0.0547      0.013      2.421      3.511        351 1.1985e+02 0.0000e+00
      2.469    21.6002     0.1487      1.694  99.244772    106.557      6.647   254.9188     6.0898     3.0521     0.0539      0.012      2.422      3.513        352 1.1529e+02 0.0000e+00
      2.472    21.6077     0.1486      1.696  98.204195    105.421      6.639   254.5402     6.0695     3.0924     0.0534      0.011      2.425      3.517        353 1.0834e+02 0.0000e+00
      2.476    21.5982     0.1569      1.793  97.937763    104.970      6.631   251.8902     6.0817     3.0387     0.0532      0.010      2.428      3.522        354 9.9988e+01 0.0000e+00
      2.480    21.6331     0.1585      1.812  98.148295    105.425      6.628   249.6188     6.0857     3.1193     0.0534      0.010      2.432      3.527        355 9.5837e+01 0.0000e+00
      2.483    21.6677     0.1690      1.932  95.800338    102.751      6.623   249.6188     6.1181     3.0655     0.0522      0.009      2.434      3.530        356 9.3293e+01 0.0000e+00
      2.484    21.7253     0.1789      2.047  94.761492    101.435      6.621   248.2559     6.1504     3.1193     0.0516      0.009      2.436      3.532        357 9.1057e+01 0.0000e+00
      2.486    21.8376     0.1887      2.160  92.748199     99.765      6.618   246.4009     6.1181     3.0118     0.0509      0.010      2.438      3.535        358 8.6893e+01 0.0000e+00
      2.488    21.8246     0.2010      2.304  89.145387     94.830      6.620   243.7509     6.1625     3.1595     0.0487      0.010      2.440      3.537        359 8.4300e+01 0.0000e+00
      2.488    21.7487     0.2104      2.413  91.928878     98.436      6.620   241.5930     6.1625     3.5087     0.0503      0.010      2.440      3.539        360 8.3036e+01 0.0000e+00
      2.489    21.7485     0.2279      2.612  92.793214     99.105      6.619   240.3816     6.1383     3.5087     0.0506      0.008      2.441      3.541        361 7.8756e+01 0.0000e+00
      2.490    21.7930     0.2400      2.747  89.556667     95.646      6.620   240.1545     6.1423     3.4281     0.0491      0.007      2.442      3.542        362 7.2911e+01 0.0000e+00
      2.492    21.8665     0.2566      2.933  88.105697     94.348      6.621   241.0252     6.1666     3.4684     0.0485      0.006      2.444      3.545        363 6.7513e+01 0.0000e+00
      2.494    21.9284     0.2678      3.061  85.826579     91.633      6.621   236.8230     6.1302     3.5221     0.0473      0.005      2.445      3.547        364 6.3587e+01 0.0000e+00
      2.496    21.9514     0.2721      3.109  84.751407     90.343      6.619   230.9173     6.2353     3.9384     0.0467      0.005      2.447      3.549        365 6.0761e+01 0.0000e+00
      2.496    21.9588     0.2771      3.167  85.697326     91.365      6.615   225.5037     6.2151     3.9249     0.0472      0.005      2.448      3.551        366 5.8926e+01 0.0000e+00
      2.497    21.9935     0.2739      3.134  85.838572     91.373      6.617   219.9765     6.2232     3.9518     0.0472      0.005      2.449      3.552        367 5.7599e+01 0.0000e+00
      2.498    22.0382     0.2734      3.129  85.735102     91.279      6.618   222.0208     6.1908     3.8981     0.0472      0.005      2.449      3.552        368 5.5183e+01 0.0000e+00
      2.498    22.0889     0.2702      3.095  85.112521     90.608      6.616   220.2415     6.2030     3.1193     0.0469      0.005      2.450      3.554        369 5.0959e+01 0.0000e+00
      2.501    22.1335     0.2629      3.017  83.283553     88.471      6.614   218.6137     6.2434     3.0521     0.0459      0.005      2.452      3.557        370 4.6563e+01 0.0000e+00
      2.503    22.0991     0.2631      3.024  83.135517     88.197      6.610   216.7208     6.2030     3.0118     0.0458      0.005      2.454      3.559        371 4.5210e+01 0.0000e+00
      2.504    22.0125     0.2623      3.016  85.118326     90.337      6.609   215.9258     6.1989     3.1595     0.0468      0.005      2.454      3.560        372 4.7262e+01 0.0000e+00
      2.502    21.9549     0.2703      3.104  86.672766     91.981      6.607   212.6701     6.3485     3.0387     0.0475      0.004      2.454      3.560        373 4.8340e+01 0.0000e+00
      2.502    21.9421     0.2753      3.160  88.663767     94.241      6.603   211.4587     6.3647     3.0387     0.0485      0.004      2.454      3.560        374 4.5066e+01 0.0000e+00
      2.504    21.9424     0.2816      3.233  88.022428     93.997      6.600   208.4679     6.3122     2.9178     0.0484      0.003      2.456      3.562        375 3.9878e+01 0.0000e+00
      2.507    21.9620     0.2830      3.250  86.935740     92.113      6.598   206.4994     6.3485     2.9715     0.0475      0.004      2.459      3.567        376 3.4484e+01 0.0000e+00
      2.512    22.0005     0.2866      3.291  86.804834     93.065      6.596   204.9851     6.2111     3.1998     0.0480      0.005      2.463      3.572        377 3.0324e+01 0.0000e+00
      2.515    22.0245     0.2841      3.264  86.282398     91.122      6.596   203.7736     6.2232     3.3475     0.0471      0.006      2.466      3.577        378 2.9564e+01 0.0000e+00
      2.515    22.0697     0.2687      3.088  88.596991     94.914      6.594   201.3886     6.2272     3.2535     0.0488      0.007      2.468      3.579        379 2.7334e+01 0.0000e+00
      2.519    22.1625     0.2429      2.792  88.533128     93.652      6.591   198.2843     6.2232     3.2267     0.0482      0.009      2.470      3.583        380 2.3848e+01 0.0000e+00
      2.523    22.2520     0.2178      2.503  85.439980     91.208      6.592   197.1865     6.1989     4.1264     0.0472      0.011      2.474      3.588        381 2.2102e+01 0.0000e+00
      2.526    22.2596     0.1983      2.281  88.699769     93.198      6.590   195.8615     6.1908     4.0726     0.0481      0.012      2.477      3.592        382 2.0741e+01 0.0000e+00
      2.528    22.2068     0.1970      2.266  99.942500    106.450      6.590   192.1893     6.2192     4.0592     0.0540      0.011      2.479      3.595        383 1.9981e+01 0.0000e+00
      2.529    22.1756     0.2209      2.543 101.221827    107.087      6.590   189.7665     6.1908     4.1129     0.0543      0.011      2.480      3.597        384 1.9099e+01 0.0000e+00
      2.531    22.1735     0.2523      2.906  93.710030     99.048      6.590   188.1007     6.3202     4.5158     0.0507      0.010      2.483      3.600        385 1.7437e+01 0.0000e+00
      2.535    22.1850     0.3009      3.467  94.565185    100.090      6.593   186.9272     6.3485     4.6366     0.0512      0.010      2.486      3.605        386 1.5865e+01 0.0000e+00
      2.538    22.1968     0.3457      3.985 116.438355    122.568      6.596   185.3372     6.3405     4.5695     0.0613      0.010      2.489      3.610        387 1.4476e+01 0.0000e+00
      2.541    22.2107     0.3969      4.577 127.420317    137.464      6.599   185.0722     6.3243     4.6098     0.0681      0.010      2.492      3.614        388 1.3069e+01 0.0000e+00
      2.544    22.2247     0.4371      5.039 116.026940    120.188      6.602   183.9364     6.1585     5.1066     0.0602      0.010      2.495      3.618        389 1.2135e+01 0.0000e+00
      2.546    22.2339     0.4703      5.419 106.882049    116.021      6.606   181.2864     6.1585     5.1603     0.0583      0.011      2.497      3.621        390 1.1367e+01 0.0000e+00
      2.547    22.2486     0.4838      5.571  90.074542     92.866      6.608   178.8257     6.1625     5.2543     0.0479      0.010      2.498      3.623        391 1.0097e+01 0.0000e+00
      2.549    22.2690     0.4792      5.513  83.986429     90.387      6.611   176.2893     6.1423     5.2140     0.0468      0.010      2.500      3.625        392 9.0639e+00 0.0000e+00
      2.549    22.2945     0.4534      5.212  85.158036     89.173      6.615   174.1693     6.1666     5.1469     0.0463      0.009      2.500      3.626        393 8.9239e+00 0.0000e+00
      2.550    22.3239     0.4204      4.828  83.562123     88.926      6.621   171.5571     5.9927     5.9391     0.0462      0.008      2.500      3.627        394 8.8253e+00 0.0000e+00
      2.550    22.3523     0.3851      4.420  84.694091     89.205      6.621   168.6421     6.0331     5.8854     0.0463      0.006      2.500      3.627        395 8.4560e+00 0.0000e+00
      2.550    22.3788     0.3429      3.932  83.154723     88.112      6.626   166.1057     5.9968     5.8183     0.0458      0.004      2.500      3.627        396 8.1105e+00 0.0000e+00
      2.550    22.4003     0.3114      3.569  82.980614     87.321      6.632   165.0835     6.0210     5.9123     0.0455      0.003      2.500      3.627        397 7.5957e+00 0.0000e+00
      2.550    22.4100     0.2849      3.262  84.345921     89.222      6.635   163.2664     6.0089     6.8119     0.0463      0.002      2.500      3.627        398 7.0023e+00 0.0000e+00
      2.550    22.4028     0.2685      3.072  85.141981     89.685      6.638   161.8657     6.0251     6.9462     0.0466      0.001      2.500      3.627        399 6.4152e+00 0.0000e+00
      2.549    22.3781     0.2486      2.843  88.649727     93.329      6.640   160.9192     6.0008     6.8254     0.0482      0.000      2.500      3.626        400 5.8144e+00 0.0000e+00
      2.549    22.3368     0.2338      2.672  91.547354     97.009      6.646   160.1242     6.0493     6.9462     0.0498     -0.000      2.500      3.626        401 5.4201e+00 0.0000e+00
      2.549    22.2884     0.2310      2.639  90.932515     95.403      6.648   158.1935     6.1019     7.5505     0.0491     -0.000      2.499      3.625        402 5.1164e+00 0.0000e+00
      2.548    22.2448     0.2267      2.589  91.764187     97.470      6.650   157.0956     6.1100     7.5639     0.0500     -0.001      2.499      3.625        403 4.8571e+00 0.0000e+00
      2.548    22.2030     0.2268      2.590  91.999386     96.741      6.654   155.3921     6.0857     7.5236     0.0497     -0.001      2.499      3.624        404 4.6459e+00 0.0000e+00
      2.548    22.1633 -9.990e-29 -9.990e-29  92.751443     98.610      6.656   153.9156     6.0857     7.5236     0.0505     -0.001      2.499      3.624        405 4.4524e+00 0.0000e+00
      2.548    22.1287 -9.990e-29 -9.990e-29  92.285649     97.420      6.659   152.7421     5.9523     7.9130     0.0500     -0.001      2.499      3.624        406 4.3163e+00 0.0000e+00
      2.548    22.0866 -9.990e-29 -9.990e-29  92.103217     97.800      6.665   151.4549     5.9846     7.8996     0.0501     -0.001      2.499      3.624        407 4.1521e+00 0.0000e+00
      2.548    22.0387 -9.990e-29 -9.990e-29  93.781567     99.357      6.664   150.3192     5.9563     7.8727     0.0508     -0.001      2.498      3.624        408 4.0525e+00 0.0000e+00
      2.548    22.0005 -9.990e-29 -9.990e-29  93.974297     99.952      6.669   149.1835     5.9806     8.0070     0.0511     -0.001      2.498      3.624        409 4.0495e+00 0.0000e+00
      2.548    21.9721 -9.990e-29 -9.990e-29  93.439774     99.132      6.669   147.7449     7.1694     9.8467     0.0507     -0.000      2.498      3.624        410 3.9691e+00 0.0000e+00
      2.548    21.9460 -9.990e-29 -9.990e-29  93.703245     99.808      6.672   146.2306     7.1694     9.9406     0.0510     -0.000      2.498      3.624        411 3.8839e+00 0.0000e+00
      2.548    21.9247 -9.990e-29 -9.990e-29  94.360298    100.316      6.673   145.6628     7.1815     9.8735     0.0512     -0.000      2.498      3.624        412 3.7473e+00 0.0000e+00
      2.548    21.9083 -9.990e-29 -9.990e-29  94.733934    100.998      6.675   143.9592     7.1532     9.8601     0.0515     -0.000      2.499      3.625        413 3.8125e+00 0.0000e+00
      2.549    21.8998 -9.990e-29 -9.990e-29  95.022961    101.135      6.681   143.0127     6.3526    14.0227     0.0516      0.000      2.500      3.626        414 3.8680e+00 0.0000e+00
      2.551 -9.990e-29 -9.990e-29 -9.990e-29  95.517642    101.885      6.679   140.8927     6.3526    14.0496     0.0519      0.001      2.502      3.629        415 4.8035e+00 0.0000e+00
      2.554 -9.990e-29 -9.990e-29 -9.990e-29  95.932823    102.206      6.683   138.9620     6.3243    14.0362     0.0520      0.003      2.503      3.631        416 5.9032e+00 0.0000e+00
