Data/DataNotYetUploadedToEDI/Raw_CTD/RawDownloads/081618_fcr50.cnv
* Sea-Bird SBE19plus  Data File:
* FileName = C:\DATA\081618_bvr50_0002.hex
* Software version 2.6.3.104
* Temperature SN = 7809
* Conductivity SN = 7809
* System UpLoad Time = Aug 16 2018 20:44:35
* <ApplicationData>
* <Seaterm232>
# nquan = 17
# nvalues = 798                         
# units = specified
# name 0 = depFM: Depth [fresh water, m]
# name 1 = tv290C: Temperature [ITS-90, deg C]
# name 2 = sbeox0Mg/L: Oxygen, SBE 43 [mg/l]
# name 3 = sbeox0PS: Oxygen, SBE 43 [% saturation]
# name 4 = c0uS/cm: Conductivity [uS/cm]
# name 5 = specc: Specific Conductance [uS/cm]
# name 6 = ph: pH
# name 7 = orp: Oxidation Reduction Potential [mV]
# name 8 = flECO-AFL: Fluorescence, WET Labs ECO-AFL/FL [mg/m^3]
# name 9 = turbWETntu0: Turbidity, WET Labs ECO [NTU]
# name 10 = sal00: Salinity, Practical [PSU]
# name 11 = dz/dtM: Descent Rate [m/s]
# name 12 = prdM: Pressure, Strain Gauge [db]
# name 13 = prdE: Pressure, Strain Gauge [psi]
# name 14 = scan: Scan Count
# name 15 = par/sat/log: PAR/Logarithmic, Satlantic
# name 16 = flag:  0.000e+00
# span 0 =     -0.514,      9.681       
# span 1 =    11.7800,    32.3657       
# span 2 =     0.0456,    10.1027       
# span 3 =      0.423,    126.702       
# span 4 =   1.060709, 141.247330       
# span 5 =      0.955,    194.541       
# span 6 =      5.024,      8.290       
# span 7 = -1240.7455,   423.6107       
# span 8 =    -0.2062,     9.7533       
# span 9 =    -0.5466,   429.3489       
# span 10 =     0.0141,     0.0917      
# span 11 =     -0.173,      0.167      
# span 12 =     -0.504,      9.493      
# span 13 =     -0.731,     13.769      
# span 14 =          1,        798      
# span 15 = 1.2295e-01, 6.3441e+02      
# span 16 = 0.0000e+00, 0.0000e+00      
# interval = seconds: 0.25
# start_time = Aug 16 2018 21:51:19 [Instrument's time stamp, header]
# bad_flag = -9.990e-29
*END*
[from data line 426]
      3.169    18.5467     0.3453      3.565  40.581322     46.467      7.052   303.5654     9.6279     1.4945     0.0266      0.078      3.111      4.511        427 1.4664e+01 0.0000e+00
      3.182    18.4498     0.2746      2.828  40.451800     46.341      7.038   303.1489     9.7452     1.4408     0.0265      0.075      3.128      4.536        428 1.4173e+01 0.0000e+00
      3.217    18.2417     0.2213      2.274  40.632845     46.661      7.022   302.5432     9.7533     1.4542     0.0267      0.079      3.157      4.578        429 1.3486e+01 0.0000e+00
      3.257    17.9462     0.1722      1.766  41.008707     47.183      7.000   302.9975     9.7371     1.3468     0.0269      0.086      3.189      4.625        430 1.3058e+01 0.0000e+00
      3.279    17.7197     0.1560      1.598  41.170752     47.602      6.980   302.9596     9.7452     1.4676     0.0270      0.089      3.212      4.659        431 1.2994e+01 0.0000e+00
      3.290    17.6039     0.1493      1.528  41.202621     47.969      6.959   308.4111     9.0982     1.3065     0.0270      0.087      3.228      4.683        432 1.2758e+01 0.0000e+00
      3.310    17.4840     0.1563      1.598  41.176860     48.190      6.945   306.4425     9.1063     1.3602     0.0271      0.087      3.246      4.708        433 1.2436e+01 0.0000e+00
      3.330    17.3194     0.1685      1.722  41.173269     48.318      6.933   306.5939     9.1063     1.3468     0.0271      0.089      3.264      4.734        434 1.2266e+01 0.0000e+00
      3.344    17.1467     0.1826      1.868  41.177506     48.453      6.921   306.2532     9.0942     1.4676     0.0271      0.089      3.279      4.756        435 1.2100e+01 0.0000e+00
      3.357    16.9998     0.1852      1.892  41.171662     48.645      6.908   305.3446     8.5806     1.7630     0.0271      0.082      3.292      4.775        436 1.1952e+01 0.0000e+00
      3.369    16.8869     0.1896      1.933  41.150962     48.808      6.899   310.2661     8.6170     1.6959     0.0271      0.070      3.303      4.791        437 1.1822e+01 0.0000e+00
      3.379    16.7758     0.1957      1.993  41.114358     48.950      6.887   310.1904     8.6251     1.7630     0.0271      0.061      3.313      4.806        438 1.1738e+01 0.0000e+00
      3.388    16.6683     0.1924      1.955  41.128298     49.077      6.877   310.1147     8.6089     1.6153     0.0272      0.055      3.323      4.820        439 1.1540e+01 0.0000e+00
      3.399    16.5881     0.1890      1.917  41.104016     49.211      6.867   308.2218     8.3946     1.8705     0.0272      0.052      3.336      4.838        440 1.1288e+01 0.0000e+00
      3.418    16.5278     0.1888      1.911  41.085306     49.269      6.857   308.4111     8.4391     1.8705     0.0272      0.049      3.352      4.860        441 1.1137e+01 0.0000e+00
      3.434    16.4694     0.1860      1.881  41.121976     49.467      6.845   309.8118     8.4351     1.8570     0.0272      0.048      3.367      4.882        442 1.0964e+01 0.0000e+00
      3.447    16.4227     0.1871      1.888  41.088097     49.435      6.834   309.8497     8.4270     1.9242     0.0272      0.050      3.379      4.901        443 1.0854e+01 0.0000e+00
      3.456    16.4311     0.1967      1.979  41.097839     49.575      6.824   309.9632     8.4148     1.7899     0.0272      0.050      3.389      4.916        444 1.0734e+01 0.0000e+00
      3.466    16.4523     0.2075      2.082  41.080217     49.561      6.816   310.3797     7.9700     3.0521     0.0272      0.050      3.401      4.933        445 1.0490e+01 0.0000e+00
      3.482    16.3723     0.2164      2.165  41.110045     49.622      6.803   310.3797     8.0145     3.1193     0.0272      0.052      3.414      4.953        446 1.0327e+01 0.0000e+00
      3.496    16.2717     0.2322      2.320  41.120051     49.588      6.795   310.4175     7.9943     3.0655     0.0272      0.052      3.429      4.973        447 1.0203e+01 0.0000e+00
      3.511    16.2185     0.2374      2.369  41.097435     49.656      6.783   308.1461     7.9660     3.0521     0.0272      0.052      3.444      4.995        448 9.9616e+00 0.0000e+00
      3.528    16.1369     0.2512      2.505  41.167891     49.882      6.773   308.4868     8.0469     3.9518     0.0273      0.052      3.459      5.017        449 9.8119e+00 0.0000e+00
      3.541    16.0362     0.2481      2.472  41.329085     50.109      6.762   309.9254     8.0347     3.8981     0.0274      0.053      3.474      5.038        450 9.6521e+00 0.0000e+00
      3.557    15.9536     0.2440      2.426  41.282543     50.214      6.752   309.8118     8.0590     3.8981     0.0274      0.055      3.492      5.064        451 9.3313e+00 0.0000e+00
      3.585    15.8929     0.2332      2.312  41.166526     50.095      6.740   311.0232     8.0469     3.9518     0.0273      0.061      3.518      5.102        452 8.8124e+00 0.0000e+00
      3.620    15.7992     0.2200      2.175  41.265852     50.440      6.725   308.5247     8.2127     3.7369     0.0274      0.070      3.548      5.147        453 8.2405e+00 0.0000e+00
      3.649    15.6726     0.2126      2.097  41.099646     50.201      6.709   310.1525     8.2046     3.6698     0.0273      0.080      3.578      5.189        454 7.8088e+00 0.0000e+00
      3.675    15.5458     0.2021      1.990  40.987739     50.250      6.694   311.2125     8.2369     3.6564     0.0273      0.089      3.603      5.225        455 7.4019e+00 0.0000e+00
      3.697    15.4240     0.1920      1.887  40.900837     50.271      6.681   312.9918     8.2450     3.6967     0.0273      0.096      3.625      5.258        456 6.9961e+00 0.0000e+00
      3.720    15.3391     0.1856      1.822  40.762864     50.253      6.671   314.0140     7.3878     3.7235     0.0272      0.100      3.647      5.290        457 6.5276e+00 0.0000e+00
      3.742    15.2838     0.1861      1.826  40.773852     50.443      6.658   311.7804     7.4201     3.6564     0.0272      0.103      3.665      5.316        458 6.3360e+00 0.0000e+00
      3.748    15.2449     0.1786      1.749  40.709229     50.442      6.646   312.0832     7.4363     3.6295     0.0272      0.097      3.678      5.336        459 6.1773e+00 0.0000e+00
      3.763    15.2047     0.1834      1.793  40.695005     50.513      6.634   312.8782     7.4201     3.6295     0.0272      0.087      3.698      5.364        460 5.5938e+00 0.0000e+00
      3.803    15.1203     0.1803      1.762  40.643257     50.492      6.621   314.5440     6.4739     3.7638     0.0272      0.083      3.731      5.411        461 5.0328e+00 0.0000e+00
      3.846    14.9894     0.1743      1.701  40.476992     50.333      6.608   314.9225     6.4779     3.7504     0.0271      0.087      3.769      5.466        462 4.7237e+00 0.0000e+00
      3.878    14.8511     0.1848      1.801  40.278963     50.194      6.598   315.4525     6.5022     3.7235     0.0270      0.095      3.800      5.512        463 4.5685e+00 0.0000e+00
      3.900    14.7394     0.1866      1.815  40.118439     50.151      6.586   315.1497     6.4658     3.6967     0.0270      0.101      3.825      5.549        464 4.4180e+00 0.0000e+00
      3.926    14.6529     0.1944      1.888  40.053852     50.254      6.581   315.4904     6.4496     3.5758     0.0269      0.107      3.850      5.584        465 4.2018e+00 0.0000e+00
      3.952    14.5761     0.2010      1.949  39.944098     50.256      6.573   315.2632     4.6219     4.3412     0.0269      0.113      3.871      5.614        466 4.1184e+00 0.0000e+00
      3.961    14.5232     0.2167      2.098  39.750783     50.117      6.560   315.5282     4.5855     4.3412     0.0268      0.112      3.885      5.634        467 4.1304e+00 0.0000e+00
      3.969    14.4868     0.2366      2.288  39.701179     50.145      6.556   316.9668     4.5693     4.3546     0.0268      0.102      3.897      5.653        468 4.0021e+00 0.0000e+00
      3.994    14.4286     0.2661      2.571  39.679555     50.212      6.547   316.4747     4.5693     4.3412     0.0268      0.089      3.917      5.681        469 3.8822e+00 0.0000e+00
      4.016    14.3570     0.3018      2.913  39.481078     49.974      6.543   316.8532     3.0894     4.7843     0.0267      0.079      3.942      5.717        470 3.7421e+00 0.0000e+00
      4.048    14.2996     0.3395      3.271  39.325249     49.871      6.531   317.1182     3.1379     4.7843     0.0266      0.077      3.971      5.760        471 3.5593e+00 0.0000e+00
      4.084    14.2444     0.3955      3.805  39.280223     49.892      6.524   317.4590     3.1258     4.8112     0.0266      0.083      4.002      5.805        472 3.4419e+00 0.0000e+00
      4.111    14.1757     0.4461      4.287  39.210842     49.892      6.519   317.4968     3.1055     4.6769     0.0266      0.089      4.029      5.844        473 3.3560e+00 0.0000e+00
      4.130    14.1039     0.4955      4.756  39.055658     49.749      6.512   318.7461     2.9559     4.9052     0.0265      0.094      4.051      5.875        474 3.2861e+00 0.0000e+00
      4.152    14.0353     0.5323      5.105  38.909763     49.658      6.505   318.5947     2.9762     4.9052     0.0264      0.101      4.072      5.906        475 3.2025e+00 0.0000e+00
      4.174    13.9627     0.5720      5.481  38.917820     49.749      6.499   318.8218     2.9842     5.0126     0.0264      0.103      4.094      5.938        476 3.0907e+00 0.0000e+00
      4.199    13.8926     0.6089      5.831  38.986343     49.944      6.493   319.0868     2.9964     5.0126     0.0265      0.101      4.119      5.974        477 2.9881e+00 0.0000e+00
      4.228    13.8402     0.6442      6.163  38.913515     49.929      6.487   319.1625     3.0287     5.3349     0.0265      0.099      4.145      6.012        478 2.9151e+00 0.0000e+00
      4.254    13.7954     0.6781      6.480  38.830508     49.913      6.481   319.4654     3.0166     5.3617     0.0264      0.096      4.172      6.051        479 2.8134e+00 0.0000e+00
      4.281    13.7410     0.7092      6.770  38.793045     49.943      6.476   319.9954     3.0247     5.3214     0.0264      0.095      4.199      6.090        480 2.7479e+00 0.0000e+00
      4.311    13.6775     0.7280      6.945  38.811849     50.001      6.469   319.9575     3.0570     5.3886     0.0264      0.099      4.227      6.130        481 2.6984e+00 0.0000e+00
      4.339    13.6135     0.7604      7.248  38.896123     50.215      6.462   320.2983     2.3979     6.4225     0.0265      0.103      4.253      6.168        482 2.5993e+00 0.0000e+00
      4.361    13.5569     0.7915      7.537  38.866178     50.226      6.459   320.3361     2.3898     6.4494     0.0265      0.105      4.277      6.203        483 2.5098e+00 0.0000e+00
      4.385    13.5068     0.8227      7.826  38.878812     50.345      6.451   320.1847     2.4020     6.4628     0.0265      0.105      4.299      6.235        484 2.4689e+00 0.0000e+00
      4.405    13.4606     0.8540      8.117  38.910098     50.456      6.447   320.2983     2.3898     6.4225     0.0265      0.103      4.320      6.265        485 2.4299e+00 0.0000e+00
      4.424    13.4286     0.8816      8.375  38.856937     50.448      6.442   320.6011     2.1310     7.1074     0.0265      0.098      4.340      6.295        486 2.3376e+00 0.0000e+00
      4.449    13.3980     0.9201      8.741  38.915333     50.582      6.438   320.7147     2.1310     7.0268     0.0266      0.094      4.365      6.331        487 2.2733e+00 0.0000e+00
      4.482    13.3521     0.9448      8.974  39.045096     50.806      6.429   321.1690     2.1229     7.0134     0.0266      0.094      4.394      6.374        488 2.1951e+00 0.0000e+00
      4.513    13.3025     0.9790      9.293  39.110763     50.918      6.421   321.0175     2.1472     7.1476     0.0267      0.095      4.424      6.416        489 2.1033e+00 0.0000e+00
      4.537    13.2584     0.9993      9.485  39.100607     50.980      6.414   322.0018     2.1310     7.1476     0.0267      0.097      4.450      6.453        490 2.0824e+00 0.0000e+00
      4.561    13.2235     1.0188      9.669  39.117087     51.046      6.411   322.2668     2.0946     7.7788     0.0267      0.100      4.475      6.490        491 1.9794e+00 0.0000e+00
      4.591    13.1872     1.0340      9.810  39.208936     51.251      6.405   322.4561     2.0866     7.6848     0.0268      0.104      4.502      6.529        492 1.8702e+00 0.0000e+00
      4.619    13.1413     1.0489      9.952  39.223639     51.298      6.398   322.2668     2.0542     7.6713     0.0268      0.107      4.529      6.569        493 1.8344e+00 0.0000e+00
      4.645    13.0977     1.0450      9.910  39.217466     51.346      6.394   322.8726     2.0946     7.6713     0.0268      0.109      4.554      6.605        494 1.7955e+00 0.0000e+00
      4.667    13.0609     1.0362      9.820  39.186975     51.372      6.389   324.0840     2.0785     8.1279     0.0268      0.106      4.576      6.637        495 1.7619e+00 0.0000e+00
      4.687    13.0356     1.0212      9.672  39.172618     51.394      6.386   324.1976     2.0704     8.2487     0.0268      0.102      4.596      6.666        496 1.7067e+00 0.0000e+00
      4.707    13.0346     1.0044      9.508  39.146364     51.443      6.383   324.6518     2.0704     8.1950     0.0268      0.098      4.616      6.695        497 1.6585e+00 0.0000e+00
      4.727    13.0268     0.9811      9.285  39.249329     51.552      6.381   324.5004     2.0906     8.1950     0.0268      0.094      4.635      6.723        498 1.6290e+00 0.0000e+00
      4.746    13.0024     0.9578      9.060  39.726776     52.251      6.379   324.8033     1.8884     8.8396     0.0271      0.089      4.652      6.746        499 1.5917e+00 0.0000e+00
      4.756    13.0014     0.9389      8.880  39.946435     52.517      6.372   325.0683     1.8884     8.8933     0.0272      0.081      4.664      6.764        500 1.5935e+00 0.0000e+00
      4.764    12.9953     0.9379      8.868  39.865918     52.444      6.369   325.0304     1.8803     8.8530     0.0272      0.073      4.674      6.779        501 1.5790e+00 0.0000e+00
      4.779    12.9799     0.9410      8.891  39.945646     52.553      6.369   325.5604     1.8601     8.8396     0.0272      0.066      4.686      6.796        502 1.5280e+00 0.0000e+00
      4.791    12.9808     0.9451      8.924  39.936214     52.561      6.367   325.8254     1.9733     9.1618     0.0272      0.060      4.699      6.815        503 1.4811e+00 0.0000e+00
      4.805    12.9629     0.9573      9.032  39.759000     52.328      6.365   326.0904     2.0016     9.2290     0.0271      0.055      4.713      6.835        504 1.4267e+00 0.0000e+00
      4.821    12.9292     0.9699      9.145  39.691549     52.249      6.365   326.3554     2.0340     9.2424     0.0271      0.053      4.728      6.857        505 1.4239e+00 0.0000e+00
      4.836    12.9016     0.9842      9.276  39.693843     52.276      6.362   324.1976     2.0340     9.2155     0.0271      0.051      4.744      6.880        506 1.3781e+00 0.0000e+00
      4.854    12.8829     0.9839      9.271  39.578166     52.175      6.360   325.7497     2.0502     9.3364     0.0270      0.053      4.759      6.903        507 1.3393e+00 0.0000e+00
      4.870    12.8660     1.0010      9.435  39.538875     52.139      6.355   325.6361     2.0623     9.3901     0.0270      0.057      4.774      6.925        508 1.3592e+00 0.0000e+00
      4.881    12.8467     1.0072      9.495  39.564766     52.239      6.353   325.8254     2.0906     9.3095     0.0271      0.059      4.786      6.941        509 1.3131e+00 0.0000e+00
      4.888    12.8373     1.0162      9.575  39.545957     52.187      6.346   326.9611     2.0542     9.4841     0.0270      0.057      4.796      6.957        510 1.2830e+00 0.0000e+00
