Data/DataNotYetUploadedToEDI/Raw_CTD/RawDownloads/081618_bvr50.cnv
* Sea-Bird SBE19plus  Data File:
* FileName = C:\DATA\081618_bvr50_0001.hex
* Software version 2.6.3.104
* Temperature SN = 7809
* Conductivity SN = 7809
* System UpLoad Time = Aug 16 2018 20:44:10
* <ApplicationData>
* <Seaterm232>
# nquan = 17
# nvalues = 970                         
# units = specified
# name 0 = depFM: Depth [fresh water, m]
# name 1 = tv290C: Temperature [ITS-90, deg C]
# name 2 = sbeox0Mg/L: Oxygen, SBE 43 [mg/l]
# name 3 = sbeox0PS: Oxygen, SBE 43 [% saturation]
# name 4 = c0uS/cm: Conductivity [uS/cm]
# name 5 = specc: Specific Conductance [uS/cm]
# name 6 = ph: pH
# name 7 = orp: Oxidation Reduction Potential [mV]
# name 8 = flECO-AFL: Fluorescence, WET Labs ECO-AFL/FL [mg/m^3]
# name 9 = turbWETntu0: Turbidity, WET Labs ECO [NTU]
# name 10 = sal00: Salinity, Practical [PSU]
# name 11 = dz/dtM: Descent Rate [m/s]
# name 12 = prdM: Pressure, Strain Gauge [db]
# name 13 = prdE: Pressure, Strain Gauge [psi]
# name 14 = scan: Scan Count
# name 15 = par/sat/log: PAR/Logarithmic, Satlantic
# name 16 = flag:  0.000e+00
# span 0 =     -0.596,     10.426       
# span 1 =     7.8008,    31.2200       
# span 2 =    -0.1805,    10.5760       
# span 3 =     -1.755,    131.486       
# span 4 =   0.527732, 210.913593       
# span 5 =      0.677,    322.327       
# span 6 =      6.419,      9.151       
# span 7 = -1240.7455,   283.7282       
# span 8 =    -0.1981,    13.4694       
# span 9 =    -0.5063,    14.5867       
# span 10 =     0.0138,     0.1500      
# span 11 =     -0.177,      0.262      
# span 12 =     -0.585,     10.223      
# span 13 =     -0.848,     14.828      
# span 14 =          1,        970      
# span 15 = 1.2391e-01, 1.5968e+03      
# span 16 = 0.0000e+00, 0.0000e+00      
# interval = seconds: 0.25
# start_time = Aug 16 2018 14:44:43 [Instrument's time stamp, header]
# bad_flag = -9.990e-29
*END*
[from data line 426]
      1.495    26.1880     9.5964    118.679  31.197449     30.468      9.077   192.9843    10.2224     2.2464     0.0221      0.059      1.466      2.128        427 1.5266e+02 0.0000e+00
      1.502    26.1884     9.6071    118.808  31.197483     30.468      9.081   193.0600    10.1860     2.2196     0.0221      0.050      1.475      2.139        428 1.5202e+02 0.0000e+00
      1.515    26.1882     9.6203    118.968  31.130855     30.413      9.083   192.9465    10.5095     2.1793     0.0221      0.043      1.490      2.159        429 1.4995e+02 0.0000e+00
      1.539    26.1877     9.6331    119.124  31.102460     30.359      9.083   193.3629    10.5378     2.2464     0.0221      0.042      1.510      2.189        430 1.4649e+02 0.0000e+00
      1.563    26.1869     9.6347    119.133  31.173519     30.468      9.082   193.2872    10.5337     2.2867     0.0221      0.046      1.531      2.221        431 1.4469e+02 0.0000e+00
      1.581    26.1865     9.6333    119.101  31.161027     30.414      9.082   193.5143    10.4892     2.2062     0.0221      0.052      1.551      2.249        432 1.4181e+02 0.0000e+00
      1.600    26.1863     9.6144    118.853  31.177307     30.469      9.077   193.0979    10.5297     2.2196     0.0221      0.060      1.568      2.274        433 1.3948e+02 0.0000e+00
      1.615    26.1850     9.6020    118.693  31.153260     30.414      9.075   193.3629    10.5418     2.1659     0.0221      0.067      1.583      2.296        434 1.3813e+02 0.0000e+00
      1.627    26.1832     9.5860    118.489  31.131652     30.414      9.075   193.7415    10.5337     2.3002     0.0221      0.071      1.595      2.313        435 1.3625e+02 0.0000e+00
      1.636    26.1813     9.5742    118.323  31.144896     30.415      9.079   193.2115    10.5256     2.3941     0.0221      0.069      1.605      2.328        436 1.3495e+02 0.0000e+00
      1.647    26.1797     9.5708    118.246  31.136778     30.416      9.075   193.2872    10.6227     2.2062     0.0221      0.064      1.616      2.344        437 1.3315e+02 0.0000e+00
      1.659    26.1779     9.5509    117.965  31.141756     30.417      9.078   193.2115    10.5903     2.2733     0.0221      0.057      1.628      2.361        438 1.3168e+02 0.0000e+00
      1.674    26.1765     9.5165    117.519  31.138703     30.418      9.078   193.1736    10.5903     2.2196     0.0221      0.052      1.641      2.381        439 1.2965e+02 0.0000e+00
      1.688    26.1750     9.4808    117.064  31.140578     30.419      9.078   192.8707    10.5903     2.3136     0.0221      0.049      1.655      2.401        440 1.2806e+02 0.0000e+00
      1.701    26.1706     9.4371    116.512  31.139423     30.420      9.080   193.0979    10.4084     2.3136     0.0221      0.048      1.668      2.419        441 1.2713e+02 0.0000e+00
      1.713    26.1638     9.3947    115.979  31.080838     30.366      9.083   193.2115    10.4043     2.2464     0.0221      0.049      1.680      2.436        442 1.2614e+02 0.0000e+00
      1.724    26.1573     9.3622    115.569  31.035581     30.315      9.082   192.9465    10.3801     2.3673     0.0221      0.049      1.692      2.454        443 1.2534e+02 0.0000e+00
      1.739    26.1540     9.3291    115.153  31.077144     30.373      9.082   193.2872    10.4084     2.2464     0.0221      0.051      1.706      2.474        444 1.2389e+02 0.0000e+00
      1.755    26.1512     9.3184    115.016  31.058768     30.350      9.081   193.4765    10.6146     2.4747     0.0221      0.052      1.720      2.495        445 1.2253e+02 0.0000e+00
      1.768    26.1418     9.3246    115.089  30.969499     30.270      9.079   192.9465    10.5984     2.4479     0.0221      0.053      1.735      2.515        446 1.2164e+02 0.0000e+00
      1.782    26.1253     9.3484    115.381  30.891730     30.189      9.081   193.5522    10.6065     2.4747     0.0220      0.053      1.750      2.538        447 1.2018e+02 0.0000e+00
      1.802    26.1094     9.3811    115.782  30.829394     30.140      9.079   193.5900    10.6025     2.4210     0.0220      0.055      1.767      2.563        448 1.1850e+02 0.0000e+00
      1.820    26.0992     9.4149    116.200  30.839525     30.150      9.077   193.8929    10.6065     2.5150     0.0220      0.058      1.784      2.588        449 1.1717e+02 0.0000e+00
      1.837    26.0925     9.4398    116.504  30.879128     30.214      9.075   193.8929    10.6833     2.2196     0.0220      0.061      1.801      2.613        450 1.1598e+02 0.0000e+00
      1.855    26.0868     9.4392    116.495  30.839416     30.166      9.069   193.9308    10.6752     2.2196     0.0220      0.064      1.817      2.636        451 1.1482e+02 0.0000e+00
      1.868    26.0820     9.4280    116.352  30.770349     30.115      9.064   194.1579    10.6550     2.2196     0.0220      0.064      1.829      2.654        452 1.1425e+02 0.0000e+00
      1.877    26.0778     9.4115    116.146  30.727880     30.064      9.062   194.2336    10.6752     2.3807     0.0220      0.063      1.839      2.668        453 1.1370e+02 0.0000e+00
      1.884    26.0746     9.4003    116.005  30.773667     30.121      9.058   194.1579    10.7359     2.2733     0.0220      0.060      1.848      2.680        454 1.1260e+02 0.0000e+00
      1.893    26.0720     9.4014    116.017  30.772670     30.123      9.057   194.2336    10.7359     2.2196     0.0220      0.054      1.858      2.694        455 1.1229e+02 0.0000e+00
      1.904    26.0701     9.3949    115.937  30.729123     30.071      9.054   194.1579    10.7197     2.2733     0.0220      0.049      1.869      2.711        456 1.1129e+02 0.0000e+00
      1.922    26.0691     9.3847    115.812  30.768561     30.127      9.052   194.3850    10.7682     2.3002     0.0220      0.046      1.884      2.732        457 1.0958e+02 0.0000e+00
      1.936    26.0684     9.3700    115.629  30.782893     30.128      9.041   194.3093    10.6510     2.3270     0.0220      0.045      1.897      2.752        458 1.0937e+02 0.0000e+00
      1.944    26.0682     9.3663    115.555  30.770590     30.129      9.037   194.3472    10.6672     2.3270     0.0220      0.044      1.908      2.767        459 1.0884e+02 0.0000e+00
      1.956    26.0673     9.3630    115.439  30.783873     30.129      9.036   194.8015    10.6510     2.2464     0.0220      0.045      1.919      2.783        460 1.0771e+02 0.0000e+00
      1.970    26.0658     9.3467    115.151  30.766363     30.129      9.031   194.5365    10.6591     2.2867     0.0220      0.047      1.931      2.801        461 1.0714e+02 0.0000e+00
      1.981    26.0643     9.3288    114.891  30.733081     30.075      9.028   194.5365    10.7723     2.3136     0.0220      0.049      1.944      2.819        462 1.0616e+02 0.0000e+00
      1.996    26.0628     9.3107    114.617  30.765990     30.131      9.023   194.9150    10.7723     2.2464     0.0220      0.050      1.956      2.838        463 1.0502e+02 0.0000e+00
      2.007    26.0618     9.2973    114.292  30.725407     30.077      9.019   194.8015    10.7763     2.3002     0.0220      0.049      1.968      2.854        464 1.0436e+02 0.0000e+00
      2.018    26.0610     9.2746    113.855  30.724285     30.078      9.019   194.9908    10.8046     2.2599     0.0220      0.047      1.978      2.869        465 1.0372e+02 0.0000e+00
      2.027    26.0609     9.2139    112.987  30.767387     30.133      9.019   195.2936    10.7925     2.3404     0.0220      0.046      1.988      2.883        466 1.0284e+02 0.0000e+00
      2.037    26.0616     9.1301    111.815  30.731070     30.079      9.018   195.4450    10.8572     2.2062     0.0220      0.046      1.997      2.897        467 1.0245e+02 0.0000e+00
      2.046    26.0604     9.0197    110.271  30.710181     30.079      9.021   195.2936    10.8653     2.3270     0.0220      0.044      2.006      2.910        468 1.0218e+02 0.0000e+00
      2.055    26.0465     8.9015    108.577  30.734083     30.078      9.019   195.2558    10.8491     2.1927     0.0220      0.042      2.015      2.923        469 1.0135e+02 0.0000e+00
      2.064    26.0114     8.7075    105.917  30.701324     30.079      9.018   195.5208    10.8653     2.1659     0.0220      0.040      2.025      2.937        470 1.0065e+02 0.0000e+00
      2.076    25.9699     8.4020    101.934  30.513747     29.868      9.019   195.6343    10.8572     2.3136     0.0219      0.038      2.035      2.952        471 1.0025e+02 0.0000e+00
      2.084    25.9513     8.0000     96.858  30.493121     29.889      9.022   195.7858    10.8855     2.3673     0.0219      0.038      2.045      2.967        472 9.9258e+01 0.0000e+00
      2.096    25.9242     7.4875     90.558  30.489804     29.914      9.021   195.7100    10.8410     2.2599     0.0219      0.038      2.059      2.986        473 9.7804e+01 0.0000e+00
      2.119    25.8503     6.9350     83.873  30.191740     29.623      9.017   196.1265    10.8410     2.2196     0.0217      0.042      2.077      3.012        474 9.6469e+01 0.0000e+00
      2.139    25.7737     6.4084     77.470  29.944922     29.390      9.009   196.4672    10.7359     2.1659     0.0216      0.047      2.093      3.036        475 9.5684e+01 0.0000e+00
      2.145    25.7137     5.9515     71.889  30.026087     29.517      9.002   196.2779    10.7116     2.1524     0.0217      0.051      2.106      3.054        476 9.4891e+01 0.0000e+00
      2.160    25.6427     5.5561     67.066  29.912862     29.479      9.004   196.7700    10.7359     2.3673     0.0216      0.054      2.121      3.076        477 9.3209e+01 0.0000e+00
      2.185    25.5475     5.2933     63.861  29.492880     29.045      8.998   197.3379    10.7157     2.2733     0.0214      0.059      2.144      3.109        478 9.1442e+01 0.0000e+00
      2.212    25.4217     5.1338     61.915  29.333167     28.975      8.993   198.1708    10.7885     2.2464     0.0214      0.065      2.170      3.147        479 8.9393e+01 0.0000e+00
      2.242    25.2721     5.0560     60.958  29.311132     28.975      8.976   198.6629    10.7885     2.3673     0.0214      0.074      2.196      3.185        480 8.7707e+01 0.0000e+00
      2.263    25.1299     5.0351     60.688  29.283152     29.047      8.950   198.9658    10.7804     2.2867     0.0214      0.080      2.217      3.215        481 8.6643e+01 0.0000e+00
      2.276    25.0181     5.0538     60.906  29.308742     29.134      8.929   199.1929    10.7885     2.2196     0.0214      0.082      2.232      3.237        482 8.6050e+01 0.0000e+00
      2.288    24.9629     5.0572     60.945  29.308992     29.245      8.909   200.1015    10.6591     2.1927     0.0214      0.082      2.244      3.255        483 8.5528e+01 0.0000e+00
      2.301    24.9576     5.0550     60.909  29.312544     29.282      8.887   200.1015    10.6793     2.3136     0.0214      0.082      2.258      3.274        484 8.4235e+01 0.0000e+00
      2.318    24.9357     5.0663     61.030  29.334013     29.371      8.854   200.4422    10.6550     2.3673     0.0214      0.076      2.271      3.294        485 8.3625e+01 0.0000e+00
      2.327    24.8918     5.0663     60.999  29.311946     29.316      8.816   200.4422    10.6752     2.2733     0.0214      0.067      2.281      3.309        486 8.3560e+01 0.0000e+00
      2.334    24.8541     5.0664     60.964  29.340014     29.386      8.789   201.0101    10.6550     2.1927     0.0214      0.057      2.291      3.323        487 8.2642e+01 0.0000e+00
      2.349    24.8259     5.0267     60.446  29.358388     29.412      8.757   201.2751    10.6469     2.2330     0.0214      0.050      2.303      3.340        488 8.1709e+01 0.0000e+00
      2.360    24.8066     4.9016     58.866  29.378042     29.462      8.724   201.2372    10.6267     2.2196     0.0214      0.047      2.315      3.358        489 8.1037e+01 0.0000e+00
      2.374    24.7905     4.6927     56.263  29.345220     29.451      8.693   201.8429    10.6833     2.3404     0.0214      0.047      2.329      3.378        490 8.0043e+01 0.0000e+00
      2.390    24.7752     4.4437     53.195  29.251002     29.350      8.662   201.7672    10.6591     2.2464     0.0213      0.048      2.343      3.398        491 7.9212e+01 0.0000e+00
      2.402    24.7678     4.1450     49.568  29.287763     29.416      8.632   201.5022    10.7844     2.1793     0.0213      0.049      2.357      3.418        492 7.8410e+01 0.0000e+00
      2.418    24.7654     3.8101     45.517  29.299478     29.425      8.603   202.2215    10.7844     2.2733     0.0213      0.050      2.371      3.438        493 7.7444e+01 0.0000e+00
      2.432    24.7575     3.4833     41.565  29.295725     29.429      8.573   202.7136    10.8208     2.2599     0.0213      0.053      2.384      3.458        494 7.6940e+01 0.0000e+00
      2.442    24.7438     3.1712     37.800  29.292437     29.430      8.544   203.7358    10.7966     2.2464     0.0213      0.054      2.398      3.477        495 7.5920e+01 0.0000e+00
      2.461    24.7166     2.8949     34.480  29.214627     29.351      8.516   203.3572    10.8572     2.5150     0.0213      0.055      2.414      3.502        496 7.4365e+01 0.0000e+00
      2.483    24.6851     2.6559     31.615  29.244319     29.387      8.484   203.5844    10.8249     2.4613     0.0213      0.058      2.433      3.530        497 7.3564e+01 0.0000e+00
      2.499    24.6473     2.4755     29.449  29.285141     29.459      8.458   203.9251    10.8653     2.3941     0.0213      0.060      2.451      3.555        498 7.2686e+01 0.0000e+00
      2.516    24.5794     2.3333     27.741  29.252781     29.422      8.433   204.6444    10.8410     2.4747     0.0213      0.062      2.467      3.577        499 7.1567e+01 0.0000e+00
      2.531    24.4886     2.2359     26.556  29.284604     29.500      8.407   206.8401    11.4233     2.5687     0.0213      0.064      2.482      3.598        500 7.0825e+01 0.0000e+00
      2.544    24.4066     2.1677     25.719  29.245556     29.485      8.385   208.5437    11.4395     2.4747     0.0213      0.064      2.497      3.620        501 6.9957e+01 0.0000e+00
      2.563    24.3490     2.0960     24.846  29.271754     29.567      8.362   210.0201    11.4314     2.5150     0.0213      0.065      2.514      3.645        502 6.8948e+01 0.0000e+00
      2.582    24.2949     1.9954     23.633  29.340981     29.702      8.343   210.2851    11.4395     2.4747     0.0214      0.067      2.529      3.668        503 6.8436e+01 0.0000e+00
      2.591    24.2331     1.8925     22.396  29.307679     29.678      8.317   209.5658    12.5313     2.7164     0.0213      0.063      2.540      3.684        504 6.7988e+01 0.0000e+00
      2.598    24.1756     1.7745     20.988  29.342871     29.768      8.302   210.0958    12.5313     2.6090     0.0214      0.059      2.548      3.694        505 6.7632e+01 0.0000e+00
      2.603    24.1349     1.6495     19.500  29.356506     29.805      8.285   209.7172    12.5151     2.6224     0.0213      0.054      2.554      3.704        506 6.7375e+01 0.0000e+00
      2.611    24.1017     1.5322     18.092  29.290735     29.784      8.271   210.5122    12.5070     2.7433     0.0213      0.048      2.562      3.716        507 6.6737e+01 0.0000e+00
      2.622    24.0709     1.4233     16.790  29.306149     29.808      8.254   210.2094    12.5151     2.5150     0.0213      0.043      2.572      3.731        508 6.6352e+01 0.0000e+00
      2.634    24.0377     1.3197     15.558  29.366989     29.914      8.236   210.4744    12.6364     2.4881     0.0214      0.040      2.586      3.752        509 6.5251e+01 0.0000e+00
      2.657    23.9849     1.2011     14.147  29.303981     29.848      8.220   211.3072    12.6647     2.4747     0.0213      0.040      2.605      3.777        510 6.4016e+01 0.0000e+00
