Data/DataNotYetUploadedToEDI/Raw_CTD/RawDownloads/081618_bvr50.cnv
* Sea-Bird SBE19plus  Data File:
* FileName = C:\DATA\081618_bvr50_0001.hex
* Software version 2.6.3.104
* Temperature SN = 7809
* Conductivity SN = 7809
* System UpLoad Time = Aug 16 2018 20:44:10
* <ApplicationData>
* <Seaterm232>
# nquan = 17
# nvalues = 970                         
# units = specified
# name 0 = depFM: Depth [fresh water, m]
# name 1 = tv290C: Temperature [ITS-90, deg C]
# name 2 = sbeox0Mg/L: Oxygen, SBE 43 [mg/l]
# name 3 = sbeox0PS: Oxygen, SBE 43 [% saturation]
# name 4 = c0uS/cm: Conductivity [uS/cm]
# name 5 = specc: Specific Conductance [uS/cm]
# name 6 = ph: pH
# name 7 = orp: Oxidation Reduction Potential [mV]
# name 8 = flECO-AFL: Fluorescence, WET Labs ECO-AFL/FL [mg/m^3]
# name 9 = turbWETntu0: Turbidity, WET Labs ECO [NTU]
# name 10 = sal00: Salinity, Practical [PSU]
# name 11 = dz/dtM: Descent Rate [m/s]
# name 12 = prdM: Pressure, Strain Gauge [db]
# name 13 = prdE: Pressure, Strain Gauge [psi]
# name 14 = scan: Scan Count
# name 15 = par/sat/log: PAR/Logarithmic, Satlantic
# name 16 = flag:  0.000e+00
# span 0 =     -0.596,     10.426       
# span 1 =     7.8008,    31.2200       
# span 2 =    -0.1805,    10.5760       
# span 3 =     -1.755,    131.486       
# span 4 =   0.527732, 210.913593       
# span 5 =      0.677,    322.327       
# span 6 =      6.419,      9.151       
# span 7 = -1240.7455,   283.7282       
# span 8 =    -0.1981,    13.4694       
# span 9 =    -0.5063,    14.5867       
# span 10 =     0.0138,     0.1500      
# span 11 =     -0.177,      0.262      
# span 12 =     -0.585,     10.223      
# span 13 =     -0.848,     14.828      
# span 14 =          1,        970      
# span 15 = 1.2391e-01, 1.5968e+03      
# span 16 = 0.0000e+00, 0.0000e+00      
# interval = seconds: 0.25
# start_time = Aug 16 2018 14:44:43 [Instrument's time stamp, header]
# bad_flag = -9.990e-29
*END*
[from data line 681]
      4.856    12.1590     0.1132      1.043  31.239004     41.941      6.738   238.3373     6.4699     6.2077     0.0223      0.056      4.762      6.907        682 3.5954e+00 0.0000e+00
      4.866    12.1241     0.1198      1.102  31.378401     42.149      6.739   237.6180     6.4820     6.2211     0.0224      0.054      4.771      6.920        683 3.4436e+00 0.0000e+00
      4.873    12.1053     0.1234      1.134  31.489908     42.388      6.737   236.7852     6.4901     6.3420     0.0225      0.049      4.778      6.931        684 3.3450e+00 0.0000e+00
      4.881    12.0898     0.1279      1.174  31.456089     42.354      6.735   236.1037     5.9361     5.5363     0.0224      0.045      4.787      6.944        685 3.1831e+00 0.0000e+00
      4.892    12.0624     0.1310      1.201  31.479810     42.412      6.732   234.7787     5.9118     5.4960     0.0225      0.041      4.798      6.959        686 3.0387e+00 0.0000e+00
      4.903    12.0168     0.1248      1.142  31.727276     42.769      6.732   233.5294     5.8876     5.4154     0.0226      0.039      4.809      6.976        687 2.8626e+00 0.0000e+00
      4.918    11.9595     0.1240      1.133  32.156343     43.365      6.726   232.0151     5.9037     5.4557     0.0229      0.039      4.824      6.998        688 2.6605e+00 0.0000e+00
      4.937    11.8991     0.1244      1.136  32.725084     44.212      6.722   230.5766     5.7865     5.4557     0.0232      0.042      4.844      7.026        689 2.4495e+00 0.0000e+00
      4.962    11.8308     0.1208      1.102  33.213932     44.923      6.715   229.7437     5.7946     5.4691     0.0235      0.049      4.868      7.061        690 2.1456e+00 0.0000e+00
      4.994    11.7580     0.1163      1.061  33.564547     45.489      6.706   228.3051     5.7582     5.4154     0.0237      0.060      4.897      7.103        691 1.9098e+00 0.0000e+00
      5.024    11.6892     0.1211      1.102  33.801216     45.877      6.692   226.8287     5.7703     5.4289     0.0238      0.073      4.925      7.143        692 1.7465e+00 0.0000e+00
      5.048    11.6241     0.1141      1.037  33.987055     46.234      6.677   225.9201     5.7380     5.4557     0.0240      0.084      4.950      7.180        693 1.6306e+00 0.0000e+00
      5.072    11.5680     0.1208      1.096  34.104376     46.473      6.665   225.8066     4.6300     5.5094     0.0240      0.093      4.973      7.213        694 1.5201e+00 0.0000e+00
      5.092    11.5169     0.1210      1.097  34.218722     46.708      6.654   225.4658     4.6017     5.4154     0.0241      0.098      4.995      7.244        695 1.4344e+00 0.0000e+00
      5.117    11.4571     0.1195      1.083  34.408266     47.048      6.643   221.3394     4.5855     5.4557     0.0242      0.100      5.018      7.279        696 1.3715e+00 0.0000e+00
      5.143    11.3966     0.1208      1.094  34.580290     47.342      6.638   218.1215     4.5936     5.4020     0.0243      0.100      5.042      7.314        697 1.2910e+00 0.0000e+00
      5.166    11.3408     0.1205      1.091  34.775760     47.689      6.628   213.2758     4.6624     5.0932     0.0245      0.098      5.065      7.347        698 1.2436e+00 0.0000e+00
      5.187    11.2903     0.1185      1.072  35.114085     48.229      6.623   209.1872     4.6826     5.2140     0.0247      0.094      5.087      7.378        699 1.2100e+00 0.0000e+00
      5.209    11.2552     0.1153      1.043  35.345605     48.649      6.614   206.1208     4.6826     5.1872     0.0248      0.092      5.109      7.409        700 1.1678e+00 0.0000e+00
      5.231    11.2200     0.1125      1.017  35.496052     48.871      6.612   202.7893     4.6462     5.1603     0.0249      0.090      5.130      7.439        701 1.0916e+00 0.0000e+00
      5.251    11.1630     0.1059      0.958  35.757328     49.342      6.606   199.4579     4.4723     5.1872     0.0251      0.089      5.151      7.470        702 1.0212e+00 0.0000e+00
      5.274    11.0994     0.1095      0.990  35.969563     49.620      6.606   196.5429     4.4561     5.3886     0.0252      0.088      5.172      7.501        703 9.7602e-01 0.0000e+00
      5.297    11.0421     0.1005      0.908  36.151391     50.009      6.599   194.0822     4.4561     5.2274     0.0254      0.087      5.193      7.532        704 9.3609e-01 0.0000e+00
      5.315    10.9949     0.1017      0.919  36.124265     50.020      6.598   192.3407     4.4804     5.3483     0.0253      0.085      5.211      7.558        705 8.8372e-01 0.0000e+00
      5.330    10.9642     0.0991      0.895  35.944031     49.866      6.596   190.1450     4.1650     4.1264     0.0252      0.082      5.225      7.578        706 8.6202e-01 0.0000e+00
      5.339    10.9413     0.0984      0.888  35.901162     49.855      6.595   188.7822     4.1407     4.1532     0.0252      0.077      5.236      7.594        707 8.6133e-01 0.0000e+00
      5.349    10.9161     0.1020      0.919  35.821723     49.819      6.596   187.0407     4.1569     4.1532     0.0252      0.071      5.246      7.609        708 8.6284e-01 0.0000e+00
      5.361    10.8983     0.1046      0.941  35.657336     49.579      6.593   185.9807     4.1367     4.1129     0.0251      0.064      5.256      7.622        709 8.5654e-01 0.0000e+00
      5.367    10.8964     0.1061      0.953  35.571884     49.535      6.595   183.7472     3.9021     3.7235     0.0250      0.056      5.262      7.631        710 8.3335e-01 0.0000e+00
      5.368    10.8859     0.1007      0.906  35.601827     49.561      6.592   182.6493     3.8658     3.6564     0.0250      0.046      5.265      7.636        711 8.3074e-01 0.0000e+00
      5.371    10.8648     0.1029      0.926  35.709058     49.757      6.593   181.2864     3.8819     3.7504     0.0251      0.036      5.268      7.640        712 8.2175e-01 0.0000e+00
      5.375    10.8471     0.0941      0.847  35.735032     49.771      6.592   179.9614     3.8981     3.6564     0.0251      0.029      5.277      7.653        713 8.0229e-01 0.0000e+00
      5.399    10.8294     0.0958      0.864  35.836441     49.958      6.589   178.4093     3.8779     3.6698     0.0252      0.028      5.293      7.677        714 7.7636e-01 0.0000e+00
      5.416    10.8223     0.0943      0.849  35.998098     50.215      6.584   176.5164     3.4533     3.5221     0.0253      0.032      5.311      7.703        715 7.3080e-01 0.0000e+00
      5.431    10.8116     0.0909      0.817  35.949097     50.163      6.580   175.0021     3.4654     3.6027     0.0253      0.037      5.332      7.734        716 7.1154e-01 0.0000e+00
      5.469    10.7725     0.1001      0.898  36.283008     50.602      6.570   173.3743     3.4331     3.4818     0.0255      0.049      5.362      7.777        717 6.9450e-01 0.0000e+00
      5.502    10.7162     0.0972      0.872  36.857946     51.513      6.566   171.4057     3.4452     3.4952     0.0259      0.065      5.392      7.821        718 6.5271e-01 0.0000e+00
      5.526    10.6531     0.0981      0.879  37.102215     51.805      6.568   168.0742     3.2390     3.0253     0.0260      0.081      5.417      7.856        719 6.3327e-01 0.0000e+00
      5.544    10.6230     0.0965      0.864  37.462089     52.473      6.564   165.4242     3.2430     3.0655     0.0262      0.092      5.432      7.878        720 6.3905e-01 0.0000e+00
      5.546    10.6490     0.1009      0.903  37.359287     52.409      6.564   163.1528     3.2269     2.9984     0.0262      0.092      5.437      7.886        721 6.4735e-01 0.0000e+00
      5.543    10.6820     0.0935      0.837  36.755599     51.555      6.566   159.5942     3.2309     3.0924     0.0258      0.082      5.437      7.886        722 6.5051e-01 0.0000e+00
      5.545    10.7117     0.1021      0.914  36.582009     51.316      6.568   155.5814     3.1986     3.3207     0.0257      0.069      5.440      7.890        723 6.5653e-01 0.0000e+00
      5.554    10.7208     0.0940      0.842  36.804116     51.546      6.571   152.0985     3.1905     3.2938     0.0258      0.054      5.448      7.902        724 6.4698e-01 0.0000e+00
      5.569    10.6767     0.1006      0.900  37.754615     52.832      6.572   148.7671     3.1541     3.2535     0.0264      0.039      5.462      7.922        725 6.2791e-01 0.0000e+00
      5.587    10.6129     0.0980      0.876  38.780591     54.343      6.577   145.3978     3.1622     3.3341     0.0271      0.032      5.477      7.946        726 6.0052e-01 0.0000e+00
      5.602    10.5582     0.1004      0.897  39.027507     54.647      6.580   142.8992     3.1662     2.8238     0.0272      0.032      5.492      7.966        727 5.8116e-01 0.0000e+00
      5.613    10.5108     0.1026      0.916  39.197494     55.059      6.581   141.3470     3.1783     2.9178     0.0273      0.036      5.504      7.983        728 5.6539e-01 0.0000e+00
      5.623    10.4726     0.0940      0.839  39.281017     55.222      6.581   139.6813     3.1864     2.8507     0.0274      0.043      5.514      7.998        729 5.6341e-01 0.0000e+00
      5.632    10.4474     0.1048      0.934  39.220238     55.218      6.584   137.6370     3.1824     2.7970     0.0273      0.048      5.525      8.013        730 5.6281e-01 0.0000e+00
      5.646    10.4354     0.1007      0.897  39.213829     55.277      6.585   135.7442     2.9762     3.1595     0.0274      0.050      5.538      8.031        731 5.4497e-01 0.0000e+00
      5.660    10.4346     0.0984      0.876  39.051698     55.080      6.587   133.5106     3.0085     3.0924     0.0273      0.050      5.553      8.054        732 5.2380e-01 0.0000e+00
      5.680    10.4407     0.1034      0.920  38.858401     54.822      6.587   130.7470     3.0125     3.0521     0.0271      0.050      5.570      8.079        733 5.0580e-01 0.0000e+00
      5.699    10.4426     0.1035      0.921  38.683124     54.587      6.589   128.2484     3.0004     3.0387     0.0270      0.052      5.589      8.106        734 4.9508e-01 0.0000e+00
      5.718    10.4226     0.0971      0.864  38.646886     54.499      6.588   126.1663     2.9762     3.1193     0.0270      0.057      5.608      8.134        735 4.8150e-01 0.0000e+00
      5.740    10.3820     0.0906      0.806  38.844170     54.810      6.587   123.8570     3.1339     3.2535     0.0271      0.063      5.628      8.163        736 4.8406e-01 0.0000e+00
      5.759    10.3495     0.0920      0.818  39.119880     55.196      6.585   122.1155     3.1379     3.3475     0.0273      0.069      5.647      8.191        737 4.7563e-01 0.0000e+00
      5.778    10.3264     0.0846      0.752  39.075046     55.261      6.583   120.7148     3.1096     3.3878     0.0273      0.073      5.666      8.217        738 4.6201e-01 0.0000e+00
      5.795    10.2904     0.0904      0.803  39.226289     55.391      6.582   119.6170     3.1096     3.2938     0.0273      0.075      5.683      8.242        739 4.3953e-01 0.0000e+00
      5.812    10.2484     0.0856      0.760  40.236944     57.008      6.581   118.4055     2.9721     3.0387     0.0280      0.075      5.698      8.265        740 4.4368e-01 0.0000e+00
      5.827    10.2139     0.0882      0.783  41.021198     58.098      6.577   116.8912     2.9883     3.1327     0.0285      0.073      5.713      8.286        741 4.6503e-01 0.0000e+00
      5.840    10.1902     0.0883      0.783  41.068592     58.285      6.578   115.6420     2.9883     3.1595     0.0286      0.070      5.727      8.306        742 4.4075e-01 0.0000e+00
      5.853    10.1764     0.0937      0.831  40.919650     58.065      6.578   114.3927     3.0206     3.1461     0.0285      0.066      5.740      8.326        743 4.2562e-01 0.0000e+00
      5.868    10.1666     0.0955      0.846  40.820902     58.024      6.580   112.5755     3.2471     3.1327     0.0284      0.062      5.752      8.343        744 4.2685e-01 0.0000e+00
      5.875    10.1652     0.0955      0.846  40.716825     57.849      6.581   110.9098     3.2430     3.0924     0.0284      0.057      5.762      8.357        745 4.3572e-01 0.0000e+00
      5.884    10.1714     0.0978      0.865  40.455846     57.546      6.582   109.5091     3.2228     3.1595     0.0282      0.052      5.771      8.370        746 4.4819e-01 0.0000e+00
      5.896    10.1649     0.0929      0.822  40.463361     57.470      6.581   108.0705     3.2430     3.0655     0.0282      0.049      5.785      8.390        747 4.0109e-01 0.0000e+00
      5.917    10.1396     0.0964      0.852  40.440476     57.577      6.584   107.6919     2.6810     3.1461     0.0282      0.048      5.805      8.420        748 3.8175e-01 0.0000e+00
      5.947    10.1082     0.0996      0.880  39.742681     56.436      6.581   105.7612     2.6810     3.0521     0.0277      0.053      5.828      8.453        749 4.1844e-01 0.0000e+00
      5.963    10.0833     0.0971      0.858  39.314496     55.959      6.579   104.2469     2.6486     3.0924     0.0275      0.058      5.846      8.479        750 3.8626e-01 0.0000e+00
      5.972    10.0672     0.0931      0.821  39.282431     55.931      6.579   103.1491     2.6850     3.1595     0.0275      0.061      5.857      8.495        751 3.6477e-01 0.0000e+00
      5.982    10.0509     0.0946      0.834  39.159639     55.811      6.577   101.7483     2.1310     2.1390     0.0274      0.063      5.867      8.509        752 3.7899e-01 0.0000e+00
      5.993    10.0318     0.0893      0.787  39.052020     55.677      6.576   100.9533     2.1472     2.2330     0.0273      0.063      5.880      8.528        753 3.7267e-01 0.0000e+00
      6.011    10.0088     0.0922      0.812  38.912079     55.503      6.579    99.4012     2.1229     2.2062     0.0273      0.063      5.898      8.553        754 3.7284e-01 0.0000e+00
      6.037     9.9766     0.0907      0.799  38.799845     55.375      6.575    98.1140     2.1310     2.2062     0.0272      0.063      5.919      8.585        755 3.7544e-01 0.0000e+00
      6.059     9.9451     0.0928      0.817  38.687414     55.250      6.576    97.0162     2.0825     1.8436     0.0271      0.062      5.938      8.612        756 3.6894e-01 0.0000e+00
      6.068     9.9247     0.0901      0.793  38.696046     55.302      6.573    95.8805     2.0946     1.9242     0.0271      0.061      5.951      8.631        757 3.4249e-01 0.0000e+00
      6.079     9.9082     0.0925      0.814  38.759457     55.472      6.575    94.4040     2.0946     1.9107     0.0272      0.062      5.963      8.649        758 3.2227e-01 0.0000e+00
      6.096     9.8855     0.0940      0.826  38.697507     55.384      6.574    93.2305     2.0906     1.7630     0.0272      0.064      5.979      8.672        759 3.3780e-01 0.0000e+00
      6.115     9.8568     0.0928      0.816  38.506180     55.170      6.575    92.3219     2.0623     1.7765     0.0270      0.066      5.998      8.700        760 3.2956e-01 0.0000e+00
      6.138     9.8299     0.0948      0.833  38.344972     54.925      6.577    91.1862     2.0946     1.8705     0.0269      0.067      6.020      8.731        761 3.1618e-01 0.0000e+00
      6.161     9.8061     0.0909      0.798  38.304872     54.971      6.582    90.2397     2.0866     1.9107     0.0269      0.068      6.041      8.762        762 3.1200e-01 0.0000e+00
      6.180     9.7889     0.0931      0.817  38.289129     54.932      6.583    88.6119     2.0623     1.8167     0.0269      0.069      6.059      8.788        763 3.1007e-01 0.0000e+00
      6.194     9.7775     0.0858      0.752  38.334915     55.091      6.587    87.5140     2.0866     1.9107     0.0270      0.071      6.074      8.809        764 3.3285e-01 0.0000e+00
      6.206     9.7618     0.0935      0.820  38.336895     55.078      6.586    86.5676     2.0340     1.9242     0.0270      0.073      6.087      8.829        765 3.0711e-01 0.0000e+00
