Data/DataNotYetUploadedToEDI/Raw_CTD/RawDownloads/081618_fcr50.cnv
* Sea-Bird SBE19plus  Data File:
* FileName = C:\DATA\081618_bvr50_0002.hex
* Software version 2.6.3.104
* Temperature SN = 7809
* Conductivity SN = 7809
* System UpLoad Time = Aug 16 2018 20:44:35
* <ApplicationData>
* <Seaterm232>
# nquan = 17
# nvalues = 798                         
# units = specified
# name 0 = depFM: Depth [fresh water, m]
# name 1 = tv290C: Temperature [ITS-90, deg C]
# name 2 = sbeox0Mg/L: Oxygen, SBE 43 [mg/l]
# name 3 = sbeox0PS: Oxygen, SBE 43 [% saturation]
# name 4 = c0uS/cm: Conductivity [uS/cm]
# name 5 = specc: Specific Conductance [uS/cm]
# name 6 = ph: pH
# name 7 = orp: Oxidation Reduction Potential [mV]
# name 8 = flECO-AFL: Fluorescence, WET Labs ECO-AFL/FL [mg/m^3]
# name 9 = turbWETntu0: Turbidity, WET Labs ECO [NTU]
# name 10 = sal00: Salinity, Practical [PSU]
# name 11 = dz/dtM: Descent Rate [m/s]
# name 12 = prdM: Pressure, Strain Gauge [db]
# name 13 = prdE: Pressure, Strain Gauge [psi]
# name 14 = scan: Scan Count
# name 15 = par/sat/log: PAR/Logarithmic, Satlantic
# name 16 = flag:  0.000e+00
# span 0 =     -0.514,      9.681       
# span 1 =    11.7800,    32.3657       
# span 2 =     0.0456,    10.1027       
# span 3 =      0.423,    126.702       
# span 4 =   1.060709, 141.247330       
# span 5 =      0.955,    194.541       
# span 6 =      5.024,      8.290       
# span 7 = -1240.7455,   423.6107       
# span 8 =    -0.2062,     9.7533       
# span 9 =    -0.5466,   429.3489       
# span 10 =     0.0141,     0.0917      
# span 11 =     -0.173,      0.167      
# span 12 =     -0.504,      9.493      
# span 13 =     -0.731,     13.769      
# span 14 =          1,        798      
# span 15 = 1.2295e-01, 6.3441e+02      
# span 16 = 0.0000e+00, 0.0000e+00      
# interval = seconds: 0.25
# start_time = Aug 16 2018 21:51:19 [Instrument's time stamp, header]
# bad_flag = -9.990e-29
*END*
[from data line 171]
      0.006    27.7031     5.7218     72.292  40.108066     38.047      8.079   294.4796     2.7214     0.5142     0.0256      0.000      0.005      0.008        172 3.1860e+02 0.0000e+00
      0.006    27.7014     6.5240     82.158  40.110151     38.048      8.081   294.3660     2.7295     0.4874     0.0256      0.000      0.005      0.008        173 3.1842e+02 0.0000e+00
      0.006    27.7004     7.5322     94.664  40.058263     37.996      8.083   293.9875     2.7376     0.5142     0.0256      0.000      0.005      0.008        174 3.1803e+02 0.0000e+00
      0.005    27.6992     8.4113    105.596  40.053985     37.998      8.083   293.6468     2.7214     0.5545     0.0256      0.000      0.005      0.008        175 3.1805e+02 0.0000e+00
      0.006    27.6986     9.1414    114.700  40.056150     37.998      8.082   293.6468     2.6729     0.5142     0.0256      0.000      0.005      0.008        176 3.1781e+02 0.0000e+00
      0.006    27.6983     9.6565    121.130  40.055570     37.999      8.083   293.5332     2.6527     0.5545     0.0256      0.000      0.005      0.008        177 3.1767e+02 0.0000e+00
      0.005    27.6991     9.9728    125.078  40.054708     38.000      8.081   294.2525     2.6648     0.6082     0.0256      0.000      0.005      0.007        178 3.1735e+02 0.0000e+00
      0.005    27.6985    10.1027    126.702  39.997894     37.947      8.078   294.4796     2.6648     0.5277     0.0255     -0.000      0.005      0.007        179 3.1637e+02 0.0000e+00
      0.006    27.6981    10.0055    125.501  40.126271     38.052      8.076   293.4953     2.6648     0.6485     0.0256     -0.000      0.006      0.008        180 3.1574e+02 0.0000e+00
      0.006    27.6007     9.7940    122.878  39.954273     37.946      8.076   293.2303     2.6648     0.5277     0.0255      0.000      0.006      0.008        181 3.1668e+02 0.0000e+00
      0.005    27.3744     9.5726    120.103  39.025413     36.993      8.074   293.2682     2.6607     0.6082     0.0251      0.000      0.005      0.008        182 3.2035e+02 0.0000e+00
      0.006    27.1846     9.4290    118.213  38.582894     36.658      8.074   293.7982     2.6607     0.4605     0.0250      0.000      0.005      0.008        183 3.2596e+02 0.0000e+00
      0.006    27.0749     9.3255    116.764  38.665943     36.931      8.072   294.0253     2.6446     0.5142     0.0250     -0.000      0.005      0.008        184 3.3106e+02 0.0000e+00
      0.006    27.0111     9.2476    115.566  38.595875     36.954      8.072   293.5710     2.6405     0.5411     0.0250 9.2272e-07      0.005      0.008        185 3.3845e+02 0.0000e+00
      0.006    26.9823     9.1932    114.747  38.640525     37.114      8.072   292.3975     2.6688     0.5545     0.0250      0.000      0.005      0.008        186 3.4461e+02 0.0000e+00
      0.006    26.9666     9.1371    114.028  38.640101     37.131      8.074   292.2839     2.6446     0.5545     0.0250      0.000      0.005      0.008        187 3.5424e+02 0.0000e+00
      0.005    26.9580     9.0865    113.447  38.626101     37.153      8.073   292.3217     2.6607     0.6217     0.0250     -0.000      0.005      0.008        188 3.5995e+02 0.0000e+00
      0.006    26.9558     9.0364    112.936  38.628304     37.163      8.073   292.8139     2.7133     0.5814     0.0250     -0.000      0.005      0.008        189 3.7289e+02 0.0000e+00
      0.006    26.9629     8.9935    112.540  38.637368     37.170      8.072   293.1546     2.7214     0.6217     0.0250      0.000      0.005      0.008        190 3.7297e+02 0.0000e+00
      0.005    26.9776     8.9581    112.220  38.644488     37.198      8.072   291.9053     2.7335     0.5008     0.0251     -0.000      0.007      0.010        191 3.9400e+02 0.0000e+00
      0.007    26.9763     8.9246    111.913  38.589782     37.112      8.072   291.3753     2.7214     0.4874     0.0250      0.000      0.019      0.027        192 3.8125e+02 0.0000e+00
      0.040    26.9375     8.9079    111.817  38.557134     37.102      8.099   287.7032     2.6567     0.5142     0.0250      0.009      0.070      0.101        193 2.0578e+02 0.0000e+00
      0.184    26.8622     8.8976    111.781  38.447818     36.967      8.164   283.4253     2.6648     0.5545     0.0250      0.054      0.154      0.223        194 1.5882e+02 0.0000e+00
      0.231    26.7591     8.8819    111.652  38.369887     36.943      8.186   281.9489     2.6405     0.6217     0.0249      0.099      0.209      0.304        195 2.0883e+02 0.0000e+00
      0.227    26.6905     8.8857    111.768  38.238876     36.859      8.195   281.7217     2.6405     0.5545     0.0249      0.128      0.223      0.323        196 1.8403e+02 0.0000e+00
      0.229    26.6810     8.8991    111.985  38.165976     36.855      8.197   281.4946     2.7012     0.4740     0.0249      0.143      0.225      0.326        197 2.5050e+02 0.0000e+00
      0.232    26.7061     8.9172    112.234  38.253028     37.011      8.202   281.2674     2.7416     0.5948     0.0249      0.144      0.226      0.328        198 2.2450e+02 0.0000e+00
      0.230    26.7624     8.9352    112.460  38.338205     37.072      8.203   281.4946     2.7376     0.5411     0.0249      0.131      0.224      0.326        199 1.8462e+02 0.0000e+00
      0.224    26.8312     8.9475    112.618  38.504904     37.243      8.210   281.0781     2.7295     0.5142     0.0250      0.100      0.219      0.318        200 2.0952e+02 0.0000e+00
      0.217    26.8923     8.9523    112.686  38.638794     37.310      8.214   281.2296     2.7335     0.5814     0.0250      0.054      0.209      0.303        201 2.4518e+02 0.0000e+00
      0.199    26.9483     8.9626    112.822  38.646145     37.287      8.212   280.8889     2.6971     0.5545     0.0251      0.001      0.188      0.273        202 2.2533e+02 0.0000e+00
      0.159    27.0051     8.9707    112.925  38.703357     37.270      8.215   281.1160     2.7416     0.5814     0.0251     -0.027      0.154      0.223        203 1.8988e+02 0.0000e+00
      0.115    27.0512     8.9617    112.808  38.775195     37.338      8.215   281.5324     2.7174     0.6351     0.0251     -0.048      0.109      0.158        204 3.6587e+02 0.0000e+00
      0.058    27.0860     8.9305    112.409  38.705022     37.190      8.216   281.5324     2.7133     0.5142     0.0251     -0.079      0.056      0.082        205 3.8978e+02 0.0000e+00
     -0.003    27.1192     8.8933    111.940  38.790656     37.264      8.218   282.0246     2.8589     0.8634     0.0251     -0.113      0.004      0.005        206 3.5575e+02 0.0000e+00
     -0.042    27.1438     8.8648    111.581  38.876235     37.320      8.219   283.3496     2.8346     0.7962     0.0251     -0.142     -0.039     -0.057        207 4.0011e+02 0.0000e+00
     -0.077    27.1541     8.8407    111.267  38.806135     37.215      8.213   282.5924     2.8548     0.7828     0.0251     -0.162     -0.074     -0.107        208 4.0850e+02 0.0000e+00
     -0.109    27.1548     8.8340    111.172  38.788888     37.198      8.212   282.5546     2.8670     0.8097     0.0251     -0.173     -0.102     -0.147        209 4.5054e+02 0.0000e+00
     -0.125    27.1560     8.8395    111.225  38.749375     37.137      8.215   282.4789     2.5718     0.4874     0.0251     -0.169     -0.121     -0.176        210 4.4291e+02 0.0000e+00
     -0.137    27.1601     8.8654    111.538  38.736656     37.137      8.214   282.7439     2.5799     0.5545     0.0251     -0.151     -0.140     -0.203        211 4.5166e+02 0.0000e+00
     -0.169    27.1628     8.8759    111.660  38.745392     37.136      8.214   282.0246     2.6163     0.6351     0.0251     -0.133     -0.169     -0.245        212 4.5766e+02 0.0000e+00
     -0.213    27.1632     8.8877    111.798  38.768164     37.159      8.219   281.1539     2.6041     0.5411     0.0251     -0.119     -0.202     -0.294        213 4.5536e+02 0.0000e+00
     -0.236    27.1612     8.9011    111.956  38.737976     37.131      8.222   280.8889     2.6041     0.4605     0.0251     -0.108     -0.225     -0.326        214 4.5854e+02 0.0000e+00
     -0.240    27.1585     8.9115    112.078  38.693972     37.077      8.224   281.3431     2.5880     0.5411     0.0251     -0.100     -0.232     -0.336        215 4.5224e+02 0.0000e+00
     -0.235    27.1585     8.9070    112.006  38.733939     37.132      8.224   280.9267     2.5920     0.6351     0.0251     -0.087     -0.230     -0.333        216 4.5465e+02 0.0000e+00
     -0.230    27.1575     8.8965    111.856  38.747562     37.134      8.217   280.7753     2.5839     0.6082     0.0251     -0.071     -0.224     -0.324        217 4.4976e+02 0.0000e+00
     -0.220    27.1527     8.8978    111.863  38.647358     37.053      8.217   280.4724     3.6797   429.2281     0.0250     -0.054     -0.213     -0.308        218 4.4710e+02 0.0000e+00
     -0.197    27.1468     8.8949    111.835  38.591685     36.974      8.207   281.1917     3.6959   429.1743     0.0250     -0.028     -0.196     -0.284        219 4.5311e+02 0.0000e+00
     -0.182    27.1391     8.8951    111.853  38.549889     36.977      8.196   280.8131     3.6838   429.2549     0.0250      0.002     -0.178     -0.259        220 4.5562e+02 0.0000e+00
     -0.165    27.1321     8.8941    111.852  38.462079     36.847      8.192   281.1160     3.6757   429.3489     0.0250      0.030     -0.161     -0.235        221 4.5869e+02 0.0000e+00
     -0.148    27.1275     8.8956    111.877  38.552656     36.987      8.186   281.0781     2.2766     1.0379     0.0250      0.047     -0.146     -0.212        222 4.6635e+02 0.0000e+00
     -0.135    27.1224     8.8941    111.861  38.555818     36.965      8.188   281.6460     2.2766     0.9574     0.0250      0.056     -0.133     -0.193        223 4.6774e+02 0.0000e+00
     -0.124    27.1171     8.9004    111.938  38.517472     36.942      8.182   281.1539     2.3090     0.9439     0.0250      0.059     -0.124     -0.180        224 4.7242e+02 0.0000e+00
     -0.122    27.1123     8.9120    112.081  38.570719     36.999      8.182   281.0024     2.2645     1.0245     0.0250      0.058     -0.118     -0.171        225 4.7629e+02 0.0000e+00
     -0.114    27.1050     8.9152    112.114  38.578543     37.002      8.187   280.7374     2.3453     0.9842     0.0250      0.052     -0.110     -0.160        226 4.7361e+02 0.0000e+00
     -0.101    27.0961     8.9090    112.027  38.507738     36.952      8.194   280.8131     2.3211     1.0514     0.0250      0.046     -0.100     -0.145        227 4.7497e+02 0.0000e+00
     -0.093    27.0916     8.8736    111.574  38.451203     36.877      8.200   280.3210     2.3373     0.9976     0.0250      0.041     -0.091     -0.133        228 4.6657e+02 0.0000e+00
     -0.086    27.0956     8.8558    111.345  38.470932     36.937      8.205   281.2296     2.3494     0.8768     0.0250      0.036     -0.085     -0.123        229 4.6456e+02 0.0000e+00
     -0.080    27.1032     8.8412    111.155  38.453529     36.887      8.207   280.3967     2.3251     0.9171     0.0250      0.033     -0.080     -0.116        230 4.6726e+02 0.0000e+00
     -0.078    27.1087     8.8288    110.991  38.502526     36.964      8.214   280.0939     2.3777     0.9842     0.0250      0.029     -0.076     -0.111        231 4.6315e+02 0.0000e+00
     -0.075    27.1123     8.8190    110.857  38.528602     36.959      8.215   279.6774     2.4020     1.0379     0.0250      0.027     -0.074     -0.107        232 4.6442e+02 0.0000e+00
     -0.074    27.1132     8.8192    110.842  38.510060     36.955      8.217   279.3367     2.3858     0.9976     0.0250      0.024     -0.073     -0.106        233 4.6371e+02 0.0000e+00
     -0.074    27.1125     8.8283    110.919  38.555259     36.979      8.212   281.7974     2.3898     1.0379     0.0250      0.019     -0.073     -0.105        234 4.6488e+02 0.0000e+00
     -0.074    27.1106     8.8500    111.149  38.561335     37.005      8.213   281.0024     2.5435     0.9574     0.0250      0.013     -0.073     -0.105        235 4.6468e+02 0.0000e+00
     -0.074    27.1072     8.8856    111.566  38.532160     36.952      8.212   281.2674     2.5475     0.9842     0.0250      0.008     -0.072     -0.104        236 4.6524e+02 0.0000e+00
     -0.073    27.1028     8.8998    111.711  38.502582     36.953      8.212   279.8289     2.5354     0.9976     0.0250      0.005     -0.071     -0.103        237 4.6772e+02 0.0000e+00
     -0.071    27.0989     8.9035    111.714  38.449836     36.875      8.213   280.1317     2.5111     0.9171     0.0250      0.004     -0.069     -0.099        238 4.6719e+02 0.0000e+00
     -0.067    27.0964     8.9059    111.708  38.508817     36.959      8.218   279.7153     2.5556     1.0245     0.0250      0.004     -0.065     -0.093        239 4.6732e+02 0.0000e+00
     -0.060    27.0932     8.8996    111.597  38.547831     36.989      8.219   281.3810     2.5880     0.9976     0.0250      0.006     -0.057     -0.083        240 4.6984e+02 0.0000e+00
     -0.048    27.0889     8.8801    111.345  38.519933     36.963      8.223   281.4946     2.5718     1.0111     0.0250      0.011     -0.046     -0.068        241 4.6750e+02 0.0000e+00
     -0.036    27.0837     8.8589    111.081  38.573199     37.020      8.216   280.3210     2.6001     1.0916     0.0250      0.017     -0.032     -0.047        242 4.7196e+02 0.0000e+00
     -0.013    27.0739     8.8527    111.000  38.570531     37.022      8.217   280.3967     2.6607     0.9708     0.0250      0.027     -0.015     -0.021        243 4.7343e+02 0.0000e+00
      0.002    27.0557     8.8701    111.162  38.582579     37.026      8.191   279.9803     2.6365     0.9976     0.0250      0.037     -0.001     -0.001        244 4.5236e+02 0.0000e+00
      0.008    27.0349     8.8960    111.409  38.587871     37.060      8.191   279.9803     2.6446     0.9842     0.0250      0.044      0.009      0.014        245 4.6390e+02 0.0000e+00
      0.020    27.0196     8.9171    111.599  38.534291     36.992      8.196   280.1696     2.6244     1.0111     0.0250      0.049      0.022      0.032        246 4.6731e+02 0.0000e+00
      0.039    27.0021     8.9244    111.626  38.560281     37.061      8.202   279.7531     2.5556     0.9305     0.0250      0.053      0.037      0.054        247 4.6038e+02 0.0000e+00
      0.054    26.9817     8.9340    111.675  38.585198     37.072      8.206   279.7531     2.5152     0.9842     0.0250      0.055      0.052      0.075        248 4.5867e+02 0.0000e+00
      0.067    26.9628     8.9396    111.626  38.621939     37.138      8.211   279.6396     2.5192     1.0648     0.0250      0.056      0.065      0.094        249 4.1745e+02 0.0000e+00
      0.079    26.9477     8.9339    111.532  38.633216     37.153      8.210   279.4881     2.5475     0.9708     0.0250      0.054      0.075      0.110        250 3.7197e+02 0.0000e+00
      0.085    26.9433     8.9193    111.384  38.600838     37.139      8.211   279.4503     2.5233     0.9305     0.0250      0.050      0.082      0.120        251 3.6118e+02 0.0000e+00
      0.089    26.9452     8.9181    111.410  38.573256     37.124      8.209   279.6396     2.4747     1.0245     0.0250      0.047      0.087      0.128        252 3.9100e+02 0.0000e+00
      0.095    26.9415     8.9270    111.457  38.578562     37.126      8.212   278.5039     2.4586     0.9171     0.0250      0.044      0.096      0.141        253 3.6401e+02 0.0000e+00
      0.115    26.9143     8.9401    111.383  38.564576     37.125      8.211   279.1096     2.4788     1.0245     0.0250      0.041      0.111      0.162        254 3.5149e+02 0.0000e+00
      0.131    26.8758     8.9631    111.433  38.442353     36.992      8.205   277.9739     2.4667     0.9976     0.0250      0.040      0.128      0.187        255 3.9094e+02 0.0000e+00
