Data/DataNotYetUploadedToEDI/Raw_CTD/RawDownloads/081618_bvr50.cnv
* Sea-Bird SBE19plus  Data File:
* FileName = C:\DATA\081618_bvr50_0001.hex
* Software version 2.6.3.104
* Temperature SN = 7809
* Conductivity SN = 7809
* System UpLoad Time = Aug 16 2018 20:44:10
* <ApplicationData>
* <Seaterm232>
# nquan = 17
# nvalues = 970                         
# units = specified
# name 0 = depFM: Depth [fresh water, m]
# name 1 = tv290C: Temperature [ITS-90, deg C]
# name 2 = sbeox0Mg/L: Oxygen, SBE 43 [mg/l]
# name 3 = sbeox0PS: Oxygen, SBE 43 [% saturation]
# name 4 = c0uS/cm: Conductivity [uS/cm]
# name 5 = specc: Specific Conductance [uS/cm]
# name 6 = ph: pH
# name 7 = orp: Oxidation Reduction Potential [mV]
# name 8 = flECO-AFL: Fluorescence, WET Labs ECO-AFL/FL [mg/m^3]
# name 9 = turbWETntu0: Turbidity, WET Labs ECO [NTU]
# name 10 = sal00: Salinity, Practical [PSU]
# name 11 = dz/dtM: Descent Rate [m/s]
# name 12 = prdM: Pressure, Strain Gauge [db]
# name 13 = prdE: Pressure, Strain Gauge [psi]
# name 14 = scan: Scan Count
# name 15 = par/sat/log: PAR/Logarithmic, Satlantic
# name 16 = flag:  0.000e+00
# span 0 =     -0.596,     10.426       
# span 1 =     7.8008,    31.2200       
# span 2 =    -0.1805,    10.5760       
# span 3 =     -1.755,    131.486       
# span 4 =   0.527732, 210.913593       
# span 5 =      0.677,    322.327       
# span 6 =      6.419,      9.151       
# span 7 = -1240.7455,   283.7282       
# span 8 =    -0.1981,    13.4694       
# span 9 =    -0.5063,    14.5867       
# span 10 =     0.0138,     0.1500      
# span 11 =     -0.177,      0.262      
# span 12 =     -0.585,     10.223      
# span 13 =     -0.848,     14.828      
# span 14 =          1,        970      
# span 15 = 1.2391e-01, 1.5968e+03      
# span 16 = 0.0000e+00, 0.0000e+00      
# interval = seconds: 0.25
# start_time = Aug 16 2018 14:44:43 [Instrument's time stamp, header]
# bad_flag = -9.990e-29
*END*
     -0.596    31.1964     7.5490    101.957   0.773555      0.677      6.419 -1240.7455    -0.1779    -0.2377     0.0139      0.000     -0.585     -0.848          1 1.4317e+03 0.0000e+00
     -0.596    31.1966     7.5668    101.986   0.857876      0.776      6.454 -1240.7455    -0.1658    -0.2780     0.0139      0.000     -0.585     -0.848          2 1.4431e+03 0.0000e+00
     -0.596    31.1975     7.6760    102.056   0.884565      0.776      6.460 -1240.7455    -0.1698    -0.2377     0.0139      0.000     -0.584     -0.847          3 1.5567e+03 0.0000e+00
     -0.595    31.1973     7.7754    102.130   0.858767      0.776      6.469 -1240.7455    -0.1658    -0.1437     0.0139      0.001     -0.584     -0.847          4 1.3393e+03 0.0000e+00
     -0.595    31.1995     7.8505    102.165   0.949195      0.826      6.482 -1240.7455    -0.1981    -0.2243     0.0139      0.001     -0.584     -0.847          5 4.1046e+02 0.0000e+00
     -0.596    31.1974     7.9207    102.197   0.890453      0.826      6.490 -1240.7455    -0.1658    -0.2377     0.0139      0.001     -0.584     -0.847          6 2.0424e+02 0.0000e+00
     -0.596    31.2020     8.0069    102.484   1.050294      0.875      6.494 -1240.7455    -0.1698    -0.1974     0.0139      0.001     -0.584     -0.847          7 3.5671e+02 0.0000e+00
     -0.596    31.1961     8.0956    103.005   1.223977      1.173      6.505 -1240.7455    -0.1658    -0.1706     0.0138      0.000     -0.585     -0.848          8 3.1206e+02 0.0000e+00
     -0.596    31.2072     8.1824    103.706   1.444074      1.173      6.525 -1240.7455    -0.1981    -0.0900     0.0138     -0.000     -0.585     -0.848          9 3.8051e+02 0.0000e+00
     -0.596    31.1903     8.2566    104.389   1.013238      1.074      6.510 -1240.7455    -0.1658     0.0845     0.0138     -0.000     -0.585     -0.848         10 3.6811e+02 0.0000e+00
     -0.596    31.2200     8.3175    104.988   1.464078      1.024      6.508 -1240.7455    -0.1577    -0.0229     0.0138     -0.001     -0.585     -0.847         11 4.5526e+02 0.0000e+00
     -0.596    31.0439     8.3715    105.559   0.527732      0.925      6.517 -1240.7455    -0.1819    -0.0229     0.0139     -0.001     -0.580     -0.841         12 4.1845e+02 0.0000e+00
     -0.583    30.3045     8.4029    105.863   2.119292      1.123      6.473 -1240.7455     0.0809    -0.5063     0.0138      0.003     -0.556     -0.807         13 5.5716e+02 0.0000e+00
     -0.519    29.5704     8.4246    106.047  15.298952     14.114      6.619  -531.7171     0.0930    -0.4257     0.0172      0.023     -0.505     -0.733         14 1.3906e+03 0.0000e+00
     -0.446    29.0534     8.4314    106.046  27.878976     25.053      7.351   283.7282     0.1092    -0.3452     0.0210      0.056     -0.438     -0.635         15 1.4521e+03 0.0000e+00
     -0.376    28.5515     8.4176    105.790  32.096502     29.675      8.050   241.1766     0.0890    -0.4391     0.0227      0.098     -0.368     -0.535         16 6.7462e+02 0.0000e+00
     -0.306    28.1062     8.3788    105.236  32.163560     29.580      8.445   217.2887     1.6822    14.4524     0.0225      0.144     -0.297     -0.431         17 4.3153e+02 0.0000e+00
     -0.223    27.7647     8.0684    101.270  31.620385     29.616      8.709   208.2029     1.6701    14.5867     0.0224      0.192     -0.225     -0.326         18 3.9036e+02 0.0000e+00
     -0.161    27.5488     7.7787     97.553  31.734870     29.817      8.868   201.9565     1.6741    14.5061     0.0224      0.233     -0.163     -0.236         19 3.0447e+02 0.0000e+00
     -0.112    27.4073     7.7169     96.678  31.576500     29.954      8.993   192.6815     1.7024    14.5196     0.0223      0.257     -0.112     -0.162         20 2.4110e+02 0.0000e+00
     -0.066    27.3179     7.8908     98.760  31.669362     30.106      9.078   193.0979     8.0469     2.5016     0.0223      0.262     -0.071     -0.102         21 2.0076e+02 0.0000e+00
     -0.038    27.2575     8.0437    100.618  31.708359     30.265      9.105   190.5615     8.0550     2.5150     0.0224      0.244     -0.043     -0.061         22 1.7395e+02 0.0000e+00
     -0.025    27.2098     8.1677    102.139  31.794900     30.371      9.109   184.3529     8.0388     2.5150     0.0224      0.215     -0.028     -0.041         23 1.4333e+02 0.0000e+00
     -0.022    27.1622     8.2206    102.794  31.769268     30.405      9.113   196.3915     8.0590     2.5553     0.0224      0.178     -0.023     -0.033         24 1.3939e+02 0.0000e+00
     -0.021    27.1165     8.3286    104.153  31.680981     30.326      9.114   196.9215     8.9567     2.3270     0.0223      0.137     -0.022     -0.031         25 1.3785e+02 0.0000e+00
     -0.022    27.0739     8.4144    105.236  31.667578     30.354      9.111   195.0665     8.9729     2.2196     0.0223      0.094     -0.023     -0.032         26 1.5543e+02 0.0000e+00
     -0.024    27.0376     8.3947    105.004  31.697015     30.408      9.115   194.6500     8.9931     2.2464     0.0224      0.060     -0.024     -0.034         27 1.6483e+02 0.0000e+00
     -0.025    27.0007     8.3001    103.836  31.674020     30.406      9.119   184.7314     8.9810     2.2867     0.0223      0.033     -0.025     -0.036         28 1.6611e+02 0.0000e+00
     -0.026    26.9543     8.1703    102.224  31.666560     30.427      9.116   181.0971     8.9850     2.2330     0.0223      0.013     -0.025     -0.036         29 1.6991e+02 0.0000e+00
     -0.025    26.8969     8.0496    100.719  31.735966     30.502      9.113   191.1293     8.5362     2.2733     0.0224      0.003     -0.026     -0.037         30 1.6732e+02 0.0000e+00
     -0.027    26.8431     7.9563     99.552  31.913832     30.718      9.107   190.7886     8.5402     2.1927     0.0224     -0.002     -0.028     -0.039         31 1.6652e+02 0.0000e+00
     -0.032    26.8112     7.8857     98.667  32.038269     30.859      9.102   191.0157     8.5726     2.3404     0.0225     -0.004     -0.030     -0.043         32 1.6331e+02 0.0000e+00
     -0.031    26.7959     7.8317     97.972  32.114870     30.973      9.102   188.6307     8.5726     2.3002     0.0225     -0.005     -0.031     -0.045         33 1.5466e+02 0.0000e+00
     -0.031    26.7918     7.8242     97.866  32.204007     31.072      9.101   187.6843     8.7586     2.3136     0.0225     -0.005     -0.035     -0.050         34 1.5651e+02 0.0000e+00
     -0.045    26.7962     7.8404     98.070  32.253531     31.135      9.090   186.9272     8.7424     2.2599     0.0226     -0.008     -0.045     -0.066         35 1.6628e+02 0.0000e+00
     -0.064    26.8018     7.8228     97.851  32.260813     31.138      9.071   178.6743     8.7343     2.2464     0.0226     -0.015     -0.059     -0.086         36 1.7385e+02 0.0000e+00
     -0.072    26.8091     7.7541     96.993  32.254252     31.135      9.066   185.7536     8.7505     2.3673     0.0226     -0.022     -0.062     -0.091         37 1.8243e+02 0.0000e+00
     -0.055    26.8172     7.7064     96.400  32.261696     31.132      9.063   178.9393     8.5766     2.2330     0.0226     -0.022     -0.050     -0.072         38 1.8479e+02 0.0000e+00
     -0.026    26.8237     7.6827     96.102  32.340506     31.208      9.040   177.5386     8.5523     2.2733     0.0226     -0.012     -0.031     -0.044         39 1.7722e+02 0.0000e+00
     -0.014    26.8262     7.6671     95.901  32.393394     31.257      9.016   177.3871     8.5564     2.3002     0.0226      0.001     -0.022     -0.031         40 1.6524e+02 0.0000e+00
     -0.027    26.8272     7.6565     95.765  32.314486     31.172      8.994   175.9864     8.5483     2.2464     0.0226      0.007     -0.027     -0.040         41 1.7320e+02 0.0000e+00
     -0.042    26.8252     7.6421     95.576  32.260786     31.117      8.985   182.8764     8.8354     2.3404     0.0226      0.010     -0.039     -0.057         42 1.8358e+02 0.0000e+00
     -0.051    26.8151     7.6295     95.411  32.193346     31.063      9.006   175.2293     8.8596     2.2733     0.0225      0.011     -0.047     -0.068         43 1.8046e+02 0.0000e+00
     -0.051    26.8085     7.6328     95.442  32.042583     30.902      9.035   174.9264     8.8394     2.3002     0.0225      0.009     -0.048     -0.070         44 1.9224e+02 0.0000e+00
     -0.046    26.8090     7.6663     95.861  32.003623     30.881      9.065   174.9264     8.8556     2.2867     0.0225      0.002     -0.048     -0.069         45 1.9674e+02 0.0000e+00
     -0.049    26.8097     7.7030     96.327  32.034268     30.912      9.078   174.2450     9.1548     2.2867     0.0225     -0.009     -0.051     -0.073         46 1.9833e+02 0.0000e+00
     -0.060    26.8108     7.7263     96.619  32.034101     30.912      9.089   173.7150     9.1791     2.2867     0.0225     -0.019     -0.056     -0.081         47 2.0236e+02 0.0000e+00
     -0.060    26.8127     7.7117     96.436  31.974178     30.857      9.099   173.5636     9.1508     2.2464     0.0225     -0.019     -0.056     -0.082         48 1.9819e+02 0.0000e+00
     -0.054    26.8115     7.6733     95.955  31.990232     30.857      9.103   174.0936     9.1831     2.1927     0.0225     -0.012     -0.051     -0.074         49 1.9301e+02 0.0000e+00
     -0.042    26.8084     7.6136     95.207  32.014122     30.909      9.108   179.4693     9.1589     2.2196     0.0225     -0.003     -0.038     -0.055         50 1.8835e+02 0.0000e+00
     -0.019    26.8057     7.5350     94.241  32.033403     30.883      9.108   175.0021     9.3489     2.2733     0.0225      0.008     -0.021     -0.029         51 1.7932e+02 0.0000e+00
     -0.001    26.8014     7.4274     92.920  32.114500     31.020      9.098   184.2393     9.3772     2.2733     0.0225      0.020     -0.006     -0.008         52 1.6876e+02 0.0000e+00
      0.003    26.7962     7.3218     91.614  32.061462     30.913      9.087   176.7814     9.4015     2.2464     0.0225      0.029     -0.003     -0.004         53 1.7023e+02 0.0000e+00
     -0.010    26.7907     7.2426     90.636  32.069755     30.970      9.082   180.4157     9.3651     2.3136     0.0225      0.033     -0.013     -0.020         54 1.8012e+02 0.0000e+00
     -0.034    26.7908     7.1846     89.935  32.044875     30.919      9.095   173.4500     9.5632     2.2867     0.0225      0.027     -0.031     -0.045         55 1.9206e+02 0.0000e+00
     -0.048    26.7947     7.1587     89.638  32.033124     30.923      9.102   173.1471     9.5754     2.3404     0.0225      0.013     -0.045     -0.065         56 1.9165e+02 0.0000e+00
     -0.055    26.7950     7.1249     89.244  32.054730     30.950      9.108   172.9578     9.5713     2.3002     0.0225     -0.004     -0.051     -0.074         57 1.9297e+02 0.0000e+00
     -0.053    26.7951     7.0961     88.911  31.988334     30.866      9.113   173.4500     9.5673     2.3136     0.0225     -0.019     -0.051     -0.073         58 1.9571e+02 0.0000e+00
     -0.047    26.7942     7.0542     88.410  32.086098     30.974      9.111   173.4121     9.4783     2.1927     0.0225     -0.028     -0.046     -0.067         59 1.9413e+02 0.0000e+00
     -0.043    26.7940     7.0093     87.864  32.199936     31.082      9.109   173.7528     9.4945     2.2196     0.0225     -0.028     -0.042     -0.062         60 1.9695e+02 0.0000e+00
     -0.041    26.8035     6.9479     87.110  32.261799     31.136      9.109   173.8664     9.4985     2.1390     0.0226     -0.020     -0.041     -0.060         61 1.9270e+02 0.0000e+00
     -0.041    26.8180     6.8848     86.337  32.305637     31.190      9.106   183.0279     9.5066     2.0584     0.0226     -0.008     -0.042     -0.061         62 1.9195e+02 0.0000e+00
     -0.047    26.8273     6.8154     85.489  32.323298     31.185      9.098   184.2772     9.6077     2.3136     0.0226      0.001     -0.046     -0.067         63 1.9235e+02 0.0000e+00
     -0.052    26.8361     6.7388     84.551  32.269470     31.149      9.107   182.6493     9.6077     2.2733     0.0226      0.003     -0.050     -0.072         64 1.9223e+02 0.0000e+00
     -0.053    26.8508     6.6775     83.806  32.165050     31.009      9.110   182.2329     9.6279     2.2464     0.0225      0.001     -0.050     -0.072         65 1.9469e+02 0.0000e+00
     -0.047    26.8682     6.6223     83.136  32.127061     31.003      9.112   182.0057     9.6360     2.4076     0.0225     -0.001     -0.046     -0.067         66 1.9447e+02 0.0000e+00
     -0.042    26.8862     6.5709     82.512  32.168477     30.995      9.114   182.7250     9.5592     2.2062     0.0225     -0.002     -0.043     -0.062         67 1.9463e+02 0.0000e+00
     -0.043    26.9038     6.5206     81.903  32.291420     31.146      9.112   182.8007     9.5713     2.2330     0.0226     -0.001     -0.043     -0.062         68 1.9362e+02 0.0000e+00
     -0.047    26.9180     6.4791     81.403  32.329886     31.135      9.113   182.4221     9.5552     2.2867     0.0226     -0.001     -0.046     -0.065         69 1.9300e+02 0.0000e+00
     -0.049    26.9290     6.4369     80.896  32.328166     31.151      9.116   182.0436     9.5471     2.3539     0.0226      0.000     -0.047     -0.067         70 1.9319e+02 0.0000e+00
     -0.048    26.9394     6.3970     80.415  32.263901     31.062      9.121   181.4379     9.5996     2.2464     0.0226      0.002     -0.046     -0.067         71 1.9303e+02 0.0000e+00
     -0.046    26.9514     6.3655     80.038  32.202288     31.002      9.122   181.1350     9.5309     2.2867     0.0225      0.002     -0.045     -0.065         72 1.9351e+02 0.0000e+00
     -0.045    26.9649     6.3297     79.607  32.256573     31.049      9.124   181.8164     9.5552     2.1659     0.0226      0.001     -0.045     -0.064         73 1.9411e+02 0.0000e+00
     -0.045    26.9804     6.2981     79.227  32.314949     31.096      9.120   182.0814     9.5632     2.3673     0.0226     -0.001     -0.045     -0.065         74 1.9362e+02 0.0000e+00
     -0.047    26.9968     6.2717     78.913  32.307550     31.088      9.118   182.0814     9.5471     2.3941     0.0226     -0.001     -0.046     -0.066         75 1.9364e+02 0.0000e+00
     -0.047    27.0118     6.2487     78.642  32.295428     31.052      9.118   181.6650     9.5673     2.3673     0.0226     -0.000     -0.046     -0.067         76 1.9405e+02 0.0000e+00
     -0.048    27.0266     6.2315     78.443  32.300375     31.069      9.120   181.2486     9.5511     2.3136     0.0226      0.000     -0.046     -0.067         77 1.9423e+02 0.0000e+00
     -0.046    27.0415     6.2109     78.200  32.271733     31.006      9.116   181.2486     9.5592     2.1793     0.0226      0.000     -0.045     -0.066         78 1.9404e+02 0.0000e+00
     -0.046    27.0567     6.1988     78.064  32.301413     31.051      9.117   181.6271     9.5754     2.3404     0.0226     -0.000     -0.045     -0.066         79 1.9402e+02 0.0000e+00
     -0.046    27.0724     6.1886     77.950  32.322740     31.042      9.118   181.4000     9.6360     2.2599     0.0226     -0.000     -0.045     -0.066         80 1.9426e+02 0.0000e+00
     -0.047    27.0867     6.1831     77.896  32.393450     31.113      9.116   180.8700     9.6077     2.3002     0.0226     -0.001     -0.046     -0.066         81 1.9391e+02 0.0000e+00
     -0.047    27.1000     6.1703     77.751  32.391324     31.104      9.117   181.0214     9.6077     2.2464     0.0226     -0.000     -0.046     -0.066         82 1.9345e+02 0.0000e+00
     -0.047    27.1131     6.1584     77.617  32.325379     31.015      9.118   180.5293     9.5996     2.2733     0.0226      0.000     -0.046     -0.066         83 1.9394e+02 0.0000e+00
     -0.047    27.1258     6.1550     77.588  32.386554     31.088      9.119   180.3400     9.6360     2.2599     0.0226      0.000     -0.046     -0.066         84 1.9452e+02 0.0000e+00
     -0.047    27.1385     6.1438     77.461  32.404145     31.080      9.119   181.0214     9.6360     2.3404     0.0226     -0.000     -0.046     -0.066         85 1.9417e+02 0.0000e+00
