Data/DataNotYetUploadedToEDI/Raw_CTD/RawDownloads/081618_bvr50.cnv
* Sea-Bird SBE19plus  Data File:
* FileName = C:\DATA\081618_bvr50_0001.hex
* Software version 2.6.3.104
* Temperature SN = 7809
* Conductivity SN = 7809
* System UpLoad Time = Aug 16 2018 20:44:10
* <ApplicationData>
* <Seaterm232>
# nquan = 17
# nvalues = 970                         
# units = specified
# name 0 = depFM: Depth [fresh water, m]
# name 1 = tv290C: Temperature [ITS-90, deg C]
# name 2 = sbeox0Mg/L: Oxygen, SBE 43 [mg/l]
# name 3 = sbeox0PS: Oxygen, SBE 43 [% saturation]
# name 4 = c0uS/cm: Conductivity [uS/cm]
# name 5 = specc: Specific Conductance [uS/cm]
# name 6 = ph: pH
# name 7 = orp: Oxidation Reduction Potential [mV]
# name 8 = flECO-AFL: Fluorescence, WET Labs ECO-AFL/FL [mg/m^3]
# name 9 = turbWETntu0: Turbidity, WET Labs ECO [NTU]
# name 10 = sal00: Salinity, Practical [PSU]
# name 11 = dz/dtM: Descent Rate [m/s]
# name 12 = prdM: Pressure, Strain Gauge [db]
# name 13 = prdE: Pressure, Strain Gauge [psi]
# name 14 = scan: Scan Count
# name 15 = par/sat/log: PAR/Logarithmic, Satlantic
# name 16 = flag:  0.000e+00
# span 0 =     -0.596,     10.426       
# span 1 =     7.8008,    31.2200       
# span 2 =    -0.1805,    10.5760       
# span 3 =     -1.755,    131.486       
# span 4 =   0.527732, 210.913593       
# span 5 =      0.677,    322.327       
# span 6 =      6.419,      9.151       
# span 7 = -1240.7455,   283.7282       
# span 8 =    -0.1981,    13.4694       
# span 9 =    -0.5063,    14.5867       
# span 10 =     0.0138,     0.1500      
# span 11 =     -0.177,      0.262      
# span 12 =     -0.585,     10.223      
# span 13 =     -0.848,     14.828      
# span 14 =          1,        970      
# span 15 = 1.2391e-01, 1.5968e+03      
# span 16 = 0.0000e+00, 0.0000e+00      
# interval = seconds: 0.25
# start_time = Aug 16 2018 14:44:43 [Instrument's time stamp, header]
# bad_flag = -9.990e-29
*END*
[from data line 171]
      0.045    27.3113     6.5378     82.036  31.506992     30.094      9.122   181.1350     9.6967     2.3807     0.0223      0.016      0.043      0.062        172 1.7227e+02 0.0000e+00
      0.040    27.3024     7.1798     89.789  31.535162     30.129      9.115   181.2486     9.6886     2.3404     0.0223      0.018      0.041      0.059        173 1.7490e+02 0.0000e+00
      0.040    27.2904     8.0298    100.182  31.545454     30.161      9.110   176.2893     9.7250     2.2464     0.0223      0.020      0.041      0.059        174 1.7301e+02 0.0000e+00
      0.047    27.2752     8.8148    109.814  31.464539     30.059      9.113   175.4943     9.6603     2.2464     0.0223      0.020      0.045      0.064        175 1.7854e+02 0.0000e+00
      0.049    27.2622     9.5032    118.285  31.487606     30.119      9.110   181.1350     9.6684     2.2733     0.0223      0.015      0.047      0.067        176 1.7059e+02 0.0000e+00
      0.047    27.2495    10.0434    124.940  31.457448     30.075      9.112   180.9457     9.7371     2.2464     0.0223      0.009      0.046      0.067        177 1.7095e+02 0.0000e+00
      0.047    27.2400    10.4052    129.392  31.442773     30.082      9.116   175.7971     9.7614     2.2464     0.0223      0.004      0.046      0.066        178 1.7623e+02 0.0000e+00
      0.046    27.2294    10.5760    131.486  31.446572     30.089      9.122   175.5700     9.7695     2.1927     0.0223      0.002      0.044      0.064        179 1.6913e+02 0.0000e+00
      0.041    27.2261    10.5675    131.362  31.541681     30.176      9.127   175.1914     9.7371     2.2330     0.0223      0.001      0.041      0.060        180 1.6510e+02 0.0000e+00
      0.040    27.1687    10.4203    129.519  31.472675     30.154      9.130   175.1157     9.8139     2.2867     0.0223      0.000      0.041      0.059        181 1.6788e+02 0.0000e+00
      0.044    26.9884    10.2420    127.295  31.295241     29.917      9.136   175.0778     9.8382     2.2733     0.0222     -0.001      0.043      0.064        182 1.6980e+02 0.0000e+00
      0.049    26.7974    10.0989    125.509  31.465987     30.186      9.137   175.2671     9.8139     2.1927     0.0223     -0.002      0.047      0.069        183 1.6651e+02 0.0000e+00
      0.051    26.6681     9.9817    124.048  31.586381     30.350      9.142   175.1914     9.8503     2.2196     0.0223      0.000      0.050      0.072        184 1.7245e+02 0.0000e+00
      0.052    26.5844     9.8951    122.971  31.590252     30.514      9.147   175.0778     9.7412     2.2464     0.0223      0.003      0.051      0.074        185 1.7183e+02 0.0000e+00
      0.053    26.5363     9.8439    122.331  31.550200     30.510      9.145   175.0400     9.7654     2.3270     0.0223      0.005      0.052      0.077        186 1.7189e+02 0.0000e+00
      0.056    26.5049     9.8193    122.022  31.547328     30.586      9.146   174.6993     9.7573     2.3673     0.0223      0.007      0.055      0.080        187 1.7380e+02 0.0000e+00
      0.058    26.4845     9.7879    121.631  31.564214     30.615      9.149   180.9079     9.7493     2.2196     0.0223      0.009      0.057      0.082        188 1.6810e+02 0.0000e+00
      0.058    26.4713     9.7714    121.425  31.558861     30.633      9.149   175.7214     9.6077     2.2733     0.0223      0.009      0.057      0.082        189 1.7242e+02 0.0000e+00
      0.057    26.4637     9.7553    121.223  31.613306     30.700      9.149   181.8921     9.6441     2.3136     0.0223      0.006      0.056      0.081        190 1.6736e+02 0.0000e+00
      0.057    26.4584     9.7322    120.936  31.615073     30.707      9.148   181.5893     9.6360     2.3673     0.0223      0.004      0.056      0.081        191 1.6854e+02 0.0000e+00
      0.057    26.4546     9.7186    120.765  31.586321     30.685      9.150   181.0971     9.6441     2.3539     0.0223      0.003      0.056      0.081        192 1.7468e+02 0.0000e+00
      0.058    26.4513     9.7021    120.562  31.560136     30.661      9.151   177.8414     9.7452     2.2464     0.0223      0.002      0.057      0.082        193 1.6740e+02 0.0000e+00
      0.058    26.4495     9.6784    120.269  31.558705     30.663      9.149   181.2486     9.7614     2.2196     0.0223      0.001      0.057      0.083        194 1.7233e+02 0.0000e+00
      0.058    26.4491     9.6656    120.112  31.617756     30.719      9.149   181.2486     9.7654     2.3136     0.0223      0.000      0.057      0.083        195 1.7239e+02 0.0000e+00
      0.058    26.4476     9.6709    120.178  31.605258     30.720      9.150   176.6678     9.7816     2.3002     0.0223      0.000      0.057      0.083        196 1.7039e+02 0.0000e+00
      0.059    26.4458     9.6782    120.269  31.514955     30.612      9.147   176.3271     9.7614     2.3270     0.0223      0.001      0.058      0.084        197 1.7023e+02 0.0000e+00
      0.061    26.4453     9.6817    120.313  31.581877     30.694      9.145   176.1378     9.5632     2.1659     0.0223      0.002      0.059      0.085        198 1.7254e+02 0.0000e+00
      0.060    26.4448     9.6856    120.358  31.670233     30.777      9.145   181.4757     9.5471     2.2867     0.0223      0.002      0.059      0.085        199 1.6907e+02 0.0000e+00
      0.060    26.4443     9.6870    120.373  31.612560     30.723      9.145   181.2486     9.5632     2.3807     0.0223      0.002      0.059      0.085        200 1.6746e+02 0.0000e+00
      0.060    26.4439     9.6833    120.328  31.564697     30.669      9.145   181.1729     9.5592     2.1927     0.0223      0.002      0.060      0.086        201 1.7007e+02 0.0000e+00
      0.062    26.4436     9.6777    120.262  31.551889     30.669      9.146   181.3243     9.3449     2.2599     0.0223      0.002      0.061      0.088        202 1.6406e+02 0.0000e+00
      0.063    26.4440     9.6748    120.227  31.569197     30.669      9.147   181.3243     9.3813     2.3941     0.0223      0.002      0.061      0.089        203 1.7251e+02 0.0000e+00
      0.062    26.4449     9.6721    120.196  31.632113     30.751      9.144   181.4379     9.3570     2.2733     0.0223      0.002      0.060      0.088        204 1.7193e+02 0.0000e+00
      0.060    26.4457     9.6614    120.065  31.621849     30.724      9.145   181.3243     9.3691     2.2464     0.0223      0.001      0.059      0.086        205 1.7171e+02 0.0000e+00
      0.059    26.4460     9.6431    119.840  31.611620     30.723      9.145   181.5893     9.6886     2.2330     0.0223     -0.000      0.059      0.085        206 1.7549e+02 0.0000e+00
      0.060    26.4463     9.6347    119.735  31.615189     30.723      9.140   181.5136     9.6765     2.2464     0.0223     -0.000      0.059      0.086        207 1.6662e+02 0.0000e+00
      0.061    26.4460     9.6355    119.739  31.617407     30.722      9.143   181.3243     9.6765     2.2464     0.0223     -0.000      0.060      0.087        208 1.7010e+02 0.0000e+00
      0.062    26.4447     9.6446    119.847  31.608862     30.722      9.141   181.8164     9.6926     2.2330     0.0223     -0.000      0.060      0.087        209 1.7363e+02 0.0000e+00
      0.061    26.4440     9.6500    119.912  31.596172     30.695      9.141   181.4757     9.8827     2.3673     0.0223     -0.001      0.060      0.087        210 1.6638e+02 0.0000e+00
      0.061    26.4443     9.6568    120.001  31.662850     30.778      9.143   182.8007     9.8706     2.1927     0.0223     -0.000      0.059      0.086        211 1.6948e+02 0.0000e+00
      0.059    26.4456     9.6597    120.044  31.614839     30.724      9.144   181.2864     9.8786     2.3002     0.0223     -0.000      0.059      0.086        212 1.7530e+02 0.0000e+00
      0.061    26.4464     9.6765    120.258  31.566967     30.669      9.144   181.3621     9.8867     2.2330     0.0223      0.000      0.060      0.086        213 1.7245e+02 0.0000e+00
      0.062    26.4470     9.6943    120.486  31.603818     30.723      9.143   181.5514     9.8948     2.2196     0.0223      0.001      0.061      0.087        214 1.6772e+02 0.0000e+00
      0.062    26.4482     9.6988    120.548  31.628281     30.722      9.144   182.0814     9.8584     2.0853     0.0223      0.000      0.061      0.087        215 1.7764e+02 0.0000e+00
      0.061    26.4493     9.7037    120.616  31.625479     30.749      9.144   181.6271     9.8827     2.1256     0.0223     -0.000      0.060      0.086        216 1.7568e+02 0.0000e+00
      0.060    26.4492     9.7055    120.644  31.577655     30.667      9.141   181.8164     9.8625     2.0719     0.0223     -0.000      0.059      0.085        217 1.6562e+02 0.0000e+00
      0.060    26.4468     9.7036    120.630  31.598842     30.720      9.141   181.6650     9.9070     2.1122     0.0223     -0.000      0.059      0.085        218 1.7133e+02 0.0000e+00
      0.060    26.4438     9.7026    120.629  31.628761     30.721      9.144   181.3243     9.8261     2.3404     0.0223     -0.000      0.059      0.086        219 1.7317e+02 0.0000e+00
      0.061    26.4431     9.6934    120.512  31.599722     30.722      9.142   181.7786     9.8261     2.3002     0.0223     -0.000      0.059      0.086        220 1.7214e+02 0.0000e+00
      0.060    26.4453     9.6778    120.307  31.575678     30.669      9.144   181.3243     9.8220     2.2599     0.0223     -0.001      0.059      0.086        221 1.6945e+02 0.0000e+00
      0.061    26.4483     9.6628    120.119  31.599383     30.724      9.146   181.4757     9.8180     2.3136     0.0223     -0.000      0.059      0.086        222 1.7445e+02 0.0000e+00
      0.060    26.4510     9.6688    120.201  31.599875     30.696      9.144   181.7407     9.9514     2.2464     0.0223     -0.000      0.059      0.086        223 1.7325e+02 0.0000e+00
      0.061    26.4539     9.6726    120.251  31.604717     30.721      9.143   182.0057     9.9757     2.2599     0.0223      0.000      0.059      0.086        224 1.7146e+02 0.0000e+00
      0.060    26.4568     9.6736    120.250  31.623008     30.720      9.143   181.7407     9.9474     2.1927     0.0223      0.000      0.059      0.086        225 1.7284e+02 0.0000e+00
      0.061    26.4599     9.6709    120.206  31.606763     30.718      9.141   181.6271     9.9676     2.2733     0.0223      0.000      0.060      0.087        226 1.7086e+02 0.0000e+00
      0.062    26.4627     9.6824    120.342  31.624931     30.716      9.140   181.9679     9.8261     2.2330     0.0223      0.001      0.061      0.088        227 1.7087e+02 0.0000e+00
      0.063    26.4671     9.7046    120.617  31.659700     30.768      9.138   181.8921     9.8220     2.3673     0.0223      0.001      0.062      0.090        228 1.6964e+02 0.0000e+00
      0.065    26.4720     9.7309    120.948  31.652447     30.740      9.140   182.2707     9.8139     2.2733     0.0223      0.002      0.060      0.086        229 1.6576e+02 0.0000e+00
      0.054    26.4709     9.7468    121.137  31.604303     30.710      9.138   178.9771     9.8099     2.1659     0.0223     -0.001      0.049      0.071        230 1.8014e+02 0.0000e+00
      0.030    26.4660     9.7677    121.397  31.571354     30.652      9.139   177.9928     9.9474     2.1390     0.0223     -0.009      0.032      0.047        231 1.9209e+02 0.0000e+00
      0.016    26.4653     9.7813    121.584  31.604496     30.708      9.135   178.4471     9.9717     2.1659     0.0223     -0.018      0.016      0.023        232 1.9298e+02 0.0000e+00
      0.000    26.4690     9.7676    121.445  31.622364     30.711      9.130   178.4471     9.9433     2.1256     0.0223     -0.029      0.002      0.003        233 1.8798e+02 0.0000e+00
     -0.012    26.4699     9.7469    121.215  31.667725     30.765      9.129   178.4093     9.9312     2.1122     0.0223     -0.040     -0.008     -0.011        234 1.6792e+02 0.0000e+00
     -0.010    26.4642     9.7043    120.709  31.636998     30.736      9.121   178.7121     9.1063     2.0719     0.0223     -0.045     -0.010     -0.016        235 1.5507e+02 0.0000e+00
     -0.011    26.4585     9.6615    120.191  31.571646     30.654      9.115   178.2578     9.1225     2.1793     0.0223     -0.045     -0.014     -0.021        236 1.9657e+02 0.0000e+00
     -0.023    26.4555     9.6298    119.804  31.600795     30.712      9.116   178.5607     9.0982     2.1256     0.0223     -0.043     -0.026     -0.038        237 1.7673e+02 0.0000e+00
     -0.046    26.4557     9.6134    119.598  31.571074     30.661      9.113   178.1821     9.1144     2.1122     0.0223     -0.041     -0.046     -0.066        238 2.4586e+02 0.0000e+00
     -0.071    26.4568     9.6078    119.518  31.549334     30.662      9.112   178.1064     9.0982     2.1927     0.0223     -0.042     -0.066     -0.096        239 1.6664e+02 0.0000e+00
     -0.085    26.4537     9.6061    119.492  31.568547     30.663      9.111   178.4471     8.4391     2.2733     0.0223     -0.046     -0.083     -0.120        240 3.4095e+02 0.0000e+00
     -0.097    26.4533     9.6032    119.458  31.576814     30.689      9.112   178.4471     8.4310     2.3539     0.0223     -0.050     -0.099     -0.142        241 1.1530e+03 0.0000e+00
     -0.118    26.4618     9.6069    119.512  31.509394     30.609      9.109   178.1821     8.4391     2.3136     0.0223     -0.057     -0.126     -0.182        242 1.5168e+03 0.0000e+00
     -0.169    26.4754     9.6097    119.548  31.504192     30.610      9.109   178.1821     8.4553     2.3404     0.0223     -0.075     -0.171     -0.248        243 1.3807e+03 0.0000e+00
     -0.236    26.4881     9.6082    119.516  31.553635     30.659      9.108   185.5264     7.4363     2.0719     0.0223     -0.099     -0.228     -0.330        244 5.6834e+02 0.0000e+00
     -0.293    26.4987     9.6015    119.416  31.507162     30.596      9.111   179.1664     7.4363     2.0987     0.0223     -0.123     -0.273     -0.396        245 6.5229e+02 0.0000e+00
     -0.306    26.5060     9.6068    119.467  31.502717     30.589      9.115   178.5986     7.4242     2.0853     0.0223     -0.136     -0.292     -0.423        246 1.3323e+03 0.0000e+00
     -0.295    26.5092     9.6211    119.620  31.529510     30.610      9.112   178.5986     7.4322     2.1256     0.0223     -0.135     -0.292     -0.423        247 1.0655e+03 0.0000e+00
     -0.294    26.5079     9.6420    119.844  31.503467     30.578      9.110   178.1821     7.6749     2.2464     0.0223     -0.126     -0.289     -0.419        248 1.3708e+03 0.0000e+00
     -0.294    26.5035     9.6508    119.920  31.505473     30.576      9.114   178.8257     7.6668     2.2062     0.0223     -0.107     -0.288     -0.419        249 1.5968e+03 0.0000e+00
     -0.295    26.5011     9.6690    120.128  31.497362     30.577      9.112   177.8414     7.6587     2.2196     0.0223     -0.078     -0.291     -0.423        250 1.4722e+03 0.0000e+00
     -0.301    26.5024     9.6890    120.354  31.513561     30.580      9.113   179.7343     7.6749     2.2464     0.0223     -0.045     -0.301     -0.435        251 1.1016e+03 0.0000e+00
     -0.327    26.5059     9.7019    120.493  31.544617     30.635      9.117   178.2578     7.8730     2.2867     0.0223     -0.024     -0.311     -0.450        252 9.1963e+02 0.0000e+00
     -0.320    26.5062     9.7149    120.644  31.488366     30.553      9.112   184.8450     7.8770     2.2733     0.0223     -0.012     -0.305     -0.441        253 1.4026e+03 0.0000e+00
     -0.285    26.5005     9.7301    120.824  31.494609     30.578      9.111   186.6243     7.8407     2.2062     0.0223     -0.004     -0.280     -0.406        254 1.3513e+03 0.0000e+00
     -0.255    26.4931     9.7415    120.956  31.507195     30.578      9.108   179.8479     7.8892     2.3136     0.0223      0.007     -0.252     -0.365        255 6.0245e+02 0.0000e+00
