Data/DataNotYetUploadedToEDI/Raw_CTD/RawDownloads/081618_fcr50.cnv
* Sea-Bird SBE19plus  Data File:
* FileName = C:\DATA\081618_bvr50_0002.hex
* Software version 2.6.3.104
* Temperature SN = 7809
* Conductivity SN = 7809
* System UpLoad Time = Aug 16 2018 20:44:35
* <ApplicationData>
* <Seaterm232>
# nquan = 17
# nvalues = 798                         
# units = specified
# name 0 = depFM: Depth [fresh water, m]
# name 1 = tv290C: Temperature [ITS-90, deg C]
# name 2 = sbeox0Mg/L: Oxygen, SBE 43 [mg/l]
# name 3 = sbeox0PS: Oxygen, SBE 43 [% saturation]
# name 4 = c0uS/cm: Conductivity [uS/cm]
# name 5 = specc: Specific Conductance [uS/cm]
# name 6 = ph: pH
# name 7 = orp: Oxidation Reduction Potential [mV]
# name 8 = flECO-AFL: Fluorescence, WET Labs ECO-AFL/FL [mg/m^3]
# name 9 = turbWETntu0: Turbidity, WET Labs ECO [NTU]
# name 10 = sal00: Salinity, Practical [PSU]
# name 11 = dz/dtM: Descent Rate [m/s]
# name 12 = prdM: Pressure, Strain Gauge [db]
# name 13 = prdE: Pressure, Strain Gauge [psi]
# name 14 = scan: Scan Count
# name 15 = par/sat/log: PAR/Logarithmic, Satlantic
# name 16 = flag:  0.000e+00
# span 0 =     -0.514,      9.681       
# span 1 =    11.7800,    32.3657       
# span 2 =     0.0456,    10.1027       
# span 3 =      0.423,    126.702       
# span 4 =   1.060709, 141.247330       
# span 5 =      0.955,    194.541       
# span 6 =      5.024,      8.290       
# span 7 = -1240.7455,   423.6107       
# span 8 =    -0.2062,     9.7533       
# span 9 =    -0.5466,   429.3489       
# span 10 =     0.0141,     0.0917      
# span 11 =     -0.173,      0.167      
# span 12 =     -0.504,      9.493      
# span 13 =     -0.731,     13.769      
# span 14 =          1,        798      
# span 15 = 1.2295e-01, 6.3441e+02      
# span 16 = 0.0000e+00, 0.0000e+00      
# interval = seconds: 0.25
# start_time = Aug 16 2018 21:51:19 [Instrument's time stamp, header]
# bad_flag = -9.990e-29
*END*
[from data line 511]
      4.924    12.7934     1.0400      9.786  39.187818     51.747      6.342   324.7276     1.8075    10.0884     0.0268      0.056      4.826      7.001        512 1.2047e+00 0.0000e+00
      4.938    12.7642     1.0495      9.868  39.093049     51.694      6.343   324.5004     1.8116    10.0749     0.0268      0.055      4.841      7.022        513 1.1954e+00 0.0000e+00
      4.948    12.7314     1.0657     10.012  39.057289     51.660      6.337   324.9168     1.8278    10.0346     0.0268      0.054      4.852      7.038        514 1.1988e+00 0.0000e+00
      4.959    12.7029     1.0757     10.098  38.995022     51.625      6.338   326.5447     1.8116    10.0615     0.0267      0.052      4.865      7.056        515 1.1333e+00 0.0000e+00
      4.977    12.6824     1.0801     10.134  39.051899     51.745      6.333   327.8319     1.8116    11.0686     0.0268      0.053      4.880      7.077        516 1.0839e+00 0.0000e+00
      4.990    12.6739     1.1047     10.359  39.105179     51.858      6.328   323.7054     1.8278    11.0417     0.0268      0.055      4.890      7.092        517 1.1493e+00 0.0000e+00
      4.990    12.6868     1.1232     10.527  39.047388     51.812      6.326   324.2733     1.8075    11.0686     0.0268      0.052      4.895      7.100        518 1.1512e+00 0.0000e+00
      4.995    12.6938     1.1471     10.746  39.005174     51.750      6.322   323.9326     1.8035    11.0149     0.0268      0.045      4.902      7.110        519 1.0854e+00 0.0000e+00
      5.010    12.6732     1.1717     10.973  39.098388     51.880      6.322   325.2954     1.8925    10.6926     0.0268      0.042      4.917      7.131        520 1.0512e+00 0.0000e+00
      5.033    12.6425     1.2028     11.262  39.050038     51.795      6.320   325.9011     1.8682    10.5852     0.0268      0.043      4.940      7.165        521 9.7199e-01 0.0000e+00
      5.069    12.6122     1.2218     11.441  38.946690     51.676      6.311   327.1883     1.8803    10.6120     0.0267      0.051      4.971      7.211        522 9.2862e-01 0.0000e+00
      5.108    12.5772     1.2524     11.728  38.841381     51.607      6.307   326.8476     1.8682    10.6926     0.0267      0.064      5.005      7.260        523 8.9999e-01 0.0000e+00
      5.135    12.5398     1.2721     11.911  38.765815     51.500      6.300   327.3397     1.7671    11.6997     0.0266      0.077      5.032      7.299        524 8.6769e-01 0.0000e+00
      5.150    12.5077     1.2949     12.119  38.773775     51.622      6.295   326.3933     1.7631    11.7534     0.0267      0.089      5.052      7.327        525 8.5507e-01 0.0000e+00
      5.170    12.4820     1.3054     12.211  38.772166     51.600      6.293   326.7718     1.7590    11.6594     0.0266      0.099      5.071      7.355        526 8.3356e-01 0.0000e+00
      5.193    12.4579     1.3211     12.353  38.797500     51.755      6.287   330.1411     1.7145    11.6191     0.0267      0.103      5.093      7.387        527 7.7431e-01 0.0000e+00
      5.218    12.4353     1.3352     12.481  38.771928     51.679      6.286   329.3840     1.4760    12.7605     0.0266      0.102      5.116      7.421        528 7.4721e-01 0.0000e+00
      5.240    12.4147     1.3397     12.522  38.833667     51.861      6.280   329.8383     1.4800    12.7739     0.0267      0.097      5.136      7.449        529 7.2199e-01 0.0000e+00
      5.253    12.3993     1.3407     12.530  38.869000     51.893      6.276   327.4154     1.4800    12.7605     0.0267      0.088      5.149      7.468        530 6.8949e-01 0.0000e+00
      5.258    12.3950     1.3276     12.408  38.846625     51.921      6.275   327.8319     1.4638    12.7068     0.0267      0.077      5.156      7.478        531 7.2673e-01 0.0000e+00
      5.260    12.3954     1.2919     12.073  38.861520     51.943      6.270   327.8319     1.4800    12.8277     0.0267      0.068      5.164      7.490        532 7.2156e-01 0.0000e+00
      5.281    12.3977     1.2225     11.424  38.820806     51.911      6.271   332.1476     1.5326    12.8277     0.0267      0.063      5.182      7.517        533 6.6311e-01 0.0000e+00
      5.314    12.3930     1.1369     10.624  38.808307     51.874      6.270   331.7311     1.5407    12.8545     0.0267      0.061      5.211      7.559        534 6.3856e-01 0.0000e+00
      5.347    12.3720     1.0383      9.702  38.906740     52.019      6.268   331.7690     1.5609    12.7605     0.0268      0.065      5.243      7.604        535 5.9445e-01 0.0000e+00
      5.378    12.3481     0.9322      8.711  39.232258     52.437      6.263   330.3683     1.5487    12.6531     0.0269      0.072      5.271      7.645        536 5.4305e-01 0.0000e+00
      5.399    12.3313     0.8365      7.817  39.797432     53.252      6.259   330.3683     1.1525    13.2439     0.0273      0.081      5.293      7.676        537 5.5171e-01 0.0000e+00
      5.413    12.3197     0.7477      6.986  40.220606     53.847      6.258   333.0562     1.1525    13.1768     0.0275      0.089      5.308      7.698        538 5.4523e-01 0.0000e+00
      5.426    12.3125     0.6709      6.266  40.544888     54.284      6.257   332.9804     1.1767    13.1768     0.0277      0.094      5.319      7.715        539 5.3220e-01 0.0000e+00
      5.434    12.3100     0.6223      5.809  40.610180     54.450      6.256   333.1319     1.1686    13.2036     0.0278      0.090      5.326      7.726        540 5.3164e-01 0.0000e+00
      5.436    12.3089     0.5935      5.538  40.317355     53.974      6.254   332.3369     0.9503    13.3916     0.0276      0.077      5.331      7.733        541 5.1041e-01 0.0000e+00
      5.444    12.3082     0.5735      5.349  40.404982     54.164      6.250   332.7154     0.9624    13.4051     0.0277      0.060      5.338      7.743        542 4.9075e-01 0.0000e+00
      5.452    12.3068     0.5732      5.345  40.679128     54.504      6.256   331.2390     0.9867    13.3513     0.0278      0.046      5.347      7.755        543 4.9046e-01 0.0000e+00
      5.459    12.3027     0.5783      5.392  40.688175     54.542      6.253   332.3747     0.9745    13.3782     0.0278      0.036      5.358      7.770        544 4.8882e-01 0.0000e+00
      5.477    12.3007     0.5959      5.556  40.720053     54.544      6.254   333.0562     1.0271    13.6199     0.0278      0.034      5.377      7.797        545 4.5705e-01 0.0000e+00
      5.511    12.3025     0.6182      5.764  40.728458     54.625      6.250   334.3054     1.0190    13.5393     0.0279      0.040      5.404      7.837        546 4.5714e-01 0.0000e+00
      5.540    12.3037     0.6494      6.054  40.677719     54.478      6.247   334.4190     1.0271    13.6065     0.0278      0.051      5.431      7.878        547 4.4505e-01 0.0000e+00
      5.564    12.2963     0.6791      6.329  40.753533     54.663      6.243   330.2547     1.0190    13.6065     0.0279      0.065      5.456      7.914        548 4.0533e-01 0.0000e+00
      5.590    12.2773     0.7034      6.553  40.723107     54.549      6.234   331.3147     1.1646    13.8348     0.0278      0.079      5.477      7.944        549 3.9140e-01 0.0000e+00
      5.602    12.2576     0.7239      6.744  40.685916     54.559      6.232   331.0876     1.1808    13.7676     0.0278      0.086      5.492      7.965        550 3.7938e-01 0.0000e+00
      5.608    12.2403     0.7458      6.947  40.710821     54.588      6.230   333.4726     1.1484    13.7810     0.0278      0.087      5.503      7.982        551 3.8041e-01 0.0000e+00
      5.625    12.2251     0.7638      7.115  40.840456     54.804      6.226   333.6240     1.1363    13.7945     0.0279      0.084      5.521      8.007        552 3.6185e-01 0.0000e+00
      5.657    12.2141     0.7753      7.226  41.384939     55.542      6.224   333.8512     1.1686    13.8079     0.0282      0.081      5.548      8.047        553 3.4315e-01 0.0000e+00
      5.691    12.2085     0.7894      7.358  41.991275     56.429      6.218   329.5354     1.0837    14.0227     0.0286      0.079      5.579      8.092        554 3.2964e-01 0.0000e+00
      5.719    12.2091     0.8090      7.541  42.073628     56.521      6.216   330.8226     1.1161    14.0093     0.0287      0.082      5.606      8.132        555 3.0921e-01 0.0000e+00
      5.744    12.2067     0.8187      7.631  41.964823     56.379      6.213   331.1633     1.0999    13.8885     0.0286      0.087      5.629      8.165        556 3.0001e-01 0.0000e+00
      5.760    12.1974     0.8227      7.671  41.948672     56.378      6.209   331.9961     1.0878    14.0765     0.0286      0.091      5.646      8.190        557 2.9261e-01 0.0000e+00
      5.769    12.1836     0.8467      7.896  41.915718     56.306      6.210   333.9269     0.9301    15.2984     0.0286      0.093      5.660      8.210        558 2.8017e-01 0.0000e+00
      5.788    12.1706     0.8563      7.986  42.005838     56.471      6.208   332.0340     0.8937    15.3790     0.0286      0.092      5.678      8.235        559 2.7476e-01 0.0000e+00
      5.812    12.1659     0.8596      8.017  41.895861     56.341      6.207   330.6711     0.8977    15.1910     0.0286      0.088      5.698      8.264        560 2.8264e-01 0.0000e+00
      5.829    12.1641     0.8632      8.050  41.607567     55.948      6.205   330.7469     0.8815    15.2984     0.0284      0.080      5.715      8.288        561 2.7028e-01 0.0000e+00
      5.841    12.1688     0.8669      8.082  41.533917     55.879      6.205   331.3147     0.9058    16.7083     0.0284      0.072      5.728      8.307        562 2.6303e-01 0.0000e+00
      5.852    12.1843     0.8657      8.068  41.661174     56.033      6.203   331.3147     0.9382    16.7889     0.0284      0.066      5.739      8.324        563 2.5738e-01 0.0000e+00
      5.864    12.1935     0.8717      8.124  41.716210     56.138      6.204   333.2076     0.8977    16.7486     0.0285      0.062      5.750      8.339        564 2.3946e-01 0.0000e+00
      5.872    12.1904     0.8730      8.133  41.673099     56.002      6.205   332.0719     0.9341    16.6278     0.0284      0.058      5.757      8.350        565 2.4454e-01 0.0000e+00
      5.876    12.1931     0.8780      8.177  41.685150     56.063      6.203   331.8447     0.9058    18.6151     0.0284      0.053      5.763      8.359        566 2.5865e-01 0.0000e+00
      5.883    12.2044     0.8908      8.299  41.671539     55.993      6.205   330.4819     0.8937    18.6554     0.0284      0.045      5.770      8.368        567 2.5293e-01 0.0000e+00
      5.891    12.2120     0.9050      8.426  41.630703     55.989      6.203   330.7847     0.9139    18.5345     0.0284      0.037      5.777      8.379        568 2.5812e-01 0.0000e+00
      5.898    12.2171     0.9263      8.618  41.557961     55.821      6.203   335.8576     0.9018    18.5748     0.0283      0.033      5.784      8.390        569 2.6629e-01 0.0000e+00
      5.907    12.2198     0.9471      8.809  41.524715     55.810      6.205   334.4190     0.9058    21.3813     0.0283      0.030      5.792      8.401        570 2.5635e-01 0.0000e+00
      5.915    12.2145     0.9660      8.984  41.494066     55.727      6.202   334.4569     0.8977    21.3544     0.0283      0.029      5.801      8.413        571 2.3892e-01 0.0000e+00
      5.924    12.2006     0.9959      9.261  41.299426     55.498      6.204   332.2990     0.9018    21.3410     0.0282      0.029      5.808      8.424        572 2.3136e-01 0.0000e+00
      5.929    12.1877     1.0423      9.690  41.143923     55.243      6.205   331.9583     0.9099    21.3275     0.0281      0.030      5.815      8.434        573 2.5487e-01 0.0000e+00
      5.936    12.1823     1.0931     10.159  41.123909     55.301      6.204   337.2205     1.0473    21.3275     0.0281      0.030      5.822      8.444        574 2.2673e-01 0.0000e+00
      5.946    12.1662     1.1487     10.674  41.087004     55.208      6.203   336.9176     1.0271    21.3544     0.0281      0.031      5.830      8.456        575 2.1306e-01 0.0000e+00
      5.952    12.1610     1.2069     11.214  41.041523     55.215      6.204   336.8419     1.0352    21.4081     0.0281      0.030      5.839      8.469        576 2.2609e-01 0.0000e+00
      5.964    12.1683     1.2632     11.736  41.091512     55.238      6.203   335.2897     1.0271    21.4081     0.0281      0.031      5.852      8.487        577 2.2905e-01 0.0000e+00
      5.985    12.1420     1.3210     12.272  40.846798     55.024      6.204   335.2140     1.0878    21.3813     0.0280      0.035      5.870      8.514        578 2.1786e-01 0.0000e+00
      6.008    12.1104     1.3678     12.706  40.278074     54.104      6.202   336.1983     0.9139    21.7438     0.0276      0.042      5.890      8.543        579 1.8704e-01 0.0000e+00
      6.025    12.0960     1.4155     13.149  40.197298     54.148      6.200   337.6747     0.9179    21.7975     0.0276      0.049      5.906      8.567        580 2.0154e-01 0.0000e+00
      6.036    12.0905     1.4464     13.435  40.294675     54.267      6.197   336.6526     0.8815    21.7572     0.0276      0.056      5.920      8.586        581 2.0034e-01 0.0000e+00
      6.049    12.0874     1.4635     13.594  40.216238     54.215      6.196   333.3212     0.8977    21.7170     0.0276      0.059      5.935      8.608        582 1.9296e-01 0.0000e+00
      6.073    12.0770     1.4740     13.690  40.116925     54.071      6.196   330.5576     0.8977    19.2194     0.0275      0.064      5.955      8.638        583 2.2219e-01 0.0000e+00
      6.096    12.0662     1.4797     13.744  40.002952     53.924      6.194   329.8761     0.9139    19.1254     0.0275      0.069      5.976      8.668        584 2.0063e-01 0.0000e+00
      6.113    12.0577     1.4761     13.710  39.913096     53.827      6.192   327.3019     0.9543    19.1925     0.0274      0.071      5.995      8.695        585 1.9328e-01 0.0000e+00
      6.134    12.0518     1.4688     13.642  39.872769     53.767      6.192   327.9076     0.8977    19.1119     0.0274      0.071      6.015      8.725        586 1.7492e-01 0.0000e+00
      6.157    12.0478     1.4599     13.559  39.934482     53.893      6.188   326.6961     0.8411    19.6893     0.0274      0.074      6.034      8.752        587 1.4650e-01 0.0000e+00
      6.168    12.0450     1.4450     13.421  39.865966     53.788      6.188   325.9768     0.8492    19.6893     0.0274      0.075      6.046      8.769        588 1.9632e-01 0.0000e+00
      6.170    12.0434     1.4346     13.324  39.869045     53.794      6.185   325.1440     0.8492    19.6893     0.0274      0.072      6.054      8.781        589 1.7854e-01 0.0000e+00
      6.184    12.0420     1.4274     13.256  39.960318     53.949      6.183   317.5725     0.8532    19.5685     0.0275      0.067      6.067      8.800        590 1.5196e-01 0.0000e+00
      6.208    12.0405     1.4223     13.208  39.960037     53.913      6.186   316.8911     0.9624    20.4682     0.0274      0.062      6.086      8.828        591 1.4359e-01 0.0000e+00
      6.228    12.0382     1.4101     13.095  39.928726     53.915      6.183   314.8847     0.9948    20.4144     0.0274      0.061      6.106      8.857        592 1.3535e-01 0.0000e+00
      6.246    12.0367     1.4059     13.056  39.880624     53.804      6.182   315.3390     0.9786    20.5084     0.0274      0.061      6.123      8.880        593 1.2480e-01 0.0000e+00
      6.256    12.0363     1.3964     12.967  39.930905     53.921      6.183   314.2032     0.9382    20.4413     0.0274      0.060      6.134      8.896        594 1.3818e-01 0.0000e+00
      6.261    12.0360     1.3925     12.931  39.925484     53.885      6.181   308.4489     0.9382    20.6024     0.0274      0.057      6.142      8.908        595 1.7329e-01 0.0000e+00
