Data/DataNotYetUploadedToEDI/Raw_CTD/RawDownloads/081618_fcr50.cnv
* Sea-Bird SBE19plus  Data File:
* FileName = C:\DATA\081618_bvr50_0002.hex
* Software version 2.6.3.104
* Temperature SN = 7809
* Conductivity SN = 7809
* System UpLoad Time = Aug 16 2018 20:44:35
* <ApplicationData>
* <Seaterm232>
# nquan = 17
# nvalues = 798                         
# units = specified
# name 0 = depFM: Depth [fresh water, m]
# name 1 = tv290C: Temperature [ITS-90, deg C]
# name 2 = sbeox0Mg/L: Oxygen, SBE 43 [mg/l]
# name 3 = sbeox0PS: Oxygen, SBE 43 [% saturation]
# name 4 = c0uS/cm: Conductivity [uS/cm]
# name 5 = specc: Specific Conductance [uS/cm]
# name 6 = ph: pH
# name 7 = orp: Oxidation Reduction Potential [mV]
# name 8 = flECO-AFL: Fluorescence, WET Labs ECO-AFL/FL [mg/m^3]
# name 9 = turbWETntu0: Turbidity, WET Labs ECO [NTU]
# name 10 = sal00: Salinity, Practical [PSU]
# name 11 = dz/dtM: Descent Rate [m/s]
# name 12 = prdM: Pressure, Strain Gauge [db]
# name 13 = prdE: Pressure, Strain Gauge [psi]
# name 14 = scan: Scan Count
# name 15 = par/sat/log: PAR/Logarithmic, Satlantic
# name 16 = flag:  0.000e+00
# span 0 =     -0.514,      9.681       
# span 1 =    11.7800,    32.3657       
# span 2 =     0.0456,    10.1027       
# span 3 =      0.423,    126.702       
# span 4 =   1.060709, 141.247330       
# span 5 =      0.955,    194.541       
# span 6 =      5.024,      8.290       
# span 7 = -1240.7455,   423.6107       
# span 8 =    -0.2062,     9.7533       
# span 9 =    -0.5466,   429.3489       
# span 10 =     0.0141,     0.0917      
# span 11 =     -0.173,      0.167      
# span 12 =     -0.504,      9.493      
# span 13 =     -0.731,     13.769      
# span 14 =          1,        798      
# span 15 = 1.2295e-01, 6.3441e+02      
# span 16 = 0.0000e+00, 0.0000e+00      
# interval = seconds: 0.25
# start_time = Aug 16 2018 21:51:19 [Instrument's time stamp, header]
# bad_flag = -9.990e-29
*END*
     -0.514    32.3459     7.6483    105.320   1.188183      1.003      6.287 -1240.7455    -0.1658    -0.0497     0.0142 -2.105e-16     -0.504     -0.731          1 5.7214e+02 0.0000e+00
     -0.513    32.3451     7.6475    105.307   1.268510      1.149      6.279 -1240.7455    -0.1779    -0.0632     0.0142      0.000     -0.503     -0.730          2 5.3427e+02 0.0000e+00
     -0.513    32.3453     7.6469    105.297   1.206213      1.004      6.281 -1240.7455    -0.2062    -0.0095     0.0142      0.000     -0.503     -0.730          3 3.2496e+02 0.0000e+00
     -0.513    32.3453     7.6470    105.298   1.413743      1.271      6.283 -1240.7455    -0.1738    -0.1974     0.0142      0.000     -0.503     -0.730          4 3.4010e+02 0.0000e+00
     -0.512    32.3454     7.6468    105.294   1.483950      1.271      6.285 -1240.7455    -0.1900    -0.3317     0.0142      0.001     -0.503     -0.730          5 3.6724e+02 0.0000e+00
     -0.513    32.3462     7.6480    105.312   1.444515      1.271      6.284 -1240.7455    -0.1455    -0.3720     0.0142      0.001     -0.503     -0.730          6 1.8400e+02 0.0000e+00
     -0.512    32.3472     7.6468    105.295   1.403605      1.223      6.287 -1240.7455    -0.1658    -0.3586     0.0142      0.001     -0.502     -0.729          7 4.5514e+01 0.0000e+00
     -0.512    32.3483     7.6454    105.276   1.327614      1.150      6.290 -1240.7455    -0.1819    -0.2512     0.0142      0.001     -0.502     -0.729          8 1.7600e+02 0.0000e+00
     -0.513    32.3494     7.6472    105.302   1.391051      1.222      6.289 -1240.7455    -0.1860    -0.3586     0.0142      0.000     -0.502     -0.729          9 4.6634e+02 0.0000e+00
     -0.512    32.3489     7.6472    105.304   1.324659      1.149      6.290 -1240.7455    -0.1860    -0.3452     0.0142      0.000     -0.502     -0.729         10 3.9102e+02 0.0000e+00
     -0.512    32.3481     7.6464    105.291   1.321416      1.149      6.287 -1240.7455    -0.1496    -0.2780     0.0142      0.000     -0.502     -0.729         11 4.9596e+02 0.0000e+00
     -0.513    32.3464     7.6811    105.311   1.306265      1.149      6.285 -1240.7455    -0.1658    -0.2512     0.0142      0.000     -0.503     -0.730         12 5.9344e+02 0.0000e+00
     -0.513    32.3463     7.8539    105.448   1.225088      1.052      6.289 -1240.7455    -0.1617    -0.2512     0.0142     -0.000     -0.503     -0.730         13 5.3122e+02 0.0000e+00
     -0.512    32.3455     8.0126    105.502   1.185588      1.052      6.287 -1240.7455    -0.1981    -0.2914     0.0142     -0.000     -0.503     -0.729         14 5.4777e+02 0.0000e+00
     -0.513    32.3467     8.1183    105.530   1.177784      1.004      6.287 -1240.7455    -0.1698    -0.3317     0.0142     -0.000     -0.503     -0.729         15 5.8539e+02 0.0000e+00
     -0.513    32.3440     8.1887    105.527   1.175588      1.052      6.289 -1240.7455    -0.1496    -0.2914     0.0142     -0.000     -0.503     -0.729         16 5.9769e+02 0.0000e+00
     -0.513    32.3485     8.2447    105.528   1.129108      0.955      6.291 -1240.7455    -0.1698    -0.3854     0.0142     -0.000     -0.503     -0.729         17 6.3333e+02 0.0000e+00
     -0.513    32.3416     8.2949    105.550   1.176414      1.052      6.291 -1240.7455    -0.1779    -0.2914     0.0142     -0.000     -0.503     -0.729         18 5.4812e+02 0.0000e+00
     -0.512    32.3538     8.3295    105.542   1.175928      1.004      6.291 -1240.7455    -0.1819    -0.2109     0.0142      0.000     -0.503     -0.729         19 2.7010e+02 0.0000e+00
     -0.513    32.3362     8.3599    105.640   1.129713      1.004      6.289 -1240.7455    -0.1779    -0.3183     0.0142      0.000     -0.503     -0.729         20 4.0940e+02 0.0000e+00
     -0.512    32.3657     8.3884    105.864   1.174716      1.004      6.284 -1240.7455    -0.2021    -0.4929     0.0142      0.000     -0.502     -0.729         21 5.8635e+02 0.0000e+00
     -0.512    32.0425     8.4117    106.106   1.060709      0.955      6.283 -1240.7455    -0.1779    -0.4660     0.0142      0.000     -0.500     -0.725         22 5.8133e+02 0.0000e+00
     -0.507    30.8800     8.4307    106.346   1.271592      1.052      5.890 -1240.7455    -0.1738    -0.5197     0.0142      0.002     -0.487     -0.706         23 6.0532e+02 0.0000e+00
     -0.468    29.7139     8.4599    106.706   1.652446      1.521      5.024 -1240.7455    -0.1738    -0.5466     0.0141      0.013     -0.454     -0.659         24 6.1976e+02 0.0000e+00
     -0.416    28.9906     8.4840    107.026  13.883835     11.722      6.395 -1240.7455    -0.1819     0.7559     0.0164      0.035     -0.406     -0.589         25 6.3062e+02 0.0000e+00
     -0.358    28.4840     8.4899    107.128  33.661064     31.718      7.163   423.6107    -0.1536     0.7291     0.0235      0.065     -0.354     -0.513         26 6.2597e+02 0.0000e+00
     -0.307    28.1021     8.4945    107.191  39.069615     35.725      7.614   374.2827    -0.1819     0.7828     0.0249      0.099     -0.306     -0.443         27 6.3441e+02 0.0000e+00
     -0.269    27.7695     8.4950    107.224  38.221245     36.003      7.840   349.3726    -0.1617     0.7559     0.0249      0.130     -0.266     -0.385         28 6.2383e+02 0.0000e+00
     -0.234    27.5313     8.4931    107.219  38.691398     36.265      7.976   342.1798    -0.1698     0.8365     0.0249      0.154     -0.233     -0.336         29 6.2015e+02 0.0000e+00
     -0.207    27.3799     8.4321    106.456  38.336422     36.413      8.037   331.5419     0.3316    43.7791     0.0249      0.167     -0.203     -0.295         30 6.2806e+02 0.0000e+00
     -0.180    27.3054     8.3416    105.314  38.574194     36.658      8.067   326.3554     0.3518    44.0208     0.0250      0.166     -0.176     -0.256         31 6.2870e+02 0.0000e+00
     -0.152    27.2791     8.3358    105.250  38.514269     36.791      8.052   322.3426     0.3437    43.9133     0.0250      0.154     -0.152     -0.220         32 6.2672e+02 0.0000e+00
     -0.134    27.2775     8.2799    104.508  38.589049     36.869      8.043   320.5254     0.3518    43.9402     0.0250      0.135     -0.128     -0.185         33 6.2271e+02 0.0000e+00
     -0.101    27.2748     8.1564    102.893  38.570161     36.889      8.028   317.6861     2.1270     0.5545     0.0250      0.120     -0.099     -0.143         34 6.2170e+02 0.0000e+00
     -0.067    27.2824     8.0918    102.040  38.626777     36.942      7.993   317.9133     2.1270     0.6351     0.0250      0.112     -0.068     -0.098         35 6.2539e+02 0.0000e+00
     -0.040    27.2962     8.0367    101.328  38.696569     36.998      7.970   317.2697     2.1189     0.6351     0.0250      0.109     -0.043     -0.062         36 6.2503e+02 0.0000e+00
     -0.024    27.3010     7.9644    100.434  38.809591     37.126      7.947   309.1304     2.1189     0.6888     0.0251      0.106     -0.024     -0.035         37 6.1943e+02 0.0000e+00
     -0.007    27.3125     7.8539     99.054  38.812402     37.089      7.935   308.9032     2.3413     0.6082     0.0251      0.102     -0.010     -0.015         38 6.1222e+02 0.0000e+00
     -0.001    27.3239     7.7258     97.463  38.900700     37.194      7.922   306.9725     2.3251     0.5142     0.0251      0.094     -0.003     -0.005         39 6.0882e+02 0.0000e+00
     -0.002    27.3264     7.5877     95.751  38.996325     37.264      7.920   306.2532     2.3130     0.6082     0.0252      0.081     -0.002     -0.002         40 6.0042e+02 0.0000e+00
     -0.001    27.3287     7.4095     93.519  38.990017     37.257      7.920   305.5718     2.3170     0.5545     0.0252      0.065     -0.001     -0.001         41 5.8893e+02 0.0000e+00
     -0.001    27.3317     7.2640     91.691  38.878884     37.148      7.922   305.8368     2.5394     0.6082     0.0251      0.046     -0.001     -0.001         42 5.7694e+02 0.0000e+00
     -0.001    27.3131     7.1450     90.197  38.749015     37.014      7.926   305.3446     2.5111     0.5814     0.0251      0.028     -0.001     -0.000         43 5.5321e+02 0.0000e+00
      0.000    27.2828     7.0650     89.194  38.617714     36.903      7.932   305.0039     2.5192     0.5142     0.0250      0.016     -0.000      0.000         44 5.2645e+02 0.0000e+00
      0.000    27.2611     7.0229     88.664  38.538033     36.810      7.940   306.0639     2.5192     0.6351     0.0250      0.008      0.000      0.001         45 4.9111e+02 0.0000e+00
      0.001    27.2527     6.9864     88.199  38.551566     36.885      7.944   305.9504     2.5354     0.5814     0.0250      0.003      0.001      0.002         46 4.4534e+02 0.0000e+00
      0.002    27.2611     6.9314     87.501  38.541560     36.847      7.947   304.2846     2.5192     0.5411     0.0250      0.002      0.001      0.002         47 3.9676e+02 0.0000e+00
      0.001    27.2702     6.8733     86.760  38.580157     36.934      7.940   306.7075     2.5435     0.6082     0.0250      0.002      0.001      0.002         48 3.4113e+02 0.0000e+00
      0.001    27.2834     6.8030     85.865  38.592523     36.900      7.928   304.7768     2.5192     0.5142     0.0250      0.001      0.001      0.002         49 2.9663e+02 0.0000e+00
      0.001    27.3011     6.7124     84.715  38.674479     37.001      7.926   304.1332     2.4869     0.5545     0.0250      0.001      0.001      0.002         50 2.6520e+02 0.0000e+00
      0.001    27.3110     6.6347     83.729  38.745117     37.045      7.926   302.5054     2.4747     0.6351     0.0251      0.001      0.001      0.002         51 2.3996e+02 0.0000e+00
      0.002    27.3164     6.6266     83.627  38.801229     37.086      7.926   302.2403     2.4828     0.5277     0.0251      0.001      0.002      0.003         52 2.2758e+02 0.0000e+00
      0.002    27.3217     6.7086     84.661  38.871601     37.159      7.928   304.0575     2.4869     0.5142     0.0251      0.001      0.002      0.003         53 2.2436e+02 0.0000e+00
      0.002    27.3257     6.8608     86.587  38.865170     37.129      7.929   303.5275     2.4343     0.5142     0.0251      0.000      0.002      0.003         54 2.2698e+02 0.0000e+00
      0.002    27.3264     7.0451     88.929  38.898215     37.178      7.927   303.1111     2.5030     0.5142     0.0251      0.000      0.002      0.003         55 2.3238e+02 0.0000e+00
      0.002    27.3243     7.2783     91.892  38.919462     37.175      7.929   301.4453     2.5111     0.6351     0.0251      0.001      0.002      0.004         56 2.3853e+02 0.0000e+00
      0.003    27.3212     7.5309     95.094  38.898052     37.175      7.933   300.6882     2.5394     0.5814     0.0251      0.001      0.002      0.004         57 2.4324e+02 0.0000e+00
      0.003    27.3168     7.7288     97.603  38.865533     37.123      7.939   299.8932     2.5152     0.5545     0.0251      0.001      0.002      0.004         58 2.4814e+02 0.0000e+00
      0.003    27.3119     7.8692     99.401  38.870944     37.152      7.948   301.3318     2.4990     0.5545     0.0251      0.000      0.002      0.004         59 2.5199e+02 0.0000e+00
      0.003    27.3073     7.9772    100.793  38.861658     37.128      7.949   302.3161     2.5273     0.5545     0.0251      0.000      0.002      0.004         60 2.5507e+02 0.0000e+00
      0.003    27.3043     8.0563    101.811  38.906755     37.185      7.949   302.1268     2.5556     0.5948     0.0251      0.000      0.002      0.004         61 2.5761e+02 0.0000e+00
      0.003    27.3040     8.1103    102.501  38.992800     37.269      7.958   302.0889     2.5273     0.5814     0.0252      0.000      0.003      0.004         62 2.5968e+02 0.0000e+00
      0.003    27.3040     8.1411    102.893  39.051203     37.324      7.959   302.4675     2.5597     0.5948     0.0252      0.000      0.003      0.004         63 2.6204e+02 0.0000e+00
      0.003    27.3069     8.1441    102.930  39.160362     37.431      7.963   301.9753     2.5920     0.4874     0.0252      0.000      0.003      0.004         64 2.6334e+02 0.0000e+00
      0.004    27.3167     8.1108    102.505  39.272232     37.538      7.972   302.0132     2.5960     0.5142     0.0253      0.000      0.003      0.005         65 2.6504e+02 0.0000e+00
      0.004    27.3291     8.0514    101.746  39.386588     37.643      7.979   301.3318     2.6001     0.6619     0.0253      0.000      0.003      0.005         66 2.6486e+02 0.0000e+00
      0.003    27.3361     7.9614    100.597  39.462989     37.716      7.984   301.6725     2.5839     0.5277     0.0253      0.000      0.003      0.004         67 2.6361e+02 0.0000e+00
      0.003    27.3422     7.8324     98.956  39.533104     37.761      7.984   300.7261     2.5718     0.4874     0.0254      0.000      0.003      0.004         68 2.6131e+02 0.0000e+00
      0.004    27.3562     7.6906     97.157  39.566296     37.809      7.984   299.3253     2.5880     0.5277     0.0254      0.000      0.003      0.005         69 2.5654e+02 0.0000e+00
      0.004    27.3719     7.5356     95.192  39.540332     37.751      7.982   298.9089     2.5960     0.6082     0.0254      0.000      0.003      0.005         70 2.5029e+02 0.0000e+00
      0.004    27.3819     7.3886     93.327  39.565411     37.794      7.985   298.6061     2.5880     0.6082     0.0254      0.000      0.003      0.005         71 2.4265e+02 0.0000e+00
      0.003    27.3860     7.2548     91.628  39.594406     37.783      7.985   298.1896     2.5880     0.5545     0.0254      0.000      0.003      0.005         72 2.3588e+02 0.0000e+00
      0.004    27.3872     7.1382     90.145  39.622894     37.829      7.981   298.0761     2.5839     0.5142     0.0254     -0.000      0.003      0.005         73 2.2967e+02 0.0000e+00
      0.004    27.3873     7.0660     89.227  39.589279     37.773      7.988   297.9625     2.5799     0.6351     0.0254      0.000      0.003      0.005         74 2.2502e+02 0.0000e+00
      0.004    27.3849     7.0397     88.890  39.576911     37.772      7.998   296.4103     2.5839     0.4605     0.0254      0.000      0.003      0.005         75 2.2376e+02 0.0000e+00
      0.003    27.3802     7.0650     89.206  39.578958     37.772      8.005   296.6753     2.6001     0.5814     0.0254      0.000      0.003      0.005         76 2.2518e+02 0.0000e+00
      0.004    27.3738     7.1223     89.930  39.586731     37.774      8.015   297.3946     2.5799     0.4874     0.0254     -0.000      0.003      0.005         77 2.2927e+02 0.0000e+00
      0.004    27.3674     7.2064     90.994  39.626567     37.830      8.012   298.6439     2.6041     0.5142     0.0254      0.000      0.004      0.005         78 2.3540e+02 0.0000e+00
      0.004    27.3630     7.2982     92.161  39.588714     37.782      8.010   298.6818     2.6122     0.5948     0.0254      0.000      0.004      0.005         79 2.4275e+02 0.0000e+00
      0.004    27.3592     7.3739     93.125  39.574515     37.786      8.008   297.4325     2.6486     0.6082     0.0254      0.000      0.003      0.005         80 2.5052e+02 0.0000e+00
      0.003    27.3541     7.4278     93.814  39.584913     37.789      8.011   297.2432     2.6567     0.5411     0.0254     -0.000      0.003      0.005         81 2.5829e+02 0.0000e+00
      0.004    27.3482     7.4540     94.147  39.575776     37.792      8.016   297.3189     2.6486     0.5142     0.0254     -0.000      0.003      0.005         82 2.6595e+02 0.0000e+00
      0.003    27.3425     7.4497     94.094  39.585887     37.796      8.022   298.0382     2.6891     0.5142     0.0254     -0.000      0.003      0.005         83 2.7349e+02 0.0000e+00
      0.004    27.3385     7.4131     93.635  39.631659     37.853      8.026   298.0382     2.6769     0.5814     0.0254     -0.000      0.003      0.005         84 2.8110e+02 0.0000e+00
      0.004    27.3356     7.3598     92.971  39.637471     37.858      8.032   297.5461     2.6527     0.6351     0.0254     -0.000      0.003      0.005         85 2.8918e+02 0.0000e+00
