Data/DataNotYetUploadedToEDI/Raw_CTD/RawDownloads/081720_fcr50.cnv
* Sea-Bird SBE19plus  Data File:
* FileName = C:\DATA\081720_fcr50_0002.hex
* Software version 2.8.0.119
* Temperature SN = 7809
* Conductivity SN = 7809
* System UpLoad Time = Aug 17 2020 10:06:07
* <ApplicationData>
* <Seaterm232>
# nquan = 16
# nvalues = 5918                        
# units = specified
# name 0 = depFM: Depth [fresh water, m]
# name 1 = dz/dtM: Descent Rate [m/s]
# name 2 = sbeox0ML/L: Oxygen, SBE 43 [ml/l]
# name 3 = sbeox0PS: Oxygen, SBE 43 [% saturation]
# name 4 = specc: Specific Conductance [uS/cm]
# name 5 = c0uS/cm: Conductivity [uS/cm]
# name 6 = flECO-AFL: Fluorescence, WET Labs ECO-AFL/FL [mg/m^3]
# name 7 = ph: pH
# name 8 = orp: Oxidation Reduction Potential [mV]
# name 9 = par/sat/log: PAR/Logarithmic, Satlantic
# name 10 = turbWETntu0: Turbidity, WET Labs ECO [NTU]
# name 11 = prdM: Pressure, Strain Gauge [db]
# name 12 = prdE: Pressure, Strain Gauge [psi]
# name 13 = tv290C: Temperature [ITS-90, deg C]
# name 14 = density00: Density [density, kg/m^3]
# name 15 = flag:  0.000e+00
# span 0 =     -0.661,      9.639       
# span 1 =     -4.749,      4.793       
# span 2 =     0.0256,     5.6090       
# span 3 =      0.378,     92.662       
# span 4 =      2.154,    200.347       
# span 5 =   2.033660, 146.798158       
# span 6 =    -3.0110,   259.8229       
# span 7 =     12.350,     13.246       
# span 8 = -1240.7455,  1210.0432       
# span 9 = 1.2349e-01, 1.2706e+03       
# span 10 =    -5.4652,   936.4474      
# span 11 =     -0.649,      9.453      
# span 12 =     -0.941,     13.711      
# span 13 =    11.5281,    23.2488      
# span 14 =   997.4971,   999.6641      
# span 15 = 0.0000e+00, 0.0000e+00      
# interval = seconds: 0.25
# start_time = Aug 16 2020 20:25:40 [Instrument's time stamp, header]
# bad_flag = -9.990e-29
*END*
[from data line 904]
      1.850      0.006     4.5575     76.376     32.874  31.697887     3.2934     12.657   192.4930 2.7498e+01     5.8884      1.814      2.632    23.2044   997.5164 0.0000e+00
      1.851      0.006     4.5623     76.380     32.892  31.715095     3.2733     12.657   192.1143 2.7474e+01     5.8309      1.814      2.631    23.2045   997.5164 0.0000e+00
      1.852      0.006     4.5639     76.380     32.911  31.732824     3.2924     12.657   192.1721 2.7411e+01     5.9076      1.816      2.633    23.2044   997.5164 0.0000e+00
      1.853      0.007     4.5647     76.391     32.900  31.721914     3.3435     12.657   192.4179 2.7341e+01     6.0602      1.817      2.635    23.2043   997.5165 0.0000e+00
      1.854      0.008     4.5668     76.396     32.888  31.710067     3.3670     12.658   192.7633 2.7280e+01     6.0974      1.818      2.636    23.2044   997.5164 0.0000e+00
      1.856      0.009     4.5664     76.376     32.895  31.716477     3.3573     12.658   192.8199 2.7157e+01     6.0819      1.820      2.639    23.2043   997.5165 0.0000e+00
      1.859      0.010     4.5657     76.315     32.915  31.735974     3.3596     12.658   192.4139 2.6992e+01     6.2847      1.824      2.645    23.2043   997.5165 0.0000e+00
      1.863      0.011     4.5672     76.200     32.935  31.755471     3.3950     12.658   192.1567 2.6862e+01     6.6617      1.827      2.650    23.2041   997.5166 0.0000e+00
      1.865      0.011     4.5678     76.075     32.942  31.761872     3.4224     12.657   192.2908 2.6741e+01     6.8636      1.829      2.653    23.2040   997.5166 0.0000e+00
      1.868      0.010     4.5668     75.999     32.930  31.749922     3.4146     12.657   192.4864 2.6610e+01     6.8372      1.833      2.657    23.2039   997.5166 0.0000e+00
      1.871      0.009     4.5641     75.981     32.917  31.737876     3.3775     12.657   192.6290 2.6473e+01     6.7208      1.835      2.662    23.2038   997.5167 0.0000e+00
      1.873      0.008     4.5561     76.004     32.922  31.743114     3.3262     12.657   192.7253 2.6355e+01     6.6235      1.838      2.665    23.2037   997.5167 0.0000e+00
      1.875      0.008     4.5467     76.064     32.929  31.749818     3.3001     12.658   192.7901 2.6303e+01     6.6217      1.840      2.668    23.2038   997.5167 0.0000e+00
      1.877      0.007     4.5422     76.155     32.935  31.755481     3.3001     12.658   192.7238 2.6260e+01     6.6644      1.841      2.670    23.2038   997.5167 0.0000e+00
      1.878      0.006     4.5420     76.266     32.928  31.748144     3.3071     12.658   192.6985 2.6190e+01     6.6590      1.842      2.671    23.2039   997.5167 0.0000e+00
      1.880      0.006     4.5429     76.381     32.903  31.724544     3.3274     12.658   192.7430 2.6132e+01     6.6265      1.843      2.673    23.2037   997.5167 0.0000e+00
      1.881      0.006     4.5468     76.450     32.903  31.723920     3.3549     12.658   192.7440 2.6086e+01     6.6137      1.845      2.677    23.2033   997.5169 0.0000e+00
      1.883      0.006     4.5527     76.420     32.920  31.740598     3.3728     12.658   193.2273 2.5996e+01     6.6075      1.847      2.679    23.2031   997.5169 0.0000e+00
      1.885      0.006     4.5592     76.305     32.915  31.735861     3.3531     12.658   193.9400 2.5897e+01     6.5860      1.849      2.682    23.2031   997.5169 0.0000e+00
      1.887      0.005     4.5673     76.156     32.909  31.730083     3.3076     12.658   193.9625 2.5842e+01     6.5600      1.850      2.684    23.2030   997.5169 0.0000e+00
      1.887      0.005     4.5732     76.015     32.913  31.734186     3.2888     12.659   193.5850 2.5803e+01     6.6012      1.851      2.684    23.2030   997.5169 0.0000e+00
      1.888      0.005     4.5709     75.901     32.901  31.722027     3.2879     12.659   193.3343 2.5772e+01     6.6722      1.852      2.685    23.2029   997.5170 0.0000e+00
      1.889      0.006     4.5625     75.823     32.888  31.709963     3.2781     12.659   193.1683 2.5741e+01     6.6631      1.853      2.687    23.2030   997.5169 0.0000e+00
      1.890      0.007     4.5526     75.775     32.893  31.715210     3.3042     12.659   193.4707 2.5669e+01     6.5941      1.854      2.689    23.2032   997.5169 0.0000e+00
      1.892      0.008     4.5441     75.774     32.900  31.722017     3.3744     12.658   194.2367 2.5547e+01     6.5599      1.855      2.690    23.2036   997.5168 0.0000e+00
      1.895      0.010     4.5367     75.814     32.908  31.728824     3.4204     12.658   194.6864 2.5436e+01     6.5919      1.859      2.696    23.2039   997.5167 0.0000e+00
      1.898      0.010     4.5329     75.852     32.913  31.734066     3.4317     12.658   194.6925 2.5347e+01     6.6382      1.862      2.700    23.2038   997.5168 0.0000e+00
      1.901      0.010     4.5292     75.871     32.901  31.721965     3.3974     12.658   194.4822 2.5210e+01     6.6395      1.864      2.702    23.2036   997.5168 0.0000e+00
      1.904      0.010     4.5286     75.843     32.887  31.709391     3.3297     12.658   194.2085 2.5084e+01     6.6067      1.867      2.708    23.2035   997.5169 0.0000e+00
      1.907      0.009     4.5335     75.791     32.887  31.708928     3.2991     12.657   193.9646 2.5025e+01     6.6195      1.870      2.713    23.2035   997.5169 0.0000e+00
      1.909      0.007     4.5345     75.774     32.895  31.716364     3.2951     12.656   194.0285 2.4959e+01     6.6573      1.871      2.714    23.2036   997.5169 0.0000e+00
      1.910      0.006     4.5375     75.814     32.915  31.735851     3.2901     12.656   194.4648 2.4902e+01     6.5827      1.872      2.716    23.2038   997.5168 0.0000e+00
      1.912      0.005     4.5352     75.886     32.934  31.754212     3.2871     12.657   194.7655 2.4875e+01     6.4389      1.875      2.719    23.2038   997.5168 0.0000e+00
      1.912      0.005     4.5300     75.942     32.927  31.748029     3.2780     12.658   194.9110 2.4845e+01     6.3604      1.876      2.720    23.2038   997.5168 0.0000e+00
      1.913      0.005     4.5290     75.987     32.903  31.724543     3.2750     12.658   194.7619 2.4815e+01     6.3553      1.875      2.720    23.2039   997.5168 0.0000e+00
      1.914      0.005     4.5313     76.043     32.903  31.724024     3.2986     12.658   194.4245 2.4747e+01     6.3768      1.877      2.722    23.2038   997.5169 0.0000e+00
      1.916      0.006     4.5378     76.096     32.921  31.741753     3.3350     12.658   194.4458 2.4661e+01     6.3799      1.880      2.726    23.2037   997.5169 0.0000e+00
      1.918      0.007     4.5406     76.110     32.928  31.748569     3.3521     12.658   194.5891 2.4617e+01     6.3584      1.881      2.728    23.2036   997.5169 0.0000e+00
      1.919      0.008     4.5424     76.068     32.922  31.742991     3.3530     12.658   194.7808 2.4559e+01     6.3234      1.881      2.728    23.2035   997.5169 0.0000e+00
      1.921      0.009     4.5463     75.998     32.917  31.737751     3.3557     12.657   195.0425 2.4441e+01     6.3333      1.883      2.732    23.2032   997.5171 0.0000e+00
      1.924      0.010     4.5504     75.936     32.928  31.748664     3.3563     12.657   195.1726 2.4359e+01     6.3753      1.886      2.737    23.2028   997.5172 0.0000e+00
      1.926      0.011     4.5518     75.923     32.928  31.748041     3.3507     12.658   195.1490 2.4274e+01     6.3858      1.889      2.739    23.2029   997.5171 0.0000e+00
      1.929      0.012     4.5482     75.989     32.910  31.730217     3.3452     12.658   194.7567 2.4122e+01     6.3912      1.891      2.743    23.2027   997.5172 0.0000e+00
      1.933      0.012     4.5435     76.094     32.903  31.723496     3.3463     12.658   194.3871 2.3973e+01     6.4057      1.894      2.748    23.2028   997.5172 0.0000e+00
      1.936      0.012     4.5391     76.188     32.910  31.730218     3.3837     12.658   194.5525 2.3832e+01     6.5274      1.897      2.753    23.2029   997.5172 0.0000e+00
      1.939      0.011     4.5368     76.254     32.928  31.748050     3.4539     12.658   194.7780 2.3723e+01     6.7299      1.902      2.759    23.2026   997.5173 0.0000e+00
      1.942      0.010     4.5423     76.295     32.928  31.748768     3.4890     12.658   194.7900 2.3653e+01     6.8274      1.905      2.763    23.2026   997.5173 0.0000e+00
      1.944      0.010     4.5500     76.333     32.918  31.738906     3.4850     12.658   194.9566 2.3554e+01     6.8487      1.906      2.765    23.2027   997.5173 0.0000e+00
      1.947      0.010     4.5554     76.379     32.936  31.755699     3.4528     12.658   194.8126 2.3457e+01     6.7475      1.909      2.769    23.2026   997.5173 0.0000e+00
      1.949      0.010     4.5597     76.408     32.942  31.761478     3.3945     12.658   194.1676 2.3395e+01     6.5300      1.911      2.772    23.2025   997.5173 0.0000e+00
      1.950      0.011     4.5614     76.387     32.925  31.745331     3.3630     12.657   194.0409 2.3286e+01     6.4172      1.911      2.772    23.2028   997.5173 0.0000e+00
      1.954      0.012     4.5631     76.339     32.931  31.750798     3.3578     12.656   194.3989 2.3136e+01     6.3790      1.916      2.779    23.2031   997.5172 0.0000e+00
      1.957      0.012     4.5666     76.281     32.945  31.764131     3.3784     12.656   194.6252 2.3031e+01     6.3078      1.920      2.784    23.2030   997.5173 0.0000e+00
      1.960      0.012     4.5699     76.192     32.962  31.779649     3.4221     12.656   194.7981 2.2905e+01     6.2431      1.921      2.787    23.2030   997.5173 0.0000e+00
      1.964      0.011     4.5673     76.078     32.996  31.811533     3.4373     12.656   194.6821 2.2774e+01     6.2141      1.927      2.795    23.2029   997.5173 0.0000e+00
      1.967      0.010     4.5639     75.964     33.019  31.832412     3.4284     12.657   194.1690 2.2710e+01     6.1976      1.930      2.799    23.2025   997.5174 0.0000e+00
      1.969      0.009     4.5618     75.859     33.030  31.841758     3.4195     12.657   193.8421 2.2654e+01     6.1814      1.931      2.800    23.2023   997.5175 0.0000e+00
      1.971      0.008     4.5558     75.757     33.051  31.861090     3.4163     12.658   193.9134 2.2592e+01     6.1897      1.934      2.805    23.2015   997.5177 0.0000e+00
      1.973      0.007     4.5486     75.666     33.068  31.875823     3.4278     12.658   194.2573 2.2534e+01     6.1957      1.935      2.807    23.2003   997.5180 0.0000e+00
      1.974      0.007     4.5415     75.592     33.087  31.892996     3.4342     12.658   194.5587 2.2466e+01     6.1499      1.937      2.808    23.1984   997.5185 0.0000e+00
      1.976      0.007     4.5361     75.502     33.137  31.941837     3.4366     12.658   194.3737 2.2405e+01     6.1855      1.939      2.812    23.1957   997.5191 0.0000e+00
      1.978      0.008     4.5297     75.328     33.221  32.022244     3.4563     12.659   193.9999 2.2352e+01     6.3511      1.940      2.814    23.1939   997.5196 0.0000e+00
      1.980      0.009     4.5241     75.070     33.306  32.103854     3.4731     12.659   193.9101 2.2293e+01     6.5046      1.942      2.816    23.1922   997.5201 0.0000e+00
      1.982      0.011     4.5202     74.745     33.442  32.230672     3.4870     12.659   194.2349 2.2237e+01     6.5999      1.944      2.819    23.1900   997.5204 0.0000e+00
      1.984      0.013     4.5175     74.309     33.642  32.413561     3.4907     12.660   194.6569 2.2113e+01     6.6103      1.945      2.821    23.1895   997.5206 0.0000e+00
      1.989      0.014     4.5069     73.734     33.792  32.538646     3.4892     12.660   194.6252 2.1914e+01     6.6304      1.950      2.829    23.1906   997.5205 0.0000e+00
      1.994      0.014     4.4893     72.964     33.945  32.664442     3.5161     12.660   194.4532 2.1749e+01     6.7400      1.957      2.838    23.1910   997.5204 0.0000e+00
      1.998      0.014     4.4731     71.863     34.096  32.792471     3.5488     12.660   194.3845 2.1620e+01     6.8373      1.960      2.843    23.1866   997.5215 0.0000e+00
      2.002      0.014     4.4475     70.314     34.200  32.881104     3.5613     12.660   194.3970 2.1521e+01     6.8798      1.963      2.848    23.1752   997.5243 0.0000e+00
      2.004      0.013     4.4168     68.279     34.365  33.038154     3.5520     12.660   194.5178 2.1430e+01     6.8768      1.965      2.850    23.1405   997.5327 0.0000e+00
      2.007      0.011     4.3776     65.824     34.497  33.168583     3.5416     12.662   194.4690 2.1334e+01     6.8344      1.968      2.854    23.1034   997.5415 0.0000e+00
      2.010      0.011     4.3160     63.086     34.582  33.252602     3.5494     12.662   194.4085 2.1259e+01     6.8129      1.971      2.859    23.0818   997.5467 0.0000e+00
      2.013      0.012     4.2256     60.133     34.762  33.419529     3.5609     12.660   194.5608 2.1164e+01     6.8573      1.973      2.862    23.0594   997.5521 0.0000e+00
      2.016      0.013     4.1026     57.024     34.909  33.537186     3.5471     12.660   194.6760 2.1059e+01     6.9938      1.977      2.868    23.0617   997.5516 0.0000e+00
      2.019      0.014     3.9500     53.937     34.944  33.533056     3.5070     12.662   194.8554 2.0957e+01     7.1928      1.980      2.872    23.0733   997.5489 0.0000e+00
      2.023      0.014     3.7850     51.005     35.013  33.559880     3.4758     12.663   195.0950 2.0820e+01     7.3068      1.983      2.876    23.0736   997.5489 0.0000e+00
      2.027      0.014     3.6086     48.254     35.100  33.607668     3.4753     12.664   194.9053 2.0683e+01     7.3425      1.988      2.884    23.0765   997.5482 0.0000e+00
      2.031      0.013     3.4185     45.642     35.191  33.666649     3.4912     12.665   194.7127 2.0580e+01     7.3152      1.992      2.889    23.0380   997.5575 0.0000e+00
      2.034      0.012     3.2352     43.135     35.318  33.765372     3.4966     12.666   195.0035 2.0506e+01     7.1826      1.996      2.893    22.9709   997.5734 0.0000e+00
      2.036      0.010     3.0617     40.830     35.435  33.849531     3.4927     12.667   195.3240 2.0459e+01     7.0787      1.998      2.897    22.9216   997.5851 0.0000e+00
      2.038      0.010     2.9002     38.898     35.609  33.986212     3.4919     12.669   195.4049 2.0395e+01     7.0550      1.999      2.899    22.8643   997.5986 0.0000e+00
      2.041      0.010     2.7474     37.388     35.806  34.148896     3.4589     12.670   195.2938 2.0311e+01     6.9635      2.001      2.902    22.8236   997.6082 0.0000e+00
      2.043      0.010     2.5946     36.183     35.912  34.230206     3.3884     12.670   195.2700 2.0256e+01     6.7629      2.003      2.907    22.8026   997.6132 0.0000e+00
      2.045      0.011     2.4534     35.169     35.968  34.271317     3.3454     12.670   195.3757 2.0166e+01     6.6205      2.005      2.909    22.7570   997.6239 0.0000e+00
      2.048      0.011     2.3370     34.272     35.962  34.265233     3.3407     12.669   195.4533 2.0022e+01     6.5807      2.009      2.913    22.7113   997.6347 0.0000e+00
      2.052      0.011     2.2518     33.431     35.896  34.220098     3.3495     12.668   195.8643 1.9914e+01     6.5562      2.013      2.918    22.6815   997.6418 0.0000e+00
      2.055      0.011     2.1825     32.614     35.807  34.169783     3.3754     12.667   196.2148 1.9829e+01     6.5988      2.015      2.923    22.6476   997.6498 0.0000e+00
      2.058      0.010     2.1228     31.754     35.695  34.101097     3.4061     12.666   195.9913 1.9749e+01     6.7180      2.018      2.928    22.6319   997.6534 0.0000e+00
      2.060      0.008     2.0713     30.888     35.640  34.087646     3.4146     12.666   195.7423 1.9682e+01     6.7960      2.020      2.930    22.6266   997.6546 0.0000e+00
      2.062      0.007     2.0183     30.169     35.654  34.134109     3.4126     12.665   195.7868 1.9624e+01     6.8213      2.022      2.932    22.6486   997.6496 0.0000e+00
