Data/DataNotYetUploadedToEDI/Raw_CTD/RawDownloads/081720_fcr50.cnv
* Sea-Bird SBE19plus  Data File:
* FileName = C:\DATA\081720_fcr50_0002.hex
* Software version 2.8.0.119
* Temperature SN = 7809
* Conductivity SN = 7809
* System UpLoad Time = Aug 17 2020 10:06:07
* <ApplicationData>
* <Seaterm232>
# nquan = 16
# nvalues = 5918                        
# units = specified
# name 0 = depFM: Depth [fresh water, m]
# name 1 = dz/dtM: Descent Rate [m/s]
# name 2 = sbeox0ML/L: Oxygen, SBE 43 [ml/l]
# name 3 = sbeox0PS: Oxygen, SBE 43 [% saturation]
# name 4 = specc: Specific Conductance [uS/cm]
# name 5 = c0uS/cm: Conductivity [uS/cm]
# name 6 = flECO-AFL: Fluorescence, WET Labs ECO-AFL/FL [mg/m^3]
# name 7 = ph: pH
# name 8 = orp: Oxidation Reduction Potential [mV]
# name 9 = par/sat/log: PAR/Logarithmic, Satlantic
# name 10 = turbWETntu0: Turbidity, WET Labs ECO [NTU]
# name 11 = prdM: Pressure, Strain Gauge [db]
# name 12 = prdE: Pressure, Strain Gauge [psi]
# name 13 = tv290C: Temperature [ITS-90, deg C]
# name 14 = density00: Density [density, kg/m^3]
# name 15 = flag:  0.000e+00
# span 0 =     -0.661,      9.639       
# span 1 =     -4.749,      4.793       
# span 2 =     0.0256,     5.6090       
# span 3 =      0.378,     92.662       
# span 4 =      2.154,    200.347       
# span 5 =   2.033660, 146.798158       
# span 6 =    -3.0110,   259.8229       
# span 7 =     12.350,     13.246       
# span 8 = -1240.7455,  1210.0432       
# span 9 = 1.2349e-01, 1.2706e+03       
# span 10 =    -5.4652,   936.4474      
# span 11 =     -0.649,      9.453      
# span 12 =     -0.941,     13.711      
# span 13 =    11.5281,    23.2488      
# span 14 =   997.4971,   999.6641      
# span 15 = 0.0000e+00, 0.0000e+00      
# interval = seconds: 0.25
# start_time = Aug 16 2020 20:25:40 [Instrument's time stamp, header]
# bad_flag = -9.990e-29
*END*
[from data line 3526]
      9.607 1.8927e-33     1.2259     15.795     60.260  44.083987     0.7771     12.933   170.9896 1.2369e-01    13.3432      9.422     13.665    11.5712   999.6167 0.0000e+00
      9.607 1.7207e-34     1.2237     15.683     59.547  43.564600     0.8501     12.933   170.8929 1.2365e-01    13.5047      9.422     13.665    11.5723   999.6148 0.0000e+00
      9.608 1.5643e-35     1.2168     15.587     58.852  43.056629     0.8783     12.932   170.7806 1.2364e-01    13.5582      9.422     13.666    11.5729   999.6145 0.0000e+00
      9.608 1.4220e-36     1.2110     15.523     58.543  42.830356     0.9087     12.932   170.7501 1.2368e-01    13.3715      9.422     13.665    11.5741   999.6155 0.0000e+00
      9.608 1.2928e-37     1.2029     15.468     58.931  43.114176     0.9496     12.932   171.0407 1.2375e-01    12.9644      9.422     13.665    11.5759   999.6149 0.0000e+00
      9.608 1.1752e-38     1.1937     15.422     60.334  44.139426     0.9819     12.932   171.4546 1.2375e-01    12.7212      9.422     13.665    11.5773   999.6145 0.0000e+00
      9.607 1.0684e-39     1.1853     15.406     61.604  45.068561     0.9939     12.932   171.4534 1.2369e-01    12.7313      9.421     13.664    11.5779   999.6141 0.0000e+00
      9.607 9.7125e-41     1.1814     15.389     60.837  44.507649     0.9335     12.933   171.1982 1.2367e-01    12.8116      9.422     13.665    11.5778   999.6140 0.0000e+00
      9.607 8.8300e-42     1.1786     15.399     59.914  43.833464     0.7953     12.933   171.0355 1.2364e-01    12.7996      9.422     13.665    11.5775   999.6141 0.0000e+00
      9.607 8.0270e-43     1.1712     15.431     59.918  43.837405     0.7057     12.933   171.3794 1.2360e-01    12.7241      9.422     13.665    11.5768   999.6146 0.0000e+00
      9.608 7.2975e-44     1.1749     15.441     59.683  43.666504     0.6982     12.933   172.0001 1.2362e-01    12.6876      9.422     13.665    11.5762   999.6158 0.0000e+00
      9.608 6.6340e-45     1.1700     15.438     59.430  43.481211     0.7624     12.933   172.1745 1.2366e-01    12.7707      9.422     13.666    11.5763   999.6148 0.0000e+00
      9.608 6.0310e-46     1.1708     15.403     59.371  43.438096     0.8721     12.932   172.1110 1.2371e-01    12.9390      9.422     13.666    11.5769   999.6144 0.0000e+00
      9.608 5.4825e-47     1.1770     15.365     59.579  43.589600     0.9272     12.931   171.9200 1.2378e-01    13.0057      9.421     13.664    11.5783   999.6147 0.0000e+00
      9.608 4.9881e-48     1.1743     15.373     59.940  43.852850     0.9227     12.931   171.8445 1.2381e-01    12.9939      9.422     13.665    11.5794   999.6142 0.0000e+00
      9.608 4.9687e-49     1.1771     15.384     59.993  43.891177     0.9133     12.932   172.2310 1.2382e-01    12.9687      9.422     13.666    11.5793   999.6143 0.0000e+00
      9.608 5.2259e-49     1.1730     15.374     60.043  43.926068     0.8902     12.932   172.5491 1.2380e-01    12.9070      9.422     13.665    11.5787   999.6142 0.0000e+00
      9.608 5.2991e-48     1.1670     15.365     60.173  44.020803     0.8433     12.932   172.5076 1.2375e-01    12.8654      9.422     13.666    11.5781   999.6143 0.0000e+00
      9.608 5.8249e-47     1.1708     15.372     60.087  43.957359     0.8042     12.932   172.4161 1.2374e-01    12.8431      9.422     13.665    11.5778   999.6147 0.0000e+00
      9.608 6.4074e-46     1.1722     15.392     59.951  43.857302     0.7801     12.932   172.4754 1.2372e-01    12.7741      9.422     13.666    11.5773   999.6146 0.0000e+00
      9.608 7.0481e-45     1.1702     15.410     60.170  44.017246     0.7524     12.932   172.6226 1.2370e-01    12.5811      9.422     13.665    11.5764   999.6148 0.0000e+00
      9.608 7.7529e-44     1.1693     15.405     60.823  44.494546     0.7359     12.932   172.7336 1.2374e-01    12.2950      9.422     13.666    11.5757   999.6149 0.0000e+00
      9.608 8.5282e-43     1.1700     15.398     61.766  45.184241     0.7428     12.932   172.6990 1.2373e-01    12.1296      9.422     13.665    11.5755   999.6148 0.0000e+00
      9.608 9.3811e-42     1.1716     15.388     62.021  45.372529     0.7411     12.931   172.6340 1.2369e-01    12.0923      9.422     13.665    11.5753   999.6147 0.0000e+00
      9.608 1.0319e-40     1.1744     15.360     60.979  44.612391     0.7915     12.931   172.4642 1.2370e-01    12.0500      9.422     13.666    11.5748   999.6149 0.0000e+00
      9.608 1.1351e-39     1.1726     15.333     59.956  43.866042     0.9123     12.931   172.1952 1.2370e-01    12.0297      9.423     13.666    11.5741   999.6152 0.0000e+00
      9.608 1.2486e-38     1.1718     15.315     59.486  43.522627     0.9811     12.931   172.2201 1.2370e-01    12.0874      9.422     13.666    11.5741   999.6157 0.0000e+00
      9.608 1.3735e-37     1.1733     15.315     59.119  43.253512     0.9856     12.931   172.5069 1.2372e-01    12.1647      9.422     13.665    11.5753   999.6159 0.0000e+00
      9.608 1.5108e-36     1.1682     15.306     58.980  43.151534     0.9001     12.931   172.7382 1.2370e-01    12.1053      9.422     13.666    11.5773   999.6149 0.0000e+00
      9.608 1.6619e-35     1.1679     15.271     59.277  43.368829     0.7382     12.930   172.4360 1.2360e-01    11.9534      9.422     13.666    11.5789   999.6143 0.0000e+00
      9.608 1.8281e-34     1.1647     15.234     60.021  43.912821     0.6586     12.930   171.7779 1.2354e-01    11.8725      9.422     13.666    11.5795   999.6143 0.0000e+00
      9.608 2.0109e-33     1.1661     15.188     60.596  44.332672     0.6725     12.931   171.6649 1.2362e-01    11.8481      9.422     13.665    11.5793   999.6141 0.0000e+00
      9.608 2.2120e-32     1.1669     15.143     60.577  44.318648     0.7343     12.931   172.0162 1.2371e-01    11.8306      9.422     13.666    11.5788   999.6140 0.0000e+00
      9.608 2.4332e-31     1.1614     15.115     60.660  44.378154     0.8145     12.931   172.2390 1.2373e-01    11.7988      9.423     13.666    11.5782   999.6141 0.0000e+00
      9.608 2.6765e-30     1.1607     15.094     60.975  44.607763     0.8412     12.931   172.0357 1.2373e-01    11.7726      9.423     13.666    11.5780   999.6146 0.0000e+00
      9.608 2.9442e-29     1.1561     15.111     61.164  44.745817     0.8279     12.931   171.6237 1.2367e-01    11.8224      9.422     13.666    11.5779   999.6149 0.0000e+00
      9.608 3.2386e-28     1.1517     15.167     61.295  44.841088     0.7681     12.931   171.5588 1.2358e-01    12.0234      9.422     13.666    11.5775   999.6148 0.0000e+00
      9.608 3.5625e-27     1.1514     15.219     61.162  44.743864     0.6623     12.930   171.7672 1.2359e-01    12.2797      9.422     13.666    11.5769   999.6149 0.0000e+00
      9.608 3.9187e-26     1.1477     15.267     60.859  44.522599     0.6073     12.929   171.9066 1.2363e-01    12.3812      9.422     13.666    11.5764   999.6151 0.0000e+00
      9.608 4.3106e-25     1.1484     15.289     60.674  44.387863     0.5992     12.930   171.7808 1.2365e-01    12.3577      9.423     13.666    11.5760   999.6151 0.0000e+00
      9.608 4.7416e-24     1.1563     15.261     60.582  44.321030     0.5827     12.930   171.6229 1.2373e-01    12.3047      9.422     13.666    11.5756   999.6153 0.0000e+00
      9.608 5.2158e-23     1.1579     15.216     60.620  44.349402     0.5792     12.931   171.6325 1.2380e-01    12.2209      9.423     13.666    11.5755   999.6152 0.0000e+00
      9.608 5.7374e-22     1.1630     15.177     60.621  44.349987     0.5961     12.931   171.7260 1.2380e-01    12.1341      9.422     13.665    11.5760   999.6150 0.0000e+00
      9.608 6.3111e-21     1.1660     15.121     60.418  44.201127     0.6049     12.931   171.9782 1.2377e-01    12.1137      9.422     13.666    11.5764   999.6150 0.0000e+00
      9.608 6.9422e-20     1.1623     15.047     60.245  44.073214     0.6002     12.930   172.1871 1.2378e-01    12.1112      9.422     13.666    11.5769   999.6149 0.0000e+00
      9.608 7.6364e-19     1.1576     15.005     60.335  44.136618     0.6245     12.929   172.1870 1.2377e-01    12.0695      9.422     13.666    11.5773   999.6148 0.0000e+00
      9.608 8.4001e-18     1.1561     15.003     60.345  44.142418     0.6894     12.929   172.0615 1.2374e-01    12.0558      9.422     13.666    11.5772   999.6149 0.0000e+00
      9.608 9.2401e-17     1.1524     15.014     60.174  44.016347     0.7265     12.930   171.9612 1.2375e-01    12.0836      9.422     13.666    11.5768   999.6148 0.0000e+00
      9.608 1.0164e-15     1.1438     15.012     60.164  44.008992     0.7296     12.931   172.2643 1.2373e-01    12.1305      9.422     13.666    11.5754   999.6148 0.0000e+00
      9.608 1.1181e-14     1.1415     15.020     60.399  44.180462     0.7843     12.931   172.8008 1.2368e-01    12.1417      9.422     13.665    11.5736   999.6151 0.0000e+00
      9.608 1.2299e-13     1.1416     15.045     60.491  44.248460     0.8827     12.931   173.0288 1.2376e-01    12.0824      9.422     13.666    11.5722   999.6154 0.0000e+00
      9.608 1.3528e-12     1.1444     15.049     59.985  43.878824     0.9373     12.930   172.8694 1.2385e-01    12.0657      9.422     13.665    11.5712   999.6153 0.0000e+00
      9.608 1.4881e-11     1.1427     15.040     59.493  43.520378     0.9484     12.930   172.5084 1.2377e-01    12.1459      9.423     13.666    11.5711   999.6153 0.0000e+00
      9.608 1.6369e-10     1.1423     15.053     59.334  43.406235     0.9304     12.931   172.7084 1.2366e-01    12.1933      9.422     13.667    11.5713   999.6153 0.0000e+00
      9.608 1.8006e-09     1.1472     15.093     59.132  43.260544     0.8821     12.931   173.4800 1.2366e-01    12.1579      9.422     13.666    11.5714   999.6156 0.0000e+00
      9.608 1.9807e-08     1.1462     15.122     59.073  43.218953     0.8511     12.930   173.7500 1.2369e-01    12.0955      9.422     13.666    11.5718   999.6152 0.0000e+00
      9.608 2.1788e-07     1.1442     15.117     59.248  43.347743     0.8511     12.930   173.4782 1.2364e-01    12.0914      9.422     13.666    11.5733   999.6147 0.0000e+00
      9.608      0.000     1.1450     15.108     59.262  43.357618     0.8344     12.930   173.2056 1.2360e-01    12.1768      9.422     13.666    11.5754   999.6146 0.0000e+00
      9.608      0.000     1.1493     15.120     59.062  43.211391     0.7825     12.930   173.2070 1.2366e-01    12.2694      9.422     13.666    11.5771   999.6143 0.0000e+00
      9.608      0.000     1.1530     15.155     59.001  43.166805     0.7394     12.930   173.4941 1.2372e-01    12.3192      9.422     13.666    11.5782   999.6141 0.0000e+00
      9.608      0.003     1.1504     15.187     59.045  43.199428     0.7227     12.930   173.7526 1.2372e-01    12.2979      9.422     13.666    11.5785   999.6142 0.0000e+00
      9.608      0.035     1.1495     15.193     58.994  43.161449     0.7143     12.930   173.8368 1.2368e-01    12.2531      9.422     13.665    11.5789   999.6143 0.0000e+00
      9.608      0.386     1.1504     15.213     58.981  43.151981     0.7613     12.931   173.8242 1.2365e-01    12.2232      9.422     13.665    11.5790   999.6141 0.0000e+00
      9.608      4.246     1.1532     15.263     59.237  43.338891     0.8718     12.931   173.7719 1.2368e-01    12.1772      9.422     13.666    11.5788   999.6141 0.0000e+00
      9.608      4.246     1.1580     15.311     59.568  43.580333     0.9338     12.930   173.8069 1.2371e-01    12.1427      9.422     13.666    11.5787   999.6142 0.0000e+00
      9.608      0.386     1.1557     15.347     59.676  43.658863     0.9206     12.929   173.9892 1.2370e-01    12.1142      9.422     13.666    11.5787   999.6141 0.0000e+00
      9.608      0.035     1.1566     15.377     59.929  43.844010     0.8454     12.929   174.1691 1.2365e-01    12.1418      9.422     13.666    11.5785   999.6141 0.0000e+00
      9.608      0.003     1.1629     15.412     60.025  43.914335     0.7312     12.929   174.2611 1.2362e-01    12.2712      9.422     13.666    11.5779   999.6142 0.0000e+00
      9.608      0.000     1.1653     15.430     59.535  43.556822     0.6739     12.929   174.0693 1.2366e-01    12.3739      9.422     13.666    11.5771   999.6146 0.0000e+00
      9.608      0.000     1.1692     15.417     59.311  43.393922     0.6683     12.929   173.7425 1.2375e-01    12.3878      9.422     13.666    11.5771   999.6145 0.0000e+00
      9.608      0.000     1.1697     15.414     59.151  43.277975     0.6920     12.929   173.7519 1.2376e-01    12.3021      9.422     13.665    11.5775   999.6145 0.0000e+00
      9.609 2.1788e-07     1.1734     15.406     58.569  42.853224     0.7599     12.928   173.9254 1.2371e-01    12.1956      9.423     13.666    11.5775   999.6148 0.0000e+00
      9.609 1.9807e-08     1.1770     15.402     58.189  42.575102     0.8109     12.928   174.0327 1.2372e-01    12.1654      9.423     13.667    11.5777   999.6142 0.0000e+00
      9.609 1.8006e-09     1.1717     15.414     58.199  42.581470     0.8225     12.929   173.8453 1.2371e-01    12.1084      9.422     13.666    11.5787   999.6142 0.0000e+00
      9.609 1.6369e-10     1.1744     15.396     58.242  42.612815     0.7959     12.929   173.3798 1.2365e-01    11.9874      9.423     13.667    11.5800   999.6141 0.0000e+00
      9.609 1.4881e-11     1.1728     15.361     58.101  42.509723     0.7373     12.929   173.2227 1.2367e-01    11.8690      9.423     13.667    11.5805   999.6137 0.0000e+00
      9.608 1.3528e-12     1.1709     15.368     57.882  42.350688     0.7149     12.929   173.4951 1.2370e-01    11.8443      9.422     13.666    11.5801   999.6136 0.0000e+00
      9.608 1.2299e-13     1.1753     15.408     57.780  42.276950     0.7351     12.929   173.8340 1.2369e-01    11.8949      9.422     13.666    11.5795   999.6137 0.0000e+00
      9.608 1.1180e-14     1.1730     15.418     57.833  42.316440     0.7330     12.929   173.7915 1.2367e-01    11.8967      9.423     13.667    11.5792   999.6138 0.0000e+00
      9.608 1.0164e-15     1.1676     15.419     57.837  42.320327     0.6899     12.930   173.4116 1.2368e-01    11.8652      9.423     13.666    11.5797   999.6137 0.0000e+00
      9.608 9.2400e-17     1.1681     15.447     57.668  42.196985     0.6528     12.930   173.1990 1.2370e-01    11.8240      9.422     13.666    11.5806   999.6135 0.0000e+00
      9.608 8.4000e-18     1.1753     15.485     57.527  42.094724     0.6464     12.929   173.2856 1.2370e-01    11.8100      9.422     13.666    11.5814   999.6134 0.0000e+00
      9.608 7.6365e-19     1.1737     15.518     57.533  42.099578     0.6414     12.928   173.4264 1.2374e-01    11.8335      9.423     13.666    11.5823   999.6133 0.0000e+00
      9.608 6.9420e-20     1.1723     15.542     57.573  42.128716     0.6105     12.928   173.5251 1.2375e-01    11.8337      9.422     13.666    11.5829   999.6133 0.0000e+00
      9.608 6.3110e-21     1.1761     15.584     57.575  42.129634     0.5597     12.928   173.5326 1.2372e-01    11.8464      9.422     13.666    11.5833   999.6131 0.0000e+00
      9.608 5.7375e-22     1.1785     15.646     57.636  42.174154     0.5228     12.928   173.4306 1.2372e-01    11.8495      9.423     13.667    11.5842   999.6130 0.0000e+00
      9.608 5.2160e-23     1.1820     15.677     57.702  42.222643     0.5270     12.927   173.4109 1.2372e-01    11.8380      9.423     13.666    11.5846   999.6130 0.0000e+00
      9.608 4.7416e-24     1.1825     15.671     57.596  42.144593     0.6109     12.927   173.4661 1.2370e-01    11.9130      9.422     13.666    11.5842   999.6130 0.0000e+00
      9.608 4.3106e-25     1.1848     15.671     57.561  42.119169     0.7447     12.927   173.6679 1.2366e-01    12.0705      9.423     13.666    11.5839   999.6131 0.0000e+00
