Data/DataNotYetUploadedToEDI/Raw_CTD/RawDownloads/081720_fcr50.cnv
* Sea-Bird SBE19plus  Data File:
* FileName = C:\DATA\081720_fcr50_0002.hex
* Software version 2.8.0.119
* Temperature SN = 7809
* Conductivity SN = 7809
* System UpLoad Time = Aug 17 2020 10:06:07
* <ApplicationData>
* <Seaterm232>
# nquan = 16
# nvalues = 5918                        
# units = specified
# name 0 = depFM: Depth [fresh water, m]
# name 1 = dz/dtM: Descent Rate [m/s]
# name 2 = sbeox0ML/L: Oxygen, SBE 43 [ml/l]
# name 3 = sbeox0PS: Oxygen, SBE 43 [% saturation]
# name 4 = specc: Specific Conductance [uS/cm]
# name 5 = c0uS/cm: Conductivity [uS/cm]
# name 6 = flECO-AFL: Fluorescence, WET Labs ECO-AFL/FL [mg/m^3]
# name 7 = ph: pH
# name 8 = orp: Oxidation Reduction Potential [mV]
# name 9 = par/sat/log: PAR/Logarithmic, Satlantic
# name 10 = turbWETntu0: Turbidity, WET Labs ECO [NTU]
# name 11 = prdM: Pressure, Strain Gauge [db]
# name 12 = prdE: Pressure, Strain Gauge [psi]
# name 13 = tv290C: Temperature [ITS-90, deg C]
# name 14 = density00: Density [density, kg/m^3]
# name 15 = flag:  0.000e+00
# span 0 =     -0.661,      9.639       
# span 1 =     -4.749,      4.793       
# span 2 =     0.0256,     5.6090       
# span 3 =      0.378,     92.662       
# span 4 =      2.154,    200.347       
# span 5 =   2.033660, 146.798158       
# span 6 =    -3.0110,   259.8229       
# span 7 =     12.350,     13.246       
# span 8 = -1240.7455,  1210.0432       
# span 9 = 1.2349e-01, 1.2706e+03       
# span 10 =    -5.4652,   936.4474      
# span 11 =     -0.649,      9.453      
# span 12 =     -0.941,     13.711      
# span 13 =    11.5281,    23.2488      
# span 14 =   997.4971,   999.6641      
# span 15 = 0.0000e+00, 0.0000e+00      
# interval = seconds: 0.25
# start_time = Aug 16 2020 20:25:40 [Instrument's time stamp, header]
# bad_flag = -9.990e-29
*END*
[from data line 3978]
      9.611 -4.513e-49     1.2700     16.676     56.148  41.093450     0.5753     12.921   184.6447 1.2380e-01    11.8485      9.425     13.670    11.5918   999.6117 0.0000e+00
      9.611 -4.747e-49     1.2658     16.676     56.130  41.080175     0.5956     12.920   184.8392 1.2378e-01    11.8488      9.425     13.670    11.5919   999.6116 0.0000e+00
      9.611 -4.813e-48     1.2647     16.649     56.146  41.091645     0.5944     12.920   184.8083 1.2373e-01    11.7936      9.425     13.670    11.5919   999.6117 0.0000e+00
      9.611 -5.291e-47     1.2673     16.629     56.165  41.105185     0.5801     12.920   184.7015 1.2369e-01    11.7301      9.425     13.670    11.5919   999.6118 0.0000e+00
      9.611 -5.820e-46     1.2697     16.608     56.181  41.116926     0.6129     12.920   184.6670 1.2367e-01    11.7681      9.425     13.670    11.5915   999.6117 0.0000e+00
      9.611 -6.402e-45     1.2707     16.579     56.167  41.106652     0.6952     12.919   184.6485 1.2365e-01    11.8403      9.425     13.670    11.5912   999.6118 0.0000e+00
      9.611 -7.042e-44     1.2662     16.583     56.168  41.107913     0.7258     12.919   184.9090 1.2365e-01    11.8138      9.425     13.670    11.5910   999.6118 0.0000e+00
      9.611 -7.746e-43     1.2654     16.593     56.202  41.132179     0.7168     12.919   185.3220 1.2370e-01    11.7904      9.425     13.670    11.5909   999.6118 0.0000e+00
      9.611 -8.521e-42     1.2654     16.578     56.222  41.146142     0.7581     12.919   185.4251 1.2378e-01    11.8328      9.425     13.669    11.5909   999.6118 0.0000e+00
      9.611 -9.373e-41     1.2596     16.577     56.228  41.149785     0.8341     12.919   185.2945 1.2383e-01    11.8805      9.425     13.670    11.5907   999.6118 0.0000e+00
      9.610 -1.031e-39     1.2618     16.576     56.265  41.176234     0.8621     12.920   185.2057 1.2380e-01    11.8864      9.425     13.669    11.5903   999.6119 0.0000e+00
      9.610 -1.134e-38     1.2649     16.561     56.314  41.212023     0.8487     12.921   185.4709 1.2374e-01    11.8352      9.425     13.669    11.5901   999.6119 0.0000e+00
      9.611 -1.248e-37     1.2599     16.548     56.300  41.201648     0.8630     12.921   186.0056 1.2373e-01    11.7417      9.426     13.671    11.5898   999.6120 0.0000e+00
      9.611 -1.372e-36     1.2621     16.530     56.267  41.177745     0.9020     12.921   186.2503 1.2376e-01    11.6492      9.425     13.671    11.5891   999.6120 0.0000e+00
      9.611 -1.510e-35     1.2624     16.515     56.266  41.176916     0.9299     12.922   186.1066 1.2376e-01    11.6434      9.424     13.669    11.5888   999.6121 0.0000e+00
      9.611 -1.660e-34     1.2594     16.505     56.286  41.191616     0.9419     12.922   185.9030 1.2371e-01    11.6718      9.425     13.670    11.5889   999.6121 0.0000e+00
      9.611 -1.827e-33     1.2606     16.511     56.336  41.228539     0.9139     12.921   186.0253 1.2368e-01    11.6491      9.425     13.670    11.5887   999.6121 0.0000e+00
      9.611 -2.009e-32     1.2571     16.529     56.355  41.242492     0.8585     12.920   186.3807 1.2370e-01    11.6084      9.425     13.670    11.5886   999.6121 0.0000e+00
      9.611 -2.210e-31     1.2574     16.536     56.344  41.233365     0.8447     12.920   186.4997 1.2372e-01    11.5922      9.425     13.670    11.5886   999.6121 0.0000e+00
      9.610 -2.431e-30     1.2555     16.535     56.361  41.245134     0.8522     12.919   186.4318 1.2373e-01    11.6243      9.425     13.669    11.5889   999.6121 0.0000e+00
      9.610 -2.674e-29     1.2558     16.523     56.379  41.257838     0.7956     12.919   186.4213 1.2375e-01    11.6880      9.425     13.669    11.5891   999.6121 0.0000e+00
      9.610 -2.942e-28     1.2590     16.512     56.383  41.260016     0.6941     12.919   186.3719 1.2377e-01    11.7450      9.425     13.669    11.5888   999.6121 0.0000e+00
      9.611 -3.236e-27     1.2582     16.519     56.399  41.271462     0.6366     12.919   186.2654 1.2373e-01    11.7984      9.425     13.670    11.5882   999.6122 0.0000e+00
      9.611 -3.559e-26     1.2593     16.527     56.396  41.269278     0.6343     12.919   186.2512 1.2368e-01    11.8532      9.425     13.670    11.5877   999.6123 0.0000e+00
      9.611 -3.915e-25     1.2577     16.524     56.347  41.233606     0.6468     12.919   186.3731 1.2368e-01    11.8572      9.426     13.671    11.5870   999.6123 0.0000e+00
      9.611 -4.307e-24     1.2559     16.518     56.331  41.221014     0.6262     12.919   186.6197 1.2368e-01    11.7449      9.425     13.670    11.5861   999.6124 0.0000e+00
      9.611 -4.738e-23     1.2574     16.504     56.363  41.243992     0.5855     12.918   186.5665 1.2367e-01    11.5940      9.425     13.670    11.5860   999.6124 0.0000e+00
      9.611 -5.211e-22     1.2587     16.496     56.382  41.257519     0.5743     12.918   186.1596 1.2363e-01    11.5433      9.425     13.669    11.5861   999.6124 0.0000e+00
      9.611 -5.732e-21     1.2572     16.499     56.383  41.257613     0.5853     12.918   186.0885 1.2362e-01    11.5774      9.426     13.670    11.5858   999.6124 0.0000e+00
      9.611 -6.306e-20     1.2583     16.492     56.367  41.245126     0.6140     12.918   186.3082 1.2366e-01    11.5604      9.425     13.671    11.5856   999.6124 0.0000e+00
      9.611 -6.936e-19     1.2557     16.484     56.352  41.233500     0.6445     12.919   186.4933 1.2370e-01    11.4409      9.425     13.669    11.5853   999.6125 0.0000e+00
      9.611 -7.630e-18     1.2550     16.500     56.367  41.243993     0.6496     12.920   186.3486 1.2371e-01    11.3341      9.425     13.670    11.5850   999.6125 0.0000e+00
      9.611 -8.393e-17     1.2567     16.520     56.368  41.245035     0.6470     12.921   185.8488 1.2375e-01    11.2988      9.425     13.670    11.5844   999.6126 0.0000e+00
      9.611 -9.232e-16     1.2555     16.502     56.369  41.246107     0.6419     12.921   185.6128 1.2376e-01    11.3230      9.425     13.670    11.5836   999.6127 0.0000e+00
      9.611 -1.016e-14     1.2539     16.498     56.384  41.256954     0.6255     12.920   185.8183 1.2370e-01    11.3870      9.425     13.670    11.5832   999.6127 0.0000e+00
      9.611 -1.117e-13     1.2551     16.514     56.374  41.249239     0.6010     12.919   186.1813 1.2361e-01    11.4204      9.425     13.670    11.5831   999.6127 0.0000e+00
      9.611 -1.229e-12     1.2604     16.498     56.416  41.279771     0.5758     12.919   186.1303 1.2356e-01    11.3834      9.425     13.671    11.5830   999.6128 0.0000e+00
      9.611 -1.352e-11     1.2548     16.468     56.456  41.308729     0.5877     12.919   185.7176 1.2357e-01    11.3850      9.425     13.670    11.5832   999.6127 0.0000e+00
      9.610 -1.487e-10     1.2543     16.469     56.420  41.281976     0.6304     12.919   185.5794 1.2361e-01    11.5094      9.424     13.669    11.5831   999.6128 0.0000e+00
      9.610 -1.636e-09     1.2591     16.494     56.409  41.273688     0.6533     12.920   185.6640 1.2366e-01    11.6169      9.424     13.669    11.5826   999.6128 0.0000e+00
      9.610 -1.799e-08     1.2563     16.517     56.407  41.272000     0.6545     12.920   185.7944 1.2370e-01    11.6206      9.424     13.669    11.5820   999.6129 0.0000e+00
      9.610 -1.979e-07     1.2523     16.530     56.393  41.261564     0.6927     12.920   185.8656 1.2371e-01    11.6229      9.424     13.669    11.5818   999.6129 0.0000e+00
      9.611     -0.000     1.2527     16.524     56.411  41.274465     0.7812     12.920   185.8367 1.2372e-01    11.6442      9.425     13.670    11.5817   999.6129 0.0000e+00
      9.611     -0.000     1.2560     16.513     56.448  41.301031     0.8470     12.920   185.7891 1.2371e-01    11.6378      9.425     13.670    11.5816   999.6129 0.0000e+00
      9.610     -0.000     1.2572     16.517     56.487  41.328861     0.8779     12.920   185.6350 1.2372e-01    11.6486      9.424     13.669    11.5817   999.6129 0.0000e+00
      9.610     -0.003     1.2592     16.517     56.525  41.357045     0.8884     12.920   185.5217 1.2375e-01    11.6375      9.424     13.669    11.5816   999.6129 0.0000e+00
      9.611     -0.032     1.2581     16.499     56.567  41.387892     0.9164     12.920   185.6241 1.2375e-01    11.6751      9.425     13.670    11.5811   999.6130 0.0000e+00
      9.611     -0.351     1.2560     16.477     56.649  41.447918     0.9966     12.920   185.9261 1.2374e-01    11.7942      9.425     13.669    11.5803   999.6131 0.0000e+00
      9.611     -3.857     1.2577     16.476     56.736  41.511520     1.0580     12.920   186.2473 1.2375e-01    11.8418      9.425     13.669    11.5800   999.6131 0.0000e+00
      9.611     -3.857     1.2581     16.487     56.751  41.522127     1.0761     12.920   186.3247 1.2374e-01    11.8724      9.424     13.669    11.5800   999.6131 0.0000e+00
      9.611     -0.351     1.2562     16.477     56.738  41.512695     1.0918     12.919   186.1733 1.2370e-01    11.9245      9.425     13.669    11.5804   999.6131 0.0000e+00
      9.611     -0.032     1.2535     16.455     56.754  41.524427     1.1041     12.919   185.9654 1.2369e-01    11.9908      9.425     13.669    11.5805   999.6131 0.0000e+00
      9.611     -0.003     1.2533     16.440     56.772  41.537026     1.1110     12.919   186.2201 1.2369e-01    12.0560      9.425     13.669    11.5803   999.6132 0.0000e+00
      9.611     -0.000     1.2565     16.433     56.774  41.538067     1.1274     12.919   186.8445 1.2369e-01    12.0952      9.424     13.669    11.5800   999.6132 0.0000e+00
      9.611     -0.000     1.2545     16.428     56.773  41.537017     1.1403     12.919   186.9750 1.2374e-01    12.3956      9.425     13.670    11.5797   999.6132 0.0000e+00
      9.611     -0.000     1.2522     16.403     56.756  41.524332     1.1338     12.920   186.6803 1.2378e-01    12.9072      9.424     13.669    11.5799   999.6132 0.0000e+00
      9.611 -1.979e-07     1.2515     16.378     56.740  41.511648     1.1150     12.921   186.4646 1.2373e-01    13.1659      9.425     13.669    11.5797   999.6133 0.0000e+00
      9.611 -1.799e-08     1.2506     16.395     56.739  41.510610     1.1044     12.921   186.6899 1.2368e-01    13.2236      9.425     13.669    11.5790   999.6133 0.0000e+00
      9.611 -1.636e-09     1.2515     16.431     56.741  41.511785     1.1101     12.920   187.2542 1.2368e-01    13.2616      9.424     13.669    11.5788   999.6134 0.0000e+00
      9.611 -1.487e-10     1.2493     16.446     56.761  41.525855     1.1071     12.920   187.5226 1.2371e-01    13.2469      9.425     13.669    11.5786   999.6133 0.0000e+00
      9.611 -1.352e-11     1.2448     16.438     56.800  41.553764     1.0879     12.920   187.4394 1.2372e-01    13.2179      9.425     13.669    11.5779   999.6134 0.0000e+00
      9.611 -1.229e-12     1.2476     16.407     56.857  41.595314     1.0684     12.919   187.2801 1.2366e-01    13.1860      9.424     13.669    11.5773   999.6135 0.0000e+00
      9.611 -1.117e-13     1.2522     16.384     56.927  41.647378     1.0529     12.919   187.3184 1.2359e-01    12.9292      9.425     13.669    11.5770   999.6135 0.0000e+00
      9.611 -1.015e-14     1.2522     16.397     56.965  41.675434     1.0527     12.920   187.5587 1.2362e-01    12.5167      9.425     13.670    11.5767   999.6136 0.0000e+00
      9.611 -9.230e-16     1.2525     16.401     56.971  41.680625     1.0664     12.920   187.6899 1.2367e-01    12.3519      9.425     13.669    11.5764   999.6136 0.0000e+00
      9.611 -8.395e-17     1.2492     16.386     57.010  41.710153     1.0654     12.920   187.6999 1.2364e-01    12.3444      9.425     13.669    11.5763   999.6136 0.0000e+00
      9.611 -7.630e-18     1.2452     16.395     57.103  41.778536     1.0411     12.919   187.6797 1.2358e-01    12.2889      9.424     13.668    11.5765   999.6137 0.0000e+00
      9.611 -6.935e-19     1.2489     16.392     57.231  41.872655     0.9916     12.918   187.5317 1.2358e-01    12.1959      9.425     13.669    11.5771   999.6136 0.0000e+00
      9.610 -6.305e-20     1.2502     16.372     57.349  41.959436     0.9439     12.918   187.2866 1.2366e-01    12.1124      9.424     13.669    11.5778   999.6135 0.0000e+00
      9.610 -5.735e-21     1.2450     16.382     57.407  42.002581     0.9419     12.919   187.2972 1.2371e-01    12.1037      9.424     13.670    11.5786   999.6134 0.0000e+00
      9.610 -5.210e-22     1.2492     16.404     57.422  42.013437     0.9476     12.920   187.5743 1.2372e-01    12.1254      9.425     13.669    11.5794   999.6134 0.0000e+00
      9.610 -4.738e-23     1.2492     16.381     57.441  42.027221     0.8696     12.920   187.7118 1.2373e-01    12.1687      9.424     13.668    11.5797   999.6134 0.0000e+00
      9.610 -4.307e-24     1.2443     16.330     57.461  42.042279     0.7330     12.920   187.4108 1.2377e-01    12.2492      9.424     13.669    11.5797   999.6135 0.0000e+00
      9.611 -3.915e-25     1.2466     16.310     57.410  42.005060     0.6686     12.920   187.0318 1.2378e-01    12.3087      9.425     13.669    11.5799   999.6134 0.0000e+00
      9.611 -3.560e-26     1.2503     16.304     57.345  41.958085     0.6736     12.919   187.1739 1.2375e-01    12.3729      9.425     13.669    11.5803   999.6134 0.0000e+00
      9.611 -3.236e-27     1.2487     16.302     57.378  41.982153     0.6991     12.919   187.4938 1.2373e-01    12.3389      9.424     13.669    11.5808   999.6133 0.0000e+00
      9.611 -2.942e-28     1.2407     16.301     57.460  42.042144     0.7471     12.919   187.6305 1.2368e-01    12.1385      9.425     13.670    11.5810   999.6134 0.0000e+00
      9.611 -2.674e-29     1.2419     16.275     57.556  42.112115     0.7768     12.920   187.4508 1.2367e-01    12.0103      9.425     13.669    11.5810   999.6133 0.0000e+00
      9.611 -2.431e-30     1.2413     16.262     57.667  42.193369     0.7916     12.920   186.9554 1.2368e-01    12.0243      9.425     13.670    11.5813   999.6132 0.0000e+00
      9.611 -2.210e-31     1.2398     16.286     57.762  42.262830     0.8406     12.920   186.7169 1.2369e-01    11.9986      9.425     13.670    11.5812   999.6133 0.0000e+00
      9.611 -2.009e-32     1.2432     16.301     57.836  42.317161     0.9014     12.921   186.8043 1.2373e-01    11.8713      9.425     13.669    11.5809   999.6134 0.0000e+00
      9.611 -1.827e-33     1.2379     16.267     57.871  42.342438     0.9168     12.921   186.9795 1.2372e-01    11.7897      9.425     13.669    11.5806   999.6134 0.0000e+00
      9.611 -1.660e-34     1.2365     16.231     57.832  42.314538     0.9032     12.920   187.0280 1.2365e-01    11.8021      9.425     13.670    11.5808   999.6135 0.0000e+00
      9.611 -1.510e-35     1.2398     16.256     57.722  42.233742     0.8704     12.920   186.7888 1.2362e-01    11.7809      9.424     13.669    11.5810   999.6134 0.0000e+00
      9.611 -1.372e-36     1.2430     16.296     57.577  42.127302     0.8250     12.919   186.5826 1.2367e-01    11.7047      9.425     13.669    11.5809   999.6135 0.0000e+00
      9.611 -1.247e-37     1.2390     16.298     57.463  42.043248     0.8025     12.919   186.5995 1.2372e-01    11.6352      9.425     13.669    11.5809   999.6135 0.0000e+00
      9.611 -1.134e-38     1.2324     16.289     57.377  41.979207     0.7890     12.919   186.8205 1.2377e-01    11.5936      9.424     13.669    11.5809   999.6135 0.0000e+00
      9.611 -1.031e-39     1.2374     16.287     57.302  41.924301     0.7671     12.920   187.1044 1.2378e-01    11.5454      9.425     13.670    11.5808   999.6135 0.0000e+00
      9.611 -9.375e-41     1.2424     16.266     57.252  41.887218     0.7476     12.920   187.1061 1.2369e-01    11.4642      9.424     13.669    11.5806   999.6134 0.0000e+00
