Data/DataNotYetUploadedToEDI/Raw_CTD/RawDownloads/081720_fcr50.cnv
* Sea-Bird SBE19plus  Data File:
* FileName = C:\DATA\081720_fcr50_0002.hex
* Software version 2.8.0.119
* Temperature SN = 7809
* Conductivity SN = 7809
* System UpLoad Time = Aug 17 2020 10:06:07
* <ApplicationData>
* <Seaterm232>
# nquan = 16
# nvalues = 5918                        
# units = specified
# name 0 = depFM: Depth [fresh water, m]
# name 1 = dz/dtM: Descent Rate [m/s]
# name 2 = sbeox0ML/L: Oxygen, SBE 43 [ml/l]
# name 3 = sbeox0PS: Oxygen, SBE 43 [% saturation]
# name 4 = specc: Specific Conductance [uS/cm]
# name 5 = c0uS/cm: Conductivity [uS/cm]
# name 6 = flECO-AFL: Fluorescence, WET Labs ECO-AFL/FL [mg/m^3]
# name 7 = ph: pH
# name 8 = orp: Oxidation Reduction Potential [mV]
# name 9 = par/sat/log: PAR/Logarithmic, Satlantic
# name 10 = turbWETntu0: Turbidity, WET Labs ECO [NTU]
# name 11 = prdM: Pressure, Strain Gauge [db]
# name 12 = prdE: Pressure, Strain Gauge [psi]
# name 13 = tv290C: Temperature [ITS-90, deg C]
# name 14 = density00: Density [density, kg/m^3]
# name 15 = flag:  0.000e+00
# span 0 =     -0.661,      9.639       
# span 1 =     -4.749,      4.793       
# span 2 =     0.0256,     5.6090       
# span 3 =      0.378,     92.662       
# span 4 =      2.154,    200.347       
# span 5 =   2.033660, 146.798158       
# span 6 =    -3.0110,   259.8229       
# span 7 =     12.350,     13.246       
# span 8 = -1240.7455,  1210.0432       
# span 9 = 1.2349e-01, 1.2706e+03       
# span 10 =    -5.4652,   936.4474      
# span 11 =     -0.649,      9.453      
# span 12 =     -0.941,     13.711      
# span 13 =    11.5281,    23.2488      
# span 14 =   997.4971,   999.6641      
# span 15 = 0.0000e+00, 0.0000e+00      
# interval = seconds: 0.25
# start_time = Aug 16 2020 20:25:40 [Instrument's time stamp, header]
# bad_flag = -9.990e-29
*END*
[from data line 91]
     -0.056      0.015     3.9826     65.741     33.412  32.223133     2.5415     12.724   141.5908 1.2246e+03     5.6926     -0.055     -0.079    23.2122   997.5063 0.0000e+00
     -0.054      0.012     3.9569     66.002     33.400  32.211681     2.5341     12.723   142.5866 1.0536e+03     5.6468     -0.053     -0.076    23.2139   997.5059 0.0000e+00
     -0.052      0.010     3.9349     66.515     33.399  32.210630     2.5406     12.722   143.1497 7.4186e+02     5.6758     -0.051     -0.074    23.2144   997.5057 0.0000e+00
     -0.049      0.010     3.9252     67.202     33.399  32.210430     2.5441     12.722   143.4095 6.0703e+02     5.7328     -0.048     -0.070    23.2146   997.5057 0.0000e+00
     -0.046      0.009     3.9242     67.988     33.397  32.209267     2.5573     12.723   143.4046 7.7790e+02     5.7868     -0.045     -0.065    23.2147   997.5057 0.0000e+00
     -0.043      0.008     3.9389     68.767     33.383  32.196567     2.5856     12.724   143.1763 9.4563e+02     5.8489     -0.042     -0.061    23.2149   997.5057 0.0000e+00
     -0.041      0.007     3.9730     69.439     33.369  32.183763     2.6009     12.724   142.8860 8.7068e+02     5.8651     -0.040     -0.058    23.2150   997.5057 0.0000e+00
     -0.040      0.006     4.0140     69.949     33.367  32.181351     2.6089     12.723   142.7350 7.8992e+02     5.8801     -0.039     -0.057    23.2152   997.5056 0.0000e+00
     -0.039      0.004     4.0641     70.269     33.352  32.167405     2.6158     12.724   142.8987 7.9967e+02     5.8236     -0.039     -0.056    23.2162   997.5054 0.0000e+00
     -0.038      0.003     4.1126     70.365     33.327  32.142027     2.6082     12.725   143.3162 7.6667e+02     5.5940     -0.037     -0.054    23.2173   997.5051 0.0000e+00
     -0.037      0.003     4.1539     70.251     33.313  32.128288     2.5926     12.724   143.9115 7.1855e+02     5.4049     -0.037     -0.053    23.2179   997.5049 0.0000e+00
     -0.036      0.002     4.1845     69.988     33.313  32.128184     2.5898     12.724   144.5893 7.2183e+02     5.3906     -0.036     -0.052    23.2182   997.5049 0.0000e+00
     -0.036      0.002     4.2050     69.612     33.327  32.140767     2.6033     12.724   145.1451 7.4735e+02     5.3875     -0.035     -0.051    23.2180   997.5049 0.0000e+00
     -0.036      0.001     4.2103     69.134     33.341  32.153540     2.6120     12.725   145.4688 7.2992e+02     5.2985     -0.035     -0.051    23.2175   997.5050 0.0000e+00
     -0.036      0.001     4.2016     68.557     33.344  32.155732     2.6005     12.725   145.4924 6.6625e+02     5.2076     -0.035     -0.051    23.2169   997.5052 0.0000e+00
     -0.036      0.001     4.1857     67.899     33.356  32.167268     2.5872     12.725   145.3439 6.4420e+02     5.1466     -0.035     -0.051    23.2157   997.5055 0.0000e+00
     -0.036      0.000     4.1626     67.183     33.356  32.166124     2.5847     12.725   145.3941 7.1519e+02     5.1446     -0.035     -0.050    23.2145   997.5057 0.0000e+00
     -0.036      0.000     4.1348     66.436     33.332  32.141901     2.5712     12.724   145.6689 7.8593e+02     5.2173     -0.035     -0.051    23.2132   997.5060 0.0000e+00
     -0.035      0.001     4.0995     65.692     33.318  32.128163     2.5472     12.724   145.9992 7.7130e+02     5.2362     -0.034     -0.050    23.2124   997.5063 0.0000e+00
     -0.035      0.001     4.0599     64.952     33.318  32.126914     2.5329     12.725   146.3759 7.2238e+02     5.1676     -0.035     -0.050    23.2115   997.5065 0.0000e+00
     -0.035      0.001     4.0169     64.216     33.319  32.126801     2.5318     12.726   146.6105 6.9685e+02     5.1429     -0.035     -0.050    23.2103   997.5068 0.0000e+00
     -0.035      0.001     3.9710     63.531     33.320  32.126800     2.5143     12.726   146.5132 6.7208e+02     5.2810     -0.034     -0.050    23.2092   997.5071 0.0000e+00
     -0.034      0.001     3.9269     62.909     33.321  32.126901     2.4650     12.726   146.1462 6.1296e+02     5.5328     -0.033     -0.048    23.2081   997.5073 0.0000e+00
     -0.034      0.001     3.8835     62.318     33.323  32.128019     2.4227     12.725   145.8724 4.7857e+02     5.6466     -0.034     -0.049    23.2070   997.5076 0.0000e+00
     -0.034      0.001     3.8375     61.747     33.337  32.140317     2.4027     12.724   145.9558 3.7449e+02     5.6270     -0.034     -0.049    23.2056   997.5079 0.0000e+00
     -0.034      0.000     3.7965     61.202     33.348  32.148695     2.3848     12.723   146.1218 4.1296e+02     5.6387     -0.033     -0.048    23.2041   997.5083 0.0000e+00
     -0.034 2.2012e-08     3.7608     60.719     33.301  32.102429     2.3692     12.723   146.2457 4.3320e+02     5.6506     -0.033     -0.048    23.2025   997.5086 0.0000e+00
     -0.034 2.4213e-07     3.7254     60.452     33.219  32.025037     2.3672     12.724   146.5072 3.2102e+02     5.6677     -0.033     -0.048    23.2009   997.5089 0.0000e+00
     -0.034 6.1440e-07     3.6915     60.803     33.160  31.974294     2.3698     12.724   146.9600 2.4725e+02     5.6752     -0.034     -0.049    23.1986   997.5095 0.0000e+00
     -0.034      0.000     3.6584     62.254     33.110  31.933028     2.4102     12.724   147.5047 2.5971e+02     5.6723     -0.033     -0.048    23.1969   997.5100 0.0000e+00
     -0.034      0.000     3.6277     64.869     33.076  31.906772     2.5025     12.724   147.9306 2.4233e+02     5.7006     -0.033     -0.048    23.1937   997.5108 0.0000e+00
     -0.034      0.001     3.6036     68.266     33.076  31.910625     2.5615     12.725   148.2386 1.9489e+02     5.6744     -0.033     -0.047    23.1936   997.5107 0.0000e+00
     -0.034      0.001     3.6087     71.915     33.080  31.916180     2.5699     12.725   148.4750 1.6900e+02     5.6302     -0.033     -0.048    23.2059   997.5078 0.0000e+00
     -0.033      0.001     3.6943     75.296     33.073  31.910487     2.5952     12.725   148.6375 1.6701e+02     5.7153     -0.033     -0.047    23.2194   997.5046 0.0000e+00
     -0.033      0.000     3.8605     78.108     33.068  31.905238     2.6480     12.724   148.7401 1.7137e+02     5.8457     -0.033     -0.047    23.2279   997.5025 0.0000e+00
     -0.033 1.8614e-08     4.0728     80.188     33.078  31.916159     2.6828     12.724   148.6840 1.8029e+02     5.9024     -0.032     -0.046    23.2339   997.5011 0.0000e+00
     -0.033 2.0475e-07     4.3046     81.391     33.077  31.915640     2.6825     12.725   148.6466 1.8323e+02     5.9198     -0.032     -0.047    23.2363   997.5005 0.0000e+00
     -0.033 2.0475e-07     4.5110     81.775     33.060  31.898962     2.6734     12.725   148.9762 1.8147e+02     5.8839     -0.032     -0.047    23.2370   997.5003 0.0000e+00
     -0.033 1.8614e-08     4.6811     81.620     33.065  31.904843     2.6869     12.724   149.6580 1.8426e+02     5.8117     -0.033     -0.048    23.2372   997.5003 0.0000e+00
     -0.033 1.6921e-09     4.8106     81.188     33.083  31.923309     2.7218     12.724   150.2655 1.8513e+02     5.8367     -0.032     -0.047    23.2374   997.5002 0.0000e+00
     -0.033 1.5383e-10     4.8814     80.649     33.092  31.931900     2.7427     12.724   150.4708 1.8373e+02     5.9455     -0.032     -0.046    23.2384   997.5000 0.0000e+00
     -0.033 1.3985e-11     4.8959     80.117     33.107  31.945269     2.7479     12.724   150.3334 1.7981e+02     5.9604     -0.032     -0.047    23.2400   997.4996 0.0000e+00
     -0.033 1.2713e-12     4.8814     79.631     33.122  31.958061     2.7468     12.723   150.1524 1.7536e+02     5.8788     -0.032     -0.046    23.2410   997.4993 0.0000e+00
     -0.033 1.1558e-13     4.8527     79.202     33.124  31.959678     2.7385     12.723   150.0891 1.7917e+02     5.8513     -0.032     -0.047    23.2407   997.4994 0.0000e+00
     -0.033 1.0507e-14     4.8173     78.851     33.129  31.964817     2.7436     12.722   150.2571 1.8622e+02     5.8690     -0.032     -0.047    23.2403   997.4995 0.0000e+00
     -0.033 9.5515e-16     4.7858     78.592     33.120  31.956762     2.7514     12.722   150.7212 1.9001e+02     5.8861     -0.032     -0.046    23.2395   997.4997 0.0000e+00
     -0.033 8.6835e-17     4.7563     78.406     33.089  31.925723     2.7556     12.722   151.2260 1.8975e+02     5.8876     -0.032     -0.046    23.2376   997.5002 0.0000e+00
     -0.033 7.8940e-18     4.7308     78.281     33.070  31.906746     2.7760     12.722   151.6283 1.8796e+02     5.8519     -0.032     -0.047    23.2368   997.5004 0.0000e+00
     -0.033 7.1765e-19     4.7087     78.224     33.082  31.917647     2.7983     12.722   151.7996 1.8535e+02     5.8664     -0.032     -0.046    23.2379   997.5001 0.0000e+00
     -0.033 6.5240e-20     4.6941     78.196     33.096  31.930637     2.8151     12.722   151.7487 1.8441e+02     5.9256     -0.032     -0.046    23.2387   997.4999 0.0000e+00
     -0.033 5.9310e-21     4.6835     78.151     33.102  31.936924     2.8645     12.722   151.7876 1.8752e+02     5.9508     -0.032     -0.046    23.2384   997.5000 0.0000e+00
     -0.032 5.3915e-22     4.6751     78.056     33.094  31.930211     2.9287     12.722   151.8394 1.9196e+02     5.9302     -0.032     -0.046    23.2361   997.5005 0.0000e+00
     -0.032 4.9015e-23     4.6737     77.931     33.076  31.912918     2.9516     12.722   151.8590 1.9221e+02     5.8826     -0.032     -0.046    23.2335   997.5012 0.0000e+00
     -0.033 4.4559e-24     4.6723     77.821     33.081  31.918168     2.9603     12.722   152.0249 1.8403e+02     5.8892     -0.032     -0.046    23.2337   997.5011 0.0000e+00
     -0.033 4.0509e-25     4.6710     77.740     33.093  31.930242     2.9578     12.721   152.2100 1.7922e+02     5.8730     -0.032     -0.046    23.2350   997.5008 0.0000e+00
     -0.033 3.6826e-26     4.6647     77.685     33.095  31.932010     2.9206     12.721   152.4635 1.8136e+02     5.7218     -0.032     -0.046    23.2360   997.5006 0.0000e+00
     -0.033 3.3478e-27     4.6553     77.654     33.102  31.939545     2.8831     12.721   152.7658 1.8493e+02     5.6056     -0.031     -0.045    23.2370   997.5003 0.0000e+00
     -0.033 3.0435e-28     4.6493     77.680     33.122  31.957906     2.8668     12.722   152.9400 1.9429e+02     5.6011     -0.032     -0.046    23.2376   997.5002 0.0000e+00
     -0.032 2.7668e-29     4.6439     77.768     33.128  31.963685     2.8566     12.723   153.1072 1.9367e+02     5.5982     -0.032     -0.046    23.2377   997.5002 0.0000e+00
     -0.032 2.5153e-30     4.6415     77.873     33.109  31.945966     2.8276     12.723   153.2390 1.8457e+02     5.6054     -0.032     -0.046    23.2375   997.5002 0.0000e+00
     -0.032 2.2866e-31     4.6382     77.970     33.096  31.934006     2.7823     12.722   153.2422 1.8196e+02     5.6530     -0.031     -0.045    23.2372   997.5003 0.0000e+00
     -0.032 2.0787e-32     4.6394     78.061     33.108  31.945966     2.7479     12.722   153.3178 1.7974e+02     5.6942     -0.031     -0.045    23.2374   997.5003 0.0000e+00
     -0.032 1.8897e-33     4.6464     78.121     33.126  31.963695     2.7358     12.722   153.4650 1.7932e+02     5.6918     -0.032     -0.046    23.2381   997.5000 0.0000e+00
     -0.032 1.7180e-34     4.6528     78.128     33.121  31.958021     2.7599     12.722   153.5596 1.8097e+02     5.6235     -0.032     -0.046    23.2386   997.4999 0.0000e+00
     -0.032 1.5618e-35     4.6584     78.108     33.103  31.940813     2.8009     12.722   153.7731 1.7901e+02     5.4863     -0.032     -0.046    23.2390   997.4999 0.0000e+00
     -0.032 1.4198e-36     4.6641     78.073     33.108  31.945965     2.8119     12.721   154.1538 1.7842e+02     5.3713     -0.032     -0.046    23.2395   997.4997 0.0000e+00
     -0.032 1.2907e-37     4.6692     78.024     33.119  31.956876     2.8071     12.721   154.4633 1.8394e+02     5.3663     -0.031     -0.045    23.2393   997.4998 0.0000e+00
     -0.032 1.1734e-38     4.6679     78.004     33.108  31.945842     2.8291     12.721   154.5033 1.8532e+02     5.4602     -0.032     -0.046    23.2393   997.4998 0.0000e+00
     -0.032 1.0667e-39     4.6664     78.013     33.102  31.939440     2.8680     12.721   154.3795 1.8339e+02     5.5799     -0.031     -0.045    23.2402   997.4996 0.0000e+00
     -0.032 9.6975e-41     4.6655     78.039     33.106  31.942919     2.8869     12.721   154.3428 1.9801e+02     5.6468     -0.032     -0.046    23.2405   997.4995 0.0000e+00
     -0.032 8.8160e-42     4.6602     78.092     33.086  31.924463     2.8849     12.721   154.4895 2.2197e+02     5.6509     -0.031     -0.045    23.2398   997.4997 0.0000e+00
     -0.032 8.0145e-43     4.6599     78.155     33.068  31.906622     2.8733     12.721   154.6045 2.2681e+02     5.6293     -0.031     -0.045    23.2387   997.4999 0.0000e+00
     -0.032 7.2860e-44     4.6610     78.195     33.080  31.917532     2.8697     12.721   154.6152 2.2317e+02     5.6263     -0.032     -0.046    23.2378   997.5001 0.0000e+00
     -0.032 6.6235e-45     4.6614     78.184     33.093  31.929482     2.8706     12.721   154.7907 2.2735e+02     5.6485     -0.032     -0.046    23.2377   997.5002 0.0000e+00
     -0.032 6.0215e-46     4.6658     78.139     33.087  31.924225     2.8653     12.720   155.1787 2.2629e+02     5.6911     -0.031     -0.045    23.2386   997.5000 0.0000e+00
     -0.032 5.4779e-47     4.6694     78.095     33.080  31.917417     2.8719     12.720   155.6052 2.1809e+02     5.7643     -0.031     -0.045    23.2391   997.4998 0.0000e+00
     -0.032 5.4076e-48     4.6734     78.063     33.072  31.910609     2.8741     12.720   155.8179 2.0662e+02     5.8473     -0.031     -0.045    23.2381   997.5000 0.0000e+00
     -0.032 5.1967e-48     4.6720     78.035     33.067  31.905362     2.8725     12.720   155.8577 1.9014e+02     5.9044     -0.031     -0.045    23.2370   997.5003 0.0000e+00
     -0.032 5.2228e-47     4.6683     78.003     33.079  31.917418     2.8817     12.721   155.8282 1.8103e+02     5.9055     -0.031     -0.045    23.2367   997.5004 0.0000e+00
     -0.032 5.7406e-46     4.6658     77.984     33.092  31.929482     2.8802     12.721   155.7191 1.8685e+02     5.8954     -0.031     -0.045    23.2373   997.5003 0.0000e+00
     -0.032 6.3147e-45     4.6637     78.001     33.087  31.924339     2.8835     12.721   155.9157 1.9717e+02     5.9193     -0.031     -0.045    23.2381   997.5001 0.0000e+00
     -0.032 6.9461e-44     4.6627     78.036     33.082  31.918675     2.9111     12.722   156.3120 1.9580e+02     5.9198     -0.032     -0.046    23.2383   997.5000 0.0000e+00
     -0.032 7.6407e-43     4.6601     78.053     33.088  31.924452     2.9377     12.722   156.5527 2.1383e+02     5.9016     -0.032     -0.046    23.2386   997.4999 0.0000e+00
     -0.032 8.4048e-42     4.6582     78.020     33.095  31.930741     2.9477     12.722   156.8479 2.5522e+02     5.9053     -0.031     -0.045    23.2382   997.5000 0.0000e+00
     -0.032 9.2453e-41     4.6597     77.943     33.095  31.931261     2.9471     12.721   157.1276 2.4757e+02     5.8956     -0.031     -0.045    23.2371   997.5003 0.0000e+00
     -0.032 1.0170e-39     4.6630     77.881     33.094  31.930740     2.9489     12.720   157.1821 2.4197e+02     5.8868     -0.032     -0.046    23.2367   997.5004 0.0000e+00
     -0.032 1.1187e-38     4.6646     77.868     33.088  31.924442     2.9599     12.720   157.0760 2.6038e+02     5.9025     -0.031     -0.045    23.2367   997.5004 0.0000e+00
     -0.032 1.2305e-37     4.6631     77.890     33.083  31.918560     2.9654     12.721   157.0498 2.3198e+02     5.9140     -0.031     -0.045    23.2363   997.5005 0.0000e+00
     -0.032 1.3536e-36     4.6563     77.942     33.088  31.923070     2.9388     12.721   157.2091 2.0444e+02     5.8546     -0.032     -0.046    23.2360   997.5006 0.0000e+00
