Data/DataNotYetUploadedToEDI/Raw_CTD/RawDownloads/081919_fcr50.cnv
* Sea-Bird SBE19plus  Data File:
* FileName = C:\DATA\081919_fcr50_0001.hex
* Software version 2.8.0.119 SB_Terminal.dll
* Temperature SN = 7809
* Conductivity SN = 7809
* System UpLoad Time = Aug 19 2019 09:53:56
* <ApplicationData>
* <Seaterm232>
# nquan = 16
# nvalues = 825                         
# units = specified
# name 0 = depFM: Depth [fresh water, m]
# name 1 = dz/dtM: Descent Rate [m/s]
# name 2 = sbeox0Mg/L: Oxygen, SBE 43 [mg/l]
# name 3 = sbeox0PS: Oxygen, SBE 43 [% saturation]
# name 4 = specc: Specific Conductance [uS/cm]
# name 5 = c0uS/cm: Conductivity [uS/cm]
# name 6 = flECO-AFL: Fluorescence, WET Labs ECO-AFL/FL [mg/m^3]
# name 7 = ph: pH
# name 8 = orp: Oxidation Reduction Potential [mV]
# name 9 = par/sat/log: PAR/Logarithmic, Satlantic
# name 10 = turbWETntu0: Turbidity, WET Labs ECO [NTU]
# name 11 = prdM: Pressure, Strain Gauge [db]
# name 12 = prdE: Pressure, Strain Gauge [psi]
# name 13 = tv290C: Temperature [ITS-90, deg C]
# name 14 = density00: Density [density, kg/m^3]
# name 15 = flag:  0.000e+00
# span 0 =     -0.564,      9.246       
# span 1 =     -2.941,      0.262       
# span 2 =    -0.3830,    10.4323       
# span 3 =     -4.491,    131.495       
# span 4 =      1.868,     67.383       
# span 5 =   1.823281,  52.231112       
# span 6 =    -0.2311,     8.0053       
# span 7 =      6.520,      9.397       
# span 8 =  -805.0052,   617.8823       
# span 9 = 1.2356e-01, 1.3673e+03       
# span 10 =    -0.4996,   894.0179      
# span 11 =     -0.553,      9.067      
# span 12 =     -0.802,     13.151      
# span 13 =    11.9784,    27.4632      
# span 14 =   996.4053,   999.5644      
# span 15 = 0.0000e+00, 0.0000e+00      
# interval = seconds: 0.25
# start_time = Aug 19 2019 09:40:08 [Instrument's time stamp, header]
# bad_flag = -9.990e-29
*END*
[from data line 452]
      2.915      0.071     0.1886      2.071     47.532  42.706188     5.6955      8.014   326.0103 8.8495e+00     2.0649      2.856      4.143    20.2240   998.1933 0.0000e+00
      2.939      0.066     0.1880      2.061     47.497  42.610686     5.4650      8.005   326.7073 8.5790e+00     2.0757      2.882      4.180    20.1547   998.2076 0.0000e+00
      2.963      0.057     0.1866      2.044     47.367  42.457747     5.4242      7.998   326.4728 8.3896e+00     2.0597      2.909      4.219    20.0848   998.2220 0.0000e+00
      2.980      0.045     0.1850      2.027     47.347  42.444274     5.2811      7.992   325.6703 8.3096e+00     2.0679      2.926      4.243    20.0033   998.2391 0.0000e+00
      2.987      0.030     0.1822      1.998     47.441  42.574766     5.0266      7.985   324.9207 8.2892e+00     2.0438      2.932      4.251    19.9132   998.2577 0.0000e+00
      2.988      0.018     0.1768      1.942     47.506  42.702250     4.8785      7.977   325.2387 8.2886e+00     2.0304      2.931      4.250    19.8408   998.2725 0.0000e+00
      2.985      0.009     0.1713      1.884     47.446  42.715925     4.8511      7.968   325.7294 8.3068e+00     2.0366      2.928      4.246    19.7987   998.2810 0.0000e+00
      2.984      0.006     0.1664      1.832     47.342  42.676711     4.8508      7.962   325.5192 8.3143e+00     2.0202      2.925      4.241    19.7984   998.2811 0.0000e+00
      2.985      0.007     0.1615      1.780     47.292  42.672637     4.8838      7.956   325.0207 8.2698e+00     2.0292      2.926      4.243    19.8565   998.2693 0.0000e+00
      2.989      0.014     0.1565      1.726     47.255  42.666731     4.9297      7.949   324.6061 8.2126e+00     2.0472      2.932      4.252    19.9430   998.2517 0.0000e+00
      2.994      0.027     0.1518      1.674     47.125  42.541846     4.9550      7.941   324.4639 8.1880e+00     2.0408      2.936      4.259    20.0177   998.2362 0.0000e+00
      2.996      0.042     0.1481      1.630     46.949  42.305502     4.9556      7.934   324.6785 8.1464e+00     2.0506      2.937      4.260    20.0711   998.2251 0.0000e+00
      3.003      0.056     0.1458      1.600     46.960  42.158189     4.8156      7.927   325.0490 7.9994e+00     2.1983      2.939      4.263    20.1154   998.2159 0.0000e+00
      3.022      0.069     0.1457      1.593     47.180  42.157290     4.5449      7.922   325.4160 7.7549e+00     2.4830      2.959      4.293    20.1496   998.2089 0.0000e+00
      3.049      0.084     0.1470      1.599     47.425  42.167391     4.3969      7.916   324.8141 7.5223e+00     2.6423      2.992      4.339    20.1593   998.2069 0.0000e+00
      3.075      0.097     0.1494      1.619     47.565  42.089565     4.3868      7.910   323.5361 7.3309e+00     2.6489      3.016      4.375    20.0873   998.2220 0.0000e+00
      3.099      0.105     0.1529      1.651     47.640  41.977919     4.4055      7.904   323.2991 7.1332e+00     2.6941      3.038      4.406    19.8958   998.2615 0.0000e+00
      3.124      0.107     0.1553      1.671     47.725  41.896594     4.4330      7.899   324.0145 6.9009e+00     2.7954      3.061      4.439    19.6730   998.3071 0.0000e+00
      3.155      0.107     0.1565      1.679     47.715  41.740981     4.4415      7.894   324.8720 6.6669e+00     2.8906      3.093      4.486    19.4560   998.3512 0.0000e+00
      3.187      0.105     0.1594      1.705     47.663  41.556479     4.4298      7.889   324.4609 6.4973e+00     2.9608      3.129      4.537    19.2256   998.3973 0.0000e+00
      3.212      0.099     0.1630      1.739     47.746  41.506804     4.2832      7.883   322.8297 6.3533e+00     2.8906      3.151      4.569    19.0434   998.4333 0.0000e+00
      3.236      0.087     0.1652      1.759     47.862  41.521151     4.0039      7.877   322.0136 6.1742e+00     2.6637      3.170      4.599    18.8909   998.4633 0.0000e+00
      3.263      0.071     0.1668      1.774     47.928  41.539371     3.8447      7.870   322.3371 6.0120e+00     2.5120      3.201      4.644    18.7295   998.4947 0.0000e+00
      3.283      0.056     0.1677      1.783     48.004  41.600068     3.8317      7.865   322.9552 5.9340e+00     2.4649      3.227      4.679    18.5850   998.5224 0.0000e+00
      3.291      0.048     0.1663      1.769     48.027  41.620136     3.8045      7.861   322.8621 5.9187e+00     2.4554      3.230      4.684    18.4488   998.5483 0.0000e+00
      3.292      0.043     0.1637      1.741     48.021  41.591546     3.7326      7.856   322.0720 5.9134e+00     2.4956      3.227      4.681    18.3502   998.5671 0.0000e+00
      3.294      0.042     0.1625      1.726     48.135  41.635293     3.6818      7.851   321.5756 5.8674e+00     2.5243      3.227      4.681    18.3191   998.5730 0.0000e+00
      3.304      0.046     0.1624      1.722     48.367  41.768067     3.6580      7.847   321.4199 5.7591e+00     2.5075      3.236      4.694    18.3222   998.5725 0.0000e+00
      3.323      0.054     0.1610      1.704     48.776  42.054010     3.6359      7.842   321.5659 5.6432e+00     2.4898      3.259      4.727    18.3349   998.5702 0.0000e+00
      3.343      0.064     0.1581      1.671     49.435  42.552890     3.5620      7.836   322.0506 5.5608e+00     2.5396      3.282      4.759    18.3164   998.5737 0.0000e+00
      3.359      0.070     0.1539      1.624     50.098  43.038015     3.4320      7.831   322.2896 5.4908e+00     2.6180      3.293      4.777    18.2475   998.5868 0.0000e+00
      3.375      0.070     0.1498      1.578     50.501  43.284535     3.3647      7.826   322.0480 5.3828e+00     2.6185      3.308      4.799    18.1716   998.6012 0.0000e+00
      3.394      0.067     0.1479      1.554     50.707  43.374624     3.3457      7.821   321.7955 5.2383e+00     2.5785      3.328      4.827    18.1045   998.6138 0.0000e+00
      3.414      0.067     0.1470      1.544     50.925  43.492219     3.1946      7.817   321.8177 5.1124e+00     2.5930      3.350      4.858    18.0431   998.6256 0.0000e+00
      3.432      0.070     0.1450      1.520     51.179  43.626857     2.9242      7.812   322.1442 5.0294e+00     2.6290      3.369      4.886    17.9578   998.6417 0.0000e+00
      3.445      0.074     0.1434      1.500     51.379  43.669012     2.7718      7.807   322.5599 4.9513e+00     2.6537      3.378      4.900    17.8439   998.6628 0.0000e+00
      3.460      0.078     0.1439      1.500     51.514  43.620773     2.7575      7.802   322.7142 4.8035e+00     2.6624      3.388      4.915    17.7558   998.6790 0.0000e+00
      3.482      0.082     0.1459      1.515     51.624  43.551360     2.8122      7.797   322.8061 4.6173e+00     2.6680      3.414      4.951    17.7021   998.6889 0.0000e+00
      3.508      0.086     0.1484      1.537     51.844  43.591492     2.9217      7.791   323.0676 4.4628e+00     2.7223      3.442      4.993    17.6375   998.7009 0.0000e+00
      3.533      0.089     0.1485      1.534     52.308  43.851838     2.9890      7.785   323.2957 4.3346e+00     2.7617      3.466      5.027    17.5083   998.7242 0.0000e+00
      3.556      0.089     0.1486      1.532     53.042  44.349663     2.9923      7.778   323.4134 4.2193e+00     2.7502      3.488      5.058    17.3327   998.7557 0.0000e+00
      3.579      0.085     0.1509      1.552     53.996  45.038668     2.9263      7.771   323.6301 4.1123e+00     2.6818      3.510      5.091    17.1688   998.7848 0.0000e+00
      3.600      0.079     0.1523      1.562     54.847  45.641950     2.8082      7.766   324.1083 4.0152e+00     2.5573      3.532      5.122    17.0311   998.8089 0.0000e+00
      3.620      0.074     0.1535      1.572     55.618  46.182691     2.7433      7.760   324.6355 3.9199e+00     2.4910      3.550      5.148    16.9103   998.8302 0.0000e+00
      3.639      0.073     0.1557      1.592     56.715  47.004333     2.7393      7.753   324.4970 3.8293e+00     2.5027      3.569      5.176    16.7981   998.8498 0.0000e+00
      3.655      0.078     0.1574      1.606     57.678  47.701518     2.7176      7.744   323.8971 3.7716e+00     2.4696      3.587      5.201    16.7046   998.8663 0.0000e+00
      3.667      0.086     0.1592      1.620     58.212  48.007456     2.6630      7.736   323.7491 3.7211e+00     2.3526      3.594      5.213    16.6049   998.8835 0.0000e+00
      3.685      0.096     0.1601      1.625     58.987  48.480435     2.6243      7.726   324.0843 3.6213e+00     2.2674      3.608      5.233    16.5051   998.9005 0.0000e+00
      3.715      0.105     0.1570      1.589     59.959  49.101287     2.6222      7.717   324.5947 3.4843e+00     2.2591      3.641      5.281    16.4406   998.9120 0.0000e+00
      3.750      0.112     0.1536      1.550     60.625  49.480258     2.6465      7.709   324.5855 3.3555e+00     2.2855      3.679      5.336    16.3609   998.9259 0.0000e+00
      3.785      0.115     0.1530      1.541     61.045  49.696138     2.6752      7.701   323.9733 3.2506e+00     2.3246      3.713      5.385    16.2391   998.9463 0.0000e+00
      3.817      0.113     0.1528      1.536     61.294  49.805863     2.6832      7.692   323.9042 3.1618e+00     2.3058      3.744      5.431    16.0943   998.9705 0.0000e+00
      3.844      0.107     0.1535      1.540     61.478  49.854112     2.6825      7.683   324.6100 3.0922e+00     2.2548      3.772      5.471    15.9419   998.9958 0.0000e+00
      3.867      0.100     0.1542      1.545     61.762  49.961812     2.6846      7.675   325.1076 3.0248e+00     2.2643      3.794      5.502    15.7907   999.0204 0.0000e+00
      3.890      0.094     0.1545      1.544     62.078  50.091642     2.6471      7.666   324.8436 2.9372e+00     2.3551      3.815      5.532    15.6858   999.0373 0.0000e+00
      3.914      0.089     0.1565      1.560     62.381  50.216918     2.5674      7.657   324.3437 2.8438e+00     2.4683      3.839      5.567    15.6326   999.0460 0.0000e+00
      3.937      0.085     0.1570      1.562     62.661  50.333073     2.5189      7.650   324.2266 2.7674e+00     2.4856      3.862      5.601    15.5503   999.0591 0.0000e+00
      3.959      0.081     0.1555      1.545     62.884  50.416130     2.5032      7.643   324.2873 2.7216e+00     2.4665      3.883      5.632    15.4435   999.0761 0.0000e+00
      3.980      0.076     0.1540      1.528     63.035  50.458828     2.4647      7.637   324.9057 2.6934e+00     2.4331      3.905      5.664    15.3412   999.0922 0.0000e+00
      3.999      0.071     0.1510      1.496     63.115  50.468129     2.4086      7.631   325.9388 2.6563e+00     2.3444      3.923      5.690    15.2434   999.1074 0.0000e+00
      4.016      0.068     0.1488      1.474     63.302  50.592041     2.3791      7.623   325.3358 2.6076e+00     2.2792      3.938      5.711    15.1559   999.1209 0.0000e+00
      4.031      0.069     0.1487      1.473     63.760  50.940707     2.3776      7.615   323.7234 2.5641e+00     2.2352      3.954      5.735    15.0783   999.1329 0.0000e+00
      4.044      0.073     0.1465      1.450     63.756  50.872644     2.3906      7.606   324.8552 2.5221e+00     2.1717      3.967      5.752    15.0148   999.1427 0.0000e+00
      4.058      0.078     0.1435      1.417     62.942  50.086527     2.4150      7.598   328.0938 2.4659e+00     2.1021      3.976      5.766    14.9684   999.1498 0.0000e+00
      4.081      0.083     0.1428      1.405     62.499  49.565922     2.4379      7.591   328.7238 2.3946e+00     2.0821      3.999      5.801    14.9490   999.1527 0.0000e+00
      4.109      0.087     0.1420      1.395     62.893  49.722801     2.4506      7.585   326.9657 2.3236e+00     2.0933      4.030      5.847    14.9589   999.1516 0.0000e+00
      4.135      0.089     0.1408      1.380     63.515  50.077683     2.4295      7.579   326.0229 2.2575e+00     2.0737      4.056      5.883    14.9200   999.1578 0.0000e+00
      4.158      0.089     0.1408      1.377     64.033  50.363224     2.3906      7.573   327.1335 2.1913e+00     2.0416      4.078      5.914    14.7883   999.1769 0.0000e+00
      4.178      0.087     0.1406      1.372     64.440  50.570923     2.3801      7.568   329.2952 2.1356e+00     2.0325      4.098      5.943    14.6433   999.1982 0.0000e+00
      4.199      0.084     0.1407      1.370     64.796  50.746803     2.3889      7.563   330.0482 2.0828e+00     2.0299      4.117      5.972    14.5212   999.2164 0.0000e+00
      4.220      0.082     0.1409      1.370     65.278  51.028725     2.4010      7.558   329.1827 2.0203e+00     1.9440      4.138      6.002    14.4146   999.2321 0.0000e+00
      4.241      0.081     0.1404      1.363     65.919  51.438713     2.4227      7.552   328.5527 1.9716e+00     1.8137      4.158      6.032    14.3213   999.2457 0.0000e+00
      4.262      0.080     0.1403      1.360     66.454  51.765565     2.4435      7.546   329.0547 1.9373e+00     1.7656      4.180      6.063    14.2333   999.2585 0.0000e+00
      4.283      0.077     0.1407      1.362     66.864  51.995059     2.4438      7.541   329.4887 1.8847e+00     1.7886      4.200      6.092    14.1533   999.2700 0.0000e+00
      4.302      0.075     0.1411      1.364     67.213  52.180677     2.4353      7.536   329.2394 1.8190e+00     1.8290      4.219      6.119    14.0813   999.2803 0.0000e+00
      4.321      0.072     0.1412      1.364     67.383  52.231112     2.4193      7.532   328.7948 1.7757e+00     1.8284      4.237      6.146    14.0144   999.2900 0.0000e+00
      4.338      0.070     0.1417      1.365     67.311  52.096587     2.3972      7.527   327.8982 1.7597e+00     1.7811      4.255      6.171    13.9450   999.2998 0.0000e+00
      4.355      0.070     0.1418      1.365     66.893  51.697469     2.3935      7.522   327.0030 1.7476e+00     1.7490      4.271      6.194    13.8762   999.3095 0.0000e+00
      4.372      0.071     0.1411      1.356     66.125  51.026082     2.3919      7.516   327.0048 1.7352e+00     1.7678      4.288      6.219    13.8143   999.3182 0.0000e+00
      4.389      0.072     0.1415      1.359     65.330  50.330881     2.3865      7.510   327.3174 1.7190e+00     1.9099      4.304      6.243    13.7523   999.3267 0.0000e+00
      4.407      0.075     0.1407      1.349     64.622  49.707186     2.3891      7.504   326.7390 1.6936e+00     2.1566      4.321      6.267    13.6940   999.3347 0.0000e+00
      4.427      0.077     0.1373      1.315     63.722  48.947394     2.3889      7.498   325.6033 1.6683e+00     2.2927      4.340      6.295    13.6392   999.3421 0.0000e+00
      4.448      0.079     0.1344      1.286     62.485  47.940242     2.3841      7.493   325.2015 1.6376e+00     2.2772      4.362      6.327    13.5817   999.3496 0.0000e+00
      4.469      0.080     0.1321      1.263     60.415  46.294343     2.3924      7.488   325.4080 1.6051e+00     2.1983      4.383      6.357    13.5163   999.3580 0.0000e+00
      4.491      0.080     0.1308      1.248     57.651  44.097722     2.4195      7.484   325.5192 1.5846e+00     2.0926      4.404      6.387    13.4525   999.3665 0.0000e+00
      4.511      0.079     0.1309      1.247     55.568  42.399992     2.4428      7.481   325.2561 1.5707e+00     2.0482      4.424      6.417    13.4003   999.3731 0.0000e+00
      4.531      0.078     0.1305      1.240     54.633  41.577983     2.4488      7.479   324.8076 1.5514e+00     2.0547      4.444      6.445    13.3559   999.3787 0.0000e+00
      4.550      0.076     0.1292      1.225     54.428  41.333377     2.4310      7.478   324.7428 1.5231e+00     2.0406      4.462      6.471    13.3171   999.3832 0.0000e+00
      4.569      0.071     0.1297      1.229     54.351  41.220125     2.4010      7.477   324.9878 1.4943e+00     2.0076      4.479      6.497    13.2509   999.3906 0.0000e+00
      4.589      0.066     0.1305      1.236     53.965  40.906982     2.3893      7.477   325.2752 1.4703e+00     2.0167      4.500      6.526    13.1476   999.4033 0.0000e+00
