Data/DataNotYetUploadedToEDI/Raw_CTD/RawDownloads/081919_fcr10.cnv
* Sea-Bird SBE19plus  Data File:
* FileName = C:\DATA\081919_fcr_0003.hex
* Software version 2.8.0.119 SB_Terminal.dll
* Temperature SN = 7809
* Conductivity SN = 7809
* System UpLoad Time = Aug 20 2019 10:48:44
* <ApplicationData>
* <Seaterm232>
# nquan = 16
# nvalues = 462                         
# units = specified
# name 0 = depFM: Depth [fresh water, m]
# name 1 = dz/dtM: Descent Rate [m/s]
# name 2 = sbeox0Mg/L: Oxygen, SBE 43 [mg/l]
# name 3 = sbeox0PS: Oxygen, SBE 43 [% saturation]
# name 4 = specc: Specific Conductance [uS/cm]
# name 5 = c0uS/cm: Conductivity [uS/cm]
# name 6 = flECO-AFL: Fluorescence, WET Labs ECO-AFL/FL [mg/m^3]
# name 7 = ph: pH
# name 8 = orp: Oxidation Reduction Potential [mV]
# name 9 = par/sat/log: PAR/Logarithmic, Satlantic
# name 10 = turbWETntu0: Turbidity, WET Labs ECO [NTU]
# name 11 = prdM: Pressure, Strain Gauge [db]
# name 12 = prdE: Pressure, Strain Gauge [psi]
# name 13 = tv290C: Temperature [ITS-90, deg C]
# name 14 = density00: Density [density, kg/m^3]
# name 15 = flag:  0.000e+00
# span 0 =     -0.560,      2.234       
# span 1 =     -0.089,      0.197       
# span 2 =     0.0408,    11.8926       
# span 3 =      0.480,    149.691       
# span 4 =      2.182,     58.984       
# span 5 =   2.324676,  57.126181       
# span 6 =    -0.9896,     5.7617       
# span 7 =      8.194,      9.062       
# span 8 =   171.2247,   459.5705       
# span 9 = 2.2419e+01, 2.1406e+03       
# span 10 =   -11.9882,    31.7540      
# span 11 =     -0.551,      2.191      
# span 12 =     -0.798,      3.178      
# span 13 =    23.3755,    28.3527      
# span 14 =   996.1418,   997.4851      
# span 15 = 0.0000e+00, 0.0000e+00      
# interval = seconds: 0.25
# start_time = Aug 19 2019 11:17:03 [Instrument's time stamp, header]
# bad_flag = -9.990e-29
*END*
[from data line 181]
     -0.029      0.001     8.7214    109.888     38.137  39.833703     3.8538      8.977   203.7676 1.7264e+03     6.9972     -0.029     -0.042    27.4280   996.4153 0.0000e+00
     -0.029      0.001     9.7778    123.156     38.160  39.841953     3.8540      8.977   203.8072 1.7301e+03     6.9981     -0.029     -0.042    27.3850   996.4273 0.0000e+00
     -0.029      0.001    10.6514    134.132     38.163  39.835849     3.8686      8.978   203.8943 1.7314e+03     6.8889     -0.028     -0.041    27.3025   996.4504 0.0000e+00
     -0.028      0.001    11.3053    142.345     38.158  39.823364     3.8924      8.980   204.0457 1.7307e+03     6.7579     -0.028     -0.040    27.2430   996.4669 0.0000e+00
     -0.028      0.001    11.7212    147.560     38.159  39.817964     3.9078      8.981   204.1755 1.7278e+03     6.7259     -0.028     -0.040    27.2132   996.4751 0.0000e+00
     -0.028      0.001    11.8926    149.691     38.182  39.834027     3.9157      8.982   204.2588 1.7234e+03     6.7306     -0.027     -0.039    27.1936   996.4806 0.0000e+00
     -0.028      0.000    11.8439    149.045     38.184  39.827117     3.9444      8.982   204.2786 1.7198e+03     6.7170     -0.027     -0.039    27.1831   996.4836 0.0000e+00
     -0.028     -0.002    11.6609    146.703     38.166  39.797886     3.9953      8.982   204.2435 1.7132e+03     6.6924     -0.027     -0.040    27.1764   996.4854 0.0000e+00
     -0.028     -0.004    11.4462    143.968     38.176  39.797992     4.0198      8.982   204.2640 1.6911e+03     6.6956     -0.027     -0.039    27.1682   996.4875 0.0000e+00
     -0.028     -0.004    11.2613    141.627     38.210  39.828378     4.0236      8.982   204.2685 1.6020e+03     6.7555     -0.026     -0.038    27.1586   996.4902 0.0000e+00
     -0.030     -0.003    11.1178    139.831     38.226  39.847872     4.0580      8.981   204.2125 1.5267e+03     6.8273     -0.028     -0.041    27.1467   996.4936 0.0000e+00
     -0.034     -0.002    11.0078    138.473     38.214  39.843245     4.1149      8.981   204.1889 1.6054e+03     6.8751     -0.034     -0.050    27.1300   996.4981 0.0000e+00
     -0.036      0.000    10.9259    137.464     38.201  39.835920     4.1474      8.982   204.2410 1.6746e+03     6.8741     -0.036     -0.052    27.1143   996.5024 0.0000e+00
     -0.034      0.003    10.8672    136.723     38.189  39.822809     4.1564      8.984   204.4122 1.3671e+03     6.8807     -0.033     -0.048    27.1072   996.5044 0.0000e+00
     -0.030      0.005    10.8266    136.200     38.182  39.811674     4.1466      8.986   204.6242 8.3253e+02     6.9559     -0.029     -0.042    27.1108   996.5034 0.0000e+00
     -0.028      0.005    10.7992    135.847     38.201  39.828248     4.1147      8.986   204.7389 7.6411e+02     6.9966     -0.027     -0.039    27.1255   996.4995 0.0000e+00
     -0.026      0.004    10.7805    135.609     38.206  39.832760     4.0918      8.987   204.7666 1.1350e+03     6.9789     -0.025     -0.036    27.1376   996.4962 0.0000e+00
     -0.025      0.002    10.7680    135.448     38.178  39.802746     4.0862      8.988   204.8728 1.3237e+03     6.9715     -0.024     -0.034    27.1340   996.4971 0.0000e+00
     -0.026      0.000    10.7591    135.332     38.161  39.782756     4.0826      8.991   204.9910 1.2670e+03     6.9396     -0.025     -0.036    27.1261   996.4993 0.0000e+00
     -0.028     -0.001    10.7501    135.212     38.161  39.781507     4.0823      8.993   205.0774 1.2982e+03     6.8556     -0.027     -0.039    27.1229   996.5002 0.0000e+00
     -0.028     -0.001    10.7400    135.082     38.168  39.787638     4.0914      8.993   205.1428 1.4603e+03     6.7754     -0.028     -0.041    27.1223   996.5004 0.0000e+00
     -0.027      0.000    10.7290    134.943     38.173  39.793404     4.0974      8.993   205.1797 1.6112e+03     6.7560     -0.027     -0.038    27.1224   996.5003 0.0000e+00
     -0.027      0.001    10.7159    134.777     38.168  39.787741     4.0938      8.994   205.2655 1.7362e+03     6.7528     -0.025     -0.037    27.1194   996.5011 0.0000e+00
     -0.027      0.002    10.7042    134.623     38.166  39.782642     4.0921      8.996   205.3194 1.8041e+03     6.9000     -0.026     -0.038    27.1163   996.5020 0.0000e+00
     -0.026      0.002    10.6995    134.553     38.181  39.795234     4.0935      8.998   205.3147 1.8149e+03     7.2251     -0.026     -0.037    27.1153   996.5022 0.0000e+00
     -0.026      0.001    10.7015    134.566     38.202  39.813020     4.0937      8.998   205.2953 1.8168e+03     7.4064     -0.025     -0.037    27.1153   996.5023 0.0000e+00
     -0.026      0.001    10.7049    134.602     38.198  39.807246     4.0946      8.998   205.3428 1.8134e+03     7.4201     -0.025     -0.037    27.1156   996.5021 0.0000e+00
     -0.025      0.001    10.7071    134.628     38.181  39.788898     4.0871      8.999   205.4586 1.8096e+03     7.3589     -0.025     -0.036    27.1128   996.5029 0.0000e+00
     -0.025      0.001    10.7115    134.684     38.174  39.781623     4.0808      9.000   205.5768 1.8094e+03     7.2564     -0.024     -0.035    27.1071   996.5044 0.0000e+00
     -0.025      0.000    10.7178    134.766     38.174  39.782767     4.0954      9.001   205.6538 1.8075e+03     7.2287     -0.024     -0.035    27.1016   996.5060 0.0000e+00
     -0.025      0.000    10.7204    134.799     38.193  39.802737     4.1170      9.001   205.7014 1.8048e+03     7.2210     -0.024     -0.034    27.0988   996.5068 0.0000e+00
     -0.025     -0.001    10.7176    134.761     38.223  39.832622     4.1597      9.002   205.8079 1.8049e+03     7.0648     -0.024     -0.035    27.0983   996.5070 0.0000e+00
     -0.026     -0.001    10.7147    134.721     38.218  39.826695     4.2305      9.004   205.9095 1.8063e+03     6.8153     -0.025     -0.036    27.0990   996.5067 0.0000e+00
     -0.026     -0.001    10.7183    134.767     38.188  39.794553     4.2709      9.004   205.9834 1.8084e+03     6.6944     -0.026     -0.037    27.1002   996.5064 0.0000e+00
     -0.026     -0.001    10.7291    134.909     38.154  39.761409     4.2668      9.004   206.0990 1.8132e+03     6.7169     -0.025     -0.037    27.1005   996.5063 0.0000e+00
     -0.026      0.000    10.7431    135.093     38.134  39.743367     4.2240      9.004   206.1883 1.8187e+03     6.7924     -0.025     -0.036    27.0996   996.5066 0.0000e+00
     -0.026      0.001    10.7541    135.236     38.155  39.766858     4.1605      9.004   206.2888 1.8197e+03     6.8864     -0.025     -0.036    27.0978   996.5071 0.0000e+00
     -0.026      0.001    10.7597    135.303     38.180  39.791506     4.1413      9.005   206.3674 1.8172e+03     6.9363     -0.025     -0.037    27.0967   996.5074 0.0000e+00
     -0.026      0.001    10.7622    135.325     38.178  39.787456     4.1564      9.005   206.3653 1.8155e+03     6.9371     -0.026     -0.037    27.0996   996.5066 0.0000e+00
     -0.025      0.001    10.7630    135.327     38.175  39.781369     4.1612      9.005   206.4358 1.8145e+03     6.9286     -0.024     -0.035    27.1050   996.5050 0.0000e+00
     -0.024      0.001    10.7633    135.327     38.177  39.781383     4.1722      9.005   206.5306 1.8133e+03     6.9645     -0.024     -0.034    27.1065   996.5047 0.0000e+00
     -0.024      0.001    10.7628    135.317     38.183  39.787628     4.1942      9.004   206.6508 1.8131e+03     7.0761     -0.023     -0.034    27.1049   996.5051 0.0000e+00
     -0.024      0.000    10.7619    135.306     38.188  39.793395     4.2025      9.004   206.8575 1.8138e+03     7.1643     -0.023     -0.034    27.1012   996.5061 0.0000e+00
     -0.024     -0.001    10.7604    135.291     38.182  39.787629     4.2119      9.004   207.0504 1.8141e+03     7.1786     -0.024     -0.034    27.0965   996.5074 0.0000e+00
     -0.024     -0.001    10.7559    135.237     38.175  39.781384     4.2559      9.004   207.1766 1.8061e+03     7.1827     -0.024     -0.034    27.0946   996.5080 0.0000e+00
     -0.025      0.000    10.7493    135.151     38.176  39.781384     4.3097      9.004   207.1788 1.6886e+03     7.1817     -0.024     -0.035    27.0939   996.5081 0.0000e+00
     -0.025      0.000    10.7398    135.026     38.184  39.787629     4.3242      9.004   207.1632 1.5908e+03     7.1335     -0.026     -0.037    27.0941   996.5080 0.0000e+00
     -0.025      0.000    10.7272    134.862     38.192  39.793396     4.3195      9.003   207.2460 1.7250e+03     7.0913     -0.025     -0.037    27.0960   996.5075 0.0000e+00
     -0.024      0.000    10.7172    134.734     38.187  39.787625     4.2955      9.000   207.4059 1.8547e+03     7.0974     -0.023     -0.033    27.0979   996.5070 0.0000e+00
     -0.024     -0.003    10.7147    134.707     38.179  39.781333     4.2422      8.997   207.5471 1.8596e+03     7.0768     -0.023     -0.034    27.0972   996.5072 0.0000e+00
     -0.024     -0.010    10.7200    134.783     38.176  39.780813     4.2041      8.996   207.5761 1.8276e+03     7.0065     -0.024     -0.035    27.0933   996.5084 0.0000e+00
     -0.024     -0.021    10.7315    134.936     38.174  39.781333     4.1901      8.998   207.5846 1.7860e+03     6.9684     -0.023     -0.033    27.0896   996.5094 0.0000e+00
     -0.026     -0.032    10.7467    135.138     38.176  39.787634     4.1244      8.999   207.6501 1.7914e+03     6.8778     -0.022     -0.032    27.0890   996.5096 0.0000e+00
     -0.036     -0.040    10.7595    135.313     38.178  39.793518     3.9912      8.999   207.9389 1.7866e+03     6.6652     -0.031     -0.046    27.0916   996.5088 0.0000e+00
     -0.055     -0.042    10.7640    135.377     38.171  39.789008     3.9145      8.999   209.4414 1.4678e+03     6.5278     -0.053     -0.077    27.0955   996.5076 0.0000e+00
     -0.075     -0.040    10.7621    135.352     38.179  39.796591     3.9080      8.999   224.2664 1.0313e+03     6.4949     -0.077     -0.112    27.0994   996.5064 0.0000e+00
     -0.089     -0.035    10.7576    135.293     38.204  39.821713     3.9045      8.998   250.3851 9.4258e+02     6.5292     -0.093     -0.133    27.1036   996.5052 0.0000e+00
     -0.093     -0.026    10.7501    135.198     38.221  39.838831     3.8981      8.998   253.2703 8.4509e+02     6.6470     -0.093     -0.134    27.1101   996.5033 0.0000e+00
     -0.092     -0.016    10.7421    135.097     38.196  39.813120     3.8997      9.000   244.1810 6.2591e+02     6.7401     -0.089     -0.129    27.1145   996.5021 0.0000e+00
     -0.092     -0.007    10.7373    135.033     38.151  39.764772     3.9153      9.005   256.2092 7.7418e+02     6.7697     -0.089     -0.129    27.1126   996.5027 0.0000e+00
     -0.094     -0.002    10.7350    134.995     38.151  39.762117     3.9305      9.008   268.9555 1.0656e+03     6.7430     -0.093     -0.134    27.1104   996.5033 0.0000e+00
     -0.097     -0.001    10.7372    135.017     38.171  39.781005     3.9971      9.010   270.4413 8.7941e+02     6.6471     -0.096     -0.139    27.1105   996.5032 0.0000e+00
     -0.097     -0.000    10.7456    135.122     38.192  39.802692     4.1217      9.012   270.5596 5.2262e+02     6.5273     -0.096     -0.140    27.1114   996.5030 0.0000e+00
     -0.095      0.001    10.7542    135.235     38.220  39.833892     4.1980      9.013   270.3004 4.2307e+02     6.4745     -0.093     -0.135    27.1100   996.5033 0.0000e+00
     -0.093      0.003    10.7582    135.290     38.225  39.840834     4.2166      9.015   269.1139 4.1661e+02     6.5005     -0.091     -0.132    27.1052   996.5047 0.0000e+00
     -0.093      0.004    10.7585    135.293     38.208  39.823144     4.2341      9.015   257.9347 4.6601e+02     6.5792     -0.091     -0.131    27.1022   996.5055 0.0000e+00
     -0.092      0.004    10.7574    135.273     38.198  39.810458     4.2538      9.017   236.8322 5.6537e+02     6.6720     -0.091     -0.132    27.1019   996.5056 0.0000e+00
     -0.091      0.007    10.7547    135.233     38.204  39.814404     4.2635      9.020   223.6429 5.6596e+02     6.7060     -0.090     -0.131    27.1046   996.5049 0.0000e+00
     -0.089      0.015    10.7521    135.194     38.199  39.807370     4.2739      9.021   220.2957 4.5475e+02     6.7280     -0.087     -0.125    27.1086   996.5038 0.0000e+00
     -0.089      0.025    10.7511    135.177     38.182  39.788894     4.3097      9.021   218.5598 3.6778e+02     6.8060     -0.089     -0.128    27.1079   996.5039 0.0000e+00
     -0.086      0.035    10.7502    135.171     38.174  39.781448     4.3591      9.023   217.3669 3.7610e+02     6.8945     -0.090     -0.130    27.1038   996.5051 0.0000e+00
     -0.074      0.042    10.7510    135.193     38.170  39.780822     4.3763      9.026   216.2830 7.2425e+02     6.9136     -0.075     -0.109    27.1015   996.5058 0.0000e+00
     -0.054      0.045    10.7540    135.234     38.169  39.781333     4.3703      9.029   215.2634 1.3304e+03     6.9061     -0.051     -0.075    27.0988   996.5067 0.0000e+00
     -0.036      0.044    10.7539    135.221     38.178  39.787623     4.3382      9.031   214.4165 1.3997e+03     6.9029     -0.032     -0.046    27.0952   996.5078 0.0000e+00
     -0.023      0.037    10.7473    135.122     38.189  39.793394     4.2661      9.032   213.7875 1.2131e+03     6.8412     -0.021     -0.030    27.0980   996.5070 0.0000e+00
     -0.016      0.027    10.7384    135.001     38.187  39.787617     4.2176      9.032   213.3359 1.5044e+03     6.7498     -0.015     -0.021    27.1048   996.5052 0.0000e+00
     -0.012      0.016    10.7317    134.907     38.183  39.781254     4.2123      9.033   212.9145 1.6374e+03     6.6832     -0.011     -0.015    27.1080   996.5043 0.0000e+00
     -0.012      0.006    10.7267    134.828     38.187  39.779939     4.2540      9.036   212.3924 1.5533e+03     6.6258     -0.012     -0.017    27.1019   996.5059 0.0000e+00
     -0.014      0.001    10.7260    134.798     38.185  39.771704     4.3316      9.038   211.9276 1.8029e+03     6.5809     -0.014     -0.020    27.0918   996.5087 0.0000e+00
     -0.015     -0.002    10.7344    134.882     38.166  39.745155     4.3782      9.040   211.7678 2.0386e+03     6.5658     -0.014     -0.020    27.0897   996.5093 0.0000e+00
     -0.016     -0.003    10.7505    135.067     38.140  39.712859     4.3923      9.041   211.7513 2.0770e+03     6.5415     -0.015     -0.022    27.0883   996.5098 0.0000e+00
     -0.017     -0.001    10.7670    135.262     38.130  39.698614     4.3980      9.039   211.5563 2.0942e+03     6.6149     -0.016     -0.023    27.0805   996.5119 0.0000e+00
     -0.018      0.004    10.7784    135.403     38.132  39.699873     4.4130      9.038   211.2162 2.1181e+03     6.8306     -0.017     -0.026    27.0708   996.5145 0.0000e+00
     -0.019      0.010    10.7850    135.504     38.154  39.728082     4.4441      9.038   210.9957 2.1406e+03     6.9538     -0.019     -0.028    27.0623   996.5168 0.0000e+00
     -0.017      0.017    10.7927    135.634     38.199  39.785770     4.4626      9.040   210.9545 2.1079e+03     6.9570     -0.019     -0.027    27.0541   996.5191 0.0000e+00
     -0.011      0.023    10.8015    135.777     38.228  39.826050     4.4627      9.041   211.0620 1.8850e+03     6.9675     -0.014     -0.019    27.0478   996.5208 0.0000e+00
     -0.000      0.028    10.7983    135.748     38.232  39.834238     4.4274      9.041   211.1777 1.5497e+03     6.9175     -0.000      0.000    27.0464   996.5213 0.0000e+00
      0.010      0.030    10.7834    135.556     38.222  39.821297     4.3656      9.041   211.4924 1.3795e+03     6.8115      0.011      0.017    27.0534   996.5195 0.0000e+00
      0.019      0.029    10.7747    135.434     38.202  39.796539     4.3396      9.042   213.2328 1.3580e+03     6.7665      0.018      0.027    27.0706   996.5148 0.0000e+00
      0.027      0.028    10.7790    135.473     38.199  39.788807     4.3479      9.043   222.7556 1.3621e+03     6.7671      0.028      0.041    27.0866   996.5105 0.0000e+00
