Data/DataNotYetUploadedToEDI/Raw_CTD/RawDownloads/081920_ccr50.cnv
* Sea-Bird SBE19plus  Data File:
* FileName = C:\DATA\081920_ccr50_0001.hex
* Software version 2.8.0.119
* Temperature SN = 7809
* Conductivity SN = 7809
* System UpLoad Time = Aug 19 2020 18:14:40
* <ApplicationData>
* <Seaterm232>
# nquan = 16
# nvalues = 2480                        
# units = specified
# name 0 = depFM: Depth [fresh water, m]
# name 1 = dz/dtM: Descent Rate [m/s]
# name 2 = sbeox0ML/L: Oxygen, SBE 43 [ml/l]
# name 3 = sbeox0PS: Oxygen, SBE 43 [% saturation]
# name 4 = specc: Specific Conductance [uS/cm]
# name 5 = c0uS/cm: Conductivity [uS/cm]
# name 6 = flECO-AFL: Fluorescence, WET Labs ECO-AFL/FL [mg/m^3]
# name 7 = ph: pH
# name 8 = orp: Oxidation Reduction Potential [mV]
# name 9 = par/sat/log: PAR/Logarithmic, Satlantic
# name 10 = turbWETntu0: Turbidity, WET Labs ECO [NTU]
# name 11 = prdM: Pressure, Strain Gauge [db]
# name 12 = prdE: Pressure, Strain Gauge [psi]
# name 13 = tv290C: Temperature [ITS-90, deg C]
# name 14 = density00: Density [density, kg/m^3]
# name 15 = flag:  0.000e+00
# span 0 =     -0.490,     20.563       
# span 1 =     -0.414,      0.330       
# span 2 =     0.3967,     5.7200       
# span 3 =      5.034,    101.867       
# span 4 =      4.946,     96.050       
# span 5 =   5.060646,  66.988278       
# span 6 =    -3.1785,     2.8830       
# span 7 =     11.215,     12.919       
# span 8 =  -816.6098,   280.5680       
# span 9 = 1.2336e-01, 2.5021e+03       
# span 10 =    -0.0776,   962.2417      
# span 11 =     -0.483,     20.166      
# span 12 =     -0.702,     29.248      
# span 13 =     9.8686,    29.7676      
# span 14 =   995.7269,   999.8455      
# span 15 = 0.0000e+00, 0.0000e+00      
# interval = seconds: 0.25
# start_time = Aug 18 2020 23:26:23 [Instrument's time stamp, header]
# bad_flag = -9.990e-29
*END*
[from data line 1628]
     16.952      0.090     3.1364     39.141     84.667  59.547512    -0.3259     12.483   279.0888 1.2358e-01     4.7618     16.625     24.112    10.1608   999.7986 0.0000e+00
     16.973      0.089     3.1230     38.793     84.704  59.574221    -0.3412     12.483   279.0929 1.2356e-01     4.5883     16.646     24.143    10.1614   999.7987 0.0000e+00
     16.994      0.085     3.1140     38.390     84.723  59.588304    -0.3405     12.483   279.1177 1.2356e-01     4.5824     16.665     24.170    10.1621   999.7987 0.0000e+00
     17.016      0.080     3.1047     37.911     84.726  59.590720    -0.3170     12.483   279.1300 1.2359e-01     4.5534     16.686     24.200    10.1628   999.7988 0.0000e+00
     17.039      0.072     3.0807     37.372     84.743  59.603440    -0.3052     12.481   279.1565 1.2359e-01     4.4776     16.709     24.235    10.1633   999.7989 0.0000e+00
     17.061      0.063     3.0522     36.781     84.759  59.615023    -0.3216     12.479   279.1797 1.2356e-01     4.4217     16.733     24.269    10.1635   999.7990 0.0000e+00
     17.076      0.056     3.0234     36.203     84.743  59.603700    -0.3339     12.479   279.1520 1.2352e-01     4.3925     16.749     24.293    10.1639   999.7990 0.0000e+00
     17.086      0.051     2.9824     35.680     84.728  59.593609    -0.3392     12.478   279.0800 1.2352e-01     4.3986     16.756     24.303    10.1643   999.7990 0.0000e+00
     17.091      0.051     2.9425     35.189     84.765  59.620074    -0.3576     12.477   278.9978 1.2352e-01     4.4959     16.759     24.308    10.1646   999.7990 0.0000e+00
     17.099      0.055     2.8927     34.776     84.834  59.669547    -0.3753     12.476   279.0184 1.2347e-01     4.6420     16.767     24.318    10.1648   999.7991 0.0000e+00
     17.113      0.064     2.8447     34.502     84.853  59.683504    -0.3723     12.474   279.1566 1.2345e-01     4.6884     16.781     24.338    10.1650   999.7991 0.0000e+00
     17.133      0.076     2.8075     34.368     84.821  59.661755    -0.3683     12.473   279.2926 1.2350e-01     4.6446     16.800     24.366    10.1653   999.7991 0.0000e+00
     17.156      0.088     2.7652     34.281     84.819  59.660725    -0.3656     12.472   279.4586 1.2353e-01     4.6619     16.823     24.400    10.1654   999.7993 0.0000e+00
     17.182      0.100     2.7318     34.190     84.834  59.671037    -0.3493     12.472   279.7001 1.2352e-01     4.7610     16.849     24.438    10.1658   999.7994 0.0000e+00
     17.208      0.110     2.7085     34.126     84.819  59.659373    -0.3330     12.471   279.8896 1.2349e-01     4.8470     16.876     24.476    10.1665   999.7995 0.0000e+00
     17.235      0.117     2.7024     34.078     84.802  59.646760    -0.3202     12.470   279.9435 1.2344e-01     4.8777     16.900     24.511    10.1669   999.7995 0.0000e+00
     17.266      0.122     2.6981     34.023     84.802  59.645604    -0.3286     12.469   279.9208 1.2343e-01     4.9265     16.929     24.554    10.1671   999.7996 0.0000e+00
     17.302      0.122     2.6870     33.916     84.805  59.645396    -0.3681     12.468   279.8738 1.2349e-01     5.0250     16.967     24.609    10.1670   999.7998 0.0000e+00
     17.338      0.117     2.6848     33.763     84.808  59.644240    -0.3968     12.466   279.8057 1.2359e-01     5.1066     17.005     24.664    10.1665   999.8000 0.0000e+00
     17.371      0.109     2.6800     33.640     84.794  59.631629    -0.3903     12.466   279.6989 1.2361e-01     5.1577     17.037     24.710    10.1659   999.8002 0.0000e+00
     17.397      0.098     2.6781     33.578     84.781  59.619974    -0.3751     12.466   279.6147 1.2359e-01     5.1622     17.064     24.749    10.1650   999.8005 0.0000e+00
     17.418      0.087     2.6703     33.568     84.799  59.630389    -0.3748     12.466   279.6487 1.2359e-01     5.1271     17.082     24.776    10.1637   999.8007 0.0000e+00
     17.435      0.077     2.6542     33.601     84.803  59.630483    -0.3875     12.467   279.6789 1.2356e-01     5.1115     17.097     24.797    10.1618   999.8010 0.0000e+00
     17.453      0.069     2.6448     33.663     84.792  59.621109    -0.3955     12.469   279.6369 1.2350e-01     5.1098     17.115     24.824    10.1599   999.8012 0.0000e+00
     17.471      0.063     2.6404     33.755     84.827  59.644119    -0.3756     12.469   279.5709 1.2348e-01     5.1757     17.133     24.850    10.1585   999.8013 0.0000e+00
     17.487      0.060     2.6396     33.870     84.843  59.654545    -0.3376     12.469   279.4821 1.2348e-01     5.3241     17.150     24.874    10.1572   999.8015 0.0000e+00
     17.501      0.060     2.6431     33.979     84.794  59.620101    -0.3074     12.471   279.4240 1.2350e-01     5.4276     17.164     24.895    10.1559   999.8018 0.0000e+00
     17.513      0.062     2.6480     34.067     84.778  59.608875    -0.3056     12.472   279.3855 1.2351e-01     5.4320     17.173     24.909    10.1549   999.8019 0.0000e+00
     17.526      0.066     2.6547     34.160     84.832  59.645881    -0.3448     12.471   279.4462 1.2349e-01     5.4809     17.185     24.924    10.1540   999.8020 0.0000e+00
     17.543      0.072     2.6654     34.261     84.891  59.686324    -0.3910     12.470   279.5556 1.2350e-01     5.6758     17.202     24.949    10.1535   999.8022 0.0000e+00
     17.563      0.079     2.6746     34.334     84.935  59.716654    -0.3970     12.470   279.5893 1.2357e-01     5.8313     17.224     24.981    10.1534   999.8022 0.0000e+00
     17.587      0.087     2.6800     34.380     84.995  59.758449    -0.3790     12.470   279.6826 1.2362e-01     5.8845     17.247     25.014    10.1534   999.8023 0.0000e+00
     17.611      0.097     2.6871     34.430     85.069  59.810453    -0.3740     12.469   279.8229 1.2356e-01     5.9073     17.271     25.050    10.1530   999.8025 0.0000e+00
     17.634      0.105     2.6970     34.457     85.106  59.837138    -0.3647     12.467   279.9084 1.2346e-01     6.2095     17.293     25.081    10.1522   999.8027 0.0000e+00
     17.659      0.110     2.7031     34.464     85.091  59.826962    -0.3332     12.463   279.9424 1.2346e-01     6.8609     17.314     25.113    10.1517   999.8029 0.0000e+00
     17.689      0.113     2.7039     34.457     85.074  59.814487    -0.3074     12.459   279.8899 1.2349e-01     7.2598     17.345     25.158    10.1514   999.8031 0.0000e+00
     17.724      0.114     2.7107     34.420     85.074  59.813371    -0.3018     12.455   279.8754 1.2354e-01     7.3243     17.383     25.211    10.1513   999.8033 0.0000e+00
     17.757      0.115     2.7119     34.350     85.077  59.813460    -0.3028     12.451   280.0260 1.2360e-01     7.2296     17.418     25.262    10.1520   999.8034 0.0000e+00
     17.784      0.116     2.7112     34.206     85.082  59.815563    -0.3105     12.448   280.1619 1.2357e-01     6.9727     17.442     25.298    10.1523   999.8035 0.0000e+00
     17.808      0.114     2.7132     33.986     85.117  59.838793    -0.3278     12.445   280.1422 1.2352e-01     6.7922     17.463     25.328    10.1520   999.8036 0.0000e+00
     17.835      0.110     2.7080     33.736     85.211  59.903724    -0.3406     12.441   280.0460 1.2352e-01     6.7300     17.487     25.362    10.1514   999.8038 0.0000e+00
     17.867      0.103     2.7057     33.497     85.297  59.965274    -0.3326     12.437   279.9455 1.2352e-01     6.5981     17.521     25.411    10.1506   999.8040 0.0000e+00
     17.900      0.095     2.6939     33.292     85.360  60.011167    -0.3162     12.432   279.8733 1.2350e-01     6.4334     17.557     25.464    10.1494   999.8043 0.0000e+00
     17.927      0.085     2.6750     33.136     85.450  60.077397    -0.3231     12.427   279.8611 1.2351e-01     6.3186     17.584     25.504    10.1483   999.8045 0.0000e+00
     17.945      0.075     2.6544     33.026     85.520  60.130696    -0.3406     12.421   279.7120 1.2357e-01     6.2402     17.600     25.527    10.1478   999.8047 0.0000e+00
     17.955      0.065     2.6350     32.944     85.539  60.147312    -0.3369     12.416   279.4472 1.2362e-01     6.2750     17.609     25.540    10.1481   999.8048 0.0000e+00
     17.965      0.058     2.6184     32.883     85.539  60.151228    -0.3253     12.411   279.3261 1.2365e-01     6.4296     17.616     25.551    10.1495   999.8047 0.0000e+00
     17.978      0.056     2.6058     32.811     85.574  60.178038    -0.3240     12.408   279.2807 1.2365e-01     6.5654     17.630     25.569    10.1510   999.8047 0.0000e+00
     17.995      0.057     2.5985     32.701     85.628  60.217328    -0.3214     12.405   279.3291 1.2361e-01     6.6122     17.647     25.595    10.1531   999.8046 0.0000e+00
     18.012      0.060     2.5908     32.551     85.666  60.245065    -0.3222     12.401   279.5666 1.2352e-01     6.5832     17.665     25.620    10.1557   999.8044 0.0000e+00
     18.028      0.062     2.5875     32.366     85.686  60.259259    -0.3344     12.397   279.7434 1.2347e-01     6.5239     17.681     25.644    10.1577   999.8043 0.0000e+00
     18.043      0.063     2.5826     32.140     85.691  60.261865    -0.3354     12.394   279.6596 1.2350e-01     6.5134     17.694     25.664    10.1590   999.8043 0.0000e+00
     18.058      0.066     2.5737     31.901     85.712  60.276572    -0.3241     12.389   279.4998 1.2353e-01     6.5589     17.708     25.684    10.1600   999.8043 0.0000e+00
     18.074      0.070     2.5613     31.683     85.761  60.310017    -0.3025     12.385   279.4463 1.2353e-01     6.7647     17.724     25.707    10.1604   999.8043 0.0000e+00
     18.092      0.071     2.5480     31.481     85.816  60.348551    -0.2749     12.383   279.4422 1.2349e-01     7.0797     17.740     25.730    10.1604   999.8044 0.0000e+00
     18.112      0.070     2.5289     31.270     85.834  60.361260    -0.2576     12.383   279.4512 1.2350e-01     7.2092     17.761     25.759    10.1602   999.8045 0.0000e+00
     18.135      0.069     2.5085     31.063     85.799  60.336599    -0.2556     12.381   279.4689 1.2354e-01     7.1966     17.785     25.795    10.1596   999.8047 0.0000e+00
     18.155      0.068     2.4922     30.915     85.754  60.304531    -0.2699     12.379   279.4842 1.2350e-01     7.2023     17.807     25.826    10.1592   999.8048 0.0000e+00
     18.168      0.067     2.4768     30.804     85.737  60.291216    -0.2584     12.377   279.5500 1.2347e-01     7.2778     17.818     25.843    10.1593   999.8049 0.0000e+00
     18.179      0.064     2.4613     30.698     85.757  60.302675    -0.2124     12.375   279.6615 1.2347e-01     7.4223     17.825     25.853    10.1592   999.8050 0.0000e+00
     18.194      0.060     2.4404     30.598     85.777  60.316003    -0.1809     12.375   279.7141 1.2345e-01     7.5088     17.840     25.874    10.1592   999.8050 0.0000e+00
     18.216      0.057     2.4316     30.512     85.791  60.325287    -0.1732     12.374   279.6696 1.2343e-01     7.4643     17.864     25.911    10.1589   999.8052 0.0000e+00
     18.235      0.056     2.4236     30.463     85.830  60.351389    -0.1577     12.373   279.6400 1.2343e-01     7.3309     17.886     25.942    10.1582   999.8053 0.0000e+00
     18.245      0.054     2.4147     30.431     85.872  60.377443    -0.1261     12.372   279.7000 1.2352e-01     7.1669     17.893     25.952    10.1567   999.8055 0.0000e+00
     18.254      0.053     2.4077     30.382     85.892  60.386158    -0.1156     12.369   279.7937 1.2357e-01     7.0594     17.898     25.960    10.1554   999.8057 0.0000e+00
     18.266      0.056     2.3988     30.328     85.909  60.393210    -0.1259     12.363   279.8263 1.2357e-01     7.0623     17.913     25.981    10.1559   999.8057 0.0000e+00
     18.279      0.061     2.3964     30.326     85.925  60.399164    -0.1648     12.354   279.8361 1.2362e-01     7.2012     17.925     25.998    10.1557   999.8058 0.0000e+00
     18.293      0.067     2.3950     30.370     85.925  60.394604    -0.2331     12.344   279.8259 1.2363e-01     7.3999     17.936     26.014    10.1532   999.8061 0.0000e+00
     18.314      0.072     2.3916     30.397     85.940  60.401604    -0.2658     12.336   279.7027 1.2359e-01     7.4734     17.957     26.046    10.1501   999.8065 0.0000e+00
     18.340      0.074     2.3844     30.404     85.970  60.420260    -0.2545     12.330   279.6369 1.2359e-01     7.4719     17.987     26.087    10.1471   999.8070 0.0000e+00
     18.362      0.074     2.3849     30.445     85.985  60.429562    -0.2399     12.326   279.7188 1.2361e-01     7.3131     18.011     26.122    10.1440   999.8073 0.0000e+00
     18.378      0.073     2.3914     30.499     86.016  60.450528    -0.2416     12.322   279.7471 1.2363e-01     6.9960     18.023     26.140    10.1411   999.8076 0.0000e+00
     18.392      0.070     2.3940     30.509     86.066  60.483152    -0.2566     12.317   279.7205 1.2359e-01     6.8307     18.035     26.157    10.1391   999.8078 0.0000e+00
     18.409      0.068     2.3912     30.503     86.104  60.506315    -0.2683     12.312   279.7419 1.2351e-01     6.7911     18.053     26.184    10.1381   999.8080 0.0000e+00
     18.428      0.069     2.3953     30.499     86.157  60.539969    -0.2203     12.308   279.8333 1.2347e-01     6.9632     18.072     26.211    10.1374   999.8082 0.0000e+00
     18.445      0.074     2.4036     30.475     86.208  60.572374    -0.1153     12.296   279.9643 1.2351e-01     7.3316     18.088     26.235    10.1367   999.8083 0.0000e+00
     18.462      0.078     2.4015     30.447     86.224  60.580425    -0.0479     12.254   279.9503 1.2353e-01     7.5039     18.104     26.258    10.1355   999.8085 0.0000e+00
     18.482      0.080     2.4004     30.411     86.220  60.573771    -0.0350     12.175   279.8358 1.2353e-01     7.5355     18.123     26.285    10.1335   999.8088 0.0000e+00
     18.505      0.079     2.4027     30.361     86.200  60.555460    -0.0353     12.080   279.7845 1.2351e-01     8.0568     18.146     26.320    10.1310   999.8092 0.0000e+00
     18.530      0.075     2.3986     30.324     86.197  60.549629     0.0623     11.985   279.7610 1.2349e-01     9.1029     18.173     26.356    10.1289   999.8095 0.0000e+00
     18.552      0.069     2.3973     30.273     86.222  60.566805     0.2686     11.898   279.8095 1.2356e-01     9.8504     18.194     26.389    10.1275   999.8097 0.0000e+00
     18.569      0.063     2.3954     30.172     86.231  60.572525     0.3892     11.828   279.8535 1.2358e-01    10.1253     18.212     26.414    10.1252   999.8100 0.0000e+00
     18.581      0.057     2.3896     30.089     86.210  60.555235     0.3945     11.779   279.7775 1.2352e-01    10.1949     18.223     26.430    10.1222   999.8104 0.0000e+00
     18.590      0.055     2.3875     30.039     86.206  60.548370     0.4186     11.747   279.6650 1.2353e-01    10.2802     18.229     26.439    10.1201   999.8106 0.0000e+00
     18.600      0.055     2.3870     29.975     86.220  60.553058     0.4808     11.724   279.6121 1.2357e-01    10.5381     18.239     26.453    10.1198   999.8106 0.0000e+00
     18.615      0.059     2.3745     29.928     86.221  60.548372     0.5273     11.709   279.5676 1.2355e-01    10.7371     18.255     26.476    10.1202   999.8107 0.0000e+00
     18.631      0.062     2.3669     29.880     86.238  60.555237     0.5509     11.698   279.5577 1.2352e-01    10.8334     18.270     26.499    10.1190   999.8108 0.0000e+00
     18.650      0.063     2.3686     29.820     86.267  60.572523     0.5656     11.689   279.7505 1.2352e-01    11.0509     18.288     26.525    10.1163   999.8112 0.0000e+00
     18.670      0.062     2.3581     29.802     86.261  60.566756     0.5812     11.683   279.8330 1.2355e-01    11.3407     18.309     26.556    10.1137   999.8115 0.0000e+00
