Data/DataNotYetUploadedToEDI/Raw_CTD/RawDownloads/081919_fcr20.cnv
* Sea-Bird SBE19plus  Data File:
* FileName = C:\DATA\081919_fcr_0004.hex
* Software version 2.8.0.119 SB_Terminal.dll
* Temperature SN = 7809
* Conductivity SN = 7809
* System UpLoad Time = Aug 20 2019 10:49:01
* <ApplicationData>
* <Seaterm232>
# nquan = 16
# nvalues = 537                         
# units = specified
# name 0 = depFM: Depth [fresh water, m]
# name 1 = dz/dtM: Descent Rate [m/s]
# name 2 = sbeox0Mg/L: Oxygen, SBE 43 [mg/l]
# name 3 = sbeox0PS: Oxygen, SBE 43 [% saturation]
# name 4 = specc: Specific Conductance [uS/cm]
# name 5 = c0uS/cm: Conductivity [uS/cm]
# name 6 = flECO-AFL: Fluorescence, WET Labs ECO-AFL/FL [mg/m^3]
# name 7 = ph: pH
# name 8 = orp: Oxidation Reduction Potential [mV]
# name 9 = par/sat/log: PAR/Logarithmic, Satlantic
# name 10 = turbWETntu0: Turbidity, WET Labs ECO [NTU]
# name 11 = prdM: Pressure, Strain Gauge [db]
# name 12 = prdE: Pressure, Strain Gauge [psi]
# name 13 = tv290C: Temperature [ITS-90, deg C]
# name 14 = density00: Density [density, kg/m^3]
# name 15 = flag:  0.000e+00
# span 0 =     -0.563,      3.189       
# span 1 =     -0.008,      0.110       
# span 2 =     0.0649,    11.6345       
# span 3 =      0.759,    146.476       
# span 4 =      1.370,     89.317       
# span 5 =   1.415311,  78.506989       
# span 6 =    -2.0216,   243.5239       
# span 7 =      7.527,      9.208       
# span 8 =   -22.3892,   440.9706       
# span 9 = 7.3253e+00, 2.6119e+03       
# span 10 =    -4.8949,   893.8386      
# span 11 =     -0.553,      3.128      
# span 12 =     -0.801,      4.537      
# span 13 =    18.9264,    28.2540      
# span 14 =   996.1812,   998.4699      
# span 15 = 0.0000e+00, 0.0000e+00      
# interval = seconds: 0.25
# start_time = Aug 19 2019 11:33:21 [Instrument's time stamp, header]
# bad_flag = -9.990e-29
*END*
[from data line 362]
      1.305      0.052     9.6133    118.710     37.284  38.107136     5.8730      8.969   208.2588 1.2237e+02     6.7434      1.280      1.856    26.2290   996.7488 0.0000e+00
      1.317      0.051     9.6142    118.691     37.319  38.132087     5.8765      8.959   209.1185 1.2024e+02     6.7015      1.293      1.876    26.1930   996.7585 0.0000e+00
      1.327      0.053     9.5836    118.292     37.344  38.149530     5.9008      8.947   209.4397 1.1871e+02     6.4427      1.302      1.888    26.1511   996.7698 0.0000e+00
      1.336      0.057     9.5278    117.562     37.399  38.191077     5.9589      8.934   209.5602 1.1668e+02     6.0383      1.310      1.898    26.1158   996.7792 0.0000e+00
      1.349      0.061     9.4577    116.613     37.490  38.253551     5.9885      8.922   209.8874 1.1293e+02     5.8428      1.320      1.913    26.0932   996.7853 0.0000e+00
      1.369      0.063     9.3813    115.564     37.606  38.333555     5.9905      8.912   210.4714 1.0804e+02     5.8489      1.342      1.947    26.0783   996.7894 0.0000e+00
      1.392      0.064     9.3051    114.529     37.702  38.396605     5.9838      8.904   211.2008 1.0414e+02     5.8171      1.367      1.983    26.0753   996.7903 0.0000e+00
      1.411      0.063     9.2376    113.624     37.776  38.444530     5.9500      8.897   211.8225 1.0132e+02     5.6885      1.385      2.007    26.0635   996.7935 0.0000e+00
      1.426      0.059     9.1809    112.869     37.882  38.532105     5.9198      8.889   212.3955 9.9101e+01     5.5719      1.401      2.031    26.0157   996.8063 0.0000e+00
      1.438      0.054     9.1297    112.189     37.997  38.630228     5.9057      8.881   212.8812 9.7369e+01     5.5539      1.412      2.046    25.9590   996.8214 0.0000e+00
      1.448      0.050     9.0722    111.425     38.066  38.678724     5.8139      8.873   213.2210 9.5626e+01     5.4718      1.419      2.057    25.9119   996.8340 0.0000e+00
      1.459      0.048     8.9901    110.353     38.085  38.674089     5.6507      8.868   213.7502 9.3643e+01     5.2669      1.431      2.075    25.8760   996.8436 0.0000e+00
      1.472      0.047     8.8714    108.830     38.074  38.637633     5.5702      8.863   214.5484 9.1434e+01     5.1410      1.444      2.095    25.8518   996.8500 0.0000e+00
      1.486      0.045     8.7119    106.829     38.073  38.618766     5.5693      8.857   215.2148 8.9322e+01     5.0965      1.458      2.114    25.8278   996.8565 0.0000e+00
      1.499      0.045     8.5196    104.451     38.098  38.636373     5.5530      8.851   215.6123 8.7502e+01     5.0233      1.470      2.132    25.8010   996.8637 0.0000e+00
      1.510      0.045     8.3137    101.904     38.131  38.660077     5.5207      8.844   215.8272 8.6161e+01     4.9448      1.482      2.150    25.7684   996.8724 0.0000e+00
      1.518      0.046     8.1083     99.340     38.204  38.714924     5.5091      8.837   215.9195 8.5055e+01     4.9011      1.489      2.160    25.7303   996.8823 0.0000e+00
      1.527      0.047     7.9179     96.943     38.307  38.791658     5.5079      8.832   216.0400 8.3540e+01     4.8877      1.495      2.170    25.7038   996.8893 0.0000e+00
      1.540      0.049     7.7631     94.975     38.373  38.826074     5.4714      8.827   216.2528 8.1515e+01     4.9467      1.508      2.187    25.7033   996.8895 0.0000e+00
      1.555      0.051     7.6553     93.591     38.389  38.813599     5.4144      8.819   216.5992 7.9375e+01     5.0587      1.524      2.210    25.6950   996.8918 0.0000e+00
      1.570      0.051     7.5863     92.706     38.362  38.767743     5.3906      8.811   217.0444 7.7464e+01     5.1272      1.541      2.234    25.6654   996.8997 0.0000e+00
      1.585      0.049     7.5353     92.061     38.321  38.715953     5.4004      8.804   217.7643 7.5778e+01     5.1518      1.556      2.255    25.6296   996.9092 0.0000e+00
      1.597      0.044     7.4757     91.322     38.305  38.695222     5.4117      8.798   218.7639 7.4383e+01     5.1263      1.567      2.273    25.5822   996.9216 0.0000e+00
      1.607      0.041     7.3892     90.262     38.319  38.707514     5.4488      8.792   219.4944 7.3438e+01     4.9507      1.577      2.288    25.5410   996.9324 0.0000e+00
      1.615      0.041     7.2795     88.917     38.352  38.737624     5.5202      8.785   219.8863 7.2769e+01     4.6664      1.585      2.299    25.5179   996.9386 0.0000e+00
      1.621      0.042     7.1668     87.499     38.375  38.741884     5.5633      8.777   220.2323 7.1944e+01     4.5080      1.590      2.306    25.5071   996.9414 0.0000e+00
      1.630      0.045     7.0723     86.249     38.375  38.695507     5.5804      8.769   220.6668 7.0514e+01     4.5099      1.597      2.316    25.5023   996.9427 0.0000e+00
      1.644      0.047     7.0022     85.267     38.364  38.621165     5.6660      8.761   221.1813 6.8510e+01     4.6239      1.610      2.336    25.4999   996.9434 0.0000e+00
      1.661      0.048     6.9523     84.543     38.342  38.541198     5.8187      8.754   221.4626 6.6500e+01     4.8044      1.629      2.362    25.5047   996.9422 0.0000e+00
      1.677      0.048     6.9197     84.054     38.336  38.490276     5.9096      8.746   221.4869 6.5025e+01     4.8899      1.647      2.388    25.4884   996.9466 0.0000e+00
      1.688      0.047     6.8910     83.642     38.327  38.449747     5.9232      8.740   221.5619 6.4154e+01     4.9035      1.657      2.404    25.4182   996.9649 0.0000e+00
      1.696      0.046     6.8432     83.012     38.271  38.368522     5.9310      8.736   221.7668 6.3420e+01     4.9700      1.664      2.413    25.3249   996.9892 0.0000e+00
      1.705      0.046     6.7548     81.882     38.202  38.269879     5.9518      8.732   222.1576 6.2442e+01     5.0715      1.670      2.423    25.2481   997.0091 0.0000e+00
      1.715      0.048     6.6203     80.179     38.179  38.209180     5.9668      8.726   222.6734 6.1146e+01     5.1143      1.681      2.438    25.1887   997.0245 0.0000e+00
      1.728      0.052     6.4525     78.072     38.216  38.205862     5.9647      8.720   223.0991 5.9586e+01     5.0948      1.695      2.458    25.1493   997.0347 0.0000e+00
      1.745      0.053     6.2676     75.767     38.277  38.229698     5.9270      8.714   223.4323 5.8020e+01     5.0315      1.711      2.482    25.1249   997.0411 0.0000e+00
      1.761      0.053     6.0835     73.483     38.323  38.243412     5.8493      8.708   223.6910 5.6615e+01     4.9388      1.728      2.506    25.0873   997.0508 0.0000e+00
      1.776      0.051     5.9149     71.398     38.353  38.244672     5.7970      8.703   223.9042 5.5441e+01     4.9238      1.743      2.528    25.0343   997.0644 0.0000e+00
      1.788      0.047     5.7611     69.505     38.375  38.244892     5.7886      8.699   224.2032 5.4591e+01     4.9495      1.755      2.546    24.9788   997.0787 0.0000e+00
      1.798      0.043     5.6112     67.680     38.386  38.246047     5.7819      8.694   224.4665 5.3942e+01     4.8893      1.763      2.557    24.9298   997.0913 0.0000e+00
      1.806      0.041     5.4542     65.791     38.395  38.258615     5.7594      8.689   224.7645 5.3249e+01     4.7854      1.771      2.569    24.8887   997.1019 0.0000e+00
      1.816      0.040     5.2901     63.828     38.395  38.269910     5.7414      8.683   225.2260 5.2352e+01     4.7096      1.781      2.583    24.8511   997.1114 0.0000e+00
      1.827      0.040     5.1331     61.949     38.371  38.255667     5.7390      8.676   225.6582 5.1401e+01     4.6602      1.793      2.599    24.8198   997.1195 0.0000e+00
      1.837      0.042     4.9962     60.297     38.329  38.213373     5.7391      8.670   226.0322 5.0614e+01     4.6475      1.803      2.615    24.8054   997.1232 0.0000e+00
      1.847      0.046     4.8888     58.981     38.270  38.139406     5.7419      8.663   226.3067 4.9830e+01     4.6875      1.812      2.627    24.8124   997.1215 0.0000e+00
      1.858      0.049     4.8218     58.131     38.156  37.996091     5.7473      8.656   226.4817 4.8860e+01     4.7174      1.821      2.641    24.8317   997.1166 0.0000e+00
      1.871      0.050     4.7997     57.794     38.022  37.813519     5.7522      8.649   226.7712 4.7725e+01     4.7135      1.833      2.659    24.8479   997.1126 0.0000e+00
      1.887      0.049     4.8123     57.851     37.984  37.709212     5.7487      8.641   227.1403 4.6508e+01     4.7059      1.850      2.683    24.8498   997.1121 0.0000e+00
      1.903      0.047     4.8327     58.001     38.029  37.686962     5.7133      8.635   227.4170 4.5486e+01     4.5920      1.868      2.710    24.8306   997.1170 0.0000e+00
      1.916      0.042     4.8219     57.803     38.064  37.671345     5.6624      8.630   227.6210 4.4835e+01     4.3862      1.882      2.729    24.7929   997.1267 0.0000e+00
      1.925      0.037     4.7422     56.807     38.069  37.647266     5.6367      8.625   227.8005 4.4428e+01     4.2499      1.890      2.740    24.7313   997.1423 0.0000e+00
      1.931      0.031     4.5631     54.637     38.090  37.649683     5.6372      8.618   228.0392 4.4038e+01     4.1884      1.893      2.746    24.6311   997.1677 0.0000e+00
      1.937      0.024     4.2838     51.279     38.153  37.700538     5.6687      8.612   228.3557 4.3528e+01     4.1671      1.899      2.754    24.5336   997.1923 0.0000e+00
      1.945      0.019     3.9429     47.201     38.203  37.754330     5.7219      8.607   228.6158 4.3048e+01     4.1897      1.908      2.766    24.4699   997.2084 0.0000e+00
      1.951      0.015     3.5847     42.932     38.222  37.792281     5.7509      8.601   228.7743 4.2773e+01     4.2324      1.915      2.776    24.4359   997.2169 0.0000e+00
      1.954      0.013     3.2474     38.916     38.247  37.842047     5.7512      8.596   228.8956 4.2708e+01     4.2569      1.917      2.780    24.4145   997.2223 0.0000e+00
      1.955      0.013     2.9627     35.524     38.231  37.848282     5.7425      8.592   229.0498 4.2733e+01     4.2568      1.917      2.780    24.3934   997.2277 0.0000e+00
      1.955      0.018     2.7519     33.006     38.111  37.740752     5.7322      8.588   229.3486 4.2693e+01     4.2311      1.916      2.779    24.3984   997.2264 0.0000e+00
      1.956      0.025     2.6377     31.623     37.944  37.557542     5.7307      8.584   229.7552 4.2417e+01     4.2085      1.916      2.779    24.4299   997.2185 0.0000e+00
      1.962      0.034     2.6306     31.495     37.849  37.410382     5.7332      8.580   230.0946 4.1731e+01     4.2453      1.921      2.786    24.4655   997.2096 0.0000e+00
      1.974      0.042     2.7108     32.400     37.865  37.357831     5.7030      8.576   230.3538 4.0716e+01     4.3158      1.934      2.805    24.4956   997.2021 0.0000e+00
      1.991      0.047     2.8403     33.899     37.935  37.366361     5.6423      8.571   230.5673 3.9728e+01     4.4058      1.954      2.833    24.5228   997.1953 0.0000e+00
      2.008      0.048     2.9604     35.299     37.995  37.386484     5.6148      8.566   230.7829 3.8940e+01     4.4810      1.970      2.857    24.5075   997.1992 0.0000e+00
      2.021      0.045     3.0002     35.756     38.040  37.410655     5.6213      8.561   230.9815 3.8298e+01     4.4712      1.983      2.876    24.4213   997.2209 0.0000e+00
      2.031      0.041     2.9155     34.734     38.049  37.404695     5.6263      8.558   231.1611 3.7843e+01     4.3525      1.994      2.891    24.3183   997.2467 0.0000e+00
      2.039      0.040     2.7077     32.243     37.979  37.314405     5.6312      8.554   231.4057 3.7560e+01     4.1606      2.000      2.901    24.2348   997.2675 0.0000e+00
      2.044      0.043     2.4134     28.715     37.908  37.207572     5.6296      8.548   231.7019 3.7297e+01     4.0183      2.005      2.908    24.1841   997.2802 0.0000e+00
      2.051      0.049     2.0829     24.750     37.946  37.191993     5.6242      8.541   231.9901 3.6803e+01     4.0085      2.009      2.915    24.1655   997.2848 0.0000e+00
      2.065      0.054     1.7614     20.900     38.070  37.252915     5.6260      8.535   232.2235 3.5926e+01     4.0435      2.021      2.932    24.1507   997.2886 0.0000e+00
      2.085      0.059     1.4854     17.599     38.188  37.309344     5.6774      8.530   232.3720 3.4891e+01     4.0143      2.044      2.964    24.1256   997.2949 0.0000e+00
      2.106      0.061     1.2724     15.056     38.300  37.366394     5.7864      8.524   232.4094 3.4057e+01     3.9834      2.066      2.998    24.0788   997.3066 0.0000e+00
      2.123      0.060     1.1071     13.085     38.481  37.498302     5.8513      8.518   232.4179 3.3440e+01     3.9978      2.083      3.021    24.0039   997.3251 0.0000e+00
      2.137      0.058     0.9596     11.332     38.789  37.761610     5.8550      8.513   232.4739 3.2894e+01     3.9922      2.097      3.041    23.9192   997.3460 0.0000e+00
      2.149      0.056     0.8069      9.521     39.078  38.010942     5.8319      8.508   232.6569 3.2459e+01     3.9811      2.108      3.057    23.8419   997.3652 0.0000e+00
      2.159      0.056     0.6439      7.592     39.136  38.037326     5.7790      8.504   232.9098 3.2022e+01     3.9942      2.116      3.070    23.7730   997.3821 0.0000e+00
      2.171      0.059     0.4860      5.727     39.208  38.080582     5.7359      8.499   233.1220 3.1392e+01     3.9865      2.128      3.086    23.7135   997.3967 0.0000e+00
      2.187      0.063     0.3454      4.066     39.588  38.406949     5.7179      8.493   233.3297 3.0607e+01     3.9537      2.143      3.108    23.6688   997.4077 0.0000e+00
      2.207      0.065     0.2280      2.681     40.208  38.936410     5.6233      8.486   233.4425 2.9770e+01     3.8601      2.163      3.138    23.6291   997.4176 0.0000e+00
      2.227      0.065     0.1405      1.649     41.038  39.657737     5.4411      8.479   233.4532 2.9011e+01     3.7070      2.186      3.170    23.5856   997.4284 0.0000e+00
      2.247      0.062     0.0864      1.012     41.879  40.399302     5.3359      8.473   233.4594 2.8409e+01     3.6088      2.205      3.198    23.5624   997.4340 0.0000e+00
      2.262      0.057     0.0649      0.759     42.547  40.982864     5.3137      8.468   233.5177 2.7944e+01     3.5576      2.220      3.219    23.5218   997.4440 0.0000e+00
      2.275      0.052     0.0681      0.796     43.416  41.761623     5.2247      8.463   233.6412 2.7572e+01     3.4166      2.231      3.236    23.4181   997.4693 0.0000e+00
      2.285      0.049     0.0846      0.986     44.655  42.894888     5.0666      8.458   233.7480 2.7216e+01     3.2145      2.240      3.250    23.3076   997.4962 0.0000e+00
      2.294      0.049     0.1036      1.207     46.150  44.272530     4.9789      8.451   233.8628 2.6864e+01     3.1131      2.250      3.264    23.2240   997.5166 0.0000e+00
      2.304      0.053     0.1225      1.424     47.790  45.782977     4.9622      8.443   233.9973 2.6439e+01     3.1086      2.258      3.275    23.1553   997.5332 0.0000e+00
      2.317      0.058     0.1405      1.632     48.933  46.806668     4.8552      8.436   234.0827 2.5846e+01     3.1267      2.271      3.293    23.0902   997.5490 0.0000e+00
      2.334      0.061     0.1573      1.824     49.144  46.934028     4.6660      8.429   234.2072 2.5194e+01     3.1036      2.288      3.319    23.0244   997.5652 0.0000e+00
      2.354      0.062     0.1728      2.002     48.963  46.687752     4.5731      8.423   234.3844 2.4558e+01     3.0576      2.308      3.347    22.9634   997.5801 0.0000e+00
      2.373      0.059     0.1846      2.137     49.031  46.686586     4.5728      8.415   234.5044 2.3986e+01     3.0627      2.329      3.377    22.8994   997.5959 0.0000e+00
