Data/DataNotYetUploadedToEDI/Raw_CTD/RawDownloads/081919_fcr20.cnv
* Sea-Bird SBE19plus  Data File:
* FileName = C:\DATA\081919_fcr_0004.hex
* Software version 2.8.0.119 SB_Terminal.dll
* Temperature SN = 7809
* Conductivity SN = 7809
* System UpLoad Time = Aug 20 2019 10:49:01
* <ApplicationData>
* <Seaterm232>
# nquan = 16
# nvalues = 537                         
# units = specified
# name 0 = depFM: Depth [fresh water, m]
# name 1 = dz/dtM: Descent Rate [m/s]
# name 2 = sbeox0Mg/L: Oxygen, SBE 43 [mg/l]
# name 3 = sbeox0PS: Oxygen, SBE 43 [% saturation]
# name 4 = specc: Specific Conductance [uS/cm]
# name 5 = c0uS/cm: Conductivity [uS/cm]
# name 6 = flECO-AFL: Fluorescence, WET Labs ECO-AFL/FL [mg/m^3]
# name 7 = ph: pH
# name 8 = orp: Oxidation Reduction Potential [mV]
# name 9 = par/sat/log: PAR/Logarithmic, Satlantic
# name 10 = turbWETntu0: Turbidity, WET Labs ECO [NTU]
# name 11 = prdM: Pressure, Strain Gauge [db]
# name 12 = prdE: Pressure, Strain Gauge [psi]
# name 13 = tv290C: Temperature [ITS-90, deg C]
# name 14 = density00: Density [density, kg/m^3]
# name 15 = flag:  0.000e+00
# span 0 =     -0.563,      3.189       
# span 1 =     -0.008,      0.110       
# span 2 =     0.0649,    11.6345       
# span 3 =      0.759,    146.476       
# span 4 =      1.370,     89.317       
# span 5 =   1.415311,  78.506989       
# span 6 =    -2.0216,   243.5239       
# span 7 =      7.527,      9.208       
# span 8 =   -22.3892,   440.9706       
# span 9 = 7.3253e+00, 2.6119e+03       
# span 10 =    -4.8949,   893.8386      
# span 11 =     -0.553,      3.128      
# span 12 =     -0.801,      4.537      
# span 13 =    18.9264,    28.2540      
# span 14 =   996.1812,   998.4699      
# span 15 = 0.0000e+00, 0.0000e+00      
# interval = seconds: 0.25
# start_time = Aug 19 2019 11:33:21 [Instrument's time stamp, header]
# bad_flag = -9.990e-29
*END*
[from data line 272]
      0.010      0.037    10.6576    134.134     38.378  40.034745     3.6559      9.131   232.1391 1.9212e+03     6.6824      0.008      0.011    27.1826   996.4839 0.0000e+00
      0.022      0.046    10.6531    134.047     38.398  40.046061     3.6524      9.128   221.8452 1.8059e+03     6.7218      0.019      0.027    27.1780   996.4851 0.0000e+00
      0.038      0.053    10.6401    133.861     38.416  40.057497     3.6606      9.128   221.4845 1.6099e+03     6.7612      0.039      0.057    27.1741   996.4863 0.0000e+00
      0.054      0.058    10.6296    133.715     38.409  40.046039     3.6852      9.130   220.1196 1.4963e+03     6.7324      0.053      0.077    27.1665   996.4885 0.0000e+00
      0.070      0.061    10.6276    133.678     38.402  40.034487     3.7165      9.131   215.4092 1.3026e+03     6.7342      0.066      0.097    27.1521   996.4925 0.0000e+00
      0.088      0.064    10.6368    133.781     38.415  40.044780     3.7256      9.135   204.1957 1.0231e+03     6.7497      0.088      0.128    27.1371   996.4968 0.0000e+00
      0.103      0.068    10.6570    134.021     38.418  40.043522     3.7176      9.137   194.2382 1.0649e+03     6.7563      0.103      0.150    27.1290   996.4991 0.0000e+00
      0.116      0.073    10.6819    134.315     38.401  40.019265     3.7157      9.137   192.7542 1.4585e+03     6.7816      0.111      0.162    27.1250   996.5003 0.0000e+00
      0.133      0.076    10.7022    134.547     38.395  40.005406     3.8067      9.138   192.6197 1.6039e+03     6.7930      0.128      0.185    27.1195   996.5018 0.0000e+00
      0.156      0.076    10.7045    134.554     38.399  40.002908     3.9854      9.140   191.9238 1.1859e+03     6.7959      0.152      0.220    27.1139   996.5035 0.0000e+00
      0.183      0.075    10.6820    134.255     38.391  39.989059     4.0813      9.142   190.8791 8.9942e+02     6.7847      0.179      0.259    27.1096   996.5048 0.0000e+00
      0.208      0.073    10.6470    133.805     38.371  39.964915     4.0910      9.142   190.2270 1.1037e+03     6.7552      0.207      0.301    27.1014   996.5071 0.0000e+00
      0.224      0.071    10.6129    133.370     38.372  39.964905     4.0930      9.139   189.8038 1.3906e+03     6.7347      0.223      0.324    27.0898   996.5105 0.0000e+00
      0.233      0.067    10.5800    132.953     38.397  39.988925     4.0893      9.138   189.4622 1.2980e+03     6.7330      0.228      0.330    27.0805   996.5130 0.0000e+00
      0.243      0.060    10.5445    132.503     38.411  40.001412     4.0889      9.137   189.1933 9.5687e+02     6.7340      0.235      0.341    27.0743   996.5148 0.0000e+00
      0.262      0.050    10.5091    132.053     38.400  39.988925     4.0883      9.137   188.9614 8.3979e+02     6.6816      0.255      0.370    27.0705   996.5159 0.0000e+00
      0.286      0.040    10.4806    131.692     38.378  39.964905     4.0995      9.138   188.8098 9.4396e+02     6.4931      0.285      0.412    27.0683   996.5166 0.0000e+00
      0.301      0.030    10.4684    131.540     38.378  39.964914     4.1288      9.140   188.7374 1.0661e+03     6.2246      0.300      0.436    27.0665   996.5171 0.0000e+00
      0.302      0.018    10.4809    131.700     38.400  39.989038     4.1480      9.141   188.6882 1.0560e+03     6.0895      0.298      0.434    27.0645   996.5177 0.0000e+00
      0.297      0.006    10.5107    132.080     38.411  40.002660     4.1413      9.142   188.6450 9.2397e+02     6.1042      0.291      0.421    27.0621   996.5184 0.0000e+00
      0.291     -0.002    10.5421    132.477     38.410  40.002650     3.9873      9.142   188.5591 8.1624e+02     6.1740      0.285      0.412    27.0607   996.5187 0.0000e+00
      0.289     -0.004    10.5653    132.772     38.396  39.988923     3.7075      9.141   188.5097 7.6600e+02     6.2451      0.283      0.410    27.0610   996.5186 0.0000e+00
      0.290     -0.001    10.5788    132.943     38.371  39.963655     3.5581      9.141   188.6508 7.1710e+02     6.2752      0.284      0.412    27.0633   996.5180 0.0000e+00
      0.292      0.005    10.5879    133.060     38.358  39.951055     3.5423      9.142   188.8878 6.8507e+02     6.3093      0.286      0.415    27.0658   996.5173 0.0000e+00
      0.293      0.011    10.5951    133.151     38.370  39.963541     3.5342      9.142   189.0525 7.1957e+02     6.3944      0.288      0.417    27.0671   996.5170 0.0000e+00
      0.294      0.017    10.5955    133.155     38.394  39.987665     3.5113      9.142   189.1790 7.2963e+02     6.4849      0.288      0.418    27.0678   996.5168 0.0000e+00
      0.298      0.021    10.5868    133.045     38.395  39.988810     3.4831      9.142   189.2991 6.4490e+02     6.4868      0.290      0.421    27.0687   996.5166 0.0000e+00
      0.307      0.021    10.5728    132.865     38.385  39.977381     3.4788      9.142   189.3863 5.7199e+02     6.4821      0.300      0.435    27.0702   996.5162 0.0000e+00
      0.318      0.019    10.5585    132.684     38.384  39.976446     3.4947      9.143   189.4587 5.5313e+02     6.5262      0.314      0.456    27.0708   996.5161 0.0000e+00
      0.326      0.016    10.5487    132.561     38.385  39.977496     3.5447      9.145   189.5722 6.0607e+02     6.4310      0.321      0.466    27.0701   996.5163 0.0000e+00
      0.327      0.011    10.5424    132.482     38.398  39.990080     3.6244      9.146   189.7267 6.8437e+02     6.2159      0.322      0.467    27.0687   996.5166 0.0000e+00
      0.326      0.006    10.5328    132.364     38.408  40.001630     3.6609      9.146   189.7786 7.0752e+02     6.0875      0.319      0.463    27.0676   996.5171 0.0000e+00
      0.324      0.003    10.5202    132.207     38.396  39.990192     3.6563      9.147   189.7681 7.3129e+02     6.0591      0.317      0.460    27.0670   996.5172 0.0000e+00
      0.323      0.004    10.5142    132.133     38.385  39.978743     3.6298      9.147   190.0305 7.2389e+02     6.1668      0.317      0.459    27.0670   996.5171 0.0000e+00
      0.325      0.009    10.5242    132.256     38.397  39.990170     3.5824      9.145   190.7149 6.7542e+02     6.3739      0.318      0.462    27.0669   996.5172 0.0000e+00
      0.328      0.020    10.5518    132.601     38.408  40.001390     3.5508      9.141   191.4171 6.9322e+02     6.4992      0.321      0.466    27.0676   996.5170 0.0000e+00
      0.330      0.032    10.5901    133.081     38.395  39.987434     3.5426      9.139   191.8961 7.5924e+02     6.5339      0.324      0.471    27.0691   996.5166 0.0000e+00
      0.334      0.043    10.6262    133.532     38.359  39.948388     3.5877      9.139   192.2903 7.8561e+02     6.5974      0.325      0.470    27.0692   996.5166 0.0000e+00
      0.348      0.052    10.6502    133.827     38.324  39.910185     3.6802      9.141   192.5700 7.3840e+02     6.7096      0.336      0.487    27.0688   996.5168 0.0000e+00
      0.373      0.057    10.6592    133.930     38.323  39.906408     3.7332      9.143   192.7838 6.3862e+02     6.7441      0.368      0.535    27.0677   996.5172 0.0000e+00
      0.395      0.060    10.6517    133.828     38.323  39.902716     3.7429      9.144   193.0676 5.8238e+02     6.7188      0.391      0.567    27.0667   996.5176 0.0000e+00
      0.409      0.063    10.6331    133.584     38.290  39.865543     3.8323      9.142   193.5066 6.3798e+02     6.8297      0.401      0.581    27.0664   996.5177 0.0000e+00
      0.419      0.066    10.6165    133.364     38.266  39.837847     3.9993      9.139   194.0471 6.7496e+02     7.0689      0.412      0.598    27.0641   996.5183 0.0000e+00
      0.430      0.070    10.6041    133.199     38.254  39.821763     4.0884      9.136   194.4416 6.0203e+02     7.2194      0.421      0.610    27.0594   996.5197 0.0000e+00
      0.445      0.076    10.5912    133.029     38.233  39.798031     4.1037      9.134   194.6619 5.4019e+02     7.2732      0.432      0.627    27.0551   996.5209 0.0000e+00
      0.469      0.084    10.5786    132.859     38.183  39.741342     4.2098      9.132   194.9048 5.1733e+02     7.2936      0.459      0.665    27.0516   996.5220 0.0000e+00
      0.499      0.090    10.5638    132.650     38.097  39.644187     4.4096      9.129   195.1407 4.8256e+02     7.2365      0.490      0.711    27.0467   996.5235 0.0000e+00
      0.526      0.092    10.5434    132.365     38.040  39.575545     4.5162      9.127   195.2771 4.4863e+02     7.2040      0.518      0.752    27.0420   996.5249 0.0000e+00
      0.549      0.091    10.5210    132.055     38.020  39.546193     4.5182      9.126   195.4352 4.2926e+02     7.2289      0.540      0.783    27.0401   996.5255 0.0000e+00
      0.570      0.087    10.5013    131.782     38.025  39.543212     4.5209      9.125   195.6761 4.1898e+02     7.2108      0.559      0.811    27.0365   996.5265 0.0000e+00
      0.590      0.084    10.4844    131.550     38.027  39.539489     4.6014      9.123   195.9528 4.0946e+02     7.1154      0.581      0.842    27.0260   996.5295 0.0000e+00
      0.610      0.084    10.4642    131.281     37.996  39.501169     4.7543      9.120   196.2001 4.0464e+02     6.9930      0.599      0.868    27.0118   996.5335 0.0000e+00
      0.629      0.084    10.4320    130.859     37.963  39.460762     4.8437      9.117   196.3426 4.0352e+02     6.9769      0.615      0.892    26.9994   996.5370 0.0000e+00
      0.652      0.083    10.3884    130.285     37.943  39.431801     4.8587      9.115   196.3848 3.9391e+02     6.9864      0.638      0.926    26.9889   996.5400 0.0000e+00
      0.677      0.082    10.3386    129.627     37.928  39.404915     4.9013      9.114   196.4526 3.6913e+02     6.9437      0.665      0.965    26.9809   996.5423 0.0000e+00
      0.701      0.082    10.2886    128.965     37.924  39.389588     4.9771      9.112   196.8173 3.4566e+02     6.9513      0.689      0.999    26.9744   996.5442 0.0000e+00
      0.720      0.082    10.2473    128.418     37.918  39.373428     5.0124      9.108   197.4388 3.3862e+02     6.9806      0.708      1.026    26.9675   996.5461 0.0000e+00
      0.736      0.082    10.2169    128.008     37.891  39.336475     5.0158      9.104   198.0309 3.3543e+02     7.0028      0.722      1.047    26.9570   996.5491 0.0000e+00
      0.754      0.083    10.1957    127.711     37.889  39.323656     5.0007      9.099   198.4708 3.1388e+02     7.0556      0.737      1.070    26.9404   996.5536 0.0000e+00
      0.776      0.086    10.1855    127.544     37.922  39.345377     4.9515      9.094   198.7985 2.8319e+02     7.1280      0.760      1.103    26.9248   996.5580 0.0000e+00
      0.800      0.089    10.1850    127.494     37.936  39.345157     4.9151      9.092   199.0676 2.6335e+02     7.1562      0.785      1.138    26.9123   996.5616 0.0000e+00
      0.826      0.090    10.1877    127.488     37.926  39.320980     4.8990      9.089   199.2299 2.5210e+02     7.1680      0.810      1.174    26.9016   996.5646 0.0000e+00
      0.851      0.087    10.1894    127.477     37.922  39.306952     4.8686      9.086   199.3842 2.4628e+02     7.2054      0.836      1.211    26.8885   996.5683 0.0000e+00
      0.875      0.082    10.1949    127.525     37.925  39.302493     4.8252      9.086   199.5570 2.4304e+02     7.2152      0.859      1.246    26.8688   996.5739 0.0000e+00
      0.895      0.077    10.2121    127.720     37.897  39.267055     4.7996      9.085   199.7700 2.3736e+02     7.1878      0.879      1.275    26.8506   996.5790 0.0000e+00
      0.911      0.072    10.2458    128.113     37.837  39.195865     4.8016      9.084   200.0669 2.3140e+02     7.1684      0.894      1.297    26.8322   996.5840 0.0000e+00
      0.926      0.069    10.2952    128.685     37.798  39.140004     4.8751      9.082   200.3071 2.2628e+02     7.3091      0.908      1.316    26.8170   996.5883 0.0000e+00
      0.942      0.069    10.3498    129.307     37.778  39.099457     5.0121      9.079   200.5243 2.2084e+02     7.5771      0.923      1.339    26.8099   996.5903 0.0000e+00
      0.960      0.071    10.3958    129.814     37.725  39.022989     5.0889      9.076   200.7995 2.1559e+02     7.6889      0.941      1.365    26.8025   996.5923 0.0000e+00
      0.979      0.073    10.4263    130.112     37.645  38.913670     5.0920      9.073   201.0539 2.1021e+02     7.6449      0.960      1.392    26.7915   996.5954 0.0000e+00
      0.998      0.075    10.4444    130.223     37.564  38.793321     5.0840      9.069   201.3626 2.0361e+02     7.6032      0.978      1.418    26.7725   996.6007 0.0000e+00
      1.019      0.077    10.4506    130.156     37.467  38.646936     5.0973      9.063   201.7793 1.9715e+02     7.5443      1.000      1.450    26.7425   996.6090 0.0000e+00
      1.039      0.077    10.4376    129.833     37.352  38.476722     5.1313      9.058   202.1338 1.9194e+02     7.4582      1.021      1.480    26.7144   996.6167 0.0000e+00
      1.057      0.075    10.4039    129.249     37.252  38.322140     5.1474      9.054   202.3789 1.8651e+02     7.4135      1.037      1.503    26.6850   996.6247 0.0000e+00
      1.077      0.070    10.3605    128.569     37.215  38.237807     5.1456      9.050   202.6789 1.8028e+02     7.3973      1.054      1.530    26.6345   996.6385 0.0000e+00
      1.098      0.065    10.3220    127.986     37.230  38.218719     5.1874      9.045   203.1798 1.7477e+02     7.3934      1.078      1.564    26.5706   996.6559 0.0000e+00
      1.115      0.061    10.2908    127.532     37.250  38.218252     5.2707      9.041   203.6169 1.7124e+02     7.3990      1.096      1.590    26.5001   996.6751 0.0000e+00
      1.127      0.059    10.2625    127.142     37.276  38.232126     5.3124      9.037   203.8342 1.6817e+02     7.3995      1.104      1.601    26.4258   996.6952 0.0000e+00
      1.137      0.056    10.2294    126.703     37.312  38.259495     5.3102      9.033   204.0855 1.6399e+02     7.4000      1.113      1.614    26.3628   996.7120 0.0000e+00
      1.150      0.054    10.1774    126.038     37.353  38.295247     5.3218      9.028   204.4181 1.5955e+02     7.3064      1.127      1.635    26.3166   996.7246 0.0000e+00
      1.166      0.053    10.0976    125.050     37.403  38.347000     5.3570      9.024   204.7592 1.5570e+02     7.1198      1.144      1.659    26.2892   996.7320 0.0000e+00
      1.182      0.053     9.9851    123.683     37.424  38.377415     5.3815      9.019   205.1126 1.5210e+02     7.0120      1.160      1.683    26.2757   996.7358 0.0000e+00
      1.195      0.052     9.8438    121.968     37.382  38.345622     5.3835      9.015   205.5067 1.4909e+02     7.0190      1.173      1.703    26.2631   996.7392 0.0000e+00
      1.207      0.051     9.6985    120.180     37.314  38.280000     5.3635      9.011   205.9105 1.4638e+02     7.0731      1.183      1.716    26.2518   996.7423 0.0000e+00
      1.218      0.051     9.5795    118.684     37.261  38.218757     5.3305      9.006   206.2951 1.4303e+02     7.1411      1.194      1.732    26.2498   996.7429 0.0000e+00
      1.230      0.052     9.5024    117.682     37.236  38.176416     5.3226      9.001   206.6297 1.3955e+02     7.1865      1.206      1.750    26.2651   996.7389 0.0000e+00
      1.243      0.054     9.4720    117.242     37.231  38.148894     5.3462      8.995   206.8589 1.3615e+02     7.1960      1.218      1.766    26.2875   996.7329 0.0000e+00
      1.259      0.055     9.4864    117.345     37.248  38.139868     5.4860      8.988   207.0011 1.3253e+02     7.0917      1.234      1.790    26.2941   996.7311 0.0000e+00
      1.275      0.055     9.5308    117.812     37.267  38.130724     5.7299      8.981   207.1447 1.2889e+02     6.8761      1.250      1.814    26.2822   996.7344 0.0000e+00
