Data/DataNotYetUploadedToEDI/Raw_CTD/RawDownloads/081919_fcr50.cnv
* Sea-Bird SBE19plus  Data File:
* FileName = C:\DATA\081919_fcr50_0001.hex
* Software version 2.8.0.119 SB_Terminal.dll
* Temperature SN = 7809
* Conductivity SN = 7809
* System UpLoad Time = Aug 19 2019 09:53:56
* <ApplicationData>
* <Seaterm232>
# nquan = 16
# nvalues = 825                         
# units = specified
# name 0 = depFM: Depth [fresh water, m]
# name 1 = dz/dtM: Descent Rate [m/s]
# name 2 = sbeox0Mg/L: Oxygen, SBE 43 [mg/l]
# name 3 = sbeox0PS: Oxygen, SBE 43 [% saturation]
# name 4 = specc: Specific Conductance [uS/cm]
# name 5 = c0uS/cm: Conductivity [uS/cm]
# name 6 = flECO-AFL: Fluorescence, WET Labs ECO-AFL/FL [mg/m^3]
# name 7 = ph: pH
# name 8 = orp: Oxidation Reduction Potential [mV]
# name 9 = par/sat/log: PAR/Logarithmic, Satlantic
# name 10 = turbWETntu0: Turbidity, WET Labs ECO [NTU]
# name 11 = prdM: Pressure, Strain Gauge [db]
# name 12 = prdE: Pressure, Strain Gauge [psi]
# name 13 = tv290C: Temperature [ITS-90, deg C]
# name 14 = density00: Density [density, kg/m^3]
# name 15 = flag:  0.000e+00
# span 0 =     -0.564,      9.246       
# span 1 =     -2.941,      0.262       
# span 2 =    -0.3830,    10.4323       
# span 3 =     -4.491,    131.495       
# span 4 =      1.868,     67.383       
# span 5 =   1.823281,  52.231112       
# span 6 =    -0.2311,     8.0053       
# span 7 =      6.520,      9.397       
# span 8 =  -805.0052,   617.8823       
# span 9 = 1.2356e-01, 1.3673e+03       
# span 10 =    -0.4996,   894.0179      
# span 11 =     -0.553,      9.067      
# span 12 =     -0.802,     13.151      
# span 13 =    11.9784,    27.4632      
# span 14 =   996.4053,   999.5644      
# span 15 = 0.0000e+00, 0.0000e+00      
# interval = seconds: 0.25
# start_time = Aug 19 2019 09:40:08 [Instrument's time stamp, header]
# bad_flag = -9.990e-29
*END*
[from data line 181]
      0.111 -9.370e-13     7.7301     97.247     37.824  39.432568     3.5378      9.070   353.5707 4.0572e+02     7.0064      0.109      0.158    26.5221   996.6647 0.0000e+00
      0.111 -8.520e-14     8.5874    108.170     37.757  39.419050     3.5273      9.067   353.3330 4.4822e+02     7.0092      0.109      0.158    26.6205   996.6382 0.0000e+00
      0.111 -7.745e-15     9.3226    117.523     37.723  39.418950     3.5097      9.067   352.7043 4.8731e+02     6.9376      0.109      0.158    26.8438   996.5774 0.0000e+00
      0.111 -7.040e-16     9.8878    124.708     37.715  39.431416     3.4801      9.066   352.1639 4.5754e+02     6.8288      0.109      0.158    27.0254   996.5275 0.0000e+00
      0.111 -6.400e-17    10.2584    129.421     37.713  39.442841     3.4644      9.066   352.3915 4.9772e+02     6.7750      0.109      0.158    27.1331   996.4978 0.0000e+00
      0.111 -5.820e-18    10.4207    131.495     37.693  39.430153     3.4675      9.065   352.6163 5.2917e+02     6.7780      0.109      0.158    27.2057   996.4778 0.0000e+00
      0.111 -5.290e-19    10.3992    131.241     37.663  39.404979     3.4398      9.064   352.4735 4.8021e+02     6.7679      0.108      0.157    27.2472   996.4662 0.0000e+00
      0.111 -4.783e-20    10.2622    129.523     37.648  39.392396     3.3809      9.062   352.1280 4.7674e+02     6.7511      0.109      0.158    27.2728   996.4590 0.0000e+00
      0.111 -1.465e-21    10.0887    127.348     37.655  39.404977     3.3541      9.061   351.5354 5.0049e+02     6.7710      0.109      0.159    27.2889   996.4546 0.0000e+00
      0.111 3.1582e-20     9.9293    125.356     37.672  39.430150     3.3580      9.060   350.8157 4.9219e+02     6.7800      0.109      0.158    27.3005   996.4514 0.0000e+00
      0.111 3.5174e-19     9.8010    123.756     37.678  39.442845     3.3677      9.059   350.1372 4.6275e+02     6.6950      0.109      0.158    27.3061   996.4498 0.0000e+00
      0.111 3.8695e-18     9.7043    122.541     37.665  39.431520     3.3850      9.058   349.8701 4.7848e+02     6.5621      0.109      0.158    27.3099   996.4488 0.0000e+00
      0.111 4.2565e-17     9.6344    121.651     37.657  39.420189     3.4024      9.056   349.9959 5.1894e+02     6.5496      0.109      0.159    27.3165   996.4470 0.0000e+00
      0.111 4.6821e-16     9.5856    121.020     37.675  39.432791     3.4128      9.053   350.1099 5.0434e+02     6.6099      0.109      0.159    27.3270   996.4441 0.0000e+00
      0.111 5.1503e-15     9.5515    120.575     37.702  39.456925     3.4060      9.050   349.1836 4.5931e+02     6.5376      0.109      0.158    27.3371   996.4412 0.0000e+00
      0.111 5.6654e-14     9.5298    120.288     37.707  39.458061     3.3809      9.047   347.3996 4.1368e+02     6.3641      0.109      0.159    27.3401   996.4405 0.0000e+00
      0.111 6.2319e-13     9.5154    120.095     37.700  39.446520     3.3526      9.045   346.5213 3.8415e+02     6.2486      0.109      0.159    27.3354   996.4417 0.0000e+00
      0.111 6.8551e-12     9.5023    119.916     37.703  39.444337     3.3413      9.043   346.8246 3.9480e+02     6.2230      0.109      0.158    27.3271   996.4440 0.0000e+00
      0.112 7.5406e-11     9.4901    119.751     37.695  39.431661     3.3563      9.041   347.2802 4.3616e+02     6.2509      0.110      0.159    27.3196   996.4461 0.0000e+00
      0.112 8.2947e-10     9.4839    119.670     37.685  39.420206     3.3702      9.038   346.6098 4.5578e+02     6.2249      0.110      0.160    27.3151   996.4474 0.0000e+00
      0.112 9.1241e-09     9.4846    119.685     37.695  39.432797     3.3618      9.036   345.1723 4.5540e+02     6.1060      0.109      0.159    27.3096   996.4489 0.0000e+00
      0.112 1.0037e-07     9.4856    119.710     37.714  39.456940     3.3496      9.034   344.4402 4.6340e+02     6.0261      0.110      0.159    27.3021   996.4510 0.0000e+00
      0.112      0.000     9.4846    119.709     37.711  39.458198     3.3530      9.033   344.2111 4.5211e+02     6.0124      0.110      0.159    27.2961   996.4527 0.0000e+00
      0.112      0.000     9.4832    119.703     37.698  39.448018     3.3760      9.030   344.2950 4.5668e+02     6.0389      0.110      0.160    27.2939   996.4533 0.0000e+00
      0.112      0.000     9.4819    119.703     37.703  39.460815     3.4026      9.028   344.7656 5.0123e+02     6.0834      0.110      0.160    27.2979   996.4521 0.0000e+00
      0.112      0.001     9.4790    119.692     37.718  39.485985     3.4154      9.024   344.2224 5.2290e+02     6.0922      0.110      0.160    27.3056   996.4500 0.0000e+00
      0.112      0.006     9.4743    119.662     37.721  39.498432     3.4182      9.001   342.4599 5.3906e+02     6.0792      0.110      0.160    27.3112   996.4485 0.0000e+00
      0.112      0.013     9.4703    119.644     37.697  39.484372     3.4189      8.956   341.1798 5.8002e+02     6.2543      0.110      0.160    27.3146   996.4475 0.0000e+00
      0.112      0.016     9.4691    119.670     37.643  39.442953     3.4239      8.931   340.7900 5.5384e+02     6.6033      0.110      0.160    27.3222   996.4454 0.0000e+00
      0.117      0.009     9.4731    119.753     37.571  39.378545     3.4268      8.943   340.7582 4.9140e+02     6.7600      0.111      0.161    27.3366   996.4414 0.0000e+00
      0.131     -0.009     9.4806    119.856     37.531  39.340448     3.4185      8.966   341.1392 5.0250e+02     6.7065      0.128      0.184    27.3495   996.4379 0.0000e+00
      0.144     -0.033     9.4858    119.915     37.555  39.363209     3.3583      8.985   341.5243 5.5017e+02     6.4477      0.150      0.216    27.3618   996.4346 0.0000e+00
      0.139     -0.055     9.4853    119.900     37.593  39.399828     3.2533      8.996   341.1986 5.5804e+02     6.0559      0.148      0.215    27.3853   996.4281 0.0000e+00
      0.107     -0.071     9.4811    119.841     37.598  39.402316     3.1902      9.001   340.4706 6.2815e+02     5.8701      0.109      0.159    27.4049   996.4224 0.0000e+00
      0.062     -0.080     9.4766    119.778     37.591  39.393290     3.1675      9.002   339.7786 8.5151e+02     5.8397      0.054      0.079    27.4051   996.4221 0.0000e+00
      0.029     -0.076     9.4749    119.754     37.615  39.417651     3.1173      9.002   339.8863 1.0228e+03     5.8195      0.020      0.030    27.3999   996.4234 0.0000e+00
      0.014     -0.058     9.4779    119.796     37.638  39.442940     3.0346      9.000   340.7403 1.0571e+03     5.8224      0.010      0.015    27.3949   996.4246 0.0000e+00
      0.010     -0.032     9.4814    119.848     37.637  39.445135     2.9915      8.993   340.8979 1.0547e+03     5.8415      0.009      0.013    27.3926   996.4253 0.0000e+00
      0.009     -0.012     9.4826    119.868     37.634  39.444199     2.9948      8.987   340.1571 1.0527e+03     5.8544      0.009      0.012    27.3912   996.4257 0.0000e+00
      0.012     -0.002     9.4862    119.918     37.621  39.431626     2.9878      8.987   339.1835 1.0633e+03     5.8472      0.010      0.014    27.3872   996.4268 0.0000e+00
      0.018     -0.003     9.4945    120.030     37.608  39.420076     2.8890      8.991   338.5038 1.0731e+03     5.8526      0.019      0.027    27.3900   996.4261 0.0000e+00
      0.023     -0.008     9.5030    120.146     37.616  39.431523     2.7203      8.993   338.4781 1.0706e+03     5.8542      0.026      0.037    27.3956   996.4246 0.0000e+00
      0.019     -0.014     9.5083    120.217     37.626  39.443076     2.6379      8.995   338.9584 1.0643e+03     5.8339      0.021      0.030    27.3983   996.4238 0.0000e+00
      0.009     -0.019     9.5099    120.237     37.616  39.432792     2.6381      8.996   339.0630 1.0581e+03     5.8354      0.007      0.012    27.3979   996.4239 0.0000e+00
     -0.001     -0.021     9.5087    120.225     37.616  39.434144     2.6360      8.997   338.5379 1.0513e+03     5.8408     -0.003     -0.002    27.4014   996.4228 0.0000e+00
     -0.009     -0.017     9.5046    120.182     37.637  39.459431     2.6218      8.998   337.9440 1.0478e+03     5.8333     -0.010     -0.014    27.4073   996.4211 0.0000e+00
     -0.014     -0.010     9.4977    120.111     37.656  39.484613     2.6130      8.995   337.3884 1.0473e+03     5.8430     -0.015     -0.021    27.4087   996.4208 0.0000e+00
     -0.015     -0.001     9.4922    120.059     37.650  39.484709     2.6160      8.989   336.9829 1.0495e+03     5.8590     -0.015     -0.022    27.4078   996.4209 0.0000e+00
     -0.012      0.006     9.4914    120.063     37.622  39.460603     2.6065      8.983   336.6546 1.0530e+03     5.9295     -0.013     -0.019    27.4087   996.4207 0.0000e+00
     -0.006      0.010     9.4958    120.125     37.607  39.447077     2.5762      8.977   336.1728 1.0527e+03     6.0395     -0.006     -0.008    27.4124   996.4198 0.0000e+00
     -0.000      0.012     9.5024    120.211     37.607  39.448126     2.5527      8.974   335.7170 1.0185e+03     6.0749      0.001      0.002    27.4202   996.4176 0.0000e+00
      0.003      0.012     9.5060    120.259     37.631  39.473290     2.5562      8.972   335.4459 8.6963e+02     6.0623      0.003      0.004    27.4307   996.4147 0.0000e+00
      0.003      0.012     9.5075    120.279     37.654  39.497414     2.5932      8.969   335.3042 5.9663e+02     6.0186      0.003      0.004    27.4375   996.4128 0.0000e+00
      0.004      0.012     9.5107    120.322     37.642  39.485880     2.6443      8.969   335.1221 4.0234e+02     5.9067      0.002      0.003    27.4397   996.4122 0.0000e+00
      0.008      0.012     9.5147    120.374     37.617  39.460792     2.6708      8.968   334.7923 4.8900e+02     5.8244      0.006      0.010    27.4407   996.4119 0.0000e+00
      0.013      0.012     9.5172    120.406     37.605  39.448001     2.6801      8.966   334.1561 7.6669e+02     5.8419      0.014      0.020    27.4418   996.4116 0.0000e+00
      0.017      0.010     9.5167    120.399     37.615  39.458190     2.7050      8.966   333.2811 9.8636e+02     5.8890      0.016      0.024    27.4422   996.4116 0.0000e+00
      0.020      0.004     9.5124    120.345     37.614  39.457026     2.7378      8.968   333.0750 1.0591e+03     5.9027      0.020      0.029    27.4430   996.4114 0.0000e+00
      0.023     -0.007     9.5082    120.292     37.592  39.433933     2.7474      8.970   333.5566 1.0653e+03     5.8760      0.024      0.034    27.4438   996.4111 0.0000e+00
      0.024     -0.019     9.5075    120.280     37.592  39.432892     2.7427      8.970   333.5976 1.0646e+03     5.8286      0.024      0.034    27.4432   996.4113 0.0000e+00
      0.020     -0.029     9.5091    120.297     37.604  39.444434     2.7336      8.969   332.8819 1.0636e+03     5.7881      0.022      0.033    27.4433   996.4112 0.0000e+00
      0.006     -0.034     9.5100    120.308     37.606  39.446524     2.6720      8.966   332.0440 1.0656e+03     5.6817      0.009      0.014    27.4438   996.4110 0.0000e+00
     -0.014     -0.034     9.5090    120.297     37.616  39.458159     2.5692      8.962   332.0708 1.0671e+03     5.4925     -0.019     -0.026    27.4444   996.4107 0.0000e+00
     -0.028     -0.031     9.5092    120.302     37.615  39.458158     2.5138      8.961   332.7767 1.0650e+03     5.3686     -0.033     -0.047    27.4430   996.4112 0.0000e+00
     -0.032     -0.023     9.5117    120.336     37.604  39.446511     2.5048      8.958   333.0933 1.0623e+03     5.3640     -0.032     -0.046    27.4391   996.4122 0.0000e+00
     -0.032     -0.013     9.5142    120.367     37.602  39.444298     2.5293      8.952   332.8009 1.0598e+03     5.5671     -0.031     -0.045    27.4394   996.4121 0.0000e+00
     -0.032     -0.005     9.5159    120.386     37.590  39.431402     2.5854      8.946   332.2529 1.0589e+03     5.8915     -0.032     -0.047    27.4417   996.4115 0.0000e+00
     -0.032     -0.003     9.5168    120.389     37.579  39.417552     2.6197      8.943   331.5435 1.0572e+03     6.0406     -0.033     -0.047    27.4428   996.4112 0.0000e+00
     -0.029     -0.003     9.5163    120.375     37.569  39.403797     2.6402      8.942   331.1072 1.0523e+03     6.0598     -0.027     -0.040    27.4434   996.4110 0.0000e+00
     -0.029     -0.004     9.5136    120.336     37.560  39.392047     2.7647      8.938   331.3655 1.0486e+03     5.9918     -0.026     -0.038    27.4436   996.4109 0.0000e+00
     -0.034     -0.005     9.5090    120.275     37.571  39.402433     2.9806      8.934   331.5688 1.0486e+03     5.8743     -0.035     -0.050    27.4431   996.4110 0.0000e+00
     -0.038     -0.005     9.5070    120.248     37.571  39.402422     3.1001      8.932   331.5008 1.0523e+03     5.8514     -0.038     -0.057    27.4391   996.4121 0.0000e+00
     -0.038     -0.005     9.5106    120.294     37.561  39.391912     3.1087      8.931   331.4030 1.0566e+03     5.8462     -0.038     -0.055    27.4340   996.4135 0.0000e+00
     -0.038     -0.003     9.5164    120.369     37.570  39.402309     3.0846      8.930   330.3860 1.0590e+03     5.8113     -0.038     -0.055    27.4325   996.4140 0.0000e+00
     -0.039      0.001     9.5219    120.441     37.568  39.401174     3.0517      8.930   328.7551 1.0597e+03     5.7907     -0.038     -0.055    27.4314   996.4143 0.0000e+00
     -0.039      0.004     9.5269    120.509     37.545  39.378186     3.0402      8.931   328.1175 1.0586e+03     5.7937     -0.039     -0.056    27.4297   996.4148 0.0000e+00
     -0.037      0.006     9.5300    120.555     37.543  39.378290     3.0402      8.932   328.6135 1.0585e+03     5.8147     -0.036     -0.053    27.4302   996.4146 0.0000e+00
     -0.034      0.006     9.5318    120.587     37.563  39.402431     3.0342      8.932   329.2460 1.0594e+03     5.8809     -0.033     -0.048    27.4317   996.4142 0.0000e+00
     -0.032      0.006     9.5337    120.621     37.573  39.416158     3.0378      8.931   328.1937 1.0585e+03     6.0041     -0.031     -0.045    27.4331   996.4139 0.0000e+00
     -0.030      0.005     9.5320    120.604     37.573  39.417312     3.0489      8.930   325.7847 1.0564e+03     6.0584     -0.030     -0.044    27.4347   996.4134 0.0000e+00
     -0.029      0.002     9.5244    120.506     37.572  39.416385     3.0556      8.930   324.6400 1.0516e+03     6.0462     -0.028     -0.041    27.4377   996.4126 0.0000e+00
     -0.028     -0.001     9.5154    120.390     37.562  39.404949     3.0577      8.929   325.0229 1.0314e+03     6.0205     -0.027     -0.039    27.4424   996.4113 0.0000e+00
     -0.029     -0.003     9.5078    120.293     37.563  39.405998     2.9793      8.926   325.7683 9.6390e+02     5.8130     -0.028     -0.040    27.4475   996.4098 0.0000e+00
     -0.031     -0.004     9.5007    120.206     37.583  39.429072     2.8276      8.924   325.6504 8.3916e+02     5.5041     -0.031     -0.045    27.4496   996.4092 0.0000e+00
     -0.034     -0.004     9.4955    120.145     37.583  39.430016     2.7495      8.923   324.3722 6.7781e+02     5.3662     -0.034     -0.050    27.4477   996.4098 0.0000e+00
     -0.035     -0.004     9.4927    120.114     37.570  39.417415     2.7550      8.923   323.2192 5.0199e+02     5.3907     -0.035     -0.050    27.4460   996.4102 0.0000e+00
     -0.036     -0.004     9.4905    120.088     37.556  39.403678     2.8321      8.923   322.8077 3.5579e+02     5.5382     -0.035     -0.051    27.4466   996.4100 0.0000e+00
     -0.036     -0.004     9.4899    120.081     37.544  39.390887     2.9624      8.922   322.7525 2.8979e+02     5.7075     -0.035     -0.051    27.4483   996.4096 0.0000e+00
     -0.036     -0.007     9.4900    120.083     37.542  39.389714     3.0303      8.921   322.6379 3.3814e+02     5.7664     -0.035     -0.051    27.4506   996.4089 0.0000e+00
     -0.036     -0.017     9.4859    120.032     37.542  39.389504     3.0374      8.919   322.7987 5.1199e+02     5.7912     -0.036     -0.052    27.4522   996.4085 0.0000e+00
