Data/DataNotYetUploadedToEDI/Raw_CTD/RawDownloads/081919_fcr50.cnv
* Sea-Bird SBE19plus  Data File:
* FileName = C:\DATA\081919_fcr50_0001.hex
* Software version 2.8.0.119 SB_Terminal.dll
* Temperature SN = 7809
* Conductivity SN = 7809
* System UpLoad Time = Aug 19 2019 09:53:56
* <ApplicationData>
* <Seaterm232>
# nquan = 16
# nvalues = 825                         
# units = specified
# name 0 = depFM: Depth [fresh water, m]
# name 1 = dz/dtM: Descent Rate [m/s]
# name 2 = sbeox0Mg/L: Oxygen, SBE 43 [mg/l]
# name 3 = sbeox0PS: Oxygen, SBE 43 [% saturation]
# name 4 = specc: Specific Conductance [uS/cm]
# name 5 = c0uS/cm: Conductivity [uS/cm]
# name 6 = flECO-AFL: Fluorescence, WET Labs ECO-AFL/FL [mg/m^3]
# name 7 = ph: pH
# name 8 = orp: Oxidation Reduction Potential [mV]
# name 9 = par/sat/log: PAR/Logarithmic, Satlantic
# name 10 = turbWETntu0: Turbidity, WET Labs ECO [NTU]
# name 11 = prdM: Pressure, Strain Gauge [db]
# name 12 = prdE: Pressure, Strain Gauge [psi]
# name 13 = tv290C: Temperature [ITS-90, deg C]
# name 14 = density00: Density [density, kg/m^3]
# name 15 = flag:  0.000e+00
# span 0 =     -0.564,      9.246       
# span 1 =     -2.941,      0.262       
# span 2 =    -0.3830,    10.4323       
# span 3 =     -4.491,    131.495       
# span 4 =      1.868,     67.383       
# span 5 =   1.823281,  52.231112       
# span 6 =    -0.2311,     8.0053       
# span 7 =      6.520,      9.397       
# span 8 =  -805.0052,   617.8823       
# span 9 = 1.2356e-01, 1.3673e+03       
# span 10 =    -0.4996,   894.0179      
# span 11 =     -0.553,      9.067      
# span 12 =     -0.802,     13.151      
# span 13 =    11.9784,    27.4632      
# span 14 =   996.4053,   999.5644      
# span 15 = 0.0000e+00, 0.0000e+00      
# interval = seconds: 0.25
# start_time = Aug 19 2019 09:40:08 [Instrument's time stamp, header]
# bad_flag = -9.990e-29
*END*
[from data line 543]
      4.621      0.067     0.1298      1.229     52.598  39.850052     2.3800      7.478   325.8293 1.4592e+00     2.0831      4.534      6.577    12.9566   999.4275 0.0000e+00
      4.630      0.070     0.1287      1.217     51.128  38.703170     2.3402      7.479   326.0559 1.4610e+00     2.1531      4.536      6.580    12.9032   999.4344 0.0000e+00
      4.646      0.073     0.1267      1.196     50.068  37.837200     2.3206      7.482   326.0548 1.4353e+00     2.2442      4.551      6.602    12.8950   999.4353 0.0000e+00
      4.670      0.077     0.1266      1.194     49.728  37.505246     2.3247      7.485   325.6439 1.3940e+00     2.3001      4.580      6.643    12.8934   999.4353 0.0000e+00
      4.696      0.081     0.1317      1.240     49.611  37.355549     2.2946      7.489   324.8736 1.3498e+00     2.4025      4.607      6.681    12.8822   999.4368 0.0000e+00
      4.719      0.082     0.1481      1.393     49.596  37.296702     2.2347      7.493   324.3980 1.3225e+00     2.5983      4.628      6.712    12.8623   999.4386 0.0000e+00
      4.739      0.081     0.1821      1.711     49.739  37.364965     2.1986      7.495   324.5401 1.3222e+00     2.7010      4.649      6.742    12.7855   999.4479 0.0000e+00
      4.758      0.076     0.2400      2.254     49.923  37.482623     2.1957      7.498   324.7850 1.3112e+00     2.6935      4.667      6.769    12.6990   999.4587 0.0000e+00
      4.775      0.072     0.3272      3.074     49.877  37.449723     2.2086      7.500   324.9496 1.2834e+00     2.7370      4.682      6.792    12.6411   999.4658 0.0000e+00
      4.793      0.067     0.4464      4.194     49.740  37.348043     2.1645      7.500   324.8958 1.2558e+00     3.3579      4.700      6.818    12.5957   999.4714 0.0000e+00
      4.812      0.059     0.5970      5.607     49.819  37.395812     2.0611      7.500   323.7902 1.2318e+00     4.4983      4.720      6.846    12.5529   999.4767 0.0000e+00
      4.829      0.047     0.7670      7.202     50.169  37.646413     2.0152      7.499   322.3363 1.2169e+00     5.0881      4.738      6.871    12.5243   999.4804 0.0000e+00
      4.843      0.032     0.9339      8.769     50.512  37.902392     2.0262      7.497   322.0305 1.2105e+00     5.1152      4.751      6.891    12.5420   999.4783 0.0000e+00
      4.851      0.018     1.0822     10.163     50.486  37.888216     2.0128      7.496   322.6739 1.2099e+00     4.9563      4.761      6.905    12.5485   999.4775 0.0000e+00
      4.851      0.008     1.2061     11.328     50.267  37.728940     1.9742      7.496   323.6615 1.2172e+00     4.6418      4.761      6.905    12.5257   999.4801 0.0000e+00
      4.842      0.006     1.3014     12.223     50.128  37.627053     1.9495      7.496   323.5609 1.2350e+00     4.4911      4.749      6.886    12.5132   999.4817 0.0000e+00
      4.834      0.011     1.3638     12.809     49.931  37.481531     1.9480      7.495   322.3182 1.2469e+00     4.4776      4.736      6.868    12.5114   999.4822 0.0000e+00
      4.836      0.024     1.3893     13.044     49.710  37.302469     1.9737      7.494   321.8859 1.2446e+00     4.4146      4.741      6.876    12.5219   999.4808 0.0000e+00
      4.846      0.041     1.3829     12.973     49.678  37.239377     2.0095      7.493   322.4654 1.2361e+00     4.3190      4.752      6.892    12.5277   999.4800 0.0000e+00
      4.860      0.056     1.3586     12.733     49.802  37.289944     2.0158      7.491   323.2164 1.2155e+00     4.2720      4.763      6.907    12.5249   999.4805 0.0000e+00
      4.881      0.063     1.3284     12.443     49.988  37.405995     1.9978      7.491   322.9643 1.1889e+00     4.3706      4.784      6.938    12.5353   999.4792 0.0000e+00
      4.907      0.062     1.3007     12.185     50.197  37.563400     1.9219      7.490   321.2236 1.1661e+00     5.4451      4.815      6.984    12.5310   999.4798 0.0000e+00
      4.930      0.053     1.2832     12.027     50.307  37.669664     1.7923      7.487   319.4633 1.1484e+00     7.3991      4.839      7.018    12.4782   999.4863 0.0000e+00
      4.941      0.038     1.2830     12.035     50.354  37.738687     1.7226      7.485   318.8024 1.1454e+00     8.4639      4.849      7.033    12.4259   999.4926 0.0000e+00
      4.944      0.018     1.3034     12.235     50.598  37.953639     1.7031      7.485   318.7394 1.1395e+00     8.5860      4.848      7.033    12.4041   999.4953 0.0000e+00
      4.944     -0.001     1.3377     12.568     51.008  38.300822     1.6609      7.483   318.9597 1.1285e+00     9.0073      4.849      7.032    12.4019   999.4957 0.0000e+00
      4.943     -0.012     1.3720     12.909     51.114  38.445110     1.6106      7.481   319.9175 1.1509e+00     9.7554      4.851      7.036    12.4333   999.4920 0.0000e+00
      4.935     -0.010     1.3979     13.171     50.667  38.174769     1.5813      7.479   320.8553 1.1876e+00    10.1264      4.842      7.023    12.4745   999.4869 0.0000e+00
      4.922      0.004     1.4096     13.286     50.099  37.761849     1.5748      7.477   320.6622 1.2026e+00    10.1504      4.825      6.997    12.5000   999.4838 0.0000e+00
      4.913      0.029     1.3996     13.178     49.748  37.451739     1.5846      7.475   320.0778 1.1986e+00    10.1774      4.812      6.980    12.5283   999.4806 0.0000e+00
      4.919      0.060     1.3670     12.848     49.541  37.218238     1.6302      7.473   319.8118 1.1726e+00    10.3871      4.817      6.987    12.5989   999.4723 0.0000e+00
      4.943      0.092     1.3173     12.355     49.503  37.096726     1.7011      7.471   319.6840 1.1209e+00    10.7849      4.842      7.023    12.6942   999.4604 0.0000e+00
      4.981      0.117     1.2601     11.795     49.574  37.061548     1.7304      7.470   320.3391 1.0607e+00    11.0218      4.882      7.082    12.7096   999.4585 0.0000e+00
      5.025      0.130     1.2113     11.320     49.649  37.046713     1.7070      7.469   321.4514 1.0102e+00    11.1211      4.929      7.148    12.6457   999.4664 0.0000e+00
      5.068      0.127     1.1894     11.103     49.709  37.044234     1.5573      7.467   321.6041 9.5873e-01    11.7887      4.973      7.211    12.5670   999.4761 0.0000e+00
      5.105      0.115     1.2039     11.233     49.725  37.031514     1.2986      7.465   321.0661 9.1473e-01    13.0316      5.009      7.265    12.4654   999.4885 0.0000e+00
      5.132      0.101     1.2569     11.725     49.720  37.019847     1.1631      7.465   320.5391 9.0053e-01    13.7266      5.037      7.306    12.3681   999.5003 0.0000e+00
      5.147      0.091     1.3499     12.591     49.736  37.030113     1.1596      7.464   321.0830 8.9675e-01    13.7696      5.051      7.327    12.2987   999.5086 0.0000e+00
      5.157      0.085     1.4716     13.725     49.742  37.028683     1.1774      7.461   322.5659 8.7134e-01    13.6501      5.053      7.329    12.2495   999.5145 0.0000e+00
      5.175      0.084     1.6014     14.931     49.728  37.002551     1.1965      7.459   323.0679 8.2750e-01    13.4287      5.070      7.353    12.2274   999.5171 0.0000e+00
      5.202      0.086     1.7279     16.101     49.713  36.968039     1.2077      7.457   322.7640 7.9220e-01    13.3215      5.102      7.401    12.2239   999.5176 0.0000e+00
      5.232      0.089     1.8423     17.157     49.693  36.928759     1.2267      7.456   322.4200 7.6141e-01    13.3697      5.133      7.445    12.2250   999.5177 0.0000e+00
      5.258      0.090     1.9348     18.011     49.690  36.908446     1.2518      7.455   322.0053 7.2071e-01    13.5524      5.157      7.480    12.2226   999.5182 0.0000e+00
      5.280      0.088     2.0064     18.672     49.713  36.912844     1.2685      7.452   322.3107 6.8383e-01    13.8260      5.179      7.512    12.2061   999.5201 0.0000e+00
      5.298      0.085     2.0630     19.196     49.731  36.918444     1.2734      7.450   323.3585 6.5838e-01    13.9910      5.197      7.536    12.1776   999.5235 0.0000e+00
      5.315      0.082     2.1073     19.604     49.733  36.912674     1.2757      7.448   323.9194 6.2525e-01    14.0395      5.211      7.558    12.1518   999.5266 0.0000e+00
      5.336      0.080     2.1444     19.947     49.733  36.906539     1.2276      7.445   323.8449 5.7974e-01    14.1503      5.232      7.589    12.1332   999.5288 0.0000e+00
      5.361      0.078     2.1794     20.271     49.739  36.907736     1.1171      7.443   323.7478 5.4592e-01    14.3481      5.258      7.626    12.1222   999.5302 0.0000e+00
      5.383      0.076     2.2144     20.597     49.764  36.927141     1.0496      7.442   323.7780 5.2656e-01    14.4320      5.280      7.659    12.1152   999.5312 0.0000e+00
      5.402      0.075     2.2478     20.909     49.791  36.950742     1.0351      7.439   323.8651 5.0698e-01    14.4101      5.298      7.685    12.1080   999.5320 0.0000e+00
      5.419      0.074     2.2788     21.198     49.774  36.939191     1.0197      7.437   324.0276 4.9402e-01    14.4112      5.314      7.708    12.0999   999.5331 0.0000e+00
      5.434      0.075     2.3096     21.481     49.749  36.914436     1.0198      7.435   324.1937 4.8287e-01    14.4782      5.329      7.729    12.0956   999.5337 0.0000e+00
      5.450      0.079     2.3363     21.726     49.750  36.905323     1.0363      7.433   324.2392 4.5272e-01    14.5975      5.344      7.751    12.0974   999.5335 0.0000e+00
      5.470      0.084     2.3547     21.891     49.749  36.892464     1.0458      7.431   324.4049 4.1745e-01    14.6406      5.363      7.778    12.1032   999.5330 0.0000e+00
      5.494      0.091     2.3689     22.016     49.759  36.885894     1.0823      7.428   324.9928 3.9069e-01    14.6393      5.387      7.813    12.1070   999.5326 0.0000e+00
      5.521      0.099     2.3835     22.142     49.786  36.889352     1.5034      7.425   325.5826 3.6780e-01    14.6806      5.414      7.854    12.0996   999.5336 0.0000e+00
      5.547      0.104     2.3986     22.275     49.780  36.870783     2.2795      7.422   325.6852 3.5383e-01    14.7140      5.440      7.890    12.0872   999.5351 0.0000e+00
      5.573      0.104     2.4178     22.450     49.766  36.851789     2.6984      7.419   325.6316 3.3087e-01    14.7154      5.463      7.923    12.0774   999.5364 0.0000e+00
      5.602      0.101     2.4441     22.690     49.771  36.850116     2.6919      7.415   325.4513 2.9112e-01    14.6966      5.492      7.965    12.0631   999.5382 0.0000e+00
      5.633      0.098     2.4764     22.989     49.775  36.850541     2.2448      7.412   325.1394 2.6033e-01    14.6515      5.527      8.017    12.0437   999.5406 0.0000e+00
      5.658      0.094     2.5134     23.332     49.782  36.856925     1.4191      7.410   325.8177 2.4576e-01    14.6283      5.553      8.053    12.0293   999.5423 0.0000e+00
      5.674      0.087     2.5515     23.689     49.785  36.863839     0.9711      7.409   327.1998 2.3337e-01    14.6783      5.560      8.065    12.0214   999.5433 0.0000e+00
      5.694      0.082     2.5864     24.017     49.787  36.870664     0.9290      7.407   327.5688 2.1316e-01    14.7313      5.579      8.093    12.0160   999.5440 0.0000e+00
      5.720      0.083     2.6138     24.274     49.789  36.875971     0.9444      7.404   326.9223 1.9688e-01    14.7128      5.614      8.143    12.0127   999.5445 0.0000e+00
      5.739      0.091     2.6318     24.440     49.774  36.864534     1.0010      7.402   326.0944 1.9086e-01    14.6836      5.632      8.168    12.0145   999.5444 0.0000e+00
      5.752      0.101     2.6404     24.519     49.770  36.859333     1.0411      7.400   326.3349 1.8101e-01    14.7063      5.635      8.173    12.0198   999.5438 0.0000e+00
      5.777      0.108     2.6442     24.551     49.798  36.876555     1.0484      7.398   327.6799 1.6398e-01    14.7244      5.658      8.206    12.0253   999.5432 0.0000e+00
      5.815      0.112     2.6463     24.570     49.809  36.882336     1.0283      7.396   328.2453 1.4803e-01    14.7391      5.704      8.274    12.0300   999.5430 0.0000e+00
      5.852      0.117     2.6441     24.549     49.792  36.865744     0.9887      7.394   327.6648 1.3702e-01    14.8191      5.742      8.328    12.0304   999.5431 0.0000e+00
      5.883      0.119     2.6381     24.490     49.798  36.866368     0.9766      7.391   326.8558 1.3287e-01    14.9041      5.770      8.370    12.0265   999.5437 0.0000e+00
      5.911      0.117     2.6326     24.437     49.835  36.889876     0.9870      7.389   326.3791 1.3177e-01    14.9144      5.798      8.409    12.0233   999.5442 0.0000e+00
      5.936      0.112     2.6294     24.407     49.846  36.896062     0.9850      7.386   326.2901 1.2746e-01    14.8787      5.820      8.442    12.0216   999.5445 0.0000e+00
      5.963      0.108     2.6263     24.377     49.821  36.877692     0.9775      7.383   326.4678 1.2423e-01    14.8653      5.846      8.480    12.0172   999.5451 0.0000e+00
      5.993      0.106     2.6223     24.339     49.795  36.858191     0.9750      7.381   326.7205 1.2389e-01    14.8835      5.879      8.526    12.0122   999.5458 0.0000e+00
      6.021      0.104     2.6173     24.294     49.784  36.850699     0.9721      7.381   326.8501 1.2373e-01    14.9030      5.906      8.567    12.0088   999.5464 0.0000e+00
      6.047      0.100     2.6128     24.253     49.782  36.850585     0.9678      7.379   326.8303 1.2371e-01    14.9044      5.930      8.601    12.0065   999.5468 0.0000e+00
      6.073      0.093     2.6117     24.243     49.789  36.856808     0.9399      7.375   326.2242 1.2375e-01    14.8340      5.956      8.638    12.0073   999.5468 0.0000e+00
      6.098      0.083     2.6136     24.260     49.798  36.862469     0.8867      7.373   325.4582 1.2374e-01    14.7408      5.980      8.674    12.0073   999.5469 0.0000e+00
      6.120      0.074     2.6153     24.276     49.791  36.855554     0.8621      7.371   325.3987 1.2377e-01    14.6947      6.003      8.707    12.0071   999.5470 0.0000e+00
      6.136      0.067     2.6156     24.277     49.766  36.836673     0.8671      7.368   325.5041 1.2380e-01    14.6701      6.019      8.729    12.0095   999.5468 0.0000e+00
      6.148      0.062     2.6153     24.274     49.750  36.824612     0.8611      7.366   325.6143 1.2368e-01    14.7058      6.030      8.745    12.0105   999.5467 0.0000e+00
      6.161      0.059     2.6146     24.268     49.767  36.836673     0.8421      7.364   325.8701 1.2356e-01    14.7986      6.042      8.763    12.0089   999.5469 0.0000e+00
      6.175      0.058     2.6140     24.262     49.793  36.855544     0.8356      7.362   325.2420 1.2356e-01    14.8745      6.054      8.782    12.0074   999.5472 0.0000e+00
      6.190      0.059     2.6141     24.264     49.799  36.862354     0.8437      7.360   323.9568 1.2367e-01    14.9024      6.069      8.803    12.0068   999.5473 0.0000e+00
      6.206      0.060     2.6142     24.268     49.783  36.855547     0.8538      7.358   323.5811 1.2379e-01    14.8408      6.086      8.827    12.0066   999.5474 0.0000e+00
      6.223      0.063     2.6144     24.274     49.746  36.836712     0.8623      7.356   323.7957 1.2379e-01    14.7195      6.103      8.852    12.0062   999.5476 0.0000e+00
      6.238      0.066     2.6151     24.286     49.719  36.825067     0.8596      7.356   324.0565 1.2370e-01    14.6482      6.118      8.875    12.0055   999.5477 0.0000e+00
      6.253      0.070     2.6163     24.298     49.739  36.841707     0.8564      7.355   323.9817 1.2364e-01    14.6347      6.132      8.894    12.0080   999.5475 0.0000e+00
      6.270      0.074     2.6171     24.303     49.754  36.847473     0.8494      7.352   323.1489 1.2367e-01    14.6867      6.147      8.915    12.0121   999.5472 0.0000e+00
