Data/DataNotYetUploadedToEDI/Raw_CTD/RawDownloads/081919_fcr10.cnv
* Sea-Bird SBE19plus  Data File:
* FileName = C:\DATA\081919_fcr_0003.hex
* Software version 2.8.0.119 SB_Terminal.dll
* Temperature SN = 7809
* Conductivity SN = 7809
* System UpLoad Time = Aug 20 2019 10:48:44
* <ApplicationData>
* <Seaterm232>
# nquan = 16
# nvalues = 462                         
# units = specified
# name 0 = depFM: Depth [fresh water, m]
# name 1 = dz/dtM: Descent Rate [m/s]
# name 2 = sbeox0Mg/L: Oxygen, SBE 43 [mg/l]
# name 3 = sbeox0PS: Oxygen, SBE 43 [% saturation]
# name 4 = specc: Specific Conductance [uS/cm]
# name 5 = c0uS/cm: Conductivity [uS/cm]
# name 6 = flECO-AFL: Fluorescence, WET Labs ECO-AFL/FL [mg/m^3]
# name 7 = ph: pH
# name 8 = orp: Oxidation Reduction Potential [mV]
# name 9 = par/sat/log: PAR/Logarithmic, Satlantic
# name 10 = turbWETntu0: Turbidity, WET Labs ECO [NTU]
# name 11 = prdM: Pressure, Strain Gauge [db]
# name 12 = prdE: Pressure, Strain Gauge [psi]
# name 13 = tv290C: Temperature [ITS-90, deg C]
# name 14 = density00: Density [density, kg/m^3]
# name 15 = flag:  0.000e+00
# span 0 =     -0.560,      2.234       
# span 1 =     -0.089,      0.197       
# span 2 =     0.0408,    11.8926       
# span 3 =      0.480,    149.691       
# span 4 =      2.182,     58.984       
# span 5 =   2.324676,  57.126181       
# span 6 =    -0.9896,     5.7617       
# span 7 =      8.194,      9.062       
# span 8 =   171.2247,   459.5705       
# span 9 = 2.2419e+01, 2.1406e+03       
# span 10 =   -11.9882,    31.7540      
# span 11 =     -0.551,      2.191      
# span 12 =     -0.798,      3.178      
# span 13 =    23.3755,    28.3527      
# span 14 =   996.1418,   997.4851      
# span 15 = 0.0000e+00, 0.0000e+00      
# interval = seconds: 0.25
# start_time = Aug 19 2019 11:17:03 [Instrument's time stamp, header]
# bad_flag = -9.990e-29
*END*
     -0.560 6.3329e-07     7.1171     91.436      2.250   2.398924    -0.1559      8.701   459.5705 1.0410e+03    -0.5198     -0.549     -0.796    28.3527   996.1418 0.0000e+00
     -0.559      0.000     7.1246     91.502      2.296   2.447459    -0.0205      8.696   458.3353 1.0988e+03    -0.7898     -0.549     -0.796    28.3451   996.1440 0.0000e+00
     -0.559      0.000     7.1307     91.548      2.266   2.415115     1.4590      8.691   451.2494 1.2210e+03    -3.5731     -0.548     -0.795    28.3365   996.1466 0.0000e+00
     -0.559      0.001     7.1343     91.571      2.182   2.324676     4.1642      8.667   370.8839 1.3304e+03    -8.8063     -0.549     -0.796    28.3294   996.1485 0.0000e+00
     -0.560      0.004     7.1355     91.573      2.342   2.494507     5.6387      8.622   232.1739 1.3809e+03   -11.7276     -0.549     -0.798    28.3185   996.1516 0.0000e+00
     -0.560      0.012     7.1355     91.565      3.898   4.151704     5.7617      8.597   171.2247 1.4079e+03   -11.9882     -0.550     -0.797    28.2968   996.1579 0.0000e+00
     -0.560      0.027     7.1355     91.549      9.813  10.448175     5.6244      8.623   192.1749 1.4389e+03   -11.8263     -0.551     -0.798    28.2738   996.1644 0.0000e+00
     -0.556      0.051     7.1378     91.539     21.107  22.460046     3.9277      8.685   221.7701 1.4984e+03   -10.4913     -0.549     -0.796    28.2601   996.1684 0.0000e+00
     -0.546      0.082     7.1429     91.538     31.947  33.971571     0.8008      8.752   237.7290 1.5826e+03    -8.1360     -0.538     -0.780    28.2525   996.1706 0.0000e+00
     -0.526      0.116     7.1490     91.546     36.940  39.252487    -0.9023      8.802   241.4472 1.6602e+03    -6.7808     -0.523     -0.759    28.2479   996.1719 0.0000e+00
     -0.490      0.148     7.1552     91.556     37.898  40.240276    -0.9896      8.831   242.5491 1.7296e+03    -5.8060     -0.487     -0.707    28.2448   996.1738 0.0000e+00
     -0.438      0.174     7.1632     91.576     37.958  40.265148    -0.2453      8.843   241.5017 1.7700e+03     3.9127     -0.430     -0.623    28.2210   996.1847 0.0000e+00
     -0.381      0.191     7.1780     91.652     37.936  40.187987     1.1520      8.844   238.6778 1.5800e+03    21.7508     -0.374     -0.542    28.1690   996.2039 0.0000e+00
     -0.326      0.197     7.2030     91.824     37.949  40.132515     1.9205      8.844   227.0760 1.4098e+03    31.4287     -0.318     -0.462    28.1233   996.2181 0.0000e+00
     -0.273      0.190     7.2368     92.086     37.994  40.102196     2.0153      8.848   206.5380 1.6561e+03    31.7540     -0.266     -0.386    28.0862   996.2287 0.0000e+00
     -0.224      0.174     7.2765     92.425     38.041  40.075202     2.2459      8.855   194.0090 1.7238e+03    25.6842     -0.219     -0.319    28.0396   996.2423 0.0000e+00
     -0.179      0.158     7.3170     92.800     38.087  40.059946     2.6451      8.860   191.3114 1.3771e+03    14.4074     -0.171     -0.249    27.9703   996.2622 0.0000e+00
     -0.141      0.145     7.3546     93.175     38.117  40.044602     2.8548      8.863   190.1837 1.3156e+03     8.2415     -0.134     -0.194    27.8758   996.2891 0.0000e+00
     -0.113      0.134     7.3889     93.542     38.120  40.016569     2.8736      8.864   189.5800 1.5366e+03     7.6985     -0.110     -0.159    27.7683   996.3196 0.0000e+00
     -0.088      0.123     7.4198     93.885     38.101  39.974885     2.9681      8.864   189.1743 1.5470e+03     7.5786     -0.090     -0.129    27.6609   996.3500 0.0000e+00
     -0.057      0.109     7.4459     94.179     38.067  39.921469     3.1386      8.863   189.0633 1.2693e+03     7.3824     -0.059     -0.085    27.5739   996.3745 0.0000e+00
     -0.020      0.094     7.4638     94.367     38.042  39.878548     3.2271      8.861   189.1845 1.0195e+03     7.2597     -0.016     -0.023    27.5146   996.3913 0.0000e+00
      0.010      0.076     7.4673     94.370     38.020  39.836795     3.2326      8.861   189.2634 8.7518e+02     7.2094      0.014      0.021    27.4768   996.4020 0.0000e+00
      0.027      0.053     7.4598     94.238     37.999  39.797490     3.2214      8.860   189.2422 5.3074e+02     7.1674      0.029      0.043    27.4514   996.4091 0.0000e+00
      0.035      0.027     7.4643     94.273     37.995  39.784184     3.1617      8.859   189.2723 2.6537e+02     6.9479      0.039      0.057    27.4300   996.4151 0.0000e+00
      0.034      0.005     7.5128     94.887     38.012  39.802859     3.0659      8.856   189.4564 2.5237e+02     6.5549      0.036      0.051    27.4084   996.4211 0.0000e+00
      0.027     -0.009     7.6235     96.309     38.031  39.832845     3.0171      8.854   189.5755 2.5413e+02     6.3483      0.026      0.038    27.3830   996.4281 0.0000e+00
      0.017     -0.014     7.7923     98.478     38.012  39.829360     3.0048      8.852   189.5066 2.5525e+02     6.3183      0.015      0.024    27.3576   996.4353 0.0000e+00
      0.008     -0.013     8.0146    101.313     37.997  39.824220     2.9856      8.850   189.4842 2.5941e+02     6.3568      0.005      0.008    27.3425   996.4394 0.0000e+00
      0.005     -0.008     8.2807    104.682     38.005  39.834202     2.9766      8.849   189.6496 2.6104e+02     6.4527      0.002      0.003    27.3438   996.4390 0.0000e+00
      0.009     -0.006     8.5523    108.102     37.999  39.823096     2.9818      8.847   189.8716 2.5636e+02     6.4948      0.008      0.011    27.3605   996.4344 0.0000e+00
      0.014     -0.006     8.7813    110.979     37.999  39.816882     2.9876      8.845   190.0167 2.8031e+02     6.5050      0.014      0.021    27.3848   996.4276 0.0000e+00
      0.016     -0.009     8.9331    112.880     38.011  39.822548     3.0130      8.842   190.1998 5.7457e+02     6.5108      0.016      0.024    27.4035   996.4224 0.0000e+00
      0.013     -0.016     8.9910    113.593     38.023  39.828117     3.0634      8.836   190.3647 8.4083e+02     6.4989      0.015      0.021    27.4042   996.4222 0.0000e+00
      0.004     -0.023     8.9594    113.177     38.022  39.820720     3.0940      8.831   190.3752 5.7920e+02     6.5250      0.005      0.006    27.3931   996.4252 0.0000e+00
     -0.007     -0.028     8.8549    111.847     38.002  39.796584     3.1053      8.827   190.3276 2.9975e+02     6.5639     -0.008     -0.012    27.3844   996.4277 0.0000e+00
     -0.017     -0.029     8.6947    109.822     37.997  39.790214     3.1053      8.824   190.3053 2.8900e+02     6.5437     -0.017     -0.024    27.3766   996.4298 0.0000e+00
     -0.025     -0.029     8.5017    107.388     38.012  39.807176     3.0768      8.822   190.4491 3.9193e+02     6.4774     -0.025     -0.037    27.3673   996.4323 0.0000e+00
     -0.030     -0.027     8.3098    104.971     38.013  39.811224     3.0464      8.818   190.8619 5.0377e+02     6.4505     -0.031     -0.044    27.3577   996.4350 0.0000e+00
     -0.035     -0.022     8.1452    102.898     37.977  39.775683     3.0504      8.812   191.2526 5.1622e+02     6.4804     -0.033     -0.047    27.3513   996.4368 0.0000e+00
     -0.041     -0.016     8.0150    101.258     37.958  39.758353     3.1244      8.806   191.3015 8.5264e+02     6.4457     -0.039     -0.057    27.3513   996.4367 0.0000e+00
     -0.050     -0.008     7.9218    100.088     37.987  39.792135     3.2387      8.802   191.2810 1.5052e+03     6.3263     -0.052     -0.074    27.3544   996.4358 0.0000e+00
     -0.053     -0.000     7.8696     99.439     37.993  39.803254     3.2880      8.802   191.3487 1.8262e+03     6.2490     -0.055     -0.079    27.3583   996.4347 0.0000e+00
     -0.049      0.008     7.8504     99.208     37.953  39.765824     3.2781      8.804   191.3455 1.7959e+03     6.2649     -0.049     -0.070    27.3617   996.4338 0.0000e+00
     -0.043      0.016     7.8437     99.133     37.905  39.720469     3.2060      8.807   191.2421 1.6119e+03     6.3543     -0.042     -0.061    27.3644   996.4330 0.0000e+00
     -0.037      0.021     7.8302     98.971     37.881  39.699254     3.0748      8.809   191.1316 1.3869e+03     6.4775     -0.036     -0.052    27.3681   996.4321 0.0000e+00
     -0.030      0.023     7.8085     98.704     37.879  39.699765     3.0008      8.813   191.2140 1.4359e+03     6.5420     -0.029     -0.042    27.3742   996.4304 0.0000e+00
     -0.022      0.022     7.8059     98.676     37.904  39.726657     2.9883      8.816   191.3783 1.6650e+03     6.5123     -0.022     -0.032    27.3815   996.4284 0.0000e+00
     -0.016      0.019     7.8524     99.266     37.944  39.770487     2.9931      8.819   191.4838 1.7873e+03     6.4783     -0.015     -0.022    27.3878   996.4266 0.0000e+00
     -0.012      0.015     7.9453    100.439     37.959  39.785328     3.0583      8.823   191.6287 1.8147e+03     6.4915     -0.011     -0.016    27.3926   996.4253 0.0000e+00
     -0.009      0.011     8.0593    101.878     37.954  39.779136     3.1700      8.827   191.7539 1.8184e+03     6.5089     -0.008     -0.012    27.3968   996.4242 0.0000e+00
     -0.007      0.007     8.1723    103.298     37.938  39.759104     3.2246      8.830   191.7919 1.8152e+03     6.4912     -0.006     -0.009    27.3991   996.4236 0.0000e+00
     -0.007      0.003     8.2657    104.467     37.919  39.733562     3.2242      8.831   191.8306 1.8112e+03     6.4738     -0.006     -0.009    27.3997   996.4234 0.0000e+00
     -0.007      0.001     8.3286    105.246     37.916  39.724223     3.2427      8.834   191.9638 1.8112e+03     6.4305     -0.006     -0.009    27.3995   996.4234 0.0000e+00
     -0.007      0.000     8.3663    105.702     37.910  39.709658     3.2754      8.836   192.1974 1.8152e+03     6.3275     -0.007     -0.010    27.3982   996.4238 0.0000e+00
     -0.007 2.2689e-08     8.3946    106.036     37.895  39.684408     3.2905      8.838   192.3320 1.8181e+03     6.2774     -0.006     -0.009    27.3949   996.4247 0.0000e+00
     -0.007 2.4958e-07     8.4281    106.437     37.891  39.672841     3.2868      8.840   192.3866 1.8159e+03     6.2838     -0.006     -0.009    27.3879   996.4266 0.0000e+00
     -0.007 2.4930e-07     8.4756    107.018     37.921  39.696756     3.2734      8.842   192.5142 1.8123e+03     6.3396     -0.007     -0.011    27.3791   996.4291 0.0000e+00
     -0.007 1.9285e-08     8.5401    107.816     37.950  39.719622     3.2675      8.843   192.5837 1.8119e+03     6.4594     -0.007     -0.010    27.3685   996.4320 0.0000e+00
     -0.007 -3.541e-08     8.6166    108.766     37.932  39.695373     3.2765      8.844   192.6254 1.8131e+03     6.5526     -0.006     -0.009    27.3547   996.4359 0.0000e+00
     -0.006 -4.102e-07     8.6951    109.744     37.900  39.657485     3.2878      8.846   192.7599 1.8134e+03     6.6153     -0.006     -0.009    27.3423   996.4393 0.0000e+00
     -0.006      0.000     8.7679    110.653     37.890  39.642395     3.3085      8.847   193.0055 1.8143e+03     6.6278     -0.006     -0.008    27.3336   996.4418 0.0000e+00
     -0.006      0.000     8.8307    111.438     37.890  39.639878     3.3350      8.849   193.2725 1.8166e+03     6.5719     -0.006     -0.009    27.3251   996.4441 0.0000e+00
     -0.006     -0.001     8.8793    112.044     37.880  39.627058     3.3483      8.850   193.4065 1.8173e+03     6.5290     -0.006     -0.009    27.3169   996.4465 0.0000e+00
     -0.006     -0.001     8.9101    112.429     37.870  39.614341     3.3565      8.851   193.4209 1.8150e+03     6.5359     -0.006     -0.008    27.3104   996.4483 0.0000e+00
     -0.007     -0.001     8.9232    112.590     37.870  39.613072     3.3915      8.853   193.4468 1.8130e+03     6.4917     -0.007     -0.010    27.3050   996.4497 0.0000e+00
     -0.008     -0.002     8.9205    112.553     37.870  39.611717     3.4498      8.854   193.5469 1.8134e+03     6.3542     -0.008     -0.012    27.3013   996.4507 0.0000e+00
     -0.008     -0.003     8.9038    112.342     37.857  39.597962     3.4803      8.856   193.6845 1.8146e+03     6.2832     -0.008     -0.012    27.2985   996.4515 0.0000e+00
     -0.008     -0.005     8.8732    111.957     37.833  39.573724     3.4746      8.856   193.9059 1.8150e+03     6.2883     -0.008     -0.011    27.2959   996.4522 0.0000e+00
     -0.009     -0.007     8.8319    111.439     37.831  39.572572     3.4671      8.855   194.1596 1.8145e+03     6.2847     -0.008     -0.012    27.2942   996.4526 0.0000e+00
     -0.011     -0.007     8.7887    110.898     37.840  39.584027     3.4855      8.854   194.3421 1.8129e+03     6.3052     -0.009     -0.014    27.2926   996.4532 0.0000e+00
     -0.016     -0.007     8.7494    110.406     37.840  39.585274     3.5236      8.854   194.4784 1.8096e+03     6.3070     -0.015     -0.022    27.2919   996.4534 0.0000e+00
     -0.020     -0.006     8.7096    109.912     37.840  39.587658     3.5381      8.855   194.6027 1.8065e+03     6.2740     -0.020     -0.031    27.2934   996.4528 0.0000e+00
     -0.021     -0.005     8.6574    109.266     37.860  39.612849     3.5307      8.857   194.7268 1.8050e+03     6.2669     -0.021     -0.030    27.2951   996.4524 0.0000e+00
     -0.020     -0.003     8.5833    108.341     37.878  39.635944     3.5470      8.858   194.7744 1.8064e+03     6.3191     -0.019     -0.028    27.2962   996.4522 0.0000e+00
     -0.018     -0.001     8.4897    107.165     37.853  39.612984     3.5792      8.858   194.7479 1.8088e+03     6.4135     -0.017     -0.025    27.2980   996.4516 0.0000e+00
     -0.018      0.001     8.3884    105.889     37.830  39.589155     3.5898      8.859   194.8364 1.8103e+03     6.4584     -0.017     -0.024    27.3024   996.4504 0.0000e+00
     -0.019      0.001     8.2924    104.678     37.841  39.601756     3.5977      8.861   195.0704 1.8115e+03     6.4686     -0.019     -0.027    27.3095   996.4484 0.0000e+00
     -0.020      0.001     8.2078    103.611     37.876  39.638387     3.6829      8.862   195.2542 1.8134e+03     6.5363     -0.020     -0.029    27.3157   996.4467 0.0000e+00
     -0.019      0.002     8.1362    102.709     37.887  39.651168     3.8313      8.864   195.3374 1.8173e+03     6.6542     -0.020     -0.029    27.3184   996.4460 0.0000e+00
     -0.018      0.002     8.0821    102.029     37.865  39.629342     3.9088      8.864   195.3880 1.8202e+03     6.7474     -0.018     -0.026    27.3189   996.4458 0.0000e+00
     -0.017      0.002     8.0438    101.551     37.863  39.628407     3.9010      8.864   195.4361 1.8188e+03     6.7785     -0.017     -0.024    27.3191   996.4457 0.0000e+00
     -0.016      0.002     8.0133    101.169     37.872  39.639865     3.8320      8.864   195.5756 1.8148e+03     6.7677     -0.016     -0.023    27.3197   996.4456 0.0000e+00
     -0.015      0.002     7.9826    100.787     37.871  39.640915     3.7164      8.864   195.7832 1.8103e+03     6.7472     -0.014     -0.021    27.3206   996.4454 0.0000e+00
     -0.015      0.001     7.9436    100.297     37.871  39.641113     3.6572      8.864   195.8817 1.8054e+03     6.7281     -0.014     -0.021    27.3224   996.4448 0.0000e+00
     -0.016      0.000     7.8921     99.648     37.871  39.642267     3.6625      8.865   195.9063 1.8007e+03     6.7330     -0.016     -0.023    27.3250   996.4441 0.0000e+00
     -0.016 2.0641e-08     7.8307     98.874     37.882  39.654869     3.7187      8.867   195.9940 1.7993e+03     6.7077     -0.016     -0.023    27.3276   996.4434 0.0000e+00
     -0.016 2.2705e-07     7.7624     98.014     37.892  39.666514     3.8253      8.869   196.0820 1.8019e+03     6.6193     -0.015     -0.022    27.3298   996.4428 0.0000e+00
     -0.016 2.6086e-07     7.6871     97.066     37.881  39.656106     3.8935      8.869   196.1103 1.8039e+03     6.5817     -0.015     -0.021    27.3315   996.4423 0.0000e+00
     -0.016 4.2940e-07     7.6061     96.045     37.880  39.655991     3.9101      8.870   196.1638 1.8026e+03     6.5812     -0.015     -0.022    27.3327   996.4420 0.0000e+00
