Data/DataNotYetUploadedToEDI/Raw_CTD/RawDownloads/081919_fcr10.cnv
* Sea-Bird SBE19plus  Data File:
* FileName = C:\DATA\081919_fcr_0003.hex
* Software version 2.8.0.119 SB_Terminal.dll
* Temperature SN = 7809
* Conductivity SN = 7809
* System UpLoad Time = Aug 20 2019 10:48:44
* <ApplicationData>
* <Seaterm232>
# nquan = 16
# nvalues = 462                         
# units = specified
# name 0 = depFM: Depth [fresh water, m]
# name 1 = dz/dtM: Descent Rate [m/s]
# name 2 = sbeox0Mg/L: Oxygen, SBE 43 [mg/l]
# name 3 = sbeox0PS: Oxygen, SBE 43 [% saturation]
# name 4 = specc: Specific Conductance [uS/cm]
# name 5 = c0uS/cm: Conductivity [uS/cm]
# name 6 = flECO-AFL: Fluorescence, WET Labs ECO-AFL/FL [mg/m^3]
# name 7 = ph: pH
# name 8 = orp: Oxidation Reduction Potential [mV]
# name 9 = par/sat/log: PAR/Logarithmic, Satlantic
# name 10 = turbWETntu0: Turbidity, WET Labs ECO [NTU]
# name 11 = prdM: Pressure, Strain Gauge [db]
# name 12 = prdE: Pressure, Strain Gauge [psi]
# name 13 = tv290C: Temperature [ITS-90, deg C]
# name 14 = density00: Density [density, kg/m^3]
# name 15 = flag:  0.000e+00
# span 0 =     -0.560,      2.234       
# span 1 =     -0.089,      0.197       
# span 2 =     0.0408,    11.8926       
# span 3 =      0.480,    149.691       
# span 4 =      2.182,     58.984       
# span 5 =   2.324676,  57.126181       
# span 6 =    -0.9896,     5.7617       
# span 7 =      8.194,      9.062       
# span 8 =   171.2247,   459.5705       
# span 9 = 2.2419e+01, 2.1406e+03       
# span 10 =   -11.9882,    31.7540      
# span 11 =     -0.551,      2.191      
# span 12 =     -0.798,      3.178      
# span 13 =    23.3755,    28.3527      
# span 14 =   996.1418,   997.4851      
# span 15 = 0.0000e+00, 0.0000e+00      
# interval = seconds: 0.25
# start_time = Aug 19 2019 11:17:03 [Instrument's time stamp, header]
# bad_flag = -9.990e-29
*END*
[from data line 272]
      0.036      0.033    10.7967    135.658     38.185  39.763035     4.5376      9.043   243.4345 1.4772e+03     6.7265      0.034      0.051    27.0865   996.5104 0.0000e+00
      0.040      0.043    10.7984    135.659     38.132  39.701127     4.6140      9.042   237.7202 1.4947e+03     6.7094      0.037      0.054    27.0807   996.5121 0.0000e+00
      0.050      0.058    10.8046    135.711     38.057  39.614084     4.6260      9.040   224.6746 1.4318e+03     6.7099      0.046      0.067    27.0748   996.5137 0.0000e+00
      0.067      0.076    10.8176    135.836     37.993  39.535854     4.5701      9.041   215.7929 1.4643e+03     6.7661      0.065      0.094    27.0670   996.5160 0.0000e+00
      0.088      0.091    10.8269    135.907     37.988  39.517009     4.4589      9.046   213.6190 1.5192e+03     6.8646      0.084      0.121    27.0594   996.5182 0.0000e+00
      0.117      0.103    10.8212    135.799     37.995  39.513162     4.3993      9.050   212.4998 1.2741e+03     6.9175      0.111      0.161    27.0517   996.5203 0.0000e+00
      0.153      0.109    10.7906    135.398     37.977  39.489324     4.4042      9.054   211.6384 9.4410e+02     6.9467      0.152      0.222    27.0414   996.5233 0.0000e+00
      0.186      0.111    10.7430    134.798     37.972  39.482700     4.5009      9.056   210.9482 8.3363e+02     7.0210      0.186      0.269    27.0258   996.5278 0.0000e+00
      0.211      0.111    10.6927    134.164     37.925  39.433068     4.6844      9.059   210.6077 9.3233e+02     7.1277      0.206      0.299    27.0046   996.5337 0.0000e+00
      0.235      0.106    10.6406    133.486     37.776  39.270112     4.7846      9.061   210.6188 1.0309e+03     7.1887      0.229      0.333    26.9874   996.5385 0.0000e+00
      0.261      0.099    10.5873    132.767     37.627  39.099402     4.7848      9.061   210.6518 9.3729e+02     7.1679      0.256      0.372    26.9819   996.5402 0.0000e+00
      0.289      0.091    10.5357    132.062     37.568  39.019487     4.7819      9.062   210.6633 8.1604e+02     7.0077      0.284      0.412    26.9823   996.5402 0.0000e+00
      0.315      0.082    10.4799    131.321     37.564  39.002117     4.7844      9.062   210.8433 7.7595e+02     6.7270      0.310      0.449    26.9844   996.5398 0.0000e+00
      0.337      0.071    10.4058    130.367     37.586  39.016317     4.7895      9.062   211.1075 7.4930e+02     6.5590      0.333      0.482    26.9763   996.5420 0.0000e+00
      0.352      0.059    10.3033    129.070     37.635  39.064211     4.7909      9.060   211.3630 7.2815e+02     6.5500      0.347      0.503    26.9499   996.5492 0.0000e+00
      0.362      0.047    10.1797    127.521     37.705  39.136830     4.7836      9.057   211.6095 7.2969e+02     6.5520      0.354      0.514    26.9230   996.5567 0.0000e+00
      0.372      0.036    10.0586    126.016     37.759  39.196069     4.7966      9.055   211.6795 7.2744e+02     6.5825      0.364      0.528    26.9053   996.5616 0.0000e+00
      0.380      0.025     9.9628    124.831     37.767  39.209149     4.8357      9.053   211.5200 6.9764e+02     6.6570      0.374      0.542    26.8952   996.5644 0.0000e+00
      0.386      0.012     9.9054    124.127     37.783  39.231516     4.8584      9.053   211.4011 6.5023e+02     6.6989      0.379      0.549    26.8904   996.5657 0.0000e+00
      0.390      0.001     9.8939    123.998     37.822  39.276073     4.8457      9.053   211.6195 6.4924e+02     6.7288      0.384      0.557    26.8894   996.5660 0.0000e+00
      0.390     -0.004     9.9268    124.426     37.782  39.240050     4.7769      9.052   212.1820 6.9703e+02     6.6912      0.385      0.558    26.8956   996.5644 0.0000e+00
      0.383     -0.001     9.9935    125.268     37.718  39.176857     4.6770      9.048   213.0397 6.9658e+02     6.5720      0.378      0.548    26.9038   996.5620 0.0000e+00
      0.372      0.012    10.0787    126.328     37.692  39.146820     4.6353      9.041   213.9023 6.5994e+02     6.4998      0.363      0.527    26.9101   996.5602 0.0000e+00
      0.366      0.034    10.1618    127.358     37.619  39.067305     4.6363      9.034   214.2659 6.3234e+02     6.5066      0.353      0.512    26.9158   996.5587 0.0000e+00
      0.375      0.059    10.2232    128.112     37.537  38.977187     4.6714      9.031   214.4245 6.2950e+02     6.6873      0.364      0.528    26.9256   996.5560 0.0000e+00
      0.400      0.084    10.2574    128.513     37.515  38.945912     4.7477      9.030   214.7008 6.4505e+02     7.0134      0.388      0.562    26.9309   996.5547 0.0000e+00
      0.436      0.103    10.2643    128.566     37.523  38.943071     4.7869      9.030   214.9396 6.1018e+02     7.2053      0.426      0.620    26.9233   996.5570 0.0000e+00
      0.476      0.112    10.2408    128.246     37.531  38.942814     4.7909      9.030   215.1614 5.3976e+02     7.2047      0.471      0.684    26.9178   996.5586 0.0000e+00
      0.507      0.109    10.1907    127.599     37.538  38.942790     4.8478      9.029   215.4034 4.8440e+02     7.1041      0.498      0.722    26.9138   996.5598 0.0000e+00
      0.533      0.099    10.1293    126.813     37.543  38.942778     4.9629      9.029   215.5422 4.4515e+02     7.0047      0.523      0.760    26.9011   996.5634 0.0000e+00
      0.555      0.085    10.0748    126.116     37.547  38.942661     5.0294      9.029   215.5492 4.2750e+02     6.9867      0.547      0.792    26.8839   996.5682 0.0000e+00
      0.574      0.073    10.0364    125.625     37.550  38.941365     5.0286      9.030   215.7461 4.1577e+02     6.9844      0.563      0.817    26.8719   996.5716 0.0000e+00
      0.591      0.066    10.0150    125.347     37.540  38.927097     5.0138      9.031   216.2018 3.9870e+02     6.9111      0.581      0.843    26.8652   996.5735 0.0000e+00
      0.605      0.063    10.0050    125.211     37.514  38.897103     4.9888      9.028   216.7568 3.8342e+02     6.7883      0.595      0.862    26.8571   996.5757 0.0000e+00
      0.616      0.065    10.0008    125.147     37.456  38.832625     4.9686      9.022   217.3803 3.6785e+02     6.7451      0.603      0.876    26.8508   996.5775 0.0000e+00
      0.629      0.073    10.0021    125.146     37.351  38.718805     4.9602      9.015   217.8896 3.4950e+02     6.7501      0.616      0.893    26.8465   996.5787 0.0000e+00
      0.646      0.083    10.0074    125.185     37.245  38.600038     4.9575      9.009   218.2695 3.3452e+02     6.7176      0.631      0.916    26.8414   996.5802 0.0000e+00
      0.668      0.090    10.0100    125.165     37.203  38.539212     4.9614      9.006   218.5318 3.2027e+02     6.7455      0.652      0.946    26.8371   996.5815 0.0000e+00
      0.698      0.094     9.9972    124.927     37.243  38.554641     4.9640      9.004   218.6524 3.0049e+02     6.8573      0.683      0.990    26.8331   996.5827 0.0000e+00
      0.732      0.094     9.9507    124.273     37.307  38.596110     4.9632      9.002   218.7813 2.8391e+02     6.9552      0.719      1.045    26.8256   996.5849 0.0000e+00
      0.759      0.090     9.8502    122.973     37.384  38.659705     4.9683      8.999   219.0576 2.7347e+02     6.9792      0.747      1.085    26.8163   996.5876 0.0000e+00
      0.778      0.083     9.6933    120.977     37.485  38.752230     5.0089      8.994   219.4985 2.6439e+02     6.9510      0.764      1.108    26.7956   996.5933 0.0000e+00
      0.793      0.073     9.5053    118.582     37.573  38.826114     5.0721      8.987   219.8959 2.5584e+02     6.9420      0.776      1.127    26.7529   996.6050 0.0000e+00
      0.808      0.064     9.3143    116.146     37.619  38.854738     5.0919      8.979   220.1624 2.4635e+02     6.9351      0.791      1.148    26.7148   996.6154 0.0000e+00
      0.825      0.059     9.1316    113.828     37.623  38.844376     5.0833      8.972   220.3974 2.3609e+02     6.9001      0.809      1.174    26.7000   996.6196 0.0000e+00
      0.841      0.056     8.9580    111.643     37.615  38.827760     5.0811      8.964   220.6726 2.2733e+02     6.7817      0.825      1.197    26.6878   996.6229 0.0000e+00
      0.855      0.055     8.7977    109.634     37.574  38.780785     5.0644      8.954   221.0802 2.2024e+02     6.5857      0.839      1.217    26.6620   996.6301 0.0000e+00
      0.867      0.056     8.6644    107.960     37.459  38.657263     5.0383      8.943   221.6263 2.1504e+02     6.4965      0.851      1.235    26.6335   996.6379 0.0000e+00
      0.877      0.059     8.5706    106.772     37.352  38.540350     5.0251      8.930   222.1134 2.0964e+02     6.5223      0.860      1.247    26.6134   996.6433 0.0000e+00
      0.891      0.063     8.5181    106.099     37.330  38.509790     5.0524      8.917   222.4104 2.0180e+02     6.7013      0.872      1.264    26.6037   996.6461 0.0000e+00
      0.910      0.067     8.5078    105.955     37.305  38.478192     5.1086      8.904   222.5490 1.9340e+02     7.0221      0.891      1.292    26.6010   996.6469 0.0000e+00
      0.931      0.070     8.5463    106.414     37.248  38.412199     5.1406      8.893   222.7568 1.8547e+02     7.1883      0.913      1.324    26.5955   996.6484 0.0000e+00
      0.952      0.071     8.6323    107.449     37.260  38.410114     5.1444      8.883   223.8040 1.7852e+02     7.1709      0.934      1.355    26.5838   996.6517 0.0000e+00
      0.970      0.069     8.7487    108.846     37.382  38.516445     5.1027      8.877   225.8322 1.7303e+02     7.0406      0.953      1.382    26.5722   996.6549 0.0000e+00
      0.987      0.066     8.8758    110.375     37.624  38.745642     5.0179      8.872   227.6625 1.6838e+02     6.8259      0.968      1.404    26.5661   996.6567 0.0000e+00
      1.002      0.062     8.9931    111.790     37.910  39.023008     4.9685      8.868   228.6404 1.6392e+02     6.7054      0.983      1.426    26.5601   996.6583 0.0000e+00
      1.016      0.060     9.0709    112.719     38.099  39.203914     4.9647      8.863   229.1387 1.5953e+02     6.6982      0.996      1.447    26.5406   996.6636 0.0000e+00
      1.031      0.059     9.0805    112.804     38.189  39.282484     4.9637      8.858   229.3852 1.5511e+02     6.7061      1.010      1.466    26.5097   996.6721 0.0000e+00
      1.046      0.058     9.0109    111.905     38.255  39.338164     4.9486      8.853   229.5553 1.5045e+02     6.7676      1.025      1.487    26.4821   996.6797 0.0000e+00
      1.062      0.056     8.8718    110.143     38.360  39.432753     4.9294      8.848   229.9912 1.4583e+02     6.8841      1.041      1.510    26.4605   996.6857 0.0000e+00
      1.078      0.054     8.6929    107.886     38.476  39.537404     4.9214      8.841   230.5267 1.4185e+02     6.9682      1.059      1.536    26.4431   996.6905 0.0000e+00
      1.091      0.053     8.5099    105.570     38.542  39.587774     4.9133      8.833   230.7808 1.3900e+02     6.9977      1.071      1.554    26.4261   996.6952 0.0000e+00
      1.102      0.053     8.3427    103.442     38.635  39.660864     4.9175      8.824   230.9128 1.3653e+02     6.9788      1.080      1.567    26.4085   996.7000 0.0000e+00
      1.113      0.054     8.1972    101.574     38.784  39.786274     4.9463      8.815   231.0042 1.3382e+02     6.9373      1.092      1.583    26.3929   996.7043 0.0000e+00
      1.126      0.056     8.0775    100.018     38.799  39.770938     4.9758      8.805   231.0250 1.3100e+02     6.9213      1.104      1.602    26.3751   996.7092 0.0000e+00
      1.141      0.061     7.9824     98.762     38.605  39.538874     4.9874      8.795   231.2510 1.2806e+02     6.9498      1.119      1.624    26.3517   996.7155 0.0000e+00
      1.157      0.065     7.9043     97.713     38.374  39.265679     4.9650      8.785   231.5852 1.2501e+02     7.0192      1.135      1.646    26.3240   996.7231 0.0000e+00
      1.175      0.066     7.8335     96.755     38.219  39.070412     4.9307      8.777   231.7966 1.2146e+02     7.1040      1.151      1.671    26.2885   996.7328 0.0000e+00
      1.195      0.065     7.7641     95.827     38.074  38.891825     4.9199      8.770   231.9151 1.1758e+02     7.1564      1.173      1.702    26.2469   996.7441 0.0000e+00
      1.215      0.063     7.7026     95.013     37.903  38.693339     4.9204      8.764   232.0707 1.1443e+02     7.1943      1.193      1.731    26.2039   996.7556 0.0000e+00
      1.230      0.060     7.6603     94.446     37.806  38.574855     4.9550      8.758   232.4736 1.1199e+02     7.2339      1.206      1.751    26.1557   996.7685 0.0000e+00
      1.242      0.057     7.6440     94.206     37.787  38.538357     5.0355      8.752   233.0007 1.0932e+02     7.2093      1.217      1.766    26.1062   996.7817 0.0000e+00
      1.254      0.054     7.6571     94.329     37.772  38.505925     5.0866      8.744   233.3674 1.0630e+02     7.1594      1.229      1.783    26.0643   996.7929 0.0000e+00
      1.268      0.052     7.6974     94.783     37.785  38.500093     5.0876      8.738   233.6373 1.0345e+02     7.1551      1.243      1.803    26.0336   996.8010 0.0000e+00
      1.282      0.050     7.7574     95.478     37.834  38.531286     5.0561      8.732   233.8553 1.0066e+02     7.1567      1.256      1.822    26.0093   996.8075 0.0000e+00
      1.296      0.048     7.8267     96.297     37.882  38.565661     4.9998      8.726   234.1103 9.7981e+01     7.1797      1.271      1.844    25.9882   996.8131 0.0000e+00
      1.309      0.046     7.8941     97.096     37.927  38.598306     4.9706      8.721   234.6555 9.6046e+01     7.2036      1.285      1.864    25.9668   996.8189 0.0000e+00
      1.319      0.046     7.9518     97.771     38.015  38.672057     4.9712      8.715   235.3718 9.4591e+01     7.1831      1.294      1.877    25.9397   996.8261 0.0000e+00
      1.328      0.046     7.9932     98.253     38.111  38.759097     4.9727      8.708   235.8868 9.3099e+01     7.0953      1.302      1.888    25.9124   996.8334 0.0000e+00
      1.338      0.047     8.0128     98.501     38.110  38.761977     5.0071      8.701   236.0646 9.1449e+01     6.9284      1.312      1.902    25.8943   996.8383 0.0000e+00
      1.350      0.049     8.0134     98.548     38.040  38.706890     5.0661      8.694   236.0592 8.9463e+01     6.8046      1.323      1.920    25.8801   996.8420 0.0000e+00
      1.365      0.052     8.0009     98.434     38.044  38.727865     5.0879      8.687   236.0793 8.7402e+01     6.7449      1.338      1.941    25.8579   996.8480 0.0000e+00
      1.379      0.055     7.9794     98.179     38.198  38.888645     5.0796      8.680   236.2208 8.5579e+01     6.6979      1.354      1.963    25.8349   996.8542 0.0000e+00
      1.393      0.055     7.9561     97.866     38.444  39.127377     5.0603      8.673   236.4807 8.3686e+01     6.7610      1.366      1.982    25.8414   996.8526 0.0000e+00
      1.408      0.053     7.9297     97.515     38.654  39.329064     5.0370      8.668   236.7258 8.1435e+01     6.9190      1.379      2.001    25.8701   996.8451 0.0000e+00
      1.424      0.049     7.8864     96.962     38.754  39.422814     5.0324      8.663   236.9478 7.9425e+01     7.0023      1.398      2.027    25.8987   996.8375 0.0000e+00
      1.438      0.044     7.8118     96.007     38.784  39.435640     5.0305      8.658   237.2722 7.8032e+01     6.9813      1.413      2.048    25.9087   996.8350 0.0000e+00
      1.448      0.040     7.6983     94.547     38.736  39.357158     4.9796      8.655   237.6365 7.6829e+01     6.8946      1.420      2.059    25.8814   996.8424 0.0000e+00
      1.455      0.038     7.5509     92.667     38.585  39.172134     4.8938      8.653   238.0826 7.5772e+01     6.8053      1.427      2.069    25.8630   996.8473 0.0000e+00
