Data/DataNotYetUploadedToEDI/Raw_CTD/RawDownloads/081919_fcr20.cnv
* Sea-Bird SBE19plus  Data File:
* FileName = C:\DATA\081919_fcr_0004.hex
* Software version 2.8.0.119 SB_Terminal.dll
* Temperature SN = 7809
* Conductivity SN = 7809
* System UpLoad Time = Aug 20 2019 10:49:01
* <ApplicationData>
* <Seaterm232>
# nquan = 16
# nvalues = 537                         
# units = specified
# name 0 = depFM: Depth [fresh water, m]
# name 1 = dz/dtM: Descent Rate [m/s]
# name 2 = sbeox0Mg/L: Oxygen, SBE 43 [mg/l]
# name 3 = sbeox0PS: Oxygen, SBE 43 [% saturation]
# name 4 = specc: Specific Conductance [uS/cm]
# name 5 = c0uS/cm: Conductivity [uS/cm]
# name 6 = flECO-AFL: Fluorescence, WET Labs ECO-AFL/FL [mg/m^3]
# name 7 = ph: pH
# name 8 = orp: Oxidation Reduction Potential [mV]
# name 9 = par/sat/log: PAR/Logarithmic, Satlantic
# name 10 = turbWETntu0: Turbidity, WET Labs ECO [NTU]
# name 11 = prdM: Pressure, Strain Gauge [db]
# name 12 = prdE: Pressure, Strain Gauge [psi]
# name 13 = tv290C: Temperature [ITS-90, deg C]
# name 14 = density00: Density [density, kg/m^3]
# name 15 = flag:  0.000e+00
# span 0 =     -0.563,      3.189       
# span 1 =     -0.008,      0.110       
# span 2 =     0.0649,    11.6345       
# span 3 =      0.759,    146.476       
# span 4 =      1.370,     89.317       
# span 5 =   1.415311,  78.506989       
# span 6 =    -2.0216,   243.5239       
# span 7 =      7.527,      9.208       
# span 8 =   -22.3892,   440.9706       
# span 9 = 7.3253e+00, 2.6119e+03       
# span 10 =    -4.8949,   893.8386      
# span 11 =     -0.553,      3.128      
# span 12 =     -0.801,      4.537      
# span 13 =    18.9264,    28.2540      
# span 14 =   996.1812,   998.4699      
# span 15 = 0.0000e+00, 0.0000e+00      
# interval = seconds: 0.25
# start_time = Aug 19 2019 11:33:21 [Instrument's time stamp, header]
# bad_flag = -9.990e-29
*END*
[from data line 452]
      2.402      0.046     0.1967      2.272     50.109  47.608654     4.9137      8.398   234.5571 2.3266e+01     3.0131      2.356      3.417    22.7445   997.6329 0.0000e+00
      2.410      0.041     0.1985      2.291     51.189  48.594840     5.4748      8.388   234.6238 2.3057e+01     2.9330      2.364      3.428    22.6685   997.6505 0.0000e+00
      2.416      0.039     0.1990      2.295     52.194  49.507833     5.7946      8.378   234.6578 2.2899e+01     2.8850      2.369      3.436    22.6009   997.6664 0.0000e+00
      2.423      0.041     0.1991      2.294     52.777  50.009987     6.0241      8.369   234.6247 2.2647e+01     2.8918      2.375      3.445    22.5420   997.6802 0.0000e+00
      2.433      0.045     0.1975      2.273     53.071  50.220340     8.2754      8.361   234.5680 2.2278e+01     3.0158      2.385      3.459    22.4973   997.6907 0.0000e+00
      2.446      0.050     0.1935      2.223     53.284  50.336192    12.4068      8.353   234.4888 2.1865e+01     3.2046      2.398      3.478    22.4624   997.6995 0.0000e+00
      2.461      0.053     0.1889      2.167     53.513  50.457887    14.6550      8.344   234.4409 2.1420e+01     3.3066      2.413      3.499    22.4250   997.7085 0.0000e+00
      2.478      0.054     0.1842      2.109     53.706  50.548316    14.8153      8.335   234.2474 2.0995e+01     3.3312      2.431      3.525    22.3796   997.7193 0.0000e+00
      2.494      0.052     0.1787      2.044     53.782  50.540192    14.4498      8.325   233.5259 2.0652e+01     3.2730      2.447      3.549    22.3161   997.7340 0.0000e+00
      2.507      0.048     0.1740      1.988     53.728  50.423068    13.7552      8.315   231.9981 2.0381e+01     3.1598      2.460      3.568    22.2313   997.7535 0.0000e+00
      2.518      0.046     0.1713      1.956     53.496  50.148352    13.3959      8.304   229.9710 2.0150e+01     3.1089      2.470      3.583    22.1378   997.7751 0.0000e+00
      2.526      0.046     0.1698      1.936     53.142  49.759165    13.5814      8.294   228.2028 1.9915e+01     3.1166      2.477      3.593    22.0510   997.7949 0.0000e+00
      2.535      0.047     0.1687      1.920     52.827  49.401222    15.9122      8.286   226.7084 1.9608e+01     3.2197      2.484      3.604    21.9768   997.8119 0.0000e+00
      2.548      0.049     0.1670      1.899     52.470  48.996101    20.1886      8.277   225.1529 1.9222e+01     3.4386      2.497      3.622    21.9163   997.8256 0.0000e+00
      2.564      0.052     0.1657      1.881     52.069  48.544472    22.5279      8.266   223.6789 1.8837e+01     3.5998      2.514      3.646    21.8656   997.8370 0.0000e+00
      2.579      0.053     0.1650      1.870     52.050  48.449795    22.7642      8.256   222.4803 1.8502e+01     3.5959      2.530      3.669    21.8152   997.8483 0.0000e+00
      2.593      0.052     0.1630      1.845     52.443  48.740428    23.0112      8.246   220.6411 1.8222e+01     3.5227      2.543      3.689    21.7554   997.8617 0.0000e+00
      2.606      0.048     0.1598      1.806     52.810  49.009883    23.4246      8.236   217.1860 1.7963e+01     3.5017      2.556      3.707    21.6851   997.8775 0.0000e+00
      2.618      0.043     0.1582      1.786     53.045  49.167202    23.6444      8.226   212.9695 1.7695e+01     3.5380      2.568      3.724    21.6104   997.8940 0.0000e+00
      2.629      0.039     0.1577      1.779     53.318  49.372231    23.6568      8.218   208.4642 1.7464e+01     3.5687      2.579      3.742    21.5356   997.9106 0.0000e+00
      2.638      0.038     0.1563      1.762     53.729  49.710448    23.5396      8.211   203.4091 1.7314e+01     3.5448      2.588      3.753    21.4644   997.9267 0.0000e+00
      2.644      0.040     0.1554      1.751     54.112  50.017282    22.2281      8.204   198.5679 1.7196e+01     3.4458      2.592      3.760    21.3944   997.9423 0.0000e+00
      2.652      0.044     0.1552      1.747     54.262  50.096888    19.8412      8.198   195.0149 1.7015e+01     3.3226      2.599      3.770    21.3337   997.9558 0.0000e+00
      2.662      0.049     0.1544      1.736     54.484  50.228286    18.5313      8.191   193.1440 1.6723e+01     3.2679      2.609      3.784    21.2933   997.9648 0.0000e+00
      2.676      0.054     0.1523      1.709     55.313  50.907214    18.2944      8.183   191.9506 1.6367e+01     3.2758      2.623      3.805    21.2583   997.9727 0.0000e+00
      2.694      0.059     0.1494      1.674     56.894  52.271441    16.9424      8.174   190.3077 1.6011e+01     3.3196      2.642      3.831    21.2151   997.9824 0.0000e+00
      2.713      0.059     0.1472      1.647     58.614  53.764608    14.4685      8.165   188.4226 1.5684e+01     3.3714      2.661      3.860    21.1617   997.9942 0.0000e+00
      2.730      0.056     0.1457      1.628     59.616  54.604382    13.1186      8.157   186.6243 1.5408e+01     3.3446      2.678      3.884    21.0934   998.0091 0.0000e+00
      2.744      0.050     0.1447      1.615     59.974  54.865298    12.9665      8.150   184.8263 1.5168e+01     3.2905      2.691      3.902    21.0145   998.0266 0.0000e+00
      2.755      0.043     0.1426      1.590     60.193  55.013340    12.6123      8.144   183.0308 1.4956e+01     3.3065      2.703      3.921    20.9336   998.0447 0.0000e+00
      2.765      0.037     0.1394      1.554     60.288  55.060121    11.9927      8.137   181.0896 1.4800e+01     3.3425      2.712      3.934    20.8564   998.0621 0.0000e+00
      2.772      0.035     0.1373      1.529     60.385  55.113220    11.6559      8.131   178.4780 1.4690e+01     3.3640      2.718      3.942    20.7884   998.0771 0.0000e+00
      2.778      0.036     0.1364      1.518     60.887  55.528234    11.5576      8.125   175.2868 1.4583e+01     3.3705      2.724      3.950    20.7313   998.0894 0.0000e+00
      2.785      0.038     0.1361      1.513     61.548  56.075409    10.7428      8.119   172.6180 1.4430e+01     3.5203      2.730      3.960    20.6872   998.0989 0.0000e+00
      2.795      0.042     0.1362      1.513     62.113  56.519278     9.2515      8.111   170.9033 1.4190e+01     3.8312      2.739      3.972    20.6580   998.1053 0.0000e+00
      2.807      0.046     0.1363      1.513     63.385  57.591104     8.4390      8.102   169.5253 1.3873e+01     3.9829      2.752      3.992    20.6329   998.1106 0.0000e+00
      2.822      0.048     0.1367      1.514     65.587  59.503708     8.3234      8.094   168.0027 1.3547e+01     4.0114      2.768      4.015    20.5985   998.1181 0.0000e+00
      2.836      0.049     0.1357      1.501     67.774  61.407555     7.8010      8.084   166.5180 1.3265e+01     4.3721      2.782      4.034    20.5546   998.1279 0.0000e+00
      2.849      0.048     0.1331      1.471     69.547  62.944116     6.8487      8.075   165.1677 1.3029e+01     5.0339      2.794      4.052    20.4973   998.1401 0.0000e+00
      2.860      0.045     0.1314      1.451     71.032  64.227421     6.3286      8.067   163.6371 1.2800e+01     5.3936      2.805      4.068    20.4260   998.1555 0.0000e+00
      2.871      0.043     0.1309      1.445     72.199  65.229193     6.2719      8.057   162.0358 1.2572e+01     5.4443      2.815      4.083    20.3554   998.1714 0.0000e+00
      2.881      0.042     0.1310      1.446     73.144  66.030702     6.1639      8.047   160.5190 1.2364e+01     5.7773      2.826      4.099    20.2964   998.1845 0.0000e+00
      2.890      0.043     0.1309      1.444     73.988  66.735542     5.9761      8.038   159.1491 1.2156e+01     6.3723      2.835      4.111    20.2471   998.1953 0.0000e+00
      2.900      0.045     0.1297      1.429     74.721  67.331037     5.8739      8.030   158.2069 1.1936e+01     6.6735      2.844      4.125    20.2041   998.2050 0.0000e+00
      2.911      0.047     0.1286      1.415     75.356  67.827353     5.8649      8.021   157.6450 1.1659e+01     6.6985      2.854      4.140    20.1675   998.2130 0.0000e+00
      2.925      0.050     0.1277      1.403     75.392  67.777835     5.8495      8.010   157.2595 1.1330e+01     6.7409      2.867      4.159    20.1340   998.2203 0.0000e+00
      2.940      0.052     0.1258      1.380     74.470  66.859267     5.7404      7.998   156.9871 1.1035e+01     6.9890      2.884      4.181    20.0970   998.2285 0.0000e+00
      2.954      0.053     0.1232      1.350     73.336  65.747747     5.5591      7.985   156.7610 1.0750e+01     7.4370      2.896      4.200    20.0526   998.2379 0.0000e+00
      2.967      0.053     0.1210      1.324     72.553  64.954157     5.4616      7.973   156.5905 1.0445e+01     7.7015      2.910      4.220    20.0017   998.2487 0.0000e+00
      2.981      0.051     0.1191      1.303     72.011  64.383095     5.4366      7.960   156.3876 1.0165e+01     7.7612      2.925      4.241    19.9474   998.2601 0.0000e+00
      2.995      0.046     0.1176      1.284     71.657  63.991466     5.2745      7.947   155.9422 9.9219e+00     8.0935      2.937      4.260    19.8866   998.2722 0.0000e+00
      3.007      0.041     0.1171      1.278     71.559  63.841832     4.9754      7.936   155.3357 9.7381e+00     8.6710      2.949      4.277    19.8205   998.2853 0.0000e+00
      3.017      0.036     0.1178      1.285     71.547  63.781442     4.8104      7.925   154.9056 9.6174e+00     8.9760      2.960      4.293    19.7569   998.2981 0.0000e+00
      3.025      0.031     0.1188      1.295     71.145  63.388351     4.8059      7.914   154.3548 9.5251e+00     9.0280      2.967      4.304    19.6969   998.3101 0.0000e+00
      3.031      0.030     0.1198      1.306     69.984  62.330376     4.9123      7.904   153.0644 9.4461e+00     9.1368      2.974      4.313    19.6436   998.3209 0.0000e+00
      3.036      0.031     0.1198      1.305     68.706  61.158246     5.1008      7.894   151.6069 9.3730e+00     9.3413      2.977      4.317    19.6006   998.3297 0.0000e+00
      3.041      0.034     0.1181      1.286     68.427  60.846370     5.1948      7.885   150.6707 9.2580e+00     9.4688      2.980      4.323    19.5650   998.3369 0.0000e+00
      3.050      0.039     0.1171      1.273     68.955  61.228663     5.2069      7.877   150.0045 9.0750e+00     9.4649      2.989      4.335    19.5390   998.3421 0.0000e+00
      3.062      0.043     0.1164      1.264     69.609  61.713192     5.2905      7.871   149.4888 8.8732e+00     9.4584      3.003      4.355    19.5295   998.3436 0.0000e+00
      3.077      0.046     0.1153      1.249     70.543  62.446698     5.4342      7.865   149.1678 8.6773e+00     9.4893      3.018      4.377    19.5118   998.3465 0.0000e+00
      3.091      0.046     0.1150      1.245     72.033  63.678322     5.5140      7.859   148.8766 8.4772e+00     9.5104      3.031      4.397    19.4623   998.3565 0.0000e+00
      3.103      0.043     0.1145      1.239     74.299  65.609166     5.5363      7.853   148.4626 8.3183e+00     9.4834      3.043      4.415    19.3942   998.3706 0.0000e+00
      3.114      0.038     0.1140      1.233     77.189  68.121731     5.6343      7.847   147.9482 8.2293e+00     9.3270      3.054      4.430    19.3235   998.3848 0.0000e+00
      3.122      0.033     0.1134      1.226     79.718  70.346256     5.8138      7.841   147.3895 8.1641e+00     9.0943      3.062      4.441    19.2554   998.3987 0.0000e+00
      3.129      0.028     0.1115      1.205     81.426  71.843976     5.9209      7.837   146.6972 8.0905e+00     8.9953      3.068      4.450    19.1948   998.4112 0.0000e+00
      3.136      0.024     0.1103      1.192     82.781  73.005663     5.9319      7.834   145.9442 8.0182e+00     8.9830      3.075      4.460    19.1407   998.4227 0.0000e+00
      3.141      0.022     0.1108      1.197     84.422  74.409084     5.9043      7.830   145.4272 7.9524e+00     8.9129      3.081      4.468    19.1107   998.4298 0.0000e+00
      3.145      0.021     0.1113      1.201     86.241  75.967143     5.8465      7.824   145.0056 7.8849e+00     8.8357      3.084      4.473    19.1195   998.4289 0.0000e+00
      3.150      0.021     0.1103      1.190     87.569  77.090057     5.8056      7.819   144.4605 7.8134e+00     8.8037      3.088      4.479    19.1195   998.4295 0.0000e+00
      3.156      0.020     0.1092      1.177     88.439  77.810432     5.8004      7.814   143.9126 7.7330e+00     8.7879      3.095      4.488    19.0923   998.4352 0.0000e+00
      3.162      0.020     0.1090      1.175     89.062  78.316898     5.7999      7.811   143.2848 7.6534e+00     8.8082      3.101      4.498    19.0651   998.4412 0.0000e+00
      3.167      0.019     0.1090      1.173     89.317  78.506989     5.7219      7.807   142.4623 7.5926e+00     8.8536      3.107      4.505    19.0403   998.4469 0.0000e+00
      3.172      0.018     0.1083      1.166     89.138  78.327826     5.5691      7.802   141.5403 7.5388e+00     8.8778      3.110      4.511    19.0119   998.4528 0.0000e+00
      3.176      0.016     0.1072      1.155     88.548  77.804352     5.4781      7.797   140.5680 7.4872e+00     8.8716      3.115      4.518    18.9849   998.4584 0.0000e+00
      3.180      0.013     0.1060      1.141     87.702  77.075155     5.4622      7.793   139.4827 7.4581e+00     8.8436      3.118      4.522    18.9631   998.4629 0.0000e+00
      3.183      0.011     0.1041      1.122     86.936  76.443765     5.5075      7.789   138.3984 7.4394e+00     8.8016      3.122      4.528    18.9415   998.4672 0.0000e+00
      3.186      0.008     0.1021      1.100     86.459  76.085140     5.6093      7.784   137.4386 7.4100e+00     8.7581      3.125      4.532    18.9277   998.4699 0.0000e+00
      3.187      0.006     0.1001      1.080     86.215  75.919064     5.6692      7.780   136.5678 7.3825e+00     8.7424      3.126      4.534    18.9264   998.4699 0.0000e+00
      3.188      0.004     0.0986      1.063     86.023  75.771366     5.6770      7.776   135.6996 7.3671e+00     8.7431      3.127      4.535    18.9302   998.4688 0.0000e+00
      3.188      0.002     0.0983      1.060     85.718  75.507709     5.6519      7.772   134.8570 7.3607e+00     8.7335      3.126      4.534    18.9550   998.4638 0.0000e+00
      3.189      0.002     0.0986      1.064     85.526  75.338629     5.6254      7.771   134.4671 7.3531e+00     8.7245      3.127      4.535    19.0001   998.4548 0.0000e+00
      3.189 -9.990e-29 -9.990e-29 -9.990e-29 -9.990e-29 -9.990e-29 -9.990e-29 -9.990e-29 -9.990e-29 7.3362e+00 -9.990e-29      3.128      4.536    19.0311   998.4486 0.0000e+00
      3.189 -9.990e-29 -9.990e-29 -9.990e-29 -9.990e-29 -9.990e-29 -9.990e-29 -9.990e-29 -9.990e-29 7.3253e+00 -9.990e-29      3.127      4.535    19.0401   998.4468 0.0000e+00
      3.189 -9.990e-29 -9.990e-29 -9.990e-29 -9.990e-29 -9.990e-29 -9.990e-29 -9.990e-29 -9.990e-29 7.3289e+00 -9.990e-29      3.128      4.536    19.0404   998.4466 0.0000e+00
      3.189 -9.990e-29 -9.990e-29 -9.990e-29 -9.990e-29 -9.990e-29 -9.990e-29 -9.990e-29 -9.990e-29 7.3324e+00 -9.990e-29      3.128      4.537    19.0393   998.4467 0.0000e+00
