Data/DataNotYetUploadedToEDI/Raw_CTD/RawDownloads/081919_fcr20.cnv
* Sea-Bird SBE19plus  Data File:
* FileName = C:\DATA\081919_fcr_0004.hex
* Software version 2.8.0.119 SB_Terminal.dll
* Temperature SN = 7809
* Conductivity SN = 7809
* System UpLoad Time = Aug 20 2019 10:49:01
* <ApplicationData>
* <Seaterm232>
# nquan = 16
# nvalues = 537                         
# units = specified
# name 0 = depFM: Depth [fresh water, m]
# name 1 = dz/dtM: Descent Rate [m/s]
# name 2 = sbeox0Mg/L: Oxygen, SBE 43 [mg/l]
# name 3 = sbeox0PS: Oxygen, SBE 43 [% saturation]
# name 4 = specc: Specific Conductance [uS/cm]
# name 5 = c0uS/cm: Conductivity [uS/cm]
# name 6 = flECO-AFL: Fluorescence, WET Labs ECO-AFL/FL [mg/m^3]
# name 7 = ph: pH
# name 8 = orp: Oxidation Reduction Potential [mV]
# name 9 = par/sat/log: PAR/Logarithmic, Satlantic
# name 10 = turbWETntu0: Turbidity, WET Labs ECO [NTU]
# name 11 = prdM: Pressure, Strain Gauge [db]
# name 12 = prdE: Pressure, Strain Gauge [psi]
# name 13 = tv290C: Temperature [ITS-90, deg C]
# name 14 = density00: Density [density, kg/m^3]
# name 15 = flag:  0.000e+00
# span 0 =     -0.563,      3.189       
# span 1 =     -0.008,      0.110       
# span 2 =     0.0649,    11.6345       
# span 3 =      0.759,    146.476       
# span 4 =      1.370,     89.317       
# span 5 =   1.415311,  78.506989       
# span 6 =    -2.0216,   243.5239       
# span 7 =      7.527,      9.208       
# span 8 =   -22.3892,   440.9706       
# span 9 = 7.3253e+00, 2.6119e+03       
# span 10 =    -4.8949,   893.8386      
# span 11 =     -0.553,      3.128      
# span 12 =     -0.801,      4.537      
# span 13 =    18.9264,    28.2540      
# span 14 =   996.1812,   998.4699      
# span 15 = 0.0000e+00, 0.0000e+00      
# interval = seconds: 0.25
# start_time = Aug 19 2019 11:33:21 [Instrument's time stamp, header]
# bad_flag = -9.990e-29
*END*
[from data line 181]
     -0.042     -0.007     9.1499    115.211     38.382  40.059777     2.5095      9.102   169.0444 2.0086e+03     6.5176     -0.041     -0.060    27.2103   996.4758 0.0000e+00
     -0.046     -0.005     9.9669    125.499     38.384  40.061360     2.5053      9.104   169.3418 1.9984e+03     6.5294     -0.046     -0.067    27.2031   996.4778 0.0000e+00
     -0.046     -0.003    10.6649    134.285     38.399  40.075239     2.5401      9.105   169.5471 1.9874e+03     6.4638     -0.047     -0.068    27.1882   996.4821 0.0000e+00
     -0.045     -0.000    11.1889    140.876     38.425  40.100616     2.6006      9.105   169.7201 1.9535e+03     6.3144     -0.044     -0.064    27.1790   996.4846 0.0000e+00
     -0.042      0.002    11.5128    144.947     38.440  40.114259     2.6306      9.105   169.8851 1.8838e+03     6.2297     -0.042     -0.060    27.1778   996.4850 0.0000e+00
     -0.040      0.002    11.6345    146.476     38.440  40.113229     2.6151      9.106   170.0791 1.7913e+03     6.2261     -0.040     -0.057    27.1785   996.4848 0.0000e+00
     -0.040      0.002    11.5779    145.761     38.416  40.088150     2.5700      9.107   170.3440 1.7149e+03     6.2055     -0.040     -0.057    27.1773   996.4851 0.0000e+00
     -0.041      0.001    11.4076    143.617     38.394  40.064962     2.5190      9.107   170.5932 1.6498e+03     6.1441     -0.041     -0.059    27.1739   996.4860 0.0000e+00
     -0.042      0.000    11.2082    141.110     38.414  40.086799     2.5020      9.106   170.7697 1.5385e+03     6.1071     -0.042     -0.060    27.1713   996.4868 0.0000e+00
     -0.042 2.3845e-08    11.0304    138.874     38.425  40.098245     2.5034      9.105   170.9294 1.3745e+03     6.0851     -0.041     -0.060    27.1702   996.4871 0.0000e+00
     -0.042 2.6230e-07    10.8905    137.115     38.403  40.076392     2.5014      9.104   171.1478 1.1911e+03     6.0752     -0.041     -0.059    27.1691   996.4874 0.0000e+00
     -0.041 6.3485e-07    10.7942    135.906     38.402  40.076504     2.5468      9.105   171.3449 1.0270e+03     6.1511     -0.040     -0.058    27.1694   996.4873 0.0000e+00
     -0.041      0.000    10.7322    135.131     38.422  40.099605     2.6354      9.106   171.5060 9.0865e+02     6.2495     -0.040     -0.058    27.1709   996.4869 0.0000e+00
     -0.041      0.000    10.6860    134.559     38.421  40.101781     2.6793      9.106   171.8054 8.1287e+02     6.2823     -0.040     -0.058    27.1719   996.4866 0.0000e+00
     -0.041      0.001    10.6413    134.004     38.420  40.102821     2.6796      9.106   172.2113 7.1586e+02     6.2857     -0.041     -0.059    27.1718   996.4867 0.0000e+00
     -0.041      0.001    10.5916    133.387     38.426  40.112179     2.7080      9.108   172.4554 6.2792e+02     6.2907     -0.041     -0.059    27.1730   996.4864 0.0000e+00
     -0.041      0.001    10.5421    132.772     38.400  40.087969     2.7712      9.108   172.4335 5.5987e+02     6.3421     -0.041     -0.059    27.1767   996.4853 0.0000e+00
     -0.040      0.001    10.5024    132.280     38.374  40.064044     2.8107      9.108   172.4632 5.1474e+02     6.3826     -0.040     -0.057    27.1804   996.4843 0.0000e+00
     -0.040      0.001    10.4760    131.960     38.383  40.076834     2.8131      9.107   172.7289 4.9187e+02     6.3216     -0.039     -0.056    27.1836   996.4834 0.0000e+00
     -0.040      0.001    10.4573    131.735     38.417  40.115649     2.7926      9.107   173.0644 4.8406e+02     6.2593     -0.039     -0.056    27.1874   996.4824 0.0000e+00
     -0.040      0.000    10.4388    131.510     38.450  40.152460     2.7613      9.107   173.3360 4.8971e+02     6.2857     -0.039     -0.056    27.1910   996.4813 0.0000e+00
     -0.040 5.9269e-08    10.4232    131.317     38.438  40.141022     2.7467      9.106   173.5176 5.1239e+02     6.3458     -0.040     -0.058    27.1945   996.4803 0.0000e+00
     -0.040 6.5195e-07    10.4202    131.282     38.402  40.104315     2.7465      9.106   173.7108 5.5186e+02     6.3623     -0.040     -0.057    27.1994   996.4790 0.0000e+00
     -0.040      0.000    10.4300    131.408     38.387  40.089539     2.7853      9.107   173.8655 6.0740e+02     6.3222     -0.039     -0.056    27.2045   996.4775 0.0000e+00
     -0.040      0.000    10.4399    131.535     38.386  40.089330     2.8684      9.108   174.0118 6.6929e+02     6.2869     -0.039     -0.057    27.2079   996.4766 0.0000e+00
     -0.041      0.001    10.4366    131.498     38.397  40.101790     2.9192      9.110   174.1884 7.4140e+02     6.2964     -0.040     -0.058    27.2098   996.4761 0.0000e+00
     -0.041      0.002    10.4216    131.309     38.407  40.113226     2.9221      9.111   174.3660 8.4837e+02     6.3058     -0.040     -0.058    27.2109   996.4758 0.0000e+00
     -0.040      0.002    10.4072    131.127     38.395  40.100642     2.9384      9.112   174.6115 9.9293e+02     6.2363     -0.040     -0.057    27.2107   996.4759 0.0000e+00
     -0.039      0.002    10.3976    131.003     38.374  40.076603     2.9698      9.113   174.7475 1.1621e+03     6.1120     -0.038     -0.055    27.2123   996.4754 0.0000e+00
     -0.037      0.002    10.3872    130.867     38.375  40.076498     2.9807      9.114   174.8063 1.3100e+03     6.0477     -0.036     -0.052    27.2147   996.4747 0.0000e+00
     -0.037      0.002    10.3722    130.673     38.399  40.099375     2.9825      9.117   174.9779 1.3930e+03     6.0487     -0.036     -0.052    27.2151   996.4747 0.0000e+00
     -0.038      0.001    10.3608    130.525     38.400  40.099272     2.9829      9.118   175.2739 1.4690e+03     6.0583     -0.037     -0.054    27.2142   996.4749 0.0000e+00
     -0.038      0.000    10.3669    130.596     38.379  40.075252     2.9505      9.118   175.5451 1.5894e+03     6.0987     -0.037     -0.054    27.2128   996.4753 0.0000e+00
     -0.037      0.000    10.3917    130.903     38.369  40.062878     2.8950      9.119   175.6755 1.7153e+03     6.1770     -0.037     -0.053    27.2097   996.4762 0.0000e+00
     -0.037      0.000    10.4272    131.348     38.383  40.076624     2.8669      9.120   175.8187 1.8078e+03     6.2512     -0.036     -0.052    27.2073   996.4768 0.0000e+00
     -0.037      0.001    10.4667    131.851     38.417  40.114487     2.8704      9.120   175.9857 1.8568e+03     6.3082     -0.036     -0.052    27.2070   996.4769 0.0000e+00
     -0.038      0.001    10.5023    132.307     38.439  40.139774     2.9292      9.121   176.1462 1.8872e+03     6.3734     -0.037     -0.054    27.2043   996.4776 0.0000e+00
     -0.038      0.001    10.5235    132.579     38.426  40.128449     3.0392      9.122   176.2972 1.9236e+03     6.4498     -0.037     -0.054    27.2002   996.4787 0.0000e+00
     -0.037      0.001    10.5272    132.625     38.404  40.104525     3.1004      9.123   176.3479 1.9553e+03     6.4789     -0.037     -0.053    27.1994   996.4790 0.0000e+00
     -0.036      0.001    10.5171    132.495     38.405  40.104440     3.1056      9.125   176.4159 1.9723e+03     6.4950     -0.035     -0.051    27.2025   996.4782 0.0000e+00
     -0.036      0.001    10.4986    132.258     38.428  40.127421     3.1106      9.126   176.6027 1.9779e+03     6.4815     -0.035     -0.050    27.2067   996.4771 0.0000e+00
     -0.036      0.000    10.4776    131.991     38.429  40.128451     3.1170      9.126   176.7998 1.9779e+03     6.3811     -0.035     -0.051    27.2095   996.4762 0.0000e+00
     -0.036 5.6189e-08    10.4582    131.746     38.419  40.116890     3.1229      9.127   176.9923 1.9763e+03     6.2967     -0.035     -0.050    27.2086   996.4764 0.0000e+00
     -0.036 6.1808e-07    10.4445    131.574     38.417  40.114601     3.1206      9.128   177.2090 1.9756e+03     6.2472     -0.036     -0.052    27.2067   996.4770 0.0000e+00
     -0.036      0.000    10.4381    131.495     38.403  40.100779     3.1068      9.128   177.3546 1.9760e+03     6.1759     -0.036     -0.052    27.2055   996.4774 0.0000e+00
     -0.036      0.000    10.4318    131.418     38.379  40.076741     3.1041      9.128   177.4625 1.9756e+03     6.1237     -0.035     -0.051    27.2039   996.4778 0.0000e+00
     -0.036      0.001    10.4205    131.275     38.380  40.077885     3.1133      9.129   177.6531 1.9738e+03     6.1068     -0.035     -0.051    27.2034   996.4779 0.0000e+00
     -0.035      0.001    10.4113    131.157     38.416  40.114611     3.1141      9.130   177.8531 1.9727e+03     6.0705     -0.035     -0.050    27.2039   996.4778 0.0000e+00
     -0.035      0.002    10.4101    131.142     38.440  40.139899     3.1309      9.131   177.9876 1.9735e+03     6.1437     -0.035     -0.050    27.2047   996.4776 0.0000e+00
     -0.035      0.002    10.4139    131.193     38.429  40.129710     3.1695      9.131   178.0744 1.9746e+03     6.3682     -0.034     -0.050    27.2059   996.4773 0.0000e+00
     -0.034      0.002    10.4214    131.292     38.417  40.118376     3.1821      9.132   178.2134 1.9755e+03     6.5239     -0.034     -0.048    27.2058   996.4772 0.0000e+00
     -0.033      0.001    10.4368    131.487     38.427  40.129835     3.1696      9.134   178.4642 1.9755e+03     6.5522     -0.033     -0.047    27.2046   996.4776 0.0000e+00
     -0.033      0.001    10.4611    131.793     38.438  40.141285     3.1661      9.135   178.6981 1.9749e+03     6.5135     -0.032     -0.047    27.2038   996.4778 0.0000e+00
     -0.033      0.001    10.4885    132.138     38.427  40.129856     3.2101      9.136   178.8901 1.9750e+03     6.5141     -0.032     -0.046    27.2058   996.4773 0.0000e+00
     -0.033      0.001    10.5122    132.439     38.416  40.118606     3.2929      9.138   179.0649 1.9752e+03     6.6248     -0.033     -0.047    27.2082   996.4766 0.0000e+00
     -0.033      0.001    10.5297    132.665     38.427  40.132238     3.3444      9.139   179.1764 1.9745e+03     6.7378     -0.032     -0.047    27.2088   996.4764 0.0000e+00
     -0.033      0.000    10.5378    132.775     38.459  40.167715     3.3549      9.139   179.2059 1.9738e+03     6.7670     -0.033     -0.046    27.2086   996.4765 0.0000e+00
     -0.032      0.000    10.5347    132.745     38.455  40.166656     3.3244      9.140   179.2509 1.9732e+03     6.6492     -0.032     -0.045    27.2080   996.4766 0.0000e+00
     -0.032      0.001    10.5229    132.601     38.409  40.119445     3.2628      9.142   179.4618 1.9720e+03     6.4287     -0.031     -0.046    27.2093   996.4763 0.0000e+00
     -0.032      0.001    10.5078    132.411     38.394  40.104763     3.2335      9.142   179.6906 1.9710e+03     6.3292     -0.032     -0.045    27.2113   996.4758 0.0000e+00
     -0.032      0.001    10.4982    132.289     38.405  40.116106     3.2389      9.143   179.7800 1.9702e+03     6.3300     -0.031     -0.046    27.2147   996.4748 0.0000e+00
     -0.032      0.000    10.4993    132.303     38.418  40.129626     3.2763      9.144   179.9406 1.9683e+03     6.3073     -0.032     -0.045    27.2196   996.4735 0.0000e+00
     -0.031      0.000    10.5079    132.410     38.430  40.141263     3.3391      9.145   180.1704 1.9661e+03     6.2852     -0.031     -0.044    27.2218   996.4729 0.0000e+00
     -0.031      0.001    10.5174    132.525     38.421  40.129833     3.3652      9.147   180.3216 1.9636e+03     6.2597     -0.030     -0.044    27.2205   996.4732 0.0000e+00
     -0.031      0.001    10.5262    132.629     38.412  40.118398     3.3583      9.147   180.4779 1.9594e+03     6.2600     -0.031     -0.044    27.2198   996.4734 0.0000e+00
     -0.031      0.002    10.5349    132.736     38.424  40.129959     3.3597      9.148   180.5969 1.9559e+03     6.2891     -0.032     -0.046    27.2211   996.4731 0.0000e+00
     -0.031      0.002    10.5398    132.802     38.435  40.142655     3.3643      9.149   180.5560 1.9549e+03     6.2843     -0.031     -0.045    27.2213   996.4730 0.0000e+00
     -0.030      0.002    10.5384    132.797     38.433  40.144944     3.3617      9.151   180.4993 1.9533e+03     6.2668     -0.029     -0.042    27.2181   996.4739 0.0000e+00
     -0.028      0.002    10.5331    132.742     38.441  40.157640     3.3634      9.152   180.6856 1.9505e+03     6.2747     -0.028     -0.040    27.2143   996.4749 0.0000e+00
     -0.028      0.002    10.5245    132.641     38.450  40.169200     3.3853      9.152   181.2605 1.9499e+03     6.3475     -0.028     -0.040    27.2127   996.4753 0.0000e+00
     -0.028      0.001    10.5147    132.518     38.439  40.157754     3.4095      9.153   185.1269 1.9480e+03     6.4587     -0.028     -0.041    27.2141   996.4750 0.0000e+00
     -0.028      0.001    10.5087    132.435     38.430  40.146212     3.4133      9.153   188.8884 1.9412e+03     6.5052     -0.028     -0.040    27.2206   996.4732 0.0000e+00
     -0.028      0.001    10.5033    132.356     38.443  40.156610     3.4140      9.154   186.0434 1.9353e+03     6.5161     -0.027     -0.039    27.2268   996.4715 0.0000e+00
     -0.028      0.001    10.4917    132.199     38.447  40.156498     3.4183      9.155   182.6495 1.9339e+03     6.5251     -0.028     -0.040    27.2301   996.4705 0.0000e+00
     -0.027      0.001    10.4742    131.971     38.438  40.144852     3.4298      9.155   182.3554 1.9321e+03     6.5808     -0.027     -0.039    27.2307   996.4704 0.0000e+00
     -0.026      0.002    10.4573    131.752     38.438  40.142762     3.4578      9.154   182.2291 1.9278e+03     6.6988     -0.026     -0.038    27.2270   996.4714 0.0000e+00
     -0.026      0.003    10.4478    131.625     38.428  40.131229     3.4793      9.154   182.1543 1.9242e+03     6.7715     -0.026     -0.038    27.2213   996.4730 0.0000e+00
     -0.026      0.005    10.4470    131.609     38.432  40.132365     3.4823      9.155   182.3973 1.9246e+03     6.7711     -0.026     -0.038    27.2166   996.4743 0.0000e+00
     -0.025      0.008    10.4473    131.605     38.458  40.156490     3.4936      9.156   183.3604 1.9329e+03     6.6946     -0.026     -0.037    27.2143   996.4750 0.0000e+00
     -0.023      0.010    10.4424    131.536     38.472  40.168986     3.5204      9.157   184.1638 1.9511e+03     6.6003     -0.023     -0.033    27.2113   996.4758 0.0000e+00
     -0.019      0.011    10.4391    131.489     38.462  40.156488     3.5375      9.157   183.8512 1.9715e+03     6.5808     -0.019     -0.028    27.2082   996.4767 0.0000e+00
     -0.015      0.011    10.4459    131.572     38.439  40.132344     3.5448      9.156   183.6242 1.9838e+03     6.5907     -0.015     -0.022    27.2062   996.4773 0.0000e+00
     -0.011      0.010    10.4599    131.744     38.439  40.130992     3.5566      9.156   184.3449 1.9856e+03     6.5553     -0.011     -0.015    27.2029   996.4781 0.0000e+00
     -0.009      0.008    10.4739    131.919     38.449  40.140141     3.5760      9.156   185.6824 1.9780e+03     6.5143     -0.009     -0.013    27.1990   996.4792 0.0000e+00
     -0.008      0.006    10.4884    132.098     38.426  40.115996     3.5960      9.157   194.5471 1.9710e+03     6.5203     -0.008     -0.012    27.1965   996.4799 0.0000e+00
     -0.008      0.006    10.5094    132.357     38.406  40.092986     3.6082      9.157   215.6405 1.9781e+03     6.5298     -0.007     -0.011    27.1958   996.4801 0.0000e+00
     -0.007      0.007    10.5409    132.747     38.430  40.115860     3.6206      9.155   234.5698 1.9965e+03     6.5634     -0.007     -0.011    27.1942   996.4806 0.0000e+00
     -0.006      0.009    10.5792    133.219     38.455  40.138621     3.6417      9.151   241.4466 2.0106e+03     6.6650     -0.006     -0.009    27.1930   996.4810 0.0000e+00
     -0.003      0.013    10.6137    133.643     38.435  40.114260     3.6547      9.147   242.6040 2.0097e+03     6.7422     -0.003     -0.005    27.1929   996.4809 0.0000e+00
     -0.000      0.020    10.6371    133.925     38.401  40.075235     3.6569      9.141   242.8856 1.9891e+03     6.7434      0.000     -0.000    27.1905   996.4816 0.0000e+00
