Data/DataNotYetUploadedToEDI/Raw_CTD/RawDownloads/081920_ccr50.cnv
* Sea-Bird SBE19plus  Data File:
* FileName = C:\DATA\081920_ccr50_0001.hex
* Software version 2.8.0.119
* Temperature SN = 7809
* Conductivity SN = 7809
* System UpLoad Time = Aug 19 2020 18:14:40
* <ApplicationData>
* <Seaterm232>
# nquan = 16
# nvalues = 2480                        
# units = specified
# name 0 = depFM: Depth [fresh water, m]
# name 1 = dz/dtM: Descent Rate [m/s]
# name 2 = sbeox0ML/L: Oxygen, SBE 43 [ml/l]
# name 3 = sbeox0PS: Oxygen, SBE 43 [% saturation]
# name 4 = specc: Specific Conductance [uS/cm]
# name 5 = c0uS/cm: Conductivity [uS/cm]
# name 6 = flECO-AFL: Fluorescence, WET Labs ECO-AFL/FL [mg/m^3]
# name 7 = ph: pH
# name 8 = orp: Oxidation Reduction Potential [mV]
# name 9 = par/sat/log: PAR/Logarithmic, Satlantic
# name 10 = turbWETntu0: Turbidity, WET Labs ECO [NTU]
# name 11 = prdM: Pressure, Strain Gauge [db]
# name 12 = prdE: Pressure, Strain Gauge [psi]
# name 13 = tv290C: Temperature [ITS-90, deg C]
# name 14 = density00: Density [density, kg/m^3]
# name 15 = flag:  0.000e+00
# span 0 =     -0.490,     20.563       
# span 1 =     -0.414,      0.330       
# span 2 =     0.3967,     5.7200       
# span 3 =      5.034,    101.867       
# span 4 =      4.946,     96.050       
# span 5 =   5.060646,  66.988278       
# span 6 =    -3.1785,     2.8830       
# span 7 =     11.215,     12.919       
# span 8 =  -816.6098,   280.5680       
# span 9 = 1.2336e-01, 2.5021e+03       
# span 10 =    -0.0776,   962.2417      
# span 11 =     -0.483,     20.166      
# span 12 =     -0.702,     29.248      
# span 13 =     9.8686,    29.7676      
# span 14 =   995.7269,   999.8455      
# span 15 = 0.0000e+00, 0.0000e+00      
# interval = seconds: 0.25
# start_time = Aug 18 2020 23:26:23 [Instrument's time stamp, header]
# bad_flag = -9.990e-29
*END*
[from data line 362]
      0.123     -0.110     5.2149     92.180     50.520  52.069511    -0.2529     12.170   220.8032 7.8215e+02     0.8907      0.118      0.171    26.5182   996.6699 0.0000e+00
      0.093     -0.092     5.2076     92.116     50.519  52.069397    -0.2454     12.171   220.9466 8.0110e+02     0.8542      0.091      0.132    26.5191   996.6695 0.0000e+00
      0.067     -0.068     5.1965     92.068     50.533  52.080641    -0.2567     12.171   221.1324 8.0135e+02     0.8222      0.063      0.092    26.5200   996.6692 0.0000e+00
      0.051     -0.046     5.1882     92.043     50.535  52.078446    -0.2652     12.170   221.2427 7.9701e+02     0.8130      0.043      0.061    26.5227   996.6683 0.0000e+00
      0.049     -0.027     5.1816     92.078     50.504  52.042851    -0.2535     12.169   221.2486 7.9925e+02     0.8113      0.045      0.066    26.5275   996.6671 0.0000e+00
      0.055     -0.014     5.1791     92.205     50.494  52.031295    -0.2389     12.169   221.2035 7.9766e+02     0.8364      0.056      0.082    26.5294   996.6666 0.0000e+00
      0.058     -0.005     5.1760     92.375     50.528  52.065745    -0.2409     12.169   221.0419 7.9781e+02     0.8756      0.060      0.086    26.5260   996.6675 0.0000e+00
      0.056      0.000     5.1747     92.475     50.541  52.078334    -0.2496     12.169   220.8429 7.9685e+02     0.8736      0.055      0.080    26.5206   996.6690 0.0000e+00
      0.051      0.005     5.1758     92.485     50.521  52.056488    -0.2583     12.168   220.8634 7.9456e+02     0.8475      0.050      0.072    26.5171   996.6699 0.0000e+00
      0.048      0.011     5.1835     92.414     50.521  52.055646    -0.2601     12.168   221.1168 7.9473e+02     0.8690      0.045      0.065    26.5152   996.6704 0.0000e+00
      0.049      0.020     5.1977     92.300     50.534  52.068141    -0.2425     12.168   221.4118 7.9501e+02     0.8928      0.046      0.066    26.5143   996.6706 0.0000e+00
      0.058      0.028     5.2021     92.240     50.547  52.080546    -0.2266     12.168   221.5038 7.9481e+02     0.8947      0.055      0.079    26.5140   996.6708 0.0000e+00
      0.071      0.032     5.2024     92.190     50.546  52.078611    -0.2303     12.167   221.2831 7.9549e+02     0.8229      0.069      0.100    26.5135   996.6710 0.0000e+00
      0.086      0.031     5.1997     92.097     50.513  52.044751    -0.2390     12.166   221.0666 7.8289e+02     0.6774      0.085      0.124    26.5126   996.6713 0.0000e+00
      0.098      0.027     5.1878     92.042     50.519  52.052194    -0.2365     12.165   221.0376 7.6563e+02     0.6114      0.099      0.145    26.5116   996.6716 0.0000e+00
      0.102      0.022     5.1876     92.054     50.570  52.105101    -0.2292     12.163   220.9320 7.7221e+02     0.6432      0.103      0.149    26.5105   996.6720 0.0000e+00
      0.099      0.019     5.1873     92.116     50.577  52.112870    -0.2267     12.163   220.7370 7.7327e+02     0.7183      0.097      0.140    26.5099   996.6721 0.0000e+00
      0.097      0.019     5.1777     92.197     50.548  52.082616    -0.2345     12.162   220.7445 7.5494e+02     0.7990      0.093      0.135    26.5104   996.6719 0.0000e+00
      0.102      0.021     5.1755     92.257     50.523  52.056849    -0.2478     12.162   220.7640 7.5563e+02     0.8288      0.098      0.142    26.5114   996.6717 0.0000e+00
      0.112      0.025     5.1757     92.242     50.522  52.055359    -0.2533     12.162   220.6300 7.5165e+02     0.8378      0.108      0.157    26.5119   996.6716 0.0000e+00
      0.124      0.028     5.1805     92.148     50.531  52.064595    -0.2542     12.162   220.6724 7.0706e+02     0.8403      0.121      0.175    26.5116   996.6717 0.0000e+00
      0.135      0.029     5.1854     92.067     50.508  52.041500    -0.2492     12.162   220.8463 6.7810e+02     0.8584      0.134      0.194    26.5113   996.6718 0.0000e+00
      0.140      0.028     5.1901     92.025     50.498  52.030151    -0.2497     12.163   220.9256 7.1018e+02     0.8853      0.139      0.202    26.5114   996.6719 0.0000e+00
      0.142      0.025     5.1906     91.995     50.523  52.054398    -0.2602     12.163   220.9425 7.4272e+02     0.8558      0.138      0.200    26.5112   996.6719 0.0000e+00
      0.147      0.024     5.1810     91.970     50.549  52.080632    -0.2618     12.162   220.9648 7.3534e+02     0.8457      0.142      0.207    26.5116   996.6718 0.0000e+00
      0.155      0.024     5.1770     91.987     50.560  52.093316    -0.2594     12.161   221.0235 7.2000e+02     0.8662      0.152      0.222    26.5117   996.6718 0.0000e+00
      0.161      0.026     5.1755     92.099     50.547  52.080736    -0.2506     12.161   221.1359 7.1876e+02     0.8972      0.159      0.231    26.5103   996.6722 0.0000e+00
      0.167      0.027     5.1741     92.254     50.523  52.055554    -0.2410     12.161   221.2051 7.2204e+02     0.9119      0.162      0.236    26.5088   996.6726 0.0000e+00
      0.175      0.027     5.1723     92.364     50.511  52.042864    -0.2489     12.161   221.1712 7.0586e+02     0.8382      0.171      0.247    26.5089   996.6726 0.0000e+00
      0.184      0.026     5.1705     92.389     50.521  52.054315    -0.2600     12.160   221.1569 6.9403e+02     0.7614      0.182      0.265    26.5098   996.6724 0.0000e+00
      0.191      0.026     5.1789     92.355     50.533  52.066995    -0.2607     12.160   221.1180 7.1583e+02     0.7724      0.189      0.274    26.5103   996.6723 0.0000e+00
      0.196      0.025     5.1898     92.318     50.535  52.069170    -0.2473     12.160   221.0447 7.3106e+02     0.8344      0.191      0.277    26.5106   996.6723 0.0000e+00
      0.201      0.022     5.1964     92.276     50.545  52.080612    -0.2319     12.160   221.0455 7.1763e+02     0.8581      0.195      0.283    26.5108   996.6722 0.0000e+00
      0.208      0.020     5.1976     92.190     50.542  52.078322    -0.2354     12.159   221.0420 6.9536e+02     0.8533      0.204      0.296    26.5109   996.6723 0.0000e+00
      0.214      0.020     5.1936     92.094     50.506  52.041487    -0.2526     12.159   221.0027 6.6317e+02     0.8794      0.211      0.307    26.5113   996.6722 0.0000e+00
      0.217      0.019     5.1918     92.051     50.482  52.016284    -0.2594     12.160   220.9997 6.6391e+02     0.8994      0.213      0.310    26.5120   996.6720 0.0000e+00
      0.220      0.018     5.1909     92.059     50.494  52.027622    -0.2504     12.160   221.0921 6.9487e+02     0.8892      0.214      0.311    26.5129   996.6718 0.0000e+00
      0.226      0.020     5.1851     92.078     50.517  52.051558    -0.2388     12.161   221.2601 6.8615e+02     0.8928      0.222      0.320    26.5136   996.6716 0.0000e+00
      0.233      0.025     5.1774     92.081     50.516  52.051661    -0.2343     12.161   221.3955 6.6560e+02     0.8739      0.231      0.334    26.5138   996.6716 0.0000e+00
      0.234      0.031     5.1758     92.091     50.495  52.028870    -0.2434     12.161   221.3524 6.8404e+02     0.7988      0.229      0.332    26.5134   996.6717 0.0000e+00
      0.237      0.033     5.1771     92.132     50.499  52.030016    -0.2536     12.161   221.1696 6.9375e+02     0.8085      0.226      0.329    26.5124   996.6719 0.0000e+00
      0.252      0.031     5.1790     92.134     50.535  52.065518    -0.2524     12.161   221.1641 6.7278e+02     0.8885      0.245      0.355    26.5124   996.6720 0.0000e+00
      0.271      0.029     5.1786     92.076     50.546  52.077075    -0.2489     12.160   221.3721 6.6015e+02     0.9079      0.273      0.395    26.5137   996.6718 0.0000e+00
      0.280      0.028     5.1773     92.033     50.512  52.042728    -0.2492     12.159   221.5332 6.3342e+02     0.9057      0.280      0.406    26.5130   996.6720 0.0000e+00
      0.278      0.026     5.1830     92.055     50.500  52.031286    -0.2552     12.159   221.5634 6.1322e+02     0.8957      0.272      0.392    26.5092   996.6730 0.0000e+00
      0.278      0.024     5.1842     92.165     50.534  52.065745    -0.2548     12.159   221.5655 6.0828e+02     0.8558      0.269      0.389    26.5068   996.6737 0.0000e+00
      0.284      0.026     5.1777     92.344     50.547  52.078326    -0.2450     12.159   221.5585 6.1957e+02     0.8353      0.277      0.404    26.5076   996.6735 0.0000e+00
      0.294      0.031     5.1751     92.527     50.527  52.056378    -0.2415     12.158   221.4781 6.3790e+02     0.8882      0.288      0.418    26.5093   996.6730 0.0000e+00
      0.304      0.037     5.1754     92.674     50.527  52.054399    -0.2504     12.157   221.3679 6.0284e+02     0.9120      0.297      0.430    26.5102   996.6728 0.0000e+00
      0.314      0.039     5.1818     92.787     50.529  52.054400    -0.2568     12.157   221.2589 5.8618e+02     0.8482      0.307      0.445    26.5095   996.6731 0.0000e+00
      0.328      0.039     5.1941     92.877     50.532  52.056388    -0.2332     12.157   221.2789 6.0925e+02     0.8036      0.321      0.466    26.5077   996.6737 0.0000e+00
      0.339      0.039     5.2050     92.936     50.553  52.078431    -0.1941     12.157   221.5239 5.9852e+02     0.8193      0.334      0.485    26.5064   996.6741 0.0000e+00
      0.346      0.039     5.2134     92.959     50.541  52.066892    -0.1741     12.157   221.7260 5.8024e+02     0.8663      0.339      0.492    26.5049   996.6745 0.0000e+00
      0.351      0.038     5.2192     92.936     50.520  52.043884    -0.1727     12.157   221.6576 5.7789e+02     0.8912      0.342      0.497    26.5031   996.6750 0.0000e+00
      0.361      0.036     5.2251     92.856     50.531  52.054276    -0.1773     12.157   221.6427 5.8279e+02     0.8792      0.352      0.511    26.5024   996.6752 0.0000e+00
      0.376      0.035     5.2282     92.744     50.541  52.065520    -0.1825     12.157   221.8898 5.9001e+02     0.8590      0.369      0.536    26.5028   996.6752 0.0000e+00
      0.386      0.036     5.2295     92.636     50.528  52.052820    -0.1776     12.157   222.1507 5.8503e+02     0.8524      0.382      0.554    26.5030   996.6752 0.0000e+00
      0.391      0.037     5.2290     92.546     50.504  52.027738    -0.1666     12.157   222.3012 5.9003e+02     0.8688      0.384      0.556    26.5023   996.6754 0.0000e+00
      0.397      0.035     5.2238     92.475     50.494  52.016286    -0.1728     12.157   222.4197 6.1148e+02     0.8855      0.387      0.561    26.5016   996.6756 0.0000e+00
      0.408      0.031     5.2165     92.390     50.519  52.041376    -0.1860     12.157   222.7227 6.3185e+02     0.8820      0.400      0.580    26.5017   996.6757 0.0000e+00
      0.420      0.029     5.2104     92.253     50.554  52.077056    -0.1935     12.157   223.0396 6.2752e+02     0.8270      0.414      0.601    26.5027   996.6754 0.0000e+00
      0.428      0.028     5.2053     92.108     50.544  52.066655    -0.1956     12.157   223.1531 5.9252e+02     0.8045      0.422      0.612    26.5026   996.6755 0.0000e+00
      0.433      0.026     5.2015     92.014     50.521  52.042625    -0.1828     12.156   223.4076 5.8762e+02     0.8843      0.424      0.615    26.5016   996.6757 0.0000e+00
      0.437      0.024     5.1991     91.970     50.519  52.040536    -0.1728     12.155   223.8791 6.1292e+02     0.9335      0.427      0.618    26.5008   996.6759 0.0000e+00
      0.443      0.024     5.1894     91.960     50.521  52.041396    -0.1799     12.155   224.2086 6.0312e+02     0.8843      0.435      0.631    26.5006   996.6761 0.0000e+00
      0.448      0.025     5.1795     91.974     50.534  52.053029    -0.1922     12.155   224.3791 5.7577e+02     0.8052      0.440      0.638    26.5006   996.6761 0.0000e+00
      0.454      0.027     5.1752     92.024     50.536  52.054174    -0.1976     12.155   224.5648 5.7713e+02     0.8005      0.443      0.643    26.4999   996.6763 0.0000e+00
      0.462      0.029     5.1727     92.140     50.538  52.055232    -0.1871     12.154   224.7328 5.7176e+02     0.8620      0.453      0.658    26.4996   996.6764 0.0000e+00
      0.471      0.029     5.1727     92.324     50.548  52.065825    -0.1709     12.154   224.8614 5.4581e+02     0.8956      0.464      0.673    26.4986   996.6767 0.0000e+00
      0.479      0.029     5.1735     92.526     50.537  52.055233    -0.1735     12.154   225.0014 5.4746e+02     0.8641      0.469      0.681    26.4967   996.6773 0.0000e+00
      0.486      0.028     5.1756     92.698     50.536  52.054174    -0.1900     12.154   225.2209 5.5533e+02     0.8241      0.475      0.691    26.4952   996.6777 0.0000e+00
      0.493      0.026     5.1818     92.807     50.534  52.053028    -0.1893     12.154   225.4507 5.4425e+02     0.8584      0.484      0.702    26.4945   996.6779 0.0000e+00
      0.499      0.026     5.1938     92.833     50.522  52.041377    -0.1742     12.153   225.6287 5.4435e+02     0.9011      0.490      0.710    26.4944   996.6780 0.0000e+00
      0.505      0.026     5.2059     92.799     50.520  52.040318    -0.1697     12.152   225.8251 5.6863e+02     0.8939      0.495      0.718    26.4946   996.6780 0.0000e+00
      0.511      0.025     5.2161     92.737     50.520  52.040230    -0.1822     12.152   225.8452 5.7730e+02     0.8743      0.501      0.726    26.4955   996.6778 0.0000e+00
      0.517      0.022     5.2228     92.652     50.521  52.040306    -0.2010     12.152   225.7004 5.7143e+02     0.8353      0.507      0.736    26.4968   996.6775 0.0000e+00
      0.525      0.021     5.2235     92.543     50.524  52.041243    -0.2062     12.151   225.7947 5.9351e+02     0.8012      0.515      0.747    26.4974   996.6773 0.0000e+00
      0.531      0.022     5.2207     92.439     50.535  52.051550    -0.1975     12.151   226.1254 6.0511e+02     0.8050      0.523      0.758    26.4982   996.6771 0.0000e+00
      0.534      0.023     5.2172     92.380     50.523  52.037913    -0.1819     12.151   226.3438 5.8546e+02     0.8476      0.525      0.761    26.4984   996.6771 0.0000e+00
      0.536      0.023     5.2127     92.356     50.492  52.003367    -0.1700     12.150   226.3702 5.5672e+02     0.9041      0.523      0.758    26.4970   996.6775 0.0000e+00
      0.542      0.023     5.2063     92.349     50.504  52.014905    -0.1783     12.149   226.3576 5.4164e+02     0.9042      0.530      0.767    26.4952   996.6780 0.0000e+00
      0.552      0.024     5.1990     92.362     50.539  52.050395    -0.1955     12.148   226.3643 5.5031e+02     0.8484      0.544      0.789    26.4943   996.6783 0.0000e+00
      0.560      0.027     5.1964     92.362     50.539  52.051427    -0.1970     12.147   226.3648 5.5416e+02     0.8138      0.551      0.799    26.4929   996.6787 0.0000e+00
      0.565      0.031     5.1964     92.330     50.515  52.027388    -0.1873     12.146   226.3644 5.5046e+02     0.8289      0.554      0.802    26.4902   996.6794 0.0000e+00
      0.570      0.033     5.1948     92.273     50.503  52.013769    -0.1924     12.147   226.4452 5.5400e+02     0.8251      0.559      0.810    26.4884   996.6799 0.0000e+00
      0.578      0.036     5.1971     92.218     50.504  52.013769    -0.2112     12.147   226.6539 5.5302e+02     0.8026      0.565      0.820    26.4893   996.6797 0.0000e+00
      0.589      0.039     5.1971     92.201     50.519  52.027398    -0.2145     12.147   226.8220 5.5127e+02     0.7970      0.578      0.838    26.4907   996.6794 0.0000e+00
      0.601      0.039     5.1950     92.197     50.545  52.051531    -0.1937     12.147   226.7567 5.5517e+02     0.8252      0.591      0.857    26.4909   996.6794 0.0000e+00
      0.614      0.036     5.1917     92.182     50.547  52.051531    -0.1791     12.147   226.6391 5.4627e+02     0.9034      0.602      0.872    26.4895   996.6798 0.0000e+00
