Data/DataNotYetUploadedToEDI/Raw_CTD/RawDownloads/081919_fcr10.cnv
* Sea-Bird SBE19plus  Data File:
* FileName = C:\DATA\081919_fcr_0003.hex
* Software version 2.8.0.119 SB_Terminal.dll
* Temperature SN = 7809
* Conductivity SN = 7809
* System UpLoad Time = Aug 20 2019 10:48:44
* <ApplicationData>
* <Seaterm232>
# nquan = 16
# nvalues = 462                         
# units = specified
# name 0 = depFM: Depth [fresh water, m]
# name 1 = dz/dtM: Descent Rate [m/s]
# name 2 = sbeox0Mg/L: Oxygen, SBE 43 [mg/l]
# name 3 = sbeox0PS: Oxygen, SBE 43 [% saturation]
# name 4 = specc: Specific Conductance [uS/cm]
# name 5 = c0uS/cm: Conductivity [uS/cm]
# name 6 = flECO-AFL: Fluorescence, WET Labs ECO-AFL/FL [mg/m^3]
# name 7 = ph: pH
# name 8 = orp: Oxidation Reduction Potential [mV]
# name 9 = par/sat/log: PAR/Logarithmic, Satlantic
# name 10 = turbWETntu0: Turbidity, WET Labs ECO [NTU]
# name 11 = prdM: Pressure, Strain Gauge [db]
# name 12 = prdE: Pressure, Strain Gauge [psi]
# name 13 = tv290C: Temperature [ITS-90, deg C]
# name 14 = density00: Density [density, kg/m^3]
# name 15 = flag:  0.000e+00
# span 0 =     -0.560,      2.234       
# span 1 =     -0.089,      0.197       
# span 2 =     0.0408,    11.8926       
# span 3 =      0.480,    149.691       
# span 4 =      2.182,     58.984       
# span 5 =   2.324676,  57.126181       
# span 6 =    -0.9896,     5.7617       
# span 7 =      8.194,      9.062       
# span 8 =   171.2247,   459.5705       
# span 9 = 2.2419e+01, 2.1406e+03       
# span 10 =   -11.9882,    31.7540      
# span 11 =     -0.551,      2.191      
# span 12 =     -0.798,      3.178      
# span 13 =    23.3755,    28.3527      
# span 14 =   996.1418,   997.4851      
# span 15 = 0.0000e+00, 0.0000e+00      
# interval = seconds: 0.25
# start_time = Aug 19 2019 11:17:03 [Instrument's time stamp, header]
# bad_flag = -9.990e-29
*END*
[from data line 362]
      1.470      0.039     7.2224     88.507     38.304  38.825705     4.8522      8.645   239.0834 7.3132e+01     6.7922      1.440      2.088    25.8412   996.8532 0.0000e+00
      1.480      0.044     7.0843     86.760     38.194  38.688820     4.8830      8.639   239.4440 7.1402e+01     6.8160      1.450      2.103    25.7961   996.8651 0.0000e+00
      1.492      0.049     6.9880     85.531     38.120  38.590408     4.9368      8.634   239.7987 6.9515e+01     6.9099      1.462      2.121    25.7523   996.8766 0.0000e+00
      1.506      0.053     6.9364     84.846     38.144  38.587953     4.9742      8.629   240.1022 6.7555e+01     7.0095      1.477      2.141    25.7172   996.8858 0.0000e+00
      1.522      0.054     6.9181     84.575     38.238  38.659097     4.9797      8.624   240.2757 6.5529e+01     7.0366      1.492      2.164    25.6719   996.8977 0.0000e+00
      1.539      0.052     6.9139     84.498     38.343  38.752293     4.8906      8.620   240.4332 6.3748e+01     7.0084      1.510      2.190    25.6391   996.9065 0.0000e+00
      1.554      0.048     6.9109     84.468     38.413  38.826070     4.7205      8.615   240.7160 6.2712e+01     6.9642      1.525      2.212    25.6147   996.9129 0.0000e+00
      1.564      0.044     6.9082     84.472     38.421  38.852867     4.6221      8.610   241.1132 6.2130e+01     6.9608      1.534      2.226    25.5737   996.9237 0.0000e+00
      1.572      0.042     6.9155     84.597     38.373  38.822400     4.6194      8.605   241.4499 6.1473e+01     7.0002      1.542      2.236    25.5397   996.9326 0.0000e+00
      1.580      0.041     6.9412     84.897     38.333  38.775125     4.6877      8.600   241.6900 6.0681e+01     7.0146      1.549      2.246    25.5208   996.9377 0.0000e+00
      1.590      0.042     6.9850     85.346     38.451  38.852567     4.7987      8.595   241.9509 5.9691e+01     7.0031      1.558      2.260    25.5222   996.9374 0.0000e+00
      1.601      0.045     7.0357     85.837     38.846  39.187364     4.8517      8.591   242.1952 5.8392e+01     6.9925      1.569      2.277    25.5557   996.9286 0.0000e+00
      1.614      0.048     7.0739     86.173     39.305  39.585536     4.8504      8.588   242.4070 5.7012e+01     6.9852      1.583      2.296    25.5938   996.9187 0.0000e+00
      1.627      0.050     7.0742     86.058     39.508  39.730946     4.8532      8.584   242.6194 5.5607e+01     6.9476      1.595      2.313    25.5899   996.9198 0.0000e+00
      1.640      0.051     7.0072     85.134     39.572  39.739272     4.8945      8.582   242.8711 5.4047e+01     6.7999      1.608      2.332    25.5248   996.9368 0.0000e+00
      1.654      0.052     6.8470     83.086     39.762  39.876569     4.9682      8.579   243.2128 5.2502e+01     6.6088      1.622      2.353    25.4317   996.9614 0.0000e+00
      1.668      0.053     6.5854     79.814     39.997  40.057789     5.0073      8.573   243.5666 5.1192e+01     6.5039      1.636      2.373    25.3479   996.9834 0.0000e+00
      1.680      0.054     6.2375     75.502     40.084  40.089312     5.0118      8.567   243.8796 5.0053e+01     6.4828      1.648      2.391    25.2750   997.0024 0.0000e+00
      1.692      0.054     5.8216     70.380     40.053  40.003694     5.0485      8.561   244.1576 4.8818e+01     6.4518      1.658      2.404    25.2035   997.0209 0.0000e+00
      1.707      0.053     5.3507     64.617     40.007  39.911267     5.1133      8.555   244.4328 4.7415e+01     6.3578      1.673      2.426    25.1376   997.0381 0.0000e+00
      1.724      0.051     4.8387     58.379     39.996  39.860475     5.1438      8.549   244.7977 4.6140e+01     6.2965      1.692      2.454    25.0729   997.0548 0.0000e+00
      1.738      0.048     4.3187     52.069     40.000  39.833900     5.1413      8.544   245.2140 4.5254e+01     6.2685      1.706      2.474    24.9995   997.0738 0.0000e+00
      1.749      0.045     3.8405     46.284     39.962  39.780346     5.1173      8.539   245.5951 4.4603e+01     6.1176      1.715      2.488    24.9285   997.0920 0.0000e+00
      1.758      0.042     3.4322     41.355     39.912  39.720786     5.0701      8.534   245.9638 4.3968e+01     5.9138      1.724      2.500    24.8711   997.1067 0.0000e+00
      1.767      0.039     3.1040     37.389     39.890  39.685097     5.0393      8.528   246.2308 4.3364e+01     5.8362      1.732      2.513    24.8208   997.1195 0.0000e+00
      1.777      0.038     2.8613     34.450     39.890  39.666224     5.0391      8.522   246.4148 4.2711e+01     5.8356      1.742      2.526    24.7793   997.1301 0.0000e+00
      1.787      0.038     2.7061     32.568     39.862  39.619533     5.0847      8.515   246.6391 4.1996e+01     5.7747      1.752      2.542    24.7621   997.1345 0.0000e+00
      1.797      0.039     2.6335     31.679     39.763  39.501423     5.1658      8.509   246.8776 4.1384e+01     5.6571      1.763      2.557    24.7579   997.1355 0.0000e+00
      1.806      0.040     2.6211     31.514     39.663  39.380793     5.2052      8.504   247.1483 4.0772e+01     5.5937      1.771      2.567    24.7411   997.1399 0.0000e+00
      1.816      0.040     2.6403     31.729     39.605  39.303640     5.2057      8.499   247.4172 4.0024e+01     5.5649      1.779      2.581    24.7117   997.1474 0.0000e+00
      1.827      0.039     2.6669     32.038     39.584  39.266831     5.2064      8.493   247.6334 3.9285e+01     5.5386      1.791      2.598    24.6894   997.1531 0.0000e+00
      1.838      0.038     2.6788     32.173     39.580  39.253120     5.1974      8.488   247.7827 3.8630e+01     5.6043      1.803      2.614    24.6686   997.1584 0.0000e+00
      1.848      0.036     2.6639     31.992     39.531  39.201328     5.1912      8.483   247.9317 3.8016e+01     5.7354      1.814      2.630    24.6369   997.1664 0.0000e+00
      1.858      0.033     2.6283     31.562     39.481  39.148461     5.2006      8.477   248.0578 3.7520e+01     5.8133      1.823      2.644    24.6122   997.1726 0.0000e+00
      1.866      0.030     2.5803     30.982     39.458  39.121750     5.2151      8.472   248.1029 3.7163e+01     5.8252      1.830      2.654    24.5917   997.1778 0.0000e+00
      1.871      0.028     2.5270     30.333     39.417  39.068799     5.2200      8.468   248.3054 3.6823e+01     5.7155      1.835      2.661    24.5780   997.1813 0.0000e+00
      1.877      0.028     2.4735     29.675     39.387  39.016057     5.2078      8.465   248.6132 3.6421e+01     5.5029      1.840      2.668    24.5781   997.1814 0.0000e+00
      1.883      0.028     2.4199     29.014     39.325  38.928373     5.1983      8.461   248.8135 3.5954e+01     5.3847      1.846      2.678    24.5734   997.1825 0.0000e+00
      1.891      0.030     2.3700     28.401     39.058  38.643376     5.1993      8.456   249.0928 3.5474e+01     5.3676      1.854      2.689    24.5701   997.1834 0.0000e+00
      1.899      0.035     2.3275     27.880     38.536  38.109299     5.1589      8.451   249.4958 3.5054e+01     5.3619      1.863      2.702    24.5588   997.1863 0.0000e+00
      1.907      0.038     2.2896     27.412     38.119  37.676010     5.0753      8.446   249.8140 3.4625e+01     5.3483      1.869      2.712    24.5239   997.1951 0.0000e+00
      1.917      0.038     2.2410     26.816     38.188  37.720901     5.0298      8.441   249.9289 3.3980e+01     5.3345      1.877      2.723    24.4861   997.2047 0.0000e+00
      1.930      0.036     2.1533     25.757     38.504  38.017292     5.0235      8.436   249.9377 3.3217e+01     5.3585      1.892      2.745    24.4608   997.2110 0.0000e+00
      1.943      0.031     2.0053     23.984     38.706  38.212775     5.0252      8.431   250.0924 3.2720e+01     5.3763      1.908      2.768    24.4435   997.2152 0.0000e+00
      1.952      0.025     1.8065     21.609     38.794  38.307112     5.0339      8.426   250.3371 3.2619e+01     5.3534      1.917      2.780    24.4145   997.2222 0.0000e+00
      1.955      0.019     1.6036     19.189     38.870  38.396199     5.0336      8.421   250.4868 3.2754e+01     5.3433      1.919      2.783    24.3786   997.2313 0.0000e+00
      1.955      0.014     1.4495     17.352     38.858  38.401244     5.0300      8.415   250.5259 3.2893e+01     5.3521      1.918      2.781    24.3561   997.2371 0.0000e+00
      1.955      0.014     1.3674     16.375     38.553  38.114223     5.0768      8.412   250.6380 3.2910e+01     5.4279      1.916      2.779    24.3512   997.2385 0.0000e+00
      1.957      0.017     1.3557     16.233     38.093  37.655382     5.1655      8.409   250.8964 3.2820e+01     5.5715      1.918      2.782    24.3633   997.2354 0.0000e+00
      1.961      0.022     1.4023     16.780     37.886  37.423727     5.2014      8.405   251.0685 3.2561e+01     5.6466      1.922      2.788    24.3837   997.2303 0.0000e+00
      1.969      0.026     1.4803     17.699     37.967  37.471435     5.1895      8.401   251.1697 3.2152e+01     5.6152      1.929      2.799    24.4074   997.2244 0.0000e+00
      1.979      0.027     1.5436     18.447     38.052  37.533941     5.1522      8.397   251.2597 3.1708e+01     5.5194      1.941      2.815    24.4327   997.2180 0.0000e+00
      1.989      0.025     1.5443     18.454     38.004  37.481232     5.0793      8.393   251.2959 3.1295e+01     5.4388      1.952      2.831    24.4332   997.2178 0.0000e+00
      1.997      0.022     1.4688     17.551     37.929  37.405405     5.0365      8.388   251.3494 3.1092e+01     5.4271      1.960      2.843    24.3881   997.2290 0.0000e+00
      2.001      0.018     1.3463     16.082     37.912  37.378819     5.0332      8.383   251.4762 3.1106e+01     5.4103      1.963      2.847    24.3338   997.2427 0.0000e+00
      2.001      0.015     1.2119     14.470     37.902  37.350197     5.0227      8.378   251.6242 3.1083e+01     5.3670      1.962      2.846    24.3044   997.2501 0.0000e+00
      2.002      0.012     1.0830     12.924     37.887  37.313200     4.9608      8.373   251.6772 3.0911e+01     5.3627      1.962      2.846    24.3045   997.2501 0.0000e+00
      2.006      0.010     0.9681     11.549     37.905  37.312314     4.8580      8.368   251.6868 3.0670e+01     5.3903      1.967      2.852    24.3105   997.2485 0.0000e+00
      2.011      0.009     0.8760     10.448     37.938  37.339450     4.8025      8.362   251.7400 3.0429e+01     5.4061      1.972      2.861    24.2939   997.2527 0.0000e+00
      2.015      0.009     0.8129      9.696     37.978  37.387397     4.7929      8.357   251.7179 3.0296e+01     5.3898      1.977      2.867    24.2664   997.2596 0.0000e+00
      2.017      0.008     0.7791      9.296     38.029  37.447728     4.8022      8.353   251.6782 3.0351e+01     5.2919      1.979      2.871    24.2379   997.2667 0.0000e+00
      2.016      0.008     0.7682      9.168     38.012  37.434170     4.8364      8.350   251.8612 3.0434e+01     5.1721      1.976      2.866    24.2059   997.2746 0.0000e+00
      2.015      0.009     0.7717      9.209     37.930  37.350421     4.8603      8.346   252.0380 3.0416e+01     5.1540      1.975      2.865    24.1946   997.2775 0.0000e+00
      2.017      0.011     0.7849      9.364     37.911  37.323770     4.8569      8.343   252.0098 3.0330e+01     5.1719      1.979      2.869    24.2196   997.2712 0.0000e+00
      2.022      0.016     0.8056      9.607     37.902  37.302353     4.8211      8.340   252.0366 3.0200e+01     5.1911      1.982      2.875    24.2344   997.2676 0.0000e+00
      2.027      0.022     0.8249      9.832     37.841  37.218391     4.7659      8.337   252.1904 3.0099e+01     5.2890      1.988      2.883    24.2349   997.2675 0.0000e+00
      2.032      0.028     0.8304      9.888     37.856  37.197206     4.7356      8.335   252.3208 2.9990e+01     5.4055      1.993      2.891    24.2345   997.2676 0.0000e+00
      2.040      0.032     0.8166      9.715     38.002  37.300055     4.7240      8.333   252.3223 2.9694e+01     5.4516      1.998      2.898    24.2206   997.2711 0.0000e+00
      2.050      0.036     0.7780      9.247     38.448  37.700172     4.6079      8.330   252.2078 2.9236e+01     5.4863      2.009      2.913    24.2077   997.2743 0.0000e+00
      2.061      0.042     0.7025      8.343     39.733  38.924612     4.3893      8.326   252.0556 2.8829e+01     5.5299      2.023      2.933    24.1793   997.2814 0.0000e+00
      2.071      0.048     0.5943      7.053     42.598  41.694022     4.2663      8.321   251.9443 2.8524e+01     5.5199      2.031      2.947    24.1268   997.2945 0.0000e+00
      2.080      0.053     0.4769      5.654     46.184  45.154936     4.2293      8.316   251.8945 2.8096e+01     5.4968      2.038      2.956    24.0681   997.3091 0.0000e+00
      2.095      0.055     0.3654      4.327     48.263  47.118748     3.9603      8.312   251.7117 2.7383e+01     5.3488      2.052      2.977    24.0185   997.3216 0.0000e+00
      2.114      0.055     0.2621      3.099     48.833  47.595417     3.4757      8.307   251.2824 2.6602e+01     5.0415      2.074      3.009    23.9784   997.3317 0.0000e+00
      2.133      0.054     0.1721      2.032     49.121  47.806410     3.2169      8.302   250.9206 2.6039e+01     4.8619      2.094      3.037    23.9389   997.3424 0.0000e+00
      2.146      0.050     0.1052      1.242     49.394  48.018548     3.1893      8.297   250.8646 2.5673e+01     4.8489      2.106      3.055    23.8917   997.3558 0.0000e+00
      2.156      0.044     0.0640      0.755     49.808  48.382064     3.1679      8.292   250.9490 2.5322e+01     4.8838      2.114      3.066    23.8133   997.3756 0.0000e+00
      2.164      0.037     0.0445      0.525     50.956  49.470703     3.1318      8.287   250.9948 2.4944e+01     4.9235      2.122      3.078    23.7222   997.3979 0.0000e+00
      2.173      0.031     0.0408      0.480     53.029  51.463579     3.0911      8.282   250.9881 2.4632e+01     4.9345      2.132      3.092    23.6498   997.4157 0.0000e+00
      2.181      0.027     0.0459      0.540     55.599  53.930880     3.0660      8.277   251.0396 2.4409e+01     4.9185      2.140      3.104    23.5964   997.4288 0.0000e+00
      2.187      0.025     0.0565      0.665     58.024  56.243508     3.0615      8.272   251.1026 2.4222e+01     4.8947      2.144      3.110    23.5589   997.4379 0.0000e+00
      2.192      0.023     0.0706      0.830     58.984  57.126181     3.1237      8.268   251.0614 2.4031e+01     4.8434      2.148      3.116    23.5334   997.4444 0.0000e+00
      2.197      0.021     0.0863      1.013     58.212  56.344011     3.2371      8.263   250.9716 2.3836e+01     4.7574      2.155      3.125    23.5205   997.4483 0.0000e+00
      2.203      0.019     0.1008      1.184     56.997  55.172918     3.2975      8.256   250.7913 2.3656e+01     4.7065      2.161      3.134    23.5025   997.4535 0.0000e+00
      2.209      0.017     0.1123      1.320     56.159  54.402612     3.3069      8.251   250.5148 2.3523e+01     4.6860      2.167      3.143    23.4631   997.4642 0.0000e+00
      2.213      0.015     0.1225      1.442     55.782  54.082242     3.3509      8.245   250.3827 2.3423e+01     4.6744      2.170      3.147    23.4174   997.4756 0.0000e+00
      2.215      0.013     0.1315      1.548     55.627  53.967615     3.4314      8.239   250.3986 2.3307e+01     4.6646      2.172      3.151    23.3755   997.4851 0.0000e+00
      2.217      0.012     0.1368      1.611     55.006  53.397889     3.4731      8.234   250.3635 2.3183e+01     4.6657      2.174      3.153    23.3783   997.4840 0.0000e+00
      2.220      0.011     0.1400      1.650     53.614  52.085143     3.4738      8.228   250.2152 2.3088e+01     4.6883      2.177      3.157    23.4345   997.4702 0.0000e+00
