Data/DataNotYetUploadedToEDI/Raw_CTD/RawDownloads/081920_ccr50.cnv
* Sea-Bird SBE19plus  Data File:
* FileName = C:\DATA\081920_ccr50_0001.hex
* Software version 2.8.0.119
* Temperature SN = 7809
* Conductivity SN = 7809
* System UpLoad Time = Aug 19 2020 18:14:40
* <ApplicationData>
* <Seaterm232>
# nquan = 16
# nvalues = 2480                        
# units = specified
# name 0 = depFM: Depth [fresh water, m]
# name 1 = dz/dtM: Descent Rate [m/s]
# name 2 = sbeox0ML/L: Oxygen, SBE 43 [ml/l]
# name 3 = sbeox0PS: Oxygen, SBE 43 [% saturation]
# name 4 = specc: Specific Conductance [uS/cm]
# name 5 = c0uS/cm: Conductivity [uS/cm]
# name 6 = flECO-AFL: Fluorescence, WET Labs ECO-AFL/FL [mg/m^3]
# name 7 = ph: pH
# name 8 = orp: Oxidation Reduction Potential [mV]
# name 9 = par/sat/log: PAR/Logarithmic, Satlantic
# name 10 = turbWETntu0: Turbidity, WET Labs ECO [NTU]
# name 11 = prdM: Pressure, Strain Gauge [db]
# name 12 = prdE: Pressure, Strain Gauge [psi]
# name 13 = tv290C: Temperature [ITS-90, deg C]
# name 14 = density00: Density [density, kg/m^3]
# name 15 = flag:  0.000e+00
# span 0 =     -0.490,     20.563       
# span 1 =     -0.414,      0.330       
# span 2 =     0.3967,     5.7200       
# span 3 =      5.034,    101.867       
# span 4 =      4.946,     96.050       
# span 5 =   5.060646,  66.988278       
# span 6 =    -3.1785,     2.8830       
# span 7 =     11.215,     12.919       
# span 8 =  -816.6098,   280.5680       
# span 9 = 1.2336e-01, 2.5021e+03       
# span 10 =    -0.0776,   962.2417      
# span 11 =     -0.483,     20.166      
# span 12 =     -0.702,     29.248      
# span 13 =     9.8686,    29.7676      
# span 14 =   995.7269,   999.8455      
# span 15 = 0.0000e+00, 0.0000e+00      
# interval = seconds: 0.25
# start_time = Aug 18 2020 23:26:23 [Instrument's time stamp, header]
# bad_flag = -9.990e-29
*END*
[from data line 1808]
     20.045      0.062     1.5672     19.435     92.529  64.748633     0.8265     11.709   280.3919 1.2339e-01    17.3160     19.658     28.512    10.0071   999.8293 0.0000e+00
     20.060      0.070     1.5539     19.454     93.449  65.371078     0.9735     11.714   280.4168 1.2347e-01    18.2331     19.672     28.531     9.9961   999.8303 0.0000e+00
     20.077      0.078     1.5360     19.414     94.119  65.810403     0.9867     11.719   280.4518 1.2358e-01    18.3898     19.688     28.554     9.9918   999.8307 0.0000e+00
     20.097      0.085     1.5326     19.227     94.426  65.993014     1.0621     11.724   280.5568 1.2363e-01    19.6230     19.707     28.583     9.9928   999.8309 0.0000e+00
     20.122      0.090     1.5350     18.888     94.555  66.053675     1.1978     11.729   280.5680 1.2360e-01    21.8817     19.732     28.619     9.9887   999.8316 0.0000e+00
     20.149      0.094     1.5376     18.407     94.650  66.098931     1.2643     11.733   280.4156 1.2353e-01    23.1093     19.760     28.660     9.9764   999.8332 0.0000e+00
     20.175      0.094     1.5398     17.688     94.665  66.095285     1.2648     11.736   280.2622 1.2355e-01    23.2047     19.785     28.696     9.9595   999.8351 0.0000e+00
     20.200      0.091     1.5245     16.627     94.644  66.073131     1.2804     11.739   280.2620 1.2361e-01    23.2752     19.809     28.731     9.9411   999.8369 0.0000e+00
     20.224      0.085     1.4971     15.264     94.757  66.148832     1.3105     11.742   280.2410 1.2355e-01    23.4462     19.834     28.767     9.9246   999.8386 0.0000e+00
     20.245      0.078     1.4623     13.672     94.907  66.247907     1.3329     11.744   280.0949 1.2345e-01    23.5563     19.856     28.798     9.9140   999.8396 0.0000e+00
     20.263      0.070     1.4112     11.943     94.931  66.254145     1.3413     11.745   279.9583 1.2345e-01    23.5766     19.872     28.820     9.9067   999.8403 0.0000e+00
     20.279      0.060     1.3239     10.280     94.898  66.224247     1.3548     11.745   279.9657 1.2353e-01    23.9661     19.887     28.843     9.9022   999.8407 0.0000e+00
     20.295      0.051     1.2134      8.784     94.868  66.204188     1.3720     11.744   280.0130 1.2360e-01    24.7295     19.905     28.869     9.9030   999.8408 0.0000e+00
     20.308      0.046     1.0885      7.460     94.950  66.265836     1.3778     11.744   279.9280 1.2361e-01    25.1851     19.918     28.888     9.9005   999.8412 0.0000e+00
     20.316      0.045     0.9419      6.416     95.227  66.461181     1.3770     11.744   279.8840 1.2359e-01    25.3203     19.924     28.897     9.8923   999.8419 0.0000e+00
     20.321      0.046     0.8081      5.715     95.427  66.595827     1.3626     11.744   279.9101 1.2360e-01    26.1237     19.927     28.902     9.8879   999.8423 0.0000e+00
     20.329      0.050     0.6928      5.291     95.389  66.559145     1.3466     11.744   279.9008 1.2359e-01    27.6205     19.933     28.910     9.8899   999.8421 0.0000e+00
     20.344      0.057     0.5823      5.099     95.353  66.526105     1.3452     11.744   279.8577 1.2351e-01    28.4485     19.949     28.933     9.8931   999.8419 0.0000e+00
     20.364      0.065     0.4966      5.049     95.431  66.577676     1.3368     11.744   279.7337 1.2345e-01    28.5479     19.972     28.966     9.8951   999.8420 0.0000e+00
     20.383      0.071     0.4463      5.034     95.484  66.610667     1.3123     11.745   279.6912 1.2348e-01    28.9602     19.990     28.993     9.8929   999.8424 0.0000e+00
     20.402      0.072     0.4118      5.064     95.486  66.607208     1.2871     11.747   279.7735 1.2353e-01    29.7938     20.006     29.016     9.8848   999.8431 0.0000e+00
     20.422      0.069     0.3993      5.137     95.477  66.599406     1.2702     11.748   279.8688 1.2349e-01    30.3533     20.027     29.046     9.8803   999.8436 0.0000e+00
     20.442      0.063     0.4009      5.176     95.448  66.579896     1.2609     11.749   279.9830 1.2344e-01    30.4719     20.048     29.077     9.8810   999.8437 0.0000e+00
     20.459      0.057     0.3967      5.176     95.421  66.561979     1.2511     11.750   279.9500 1.2342e-01    30.3348     20.065     29.101     9.8787   999.8440 0.0000e+00
     20.471      0.049     0.3989      5.171     95.436  66.573440     1.2281     11.751   279.7279 1.2345e-01    29.1765     20.075     29.116     9.8753   999.8443 0.0000e+00
     20.480      0.040     0.4087      5.149     95.461  66.591351     1.2017     11.752   279.5344 1.2350e-01    27.2128     20.084     29.129     9.8744   999.8444 0.0000e+00
     20.489      0.031     0.4117      5.149     95.457  66.587873     1.1895     11.752   279.4175 1.2347e-01    26.1964     20.094     29.143     9.8750   999.8444 0.0000e+00
     20.496      0.025     0.4085      5.214     95.467  66.594945     1.1945     11.753   279.2602 1.2345e-01    26.0882     20.100     29.153     9.8760   999.8443 0.0000e+00
     20.501      0.021     0.4113      5.290     95.494  66.613298     1.1956     11.754   279.1809 1.2350e-01    25.4581     20.105     29.159     9.8764   999.8443 0.0000e+00
     20.505      0.017     0.4074      5.370     95.502  66.619103     1.1743     11.754   279.2344 1.2349e-01    24.2771     20.108     29.163     9.8764   999.8444 0.0000e+00
     20.508      0.015     0.4044      5.496     95.476  66.601588     1.1474     11.754   279.1326 1.2344e-01    23.6191     20.111     29.169     9.8762   999.8444 0.0000e+00
     20.511      0.014     0.4135      5.661     95.462  66.592192     1.1276     11.755   278.9825 1.2344e-01    23.5113     20.114     29.173     9.8759   999.8444 0.0000e+00
     20.514      0.014     0.4198      5.853     95.519  66.632614     1.1159     11.757   278.8820 1.2345e-01    23.4200     20.117     29.177     9.8758   999.8445 0.0000e+00
     20.517      0.015     0.4229      6.059     95.629  66.708989     1.1202     11.757   278.5203 1.2349e-01    23.3391     20.120     29.182     9.8759   999.8445 0.0000e+00
     20.521      0.017     0.4346      6.241     95.785  66.816504     1.1407     11.758   278.1365 1.2356e-01    23.2884     20.124     29.188     9.8764   999.8444 0.0000e+00
     20.526      0.019     0.4477      6.380     95.931  66.915635     1.1545     11.758   278.1985 1.2360e-01    23.3214     20.129     29.195     9.8769   999.8444 0.0000e+00
     20.531      0.021     0.4624      6.484     95.992  66.954208     1.1157     11.758   278.4956 1.2362e-01    23.7038     20.133     29.201     9.8770   999.8444 0.0000e+00
     20.537      0.022     0.4812      6.596     96.014  66.965093     1.0332     11.758   278.6316 1.2362e-01    24.3418     20.139     29.210     9.8770   999.8445 0.0000e+00
     20.543      0.021     0.4951      6.702     96.044  66.983682     0.9874     11.759   278.6388 1.2355e-01    24.6833     20.146     29.219     9.8763   999.8446 0.0000e+00
     20.550      0.020     0.5073      6.768     96.050  66.988278     0.9810     11.761   278.6686 1.2345e-01    24.7779     20.153     29.230     9.8746   999.8448 0.0000e+00
     20.556      0.017     0.5124      6.820     96.003  66.957111     0.9847     11.762   278.7333 1.2342e-01    25.1767     20.161     29.241     9.8726   999.8451 0.0000e+00
     20.561      0.013     0.5222      6.859     95.954  66.924632     1.0042     11.763   278.5611 1.2345e-01    25.7966     20.164     29.245     9.8700   999.8453 0.0000e+00
     20.563      0.008     0.5333      6.869     95.932  66.913379     1.0157     11.766   278.0490 1.2353e-01    26.0933     20.165     29.246     9.8686   999.8455 0.0000e+00
     20.563      0.003     0.5357      6.866     95.885  66.884608     1.0098     11.767   277.7045 1.2357e-01    26.1200     20.166     29.248     9.8692   999.8455 0.0000e+00
     20.563     -0.001     0.5406      6.858     95.805  66.831007     1.0285     11.768   277.7502 1.2357e-01    26.0864     20.166     29.248     9.8700   999.8454 0.0000e+00
     20.562     -0.006     0.5445      6.825     95.720  66.773760     1.0884     11.769   277.9133 1.2362e-01    25.9951     20.165     29.247     9.8705   999.8453 0.0000e+00
     20.561     -0.012     0.5445      6.779     95.605  66.700905     1.1329     11.769   277.9562 1.2361e-01    25.9433     20.163     29.244     9.8728   999.8451 0.0000e+00
     20.560     -0.018     0.5432      6.739     95.425  66.585697     1.1388     11.769   277.9247 1.2357e-01    25.9410     20.163     29.243     9.8756   999.8448 0.0000e+00
     20.555     -0.027     0.5445      6.710     95.232  66.461277     1.1400     11.769   277.9625 1.2356e-01    25.8988     20.158     29.237     9.8761   999.8447 0.0000e+00
     20.546     -0.040     0.5410      6.726     95.041  66.340588     1.1854     11.769   277.9829 1.2352e-01    25.8793     20.148     29.223     9.8761   999.8447 0.0000e+00
     20.535     -0.058     0.5360      6.783     94.735  66.143374     1.2680     11.769   277.9130 1.2351e-01    25.9797     20.138     29.208     9.8802   999.8442 0.0000e+00
     20.523     -0.082     0.5343      6.830     94.297  65.856369     1.3188     11.769   277.8060 1.2352e-01    26.1165     20.127     29.192     9.8874   999.8435 0.0000e+00
     20.505     -0.107     0.5293      6.844     94.001  65.666873     1.3325     11.769   277.8078 1.2350e-01    26.1607     20.112     29.171     9.8921   999.8429 0.0000e+00
     20.475     -0.130     0.5308      6.837     94.021  65.695296     1.3004     11.770   277.9353 1.2348e-01    25.6211     20.084     29.130     9.8973   999.8423 0.0000e+00
     20.431     -0.151     0.5380      6.879     94.004  65.691620     1.2359     11.771   278.0569 1.2350e-01    24.5704     20.038     29.064     9.9073   999.8411 0.0000e+00
     20.381     -0.169     0.5408      7.011     93.626  65.431773     1.2094     11.772   278.0729 1.2357e-01    23.9630     19.986     28.987     9.9177   999.8397 0.0000e+00
     20.333     -0.183     0.5429      7.205     93.134  65.095653     1.1996     11.775   278.0424 1.2361e-01    23.8728     19.938     28.918     9.9270   999.8386 0.0000e+00
     20.290     -0.192     0.5391      7.470     92.880  64.932386     1.1557     11.776   278.1187 1.2363e-01    23.4800     19.899     28.862     9.9354   999.8377 0.0000e+00
     20.244     -0.198     0.5403      7.824     92.653  64.792347     1.1078     11.776   278.1356 1.2364e-01    22.6817     19.856     28.798     9.9395   999.8373 0.0000e+00
     20.191     -0.202     0.5539      8.259     92.183  64.482848     1.0968     11.776   277.9024 1.2361e-01    22.2205     19.800     28.718     9.9404   999.8367 0.0000e+00
     20.136     -0.203     0.5673      8.769     91.718  64.177168     1.0989     11.777   277.7083 1.2355e-01    22.1265     19.746     28.639     9.9429   999.8359 0.0000e+00
     20.080     -0.198     0.5881      9.344     91.470  64.019727     1.0485     11.778   277.7677 1.2351e-01    21.8195     19.694     28.562     9.9516   999.8349 0.0000e+00
     20.024     -0.188     0.6161      9.954     91.301  63.913797     0.9551     11.778   277.8459 1.2350e-01    21.3240     19.636     28.478     9.9627   999.8336 0.0000e+00
     19.973     -0.179     0.6505     10.604     91.015  63.722530     0.9139     11.779   277.8787 1.2345e-01    21.1129     19.581     28.399     9.9733   999.8322 0.0000e+00
     19.934     -0.176     0.6909     11.346     90.571  63.422948     0.9313     11.780   277.8206 1.2339e-01    21.0870     19.545     28.347     9.9842   999.8309 0.0000e+00
     19.904     -0.179     0.7370     12.195     90.256  63.214768     0.9176     11.781   277.6602 1.2342e-01    20.1177     19.522     28.314     9.9934   999.8299 0.0000e+00
     19.867     -0.188     0.7860     13.124     90.181  63.175417     0.8432     11.782   277.5738 1.2355e-01    18.2866     19.491     28.269     9.9997   999.8291 0.0000e+00
     19.815     -0.201     0.8338     14.100     90.023  63.074274     0.7851     11.782   277.5501 1.2361e-01    17.2802     19.436     28.189    10.0040   999.8284 0.0000e+00
     19.754     -0.216     0.8928     15.114     89.828  62.945063     0.7783     11.782   277.5456 1.2358e-01    17.1509     19.373     28.098    10.0099   999.8274 0.0000e+00
     19.691     -0.225     0.9603     16.164     89.823  62.947598     0.7228     11.782   277.5197 1.2358e-01    16.7577     19.310     28.008    10.0177   999.8262 0.0000e+00
     19.628     -0.226     1.0346     17.207     89.859  62.977847     0.6001     11.782   277.4957 1.2363e-01    16.0617     19.249     27.917    10.0253   999.8253 0.0000e+00
     19.567     -0.220     1.1119     18.191     89.877  62.993085     0.5256     11.782   277.4272 1.2363e-01    15.6710     19.185     27.826    10.0306   999.8245 0.0000e+00
     19.513     -0.213     1.1907     19.118     89.892  63.004753     0.5175     11.783   277.2940 1.2358e-01    15.5701     19.132     27.749    10.0343   999.8237 0.0000e+00
     19.466     -0.209     1.2756     20.017     89.690  62.864748     0.5115     11.784   277.2615 1.2352e-01    15.4608     19.091     27.690    10.0376   999.8234 0.0000e+00
     19.418     -0.210     1.3593     20.847     89.178  62.507651     0.4241     11.785   277.2925 1.2348e-01    14.7957     19.044     27.621    10.0403   999.8229 0.0000e+00
     19.367     -0.215     1.4373     21.563     88.711  62.182080     0.2724     11.786   277.3245 1.2352e-01    13.5702     18.994     27.547    10.0418   999.8225 0.0000e+00
     19.313     -0.222     1.5077     22.163     88.599  62.105500     0.1932     11.786   277.3045 1.2357e-01    12.9006     18.942     27.473    10.0423   999.8223 0.0000e+00
     19.252     -0.225     1.5811     22.623     88.664  62.153621     0.1922     11.786   277.1360 1.2352e-01    12.8103     18.883     27.388    10.0430   999.8219 0.0000e+00
     19.187     -0.220     1.6484     22.936     88.714  62.192032     0.2120     11.786   277.0082 1.2348e-01    12.5136     18.815     27.289    10.0443   999.8212 0.0000e+00
     19.123     -0.207     1.7031     23.146     88.706  62.188667     0.2318     11.786   277.0502 1.2354e-01    12.0251     18.750     27.195    10.0453   999.8205 0.0000e+00
     19.068     -0.190     1.7525     23.323     88.597  62.112943     0.2314     11.785   277.0416 1.2359e-01    11.7795     18.695     27.115    10.0456   999.8203 0.0000e+00
     19.023     -0.175     1.7890     23.558     88.491  62.038976     0.2360     11.786   276.9046 1.2359e-01    11.7754     18.649     27.049    10.0471   999.8200 0.0000e+00
     18.990     -0.167     1.8116     23.873     88.425  61.993313     0.2206     11.786   276.7701 1.2356e-01    11.4603     18.620     27.005    10.0499   999.8196 0.0000e+00
     18.962     -0.167     1.8274     24.228     88.348  61.942095     0.1594     11.786   276.6186 1.2351e-01    10.7849     18.600     26.976    10.0512   999.8194 0.0000e+00
     18.927     -0.171     1.8368     24.601     88.321  61.928046     0.1159     11.786   276.5363 1.2355e-01    10.4069     18.569     26.932    10.0513   999.8191 0.0000e+00
     18.876     -0.177     1.8552     24.960     88.348  61.950545     0.1055     11.786   276.6350 1.2362e-01    10.3584     18.515     26.854    10.0514   999.8189 0.0000e+00
     18.816     -0.184     1.8826     25.290     88.360  61.959961     0.1286     11.786   276.7805 1.2361e-01    10.3352     18.450     26.758    10.0516   999.8185 0.0000e+00
     18.760     -0.190     1.9096     25.585     88.297  61.914814     0.1761     11.786   276.8320 1.2356e-01    10.3666     18.392     26.675    10.0526   999.8181 0.0000e+00
     18.716     -0.196     1.9411     25.805     88.112  61.785927     0.1926     11.788   276.8275 1.2349e-01    10.3952     18.351     26.616    10.0559   999.8176 0.0000e+00
     18.679     -0.202     1.9689     25.926     87.854  61.608904     0.1766     11.790   276.8989 1.2341e-01    10.3717     18.319     26.570    10.0591   999.8172 0.0000e+00
