Data/DataNotYetUploadedToEDI/Raw_CTD/RawDownloads/081920_ccr50.cnv
* Sea-Bird SBE19plus  Data File:
* FileName = C:\DATA\081920_ccr50_0001.hex
* Software version 2.8.0.119
* Temperature SN = 7809
* Conductivity SN = 7809
* System UpLoad Time = Aug 19 2020 18:14:40
* <ApplicationData>
* <Seaterm232>
# nquan = 16
# nvalues = 2480                        
# units = specified
# name 0 = depFM: Depth [fresh water, m]
# name 1 = dz/dtM: Descent Rate [m/s]
# name 2 = sbeox0ML/L: Oxygen, SBE 43 [ml/l]
# name 3 = sbeox0PS: Oxygen, SBE 43 [% saturation]
# name 4 = specc: Specific Conductance [uS/cm]
# name 5 = c0uS/cm: Conductivity [uS/cm]
# name 6 = flECO-AFL: Fluorescence, WET Labs ECO-AFL/FL [mg/m^3]
# name 7 = ph: pH
# name 8 = orp: Oxidation Reduction Potential [mV]
# name 9 = par/sat/log: PAR/Logarithmic, Satlantic
# name 10 = turbWETntu0: Turbidity, WET Labs ECO [NTU]
# name 11 = prdM: Pressure, Strain Gauge [db]
# name 12 = prdE: Pressure, Strain Gauge [psi]
# name 13 = tv290C: Temperature [ITS-90, deg C]
# name 14 = density00: Density [density, kg/m^3]
# name 15 = flag:  0.000e+00
# span 0 =     -0.490,     20.563       
# span 1 =     -0.414,      0.330       
# span 2 =     0.3967,     5.7200       
# span 3 =      5.034,    101.867       
# span 4 =      4.946,     96.050       
# span 5 =   5.060646,  66.988278       
# span 6 =    -3.1785,     2.8830       
# span 7 =     11.215,     12.919       
# span 8 =  -816.6098,   280.5680       
# span 9 = 1.2336e-01, 2.5021e+03       
# span 10 =    -0.0776,   962.2417      
# span 11 =     -0.483,     20.166      
# span 12 =     -0.702,     29.248      
# span 13 =     9.8686,    29.7676      
# span 14 =   995.7269,   999.8455      
# span 15 = 0.0000e+00, 0.0000e+00      
# interval = seconds: 0.25
# start_time = Aug 18 2020 23:26:23 [Instrument's time stamp, header]
# bad_flag = -9.990e-29
*END*
[from data line 1176]
      9.405      0.038     3.5617     45.468     80.307  57.501380     0.4727     12.680   266.2290 2.7608e+00     7.0629      9.223     13.377    10.7948   999.7019 0.0000e+00
      9.415      0.043     3.5528     45.378     80.328  57.510711     0.5093     12.681   266.3559 2.7469e+00     7.4144      9.234     13.393    10.7949   999.7020 0.0000e+00
      9.425      0.047     3.5450     45.336     80.402  57.555026     0.5595     12.683   266.4349 2.7414e+00     8.0469      9.243     13.405    10.7966   999.7018 0.0000e+00
      9.436      0.050     3.5322     45.335     80.471  57.592487     0.5844     12.685   266.5825 2.7249e+00     8.4280      9.253     13.420    10.8000   999.7016 0.0000e+00
      9.450      0.052     3.5238     45.354     80.475  57.582461     0.5906     12.687   266.7639 2.7042e+00     8.4862      9.266     13.439    10.7998   999.7017 0.0000e+00
      9.466      0.054     3.5156     45.389     80.454  57.560842     0.6346     12.688   266.9071 2.6687e+00     8.5785      9.283     13.463    10.7947   999.7023 0.0000e+00
      9.482      0.056     3.5133     45.425     80.489  57.585206     0.6965     12.689   267.0231 2.6312e+00     8.7542      9.301     13.490    10.7903   999.7027 0.0000e+00
      9.496      0.056     3.5151     45.467     80.547  57.622930     0.7193     12.689   267.1349 2.6063e+00     8.8597      9.313     13.509    10.7828   999.7036 0.0000e+00
      9.508      0.054     3.5165     45.528     80.574  57.635781     0.7292     12.690   267.3120 2.5604e+00     8.8585      9.323     13.523    10.7719   999.7047 0.0000e+00
      9.523      0.052     3.5209     45.633     80.638  57.677043     0.7776     12.692   267.5297 2.4937e+00     8.7747      9.338     13.543    10.7676   999.7052 0.0000e+00
      9.538      0.051     3.5226     45.778     80.732  57.740649     0.8470     12.694   267.7020 2.4399e+00     8.6019      9.356     13.569    10.7712   999.7050 0.0000e+00
      9.549      0.050     3.5261     45.920     80.782  57.769545     0.8813     12.695   267.7601 2.4048e+00     8.4853      9.366     13.584    10.7687   999.7053 0.0000e+00
      9.559      0.049     3.5305     46.063     80.798  57.772307     0.8774     12.696   267.8024 2.3658e+00     8.4638      9.372     13.594    10.7614   999.7060 0.0000e+00
      9.573      0.047     3.5381     46.204     80.812  57.774037     0.8583     12.698   267.9551 2.3116e+00     8.3421      9.387     13.615    10.7607   999.7062 0.0000e+00
      9.588      0.045     3.5522     46.324     80.843  57.790450     0.8496     12.699   268.0581 2.2644e+00     8.1129      9.405     13.640    10.7593   999.7065 0.0000e+00
      9.599      0.045     3.5626     46.434     80.924  57.843692     0.8679     12.701   268.1016 2.2292e+00     7.9920      9.415     13.655    10.7543   999.7070 0.0000e+00
      9.609      0.046     3.5737     46.509     81.025  57.909542     0.8890     12.703   268.2228 2.1913e+00     7.9791      9.421     13.664    10.7485   999.7076 0.0000e+00
      9.619      0.049     3.5874     46.521     81.096  57.951336     0.8854     12.704   268.3185 2.1475e+00     7.9568      9.432     13.680    10.7429   999.7082 0.0000e+00
      9.630      0.053     3.5946     46.503     81.131  57.967833     0.8340     12.705   268.3981 2.1046e+00     7.9285      9.443     13.696    10.7394   999.7087 0.0000e+00
      9.643      0.058     3.6049     46.481     81.163  57.981935     0.7629     12.705   268.5829 2.0570e+00     7.9120      9.454     13.712    10.7378   999.7089 0.0000e+00
      9.660      0.063     3.6126     46.447     81.192  57.994769     0.7316     12.707   268.7460 1.9983e+00     7.9290      9.472     13.738    10.7339   999.7093 0.0000e+00
      9.678      0.066     3.6119     46.384     81.204  57.995935     0.7323     12.709   268.7352 1.9459e+00     7.9617      9.492     13.766    10.7278   999.7101 0.0000e+00
      9.697      0.067     3.6107     46.295     81.211  57.996033     0.7139     12.712   268.6249 1.9020e+00     7.9991      9.510     13.792    10.7223   999.7107 0.0000e+00
      9.716      0.066     3.6095     46.200     81.215  57.995940     0.6709     12.716   268.6161 1.8502e+00     8.0721      9.529     13.820    10.7164   999.7114 0.0000e+00
      9.733      0.064     3.6084     46.125     81.218  57.994805     0.6515     12.718   268.8015 1.7983e+00     8.1230      9.546     13.846    10.7117   999.7119 0.0000e+00
      9.748      0.062     3.6033     46.074     81.207  57.982308     0.6605     12.722   268.9735 1.7583e+00     8.1678      9.559     13.865    10.7074   999.7124 0.0000e+00
      9.761      0.060     3.5961     46.026     81.202  57.971895     0.6559     12.726   268.9755 1.7244e+00     8.3386      9.572     13.884    10.7038   999.7129 0.0000e+00
      9.776      0.057     3.5884     45.990     81.247  57.995953     0.6341     12.730   268.9110 1.6943e+00     8.5750      9.587     13.904    10.7025   999.7130 0.0000e+00
      9.791      0.054     3.5819     45.980     81.287  58.019063     0.6157     12.734   268.8821 1.6651e+00     8.6925      9.601     13.925    10.7008   999.7133 0.0000e+00
      9.807      0.052     3.5800     46.000     81.261  57.997193     0.6051     12.738   268.9710 1.6528e+00     8.6940      9.618     13.950    10.6979   999.7136 0.0000e+00
      9.821      0.052     3.5756     46.069     81.250  57.985633     0.6209     12.742   269.0387 1.6625e+00     8.7308      9.633     13.971    10.6937   999.7141 0.0000e+00
      9.831      0.052     3.5728     46.149     81.288  58.006350     0.6635     12.746   269.0984 1.6638e+00     8.8624      9.641     13.983    10.6880   999.7147 0.0000e+00
      9.841      0.054     3.5727     46.204     81.283  57.993552     0.6905     12.750   269.3485 1.6589e+00     8.9806      9.649     13.996    10.6841   999.7151 0.0000e+00
      9.853      0.058     3.5729     46.284     81.248  57.957947     0.6908     12.754   269.5677 1.6664e+00     8.9929      9.663     14.015    10.6832   999.7153 0.0000e+00
      9.868      0.064     3.5796     46.399     81.264  57.957011     0.6762     12.757   269.5982 1.6786e+00     9.0800      9.677     14.035    10.6819   999.7155 0.0000e+00
      9.886      0.071     3.5891     46.489     81.315  57.982225     0.6567     12.759   269.5447 1.6753e+00     9.3122      9.694     14.059    10.6771   999.7160 0.0000e+00
      9.908      0.078     3.5904     46.575     81.368  58.008680     0.6465     12.761   269.5229 1.6664e+00     9.4312      9.717     14.092    10.6718   999.7167 0.0000e+00
      9.930      0.084     3.5961     46.695     81.403  58.022742     0.6570     12.763   269.5926 1.6711e+00     9.4211      9.738     14.124    10.6656   999.7173 0.0000e+00
      9.951      0.088     3.6103     46.813     81.423  58.025174     0.6696     12.765   269.6141 1.6689e+00     9.3617      9.757     14.151    10.6569   999.7182 0.0000e+00
      9.974      0.089     3.6156     46.889     81.453  58.038073     0.6654     12.766   269.5246 1.6535e+00     9.2962      9.780     14.185    10.6500   999.7191 0.0000e+00
      9.999      0.087     3.6210     46.964     81.483  58.051636     0.6636     12.768   269.4573 1.6421e+00     9.3157      9.806     14.221    10.6441   999.7198 0.0000e+00
     10.023      0.084     3.6327     47.078     81.505  58.062087     0.6668     12.769   269.4887 1.6392e+00     9.3574      9.830     14.256    10.6363   999.7207 0.0000e+00
     10.045      0.079     3.6450     47.235     81.564  58.100903     0.6575     12.769   269.5593 1.6323e+00     9.3538      9.853     14.290    10.6289   999.7215 0.0000e+00
     10.064      0.073     3.6486     47.435     81.622  58.139777     0.6072     12.770   269.6219 1.6152e+00     9.1357      9.870     14.316    10.6238   999.7221 0.0000e+00
     10.080      0.067     3.6535     47.622     81.642  58.150918     0.5261     12.770   269.6442 1.5987e+00     8.7108      9.885     14.337    10.6193   999.7226 0.0000e+00
     10.095      0.062     3.6641     47.774     81.676  58.172082     0.4683     12.769   269.6567 1.5910e+00     8.4400      9.901     14.360    10.6155   999.7230 0.0000e+00
     10.110      0.060     3.6745     47.936     81.728  58.205070     0.4418     12.769   269.6869 1.5956e+00     8.3668      9.916     14.382    10.6142   999.7233 0.0000e+00
     10.123      0.057     3.6931     48.077     81.773  58.232119     0.3876     12.768   269.6656 1.5980e+00     8.2038      9.927     14.397    10.6134   999.7234 0.0000e+00
     10.137      0.055     3.7094     48.183     81.800  58.245004     0.2992     12.766   269.6566 1.5846e+00     7.9451      9.939     14.415    10.6109   999.7237 0.0000e+00
     10.155      0.052     3.7173     48.319     81.790  58.233782     0.2603     12.763   269.6643 1.5744e+00     7.8141      9.960     14.447    10.6091   999.7240 0.0000e+00
     10.170      0.051     3.7324     48.429     81.782  58.223494     0.2607     12.763   269.6724 1.5870e+00     7.7533      9.975     14.468    10.6072   999.7243 0.0000e+00
     10.180      0.052     3.7463     48.476     81.823  58.247666     0.2555     12.764   269.7553 1.6019e+00     7.6903      9.982     14.478    10.6036   999.7247 0.0000e+00
     10.190      0.053     3.7484     48.525     81.868  58.271925     0.2646     12.765   269.8923 1.6061e+00     7.7053      9.993     14.493    10.5993   999.7252 0.0000e+00
     10.201      0.056     3.7638     48.580     81.868  58.262666     0.2754     12.765   270.0381 1.6146e+00     7.7629     10.003     14.509    10.5968   999.7254 0.0000e+00
     10.215      0.061     3.7748     48.625     81.882  58.262770     0.2709     12.765   270.1423 1.6208e+00     7.8030     10.015     14.526    10.5946   999.7257 0.0000e+00
     10.234      0.067     3.7735     48.642     81.908  58.273176     0.2689     12.767   270.2050 1.6112e+00     7.8467     10.035     14.554    10.5914   999.7261 0.0000e+00
     10.254      0.074     3.7801     48.619     81.903  58.261409     0.2704     12.769   270.3655 1.5932e+00     7.9139     10.058     14.588    10.5874   999.7266 0.0000e+00
     10.274      0.082     3.7844     48.566     81.897  58.247550     0.2603     12.770   270.6207 1.5793e+00     7.9289     10.076     14.614    10.5807   999.7273 0.0000e+00
     10.292      0.091     3.7891     48.487     81.892  58.232659     0.2517     12.769   270.7094 1.5679e+00     7.9242     10.092     14.637    10.5742   999.7281 0.0000e+00
     10.313      0.096     3.7916     48.353     81.872  58.208404     0.2322     12.766   270.5770 1.5383e+00     8.0287     10.111     14.664    10.5699   999.7286 0.0000e+00
     10.340      0.096     3.7892     48.117     81.882  58.208396     0.1868     12.765   270.3967 1.4724e+00     8.1633     10.137     14.704    10.5656   999.7291 0.0000e+00
     10.373      0.091     3.7859     47.777     81.917  58.232557     0.1513     12.767   270.3369 1.3974e+00     8.1773     10.173     14.757    10.5590   999.7299 0.0000e+00
     10.403      0.082     3.7806     47.370     81.935  58.246409     0.1371     12.772   270.3700 1.3509e+00     8.1301     10.205     14.801    10.5518   999.7308 0.0000e+00
     10.424      0.070     3.7733     46.918     81.936  58.248814     0.1483     12.776   270.2805 1.3333e+00     7.9696     10.226     14.831    10.5449   999.7315 0.0000e+00
     10.436      0.057     3.7548     46.398     81.951  58.261644     0.1818     12.780   270.1155 1.3330e+00     7.6786     10.237     14.848    10.5402   999.7319 0.0000e+00
     10.442      0.047     3.7271     45.848     81.968  58.274476     0.1979     12.785   270.0957 1.3325e+00     7.5296     10.240     14.853    10.5405   999.7320 0.0000e+00
     10.446      0.042     3.6941     45.370     81.978  58.276903     0.1907     12.790   270.2124 1.2991e+00     7.5073     10.242     14.856    10.5418   999.7319 0.0000e+00
     10.455      0.044     3.6601     44.947     82.010  58.290986     0.1906     12.797   270.3232 1.2386e+00     7.4778     10.252     14.868    10.5422   999.7319 0.0000e+00
     10.469      0.052     3.6203     44.573     82.063  58.317680     0.1766     12.803   270.4022 1.1911e+00     7.5167     10.267     14.890    10.5444   999.7318 0.0000e+00
     10.484      0.063     3.5698     44.297     82.118  58.345518     0.1370     12.809   270.4790 1.1633e+00     7.6340     10.280     14.911    10.5455   999.7317 0.0000e+00
     10.499      0.073     3.5370     44.092     82.174  58.373443     0.1314     12.814   270.5631 1.1304e+00     7.7291     10.295     14.931    10.5424   999.7321 0.0000e+00
     10.519      0.078     3.5048     43.956     82.229  58.401180     0.1470     12.818   270.5594 1.0757e+00     7.7391     10.313     14.957    10.5364   999.7328 0.0000e+00
     10.545      0.078     3.4716     43.882     82.275  58.426740     0.1352     12.821   270.4339 1.0218e+00     7.5836     10.339     14.996    10.5300   999.7335 0.0000e+00
     10.573      0.079     3.4548     43.848     82.285  58.428350     0.1220     12.822   270.3368 9.8314e-01     7.3252     10.372     15.044    10.5232   999.7343 0.0000e+00
     10.593      0.081     3.4375     43.869     82.281  58.420649     0.1304     12.824   270.3315 9.4850e-01     7.2246     10.393     15.072    10.5152   999.7352 0.0000e+00
     10.605      0.083     3.4280     43.939     82.345  58.460679     0.1414     12.827   270.4563 9.1434e-01     7.2598     10.398     15.081    10.5080   999.7360 0.0000e+00
     10.619      0.088     3.4243     44.013     82.452  58.531156     0.1309     12.827   270.6408 8.7421e-01     7.2358     10.410     15.098    10.5035   999.7365 0.0000e+00
     10.643      0.097     3.4202     44.060     82.522  58.573931     0.0979     12.825   270.6692 8.3761e-01     7.1066     10.436     15.136    10.5013   999.7368 0.0000e+00
     10.671      0.110     3.4223     44.108     82.566  58.596661     0.0669     12.823   270.6276 8.0286e-01     6.9671     10.464     15.178    10.4986   999.7372 0.0000e+00
     10.702      0.121     3.4298     44.179     82.605  58.615382     0.0521     12.823   270.6546 7.4846e-01     6.9227     10.492     15.218    10.4948   999.7377 0.0000e+00
     10.737      0.124     3.4369     44.213     82.607  58.609683     0.0333     12.824   270.7374 6.9314e-01     6.7417     10.527     15.269    10.4919   999.7382 0.0000e+00
     10.777      0.119     3.4400     44.185     82.587  58.591272     0.0110     12.827   270.8547 6.6321e-01     6.3573     10.569     15.330    10.4876   999.7388 0.0000e+00
     10.812      0.109     3.4421     44.184     82.577  58.583368     0.0024     12.828   270.8685 6.4316e-01     6.1211     10.606     15.383    10.4823   999.7395 0.0000e+00
     10.838      0.096     3.4512     44.231     82.566  58.577651    -0.0036     12.829   270.8178 6.1968e-01     6.0489     10.632     15.420    10.4768   999.7402 0.0000e+00
     10.857      0.083     3.4563     44.301     82.572  58.585679     0.0048     12.831   270.8428 6.0706e-01     6.0333     10.649     15.444    10.4714   999.7407 0.0000e+00
     10.871      0.073     3.4490     44.412     82.605  58.616914     0.0374     12.834   270.9136 6.0689e-01     6.0698     10.660     15.461    10.4689   999.7410 0.0000e+00
     10.885      0.067     3.4490     44.531     82.620  58.637646     0.0661     12.837   270.9855 6.0096e-01     6.1122     10.673     15.480    10.4687   999.7411 0.0000e+00
     10.900      0.066     3.4553     44.647     82.620  58.645769     0.0753     12.839   271.0234 5.8553e-01     6.1340     10.688     15.502    10.4711   999.7410 0.0000e+00
     10.919      0.070     3.4572     44.787     82.623  58.651602     0.0243     12.840   271.0275 5.7229e-01     6.0933     10.707     15.530    10.4726   999.7409 0.0000e+00
