Data/DataNotYetUploadedToEDI/Raw_CTD/RawDownloads/081919_fcr50.cnv
* Sea-Bird SBE19plus  Data File:
* FileName = C:\DATA\081919_fcr50_0001.hex
* Software version 2.8.0.119 SB_Terminal.dll
* Temperature SN = 7809
* Conductivity SN = 7809
* System UpLoad Time = Aug 19 2019 09:53:56
* <ApplicationData>
* <Seaterm232>
# nquan = 16
# nvalues = 825                         
# units = specified
# name 0 = depFM: Depth [fresh water, m]
# name 1 = dz/dtM: Descent Rate [m/s]
# name 2 = sbeox0Mg/L: Oxygen, SBE 43 [mg/l]
# name 3 = sbeox0PS: Oxygen, SBE 43 [% saturation]
# name 4 = specc: Specific Conductance [uS/cm]
# name 5 = c0uS/cm: Conductivity [uS/cm]
# name 6 = flECO-AFL: Fluorescence, WET Labs ECO-AFL/FL [mg/m^3]
# name 7 = ph: pH
# name 8 = orp: Oxidation Reduction Potential [mV]
# name 9 = par/sat/log: PAR/Logarithmic, Satlantic
# name 10 = turbWETntu0: Turbidity, WET Labs ECO [NTU]
# name 11 = prdM: Pressure, Strain Gauge [db]
# name 12 = prdE: Pressure, Strain Gauge [psi]
# name 13 = tv290C: Temperature [ITS-90, deg C]
# name 14 = density00: Density [density, kg/m^3]
# name 15 = flag:  0.000e+00
# span 0 =     -0.564,      9.246       
# span 1 =     -2.941,      0.262       
# span 2 =    -0.3830,    10.4323       
# span 3 =     -4.491,    131.495       
# span 4 =      1.868,     67.383       
# span 5 =   1.823281,  52.231112       
# span 6 =    -0.2311,     8.0053       
# span 7 =      6.520,      9.397       
# span 8 =  -805.0052,   617.8823       
# span 9 = 1.2356e-01, 1.3673e+03       
# span 10 =    -0.4996,   894.0179      
# span 11 =     -0.553,      9.067      
# span 12 =     -0.802,     13.151      
# span 13 =    11.9784,    27.4632      
# span 14 =   996.4053,   999.5644      
# span 15 = 0.0000e+00, 0.0000e+00      
# interval = seconds: 0.25
# start_time = Aug 19 2019 09:40:08 [Instrument's time stamp, header]
# bad_flag = -9.990e-29
*END*
     -0.564 2.7991e-11     7.9555     94.149      1.931   1.883862    -0.1144      6.520  -805.0052 1.2772e+03    -0.3352     -0.553     -0.802    23.7859   997.3569 0.0000e+00
     -0.563 3.0790e-10     7.9550     94.144      1.919   1.872171    -0.1060      6.647  -615.6463 1.2899e+03    -0.2664     -0.552     -0.801    23.7889   997.3562 0.0000e+00
     -0.563 3.3869e-09     7.9555     94.151      1.918   1.871949    -0.1033      6.699  -540.4585 1.3254e+03    -0.2146     -0.552     -0.801    23.7917   997.3554 0.0000e+00
     -0.563 3.7255e-08     7.9565     94.162      1.928   1.881175    -0.0985      6.698  -522.7975 1.3566e+03    -0.1999     -0.553     -0.802    23.7932   997.3551 0.0000e+00
     -0.563 4.0981e-07     7.9568     94.166      1.903   1.856991    -0.1000      6.697  -506.0449 1.3673e+03    -0.2204     -0.552     -0.801    23.7944   997.3548 0.0000e+00
     -0.563      0.000     7.9563     94.161      1.878   1.832996    -0.1129      6.693  -497.5926 1.3452e+03    -0.2652     -0.552     -0.801    23.7948   997.3547 0.0000e+00
     -0.563      0.000     7.9569     94.170      1.890   1.844506    -0.1241      6.683  -506.2110 1.0781e+03    -0.2836     -0.552     -0.801    23.7952   997.3546 0.0000e+00
     -0.563      0.001     7.9584     94.190      1.915   1.869426    -0.1234      6.676  -519.1340 8.1483e+02    -0.3115     -0.552     -0.801    23.7953   997.3545 0.0000e+00
     -0.563      0.001     7.9585     94.194      1.927   1.880865    -0.1217      6.672  -533.9049 8.5463e+02    -0.4060     -0.552     -0.801    23.7957   997.3544 0.0000e+00
     -0.563      0.001     7.9579     94.189      1.902   1.856087    -0.1297      6.669  -549.8094 6.9224e+02    -0.4750     -0.552     -0.801    23.7958   997.3543 0.0000e+00
     -0.562      0.001     7.9583     94.194      1.868   1.823281    -0.1329      6.669  -565.9410 5.9634e+02    -0.4909     -0.552     -0.800    23.7974   997.3540 0.0000e+00
     -0.562      0.001     7.9582     94.196      1.909   1.864386    -0.1609      6.668  -575.7155 8.5191e+02    -0.4996     -0.551     -0.799    23.7979   997.3539 0.0000e+00
     -0.562      0.001     7.9563     94.181      2.344   2.289720    -0.2164      6.669  -520.6923 8.4924e+02    -0.3515     -0.551     -0.799    23.8006   997.3532 0.0000e+00
     -0.562      0.006     7.9513     94.171      6.665   6.522417    -0.2311      6.829   -63.0161 8.3724e+02     1.5297     -0.551     -0.800    23.7982   997.3539 0.0000e+00
     -0.562      0.021     7.9225     94.161     17.249  16.974027    -0.1660      7.298   550.9916 1.1355e+03    22.2457     -0.552     -0.801    23.8038   997.3524 0.0000e+00
     -0.562      0.051     7.8488     94.136     29.689  29.501773     0.4934      7.894   617.8823 1.3357e+03   250.0584     -0.551     -0.799    23.7976   997.3541 0.0000e+00
     -0.560      0.092     7.7534     94.106     38.129  38.306307     1.7067      8.404   454.7689 1.3547e+03   667.5821     -0.552     -0.801    23.8120   997.3503 0.0000e+00
     -0.545      0.140     7.6701     94.079     40.405  40.998973     2.3663      8.791   432.3452 1.3423e+03   893.5702     -0.549     -0.796    23.7947   997.3550 0.0000e+00
     -0.497      0.187     7.6026     94.059     39.592  40.544658     2.4079      9.056   424.2805 1.3309e+03   894.0179     -0.497     -0.720    23.8729   997.3395 0.0000e+00
     -0.424      0.227     7.5518     94.107     38.868  40.114707     2.3047      9.218   420.0685 1.3296e+03   673.0929     -0.415     -0.602    24.4505   997.2004 0.0000e+00
     -0.348      0.253     7.5280     94.286     38.415  39.863928     2.1167      9.311   416.1784 1.2631e+03   264.7514     -0.341     -0.496    25.2184   997.0086 0.0000e+00
     -0.273      0.262     7.5296     94.579     38.232  39.798207     2.0160      9.362   412.6932 1.0016e+03    41.8871     -0.267     -0.386    25.7587   996.8679 0.0000e+00
     -0.201      0.251     7.5491     94.975     38.257  39.891599     2.0147      9.386   409.8501 8.5820e+02    21.5466     -0.193     -0.280    26.2162   996.7461 0.0000e+00
     -0.138      0.228     7.5815     95.478     38.237  39.914030     2.0222      9.396   408.1299 1.1200e+03    19.3739     -0.131     -0.191    26.6513   996.6291 0.0000e+00
     -0.083      0.202     7.6215     96.036     38.119  39.815559     2.0811      9.397   407.9836 1.3492e+03    15.8135     -0.080     -0.115    26.9284   996.5535 0.0000e+00
     -0.036      0.175     7.6649     96.577     38.026  39.716739     2.1979      9.392   407.4787 1.3192e+03     9.5660     -0.031     -0.044    27.0624   996.5168 0.0000e+00
      0.003      0.147     7.7089     97.066     38.011  39.671429     2.2550      9.385   406.4134 1.0713e+03     6.1689      0.006      0.008    27.1416   996.4952 0.0000e+00
      0.036      0.119     7.7494     97.482     38.029  39.648566     2.2601      9.378   405.3419 7.2470e+02     5.8732      0.034      0.049    27.1915   996.4815 0.0000e+00
      0.067      0.093     7.7783     97.790     37.974  39.567196     2.3816      9.370   404.4181 6.6758e+02     5.7936      0.070      0.101    27.2325   996.4703 0.0000e+00
      0.089      0.068     7.7938     97.995     37.856  39.449328     2.6054      9.361   403.9345 8.4626e+02     5.6981      0.093      0.135    27.2308   996.4708 0.0000e+00
      0.099      0.047     7.8130     98.288     37.755  39.366100     2.7292      9.353   403.4522 8.5358e+02     5.6683      0.100      0.144    27.1844   996.4836 0.0000e+00
      0.104      0.029     7.8687     99.057     37.686  39.322700     2.7425      9.347   402.8024 7.4688e+02     5.6631      0.103      0.150    27.1146   996.5030 0.0000e+00
      0.107      0.015     7.9475    100.119     37.642  39.305505     2.7401      9.338   402.3586 7.5901e+02     5.7012      0.105      0.152    27.0741   996.5141 0.0000e+00
      0.107      0.006     7.9943    100.769     37.597  39.285191     2.7349      9.328   402.0435 8.6110e+02     5.8017      0.105      0.152    27.0900   996.5097 0.0000e+00
      0.107      0.002     8.0046    100.944     37.562  39.267574     2.7321      9.320   401.6602 8.3925e+02     5.8618      0.105      0.152    27.1253   996.5000 0.0000e+00
      0.107      0.000     7.9993    100.909     37.564  39.282973     2.7316      9.314   401.4242 6.4500e+02     5.8706      0.105      0.152    27.1651   996.4889 0.0000e+00
      0.107 4.2120e-08     7.9723    100.586     37.554  39.280953     2.6776      9.309   401.3410 6.3622e+02     5.8748      0.104      0.151    27.2060   996.4775 0.0000e+00
      0.107 4.6332e-07     7.9128     99.848     37.514  39.243155     2.5636      9.303   400.9989 7.9388e+02     5.8800      0.105      0.152    27.2410   996.4679 0.0000e+00
      0.107 4.6301e-07     7.8225     98.716     37.476  39.206853     2.4984      9.298   400.3852 8.6742e+02     5.8687      0.106      0.153    27.2672   996.4606 0.0000e+00
      0.107 3.8306e-08     7.7051     97.238     37.430  39.159441     2.4962      9.293   400.1149 9.3121e+02     5.8692      0.105      0.152    27.2833   996.4562 0.0000e+00
      0.107 1.4018e-10     7.5745     95.589     37.387  39.114259     2.5026      9.288   400.0534 1.0018e+03     5.8857      0.105      0.153    27.2923   996.4536 0.0000e+00
      0.107 1.5420e-09     7.4573     94.112     37.377  39.104910     2.5063      9.283   399.5558 9.5742e+02     5.8714      0.105      0.153    27.2987   996.4518 0.0000e+00
      0.107 1.6962e-08     7.3632     92.933     37.378  39.109892     2.4976      9.278   398.6579 8.2200e+02     5.8273      0.106      0.153    27.3030   996.4507 0.0000e+00
      0.107 1.8658e-07     7.2894     92.016     37.373  39.111026     2.5009      9.273   397.7155 7.6071e+02     5.8116      0.105      0.153    27.3050   996.4500 0.0000e+00
      0.107 1.8963e-07     7.2361     91.353     37.376  39.118631     2.6156      9.268   397.6257 7.5460e+02     5.8456      0.106      0.153    27.3034   996.4505 0.0000e+00
      0.107 5.3881e-08     7.1988     90.886     37.393  39.138371     2.8094      9.264   398.2597 6.9631e+02     5.8775      0.105      0.153    27.3029   996.4507 0.0000e+00
      0.107 4.0796e-07     7.1707     90.524     37.417  39.159252     2.9110      9.259   398.3268 7.0378e+02     5.8699      0.105      0.152    27.3096   996.4488 0.0000e+00
      0.107      0.000     7.1487     90.234     37.442  39.180662     2.9255      9.254   397.9209 8.6049e+02     5.8512      0.105      0.153    27.3190   996.4462 0.0000e+00
      0.108      0.000     7.1328     90.024     37.472  39.206783     2.9325      9.250   397.1375 9.8860e+02     5.8480      0.105      0.153    27.3268   996.4440 0.0000e+00
      0.108      0.001     7.1290     89.972     37.487  39.221153     2.9868      9.248   395.9109 8.9654e+02     5.7662      0.107      0.154    27.3297   996.4432 0.0000e+00
      0.108      0.001     7.1551     90.303     37.492  39.227455     3.0966      9.246   395.5654 6.3374e+02     5.6160      0.106      0.155    27.3238   996.4449 0.0000e+00
      0.108      0.000     7.2271     91.214     37.483  39.219491     3.1586      9.243   396.3158 4.7878e+02     5.5400      0.105      0.153    27.3141   996.4476 0.0000e+00
      0.108 1.8474e-08     7.3439     92.694     37.451  39.188344     3.1559      9.241   396.8092 5.2112e+02     5.5351      0.106      0.154    27.3078   996.4493 0.0000e+00
      0.108 2.0321e-07     7.4917     94.564     37.430  39.168260     3.1677      9.239   396.6264 5.8542e+02     5.6223      0.106      0.154    27.3059   996.4499 0.0000e+00
      0.108 2.0321e-07     7.6489     96.553     37.428  39.167105     3.2058      9.236   396.1712 6.3417e+02     5.7755      0.106      0.154    27.3070   996.4495 0.0000e+00
      0.108 1.8474e-08     7.7949     98.398     37.433  39.174389     3.2264      9.233   395.6075 7.3536e+02     5.8465      0.106      0.154    27.3092   996.4490 0.0000e+00
      0.108 1.6794e-09     7.9139     99.902     37.450  39.192850     3.2263      9.230   395.1455 9.3823e+02     5.8254      0.105      0.153    27.3121   996.4481 0.0000e+00
      0.108 1.5267e-10     7.9952    100.929     37.457  39.199873     3.1961      9.227   394.9725 1.0505e+03     5.8154      0.107      0.155    27.3155   996.4471 0.0000e+00
      0.108 1.3880e-11     8.0360    101.445     37.453  39.195823     3.1382      9.225   394.8066 9.5201e+02     5.8574      0.106      0.154    27.3181   996.4464 0.0000e+00
      0.108 1.2618e-12     8.0407    101.505     37.463  39.207364     3.1163      9.223   394.3441 8.5481e+02     5.8742      0.106      0.154    27.3200   996.4460 0.0000e+00
      0.108 1.1471e-13     8.0227    101.277     37.468  39.212463     3.1305      9.222   392.6496 7.8436e+02     5.8544      0.106      0.154    27.3209   996.4457 0.0000e+00
      0.108 1.0428e-14     7.9972    100.956     37.450  39.193992     3.1276      9.219   390.2363 8.0546e+02     5.7817      0.106      0.154    27.3210   996.4456 0.0000e+00
      0.108 9.4800e-16     7.9739    100.665     37.430  39.174464     3.1079      9.217   389.2562 8.9291e+02     5.6499      0.107      0.155    27.3212   996.4456 0.0000e+00
      0.108 8.6180e-17     7.9591    100.481     37.422  39.166798     3.1001      9.215   389.6612 8.6634e+02     5.5722      0.106      0.154    27.3215   996.4455 0.0000e+00
      0.108 7.8341e-18     7.9548    100.430     37.419  39.164793     3.1116      9.212   390.2288 8.2267e+02     5.5622      0.106      0.153    27.3216   996.4455 0.0000e+00
      0.108 7.0813e-19     7.9580    100.473     37.404  39.150213     3.1255      9.210   390.1828 7.7406e+02     5.5956      0.106      0.154    27.3221   996.4454 0.0000e+00
      0.109 1.9477e-20     7.9639    100.549     37.372  39.117481     3.1639      9.208   388.5883 6.6157e+02     5.6814      0.107      0.155    27.3235   996.4449 0.0000e+00
      0.109 -4.921e-19     7.9699    100.624     37.342  39.086423     3.2382      9.206   386.0930 6.2832e+02     5.7801      0.107      0.155    27.3250   996.4445 0.0000e+00
      0.109 -5.478e-18     7.9731    100.663     37.348  39.092094     3.2864      9.204   385.3077 6.9473e+02     5.8388      0.107      0.155    27.3268   996.4440 0.0000e+00
      0.108 -6.026e-17     7.9713    100.637     37.379  39.122565     3.2958      9.202   385.9775 6.9305e+02     5.8662      0.106      0.154    27.3286   996.4435 0.0000e+00
      0.108 -6.628e-16     7.9634    100.533     37.395  39.137454     3.2915      9.201   386.1034 6.2510e+02     5.8823      0.106      0.154    27.3292   996.4433 0.0000e+00
      0.109 -7.291e-15     7.9497    100.354     37.404  39.145144     3.2867      9.201   385.3671 5.3516e+02     5.8692      0.107      0.155    27.3293   996.4433 0.0000e+00
      0.109 -8.020e-14     7.9303    100.105     37.412  39.152073     3.2893      9.200   384.0434 4.0891e+02     5.8389      0.107      0.156    27.3293   996.4433 0.0000e+00
      0.109 -8.822e-13     7.9047     99.777     37.420  39.157745     3.2881      9.199   383.0050 3.6171e+02     5.8437      0.107      0.155    27.3273   996.4439 0.0000e+00
      0.109 -9.705e-12     7.8741     99.387     37.415  39.150245     3.2804      9.197   382.5353 3.7096e+02     5.8614      0.107      0.156    27.3238   996.4448 0.0000e+00
      0.109 -1.068e-10     7.8400     98.953     37.392  39.124863     3.2744      9.196   382.4938 3.3417e+02     5.8244      0.107      0.155    27.3207   996.4457 0.0000e+00
      0.109 -1.174e-09     7.8029     98.482     37.373  39.104770     3.2773      9.193   382.8464 3.0176e+02     5.7884      0.107      0.156    27.3181   996.4464 0.0000e+00
      0.109 -1.292e-08     7.7645     97.998     37.366  39.097736     3.2886      9.192   382.7548 3.0360e+02     5.8196      0.107      0.156    27.3157   996.4471 0.0000e+00
      0.109 -1.421e-07     7.7276     97.533     37.371  39.103299     3.2983      9.192   381.9881 3.0733e+02     5.8741      0.107      0.156    27.3129   996.4479 0.0000e+00
      0.109 -2.605e-07     7.6939     97.108     37.376  39.108547     3.2999      9.191   381.2349 3.0194e+02     5.8908      0.107      0.156    27.3107   996.4485 0.0000e+00
      0.109 -1.421e-07     7.6624     96.710     37.366  39.097713     3.2906      9.191   380.6167 3.0721e+02     5.8579      0.108      0.156    27.3098   996.4488 0.0000e+00
      0.109 -1.291e-08     7.6309     96.309     37.368  39.099261     3.2808      9.190   380.0207 3.1033e+02     5.8373      0.107      0.155    27.3101   996.4487 0.0000e+00
      0.109 -1.174e-09     7.5947     95.849     37.397  39.127271     3.2848      9.188   380.2229 3.0358e+02     5.9028      0.107      0.155    27.3110   996.4484 0.0000e+00
      0.109 -1.068e-10     7.5513     95.295     37.392  39.118973     3.2965      9.186   380.9959 3.0649e+02     6.0278      0.107      0.155    27.3113   996.4483 0.0000e+00
      0.109 -9.705e-12     7.5044     94.696     37.341  39.062410     3.3003      9.184   380.8492 3.0310e+02     6.1028      0.108      0.156    27.3109   996.4484 0.0000e+00
      0.109 -8.820e-13     7.4577     94.096     37.300  39.014677     3.2964      9.182   379.7407 3.1666e+02     6.0884      0.107      0.156    27.3098   996.4487 0.0000e+00
      0.109 -8.020e-14     7.4108     93.495     37.277  38.986185     3.3102      9.179   378.6064 3.5040e+02     6.0831      0.107      0.155    27.3074   996.4494 0.0000e+00
      0.109 -7.290e-15     7.3653     92.910     37.268  38.971826     3.3365      9.176   379.0079 3.3514e+02     6.1044      0.107      0.156    27.3036   996.4505 0.0000e+00
      0.110 -6.625e-16     7.3252     92.391     37.269  38.968014     3.3461      9.172   380.5506 3.0428e+02     6.0840      0.108      0.156    27.2987   996.4518 0.0000e+00
      0.110 -6.025e-17     7.2925     91.965     37.248  38.940091     3.3478      9.169   380.9980 3.4007e+02     6.0654      0.108      0.156    27.2928   996.4534 0.0000e+00
