Data/DataNotYetUploadedToEDI/Raw_CTD/RawDownloads/082020_bvr50.cnv
* Sea-Bird SBE19plus  Data File:
* FileName = C:\DATA\082020_bvr50_0001.hex
* Software version 2.8.0.119
* Temperature SN = 7809
* Conductivity SN = 7809
* System UpLoad Time = Aug 20 2020 15:12:34
* <ApplicationData>
* <Seaterm232>
# nquan = 16
# nvalues = 4024                        
# units = specified
# name 0 = depFM: Depth [fresh water, m]
# name 1 = dz/dtM: Descent Rate [m/s]
# name 2 = sbeox0ML/L: Oxygen, SBE 43 [ml/l]
# name 3 = sbeox0PS: Oxygen, SBE 43 [% saturation]
# name 4 = specc: Specific Conductance [uS/cm]
# name 5 = c0uS/cm: Conductivity [uS/cm]
# name 6 = flECO-AFL: Fluorescence, WET Labs ECO-AFL/FL [mg/m^3]
# name 7 = ph: pH
# name 8 = orp: Oxidation Reduction Potential [mV]
# name 9 = par/sat/log: PAR/Logarithmic, Satlantic
# name 10 = turbWETntu0: Turbidity, WET Labs ECO [NTU]
# name 11 = prdM: Pressure, Strain Gauge [db]
# name 12 = prdE: Pressure, Strain Gauge [psi]
# name 13 = tv290C: Temperature [ITS-90, deg C]
# name 14 = density00: Density [density, kg/m^3]
# name 15 = flag:  0.000e+00
# span 0 =     -0.730,     10.351       
# span 1 =     -0.520,      3.857       
# span 2 =     0.0236,     5.8423       
# span 3 =      0.362,    100.418       
# span 4 =      3.591,    146.698       
# span 5 =   3.419733, 101.827298       
# span 6 =    -1.9338,     8.7698       
# span 7 =     12.099,     12.481       
# span 8 =  -125.3939,  1067.0279       
# span 9 = 1.2350e-01, 1.1546e+03       
# span 10 =    -0.0545,    69.7213      
# span 11 =     -0.717,     10.151      
# span 12 =     -1.039,     14.723      
# span 13 =     9.6939,    24.9584      
# span 14 =   997.0725,   999.8304      
# span 15 = 0.0000e+00, 0.0000e+00      
# interval = seconds: 0.25
# start_time = Aug 19 2020 20:06:54 [Instrument's time stamp, header]
# bad_flag = -9.990e-29
*END*
[from data line 2622]
      9.359     -0.006     0.0435      0.490    120.764  85.177996     2.9706     12.475  -122.1310 1.2369e-01     2.2837      9.177     13.310    10.2517   999.7678 0.0000e+00
      9.360     -0.004     0.0417      0.473    120.852  85.243096     2.8901     12.475  -122.0357 1.2367e-01     2.4231      9.179     13.312    10.2540   999.7676 0.0000e+00
      9.360     -0.003     0.0405      0.470    120.878  85.264973     2.8275     12.475  -122.0298 1.2367e-01     2.4446      9.180     13.314    10.2575   999.7672 0.0000e+00
      9.359     -0.000     0.0398      0.465    120.853  85.251661     2.8053     12.476  -122.1455 1.2367e-01     2.4058      9.179     13.312    10.2616   999.7669 0.0000e+00
      9.358      0.003     0.0390      0.476    120.791  85.209379     2.8029     12.476  -122.2306 1.2365e-01     2.4011      9.176     13.309    10.2642   999.7667 0.0000e+00
      9.357      0.005     0.0359      0.513    120.775  85.199046     2.8174     12.475  -122.2843 1.2361e-01     2.4556      9.175     13.308    10.2647   999.7666 0.0000e+00
      9.358      0.003     0.0377      0.518    120.940  85.317578     2.8473     12.475  -122.4501 1.2356e-01     2.5502      9.176     13.309    10.2661   999.7665 0.0000e+00
      9.363     -0.004     0.0364      0.501    121.193  85.497450     2.8773     12.474  -122.6874 1.2350e-01     2.6179      9.180     13.314    10.2688   999.7663 0.0000e+00
      9.369     -0.015     0.0350      0.497    121.329  85.592625     2.8850     12.473  -122.7436 1.2351e-01     2.6564      9.190     13.329    10.2691   999.7663 0.0000e+00
      9.370     -0.027     0.0428      0.490    121.403  85.641319     2.8171     12.473  -122.6135 1.2360e-01     2.5006      9.196     13.336    10.2685   999.7663 0.0000e+00
      9.357     -0.039     0.0413      0.477    121.498  85.704501     2.6950     12.474  -122.5768 1.2368e-01     2.1424      9.181     13.314    10.2703   999.7661 0.0000e+00
      9.335     -0.049     0.0380      0.459    121.525  85.720374     2.6197     12.474  -122.7306 1.2371e-01     1.8956      9.151     13.273    10.2712   999.7661 0.0000e+00
      9.315     -0.055     0.0397      0.430    121.505  85.706000     2.6125     12.473  -122.8385 1.2375e-01     1.8506      9.132     13.244    10.2707   999.7660 0.0000e+00
      9.303     -0.054     0.0386      0.400    121.524  85.721567     2.7323     12.472  -122.7630 1.2379e-01     2.0102      9.123     13.231    10.2695   999.7661 0.0000e+00
      9.291     -0.047     0.0374      0.380    121.517  85.717742     2.9523     12.472  -122.6770 1.2379e-01     2.2810      9.112     13.216    10.2673   999.7663 0.0000e+00
      9.279     -0.037     0.0367      0.372    121.433  85.659755     3.0789     12.473  -122.6599 1.2370e-01     2.4126      9.100     13.197    10.2651   999.7665 0.0000e+00
      9.269     -0.027     0.0337      0.391    121.336  85.593000     3.0900     12.474  -122.6417 1.2364e-01     2.4350      9.089     13.181    10.2653   999.7664 0.0000e+00
      9.262     -0.020     0.0311      0.433    121.265  85.546785     3.0009     12.474  -122.7157 1.2366e-01     2.4821      9.081     13.171    10.2672   999.7662 0.0000e+00
      9.260     -0.015     0.0297      0.455    121.257  85.546294     2.8307     12.474  -122.8657 1.2365e-01     2.5351      9.079     13.167    10.2678   999.7661 0.0000e+00
      9.261     -0.013     0.0285      0.452    121.307  85.587072     2.7298     12.474  -122.9928 1.2370e-01     2.5608      9.081     13.171    10.2678   999.7661 0.0000e+00
      9.262     -0.014     0.0295      0.479    121.312  85.594510     2.7251     12.474  -123.0479 1.2378e-01     2.5878      9.085     13.177    10.2684   999.7660 0.0000e+00
      9.260     -0.016     0.0349      0.538    121.278  85.572617     2.7548     12.474  -123.0156 1.2371e-01     2.5861      9.084     13.175    10.2701   999.7659 0.0000e+00
      9.252     -0.021     0.0374      0.578    121.281  85.576836     2.7934     12.474  -123.0325 1.2359e-01     2.5061      9.074     13.160    10.2722   999.7657 0.0000e+00
      9.242     -0.026     0.0336      0.563    121.286  85.581909     2.8203     12.473  -123.0800 1.2363e-01     2.4456      9.062     13.142    10.2748   999.7654 0.0000e+00
      9.235     -0.030     0.0365      0.532    121.269  85.570334     2.8315     12.472  -123.0744 1.2375e-01     2.4377      9.057     13.135    10.2765   999.7652 0.0000e+00
      9.229     -0.031     0.0428      0.540    121.259  85.564125     2.8534     12.472  -123.1360 1.2377e-01     2.3417      9.053     13.130    10.2771   999.7651 0.0000e+00
      9.221     -0.031     0.0475      0.555    121.272  85.570459     2.8938     12.474  -123.2229 1.2375e-01     2.1772      9.042     13.115    10.2780   999.7649 0.0000e+00
      9.211     -0.031     0.0450      0.534    121.298  85.583301     2.9288     12.475  -123.2645 1.2378e-01     2.1313      9.031     13.100    10.2784   999.7649 0.0000e+00
      9.205     -0.031     0.0393      0.494    121.320  85.592155     2.9437     12.474  -123.2950 1.2375e-01     2.1988      9.028     13.094    10.2787   999.7648 0.0000e+00
      9.198     -0.031     0.0424      0.467    121.362  85.613887     2.9114     12.473  -123.3338 1.2372e-01     2.3070      9.022     13.085    10.2795   999.7647 0.0000e+00
      9.188     -0.030     0.0451      0.450    121.432  85.655207     2.8534     12.473  -123.3898 1.2370e-01     2.4099      9.010     13.068    10.2786   999.7647 0.0000e+00
      9.178     -0.029     0.0425      0.446    121.527  85.710040     2.8325     12.473  -123.3694 1.2362e-01     2.4474      8.999     13.052    10.2762   999.7649 0.0000e+00
      9.173     -0.029     0.0377      0.455    121.628  85.767918     2.8405     12.474  -123.3455 1.2358e-01     2.4505      8.994     13.045    10.2730   999.7652 0.0000e+00
      9.168     -0.028     0.0368      0.463    121.668  85.782428     2.8350     12.474  -123.3590 1.2360e-01     2.4133      8.991     13.041    10.2697   999.7655 0.0000e+00
      9.161     -0.027     0.0349      0.493    121.650  85.758233     2.8429     12.474  -123.3608 1.2363e-01     2.3405      8.985     13.032    10.2669   999.7657 0.0000e+00
      9.153     -0.028     0.0340      0.528    121.623  85.729842     2.8888     12.474  -123.3663 1.2362e-01     2.3252      8.976     13.020    10.2620   999.7662 0.0000e+00
      9.146     -0.029     0.0366      0.523    121.578  85.693608     2.9226     12.475  -123.3400 1.2363e-01     2.3665      8.969     13.009    10.2554   999.7668 0.0000e+00
      9.139     -0.029     0.0352      0.507    121.497  85.638214     2.9366     12.475  -123.3006 1.2367e-01     2.4279      8.962     12.999    10.2498   999.7673 0.0000e+00
      9.131     -0.027     0.0378      0.503    121.386  85.569019     2.9241     12.475  -123.2336 1.2365e-01     2.4497      8.955     12.987    10.2453   999.7676 0.0000e+00
      9.122     -0.023     0.0440      0.487    121.262  85.493160     2.8766     12.474  -123.2188 1.2366e-01     2.4237      8.946     12.973    10.2413   999.7680 0.0000e+00
      9.115     -0.019     0.0409      0.461    121.146  85.420802     2.8396     12.474  -123.2940 1.2371e-01     2.4222      8.937     12.962    10.2384   999.7682 0.0000e+00
      9.111     -0.016     0.0388      0.437    121.096  85.393927     2.8195     12.475  -123.2820 1.2370e-01     2.3980      8.934     12.957    10.2394   999.7681 0.0000e+00
      9.110     -0.015     0.0404      0.427    121.127  85.422692     2.8053     12.475  -123.2455 1.2368e-01     2.3373      8.934     12.957    10.2439   999.7676 0.0000e+00
      9.110     -0.016     0.0385      0.444    121.162  85.450530     2.8015     12.474  -123.2832 1.2368e-01     2.3398      8.934     12.958    10.2494   999.7670 0.0000e+00
      9.108     -0.018     0.0361      0.475    121.106  85.412433     2.8116     12.474  -123.2222 1.2368e-01     2.4287      8.934     12.958    10.2533   999.7666 0.0000e+00
      9.101     -0.020     0.0338      0.478    121.002  85.343763     2.8223     12.473  -123.1104 1.2372e-01     2.4854      8.927     12.948    10.2566   999.7663 0.0000e+00
      9.091     -0.022     0.0330      0.476    120.957  85.320022     2.8353     12.473  -123.1355 1.2375e-01     2.4413      8.913     12.929    10.2600   999.7660 0.0000e+00
      9.083     -0.023     0.0333      0.496    120.941  85.316246     2.8648     12.474  -123.1817 1.2375e-01     2.3764      8.905     12.916    10.2606   999.7659 0.0000e+00
      9.079     -0.023     0.0393      0.505    120.906  85.298116     2.8828     12.474  -123.1524 1.2371e-01     2.3532      8.903     12.913    10.2604   999.7658 0.0000e+00
      9.075     -0.021     0.0376      0.502    120.890  85.291675     2.8813     12.474  -123.1254 1.2365e-01     2.3325      8.900     12.909    10.2625   999.7656 0.0000e+00
      9.070     -0.019     0.0356      0.503    120.899  85.301987     2.9418     12.473  -123.1137 1.2367e-01     2.2979      8.894     12.901    10.2664   999.7652 0.0000e+00
      9.064     -0.018     0.0404      0.497    120.886  85.295566     3.0707     12.472  -123.0110 1.2375e-01     2.3469      8.889     12.892    10.2699   999.7648 0.0000e+00
      9.059     -0.019     0.0397      0.477    120.861  85.277661     3.1522     12.472  -122.9151 1.2378e-01     2.4784      8.884     12.886    10.2725   999.7645 0.0000e+00
      9.055     -0.020     0.0390      0.466    120.861  85.276350     3.1648     12.472  -122.9873 1.2371e-01     2.5489      8.880     12.880    10.2744   999.7643 0.0000e+00
      9.052     -0.023     0.0396      0.466    120.866  85.279710     3.1367     12.473  -123.1100 1.2359e-01     2.5463      8.877     12.876    10.2760   999.7642 0.0000e+00
      9.047     -0.027     0.0397      0.469    120.830  85.254661     3.0892     12.473  -123.1945 1.2359e-01     2.5496      8.873     12.870    10.2771   999.7641 0.0000e+00
      9.039     -0.029     0.0369      0.481    120.791  85.227961     3.0672     12.473  -123.2342 1.2369e-01     2.5547      8.866     12.859    10.2768   999.7640 0.0000e+00
      9.029     -0.031     0.0360      0.491    120.766  85.211337     3.0614     12.473  -123.2457 1.2368e-01     2.5739      8.856     12.844    10.2756   999.7641 0.0000e+00
      9.019     -0.031     0.0369      0.494    120.720  85.180892     3.0669     12.473  -123.2468 1.2360e-01     2.5756      8.845     12.827    10.2759   999.7640 0.0000e+00
      9.010     -0.030     0.0362      0.517    120.712  85.177935     3.0865     12.474  -123.2476 1.2362e-01     2.5073      8.835     12.814    10.2769   999.7639 0.0000e+00
      9.003     -0.028     0.0377      0.534    120.706  85.175591     3.0882     12.474  -123.2558 1.2369e-01     2.4684      8.829     12.805    10.2764   999.7639 0.0000e+00
      8.998     -0.025     0.0397      0.521    120.581  85.088943     3.0781     12.473  -123.2595 1.2373e-01     2.4487      8.824     12.798    10.2765   999.7639 0.0000e+00
      8.993     -0.023     0.0373      0.509    120.392  84.957274     3.0694     12.473  -123.2935 1.2375e-01     2.3720      8.819     12.791    10.2779   999.7637 0.0000e+00
      8.988     -0.021     0.0406      0.499    120.245  84.855900     3.0299     12.473  -123.4077 1.2372e-01     2.3309      8.814     12.785    10.2791   999.7636 0.0000e+00
      8.982     -0.020     0.0439      0.481    120.094  84.753845     2.9727     12.473  -123.5227 1.2367e-01     2.3636      8.808     12.776    10.2800   999.7634 0.0000e+00
      8.976     -0.019     0.0396      0.462    119.979  84.677549     2.9504     12.472  -123.4794 1.2367e-01     2.3898      8.803     12.767    10.2807   999.7633 0.0000e+00
      8.971     -0.019     0.0405      0.460    120.000  84.696793     2.9512     12.472  -123.4001 1.2367e-01     2.4077      8.799     12.761    10.2807   999.7632 0.0000e+00
      8.967     -0.020     0.0391      0.470    120.045  84.732072     2.9529     12.472  -123.4238 1.2365e-01     2.4775      8.793     12.753    10.2816   999.7631 0.0000e+00
      8.963     -0.020     0.0382      0.478    120.030  84.722425     2.9622     12.473  -123.4220 1.2366e-01     2.5806      8.789     12.748    10.2841   999.7628 0.0000e+00
      8.959     -0.020     0.0354      0.479    120.011  84.707376     2.9678     12.473  -123.3785 1.2367e-01     2.6248      8.787     12.744    10.2860   999.7625 0.0000e+00
      8.953     -0.021     0.0356      0.464    119.969  84.677342     2.9547     12.472  -123.4138 1.2368e-01     2.5994      8.781     12.736    10.2881   999.7623 0.0000e+00
      8.946     -0.022     0.0374      0.476    119.877  84.613739     2.9372     12.472  -123.5046 1.2373e-01     2.4798      8.772     12.723    10.2899   999.7621 0.0000e+00
      8.940     -0.023     0.0367      0.515    119.817  84.574498     2.9370     12.471  -123.5303 1.2374e-01     2.2771      8.766     12.714    10.2900   999.7620 0.0000e+00
      8.935     -0.023     0.0391      0.520    119.825  84.584571     2.9521     12.471  -123.5526 1.2370e-01     2.1743      8.763     12.710    10.2887   999.7622 0.0000e+00
      8.929     -0.022     0.0351      0.521    119.853  84.608312     2.9672     12.472  -123.6024 1.2371e-01     2.1986      8.758     12.702    10.2883   999.7622 0.0000e+00
      8.923     -0.021     0.0355      0.556    119.846  84.607101     2.9577     12.472  -123.6160 1.2368e-01     2.2613      8.751     12.692    10.2891   999.7620 0.0000e+00
      8.918     -0.020     0.0429      0.571    119.790  84.569927     2.9135     12.472  -123.6308 1.2368e-01     2.3147      8.746     12.685    10.2909   999.7618 0.0000e+00
      8.913     -0.020     0.0410      0.559    119.746  84.540527     2.8711     12.471  -123.6096 1.2371e-01     2.3296      8.741     12.678    10.2928   999.7616 0.0000e+00
      8.908     -0.019     0.0382      0.549    119.693  84.506087     2.8653     12.471  -123.6172 1.2371e-01     2.3383      8.737     12.671    10.2941   999.7615 0.0000e+00
      8.904     -0.016     0.0453      0.521    119.550  84.407977     2.8809     12.471  -123.6372 1.2371e-01     2.4540      8.731     12.664    10.2959   999.7613 0.0000e+00
      8.900     -0.014     0.0460      0.484    119.407  84.308486     2.8885     12.472  -123.5922 1.2370e-01     2.6637      8.727     12.658    10.2969   999.7611 0.0000e+00
      8.896     -0.011     0.0427      0.463    119.333  84.257340     2.8902     12.472  -123.5894 1.2371e-01     2.7792      8.723     12.652    10.2975   999.7611 0.0000e+00
      8.893     -0.008     0.0440      0.411    119.210  84.171260     2.8915     12.472  -123.6035 1.2373e-01     2.7527      8.720     12.647    10.2987   999.7609 0.0000e+00
      8.892     -0.006     0.0420      0.364    119.099  84.094652     2.9046     12.472  -123.5919 1.2368e-01     2.6177      8.720     12.647    10.3002   999.7607 0.0000e+00
      8.892     -0.006     0.0356      0.389    119.186  84.158038     2.9341     12.472  -123.5339 1.2364e-01     2.4514      8.721     12.649    10.3008   999.7606 0.0000e+00
      8.891     -0.008     0.0385      0.416    119.386  84.301538     2.9427     12.472  -123.5048 1.2364e-01     2.3904      8.719     12.646    10.3007   999.7606 0.0000e+00
      8.891     -0.011     0.0333      0.447    119.477  84.366615     2.9332     12.473  -123.5843 1.2364e-01     2.3950      8.719     12.645    10.3011   999.7605 0.0000e+00
      8.889     -0.015     0.0236      0.507    119.397  84.308752     2.8954     12.473  -123.5488 1.2368e-01     2.3359      8.719     12.646    10.3017   999.7604 0.0000e+00
      8.884     -0.017     0.0325      0.528    119.300  84.238047     2.8187     12.472  -123.4202 1.2373e-01     2.2587      8.714     12.638    10.3028   999.7603 0.0000e+00
