Data/DataNotYetUploadedToEDI/Raw_CTD/RawDownloads/082018_fcr20.cnv
* Sea-Bird SBE19plus  Data File:
* FileName = C:\DATA\082018_fcr_0003.hex
* Software version 2.6.3.104
* Temperature SN = 7809
* Conductivity SN = 7809
* System UpLoad Time = Aug 20 2018 17:52:50
* <ApplicationData>
* <Seaterm232>
# nquan = 17
# nvalues = 768                         
# units = specified
# name 0 = depFM: Depth [fresh water, m]
# name 1 = tv290C: Temperature [ITS-90, deg C]
# name 2 = sbeox0Mg/L: Oxygen, SBE 43 [mg/l]
# name 3 = sbeox0PS: Oxygen, SBE 43 [% saturation]
# name 4 = c0uS/cm: Conductivity [uS/cm]
# name 5 = specc: Specific Conductance [uS/cm]
# name 6 = ph: pH
# name 7 = orp: Oxidation Reduction Potential [mV]
# name 8 = flECO-AFL: Fluorescence, WET Labs ECO-AFL/FL [mg/m^3]
# name 9 = turbWETntu0: Turbidity, WET Labs ECO [NTU]
# name 10 = sal00: Salinity, Practical [PSU]
# name 11 = dz/dtM: Descent Rate [m/s]
# name 12 = prdM: Pressure, Strain Gauge [db]
# name 13 = prdE: Pressure, Strain Gauge [psi]
# name 14 = scan: Scan Count
# name 15 = par/sat/log: PAR/Logarithmic, Satlantic
# name 16 = flag:  0.000e+00
# span 0 =     -0.547,      3.561       
# span 1 =    17.8948,    25.9220       
# span 2 =     0.0251,     8.6717       
# span 3 =      0.289,    106.318       
# span 4 =   0.045090,  93.340378       
# span 5 =      0.476,    108.789       
# span 6 =      6.177,      7.950       
# span 7 =   154.9378,   302.5811       
# span 8 =    -0.1981,    12.7941       
# span 9 =    -0.0900,    12.4517       
# span 10 =     0.0110,     0.0540      
# span 11 =     -0.096,      0.229      
# span 12 =     -0.537,      3.492      
# span 13 =     -0.778,      5.064      
# span 14 =          1,        768      
# span 15 = 2.5265e+00, 5.1849e+02      
# span 16 = 0.0000e+00, 0.0000e+00      
# interval = seconds: 0.25
# start_time = Aug 20 2018 16:14:47 [Instrument's time stamp, header]
# bad_flag = -9.990e-29
*END*
[from data line 596]
      1.389    25.6034     8.1113     99.183  36.475985     36.037      7.881   254.8809     5.6207     1.1856     0.0242      0.049      1.364      1.978        597 6.3049e+01 0.0000e+00
      1.401    25.6010     8.1122     99.189  36.500194     36.065      7.878   254.8052     5.6773     1.1856     0.0242      0.047      1.376      1.995        598 6.1941e+01 0.0000e+00
      1.418    25.5990     8.1122     99.185  36.488603     36.038      7.873   255.1459     5.6450     1.2259     0.0242      0.046      1.389      2.015        599 6.1064e+01 0.0000e+00
      1.430    25.5978     8.1121     99.180  36.460750     36.040      7.868   255.1081     5.5398     1.0782     0.0242      0.045      1.402      2.034        600 6.0578e+01 0.0000e+00
      1.443    25.5973     8.1103     99.154  36.445879     35.986      7.863   254.8431     5.5034     0.9708     0.0242      0.046      1.417      2.055        601 5.9572e+01 0.0000e+00
      1.462    25.5953     8.1158     99.220  36.507110     36.098      7.860   255.4488     5.5196     1.0648     0.0243      0.049      1.434      2.080        602 5.8372e+01 0.0000e+00
      1.482    25.5876     8.1139     99.196  36.503188     36.043      7.851   255.2216     5.5236     1.0648     0.0242      0.054      1.453      2.106        603 5.7643e+01 0.0000e+00
      1.498    25.5773     8.1106     99.156  36.480421     36.072      7.840   255.4866     5.7744     1.0648     0.0242      0.058      1.469      2.130        604 5.6775e+01 0.0000e+00
      1.514    25.5678     8.1157     99.218  36.446468     35.995      7.828   256.0166     5.7824     0.9976     0.0242      0.062      1.483      2.150        605 5.6202e+01 0.0000e+00
      1.522    25.5611     8.1374     99.475  36.456468     36.057      7.815   255.5245     5.7663     1.0245     0.0242      0.062      1.493      2.165        606 5.5779e+01 0.0000e+00
      1.532    25.5569     8.1567     99.697  36.438320     36.009      7.809   256.0545     5.7905     1.1051     0.0242      0.060      1.502      2.179        607 5.5337e+01 0.0000e+00
      1.541    25.5538     8.1723     99.866  36.469057     36.069      7.805   255.8274     5.7622     0.9305     0.0242      0.056      1.511      2.192        608 5.4943e+01 0.0000e+00
      1.550    25.5514     8.1617     99.727  36.507198     36.099      7.808   256.4331     5.7137     1.0648     0.0243      0.052      1.520      2.205        609 5.4375e+01 0.0000e+00
      1.559    25.5492     8.1581     99.684  36.479835     36.074      7.805   256.2438     5.7137     1.0916     0.0242      0.045      1.529      2.217        610 5.3900e+01 0.0000e+00
      1.567    25.5477     8.1521     99.607  36.473452     36.076      7.807   256.4709     5.7056     0.9976     0.0242      0.040      1.536      2.228        611 5.3583e+01 0.0000e+00
      1.573    25.5469     8.1439     99.507  36.426166     36.022      7.805   256.6981     5.7177     1.1319     0.0242      0.036      1.543      2.238        612 5.3266e+01 0.0000e+00
      1.580    25.5463     8.1267     99.303  36.420048     36.023      7.807   256.6224     6.0251     1.0916     0.0242      0.033      1.552      2.251        613 5.2501e+01 0.0000e+00
      1.593    25.5463     8.1106     99.103  36.481065     36.079      7.807   256.3195     6.0453     1.0916     0.0242      0.033      1.564      2.268        614 5.1572e+01 0.0000e+00
      1.611    25.5458     8.1086     99.025  36.498525     36.107      7.802   256.6981     6.0412     1.0245     0.0243      0.036      1.578      2.288        615 5.1008e+01 0.0000e+00
      1.622    25.5420     8.1117     98.982  36.487297     36.079      7.800   256.7359     6.0170     1.0514     0.0242      0.039      1.590      2.306        616 5.0564e+01 0.0000e+00
      1.632    25.5340     8.1169     98.996  36.465382     36.079      7.796   256.7738     5.7824     1.2393     0.0242      0.041      1.599      2.320        617 5.0027e+01 0.0000e+00
      1.640    25.5225     8.1089     98.875  36.377506     35.972      7.792   256.8874     5.7663     1.2393     0.0242      0.042      1.607      2.332        618 4.9806e+01 0.0000e+00
      1.646    25.5170     8.0724     98.383  36.418706     36.032      7.787   257.1524     5.7905     1.2393     0.0242      0.042      1.614      2.341        619 4.9557e+01 0.0000e+00
      1.652    25.5177     7.9985     97.460  36.443772     36.069      7.787   257.3416     5.7946     1.3333     0.0242      0.041      1.620      2.349        620 4.9181e+01 0.0000e+00
      1.657    25.5162     7.9210     96.517  36.435293     36.045      7.784   257.4174     5.9037     0.9842     0.0242      0.037      1.625      2.358        621 4.8952e+01 0.0000e+00
      1.663    25.5154     7.8357     95.483  36.458920     36.099      7.783   257.3416     5.8957     1.0782     0.0242      0.032      1.632      2.368        622 4.8451e+01 0.0000e+00
      1.673    25.5193     7.7616     94.543  36.444029     36.046      7.781   257.3795     5.9078     1.0916     0.0242      0.028      1.642      2.383        623 4.7744e+01 0.0000e+00
      1.688    25.5165     7.7048     93.791  36.453824     36.101      7.778   257.6824     5.8957     1.1185     0.0242      0.029      1.657      2.403        624 4.6974e+01 0.0000e+00
      1.707    25.4877     7.6454     93.022  36.446729     36.043      7.774   257.6824     5.6935     1.0916     0.0242      0.034      1.673      2.426        625 4.6125e+01 0.0000e+00
      1.722    25.4430     7.6218     92.710  36.660473     36.293      7.769   257.9474     5.6813     1.0111     0.0243      0.039      1.688      2.447        626 4.5616e+01 0.0000e+00
      1.732    25.4168     7.6054     92.502  36.840330     36.481      7.766   258.2502     5.7056     1.0648     0.0244      0.045      1.699      2.464        627 4.5152e+01 0.0000e+00
      1.743    25.4016     7.5517     91.842  36.786440     36.458      7.763   258.3638     5.7177     1.0379     0.0244      0.049      1.709      2.479        628 4.4546e+01 0.0000e+00
      1.753    25.3777     7.4423     90.477  36.786876     36.477      7.761   258.5909     5.6975     1.0514     0.0244      0.051      1.718      2.491        629 4.4329e+01 0.0000e+00
      1.758    25.3637     7.3117     88.838  36.780481     36.487      7.753   258.5909     5.7703     1.2393     0.0244      0.049      1.723      2.499        630 4.4207e+01 0.0000e+00
      1.760    25.3659     7.1590     86.902  36.853726     36.561      7.748   258.6667     5.7744     1.2662     0.0244      0.044      1.728      2.506        631 4.3851e+01 0.0000e+00
      1.768    25.3670     7.0164     85.124  36.844031     36.598      7.747   258.4774     5.7703     1.2125     0.0244      0.037      1.736      2.518        632 4.3273e+01 0.0000e+00
      1.784    25.3465     6.8833     83.496  36.822212     36.514      7.744   258.7802     5.7946     1.3065     0.0244      0.034      1.750      2.538        633 4.2413e+01 0.0000e+00
      1.802    25.3119     6.7476     81.832  36.791903     36.567      7.737   259.1209     6.1221     1.2662     0.0244      0.035      1.766      2.562        634 4.1683e+01 0.0000e+00
      1.818    25.2856     6.6383     80.491  37.148690     36.805      7.731   259.4617     6.0817     1.2931     0.0245      0.039      1.782      2.584        635 4.1098e+01 0.0000e+00
      1.831    25.2699     6.5393     79.251  38.009524     37.858      7.723   259.6509     6.0898     1.2931     0.0249      0.043      1.794      2.602        636 4.0690e+01 0.0000e+00
      1.839    25.2654     6.4905     78.494  38.301097     38.017      7.716   259.2345     6.0898     1.2931     0.0250      0.047      1.804      2.617        637 4.0413e+01 0.0000e+00
      1.848    25.2598     6.4640     77.969  38.150243     38.001      7.708   259.3859     6.5467     1.2796     0.0250      0.049      1.815      2.632        638 3.9845e+01 0.0000e+00
      1.865    25.2410     6.4535     77.649  38.108283     37.838      7.704   259.7267     6.5588     1.2393     0.0249      0.052      1.831      2.657        639 3.8912e+01 0.0000e+00
      1.890    25.2071     6.4605     77.579  38.471969     38.314      7.692   260.1052     6.5184     1.2393     0.0251      0.055      1.853      2.687        640 3.7910e+01 0.0000e+00
      1.913    25.1596     6.5058     77.940  38.765473     38.552      7.679   260.0295     6.5265     1.2259     0.0252      0.058      1.874      2.717        641 3.7305e+01 0.0000e+00
      1.928    25.1282     6.5873     78.787  38.840528     38.688      7.665   260.3324     6.5305     1.2528     0.0252      0.061      1.890      2.740        642 3.6906e+01 0.0000e+00
      1.939    25.1200     6.6891     79.923  38.882843     38.754      7.650   260.4459     6.5467     1.2393     0.0252      0.063      1.900      2.755        643 3.6587e+01 0.0000e+00
      1.945    25.1070     6.8054     81.280  38.920470     38.805      7.637   260.8245     6.5346     1.3468     0.0252      0.063      1.908      2.767        644 3.6335e+01 0.0000e+00
      1.954    25.0993     6.9106     82.475  38.971692     38.896      7.628   261.1652     6.5224     1.3602     0.0253      0.061      1.917      2.780        645 3.5992e+01 0.0000e+00
      1.966    25.0658     6.9954     83.413  38.937757     38.821      7.617   261.1274     6.1545     1.3602     0.0253      0.057      1.928      2.796        646 3.5515e+01 0.0000e+00
      1.978    24.9572     7.0371     83.948  38.814394     38.773      7.609   261.7709     6.1706     1.2662     0.0252      0.051      1.941      2.815        647 3.4848e+01 0.0000e+00
      1.995    24.8118     7.0442     84.014  38.472652     38.376      7.594   261.7331     6.1545     1.3736     0.0251      0.046      1.955      2.836        648 3.4348e+01 0.0000e+00
      2.008    24.6827     6.9993     83.447  37.998619     38.073      7.580   261.8467     6.1747     1.2931     0.0249      0.044      1.969      2.856        649 3.3928e+01 0.0000e+00
      2.021    24.5685     6.8949     82.160  37.535695     37.620      7.570   262.1117     6.1261     1.3333     0.0247      0.046      1.983      2.876        650 3.3333e+01 0.0000e+00
      2.037    24.4482     6.7792     80.648  37.328480     37.609      7.559   262.5659     6.3202     1.4408     0.0246      0.050      1.997      2.896        651 3.2863e+01 0.0000e+00
      2.048    24.3563     6.6438     78.908  37.248096     37.522      7.543   262.9445     6.3364     1.5750     0.0246      0.053      2.007      2.912        652 3.2672e+01 0.0000e+00
      2.055    24.3042     6.5035     77.168  37.339189     37.787      7.533   263.2852     6.3405     1.4676     0.0247      0.052      2.015      2.923        653 3.2545e+01 0.0000e+00
      2.061    24.2810     6.3026     74.750  37.571101     38.024      7.525   263.6260     6.3445     1.5482     0.0247      0.049      2.022      2.933        654 3.2231e+01 0.0000e+00
      2.070    24.2390     5.9880     70.976  37.582402     38.152      7.519   263.3610     6.4860     1.4139     0.0248      0.045      2.030      2.945        655 3.1876e+01 0.0000e+00
      2.080    24.1980     5.5879     66.244  37.414135     37.913      7.511   263.5881     6.4496     1.4810     0.0247      0.041      2.038      2.957        656 3.1720e+01 0.0000e+00
      2.085    24.2146     5.1837     61.435  37.454258     38.058      7.503   263.4367     6.5022     1.4945     0.0247      0.037      2.045      2.967        657 3.1522e+01 0.0000e+00
      2.093    24.2071     4.7902     56.761  37.562149     38.151      7.496   263.2474     6.4941     1.4945     0.0247      0.033      2.055      2.980        658 3.1069e+01 0.0000e+00
      2.109    24.1862     4.4789     53.004  37.457844     38.075      7.489   263.5881     6.4860     1.7362     0.0247      0.033      2.069      3.000        659 3.0472e+01 0.0000e+00
      2.126    24.1557     4.2065     49.672  37.228140     37.801      7.482   264.0045     6.4658     1.6422     0.0246      0.036      2.084      3.023        660 2.9972e+01 0.0000e+00
      2.141    24.0709     3.9857     46.987  37.195485     37.816      7.475   264.0802     6.4537     1.6690     0.0246      0.041      2.098      3.043        661 2.9731e+01 0.0000e+00
      2.151    23.9812     3.8284     45.063  37.379851     38.008      7.467   264.7617     6.4739     1.6690     0.0247      0.045      2.108      3.058        662 2.9534e+01 0.0000e+00
      2.157    23.9333     3.6251     42.622  37.413966     38.134      7.461   265.4431     6.0978     1.4945     0.0247      0.046      2.116      3.069        663 2.9340e+01 0.0000e+00
      2.166    23.9027     3.2875     38.631  37.390349     38.145      7.455   265.9731     6.0938     1.4408     0.0247      0.046      2.125      3.082        664 2.8943e+01 0.0000e+00
      2.180    23.8778     2.8970     34.027  37.468602     38.299      7.445   266.0110     6.0655     1.3736     0.0247      0.047      2.137      3.100        665 2.8488e+01 0.0000e+00
      2.193    23.8789     2.4839     29.158  37.435253     38.261      7.440   266.1624     6.0776     1.5348     0.0247      0.046      2.149      3.117        666 2.8221e+01 0.0000e+00
      2.201    23.8708     2.0691     24.275  37.431872     38.286      7.432   266.4274     6.0412     2.9044     0.0247      0.043      2.159      3.132        667 2.7829e+01 0.0000e+00
      2.212    23.8544     1.6963     19.890  37.532142     38.394      7.425   266.5410     6.0129     2.8641     0.0248      0.041      2.170      3.148        668 2.7508e+01 0.0000e+00
      2.226    23.7883     1.3953     16.349  37.488435     38.348      7.417   266.9952     6.0291     2.8641     0.0247      0.042      2.184      3.167        669 2.7119e+01 0.0000e+00
      2.242    23.6741     1.2095     14.156  37.575251     38.443      7.406   267.2602     6.0412     2.9581     0.0248      0.045      2.198      3.188        670 2.6647e+01 0.0000e+00
      2.256    23.5834     1.1222     13.120  37.839367     38.782      7.389   267.4117     6.1302     2.7298     0.0249      0.048      2.211      3.208        671 2.6460e+01 0.0000e+00
      2.267    23.5034     1.0846     12.666  37.901306     38.933      7.378   267.7524     6.2353     2.6224     0.0249      0.050      2.225      3.228        672 2.6040e+01 0.0000e+00
      2.287    23.4429     1.0513     12.254  37.854151     38.946      7.363   267.9038     6.2353     2.6761     0.0249      0.052      2.243      3.253        673 2.5401e+01 0.0000e+00
      2.307    23.4130     0.9726     11.311  37.898098     39.069      7.343   268.0174     6.2434     2.6493     0.0249      0.056      2.263      3.281        674 2.4975e+01 0.0000e+00
      2.325    23.3889     0.8790     10.199  37.905980     39.118      7.325   268.2824     6.2272     2.7164     0.0249      0.061      2.283      3.310        675 2.4373e+01 0.0000e+00
      2.350    23.3587     0.7586      8.789  37.844373     39.084      7.305   268.5095     6.4416     2.9581     0.0249      0.066      2.303      3.339        676 2.3860e+01 0.0000e+00
      2.368    23.3271     0.6125      7.092  37.796817     39.045      7.287   269.0774     6.4820     2.9581     0.0249      0.070      2.319      3.364        677 2.3675e+01 0.0000e+00
      2.377    23.2985     0.4614      5.339  37.846533     39.128      7.270   268.8881     6.4658     2.9447     0.0249      0.071      2.331      3.381        678 2.3430e+01 0.0000e+00
      2.389    23.2611     0.2994      3.461  37.960487     39.269      7.256   269.0017     6.4699     2.9044     0.0250      0.070      2.342      3.396        679 2.3125e+01 0.0000e+00
      2.399    23.2046     0.1864      2.152  38.159261     39.495      7.247   269.2667     6.3405     3.1327     0.0250      0.066      2.352      3.411        680 2.2900e+01 0.0000e+00
