Data/DataNotYetUploadedToEDI/Raw_CTD/RawDownloads/082018_fcr30.cnv
* Sea-Bird SBE19plus  Data File:
* FileName = C:\DATA\082018_fcr_0004.hex
* Software version 2.6.3.104
* Temperature SN = 7809
* Conductivity SN = 7809
* System UpLoad Time = Aug 20 2018 17:53:13
* <ApplicationData>
* <Seaterm232>
# nquan = 17
# nvalues = 732                         
# units = specified
# name 0 = depFM: Depth [fresh water, m]
# name 1 = tv290C: Temperature [ITS-90, deg C]
# name 2 = sbeox0Mg/L: Oxygen, SBE 43 [mg/l]
# name 3 = sbeox0PS: Oxygen, SBE 43 [% saturation]
# name 4 = c0uS/cm: Conductivity [uS/cm]
# name 5 = specc: Specific Conductance [uS/cm]
# name 6 = ph: pH
# name 7 = orp: Oxidation Reduction Potential [mV]
# name 8 = flECO-AFL: Fluorescence, WET Labs ECO-AFL/FL [mg/m^3]
# name 9 = turbWETntu0: Turbidity, WET Labs ECO [NTU]
# name 10 = sal00: Salinity, Practical [PSU]
# name 11 = dz/dtM: Descent Rate [m/s]
# name 12 = prdM: Pressure, Strain Gauge [db]
# name 13 = prdE: Pressure, Strain Gauge [psi]
# name 14 = scan: Scan Count
# name 15 = par/sat/log: PAR/Logarithmic, Satlantic
# name 16 = flag:  0.000e+00
# span 0 =     -0.547,      5.412       
# span 1 =    12.2864,    25.9205       
# span 2 =     0.0866,     8.5217       
# span 3 =      0.901,    104.472       
# span 4 =  -0.180928,  72.304100       
# span 5 =      0.533,     94.830       
# span 6 =      6.202,      8.087       
# span 7 =   161.5249,   268.4717       
# span 8 =    -0.2021,    10.9785       
# span 9 =    -0.1169,    27.9072       
# span 10 =     0.0111,     0.0461      
# span 11 =     -0.088,      0.256      
# span 12 =     -0.536,      5.307      
# span 13 =     -0.777,      7.698      
# span 14 =          1,        732      
# span 15 = 2.1505e-01, 3.5806e+02      
# span 16 = 0.0000e+00, 0.0000e+00      
# interval = seconds: 0.25
# start_time = Aug 20 2018 16:33:19 [Instrument's time stamp, header]
# bad_flag = -9.990e-29
*END*
[from data line 511]
      1.594    25.5660     7.7476     94.334  36.723164     36.263      7.865   237.4287     5.6490     1.0379     0.0243      0.078      1.563      2.267        512 4.0954e+01 0.0000e+00
      1.615    25.5358     7.7523     94.350  36.777336     36.346      7.856   237.4666     5.6409     1.0514     0.0244      0.078      1.583      2.296        513 4.0034e+01 0.0000e+00
      1.634    25.4986     7.7432     94.180  36.746437     36.314      7.848   237.8452     5.6409     1.1319     0.0243      0.078      1.603      2.325        514 3.9450e+01 0.0000e+00
      1.655    25.4693     7.7298     93.909  36.880273     36.501      7.837   237.9587     5.6530     1.1856     0.0244      0.079      1.624      2.355        515 3.8582e+01 0.0000e+00
      1.679    25.4503     7.7032     93.471  36.937051     36.556      7.825   238.5266     5.8067     1.1185     0.0244      0.081      1.646      2.388        516 3.7564e+01 0.0000e+00
      1.703    25.4312     7.6384     92.638  36.883410     36.550      7.814   238.1102     5.7865     1.0379     0.0244      0.083      1.670      2.423        517 3.6701e+01 0.0000e+00
      1.728    25.4103     7.5475     91.483  36.798746     36.452      7.801   238.9052     5.7501     1.1319     0.0244      0.085      1.695      2.459        518 3.5712e+01 0.0000e+00
      1.755    25.3909     7.4161     89.775  36.775491     36.466      7.788   239.6623     5.7582     1.1051     0.0244      0.088      1.720      2.494        519 3.4852e+01 0.0000e+00
      1.779    25.3689     7.2432     87.592  36.853042     36.537      7.775   240.3816     5.7299     1.1319     0.0244      0.091      1.744      2.529        520 3.4139e+01 0.0000e+00
      1.802    25.3442     7.0508     85.278  36.969182     36.690      7.763   241.0630     5.7218     1.0648     0.0244      0.094      1.767      2.563        521 3.3269e+01 0.0000e+00
      1.826    25.3240     6.8839     83.147  37.016542     36.733      7.751   241.4037     5.7056     1.0514     0.0245      0.096      1.789      2.595        522 3.2718e+01 0.0000e+00
      1.846    25.3008     6.7274     81.105  37.061051     36.807      7.741   241.8959     5.7097     1.0111     0.0245      0.095      1.809      2.625        523 3.2223e+01 0.0000e+00
      1.864    25.2656     6.5874     79.295  37.151081     36.905      7.732   242.2366     5.6975     1.0111     0.0245      0.092      1.829      2.654        524 3.1567e+01 0.0000e+00
      1.888    25.2030     6.4650     77.733  37.201113     36.978      7.722   242.8423     7.1775     1.0916     0.0245      0.090      1.853      2.689        525 3.0649e+01 0.0000e+00
      1.919    25.1392     6.3387     76.109  37.265742     37.059      7.706   242.8045     7.1735     1.0782     0.0246      0.090      1.880      2.727        526 2.9850e+01 0.0000e+00
      1.943    25.1086     6.2239     74.569  37.248632     37.105      7.694   242.7666     7.1735     1.0648     0.0246      0.090      1.903      2.760        527 2.9470e+01 0.0000e+00
      1.958    25.0785     6.1022     72.988  37.163115     37.042      7.685   243.2209     7.1532     1.1051     0.0245      0.089      1.920      2.785        528 2.9064e+01 0.0000e+00
      1.974    25.0073     5.9714     71.340  37.194235     37.119      7.677   242.9938     8.6979     1.4945     0.0246      0.087      1.937      2.809        529 2.8541e+01 0.0000e+00
      1.994    24.9583     5.8209     69.438  37.209923     37.142      7.667   243.5616     8.7181     1.6690     0.0246      0.085      1.956      2.836        530 2.7896e+01 0.0000e+00
      2.015    24.9554     5.6460     67.275  37.202932     37.193      7.655   244.1673     8.6939     1.4945     0.0246      0.083      1.976      2.866        531 2.7362e+01 0.0000e+00
      2.037    24.8901     5.4155     64.492  37.202965     37.235      7.644   244.4323     8.6939     1.4810     0.0246      0.082      1.997      2.896        532 2.6806e+01 0.0000e+00
      2.057    24.7861     5.1762     61.601  37.209905     37.230      7.631   244.5838     8.7586     1.4273     0.0246      0.079      2.017      2.925        533 2.6257e+01 0.0000e+00
      2.075    24.7045     4.9211     58.532  37.194310     37.283      7.616   244.9245     8.7222     1.5750     0.0246      0.076      2.035      2.951        534 2.5884e+01 0.0000e+00
      2.092    24.6415     4.6792     55.625  37.163083     37.303      7.604   245.3030     8.7383     1.5348     0.0245      0.076      2.051      2.975        535 2.5468e+01 0.0000e+00
      2.109    24.5648     4.4603     52.998  37.189492     37.422      7.593   245.5680     8.7747     1.4139     0.0246      0.076      2.069      3.000        536 2.4840e+01 0.0000e+00
      2.128    24.4515     4.2544     50.522  37.161488     37.413      7.577   245.7195     8.6696     1.4005     0.0245      0.075      2.087      3.027        537 2.4247e+01 0.0000e+00
      2.148    24.3610     4.1105     48.758  37.079330     37.413      7.567   246.0602     8.6817     1.4945     0.0245      0.074      2.107      3.056        538 2.3771e+01 0.0000e+00
      2.168    24.2957     3.9974     47.347  37.024838     37.416      7.554   246.3630     8.6656     1.5348     0.0245      0.074      2.126      3.084        539 2.3279e+01 0.0000e+00
      2.188    24.2169     3.9263     46.411  36.992074     37.484      7.538   246.6659     8.6817     1.5348     0.0245      0.073      2.144      3.110        540 2.2843e+01 0.0000e+00
      2.203    24.1564     3.8716     45.683  36.971851     37.476      7.526   247.1202     8.1035     1.9107     0.0245      0.073      2.160      3.133        541 2.2481e+01 0.0000e+00
      2.217    24.1241     3.8192     45.025  36.931404     37.537      7.511   247.6880     8.0792     1.8839     0.0245      0.072      2.175      3.154        542 2.2108e+01 0.0000e+00
      2.233    24.0900     3.7375     44.047  36.864488     37.470      7.497   247.6123     8.1156     1.9779     0.0244      0.070      2.190      3.176        543 2.1638e+01 0.0000e+00
      2.249    24.0589     3.6487     42.990  36.847540     37.521      7.483   248.8238     8.1035     1.9510     0.0245      0.068      2.206      3.199        544 2.1289e+01 0.0000e+00
      2.267    24.0308     3.5529     41.835  36.863536     37.520      7.469   248.4073     8.1075     1.8436     0.0244      0.066      2.223      3.223        545 2.1027e+01 0.0000e+00
      2.282    24.0057     3.4546     40.622  36.933577     37.657      7.453   249.0509     8.3421     2.2464     0.0245      0.064      2.238      3.246        546 2.0686e+01 0.0000e+00
      2.298    23.9728     3.3731     39.598  36.908689     37.622      7.439   249.4295     8.3502     2.2464     0.0245      0.063      2.254      3.269        547 2.0316e+01 0.0000e+00
      2.315    23.9144     3.3031     38.720  36.894520     37.642      7.425   249.4673     8.3663     2.2464     0.0245      0.063      2.270      3.293        548 1.9986e+01 0.0000e+00
      2.332    23.8341     3.2386     37.914  36.980884     37.751      7.411   249.8459     8.3582     2.2599     0.0245      0.064      2.287      3.317        549 1.9593e+01 0.0000e+00
      2.348    23.7278     3.1687     37.063  37.008850     37.826      7.398   250.0352     9.1144     2.2867     0.0245      0.064      2.302      3.340        550 1.9197e+01 0.0000e+00
      2.364    23.6331     3.0873     36.031  37.008047     37.887      7.382   250.3759     9.1144     2.2867     0.0245      0.064      2.317      3.361        551 1.8906e+01 0.0000e+00
      2.376    23.5863     3.0028     34.931  37.011587     37.971      7.365   250.6409     9.0780     2.2733     0.0245      0.063      2.330      3.380        552 1.8641e+01 0.0000e+00
      2.389    23.5685     2.9119     33.802  37.004494     38.046      7.357   251.1709     9.1104     2.2733     0.0245      0.061      2.344      3.399        553 1.8335e+01 0.0000e+00
      2.405    23.5541     2.7910     32.342  36.957597     38.024      7.341   251.1709     8.4472     2.5419     0.0245      0.060      2.359      3.421        554 1.7968e+01 0.0000e+00
      2.423    23.5209     2.6818     30.988  36.980996     38.067      7.324   251.3223     8.4310     2.5150     0.0245      0.060      2.375      3.445        555 1.7686e+01 0.0000e+00
      2.438    23.4485     2.5704     29.631  37.005047     38.106      7.309   251.6631     8.3987     2.5150     0.0245      0.059      2.390      3.467        556 1.7438e+01 0.0000e+00
      2.451    23.3617     2.4672     28.360  37.075976     38.190      7.294   252.0795     8.3987     2.4747     0.0246      0.058      2.403      3.486        557 1.7166e+01 0.0000e+00
      2.464    23.2831     2.3685     27.157  37.189345     38.391      7.279   252.3823     7.4080     3.1595     0.0246      0.058      2.416      3.505        558 1.6869e+01 0.0000e+00
      2.479    23.2185     2.2567     25.837  37.219916     38.462      7.261   253.1395     7.4282     3.2804     0.0246      0.057      2.431      3.526        559 1.6537e+01 0.0000e+00
      2.495    23.1664     2.1377     24.419  37.245595     38.580      7.247   253.2531     7.4282     3.1998     0.0247      0.058      2.448      3.550        560 1.6169e+01 0.0000e+00
      2.514    23.0504     2.0137     22.960  37.276070     38.635      7.230   253.7452     7.4201     3.0253     0.0247      0.060      2.467      3.577        561 1.5749e+01 0.0000e+00
      2.536    22.8805     1.8810     21.418  37.300666     38.731      7.215   254.1616     6.9066     3.2804     0.0247      0.062      2.487      3.606        562 1.5380e+01 0.0000e+00
      2.555    22.7698     1.7512     19.910  37.333665     38.826      7.200   254.0859     6.9268     3.3610     0.0247      0.064      2.507      3.636        563 1.5042e+01 0.0000e+00
      2.578    22.6718     1.6188     18.370  37.294383     38.965      7.188   254.3131     6.9106     3.4147     0.0247      0.069      2.529      3.668        564 1.4601e+01 0.0000e+00
      2.604    22.5301     1.4762     16.722  37.408946     39.114      7.174   254.5024     6.8985     3.2670     0.0247      0.075      2.553      3.702        565 1.4220e+01 0.0000e+00
      2.626    22.4020     1.3617     15.390  37.636066     39.512      7.155   255.1459     6.9025     3.3207     0.0249      0.080      2.575      3.735        566 1.3869e+01 0.0000e+00
      2.649    22.2545     1.2535     14.128  37.723654     39.637      7.143   255.4488     7.4646     2.6761     0.0249      0.085      2.596      3.766        567 1.3555e+01 0.0000e+00
      2.668    22.1265     1.1605     13.049  37.922894     40.033      7.126   255.7138     7.4929     2.7567     0.0250      0.086      2.614      3.792        568 1.3347e+01 0.0000e+00
      2.680    22.0438     1.0770     12.085  37.981409     40.161      7.113   256.0545     7.4969     2.7298     0.0250      0.085      2.629      3.813        569 1.3100e+01 0.0000e+00
      2.696    21.9308     1.0005     11.193  38.095826     40.420      7.093   256.3574     7.4727     2.6627     0.0251      0.081      2.645      3.836        570 1.2830e+01 0.0000e+00
      2.714    21.8323     0.9166     10.217  38.373806     40.783      7.078   257.0766     7.8649     2.1390     0.0252      0.077      2.662      3.861        571 1.2575e+01 0.0000e+00
      2.733    21.7640     0.8424      9.362  38.377067     40.886      7.060   257.4174     7.8285     2.1524     0.0252      0.073      2.681      3.888        572 1.2252e+01 0.0000e+00
      2.754    21.6836     0.7678      8.516  38.447764     41.030      7.043   258.0988     7.8690     2.0719     0.0253      0.070      2.701      3.917        573 1.1890e+01 0.0000e+00
      2.775    21.5889     0.6768      7.488  38.671486     41.359      7.027   257.9474     7.8811     2.2196     0.0254      0.070      2.720      3.944        574 1.1669e+01 0.0000e+00
      2.791    21.4956     0.5664      6.248  38.691940     41.430      7.011   258.1745     7.8973     1.9779     0.0254      0.070      2.736      3.968        575 1.1455e+01 0.0000e+00
      2.805    21.3804     0.4617      5.077  38.689315     41.515      6.998   258.7802     7.9013     1.9645     0.0254      0.070      2.750      3.988        576 1.1244e+01 0.0000e+00
      2.817    21.2368     0.3648      4.005  38.823114     41.748      6.983   258.8938     7.9175     1.9242     0.0255      0.070      2.764      4.008        577 1.1044e+01 0.0000e+00
      2.833    21.1172     0.2751      3.016  39.000087     42.031      6.969   259.1209     7.9094     1.9242     0.0256      0.068      2.779      4.031        578 1.0853e+01 0.0000e+00
      2.853    21.0088     0.2019      2.211  39.092061     42.285      6.957   258.8938     8.0509     1.7630     0.0256      0.067      2.798      4.059        579 1.0641e+01 0.0000e+00
      2.875    20.8602     0.1359      1.485  39.301989     42.576      6.941   260.4459     8.0469     1.6422     0.0257      0.066      2.820      4.090        580 1.0314e+01 0.0000e+00
      2.899    20.6731     0.1038      1.131  39.777130     43.252      6.926   259.8781     8.0226     1.6690     0.0260      0.068      2.842      4.122        581 1.0114e+01 0.0000e+00
      2.919    20.5219     0.0880      0.959  39.984018     43.575      6.911   260.2567     8.0752     1.7496     0.0261      0.071      2.862      4.151        582 9.9326e+00 0.0000e+00
      2.936    20.4168     0.0866      0.944  39.993853     43.785      6.900   261.5059     8.4351     1.8436     0.0261      0.074      2.879      4.176        583 9.7502e+00 0.0000e+00
      2.954    20.2968     0.0965      1.051  40.180289     44.118      6.886   261.9602     8.4512     1.7228     0.0262      0.077      2.897      4.202        584 9.6077e+00 0.0000e+00
      2.973    20.1415     0.1023      1.111  41.027693     45.138      6.873   261.5817     8.4189     1.6959     0.0266      0.078      2.917      4.230        585 9.4118e+00 0.0000e+00
      2.994    19.9896     0.1177      1.274  43.923421     48.410      6.860   261.5817     8.3987     1.7362     0.0279      0.078      2.937      4.259        586 9.1763e+00 0.0000e+00
      3.018    19.9006     0.1362      1.472  45.922400     51.079      6.845   261.5059     8.4310     1.7630     0.0290      0.078      2.957      4.288        587 9.0122e+00 0.0000e+00
      3.033    19.8363     0.1539      1.660  45.482926     50.328      6.829   261.8467     8.1278     1.7496     0.0287      0.077      2.973      4.311        588 8.9111e+00 0.0000e+00
      3.043    19.7595     0.1657      1.782  46.161712     51.541      6.820   261.7331     8.1116     1.7630     0.0292      0.073      2.985      4.329        589 8.7785e+00 0.0000e+00
      3.056    19.6492     0.1753      1.879  47.273592     52.617      6.810   262.7174     8.1075     1.6422     0.0296      0.070      2.998      4.348        590 8.6931e+00 0.0000e+00
      3.070    19.5273     0.1803      1.925  47.956946     53.641      6.801   262.9824     8.1075     1.7496     0.0300      0.067      3.012      4.368        591 8.5186e+00 0.0000e+00
      3.087    19.5113     0.1933      2.061  48.486638     54.245      6.785   263.0581     7.3473     1.6153     0.0303      0.064      3.026      4.389        592 8.3528e+00 0.0000e+00
      3.100    19.5349     0.1958      2.084  48.335698     54.333      6.770   263.9288     7.3595     1.6959     0.0303      0.060      3.040      4.409        593 8.2508e+00 0.0000e+00
      3.113    19.4645     0.2009      2.133  48.085497     53.946      6.754   264.3452     7.3554     1.6825     0.0301      0.056      3.053      4.429        594 8.1143e+00 0.0000e+00
      3.128    19.3327     0.2002      2.116  48.204493     54.158      6.737   264.0802     7.3635     1.7093     0.0302      0.054      3.068      4.450        595 7.9870e+00 0.0000e+00
