Data/DataNotYetUploadedToEDI/Raw_CTD/RawDownloads/082018_fcr10.cnv
* Sea-Bird SBE19plus  Data File:
* FileName = C:\DATA\082018_fcr_0002.hex
* Software version 2.6.3.104
* Temperature SN = 7809
* Conductivity SN = 7809
* System UpLoad Time = Aug 20 2018 17:52:26
* <ApplicationData>
* <Seaterm232>
# nquan = 17
# nvalues = 600                         
# units = specified
# name 0 = depFM: Depth [fresh water, m]
# name 1 = tv290C: Temperature [ITS-90, deg C]
# name 2 = sbeox0Mg/L: Oxygen, SBE 43 [mg/l]
# name 3 = sbeox0PS: Oxygen, SBE 43 [% saturation]
# name 4 = c0uS/cm: Conductivity [uS/cm]
# name 5 = specc: Specific Conductance [uS/cm]
# name 6 = ph: pH
# name 7 = orp: Oxidation Reduction Potential [mV]
# name 8 = flECO-AFL: Fluorescence, WET Labs ECO-AFL/FL [mg/m^3]
# name 9 = turbWETntu0: Turbidity, WET Labs ECO [NTU]
# name 10 = sal00: Salinity, Practical [PSU]
# name 11 = dz/dtM: Descent Rate [m/s]
# name 12 = prdM: Pressure, Strain Gauge [db]
# name 13 = prdE: Pressure, Strain Gauge [psi]
# name 14 = scan: Scan Count
# name 15 = par/sat/log: PAR/Logarithmic, Satlantic
# name 16 = flag:  0.000e+00
# span 0 =     -0.549,      2.729       
# span 1 =    22.3580,    25.8418       
# span 2 =     0.1561,     9.0243       
# span 3 =      1.802,    110.865       
# span 4 =   0.312840,  93.936604       
# span 5 =      0.587,     99.683       
# span 6 =      6.406,      8.047       
# span 7 =    23.0810,   273.9610       
# span 8 =    -0.1981,    11.0756       
# span 9 =    -0.3049,    22.0527       
# span 10 =     0.0112,     0.0510      
# span 11 =     -0.094,      0.288      
# span 12 =     -0.538,      2.674      
# span 13 =     -0.780,      3.879      
# span 14 =          1,        600      
# span 15 = 3.0883e+00, 3.9313e+02      
# span 16 = 0.0000e+00, 0.0000e+00      
# interval = seconds: 0.25
# start_time = Aug 20 2018 15:56:59 [Instrument's time stamp, header]
# bad_flag = -9.990e-29
*END*
[from data line 511]
      1.771    25.4994     6.2585     76.013  36.658761     36.292      7.538   265.8595     6.3526     1.4945     0.0243      0.071      1.737      2.520        512 2.5969e+01 0.0000e+00
      1.797    25.4831     6.1087     74.157  36.860625     36.463      7.528   266.2381     6.3526     1.4542     0.0244      0.077      1.761      2.555        513 2.5414e+01 0.0000e+00
      1.820    25.4674     5.9972     72.803  37.128162     36.777      7.520   266.1245     6.3445     1.5482     0.0245      0.083      1.784      2.588        514 2.4841e+01 0.0000e+00
      1.842    25.4496     5.9198     71.847  37.215614     36.844      7.513   266.5788     6.3405     1.5616     0.0245      0.086      1.804      2.617        515 2.4436e+01 0.0000e+00
      1.858    25.4260     5.8565     71.015  37.256017     36.911      7.510   266.3517     6.5993     1.5079     0.0246      0.086      1.822      2.642        516 2.4153e+01 0.0000e+00
      1.873    25.3975     5.7854     70.048  37.196529     36.868      7.506   266.3517     6.5993     1.5616     0.0245      0.084      1.838      2.666        517 2.3741e+01 0.0000e+00
      1.893    25.3617     5.6958     68.837  37.082036     36.747      7.503   266.5788     6.5871     1.5348     0.0245      0.082      1.857      2.694        518 2.3300e+01 0.0000e+00
      1.915    25.3236     5.6249     67.882  37.250216     36.962      7.496   266.4274     6.5871     1.5079     0.0246      0.080      1.879      2.725        519 2.2800e+01 0.0000e+00
      1.939    25.2853     5.5373     66.764  37.432149     37.155      7.485   266.9195     6.5871     1.4810     0.0246      0.079      1.901      2.757        520 2.2293e+01 0.0000e+00
      1.961    25.2374     5.4201     65.311  37.478505     37.239      7.473   267.1088     6.5952     1.5750     0.0247      0.078      1.921      2.786        521 2.1925e+01 0.0000e+00
      1.977    25.1886     5.2546     63.282  37.637454     37.406      7.460   267.4117     6.5709     1.5079     0.0247      0.078      1.938      2.811        522 2.1618e+01 0.0000e+00
      1.991    25.1625     5.0335     60.605  37.768253     37.608      7.453   267.9038     6.5993     1.4810     0.0248      0.077      1.952      2.832        523 2.1361e+01 0.0000e+00
      2.004    25.1611     4.7398     57.054  37.760662     37.590      7.439   268.1310     6.6154     1.4408     0.0248      0.075      1.966      2.851        524 2.1182e+01 0.0000e+00
      2.018    25.1481     4.4842     53.941  37.706245     37.609      7.425   268.7367     6.8823     1.4139     0.0248      0.072      1.978      2.869        525 2.0937e+01 0.0000e+00
      2.029    25.0995     4.2860     51.451  37.776666     37.610      7.410   268.8124     6.9187     1.5348     0.0248      0.066      1.990      2.885        526 2.0799e+01 0.0000e+00
      2.039    25.0178     4.1569     49.776  37.999302     37.925      7.401   268.7367     6.9106     1.5079     0.0249      0.059      2.001      2.901        527 2.0644e+01 0.0000e+00
      2.053    24.9202     4.0970     48.956  38.200379     38.075      7.394   269.2288     6.9147     1.5213     0.0249      0.054      2.013      2.920        528 2.0321e+01 0.0000e+00
      2.067    24.8411     4.0981     48.884  38.475621     38.499      7.388   269.6074     7.1694     1.6556     0.0251      0.051      2.027      2.940        529 2.0064e+01 0.0000e+00
      2.081    24.7927     4.1438     49.357  38.694971     38.716      7.380   269.4560     7.1532     1.6422     0.0252      0.050      2.041      2.960        530 1.9802e+01 0.0000e+00
      2.095    24.7576     4.1894     49.826  38.757985     38.917      7.379   269.3803     7.1694     1.6959     0.0252      0.050      2.053      2.978        531 1.9576e+01 0.0000e+00
      2.105    24.7303     4.1748     49.589  38.901502     39.012      7.376   269.3803     7.1856     1.6825     0.0252      0.050      2.064      2.994        532 1.9346e+01 0.0000e+00
      2.116    24.7153     4.0304     47.833  39.109649     39.347      7.368   269.1910     7.6061     1.8570     0.0254      0.050      2.076      3.011        533 1.9089e+01 0.0000e+00
      2.130    24.7034     3.6952     43.829  39.092223     39.258      7.367   269.3803     7.5940     2.0450     0.0253      0.050      2.089      3.029        534 1.8862e+01 0.0000e+00
      2.143    24.6631     3.2863     38.965  39.071513     39.324      7.361   269.6453     7.6304     1.9376     0.0254      0.050      2.102      3.048        535 1.8620e+01 0.0000e+00
      2.157    24.5554     2.7982     33.168  39.224420     39.419      7.351   269.7210     7.6061     1.9242     0.0254      0.050      2.115      3.068        536 1.8425e+01 0.0000e+00
      2.172    24.4205     2.2633     26.815  39.435881     39.730      7.341   269.8345     7.4322     2.1390     0.0255      0.050      2.130      3.089        537 1.8173e+01 0.0000e+00
      2.188    24.3065     1.7369     20.563  39.401645     39.734      7.334   269.5695     7.3999     2.1256     0.0255      0.051      2.147      3.114        538 1.7879e+01 0.0000e+00
      2.209    24.2133     1.2775     15.118  39.207752     39.673      7.324   269.4560     7.3959     2.0853     0.0254      0.055      2.167      3.143        539 1.7492e+01 0.0000e+00
      2.234    24.1352     0.8835     10.454  39.291623     39.821      7.317   269.5695     7.4242     2.1659     0.0255      0.061      2.191      3.177        540 1.7012e+01 0.0000e+00
      2.260    24.0561     0.6155      7.276  39.504976     40.152      7.305   270.0995     7.6142     2.4881     0.0256      0.069      2.213      3.210        541 1.6645e+01 0.0000e+00
      2.277    23.9874     0.4339      5.122  39.772867     40.443      7.285   270.3267     7.5899     2.4479     0.0257      0.074      2.229      3.233        542 1.6554e+01 0.0000e+00
      2.283    23.9409     0.3178      3.746  39.966850     40.765      7.268   270.3267     7.5940     2.4613     0.0258      0.075      2.238      3.246        543 1.6520e+01 0.0000e+00
      2.287    23.9096     0.2489      2.930  39.886553     40.680      7.253   270.6674     7.5859     2.5016     0.0257      0.071      2.243      3.253        544 1.6483e+01 0.0000e+00
      2.291    23.8901     0.2444      2.876  39.932159     40.804      7.237   270.8188     7.5980     2.4479     0.0258      0.063      2.247      3.259        545 1.6454e+01 0.0000e+00
      2.295    23.8748     0.2478      2.916  39.969448     40.859      7.227   270.8188     7.7881     2.7433     0.0258      0.053      2.252      3.266        546 1.6301e+01 0.0000e+00
      2.303    23.8491     0.2634      3.102  39.958823     40.846      7.218   271.3110     7.8083     2.6359     0.0258      0.041      2.261      3.279        547 1.6020e+01 0.0000e+00
      2.320    23.8104     0.2699      3.180  40.271704     41.202      7.212   271.8031     7.7840     2.7433     0.0259      0.034      2.275      3.299        548 1.5775e+01 0.0000e+00
      2.334    23.7907     0.2614      3.075  41.597322     42.511      7.203   272.3710     7.7800     2.6493     0.0265      0.031      2.288      3.318        549 1.5721e+01 0.0000e+00
      2.342    23.7757     0.2579      3.029  42.165694     43.347      7.189   271.9924     7.4282     3.4147     0.0268      0.032      2.300      3.335        550 1.5484e+01 0.0000e+00
      2.359    23.7263     0.2621      3.076  42.560709     43.365      7.176   272.1438     7.4242     3.2670     0.0268      0.038      2.315      3.357        551 1.5053e+01 0.0000e+00
      2.382    23.6595     0.2783      3.267  44.428664     45.783      7.156   272.5224     7.4322     3.3207     0.0278      0.046      2.333      3.384        552 1.4793e+01 0.0000e+00
      2.397    23.5818     0.3002      3.525  46.813607     47.755      7.135   272.2953     7.4242     3.3207     0.0286      0.053      2.350      3.408        553 1.4599e+01 0.0000e+00
      2.411    23.5200     0.3281      3.852  50.037760     51.669      7.116   272.2195     6.8661     3.9115     0.0303      0.058      2.364      3.429        554 1.4329e+01 0.0000e+00
      2.425    23.4937     0.3386      3.975  51.604304     52.962      7.097   272.3710     6.8661     3.9786     0.0308      0.061      2.378      3.448        555 1.4123e+01 0.0000e+00
      2.437    23.4964     0.3411      4.003  52.165038     53.837      7.074   271.8410     6.8621     3.9652     0.0311      0.060      2.391      3.467        556 1.3918e+01 0.0000e+00
      2.451    23.5381     0.3351      3.934  51.358277     52.999      7.054   272.0681     6.8419     3.9518     0.0308      0.060      2.404      3.486        557 1.3681e+01 0.0000e+00
      2.464    23.5530     0.3262      3.827  48.126745     49.568      7.030   272.1438     6.4173     4.3949     0.0293      0.059      2.417      3.505        558 1.3517e+01 0.0000e+00
      2.477    23.4746     0.3194      3.738  49.004238     50.272      7.005   273.4688     6.3930     4.3546     0.0296      0.056      2.429      3.523        559 1.3335e+01 0.0000e+00
      2.490    23.3850     0.3182      3.714  54.896726     56.678      6.982   273.9610     6.4213     4.3815     0.0324      0.053      2.441      3.540        560 1.3193e+01 0.0000e+00
      2.501    23.3570     0.3197      3.725  57.119036     59.021      6.956   273.4310     6.4011     4.3815     0.0334      0.051      2.452      3.556        561 1.3064e+01 0.0000e+00
      2.510    23.3542     0.3346      3.892  56.004624     57.690      6.933   273.1281     6.0291     5.2274     0.0328      0.049      2.461      3.570        562 1.2860e+01 0.0000e+00
      2.518    23.3570     0.3535      4.107  55.452328     57.544      6.909   273.1281     5.9968     5.2812     0.0327      0.047      2.469      3.581        563 1.2786e+01 0.0000e+00
      2.523    23.3641     0.3588      4.166  55.698521     57.290      6.886   272.3331     6.0251     5.2946     0.0326      0.043      2.475      3.590        564 1.2728e+01 0.0000e+00
      2.530    23.3515     0.3541      4.107  58.073424     60.293      6.863   272.7117     5.9968     5.2409     0.0339      0.039      2.481      3.599        565 1.2635e+01 0.0000e+00
      2.536    23.3432     0.3313      3.835  59.503565     61.356      6.845   272.3710     5.9725     5.9391     0.0343      0.035      2.489      3.610        566 1.2454e+01 0.0000e+00
      2.549    23.3658     0.3046      3.524  58.995770     61.166      6.833   272.7496     5.5762     5.8988     0.0343      0.033      2.500      3.626        567 1.2251e+01 0.0000e+00
      2.564    23.3284     0.2736      3.166  57.636494     59.476      6.819   272.8631     5.6005     5.8586     0.0335      0.033      2.514      3.646        568 1.2052e+01 0.0000e+00
      2.578    23.1923     0.2449      2.834  60.809288     62.680      6.810   272.9388     5.6126     5.9123     0.0349      0.035      2.527      3.665        569 1.1799e+01 0.0000e+00
      2.589    23.0511     0.2168      2.509  68.648908     71.214      6.798   273.4310     5.5964     5.8586     0.0386      0.039      2.537      3.680        570 1.1710e+01 0.0000e+00
      2.594    22.9470     0.1928      2.232  73.304626     76.006      6.788   272.4467     6.1666     7.1208     0.0407      0.041      2.545      3.690        571 1.1564e+01 0.0000e+00
      2.601    22.8606     0.1787      2.069  75.899341     78.971      6.774   269.9481     6.1464     7.1208     0.0420      0.042      2.551      3.700        572 1.1387e+01 0.0000e+00
      2.608    22.8073     0.1658      1.917  78.850845     82.234      6.763   268.0553     6.1787     7.2014     0.0434      0.041      2.558      3.710        573 1.1180e+01 0.0000e+00
      2.615    22.7820     0.1635      1.887  80.627628     84.259      6.757   266.1245     6.1706     7.1745     0.0442      0.038      2.564      3.719        574 1.0940e+01 0.0000e+00
      2.620    22.7194     0.1627      1.878  81.713120     85.406      6.747   264.3452     7.8083     8.8664     0.0447      0.034      2.570      3.727        575 1.0736e+01 0.0000e+00
      2.626    22.6270     0.1581      1.825  83.861204     87.736      6.738   262.3009     7.8164     8.7590     0.0458      0.029      2.575      3.735        576 1.0479e+01 0.0000e+00
      2.631    22.5894     0.1562      1.804  86.070134     90.226      6.732   257.7581     7.8043     8.7590     0.0469      0.026      2.580      3.742        577 1.0212e+01 0.0000e+00
      2.637    22.5938     0.1590      1.837  87.020998     91.321      6.724   243.3723     7.7962     8.8261     0.0473      0.024      2.586      3.750        578 9.9086e+00 0.0000e+00
      2.642    22.5947     0.1561      1.802  87.137696     91.595      6.716   235.0059    10.8410     9.5512     0.0474      0.023      2.591      3.758        579 9.6388e+00 0.0000e+00
      2.648    22.6013     0.1605      1.855  87.322408     91.644      6.711   230.5009    10.8329     9.5512     0.0475      0.022      2.596      3.766        580 9.3852e+00 0.0000e+00
      2.653    22.6328     0.1664      1.922  85.245057     89.791      6.701   226.4880    10.8572     9.5512     0.0466      0.022      2.602      3.774        581 8.9885e+00 0.0000e+00
      2.659    22.6415     0.1771      2.044  81.428243     85.215      6.692   222.4373    10.8410     9.5647     0.0446      0.021      2.608      3.782        582 8.4154e+00 0.0000e+00
      2.666    22.5506     0.2028      2.339  83.718370     87.868      6.678   217.5537     7.7760     8.4770     0.0458      0.022      2.615      3.791        583 7.9115e+00 0.0000e+00
      2.672    22.4711     0.2329      2.683  89.679230     94.192      6.664   212.0644     7.8164     8.3830     0.0486      0.022      2.620      3.799        584 7.5968e+00 0.0000e+00
      2.675    22.4670     0.2580      2.972  90.600719     95.384      6.656   206.4994     7.8043     8.4501     0.0491      0.022      2.624      3.805        585 7.2895e+00 0.0000e+00
      2.678    22.4711     0.2705      3.118  89.380638     93.924      6.645   202.1836     7.8002     8.4770     0.0485      0.021      2.627      3.811        586 6.8872e+00 0.0000e+00
      2.684    22.4949     0.2806      3.236  88.818675     93.804      6.637   196.9972    10.0080     8.8664     0.0484      0.021      2.632      3.817        587 6.4136e+00 0.0000e+00
      2.689    22.4967     0.2764      3.188  87.880382     92.270      6.633   196.3158     9.9878     8.9067     0.0477      0.020      2.636      3.824        588 5.9938e+00 0.0000e+00
      2.692    22.4960 -9.990e-29 -9.990e-29  86.266478     91.155      6.625   192.4543    10.0121     8.8798     0.0472      0.019      2.640      3.830        589 5.6689e+00 0.0000e+00
      2.696    22.5194 -9.990e-29 -9.990e-29  80.689005     84.753      6.623   186.3214     9.9838     8.8261     0.0444      0.018      2.644      3.835        590 5.2807e+00 0.0000e+00
      2.700    22.4908 -9.990e-29 -9.990e-29  84.059323     87.947      6.623   180.3021    10.8491     9.0141     0.0458      0.017      2.648      3.840        591 5.0175e+00 0.0000e+00
      2.704    22.4464 -9.990e-29 -9.990e-29  93.936604     99.683      6.623   177.3493    10.8653     9.0544     0.0510      0.016      2.650      3.845        592 5.0309e+00 0.0000e+00
      2.704    22.4141 -9.990e-29 -9.990e-29  93.909429     98.280      6.625   174.3964    10.8532     8.9873     0.0504      0.015      2.652      3.847        593 4.9774e+00 0.0000e+00
      2.705    22.3723 -9.990e-29 -9.990e-29  92.329362     97.687      6.627   170.6864    10.8774     9.1081     0.0501      0.013      2.653      3.849        594 4.7444e+00 0.0000e+00
      2.708    22.3580 -9.990e-29 -9.990e-29  92.988197     97.696      6.624   168.4150    10.8734     9.0813     0.0501      0.012      2.656      3.853        595 4.4336e+00 0.0000e+00
