Data/DataNotYetUploadedToEDI/Raw_CTD/RawDownloads/082018_fcr10.cnv
* Sea-Bird SBE19plus  Data File:
* FileName = C:\DATA\082018_fcr_0002.hex
* Software version 2.6.3.104
* Temperature SN = 7809
* Conductivity SN = 7809
* System UpLoad Time = Aug 20 2018 17:52:26
* <ApplicationData>
* <Seaterm232>
# nquan = 17
# nvalues = 600                         
# units = specified
# name 0 = depFM: Depth [fresh water, m]
# name 1 = tv290C: Temperature [ITS-90, deg C]
# name 2 = sbeox0Mg/L: Oxygen, SBE 43 [mg/l]
# name 3 = sbeox0PS: Oxygen, SBE 43 [% saturation]
# name 4 = c0uS/cm: Conductivity [uS/cm]
# name 5 = specc: Specific Conductance [uS/cm]
# name 6 = ph: pH
# name 7 = orp: Oxidation Reduction Potential [mV]
# name 8 = flECO-AFL: Fluorescence, WET Labs ECO-AFL/FL [mg/m^3]
# name 9 = turbWETntu0: Turbidity, WET Labs ECO [NTU]
# name 10 = sal00: Salinity, Practical [PSU]
# name 11 = dz/dtM: Descent Rate [m/s]
# name 12 = prdM: Pressure, Strain Gauge [db]
# name 13 = prdE: Pressure, Strain Gauge [psi]
# name 14 = scan: Scan Count
# name 15 = par/sat/log: PAR/Logarithmic, Satlantic
# name 16 = flag:  0.000e+00
# span 0 =     -0.549,      2.729       
# span 1 =    22.3580,    25.8418       
# span 2 =     0.1561,     9.0243       
# span 3 =      1.802,    110.865       
# span 4 =   0.312840,  93.936604       
# span 5 =      0.587,     99.683       
# span 6 =      6.406,      8.047       
# span 7 =    23.0810,   273.9610       
# span 8 =    -0.1981,    11.0756       
# span 9 =    -0.3049,    22.0527       
# span 10 =     0.0112,     0.0510      
# span 11 =     -0.094,      0.288      
# span 12 =     -0.538,      2.674      
# span 13 =     -0.780,      3.879      
# span 14 =          1,        600      
# span 15 = 3.0883e+00, 3.9313e+02      
# span 16 = 0.0000e+00, 0.0000e+00      
# interval = seconds: 0.25
# start_time = Aug 20 2018 15:56:59 [Instrument's time stamp, header]
# bad_flag = -9.990e-29
*END*
[from data line 256]
     -0.033    25.7915     8.2015    100.707  36.672320     36.095      7.587   240.0409     4.9171     1.1856     0.0243      0.001     -0.032     -0.047        257 3.3268e+02 0.0000e+00
     -0.035    25.7909     8.2101    100.810  36.678722     36.097      7.592   239.8516     4.8969     1.2393     0.0243     -0.000     -0.033     -0.048        258 3.3370e+02 0.0000e+00
     -0.033    25.7900     8.2176    100.904  36.662586     36.098      7.595   240.0030     4.8928     1.2259     0.0243     -0.000     -0.032     -0.047        259 3.3365e+02 0.0000e+00
     -0.032    25.7891     8.2255    101.000  36.603424     36.015      7.592   239.8137     4.9656     1.3199     0.0243     -0.001     -0.031     -0.046        260 3.3374e+02 0.0000e+00
     -0.031    25.7888     8.2354    101.121  36.663369     36.099      7.586   240.4573     4.9656     1.3333     0.0243     -0.002     -0.031     -0.046        261 3.3490e+02 0.0000e+00
     -0.034    25.7884     8.2342    101.108  36.676962     36.099      7.568   240.2680     4.9333     1.3333     0.0243     -0.002     -0.033     -0.048        262 3.3521e+02 0.0000e+00
     -0.035    25.7878     8.2226    100.964  36.586510     36.017      7.561   240.4573     4.9737     1.2662     0.0243     -0.002     -0.035     -0.050        263 3.3590e+02 0.0000e+00
     -0.035    25.7871     8.2120    100.833  36.597983     36.017      7.556   240.6087     5.0788     1.2528     0.0243     -0.001     -0.035     -0.050        264 3.3613e+02 0.0000e+00
     -0.035    25.7866     8.1959    100.635  36.662684     36.100      7.555   240.8737     5.0182     1.2931     0.0243     -0.001     -0.035     -0.050        265 3.3517e+02 0.0000e+00
     -0.036    25.7864     8.1782    100.415  36.594966     36.018      7.554   240.7980     4.9939     1.3065     0.0243     -0.002     -0.034     -0.050        266 3.3463e+02 0.0000e+00
     -0.034    25.7858     8.1565    100.148  36.593279     36.018      7.560   240.9495     4.9899     1.3199     0.0243     -0.002     -0.033     -0.048        267 3.3409e+02 0.0000e+00
     -0.032    25.7852     8.1412     99.958  36.664785     36.101      7.562   240.8737     5.0141     1.1185     0.0243     -0.001     -0.032     -0.047        268 3.3383e+02 0.0000e+00
     -0.032    25.7856     8.1354     99.887  36.594957     36.019      7.568   240.7980     4.9494     1.3333     0.0243      0.000     -0.032     -0.047        269 3.3324e+02 0.0000e+00
     -0.034    25.7855     8.1473    100.033  36.591200     36.019      7.573   240.7980     4.9737     1.2393     0.0243      0.001     -0.032     -0.047        270 3.3259e+02 0.0000e+00
     -0.032    25.7855     8.1596    100.184  36.580481     36.019      7.576   240.8737     4.9818     1.2662     0.0243      0.002     -0.032     -0.046        271 3.3205e+02 0.0000e+00
     -0.031    25.7856     8.1831    100.475  36.608297     36.019      7.580   241.5930     4.9575     1.2662     0.0243      0.002     -0.031     -0.045        272 3.3124e+02 0.0000e+00
     -0.032    25.7850     8.1992    100.674  36.645561     36.102      7.581   241.6309     5.0061     1.2796     0.0243      0.002     -0.031     -0.045        273 3.3167e+02 0.0000e+00
     -0.032    25.7846     8.2125    100.836  36.563767     35.964      7.586   241.4416     5.0344     1.3199     0.0243      0.001     -0.031     -0.045        274 3.3188e+02 0.0000e+00
     -0.032    25.7842     8.2289    101.035  36.650772     36.102      7.585   241.6687     5.0384     1.3468     0.0243      0.001     -0.031     -0.045        275 3.3221e+02 0.0000e+00
     -0.031    25.7837     8.2399    101.170  36.685581     36.102      7.585   241.5173     4.9939     1.2259     0.0243      0.001     -0.031     -0.044        276 3.3211e+02 0.0000e+00
     -0.031    25.7829     8.2499    101.292  36.579765     36.020      7.589   241.7066     4.8201     1.2796     0.0243      0.001     -0.031     -0.044        277 3.3086e+02 0.0000e+00
     -0.032    25.7818     8.2466    101.253  36.604502     36.021      7.589   241.2523     4.8281     1.2931     0.0243      0.001     -0.031     -0.045        278 3.2981e+02 0.0000e+00
     -0.033    25.7814     8.2328    101.085  36.654797     36.104      7.593   241.6687     4.8443     1.2931     0.0243     -0.000     -0.032     -0.046        279 3.2951e+02 0.0000e+00
     -0.032    25.7815     8.2096    100.800  36.606153     36.022      7.594   241.5930     4.8443     1.2662     0.0243     -0.000     -0.032     -0.046        280 3.2947e+02 0.0000e+00
     -0.032    25.7819     8.1967    100.642  36.576062     36.022      7.593   241.7445     4.8443     1.1856     0.0243     -0.000     -0.032     -0.046        281 3.2888e+02 0.0000e+00
     -0.032    25.7831     8.1834    100.477  36.603267     36.022      7.590   242.3123     4.8160     1.2662     0.0243     -0.000     -0.032     -0.046        282 3.2849e+02 0.0000e+00
     -0.033    25.7836     8.1788    100.417  36.661276     36.104      7.589   242.5773     4.8201     1.3468     0.0243     -0.001     -0.032     -0.047        283 3.2844e+02 0.0000e+00
     -0.034    25.7829     8.1691    100.296  36.681825     36.103      7.585   242.6909     4.8443     1.2662     0.0243     -0.001     -0.033     -0.048        284 3.2836e+02 0.0000e+00
     -0.034    25.7820     8.1714    100.323  36.666669     36.103      7.584   242.7287     4.8281     1.2931     0.0243     -0.001     -0.033     -0.048        285 3.2905e+02 0.0000e+00
     -0.033    25.7815     8.1791    100.418  36.591161     36.021      7.585   242.8802     4.8120     1.3065     0.0243     -0.001     -0.033     -0.047        286 3.2871e+02 0.0000e+00
     -0.033    25.7817     8.1797    100.424  36.538522     35.967      7.589   242.8045     4.8201     1.2662     0.0243     -0.000     -0.032     -0.047        287 3.2803e+02 0.0000e+00
     -0.032    25.7820     8.1753    100.369  36.583881     36.022      7.590   243.1073     4.8120     1.2528     0.0243     -0.000     -0.032     -0.046        288 3.2860e+02 0.0000e+00
     -0.031    25.7826     8.1869    100.512  36.594031     36.022      7.592   243.2209     4.8281     1.2931     0.0243      0.000     -0.031     -0.046        289 3.2853e+02 0.0000e+00
     -0.031    25.7827     8.1961    100.627  36.614869     36.049      7.588   243.2588     4.9656     1.2393     0.0243      0.001     -0.031     -0.046        290 3.2774e+02 0.0000e+00
     -0.033    25.7825     8.2063    100.756  36.587607     36.021      7.588   243.3723     4.9252     1.2259     0.0243      0.001     -0.032     -0.046        291 3.2662e+02 0.0000e+00
     -0.033    25.7821     8.2223    100.953  36.598298     36.021      7.585   243.6752     4.9414     1.3736     0.0243      0.001     -0.032     -0.046        292 3.2569e+02 0.0000e+00
     -0.031    25.7805     8.2302    101.051  36.660882     36.104      7.590   243.5238     4.9292     1.2662     0.0243      0.001     -0.031     -0.045        293 3.2431e+02 0.0000e+00
     -0.031    25.7790     8.2405    101.180  36.598700     36.022      7.591   244.3188     4.9494     1.2393     0.0243      0.001     -0.030     -0.044        294 3.2384e+02 0.0000e+00
     -0.030    25.7784     8.2326    101.080  36.586706     36.023      7.585   244.2052     4.9333     1.2931     0.0243      0.001     -0.030     -0.044        295 3.2388e+02 0.0000e+00
     -0.031    25.7783     8.2281    101.016  36.675809     36.106      7.585   244.1673     4.9373     1.3333     0.0243      0.001     -0.031     -0.044        296 3.2367e+02 0.0000e+00
     -0.031    25.7776     8.2111    100.805  36.665767     36.107      7.587   244.3566     4.9575     1.3199     0.0243      0.001     -0.032     -0.045        297 3.2397e+02 0.0000e+00
     -0.033    25.7773     8.2074    100.759  36.599203     36.024      7.587   243.9023     4.8524     1.2662     0.0243      0.000     -0.032     -0.047        298 3.2403e+02 0.0000e+00
     -0.033    25.7777     8.2028    100.702  36.580692     36.025      7.586   244.2052     4.8281     1.2125     0.0243     -0.000     -0.032     -0.047        299 3.2418e+02 0.0000e+00
     -0.033    25.7787     8.1975    100.640  36.688804     36.108      7.594   244.2809     4.8160     1.2125     0.0243     -0.001     -0.033     -0.048        300 3.2444e+02 0.0000e+00
     -0.034    25.7803     8.1937    100.600  36.701933     36.162      7.594   244.7730     4.8241     1.2393     0.0243     -0.002     -0.033     -0.048        301 3.2437e+02 0.0000e+00
     -0.033    25.7812     8.1938    100.608  36.623670     36.024      7.595   245.0002     4.8807     1.2931     0.0243     -0.002     -0.032     -0.047        302 3.2404e+02 0.0000e+00
     -0.033    25.7822     8.1956    100.637  36.637904     36.105      7.598   245.1516     4.9090     1.3468     0.0243     -0.001     -0.032     -0.047        303 3.2402e+02 0.0000e+00
     -0.033    25.7831     8.1976    100.667  36.624902     36.022      7.598   245.5680     4.8888     1.3065     0.0243     -0.001     -0.032     -0.048        304 3.2336e+02 0.0000e+00
     -0.034    25.7809     8.1903    100.578  36.639850     36.104      7.598   245.2273     4.8888     1.2931     0.0243     -0.001     -0.032     -0.048        305 3.2227e+02 0.0000e+00
     -0.034    25.7771     8.1740    100.373  36.559981     35.966      7.600   245.4166     5.0384     1.2662     0.0243     -0.000     -0.032     -0.047        306 3.2202e+02 0.0000e+00
     -0.032    25.7754     8.1624    100.223  36.605662     36.050      7.596   245.9845     5.0384     1.2528     0.0243      0.000     -0.031     -0.046        307 3.2121e+02 0.0000e+00
     -0.031    25.7751     8.1500    100.067  36.583004     36.025      7.590   246.0602     5.0020     1.3199     0.0243      0.001     -0.031     -0.045        308 3.2067e+02 0.0000e+00
     -0.032    25.7753     8.1534    100.108  36.558520     35.971      7.587   246.2116     5.0141     1.3199     0.0243      0.001     -0.031     -0.045        309 3.2054e+02 0.0000e+00
     -0.032    25.7769     8.1607    100.201  36.636131     36.109      7.585   245.8709     5.0020     1.2528     0.0243      0.001     -0.031     -0.045        310 3.1998e+02 0.0000e+00
     -0.032    25.7799     8.1671    100.280  36.575397     35.972      7.584   245.9845     4.9656     1.3871     0.0243      0.001     -0.032     -0.046        311 3.2033e+02 0.0000e+00
     -0.033    25.7839     8.1626    100.227  36.634103     36.108      7.581   245.8709     4.9494     1.3736     0.0243      0.001     -0.032     -0.046        312 3.2112e+02 0.0000e+00
     -0.033    25.7878     8.1644    100.252  36.622390     36.023      7.585   246.2495     4.9656     1.2393     0.0243      0.000     -0.032     -0.046        313 3.2143e+02 0.0000e+00
     -0.032    25.7905     8.1655    100.267  36.649289     36.103      7.587   245.7573     4.9818     1.2393     0.0243      0.000     -0.031     -0.045        314 3.2076e+02 0.0000e+00
     -0.031    25.7908     8.1708    100.333  36.689601     36.100      7.589   246.2116     4.9575     1.2662     0.0243     -0.000     -0.031     -0.044        315 3.1996e+02 0.0000e+00
     -0.030    25.7877     8.1693    100.317  36.661198     36.098      7.590   246.3252     4.9494     1.3871     0.0243      0.000     -0.031     -0.044        316 3.1926e+02 0.0000e+00
     -0.031    25.7842     8.1815    100.469  36.684637     36.098      7.593   246.4766     4.9333     1.3333     0.0243      0.001     -0.031     -0.045        317 3.1816e+02 0.0000e+00
     -0.033    25.7821     8.1945    100.633  36.719751     36.155      7.594   246.7038     4.9414     1.2393     0.0243      0.000     -0.031     -0.046        318 3.1714e+02 0.0000e+00
     -0.032    25.7817     8.1922    100.608  36.676819     36.103      7.599   246.7795     5.0788     1.2662     0.0243      0.000     -0.031     -0.046        319 3.1629e+02 0.0000e+00
     -0.031    25.7830     8.1753    100.402  36.589771     36.022      7.603   246.9309     5.0829     1.2393     0.0243      0.000     -0.031     -0.045        320 3.1600e+02 0.0000e+00
     -0.030    25.7839     8.1701    100.338  36.590808     36.022      7.602   247.1202     5.1072     1.3468     0.0243      0.000     -0.030     -0.043        321 3.1583e+02 0.0000e+00
     -0.029    25.7853     8.1601    100.216  36.586550     36.021      7.602   247.4609     5.0788     1.3871     0.0243      0.001     -0.028     -0.041        322 3.1534e+02 0.0000e+00
     -0.027    25.7865     8.1514    100.109  36.595068     36.020      7.601   247.6123     5.1476     1.1856     0.0243      0.002     -0.027     -0.039        323 3.1551e+02 0.0000e+00
     -0.028    25.7871     8.1400     99.970  36.609866     36.047      7.601   247.5745     5.1557     1.2662     0.0243      0.002     -0.027     -0.039        324 3.1547e+02 0.0000e+00
     -0.028    25.7879     8.1381     99.948  36.597794     36.018      7.603   247.7638     5.1274     1.2662     0.0243      0.003     -0.027     -0.039        325 3.1409e+02 0.0000e+00
     -0.027    25.7891     8.1359     99.925  36.580433     36.018      7.602   247.8395     5.1395     1.3333     0.0243      0.003     -0.026     -0.039        326 3.1330e+02 0.0000e+00
     -0.027    25.7904     8.0959     99.435  36.542494     35.963      7.600   248.5588     5.0263     1.2662     0.0243      0.003     -0.026     -0.039        327 3.1326e+02 0.0000e+00
     -0.028    25.7924     8.0967     99.444  36.585689     36.017      7.599   248.2181     5.0101     1.2259     0.0243      0.002     -0.027     -0.040        328 3.1249e+02 0.0000e+00
     -0.029    25.7944     8.0834     99.279  36.674973     36.098      7.589   248.0288     5.0101     1.2662     0.0243      0.001     -0.027     -0.040        329 3.1188e+02 0.0000e+00
     -0.027    25.7952     8.0845     99.294  36.668654     36.097      7.584   247.5745     5.0061     1.2259     0.0243     -0.000     -0.026     -0.039        330 3.1149e+02 0.0000e+00
     -0.026    25.7957     8.0845     99.297  36.682530     36.095      7.583   247.5745     5.0182     1.3333     0.0243      0.000     -0.025     -0.037        331 3.1239e+02 0.0000e+00
     -0.025    25.7960     8.0813     99.261  36.657705     36.095      7.585   247.8395     5.2002     1.3333     0.0243      0.001     -0.025     -0.036        332 3.1269e+02 0.0000e+00
     -0.026    25.7962     8.0895     99.364  36.610569     36.012      7.582   247.7638     5.2163     1.2528     0.0243      0.001     -0.026     -0.038        333 3.1220e+02 0.0000e+00
     -0.029    25.7962     8.1069     99.580  36.652211     36.094      7.581   248.1802     5.2002     1.3199     0.0243      0.000     -0.028     -0.041        334 3.1136e+02 0.0000e+00
     -0.030    25.7971     8.1175     99.714  36.635542     36.039      7.581   247.9909     5.2002     1.3065     0.0243     -0.000     -0.028     -0.041        335 3.0993e+02 0.0000e+00
     -0.026    25.7993     8.1424    100.023  36.660972     36.094      7.584   248.1802     5.1355     1.3736     0.0243      0.000     -0.026     -0.037        336 3.1067e+02 0.0000e+00
     -0.024    25.8004     8.1720    100.384  36.679881     36.093      7.585   248.6345     5.1476     1.3199     0.0243      0.001     -0.025     -0.035        337 3.1023e+02 0.0000e+00
     -0.027    25.7994     8.1526    100.143  36.582351     36.010      7.580   248.4073     5.1233     1.2125     0.0243      0.000     -0.028     -0.040        338 3.1034e+02 0.0000e+00
     -0.035    25.7984     8.1511    100.122  36.604391     36.009      7.577   248.2938     5.1314     1.2796     0.0243     -0.002     -0.032     -0.047        339 3.1211e+02 0.0000e+00
     -0.036    25.7993     8.1553    100.168  36.711770     36.147      7.581   247.8016     4.9899     1.2662     0.0243     -0.004     -0.034     -0.049        340 3.1291e+02 0.0000e+00
