Data/DataNotYetUploadedToEDI/Raw_CTD/RawDownloads/082020_bvr50.cnv
* Sea-Bird SBE19plus  Data File:
* FileName = C:\DATA\082020_bvr50_0001.hex
* Software version 2.8.0.119
* Temperature SN = 7809
* Conductivity SN = 7809
* System UpLoad Time = Aug 20 2020 15:12:34
* <ApplicationData>
* <Seaterm232>
# nquan = 16
# nvalues = 4024                        
# units = specified
# name 0 = depFM: Depth [fresh water, m]
# name 1 = dz/dtM: Descent Rate [m/s]
# name 2 = sbeox0ML/L: Oxygen, SBE 43 [ml/l]
# name 3 = sbeox0PS: Oxygen, SBE 43 [% saturation]
# name 4 = specc: Specific Conductance [uS/cm]
# name 5 = c0uS/cm: Conductivity [uS/cm]
# name 6 = flECO-AFL: Fluorescence, WET Labs ECO-AFL/FL [mg/m^3]
# name 7 = ph: pH
# name 8 = orp: Oxidation Reduction Potential [mV]
# name 9 = par/sat/log: PAR/Logarithmic, Satlantic
# name 10 = turbWETntu0: Turbidity, WET Labs ECO [NTU]
# name 11 = prdM: Pressure, Strain Gauge [db]
# name 12 = prdE: Pressure, Strain Gauge [psi]
# name 13 = tv290C: Temperature [ITS-90, deg C]
# name 14 = density00: Density [density, kg/m^3]
# name 15 = flag:  0.000e+00
# span 0 =     -0.730,     10.351       
# span 1 =     -0.520,      3.857       
# span 2 =     0.0236,     5.8423       
# span 3 =      0.362,    100.418       
# span 4 =      3.591,    146.698       
# span 5 =   3.419733, 101.827298       
# span 6 =    -1.9338,     8.7698       
# span 7 =     12.099,     12.481       
# span 8 =  -125.3939,  1067.0279       
# span 9 = 1.2350e-01, 1.1546e+03       
# span 10 =    -0.0545,    69.7213      
# span 11 =     -0.717,     10.151      
# span 12 =     -1.039,     14.723      
# span 13 =     9.6939,    24.9584      
# span 14 =   997.0725,   999.8304      
# span 15 = 0.0000e+00, 0.0000e+00      
# interval = seconds: 0.25
# start_time = Aug 19 2020 20:06:54 [Instrument's time stamp, header]
# bad_flag = -9.990e-29
*END*
[from data line 3797]
      2.002 -1.154e-13     4.5906     80.281     27.425  27.130398     2.5932     12.144    57.5777 1.5882e+01     1.8882      1.963      2.848    24.3740   997.2294 0.0000e+00
      2.002 -7.840e-15     4.6234     80.712     27.430  27.130966     2.5892     12.144    57.9586 1.5860e+01     1.8649      1.963      2.847    24.3924   997.2248 0.0000e+00
      2.002 2.8465e-14     4.6476     81.094     27.447  27.137248     2.5950     12.144    58.3541 1.5855e+01     1.8680      1.963      2.848    24.4217   997.2175 0.0000e+00
      2.002 3.2354e-13     4.6644     81.381     27.462  27.142913     2.5969     12.144    58.7460 1.5845e+01     1.8569      1.963      2.847    24.4519   997.2099 0.0000e+00
      2.002 3.5599e-12     4.6860     81.566     27.462  27.136003     2.5844     12.144    59.0834 1.5837e+01     1.8335      1.963      2.848    24.4643   997.2068 0.0000e+00
      2.002 3.9159e-11     4.7156     81.623     27.442  27.117126     2.6147     12.143    59.3363 1.5832e+01     1.8604      1.963      2.847    24.4517   997.2099 0.0000e+00
      2.002 4.3075e-10     4.7400     81.504     27.427  27.104969     2.6958     12.142    59.5674 1.5815e+01     1.9067      1.963      2.847    24.4303   997.2153 0.0000e+00
      2.002 4.7382e-09     4.7586     81.224     27.433  27.115878     2.7355     12.141    59.8987 1.5795e+01     1.9137      1.963      2.847    24.4108   997.2203 0.0000e+00
      2.002 5.2121e-08     4.7708     80.895     27.435  27.122163     2.7323     12.142    60.3304 1.5780e+01     1.8757      1.963      2.848    24.3960   997.2239 0.0000e+00
      2.002 5.7333e-07     4.7759     80.641     27.428  27.117539     2.7811     12.142    60.7424 1.5761e+01     1.8243      1.963      2.847    24.3987   997.2233 0.0000e+00
      2.002      0.000     4.7678     80.480     27.433  27.123408     2.8779     12.142    61.0952 1.5746e+01     1.8073      1.963      2.847    24.4081   997.2209 0.0000e+00
      2.001      0.000     4.7483     80.403     27.441  27.129699     2.9293     12.142    61.4117 1.5731e+01     1.8425      1.962      2.846    24.4152   997.2191 0.0000e+00
      2.001      0.001     4.7244     80.442     27.444  27.130173     2.9259     12.141    61.8158 1.5702e+01     1.8718      1.962      2.846    24.4246   997.2167 0.0000e+00
      2.001      0.003     4.7097     80.604     27.441  27.129132     2.9134     12.141    62.1103 1.5669e+01     1.8533      1.963      2.847    24.4307   997.2152 0.0000e+00
      2.001      0.007     4.7013     80.884     27.424  27.117117     2.8646     12.141    62.2190 1.5649e+01     1.8581      1.963      2.847    24.4296   997.2155 0.0000e+00
      2.001      0.011     4.6949     81.239     27.419  27.111771     2.7737     12.141    62.6139 1.5639e+01     1.8958      1.961      2.845    24.4269   997.2162 0.0000e+00
      2.005      0.013     4.6988     81.589     27.442  27.127916     2.7206     12.141    63.0130 1.5634e+01     1.9315      1.963      2.847    24.4199   997.2179 0.0000e+00
      2.013      0.013     4.7074     81.901     27.440  27.122028     2.7181     12.141    63.1733 1.5637e+01     1.9468      1.975      2.864    24.4235   997.2171 0.0000e+00
      2.019      0.012     4.7231     82.190     27.413  27.103995     2.7242     12.140    63.5190 1.5637e+01     1.9437      1.982      2.875    24.4400   997.2130 0.0000e+00
      2.021      0.009     4.7461     82.473     27.391  27.100182     2.7376     12.139    63.9237 1.5614e+01     1.9622      1.982      2.875    24.4423   997.2124 0.0000e+00
      2.021      0.006     4.7689     82.748     27.350  27.075961     2.7559     12.137    64.2804 1.5582e+01     1.9306      1.983      2.876    24.4203   997.2179 0.0000e+00
      2.020      0.002     4.7881     82.998     27.330  27.064881     2.7463     12.136    64.7344 1.5563e+01     1.8354      1.981      2.874    24.4017   997.2226 0.0000e+00
      2.020      0.000     4.8026     83.244     27.354  27.093091     2.6775     12.136    65.2835 1.5555e+01     1.8073      1.980      2.872    24.4252   997.2167 0.0000e+00
      2.020      0.000     4.8153     83.544     27.361  27.099905     2.5819     12.137    65.8426 1.5551e+01     1.8652      1.981      2.873    24.4682   997.2059 0.0000e+00
      2.020      0.001     4.8293     83.896     27.348  27.083836     2.5346     12.138    66.1611 1.5561e+01     1.9175      1.980      2.872    24.4966   997.1988 0.0000e+00
      2.020      0.001     4.8427     84.245     27.359  27.089084     2.5353     12.140    66.3808 1.5576e+01     1.9252      1.980      2.872    24.5108   997.1952 0.0000e+00
      2.022      0.001     4.8539     84.552     27.380  27.099909     2.5615     12.140    67.0353 1.5571e+01     1.8897      1.983      2.876    24.5189   997.1931 0.0000e+00
      2.023     -0.002     4.8717     84.762     27.385  27.087851     2.6129     12.140    67.6223 1.5555e+01     1.8313      1.984      2.878    24.5207   997.1926 0.0000e+00
      2.023     -0.008     4.8949     84.821     27.391  27.070132     2.6421     12.141    67.3697 1.5551e+01     1.8368      1.984      2.877    24.5123   997.1948 0.0000e+00
      2.022     -0.018     4.9161     84.718     27.422  27.075920     2.6376     12.141    66.9053 1.5565e+01     1.8875      1.983      2.876    24.5026   997.1972 0.0000e+00
      2.020     -0.030     4.9367     84.419     27.461  27.094375     2.5588     12.141    66.8253 1.5563e+01     1.8262      1.982      2.875    24.4878   997.2010 0.0000e+00
      2.012     -0.041     4.9537     83.928     27.481  27.102955     2.4039     12.141    67.1773 1.5538e+01     1.6799      1.978      2.867    24.4566   997.2088 0.0000e+00
      1.997     -0.051     4.9602     83.319     27.498  27.116209     2.3198     12.141    67.6351 1.5512e+01     1.6288      1.961      2.844    24.4108   997.2202 0.0000e+00
      1.977     -0.058     4.9604     82.629     27.513  27.127761     2.3245     12.141    67.8003 1.5480e+01     1.6545      1.938      2.810    24.3603   997.2327 0.0000e+00
      1.957     -0.061     4.9475     81.888     27.505  27.115766     2.3368     12.141    68.0553 1.5438e+01     1.6481      1.918      2.781    24.3187   997.2431 0.0000e+00
      1.942     -0.059     4.9168     81.126     27.495  27.098040     2.3638     12.143    68.4817 1.5398e+01     1.6889      1.903      2.760    24.3018   997.2472 0.0000e+00
      1.928     -0.055     4.8819     80.370     27.508  27.103712     2.4113     12.144    68.7403 1.5367e+01     1.8038      1.890      2.742    24.3003   997.2475 0.0000e+00
      1.915     -0.049     4.8408     79.681     27.529  27.120907     2.4446     12.143    68.9443 1.5351e+01     1.8693      1.876      2.721    24.2960   997.2486 0.0000e+00
      1.905     -0.044     4.7974     79.131     27.525  27.115646     2.4612     12.143    69.5721 1.5335e+01     1.8978      1.866      2.707    24.2874   997.2506 0.0000e+00
      1.895     -0.039     4.7544     78.767     27.512  27.103526     2.4791     12.143    70.1358 1.5297e+01     1.9081      1.859      2.696    24.2714   997.2546 0.0000e+00
      1.884     -0.038     4.7095     78.580     27.507  27.101228     2.4991     12.143    69.9958 1.5268e+01     1.8912      1.846      2.678    24.2579   997.2579 0.0000e+00
      1.874     -0.041     4.6680     78.533     27.494  27.087860     2.5207     12.144    70.1162 1.5261e+01     1.8990      1.835      2.662    24.2530   997.2590 0.0000e+00
      1.869     -0.047     4.6349     78.615     27.480  27.068763     2.5401     12.145    70.5591 1.5257e+01     1.9335      1.833      2.658    24.2480   997.2603 0.0000e+00
      1.861     -0.056     4.6140     78.843     27.478  27.060605     2.5905     12.145    70.4463 1.5242e+01     1.9311      1.830      2.654    24.2490   997.2601 0.0000e+00
      1.845     -0.064     4.6033     79.178     27.472  27.052646     2.6724     12.145    70.2155 1.5203e+01     1.8696      1.811      2.627    24.2577   997.2578 0.0000e+00
      1.823     -0.068     4.6009     79.545     27.452  27.035956     2.7104     12.145    70.4350 1.5152e+01     1.8431      1.788      2.593    24.2590   997.2574 0.0000e+00
      1.800     -0.067     4.6054     79.940     27.460  27.049102     2.7165     12.145    71.1224 1.5106e+01     1.8848      1.766      2.562    24.2481   997.2600 0.0000e+00
      1.776     -0.062     4.6208     80.391     27.489  27.084738     2.6980     12.145    71.9009 1.5076e+01     1.8929      1.740      2.524    24.2332   997.2636 0.0000e+00
      1.758     -0.054     4.6439     80.872     27.481  27.086267     2.6293     12.144    72.4487 1.5073e+01     1.8388      1.720      2.494    24.2271   997.2650 0.0000e+00
      1.751     -0.047     4.6641     81.352     27.452  27.067602     2.5828     12.144    72.7555 1.5097e+01     1.8138      1.715      2.488    24.2346   997.2631 0.0000e+00
      1.749     -0.045     4.6852     81.823     27.424  27.049357     2.5839     12.144    72.7705 1.5131e+01     1.8313      1.717      2.490    24.2443   997.2607 0.0000e+00
      1.743     -0.046     4.7117     82.257     27.424  27.055973     2.5956     12.143    72.8025 1.5123e+01     1.8434      1.712      2.483    24.2557   997.2577 0.0000e+00
      1.731     -0.051     4.7393     82.644     27.446  27.084180     2.5991     12.143    73.1427 1.5066e+01     1.8236      1.699      2.464    24.2746   997.2530 0.0000e+00
      1.713     -0.058     4.7648     83.013     27.427  27.073260     2.5886     12.142    73.5279 1.5013e+01     1.7980      1.681      2.438    24.2957   997.2477 0.0000e+00
      1.693     -0.064     4.7921     83.373     27.394  27.050818     2.5829     12.142    73.5022 1.4973e+01     1.8076      1.660      2.408    24.3120   997.2436 0.0000e+00
      1.674     -0.065     4.8169     83.733     27.395  27.066564     2.5397     12.142    73.4342 1.4946e+01     1.7688      1.641      2.380    24.3241   997.2404 0.0000e+00
      1.657     -0.061     4.8373     84.133     27.384  27.073377     2.4485     12.141    73.9107 1.4915e+01     1.6719      1.625      2.357    24.3332   997.2381 0.0000e+00
      1.642     -0.053     4.8580     84.638     27.361  27.069792     2.4044     12.141    74.3595 1.4860e+01     1.6319      1.611      2.336    24.3473   997.2345 0.0000e+00
      1.628     -0.046     4.8771     85.243     27.361  27.086679     2.3970     12.140    74.4722 1.4819e+01     1.6288      1.595      2.314    24.3662   997.2297 0.0000e+00
      1.617     -0.041     4.8957     85.891     27.352  27.087294     2.3888     12.139    74.6702 1.4818e+01     1.6348      1.583      2.297    24.3903   997.2235 0.0000e+00
      1.612     -0.037     4.9131     86.551     27.340  27.077239     2.3808     12.138    74.7748 1.4819e+01     1.7038      1.581      2.292    24.4271   997.2144 0.0000e+00
      1.607     -0.033     4.9395     87.161     27.355  27.091969     2.3486     12.138    74.7905 1.4801e+01     1.8109      1.578      2.289    24.4656   997.2047 0.0000e+00
      1.597     -0.026     4.9739     87.646     27.402  27.138529     2.3235     12.138    75.2910 1.4778e+01     1.8655      1.567      2.273    24.4978   997.1965 0.0000e+00
      1.585     -0.017     5.0099     87.968     27.456  27.196182     2.3242     12.138    75.9214 1.4753e+01     1.8495      1.553      2.253    24.5147   997.1923 0.0000e+00
      1.577     -0.007     5.0498     88.142     27.466  27.218185     2.3763     12.138    76.0459 1.4748e+01     1.8572      1.543      2.239    24.5160   997.1919 0.0000e+00
      1.576      0.003     5.0873     88.203     27.446  27.214304     2.4768     12.138    76.1943 1.4761e+01     1.8899      1.542      2.236    24.5141   997.1923 0.0000e+00
      1.584      0.011     5.1169     88.227     27.428  27.212706     2.5288     12.137    76.5975 1.4771e+01     1.8667      1.551      2.249    24.5112   997.1931 0.0000e+00
      1.596      0.016     5.1346     88.307     27.402  27.198895     2.5278     12.137    76.7907 1.4777e+01     1.8513      1.567      2.273    24.5149   997.1922 0.0000e+00
      1.604      0.017     5.1421     88.468     27.367  27.174195     2.5414     12.136    76.8948 1.4764e+01     1.8763      1.575      2.284    24.5385   997.1863 0.0000e+00
      1.606      0.014     5.1407     88.691     27.353  27.167789     2.5793     12.135    77.2553 1.4718e+01     1.8933      1.574      2.284    24.5745   997.1773 0.0000e+00
      1.605      0.008     5.1366     88.946     27.367  27.184876     2.6039     12.131    77.9649 1.4686e+01     1.8863      1.574      2.283    24.6046   997.1697 0.0000e+00
      1.605      0.003     5.1390     89.203     27.373  27.190518     2.5904     12.127    78.6784 1.4695e+01     1.8597      1.573      2.282    24.6256   997.1645 0.0000e+00
      1.606     -0.002     5.1474     89.436     27.357  27.172576     2.5126     12.126    78.9131 1.4698e+01     1.8797      1.574      2.284    24.6429   997.1601 0.0000e+00
      1.607     -0.008     5.1593     89.621     27.346  27.158226     2.3977     12.126    78.7372 1.4673e+01     1.9231      1.576      2.286    24.6577   997.1563 0.0000e+00
      1.606     -0.016     5.1744     89.730     27.337  27.143858     2.3359     12.127    78.5299 1.4648e+01     1.9041      1.576      2.286    24.6641   997.1547 0.0000e+00
      1.602     -0.024     5.1901     89.741     27.325  27.125708     2.3192     12.128    78.6440 1.4632e+01     1.8554      1.573      2.282    24.6594   997.1558 0.0000e+00
      1.594     -0.031     5.2046     89.654     27.336  27.129055     2.3091     12.128    78.9984 1.4593e+01     1.8152      1.564      2.269    24.6557   997.1568 0.0000e+00
      1.582     -0.038     5.2163     89.486     27.334  27.120888     2.2798     12.129    79.2868 1.4543e+01     1.7614      1.551      2.250    24.6529   997.1574 0.0000e+00
      1.569     -0.043     5.2241     89.237     27.309  27.090379     2.2223     12.130    79.5496 1.4509e+01     1.7204      1.538      2.230    24.6424   997.1599 0.0000e+00
      1.558     -0.047     5.2262     88.960     27.300  27.077317     2.1864     12.130    79.8526 1.4480e+01     1.6959      1.527      2.215    24.6296   997.1631 0.0000e+00
      1.547     -0.049     5.2213     88.741     27.316  27.089802     2.1899     12.129    79.9391 1.4452e+01     1.6375      1.518      2.202    24.6157   997.1666 0.0000e+00
      1.536     -0.051     5.2139     88.573     27.345  27.114473     2.2729     12.129    79.5634 1.4426e+01     1.6660      1.507      2.185    24.6009   997.1704 0.0000e+00
      1.522     -0.054     5.1994     88.444     27.357  27.121898     2.4084     12.129    79.3547 1.4414e+01     1.8355      1.493      2.165    24.5915   997.1726 0.0000e+00
      1.507     -0.057     5.1803     88.380     27.357  27.116131     2.4745     12.129    79.7386 1.4413e+01     1.9359      1.478      2.143    24.5864   997.1739 0.0000e+00
      1.491     -0.059     5.1697     88.359     27.357  27.108174     2.4811     12.129    80.0750 1.4406e+01     1.9179      1.463      2.123    24.5794   997.1756 0.0000e+00
      1.475     -0.059     5.1611     88.347     27.341  27.089105     2.4788     12.128    80.2381 1.4409e+01     1.8591      1.447      2.098    24.5733   997.1770 0.0000e+00
      1.459     -0.058     5.1524     88.327     27.325  27.075852     2.4752     12.128    80.5926 1.4416e+01     1.7392      1.430      2.074    24.5670   997.1785 0.0000e+00
      1.445     -0.057     5.1513     88.259     27.320  27.074801     2.4665     12.128    80.9200 1.4420e+01     1.6014      1.418      2.057    24.5536   997.1818 0.0000e+00
      1.432     -0.054     5.1525     88.142     27.319  27.076406     2.4492     12.128    81.0126 1.4431e+01     1.5325      1.404      2.038    24.5367   997.1861 0.0000e+00
      1.418     -0.051     5.1520     88.031     27.337  27.095258     2.4383     12.128    81.2827 1.4446e+01     1.5927      1.389      2.015    24.5300   997.1876 0.0000e+00
