Data/DataNotYetUploadedToEDI/Raw_CTD/RawDownloads/082018_fcr50.cnv
* Sea-Bird SBE19plus  Data File:
* FileName = C:\DATA\082018_fcr_0001.hex
* Software version 2.6.3.104
* Temperature SN = 7809
* Conductivity SN = 7809
* System UpLoad Time = Aug 20 2018 17:52:05
* <ApplicationData>
* <Seaterm232>
# nquan = 17
# nvalues = 689                         
# units = specified
# name 0 = depFM: Depth [fresh water, m]
# name 1 = tv290C: Temperature [ITS-90, deg C]
# name 2 = sbeox0Mg/L: Oxygen, SBE 43 [mg/l]
# name 3 = sbeox0PS: Oxygen, SBE 43 [% saturation]
# name 4 = c0uS/cm: Conductivity [uS/cm]
# name 5 = specc: Specific Conductance [uS/cm]
# name 6 = ph: pH
# name 7 = orp: Oxidation Reduction Potential [mV]
# name 8 = flECO-AFL: Fluorescence, WET Labs ECO-AFL/FL [mg/m^3]
# name 9 = turbWETntu0: Turbidity, WET Labs ECO [NTU]
# name 10 = sal00: Salinity, Practical [PSU]
# name 11 = dz/dtM: Descent Rate [m/s]
# name 12 = prdM: Pressure, Strain Gauge [db]
# name 13 = prdE: Pressure, Strain Gauge [psi]
# name 14 = scan: Scan Count
# name 15 = par/sat/log: PAR/Logarithmic, Satlantic
# name 16 = flag:  0.000e+00
# span 0 =     -0.545,      9.610       
# span 1 =    11.7228,    25.9023       
# span 2 =    -0.0045,     9.1821       
# span 3 =     -0.042,    112.957       
# span 4 =   0.508566, 135.472074       
# span 5 =      0.569,    184.390       
# span 6 =      6.041,      7.952       
# span 7 = -1240.7455,   385.4506       
# span 8 =    -0.2021,     8.0226       
# span 9 =    -0.3720,    21.2201       
# span 10 =     0.0117,     0.0869      
# span 11 =     -0.070,      0.226      
# span 12 =     -0.534,      9.422      
# span 13 =     -0.775,     13.665      
# span 14 =          1,        689      
# span 15 = 1.2473e-01, 4.4905e+02      
# span 16 = 0.0000e+00, 0.0000e+00      
# interval = seconds: 0.25
# start_time = Aug 20 2018 15:22:31 [Instrument's time stamp, header]
# bad_flag = -9.990e-29
*END*
[from data line 171]
      0.213    25.6805     5.1437     63.142  35.966320     35.458      7.870   245.6059     4.0841     0.7559     0.0240      0.000      0.209      0.303        172 2.4378e+02 0.0000e+00
      0.213    25.6791     5.7733     70.940  35.987406     35.514      7.871   244.5080     4.0882     0.8097     0.0240      0.000      0.209      0.303        173 2.4299e+02 0.0000e+00
      0.213    25.6778     6.5479     80.500  36.013735     35.515      7.871   244.7352     4.0558     0.8365     0.0240      0.000      0.209      0.303        174 2.4219e+02 0.0000e+00
      0.213    25.6763     7.3028     89.807  35.992871     35.516      7.874   244.8488     4.1124     0.8365     0.0240      0.000      0.209      0.303        175 2.4422e+02 0.0000e+00
      0.213    25.6746     7.9718     98.049  36.013369     35.517      7.873   245.1138     4.0760     0.8768     0.0240      0.000      0.209      0.303        176 2.4377e+02 0.0000e+00
      0.213    25.6730     8.5137    104.724  36.047542     35.573      7.872   244.9245     4.0558     0.8634     0.0241      0.000      0.209      0.303        177 2.4292e+02 0.0000e+00
      0.212    25.6715     8.9271    109.815  36.009662     35.519      7.874   244.8866     4.0801     0.8097     0.0240     -0.000      0.209      0.303        178 2.4384e+02 0.0000e+00
      0.213    25.6699     9.1445    112.492  36.060513     35.575      7.873   245.2652     4.0720     0.8097     0.0241     -0.000      0.209      0.303        179 2.4387e+02 0.0000e+00
      0.213    25.6689     9.1821    112.957  35.984261     35.521      7.876   245.1516     4.0922     0.8499     0.0240     -0.000      0.209      0.303        180 2.4314e+02 0.0000e+00
      0.213    25.7003     9.0992    111.938  36.045239     35.522      7.876   244.9245     4.1003     0.9305     0.0240     -0.000      0.209      0.303        181 2.4485e+02 0.0000e+00
      0.213    25.7694     8.9861    110.546  36.548142     36.102      7.874   244.8866     4.0477     0.8902     0.0243     -0.000      0.209      0.303        182 2.4451e+02 0.0000e+00
      0.213    25.8243     8.8692    109.107  36.752366     36.219      7.879   245.1138     4.0558     0.8902     0.0243     -0.000      0.209      0.303        183 2.4294e+02 0.0000e+00
      0.213    25.8525     8.7549    107.701  36.740154     36.195      7.878   246.6280     4.0639     0.8365     0.0243      0.000      0.209      0.303        184 2.4506e+02 0.0000e+00
      0.213    25.8687     8.6476    106.381  36.741266     36.129      7.878   246.5523     3.9507     0.8902     0.0243      0.000      0.209      0.303        185 2.4425e+02 0.0000e+00
      0.213    25.8776     8.5537    105.225  36.780615     36.164      7.880   246.1359     3.9871     0.8634     0.0244      0.000      0.209      0.303        186 2.4338e+02 0.0000e+00
      0.213    25.8828     8.4874    104.409  36.780145     36.153      7.879   246.4766     3.9426     0.8097     0.0244      0.000      0.209      0.304        187 2.4523e+02 0.0000e+00
      0.214    25.8855     8.4491    103.937  36.741840     36.091      7.878   246.2116     3.9911     0.9842     0.0243      0.001      0.210      0.305        188 2.4380e+02 0.0000e+00
      0.216    25.8868     8.4165    103.538  36.768963     36.143      7.878   246.7038     4.0113     0.8365     0.0244      0.001      0.211      0.306        189 2.4319e+02 0.0000e+00
      0.214    25.8877     8.3865    103.168  36.776049     36.113      7.881   248.3316     4.0558     0.9171     0.0243      0.001      0.211      0.306        190 2.4471e+02 0.0000e+00
      0.215    25.8883     8.3710    102.978  36.762679     36.140      7.876   248.4831     4.0275     0.9171     0.0244      0.001      0.211      0.306        191 2.4394e+02 0.0000e+00
      0.215    25.8882     8.3732    103.005  36.755943     36.084      7.874   248.3695     4.0194     0.7828     0.0243      0.001      0.211      0.306        192 2.4357e+02 0.0000e+00
      0.215    25.8877     8.3897    103.209  36.754772     36.139      7.874   248.1045     4.2175     0.8634     0.0244      0.001      0.211      0.306        193 2.4443e+02 0.0000e+00
      0.215    25.8877     8.4056    103.404  36.704817     36.029      7.874   248.2559     4.2175     0.8634     0.0243      0.001      0.211      0.306        194 2.4315e+02 0.0000e+00
      0.215    25.8875     8.4061    103.410  36.729133     36.112      7.875   248.5588     4.2459     0.8634     0.0243      0.001      0.211      0.306        195 2.4336e+02 0.0000e+00
      0.215    25.8874     8.3935    103.253  36.754169     36.084      7.876   248.8238     4.2378     0.8634     0.0243      0.000      0.211      0.306        196 2.4485e+02 0.0000e+00
      0.215    25.8872     8.3766    103.046  36.762638     36.139      7.876   248.9373     4.1892     0.7962     0.0244     -0.000      0.211      0.306        197 2.4316e+02 0.0000e+00
      0.215    25.8871     8.3562    102.795  36.807572     36.139      7.876   249.0888     4.2054     0.8634     0.0244      0.000      0.211      0.306        198 2.4315e+02 0.0000e+00
      0.215    25.8873     8.3381    102.573  36.816888     36.194      7.879   249.0509     4.2499     0.7559     0.0244      0.000      0.211      0.306        199 2.4385e+02 0.0000e+00
      0.215    25.8872     8.3272    102.437  36.751047     36.085      7.878   249.0509     4.2216     0.8097     0.0243      0.000      0.211      0.306        200 2.4302e+02 0.0000e+00
      0.215    25.8875     8.3351    102.535  36.800532     36.167      7.879   248.4831     4.2054     0.8231     0.0244      0.000      0.211      0.306        201 2.4411e+02 0.0000e+00
      0.215    25.8878     8.3491    102.708  36.844281     36.194      7.878   249.0509     4.1245     0.8365     0.0244      0.000      0.211      0.306        202 2.4385e+02 0.0000e+00
      0.215    25.8878     8.3648    102.904  36.785580     36.139      7.877   249.1645     4.1650     0.8902     0.0244      0.000      0.211      0.306        203 2.4336e+02 0.0000e+00
      0.215    25.8876     8.3817    103.115  36.784607     36.139      7.877   249.8081     4.1650     0.9708     0.0244     -0.000      0.211      0.306        204 2.4432e+02 0.0000e+00
      0.215    25.8874     8.3957    103.290  36.786173     36.139      7.876   249.7702     4.1529     0.7291     0.0244      0.000      0.211      0.306        205 2.4343e+02 0.0000e+00
      0.215    25.8869     8.3951    103.285  36.813290     36.167      7.872   248.6723     4.0437     0.8768     0.0244      0.000      0.211      0.306        206 2.4368e+02 0.0000e+00
      0.215    25.8868     8.3927    103.255  36.780519     36.139      7.871   249.5052     4.0032     0.7559     0.0244      0.000      0.211      0.306        207 2.4375e+02 0.0000e+00
      0.215    25.8871     8.3956    103.292  36.737979     36.085      7.866   249.8459     3.9951     0.8365     0.0243      0.000      0.211      0.306        208 2.4312e+02 0.0000e+00
      0.215    25.8873     8.3882    103.202  36.777253     36.140      7.862   249.7323     4.0032     0.8902     0.0244      0.000      0.210      0.304        209 2.4383e+02 0.0000e+00
      0.212    25.8868     8.3939    103.271  36.731642     36.085      7.853   250.8681     4.2135     0.7962     0.0243     -0.001      0.205      0.297        210 2.4586e+02 0.0000e+00
      0.199    25.8864     8.3957    103.292  36.735422     36.084      7.839   250.0352     4.2216     0.8634     0.0243     -0.005      0.194      0.281        211 2.5106e+02 0.0000e+00
      0.182    25.8871     8.3893    103.212  36.713229     36.085      7.837   248.5588     4.1933     0.8768     0.0243     -0.012      0.177      0.257        212 2.5576e+02 0.0000e+00
      0.163    25.8888     8.3707    102.981  36.610964     35.948      7.841   248.1423     4.2054     0.8634     0.0243     -0.023      0.159      0.232        213 2.6112e+02 0.0000e+00
      0.145    25.8904     8.3575    102.817  36.655076     36.030      7.838   248.0666     4.1529     0.6351     0.0243     -0.034      0.142      0.207        214 2.6323e+02 0.0000e+00
      0.129    25.8919     8.3572    102.814  36.599014     35.946      7.835   248.8238     4.1529     0.5814     0.0243     -0.045      0.125      0.182        215 2.7277e+02 0.0000e+00
      0.109    25.8930     8.3569    102.812  36.532435     35.890      7.832   249.0131     4.1529     0.5142     0.0243     -0.056      0.107      0.155        216 2.8733e+02 0.0000e+00
      0.088    25.8928     8.3608    102.865  36.589637     35.944      7.834   248.1802     4.1650     0.7828     0.0243     -0.065      0.088      0.129        217 2.8678e+02 0.0000e+00
      0.073    25.8933     8.3755    103.050  36.616804     35.971      7.841   248.4073     3.8981     0.8634     0.0243     -0.070      0.073      0.106        218 2.9567e+02 0.0000e+00
      0.061    25.8941     8.3934    103.274  36.587602     35.943      7.849   248.3695     3.8860     0.8097     0.0243     -0.069      0.059      0.087        219 3.1354e+02 0.0000e+00
      0.047    25.8937     8.3993    103.347  36.537001     35.888      7.848   248.4831     3.8698     0.8097     0.0243     -0.067      0.046      0.067        220 3.1723e+02 0.0000e+00
      0.032    25.8928     8.4069    103.439  36.531480     35.887      7.848   248.0666     3.8819     0.8365     0.0243     -0.064      0.034      0.050        221 3.2790e+02 0.0000e+00
      0.028    25.8923     8.4024    103.380  36.594472     35.943      7.855   248.0288     3.8779     0.7559     0.0243     -0.059      0.027      0.039        222 3.4309e+02 0.0000e+00
      0.023    25.8914     8.3932    103.262  36.606904     35.971      7.855   249.6566     3.9264     0.8365     0.0243     -0.053      0.019      0.029        223 3.3830e+02 0.0000e+00
      0.007    25.8903     8.3817    103.123  36.545667     35.889      7.839   248.4452     3.9102     0.9305     0.0243     -0.047      0.009      0.014        224 3.3203e+02 0.0000e+00
     -0.000    25.8903     8.3720    103.009  36.522384     35.889      7.840   248.0288     3.8577     0.8365     0.0243     -0.042      0.002      0.003        225 3.3513e+02 0.0000e+00
     -0.001    25.8917     8.3864    103.190  36.546901     35.890      7.843   247.4988     3.8738     0.8634     0.0243     -0.037 9.5452e-10     -0.000        226 3.3564e+02 0.0000e+00
     -0.000    25.8939     8.3966    103.319  36.574475     35.945      7.855   247.4609     3.8900     0.8365     0.0243     -0.031 1.0500e-08     -0.000        227 3.3256e+02 0.0000e+00
     -0.000    25.8964     8.4124    103.516  36.606707     35.944      7.867   247.6502     3.9264     0.8499     0.0243     -0.024 1.1550e-07 1.4758e-07        228 3.3426e+02 0.0000e+00
     -0.000    25.8983     8.4282    103.704  36.595767     35.970      7.885   248.9752     3.9102     0.8634     0.0243     -0.018      0.000      0.000        229 3.3528e+02 0.0000e+00
      0.000    25.8985     8.4251    103.659  36.499111     35.831      7.899   248.5209     3.8860     0.8768     0.0242     -0.013      0.000      0.000        230 3.3369e+02 0.0000e+00
     -0.000    25.8976     8.4243    103.648  36.519377     35.884      7.907   248.4452     3.9749     0.8365     0.0243     -0.007      0.000      0.000        231 3.3417e+02 0.0000e+00
      0.001    25.8955     8.4131    103.508  36.540885     35.884      7.912   248.2181     3.9790     0.8634     0.0243     -0.001      0.002      0.003        232 3.3538e+02 0.0000e+00
      0.005    25.8936     8.3999    103.343  36.590982     35.940      7.923   248.4073     3.9628     0.8231     0.0243      0.002      0.006      0.009        233 3.3428e+02 0.0000e+00
      0.013    25.8945     8.3891    103.206  36.605330     35.969      7.926   248.9373     3.9547     0.8902     0.0243      0.005      0.012      0.018        234 3.3808e+02 0.0000e+00
      0.020    25.8973     8.3781    103.069  36.552690     35.888      7.929   248.9752     3.8738     0.7962     0.0243      0.009      0.020      0.029        235 3.3582e+02 0.0000e+00
      0.030    25.8996     8.3749    103.028  36.567514     35.942      7.932   249.2402     3.9062     0.8768     0.0243      0.014      0.030      0.044        236 3.1124e+02 0.0000e+00
      0.043    25.9016     8.3729    103.002  36.497903     35.830      7.930   249.3916     3.8900     0.8499     0.0242      0.021      0.042      0.062        237 2.9449e+02 0.0000e+00
      0.057    25.9023     8.3826    103.117  36.520683     35.884      7.927   248.9752     3.8860     0.8768     0.0243      0.028      0.057      0.084        238 2.8721e+02 0.0000e+00
      0.075    25.8994     8.3845    103.135  36.539164     35.882      7.921   249.0131     3.8051     0.8902     0.0243      0.037      0.075      0.110        239 2.8212e+02 0.0000e+00
      0.099    25.8962     8.3717    102.976  36.563880     35.909      7.908   249.0509     3.8132     0.7828     0.0243      0.047      0.097      0.140        240 2.7364e+02 0.0000e+00
      0.121    25.8951     8.3684    102.936  36.667881     36.021      7.890   249.2023     3.8213     0.7291     0.0243      0.056      0.118      0.170        241 2.6564e+02 0.0000e+00
      0.139    25.8940     8.3603    102.834  36.676671     36.023      7.872   249.5052     3.8011     0.8902     0.0243      0.064      0.134      0.194        242 2.6296e+02 0.0000e+00
      0.149    25.8922     8.3578    102.805  36.671578     36.024      7.858   249.2781     3.8253     0.7962     0.0243      0.068      0.146      0.212        243 2.5736e+02 0.0000e+00
      0.161    25.8904     8.3606    102.843  36.674219     36.025      7.856   249.9216     3.8698     0.8634     0.0243      0.069      0.157      0.228        244 2.5512e+02 0.0000e+00
      0.171    25.8892     8.3690    102.949  36.673384     36.026      7.856   249.3159     3.8819     0.8365     0.0243      0.066      0.168      0.244        245 2.4875e+02 0.0000e+00
      0.184    25.8886     8.3641    102.890  36.672619     36.027      7.872   248.8616     3.8819     0.8902     0.0243      0.062      0.180      0.261        246 2.4449e+02 0.0000e+00
      0.197    25.8881     8.3602    102.844  36.675173     36.028      7.875   249.1645     3.9143     0.8634     0.0243      0.056      0.191      0.277        247 2.4656e+02 0.0000e+00
      0.201    25.8860     8.3666    102.925  36.670205     36.029      7.863   248.8238     4.1488     0.7828     0.0243      0.049      0.199      0.288        248 2.4570e+02 0.0000e+00
      0.210    25.8831     8.3778    103.065  36.589824     35.947      7.865   249.2402     4.1448     0.7559     0.0243      0.043      0.207      0.301        249 2.4203e+02 0.0000e+00
      0.224    25.8822     8.3908    103.226  36.537934     35.893      7.870   249.0131     4.1326     0.8365     0.0243      0.041      0.219      0.318        250 2.3945e+02 0.0000e+00
      0.237    25.8824     8.3961    103.292  36.616147     35.978      7.885   248.1802     4.1245     0.8902     0.0243      0.042      0.232      0.336        251 2.3521e+02 0.0000e+00
      0.250    25.8816     8.3878    103.191  36.670446     36.033      7.891   248.1045     4.2782     0.8499     0.0243      0.042      0.244      0.354        252 2.3104e+02 0.0000e+00
      0.260    25.8817     8.3644    102.900  36.677974     36.033      7.896   248.7102     4.2822     0.9036     0.0243      0.043      0.254      0.368        253 2.3077e+02 0.0000e+00
      0.265    25.8836     8.3549    102.784  36.666096     36.034      7.893   248.8238     4.2661     0.8097     0.0243      0.042      0.262      0.379        254 2.2884e+02 0.0000e+00
      0.275    25.8851     8.3500    102.730  36.596251     35.951      7.897   248.5966     4.2984     0.8365     0.0243      0.041      0.272      0.395        255 2.2464e+02 0.0000e+00
