Data/DataNotYetUploadedToEDI/Raw_CTD/RawDownloads/082018_fcr20.cnv
* Sea-Bird SBE19plus  Data File:
* FileName = C:\DATA\082018_fcr_0003.hex
* Software version 2.6.3.104
* Temperature SN = 7809
* Conductivity SN = 7809
* System UpLoad Time = Aug 20 2018 17:52:50
* <ApplicationData>
* <Seaterm232>
# nquan = 17
# nvalues = 768                         
# units = specified
# name 0 = depFM: Depth [fresh water, m]
# name 1 = tv290C: Temperature [ITS-90, deg C]
# name 2 = sbeox0Mg/L: Oxygen, SBE 43 [mg/l]
# name 3 = sbeox0PS: Oxygen, SBE 43 [% saturation]
# name 4 = c0uS/cm: Conductivity [uS/cm]
# name 5 = specc: Specific Conductance [uS/cm]
# name 6 = ph: pH
# name 7 = orp: Oxidation Reduction Potential [mV]
# name 8 = flECO-AFL: Fluorescence, WET Labs ECO-AFL/FL [mg/m^3]
# name 9 = turbWETntu0: Turbidity, WET Labs ECO [NTU]
# name 10 = sal00: Salinity, Practical [PSU]
# name 11 = dz/dtM: Descent Rate [m/s]
# name 12 = prdM: Pressure, Strain Gauge [db]
# name 13 = prdE: Pressure, Strain Gauge [psi]
# name 14 = scan: Scan Count
# name 15 = par/sat/log: PAR/Logarithmic, Satlantic
# name 16 = flag:  0.000e+00
# span 0 =     -0.547,      3.561       
# span 1 =    17.8948,    25.9220       
# span 2 =     0.0251,     8.6717       
# span 3 =      0.289,    106.318       
# span 4 =   0.045090,  93.340378       
# span 5 =      0.476,    108.789       
# span 6 =      6.177,      7.950       
# span 7 =   154.9378,   302.5811       
# span 8 =    -0.1981,    12.7941       
# span 9 =    -0.0900,    12.4517       
# span 10 =     0.0110,     0.0540      
# span 11 =     -0.096,      0.229      
# span 12 =     -0.537,      3.492      
# span 13 =     -0.778,      5.064      
# span 14 =          1,        768      
# span 15 = 2.5265e+00, 5.1849e+02      
# span 16 = 0.0000e+00, 0.0000e+00      
# interval = seconds: 0.25
# start_time = Aug 20 2018 16:14:47 [Instrument's time stamp, header]
# bad_flag = -9.990e-29
*END*
[from data line 426]
     -0.078    25.8872     8.3891    103.156  36.609888     35.946      7.882   243.1452     4.1852     0.9708     0.0243      0.001     -0.077     -0.111        427 4.3057e+02 0.0000e+00
     -0.080    25.8847     8.3810    103.050  36.660479     36.029      7.882   243.1073     4.3550     1.0916     0.0243      0.000     -0.078     -0.114        428 4.2969e+02 0.0000e+00
     -0.081    25.8812     8.3879    103.128  36.676937     36.030      7.884   243.4480     4.3348     1.0111     0.0243     -0.001     -0.079     -0.115        429 4.2942e+02 0.0000e+00
     -0.080    25.8766     8.4050    103.333  36.678385     36.031      7.881   243.5616     4.3227     1.0245     0.0243     -0.001     -0.078     -0.114        430 4.2880e+02 0.0000e+00
     -0.078    25.8727     8.4111    103.407  36.717997     36.089      7.886   243.7888     4.3550     1.0111     0.0243     -0.001     -0.077     -0.112        431 4.2858e+02 0.0000e+00
     -0.077    25.8712     8.4060    103.347  36.597982     35.955      7.889   243.5238     4.7351     1.0648     0.0243     -0.001     -0.077     -0.111        432 4.2892e+02 0.0000e+00
     -0.079    25.8701     8.3989    103.263  36.590470     35.958      7.890   243.6752     4.7432     1.2259     0.0243     -0.001     -0.078     -0.112        433 4.2827e+02 0.0000e+00
     -0.080    25.8684     8.3965    103.241  36.668029     36.041      7.890   243.4480     4.7028     0.9574     0.0243     -0.001     -0.079     -0.114        434 4.2850e+02 0.0000e+00
     -0.080    25.8668     8.4091    103.403  36.679418     36.042      7.891   243.7888     4.7028     1.0379     0.0243     -0.000     -0.079     -0.114        435 4.2856e+02 0.0000e+00
     -0.081    25.8655     8.4222    103.568  36.665275     36.043      7.893   243.6373     4.7230     1.0782     0.0243     -0.000     -0.079     -0.114        436 4.2750e+02 0.0000e+00
     -0.080    25.8636     8.4307    103.674  36.685630     36.044      7.893   243.7130     4.8443     1.1319     0.0243     -0.000     -0.078     -0.113        437 4.2742e+02 0.0000e+00
     -0.078    25.8603     8.4371    103.753  36.713406     36.100      7.895   244.0159     4.8281     1.1453     0.0243     -0.000     -0.077     -0.112        438 4.2727e+02 0.0000e+00
     -0.079    25.8565     8.4432    103.828  36.601050     35.964      7.895   244.0159     4.8241     1.0111     0.0243     -0.000     -0.077     -0.112        439 4.2670e+02 0.0000e+00
     -0.079    25.8539     8.4470    103.873  36.588182     35.966      7.895   244.1295     4.8120     1.0245     0.0243     -0.000     -0.078     -0.113        440 4.2705e+02 0.0000e+00
     -0.080    25.8536     8.4502    103.908  36.670102     36.051      7.897   244.4323     4.7675     1.0245     0.0243      0.000     -0.078     -0.113        441 4.2614e+02 0.0000e+00
     -0.079    25.8545     8.4433    103.814  36.677058     36.053      7.896   244.5080     4.8039     1.0648     0.0243      0.001     -0.078     -0.113        442 4.2557e+02 0.0000e+00
     -0.079    25.8567     8.4308    103.651  36.668504     36.053      7.898   244.3188     4.7917     1.0916     0.0243      0.001     -0.077     -0.112        443 4.2630e+02 0.0000e+00
     -0.078    25.8603     8.4200    103.514  36.680747     36.053      7.897   244.3566     4.8039     1.0782     0.0243      0.001     -0.077     -0.111        444 4.2603e+02 0.0000e+00
     -0.078    25.8642     8.4153    103.457  36.661821     36.051      7.898   244.7730     4.7837     1.1856     0.0243      0.001     -0.077     -0.111        445 4.2513e+02 0.0000e+00
     -0.079    25.8666     8.4120    103.411  36.692058     36.049      7.899   244.7352     4.7877     1.0379     0.0243      0.000     -0.077     -0.112        446 4.2574e+02 0.0000e+00
     -0.079    25.8670     8.4130    103.414  36.702436     36.101      7.899   244.5459     4.7917     1.1588     0.0243      0.000     -0.077     -0.112        447 4.2585e+02 0.0000e+00
     -0.078    25.8672     8.4218    103.507  36.619243     35.962      7.898   244.5459     4.8120     1.0648     0.0243      0.001     -0.077     -0.112        448 4.2489e+02 0.0000e+00
     -0.079    25.8671     8.4218    103.496  36.647293     36.044      7.896   244.7352     4.7230     1.0782     0.0243      0.000     -0.077     -0.112        449 4.2487e+02 0.0000e+00
     -0.079    25.8661     8.4160    103.423  36.608211     35.961      7.899   244.8109     4.7230     1.0379     0.0243     -0.000     -0.077     -0.112        450 4.2519e+02 0.0000e+00
     -0.079    25.8638     8.4135    103.400  36.667880     36.044      7.898   245.1516     4.7311     1.0514     0.0243     -0.000     -0.077     -0.112        451 4.2529e+02 0.0000e+00
     -0.080    25.8594     8.4080    103.347  36.721333     36.100      7.898   244.6973     4.7432     1.0379     0.0243     -0.001     -0.077     -0.111        452 4.2425e+02 0.0000e+00
     -0.076    25.8544     8.4070    103.344  36.601010     35.964      7.897   244.9623     4.6543     0.9708     0.0243      0.000     -0.076     -0.110        453 4.2314e+02 0.0000e+00
     -0.076    25.8523     8.4212    103.516  36.580347     35.967      7.896   245.1516     4.6785     0.9976     0.0243      0.001     -0.077     -0.112        454 4.2246e+02 0.0000e+00
     -0.083    25.8525     8.4444    103.795  36.598752     35.970      7.896   244.5080     4.6462     1.0514     0.0243     -0.001     -0.080     -0.116        455 4.2207e+02 0.0000e+00
     -0.083    25.8498     8.4590    103.968  36.578107     35.972      7.896   244.3945     4.6421     1.1051     0.0243     -0.002     -0.079     -0.115        456 4.2129e+02 0.0000e+00
     -0.075    25.8443     8.4556    103.921  36.606042     35.972      7.891   244.2052     4.6462     1.0648     0.0243     -0.000     -0.072     -0.105        457 4.1867e+02 0.0000e+00
     -0.063    25.8371     8.4393    103.718  36.652966     36.056      7.888   244.2809     4.4036     1.0111     0.0243      0.004     -0.062     -0.091        458 4.1613e+02 0.0000e+00
     -0.053    25.8313     8.4026    103.266  36.608689     35.978      7.882   244.7352     4.3955     1.0782     0.0243      0.010     -0.055     -0.081        459 4.1597e+02 0.0000e+00
     -0.055    25.8304     8.3494    102.614  36.572168     35.983      7.869   244.1295     4.3793     1.0111     0.0243      0.013     -0.055     -0.080        460 4.1427e+02 0.0000e+00
     -0.060    25.8343     8.3073    102.100  36.609441     35.987      7.855   244.3945     4.4036     1.1319     0.0243      0.014     -0.058     -0.085        461 4.1165e+02 0.0000e+00
     -0.062    25.8418     8.2785    101.754  36.651283     36.070      7.851   244.2809     4.2903     1.0648     0.0243      0.014     -0.059     -0.087        462 4.0847e+02 0.0000e+00
     -0.061    25.8464     8.2697    101.655  36.609074     35.985      7.858   244.6973     4.2459     1.0379     0.0243      0.013     -0.061     -0.088        463 4.0546e+02 0.0000e+00
     -0.066    25.8454     8.2821    101.814  36.661968     36.062      7.863   244.3566     4.2822     1.0514     0.0243      0.007     -0.061     -0.088        464 4.0569e+02 0.0000e+00
     -0.057    25.8422     8.3041    102.087  36.674432     36.058      7.867   244.5080     4.2459     1.0648     0.0243      0.003     -0.052     -0.076        465 4.0602e+02 0.0000e+00
     -0.035    25.8387     8.3410    102.542  36.593560     35.977      7.869   244.5080     4.1407     0.8634     0.0243      0.005     -0.038     -0.055        466 4.0609e+02 0.0000e+00
     -0.025    25.8359     8.3809    103.033  36.584656     35.979      7.863   244.4323     4.1488     0.7694     0.0243      0.011     -0.031     -0.045        467 4.0067e+02 0.0000e+00
     -0.035    25.8342     8.4084    103.367  36.596538     35.982      7.868   244.3566     4.1448     0.8097     0.0243      0.016     -0.037     -0.053        468 3.9927e+02 0.0000e+00
     -0.051    25.8339     8.4037    103.306  36.667754     36.066      7.871   244.7730     4.1245     0.7559     0.0243      0.014     -0.048     -0.069        469 4.0505e+02 0.0000e+00
     -0.060    25.8346     8.3900    103.138  36.673986     36.067      7.878   244.8488     4.4157     1.1185     0.0243      0.009     -0.054     -0.078        470 4.0903e+02 0.0000e+00
     -0.053    25.8364     8.3700    102.895  36.588783     35.985      7.882   244.7730     4.4036     1.0379     0.0243      0.004     -0.051     -0.074        471 4.1279e+02 0.0000e+00
     -0.044    25.8406     8.3524    102.682  36.595831     35.984      7.884   245.1516     4.4036     1.0514     0.0243      0.002     -0.045     -0.066        472 4.1487e+02 0.0000e+00
     -0.041    25.8458     8.3502    102.659  36.576237     35.983      7.875   245.0002     4.3833     1.0111     0.0243     -0.003     -0.042     -0.062        473 4.2002e+02 0.0000e+00
     -0.044    25.8492     8.3544    102.711  36.613167     35.980      7.871   245.4166     4.5532     1.0782     0.0243     -0.007     -0.044     -0.064        474 4.2443e+02 0.0000e+00
     -0.050    25.8508     8.3513    102.673  36.698166     36.114      7.872   245.4166     4.5491     1.0379     0.0243     -0.006     -0.049     -0.071        475 4.2617e+02 0.0000e+00
     -0.056    25.8519     8.3429    102.565  36.618751     35.974      7.881   245.1895     4.5410     1.1319     0.0243     -0.002     -0.053     -0.077        476 4.2913e+02 0.0000e+00
     -0.056    25.8519     8.3353    102.470  36.652677     36.055      7.887   245.5680     4.5330     1.2125     0.0243     -0.000     -0.053     -0.077        477 4.2944e+02 0.0000e+00
     -0.051    25.8500     8.3302    102.404  36.685604     36.055      7.886   245.4166     4.5370     1.0916     0.0243     -0.000     -0.050     -0.073        478 4.2707e+02 0.0000e+00
     -0.049    25.8478     8.3223    102.304  36.666753     36.055      7.888   245.9088     4.5451     1.0111     0.0243     -0.003     -0.050     -0.073        479 4.2546e+02 0.0000e+00
     -0.056    25.8480     8.3156    102.220  36.676138     36.056      7.892   246.1359     4.5330     1.1856     0.0243     -0.006     -0.055     -0.080        480 4.2601e+02 0.0000e+00
     -0.065    25.8499     8.3129    102.188  36.673924     36.058      7.887   246.0602     4.5289     1.0111     0.0243     -0.008     -0.062     -0.090        481 4.2627e+02 0.0000e+00
     -0.071    25.8521     8.2989    102.021  36.669507     36.057      7.883   245.7195     4.5491     1.0111     0.0243     -0.010     -0.067     -0.098        482 4.2572e+02 0.0000e+00
     -0.072    25.8540     8.3056    102.109  36.592656     35.974      7.882   246.0602     4.4480     1.0379     0.0243     -0.010     -0.067     -0.098        483 4.2563e+02 0.0000e+00
     -0.063    25.8545     8.3155    102.233  36.591608     35.972      7.877   246.1359     4.4723     1.0379     0.0243     -0.009     -0.062     -0.090        484 4.2580e+02 0.0000e+00
     -0.057    25.8535     8.3396    102.534  36.670810     36.053      7.876   246.4766     4.4763     1.0916     0.0243     -0.007     -0.057     -0.083        485 4.2462e+02 0.0000e+00
     -0.056    25.8517     8.3609    102.800  36.672044     36.053      7.874   245.8709     4.4723     1.0379     0.0243     -0.004     -0.056     -0.081        486 4.2396e+02 0.0000e+00
     -0.059    25.8503     8.3803    103.043  36.679050     36.053      7.885   245.7952     4.4683     1.0379     0.0243     -0.001     -0.056     -0.081        487 4.2506e+02 0.0000e+00
     -0.056    25.8490     8.3902    103.162  36.662093     36.055      7.891   245.4923     4.4440     1.0782     0.0243      0.004     -0.054     -0.077        488 4.2482e+02 0.0000e+00
     -0.049    25.8476     8.3864    103.108  36.604171     35.973      7.896   245.3409     4.4925     0.9708     0.0243      0.009     -0.049     -0.072        489 4.2367e+02 0.0000e+00
     -0.047    25.8468     8.3825    103.055  36.662156     36.057      7.896   245.5680     4.4723     1.0245     0.0243      0.012     -0.047     -0.069        490 4.2336e+02 0.0000e+00
     -0.050    25.8472     8.3767    102.980  36.678909     36.058      7.899   245.6059     4.7837     1.0379     0.0243      0.010     -0.050     -0.074        491 4.2305e+02 0.0000e+00
     -0.059    25.8498     8.3587    102.754  36.672299     36.058      7.901   245.5680     4.7917     1.0379     0.0243      0.004     -0.054     -0.079        492 4.2180e+02 0.0000e+00
     -0.056    25.8525     8.3467    102.603  36.670382     36.058      7.904   245.8330     4.7756     1.1453     0.0243      0.002     -0.055     -0.081        493 4.2092e+02 0.0000e+00
     -0.057    25.8544     8.3553    102.706  36.681296     36.056      7.905   245.4923     4.8039     0.9842     0.0243     -0.000     -0.060     -0.087        494 4.1813e+02 0.0000e+00
     -0.072    25.8564     8.3669    102.847  36.658718     36.054      7.908   245.4545     4.7432     1.0514     0.0243     -0.005     -0.070     -0.101        495 4.1484e+02 0.0000e+00
     -0.083    25.8590     8.3858    103.080  36.609501     35.970      7.911   245.1895     4.7311     0.9708     0.0243     -0.013     -0.078     -0.114        496 4.1271e+02 0.0000e+00
     -0.085    25.8610     8.4092    103.366  36.712884     36.106      7.913   245.3030     4.6866     0.9842     0.0243     -0.019     -0.081     -0.118        497 4.1037e+02 0.0000e+00
     -0.080    25.8597     8.4282    103.598  36.678356     36.050      7.915   245.3409     4.7311     1.0379     0.0243     -0.020     -0.078     -0.114        498 4.1042e+02 0.0000e+00
     -0.075    25.8558     8.4397    103.734  36.593151     35.966      7.919   245.0759     4.5330     1.0648     0.0243     -0.016     -0.073     -0.105        499 4.1160e+02 0.0000e+00
     -0.068    25.8530     8.4491    103.844  36.670622     36.049      7.918   245.1516     4.5168     1.1319     0.0243     -0.010     -0.064     -0.093        500 4.1061e+02 0.0000e+00
     -0.052    25.8509     8.4507    103.859  36.670923     36.052      7.914   245.5680     4.5370     1.0648     0.0243     -0.001     -0.052     -0.076        501 4.0975e+02 0.0000e+00
     -0.042    25.8486     8.4416    103.741  36.592778     35.971      7.902   245.1895     4.5491     1.0111     0.0243      0.011     -0.042     -0.061        502 4.0578e+02 0.0000e+00
     -0.037    25.8470     8.4382    103.682  36.619577     36.000      7.899   245.2652     4.5168     0.9574     0.0243      0.022     -0.035     -0.051        503 4.0821e+02 0.0000e+00
     -0.028    25.8456     8.4287    103.543  36.667232     36.057      7.897   245.4545     4.6098     1.1185     0.0243      0.030     -0.026     -0.037        504 4.0258e+02 0.0000e+00
     -0.015    25.8447     8.4225    103.442  36.681770     36.058      7.900   244.7730     4.6017     1.0514     0.0243      0.035     -0.011     -0.016        505 4.0940e+02 0.0000e+00
      0.009    25.8444     8.4301    103.518  36.660804     36.059      7.902   244.1673     4.5815     1.0916     0.0243      0.041      0.013      0.019        506 3.6820e+02 0.0000e+00
      0.047    25.8440     8.4456    103.695  36.604347     35.977      7.900   243.7888     4.5936     1.0916     0.0243      0.053      0.044      0.063        507 2.8723e+02 0.0000e+00
      0.075    25.8427     8.4516    103.763  36.603735     36.005      7.888   243.9402     4.7068     1.0782     0.0243      0.065      0.070      0.101        508 2.8199e+02 0.0000e+00
      0.089    25.8403     8.4637    103.906  36.602248     35.978      7.885   242.7287     4.7068     1.0245     0.0243      0.073      0.087      0.126        509 2.7437e+02 0.0000e+00
      0.103    25.8376     8.4690    103.965  36.665516     36.061      7.886   242.1609     4.7068     1.1588     0.0243      0.080      0.102      0.147        510 2.5884e+02 0.0000e+00
