Data/DataNotYetUploadedToEDI/Raw_CTD/RawDownloads/082018_fcr30.cnv
* Sea-Bird SBE19plus  Data File:
* FileName = C:\DATA\082018_fcr_0004.hex
* Software version 2.6.3.104
* Temperature SN = 7809
* Conductivity SN = 7809
* System UpLoad Time = Aug 20 2018 17:53:13
* <ApplicationData>
* <Seaterm232>
# nquan = 17
# nvalues = 732                         
# units = specified
# name 0 = depFM: Depth [fresh water, m]
# name 1 = tv290C: Temperature [ITS-90, deg C]
# name 2 = sbeox0Mg/L: Oxygen, SBE 43 [mg/l]
# name 3 = sbeox0PS: Oxygen, SBE 43 [% saturation]
# name 4 = c0uS/cm: Conductivity [uS/cm]
# name 5 = specc: Specific Conductance [uS/cm]
# name 6 = ph: pH
# name 7 = orp: Oxidation Reduction Potential [mV]
# name 8 = flECO-AFL: Fluorescence, WET Labs ECO-AFL/FL [mg/m^3]
# name 9 = turbWETntu0: Turbidity, WET Labs ECO [NTU]
# name 10 = sal00: Salinity, Practical [PSU]
# name 11 = dz/dtM: Descent Rate [m/s]
# name 12 = prdM: Pressure, Strain Gauge [db]
# name 13 = prdE: Pressure, Strain Gauge [psi]
# name 14 = scan: Scan Count
# name 15 = par/sat/log: PAR/Logarithmic, Satlantic
# name 16 = flag:  0.000e+00
# span 0 =     -0.547,      5.412       
# span 1 =    12.2864,    25.9205       
# span 2 =     0.0866,     8.5217       
# span 3 =      0.901,    104.472       
# span 4 =  -0.180928,  72.304100       
# span 5 =      0.533,     94.830       
# span 6 =      6.202,      8.087       
# span 7 =   161.5249,   268.4717       
# span 8 =    -0.2021,    10.9785       
# span 9 =    -0.1169,    27.9072       
# span 10 =     0.0111,     0.0461      
# span 11 =     -0.088,      0.256      
# span 12 =     -0.536,      5.307      
# span 13 =     -0.777,      7.698      
# span 14 =          1,        732      
# span 15 = 2.1505e-01, 3.5806e+02      
# span 16 = 0.0000e+00, 0.0000e+00      
# interval = seconds: 0.25
# start_time = Aug 20 2018 16:33:19 [Instrument's time stamp, header]
# bad_flag = -9.990e-29
*END*
[from data line 681]
      4.627    13.0860     0.1053      0.999  59.132798     77.412      6.292   255.0702     1.8925    10.7866     0.0383      0.069      4.537      6.580        682 7.3268e-01 0.0000e+00
      4.645    13.0877     0.1060      1.005  59.000626     77.539      6.291   255.9788     1.8965    10.7463     0.0383      0.072      4.555      6.607        683 7.0643e-01 0.0000e+00
      4.664    13.0921     0.1075      1.018  60.201984     78.765      6.293   255.1838     1.7711    10.7060     0.0389      0.074      4.574      6.633        684 6.7885e-01 0.0000e+00
      4.681    13.0779     0.1110      1.051  60.963555     80.449      6.296   254.6159     1.7590    10.6926     0.0396      0.075      4.591      6.658        685 6.6332e-01 0.0000e+00
      4.698    13.0581     0.1120      1.059  63.338761     82.423      6.299   253.4424     1.7752    10.7195     0.0405      0.074      4.608      6.683        686 6.4412e-01 0.0000e+00
      4.716    13.0394     0.1059      1.000  68.680978     90.945      6.301   252.6473     1.7631    10.7195     0.0443      0.073      4.624      6.706        687 6.2597e-01 0.0000e+00
      4.730    13.0234     0.1099      1.037  70.533288     92.095      6.305   251.3602     1.6256    10.6792     0.0449      0.071      4.639      6.728        688 6.2788e-01 0.0000e+00
      4.747    13.0074     0.1150      1.083  71.608895     94.533      6.308   250.1866     1.6418    10.7329     0.0459      0.068      4.655      6.752        689 6.3677e-01 0.0000e+00
      4.765    12.9891     0.1135      1.068  72.304100     94.830      6.309   249.5431     1.6215    10.7598     0.0461      0.067      4.672      6.776        690 5.8347e-01 0.0000e+00
      4.780    12.9732     0.1188      1.118  71.629060     94.391      6.314   249.3159     1.6215    10.8403     0.0459      0.066      4.687      6.799        691 5.2593e-01 0.0000e+00
      4.796    12.9574     0.1181      1.111  71.617049     94.106      6.313   248.2938     1.6377    10.5181     0.0457      0.064      4.704      6.823        692 5.2636e-01 0.0000e+00
      4.816    12.9318     0.1145      1.076  70.536372     93.075      6.314   247.8773     1.6620    10.4912     0.0453      0.065      4.724      6.852        693 5.1025e-01 0.0000e+00
      4.840    12.8961     0.1184      1.112  68.873972     90.495      6.312   246.6280     1.6418    10.4643     0.0441      0.068      4.747      6.885        694 5.0145e-01 0.0000e+00
      4.864    12.8538     0.1155      1.083  68.189692     90.040      6.307   246.1359     1.6175    10.5315     0.0439      0.071      4.771      6.920        695 4.8987e-01 0.0000e+00
      4.893    12.8090     0.1155      1.083  66.694189     87.947      6.305   245.6059     1.6134     9.4304     0.0429      0.078      4.796      6.958        696 4.6902e-01 0.0000e+00
      4.917    12.7659     0.1147      1.075  65.506989     86.417      6.303   245.3409     1.6175     9.4841     0.0422      0.084      4.821      6.993        697 4.6493e-01 0.0000e+00
      4.938    12.7203     0.1084      1.016  64.231345     85.189      6.306   244.7730     1.6215     9.5110     0.0416      0.088      4.844      7.026        698 4.5078e-01 0.0000e+00
      4.964    12.6764     0.1131      1.060  61.391168     80.986      6.305   244.6216     1.6094     9.5244     0.0397      0.093      4.867      7.059        699 4.3615e-01 0.0000e+00
      4.986    12.6403     0.1077      1.009  60.458544     80.306      6.309   244.0538     1.7064     8.9336     0.0394      0.095      4.890      7.092        700 4.0958e-01 0.0000e+00
      5.007    12.6068     0.1089      1.021  60.135501     79.694      6.315   243.7888     1.6984     8.7858     0.0391      0.095      4.911      7.122        701 3.8944e-01 0.0000e+00
      5.029    12.5740     0.1080      1.012  58.912812     78.358      6.321   242.9559     1.6903     8.7456     0.0385      0.093      4.933      7.154        702 4.0675e-01 0.0000e+00
      5.055    12.5432     0.1082      1.014  57.793379     76.716      6.329   242.0852     1.6781     8.8798     0.0378      0.092      4.957      7.189        703 3.8747e-01 0.0000e+00
      5.079    12.5124     0.1030      0.965  56.748154     75.630      6.334   240.9495     1.6781     8.7858     0.0373      0.091      4.980      7.223        704 3.3768e-01 0.0000e+00
      5.101    12.4839     0.1029      0.965  55.433402     73.716      6.343   239.6623     1.7307     8.9067     0.0364      0.090      5.000      7.252        705 3.4959e-01 0.0000e+00
      5.115    12.4638     0.1059      0.992  55.184005     73.554      6.345   239.3216     1.7145     8.8530     0.0363      0.088      5.015      7.274        706 3.6923e-01 0.0000e+00
      5.126    12.4486     0.1037      0.972  55.692846     74.319      6.353   238.1480     1.6781     8.7724     0.0366      0.083      5.027      7.291        707 3.6150e-01 0.0000e+00
      5.138    12.4358     0.1010      0.946  55.690823     74.284      6.358   237.2016     1.6741     8.7993     0.0366      0.077      5.037      7.306        708 3.4198e-01 0.0000e+00
      5.145    12.4247     0.1013      0.949  55.542795     74.202      6.362   236.2173     2.0097     6.9462     0.0366      0.069      5.045      7.317        709 3.1974e-01 0.0000e+00
      5.150    12.4212     0.1012      0.947  55.134875     73.593      6.366   235.5359     2.0340     7.0402     0.0363      0.059      5.050      7.324        710 3.3484e-01 0.0000e+00
      5.151    12.4311     0.0963      0.901  55.367215     73.950      6.368   235.1194     2.0178     6.8925     0.0365      0.046      5.051      7.326        711 3.4258e-01 0.0000e+00
      5.150    12.4370     0.1005      0.940  55.995868     74.856      6.371   234.4380     2.0138     6.9731     0.0369      0.034      5.051      7.326        712 3.1474e-01 0.0000e+00
      5.150    12.4344     0.0997      0.932  56.222903     75.058      6.375   233.1887     2.0623     6.0465     0.0370      0.024      5.051      7.326        713 3.1517e-01 0.0000e+00
      5.152    12.4353     0.0979      0.914  56.658184     75.682      6.379   232.5073     2.0744     6.0331     0.0372      0.016      5.055      7.331        714 3.1689e-01 0.0000e+00
      5.162    12.4335     0.1054      0.985  56.374536     75.351      6.382   231.4473     2.1027     6.0868     0.0371      0.013      5.065      7.345        715 2.9711e-01 0.0000e+00
      5.180    12.4258     0.1045      0.976  55.566474     74.116      6.386   230.9930     2.1310     6.1943     0.0365      0.014      5.082      7.370        716 2.9903e-01 0.0000e+00
      5.203    12.4093     0.1068      0.997  54.962126     73.521      6.391   230.8416     2.0259     6.8657     0.0363      0.023      5.101      7.398        717 2.9841e-01 0.0000e+00
      5.220    12.3944     0.1054      0.986  53.742253     71.706      6.390   230.0844     2.0016     6.9596     0.0355      0.033      5.118      7.423        718 2.9385e-01 0.0000e+00
      5.232    12.3917     0.1055      0.986  53.462821     71.437      6.396   229.9330     2.0219     6.9059     0.0353      0.044      5.135      7.447        719 2.9722e-01 0.0000e+00
      5.257    12.3753     0.0974      0.911  53.409963     71.507      6.395   229.1001     2.0097     6.9731     0.0354      0.056      5.158      7.481        720 2.8895e-01 0.0000e+00
      5.289    12.3496 -9.990e-29 -9.990e-29  52.442552     70.011      6.396   228.3430     1.9652     6.9999     0.0347      0.069      5.188      7.524        721 2.7507e-01 0.0000e+00
      5.323    12.3288 -9.990e-29 -9.990e-29  52.262318     69.969      6.394   228.4566     1.9369     6.9731     0.0347      0.082      5.220      7.571        722 2.4060e-01 0.0000e+00
      5.358    12.3089 -9.990e-29 -9.990e-29  51.882915     69.455      6.392   227.8887     1.9733     6.9059     0.0344      0.093      5.252      7.617        723 2.3776e-01 0.0000e+00
      5.387    12.2955 -9.990e-29 -9.990e-29  51.311852     68.670      6.386   226.7151     1.9612     6.8657     0.0341      0.101      5.278      7.655        724 2.4208e-01 0.0000e+00
      5.402    12.2885 -9.990e-29 -9.990e-29  51.637287     69.232      6.389   226.3366     2.0623     5.8988     0.0343      0.105      5.294      7.678        725 2.1505e-01 0.0000e+00
      5.407    12.2864 -9.990e-29 -9.990e-29  51.774751     69.406      6.386   226.0716     2.0380     5.8854     0.0344      0.104      5.301      7.688        726 2.2553e-01 0.0000e+00
      5.409    12.2954 -9.990e-29 -9.990e-29  51.793804     69.419      6.387   225.8444     1.9895     5.8451     0.0344      0.094      5.304      7.693        727 2.2489e-01 0.0000e+00
      5.410    12.3109 -9.990e-29 -9.990e-29  52.177559     69.986      6.389   225.6551     1.9895     5.8854     0.0346      0.077      5.306      7.695        728 2.3374e-01 0.0000e+00
      5.411    12.3308 -9.990e-29 -9.990e-29  52.573554     70.457      6.387   225.0494     2.0138     5.7914     0.0348      0.057      5.306      7.696        729 2.7991e-01 0.0000e+00
      5.412    12.3439 -9.990e-29 -9.990e-29  52.696112     70.651      6.389   225.0494     1.8884     6.0734     0.0349      0.037      5.307      7.697        730 2.5215e-01 0.0000e+00
      5.412 -9.990e-29 -9.990e-29 -9.990e-29  52.885859     70.766      6.390   224.2923     1.9046     6.1405     0.0350      0.021      5.307      7.698        731 2.1991e-01 0.0000e+00
      5.412 -9.990e-29 -9.990e-29 -9.990e-29  53.138882     71.223      6.392   224.0651     1.8682     6.0331     0.0352      0.009      5.307      7.698        732 2.3535e-01 0.0000e+00
