Data/DataNotYetUploadedToEDI/Raw_CTD/RawDownloads/082018_fcr50.cnv
* Sea-Bird SBE19plus  Data File:
* FileName = C:\DATA\082018_fcr_0001.hex
* Software version 2.6.3.104
* Temperature SN = 7809
* Conductivity SN = 7809
* System UpLoad Time = Aug 20 2018 17:52:05
* <ApplicationData>
* <Seaterm232>
# nquan = 17
# nvalues = 689                         
# units = specified
# name 0 = depFM: Depth [fresh water, m]
# name 1 = tv290C: Temperature [ITS-90, deg C]
# name 2 = sbeox0Mg/L: Oxygen, SBE 43 [mg/l]
# name 3 = sbeox0PS: Oxygen, SBE 43 [% saturation]
# name 4 = c0uS/cm: Conductivity [uS/cm]
# name 5 = specc: Specific Conductance [uS/cm]
# name 6 = ph: pH
# name 7 = orp: Oxidation Reduction Potential [mV]
# name 8 = flECO-AFL: Fluorescence, WET Labs ECO-AFL/FL [mg/m^3]
# name 9 = turbWETntu0: Turbidity, WET Labs ECO [NTU]
# name 10 = sal00: Salinity, Practical [PSU]
# name 11 = dz/dtM: Descent Rate [m/s]
# name 12 = prdM: Pressure, Strain Gauge [db]
# name 13 = prdE: Pressure, Strain Gauge [psi]
# name 14 = scan: Scan Count
# name 15 = par/sat/log: PAR/Logarithmic, Satlantic
# name 16 = flag:  0.000e+00
# span 0 =     -0.545,      9.610       
# span 1 =    11.7228,    25.9023       
# span 2 =    -0.0045,     9.1821       
# span 3 =     -0.042,    112.957       
# span 4 =   0.508566, 135.472074       
# span 5 =      0.569,    184.390       
# span 6 =      6.041,      7.952       
# span 7 = -1240.7455,   385.4506       
# span 8 =    -0.2021,     8.0226       
# span 9 =    -0.3720,    21.2201       
# span 10 =     0.0117,     0.0869      
# span 11 =     -0.070,      0.226      
# span 12 =     -0.534,      9.422      
# span 13 =     -0.775,     13.665      
# span 14 =          1,        689      
# span 15 = 1.2473e-01, 4.4905e+02      
# span 16 = 0.0000e+00, 0.0000e+00      
# interval = seconds: 0.25
# start_time = Aug 20 2018 15:22:31 [Instrument's time stamp, header]
# bad_flag = -9.990e-29
*END*
[from data line 341]
      1.850    24.9359     7.2723     87.313  36.852370     36.852      7.728   261.1652     4.3267     0.9305     0.0244      0.058      1.813      2.629        342 6.4712e+01 0.0000e+00
      1.865    24.9183     7.1493     85.709  36.833997     36.856      7.714   261.3924     4.3389     0.8365     0.0244      0.051      1.828      2.650        343 6.4069e+01 0.0000e+00
      1.875    24.9355     6.9766     83.561  36.846296     36.886      7.702   261.3167     4.3833     0.7694     0.0244      0.051      1.839      2.668        344 6.3501e+01 0.0000e+00
      1.887    24.9316     6.7546     80.872  36.896394     36.953      7.691   262.5281     4.3833     0.8634     0.0244      0.053      1.852      2.686        345 6.2886e+01 0.0000e+00
      1.904    24.8827     6.4875     77.669  36.979277     37.025      7.681   261.3924     4.3874     0.7559     0.0245      0.056      1.869      2.711        346 6.1682e+01 0.0000e+00
      1.928    24.8182     6.2524     74.794  36.891448     36.941      7.667   261.9602     4.4116     0.8499     0.0244      0.060      1.892      2.744        347 6.0210e+01 0.0000e+00
      1.955    24.7621     6.0642     72.375  36.798084     36.869      7.654   261.8467     4.5249     0.9305     0.0244      0.065      1.916      2.779        348 5.9281e+01 0.0000e+00
      1.976    24.7216     5.9035     70.260  36.828552     36.970      7.641   261.9602     4.5451     0.8097     0.0244      0.069      1.939      2.813        349 5.8062e+01 0.0000e+00
      2.002    24.6880     5.7589     68.398  36.794242     36.958      7.627   262.5281     4.5330     0.8902     0.0244      0.075      1.962      2.847        350 5.6903e+01 0.0000e+00
      2.025    24.6412     5.5734     66.070  36.840810     37.042      7.612   262.8310     4.5410     0.9036     0.0244      0.082      1.985      2.880        351 5.6016e+01 0.0000e+00
      2.047    24.5639     5.3709     63.571  36.918919     37.153      7.598   263.9667     4.5491     0.8231     0.0245      0.088      2.007      2.910        352 5.4905e+01 0.0000e+00
      2.069    24.4841     5.1577     61.022  36.845355     37.102      7.585   264.0802     4.9050     0.8634     0.0244      0.091      2.026      2.938        353 5.4274e+01 0.0000e+00
      2.081    24.4339     4.9433     58.448  36.843406     37.162      7.571   264.3452     4.9009     0.8365     0.0244      0.089      2.040      2.958        354 5.4001e+01 0.0000e+00
      2.090    24.4141     4.7416     55.901  36.832401     37.221      7.559   263.6638     4.8969     0.8097     0.0244      0.082      2.052      2.976        355 5.3506e+01 0.0000e+00
      2.105    24.4096     4.5666     53.676  36.799767     37.203      7.545   264.0045     4.9292     0.9439     0.0244      0.075      2.068      2.999        356 5.2691e+01 0.0000e+00
      2.130    24.3654     4.4070     51.666  36.824724     37.274      7.533   264.3074     6.3364     0.9708     0.0244      0.071      2.094      3.037        357 5.1125e+01 0.0000e+00
      2.173    24.2418     4.2831     50.107  36.771695     37.192      7.512   267.5252     6.3566     1.0111     0.0244      0.074      2.131      3.090        358 4.9006e+01 0.0000e+00
      2.216    24.0940     4.1703     48.719  36.658154     37.139      7.492   267.2602     6.3364     1.0245     0.0244      0.084      2.168      3.144        359 4.7827e+01 0.0000e+00
      2.240    23.9810     4.0660     47.469  36.610138     37.148      7.479   267.0710     6.3202     1.0514     0.0243      0.094      2.196      3.185        360 4.7111e+01 0.0000e+00
      2.261    23.8814     3.9604     46.220  36.653550     37.347      7.463   266.5031     7.3635     1.3333     0.0244      0.102      2.217      3.215        361 4.6137e+01 0.0000e+00
      2.281    23.7987     3.8451     44.849  36.604198     37.346      7.448   266.8438     7.3635     1.3065     0.0243      0.109      2.236      3.242        362 4.5477e+01 0.0000e+00
      2.296    23.7770     3.7650     43.833  36.552980     37.395      7.431   268.3203     7.3716     1.2931     0.0243      0.110      2.253      3.268        363 4.4641e+01 0.0000e+00
      2.317    23.7362     3.6980     42.964  36.539384     37.429      7.419   268.2445     7.3433     1.2931     0.0243      0.105      2.273      3.296        364 4.3693e+01 0.0000e+00
      2.339    23.5903     3.6416     42.226  36.472858     37.390      7.405   268.8124     7.1856     1.2662     0.0243      0.096      2.294      3.326        365 4.3022e+01 0.0000e+00
      2.359    23.4268     3.5634     41.239  36.368859     37.301      7.391   268.3960     7.1573     1.2662     0.0243      0.085      2.315      3.358        366 4.2102e+01 0.0000e+00
      2.385    23.2919     3.4714     40.081  36.312931     37.362      7.376   268.5853     7.1694     1.3871     0.0242      0.080      2.339      3.392        367 4.0930e+01 0.0000e+00
      2.409    23.1780     3.3435     38.534  36.364567     37.542      7.358   268.5095     7.1613     1.2393     0.0243      0.082      2.361      3.424        368 4.0140e+01 0.0000e+00
      2.428    23.1063     3.2156     36.989  36.393651     37.678      7.342   269.5317     7.4403     1.2931     0.0243      0.083      2.379      3.450        369 3.9750e+01 0.0000e+00
      2.439    23.0679     3.0791     35.344  36.365782     37.737      7.327   269.9103     7.4039     1.2393     0.0243      0.083      2.392      3.470        370 3.9460e+01 0.0000e+00
      2.450    23.0524     2.9460     33.756  36.369646     37.795      7.314   270.2510     7.4201     1.3199     0.0243      0.079      2.405      3.488        371 3.8859e+01 0.0000e+00
      2.469    23.0172     2.8040     32.084  36.359222     37.823      7.299   270.4403     7.4484     1.2931     0.0243      0.075      2.423      3.513        372 3.8097e+01 0.0000e+00
      2.490    22.9244     2.6680     30.498  36.438094     37.895      7.281   270.7053     7.3999     1.2662     0.0243      0.072      2.443      3.543        373 3.7376e+01 0.0000e+00
      2.514    22.8120     2.5352     28.976  36.657074     38.181      7.265   269.8724     7.1047     1.2528     0.0244      0.070      2.467      3.578        374 3.6395e+01 0.0000e+00
      2.542    22.7117     2.4213     27.712  36.798554     38.376      7.243   270.8188     7.1007     1.2393     0.0245      0.072      2.492      3.614        375 3.5602e+01 0.0000e+00
      2.566    22.6074     2.3275     26.700  36.766279     38.463      7.224   270.9703     7.1371     1.3602     0.0245      0.076      2.514      3.647        376 3.4858e+01 0.0000e+00
      2.584    22.4899     2.2508     25.831  36.756611     38.488      7.207   270.9703     7.1290     1.2931     0.0245      0.080      2.532      3.673        377 3.4401e+01 0.0000e+00
      2.597    22.3898     2.2090     25.295  36.810638     38.687      7.191   272.0681     7.1007     1.2662     0.0245      0.083      2.547      3.694        378 3.4134e+01 0.0000e+00
      2.609    22.2924     2.1942     25.069  36.758416     38.668      7.177   271.6517     7.0926     1.2931     0.0245      0.082      2.562      3.716        379 3.3333e+01 0.0000e+00
      2.632    22.1822     2.2030     25.160  36.851317     38.895      7.158   270.0238     7.1007     1.2393     0.0245      0.079      2.579      3.741        380 3.2744e+01 0.0000e+00
      2.648    22.0895     2.2181     25.295  37.021337     39.124      7.136   270.4024     7.0966     1.2393     0.0246      0.075      2.595      3.764        381 3.2415e+01 0.0000e+00
      2.660    22.0161     2.2182     25.227  37.051099     39.275      7.124   270.2131     7.4767     1.3333     0.0246      0.069      2.607      3.781        382 3.2117e+01 0.0000e+00
      2.668    21.9669     2.2131     25.128  37.081271     39.352      7.111   271.5003     7.4929     1.3333     0.0246      0.062      2.615      3.793        383 3.1841e+01 0.0000e+00
      2.674    21.9598     2.1711     24.578  37.191458     39.562      7.094   271.3867     7.4767     1.3871     0.0247      0.055      2.622      3.802        384 3.1678e+01 0.0000e+00
      2.679    22.0308     2.0947     23.594  37.151292     39.544      7.083   271.4245     7.4808     1.3468     0.0247      0.050      2.627      3.811        385 3.1547e+01 0.0000e+00
      2.685    22.1469     2.0049     22.496  37.101619     39.491      7.073   270.7431     7.2179     1.2393     0.0247      0.044      2.635      3.821        386 3.1225e+01 0.0000e+00
      2.696    22.1703     1.8784     20.989  37.134634     39.492      7.066   270.1374     7.2381     1.2393     0.0247      0.038      2.645      3.836        387 3.0815e+01 0.0000e+00
      2.710    22.0556     1.7297     19.261  37.169494     39.390      7.058   269.7967     7.2422     1.1856     0.0247      0.034      2.659      3.856        388 3.0253e+01 0.0000e+00
      2.727    21.9430     1.5674     17.409  37.295478     39.549      7.049   270.3267     7.2058     1.2662     0.0248      0.035      2.674      3.877        389 2.9882e+01 0.0000e+00
      2.741    21.9151     1.3841     15.311  37.274447     39.587      7.040   270.4024     6.9632     1.2931     0.0247      0.039      2.690      3.900        390 2.9428e+01 0.0000e+00
      2.760    21.8401     1.2126     13.369  37.373670     39.805      7.031   271.0838     6.9955     1.2796     0.0248      0.045      2.706      3.925        391 2.8793e+01 0.0000e+00
      2.776    21.7034     1.0602     11.678  37.616956     40.092      7.021   270.7431     6.9955     1.2662     0.0249      0.052      2.720      3.945        392 2.8611e+01 0.0000e+00
      2.783    21.6160     0.9135     10.062  37.742895     40.276      7.011   270.5538     6.9794     1.2662     0.0250      0.055      2.730      3.960        393 2.8466e+01 0.0000e+00
      2.793    21.4584     0.7843      8.633  37.780541     40.458      7.001   270.3645     6.9753     1.2393     0.0250      0.056      2.743      3.979        394 2.7841e+01 0.0000e+00
      2.816    21.2091     0.6623      7.266  38.074407     40.800      6.993   270.5160     6.8540     1.2796     0.0251      0.057      2.763      4.007        395 2.7119e+01 0.0000e+00
      2.842    21.0034     0.5761      6.292  38.326416     41.296      6.981   270.8188     6.8580     1.2662     0.0253      0.060      2.788      4.043        396 2.6456e+01 0.0000e+00
      2.870    20.7955     0.5260      5.726  38.445844     41.528      6.961   272.5981     6.8459     1.2796     0.0253      0.065      2.813      4.080        397 2.5756e+01 0.0000e+00
      2.894    20.6200     0.4899      5.325  38.845429     42.282      6.943   272.2195     6.8338     1.3602     0.0256      0.072      2.835      4.114        398 2.5339e+01 0.0000e+00
      2.910    20.4848     0.4531      4.922  38.956436     42.480      6.927   272.7117     6.9025     1.3333     0.0256      0.077      2.854      4.139        399 2.5100e+01 0.0000e+00
      2.926    20.2844     0.4167      4.514  39.138364     42.919      6.912   272.1817     6.9308     1.3871     0.0257      0.081      2.871      4.163        400 2.4628e+01 0.0000e+00
      2.947    20.1174     0.3974      4.291  39.538683     43.441      6.900   272.9010     6.9227     1.2393     0.0259      0.084      2.888      4.187        401 2.4203e+01 0.0000e+00
      2.960    20.0665     0.3851      4.153  39.674544     43.823      6.877   274.6424     6.9147     1.2393     0.0260      0.083      2.900      4.206        402 2.4161e+01 0.0000e+00
      2.964    20.0662     0.3698      3.983  39.592325     43.863      6.860   274.9074     6.8217     1.2259     0.0260      0.074      2.907      4.217        403 2.4001e+01 0.0000e+00
      2.970    20.0314     0.3504      3.770  39.581756     43.909      6.847   275.0210     6.8661     1.2528     0.0260      0.063      2.915      4.228        404 2.3821e+01 0.0000e+00
      2.983    19.8707     0.3306      3.557  39.687734     44.035      6.839   274.5288     6.8864     1.2931     0.0260      0.054      2.930      4.250        405 2.3291e+01 0.0000e+00
      3.014    19.6410     0.3135      3.365  39.875746     44.251      6.824   275.2103     6.8661     1.2931     0.0261      0.052      2.954      4.284        406 2.2588e+01 0.0000e+00
      3.039    19.4757     0.2980      3.187  40.000424     44.598      6.800   275.8538     6.9349     1.4408     0.0262      0.056      2.974      4.314        407 2.2453e+01 0.0000e+00
      3.044    19.4109     0.2911      3.107  39.888630     44.644      6.785   276.6867     6.9106     1.5213     0.0261      0.057      2.984      4.329        408 2.2525e+01 0.0000e+00
      3.045    19.3707     0.2770      2.950  39.925988     44.902      6.772   276.8003     6.9025     1.4676     0.0262      0.055      2.994      4.344        409 2.2249e+01 0.0000e+00
      3.074    19.2329     0.2685      2.855  39.954018     44.970      6.760   278.3146     6.8985     1.4945     0.0262      0.059      3.019      4.379        410 2.1174e+01 0.0000e+00
      3.117    19.0748     0.2621      2.778  39.942786     45.003      6.738   278.3146     6.6963     1.5348     0.0262      0.071      3.050      4.424        411 2.0725e+01 0.0000e+00
      3.136    19.0077     0.2580      2.725  40.029001     45.243      6.724   277.1410     6.7287     1.4273     0.0263      0.078      3.073      4.457        412 2.0625e+01 0.0000e+00
      3.149    18.9482     0.2541      2.676  39.995115     45.376      6.715   277.9739     6.7246     1.4945     0.0263      0.080      3.089      4.480        413 2.0240e+01 0.0000e+00
      3.166    18.9038     0.2495      2.623  39.955363     45.379      6.704   277.9739     6.7287     1.5079     0.0263      0.078      3.102      4.499        414 2.0249e+01 0.0000e+00
      3.172    18.8903     0.2399      2.515  39.989526     45.502      6.699   278.9203     6.7084     1.4408     0.0263      0.076      3.113      4.516        415 2.0032e+01 0.0000e+00
      3.188    18.7763     0.2289      2.391  40.071292     45.619      6.692   278.9960     6.4739     1.2528     0.0263      0.077      3.132      4.542        416 1.9302e+01 0.0000e+00
      3.222    18.6080     0.2227      2.320  40.328270     45.941      6.681   279.6017     6.4577     1.3871     0.0265      0.078      3.158      4.580        417 1.8794e+01 0.0000e+00
      3.248    18.4958     0.2113      2.194  40.619034     46.386      6.669   277.5574     6.4658     1.2796     0.0266      0.074      3.184      4.618        418 1.8493e+01 0.0000e+00
      3.272    18.4061     0.2085      2.157  40.629126     46.597      6.660   278.1253     6.4860     1.3333     0.0267      0.073      3.208      4.653        419 1.8040e+01 0.0000e+00
      3.296    18.3040     0.1976      2.037  40.671777     46.718      6.650   278.6931     6.7367     1.4810     0.0267      0.080      3.229      4.684        420 1.7791e+01 0.0000e+00
      3.310    18.1638     0.2006      2.060  40.862683     47.102      6.641   278.7689     6.7448     1.5348     0.0268      0.085      3.247      4.710        421 1.7505e+01 0.0000e+00
      3.329    17.9884     0.1969      2.013  41.222253     47.538      6.633   279.6774     6.7125     1.4408     0.0270      0.087      3.267      4.737        422 1.7143e+01 0.0000e+00
      3.354    17.8491     0.1981      2.017  41.737356     48.401      6.621   277.8603     6.7125     1.4408     0.0273      0.090      3.288      4.768        423 1.6850e+01 0.0000e+00
      3.373    17.7588     0.2089      2.120  41.823741     48.604      6.615   277.9739     6.6397     1.8436     0.0273      0.087      3.310      4.801        424 1.6542e+01 0.0000e+00
      3.399    17.6251     0.2161      2.189  41.826850     48.825      6.606   278.4660     6.6680     1.6959     0.0274      0.084      3.336      4.838        425 1.5997e+01 0.0000e+00
