Data/DataNotYetUploadedToEDI/Raw_CTD/RawDownloads/082020_bvr50.cnv
* Sea-Bird SBE19plus  Data File:
* FileName = C:\DATA\082020_bvr50_0001.hex
* Software version 2.8.0.119
* Temperature SN = 7809
* Conductivity SN = 7809
* System UpLoad Time = Aug 20 2020 15:12:34
* <ApplicationData>
* <Seaterm232>
# nquan = 16
# nvalues = 4024                        
# units = specified
# name 0 = depFM: Depth [fresh water, m]
# name 1 = dz/dtM: Descent Rate [m/s]
# name 2 = sbeox0ML/L: Oxygen, SBE 43 [ml/l]
# name 3 = sbeox0PS: Oxygen, SBE 43 [% saturation]
# name 4 = specc: Specific Conductance [uS/cm]
# name 5 = c0uS/cm: Conductivity [uS/cm]
# name 6 = flECO-AFL: Fluorescence, WET Labs ECO-AFL/FL [mg/m^3]
# name 7 = ph: pH
# name 8 = orp: Oxidation Reduction Potential [mV]
# name 9 = par/sat/log: PAR/Logarithmic, Satlantic
# name 10 = turbWETntu0: Turbidity, WET Labs ECO [NTU]
# name 11 = prdM: Pressure, Strain Gauge [db]
# name 12 = prdE: Pressure, Strain Gauge [psi]
# name 13 = tv290C: Temperature [ITS-90, deg C]
# name 14 = density00: Density [density, kg/m^3]
# name 15 = flag:  0.000e+00
# span 0 =     -0.730,     10.351       
# span 1 =     -0.520,      3.857       
# span 2 =     0.0236,     5.8423       
# span 3 =      0.362,    100.418       
# span 4 =      3.591,    146.698       
# span 5 =   3.419733, 101.827298       
# span 6 =    -1.9338,     8.7698       
# span 7 =     12.099,     12.481       
# span 8 =  -125.3939,  1067.0279       
# span 9 = 1.2350e-01, 1.1546e+03       
# span 10 =    -0.0545,    69.7213      
# span 11 =     -0.717,     10.151      
# span 12 =     -1.039,     14.723      
# span 13 =     9.6939,    24.9584      
# span 14 =   997.0725,   999.8304      
# span 15 = 0.0000e+00, 0.0000e+00      
# interval = seconds: 0.25
# start_time = Aug 19 2020 20:06:54 [Instrument's time stamp, header]
# bad_flag = -9.990e-29
*END*
[from data line 2893]
      7.596      0.000     0.0381      0.492    104.818  74.754657     4.5955     12.463  -124.6717 2.2984e-01     3.3569      7.449     10.803    10.6196   999.7197 0.0000e+00
      7.596      0.001     0.0381      0.523    104.604  74.622005     4.5918     12.463  -124.6388 2.3032e-01     3.5548      7.449     10.803    10.6292   999.7187 0.0000e+00
      7.596      0.001     0.0389      0.520    104.585  74.625655     4.5697     12.462  -124.5272 2.2822e-01     3.5205      7.448     10.803    10.6393   999.7176 0.0000e+00
      7.597      0.001     0.0356      0.494    104.635  74.671635     4.5942     12.461  -124.3540 2.2663e-01     3.3544      7.449     10.803    10.6485   999.7166 0.0000e+00
      7.597      0.000     0.0374      0.484    104.714  74.732880     4.6688     12.461  -124.3525 2.2416e-01     3.1590      7.451     10.805    10.6558   999.7158 0.0000e+00
      7.597 1.8612e-08     0.0421      0.487    104.704  74.730345     4.7189     12.461  -124.4229 2.2609e-01     3.1147      7.450     10.806    10.6666   999.7147 0.0000e+00
      7.597 2.0474e-07     0.0415      0.496    104.570  74.640989     4.7326     12.462  -124.4309 2.2985e-01     3.1278      7.450     10.805    10.6763   999.7137 0.0000e+00
      7.597 2.0474e-07     0.0372      0.501    104.421  74.542641     4.7195     12.463  -124.4489 2.2761e-01     3.1464      7.451     10.806    10.6804   999.7133 0.0000e+00
      7.596 1.8613e-08     0.0375      0.491    104.345  74.494961     4.6746     12.462  -124.4682 2.1912e-01     3.2370      7.449     10.802    10.6821   999.7132 0.0000e+00
      7.596 1.6920e-09     0.0377      0.488    104.271  74.445998     4.6476     12.461  -124.4930 2.1158e-01     3.2964      7.448     10.803    10.6833   999.7131 0.0000e+00
      7.597 1.5370e-10     0.0382      0.488    104.107  74.332137     4.6507     12.461  -124.4897 2.2058e-01     3.2801      7.451     10.806    10.6865   999.7127 0.0000e+00
      7.597 1.2608e-11     0.0403      0.482    103.915  74.199156     4.6457     12.461  -124.3422 2.2818e-01     3.2466      7.451     10.807    10.6908   999.7122 0.0000e+00
      7.596 -1.147e-12     0.0371      0.472    103.783  74.109759     4.6542     12.461  -124.1729 2.2626e-01     3.2345      7.449     10.804    10.6941   999.7119 0.0000e+00
      7.596 -1.262e-11     0.0379      0.463    103.728  74.077801     4.6963     12.461  -124.1632 2.3355e-01     3.2705      7.449     10.803    10.6960   999.7117 0.0000e+00
      7.597 -1.388e-10     0.0386      0.470    103.702  74.067084     4.7153     12.461  -124.1387 2.3894e-01     3.2710      7.450     10.805    10.6971   999.7115 0.0000e+00
      7.597 -1.527e-09     0.0370      0.479    103.747  74.107352     4.7037     12.461  -123.9623 2.3445e-01     3.2057      7.450     10.806    10.6986   999.7113 0.0000e+00
      7.597 -1.680e-08     0.0372      0.480    103.757  74.119622     4.6986     12.461  -123.8375 2.3520e-01     3.1678      7.450     10.806    10.7014   999.7110 0.0000e+00
      7.596 -1.847e-07     0.0348      0.479    103.446  73.897537     4.7021     12.461  -123.9201 2.4153e-01     3.1897      7.449     10.804    10.7052   999.7106 0.0000e+00
      7.596 -1.847e-07     0.0366      0.469    103.005  73.583852     4.7079     12.462  -124.1012 2.4264e-01     3.2650      7.449     10.804    10.7092   999.7101 0.0000e+00
      7.596 -1.679e-08     0.0378      0.460    102.707  73.378706     4.7111     12.462  -124.1338 2.4494e-01     3.3231      7.450     10.805    10.7135   999.7098 0.0000e+00
      7.596 -1.524e-09     0.0367      0.465    102.523  73.260929     4.7212     12.462  -123.9704 2.4912e-01     3.3089      7.450     10.805    10.7164   999.7096 0.0000e+00
      7.596 -1.108e-10     0.0380      0.470    102.475  73.240658     4.7252     12.462  -123.8460 2.3989e-01     3.2644      7.450     10.805    10.7154   999.7095 0.0000e+00
      7.596 2.9528e-10     0.0363      0.460    102.486  73.260786     4.7121     12.461  -123.7491 2.2376e-01     3.2310      7.449     10.804    10.7143   999.7094 0.0000e+00
      7.596 3.3857e-09     0.0350      0.459    102.459  73.249994     4.7055     12.461  -123.6586 2.1889e-01     3.2144      7.449     10.804    10.7189   999.7089 0.0000e+00
      7.596 3.7255e-08     0.0362      0.475    102.433  73.237330     4.7317     12.460  -123.6987 2.1783e-01     3.3042      7.449     10.803    10.7268   999.7080 0.0000e+00
      7.596 4.0981e-07     0.0371      0.480    102.425  73.234834     4.7810     12.460  -123.8041 2.1659e-01     3.4929      7.449     10.804    10.7337   999.7073 0.0000e+00
      7.596      0.000     0.0355      0.483    102.400  73.219816     4.8054     12.459  -123.8145 2.2097e-01     3.6082      7.450     10.805    10.7397   999.7068 0.0000e+00
      7.596      0.000     0.0344      0.505    102.345  73.182911     4.7983     12.459  -123.6520 2.2046e-01     3.5989      7.449     10.804    10.7440   999.7064 0.0000e+00
      7.597      0.001     0.0377      0.513    102.324  73.170081     4.7623     12.459  -123.5602 2.2066e-01     3.4153      7.450     10.805    10.7466   999.7061 0.0000e+00
      7.597      0.001     0.0376      0.502    102.349  73.191847     4.7032     12.459  -123.6508 2.2449e-01     3.1384      7.450     10.805    10.7482   999.7059 0.0000e+00
      7.597      0.001     0.0358      0.494    102.346  73.191778     4.6746     12.459  -123.7157 2.2964e-01     3.0319      7.450     10.805    10.7492   999.7058 0.0000e+00
      7.598      0.001     0.0401      0.485    102.316  73.169249     4.7021     12.459  -123.6567 2.3969e-01     3.0891      7.450     10.805    10.7501   999.7057 0.0000e+00
      7.598      0.001     0.0406      0.480    102.326  73.173769     4.7982     12.458  -123.5387 2.4046e-01     3.1433      7.452     10.807    10.7517   999.7055 0.0000e+00
      7.598      0.001     0.0383      0.512    102.431  73.246423     4.9205     12.458  -123.4944 2.3219e-01     3.1384      7.451     10.808    10.7537   999.7054 0.0000e+00
      7.598      0.002     0.0384      0.565    102.579  73.348338     4.9696     12.459  -123.5514 2.2322e-01     3.0979      7.451     10.807    10.7549   999.7053 0.0000e+00
      7.599      0.004     0.0379      0.543    102.641  73.388766     4.9630     12.459  -123.6244 2.1608e-01     3.0659      7.452     10.808    10.7543   999.7053 0.0000e+00
      7.599      0.006     0.0361      0.468    102.597  73.353765     4.9555     12.459  -123.6032 2.1731e-01     3.0948      7.452     10.807    10.7527   999.7055 0.0000e+00
      7.599      0.008     0.0375      0.454    102.532  73.306603     4.9459     12.459  -123.4667 2.1726e-01     3.2749      7.450     10.806    10.7513   999.7056 0.0000e+00
      7.604      0.011     0.0474      0.477    102.469  73.263586     4.9414     12.459  -123.3507 2.1663e-01     3.4929      7.457     10.816    10.7498   999.7058 0.0000e+00
      7.609      0.013     0.0449      0.457    102.400  73.215118     4.9395     12.459  -123.3191 2.2486e-01     3.5686      7.464     10.826    10.7477   999.7061 0.0000e+00
      7.610      0.013     0.0326      0.419    102.331  73.165628     4.9228     12.459  -123.2574 2.2404e-01     3.5379      7.463     10.824    10.7453   999.7063 0.0000e+00
      7.613      0.013     0.0339      0.408    102.254  73.110246     4.8548     12.459  -123.1206 2.1198e-01     3.3274      7.465     10.826    10.7450   999.7063 0.0000e+00
      7.619      0.012     0.0398      0.424    102.263  73.117696     4.7565     12.459  -123.1276 2.1256e-01     2.9801      7.473     10.839    10.7469   999.7062 0.0000e+00
      7.623      0.010     0.0356      0.468    102.365  73.192123     4.7065     12.459  -123.3416 2.2691e-01     2.8410      7.476     10.843    10.7472   999.7061 0.0000e+00
      7.624      0.009     0.0312      0.512    102.441  73.247211     4.6977     12.459  -123.4709 2.3294e-01     2.9152      7.475     10.842    10.7469   999.7062 0.0000e+00
      7.627      0.006     0.0314      0.520    102.480  73.275142     4.6312     12.459  -123.3140 2.1578e-01     2.9845      7.480     10.848    10.7470   999.7061 0.0000e+00
      7.628      0.005     0.0315      0.505    102.482  73.275517     4.4933     12.460  -123.0798 1.9842e-01     3.0267      7.482     10.852    10.7472   999.7061 0.0000e+00
      7.627      0.005     0.0363      0.509    102.450  73.251752     4.4046     12.460  -123.0488 2.0914e-01     3.0485      7.480     10.849    10.7482   999.7061 0.0000e+00
      7.627      0.007     0.0410      0.519    102.439  73.242115     4.3884     12.460  -123.0248 2.2409e-01     3.0415      7.479     10.847    10.7487   999.7060 0.0000e+00
      7.628      0.012     0.0416      0.500    102.503  73.286149     4.4504     12.459  -122.7892 2.2436e-01     3.0109      7.480     10.849    10.7484   999.7061 0.0000e+00
      7.630      0.021     0.0379      0.480    102.670  73.402684     4.5815     12.459  -122.5233 2.1030e-01     3.0214      7.483     10.853    10.7481   999.7061 0.0000e+00
      7.634      0.028     0.0389      0.487    102.731  73.443145     4.6568     12.459  -122.3911 1.9760e-01     3.1001      7.485     10.856    10.7475   999.7062 0.0000e+00
      7.643      0.029     0.0423      0.525    102.578  73.330300     4.6553     12.460  -122.3955 1.9699e-01     3.1044      7.492     10.866    10.7468   999.7063 0.0000e+00
      7.659      0.024     0.0380      0.572    102.461  73.246271     4.5267     12.460  -122.4909 1.9552e-01     2.9355      7.509     10.891    10.7456   999.7065 0.0000e+00
      7.675      0.015     0.0367      0.584    102.466  73.253681     4.2841     12.460  -122.5985 2.0167e-01     2.7068      7.532     10.925    10.7445   999.7068 0.0000e+00
      7.680      0.004     0.0368      0.551    102.515  73.292738     4.1438     12.459  -122.6639 1.9848e-01     2.6047      7.538     10.932    10.7431   999.7070 0.0000e+00
      7.671     -0.010     0.0401      0.495    102.572  73.337042     4.1373     12.459  -122.5930 1.9059e-01     2.6286      7.523     10.911    10.7405   999.7071 0.0000e+00
      7.659     -0.024     0.0458      0.461    102.578  73.344317     4.2620     12.459  -122.4297 2.0589e-01     2.6862      7.509     10.890    10.7402   999.7070 0.0000e+00
      7.650     -0.035     0.0466      0.448    102.535  73.317123     4.4789     12.458  -122.4092 2.1474e-01     2.6830      7.501     10.880    10.7426   999.7067 0.0000e+00
      7.644     -0.040     0.0438      0.426    102.544  73.326142     4.5852     12.458  -122.5182 2.0504e-01     2.6246      7.498     10.874    10.7452   999.7065 0.0000e+00
      7.634     -0.040     0.0373      0.415    102.631  73.389790     4.5846     12.458  -122.6289 1.9988e-01     2.5979      7.489     10.861    10.7468   999.7063 0.0000e+00
      7.621     -0.041     0.0347      0.430    102.805  73.514479     4.5857     12.458  -122.7158 2.1056e-01     2.6003      7.473     10.838    10.7478   999.7062 0.0000e+00
      7.609     -0.042     0.0359      0.456    103.050  73.689329     4.6559     12.459  -122.7942 2.3056e-01     2.6196      7.459     10.820    10.7497   999.7059 0.0000e+00
      7.600     -0.043     0.0327      0.490    103.280  73.850836     4.7849     12.460  -122.8879 2.4391e-01     2.6243      7.453     10.810    10.7509   999.7057 0.0000e+00
      7.590     -0.043     0.0309      0.530    103.591  74.068502     4.8581     12.459  -122.9033 2.4439e-01     2.6580      7.444     10.797    10.7515   999.7057 0.0000e+00
      7.578     -0.043     0.0336      0.551    103.906  74.286542     4.8626     12.459  -122.8940 2.4213e-01     2.6831      7.431     10.778    10.7522   999.7055 0.0000e+00
      7.566     -0.043     0.0351      0.542    103.973  74.325396     4.8677     12.460  -122.9477 2.4462e-01     2.6876      7.419     10.760    10.7519   999.7056 0.0000e+00
      7.555     -0.043     0.0378      0.525    103.838  74.220374     4.8912     12.460  -122.9506 2.4705e-01     2.7806      7.408     10.744    10.7504   999.7058 0.0000e+00
      7.545     -0.042     0.0416      0.509    103.672  74.097592     4.9088     12.460  -122.9290 2.5495e-01     2.8818      7.399     10.731    10.7483   999.7061 0.0000e+00
      7.534     -0.041     0.0442      0.488    103.516  73.985297     4.9190     12.459  -122.9436 2.6425e-01     2.9155      7.388     10.716    10.7451   999.7065 0.0000e+00
      7.522     -0.040     0.0420      0.481    103.277  73.816329     4.9767     12.459  -122.9554 2.7198e-01     3.0165      7.376     10.698    10.7396   999.7070 0.0000e+00
      7.512     -0.040     0.0404      0.504    103.031  73.644105     5.0816     12.459  -122.9860 2.8214e-01     3.2105      7.366     10.684    10.7348   999.7074 0.0000e+00
      7.503     -0.039     0.0402      0.534    102.898  73.556026     5.1377     12.459  -122.9691 2.8603e-01     3.3043      7.358     10.672    10.7334   999.7074 0.0000e+00
      7.493     -0.038     0.0374      0.535    102.830  73.514329     5.1216     12.460  -122.9226 2.9595e-01     3.2923      7.348     10.658    10.7335   999.7073 0.0000e+00
      7.483     -0.036     0.0363      0.523    102.744  73.457852     5.0305     12.460  -122.9403 3.1315e-01     3.2018      7.338     10.643    10.7341   999.7071 0.0000e+00
      7.473     -0.034     0.0386      0.515    102.544  73.318218     4.8940     12.459  -122.9258 3.2299e-01     3.0338      7.328     10.628    10.7356   999.7068 0.0000e+00
      7.464     -0.033     0.0430      0.505    102.318  73.161166     4.8347     12.459  -122.8325 3.2580e-01     2.9783      7.319     10.615    10.7396   999.7063 0.0000e+00
      7.457     -0.031     0.0418      0.504    102.291  73.148410     4.8569     12.459  -122.7587 3.2449e-01     3.0461      7.312     10.606    10.7435   999.7059 0.0000e+00
      7.451     -0.029     0.0401      0.514    102.304  73.163987     4.9425     12.459  -122.8077 3.2659e-01     3.0633      7.306     10.597    10.7455   999.7057 0.0000e+00
      7.444     -0.029     0.0404      0.513    102.113  73.031622     5.0882     12.460  -122.8228 3.3459e-01     3.0148      7.300     10.587    10.7468   999.7054 0.0000e+00
      7.436     -0.030     0.0385      0.495    101.897  72.883131     5.1683     12.460  -122.6838 3.3958e-01     2.9741      7.292     10.576    10.7487   999.7051 0.0000e+00
      7.429     -0.031     0.0387      0.485    101.903  72.894450     5.1579     12.459  -122.5891 3.3706e-01     2.9833      7.285     10.566    10.7528   999.7046 0.0000e+00
      7.421     -0.032     0.0402      0.489    102.104  73.041333     5.1543     12.459  -122.7110 3.3518e-01     3.0578      7.277     10.554    10.7561   999.7044 0.0000e+00
      7.412     -0.032     0.0408      0.486    102.235  73.133229     5.1716     12.459  -122.9529 3.3577e-01     3.1198      7.267     10.541    10.7570   999.7041 0.0000e+00
      7.404     -0.031     0.0377      0.470    102.126  73.051900     5.1860     12.459  -123.0182 3.4121e-01     3.1151      7.260     10.531    10.7601   999.7036 0.0000e+00
      7.396     -0.029     0.0370      0.458    101.894  72.884494     5.1945     12.459  -122.8991 3.5414e-01     3.1033      7.253     10.519    10.7651   999.7031 0.0000e+00
      7.387     -0.029     0.0383      0.455    101.719  72.762134     5.2180     12.459  -122.8035 3.5545e-01     3.0803      7.243     10.505    10.7666   999.7030 0.0000e+00
      7.381     -0.029     0.0383      0.455    101.556  72.653269     5.2596     12.459  -122.8938 3.5400e-01     3.0429      7.237     10.497    10.7648   999.7033 0.0000e+00
      7.376     -0.030     0.0363      0.457    101.360  72.521863     5.2881     12.458  -123.1311 3.6588e-01     3.0635      7.234     10.492    10.7624   999.7034 0.0000e+00
      7.369     -0.031     0.0351      0.459    101.330  72.508412     5.3041     12.458  -123.2637 3.6996e-01     3.1227      7.227     10.482    10.7613   999.7034 0.0000e+00
