Data/DataNotYetUploadedToEDI/Raw_CTD/RawDownloads/082018_fcr50.cnv
* Sea-Bird SBE19plus  Data File:
* FileName = C:\DATA\082018_fcr_0001.hex
* Software version 2.6.3.104
* Temperature SN = 7809
* Conductivity SN = 7809
* System UpLoad Time = Aug 20 2018 17:52:05
* <ApplicationData>
* <Seaterm232>
# nquan = 17
# nvalues = 689                         
# units = specified
# name 0 = depFM: Depth [fresh water, m]
# name 1 = tv290C: Temperature [ITS-90, deg C]
# name 2 = sbeox0Mg/L: Oxygen, SBE 43 [mg/l]
# name 3 = sbeox0PS: Oxygen, SBE 43 [% saturation]
# name 4 = c0uS/cm: Conductivity [uS/cm]
# name 5 = specc: Specific Conductance [uS/cm]
# name 6 = ph: pH
# name 7 = orp: Oxidation Reduction Potential [mV]
# name 8 = flECO-AFL: Fluorescence, WET Labs ECO-AFL/FL [mg/m^3]
# name 9 = turbWETntu0: Turbidity, WET Labs ECO [NTU]
# name 10 = sal00: Salinity, Practical [PSU]
# name 11 = dz/dtM: Descent Rate [m/s]
# name 12 = prdM: Pressure, Strain Gauge [db]
# name 13 = prdE: Pressure, Strain Gauge [psi]
# name 14 = scan: Scan Count
# name 15 = par/sat/log: PAR/Logarithmic, Satlantic
# name 16 = flag:  0.000e+00
# span 0 =     -0.545,      9.610       
# span 1 =    11.7228,    25.9023       
# span 2 =    -0.0045,     9.1821       
# span 3 =     -0.042,    112.957       
# span 4 =   0.508566, 135.472074       
# span 5 =      0.569,    184.390       
# span 6 =      6.041,      7.952       
# span 7 = -1240.7455,   385.4506       
# span 8 =    -0.2021,     8.0226       
# span 9 =    -0.3720,    21.2201       
# span 10 =     0.0117,     0.0869      
# span 11 =     -0.070,      0.226      
# span 12 =     -0.534,      9.422      
# span 13 =     -0.775,     13.665      
# span 14 =          1,        689      
# span 15 = 1.2473e-01, 4.4905e+02      
# span 16 = 0.0000e+00, 0.0000e+00      
# interval = seconds: 0.25
# start_time = Aug 20 2018 15:22:31 [Instrument's time stamp, header]
# bad_flag = -9.990e-29
*END*
     -0.545    24.6897     8.3410    100.336   0.572214      0.569      6.160 -1240.7455    -0.1698    -0.3720     0.0118 2.1053e-16     -0.534     -0.775          1 4.0619e+02 0.0000e+00
     -0.544    24.6828     8.3244    100.308   0.613246      0.625      6.137 -1240.7455    -0.1738    -0.2243     0.0117      0.000     -0.534     -0.774          2 3.9126e+02 0.0000e+00
     -0.544    24.6780     8.2798    100.320   0.628432      0.625      6.041 -1240.7455    -0.1617    -0.1974     0.0117      0.000     -0.534     -0.774          3 3.5179e+02 0.0000e+00
     -0.544    24.6747     8.2501    100.365   0.612528      0.625      6.145 -1240.7455    -0.1738    -0.2780     0.0117      0.000     -0.534     -0.774          4 2.6073e+02 0.0000e+00
     -0.544    24.6728     8.2267    100.327   0.633039      0.625      6.155 -1240.7455    -0.1658    -0.2243     0.0117      0.000     -0.534     -0.774          5 1.9974e+02 0.0000e+00
     -0.543    24.6724     8.2064    100.328   0.662119      0.681      6.152 -1240.7455    -0.1617    -0.1706     0.0117      0.001     -0.533     -0.773          6 1.8779e+02 0.0000e+00
     -0.543    24.6709     8.1881    100.343   0.694764      0.681      6.154 -1240.7455    -0.1819    -0.2243     0.0117      0.001     -0.533     -0.773          7 2.0790e+02 0.0000e+00
     -0.544    24.6713     8.1764    100.363   0.710838      0.737      6.151 -1240.7455    -0.2021    -0.1572     0.0117      0.001     -0.533     -0.773          8 2.2475e+02 0.0000e+00
     -0.543    24.6691     8.1919    100.641   0.701327      0.681      6.153 -1240.7455    -0.1860    -0.1974     0.0117      0.001     -0.533     -0.773          9 2.3785e+02 0.0000e+00
     -0.543    24.6718     8.2187    101.010   0.647387      0.681      6.150 -1240.7455    -0.1496    -0.2109     0.0117      0.001     -0.533     -0.773         10 2.5434e+02 0.0000e+00
     -0.543    24.6682     8.2528    101.446   0.659540      0.625      6.147 -1240.7455    -0.1779    -0.3586     0.0117      0.000     -0.532     -0.772         11 2.8144e+02 0.0000e+00
     -0.543    24.7724     8.2963    101.985   0.508566      0.569      6.143 -1240.7455    -0.1860    -0.2646     0.0117      0.000     -0.527     -0.765         12 3.2506e+02 0.0000e+00
     -0.528    25.0514     8.3439    102.570   0.776059      0.681      6.222     8.8466    -0.1900    -0.1706     0.0117      0.004     -0.504     -0.731         13 3.4824e+02 0.0000e+00
     -0.467    25.2785     8.3794    103.008   9.121482      8.839      6.925   385.4506    -0.1617    -0.2243     0.0137      0.023     -0.454     -0.658         14 3.6373e+02 0.0000e+00
     -0.396    25.4105     8.4143    103.424  25.995109     26.217      7.325   158.6857    -0.1860    -0.1974     0.0202      0.055     -0.389     -0.563         15 3.8019e+02 0.0000e+00
     -0.322    25.5480     8.4438    103.774  35.989079     35.994      7.587   153.1585    -0.1698    -0.2646     0.0241      0.098     -0.324     -0.469         16 3.8972e+02 0.0000e+00
     -0.275    25.6761     8.4890    104.316  36.433915     36.009      7.742   153.3099     0.1375    16.4801     0.0242      0.138     -0.272     -0.394         17 3.9444e+02 0.0000e+00
     -0.237    25.7665     8.5103    104.579  36.293894     35.968      7.816   155.5056     0.1618    16.5203     0.0242      0.170     -0.223     -0.324         18 4.0307e+02 0.0000e+00
     -0.166    25.8141     8.4562    103.926  36.459855     35.930      7.863   167.4307     0.1456    16.5203     0.0242      0.201     -0.166     -0.241         19 4.1902e+02 0.0000e+00
     -0.107    25.8364     8.3184    102.246  36.345954     35.812      7.893   169.0585     0.1699    16.4666     0.0242      0.223     -0.111     -0.162         20 4.2171e+02 0.0000e+00
     -0.069    25.8452     8.1384    100.048  36.346619     35.751      7.905   178.6364     3.0772     0.9305     0.0242      0.226     -0.070     -0.102         21 4.3324e+02 0.0000e+00
     -0.036    25.8475     7.9546     97.797  36.310708     35.708      7.896   171.5193     3.1096     0.8902     0.0242      0.212     -0.037     -0.054         22 4.2808e+02 0.0000e+00
     -0.009    25.8480     7.7788     95.641  36.301659     35.702      7.866   175.9864     3.1379     0.8231     0.0242      0.193     -0.011     -0.016         23 4.4905e+02 0.0000e+00
      0.010    25.8477     7.6236     93.734  36.268901     35.645      7.820   180.3779     3.1298     0.7291     0.0241      0.172      0.010      0.014         24 4.2495e+02 0.0000e+00
      0.028    25.8420     7.4964     92.169  36.292154     35.700      7.787   183.1414     3.3684     0.8365     0.0242      0.153      0.027      0.039         25 3.1189e+02 0.0000e+00
      0.044    25.8346     7.3819     90.761  36.243060     35.618      7.707   189.0850     3.3482     0.8634     0.0241      0.131      0.044      0.064         26 2.9653e+02 0.0000e+00
      0.062    25.8282     7.2957     89.702  36.241025     35.650      7.678   190.9779     3.3603     0.7559     0.0241      0.105      0.065      0.094         27 2.8914e+02 0.0000e+00
      0.095    25.8283     7.2169     88.733  36.265033     35.654      7.664   194.6879     3.3967     0.9305     0.0241      0.091      0.091      0.131         28 2.7856e+02 0.0000e+00
      0.119    25.8346     7.1478     87.882  36.242843     35.659      7.651   197.1865     3.3724     0.7559     0.0241      0.086      0.111      0.162         29 2.8427e+02 0.0000e+00
      0.126    25.8421     7.0664     86.882  36.268641     35.659      7.645   194.7636     3.4493     0.7291     0.0241      0.081      0.123      0.178         30 2.7059e+02 0.0000e+00
      0.133    25.8494     6.9811     85.837  36.351562     35.765      7.635   197.5650     3.4210     0.9171     0.0242      0.075      0.129      0.186         31 2.7240e+02 0.0000e+00
      0.135    25.8545     6.9000     84.841  36.347257     35.732      7.606   199.5336     3.4048     0.7828     0.0242      0.068      0.132      0.190         32 2.7680e+02 0.0000e+00
      0.135    25.8578     6.8139     83.783  36.362971     35.754      7.586   201.5779     3.4493     0.7694     0.0242      0.057      0.133      0.192         33 2.7430e+02 0.0000e+00
      0.137    25.8585     6.7355     82.819  36.361662     35.751      7.572   202.2215     3.4371     0.8499     0.0242      0.045      0.135      0.196         34 2.7227e+02 0.0000e+00
      0.142    25.8578     6.6527     81.803  36.319227     35.693      7.560   203.2815     3.4290     0.9036     0.0242      0.032      0.139      0.201         35 2.7721e+02 0.0000e+00
      0.143    25.8576     6.5732     80.828  36.297145     35.693      7.552   204.3036     3.4048     0.8634     0.0242      0.019      0.141      0.204         36 2.7161e+02 0.0000e+00
      0.146    25.8580     6.4900     79.806  36.211189     35.583      7.544   205.5151     3.4533     0.9171     0.0241      0.012      0.143      0.207         37 2.7361e+02 0.0000e+00
      0.147    25.8582     6.4298     79.063  36.218588     35.611      7.542   204.7958     3.5261     0.9171     0.0241      0.010      0.144      0.209         38 2.7767e+02 0.0000e+00
      0.148    25.8572     6.4159     78.890  36.258279     35.638      7.544   205.4772     3.4978     0.7828     0.0241      0.008      0.144      0.209         39 2.7663e+02 0.0000e+00
      0.147    25.8578     6.4760     79.630  36.250769     35.638      7.545   206.8779     3.4816     0.8365     0.0241      0.007      0.144      0.209         40 2.7515e+02 0.0000e+00
      0.148    25.8597     6.5861     80.988  36.257592     35.639      7.546   209.5279     3.4937     0.7962     0.0241      0.006      0.145      0.210         41 2.7606e+02 0.0000e+00
      0.148    25.8612     6.6972     82.357  36.309107     35.693      7.548   210.7015     3.5867     0.8097     0.0242      0.004      0.145      0.211         42 2.7644e+02 0.0000e+00
      0.149    25.8616     6.7982     83.603  36.334954     35.719      7.549   210.2472     3.5625     0.8902     0.0242      0.003      0.146      0.211         43 2.7551e+02 0.0000e+00
      0.149    25.8615     6.8860     84.684  36.314399     35.691      7.550   211.4965     3.5625     0.8499     0.0242      0.002      0.146      0.211         44 2.7602e+02 0.0000e+00
      0.149    25.8624     6.9518     85.495  36.305026     35.691      7.549   211.8372     3.5787     0.8902     0.0242      0.001      0.147      0.212         45 2.7396e+02 0.0000e+00
      0.151    25.8642     7.0006     86.096  36.316960     35.691      7.553   212.8972     3.5584     0.8499     0.0242      0.002      0.148      0.214         46 2.7413e+02 0.0000e+00
      0.151    25.8652     7.0237     86.381  36.358866     35.745      7.555   215.0551     3.5706     0.8902     0.0242      0.002      0.149      0.217         47 2.7270e+02 0.0000e+00
      0.155    25.8631     7.0270     86.421  36.371509     35.744      7.561   215.3580     3.5625     0.8768     0.0242      0.003      0.154      0.223         48 2.6948e+02 0.0000e+00
      0.165    25.8613     7.0096     86.208  36.330883     35.715      7.562   213.9951     3.6029     0.8499     0.0242      0.007      0.160      0.232         49 2.6888e+02 0.0000e+00
      0.168    25.8625     6.9945     86.019  36.320448     35.690      7.563   215.0551     3.5665     0.7828     0.0242      0.009      0.164      0.238         50 2.6503e+02 0.0000e+00
      0.168    25.8648     6.9812     85.853  36.354837     35.746      7.565   216.4180     3.5867     0.8902     0.0242      0.011      0.165      0.239         51 2.6595e+02 0.0000e+00
      0.168    25.8673     6.9753     85.780  36.377064     35.745      7.568   217.3265     3.5989     0.8634     0.0242      0.012      0.165      0.240         52 2.6549e+02 0.0000e+00
      0.170    25.8694     6.9812     85.850  36.411423     35.798      7.568   218.1215     3.5827     0.7559     0.0242      0.012      0.166      0.240         53 2.6368e+02 0.0000e+00
      0.169    25.8709     6.9744     85.766  36.490030     35.851      7.570   218.5001     3.5544     0.8902     0.0242      0.010      0.166      0.240         54 2.6561e+02 0.0000e+00
      0.169    25.8718     6.9681     85.689  36.546167     35.932      7.574   218.5001     3.5503     0.8097     0.0243      0.008      0.165      0.240         55 2.6443e+02 0.0000e+00
      0.169    25.8721     6.9571     85.555  36.489856     35.849      7.578   217.9701     3.5706     0.9842     0.0242      0.004      0.165      0.240         56 2.6333e+02 0.0000e+00
      0.169    25.8726     6.9544     85.523  36.471132     35.848      7.579   218.1215     3.5908     0.9036     0.0242      0.001      0.166      0.240         57 2.6436e+02 0.0000e+00
      0.169    25.8729     6.9522     85.497  36.480491     35.848      7.577   218.5001     3.5584     0.9305     0.0242      0.001      0.166      0.241         58 2.6546e+02 0.0000e+00
      0.170    25.8725     6.9464     85.428  36.537526     35.903      7.575   218.7651     3.6150     0.7694     0.0243      0.001      0.166      0.241         59 2.6422e+02 0.0000e+00
      0.170    25.8714     6.9392     85.341  36.607766     35.985      7.572   220.2794     3.6312     0.8097     0.0243      0.000      0.166      0.241         60 2.6444e+02 0.0000e+00
      0.170    25.8701     6.9289     85.214  36.600693     35.958      7.566   220.6580     3.6595     0.8634     0.0243      0.000      0.166      0.241         61 2.6464e+02 0.0000e+00
      0.170    25.8692     6.9185     85.088  36.575988     35.958      7.563   221.3773     3.6474     0.8231     0.0243      0.001      0.167      0.242         62 2.6398e+02 0.0000e+00
      0.170    25.8681     6.9061     84.937  36.608852     35.959      7.566   221.6801     3.6393     0.7559     0.0243      0.001      0.167      0.242         63 2.6425e+02 0.0000e+00
      0.170    25.8675     6.8909     84.751  36.648771     36.042      7.569   222.0965     3.6393     0.8097     0.0243      0.001      0.167      0.242         64 2.6388e+02 0.0000e+00
      0.170    25.8676     6.8724     84.525  36.615286     35.961      7.574   222.7401     3.6191     0.8634     0.0243      0.001      0.167      0.242         65 2.6492e+02 0.0000e+00
      0.170    25.8684     6.8550     84.311  36.591206     35.989      7.583   225.0873     3.6231     0.9305     0.0243      0.000      0.167      0.242         66 2.6308e+02 0.0000e+00
      0.170    25.8695     6.8428     84.161  36.560104     35.906      7.586   224.5573     3.5706     0.9171     0.0243      0.000      0.167      0.242         67 2.6361e+02 0.0000e+00
      0.171    25.8704     6.8329     84.040  36.565015     35.961      7.591   224.8601     3.5706     0.9305     0.0243      0.000      0.168      0.243         68 2.6425e+02 0.0000e+00
      0.172    25.8715     6.8231     83.919  36.555433     35.905      7.593   225.1251     3.5706     0.7962     0.0243      0.001      0.168      0.244         69 2.6380e+02 0.0000e+00
      0.172    25.8723     6.8093     83.747  36.572027     35.959      7.600   225.7687     3.5382     0.8499     0.0243      0.001      0.168      0.244         70 2.6417e+02 0.0000e+00
      0.172    25.8726     6.7932     83.548  36.574023     35.931      7.606   228.2294     3.5584     0.8231     0.0243      0.001      0.169      0.245         71 2.6168e+02 0.0000e+00
      0.172    25.8732     6.7717     83.278  36.523289     35.903      7.612   228.6837     3.5544     1.0111     0.0243      0.001      0.169      0.245         72 2.6187e+02 0.0000e+00
      0.172    25.8744     6.7478     82.980  36.546186     35.903      7.622   228.7594     3.5584     0.8097     0.0243      0.001      0.169      0.245         73 2.6391e+02 0.0000e+00
      0.172    25.8752     6.7154     82.579  36.575187     35.957      7.628   228.5323     3.5544     0.7559     0.0243      0.001      0.169      0.245         74 2.6387e+02 0.0000e+00
      0.172    25.8754     6.6833     82.180  36.546516     35.901      7.634   227.9644     3.5787     0.9171     0.0243      0.001      0.169      0.245         75 2.6394e+02 0.0000e+00
      0.172    25.8758     6.6467     81.727  36.581866     35.956      7.639   229.0244     3.5665     0.8097     0.0243      0.001      0.169      0.245         76 2.6431e+02 0.0000e+00
      0.172    25.8764     6.6119     81.296  36.620171     35.983      7.642   229.5923     3.5787     0.9036     0.0243      0.000      0.169      0.245         77 2.6412e+02 0.0000e+00
      0.172    25.8768     6.5814     80.920  36.587823     35.955      7.644   229.9709     3.5625     0.8365     0.0243      0.000      0.169      0.245         78 2.6472e+02 0.0000e+00
      0.172    25.8763     6.5560     80.605  36.592464     35.955      7.648   230.4251     3.5665     0.8634     0.0243      0.000      0.169      0.245         79 2.6412e+02 0.0000e+00
      0.173    25.8752     6.5217     80.181  36.584736     35.955      7.646   230.8794     3.5625     0.8902     0.0243      0.000      0.169      0.246         80 2.6389e+02 0.0000e+00
      0.174    25.8735     6.4874     79.756  36.597439     35.955      7.645   231.0687     3.5625     0.8365     0.0243      0.000      0.170      0.247         81 2.6475e+02 0.0000e+00
      0.174    25.8705     6.4486     79.277  36.665633     36.038      7.643   231.7880     3.5625     0.8365     0.0243      0.001      0.170      0.247         82 2.6506e+02 0.0000e+00
      0.173    25.8679     6.4081     78.775  36.618509     35.984      7.641   230.6144     3.5706     0.8097     0.0243      0.001      0.170      0.246         83 2.6510e+02 0.0000e+00
      0.173    25.8656     6.3684     78.284  36.596768     35.959      7.642   231.1444     3.6838     0.9036     0.0243      0.001      0.170      0.246         84 2.6445e+02 0.0000e+00
      0.174    25.8636     6.3229     77.722  36.663032     36.043      7.644   231.5230     3.7121     0.9171     0.0243      0.001      0.170      0.247         85 2.6477e+02 0.0000e+00
