Data/DataNotYetUploadedToEDI/Raw_CTD/RawDownloads/082020_bvr50.cnv
* Sea-Bird SBE19plus  Data File:
* FileName = C:\DATA\082020_bvr50_0001.hex
* Software version 2.8.0.119
* Temperature SN = 7809
* Conductivity SN = 7809
* System UpLoad Time = Aug 20 2020 15:12:34
* <ApplicationData>
* <Seaterm232>
# nquan = 16
# nvalues = 4024                        
# units = specified
# name 0 = depFM: Depth [fresh water, m]
# name 1 = dz/dtM: Descent Rate [m/s]
# name 2 = sbeox0ML/L: Oxygen, SBE 43 [ml/l]
# name 3 = sbeox0PS: Oxygen, SBE 43 [% saturation]
# name 4 = specc: Specific Conductance [uS/cm]
# name 5 = c0uS/cm: Conductivity [uS/cm]
# name 6 = flECO-AFL: Fluorescence, WET Labs ECO-AFL/FL [mg/m^3]
# name 7 = ph: pH
# name 8 = orp: Oxidation Reduction Potential [mV]
# name 9 = par/sat/log: PAR/Logarithmic, Satlantic
# name 10 = turbWETntu0: Turbidity, WET Labs ECO [NTU]
# name 11 = prdM: Pressure, Strain Gauge [db]
# name 12 = prdE: Pressure, Strain Gauge [psi]
# name 13 = tv290C: Temperature [ITS-90, deg C]
# name 14 = density00: Density [density, kg/m^3]
# name 15 = flag:  0.000e+00
# span 0 =     -0.730,     10.351       
# span 1 =     -0.520,      3.857       
# span 2 =     0.0236,     5.8423       
# span 3 =      0.362,    100.418       
# span 4 =      3.591,    146.698       
# span 5 =   3.419733, 101.827298       
# span 6 =    -1.9338,     8.7698       
# span 7 =     12.099,     12.481       
# span 8 =  -125.3939,  1067.0279       
# span 9 = 1.2350e-01, 1.1546e+03       
# span 10 =    -0.0545,    69.7213      
# span 11 =     -0.717,     10.151      
# span 12 =     -1.039,     14.723      
# span 13 =     9.6939,    24.9584      
# span 14 =   997.0725,   999.8304      
# span 15 = 0.0000e+00, 0.0000e+00      
# interval = seconds: 0.25
# start_time = Aug 19 2020 20:06:54 [Instrument's time stamp, header]
# bad_flag = -9.990e-29
*END*
[from data line 3074]
      6.565     -0.038     0.0371      0.498     83.724  60.570556     7.5963     12.450  -119.6549 1.1561e+00     6.6008      6.439      9.338    11.1627   999.6534 0.0000e+00
      6.555     -0.038     0.0389      0.497     83.391  60.363119     7.4279     12.450  -119.8248 1.1573e+00     6.6560      6.430      9.325    11.1615   999.6536 0.0000e+00
      6.544     -0.038     0.0409      0.507     82.862  60.010562     7.1216     12.451  -119.8602 1.1623e+00     6.6563      6.418      9.307    11.1550   999.6539 0.0000e+00
      6.534     -0.037     0.0401      0.530     82.458  59.738822     6.9537     12.451  -119.7384 1.1762e+00     6.6048      6.407      9.292    11.1549   999.6534 0.0000e+00
      6.524     -0.036     0.0371      0.540     82.443  59.746065     6.9422     12.450  -119.6427 1.1869e+00     6.5473      6.398      9.279    11.1661   999.6522 0.0000e+00
      6.515     -0.035     0.0386      0.515     82.565  59.844001     7.0693     12.450  -119.5640 1.1898e+00     6.3388      6.389      9.266    11.1917   999.6494 0.0000e+00
      6.507     -0.033     0.0381      0.500     82.572  59.842857     7.3177     12.450  -119.4744 1.1916e+00     5.9718      6.381      9.256    11.2123   999.6470 0.0000e+00
      6.500     -0.033     0.0408      0.498     83.310  60.367594     7.4564     12.450  -119.4201 1.2032e+00     5.7494      6.374      9.245    11.2201   999.6460 0.0000e+00
      6.492     -0.034     0.0439      0.488     84.604  61.296064     7.4688     12.450  -119.5099 1.2224e+00     5.6762      6.366      9.233    11.2337   999.6445 0.0000e+00
      6.484     -0.037     0.0381      0.490     84.523  61.220453     7.4571     12.450  -119.8715 1.2325e+00     5.6356      6.358      9.222    11.2433   999.6436 0.0000e+00
      6.475     -0.039     0.0379      0.499     83.073  60.152288     7.4109     12.450  -120.2641 1.2378e+00     5.5676      6.351      9.212    11.2341   999.6443 0.0000e+00
      6.464     -0.039     0.0392      0.503     81.993  59.373024     7.3582     12.450  -120.8164 1.2514e+00     5.5065      6.340      9.196    11.2259   999.6453 0.0000e+00
      6.450     -0.039     0.0364      0.509     81.765  59.232249     7.3446     12.450  -121.6449 1.2778e+00     5.5142      6.324      9.173    11.2261   999.6462 0.0000e+00
      6.439     -0.039     0.0375      0.516     82.057  59.466780     7.3512     12.450  -122.2796 1.3090e+00     5.4893      6.312      9.155    11.2141   999.6474 0.0000e+00
      6.431     -0.039     0.0386      0.520     82.239  59.603834     7.3712     12.449  -122.6392 1.3269e+00     5.3081      6.306      9.146    11.1947   999.6484 0.0000e+00
      6.424     -0.038     0.0385      0.527     81.838  59.300979     7.4053     12.450  -122.8104 1.3330e+00     5.0408      6.300      9.138    11.1975   999.6478 0.0000e+00
      6.416     -0.038     0.0389      0.523     81.583  59.108741     7.4289     12.451  -122.7148 1.3355e+00     4.9350      6.294      9.128    11.2190   999.6455 0.0000e+00
      6.405     -0.039     0.0400      0.494     81.680  59.185526     7.4565     12.450  -122.3429 1.3415e+00     4.9900      6.282      9.110    11.2371   999.6437 0.0000e+00
      6.393     -0.042     0.0394      0.483     81.530  59.085797     7.5290     12.450  -121.8411 1.3571e+00     5.1914      6.269      9.091    11.2401   999.6436 0.0000e+00
      6.382     -0.044     0.0404      0.508     81.207  58.855943     7.6194     12.449  -121.4665 1.3689e+00     5.5164      6.259      9.078    11.2267   999.6445 0.0000e+00
      6.372     -0.046     0.0419      0.529     80.887  58.630036     7.6536     12.449  -121.2545 1.3732e+00     5.6579      6.249      9.064    11.2181   999.6452 0.0000e+00
      6.360     -0.047     0.0369      0.526     80.544  58.387394     7.6275     12.450  -121.0858 1.3862e+00     5.5974      6.236      9.045    11.2283   999.6444 0.0000e+00
      6.348     -0.048     0.0353      0.508     79.934  57.955188     7.4170     12.450  -120.8023 1.4070e+00     5.4363      6.226      9.029    11.2353   999.6434 0.0000e+00
      6.336     -0.049     0.0396      0.497     78.976  57.279581     7.0450     12.450  -120.4083 1.4245e+00     5.1860      6.215      9.014    11.2337   999.6434 0.0000e+00
      6.322     -0.051     0.0414      0.511     78.312  56.825650     6.8400     12.450  -120.0212 1.4420e+00     5.0435      6.200      8.992    11.2393   999.6427 0.0000e+00
      6.308     -0.054     0.0407      0.507     78.217  56.786648     6.7892     12.450  -119.6494 1.4545e+00     4.9844      6.185      8.971    11.2429   999.6421 0.0000e+00
      6.296     -0.057     0.0390      0.455     77.772  56.490413     6.4582     12.450  -119.3547 1.4623e+00     4.7460      6.175      8.955    11.2462   999.6415 0.0000e+00
      6.283     -0.059     0.0367      0.424     75.809  55.086107     5.8615     12.449  -119.1259 1.4831e+00     4.4263      6.163      8.939    11.2598   999.6396 0.0000e+00
      6.267     -0.060     0.0396      0.456     73.896  53.718147     5.5357     12.449  -118.8621 1.5133e+00     4.3122      6.146      8.915    11.2784   999.6374 0.0000e+00
      6.249     -0.062     0.0415      0.488     74.839  54.432863     5.5040     12.448  -118.5741 1.5420e+00     4.3283      6.127      8.887    11.2982   999.6352 0.0000e+00
      6.232     -0.066     0.0341      0.494     76.935  55.978512     5.5442     12.446  -118.2246 1.5645e+00     4.3463      6.110      8.861    11.3166   999.6332 0.0000e+00
      6.217     -0.068     0.0292      0.494     77.175  56.145510     5.6210     12.446  -117.7337 1.5778e+00     4.3921      6.097      8.842    11.3306   999.6309 0.0000e+00
      6.202     -0.068     0.0360      0.488     75.796  55.118233     5.6692     12.447  -117.1989 1.5990e+00     4.4698      6.085      8.827    11.3404   999.6284 0.0000e+00
      6.181     -0.065     0.0384      0.497     73.364  53.340103     5.6882     12.447  -116.9212 1.6436e+00     4.5308      6.063      8.794    11.3640   999.6266 0.0000e+00
      6.159     -0.060     0.0372      0.522     70.165  51.033481     5.6894     12.447  -117.0431 1.6804e+00     4.5115      6.035      8.754    11.3880   999.6253 0.0000e+00
      6.143     -0.053     0.0387      0.517     66.362  48.314866     5.7412     12.447  -117.3812 1.6919e+00     4.5109      6.023      8.734    11.3770   999.6261 0.0000e+00
      6.132     -0.043     0.0366      0.488     62.117  45.298905     5.8657     12.446  -117.5686 1.7058e+00     4.5924      6.014      8.722    11.3513   999.6283 0.0000e+00
      6.122     -0.031     0.0370      0.482     59.460  43.457607     5.9358     12.445  -117.2439 1.7226e+00     4.6381      6.002      8.706    11.3426   999.6284 0.0000e+00
      6.117     -0.020     0.0413      0.495     58.630  42.940502     5.9121     12.443  -116.5524 1.7259e+00     4.6177      5.998      8.699    11.3569   999.6255 0.0000e+00
      6.115     -0.012     0.0408      0.505     57.477  42.157437     5.7031     12.443  -116.0047 1.7164e+00     4.5867      5.996      8.697    11.3935   999.6206 0.0000e+00
      6.115     -0.006     0.0359      0.507     55.107  40.464676     5.3352     12.442  -115.7847 1.7099e+00     4.5370      5.996      8.696    11.4539   999.6121 0.0000e+00
      6.114     -0.001     0.0360      0.490     52.241  38.405780     5.1258     12.440  -115.5272 1.7125e+00     4.4634      5.996      8.697    11.5437   999.6014 0.0000e+00
      6.114      0.002     0.0384      0.469     50.608  37.256952     5.0974     12.439  -115.1277 1.7205e+00     4.4515      5.995      8.695    11.6291   999.5924 0.0000e+00
      6.116      0.003     0.0380      0.470     50.338  37.110234     5.1063     12.437  -114.8265 1.7227e+00     4.4969      5.998      8.698    11.6754   999.5869 0.0000e+00
      6.118      0.003     0.0395      0.500     51.264  37.837700     5.1383     12.437  -114.5520 1.7154e+00     4.5324      6.001      8.703    11.7113   999.5822 0.0000e+00
      6.119      0.003     0.0374      0.531     53.510  39.515440     5.1600     12.437  -114.2182 1.7090e+00     4.5364      6.000      8.704    11.7540   999.5760 0.0000e+00
      6.119      0.002     0.0347      0.525     54.882  40.512862     5.1402     12.438  -113.8018 1.7034e+00     4.4768      6.000      8.703    11.8062   999.5697 0.0000e+00
      6.119      0.001     0.0349      0.507     54.137  39.932708     4.9942     12.439  -113.3036 1.7045e+00     4.3949      6.000      8.702    11.8614   999.5636 0.0000e+00
      6.119      0.001     0.0372      0.510     52.674  38.848037     4.7401     12.440  -112.8400 1.7160e+00     4.3363      6.000      8.703    11.9088   999.5583 0.0000e+00
      6.119      0.001     0.0421      0.526     51.486  37.997909     4.5945     12.439  -112.4126 1.7281e+00     4.2835      6.001      8.704    11.9351   999.5566 0.0000e+00
      6.119      0.001     0.0398      0.538     50.456  37.270114     4.5784     12.437  -111.9211 1.7331e+00     4.2022      6.001      8.703    11.9131   999.5598 0.0000e+00
      6.120      0.001     0.0373      0.535     49.581  36.648742     4.5358     12.437  -111.4583 1.7288e+00     4.1431      6.001      8.705    11.8659   999.5645 0.0000e+00
      6.120      0.000     0.0386      0.552     48.685  36.006319     4.4712     12.437  -111.1193 1.7236e+00     4.1867      6.002      8.706    11.8588   999.5647 0.0000e+00
      6.120     -0.001     0.0393      0.570     47.670  35.277583     4.4651     12.437  -110.7476 1.7282e+00     4.2835      6.002      8.705    11.8998   999.5598 0.0000e+00
      6.120     -0.001     0.0422      0.530     47.015  34.818167     4.4804     12.436  -110.3191 1.7328e+00     4.3517      6.002      8.706    11.9362   999.5552 0.0000e+00
      6.119     -0.001     0.0392      0.481     46.573  34.512892     4.4659     12.434  -110.0676 1.7310e+00     4.3243      6.000      8.704    11.9565   999.5526 0.0000e+00
      6.118     -0.001     0.0405      0.473     45.943  34.061309     4.4802     12.433  -110.0306 1.7380e+00     4.2278      6.000      8.702    11.9755   999.5503 0.0000e+00
      6.118      0.000     0.0464      0.482     45.571  33.799942     4.5478     12.434  -110.0435 1.7480e+00     4.2145      6.000      8.702    11.9978   999.5473 0.0000e+00
      6.119 -4.283e-07     0.0395      0.485     45.668  33.890931     4.5973     12.434  -110.0512 1.7460e+00     4.2670      6.000      8.703    12.0271   999.5438 0.0000e+00
      6.119      0.000     0.0347      0.499     45.733  33.955848     4.6016     12.434  -110.0379 1.7380e+00     4.2787      6.000      8.703    12.0546   999.5406 0.0000e+00
      6.119      0.000     0.0351      0.509     45.374  33.696525     4.6286     12.434  -109.8825 1.7342e+00     4.1845      6.001      8.704    12.0672   999.5388 0.0000e+00
      6.119     -0.001     0.0372      0.498     44.913  33.357036     4.7043     12.434  -109.5490 1.7426e+00     4.0207      6.001      8.704    12.0776   999.5374 0.0000e+00
      6.118     -0.001     0.0358      0.504     45.907  34.102423     4.7539     12.433  -109.1889 1.7481e+00     3.9799      6.001      8.703    12.1041   999.5344 0.0000e+00
      6.117     -0.001     0.0369      0.508     48.950  36.363153     4.7600     12.433  -108.8843 1.7456e+00     4.0349      5.999      8.701    12.1271   999.5318 0.0000e+00
      6.117     -0.001     0.0407      0.485     51.757  38.417240     4.6261     12.433  -108.5332 1.7472e+00     4.0338      5.999      8.701    12.1313   999.5312 0.0000e+00
      6.117     -0.001     0.0352      0.463     52.293  38.757193     4.3561     12.434  -108.0414 1.7510e+00     4.0007      5.998      8.700    12.1286   999.5311 0.0000e+00
      6.117     -0.000     0.0384      0.473     51.419  38.061776     4.2135     12.436  -107.5837 1.7572e+00     3.9773      5.999      8.699    12.1391   999.5301 0.0000e+00
      6.117 -1.421e-08     0.0395      0.516     50.855  37.625082     4.1983     12.437  -107.3007 1.7563e+00     3.9922      5.999      8.700    12.1544   999.5297 0.0000e+00
      6.117 -1.563e-07     0.0360      0.544     51.089  37.792956     4.1063     12.437  -107.1157 1.7472e+00     4.0429      5.999      8.701    12.1249   999.5344 0.0000e+00
      6.118 3.4500e-07     0.0345      0.541     51.973  38.441371     3.9304     12.437  -106.9814 1.7425e+00     4.0404      6.000      8.702    12.0480   999.5433 0.0000e+00
      6.118      0.000     0.0338      0.531     53.071  39.245228     3.8172     12.437  -106.8816 1.7389e+00     3.9973      6.000      8.703    11.9935   999.5490 0.0000e+00
      6.117      0.000     0.0401      0.516     54.053  39.959533     3.7960     12.437  -106.8555 1.7347e+00     3.9678      5.999      8.701    11.9867   999.5496 0.0000e+00
      6.116      0.001     0.0421      0.501     53.914  39.842164     3.9126     12.436  -106.8376 1.7336e+00     4.0948      5.997      8.698    11.9860   999.5497 0.0000e+00
      6.116      0.003     0.0406      0.490     51.205  37.825929     4.1392     12.436  -106.7520 1.7423e+00     4.3666      5.997      8.698    11.9792   999.5509 0.0000e+00
      6.117      0.006     0.0402      0.479     47.640  35.192340     4.2473     12.436  -106.5942 1.7557e+00     4.4729      5.999      8.700    11.9735   999.5519 0.0000e+00
      6.118      0.009     0.0390      0.478     46.014  34.019497     4.2379     12.436  -106.3062 1.7523e+00     4.4186      5.999      8.701    11.9615   999.5536 0.0000e+00
      6.120      0.011     0.0375      0.504     46.074  34.116135     4.2445     12.436  -106.0230 1.7327e+00     4.3630      6.001      8.704    11.9485   999.5556 0.0000e+00
      6.125      0.011     0.0370      0.534     46.550  34.520657     4.3748     12.436  -105.8373 1.7194e+00     4.4175      6.007      8.712    11.9291   999.5566 0.0000e+00
      6.130      0.011     0.0364      0.544     46.526  34.532209     4.6015     12.435  -105.6096 1.7161e+00     4.5975      6.013      8.721    11.9182   999.5560 0.0000e+00
      6.133      0.011     0.0346      0.535     45.885  34.065446     4.7163     12.435  -105.2491 1.7166e+00     4.6858      6.015      8.724    11.9535   999.5517 0.0000e+00
      6.134      0.011     0.0381      0.503     45.814  34.016906     4.7228     12.434  -105.0060 1.7229e+00     4.6607      6.016      8.725    12.0211   999.5442 0.0000e+00
      6.136      0.009     0.0413      0.478     46.475  34.516421     4.8818     12.434  -105.0791 1.7149e+00     4.6375      6.017      8.727    12.0861   999.5369 0.0000e+00
      6.139      0.004     0.0407      0.480     47.156  35.028682     5.1882     12.434  -105.1008 1.6949e+00     4.6116      6.020      8.731    12.1179   999.5334 0.0000e+00
      6.144     -0.003     0.0418      0.485     47.820  35.514891     5.3469     12.434  -104.8382 1.6911e+00     4.5875      6.027      8.741    12.1174   999.5330 0.0000e+00
      6.145     -0.011     0.0372      0.485     48.351  35.889611     5.3325     12.434  -104.4848 1.7005e+00     4.5171      6.028      8.743    12.1182   999.5329 0.0000e+00
      6.140     -0.020     0.0348      0.521     48.713  36.132599     5.0620     12.434  -104.1833 1.7137e+00     4.2757      6.022      8.734    12.1324   999.5316 0.0000e+00
      6.131     -0.028     0.0362      0.586     49.136  36.422086     4.5837     12.435  -103.9464 1.7307e+00     3.9692      6.014      8.722    12.1446   999.5304 0.0000e+00
      6.120     -0.034     0.0373      0.605     49.568  36.724380     4.3463     12.436  -103.7709 1.7535e+00     3.8327      6.003      8.705    12.1371   999.5314 0.0000e+00
      6.108     -0.036     0.0350      0.581     49.779  36.868338     4.3383     12.436  -103.6964 1.7672e+00     3.8269      5.989      8.687    12.1130   999.5343 0.0000e+00
