Data/DataNotYetUploadedToEDI/Raw_CTD/RawDownloads/082018_fcr20.cnv
* Sea-Bird SBE19plus  Data File:
* FileName = C:\DATA\082018_fcr_0003.hex
* Software version 2.6.3.104
* Temperature SN = 7809
* Conductivity SN = 7809
* System UpLoad Time = Aug 20 2018 17:52:50
* <ApplicationData>
* <Seaterm232>
# nquan = 17
# nvalues = 768                         
# units = specified
# name 0 = depFM: Depth [fresh water, m]
# name 1 = tv290C: Temperature [ITS-90, deg C]
# name 2 = sbeox0Mg/L: Oxygen, SBE 43 [mg/l]
# name 3 = sbeox0PS: Oxygen, SBE 43 [% saturation]
# name 4 = c0uS/cm: Conductivity [uS/cm]
# name 5 = specc: Specific Conductance [uS/cm]
# name 6 = ph: pH
# name 7 = orp: Oxidation Reduction Potential [mV]
# name 8 = flECO-AFL: Fluorescence, WET Labs ECO-AFL/FL [mg/m^3]
# name 9 = turbWETntu0: Turbidity, WET Labs ECO [NTU]
# name 10 = sal00: Salinity, Practical [PSU]
# name 11 = dz/dtM: Descent Rate [m/s]
# name 12 = prdM: Pressure, Strain Gauge [db]
# name 13 = prdE: Pressure, Strain Gauge [psi]
# name 14 = scan: Scan Count
# name 15 = par/sat/log: PAR/Logarithmic, Satlantic
# name 16 = flag:  0.000e+00
# span 0 =     -0.547,      3.561       
# span 1 =    17.8948,    25.9220       
# span 2 =     0.0251,     8.6717       
# span 3 =      0.289,    106.318       
# span 4 =   0.045090,  93.340378       
# span 5 =      0.476,    108.789       
# span 6 =      6.177,      7.950       
# span 7 =   154.9378,   302.5811       
# span 8 =    -0.1981,    12.7941       
# span 9 =    -0.0900,    12.4517       
# span 10 =     0.0110,     0.0540      
# span 11 =     -0.096,      0.229      
# span 12 =     -0.537,      3.492      
# span 13 =     -0.778,      5.064      
# span 14 =          1,        768      
# span 15 = 2.5265e+00, 5.1849e+02      
# span 16 = 0.0000e+00, 0.0000e+00      
# interval = seconds: 0.25
# start_time = Aug 20 2018 16:14:47 [Instrument's time stamp, header]
# bad_flag = -9.990e-29
*END*
     -0.546    22.6650     8.3420    100.176   0.504963      0.534      6.182   300.8018    -0.1455    -0.0363     0.0110 2.1053e-16     -0.536     -0.777          1 8.8074e+01 0.0000e+00
     -0.547    22.6668     8.2741    100.323   0.516921      0.534      6.179   302.5811    -0.1819     0.0577     0.0110     -0.000     -0.536     -0.777          2 1.2075e+02 0.0000e+00
     -0.547    22.6693     8.2368    100.425   0.438197      0.476      6.177   300.7261    -0.1779    -0.0900     0.0110     -0.000     -0.536     -0.777          3 1.5619e+02 0.0000e+00
     -0.547    22.6711     8.2345    100.687   0.484508      0.476      6.179   297.6218    -0.1819    -0.0766     0.0110     -0.000     -0.536     -0.777          4 1.7405e+02 0.0000e+00
     -0.547    22.6744     8.2488    101.010   0.400075      0.476      6.181   294.9339    -0.1779     0.1248     0.0110     -0.000     -0.537     -0.778          5 1.7275e+02 0.0000e+00
     -0.547    22.6752     8.2653    101.282   0.543272      0.476      6.182   290.6182    -0.1617    -0.0766     0.0110     -0.001     -0.537     -0.778          6 1.8070e+02 0.0000e+00
     -0.547    22.6791     8.2748    101.441   0.306301      0.476      6.183   290.6560    -0.1941     0.0308     0.0110     -0.001     -0.537     -0.778          7 2.0329e+02 0.0000e+00
     -0.547    22.6782     8.2819    101.555   0.754195      0.534      6.187   281.7217    -0.1860     0.0308     0.0110     -0.001     -0.536     -0.776          8 2.1978e+02 0.0000e+00
     -0.547    22.9988     8.2840    101.568   0.045090      0.476      6.183   290.8832    -0.1779    -0.0095     0.0110     -0.000     -0.521     -0.756          9 2.2738e+02 0.0000e+00
     -0.505    23.8029     8.2887    101.629   4.682602      3.987      6.574   230.7280    -0.1860     0.0040     0.0115      0.011     -0.465     -0.674         10 2.4592e+02 0.0000e+00
     -0.358    24.5769     8.2955    101.740  23.034403     24.589      7.114   212.4808    -0.1981    -0.0766     0.0189      0.058     -0.366     -0.530         11 2.2943e+02 0.0000e+00
     -0.266    25.0888     8.3194    102.046  35.755191     36.700      7.399   206.6886    -0.1698    -0.0229     0.0240      0.116     -0.276     -0.400         12 1.9286e+02 0.0000e+00
     -0.220    25.3980     8.3464    102.372  36.481401     36.758      7.590   205.0608     1.0352     8.1816     0.0243      0.168     -0.219     -0.318         13 2.1874e+02 0.0000e+00
     -0.176    25.5528     8.3845    102.848  36.391998     36.348      7.737   207.4836     1.0150     8.2353     0.0242      0.210     -0.185     -0.269         14 2.2733e+02 0.0000e+00
     -0.171    25.6358     8.4274    103.396  36.340725     36.019      7.828   208.0515     1.0109     8.1816     0.0242      0.229     -0.179     -0.259         15 2.1402e+02 0.0000e+00
     -0.199    25.6726     8.4732    103.976  36.337436     35.962      7.885   211.6858     1.0069     8.2219     0.0242      0.217     -0.194     -0.281         16 2.1508e+02 0.0000e+00
     -0.221    25.6973     8.5140    104.463  36.277367     35.795      7.910   212.7458     3.8617    12.4114     0.0241      0.175     -0.211     -0.306         17 2.1209e+02 0.0000e+00
     -0.226    25.7099     8.6144    105.658  36.237481     35.768      7.899   213.8058     3.8658    12.3980     0.0241      0.111     -0.214     -0.311         18 2.1821e+02 0.0000e+00
     -0.210    25.7049     8.6717    106.318  36.238757     35.724      7.866   212.6322     3.8981    12.4517     0.0241      0.045     -0.196     -0.285         19 2.2678e+02 0.0000e+00
     -0.164    25.7061     8.5985    105.405  36.246110     35.741      7.833   210.6258     3.8860    12.4114     0.0241      0.019     -0.160     -0.233         20 2.3414e+02 0.0000e+00
     -0.120    25.7212     8.4564    103.673  36.257986     35.746      7.782   210.9665     4.3308     1.3065     0.0241      0.022     -0.118     -0.172         21 2.2247e+02 0.0000e+00
     -0.080    25.7273     8.2704    101.409  36.253637     35.745      7.735   209.9065     4.3469     1.4005     0.0241      0.041     -0.076     -0.110         22 2.2313e+02 0.0000e+00
     -0.032    25.7254     8.0596     98.832  36.251521     35.734      7.700   208.9601     4.3429     1.2393     0.0241      0.077     -0.030     -0.043         23 2.1465e+02 0.0000e+00
      0.021    25.7294     7.8210     95.914  36.112321     35.592      7.655   209.4522     4.3146     1.4139     0.0241      0.120      0.019      0.027         24 1.3552e+02 0.0000e+00
      0.068    25.7413     7.6399     93.702  35.952329     35.429      7.621   210.1337     4.4440     1.1051     0.0240      0.153      0.062      0.090         25 8.4258e+01 0.0000e+00
      0.101    25.7499     7.4617     91.515  35.887119     35.370      7.597   209.9444     4.4642     1.0379     0.0240      0.170      0.094      0.136         26 1.0294e+02 0.0000e+00
      0.119    25.7437     7.3331     89.923  35.837575     35.307      7.573   210.2851     4.4480     1.0782     0.0240      0.169      0.111      0.162         27 1.0759e+02 0.0000e+00
      0.121    25.7244     7.2533     88.948  35.895351     35.356      7.560   209.7929     4.4480     1.1051     0.0240      0.151      0.115      0.168         28 9.1552e+01 0.0000e+00
      0.114    25.7033     7.1771     88.010  36.111798     35.581      7.553   209.2629     4.4763     1.0111     0.0241      0.126      0.114      0.166         29 1.0013e+02 0.0000e+00
      0.115    25.6945     7.1189     87.170  36.280012     35.759      7.551   209.1115     4.5977     1.0245     0.0242      0.096      0.116      0.168         30 1.1448e+02 0.0000e+00
      0.126    25.6999     7.0573     86.322  36.308847     35.802      7.544   210.9665     4.5936     1.0379     0.0242      0.067      0.122      0.176         31 1.1731e+02 0.0000e+00
      0.131    25.7081     7.0157     85.835  36.313191     35.808      7.544   210.3987     4.5855     1.0379     0.0242      0.042      0.125      0.180         32 1.0538e+02 0.0000e+00
      0.124    25.7125     6.9822     85.486  36.304269     35.805      7.549   209.5279     4.6098     1.1319     0.0242      0.021      0.120      0.175         33 9.9239e+01 0.0000e+00
      0.114    25.7178     6.9632     85.299  36.319949     35.799      7.551   209.7172     4.4359     1.0379     0.0242      0.007      0.110      0.160         34 1.0479e+02 0.0000e+00
      0.098    25.7222     6.9657     85.373  36.323334     35.823      7.557   210.3987     4.4399     1.0111     0.0242     -0.004      0.099      0.144         35 1.1540e+02 0.0000e+00
      0.091    25.7220     6.9916     85.704  36.270395     35.737      7.558   211.1558     4.4359     1.0648     0.0241     -0.011      0.095      0.138         36 1.4774e+02 0.0000e+00
      0.102    25.7125     7.0403     86.294  36.237533     35.733      7.565   211.4587     4.4885     1.1185     0.0241     -0.013      0.103      0.151         37 2.0083e+02 0.0000e+00
      0.125    25.7165     7.0978     86.997  36.215934     35.679      7.570   211.4587     4.4480     1.0111     0.0241     -0.009      0.123      0.179         38 2.6179e+02 0.0000e+00
      0.151    25.7091     7.1440     87.574  36.089666     35.602      7.574   212.5944     4.4359     0.9036     0.0241      0.001      0.144      0.208         39 2.8457e+02 0.0000e+00
      0.167    25.6353     7.1637     87.821  35.920140     35.381      7.566   212.9351     4.4683     1.1856     0.0240      0.016      0.147      0.213         40 3.0626e+02 0.0000e+00
      0.129    25.5747     7.1830     88.044  35.893057     35.410      7.577   212.2158     4.4723     1.0379     0.0240      0.021      0.119      0.173         41 3.3873e+02 0.0000e+00
      0.067    25.5885     7.2130     88.323  36.093722     35.603      7.607   212.9351     4.5855     1.1453     0.0241      0.007      0.076      0.111         42 3.5222e+02 0.0000e+00
      0.043    25.6260     7.2460     88.583  36.144977     35.783      7.632   213.9194     4.5977     1.0648     0.0241     -0.013      0.050      0.073         43 3.7293e+02 0.0000e+00
      0.044    25.6571     7.2811     88.901  35.947928     35.470      7.652   212.8594     4.5774     0.9842     0.0240     -0.033      0.041      0.059         44 3.4374e+02 0.0000e+00
      0.036    25.6828     7.3158     89.272  36.072019     35.663      7.667   212.3672     4.5896     1.0379     0.0241     -0.054      0.031      0.045         45 3.4291e+02 0.0000e+00
      0.016    25.6923     7.3307     89.430  36.079506     35.587      7.672   212.2537     4.3429     1.0648     0.0241     -0.073      0.010      0.014         46 4.0215e+02 0.0000e+00
     -0.024    25.6876     7.3166     89.256  35.938593     35.457      7.676   212.1779     4.3267     1.0782     0.0240     -0.089     -0.022     -0.032         47 4.0322e+02 0.0000e+00
     -0.058    25.6878     7.2750     88.744  36.069421     35.562      7.679   212.1401     4.3429     1.0379     0.0241     -0.096     -0.053     -0.077         48 3.9581e+02 0.0000e+00
     -0.083    25.6933     7.2146     87.967  36.242931     35.758      7.683   212.5187     4.3308     1.0782     0.0241     -0.090     -0.075     -0.109         49 3.9067e+02 0.0000e+00
     -0.092    25.6976     7.1415     87.061  36.315832     35.813      7.689   211.7994     4.1003     0.8902     0.0242     -0.083     -0.080     -0.116         50 3.9141e+02 0.0000e+00
     -0.067    25.6876     7.0550     86.036  36.245623     35.754      7.701   212.5944     4.0841     0.9305     0.0241     -0.076     -0.068     -0.099         51 3.8045e+02 0.0000e+00
     -0.053    25.6330     6.9473     84.749  36.063376     35.558      7.703   212.2915     4.0801     0.9305     0.0241     -0.063     -0.055     -0.081         52 4.0860e+02 0.0000e+00
     -0.051    25.5456     6.8623     83.700  36.008782     35.509      7.710   212.4429     4.0598     0.8902     0.0240     -0.044     -0.054     -0.078         53 3.9107e+02 0.0000e+00
     -0.062    25.4775     6.8129     83.018  36.046646     35.603      7.722   212.3672     4.0477     0.8097     0.0241     -0.024     -0.059     -0.086         54 4.2081e+02 0.0000e+00
     -0.067    25.4444     6.8016     82.806  36.016280     35.610      7.730   213.4272     4.0760     0.8768     0.0240     -0.005     -0.060     -0.087         55 3.6244e+02 0.0000e+00
     -0.052    25.4303     6.7935     82.676  36.046611     35.714      7.738   213.6922     4.0922     0.8768     0.0241      0.009     -0.051     -0.074         56 2.0572e+02 0.0000e+00
     -0.036    25.4292     6.7816     82.534  36.008933     35.681      7.739   214.3737     4.1084     0.7828     0.0241      0.019     -0.040     -0.058         57 4.1667e+02 0.0000e+00
     -0.035    25.4247     6.7630     82.307  35.944554     35.636      7.744   214.6387     4.0841     0.8365     0.0240      0.020     -0.038     -0.055         58 5.0237e+02 0.0000e+00
     -0.046    25.4015     6.7308     81.911  35.948788     35.637      7.739   214.4872     4.1852     1.1051     0.0240      0.011     -0.045     -0.064         59 4.1790e+02 0.0000e+00
     -0.055    25.3924     6.6840     81.327  35.944352     35.639      7.740   214.5630     4.2256     1.2528     0.0240      0.006     -0.051     -0.073         60 4.6724e+02 0.0000e+00
     -0.054    25.4098     6.6236     80.579  35.950079     35.656      7.744   214.4872     4.2297     1.0648     0.0240      0.004     -0.050     -0.072         61 5.0219e+02 0.0000e+00
     -0.043    25.4282     6.5528     79.728  35.941667     35.663      7.747   214.7901     4.1973     1.0782     0.0240      0.006     -0.043     -0.062         62 5.0917e+02 0.0000e+00
     -0.034    25.4178     6.4923     79.038  35.895506     35.594      7.751   214.7144     4.1933     0.8365     0.0240      0.007     -0.038     -0.056         63 5.0391e+02 0.0000e+00
     -0.042    25.3685     6.4728     78.739  35.859229     35.554      7.750   215.3580     4.1933     0.9439     0.0240      0.002     -0.043     -0.063         64 5.1121e+02 0.0000e+00
     -0.058    25.3183     6.4866     78.794  35.838516     35.532      7.749   214.9037     4.2054     0.8231     0.0240     -0.005     -0.053     -0.077         65 5.1240e+02 0.0000e+00
     -0.062    25.2982     6.5417     79.403  35.832314     35.569      7.745   215.2822     4.1973     0.8768     0.0240     -0.006     -0.058     -0.084         66 5.1608e+02 0.0000e+00
     -0.057    25.2984     6.6267     80.429  35.777994     35.548      7.747   215.7365     4.0720     1.0245     0.0240     -0.005     -0.056     -0.082         67 5.1587e+02 0.0000e+00
     -0.052    25.2997     6.7248     81.645  35.787506     35.563      7.743   216.0772     4.0558     1.0111     0.0240     -0.004     -0.054     -0.078         68 5.1636e+02 0.0000e+00
     -0.055    25.2948     6.7983     82.581  35.790829     35.590      7.745   215.6987     4.0801     0.9976     0.0240     -0.006     -0.056     -0.081         69 5.1560e+02 0.0000e+00
     -0.062    25.2873     6.8363     83.078  35.744203     35.507      7.747   215.9258     4.0801     1.0648     0.0239     -0.010     -0.063     -0.091         70 5.1729e+02 0.0000e+00
     -0.076    25.2770     6.8479     83.178  35.756556     35.564      7.752   215.8880     4.0194     1.1185     0.0240     -0.014     -0.072     -0.105         71 5.1830e+02 0.0000e+00
     -0.083    25.2877     6.8231     82.839  35.745799     35.515      7.753   215.6987     4.0235     0.9976     0.0239     -0.014     -0.073     -0.106         72 5.1840e+02 0.0000e+00
     -0.061    25.3130     6.7646     82.121  35.757595     35.577      7.758   215.8501     4.0032     0.9842     0.0240     -0.008     -0.062     -0.090         73 5.1849e+02 0.0000e+00
     -0.048    25.2744     6.6875     81.171  35.741880     35.516      7.753   216.4180     4.0396     1.1185     0.0239     -0.003     -0.054     -0.078         74 5.1700e+02 0.0000e+00
     -0.057    25.1967     6.5934     80.017  35.735694     35.522      7.758   216.3422     4.0235     1.0648     0.0240     -0.001     -0.059     -0.085         75 5.1561e+02 0.0000e+00
     -0.075    25.1553     6.5056     78.948  35.735633     35.524      7.761   216.4558     4.0639     0.8365     0.0239     -0.004     -0.071     -0.102         76 5.1416e+02 0.0000e+00
     -0.083    25.1518     6.4178     77.881  35.712315     35.579      7.769   216.6072     4.0841     0.7962     0.0239     -0.005     -0.076     -0.110         77 5.1274e+02 0.0000e+00
     -0.075    25.1679     6.3510     77.074  35.735083     35.609      7.775   216.9101     4.0720     0.7828     0.0239     -0.003     -0.072     -0.105         78 5.1119e+02 0.0000e+00
     -0.064    25.1979     6.2921     76.361  35.707317     35.611      7.776   217.4022     4.1084     0.8231     0.0239      0.000     -0.065     -0.094         79 5.0993e+02 0.0000e+00
     -0.060    25.2174     6.2328     75.642  35.657899     35.516      7.775   217.8187     4.1326     1.0648     0.0239      0.000     -0.062     -0.089         80 5.0877e+02 0.0000e+00
     -0.065    25.1937     6.1825     75.029  35.677945     35.551      7.773   218.1215     4.1569     0.9976     0.0239     -0.004     -0.065     -0.093         81 5.0724e+02 0.0000e+00
     -0.071    25.1684     6.1391     74.503  35.652700     35.479      7.776   217.8944     4.1326     1.0514     0.0239     -0.004     -0.068     -0.098         82 5.0621e+02 0.0000e+00
     -0.070    25.1626     6.1027     74.062  35.629993     35.498      7.781   217.4022     4.1286     0.9976     0.0239      0.001     -0.068     -0.098         83 5.0454e+02 0.0000e+00
     -0.065    25.1534     6.0619     73.566  35.646895     35.516      7.779   217.8944     4.1448     1.0916     0.0239      0.006     -0.065     -0.095         84 5.0360e+02 0.0000e+00
     -0.065    25.1459     6.0227     73.084  35.631677     35.519      7.779   218.3865     4.1488     1.0379     0.0239      0.005     -0.064     -0.093         85 5.0205e+02 0.0000e+00
