Data/DataNotYetUploadedToEDI/Raw_CTD/RawDownloads/082018_fcr10.cnv
* Sea-Bird SBE19plus  Data File:
* FileName = C:\DATA\082018_fcr_0002.hex
* Software version 2.6.3.104
* Temperature SN = 7809
* Conductivity SN = 7809
* System UpLoad Time = Aug 20 2018 17:52:26
* <ApplicationData>
* <Seaterm232>
# nquan = 17
# nvalues = 600                         
# units = specified
# name 0 = depFM: Depth [fresh water, m]
# name 1 = tv290C: Temperature [ITS-90, deg C]
# name 2 = sbeox0Mg/L: Oxygen, SBE 43 [mg/l]
# name 3 = sbeox0PS: Oxygen, SBE 43 [% saturation]
# name 4 = c0uS/cm: Conductivity [uS/cm]
# name 5 = specc: Specific Conductance [uS/cm]
# name 6 = ph: pH
# name 7 = orp: Oxidation Reduction Potential [mV]
# name 8 = flECO-AFL: Fluorescence, WET Labs ECO-AFL/FL [mg/m^3]
# name 9 = turbWETntu0: Turbidity, WET Labs ECO [NTU]
# name 10 = sal00: Salinity, Practical [PSU]
# name 11 = dz/dtM: Descent Rate [m/s]
# name 12 = prdM: Pressure, Strain Gauge [db]
# name 13 = prdE: Pressure, Strain Gauge [psi]
# name 14 = scan: Scan Count
# name 15 = par/sat/log: PAR/Logarithmic, Satlantic
# name 16 = flag:  0.000e+00
# span 0 =     -0.549,      2.729       
# span 1 =    22.3580,    25.8418       
# span 2 =     0.1561,     9.0243       
# span 3 =      1.802,    110.865       
# span 4 =   0.312840,  93.936604       
# span 5 =      0.587,     99.683       
# span 6 =      6.406,      8.047       
# span 7 =    23.0810,   273.9610       
# span 8 =    -0.1981,    11.0756       
# span 9 =    -0.3049,    22.0527       
# span 10 =     0.0112,     0.0510      
# span 11 =     -0.094,      0.288      
# span 12 =     -0.538,      2.674      
# span 13 =     -0.780,      3.879      
# span 14 =          1,        600      
# span 15 = 3.0883e+00, 3.9313e+02      
# span 16 = 0.0000e+00, 0.0000e+00      
# interval = seconds: 0.25
# start_time = Aug 20 2018 15:56:59 [Instrument's time stamp, header]
# bad_flag = -9.990e-29
*END*
[from data line 426]
      0.295    25.7220     8.3091    101.820  36.595634     36.048      7.582   248.7481     5.3255     1.3333     0.0243      0.096      0.287      0.417        427 1.4441e+02 0.0000e+00
      0.312    25.7157     8.2702    101.338  36.581988     36.057      7.584   249.0509     5.2608     1.2796     0.0243      0.097      0.305      0.443        428 1.4272e+02 0.0000e+00
      0.326    25.7126     8.2121    100.625  36.541197     36.009      7.587   249.2023     5.2770     1.2931     0.0243      0.096      0.323      0.469        429 1.3966e+02 0.0000e+00
      0.351    25.7094     8.1524     99.891  36.557428     36.041      7.593   249.8081     5.2891     1.2662     0.0243      0.095      0.347      0.503        430 1.3336e+02 0.0000e+00
      0.384    25.7053     8.0743     98.932  36.591449     36.071      7.598   250.5652     5.2649     1.3468     0.0243      0.095      0.376      0.544        431 1.2793e+02 0.0000e+00
      0.412    25.7007     7.9973     97.986  36.528517     36.018      7.606   251.8902     5.4226     1.3333     0.0243      0.093      0.403      0.584        432 1.2411e+02 0.0000e+00
      0.436    25.6939     7.9295     97.154  36.546770     36.021      7.614   252.4202     5.3740     1.1856     0.0243      0.092      0.427      0.619        433 1.2072e+02 0.0000e+00
      0.458    25.6869     7.8774     96.513  36.717033     36.217      7.613   253.0638     5.3862     1.2931     0.0243      0.093      0.448      0.649        434 1.1771e+02 0.0000e+00
      0.476    25.6813     7.8239     95.855  36.731860     36.222      7.612   253.3666     5.3740     1.1319     0.0243      0.094      0.465      0.675        435 1.1498e+02 0.0000e+00
      0.490    25.6770     7.7795     95.307  36.676617     36.172      7.613   253.8588     5.4751     1.3065     0.0243      0.093      0.480      0.696        436 1.1282e+02 0.0000e+00
      0.503    25.6738     7.7486     94.924  36.726467     36.231      7.616   254.1995     5.4792     1.3199     0.0243      0.088      0.493      0.715        437 1.1130e+02 0.0000e+00
      0.514    25.6716     7.7380     94.790  36.729144     36.234      7.614   254.2752     5.4266     1.2125     0.0243      0.079      0.505      0.732        438 1.0937e+02 0.0000e+00
      0.526    25.6706     7.7545     94.988  36.673288     36.181      7.611   254.7674     5.4953     1.2931     0.0243      0.068      0.517      0.750        439 1.0856e+02 0.0000e+00
      0.541    25.6695     7.7873     95.387  36.677345     36.183      7.614   254.6916     5.4589     1.2931     0.0243      0.061      0.534      0.774        440 1.0685e+02 0.0000e+00
      0.565    25.6681     7.8183     95.765  36.724097     36.239      7.617   254.9188     5.5358     1.2662     0.0243      0.058      0.557      0.807        441 1.0130e+02 0.0000e+00
      0.598    25.6670     7.8470     96.115  36.733743     36.240      7.617   255.5624     5.5317     1.1856     0.0243      0.062      0.583      0.846        442 9.7114e+01 0.0000e+00
      0.622    25.6659     7.8758     96.466  36.724660     36.241      7.616   256.0545     5.5236     1.2125     0.0243      0.069      0.608      0.881        443 9.5526e+01 0.0000e+00
      0.639    25.6648     7.8890     96.628  36.676084     36.186      7.611   256.2059     5.5277     1.2125     0.0243      0.076      0.628      0.911        444 9.3355e+01 0.0000e+00
      0.661    25.6631     7.8917     96.661  36.586581     36.104      7.607   256.7738     5.3296     1.2528     0.0243      0.082      0.651      0.943        445 8.9648e+01 0.0000e+00
      0.689    25.6607     7.8815     96.532  36.598771     36.105      7.600   257.5309     5.3336     1.2796     0.0243      0.089      0.676      0.981        446 8.6197e+01 0.0000e+00
      0.719    25.6583     7.8745     96.441  36.660914     36.189      7.591   258.2502     5.3296     1.3199     0.0243      0.095      0.703      1.020        447 8.3475e+01 0.0000e+00
      0.743    25.6556     7.8711     96.394  36.598225     36.108      7.585   258.2881     5.3417     1.3065     0.0243      0.098      0.726      1.052        448 8.1709e+01 0.0000e+00
      0.757    25.6532     7.8758     96.447  36.587811     36.110      7.583   258.3638     5.2810     1.2662     0.0243      0.095      0.741      1.074        449 8.1235e+01 0.0000e+00
      0.766    25.6517     7.8956     96.682  36.584897     36.112      7.577   258.6667     5.2649     1.2796     0.0243      0.088      0.752      1.090        450 8.0345e+01 0.0000e+00
      0.778    25.6508     7.9192     96.964  36.601852     36.113      7.574   258.9695     5.2810     1.2662     0.0243      0.082      0.764      1.108        451 7.9029e+01 0.0000e+00
      0.793    25.6500     7.9490     97.323  36.655691     36.197      7.576   259.1209     5.2891     1.2125     0.0243      0.076      0.777      1.128        452 7.7786e+01 0.0000e+00
      0.808    25.6495     7.9890     97.810  36.606875     36.115      7.575   259.3102     5.4428     1.2931     0.0243      0.068      0.791      1.148        453 7.6501e+01 0.0000e+00
      0.820    25.6492     8.0386     98.413  36.573626     36.116      7.573   259.6131     5.4347     1.2931     0.0243      0.060      0.804      1.166        454 7.5287e+01 0.0000e+00
      0.832    25.6488     8.0937     99.082  36.548774     36.061      7.573   259.7645     5.4711     1.3065     0.0243      0.053      0.817      1.185        455 7.3770e+01 0.0000e+00
      0.847    25.6472     8.1616     99.910  36.519167     36.061      7.569   260.1431     5.4873     1.3199     0.0243      0.051      0.832      1.206        456 7.2194e+01 0.0000e+00
      0.865    25.6439     8.2218    100.642  36.551152     36.061      7.564   259.9917     5.4549     1.2259     0.0243      0.053      0.852      1.236        457 6.9819e+01 0.0000e+00
      0.897    25.6408     8.2479    100.960  36.538627     36.090      7.554   260.4459     5.4509     1.4945     0.0243      0.060      0.880      1.276        458 6.6510e+01 0.0000e+00
      0.931    25.6381     8.2573    101.072  36.505096     36.010      7.547   261.0895     5.4670     1.4676     0.0242      0.070      0.909      1.318        459 6.4533e+01 0.0000e+00
      0.953    25.6344     8.2659    101.177  36.563225     36.122      7.541   260.7488     5.4711     1.4676     0.0243      0.078      0.933      1.353        460 6.3064e+01 0.0000e+00
      0.972    25.6301     8.2461    100.930  36.495948     36.014      7.539   261.3167     5.4792     1.4810     0.0242      0.085      0.953      1.382        461 6.1186e+01 0.0000e+00
      0.990    25.6271     8.2255    100.676  36.470186     36.016      7.537   260.8245     5.4266     1.4408     0.0242      0.090      0.971      1.408        462 5.9896e+01 0.0000e+00
      1.007    25.6252     8.2188    100.590  36.506311     36.047      7.536   261.7709     5.4630     1.4408     0.0242      0.092      0.988      1.432        463 5.8558e+01 0.0000e+00
      1.023    25.6228     8.1947    100.285  36.480653     36.022      7.541   261.8088     5.4589     1.4676     0.0242      0.089      1.004      1.456        464 5.7397e+01 0.0000e+00
      1.039    25.6201     8.1559     99.800  36.472459     36.023      7.544   261.7331     5.4428     1.4945     0.0242      0.083      1.021      1.480        465 5.6094e+01 0.0000e+00
      1.060    25.6177     8.1299     99.472  36.486851     36.025      7.549   261.6574     5.6005     1.4273     0.0242      0.075      1.041      1.510        466 5.4230e+01 0.0000e+00
      1.088    25.6156     8.1070     99.182  36.462745     36.027      7.541   262.4524     5.5762     1.4273     0.0242      0.073      1.063      1.542        467 5.3117e+01 0.0000e+00
      1.103    25.6141     8.0808     98.854  36.443141     35.973      7.535   262.0359     5.5843     1.4676     0.0242      0.073      1.079      1.566        468 5.2736e+01 0.0000e+00
      1.111    25.6133     8.0430     98.385  36.540907     36.113      7.535   262.1117     5.5600     1.5348     0.0243      0.071      1.090      1.581        469 5.2335e+01 0.0000e+00
      1.121    25.6123     7.9982     97.835  36.548692     36.086      7.538   261.8845     5.8957     1.5750     0.0243      0.068      1.101      1.597        470 5.1467e+01 0.0000e+00
      1.135    25.6105     7.9597     97.363  36.463113     36.031      7.542   262.5659     5.8957     1.5616     0.0242      0.065      1.117      1.620        471 5.0221e+01 0.0000e+00
      1.161    25.6092     7.9323     97.029  36.499114     36.032      7.549   262.2252     5.8916     1.4408     0.0242      0.064      1.141      1.655        472 4.8543e+01 0.0000e+00
      1.194    25.6068     7.9190     96.867  36.503891     36.089      7.552   262.8688     5.8876     1.5482     0.0243      0.068      1.170      1.698        473 4.6729e+01 0.0000e+00
      1.225    25.6019     7.9214     96.896  36.516488     36.034      7.549   263.2474     5.9482     1.5348     0.0242      0.073      1.198      1.739        474 4.5405e+01 0.0000e+00
      1.248    25.5960     7.9258     96.947  36.631735     36.229      7.552   263.2474     5.9563     1.4945     0.0243      0.079      1.223      1.774        475 4.4302e+01 0.0000e+00
      1.269    25.5905     7.9410     97.128  36.508766     36.039      7.549   263.5124     5.9684     1.4945     0.0242      0.088      1.243      1.802        476 4.3530e+01 0.0000e+00
      1.284    25.5853     7.9382     97.089  36.461909     36.044      7.549   263.5124     5.9401     1.4408     0.0242      0.093      1.259      1.825        477 4.2887e+01 0.0000e+00
      1.298    25.5805     7.9337     97.028  36.482434     36.048      7.548   263.7395     6.2879     1.5482     0.0242      0.093      1.272      1.845        478 4.2319e+01 0.0000e+00
      1.310    25.5776     7.9370     97.064  36.483224     36.051      7.551   263.5881     6.2717     1.5348     0.0242      0.087      1.285      1.864        479 4.1574e+01 0.0000e+00
      1.323    25.5762     7.9391     97.085  36.549907     36.138      7.555   263.5881     6.2677     1.4139     0.0243      0.077      1.298      1.882        480 4.0782e+01 0.0000e+00
      1.337    25.5758     7.9307     96.977  36.488429     36.057      7.550   263.3610     6.3122     1.3871     0.0242      0.067      1.308      1.897        481 4.0557e+01 0.0000e+00
      1.339    25.5763     7.9211     96.854  36.470757     36.058      7.541   263.3610     6.2879     1.4676     0.0242      0.056      1.312      1.903        482 4.0576e+01 0.0000e+00
      1.337    25.5766     7.9306     96.965  36.482923     36.058      7.545   263.6260     6.1019     1.2662     0.0242      0.046      1.313      1.904        483 4.0870e+01 0.0000e+00
      1.338    25.5765     7.9606     97.327  36.473289     36.058      7.545   263.8531     6.0655     1.3065     0.0242      0.036      1.319      1.912        484 4.0147e+01 0.0000e+00
      1.359    25.5749     7.9950     97.750  36.482747     36.058      7.547   263.7774     6.0857     1.2796     0.0242      0.032      1.336      1.937        485 3.8760e+01 0.0000e+00
      1.389    25.5721     8.0087     97.914  36.500811     36.085      7.548   264.2317     6.1140     1.3333     0.0243      0.035      1.358      1.970        486 3.8050e+01 0.0000e+00
      1.404    25.5693     8.0112     97.935  36.480467     36.059      7.544   263.6260     6.0291     1.4810     0.0242      0.040      1.375      1.995        487 3.7633e+01 0.0000e+00
      1.415    25.5666     8.0018     97.809  36.478407     36.061      7.546   263.8531     6.0291     1.4945     0.0242      0.045      1.390      2.016        488 3.7018e+01 0.0000e+00
      1.434    25.5637     7.9887     97.642  36.473719     36.063      7.548   263.7774     6.0251     1.5616     0.0242      0.052      1.407      2.040        489 3.6075e+01 0.0000e+00
      1.455    25.5609     7.9749     97.472  36.486304     36.065      7.545   264.1181     6.0331     1.4139     0.0242      0.062      1.426      2.068        490 3.5448e+01 0.0000e+00
      1.472    25.5583     7.9509     97.179  36.551724     36.150      7.542   264.1938     5.9684     1.5885     0.0243      0.070      1.444      2.094        491 3.4856e+01 0.0000e+00
      1.489    25.5552     7.9054     96.624  36.540602     36.124      7.543   264.3074     5.9563     1.5482     0.0243      0.072      1.460      2.116        492 3.4274e+01 0.0000e+00
      1.502    25.5517     7.8624     96.098  36.529805     36.126      7.541   264.1560     5.9725     1.5750     0.0243      0.069      1.472      2.134        493 3.4084e+01 0.0000e+00
      1.511    25.5497     7.8048     95.390  36.535501     36.128      7.540   264.5345     5.9846     1.4408     0.0243      0.063      1.481      2.148        494 3.3733e+01 0.0000e+00
      1.520    25.5505     7.7539     94.767  36.533515     36.130      7.539   264.5724     6.2677     1.2796     0.0243      0.060      1.491      2.163        495 3.3305e+01 0.0000e+00
      1.531    25.5489     7.7221     94.375  36.532280     36.132      7.542   264.2695     6.2717     1.2931     0.0243      0.057      1.502      2.179        496 3.2991e+01 0.0000e+00
      1.545    25.5431     7.7241     94.390  36.507380     36.104      7.545   264.4967     6.2596     1.3333     0.0243      0.052      1.515      2.198        497 3.2482e+01 0.0000e+00
      1.559    25.5369     7.7300     94.459  36.475524     36.077      7.548   264.3452     6.2839     1.3736     0.0242      0.048      1.528      2.217        498 3.2133e+01 0.0000e+00
      1.571    25.5333     7.7233     94.378  36.482949     36.081      7.545   264.7617     6.4820     1.4542     0.0242      0.046      1.540      2.233        499 3.1883e+01 0.0000e+00
      1.580    25.5325     7.7099     94.211  36.527803     36.141      7.550   264.7238     6.4496     1.4676     0.0243      0.045      1.550      2.247        500 3.1516e+01 0.0000e+00
      1.590    25.5328     7.7020     94.102  36.479025     36.088      7.551   264.8374     6.4577     1.4542     0.0242      0.045      1.560      2.262        501 3.1165e+01 0.0000e+00
      1.601    25.5331     7.6861     93.885  36.484335     36.089      7.553   264.7238     6.4537     1.5079     0.0242      0.045      1.571      2.278        502 3.0716e+01 0.0000e+00
      1.615    25.5324     7.6563     93.494  36.550853     36.172      7.553   264.5724     6.4416     1.4139     0.0243      0.045      1.584      2.297        503 3.0286e+01 0.0000e+00
      1.628    25.5308     7.6264     93.102  36.485222     36.089      7.553   264.6102     6.6680     1.4810     0.0242      0.046      1.597      2.316        504 2.9939e+01 0.0000e+00
      1.641    25.5303     7.5847     92.563  36.477035     36.089      7.555   264.8374     6.6923     1.4408     0.0242      0.046      1.609      2.334        505 2.9569e+01 0.0000e+00
      1.653    25.5280     7.5122     91.637  36.472065     36.090      7.554   264.4967     6.6720     1.4408     0.0242      0.046      1.622      2.353        506 2.9250e+01 0.0000e+00
      1.667    25.5230     7.3704     89.862  36.550727     36.146      7.555   264.5345     6.6599     1.4945     0.0243      0.048      1.637      2.374        507 2.8790e+01 0.0000e+00
      1.686    25.5211     7.1582     87.217  36.646076     36.286      7.557   264.7617     6.2232     1.5885     0.0243      0.052      1.655      2.400        508 2.8147e+01 0.0000e+00
      1.709    25.5216     6.9120     84.159  36.561019     36.151      7.555   264.6860     6.2151     1.5348     0.0243      0.056      1.675      2.430        509 2.7544e+01 0.0000e+00
      1.729    25.5196     6.6659     81.105  36.567603     36.208      7.550   265.5567     6.2192     1.4542     0.0243      0.061      1.695      2.458        510 2.7113e+01 0.0000e+00
