Data/DataNotYetUploadedToEDI/Raw_CTD/RawDownloads/082018_fcr30.cnv
* Sea-Bird SBE19plus  Data File:
* FileName = C:\DATA\082018_fcr_0004.hex
* Software version 2.6.3.104
* Temperature SN = 7809
* Conductivity SN = 7809
* System UpLoad Time = Aug 20 2018 17:53:13
* <ApplicationData>
* <Seaterm232>
# nquan = 17
# nvalues = 732                         
# units = specified
# name 0 = depFM: Depth [fresh water, m]
# name 1 = tv290C: Temperature [ITS-90, deg C]
# name 2 = sbeox0Mg/L: Oxygen, SBE 43 [mg/l]
# name 3 = sbeox0PS: Oxygen, SBE 43 [% saturation]
# name 4 = c0uS/cm: Conductivity [uS/cm]
# name 5 = specc: Specific Conductance [uS/cm]
# name 6 = ph: pH
# name 7 = orp: Oxidation Reduction Potential [mV]
# name 8 = flECO-AFL: Fluorescence, WET Labs ECO-AFL/FL [mg/m^3]
# name 9 = turbWETntu0: Turbidity, WET Labs ECO [NTU]
# name 10 = sal00: Salinity, Practical [PSU]
# name 11 = dz/dtM: Descent Rate [m/s]
# name 12 = prdM: Pressure, Strain Gauge [db]
# name 13 = prdE: Pressure, Strain Gauge [psi]
# name 14 = scan: Scan Count
# name 15 = par/sat/log: PAR/Logarithmic, Satlantic
# name 16 = flag:  0.000e+00
# span 0 =     -0.547,      5.412       
# span 1 =    12.2864,    25.9205       
# span 2 =     0.0866,     8.5217       
# span 3 =      0.901,    104.472       
# span 4 =  -0.180928,  72.304100       
# span 5 =      0.533,     94.830       
# span 6 =      6.202,      8.087       
# span 7 =   161.5249,   268.4717       
# span 8 =    -0.2021,    10.9785       
# span 9 =    -0.1169,    27.9072       
# span 10 =     0.0111,     0.0461      
# span 11 =     -0.088,      0.256      
# span 12 =     -0.536,      5.307      
# span 13 =     -0.777,      7.698      
# span 14 =          1,        732      
# span 15 = 2.1505e-01, 3.5806e+02      
# span 16 = 0.0000e+00, 0.0000e+00      
# interval = seconds: 0.25
# start_time = Aug 20 2018 16:33:19 [Instrument's time stamp, header]
# bad_flag = -9.990e-29
*END*
[from data line 171]
     -0.096    24.9190     5.0697     61.839  35.589980     35.636      7.978   199.5336     3.9062     0.9439     0.0239      0.001     -0.094     -0.137        172 3.4138e+02 0.0000e+00
     -0.097    24.9183     5.6861     69.631  35.575554     35.637      7.975   199.5715     3.9264     0.9976     0.0239      0.000     -0.095     -0.138        173 3.4103e+02 0.0000e+00
     -0.098    24.9176     6.3980     78.497  35.535361     35.581      7.971   199.6093     3.8900     0.8365     0.0239     -0.000     -0.095     -0.138        174 3.4087e+02 0.0000e+00
     -0.097    24.9166     7.0862     87.009  35.521368     35.581      7.972   199.9501     3.8860     0.7559     0.0239     -0.000     -0.095     -0.138        175 3.4057e+02 0.0000e+00
     -0.096    24.9161     7.6466     93.932  35.533652     35.582      7.974   199.9122     3.9385     0.9171     0.0239     -0.000     -0.095     -0.138        176 3.4009e+02 0.0000e+00
     -0.097    24.9140     8.0437     98.847  35.520074     35.582      7.977   199.6851     3.9507     0.8768     0.0239     -0.000     -0.095     -0.138        177 3.3990e+02 0.0000e+00
     -0.096    24.9142     8.2889    101.877  35.478951     35.527      7.974   200.0258     3.9305     0.8902     0.0239     -0.000     -0.095     -0.137        178 3.3985e+02 0.0000e+00
     -0.096    24.9110     8.3433    102.554  35.525515     35.584      7.975   200.1772     3.9183     0.8499     0.0239     -0.000     -0.095     -0.137        179 3.3990e+02 0.0000e+00
     -0.096    24.9186     8.2387    101.276  35.521443     35.585      7.974   200.4801     3.9385     0.8499     0.0239      0.000     -0.095     -0.138        180 3.4014e+02 0.0000e+00
     -0.097    25.0949     8.0203     98.593  35.602650     35.642      7.975   200.5936     3.8738     0.8634     0.0239      0.000     -0.095     -0.138        181 3.3994e+02 0.0000e+00
     -0.097    25.4162     7.7895     95.761  36.106589     36.171      7.971   200.2908     3.8860     0.8365     0.0241      0.000     -0.095     -0.138        182 3.3945e+02 0.0000e+00
     -0.096    25.6384     7.5927     93.347  36.466165     36.409      7.972   200.4043     3.8900     0.8365     0.0243      0.000     -0.094     -0.137        183 3.3942e+02 0.0000e+00
     -0.095    25.7389     7.4806     91.977  36.430392     36.113      7.970   200.8208     3.8698     0.8365     0.0242      0.000     -0.094     -0.137        184 3.3966e+02 0.0000e+00
     -0.096    25.7853     7.4390     91.472  36.388244     35.931      7.973   200.9722     3.8132     0.8097     0.0242      0.000     -0.094     -0.137        185 3.3985e+02 0.0000e+00
     -0.097    25.8090     7.4530     91.646  36.370214     35.830      7.974   201.0101     3.8132     0.9036     0.0242     -0.000     -0.095     -0.138        186 3.3952e+02 0.0000e+00
     -0.098    25.8297     7.5222     92.497  36.363795     35.800      7.975   201.2372     3.8294     0.8499     0.0242     -0.000     -0.095     -0.138        187 3.3986e+02 0.0000e+00
     -0.098    25.8385     7.5958     93.403  36.366547     35.782      7.976   201.1615     3.8132     0.8097     0.0242     -0.001     -0.095     -0.138        188 3.3988e+02 0.0000e+00
     -0.096    25.8435     7.6812     94.456  36.366774     35.768      7.978   201.2372     3.7404     0.8768     0.0242     -0.000     -0.095     -0.138        189 3.3916e+02 0.0000e+00
     -0.097    25.8468     7.7480     95.277  36.393161     35.789      7.977   201.0858     3.7444     0.7962     0.0242     -0.001     -0.095     -0.138        190 3.3982e+02 0.0000e+00
     -0.097    25.8483     7.7840     95.719  36.363363     35.758      7.981   201.3508     3.7566     0.8902     0.0242     -0.000     -0.095     -0.138        191 3.3947e+02 0.0000e+00
     -0.098    25.8507     7.7816     95.688  36.374197     35.756      7.983   202.0322     3.7768     0.8365     0.0242     -0.001     -0.096     -0.139        192 3.3913e+02 0.0000e+00
     -0.098    25.8546     7.7651     95.486  36.409336     35.810      7.984   202.0701     3.7283     0.8231     0.0242     -0.000     -0.096     -0.139        193 3.3913e+02 0.0000e+00
     -0.097    25.8591     7.7377     95.153  36.378949     35.753      7.987   202.0322     3.7364     0.9574     0.0242      0.000     -0.096     -0.139        194 3.3845e+02 0.0000e+00
     -0.097    25.8626     7.7064     94.773  36.412011     35.806      7.990   202.4865     3.7485     0.8634     0.0242      0.000     -0.096     -0.139        195 3.3857e+02 0.0000e+00
     -0.098    25.8641     7.6999     94.697  36.397848     35.775      7.987   202.9029     3.7606     0.8902     0.0242     -0.000     -0.096     -0.139        196 3.3819e+02 0.0000e+00
     -0.097    25.8637     7.7083     94.805  36.366913     35.745      7.988   202.8272     3.9749     0.8231     0.0242     -0.000     -0.096     -0.139        197 3.3774e+02 0.0000e+00
     -0.097    25.8645     7.7302     95.077  36.361531     35.744      7.987   203.1301     3.9345     0.8499     0.0242     -0.000     -0.096     -0.139        198 3.3689e+02 0.0000e+00
     -0.098    25.8664     7.7731     95.608  36.374887     35.744      7.986   202.9408     3.9466     0.8365     0.0242     -0.000     -0.096     -0.138        199 3.3693e+02 0.0000e+00
     -0.096    25.8663     7.7939     95.864  36.409611     35.799      7.986   202.9408     3.9709     0.8365     0.0242      0.000     -0.095     -0.138        200 3.3737e+02 0.0000e+00
     -0.097    25.8659     7.8081     96.041  36.407295     35.770      7.984   202.9408     4.0113     0.8634     0.0242      0.000     -0.095     -0.138        201 3.3703e+02 0.0000e+00
     -0.098    25.8652     7.8122     96.091  36.407427     35.797      7.980   203.2815     3.9992     0.7962     0.0242      0.000     -0.096     -0.139        202 3.3688e+02 0.0000e+00
     -0.097    25.8653     7.8093     96.055  36.379787     35.742      7.976   203.6601     3.9951     0.8365     0.0242      0.000     -0.096     -0.139        203 3.3671e+02 0.0000e+00
     -0.097    25.8673     7.8105     96.073  36.412033     35.798      7.974   203.3572     4.0032     0.8231     0.0242      0.000     -0.095     -0.138        204 3.3693e+02 0.0000e+00
     -0.097    25.8701     7.8146     96.124  36.367298     35.743      7.970   203.4708     4.0194     0.9708     0.0242      0.000     -0.095     -0.138        205 3.3644e+02 0.0000e+00
     -0.097    25.8731     7.8185     96.171  36.376142     35.742      7.962   203.5086     4.0073     0.8231     0.0242      0.000     -0.095     -0.138        206 3.3584e+02 0.0000e+00
     -0.097    25.8754     7.8237     96.233  36.430685     35.822      7.950   203.7358     4.0113     0.8499     0.0242      0.000     -0.096     -0.139        207 3.3605e+02 0.0000e+00
     -0.098    25.8777     7.8457     96.503  36.388395     35.737      7.942   203.5465     3.9911     0.8634     0.0242     -0.000     -0.096     -0.139        208 3.3626e+02 0.0000e+00
     -0.098    25.8789     7.8630     96.718  36.399110     35.791      7.937   203.6222     4.0235     0.8499     0.0242     -0.000     -0.096     -0.139        209 3.3596e+02 0.0000e+00
     -0.098    25.8796     7.8727     96.839  36.387689     35.734      7.926   203.9629     4.0760     0.8902     0.0242     -0.000     -0.096     -0.139        210 3.3602e+02 0.0000e+00
     -0.097    25.8806     7.8791     96.922  36.402608     35.788      7.920   204.0386     4.0558     0.7828     0.0242     -0.000     -0.096     -0.139        211 3.3596e+02 0.0000e+00
     -0.097    25.8803     7.8888     97.040  36.380544     35.733      7.926   204.1522     4.0558     0.8902     0.0242     -0.000     -0.096     -0.139        212 3.3574e+02 0.0000e+00
     -0.097    25.8804     7.8933     97.095  36.385487     35.760      7.935   203.8115     4.0639     0.8097     0.0242     -0.000     -0.095     -0.138        213 3.3583e+02 0.0000e+00
     -0.097    25.8816     7.9034     97.222  36.426114     35.787      7.940   204.1144     4.0315     0.8634     0.0242      0.000     -0.095     -0.138        214 3.3570e+02 0.0000e+00
     -0.097    25.8823     7.9153     97.372  36.418961     35.787      7.943   204.0008     4.0032     0.8902     0.0242      0.000     -0.095     -0.138        215 3.3599e+02 0.0000e+00
     -0.097    25.8817     7.9424     97.708  36.424049     35.786      7.944   204.4551     4.0113     0.8499     0.0242      0.000     -0.096     -0.139        216 3.3570e+02 0.0000e+00
     -0.098    25.8807     7.9670     98.011  36.419784     35.786      7.939   204.0386     4.0113     0.8365     0.0242      0.000     -0.097     -0.140        217 3.3560e+02 0.0000e+00
     -0.099    25.8804     7.9699     98.044  36.453927     35.814      7.940   204.4172     4.0032     0.8902     0.0242     -0.001     -0.099     -0.142        218 3.3596e+02 0.0000e+00
     -0.104    25.8810     7.9675     98.014  36.470534     35.842      7.942   204.5686     4.0113     0.7828     0.0242     -0.002     -0.101     -0.146        219 3.3623e+02 0.0000e+00
     -0.104    25.8827     7.9650     97.981  36.428777     35.787      7.946   204.0765     4.0032     0.8634     0.0242     -0.004     -0.100     -0.145        220 3.3657e+02 0.0000e+00
     -0.097    25.8844     7.9672     98.008  36.416917     35.787      7.953   204.7201     3.9992     0.7828     0.0242     -0.002     -0.096     -0.139        221 3.3617e+02 0.0000e+00
     -0.091    25.8842     7.9745     98.096  36.425974     35.786      7.952   204.9851     4.0315     0.8499     0.0242      0.000     -0.093     -0.135        222 3.3573e+02 0.0000e+00
     -0.096    25.8841     7.9943     98.338  36.476822     35.839      7.956   204.7958     4.0639     0.8902     0.0242      0.001     -0.097     -0.139        223 3.3511e+02 0.0000e+00
     -0.106    25.8854     8.0146     98.586  36.501933     35.867      7.966   204.8715     4.0841     0.8365     0.0242     -0.000     -0.102     -0.147        224 3.3462e+02 0.0000e+00
     -0.107    25.8872     8.0155     98.593  36.424382     35.785      7.978   204.5686     4.1084     0.9439     0.0242     -0.002     -0.102     -0.148        225 3.3356e+02 0.0000e+00
     -0.099    25.8891     7.9982     98.381  36.425035     35.784      7.982   204.7958     4.0598     0.8365     0.0242     -0.001     -0.098     -0.143        226 3.3326e+02 0.0000e+00
     -0.095    25.8893     7.9589     97.896  36.471461     35.837      7.972   205.0986     3.9830     0.7962     0.0242      0.001     -0.095     -0.138        227 3.3398e+02 0.0000e+00
     -0.098    25.8881     7.9220     97.441  36.425925     35.781      7.945   204.6444     4.0154     0.8902     0.0242      0.000     -0.095     -0.138        228 3.3253e+02 0.0000e+00
     -0.098    25.8870     7.8779     96.898  36.422386     35.781      7.942   205.1365     4.0073     0.8902     0.0242     -0.001     -0.093     -0.136        229 3.3117e+02 0.0000e+00
     -0.090    25.8864     7.8483     96.532  36.446205     35.809      7.955   205.7044     3.9951     0.8902     0.0242      0.002     -0.088     -0.128        230 3.2978e+02 0.0000e+00
     -0.083    25.8862     7.8595     96.673  36.425941     35.783      7.960   205.9315     3.7364     0.8634     0.0242      0.008     -0.082     -0.120        231 3.2657e+02 0.0000e+00
     -0.081    25.8852     7.8944     97.103  36.477263     35.838      7.960   205.7044     3.7444     0.9842     0.0242      0.012     -0.079     -0.115        232 3.2502e+02 0.0000e+00
     -0.078    25.8846     7.9205     97.425  36.471312     35.838      7.961   205.7801     3.7444     0.9036     0.0242      0.013     -0.076     -0.110        233 3.2432e+02 0.0000e+00
     -0.073    25.8834     7.9464     97.745  36.433348     35.784      7.955   206.1965     3.7525     0.8499     0.0242      0.014     -0.075     -0.109        234 3.2584e+02 0.0000e+00
     -0.081    25.8811     7.9656     97.983  36.494851     35.867      7.952   205.6286     3.8132     0.8768     0.0242      0.012     -0.079     -0.115        235 3.2936e+02 0.0000e+00
     -0.089    25.8813     7.9628     97.950  36.483750     35.840      7.971   206.0451     3.8172     0.8768     0.0242      0.008     -0.083     -0.121        236 3.2952e+02 0.0000e+00
     -0.084    25.8810     7.9669     98.000  36.417504     35.787      7.984   206.3858     3.7970     0.8365     0.0242      0.004     -0.082     -0.119        237 3.2867e+02 0.0000e+00
     -0.078    25.8802     7.9694     98.031  36.428999     35.786      7.994   206.6886     3.8496     0.9574     0.0242      0.002     -0.077     -0.112        238 3.2696e+02 0.0000e+00
     -0.074    25.8794     7.9809     98.173  36.469446     35.842      7.995   206.7644     3.9709     0.8634     0.0242      0.001     -0.075     -0.109        239 3.2606e+02 0.0000e+00
     -0.079    25.8787     7.9981     98.384  36.485805     35.842      7.993   206.4236     3.9143     0.8097     0.0242      0.000     -0.078     -0.112        240 3.2758e+02 0.0000e+00
     -0.083    25.8800     8.0130     98.568  36.438299     35.815      7.996   206.4994     3.9385     0.7828     0.0242     -0.001     -0.081     -0.116        241 3.2694e+02 0.0000e+00
     -0.084    25.8806     8.0256     98.724  36.439590     35.789      8.002   206.4994     3.9345     0.7694     0.0242     -0.001     -0.082     -0.118        242 3.2626e+02 0.0000e+00
     -0.083    25.8812     8.0445     98.958  36.513858     35.897      8.006   206.6508     4.0032     0.8902     0.0243      0.000     -0.081     -0.117        243 3.2748e+02 0.0000e+00
     -0.080    25.8822     8.0642     99.200  36.494168     35.842      8.009   206.9158     4.0154     0.8365     0.0242      0.001     -0.079     -0.114        244 3.2679e+02 0.0000e+00
     -0.078    25.8828     8.0704     99.279  36.464093     35.842      8.007   207.1808     4.0113     0.8902     0.0242     -0.000     -0.079     -0.113        245 3.2567e+02 0.0000e+00
     -0.082    25.8836     8.0653     99.217  36.462309     35.813      8.007   206.9915     4.0154     0.8634     0.0242     -0.002     -0.080     -0.116        246 3.2616e+02 0.0000e+00
     -0.082    25.8840     8.0619     99.175  36.466730     35.840      8.005   207.4079     4.0073     0.8634     0.0242     -0.002     -0.081     -0.117        247 3.2640e+02 0.0000e+00
     -0.081    25.8840     8.0626     99.183  36.428932     35.785      8.000   207.5215     4.0032     0.8365     0.0242      0.000     -0.080     -0.115        248 3.2604e+02 0.0000e+00
     -0.079    25.8841     8.0630     99.185  36.420370     35.785      7.978   207.5594     4.0113     0.8365     0.0242      0.002     -0.078     -0.112        249 3.2586e+02 0.0000e+00
     -0.077    25.8839     8.0590     99.135  36.477385     35.840      7.970   207.7865     4.0235     0.8902     0.0242      0.002     -0.076     -0.110        250 3.2549e+02 0.0000e+00
     -0.076    25.8844     8.0545     99.081  36.476615     35.840      7.972   207.5215     3.9830     0.8634     0.0242      0.002     -0.076     -0.110        251 3.2529e+02 0.0000e+00
     -0.077    25.8851     8.0601     99.150  36.450988     35.812      7.973   207.8622     4.1488     0.8365     0.0242      0.002     -0.077     -0.111        252 3.2468e+02 0.0000e+00
     -0.079    25.8853     8.0676     99.244  36.479617     35.839      7.981   208.0894     4.1407     0.8634     0.0242      0.002     -0.078     -0.112        253 3.2431e+02 0.0000e+00
     -0.080    25.8860     8.0726     99.305  36.529963     35.894      7.985   207.8244     4.1245     0.9439     0.0243      0.002     -0.078     -0.112        254 3.2455e+02 0.0000e+00
     -0.080    25.8870     8.0835     99.439  36.477311     35.839      7.991   207.6351     4.1367     0.7828     0.0242      0.001     -0.078     -0.112        255 3.2428e+02 0.0000e+00
