Data/DataNotYetUploadedToEDI/Raw_CTD/RawDownloads/082018_fcr50.cnv
* Sea-Bird SBE19plus  Data File:
* FileName = C:\DATA\082018_fcr_0001.hex
* Software version 2.6.3.104
* Temperature SN = 7809
* Conductivity SN = 7809
* System UpLoad Time = Aug 20 2018 17:52:05
* <ApplicationData>
* <Seaterm232>
# nquan = 17
# nvalues = 689                         
# units = specified
# name 0 = depFM: Depth [fresh water, m]
# name 1 = tv290C: Temperature [ITS-90, deg C]
# name 2 = sbeox0Mg/L: Oxygen, SBE 43 [mg/l]
# name 3 = sbeox0PS: Oxygen, SBE 43 [% saturation]
# name 4 = c0uS/cm: Conductivity [uS/cm]
# name 5 = specc: Specific Conductance [uS/cm]
# name 6 = ph: pH
# name 7 = orp: Oxidation Reduction Potential [mV]
# name 8 = flECO-AFL: Fluorescence, WET Labs ECO-AFL/FL [mg/m^3]
# name 9 = turbWETntu0: Turbidity, WET Labs ECO [NTU]
# name 10 = sal00: Salinity, Practical [PSU]
# name 11 = dz/dtM: Descent Rate [m/s]
# name 12 = prdM: Pressure, Strain Gauge [db]
# name 13 = prdE: Pressure, Strain Gauge [psi]
# name 14 = scan: Scan Count
# name 15 = par/sat/log: PAR/Logarithmic, Satlantic
# name 16 = flag:  0.000e+00
# span 0 =     -0.545,      9.610       
# span 1 =    11.7228,    25.9023       
# span 2 =    -0.0045,     9.1821       
# span 3 =     -0.042,    112.957       
# span 4 =   0.508566, 135.472074       
# span 5 =      0.569,    184.390       
# span 6 =      6.041,      7.952       
# span 7 = -1240.7455,   385.4506       
# span 8 =    -0.2021,     8.0226       
# span 9 =    -0.3720,    21.2201       
# span 10 =     0.0117,     0.0869      
# span 11 =     -0.070,      0.226      
# span 12 =     -0.534,      9.422      
# span 13 =     -0.775,     13.665      
# span 14 =          1,        689      
# span 15 = 1.2473e-01, 4.4905e+02      
# span 16 = 0.0000e+00, 0.0000e+00      
# interval = seconds: 0.25
# start_time = Aug 20 2018 15:22:31 [Instrument's time stamp, header]
# bad_flag = -9.990e-29
*END*
[from data line 596]
      7.909    11.9148     0.0865      0.801  66.730197     90.235      6.188   170.4971     1.1767    17.6751     0.0436      0.110      7.753     11.245        597 1.2551e-01 0.0000e+00
      7.926    11.9157     0.0924      0.856  67.815126     92.025      6.189   170.0428     1.1767    17.6751     0.0444      0.111      7.772     11.273        598 1.2557e-01 0.0000e+00
      7.943    11.9235     0.0836      0.774  68.818204     92.977      6.191   170.6864     1.1727    17.5274     0.0448      0.107      7.792     11.302        599 1.2565e-01 0.0000e+00
      7.972    11.9373     0.0875      0.810  73.117140     99.042      6.192   170.8757     1.1767    17.2186     0.0475      0.101      7.815     11.334        600 1.2557e-01 0.0000e+00
      7.992    11.9456     0.0881      0.816  76.845993    104.292      6.197   169.2478     1.1727    17.3797     0.0499      0.094      7.833     11.361        601 1.2558e-01 0.0000e+00
      7.997    11.9482     0.0890      0.824  75.231350    101.751      6.200   167.4307     1.1565    17.3797     0.0488      0.085      7.847     11.381        602 1.2569e-01 0.0000e+00
      8.015    11.9487     0.0885      0.819  75.809823    102.334      6.206   167.9607     1.1686    17.4066     0.0491      0.078      7.868     11.411        603 1.2564e-01 0.0000e+00
      8.059    11.9383     0.0887      0.820  77.671507    105.587      6.203   167.3171     1.3870    13.0425     0.0505      0.079      7.902     11.460        604 1.2559e-01 0.0000e+00
      8.097    11.9231     0.0891      0.825  75.410963    101.642      6.202   165.4242     1.3830    13.0559     0.0487      0.086      7.935     11.509        605 1.2566e-01 0.0000e+00
      8.119    11.9111     0.0859      0.795  74.313840    100.801      6.203   165.2350     1.4032    13.0962     0.0484      0.094      7.960     11.544        606 1.2570e-01 0.0000e+00
      8.134    11.9032     0.0921      0.852  74.549393    100.804      6.207   164.7050     1.3951    13.0828     0.0483      0.097      7.975     11.565        607 1.2575e-01 0.0000e+00
      8.141    11.9047     0.0885      0.819  74.523502    101.027      6.212   164.0235     1.4881    11.9548     0.0484      0.093      7.985     11.580        608 1.2565e-01 0.0000e+00
      8.151    11.9053     0.0863      0.799  74.464937    100.859      6.221   161.7521     1.4881    12.0220     0.0484      0.089      7.997     11.599        609 1.2555e-01 0.0000e+00
      8.174    11.8976     0.0865      0.800  74.235977    100.551      6.222   159.8971     1.5002    12.0220     0.0482      0.086      8.017     11.627        610 1.2575e-01 0.0000e+00
      8.200    11.8880     0.0889      0.822  74.422133    100.852      6.227   160.1242     1.5043    12.0623     0.0484      0.079      8.041     11.662        611 1.2570e-01 0.0000e+00
      8.224    11.8785     0.0861      0.796  74.530429    100.950      6.232   159.1399     1.4881    10.3301     0.0484      0.071      8.066     11.698        612 1.2560e-01 0.0000e+00
      8.251    11.8705     0.0865      0.800  75.319588    102.076      6.239   157.0199     1.5043    10.3166     0.0489      0.072      8.091     11.735        613 1.2567e-01 0.0000e+00
      8.276    11.8662     0.0884      0.818  76.144312    103.281      6.249   156.5656     1.5043    10.3972     0.0495      0.078      8.113     11.768        614 1.2552e-01 0.0000e+00
      8.293    11.8658     0.0885      0.819  76.594734    103.796      6.254   156.3006     1.5043    10.3032     0.0497      0.084      8.132     11.795        615 1.2544e-01 0.0000e+00
      8.309    11.8665     0.0905      0.838  76.334127    103.656      6.262   153.4613     1.6862     9.0947     0.0496      0.088      8.150     11.822        616 1.2562e-01 0.0000e+00
      8.334    11.8663     0.0831      0.769  77.181898    104.379      6.269   152.4392     1.6862     9.0410     0.0499      0.090      8.173     11.854        617 1.2558e-01 0.0000e+00
      8.359    11.8638     0.0819      0.758  79.581793    108.252      6.275   152.2878     1.7186     9.0678     0.0517      0.089      8.198     11.891        618 1.2544e-01 0.0000e+00
      8.387    11.8582     0.0797      0.737  80.718546    109.202      6.281   149.9785     1.6903     9.0678     0.0521      0.088      8.226     11.932        619 1.2567e-01 0.0000e+00
      8.422    11.8535     0.0828      0.766  83.049689    112.743      6.285   148.6913     1.6781     8.9738     0.0538      0.092      8.258     11.978        620 1.2565e-01 0.0000e+00
      8.456    11.8511     0.0888      0.822  85.569346    116.105      6.287   147.8963     1.7024     8.1144     0.0553      0.098      8.289     12.022        621 1.2541e-01 0.0000e+00
      8.480    11.8494     0.0792      0.733  85.728742    116.310      6.287   148.1235     1.6862     8.1279     0.0554      0.103      8.312     12.056        622 1.2539e-01 0.0000e+00
      8.492    11.8468     0.0862      0.797  86.121744    116.772      6.291   146.7606     1.7064     8.3159     0.0556      0.106      8.328     12.078        623 1.2557e-01 0.0000e+00
      8.503    11.8435     0.0851      0.788  85.615456    116.361      6.296   145.0192     1.7186     8.2756     0.0554      0.102      8.343     12.101        624 1.2571e-01 0.0000e+00
      8.530    11.8468     0.0891      0.824  86.745347    117.242      6.302   145.9656     1.6337     9.2961     0.0558      0.097      8.365     12.133        625 1.2569e-01 0.0000e+00
      8.559    11.8548     0.0881      0.815  91.733573    124.899      6.304   144.1485     1.6498     9.2961     0.0593      0.093      8.389     12.168        626 1.2563e-01 0.0000e+00
      8.575    11.8620     0.0882      0.815  93.652267    126.940      6.307   142.2556     1.6215     9.2558     0.0603      0.087      8.409     12.196        627 1.2552e-01 0.0000e+00
      8.591    11.8680     0.0866      0.800  93.457867    126.798      6.314   144.1485     1.6296     9.2558     0.0602      0.080      8.427     12.223        628 1.2566e-01 0.0000e+00
      8.617    11.8721     0.0864      0.798  94.563195    128.256      6.316   143.0127     1.8358     8.4233     0.0609      0.078      8.450     12.256        629 1.2561e-01 0.0000e+00
      8.642    11.8750     0.0891      0.823  95.667668    129.718      6.323   141.4985     1.8480     8.5039     0.0615      0.081      8.475     12.292        630 1.2549e-01 0.0000e+00
      8.669    11.8760     0.0873      0.806  96.902297    131.414      6.325   141.3849     1.8358     8.4233     0.0623      0.087      8.500     12.328        631 1.2565e-01 0.0000e+00
      8.693    11.8741     0.0852      0.787  97.607897    132.354      6.329   140.5899     1.8358     8.4233     0.0628      0.090      8.522     12.360        632 1.2562e-01 0.0000e+00
      8.708    11.8689     0.0895      0.826  97.675201    132.426      6.331   138.5834     1.9733     5.4557     0.0628      0.089      8.541     12.388        633 1.2558e-01 0.0000e+00
      8.729    11.8587     0.0807      0.744  97.621777    132.357      6.337   138.3184     1.9410     5.3752     0.0628      0.087      8.561     12.417        634 1.2567e-01 0.0000e+00
      8.753    11.8442     0.0827      0.763  97.614886    132.376      6.340   138.3563     1.9572     5.4826     0.0628      0.089      8.584     12.449        635 1.2569e-01 0.0000e+00
      8.776    11.8308     0.0842      0.777  97.743285    132.564      6.348   134.8734     1.9410     5.3752     0.0629      0.089      8.605     12.481        636 1.2564e-01 0.0000e+00
      8.795    11.8182     0.0872      0.805  97.789253    132.731      6.354   135.4413     2.0057     4.0458     0.0629      0.086      8.624     12.508        637 1.2564e-01 0.0000e+00
      8.811    11.8031     0.0882      0.815  98.033705    133.009      6.359   134.6842     2.0178     4.0189     0.0630      0.083      8.640     12.531        638 1.2549e-01 0.0000e+00
      8.825    11.7878     0.0844      0.780  98.658874    134.042      6.365   132.1856     2.0299     3.9652     0.0635      0.078      8.653     12.550        639 1.2554e-01 0.0000e+00
      8.835    11.7721     0.0897      0.829  98.855828    134.251      6.372   132.7156     2.0219     4.0592     0.0636      0.073      8.665     12.568        640 1.2561e-01 0.0000e+00
      8.850    11.7569     0.0852      0.787  99.186941    134.801      6.378   131.2770     1.9612     3.5892     0.0639      0.069      8.680     12.590        641 1.2554e-01 0.0000e+00
      8.870    11.7444     0.0885      0.817 100.210506    136.232      6.385   129.8763     1.9572     3.5221     0.0645      0.065      8.697     12.615        642 1.2565e-01 0.0000e+00
      8.888    11.7350     0.0833      0.769 101.569032    138.158      6.391   128.4756     1.9531     3.4281     0.0654      0.062      8.714     12.638        643 1.2553e-01 0.0000e+00
      8.899    11.7289     0.0763      0.704 102.435599    139.425      6.398   128.7027     1.9572     3.4952     0.0660      0.060      8.725     12.655        644 1.2556e-01 0.0000e+00
      8.905    11.7259     0.0850      0.784 102.375475    139.309      6.405   126.4313     1.9814     3.3207     0.0659      0.056      8.734     12.667        645 1.2558e-01 0.0000e+00
      8.915    11.7253     0.0851      0.785 102.715109    139.789      6.411   127.6427     1.9369     3.3341     0.0661      0.054      8.742     12.680        646 1.2543e-01 0.0000e+00
      8.924    11.7323     0.0834      0.770 103.143728    140.488      6.415   125.3713     1.9572     3.3878     0.0665      0.051      8.750     12.691        647 1.2540e-01 0.0000e+00
      8.928    11.7655     0.0786      0.726 103.210926    140.413      6.423   123.5163     1.9652     3.3744     0.0664      0.046      8.756     12.700        648 1.2554e-01 0.0000e+00
      8.934    11.7976     0.0828      0.765 102.452936    139.625      6.430   123.6677     2.0866     3.2267     0.0661      0.039      8.764     12.710        649 1.2570e-01 0.0000e+00
      8.947    11.7932     0.0808      0.746 102.301564    138.813      6.435   123.2134     2.0623     3.1461     0.0657      0.034      8.776     12.728        650 1.2565e-01 0.0000e+00
      8.965    11.7782     0.0857      0.792 102.089944    139.140      6.441   121.0934     2.0704     3.0924     0.0659      0.034      8.796     12.756        651 1.2554e-01 0.0000e+00
      8.994    11.7712     0.0821      0.758 102.269910    138.367      6.444   121.5855     2.0744     3.1058     0.0655      0.041      8.822     12.794        652 1.2550e-01 0.0000e+00
      9.028    11.7649     0.0811      0.749 103.595291    141.506      6.446   121.1313     2.0866     3.1461     0.0669      0.054      8.853     12.839        653 1.2555e-01 0.0000e+00
      9.058    11.7509     0.0840      0.776 103.832944    140.508      6.448   118.5570     2.2240     2.7164     0.0665      0.069      8.883     12.884        654 1.2562e-01 0.0000e+00
      9.086    11.7329     0.0825      0.761 109.891018    149.642      6.454   118.4434     2.1998     2.7164     0.0707      0.083      8.914     12.929        655 1.2565e-01 0.0000e+00
      9.124    11.7245     0.0812      0.750 115.821118    157.835      6.456   115.1498     2.2200     2.7164     0.0745      0.100      8.952     12.984        656 1.2551e-01 0.0000e+00
      9.176    11.7359     0.0838      0.774 120.269941    163.066      6.457   116.0584     2.2159     2.7164     0.0769      0.118      8.998     13.051        657 1.2558e-01 0.0000e+00
      9.226    11.7567     0.0749      0.691 130.474223    178.167      6.457   116.5505     2.2604     2.2599     0.0840      0.135      9.041     13.114        658 1.2569e-01 0.0000e+00
      9.256    11.7711     0.0773      0.713 135.087701    183.841      6.462   113.8627     2.2847     2.3002     0.0866      0.145      9.074     13.161        659 1.2565e-01 0.0000e+00
      9.276    11.7773     0.0855      0.789 134.759555    183.164      6.470   113.5977     2.2645     2.3136     0.0863      0.146      9.099     13.198        660 1.2560e-01 0.0000e+00
      9.305    11.7766     0.0756      0.697 135.472074    184.390      6.476   111.3262     2.2847     2.3002     0.0869      0.144      9.127     13.238        661 1.2550e-01 0.0000e+00
      9.343    11.7727     0.0855      0.789 135.363356    183.825      6.481   110.6827     2.4060     1.6422     0.0866      0.142      9.155     13.279        662 1.2551e-01 0.0000e+00
      9.357    11.7709     0.0828      0.764 135.103468    183.867      6.491   109.4712     2.3817     1.8436     0.0866      0.134      9.173     13.306        663 1.2561e-01 0.0000e+00
      9.362    11.7688     0.0866      0.799 134.811935    183.085      6.501   105.8369     2.3979     1.6556     0.0863      0.116      9.191     13.331        664 1.2556e-01 0.0000e+00
      9.402    11.7619     0.0839      0.774 135.130073    183.896      6.512   105.0041     2.4020     1.6825     0.0867      0.103      9.224     13.379        665 1.2565e-01 0.0000e+00
      9.455    11.7525     0.0850      0.785 135.422871    184.020      6.527   102.2405     2.3656     1.5616     0.0867      0.103      9.266     13.440        666 1.2566e-01 0.0000e+00
      9.487    11.7436     0.0825      0.761 135.192682    183.979      6.543   102.5055     2.3332     1.5213     0.0867      0.110      9.300     13.488        667 1.2558e-01 0.0000e+00
      9.507    11.7363     0.0846      0.781 134.939674    183.453      6.555   101.4455     2.3413     1.4945     0.0864      0.114      9.325     13.524        668 1.2564e-01 0.0000e+00
      9.533    11.7297     0.0805      0.743 134.903212    183.651      6.569    99.8176     2.3170     1.4676     0.0865      0.115      9.347     13.557        669 1.2559e-01 0.0000e+00
      9.554    11.7252     0.0818      0.755 134.791002    183.380      6.583    98.4926     2.4788     1.5213     0.0864      0.114      9.366     13.584        670 1.2558e-01 0.0000e+00
      9.565    11.7228     0.0798      0.736 134.662070    183.338      6.598    96.4483     2.4788     1.5885     0.0864      0.112      9.378     13.600        671 1.2552e-01 0.0000e+00
      9.568    11.7239     0.0808      0.746 134.676219    183.322      6.607    96.1076     2.5071     1.4945     0.0864      0.102      9.383     13.608        672 1.2559e-01 0.0000e+00
      9.571    11.7322     0.0808      0.746 134.624380    183.295      6.617    91.6026     2.4869     1.4408     0.0864      0.079      9.385     13.612        673 1.2564e-01 0.0000e+00
      9.572    11.7418     0.0833      0.769 134.666978    183.330      6.626    88.0440     2.4626     1.7362     0.0864      0.057      9.387     13.615        674 1.2561e-01 0.0000e+00
      9.574    11.7468     0.0800      0.739 134.623204    183.247      6.636    84.3719     2.4909     1.7362     0.0863      0.041      9.390     13.618        675 1.2551e-01 0.0000e+00
      9.578    11.7482     0.0789      0.729 134.619236    183.163      6.644    83.6526     2.4788     1.6556     0.0863      0.029      9.393     13.623        676 1.2553e-01 0.0000e+00
      9.582    11.7459     0.0797      0.737 134.552683    183.098      6.650    82.9711     2.4788     1.6690     0.0863      0.019      9.397     13.627        677 1.2547e-01 0.0000e+00
      9.584    11.7396 -9.990e-29 -9.990e-29 134.407977    182.825      6.656    81.7976     2.3898     1.9645     0.0861      0.013      9.399     13.631        678 1.2539e-01 0.0000e+00
      9.587    11.7363 -9.990e-29 -9.990e-29 134.203238    182.643      6.665    81.5704     2.4181     1.8436     0.0861      0.011      9.401     13.635        679 1.2558e-01 0.0000e+00
      9.588    11.7369 -9.990e-29 -9.990e-29 134.062386    182.371      6.673    81.6840     2.4181     1.8570     0.0859      0.010      9.403     13.638        680 1.2558e-01 0.0000e+00
