Data/DataNotYetUploadedToEDI/Raw_CTD/RawDownloads/082018_fcr30.cnv
* Sea-Bird SBE19plus  Data File:
* FileName = C:\DATA\082018_fcr_0004.hex
* Software version 2.6.3.104
* Temperature SN = 7809
* Conductivity SN = 7809
* System UpLoad Time = Aug 20 2018 17:53:13
* <ApplicationData>
* <Seaterm232>
# nquan = 17
# nvalues = 732                         
# units = specified
# name 0 = depFM: Depth [fresh water, m]
# name 1 = tv290C: Temperature [ITS-90, deg C]
# name 2 = sbeox0Mg/L: Oxygen, SBE 43 [mg/l]
# name 3 = sbeox0PS: Oxygen, SBE 43 [% saturation]
# name 4 = c0uS/cm: Conductivity [uS/cm]
# name 5 = specc: Specific Conductance [uS/cm]
# name 6 = ph: pH
# name 7 = orp: Oxidation Reduction Potential [mV]
# name 8 = flECO-AFL: Fluorescence, WET Labs ECO-AFL/FL [mg/m^3]
# name 9 = turbWETntu0: Turbidity, WET Labs ECO [NTU]
# name 10 = sal00: Salinity, Practical [PSU]
# name 11 = dz/dtM: Descent Rate [m/s]
# name 12 = prdM: Pressure, Strain Gauge [db]
# name 13 = prdE: Pressure, Strain Gauge [psi]
# name 14 = scan: Scan Count
# name 15 = par/sat/log: PAR/Logarithmic, Satlantic
# name 16 = flag:  0.000e+00
# span 0 =     -0.547,      5.412       
# span 1 =    12.2864,    25.9205       
# span 2 =     0.0866,     8.5217       
# span 3 =      0.901,    104.472       
# span 4 =  -0.180928,  72.304100       
# span 5 =      0.533,     94.830       
# span 6 =      6.202,      8.087       
# span 7 =   161.5249,   268.4717       
# span 8 =    -0.2021,    10.9785       
# span 9 =    -0.1169,    27.9072       
# span 10 =     0.0111,     0.0461      
# span 11 =     -0.088,      0.256      
# span 12 =     -0.536,      5.307      
# span 13 =     -0.777,      7.698      
# span 14 =          1,        732      
# span 15 = 2.1505e-01, 3.5806e+02      
# span 16 = 0.0000e+00, 0.0000e+00      
# interval = seconds: 0.25
# start_time = Aug 20 2018 16:33:19 [Instrument's time stamp, header]
# bad_flag = -9.990e-29
*END*
[from data line 341]
     -0.080    25.9110     8.1759    100.626  36.551511     35.902      8.002   215.6608     4.5168     0.8634     0.0243     -0.000     -0.079     -0.115        342 3.0889e+02 0.0000e+00
     -0.079    25.9104     8.1826    100.712  36.537804     35.875      7.995   215.7365     4.5330     0.9574     0.0243     -0.002     -0.078     -0.113        343 3.0924e+02 0.0000e+00
     -0.081    25.9100     8.1885    100.787  36.476779     35.821      7.993   216.0394     4.3833     0.8902     0.0242     -0.006     -0.082     -0.118        344 3.1082e+02 0.0000e+00
     -0.091    25.9108     8.2070    101.014  36.479159     35.821      7.977   216.1530     4.3995     0.9036     0.0242     -0.008     -0.088     -0.127        345 3.1340e+02 0.0000e+00
     -0.097    25.9113     8.2308    101.307  36.534841     35.876      7.986   215.9258     4.3672     0.7962     0.0243     -0.007     -0.092     -0.134        346 3.1366e+02 0.0000e+00
     -0.094    25.9110     8.2565    101.624  36.496463     35.848      7.988   216.2287     4.3914     0.8097     0.0242     -0.005     -0.093     -0.135        347 3.1388e+02 0.0000e+00
     -0.095    25.9108     8.2734    101.831  36.437945     35.766      7.990   216.4937     4.4521     0.8902     0.0242     -0.007     -0.094     -0.136        348 3.1399e+02 0.0000e+00
     -0.097    25.9108     8.2869    101.997  36.518689     35.875      7.994   216.6830     4.4602     0.8768     0.0243     -0.010     -0.096     -0.139        349 3.1367e+02 0.0000e+00
     -0.101    25.9122     8.2964    102.115  36.544274     35.876      7.995   216.8344     4.4480     0.7291     0.0243     -0.011     -0.098     -0.142        350 3.1298e+02 0.0000e+00
     -0.102    25.9133     8.3040    102.211  36.524742     35.876      8.005   216.8344     4.4602     0.8365     0.0243     -0.011     -0.097     -0.142        351 3.1333e+02 0.0000e+00
     -0.096    25.9141     8.3023    102.190  36.542996     35.875      8.016   216.4937     4.4480     0.8097     0.0243     -0.007     -0.092     -0.134        352 3.1337e+02 0.0000e+00
     -0.084    25.9160     8.2962    102.115  36.551214     35.901      8.023   216.7208     4.4278     0.9305     0.0243      0.001     -0.083     -0.120        353 3.1422e+02 0.0000e+00
     -0.074    25.9171     8.2909    102.050  36.484853     35.819      8.029   216.8722     4.4116     0.8902     0.0242      0.008     -0.072     -0.104        354 3.1207e+02 0.0000e+00
     -0.062    25.9168     8.2911    102.053  36.477286     35.817      8.032   216.5315     4.4238     0.8097     0.0242      0.015     -0.059     -0.085        355 3.1346e+02 0.0000e+00
     -0.043    25.9166     8.2934    102.083  36.530973     35.871      8.028   216.7587     4.3631     0.8365     0.0243      0.025     -0.043     -0.062        356 3.0939e+02 0.0000e+00
     -0.028    25.9169     8.2867    102.001  36.477358     35.817      8.023   216.6451     4.3995     0.7828     0.0242      0.036     -0.023     -0.034        357 3.1504e+02 0.0000e+00
     -0.001    25.9165     8.2768    101.878  36.544009     35.872      8.018   216.3422     4.4036     0.8499     0.0243      0.049      0.004      0.007        358 3.0440e+02 0.0000e+00
      0.045    25.9163     8.2650    101.731  36.596321     35.954      8.005   216.5694     4.3995     1.0245     0.0243      0.066      0.039      0.056        359 2.4472e+02 0.0000e+00
      0.072    25.9171     8.2582    101.648  36.501233     35.817      7.993   216.3044     4.4197     0.7828     0.0242      0.081      0.066      0.096        360 2.2464e+02 0.0000e+00
      0.084    25.9182     8.2569    101.631  36.514051     35.872      7.992   215.6987     4.6381     1.0916     0.0243      0.089      0.084      0.122        361 2.1831e+02 0.0000e+00
      0.103    25.9188     8.2656    101.736  36.491395     35.816      8.000   215.0551     4.6543     1.0648     0.0242      0.095      0.099      0.144        362 1.9627e+02 0.0000e+00
      0.116    25.9186     8.2606    101.674  36.529428     35.870      8.000   215.2065     4.6583     1.1856     0.0243      0.095      0.112      0.162        363 2.0888e+02 0.0000e+00
      0.123    25.9187     8.2643    101.720  36.555695     35.897      7.993   215.4337     4.6745     1.0379     0.0243      0.088      0.120      0.174        364 2.0487e+02 0.0000e+00
      0.128    25.9192     8.2796    101.909  36.488365     35.815      7.989   215.3201     4.7675     1.0916     0.0242      0.076      0.126      0.183        365 1.9307e+02 0.0000e+00
      0.134    25.9196     8.2989    102.149  36.524242     35.870      7.993   215.2065     4.7877     0.9708     0.0243      0.060      0.132      0.192        366 1.9814e+02 0.0000e+00
      0.141    25.9195     8.3045    102.220  36.540706     35.870      7.992   215.3201     4.7877     0.9842     0.0243      0.044      0.139      0.203        367 1.8805e+02 0.0000e+00
      0.152    25.9190     8.3114    102.306  36.527192     35.869      7.997   215.6608     4.7796     1.0648     0.0243      0.037      0.149      0.216        368 1.8963e+02 0.0000e+00
      0.161    25.9187     8.3197    102.408  36.541059     35.870      8.000   215.5094     4.7068     0.8231     0.0243      0.034      0.157      0.228        369 1.8452e+02 0.0000e+00
      0.167    25.9192     8.3265    102.488  36.553109     35.897      8.002   215.5094     4.7068     0.8365     0.0243      0.030      0.165      0.239        370 1.8234e+02 0.0000e+00
      0.177    25.9185     8.3250    102.468  36.541856     35.870      8.010   215.2822     4.7149     0.8365     0.0243      0.030      0.177      0.257        371 1.8817e+02 0.0000e+00
      0.199    25.9171     8.3241    102.455  36.584722     35.925      8.017   214.9794     4.7149     0.8097     0.0243      0.035      0.196      0.285        372 1.7726e+02 0.0000e+00
      0.225    25.9167     8.3197    102.399  36.529423     35.870      8.025   215.2822     4.7109     0.7291     0.0243      0.044      0.219      0.318        373 1.7227e+02 0.0000e+00
      0.246    25.9169     8.3170    102.364  36.492041     35.816      8.028   215.0172     4.7351     0.7962     0.0242      0.053      0.240      0.348        374 1.7179e+02 0.0000e+00
      0.264    25.9177     8.3111    102.291  36.542267     35.899      8.030   215.7744     4.7149     0.8634     0.0243      0.061      0.257      0.373        375 1.6807e+02 0.0000e+00
      0.277    25.9188     8.3064    102.233  36.496577     35.816      8.032   215.5851     4.6987     0.8634     0.0242      0.066      0.271      0.393        376 1.6584e+02 0.0000e+00
      0.289    25.9197     8.3052    102.221  36.519242     35.871      8.030   215.5472     4.7230     0.7828     0.0243      0.069      0.282      0.410        377 1.6438e+02 0.0000e+00
      0.298    25.9205     8.3061    102.235  36.543719     35.870      8.030   215.6987     4.5208     0.9305     0.0243      0.069      0.291      0.423        378 1.5913e+02 0.0000e+00
      0.305    25.9200     8.3113    102.302  36.525433     35.869      8.031   216.0394     4.5127     0.7828     0.0243      0.063      0.299      0.433        379 1.5915e+02 0.0000e+00
      0.312    25.9183     8.3163    102.367  36.541998     35.869      8.027   215.9258     4.5087     0.8499     0.0243      0.054      0.307      0.445        380 1.5893e+02 0.0000e+00
      0.322    25.9170     8.3115    102.301  36.552764     35.897      8.022   216.4937     4.5006     0.8768     0.0243      0.045      0.315      0.457        381 1.5737e+02 0.0000e+00
      0.329    25.9162     8.3192    102.388  36.541695     35.870      8.010   216.6072     4.5410     0.9305     0.0243      0.039      0.322      0.467        382 1.5545e+02 0.0000e+00
      0.333    25.9154     8.3197    102.382  36.526114     35.871      8.006   216.7965     4.5249     0.8634     0.0243      0.034      0.326      0.474        383 1.5396e+02 0.0000e+00
      0.337    25.9149     8.3224    102.406  36.483177     35.817      8.009   216.5315     4.5127     0.8231     0.0242      0.030      0.331      0.480        384 1.5455e+02 0.0000e+00
      0.343    25.9145     8.3208    102.382  36.476494     35.818      8.010   217.0237     4.5006     0.8634     0.0242      0.027      0.337      0.489        385 1.5365e+02 0.0000e+00
      0.351    25.9146     8.3259    102.438  36.534432     35.873      8.018   217.2508     4.5613     1.0379     0.0243      0.025      0.344      0.500        386 1.5123e+02 0.0000e+00
      0.360    25.9157     8.3447    102.668  36.559369     35.901      8.020   217.9701     4.5936     1.1051     0.0243      0.025      0.353      0.512        387 1.4941e+02 0.0000e+00
      0.368    25.9173     8.3539    102.780  36.534437     35.873      8.021   218.1215     4.6057     1.0916     0.0243      0.026      0.361      0.524        388 1.4874e+02 0.0000e+00
      0.376    25.9194     8.3652    102.912  36.535802     35.872      8.021   218.5380     4.6017     0.9574     0.0243      0.026      0.368      0.534        389 1.4745e+02 0.0000e+00
      0.383    25.9203     8.3619    102.865  36.528013     35.871      8.023   218.5758     4.5855     0.8902     0.0243      0.028      0.375      0.544        390 1.4593e+02 0.0000e+00
      0.390    25.9176     8.3578    102.810  36.544129     35.870      8.024   218.8787     4.6179     0.8902     0.0243      0.029      0.382      0.554        391 1.4407e+02 0.0000e+00
      0.396    25.9125     8.3555    102.778  36.604719     35.951      8.022   219.7494     4.5936     0.8902     0.0243      0.030      0.387      0.563        392 1.4349e+02 0.0000e+00
      0.401    25.9064     8.3551    102.772  36.541587     35.871      8.020   219.8251     4.5896     0.8365     0.0243      0.029      0.391      0.568        393 1.4329e+02 0.0000e+00
      0.400    25.9018     8.3506    102.714  36.474404     35.819      8.020   220.1658     4.6138     0.8902     0.0242      0.025      0.392      0.568        394 1.4300e+02 0.0000e+00
      0.399    25.8988     8.3365    102.539  36.480717     35.824      8.016   220.5823     4.4925     0.8231     0.0242      0.021      0.392      0.568        395 1.4344e+02 0.0000e+00
      0.400    25.8960     8.3236    102.377  36.474416     35.827      8.016   220.7337     4.5491     0.9708     0.0242      0.016      0.393      0.571        396 1.4177e+02 0.0000e+00
      0.405    25.8948     8.3178    102.301  36.482247     35.829      8.014   221.3015     4.5451     0.8097     0.0242      0.012      0.398      0.577        397 1.3953e+02 0.0000e+00
      0.412    25.8941     8.3112    102.215  36.500633     35.859      8.013   221.7937     4.4966     1.0111     0.0242      0.011      0.404      0.585        398 1.3864e+02 0.0000e+00
      0.418    25.8907     8.3127    102.234  36.481196     35.832      8.006   221.8694     4.6017     0.8365     0.0242      0.011      0.409      0.593        399 1.3842e+02 0.0000e+00
      0.422    25.8873     8.3039    102.126  36.476776     35.832      8.007   222.2480     4.5774     0.9574     0.0242      0.012      0.414      0.600        400 1.3629e+02 0.0000e+00
      0.427    25.8847     8.2951    102.014  36.476475     35.835      8.004   222.3615     4.5855     0.8365     0.0242      0.014      0.420      0.609        401 1.3609e+02 0.0000e+00
      0.436    25.8826     8.2951    102.009  36.481572     35.837      8.003   222.5887     4.5896     0.8768     0.0242      0.018      0.427      0.619        402 1.3532e+02 0.0000e+00
      0.444    25.8816     8.2994    102.059  36.500093     35.867      8.001   223.2323     4.5815     0.8097     0.0242      0.022      0.433      0.629        403 1.3393e+02 0.0000e+00
      0.447    25.8808     8.2976    102.033  36.483086     35.841      8.001   222.8537     4.6017     0.8231     0.0242      0.024      0.438      0.635        404 1.3410e+02 0.0000e+00
      0.449    25.8795     8.3001    102.056  36.473079     35.841      8.000   223.1566     4.5774     0.8231     0.0242      0.023      0.441      0.640        405 1.3084e+02 0.0000e+00
      0.454    25.8777     8.2949    101.981  36.482890     35.842      8.006   223.4973     4.6179     0.8768     0.0242      0.021      0.446      0.647        406 1.2932e+02 0.0000e+00
      0.462    25.8753     8.2915    101.928  36.470878     35.843      8.005   223.3080     4.6704     0.7828     0.0242      0.022      0.452      0.656        407 1.2998e+02 0.0000e+00
      0.467    25.8731     8.2845    101.836  36.488027     35.844      8.006   223.9894     4.6624     0.7694     0.0242      0.022      0.457      0.663        408 1.2963e+02 0.0000e+00
      0.469    25.8731     8.2938    101.945  36.491207     35.873      8.008   224.2923     4.6421     0.8097     0.0242      0.020      0.460      0.667        409 1.2996e+02 0.0000e+00
      0.471    25.8730     8.2977    101.987  36.437264     35.792      8.009   224.0651     4.6462     0.9305     0.0242      0.018      0.462      0.671        410 1.2936e+02 0.0000e+00
      0.474    25.8712     8.2951    101.948  36.466184     35.847      8.007   224.2923     4.7594     0.8365     0.0242      0.016      0.464      0.674        411 1.2767e+02 0.0000e+00
      0.475    25.8688     8.2839    101.805  36.484875     35.847      8.005   224.2544     4.7028     0.7962     0.0242      0.015      0.466      0.677        412 1.2864e+02 0.0000e+00
      0.478    25.8667     8.2736    101.672  36.473320     35.849      8.003   224.5194     4.7068     0.8499     0.0242      0.014      0.470      0.681        413 1.2727e+02 0.0000e+00
      0.484    25.8647     8.2713    101.641  36.480563     35.850      8.001   225.1251     4.7270     0.8634     0.0242      0.012      0.475      0.688        414 1.2482e+02 0.0000e+00
      0.489    25.8607     8.2693    101.614  36.505520     35.879      7.999   225.2766     4.7149     0.9171     0.0242      0.012      0.479      0.694        415 1.2501e+02 0.0000e+00
      0.492    25.8543     8.2675    101.591  36.471924     35.853      7.995   225.3523     4.7190     0.9842     0.0242      0.012      0.482      0.698        416 1.2572e+02 0.0000e+00
      0.492    25.8491     8.2700    101.620  36.433400     35.801      7.992   225.6551     4.7109     0.8097     0.0242      0.013      0.483      0.700        417 1.2450e+02 0.0000e+00
      0.492    25.8459     8.2695    101.607  36.464487     35.861      7.989   226.1094     4.7149     0.8902     0.0242      0.012      0.483      0.701        418 1.2374e+02 0.0000e+00
      0.493    25.8428     8.2727    101.638  36.433238     35.809      7.987   225.9958     4.7432     0.8768     0.0242      0.011      0.484      0.703        419 1.2439e+02 0.0000e+00
      0.497    25.8396     8.2677    101.570  36.501952     35.894      7.984   226.0716     4.6785     0.8902     0.0242      0.010      0.488      0.708        420 1.2325e+02 0.0000e+00
      0.504    25.8356     8.2553    101.414  36.527271     35.924      7.981   226.2987     4.6624     0.9305     0.0243      0.010      0.495      0.718        421 1.2166e+02 0.0000e+00
      0.515    25.8322     8.2489    101.332  36.431388     35.816      7.979   226.5637     4.6462     0.9036     0.0242      0.012      0.505      0.733        422 1.1915e+02 0.0000e+00
      0.526    25.8296     8.2526    101.378  36.413666     35.819      7.978   226.9801     4.6502     0.8499     0.0242      0.016      0.516      0.748        423 1.1707e+02 0.0000e+00
      0.537    25.8278     8.2624    101.496  36.430692     35.821      7.976   226.8287     4.6381     1.1185     0.0242      0.022      0.526      0.763        424 1.1638e+02 0.0000e+00
      0.546    25.8270     8.2800    101.711  36.469518     35.878      7.975   227.2073     4.6866     1.0648     0.0242      0.028      0.535      0.776        425 1.1480e+02 0.0000e+00
