Data/DataNotYetUploadedToEDI/Raw_CTD/RawDownloads/082018_fcr20.cnv
* Sea-Bird SBE19plus  Data File:
* FileName = C:\DATA\082018_fcr_0003.hex
* Software version 2.6.3.104
* Temperature SN = 7809
* Conductivity SN = 7809
* System UpLoad Time = Aug 20 2018 17:52:50
* <ApplicationData>
* <Seaterm232>
# nquan = 17
# nvalues = 768                         
# units = specified
# name 0 = depFM: Depth [fresh water, m]
# name 1 = tv290C: Temperature [ITS-90, deg C]
# name 2 = sbeox0Mg/L: Oxygen, SBE 43 [mg/l]
# name 3 = sbeox0PS: Oxygen, SBE 43 [% saturation]
# name 4 = c0uS/cm: Conductivity [uS/cm]
# name 5 = specc: Specific Conductance [uS/cm]
# name 6 = ph: pH
# name 7 = orp: Oxidation Reduction Potential [mV]
# name 8 = flECO-AFL: Fluorescence, WET Labs ECO-AFL/FL [mg/m^3]
# name 9 = turbWETntu0: Turbidity, WET Labs ECO [NTU]
# name 10 = sal00: Salinity, Practical [PSU]
# name 11 = dz/dtM: Descent Rate [m/s]
# name 12 = prdM: Pressure, Strain Gauge [db]
# name 13 = prdE: Pressure, Strain Gauge [psi]
# name 14 = scan: Scan Count
# name 15 = par/sat/log: PAR/Logarithmic, Satlantic
# name 16 = flag:  0.000e+00
# span 0 =     -0.547,      3.561       
# span 1 =    17.8948,    25.9220       
# span 2 =     0.0251,     8.6717       
# span 3 =      0.289,    106.318       
# span 4 =   0.045090,  93.340378       
# span 5 =      0.476,    108.789       
# span 6 =      6.177,      7.950       
# span 7 =   154.9378,   302.5811       
# span 8 =    -0.1981,    12.7941       
# span 9 =    -0.0900,    12.4517       
# span 10 =     0.0110,     0.0540      
# span 11 =     -0.096,      0.229      
# span 12 =     -0.537,      3.492      
# span 13 =     -0.778,      5.064      
# span 14 =          1,        768      
# span 15 = 2.5265e+00, 5.1849e+02      
# span 16 = 0.0000e+00, 0.0000e+00      
# interval = seconds: 0.25
# start_time = Aug 20 2018 16:14:47 [Instrument's time stamp, header]
# bad_flag = -9.990e-29
*END*
[from data line 341]
     -0.085    25.8967     8.2869    101.988  36.703184     36.035      7.866   238.6780     4.2661     1.1051     0.0243     -0.001     -0.082     -0.119        342 4.5334e+02 0.0000e+00
     -0.084    25.9027     8.2817    101.926  36.761939     36.139      7.863   238.6023     4.2863     1.0782     0.0244     -0.001     -0.081     -0.118        343 4.5393e+02 0.0000e+00
     -0.082    25.9015     8.2827    101.937  36.741486     36.078      7.865   238.7159     4.1973     0.8902     0.0243      0.000     -0.081     -0.118        344 4.5282e+02 0.0000e+00
     -0.084    25.8988     8.2765    101.855  36.669314     36.018      7.867   238.9809     4.2054     0.8365     0.0243      0.000     -0.082     -0.119        345 4.5210e+02 0.0000e+00
     -0.086    25.8980     8.2825    101.922  36.673797     36.020      7.866   238.6780     4.1812     0.9171     0.0243     -0.001     -0.083     -0.120        346 4.5261e+02 0.0000e+00
     -0.084    25.8989     8.2890    101.999  36.676589     36.021      7.866   238.8673     4.2256     0.9036     0.0243     -0.001     -0.082     -0.119        347 4.5177e+02 0.0000e+00
     -0.082    25.9007     8.2991    102.123  36.725158     36.077      7.860   239.1323     4.1973     1.0379     0.0243     -0.000     -0.081     -0.117        348 4.5190e+02 0.0000e+00
     -0.081    25.9023     8.3052    102.202  36.731992     36.076      7.860   239.5487     4.2175     1.1051     0.0243      0.001     -0.081     -0.117        349 4.5193e+02 0.0000e+00
     -0.083    25.9053     8.3107    102.278  36.727405     36.075      7.857   239.4352     4.2297     1.1856     0.0243      0.001     -0.082     -0.118        350 4.5141e+02 0.0000e+00
     -0.084    25.9088     8.3124    102.304  36.730865     36.074      7.860   239.3216     4.1973     0.9976     0.0243      0.000     -0.082     -0.119        351 4.5109e+02 0.0000e+00
     -0.082    25.9111     8.3058    102.229  36.757343     36.099      7.859   239.1702     4.2135     1.0111     0.0243      0.000     -0.081     -0.118        352 4.5014e+02 0.0000e+00
     -0.082    25.9126     8.2989    102.148  36.724113     36.069      7.850   239.3216     4.2216     1.0916     0.0243      0.001     -0.080     -0.116        353 4.5009e+02 0.0000e+00
     -0.081    25.9120     8.2894    102.035  36.742559     36.068      7.846   239.6623     4.2135     0.9708     0.0243      0.001     -0.080     -0.116        354 4.5022e+02 0.0000e+00
     -0.081    25.9088     8.2801    101.923  36.764043     36.121      7.840   239.3216     4.2216     1.0245     0.0244      0.001     -0.080     -0.116        355 4.4987e+02 0.0000e+00
     -0.081    25.9055     8.2746    101.856  36.697375     36.012      7.837   239.8137     4.2297     1.0111     0.0243      0.001     -0.080     -0.116        356 4.4991e+02 0.0000e+00
     -0.081    25.9038     8.2710    101.810  36.706890     36.069      7.834   239.7002     4.2175     1.0648     0.0243      0.001     -0.081     -0.116        357 4.4987e+02 0.0000e+00
     -0.083    25.9034     8.2870    102.003  36.692885     36.017      7.828   239.8895     4.1892     1.1051     0.0243      0.001     -0.081     -0.117        358 4.5012e+02 0.0000e+00
     -0.083    25.9057     8.3073    102.249  36.714805     36.073      7.833   239.7002     4.1973     1.0379     0.0243      0.000     -0.081     -0.117        359 4.5002e+02 0.0000e+00
     -0.081    25.9099     8.3260    102.477  36.738930     36.073      7.834   239.5487     4.2054     1.1319     0.0243     -0.000     -0.080     -0.116        360 4.4927e+02 0.0000e+00
     -0.082    25.9132     8.3358    102.591  36.722181     36.072      7.834   239.9273     4.2216     0.9439     0.0243     -0.000     -0.080     -0.116        361 4.4834e+02 0.0000e+00
     -0.082    25.9162     8.3465    102.718  36.735647     36.068      7.836   239.5487     4.1731     0.8634     0.0243     -0.000     -0.081     -0.117        362 4.4756e+02 0.0000e+00
     -0.083    25.9186     8.3490    102.743  36.722170     36.066      7.836   239.7380     4.2256     0.8634     0.0243     -0.000     -0.081     -0.118        363 4.4716e+02 0.0000e+00
     -0.083    25.9204     8.3419    102.650  36.738953     36.064      7.839   239.8895     4.2014     0.7559     0.0243     -0.001     -0.081     -0.118        364 4.4728e+02 0.0000e+00
     -0.083    25.9216     8.3409    102.640  36.774078     36.117      7.840   239.7002     4.1448     1.1319     0.0244     -0.000     -0.081     -0.118        365 4.4812e+02 0.0000e+00
     -0.084    25.9220     8.3397    102.628  36.737772     36.061      7.845   239.9652     4.1650     1.1588     0.0243     -0.000     -0.082     -0.119        366 4.4797e+02 0.0000e+00
     -0.084    25.9210     8.3403    102.638  36.724815     36.060      7.846   240.2680     4.1448     1.0782     0.0243     -0.001     -0.082     -0.119        367 4.4674e+02 0.0000e+00
     -0.084    25.9191     8.3438    102.680  36.760546     36.087      7.854   240.7980     4.1529     1.0648     0.0243     -0.001     -0.082     -0.119        368 4.4563e+02 0.0000e+00
     -0.084    25.9174     8.3446    102.683  36.722966     36.061      7.858   240.6087     4.2014     1.0648     0.0243     -0.001     -0.082     -0.119        369 4.4472e+02 0.0000e+00
     -0.083    25.9154     8.3442    102.676  36.682604     36.007      7.862   240.7223     4.2175     1.0648     0.0243     -0.000     -0.082     -0.119        370 4.4510e+02 0.0000e+00
     -0.083    25.9123     8.3393    102.608  36.721799     36.063      7.865   240.4195     4.2135     1.0782     0.0243     -0.000     -0.082     -0.119        371 4.4465e+02 0.0000e+00
     -0.085    25.9092     8.3325    102.517  36.733508     36.064      7.868   241.0252     4.2054     1.0245     0.0243     -0.000     -0.082     -0.119        372 4.4425e+02 0.0000e+00
     -0.083    25.9062     8.3275    102.451  36.727351     36.067      7.871   240.7602     4.2014     1.0111     0.0243     -0.000     -0.082     -0.119        373 4.4457e+02 0.0000e+00
     -0.084    25.9042     8.3247    102.416  36.729463     36.069      7.873   240.9495     4.1933     1.0648     0.0243     -0.000     -0.082     -0.120        374 4.4456e+02 0.0000e+00
     -0.085    25.9045     8.3255    102.425  36.730882     36.071      7.874   240.9116     4.2054     1.0916     0.0243     -0.000     -0.082     -0.120        375 4.4447e+02 0.0000e+00
     -0.084    25.9062     8.3293    102.479  36.725587     36.073      7.875   240.6087     4.2216     1.1856     0.0243     -0.000     -0.081     -0.118        376 4.4283e+02 0.0000e+00
     -0.081    25.9081     8.3406    102.627  36.676734     36.017      7.878   240.6845     4.2014     1.0379     0.0243      0.000     -0.080     -0.115        377 4.4200e+02 0.0000e+00
     -0.079    25.9069     8.3463    102.708  36.673041     36.016      7.880   240.8737     4.1771     0.8634     0.0243      0.001     -0.079     -0.114        378 4.4173e+02 0.0000e+00
     -0.079    25.9039     8.3500    102.763  36.730183     36.070      7.878   240.9495     4.2095     0.8634     0.0243      0.002     -0.079     -0.114        379 4.4163e+02 0.0000e+00
     -0.081    25.9017     8.3426    102.674  36.753919     36.098      7.884   241.1009     4.2337     0.9574     0.0243      0.003     -0.079     -0.114        380 4.4131e+02 0.0000e+00
     -0.079    25.8984     8.3381    102.618  36.732480     36.073      7.882   241.0252     4.2175     0.9305     0.0243      0.003     -0.077     -0.112        381 4.4091e+02 0.0000e+00
     -0.077    25.8940     8.3365    102.591  36.727203     36.074      7.871   241.1009     4.2459     0.7694     0.0243      0.003     -0.076     -0.111        382 4.4101e+02 0.0000e+00
     -0.077    25.8917     8.3386    102.609  36.730828     36.077      7.858   240.6845     4.2418     0.7962     0.0243      0.004     -0.077     -0.111        383 4.4067e+02 0.0000e+00
     -0.079    25.8912     8.3363    102.575  36.727972     36.080      7.853   240.9495     4.2661     0.8097     0.0243      0.002     -0.078     -0.112        384 4.4051e+02 0.0000e+00
     -0.080    25.8915     8.3311    102.508  36.730759     36.081      7.844   240.9495     4.2863     0.8768     0.0243      0.001     -0.078     -0.113        385 4.3939e+02 0.0000e+00
     -0.079    25.8951     8.3343    102.546  36.727361     36.082      7.839   240.9873     4.3429     1.0916     0.0243      0.000     -0.077     -0.112        386 4.3903e+02 0.0000e+00
     -0.077    25.9001     8.3318    102.519  36.732202     36.082      7.837   240.9495     4.3267     1.0648     0.0243      0.001     -0.077     -0.111        387 4.3923e+02 0.0000e+00
     -0.078    25.9055     8.3406    102.632  36.724734     36.079      7.839   241.2523     4.3510     1.1856     0.0243      0.001     -0.077     -0.112        388 4.3874e+02 0.0000e+00
     -0.079    25.9108     8.3470    102.713  36.736653     36.075      7.845   240.7980     4.3550     1.0514     0.0243     -0.000     -0.078     -0.113        389 4.3873e+02 0.0000e+00
     -0.080    25.9123     8.3507    102.761  36.776684     36.126      7.849   240.9116     4.2054     1.0648     0.0244     -0.001     -0.078     -0.113        390 4.3852e+02 0.0000e+00
     -0.080    25.9109     8.3564    102.835  36.763890     36.095      7.854   240.7602     4.2418     1.1051     0.0243     -0.001     -0.078     -0.113        391 4.3848e+02 0.0000e+00
     -0.080    25.9078     8.3540    102.808  36.722913     36.067      7.862   241.1387     4.1933     1.0648     0.0243     -0.000     -0.078     -0.113        392 4.3907e+02 0.0000e+00
     -0.079    25.9035     8.3501    102.761  36.679382     36.013      7.867   241.5930     4.1690     1.0379     0.0243     -0.000     -0.078     -0.113        393 4.3930e+02 0.0000e+00
     -0.080    25.9002     8.3342    102.564  36.669769     36.015      7.868   241.5930     4.1933     0.9842     0.0243     -0.001     -0.079     -0.114        394 4.3831e+02 0.0000e+00
     -0.081    25.8986     8.3321    102.534  36.734879     36.073      7.867   241.5552     4.0801     0.7694     0.0243     -0.001     -0.079     -0.114        395 4.3727e+02 0.0000e+00
     -0.080    25.8984     8.3270    102.468  36.716993     36.075      7.867   241.5173     4.0760     0.8231     0.0243     -0.001     -0.078     -0.113        396 4.3724e+02 0.0000e+00
     -0.079    25.9001     8.3279    102.479  36.692029     36.022      7.869   241.6309     4.0679     0.9439     0.0243     -0.000     -0.078     -0.113        397 4.3694e+02 0.0000e+00
     -0.079    25.9024     8.3309    102.514  36.706628     36.077      7.871   241.7823     4.0801     0.7559     0.0243      0.000     -0.077     -0.112        398 4.3605e+02 0.0000e+00
     -0.078    25.9036     8.3371    102.591  36.698824     36.020      7.872   241.8202     4.1771     1.0648     0.0243      0.001     -0.077     -0.112        399 4.3573e+02 0.0000e+00
     -0.078    25.9052     8.3418    102.653  36.761059     36.129      7.878   241.5173     4.1609     0.9305     0.0244      0.001     -0.077     -0.112        400 4.3542e+02 0.0000e+00
     -0.078    25.9071     8.3433    102.672  36.747813     36.073      7.879   242.1609     4.1367     0.9976     0.0243      0.001     -0.077     -0.111        401 4.3532e+02 0.0000e+00
     -0.077    25.9082     8.3477    102.729  36.715308     36.072      7.881   241.9337     4.1569     0.9842     0.0243      0.002     -0.077     -0.111        402 4.3546e+02 0.0000e+00
     -0.078    25.9090     8.3458    102.707  36.682874     36.016      7.882   242.2366     4.2742     1.0379     0.0243      0.001     -0.077     -0.111        403 4.3507e+02 0.0000e+00
     -0.077    25.9085     8.3435    102.678  36.669538     36.015      7.884   242.5395     4.2782     1.0514     0.0243      0.001     -0.076     -0.110        404 4.3491e+02 0.0000e+00
     -0.077    25.9063     8.3444    102.684  36.672586     36.014      7.882   242.3123     4.2822     0.9708     0.0243      0.001     -0.076     -0.110        405 4.3526e+02 0.0000e+00
     -0.078    25.9046     8.3515    102.767  36.679081     36.015      7.879   242.4259     4.2661     0.9842     0.0243      0.001     -0.077     -0.111        406 4.3504e+02 0.0000e+00
     -0.078    25.9042     8.3553    102.810  36.720773     36.071      7.879   242.4637     4.2216     0.8499     0.0243      0.000     -0.077     -0.111        407 4.3498e+02 0.0000e+00
     -0.079    25.9034     8.3666    102.945  36.739338     36.072      7.878   242.1987     4.2175     0.8365     0.0243     -0.000     -0.078     -0.112        408 4.3433e+02 0.0000e+00
     -0.079    25.9040     8.3696    102.980  36.715297     36.072      7.877   242.1609     4.2135     0.7828     0.0243     -0.001     -0.078     -0.112        409 4.3364e+02 0.0000e+00
     -0.079    25.9056     8.3704    102.987  36.691374     36.018      7.877   242.0095     4.1933     0.8634     0.0243     -0.001     -0.077     -0.112        410 4.3383e+02 0.0000e+00
     -0.079    25.9066     8.3725    103.012  36.709791     36.073      7.879   242.3880     4.1852     0.8097     0.0243     -0.001     -0.077     -0.112        411 4.3319e+02 0.0000e+00
     -0.079    25.9079     8.3723    103.007  36.692376     36.016      7.879   242.3880     4.2216     0.8768     0.0243     -0.001     -0.078     -0.113        412 4.3334e+02 0.0000e+00
     -0.081    25.9085     8.3637    102.898  36.713045     36.071      7.884   242.3502     4.1892     0.9305     0.0243     -0.001     -0.079     -0.114        413 4.3355e+02 0.0000e+00
     -0.080    25.9076     8.3550    102.787  36.743388     36.070      7.884   242.2366     4.2216     0.8634     0.0243     -0.001     -0.079     -0.114        414 4.3332e+02 0.0000e+00
     -0.080    25.9052     8.3522    102.748  36.713934     36.069      7.884   242.2745     4.1892     0.7828     0.0243     -0.001     -0.078     -0.113        415 4.3302e+02 0.0000e+00
     -0.079    25.9027     8.3501    102.722  36.749699     36.070      7.885   242.6530     4.2095     0.8231     0.0243     -0.000     -0.078     -0.112        416 4.3282e+02 0.0000e+00
     -0.079    25.9005     8.3472    102.684  36.758198     36.127      7.887   242.8045     4.2135     0.7962     0.0244     -0.000     -0.078     -0.112        417 4.3247e+02 0.0000e+00
     -0.080    25.8986     8.3563    102.792  36.703359     36.019      7.885   242.8045     4.2054     0.8499     0.0243     -0.000     -0.078     -0.112        418 4.3195e+02 0.0000e+00
     -0.079    25.8973     8.3612    102.846  36.699310     36.075      7.885   242.9180     4.2378     0.9305     0.0243      0.000     -0.077     -0.112        419 4.3196e+02 0.0000e+00
     -0.079    25.8964     8.3634    102.865  36.703920     36.022      7.884   243.1073     4.2095     1.0916     0.0243      0.001     -0.077     -0.112        420 4.3128e+02 0.0000e+00
     -0.079    25.8958     8.3660    102.888  36.756942     36.132      7.885   243.4480     4.1933     1.0379     0.0244      0.001     -0.077     -0.112        421 4.3091e+02 0.0000e+00
     -0.079    25.8945     8.3689    102.921  36.692644     36.023      7.885   243.5238     4.1973     1.0111     0.0243      0.001     -0.077     -0.112        422 4.3131e+02 0.0000e+00
     -0.079    25.8927     8.3719    102.957  36.665300     36.023      7.885   243.2209     4.2216     1.0782     0.0243      0.000     -0.077     -0.112        423 4.3008e+02 0.0000e+00
     -0.078    25.8907     8.3807    103.061  36.672334     36.024      7.886   243.0316     4.2014     0.9574     0.0243      0.001     -0.076     -0.111        424 4.2956e+02 0.0000e+00
     -0.077    25.8887     8.3840    103.099  36.683891     36.026      7.885   243.1830     4.1933     0.8902     0.0243      0.001     -0.076     -0.110        425 4.3058e+02 0.0000e+00
