Data/DataNotYetUploadedToEDI/Raw_CTD/RawDownloads/082018_fcr10.cnv
* Sea-Bird SBE19plus  Data File:
* FileName = C:\DATA\082018_fcr_0002.hex
* Software version 2.6.3.104
* Temperature SN = 7809
* Conductivity SN = 7809
* System UpLoad Time = Aug 20 2018 17:52:26
* <ApplicationData>
* <Seaterm232>
# nquan = 17
# nvalues = 600                         
# units = specified
# name 0 = depFM: Depth [fresh water, m]
# name 1 = tv290C: Temperature [ITS-90, deg C]
# name 2 = sbeox0Mg/L: Oxygen, SBE 43 [mg/l]
# name 3 = sbeox0PS: Oxygen, SBE 43 [% saturation]
# name 4 = c0uS/cm: Conductivity [uS/cm]
# name 5 = specc: Specific Conductance [uS/cm]
# name 6 = ph: pH
# name 7 = orp: Oxidation Reduction Potential [mV]
# name 8 = flECO-AFL: Fluorescence, WET Labs ECO-AFL/FL [mg/m^3]
# name 9 = turbWETntu0: Turbidity, WET Labs ECO [NTU]
# name 10 = sal00: Salinity, Practical [PSU]
# name 11 = dz/dtM: Descent Rate [m/s]
# name 12 = prdM: Pressure, Strain Gauge [db]
# name 13 = prdE: Pressure, Strain Gauge [psi]
# name 14 = scan: Scan Count
# name 15 = par/sat/log: PAR/Logarithmic, Satlantic
# name 16 = flag:  0.000e+00
# span 0 =     -0.549,      2.729       
# span 1 =    22.3580,    25.8418       
# span 2 =     0.1561,     9.0243       
# span 3 =      1.802,    110.865       
# span 4 =   0.312840,  93.936604       
# span 5 =      0.587,     99.683       
# span 6 =      6.406,      8.047       
# span 7 =    23.0810,   273.9610       
# span 8 =    -0.1981,    11.0756       
# span 9 =    -0.3049,    22.0527       
# span 10 =     0.0112,     0.0510      
# span 11 =     -0.094,      0.288      
# span 12 =     -0.538,      2.674      
# span 13 =     -0.780,      3.879      
# span 14 =          1,        600      
# span 15 = 3.0883e+00, 3.9313e+02      
# span 16 = 0.0000e+00, 0.0000e+00      
# interval = seconds: 0.25
# start_time = Aug 20 2018 15:56:59 [Instrument's time stamp, header]
# bad_flag = -9.990e-29
*END*
[from data line 171]
     -0.036    25.1349     4.9003     59.819  35.703044     35.593      7.552   228.1159     4.7958     1.2393     0.0239     -0.001     -0.034     -0.050        172 3.6111e+02 0.0000e+00
     -0.035    25.1328     5.5545     68.000  35.713573     35.621      7.553   228.6459     4.7837     1.3065     0.0239     -0.001     -0.034     -0.050        173 3.6070e+02 0.0000e+00
     -0.035    25.1312     6.3775     78.190  35.646250     35.539      7.551   228.5323     4.7917     1.3468     0.0239     -0.001     -0.034     -0.050        174 3.6045e+02 0.0000e+00
     -0.034    25.1302     7.1873     88.191  35.638537     35.541      7.550   228.5323     4.7756     1.3871     0.0239     -0.000     -0.034     -0.049        175 3.6052e+02 0.0000e+00
     -0.034    25.1304     7.8912     96.872  35.634199     35.542      7.552   228.9109     4.7068     1.3199     0.0239     -0.000     -0.033     -0.048        176 3.6088e+02 0.0000e+00
     -0.032    25.1297     8.4607    103.893  35.651650     35.542      7.555   228.9866     4.7068     1.2931     0.0239      0.000     -0.032     -0.046        177 3.6008e+02 0.0000e+00
     -0.032    25.1291     8.8263    108.405  35.676137     35.598      7.556   229.4787     4.7068     1.2662     0.0239      0.001     -0.032     -0.046        178 3.5974e+02 0.0000e+00
     -0.033    25.1258     9.0164    110.754  35.663042     35.543      7.555   230.0087     4.7109     1.2662     0.0239      0.002     -0.032     -0.047        179 3.5880e+02 0.0000e+00
     -0.034    25.1287     9.0243    110.865  35.608631     35.544      7.551   230.2359     4.7311     1.3602     0.0239      0.001     -0.032     -0.047        180 3.5704e+02 0.0000e+00
     -0.033    25.2420     8.9093    109.469  35.684535     35.545      7.548   230.5009     4.7068     1.2662     0.0239      0.001     -0.032     -0.046        181 3.5640e+02 0.0000e+00
     -0.032    25.4615     8.7484    107.509  36.221061     36.158      7.547   230.2359     4.7028     1.2662     0.0242      0.001     -0.032     -0.045        182 3.5572e+02 0.0000e+00
     -0.031    25.6222     8.6062    105.766  36.601789     36.412      7.544   230.8416     4.7149     1.3333     0.0243      0.001     -0.032     -0.045        183 3.5666e+02 0.0000e+00
     -0.032    25.7016     8.4774    104.184  36.663943     36.331      7.541   230.8037     4.7190     1.3065     0.0243      0.001     -0.032     -0.046        184 3.5769e+02 0.0000e+00
     -0.033    25.7476     8.3795    102.986  36.677484     36.218      7.525   230.6144     4.7028     1.1856     0.0243      0.000     -0.033     -0.047        185 3.5722e+02 0.0000e+00
     -0.035    25.7718     8.2890    101.878  36.673836     36.161      7.516   230.7280     4.7351     1.3199     0.0243     -0.001     -0.035     -0.049        186 3.5751e+02 0.0000e+00
     -0.036    25.7881     8.2101    100.910  36.668437     36.129      7.511   230.9930     4.6987     1.2528     0.0243     -0.001     -0.035     -0.050        187 3.5784e+02 0.0000e+00
     -0.036    25.7992     8.1490    100.160  36.595202     36.029      7.512   231.0687     4.7311     1.2796     0.0243     -0.002     -0.035     -0.050        188 3.5754e+02 0.0000e+00
     -0.035    25.8069     8.1008     99.571  36.616667     36.045      7.516   230.8794     4.7392     1.2931     0.0243     -0.002     -0.034     -0.049        189 3.5763e+02 0.0000e+00
     -0.034    25.8135     8.0681     99.168  36.671375     36.092      7.527   231.4473     4.6987     1.2931     0.0243     -0.002     -0.033     -0.048        190 3.5683e+02 0.0000e+00
     -0.034    25.8220     8.0545     98.998  36.675407     36.087      7.534   231.4851     4.7190     1.2931     0.0243     -0.001     -0.033     -0.048        191 3.5575e+02 0.0000e+00
     -0.035    25.8299     8.0561     99.015  36.670962     36.082      7.540   231.5987     4.6907     1.3736     0.0243     -0.001     -0.034     -0.049        192 3.5479e+02 0.0000e+00
     -0.034    25.8328     8.0597     99.058  36.676903     36.076      7.545   231.6366     4.7149     1.3333     0.0243      0.000     -0.034     -0.049        193 3.5335e+02 0.0000e+00
     -0.035    25.8335     8.0762     99.257  36.668009     36.070      7.549   231.8637     4.7230     1.2393     0.0243      0.001     -0.034     -0.049        194 3.5197e+02 0.0000e+00
     -0.033    25.8359     8.0927     99.456  36.682027     36.068      7.547   231.8637     4.7230     1.1856     0.0243      0.001     -0.033     -0.047        195 3.5137e+02 0.0000e+00
     -0.032    25.8385     8.1009     99.549  36.718776     36.123      7.545   232.3180     4.7068     1.2931     0.0243      0.001     -0.031     -0.045        196 3.5175e+02 0.0000e+00
     -0.031    25.8392     8.1088     99.639  36.681595     36.066      7.539   232.4694     4.7715     1.3871     0.0243      0.002     -0.030     -0.043        197 3.5158e+02 0.0000e+00
     -0.030    25.8402     8.1163     99.727  36.668980     36.064      7.538   232.7723     4.7958     1.2662     0.0243      0.002     -0.030     -0.043        198 3.5159e+02 0.0000e+00
     -0.031    25.8418     8.1179     99.744  36.675154     36.064      7.539   233.1509     4.7554     1.2393     0.0243      0.002     -0.030     -0.044        199 3.5215e+02 0.0000e+00
     -0.031    25.8414     8.1050     99.588  36.673909     36.063      7.540   232.7723     4.8201     1.2796     0.0243      0.002     -0.031     -0.045        200 3.5266e+02 0.0000e+00
     -0.033    25.8395     8.0882     99.384  36.729848     36.117      7.544   232.7723     4.7917     1.2259     0.0243      0.001     -0.031     -0.045        201 3.5266e+02 0.0000e+00
     -0.031    25.8380     8.0784     99.262  36.724177     36.117      7.547   232.8101     4.7230     1.2796     0.0243      0.001     -0.030     -0.044        202 3.5208e+02 0.0000e+00
     -0.030    25.8371     8.0835     99.314  36.680966     36.063      7.548   233.0752     4.7634     1.3602     0.0243      0.001     -0.030     -0.044        203 3.5078e+02 0.0000e+00
     -0.031    25.8352     8.0915     99.403  36.664986     36.065      7.551   233.3780     4.7190     1.3065     0.0243      0.000     -0.030     -0.044        204 3.5029e+02 0.0000e+00
     -0.032    25.8327     8.0982     99.481  36.684746     36.065      7.552   233.4537     4.7149     1.1856     0.0243     -0.000     -0.031     -0.045        205 3.4994e+02 0.0000e+00
     -0.032    25.8288     8.1043     99.555  36.715695     36.122      7.555   233.9459     4.8362     1.1856     0.0243     -0.000     -0.031     -0.045        206 3.4783e+02 0.0000e+00
     -0.031    25.8248     8.1130     99.661  36.685791     36.068      7.558   233.9080     4.8322     1.3065     0.0243      0.000     -0.030     -0.044        207 3.4735e+02 0.0000e+00
     -0.031    25.8223     8.1251     99.805  36.662643     36.071      7.560   234.0594     4.8241     1.2931     0.0243      0.000     -0.030     -0.044        208 3.4773e+02 0.0000e+00
     -0.031    25.8211     8.1368     99.944  36.685184     36.074      7.564   233.6430     4.8281     1.3065     0.0243      0.000     -0.031     -0.044        209 3.4808e+02 0.0000e+00
     -0.031    25.8222     8.1394     99.970  36.717060     36.131      7.561   234.5137     4.7837     1.3199     0.0243     -0.000     -0.031     -0.044        210 3.4914e+02 0.0000e+00
     -0.032    25.8239     8.1562    100.173  36.682295     36.077      7.566   234.1730     4.8079     1.3736     0.0243     -0.000     -0.031     -0.045        211 3.4858e+02 0.0000e+00
     -0.033    25.8224     8.1709    100.349  36.669129     36.076      7.564   234.6273     4.8201     1.3333     0.0243     -0.000     -0.032     -0.045        212 3.4863e+02 0.0000e+00
     -0.032    25.8172     8.1581    100.190  36.674124     36.074      7.565   234.5516     4.7877     1.2931     0.0243     -0.001     -0.032     -0.045        213 3.4941e+02 0.0000e+00
     -0.031    25.8120     8.1562    100.166  36.676079     36.075      7.563   234.8923     4.8281     1.2259     0.0243     -0.000     -0.032     -0.045        214 3.4834e+02 0.0000e+00
     -0.032    25.8096     8.1710    100.345  36.666698     36.079      7.559   235.0816     4.8322     1.2125     0.0243     -0.001     -0.032     -0.046        215 3.4651e+02 0.0000e+00
     -0.033    25.8092     8.1799    100.454  36.685800     36.083      7.561   234.8923     4.8201     1.2662     0.0243     -0.001     -0.032     -0.046        216 3.4527e+02 0.0000e+00
     -0.033    25.8083     8.1846    100.511  36.711628     36.140      7.564   235.2709     4.8362     1.3333     0.0243     -0.001     -0.032     -0.046        217 3.4595e+02 0.0000e+00
     -0.032    25.8061     8.1924    100.606  36.604899     36.002      7.564   235.4223     4.8888     1.2125     0.0243     -0.000     -0.031     -0.045        218 3.4582e+02 0.0000e+00
     -0.032    25.8034     8.2034    100.741  36.581348     36.003      7.566   235.2709     4.9050     1.3602     0.0243     -0.000     -0.031     -0.045        219 3.4433e+02 0.0000e+00
     -0.032    25.8004     8.2124    100.852  36.592640     36.005      7.568   235.2709     4.8807     1.2125     0.0243      0.000     -0.031     -0.045        220 3.4381e+02 0.0000e+00
     -0.033    25.7982     8.2117    100.845  36.590849     36.006      7.568   235.8387     4.8848     1.2662     0.0243     -0.000     -0.032     -0.046        221 3.4422e+02 0.0000e+00
     -0.033    25.7964     8.2075    100.795  36.672556     36.091      7.570   235.7252     4.8888     1.3602     0.0243     -0.000     -0.032     -0.046        222 3.4471e+02 0.0000e+00
     -0.033    25.7949     8.2017    100.725  36.609594     36.038      7.572   235.8766     4.7917     1.2259     0.0243     -0.000     -0.032     -0.046        223 3.4408e+02 0.0000e+00
     -0.033    25.7941     8.1895    100.577  36.550568     35.957      7.573   236.2173     4.8362     1.3602     0.0243     -0.000     -0.032     -0.046        224 3.4499e+02 0.0000e+00
     -0.033    25.7935     8.1802    100.466  36.657038     36.095      7.572   236.0280     4.7917     1.2662     0.0243     -0.000     -0.032     -0.047        225 3.4580e+02 0.0000e+00
     -0.033    25.7934     8.1674    100.312  36.595733     36.013      7.564   236.4444     4.8039     1.2662     0.0243     -0.001     -0.032     -0.047        226 3.4484e+02 0.0000e+00
     -0.034    25.7929     8.1548    100.160  36.597200     36.014      7.561   236.4823     4.7311     1.2931     0.0243     -0.001     -0.033     -0.048        227 3.4470e+02 0.0000e+00
     -0.035    25.7923     8.1436    100.022  36.655212     36.096      7.556   236.5959     4.7311     1.2662     0.0243     -0.001     -0.033     -0.048        228 3.4479e+02 0.0000e+00
     -0.034    25.7922     8.1416     99.995  36.612517     36.014      7.557   237.0502     4.7149     1.2259     0.0243     -0.001     -0.033     -0.048        229 3.4393e+02 0.0000e+00
     -0.033    25.7925     8.1474    100.063  36.650334     36.097      7.554   237.1259     4.7270     1.2931     0.0243     -0.001     -0.033     -0.047        230 3.4283e+02 0.0000e+00
     -0.033    25.7931     8.1471    100.058  36.608149     36.015      7.559   236.9744     4.8201     1.2393     0.0243     -0.000     -0.033     -0.047        231 3.4313e+02 0.0000e+00
     -0.033    25.7939     8.1517    100.115  36.576037     36.014      7.559   237.5802     4.8201     1.2662     0.0243     -0.000     -0.032     -0.046        232 3.4346e+02 0.0000e+00
     -0.032    25.7949     8.1598    100.214  36.601318     36.014      7.564   237.4666     4.8160     1.1856     0.0243      0.000     -0.032     -0.046        233 3.4282e+02 0.0000e+00
     -0.033    25.7958     8.1741    100.392  36.665665     36.096      7.569   237.8830     4.8281     1.2393     0.0243      0.001     -0.032     -0.046        234 3.4252e+02 0.0000e+00
     -0.032    25.7973     8.1855    100.533  36.673915     36.095      7.569   238.4509     4.7513     1.3468     0.0243      0.001     -0.032     -0.046        235 3.4179e+02 0.0000e+00
     -0.033    25.7993     8.1958    100.663  36.591051     36.012      7.574   238.6023     4.8120     1.3199     0.0243      0.001     -0.032     -0.047        236 3.4213e+02 0.0000e+00
     -0.034    25.8008     8.2033    100.757  36.590832     36.011      7.576   238.3373     4.7756     1.3333     0.0243      0.000     -0.032     -0.047        237 3.4199e+02 0.0000e+00
     -0.032    25.8006     8.2001    100.719  36.585209     36.009      7.579   238.0723     4.7917     1.1991     0.0243      0.000     -0.032     -0.046        238 3.4173e+02 0.0000e+00
     -0.032    25.7991     8.1844    100.527  36.598047     36.008      7.579   238.6780     4.7756     1.2662     0.0243      0.000     -0.032     -0.046        239 3.4231e+02 0.0000e+00
     -0.034    25.7976     8.1713    100.367  36.663831     36.091      7.578   238.2616     4.7796     1.3602     0.0243     -0.000     -0.033     -0.047        240 3.4034e+02 0.0000e+00
     -0.034    25.7967     8.1448    100.040  36.681299     36.092      7.580   238.3752     4.8120     1.3468     0.0243     -0.001     -0.033     -0.047        241 3.3899e+02 0.0000e+00
     -0.032    25.7965     8.1204     99.738  36.665287     36.093      7.578   238.2995     4.7756     1.2528     0.0243     -0.000     -0.032     -0.046        242 3.3894e+02 0.0000e+00
     -0.030    25.7967     8.1340     99.904  36.594780     36.011      7.581   238.8295     4.7877     1.2125     0.0243      0.000     -0.031     -0.045        243 3.3828e+02 0.0000e+00
     -0.031    25.7975     8.1255     99.795  36.591091     36.011      7.583   239.0566     4.9333     1.3333     0.0243      0.001     -0.031     -0.045        244 3.3834e+02 0.0000e+00
     -0.033    25.7986     8.1159     99.672  36.669878     36.094      7.584   239.0945     4.8645     1.2931     0.0243      0.001     -0.032     -0.046        245 3.3895e+02 0.0000e+00
     -0.033    25.8003     8.1238     99.764  36.674685     36.093      7.583   239.3216     4.8969     1.3333     0.0243      0.000     -0.032     -0.046        246 3.3917e+02 0.0000e+00
     -0.032    25.8015     8.1301     99.840  36.585109     36.010      7.586   239.3973     4.8969     1.2931     0.0243      0.000     -0.031     -0.045        247 3.3854e+02 0.0000e+00
     -0.031    25.8021     8.1293     99.829  36.603396     36.009      7.588   239.3595     4.9373     1.2662     0.0243      0.001     -0.030     -0.044        248 3.3755e+02 0.0000e+00
     -0.030    25.8028     8.1141     99.640  36.651925     36.090      7.587   239.6623     4.9697     1.3199     0.0243      0.001     -0.030     -0.044        249 3.3767e+02 0.0000e+00
     -0.031    25.8034     8.1204     99.717  36.613694     36.008      7.589   239.7380     4.9575     1.3065     0.0243      0.000     -0.031     -0.045        250 3.3736e+02 0.0000e+00
     -0.034    25.8023     8.1275     99.803  36.650974     36.089      7.593   240.0787     4.9414     1.2931     0.0243     -0.000     -0.032     -0.046        251 3.3583e+02 0.0000e+00
     -0.033    25.8010     8.1510    100.090  36.605530     36.007      7.594   239.7380     4.8726     1.2662     0.0243     -0.000     -0.031     -0.046        252 3.3498e+02 0.0000e+00
     -0.030    25.8006     8.1642    100.252  36.581271     36.007      7.595   239.8137     4.8888     1.2393     0.0243      0.000     -0.030     -0.043        253 3.3562e+02 0.0000e+00
     -0.028    25.7983     8.1688    100.307  36.592187     36.008      7.596   239.7380     4.9009     1.3468     0.0243      0.001     -0.029     -0.041        254 3.3481e+02 0.0000e+00
     -0.028    25.7951     8.1796    100.438  36.591944     36.008      7.595   240.0787     4.9090     1.2931     0.0243      0.002     -0.029     -0.041        255 3.3375e+02 0.0000e+00
