Data/DataNotYetUploadedToEDI/Raw_CTD/RawDownloads/082218_ccr50.cnv
* Sea-Bird SBE19plus  Data File:
* FileName = C:\DATA\082218_ccr50_0001.hex
* Software version 2.6.3.104
* Temperature SN = 7809
* Conductivity SN = 7809
* System UpLoad Time = Aug 22 2018 17:39:14
* <ApplicationData>
* <Seaterm232>
# nquan = 17
# nvalues = 1289                        
# units = specified
# name 0 = depFM: Depth [fresh water, m]
# name 1 = tv290C: Temperature [ITS-90, deg C]
# name 2 = sbeox0Mg/L: Oxygen, SBE 43 [mg/l]
# name 3 = sbeox0PS: Oxygen, SBE 43 [% saturation]
# name 4 = c0uS/cm: Conductivity [uS/cm]
# name 5 = specc: Specific Conductance [uS/cm]
# name 6 = ph: pH
# name 7 = orp: Oxidation Reduction Potential [mV]
# name 8 = flECO-AFL: Fluorescence, WET Labs ECO-AFL/FL [mg/m^3]
# name 9 = turbWETntu0: Turbidity, WET Labs ECO [NTU]
# name 10 = sal00: Salinity, Practical [PSU]
# name 11 = dz/dtM: Descent Rate [m/s]
# name 12 = prdM: Pressure, Strain Gauge [db]
# name 13 = prdE: Pressure, Strain Gauge [psi]
# name 14 = scan: Scan Count
# name 15 = par/sat/log: PAR/Logarithmic, Satlantic
# name 16 = flag:  0.000e+00
# span 0 =     -0.395,     20.682       
# span 1 =    11.0694,    29.1956       
# span 2 =     0.3920,     9.4557       
# span 3 =      3.562,    112.109       
# span 4 =   0.645362, 107.756060       
# span 5 =      1.162,    132.386       
# span 6 =      6.536,      8.368       
# span 7 = -1240.7455,  1240.2295       
# span 8 =    -0.1860,     3.2107       
# span 9 =    -0.7480,    21.9318       
# span 10 =     0.0132,     0.0624      
# span 11 =     -0.215,      0.192      
# span 12 =     -0.387,     20.281      
# span 13 =     -0.561,     29.414      
# span 14 =          1,       1289      
# span 15 = 1.2327e-01, 2.1288e+03      
# span 16 = 0.0000e+00, 0.0000e+00      
# interval = seconds: 0.25
# start_time = Aug 22 2018 18:14:00 [Instrument's time stamp, header]
# bad_flag = -9.990e-29
*END*
[from data line 681]
      8.731    12.5177     6.0229     56.419  90.493566    120.460      7.142   284.9774     1.0109     1.6690     0.0576      0.062      8.562     12.418        682 1.2138e+01 0.0000e+00
      8.749    12.4976     6.0247     56.423  90.473752    120.487      7.141   285.2046     0.9220     1.8839     0.0576      0.065      8.580     12.444        683 1.1860e+01 0.0000e+00
      8.767    12.4755     6.0308     56.467  90.440075    120.526      7.137   285.1289     0.9099     1.7228     0.0576      0.068      8.598     12.470        684 1.1653e+01 0.0000e+00
      8.788    12.4526     6.0351     56.495  90.416546    120.547      7.135   285.7724     0.9260     1.8839     0.0576      0.071      8.618     12.498        685 1.1386e+01 0.0000e+00
      8.807    12.4259     6.0425     56.572  90.354363    120.550      7.131   285.3939     0.9260     1.8705     0.0576      0.074      8.634     12.522        686 1.1238e+01 0.0000e+00
      8.815    12.4028     6.0561     56.710  90.368791    120.618      7.129   285.6967     0.9867     1.7630     0.0576      0.073      8.644     12.537        687 1.1175e+01 0.0000e+00
      8.822    12.3887     6.0707     56.838  90.458100    120.859      7.125   285.6967     0.9786     1.5616     0.0577      0.067      8.651     12.547        688 1.0999e+01 0.0000e+00
      8.828    12.3774     6.0875     56.961  90.451427    120.893      7.121   285.8860     0.9665     1.6556     0.0577      0.060      8.657     12.556        689 1.0942e+01 0.0000e+00
      8.832    12.3800     6.0986     57.007  90.436601    120.940      7.121   285.9239     0.9745     1.6422     0.0577      0.051      8.660     12.561        690 1.0946e+01 0.0000e+00
      8.833    12.3974     6.1122     57.087  90.476569    121.013      7.116   285.9239     1.0029     1.7362     0.0578      0.041      8.662     12.563        691 1.0995e+01 0.0000e+00
      8.834    12.4026     6.1119     57.080  90.490916    121.045      7.115   286.1889     0.9988     1.6153     0.0578      0.030      8.666     12.568        692 1.0946e+01 0.0000e+00
      8.841    12.3934     6.1207     57.143  90.448483    120.909      7.114   286.2646     0.9624     1.6153     0.0577      0.022      8.673     12.579        693 1.0820e+01 0.0000e+00
      8.855    12.3831     6.1312     57.232  90.410406    120.856      7.111   286.0753     0.9907     1.6153     0.0577      0.020      8.683     12.594        694 1.0709e+01 0.0000e+00
      8.866    12.3746     6.1424     57.338  90.449079    120.925      7.108   286.4160     0.9948     1.9242     0.0577      0.022      8.690     12.604        695 1.0731e+01 0.0000e+00
      8.862    12.3789     6.1542     57.451  90.430102    120.956      7.108   286.4160     1.0109     1.8436     0.0577      0.022      8.689     12.602        696 1.0874e+01 0.0000e+00
      8.851    12.3876     6.1739     57.643  90.434033    120.949      7.105   286.3403     1.0109     1.8436     0.0577      0.018      8.686     12.599        697 1.0869e+01 0.0000e+00
      8.861    12.3807     6.1988     57.885  90.473934    121.046      7.102   287.0596     1.0029     1.9645     0.0578      0.016      8.695     12.611        698 1.0657e+01 0.0000e+00
      8.887    12.3541     6.2001     57.901  90.380445    120.830      7.097   287.1732     0.9948     1.8705     0.0577      0.021      8.716     12.641        699 1.0392e+01 0.0000e+00
      8.915    12.3087     6.2033     57.919  90.312460    120.813      7.092   287.2489     0.9988     1.7899     0.0577      0.030      8.741     12.678        700 1.0174e+01 0.0000e+00
      8.939    12.2750     6.1936     57.823  90.261158    120.789      7.088   287.3246     0.9584     1.8302     0.0576      0.040      8.765     12.713        701 1.0008e+01 0.0000e+00
      8.961    12.2680     6.2145     57.984  90.325365    121.046      7.086   287.3246     0.9665     1.8705     0.0577      0.051      8.786     12.744        702 9.8601e+00 0.0000e+00
      8.980    12.2558     6.1883     57.682  90.292081    121.127      7.085   287.5517     0.9745     1.8167     0.0578      0.064      8.805     12.772        703 9.6945e+00 0.0000e+00
      8.998    12.2476     6.1808     57.578  90.213399    120.987      7.081   287.4003     1.1282     1.6690     0.0577      0.077      8.823     12.797        704 9.5956e+00 0.0000e+00
      9.012    12.2495     6.1742     57.507  90.244867    121.149      7.081   287.4760     1.1080     1.7496     0.0578      0.084      8.838     12.818        705 9.5319e+00 0.0000e+00
      9.026    12.2514     6.1688     57.434  90.163715    120.983      7.078   287.1732     1.0999     1.6825     0.0577      0.082      8.852     12.838        706 9.4340e+00 0.0000e+00
      9.039    12.2573     6.1466     57.207  90.225181    121.128      7.078   287.0596     1.1282     1.7630     0.0578      0.074      8.865     12.857        707 9.3241e+00 0.0000e+00
      9.052    12.2655     6.1449     57.182  90.287332    121.160      7.071   287.7410     1.1767     1.6153     0.0578      0.066      8.877     12.874        708 9.1659e+00 0.0000e+00
      9.064    12.2668     6.1358     57.087  90.294543    121.177      7.072   287.5517     1.1525     1.6153     0.0578      0.060      8.887     12.889        709 9.1202e+00 0.0000e+00
      9.070    12.2597     6.1314     57.026  90.305419    121.152      7.067   287.8546     1.1848     1.6690     0.0578      0.054      8.895     12.901        710 9.1045e+00 0.0000e+00
      9.078    12.2533     6.1411     57.097  90.273789    121.106      7.064   287.7032     1.1767     1.6690     0.0578      0.048      8.905     12.916        711 8.9576e+00 0.0000e+00
      9.094    12.2282     6.1338     57.026  90.244687    121.098      7.061   287.9303     1.0999     1.6422     0.0577      0.045      8.921     12.939        712 8.7789e+00 0.0000e+00
      9.119    12.1849     6.1310     57.006  90.192946    121.037      7.062   287.8925     1.1201     1.5750     0.0577      0.048      8.944     12.972        713 8.5382e+00 0.0000e+00
      9.148    12.1592     6.1360     57.048  90.159759    121.084      7.057   288.3846     1.1039     1.6422     0.0577      0.054      8.970     13.010        714 8.3372e+00 0.0000e+00
      9.174    12.1500     6.1294     56.965  90.137325    121.188      7.051   288.5360     1.1242     1.6422     0.0578      0.063      8.997     13.050        715 8.1579e+00 0.0000e+00
      9.203    12.1335     6.1191     56.846  90.131692    121.274      7.047   288.8389     1.0918     1.9107     0.0578      0.074      9.025     13.090        716 7.9074e+00 0.0000e+00
      9.233    12.1183     6.1210     56.844  90.107323    121.261      7.043   288.6117     1.0999     1.8436     0.0578      0.087      9.053     13.130        717 7.7747e+00 0.0000e+00
      9.256    12.1115     6.1128     56.762  90.078453    121.282      7.039   289.0282     1.1201     1.9376     0.0578      0.097      9.078     13.167        718 7.6174e+00 0.0000e+00
      9.284    12.1027     6.1092     56.734  90.108160    121.368      7.042   289.1417     1.1120     1.9376     0.0578      0.104      9.108     13.210        719 7.3206e+00 0.0000e+00
      9.324    12.0875     6.0997     56.651  90.070372    121.352      7.033   289.3310     1.0635     2.0584     0.0578      0.111      9.141     13.258        720 7.0863e+00 0.0000e+00
      9.355    12.0730     6.0877     56.542  89.976799    121.229      7.030   289.4446     1.0514     2.0719     0.0577      0.114      9.169     13.298        721 6.9652e+00 0.0000e+00
      9.368    12.0703     6.0744     56.428  89.986712    121.317      7.027   289.2932     1.0595     2.1122     0.0578      0.112      9.183     13.319        722 7.0066e+00 0.0000e+00
      9.367    12.0748     6.0593     56.294  90.028315    121.403      7.026   289.6717     1.0433     2.1390     0.0578      0.103      9.190     13.329        723 6.9293e+00 0.0000e+00
      9.378    12.0709     6.0421     56.128  90.014256    121.412      7.027   289.9746     1.0473     2.3270     0.0578      0.091      9.204     13.350        724 6.7023e+00 0.0000e+00
      9.413    12.0551     6.0254     55.972  90.004212    121.359      7.021   289.9746     1.0554     2.2599     0.0578      0.084      9.236     13.396        725 6.3847e+00 0.0000e+00
      9.465    12.0363     6.0172     55.900  89.951597    121.333      7.019   290.3532     1.0554     2.2867     0.0578      0.088      9.280     13.460        726 5.8830e+00 0.0000e+00
      9.512    12.0216     6.0182     55.915  89.901307    121.273      7.016   290.3910     1.0716     2.2330     0.0577      0.095      9.320     13.517        727 5.6471e+00 0.0000e+00
      9.534    12.0171     6.0156     55.886  89.918122    121.409      7.012   290.0882     1.0473     2.7164     0.0578      0.101      9.342     13.549        728 5.6840e+00 0.0000e+00
      9.532    12.0211     6.0223     55.925  89.900955    121.383      7.011   290.6560     1.0554     2.5419     0.0578      0.103      9.348     13.557        729 5.6792e+00 0.0000e+00
      9.529    12.0252     6.0297     55.967  89.952427    121.511      7.009   290.2396     1.0554     2.6224     0.0578      0.101      9.350     13.560        730 5.6125e+00 0.0000e+00
      9.541    12.0278     6.0383     56.031  90.002768    121.535      7.007   290.3910     1.0392     2.5687     0.0578      0.095      9.360     13.576        731 5.4162e+00 0.0000e+00
      9.564    12.0346     6.0376     56.011  90.016739    121.559      7.006   290.6182     1.0514     2.6224     0.0579      0.084      9.382     13.609        732 5.1661e+00 0.0000e+00
      9.599    12.0391     6.0381     56.003  90.083731    121.627      7.003   290.9589     0.9422     2.8910     0.0579      0.072      9.412     13.653        733 4.9123e+00 0.0000e+00
      9.632    12.0351     6.0423     56.028  90.097826    121.642      7.001   291.0346     0.9179     2.9447     0.0579      0.065      9.442     13.695        734 4.6975e+00 0.0000e+00
      9.653    12.0333     6.0411     55.999  90.028931    121.513      6.998   291.1482     0.9260     2.9581     0.0578      0.067      9.466     13.729        735 4.6017e+00 0.0000e+00
      9.672    12.0376     6.0511     56.073  90.050512    121.565      7.000   291.5267     0.9341     2.9715     0.0579      0.077      9.487     13.759        736 4.4490e+00 0.0000e+00
      9.698    12.0417     6.0609     56.156  90.070971    121.608      6.995   291.6025     0.9826     2.7567     0.0579      0.091      9.511     13.794        737 4.2938e+00 0.0000e+00
      9.724    12.0377     6.0594     56.146  90.033210    121.519      6.992   291.2239     0.9705     2.8641     0.0578      0.100      9.536     13.831        738 4.1007e+00 0.0000e+00
      9.751    12.0198     6.0665     56.217  90.038024    121.543      6.988   291.7917     0.9867     2.7970     0.0579      0.102      9.561     13.867        739 3.8278e+00 0.0000e+00
      9.774    11.9991     6.0718     56.272  89.975762    121.442      6.990   291.3753     0.9745     2.8776     0.0578      0.100      9.582     13.898        740 3.7000e+00 0.0000e+00
      9.787    11.9860     6.0789     56.337  89.962007    121.500      6.988   291.7917     0.9422     2.8776     0.0578      0.093      9.599     13.922        741 3.6316e+00 0.0000e+00
      9.804    11.9755     6.0755     56.296  89.995683    121.609      6.986   291.7539     0.9503     2.9044     0.0579      0.088      9.617     13.948        742 3.4714e+00 0.0000e+00
      9.828    11.9660     6.0739     56.260  89.963616    121.611      6.985   292.0189     0.9462     2.8910     0.0579      0.086      9.638     13.979        743 3.3078e+00 0.0000e+00
      9.851    11.9548     6.0791     56.288  89.972194    121.648      6.984   291.8296     0.9018     2.9178     0.0579      0.085      9.662     14.013        744 3.1838e+00 0.0000e+00
      9.877    11.9404     6.0749     56.239  89.925544    121.639      6.982   291.8296     0.9260     2.9850     0.0579      0.084      9.688     14.051        745 2.9768e+00 0.0000e+00
      9.909    11.9264     6.0655     56.144  89.783774    121.450      6.981   292.0567     0.9058     3.0253     0.0578      0.086      9.714     14.089        746 2.8779e+00 0.0000e+00
      9.930    11.9206     6.0598     56.086  89.821513    121.572      6.976   292.0189     0.9260     3.0924     0.0578      0.088      9.736     14.122        747 2.8293e+00 0.0000e+00
      9.946    11.9228     6.0531     56.016  89.878596    121.696      6.977   292.1703     0.9179     3.1193     0.0579      0.090      9.754     14.147        748 2.7207e+00 0.0000e+00
      9.964    11.9274     6.0533     56.005  89.831706    121.639      6.976   292.0189     0.9139     3.3341     0.0579      0.091      9.770     14.171        749 2.6840e+00 0.0000e+00
      9.978    11.9318     6.0456     55.918  89.879876    121.706      6.976   292.5110     0.9382     3.2938     0.0579      0.088      9.787     14.195        750 2.6177e+00 0.0000e+00
      9.998    11.9310     6.0345     55.808  89.937603    121.768      6.974   292.0946     0.9260     3.2535     0.0579      0.083      9.808     14.225        751 2.4800e+00 0.0000e+00
     10.028    11.9235     6.0240     55.708  89.878815    121.676      6.971   292.0946     0.9301     3.1998     0.0579      0.081      9.833     14.263        752 2.3390e+00 0.0000e+00
     10.055    11.9073     6.0116     55.590  89.893556    121.680      6.971   291.9432     1.0756     3.4550     0.0579      0.081      9.858     14.298        753 2.2701e+00 0.0000e+00
     10.075    11.8918     5.9800     55.296  89.919261    121.780      6.969   292.0946     1.0676     3.5758     0.0579      0.081      9.878     14.327        754 2.2385e+00 0.0000e+00
     10.089    11.8836     5.9488     55.003  89.846837    121.682      6.967   292.3596     1.0595     3.5355     0.0579      0.082      9.893     14.348        755 2.2171e+00 0.0000e+00
     10.100    11.8776     5.9035     54.577  89.864751    121.810      6.967   292.2460     1.0473     3.5355     0.0579      0.081      9.905     14.367        756 2.1746e+00 0.0000e+00
     10.113    11.8728     5.8616     54.184  89.837508    121.760      6.964   292.0567     0.9786     3.2670     0.0579      0.078      9.920     14.388        757 2.1043e+00 0.0000e+00
     10.134    11.8667     5.8300     53.889  89.761797    121.705      6.962   292.5489     0.9624     3.2401     0.0579      0.075      9.942     14.420        758 1.9754e+00 0.0000e+00
     10.168    11.8563     5.7932     53.552  89.721072    121.643      6.961   292.4732     0.9745     3.2938     0.0578      0.074      9.971     14.462        759 1.8392e+00 0.0000e+00
     10.202    11.8451     5.7742     53.375  89.650289    121.588      6.959   292.5489     0.9867     3.2267     0.0578      0.077     10.001     14.505        760 1.7376e+00 0.0000e+00
     10.224    11.8392     5.7625     53.261  89.611987    121.546      6.958   292.4353     0.9745     3.2401     0.0578      0.082     10.022     14.535        761 1.7162e+00 0.0000e+00
     10.232    11.8361     5.7628     53.253  89.590320    121.585      6.955   292.6246     1.0029     3.4147     0.0578      0.084     10.033     14.552        762 1.7519e+00 0.0000e+00
     10.239    11.8341     5.7669     53.289  89.558312    121.526      6.955   293.2303     0.9867     3.4684     0.0578      0.084     10.043     14.567        763 1.6870e+00 0.0000e+00
     10.255    11.8328     5.7693     53.314  89.592352    121.613      6.950   293.0789     0.9867     3.5087     0.0578      0.082     10.058     14.589        764 1.6184e+00 0.0000e+00
     10.277    11.8287     5.7743     53.356  89.607437    121.620      6.950   292.9653     0.9826     3.6429     0.0578      0.078     10.080     14.620        765 1.5545e+00 0.0000e+00
