Data/DataNotYetUploadedToEDI/Raw_CTD/RawDownloads/082218_ccr50.cnv
* Sea-Bird SBE19plus  Data File:
* FileName = C:\DATA\082218_ccr50_0001.hex
* Software version 2.6.3.104
* Temperature SN = 7809
* Conductivity SN = 7809
* System UpLoad Time = Aug 22 2018 17:39:14
* <ApplicationData>
* <Seaterm232>
# nquan = 17
# nvalues = 1289                        
# units = specified
# name 0 = depFM: Depth [fresh water, m]
# name 1 = tv290C: Temperature [ITS-90, deg C]
# name 2 = sbeox0Mg/L: Oxygen, SBE 43 [mg/l]
# name 3 = sbeox0PS: Oxygen, SBE 43 [% saturation]
# name 4 = c0uS/cm: Conductivity [uS/cm]
# name 5 = specc: Specific Conductance [uS/cm]
# name 6 = ph: pH
# name 7 = orp: Oxidation Reduction Potential [mV]
# name 8 = flECO-AFL: Fluorescence, WET Labs ECO-AFL/FL [mg/m^3]
# name 9 = turbWETntu0: Turbidity, WET Labs ECO [NTU]
# name 10 = sal00: Salinity, Practical [PSU]
# name 11 = dz/dtM: Descent Rate [m/s]
# name 12 = prdM: Pressure, Strain Gauge [db]
# name 13 = prdE: Pressure, Strain Gauge [psi]
# name 14 = scan: Scan Count
# name 15 = par/sat/log: PAR/Logarithmic, Satlantic
# name 16 = flag:  0.000e+00
# span 0 =     -0.395,     20.682       
# span 1 =    11.0694,    29.1956       
# span 2 =     0.3920,     9.4557       
# span 3 =      3.562,    112.109       
# span 4 =   0.645362, 107.756060       
# span 5 =      1.162,    132.386       
# span 6 =      6.536,      8.368       
# span 7 = -1240.7455,  1240.2295       
# span 8 =    -0.1860,     3.2107       
# span 9 =    -0.7480,    21.9318       
# span 10 =     0.0132,     0.0624      
# span 11 =     -0.215,      0.192      
# span 12 =     -0.387,     20.281      
# span 13 =     -0.561,     29.414      
# span 14 =          1,       1289      
# span 15 = 1.2327e-01, 2.1288e+03      
# span 16 = 0.0000e+00, 0.0000e+00      
# interval = seconds: 0.25
# start_time = Aug 22 2018 18:14:00 [Instrument's time stamp, header]
# bad_flag = -9.990e-29
*END*
[from data line 86]
      0.346    27.3044     5.8902     74.425  93.725553     89.612      8.255   273.3553     0.6753     0.4068     0.0475     -0.002      0.342      0.496         87 1.7680e+02 0.0000e+00
      0.338    27.3163     5.8917     74.543  93.771355     89.654      8.260   273.3553     0.6996     0.3665     0.0475     -0.006      0.335      0.486         88 1.7676e+02 0.0000e+00
      0.341    27.3227     5.8850     74.585  93.795737     89.658      8.266   273.5067     0.6632     0.3531     0.0475     -0.010      0.336      0.487         89 1.6972e+02 0.0000e+00
      0.349    27.3267     5.9082     74.937  93.724938     89.556      8.268   273.7338     0.7117     0.3800     0.0475     -0.013      0.342      0.496         90 1.8200e+02 0.0000e+00
      0.355    27.3338     5.9764     75.808  93.799964     89.626      8.265   273.5824     0.6915     0.4202     0.0475     -0.012      0.345      0.501         91 1.7511e+02 0.0000e+00
      0.351    27.3410     6.0838     77.169  93.821330     89.646      8.259   273.6581     0.6713     0.4337     0.0475     -0.009      0.343      0.497         92 1.7758e+02 0.0000e+00
      0.342    27.3484     6.1954     78.596  93.787570     89.581      8.260   273.5824     0.6834     0.3800     0.0475     -0.007      0.337      0.489         93 1.8595e+02 0.0000e+00
      0.337    27.3498     6.2776     79.643  93.841971     89.648      8.260   273.2038     0.6875     0.4605     0.0475     -0.004      0.335      0.487         94 1.7239e+02 0.0000e+00
      0.348    27.3531     6.3378     80.399  93.783363     89.556      8.266   273.0903     0.7077     0.3531     0.0475      0.001      0.344      0.501         95 1.8661e+02 0.0000e+00
      0.371    27.3581     6.3637     80.746  93.771269     89.551      8.271   274.3396     0.6632     0.4605     0.0475      0.007      0.364      0.529         96 1.8756e+02 0.0000e+00
      0.398    27.3683     6.3537     80.672  93.857019     89.631      8.270   274.5667     0.6915     0.3934     0.0475      0.017      0.385      0.559         97 1.6790e+02 0.0000e+00
      0.411    27.4400     6.3152     80.239  93.825362     89.589      8.258   274.6046     0.6672     0.4874     0.0475      0.027      0.397      0.576         98 1.8076e+02 0.0000e+00
      0.405    27.5350     6.2779     79.800  93.840401     89.580      8.262   273.9231     0.7238     0.4874     0.0475      0.034      0.395      0.573         99 1.8030e+02 0.0000e+00
      0.391    27.5790     6.2461     79.401  93.897758     89.532      8.267   273.2796     0.6915     0.6082     0.0475      0.036      0.387      0.561        100 1.8506e+02 0.0000e+00
      0.388    27.5842     6.2272     79.166  93.843131     89.288      8.277   272.6738     0.7077     0.6082     0.0474      0.033      0.386      0.559        101 1.8866e+02 0.0000e+00
      0.401    27.5832     6.2141     79.018  93.789312     89.188      8.284   272.6738     0.6955     0.6888     0.0474      0.028      0.395      0.572        102 1.6740e+02 0.0000e+00
      0.419    27.5914     6.1988     78.841  93.726731     89.100      8.290   272.4845     0.6834     0.5008     0.0473      0.022      0.407      0.589        103 1.7089e+02 0.0000e+00
      0.424    27.5940     6.1767     78.571  93.772281     89.156      8.291   272.2953     0.6875     0.3800     0.0474      0.016      0.413      0.598        104 1.8732e+02 0.0000e+00
      0.420    27.5890     6.1493     78.229  93.851593     89.221      8.292   272.2574     0.6511     0.4068     0.0474      0.011      0.411      0.596        105 1.7796e+02 0.0000e+00
      0.413    27.6022     6.1160     77.810  93.836221     89.190      8.291   271.9167     0.7077     0.4068     0.0474      0.010      0.407      0.591        106 1.7953e+02 0.0000e+00
      0.415    27.6386     6.0731     77.270  93.821149     89.199      8.292   271.8788     0.6875     0.4337     0.0474      0.013      0.407      0.591        107 1.9850e+02 0.0000e+00
      0.417    27.6775     6.0152     76.534  93.870349     89.204      8.291   272.3331     0.7319     0.6619     0.0474      0.014      0.404      0.586        108 1.7789e+02 0.0000e+00
      0.403    27.7012     5.9990     76.326  93.893948     89.194      8.290   271.8788     0.6996     0.6351     0.0474      0.006      0.390      0.566        109 1.9365e+02 0.0000e+00
      0.372    27.7060     5.9796     76.076  93.851226     89.049      8.293   271.2353     0.7441     0.5814     0.0473     -0.012      0.367      0.532        110 2.1187e+02 0.0000e+00
      0.348    27.7100     5.9841     76.132  93.834241     89.034      8.296   271.1217     0.7319     0.6351     0.0473     -0.031      0.347      0.503        111 2.0367e+02 0.0000e+00
      0.341    27.7228     6.0030     76.379  93.796083     88.948      8.298   271.4245     0.6834     0.3665     0.0473     -0.042      0.337      0.488        112 2.0606e+02 0.0000e+00
      0.340    27.7351     6.0266     76.693  93.839214     89.021      8.302   271.4624     0.6713     0.3665     0.0473     -0.047      0.334      0.484        113 2.0633e+02 0.0000e+00
      0.339    27.7433     6.0546     77.067  93.840042     88.972      8.302   270.8188     0.6996     0.4337     0.0473     -0.048      0.335      0.486        114 2.1403e+02 0.0000e+00
      0.347    27.7479     6.0997     77.656  93.705810     88.845      8.300   270.5538     0.6875     0.3531     0.0473     -0.043      0.341      0.495        115 1.9755e+02 0.0000e+00
      0.356    27.7515     6.1210     77.935  93.708821     88.805      8.300   270.6295     0.7036     0.4068     0.0472     -0.032      0.347      0.505        116 1.8904e+02 0.0000e+00
      0.360    27.7550     6.1266     78.001  93.747057     88.877      8.296   270.4403     0.6955     0.4202     0.0473     -0.015      0.351      0.510        117 1.9096e+02 0.0000e+00
      0.358    27.7559     6.1077     77.755  93.747447     88.818      8.292   270.3267     0.6713     0.4337     0.0473      0.001      0.351      0.510        118 1.8001e+02 0.0000e+00
      0.356    27.7546     6.0843     77.453  93.827302     88.944      8.292   270.5160     0.7036     0.3665     0.0473      0.009      0.350      0.509        119 1.8990e+02 0.0000e+00
      0.358    27.7524     6.0437     76.939  93.796391     88.863      8.298   270.8945     0.6147     0.4068     0.0473      0.011      0.351      0.510        120 1.8907e+02 0.0000e+00
      0.360    27.7519     5.9937     76.308  93.815657     88.918      8.299   270.9703     0.6268     0.4337     0.0473      0.011      0.353      0.513        121 2.0172e+02 0.0000e+00
      0.362    27.7563     5.9424     75.665  93.862813     88.949      8.304   270.5917     0.6470     0.4068     0.0473      0.009      0.355      0.515        122 2.0107e+02 0.0000e+00
      0.363    27.7664     5.8834     74.925  93.826938     88.923      8.304   271.0081     0.6551     0.4068     0.0473      0.006      0.355      0.515        123 1.7732e+02 0.0000e+00
      0.362    27.7792     5.8381     74.357  93.860301     88.942      8.304   271.1974     0.6430     0.4605     0.0473      0.003      0.352      0.510        124 2.0246e+02 0.0000e+00
      0.351    27.7902     5.7973     73.845  93.821286     88.899      8.305   271.0460     0.6389     0.4874     0.0473     -0.001      0.343      0.498        125 1.8791e+02 0.0000e+00
      0.338    27.7956     5.7571     73.341  93.786251     88.824      8.307   271.0081     0.6349     0.3800     0.0473     -0.006      0.333      0.483        126 2.0217e+02 0.0000e+00
      0.330    27.7929     5.7293     73.001  93.844402     88.885      8.310   270.8945     0.6106     0.4068     0.0473     -0.012      0.327      0.474        127 2.2808e+02 0.0000e+00
      0.333    27.7881     5.7318     73.033  93.838134     88.849      8.312   270.8188     0.6106     0.2994     0.0473     -0.017      0.328      0.476        128 1.9818e+02 0.0000e+00
      0.342    27.7856     5.7552     73.322  93.823787     88.854      8.314   270.7431     0.6430     0.4068     0.0473     -0.017      0.334      0.485        129 2.1664e+02 0.0000e+00
      0.346    27.7868     5.8124     74.047  93.802772     88.836      8.313   271.7274     0.6106     0.6082     0.0473     -0.014      0.339      0.491        130 2.2276e+02 0.0000e+00
      0.347    27.7918     5.8877     75.011  93.834549     88.867      8.309   270.9703     0.6147     0.4068     0.0473     -0.009      0.341      0.495        131 2.0009e+02 0.0000e+00
      0.350    27.7989     5.9607     75.947  93.903216     88.944      8.306   271.0838     0.6430     0.3934     0.0473     -0.002      0.345      0.501        132 2.1791e+02 0.0000e+00
      0.358    27.8073     6.0136     76.625  93.925517     88.936      8.307   271.1974     0.6025     0.3934     0.0473      0.008      0.355      0.514        133 2.1991e+02 0.0000e+00
      0.376    27.8148     6.0323     76.859  93.896018     88.924      8.307   271.0081     0.6187     0.2860     0.0473      0.018      0.372      0.539        134 2.1610e+02 0.0000e+00
      0.404    27.8202     6.0212     76.718  93.820947     88.803      8.307   271.3110     0.6187     0.3934     0.0473      0.030      0.394      0.572        135 2.2793e+02 0.0000e+00
      0.426    27.8269     5.9786     76.181  93.810733     88.817      8.304   271.6517     0.6147     0.5008     0.0473      0.041      0.412      0.597        136 2.3698e+02 0.0000e+00
      0.429    27.8363     5.9158     75.382  93.789747     88.755      8.295   271.7653     0.6389     0.7291     0.0472      0.047      0.417      0.605        137 2.5511e+02 0.0000e+00
      0.421    27.8373     5.8452     74.483  93.847055     88.824      8.292   271.3867     0.6228     0.6351     0.0473      0.048      0.414      0.600        138 2.7692e+02 0.0000e+00
      0.415    27.8299     5.7795     73.645  93.828633     88.781      8.294   271.1595     0.6349     0.5545     0.0473      0.044      0.410      0.595        139 2.9028e+02 0.0000e+00
      0.419    27.8274     5.7313     73.032  93.782920     88.726      8.298   270.9324     0.6228     0.5277     0.0472      0.037      0.413      0.600        140 2.8125e+02 0.0000e+00
      0.430    27.8306     5.7057     72.713  93.903944     88.872      8.303   270.8945     0.6106     0.4068     0.0473      0.028      0.421      0.612        141 2.8854e+02 0.0000e+00
      0.441    27.8354     5.6895     72.511  93.915971     88.876      8.305   271.1974     0.6228     0.3262     0.0473      0.020      0.429      0.624        142 3.1296e+02 0.0000e+00
      0.445    27.8377     5.6816     72.413  93.916672     88.870      8.307   270.8945     0.6389     0.4874     0.0473      0.014      0.433      0.629        143 3.0687e+02 0.0000e+00
      0.441    27.8350     5.6947     72.565  93.903071     88.863      8.299   270.0238     0.6187     0.4471     0.0473      0.011      0.431      0.625        144 2.9072e+02 0.0000e+00
      0.433    27.8355     5.7317     73.017  93.843663     88.778      8.296   269.6074     0.6228     0.5814     0.0473      0.010      0.426      0.619        145 3.0406e+02 0.0000e+00
      0.433    27.8395     5.8266     74.233  93.960857     88.916      8.298   269.4181     0.6430     0.5679     0.0473      0.010      0.425      0.617        146 3.1837e+02 0.0000e+00
      0.436    27.8407     6.0489     77.083  93.965426     88.915      8.298   268.8503     0.6187     0.5814     0.0473      0.009      0.429      0.622        147 2.8275e+02 0.0000e+00
      0.442    27.8414     6.3707     81.194  93.927204     88.855      8.303   268.8124     0.6106     0.6888     0.0473      0.005      0.433      0.627        148 3.3534e+02 0.0000e+00
      0.445    27.8409     6.6498     84.764  93.948935     88.907      8.306   269.0395     0.6794     0.5814     0.0473      0.003      0.434      0.630        149 2.7314e+02 0.0000e+00
      0.440    27.8419     6.8730     87.606  93.938382     88.852      8.309   268.6610     0.6834     0.5814     0.0473      0.000      0.432      0.627        150 5.4278e+02 0.0000e+00
      0.435    27.8470     7.1062     90.495  93.940337     88.906      8.311   268.3960     0.7117     0.6217     0.0473     -0.001      0.434      0.630        151 9.9619e+02 0.0000e+00
      0.454    27.8513     7.3115     92.929  93.827530     88.746      8.314   268.3960     0.6955     0.6082     0.0472      0.005      0.452      0.656        152 4.9286e+02 0.0000e+00
      0.495    27.8524     7.4609     94.652  93.751593     88.710      8.308   269.6074     0.7117     0.4471     0.0472      0.020      0.485      0.703        153 3.8537e+02 0.0000e+00
      0.534    27.8407     7.5500     95.640  93.796890     88.703      8.301   270.3267     0.6794     0.4605     0.0472      0.039      0.517      0.750        154 6.3660e+02 0.0000e+00
      0.555    27.8264     7.5574     95.646  93.949614     88.886      8.302   270.3645     0.6955     0.3800     0.0473      0.056      0.530      0.770        155 8.8111e+02 0.0000e+00
      0.535    27.8317     7.5096     94.980  94.156395     89.065      8.306   268.2067     0.6632     0.4068     0.0474      0.062      0.510      0.740        156 4.6957e+02 0.0000e+00
      0.470    27.8438     7.4376     94.016  94.193917     89.170      8.308   266.2760     0.6915     0.4068     0.0474      0.046      0.457      0.662        157 7.8164e+02 0.0000e+00
      0.395    27.8517     7.3453     92.808  94.230105     89.134      8.313   266.0488     0.6106     0.3800     0.0474      0.010      0.385      0.558        158 2.1288e+03 0.0000e+00
      0.311    27.8600     7.2290     91.336  94.200585     89.166      8.317   265.7460     0.6430     0.3665     0.0474     -0.047      0.310      0.449        159 1.1637e+03 0.0000e+00
      0.241    27.8578     7.0997     89.680  94.022437     88.888      8.320   265.6324     0.6389     0.4068     0.0473     -0.115      0.247      0.357        160 8.7297e+02 0.0000e+00
      0.203    27.8041     6.9701     88.021  93.916414     88.874      8.320   264.6860     0.6228     0.5142     0.0473     -0.175      0.204      0.296        161 1.6574e+03 0.0000e+00
      0.175    27.6978     6.8323     86.308  93.767399     88.638      8.320   263.8910     0.6834     0.6082     0.0472     -0.212      0.181      0.262        162 1.4604e+03 0.0000e+00
      0.176    27.5916     6.7131     84.844  93.761752     88.806      8.322   263.8531     0.6875     0.5411     0.0473     -0.215      0.174      0.251        163 1.2984e+03 0.0000e+00
      0.177    27.5101     6.6165     83.692  93.685566     88.857      8.321   263.3988     0.7077     0.6351     0.0473     -0.187      0.174      0.251        164 1.6253e+03 0.0000e+00
      0.176    27.4568     6.5457     82.870  93.594647     88.980      8.324   263.1717     0.6753     0.6351     0.0473     -0.142      0.173      0.250        165 1.6506e+03 0.0000e+00
      0.174    27.4214     6.4906     82.266  93.637088     89.148      8.323   262.7931     0.6147     0.3800     0.0474     -0.094      0.172      0.250        166 1.7254e+03 0.0000e+00
      0.177    27.3885     6.4287     81.581  93.603110     89.209      8.330   263.0202     0.6470     0.3397     0.0474     -0.051      0.176      0.256        167 1.5483e+03 0.0000e+00
      0.188    27.3653     6.3791     81.040  93.577519     89.245      8.335   262.3009     0.6389     0.4068     0.0474     -0.019      0.185      0.269        168 8.9665e+02 0.0000e+00
      0.204    27.3616     6.3153     80.283  93.550017     89.272      8.334   262.3767     0.6511     0.4874     0.0474      0.003      0.195      0.283        169 1.3576e+03 0.0000e+00
      0.204    27.3486     6.2550     79.540  93.607633     89.368      8.325   262.2252     0.6470     0.5679     0.0474      0.015      0.191      0.279        170 1.7186e+03 0.0000e+00
