Data/DataNotYetUploadedToEDI/Raw_CTD/RawDownloads/082218_ccr50.cnv
* Sea-Bird SBE19plus  Data File:
* FileName = C:\DATA\082218_ccr50_0001.hex
* Software version 2.6.3.104
* Temperature SN = 7809
* Conductivity SN = 7809
* System UpLoad Time = Aug 22 2018 17:39:14
* <ApplicationData>
* <Seaterm232>
# nquan = 17
# nvalues = 1289                        
# units = specified
# name 0 = depFM: Depth [fresh water, m]
# name 1 = tv290C: Temperature [ITS-90, deg C]
# name 2 = sbeox0Mg/L: Oxygen, SBE 43 [mg/l]
# name 3 = sbeox0PS: Oxygen, SBE 43 [% saturation]
# name 4 = c0uS/cm: Conductivity [uS/cm]
# name 5 = specc: Specific Conductance [uS/cm]
# name 6 = ph: pH
# name 7 = orp: Oxidation Reduction Potential [mV]
# name 8 = flECO-AFL: Fluorescence, WET Labs ECO-AFL/FL [mg/m^3]
# name 9 = turbWETntu0: Turbidity, WET Labs ECO [NTU]
# name 10 = sal00: Salinity, Practical [PSU]
# name 11 = dz/dtM: Descent Rate [m/s]
# name 12 = prdM: Pressure, Strain Gauge [db]
# name 13 = prdE: Pressure, Strain Gauge [psi]
# name 14 = scan: Scan Count
# name 15 = par/sat/log: PAR/Logarithmic, Satlantic
# name 16 = flag:  0.000e+00
# span 0 =     -0.395,     20.682       
# span 1 =    11.0694,    29.1956       
# span 2 =     0.3920,     9.4557       
# span 3 =      3.562,    112.109       
# span 4 =   0.645362, 107.756060       
# span 5 =      1.162,    132.386       
# span 6 =      6.536,      8.368       
# span 7 = -1240.7455,  1240.2295       
# span 8 =    -0.1860,     3.2107       
# span 9 =    -0.7480,    21.9318       
# span 10 =     0.0132,     0.0624      
# span 11 =     -0.215,      0.192      
# span 12 =     -0.387,     20.281      
# span 13 =     -0.561,     29.414      
# span 14 =          1,       1289      
# span 15 = 1.2327e-01, 2.1288e+03      
# span 16 = 0.0000e+00, 0.0000e+00      
# interval = seconds: 0.25
# start_time = Aug 22 2018 18:14:00 [Instrument's time stamp, header]
# bad_flag = -9.990e-29
*END*
[from data line 256]
      0.704    27.1254     8.4143    105.852  93.252191     89.456      8.349   253.3666     0.6834     0.5008     0.0474      0.052      0.692      1.003        257 6.3984e+02 0.0000e+00
      0.717    27.1256     8.4320    106.068  93.203908     89.374      8.347   253.3666     0.6996     0.3665     0.0474      0.054      0.704      1.021        258 6.2228e+02 0.0000e+00
      0.731    27.1259     8.4473    106.259  93.282521     89.482      8.348   253.2152     0.7036     0.3665     0.0474      0.054      0.718      1.041        259 6.7043e+02 0.0000e+00
      0.747    27.1243     8.4510    106.307  93.243585     89.427      8.350   253.3666     0.6915     0.3262     0.0474      0.054      0.736      1.067        260 1.0347e+03 0.0000e+00
      0.772    27.1203     8.4341    106.095  93.192880     89.373      8.350   253.1395     0.7400     0.3665     0.0474      0.056      0.757      1.098        261 6.6021e+02 0.0000e+00
      0.797    27.1181     8.4185    105.901  93.256397     89.456      8.349   253.3288     0.7521     0.3800     0.0474      0.061      0.774      1.123        262 5.4195e+02 0.0000e+00
      0.796    27.1193     8.4103    105.798  93.194284     89.383      8.349   252.3066     0.7158     0.3397     0.0474      0.061      0.778      1.129        263 7.3815e+02 0.0000e+00
      0.785    27.1193     8.4117    105.816  93.180957     89.387      8.349   252.1931     0.7117     0.4605     0.0474      0.055      0.776      1.125        264 5.1373e+02 0.0000e+00
      0.794    27.1202     8.4141    105.843  93.213500     89.411      8.349   252.7231     0.7158     0.4068     0.0474      0.049      0.778      1.128        265 5.7226e+02 0.0000e+00
      0.796    27.1223     8.4127    105.827  93.183527     89.385      8.345   252.3066     0.7319     0.3800     0.0474      0.040      0.785      1.139        266 7.4145e+02 0.0000e+00
      0.813    27.1202     8.4120    105.820  93.188516     89.383      8.342   252.4959     0.7279     0.3397     0.0474      0.033      0.800      1.160        267 6.9252e+02 0.0000e+00
      0.839    27.1165     8.4147    105.860  93.207291     89.406      8.340   252.4581     0.7319     0.3531     0.0474      0.032      0.818      1.187        268 6.6367e+02 0.0000e+00
      0.848    27.1153     8.4211    105.947  93.189902     89.383      8.342   252.5716     0.6834     0.5545     0.0474      0.031      0.831      1.204        269 7.0392e+02 0.0000e+00
      0.853    27.1162     8.4170    105.900  93.210158     89.416      8.340   251.8902     0.6915     0.5411     0.0474      0.033      0.836      1.212        270 6.9206e+02 0.0000e+00
      0.855    27.1171     8.4130    105.851  93.182087     89.391      8.343   251.7766     0.6834     0.5545     0.0474      0.039      0.842      1.221        271 6.3178e+02 0.0000e+00
      0.869    27.1175     8.4179    105.908  93.195095     89.390      8.345   251.5495     0.6996     0.6351     0.0474      0.044      0.854      1.240        272 8.8157e+02 0.0000e+00
      0.891    27.1183     8.4307    106.060  93.253455     89.469      8.347   251.6631     0.7521     0.5814     0.0474      0.046      0.874      1.269        273 7.2317e+02 0.0000e+00
      0.915    27.1181     8.4430    106.204  93.198686     89.387      8.349   251.1331     0.7521     0.6619     0.0474      0.051      0.898      1.303        274 6.1693e+02 0.0000e+00
      0.943    27.1166     8.4465    106.240  93.174027     89.386      8.351   251.2466     0.7360     0.5277     0.0474      0.056      0.920      1.335        275 1.0157e+03 0.0000e+00
      0.958    27.1170     8.4483    106.257  93.224657     89.413      8.348   251.0195     0.7441     0.6217     0.0474      0.060      0.934      1.354        276 9.4474e+02 0.0000e+00
      0.955    27.1188     8.4473    106.238  93.224904     89.443      8.349   250.9816     0.7077     0.6619     0.0474      0.063      0.936      1.357        277 8.9732e+02 0.0000e+00
      0.952    27.1216     8.4477    106.245  93.203464     89.388      8.352   250.6409     0.7966     0.5545     0.0474      0.060      0.933      1.353        278 7.3358e+02 0.0000e+00
      0.948    27.1253     8.4495    106.267  93.281083     89.493      8.353   250.5652     0.7926     0.5814     0.0474      0.052      0.927      1.344        279 7.9823e+02 0.0000e+00
      0.934    27.1275     8.4493    106.262  93.247274     89.434      8.352   250.2245     0.8007     0.5814     0.0474      0.034      0.916      1.328        280 8.0309e+02 0.0000e+00
      0.917    27.1282     8.4542    106.308  93.215791     89.401      8.358   249.7323     0.7805     0.6619     0.0474      0.011      0.907      1.316        281 6.9536e+02 0.0000e+00
      0.926    27.1258     8.4525    106.272  93.231033     89.424      8.359   250.3381     0.7845     0.5814     0.0474     -0.006      0.915      1.327        282 6.8128e+02 0.0000e+00
      0.954    27.1208     8.4556    106.299  93.198560     89.369      8.353   250.3381     0.7845     0.6619     0.0474     -0.009      0.938      1.360        283 7.5881e+02 0.0000e+00
      0.987    27.1152     8.4541    106.281  93.196718     89.400      8.349   250.4516     0.7764     0.5545     0.0474      0.002      0.967      1.403        284 9.9220e+02 0.0000e+00
      1.017    27.1110     8.4560    106.308  93.144103     89.328      8.343   250.1866     0.7724     0.6351     0.0474      0.023      0.995      1.443        285 7.7466e+02 0.0000e+00
      1.039    27.1074     8.4576    106.329  93.174819     89.391      8.340   249.8838     0.7926     0.5545     0.0474      0.046      1.014      1.470        286 9.4117e+02 0.0000e+00
      1.043    27.1051     8.4513    106.248  93.217984     89.426      8.339   250.0352     0.7724     0.7022     0.0474      0.063      1.022      1.483        287 7.8473e+02 0.0000e+00
      1.046    27.1053     8.4407    106.109  93.179618     89.405      8.339   249.8081     0.8168     0.5814     0.0474      0.073      1.027      1.490        288 7.0661e+02 0.0000e+00
      1.055    27.1058     8.4332    106.009  93.192829     89.409      8.342   249.3916     0.8047     0.6351     0.0474      0.075      1.037      1.503        289 1.0253e+03 0.0000e+00
      1.070    27.1039     8.4236    105.884  93.201546     89.435      8.344   248.8238     0.8613     0.4337     0.0474      0.067      1.052      1.525        290 9.6549e+02 0.0000e+00
      1.092    27.0965     8.4233    105.877  93.139029     89.354      8.347   248.8995     0.8492     0.3665     0.0474      0.058      1.072      1.554        291 1.0434e+03 0.0000e+00
      1.114    27.0876     8.4309    105.967  93.181406     89.410      8.349   248.3316     0.8654     0.3665     0.0474      0.053      1.092      1.584        292 8.9819e+02 0.0000e+00
      1.134    27.0823     8.4378    106.052  93.208297     89.451      8.349   248.1802     0.8209     0.4471     0.0474      0.053      1.110      1.610        293 7.1303e+02 0.0000e+00
      1.148    27.0820     8.4486    106.183  93.135316     89.385      8.352   247.8773     0.9139     0.6082     0.0474      0.058      1.124      1.630        294 6.7261e+02 0.0000e+00
      1.156    27.0837     8.4508    106.207  93.153272     89.422      8.353   248.0288     0.9260     0.6082     0.0474      0.063      1.134      1.644        295 6.7034e+02 0.0000e+00
      1.164    27.0844     8.4424    106.098  93.126472     89.395      8.356   247.2338     0.9584     0.6351     0.0474      0.064      1.143      1.659        296 7.6138e+02 0.0000e+00
      1.177    27.0834     8.4314    105.958  93.138927     89.392      8.357   246.5523     0.9260     0.5679     0.0474      0.061      1.157      1.679        297 6.7654e+02 0.0000e+00
      1.200    27.0804     8.4312    105.955  93.197256     89.471      8.358   246.9309     0.9260     0.4202     0.0474      0.058      1.177      1.708        298 7.6892e+02 0.0000e+00
      1.224    27.0777     8.4445    106.123  93.143109     89.392      8.360   246.9309     0.9382     0.3665     0.0474      0.058      1.202      1.743        299 1.0940e+03 0.0000e+00
      1.253    27.0752     8.4611    106.333  93.117089     89.397      8.359   246.7795     0.9260     0.4337     0.0474      0.062      1.228      1.782        300 7.4374e+02 0.0000e+00
      1.281    27.0729     8.4677    106.417  93.110673     89.375      8.355   247.1202     0.9058     0.3800     0.0474      0.070      1.252      1.817        301 5.2184e+02 0.0000e+00
      1.296    27.0711     8.4648    106.380  93.121356     89.406      8.354   246.7416     0.9948     0.4068     0.0474      0.078      1.270      1.842        302 7.6503e+02 0.0000e+00
      1.308    27.0692     8.4548    106.253  93.133541     89.410      8.351   246.7038     0.9867     0.4874     0.0474      0.083      1.284      1.862        303 6.0837e+02 0.0000e+00
      1.325    27.0669     8.4431    106.103  93.154995     89.440      8.351   246.4766     1.0190     0.4202     0.0474      0.084      1.299      1.883        304 5.9975e+02 0.0000e+00
      1.340    27.0651     8.4427    106.098  93.124401     89.417      8.351   246.2873     0.9867     0.4874     0.0474      0.081      1.315      1.906        305 6.2891e+02 0.0000e+00
      1.357    27.0636     8.4383    106.044  93.112135     89.394      8.351   245.9088     1.0231     0.5948     0.0474      0.075      1.332      1.931        306 5.2032e+02 0.0000e+00
      1.378    27.0624     8.4336    105.988  93.110780     89.423      8.351   245.7952     0.9745     0.5679     0.0474      0.070      1.350      1.957        307 7.3447e+02 0.0000e+00
      1.393    27.0620     8.4363    106.026  93.096348     89.373      8.354   245.7952     0.9867     0.6082     0.0474      0.065      1.366      1.981        308 6.2332e+02 0.0000e+00
      1.409    27.0628     8.4471    106.166  93.130097     89.455      8.359   245.5680     0.9705     0.5948     0.0474      0.064      1.381      2.004        309 5.9375e+02 0.0000e+00
      1.426    27.0633     8.4661    106.405  93.098523     89.375      8.360   245.6438     1.0109     0.5948     0.0474      0.065      1.395      2.023        310 7.0687e+02 0.0000e+00
      1.430    27.0638     8.4767    106.533  93.105900     89.428      8.360   245.0759     1.0271     0.4605     0.0474      0.063      1.406      2.039        311 5.0613e+02 0.0000e+00
      1.447    27.0640     8.4782    106.550  93.120918     89.400      8.364   245.1138     1.0716     0.5142     0.0474      0.061      1.423      2.064        312 5.3493e+02 0.0000e+00
      1.478    27.0627     8.4729    106.483  93.109576     89.426      8.361   245.1516     1.0595     0.3128     0.0474      0.063      1.446      2.097        313 5.2603e+02 0.0000e+00
      1.498    27.0617     8.4583    106.297  93.090273     89.372      8.360   245.4545     1.0392     0.4740     0.0474      0.065      1.466      2.126        314 5.0998e+02 0.0000e+00
      1.509    27.0615     8.4633    106.356  93.085457     89.401      8.358   245.0380     1.0514     0.6082     0.0474      0.065      1.478      2.143        315 4.9733e+02 0.0000e+00
      1.515    27.0623     8.4682    106.416  93.085829     89.376      8.357   244.9245     0.9988     0.5008     0.0474      0.064      1.484      2.152        316 4.4053e+02 0.0000e+00
      1.515    27.0639     8.4717    106.457  93.149296     89.457      8.361   244.8488     1.0473     0.5814     0.0474      0.059      1.487      2.158        317 5.0917e+02 0.0000e+00
      1.521    27.0660     8.4678    106.405  93.125442     89.429      8.362   244.5838     1.0312     0.6351     0.0474      0.052      1.494      2.168        318 4.6206e+02 0.0000e+00
      1.536    27.0683     8.4588    106.289  93.085772     89.372      8.364   244.4323     1.0635     0.5948     0.0474      0.048      1.508      2.188        319 4.7081e+02 0.0000e+00
      1.556    27.0682     8.4542    106.229  93.198662     89.503      8.360   245.1516     1.0352     0.6485     0.0474      0.043      1.528      2.216        320 5.0903e+02 0.0000e+00
      1.583    27.0658     8.4520    106.199  93.133660     89.418      8.360   244.7730     1.0716     0.5142     0.0474      0.043      1.551      2.250        321 4.1040e+02 0.0000e+00
      1.605    27.0644     8.4554    106.238  93.077440     89.364      8.360   244.9245     1.0271     0.5814     0.0474      0.049      1.572      2.281        322 4.0785e+02 0.0000e+00
      1.622    27.0642     8.4656    106.364  93.149660     89.450      8.359   244.5838     1.1161     0.5814     0.0474      0.058      1.591      2.308        323 4.4471e+02 0.0000e+00
      1.643    27.0626     8.4723    106.444  93.133011     89.425      8.358   244.7730     1.1323     0.6217     0.0474      0.069      1.611      2.337        324 4.2602e+02 0.0000e+00
      1.664    27.0611     8.4587    106.271  93.127903     89.425      8.354   244.4702     1.1161     0.6619     0.0474      0.077      1.632      2.368        325 3.8170e+02 0.0000e+00
      1.687    27.0603     8.4509    106.173  93.156018     89.455      8.355   244.3566     1.1161     0.6217     0.0474      0.082      1.655      2.400        326 3.6325e+02 0.0000e+00
      1.711    27.0587     8.4453    106.102  93.127767     89.431      8.355   244.1295     1.1161     0.5814     0.0474      0.085      1.677      2.433        327 3.5293e+02 0.0000e+00
      1.733    27.0568     8.4480    106.136  93.103580     89.405      8.355   244.0916     1.1161     0.6619     0.0474      0.085      1.699      2.465        328 3.4751e+02 0.0000e+00
      1.754    27.0554     8.4614    106.305  93.126637     89.435      8.356   244.2052     1.1039     0.5411     0.0474      0.084      1.720      2.495        329 3.5210e+02 0.0000e+00
      1.775    27.0547     8.4745    106.469  93.128817     89.438      8.358   243.9402     1.1323     0.5411     0.0474      0.085      1.740      2.524        330 3.5490e+02 0.0000e+00
      1.795    27.0533     8.4724    106.443  93.100870     89.414      8.358   243.6373     1.1808     0.5814     0.0474      0.086      1.761      2.554        331 3.2862e+02 0.0000e+00
      1.818    27.0516     8.4755    106.483  93.072194     89.388      8.358   243.5995     1.1808     0.6082     0.0474      0.086      1.783      2.586        332 3.3577e+02 0.0000e+00
      1.842    27.0501     8.4688    106.398  93.075280     89.390      8.360   243.1452     1.1889     0.6217     0.0474      0.086      1.807      2.621        333 3.3596e+02 0.0000e+00
      1.870    27.0480     8.4672    106.378  93.097032     89.420      8.363   243.3723     1.2091     0.6485     0.0474      0.087      1.834      2.660        334 3.1680e+02 0.0000e+00
      1.900    27.0468     8.4695    106.408  93.074870     89.396      8.364   242.8802     1.1606     0.6888     0.0474      0.090      1.861      2.698        335 3.3564e+02 0.0000e+00
      1.921    27.0466     8.4595    106.282  93.073122     89.399      8.360   242.9180     1.1727     0.6351     0.0474      0.093      1.883      2.731        336 3.0675e+02 0.0000e+00
      1.940    27.0465     8.4556    106.231  93.099210     89.428      8.363   242.9180     1.1565     0.5545     0.0474      0.094      1.902      2.759        337 3.0938e+02 0.0000e+00
      1.958    27.0469     8.4629    106.322  93.072147     89.402      8.363   242.8802     1.1646     0.5142     0.0474      0.094      1.920      2.785        338 3.0067e+02 0.0000e+00
      1.975    27.0469     8.4741    106.462  93.077060     89.402      8.363   242.3123     1.1727     0.5411     0.0474      0.091      1.938      2.810        339 2.8574e+02 0.0000e+00
      1.995    27.0466     8.4768    106.496  93.093096     89.428      8.365   242.4259     1.1606     0.7425     0.0474      0.087      1.955      2.835        340 3.2080e+02 0.0000e+00
