Data/DataNotYetUploadedToEDI/Raw_CTD/RawDownloads/082218_ccr50.cnv
* Sea-Bird SBE19plus  Data File:
* FileName = C:\DATA\082218_ccr50_0001.hex
* Software version 2.6.3.104
* Temperature SN = 7809
* Conductivity SN = 7809
* System UpLoad Time = Aug 22 2018 17:39:14
* <ApplicationData>
* <Seaterm232>
# nquan = 17
# nvalues = 1289                        
# units = specified
# name 0 = depFM: Depth [fresh water, m]
# name 1 = tv290C: Temperature [ITS-90, deg C]
# name 2 = sbeox0Mg/L: Oxygen, SBE 43 [mg/l]
# name 3 = sbeox0PS: Oxygen, SBE 43 [% saturation]
# name 4 = c0uS/cm: Conductivity [uS/cm]
# name 5 = specc: Specific Conductance [uS/cm]
# name 6 = ph: pH
# name 7 = orp: Oxidation Reduction Potential [mV]
# name 8 = flECO-AFL: Fluorescence, WET Labs ECO-AFL/FL [mg/m^3]
# name 9 = turbWETntu0: Turbidity, WET Labs ECO [NTU]
# name 10 = sal00: Salinity, Practical [PSU]
# name 11 = dz/dtM: Descent Rate [m/s]
# name 12 = prdM: Pressure, Strain Gauge [db]
# name 13 = prdE: Pressure, Strain Gauge [psi]
# name 14 = scan: Scan Count
# name 15 = par/sat/log: PAR/Logarithmic, Satlantic
# name 16 = flag:  0.000e+00
# span 0 =     -0.395,     20.682       
# span 1 =    11.0694,    29.1956       
# span 2 =     0.3920,     9.4557       
# span 3 =      3.562,    112.109       
# span 4 =   0.645362, 107.756060       
# span 5 =      1.162,    132.386       
# span 6 =      6.536,      8.368       
# span 7 = -1240.7455,  1240.2295       
# span 8 =    -0.1860,     3.2107       
# span 9 =    -0.7480,    21.9318       
# span 10 =     0.0132,     0.0624      
# span 11 =     -0.215,      0.192      
# span 12 =     -0.387,     20.281      
# span 13 =     -0.561,     29.414      
# span 14 =          1,       1289      
# span 15 = 1.2327e-01, 2.1288e+03      
# span 16 = 0.0000e+00, 0.0000e+00      
# interval = seconds: 0.25
# start_time = Aug 22 2018 18:14:00 [Instrument's time stamp, header]
# bad_flag = -9.990e-29
*END*
[from data line 596]
      7.075    17.3405     6.4707     65.001  95.815642    113.035      7.507   271.9167     2.6122     0.6082     0.0558      0.073      6.944     10.071        597 2.9244e+01 0.0000e+00
      7.106    17.0653     6.5754     65.981  95.704101    112.893      7.502   272.2195     2.6284     0.6217     0.0557      0.073      6.971     10.111        598 2.8529e+01 0.0000e+00
      7.146    16.7242     6.6594     66.679  95.173974    112.363      7.493   272.4467     2.6001     0.5814     0.0555      0.076      7.005     10.160        599 2.7965e+01 0.0000e+00
      7.176    16.5312     6.7296     67.097  94.779960    112.623      7.487   272.5981     2.7457     0.6082     0.0555      0.081      7.035     10.203        600 2.7562e+01 0.0000e+00
      7.199    16.3641     6.7496     67.098  94.766951    113.583      7.483   272.7117     2.7335     0.6351     0.0558      0.088      7.058     10.237        601 2.7269e+01 0.0000e+00
      7.218    16.0937     6.7577     67.005  94.565887    113.838      7.476   272.7117     2.7335     0.6485     0.0559      0.094      7.078     10.265        602 2.7030e+01 0.0000e+00
      7.235    15.9034     6.7441     66.693  94.346331    114.007      7.476   272.6360     2.7254     0.5679     0.0559      0.098      7.094     10.289        603 2.6789e+01 0.0000e+00
      7.249    15.8341     6.7227     66.339  94.505031    114.984      7.468   272.9388     2.4707     0.5814     0.0563      0.098      7.110     10.312        604 2.6619e+01 0.0000e+00
      7.268    15.7086     6.6906     65.925  94.487666    115.525      7.465   272.9388     2.4909     0.5142     0.0565      0.093      7.129     10.340        605 2.6237e+01 0.0000e+00
      7.295    15.6113     6.6770     65.717  94.278943    115.385      7.459   273.5824     2.4747     0.6082     0.0564      0.085      7.153     10.374        606 2.5774e+01 0.0000e+00
      7.318    15.5819     6.6613     65.502  94.378243    115.933      7.452   273.1281     2.4667     0.5679     0.0566      0.079      7.174     10.404        607 2.5613e+01 0.0000e+00
      7.331    15.5368     6.6585     65.369  94.334481    116.144      7.447   273.5446     2.2928     0.7559     0.0567      0.076      7.190     10.427        608 2.5544e+01 0.0000e+00
      7.345    15.4264     6.6651     65.299  94.274028    116.108      7.441   273.7338     2.2847     0.8097     0.0566      0.074      7.207     10.452        609 2.5200e+01 0.0000e+00
      7.371    15.2413     6.6582     65.099  94.156093    116.186      7.435   274.1124     2.2887     0.8097     0.0567      0.075      7.228     10.483        610 2.4834e+01 0.0000e+00
      7.395    15.0959     6.6663     65.055  93.886432    116.025      7.430   274.1881     2.2766     0.7828     0.0566      0.078      7.250     10.515        611 2.4692e+01 0.0000e+00
      7.414    14.9798     6.6652     64.927  93.866150    116.699      7.422   275.1346     2.2726     0.7828     0.0568      0.080      7.270     10.544        612 2.4455e+01 0.0000e+00
      7.432    14.8544     6.6638     64.784  93.705632    116.783      7.420   274.8696     2.0866     0.6888     0.0568      0.079      7.287     10.568        613 2.4239e+01 0.0000e+00
      7.443    14.7579     6.6568     64.585  93.580738    117.064      7.415   275.3996     2.0825     0.9036     0.0569      0.075      7.300     10.587        614 2.4137e+01 0.0000e+00
      7.454    14.6879     6.6478     64.381  93.545836    117.321      7.410   275.2103     2.0946     0.9305     0.0570      0.072      7.311     10.603        615 2.4024e+01 0.0000e+00
      7.468    14.6379     6.6340     64.144  93.481522    117.577      7.408   275.5510     2.0542     0.7559     0.0570      0.069      7.325     10.623        616 2.3904e+01 0.0000e+00
      7.484    14.5924     6.6251     63.955  93.452693    117.707      7.401   276.0053     1.9572     0.5948     0.0571      0.065      7.340     10.645        617 2.3673e+01 0.0000e+00
      7.501    14.5202     6.6203     63.834  93.343856    117.755      7.398   275.9674     1.9895     0.5411     0.0571      0.060      7.357     10.670        618 2.3461e+01 0.0000e+00
      7.520    14.4254     6.6145     63.725  93.200629    117.670      7.396   275.9296     1.9329     0.5142     0.0570      0.058      7.376     10.698        619 2.3275e+01 0.0000e+00
      7.542    14.3324     6.6144     63.641  93.125366    117.819      7.388   275.9296     1.9572     0.5814     0.0571      0.060      7.397     10.728        620 2.2995e+01 0.0000e+00
      7.564    14.2461     6.6214     63.646  92.991460    117.924      7.387   276.0431     1.9531     0.6217     0.0571      0.065      7.418     10.758        621 2.2791e+01 0.0000e+00
      7.584    14.1629     6.6131     63.530  92.832012    117.990      7.380   276.1567     1.9329     0.6082     0.0571      0.071      7.439     10.790        622 2.2534e+01 0.0000e+00
      7.609    14.0722     6.6202     63.567  92.758800    118.178      7.376   276.6110     1.9531     0.5948     0.0571      0.077      7.464     10.825        623 2.2106e+01 0.0000e+00
      7.640    13.9797     6.6218     63.554  92.606801    118.213      7.372   277.4817     1.9693     0.6351     0.0571      0.084      7.490     10.863        624 2.1796e+01 0.0000e+00
      7.662    13.8978     6.6323     63.619  92.456174    118.309      7.366   277.5196     1.8278     0.5008     0.0571      0.088      7.513     10.896        625 2.1623e+01 0.0000e+00
      7.682    13.8242     6.6417     63.655  92.381260    118.482      7.363   278.0874     1.8439     0.5814     0.0572      0.091      7.534     10.928        626 2.1388e+01 0.0000e+00
      7.707    13.7514     6.6571     63.750  92.283753    118.625      7.357   278.1253     1.8520     0.6082     0.0572      0.093      7.556     10.959        627 2.1137e+01 0.0000e+00
      7.726    13.6992     6.6647     63.791  92.131495    118.631      7.353   278.3903     1.8480     0.5545     0.0572      0.092      7.575     10.986        628 2.1031e+01 0.0000e+00
      7.739    13.6589     6.6781     63.906  92.124709    118.856      7.344   278.5417     1.8439     0.5411     0.0573      0.089      7.593     11.012        629 2.0838e+01 0.0000e+00
      7.764    13.6025     6.6955     64.058  92.024608    118.910      7.340   278.6931     1.8439     0.6351     0.0573      0.087      7.615     11.044        630 2.0503e+01 0.0000e+00
      7.791    13.5572     6.7053     64.122  91.839756    118.736      7.340   278.6931     1.8520     0.6351     0.0572      0.085      7.637     11.076        631 2.0340e+01 0.0000e+00
      7.804    13.5313     6.7118     64.141  91.878949    119.027      7.332   279.1096     1.8237     0.5545     0.0573      0.081      7.653     11.100        632 2.0258e+01 0.0000e+00
      7.816    13.5093     6.7198     64.155  91.827189    119.054      7.331   279.1096     1.8075     0.5277     0.0573      0.078      7.667     11.121        633 2.0002e+01 0.0000e+00
      7.837    13.4898     6.7164     64.061  91.815001    119.134      7.325   279.2989     1.8399     0.6217     0.0573      0.076      7.686     11.148        634 1.9728e+01 0.0000e+00
      7.860    13.4635     6.7115     63.946  91.775189    119.166      7.320   279.4503     1.8197     0.5814     0.0573      0.074      7.706     11.178        635 1.9584e+01 0.0000e+00
      7.879    13.4257     6.6928     63.720  91.638834    119.007      7.317   279.3746     1.8358     0.6082     0.0573      0.075      7.725     11.205        636 1.9386e+01 0.0000e+00
      7.895    13.3889     6.6497     63.279  91.598085    119.088      7.315   279.2989     1.8237     0.8231     0.0573      0.074      7.740     11.226        637 1.9218e+01 0.0000e+00
      7.904    13.3662     6.6055     62.805  91.528524    119.060      7.313   279.3367     1.8520     0.8499     0.0573      0.069      7.750     11.240        638 1.9106e+01 0.0000e+00
      7.909    13.3567     6.5351     62.069  91.546999    119.249      7.308   279.4124     1.8358     0.7828     0.0573      0.063      7.758     11.251        639 1.9013e+01 0.0000e+00
      7.918    13.3462     6.4672     61.388  91.575136    119.318      7.305   279.6017     1.8318     0.7828     0.0574      0.059      7.768     11.266        640 1.8903e+01 0.0000e+00
      7.936    13.3262     6.4008     60.731  91.553020    119.348      7.303   280.0181     1.8358     0.8499     0.0574      0.055      7.785     11.290        641 1.8676e+01 0.0000e+00
      7.959    13.2944     6.3387     60.113  91.515056    119.306      7.299   280.0560     1.7792     0.6082     0.0573      0.053      7.806     11.321        642 1.8415e+01 0.0000e+00
      7.985    13.2524     6.2862     59.594  91.503433    119.371      7.296   280.3967     1.7509     0.7425     0.0574      0.055      7.830     11.356        643 1.8193e+01 0.0000e+00
      8.009    13.2078     6.2629     59.363  91.448547    119.393      7.295   280.5481     1.7469     0.5814     0.0574      0.061      7.852     11.387        644 1.8066e+01 0.0000e+00
      8.024    13.1612     6.2489     59.201  91.345473    119.382      7.293   280.7374     1.7671     0.6619     0.0573      0.067      7.868     11.411        645 1.7961e+01 0.0000e+00
      8.035    13.1268     6.2440     59.117  91.304610    119.481      7.289   281.0024     1.6943     0.8902     0.0574      0.072      7.881     11.430        646 1.7826e+01 0.0000e+00
      8.050    13.1052     6.2464     59.117  91.291274    119.594      7.286   281.3810     1.7064     0.8634     0.0574      0.075      7.898     11.454        647 1.7640e+01 0.0000e+00
      8.075    13.0667     6.2464     59.085  91.332383    119.774      7.281   281.5324     1.6984     0.7694     0.0575      0.076      7.923     11.491        648 1.7300e+01 0.0000e+00
      8.114    13.0200     6.2410     58.996  91.253493    119.730      7.276   281.8731     1.6984     0.7694     0.0574      0.079      7.956     11.539        649 1.6933e+01 0.0000e+00
      8.149    12.9924     6.2387     58.960  91.151564    119.703      7.269   281.7974     1.7428     0.7828     0.0574      0.085      7.987     11.584        650 1.6768e+01 0.0000e+00
      8.168    12.9734     6.2250     58.823  91.191614    119.929      7.261   282.5924     1.7388     0.8365     0.0575      0.090      8.008     11.615        651 1.6671e+01 0.0000e+00
      8.181    12.9512     6.2011     58.587  91.203704    120.012      7.257   282.4789     1.7671     0.7694     0.0575      0.093      8.022     11.635        652 1.6564e+01 0.0000e+00
      8.192    12.9361     6.1767     58.348  91.136559    120.000      7.254   282.4410     1.7792     0.7828     0.0575      0.093      8.035     11.653        653 1.6485e+01 0.0000e+00
      8.206    12.9274     6.1495     58.078  91.156240    120.069      7.248   282.3274     1.6256     0.7828     0.0575      0.090      8.051     11.677        654 1.6281e+01 0.0000e+00
      8.231    12.9058     6.1150     57.740  91.179234    120.193      7.243   282.7817     1.6579     0.8902     0.0576      0.086      8.074     11.711        655 1.5962e+01 0.0000e+00
      8.264    12.8778     6.0811     57.412  91.107963    120.069      7.238   282.8953     1.6175     0.7559     0.0575      0.082      8.103     11.754        656 1.5723e+01 0.0000e+00
      8.295    12.8601     6.0556     57.159  91.066512    120.139      7.237   283.0089     1.5932     0.7291     0.0576      0.080      8.133     11.796        657 1.5536e+01 0.0000e+00
      8.322    12.8363     6.0317     56.917  90.992923    120.082      7.231   283.0846     1.2374     1.2393     0.0575      0.083      8.157     11.831        658 1.5374e+01 0.0000e+00
      8.337    12.8082     6.0107     56.695  90.902170    120.062      7.227   282.9332     1.2697     1.3199     0.0575      0.089      8.172     11.853        659 1.5374e+01 0.0000e+00
      8.341    12.7964     6.0093     56.636  90.882076    120.063      7.223   283.5767     1.2414     1.2125     0.0575      0.090      8.180     11.865        660 1.5343e+01 0.0000e+00
      8.350    12.7909     6.0016     56.523  90.898999    120.229      7.219   282.9710     1.2495     1.3199     0.0576      0.085      8.190     11.879        661 1.5194e+01 0.0000e+00
      8.365    12.7836     5.9989     56.474  90.881141    120.190      7.215   282.9710     1.1242     1.4945     0.0575      0.077      8.204     11.899        662 1.5090e+01 0.0000e+00
      8.383    12.7769     6.0046     56.520  90.844839    120.208      7.210   283.0846     1.1161     1.4408     0.0575      0.068      8.221     11.924        663 1.4967e+01 0.0000e+00
      8.402    12.7671     6.0010     56.481  90.795485    120.120      7.207   283.2360     1.0999     1.3871     0.0575      0.060      8.239     11.949        664 1.4826e+01 0.0000e+00
      8.418    12.7576     6.0008     56.474  90.853349    120.252      7.204   283.5767     1.0999     1.4139     0.0576      0.055      8.254     11.971        665 1.4748e+01 0.0000e+00
      8.429    12.7515     6.0215     56.664  90.862058    120.284      7.199   283.5767     1.0312     1.6153     0.0576      0.054      8.267     11.991        666 1.4672e+01 0.0000e+00
      8.445    12.7416     6.0255     56.685  90.784658    120.203      7.198   283.6524     1.0716     1.6690     0.0575      0.057      8.282     12.013        667 1.4544e+01 0.0000e+00
      8.464    12.7292     6.0235     56.656  90.800983    120.259      7.193   283.5767     1.0312     1.7362     0.0576      0.061      8.300     12.039        668 1.4382e+01 0.0000e+00
      8.483    12.7098     6.0357     56.763  90.782273    120.253      7.192   283.6146     1.0595     1.7093     0.0575      0.064      8.320     12.067        669 1.4248e+01 0.0000e+00
      8.505    12.6748     6.0408     56.788  90.778216    120.295      7.188   283.9932     1.0352     1.6959     0.0576      0.066      8.343     12.101        670 1.4055e+01 0.0000e+00
      8.537    12.6421     6.0429     56.782  90.746570    120.315      7.182   284.5610     1.0676     1.9107     0.0576      0.071      8.371     12.141        671 1.3829e+01 0.0000e+00
      8.566    12.6243     6.0546     56.861  90.613505    120.245      7.178   284.4474     1.0190     1.8302     0.0575      0.078      8.397     12.179        672 1.3696e+01 0.0000e+00
      8.585    12.6182     6.0548     56.840  90.557236    120.273      7.172   284.1824     1.0352     2.0047     0.0575      0.085      8.418     12.210        673 1.3550e+01 0.0000e+00
      8.603    12.6140     6.0526     56.788  90.578714    120.369      7.168   284.1067     1.0433     1.8302     0.0576      0.090      8.435     12.235        674 1.3452e+01 0.0000e+00
      8.617    12.6098     6.0597     56.828  90.557057    120.350      7.163   284.2203     1.0190     1.8973     0.0575      0.090      8.449     12.256        675 1.3406e+01 0.0000e+00
      8.630    12.6055     6.0622     56.815  90.613939    120.438      7.161   284.4474     0.9867     1.8302     0.0576      0.086      8.463     12.276        676 1.3270e+01 0.0000e+00
      8.645    12.5933     6.0542     56.712  90.626892    120.490      7.154   284.7882     0.9867     1.8033     0.0576      0.080      8.477     12.296        677 1.3135e+01 0.0000e+00
      8.659    12.5852     6.0479     56.634  90.511205    120.315      7.153   285.0532     0.9948     1.8167     0.0575      0.072      8.491     12.315        678 1.2997e+01 0.0000e+00
      8.671    12.5779     6.0403     56.549  90.549740    120.431      7.151   284.3717     0.9745     1.6556     0.0576      0.063      8.505     12.336        679 1.2807e+01 0.0000e+00
      8.690    12.5614     6.0359     56.510  90.578946    120.494      7.146   284.9396     0.9867     1.6422     0.0576      0.059      8.523     12.361        680 1.2571e+01 0.0000e+00
