Data/DataNotYetUploadedToEDI/Raw_CTD/RawDownloads/082319_bvr50.cnv
* Sea-Bird SBE19plus  Data File:
* FileName = C:\DATA\082319_bvr50_0001.hex
* Software version 2.8.0.119 SB_Terminal.dll
* Temperature SN = 7809
* Conductivity SN = 7809
* System UpLoad Time = Aug 23 2019 10:48:44
* <ApplicationData>
* <Seaterm232>
# nquan = 16
# nvalues = 247                         
# units = specified
# name 0 = depFM: Depth [fresh water, m]
# name 1 = dz/dtM: Descent Rate [m/s]
# name 2 = sbeox0Mg/L: Oxygen, SBE 43 [mg/l]
# name 3 = sbeox0PS: Oxygen, SBE 43 [% saturation]
# name 4 = specc: Specific Conductance [uS/cm]
# name 5 = c0uS/cm: Conductivity [uS/cm]
# name 6 = flECO-AFL: Fluorescence, WET Labs ECO-AFL/FL [mg/m^3]
# name 7 = ph: pH
# name 8 = orp: Oxidation Reduction Potential [mV]
# name 9 = par/sat/log: PAR/Logarithmic, Satlantic
# name 10 = turbWETntu0: Turbidity, WET Labs ECO [NTU]
# name 11 = prdM: Pressure, Strain Gauge [db]
# name 12 = prdE: Pressure, Strain Gauge [psi]
# name 13 = tv290C: Temperature [ITS-90, deg C]
# name 14 = density00: Density [density, kg/m^3]
# name 15 = flag:  0.000e+00
# span 0 =     -0.664,     10.380       
# span 1 =      0.000,      0.504       
# span 2 =    -1.9503,     8.2144       
# span 3 =    -20.667,    109.370       
# span 4 =      3.031,    171.041       
# span 5 =   3.810112, 115.866981       
# span 6 =    -0.1595,    19.7932       
# span 7 =      6.390,      9.177       
# span 8 =  -633.4198,   311.2636       
# span 9 = 1.2304e-01, 6.1235e+02       
# span 10 =    -0.7960,     5.3651      
# span 11 =     -0.653,     10.181      
# span 12 =     -0.946,     14.765      
# span 13 =     8.8463,    37.8602      
# span 14 =   993.0271,   999.9059      
# span 15 = 0.0000e+00, 0.0000e+00      
# interval = seconds: 0.25
# start_time = Aug 22 2019 14:00:09 [Instrument's time stamp, header]
# bad_flag = -9.990e-29
*END*
[from data line 181]
      4.566      0.014     4.7003     53.373     33.726  31.369637     5.1871      7.318   309.4059 1.2879e+01     1.3336      4.478      6.495    25.1500   997.0449 0.0000e+00
      4.561      0.042     3.2568     36.625     33.677  30.939197     5.5248      7.298   310.2862 1.2858e+01     1.3481      4.470      6.483    24.4636   997.2191 0.0000e+00
      4.564      0.087     1.7393     19.398     33.273  30.158493     9.1974      7.280   309.9727 1.2671e+01     1.6026      4.471      6.484    23.1071   997.5510 0.0000e+00
      4.584      0.138     0.3473      3.921     33.061  29.544128    15.9101      7.267   308.9717 1.2232e+01     2.0851      4.485      6.505    22.0579   997.7962 0.0000e+00
      4.629      0.187    -0.7937     -8.488     33.136  29.221123    19.5557      7.255   308.5933 1.1484e+01     2.3636      4.530      6.570    21.4796   997.9260 0.0000e+00
      4.699      0.229    -1.5799    -16.848     33.316  29.044394    19.7932      7.244   308.7532 1.0580e+01     2.4143      4.606      6.681    20.9572   998.0410 0.0000e+00
      4.779      0.259    -1.9503    -20.667     33.501  28.929669    18.8686      7.234   309.0972 9.6630e+00     2.5008      4.688      6.800    20.3172   998.1770 0.0000e+00
      4.855      0.283    -1.9166    -20.185     33.680  28.848838    17.1237      7.221   309.6556 8.6500e+00     2.5900      4.763      6.907    19.6497   998.3152 0.0000e+00
      4.925      0.303    -1.6006    -16.754     33.917  28.828172    16.1665      7.206   310.4286 7.4829e+00     2.6087      4.831      7.007    19.0670   998.4315 0.0000e+00
      4.992      0.325    -1.1847    -12.324     34.377  28.996753    16.0597      7.189   311.2162 6.3520e+00     2.6281      4.893      7.097    18.5487   998.5324 0.0000e+00
      5.065      0.352    -0.8022     -8.293     35.460  29.681320    15.8676      7.173   311.2636 5.4186e+00     2.6608      4.959      7.192    18.1510   998.6077 0.0000e+00
      5.156      0.382    -0.5021     -5.158     37.035  30.759691    13.8610      7.155   307.9898 4.6401e+00     3.0368      5.048      7.322    17.8239   998.6686 0.0000e+00
      5.267      0.409    -0.2834     -2.893     38.375  31.628542    10.1783      7.136   300.7141 3.9556e+00     3.7658      5.162      7.487    17.4921   998.7292 0.0000e+00
      5.390      0.428    -0.1338     -1.358     39.346  32.190782     8.1612      7.117   294.0190 3.3465e+00     4.1677      5.285      7.666    17.1727   998.7866 0.0000e+00
      5.512      0.437    -0.0337     -0.343     40.221  32.671042     7.9219      7.098   289.8484 2.8316e+00     4.2251      5.408      7.844    16.8638   998.8411 0.0000e+00
      5.627      0.437     0.0351      0.348     40.917  32.992779     7.2589      7.081   286.0791 2.4267e+00     4.2962      5.522      8.009    16.5320   998.8989 0.0000e+00
      5.732      0.433     0.0818      0.810     41.373  33.097870     6.0669      7.063   282.1724 2.1040e+00     4.4043      5.622      8.154    16.2038   998.9544 0.0000e+00
      5.832      0.431     0.1124      1.105     42.322  33.560610     5.4134      7.044   278.9216 1.8448e+00     4.4518      5.717      8.293    15.9055   999.0038 0.0000e+00
      5.935      0.433     0.1348      1.315     43.850  34.462107     5.3209      7.026   276.7150 1.6258e+00     4.4440      5.816      8.437    15.6175   999.0505 0.0000e+00
      6.048      0.437     0.1544      1.496     45.389  35.366048     5.0095      7.008   274.8518 1.4086e+00     4.6050      5.928      8.598    15.3216   999.0975 0.0000e+00
      6.167      0.440     0.1711      1.646     47.472  36.683084     4.4494      6.990   272.9130 1.2051e+00     4.9227      6.048      8.773    15.0114   999.1455 0.0000e+00
      6.286      0.440     0.1832      1.752     50.585  38.770221     4.1411      6.970   271.0835 1.0251e+00     5.1070      6.166      8.943    14.6581   999.1988 0.0000e+00
      6.401      0.431     0.1931      1.833     54.587  41.493953     4.1166      6.948   269.0789 8.6181e-01     5.1295      6.278      9.106    14.2906   999.2532 0.0000e+00
      6.511      0.412     0.2024      1.908     58.811  44.347438     4.1702      6.927   266.8294 7.3085e-01     5.1618      6.387      9.264    13.9571   999.3008 0.0000e+00
      6.615      0.387     0.2099      1.967     62.516  46.794075     4.2784      6.904   264.4479 6.3540e-01     5.2676      6.490      9.413    13.6439   999.3447 0.0000e+00
      6.713      0.365     0.2154      2.008     66.295  49.294495     4.3409      6.876   261.6232 5.6209e-01     5.3603      6.585      9.550    13.3364   999.3870 0.0000e+00
      6.803      0.350     0.2180      2.021     70.578  52.159714     4.3355      6.845   257.7998 4.9979e-01     5.3651      6.678      9.685    13.0216   999.4294 0.0000e+00
      6.879      0.345     0.2185      2.015     74.802  54.949268     4.1695      6.811   253.0653 4.3332e-01     4.9646      6.748      9.787    12.7046   999.4711 0.0000e+00
      6.951      0.354     0.2189      2.010     79.784  58.246750     3.8605      6.776   248.3448 3.4826e-01     4.1886      6.809      9.876    12.4188   999.5071 0.0000e+00
      7.036      0.374     0.2169      1.981     86.656  62.864012     3.6954      6.741   244.0877 2.7031e-01     3.7835      6.896     10.003    12.1771   999.5371 0.0000e+00
      7.134      0.399     0.2122      1.927     94.266  67.941538     3.6816      6.704   240.2248 2.1847e-01     3.8021      6.994     10.144    11.9594   999.5644 0.0000e+00
      7.244      0.424     0.2092      1.889    101.221  72.473170     3.6498      6.667   236.8288 1.7357e-01     3.7903      7.098     10.294    11.7374   999.5911 0.0000e+00
      7.368      0.443     0.2073      1.863    107.724  76.646190     3.3720      6.632   233.9156 1.3794e-01     3.3128      7.224     10.479    11.5121   999.6178 0.0000e+00
      7.493      0.453     0.2044      1.828    114.052  80.685029     2.8804      6.598   231.3293 1.2454e-01     2.4861      7.354     10.666    11.2881   999.6449 0.0000e+00
      7.609      0.459     0.2026      1.803    119.597  84.159257     2.6130      6.566   228.9605 1.2320e-01     2.0538      7.464     10.825    11.0506   999.6730 0.0000e+00
      7.719      0.462     0.2006      1.778    123.836  86.716048     2.5656      6.538   226.7850 1.2307e-01     1.9856      7.567     10.975    10.8020   999.7008 0.0000e+00
      7.831      0.463     0.1959      1.731    126.746  88.374456     2.3937      6.516   224.5563 1.2309e-01     1.8578      7.677     11.135    10.5727   999.7259 0.0000e+00
      7.950      0.465     0.1917      1.688    128.663  89.383714     2.0959      6.498   222.3197 1.2312e-01     1.6555      7.791     11.300    10.3736   999.7477 0.0000e+00
      8.075      0.469     0.1884      1.655    130.336  90.263657     1.9393      6.483   220.3050 1.2314e-01     1.5715      7.920     11.485    10.1830   999.7679 0.0000e+00
      8.199      0.473     0.1832      1.605    132.113  91.249025     1.9298      6.472   218.2654 1.2320e-01     1.5966      8.044     11.666    10.0044   999.7859 0.0000e+00
      8.318      0.476     0.1759      1.539    133.982  92.323415     1.8686      6.462   216.1570 1.2320e-01     1.5986      8.156     11.829     9.8541   999.8006 0.0000e+00
      8.437      0.480     0.1682      1.469    136.087  93.579132     1.7460      6.452   214.1716 1.2318e-01     1.5954      8.275     12.001     9.7275   999.8125 0.0000e+00
      8.557      0.487     0.1610      1.404    138.381  94.974071     1.6777      6.445   212.2424 1.2321e-01     1.5894      8.392     12.171     9.6204   999.8225 0.0000e+00
      8.677      0.495     0.1545      1.346    140.621  96.330630     1.6679      6.439   210.2977 1.2321e-01     1.5599      8.507     12.338     9.5293   999.8313 0.0000e+00
      8.805      0.501     0.1483      1.289    142.588  97.503438     1.6446      6.433   208.4680 1.2319e-01     1.5335      8.631     12.518     9.4484   999.8391 0.0000e+00
      8.941      0.504     0.1413      1.227    144.214  98.458543     1.6131      6.428   206.8115 1.2318e-01     1.5653      8.767     12.716     9.3787   999.8461 0.0000e+00
      9.077      0.502     0.1352      1.172    145.614  99.283348     1.6077      6.424   205.1532 1.2314e-01     1.6169      8.906     12.916     9.3146   999.8527 0.0000e+00
      9.207      0.495     0.1313      1.137    147.045 100.153759     1.6134      6.421   203.3880 1.2312e-01     1.6326      9.032     13.099     9.2495   999.8593 0.0000e+00
      9.331      0.484     0.1273      1.102    148.729 101.214245     1.5697      6.418   201.7310 1.2311e-01     1.6243      9.150     13.271     9.1868   999.8655 0.0000e+00
      9.452      0.473     0.1234      1.067    150.904 102.617615     1.4866      6.416   200.1753 1.2312e-01     1.5818      9.271     13.448     9.1310   999.8709 0.0000e+00
      9.569      0.464     0.1212      1.047    154.461 104.958585     1.4407      6.413   198.4302 1.2314e-01     1.5453      9.387     13.614     9.0860   999.8754 0.0000e+00
      9.681      0.458     0.1194      1.032    159.706 108.437560     1.4308      6.408   196.6340 1.2317e-01     1.5431      9.492     13.766     9.0511   999.8790 0.0000e+00
      9.795      0.450     0.1172      1.012    165.377 112.196103     1.4540      6.403   195.0640 1.2322e-01     1.5878      9.605     13.930     9.0232   999.8822 0.0000e+00
      9.912      0.433     0.1154      0.996    169.616 114.981696     1.5133      6.398   193.7296 1.2318e-01     1.6937      9.720     14.097     8.9992   999.8852 0.0000e+00
     10.031      0.400     0.1135      0.979    171.041 115.866981     1.5503      6.394   192.2871 1.2309e-01     1.7739      9.838     14.269     8.9750   999.8888 0.0000e+00
     10.145      0.350     0.1112      0.959    169.836 114.998772     1.5533      6.391   190.7013 1.2309e-01     1.8036      9.955     14.439     8.9483   999.8935 0.0000e+00
     10.242      0.286     0.1099      0.948    167.476 113.405177     1.5676      6.390   189.4398 1.2314e-01     1.7578     10.053     14.583     8.9193   999.8984 0.0000e+00
     10.311      0.215     0.1084      0.935    165.540 112.146498     1.6012      6.390   188.4782 1.2314e-01     1.6129     10.125     14.684     8.8916   999.9026 0.0000e+00
     10.345      0.148     0.1054      0.909    164.317 111.376643     1.6136      6.390   187.6784 1.2308e-01     1.4937     10.155     14.727     8.8674   999.9050 0.0000e+00
     10.355      0.092     0.1014      0.875    163.091 110.595594     1.6037      6.392   186.9112 1.2304e-01     1.4640     10.156     14.730     8.8463   999.9059 0.0000e+00
     10.357      0.052     0.0980      0.846    161.613 109.647209     1.6041      6.394   185.9997 1.2310e-01     1.4836     10.155     14.729     8.8488   999.9045 0.0000e+00
     10.360      0.037     0.0967      0.835    160.833 109.147260     1.6091      6.395   185.5187 1.2315e-01     1.5015     10.160     14.735     8.8714   999.9022 0.0000e+00
     10.367 -9.990e-29 -9.990e-29 -9.990e-29 -9.990e-29 -9.990e-29 -9.990e-29 -9.990e-29 -9.990e-29 1.2316e-01 -9.990e-29     10.167     14.746     8.8911   999.9006 0.0000e+00
     10.374 -9.990e-29 -9.990e-29 -9.990e-29 -9.990e-29 -9.990e-29 -9.990e-29 -9.990e-29 -9.990e-29 1.2318e-01 -9.990e-29     10.175     14.757     8.9018   999.8994 0.0000e+00
     10.379 -9.990e-29 -9.990e-29 -9.990e-29 -9.990e-29 -9.990e-29 -9.990e-29 -9.990e-29 -9.990e-29 1.2317e-01 -9.990e-29     10.179     14.763     8.9217   999.8972 0.0000e+00
     10.380 -9.990e-29 -9.990e-29 -9.990e-29 -9.990e-29 -9.990e-29 -9.990e-29 -9.990e-29 -9.990e-29 1.2315e-01 -9.990e-29     10.181     14.765     8.9408   999.8953 0.0000e+00
